Daily High Low and Closing Share Prices - 2010,,,,,,,,,,
Day,Date High,High,Date Low,Low,Closing,No. of Trades,No. of Shares,Turnover,Last Traded,Days Traded
Company Id :  AAIC,,Security Type :  N,,Sub Type :  0000,,,,,,
Short Name :  ASIAN ALLIANCE,,,,,,,,,,
Day,Date High,High,Date Low,Low,Closing,No. of Trades,No. of Shares,Turnover,Last Traded,Days Traded
2010-01-04 00:00:00,2010-01-04 00:00:00,55.75,2010-01-04 00:00:00,55.75,55.75,2,500,27875,2010-01-04 00:00:00,1
2010-01-05 00:00:00,2010-01-05 00:00:00,57,2010-01-05 00:00:00,57,57,1,100,5700,2010-01-05 00:00:00,1
2010-01-07 00:00:00,2010-01-07 00:00:00,55,2010-01-07 00:00:00,51.5,54.25,11,4500,241125,2010-01-07 00:00:00,1
2010-01-08 00:00:00,2010-01-08 00:00:00,56,2010-01-08 00:00:00,56,56,1,100,5600,2010-01-08 00:00:00,1
2010-01-11 00:00:00,2010-01-11 00:00:00,56,2010-01-11 00:00:00,56,56,2,200,11200,2010-01-11 00:00:00,1
2010-01-12 00:00:00,2010-01-12 00:00:00,54.75,2010-01-12 00:00:00,54.75,54.75,1,500,27375,2010-01-12 00:00:00,1
2010-01-13 00:00:00,2010-01-13 00:00:00,54.75,2010-01-13 00:00:00,52,54.25,10,2300,122275,2010-01-13 00:00:00,1
2010-01-15 00:00:00,2010-01-15 00:00:00,52.75,2010-01-15 00:00:00,52.25,52.75,2,2600,136900,2010-01-15 00:00:00,1
2010-01-18 00:00:00,2010-01-18 00:00:00,53.25,2010-01-18 00:00:00,52.75,53.25,5,600,31700,2010-01-18 00:00:00,1
2010-01-19 00:00:00,2010-01-19 00:00:00,52.75,2010-01-19 00:00:00,52,52,7,3600,188450,2010-01-19 00:00:00,1
2010-01-20 00:00:00,2010-01-20 00:00:00,56.5,2010-01-20 00:00:00,52,56.5,2,500,26900,2010-01-20 00:00:00,1
2010-01-22 00:00:00,2010-01-22 00:00:00,52,2010-01-22 00:00:00,52,52,1,5000,260000,2010-01-22 00:00:00,1
2010-01-25 00:00:00,2010-01-25 00:00:00,52.25,2010-01-25 00:00:00,52.25,52.25,1,500,26125,2010-01-25 00:00:00,1
2010-01-26 00:00:00,2010-01-26 00:00:00,55,2010-01-26 00:00:00,55,55,1,100,5500,2010-01-26 00:00:00,1
2010-01-28 00:00:00,2010-01-28 00:00:00,58,2010-01-28 00:00:00,52,57.25,6,2000,114200,2010-01-28 00:00:00,1
2010-02-01 00:00:00,2010-02-01 00:00:00,60,2010-02-01 00:00:00,59.25,59.5,2,300,17850,2010-02-01 00:00:00,1
2010-02-03 00:00:00,2010-02-03 00:00:00,57,2010-02-03 00:00:00,53.5,55,9,3200,175000,2010-02-03 00:00:00,1
2010-02-05 00:00:00,2010-02-05 00:00:00,55,2010-02-05 00:00:00,55,55,1,1000,55000,2010-02-05 00:00:00,1
2010-02-08 00:00:00,2010-02-08 00:00:00,57,2010-02-08 00:00:00,57,57,1,100,5700,2010-02-08 00:00:00,1
2010-02-11 00:00:00,2010-02-11 00:00:00,56,2010-02-11 00:00:00,52.25,52.25,2,1500,78750,2010-02-11 00:00:00,1
2010-02-12 00:00:00,2010-02-12 00:00:00,58,2010-02-12 00:00:00,56,57,4,800,45600,2010-02-12 00:00:00,1
2010-02-15 00:00:00,2010-02-15 00:00:00,60,2010-02-15 00:00:00,58,58,6,1700,99500,2010-02-15 00:00:00,1
2010-02-16 00:00:00,2010-02-16 00:00:00,58,2010-02-16 00:00:00,54,54.25,3,1100,59800,2010-02-16 00:00:00,1
2010-02-17 00:00:00,2010-02-17 00:00:00,60,2010-02-17 00:00:00,57.5,58,9,4100,238950,2010-02-17 00:00:00,1
2010-02-18 00:00:00,2010-02-18 00:00:00,60,2010-02-18 00:00:00,59.5,59.75,2,200,11950,2010-02-18 00:00:00,1
2010-02-19 00:00:00,2010-02-19 00:00:00,55,2010-02-19 00:00:00,55,55,3,301600,16588000,2010-02-19 00:00:00,1
2010-02-22 00:00:00,2010-02-22 00:00:00,60,2010-02-22 00:00:00,60,60,1,100,6000,2010-02-22 00:00:00,1
2010-02-23 00:00:00,2010-02-23 00:00:00,60,2010-02-23 00:00:00,59.25,60,13,3800,226625,2010-02-23 00:00:00,1
2010-02-24 00:00:00,2010-02-24 00:00:00,60,2010-02-24 00:00:00,60,60,3,1700,102000,2010-02-24 00:00:00,1
2010-02-25 00:00:00,2010-02-25 00:00:00,60,2010-02-25 00:00:00,60,60,5,3200,192000,2010-02-25 00:00:00,1
2010-02-26 00:00:00,2010-02-26 00:00:00,64.5,2010-02-26 00:00:00,60,63.5,4,1500,95400,2010-02-26 00:00:00,1
2010-03-02 00:00:00,2010-03-02 00:00:00,62.5,2010-03-02 00:00:00,62.5,62.5,3,2100,131250,2010-03-02 00:00:00,1
2010-03-03 00:00:00,2010-03-03 00:00:00,63.5,2010-03-03 00:00:00,62.5,63.5,5,600,37700,2010-03-03 00:00:00,1
2010-03-04 00:00:00,2010-03-04 00:00:00,60,2010-03-04 00:00:00,50,57.5,62,4934900,247123100,2010-03-04 00:00:00,1
2010-03-05 00:00:00,2010-03-05 00:00:00,61,2010-03-05 00:00:00,59,59,15,10900,656225,2010-03-05 00:00:00,1
2010-03-15 00:00:00,2010-03-15 00:00:00,57,2010-03-15 00:00:00,57,57,3,900,51300,2010-03-15 00:00:00,1
2010-03-17 00:00:00,2010-03-17 00:00:00,52.75,2010-03-17 00:00:00,52.5,52.5,3,600,31525,2010-03-17 00:00:00,1
2010-03-18 00:00:00,2010-03-18 00:00:00,58,2010-03-18 00:00:00,53.25,57.75,6,1300,70550,2010-03-18 00:00:00,1
2010-03-25 00:00:00,2010-03-25 00:00:00,60.5,2010-03-25 00:00:00,56,58.75,8,2700,158650,2010-03-25 00:00:00,1
2010-03-26 00:00:00,2010-03-26 00:00:00,60,2010-03-26 00:00:00,58,58,8,2500,149525,2010-03-26 00:00:00,1
2010-03-30 00:00:00,2010-03-30 00:00:00,55.25,2010-03-30 00:00:00,55.25,55.25,1,100,5525,2010-03-30 00:00:00,1
2010-04-01 00:00:00,2010-04-01 00:00:00,59.75,2010-04-01 00:00:00,57.75,58.25,6,1600,94525,2010-04-01 00:00:00,1
2010-04-05 00:00:00,2010-04-05 00:00:00,55.25,2010-04-05 00:00:00,55,55,4,900,49550,2010-04-05 00:00:00,1
2010-04-06 00:00:00,2010-04-06 00:00:00,58.75,2010-04-06 00:00:00,58,58.75,3,5800,340325,2010-04-06 00:00:00,1
2010-04-22 00:00:00,2010-04-22 00:00:00,56.5,2010-04-22 00:00:00,56.25,56.25,2,2000,112525,2010-04-22 00:00:00,1
2010-04-23 00:00:00,2010-04-23 00:00:00,62,2010-04-23 00:00:00,56.25,61.75,20,21900,1322850,2010-04-23 00:00:00,1
2010-04-26 00:00:00,2010-04-26 00:00:00,61.25,2010-04-26 00:00:00,61.25,61.25,1,100,6125,2010-04-26 00:00:00,1
2010-05-03 00:00:00,2010-05-03 00:00:00,60.5,2010-05-03 00:00:00,56,57.25,10,6000,346450,2010-05-03 00:00:00,1
2010-05-06 00:00:00,2010-05-06 00:00:00,60,2010-05-06 00:00:00,59.5,60,3,5100,305950,2010-05-06 00:00:00,1
2010-05-10 00:00:00,2010-05-10 00:00:00,59,2010-05-10 00:00:00,59,59,2,300,17700,2010-05-10 00:00:00,1
2010-05-11 00:00:00,2010-05-11 00:00:00,60,2010-05-11 00:00:00,59.5,59.75,5,4400,263925,2010-05-11 00:00:00,1
2010-05-12 00:00:00,2010-05-12 00:00:00,58,2010-05-12 00:00:00,58,58,1,900,52200,2010-05-12 00:00:00,1
2010-05-14 00:00:00,2010-05-14 00:00:00,59,2010-05-14 00:00:00,58.75,58.75,3,1300,76400,2010-05-14 00:00:00,1
2010-05-21 00:00:00,2010-05-21 00:00:00,53.25,2010-05-21 00:00:00,53.25,53.25,1,100,5325,2010-05-21 00:00:00,1
2010-05-31 00:00:00,2010-05-31 00:00:00,59,2010-05-31 00:00:00,58.5,59,2,300,17600,2010-05-31 00:00:00,1
2010-06-03 00:00:00,2010-06-03 00:00:00,60,2010-06-03 00:00:00,55,56,2,500,28000,2010-06-03 00:00:00,1
2010-06-07 00:00:00,2010-06-07 00:00:00,60,2010-06-07 00:00:00,58,58,8,11600,684750,2010-06-07 00:00:00,1
2010-06-08 00:00:00,2010-06-08 00:00:00,63,2010-06-08 00:00:00,58,60.75,75,46100,2795200,2010-06-08 00:00:00,1
2010-06-09 00:00:00,2010-06-09 00:00:00,68,2010-06-09 00:00:00,61.75,67,182,521100,33046650,2010-06-09 00:00:00,1
2010-06-10 00:00:00,2010-06-10 00:00:00,70,2010-06-10 00:00:00,67,70,44,35500,2458550,2010-06-10 00:00:00,1
2010-06-11 00:00:00,2010-06-11 00:00:00,70,2010-06-11 00:00:00,65,65,9,3100,209075,2010-06-11 00:00:00,1
2010-06-14 00:00:00,2010-06-14 00:00:00,68.75,2010-06-14 00:00:00,64,64,7,3900,255200,2010-06-14 00:00:00,1
2010-06-15 00:00:00,2010-06-15 00:00:00,64,2010-06-15 00:00:00,63,63.25,11,6900,438800,2010-06-15 00:00:00,1
2010-06-16 00:00:00,2010-06-16 00:00:00,65,2010-06-16 00:00:00,64.75,65,3,2500,162375,2010-06-16 00:00:00,1
2010-06-17 00:00:00,2010-06-17 00:00:00,64.75,2010-06-17 00:00:00,62,64.5,9,13500,871100,2010-06-17 00:00:00,1
2010-06-21 00:00:00,2010-06-21 00:00:00,67,2010-06-21 00:00:00,62.5,66,3,2800,184700,2010-06-21 00:00:00,1
2010-06-22 00:00:00,2010-06-22 00:00:00,64.75,2010-06-22 00:00:00,64.75,64.75,1,2000,129500,2010-06-22 00:00:00,1
2010-06-23 00:00:00,2010-06-23 00:00:00,66.5,2010-06-23 00:00:00,57.75,61.25,13,7400,470100,2010-06-23 00:00:00,1
2010-06-24 00:00:00,2010-06-24 00:00:00,60,2010-06-24 00:00:00,58,60,2,2100,125800,2010-06-24 00:00:00,1
2010-06-29 00:00:00,2010-06-29 00:00:00,66.25,2010-06-29 00:00:00,58.5,59.25,11,7100,424950,2010-06-29 00:00:00,1
2010-07-02 00:00:00,2010-07-02 00:00:00,58,2010-07-02 00:00:00,58,58,2,2000,116000,2010-07-02 00:00:00,1
2010-07-05 00:00:00,2010-07-05 00:00:00,58,2010-07-05 00:00:00,58,58,4,1000,58000,2010-07-05 00:00:00,1
2010-07-06 00:00:00,2010-07-06 00:00:00,59.75,2010-07-06 00:00:00,56,58.75,13,8600,493450,2010-07-06 00:00:00,1
2010-07-07 00:00:00,2010-07-07 00:00:00,61,2010-07-07 00:00:00,57.5,57.5,5,9100,543500,2010-07-07 00:00:00,1
2010-07-09 00:00:00,2010-07-09 00:00:00,60,2010-07-09 00:00:00,60,60,9,4300,258000,2010-07-09 00:00:00,1
2010-07-12 00:00:00,2010-07-12 00:00:00,60,2010-07-12 00:00:00,59,59,2,2000,119000,2010-07-12 00:00:00,1
2010-07-13 00:00:00,2010-07-13 00:00:00,59,2010-07-13 00:00:00,59,59,3,2200,129800,2010-07-13 00:00:00,1
2010-07-14 00:00:00,2010-07-14 00:00:00,64,2010-07-14 00:00:00,61,61.25,7,1400,85900,2010-07-14 00:00:00,1
2010-07-15 00:00:00,2010-07-15 00:00:00,61,2010-07-15 00:00:00,59,59,6,3400,201100,2010-07-15 00:00:00,1
2010-07-16 00:00:00,2010-07-16 00:00:00,59,2010-07-16 00:00:00,59,59,2,1300,76700,2010-07-16 00:00:00,1
2010-07-19 00:00:00,2010-07-19 00:00:00,59,2010-07-19 00:00:00,58.5,58.5,5,2000,117500,2010-07-19 00:00:00,1
2010-07-21 00:00:00,2010-07-21 00:00:00,59,2010-07-21 00:00:00,59,59,1,2000,118000,2010-07-21 00:00:00,1
2010-07-22 00:00:00,2010-07-22 00:00:00,59,2010-07-22 00:00:00,59,59,3,2600,153400,2010-07-22 00:00:00,1
2010-07-23 00:00:00,2010-07-23 00:00:00,60,2010-07-23 00:00:00,59,59.25,3,500,29600,2010-07-23 00:00:00,1
2010-07-28 00:00:00,2010-07-28 00:00:00,62,2010-07-28 00:00:00,60,60,2,1100,66200,2010-07-28 00:00:00,1
2010-07-29 00:00:00,2010-07-29 00:00:00,64,2010-07-29 00:00:00,62,62,6,1400,87000,2010-07-29 00:00:00,1
2010-07-30 00:00:00,2010-07-30 00:00:00,62,2010-07-30 00:00:00,62,62,2,1500,93000,2010-07-30 00:00:00,1
2010-08-02 00:00:00,2010-08-02 00:00:00,60.5,2010-08-02 00:00:00,60.1,60.1,2,900,54130,2010-08-02 00:00:00,1
2010-08-03 00:00:00,2010-08-03 00:00:00,60.2,2010-08-03 00:00:00,60.1,60.2,5,9700,583470,2010-08-03 00:00:00,1
2010-08-04 00:00:00,2010-08-04 00:00:00,64.8,2010-08-04 00:00:00,60.2,60.3,2,4100,247280,2010-08-04 00:00:00,1
2010-08-05 00:00:00,2010-08-05 00:00:00,60.2,2010-08-05 00:00:00,60.2,60.2,4,5000,301000,2010-08-05 00:00:00,1
2010-08-09 00:00:00,2010-08-09 00:00:00,56,2010-08-09 00:00:00,54.5,55.5,7,3400,187650,2010-08-09 00:00:00,1
2010-08-16 00:00:00,2010-08-16 00:00:00,55.5,2010-08-16 00:00:00,55.5,55.5,3,8400,466200,2010-08-16 00:00:00,1
2010-08-17 00:00:00,2010-08-17 00:00:00,56,2010-08-17 00:00:00,56,56,1,800,44800,2010-08-17 00:00:00,1
2010-08-18 00:00:00,2010-08-18 00:00:00,60,2010-08-18 00:00:00,60,60,2,200,12000,2010-08-18 00:00:00,1
2010-08-20 00:00:00,2010-08-20 00:00:00,65,2010-08-20 00:00:00,55.1,62.4,26,6019400,343213990,2010-08-20 00:00:00,1
2010-08-23 00:00:00,2010-08-23 00:00:00,65.9,2010-08-23 00:00:00,57,65.7,15,1307300,74576830,2010-08-23 00:00:00,1
2010-08-25 00:00:00,2010-08-25 00:00:00,67.6,2010-08-25 00:00:00,65.9,66.3,17,21000,1389230,2010-08-25 00:00:00,1
2010-08-26 00:00:00,2010-08-26 00:00:00,67.4,2010-08-26 00:00:00,67.4,67.4,1,100,6740,2010-08-26 00:00:00,1
2010-08-27 00:00:00,2010-08-27 00:00:00,67.4,2010-08-27 00:00:00,67.4,67.4,1,100,6740,2010-08-27 00:00:00,1
2010-08-30 00:00:00,2010-08-30 00:00:00,66.5,2010-08-30 00:00:00,66,66,3,3100,204650,2010-08-30 00:00:00,1
2010-09-01 00:00:00,2010-09-01 00:00:00,62,2010-09-01 00:00:00,62,62,1,1000,62000,2010-09-01 00:00:00,1
2010-09-02 00:00:00,2010-09-02 00:00:00,66,2010-09-02 00:00:00,62,63.4,12,18500,1172350,2010-09-02 00:00:00,1
2010-09-06 00:00:00,2010-09-06 00:00:00,63,2010-09-06 00:00:00,62.2,63,8,3900,244600,2010-09-06 00:00:00,1
2010-09-07 00:00:00,2010-09-07 00:00:00,62,2010-09-07 00:00:00,62,62,2,31500,1953000,2010-09-07 00:00:00,1
2010-09-08 00:00:00,2010-09-08 00:00:00,63,2010-09-08 00:00:00,62,62.6,14,10900,681900,2010-09-08 00:00:00,1
2010-09-09 00:00:00,2010-09-09 00:00:00,65,2010-09-09 00:00:00,60,64.6,8,2200,140700,2010-09-09 00:00:00,1
2010-09-13 00:00:00,2010-09-13 00:00:00,62.5,2010-09-13 00:00:00,62,62.1,5,1800,111730,2010-09-13 00:00:00,1
2010-09-14 00:00:00,2010-09-14 00:00:00,67,2010-09-14 00:00:00,67,67,1,300,20100,2010-09-14 00:00:00,1
2010-09-15 00:00:00,2010-09-15 00:00:00,67.5,2010-09-15 00:00:00,66.9,67,12,15700,1051890,2010-09-15 00:00:00,1
2010-09-16 00:00:00,2010-09-16 00:00:00,67.5,2010-09-16 00:00:00,66,66.9,16,15500,1036750,2010-09-16 00:00:00,1
2010-09-17 00:00:00,2010-09-17 00:00:00,67.5,2010-09-17 00:00:00,67.5,67.5,1,500,33750,2010-09-17 00:00:00,1
2010-09-20 00:00:00,2010-09-20 00:00:00,67.5,2010-09-20 00:00:00,66.5,66.5,3,1600,106500,2010-09-20 00:00:00,1
2010-09-21 00:00:00,2010-09-21 00:00:00,83,2010-09-21 00:00:00,66.5,80.5,167,225700,17752380,2010-09-21 00:00:00,1
2010-09-23 00:00:00,2010-09-23 00:00:00,95,2010-09-23 00:00:00,81,81.8,171,132800,11753580,2010-09-23 00:00:00,1
2010-09-24 00:00:00,2010-09-24 00:00:00,82,2010-09-24 00:00:00,75,79.2,8,10600,863800,2010-09-24 00:00:00,1
2010-09-27 00:00:00,2010-09-27 00:00:00,86,2010-09-27 00:00:00,75,76,38,16600,1308940,2010-09-27 00:00:00,1
2010-09-28 00:00:00,2010-09-28 00:00:00,78,2010-09-28 00:00:00,75,75,3,1100,82800,2010-09-28 00:00:00,1
2010-09-29 00:00:00,2010-09-29 00:00:00,72.2,2010-09-29 00:00:00,72,72,4,2800,202090,2010-09-29 00:00:00,1
2010-09-30 00:00:00,2010-09-30 00:00:00,84,2010-09-30 00:00:00,70,77.2,198,100000,7869080,2010-09-30 00:00:00,1
2010-10-01 00:00:00,2010-10-01 00:00:00,80,2010-10-01 00:00:00,74.5,74.8,59,23300,1818670,2010-10-01 00:00:00,1
2010-10-04 00:00:00,2010-10-04 00:00:00,76,2010-10-04 00:00:00,72.5,74.3,19,4100,304610,2010-10-04 00:00:00,1
2010-10-05 00:00:00,2010-10-05 00:00:00,72.7,2010-10-05 00:00:00,65.4,68.5,18,4400,317520,2010-10-05 00:00:00,1
2010-10-06 00:00:00,2010-10-06 00:00:00,71.9,2010-10-06 00:00:00,69.9,70,52,110600,7742200,2010-10-06 00:00:00,1
2010-10-07 00:00:00,2010-10-07 00:00:00,72,2010-10-07 00:00:00,70,72,9,19100,1339000,2010-10-07 00:00:00,1
2010-10-08 00:00:00,2010-10-08 00:00:00,74,2010-10-08 00:00:00,70,70,22,31200,2185320,2010-10-08 00:00:00,1
2010-10-11 00:00:00,2010-10-11 00:00:00,70,2010-10-11 00:00:00,70,70,7,10500,735000,2010-10-11 00:00:00,1
2010-10-12 00:00:00,2010-10-12 00:00:00,70.1,2010-10-12 00:00:00,70,70,27,45400,3178010,2010-10-12 00:00:00,1
2010-10-13 00:00:00,2010-10-13 00:00:00,71.9,2010-10-13 00:00:00,67,70,40,44500,3112190,2010-10-13 00:00:00,1
2010-10-14 00:00:00,2010-10-14 00:00:00,70,2010-10-14 00:00:00,70,70,2,600,42000,2010-10-14 00:00:00,1
2010-10-15 00:00:00,2010-10-15 00:00:00,72,2010-10-15 00:00:00,70,70,9,7400,518600,2010-10-15 00:00:00,1
2010-10-18 00:00:00,2010-10-18 00:00:00,70,2010-10-18 00:00:00,70,70,8,9500,665000,2010-10-18 00:00:00,1
2010-10-19 00:00:00,2010-10-19 00:00:00,70,2010-10-19 00:00:00,70,70,9,36500,2555000,2010-10-19 00:00:00,1
2010-10-20 00:00:00,2010-10-20 00:00:00,72.5,2010-10-20 00:00:00,70,70,6,1500,106000,2010-10-20 00:00:00,1
2010-10-21 00:00:00,2010-10-21 00:00:00,70,2010-10-21 00:00:00,70,70,6,2100,147000,2010-10-21 00:00:00,1
2010-10-25 00:00:00,2010-10-25 00:00:00,73.5,2010-10-25 00:00:00,70,72.3,7,1600,113610,2010-10-25 00:00:00,1
2010-10-26 00:00:00,2010-10-26 00:00:00,73.5,2010-10-26 00:00:00,70,70.1,7,4100,287430,2010-10-26 00:00:00,1
2010-10-27 00:00:00,2010-10-27 00:00:00,70.2,2010-10-27 00:00:00,70,70.1,6,10200,715020,2010-10-27 00:00:00,1
2010-10-28 00:00:00,2010-10-28 00:00:00,70.2,2010-10-28 00:00:00,70.1,70.1,5,2600,182280,2010-10-28 00:00:00,1
2010-10-29 00:00:00,2010-10-29 00:00:00,70,2010-10-29 00:00:00,70,70,1,1000,70000,2010-10-29 00:00:00,1
2010-11-01 00:00:00,2010-11-01 00:00:00,71,2010-11-01 00:00:00,70,71,2,600,42100,2010-11-01 00:00:00,1
2010-11-02 00:00:00,2010-11-02 00:00:00,71.6,2010-11-02 00:00:00,71,71.4,2,700,50000,2010-11-02 00:00:00,1
2010-11-03 00:00:00,2010-11-03 00:00:00,70,2010-11-03 00:00:00,70,70,5,4200,294000,2010-11-03 00:00:00,1
2010-11-04 00:00:00,2010-11-04 00:00:00,71,2010-11-04 00:00:00,60.5,65.5,12,4600,301320,2010-11-04 00:00:00,1
2010-11-09 00:00:00,2010-11-09 00:00:00,69.5,2010-11-09 00:00:00,69.5,69.5,1,100,6950,2010-11-09 00:00:00,1
2010-11-11 00:00:00,2010-11-11 00:00:00,73,2010-11-11 00:00:00,65.1,71.1,15,7900,554330,2010-11-11 00:00:00,1
2010-11-12 00:00:00,2010-11-12 00:00:00,70,2010-11-12 00:00:00,70,70,7,3900,273000,2010-11-12 00:00:00,1
2010-11-15 00:00:00,2010-11-15 00:00:00,70,2010-11-15 00:00:00,69,70,6,5600,391800,2010-11-15 00:00:00,1
2010-11-16 00:00:00,2010-11-16 00:00:00,70,2010-11-16 00:00:00,70,70,11,5500,385000,2010-11-16 00:00:00,1
2010-11-18 00:00:00,2010-11-18 00:00:00,70.1,2010-11-18 00:00:00,70,70,2,1600,112010,2010-11-18 00:00:00,1
2010-11-22 00:00:00,2010-11-22 00:00:00,72,2010-11-22 00:00:00,70.4,72,7,1900,135820,2010-11-22 00:00:00,1
2010-11-23 00:00:00,2010-11-23 00:00:00,72,2010-11-23 00:00:00,65.5,66.5,3,400,27050,2010-11-23 00:00:00,1
2010-11-25 00:00:00,2010-11-25 00:00:00,65,2010-11-25 00:00:00,65,65,2,300,19500,2010-11-25 00:00:00,1
2010-11-26 00:00:00,2010-11-26 00:00:00,66,2010-11-26 00:00:00,62.1,63.6,11,3500,219810,2010-11-26 00:00:00,1
2010-11-30 00:00:00,2010-11-30 00:00:00,70,2010-11-30 00:00:00,65,65,13,3700,255300,2010-11-30 00:00:00,1
2010-12-01 00:00:00,2010-12-01 00:00:00,72,2010-12-01 00:00:00,69.9,70,16,5700,400380,2010-12-01 00:00:00,1
2010-12-02 00:00:00,2010-12-02 00:00:00,73,2010-12-02 00:00:00,70,70,11,3000,211690,2010-12-02 00:00:00,1
2010-12-03 00:00:00,2010-12-03 00:00:00,70,2010-12-03 00:00:00,70,70,3,1400,98000,2010-12-03 00:00:00,1
2010-12-06 00:00:00,2010-12-06 00:00:00,70,2010-12-06 00:00:00,70,70,11,20000,1400000,2010-12-06 00:00:00,1
2010-12-07 00:00:00,2010-12-07 00:00:00,70,2010-12-07 00:00:00,69.9,70,5,2300,160980,2010-12-07 00:00:00,1
2010-12-08 00:00:00,2010-12-08 00:00:00,70,2010-12-08 00:00:00,70,70,4,1000,70000,2010-12-08 00:00:00,1
2010-12-09 00:00:00,2010-12-09 00:00:00,70,2010-12-09 00:00:00,70,70,4,2100,147000,2010-12-09 00:00:00,1
2010-12-10 00:00:00,2010-12-10 00:00:00,70.9,2010-12-10 00:00:00,70,70.1,6,7100,499710,2010-12-10 00:00:00,1
2010-12-13 00:00:00,2010-12-13 00:00:00,70,2010-12-13 00:00:00,70,70,1,1000,70000,2010-12-13 00:00:00,1
2010-12-14 00:00:00,2010-12-14 00:00:00,70.5,2010-12-14 00:00:00,65.2,70.1,17,6200,432660,2010-12-14 00:00:00,1
2010-12-15 00:00:00,2010-12-15 00:00:00,70,2010-12-15 00:00:00,70,70,13,8600,602000,2010-12-15 00:00:00,1
2010-12-16 00:00:00,2010-12-16 00:00:00,76,2010-12-16 00:00:00,70,73.7,14,4900,352000,2010-12-16 00:00:00,1
2010-12-21 00:00:00,2010-12-21 00:00:00,70.2,2010-12-21 00:00:00,70,70.1,2,500,35040,2010-12-21 00:00:00,1
2010-12-22 00:00:00,2010-12-22 00:00:00,74,2010-12-22 00:00:00,70.9,72,4,700,50380,2010-12-22 00:00:00,1
2010-12-23 00:00:00,2010-12-23 00:00:00,75,2010-12-23 00:00:00,74.8,75,5,800,59980,2010-12-23 00:00:00,1
2010-12-24 00:00:00,2010-12-24 00:00:00,75,2010-12-24 00:00:00,73,75,3,3400,254800,2010-12-24 00:00:00,1
2010-12-27 00:00:00,2010-12-27 00:00:00,76.9,2010-12-27 00:00:00,74,74.2,6,6400,479880,2010-12-27 00:00:00,1
2010-12-28 00:00:00,2010-12-28 00:00:00,74.5,2010-12-28 00:00:00,72,72,2,300,21850,2010-12-28 00:00:00,1
2010-12-29 00:00:00,2010-12-29 00:00:00,76.6,2010-12-29 00:00:00,75,76.5,21,8000,601480,2010-12-29 00:00:00,1
2010-12-30 00:00:00,2010-12-30 00:00:00,80,2010-12-30 00:00:00,72,79,34,28400,2240610,2010-12-30 00:00:00,1
2010-12-31 00:00:00,2010-12-31 00:00:00,80.5,2010-12-31 00:00:00,73.2,80.2,9,2300,183030,2010-12-31 00:00:00,1
Company Id :  AAIC,,Security Type :  R,,Sub Type :  0000,,,,,,
Short Name :  ASIAN ALLIANCE,,,,,,,,,,
Day,Date High,High,Date Low,Low,Closing,No. of Trades,No. of Shares,Turnover,Last Traded,Days Traded
2010-12-07 00:00:00,2010-12-07 00:00:00,24,2010-12-07 00:00:00,9.5,10.3,35,14800,154280,2010-12-07 00:00:00,1
2010-12-08 00:00:00,2010-12-08 00:00:00,10,2010-12-08 00:00:00,8,8,12,4000,34860,2010-12-08 00:00:00,1
2010-12-09 00:00:00,2010-12-09 00:00:00,7.5,2010-12-09 00:00:00,4.7,5.8,43,17600,96200,2010-12-09 00:00:00,1
2010-12-10 00:00:00,2010-12-10 00:00:00,11.1,2010-12-10 00:00:00,4.8,10,88,9128900,91242640,2010-12-10 00:00:00,1
2010-12-13 00:00:00,2010-12-13 00:00:00,10,2010-12-13 00:00:00,7.1,7.5,14,3300,25420,2010-12-13 00:00:00,1
2010-12-14 00:00:00,2010-12-14 00:00:00,10,2010-12-14 00:00:00,6,6.9,59,25200,182310,2010-12-14 00:00:00,1
Company Id :  ABAN,,Security Type :  N,,Sub Type :  0000,,,,,,
Short Name :  ABANS,,,,,,,,,,
Day,Date High,High,Date Low,Low,Closing,No. of Trades,No. of Shares,Turnover,Last Traded,Days Traded
2010-01-04 00:00:00,2010-01-04 00:00:00,102,2010-01-04 00:00:00,100,100,3,400,40250,2010-01-04 00:00:00,1
2010-01-05 00:00:00,2010-01-05 00:00:00,100,2010-01-05 00:00:00,100,100,2,500,50000,2010-01-05 00:00:00,1
2010-01-06 00:00:00,2010-01-06 00:00:00,100,2010-01-06 00:00:00,100,100,5,700,70000,2010-01-06 00:00:00,1
2010-01-07 00:00:00,2010-01-07 00:00:00,100,2010-01-07 00:00:00,100,100,19,4500,450000,2010-01-07 00:00:00,1
2010-01-08 00:00:00,2010-01-08 00:00:00,107.25,2010-01-08 00:00:00,100,107.25,8,2200,222050,2010-01-08 00:00:00,1
2010-01-11 00:00:00,2010-01-11 00:00:00,108,2010-01-11 00:00:00,105,105,4,500,53700,2010-01-11 00:00:00,1
2010-01-12 00:00:00,2010-01-12 00:00:00,113,2010-01-12 00:00:00,105,110,9,6500,716200,2010-01-12 00:00:00,1
2010-01-13 00:00:00,2010-01-13 00:00:00,110,2010-01-13 00:00:00,110,110,1,100,11000,2010-01-13 00:00:00,1
2010-01-15 00:00:00,2010-01-15 00:00:00,110,2010-01-15 00:00:00,105,105,3,400,42975,2010-01-15 00:00:00,1
2010-01-19 00:00:00,2010-01-19 00:00:00,102.25,2010-01-19 00:00:00,102,102,2,200,20425,2010-01-19 00:00:00,1
2010-01-20 00:00:00,2010-01-20 00:00:00,108,2010-01-20 00:00:00,100,102.25,8,900,92500,2010-01-20 00:00:00,1
2010-01-21 00:00:00,2010-01-21 00:00:00,105,2010-01-21 00:00:00,105,105,2,800,84000,2010-01-21 00:00:00,1
2010-01-26 00:00:00,2010-01-26 00:00:00,95.75,2010-01-26 00:00:00,95.75,95.75,1,100,9575,2010-01-26 00:00:00,1
2010-01-28 00:00:00,2010-01-28 00:00:00,103.25,2010-01-28 00:00:00,100,101,9,3600,361950,2010-01-28 00:00:00,1
2010-02-02 00:00:00,2010-02-02 00:00:00,100,2010-02-02 00:00:00,100,100,4,5000,500000,2010-02-02 00:00:00,1
2010-02-03 00:00:00,2010-02-03 00:00:00,108.75,2010-02-03 00:00:00,100,105.25,10,5800,588900,2010-02-03 00:00:00,1
2010-02-05 00:00:00,2010-02-05 00:00:00,105,2010-02-05 00:00:00,105,105,3,35200,3696000,2010-02-05 00:00:00,1
2010-02-08 00:00:00,2010-02-08 00:00:00,120,2010-02-08 00:00:00,105,118.25,23,10600,1174025,2010-02-08 00:00:00,1
2010-02-09 00:00:00,2010-02-09 00:00:00,140,2010-02-09 00:00:00,119,131.75,46,46600,6101500,2010-02-09 00:00:00,1
2010-02-10 00:00:00,2010-02-10 00:00:00,140,2010-02-10 00:00:00,130,135.5,16,13500,1877450,2010-02-10 00:00:00,1
2010-02-11 00:00:00,2010-02-11 00:00:00,130,2010-02-11 00:00:00,125,125.5,9,2900,369500,2010-02-11 00:00:00,1
2010-02-12 00:00:00,2010-02-12 00:00:00,115,2010-02-12 00:00:00,115,115,4,1300,149500,2010-02-12 00:00:00,1
2010-02-15 00:00:00,2010-02-15 00:00:00,135,2010-02-15 00:00:00,124,133,8,2200,279900,2010-02-15 00:00:00,1
2010-02-16 00:00:00,2010-02-16 00:00:00,130,2010-02-16 00:00:00,130,130,9,2400,312000,2010-02-16 00:00:00,1
2010-02-17 00:00:00,2010-02-17 00:00:00,140,2010-02-17 00:00:00,130,138,34,9400,1284300,2010-02-17 00:00:00,1
2010-02-18 00:00:00,2010-02-18 00:00:00,150,2010-02-18 00:00:00,139,143.5,82,38500,5541025,2010-02-18 00:00:00,1
2010-02-19 00:00:00,2010-02-19 00:00:00,148.75,2010-02-19 00:00:00,142,142.5,13,14500,2063250,2010-02-19 00:00:00,1
2010-02-22 00:00:00,2010-02-22 00:00:00,147,2010-02-22 00:00:00,142.5,145,7,5600,806550,2010-02-22 00:00:00,1
2010-02-23 00:00:00,2010-02-23 00:00:00,143.5,2010-02-23 00:00:00,143.5,143.5,7,14200,2037700,2010-02-23 00:00:00,1
2010-02-24 00:00:00,2010-02-24 00:00:00,145,2010-02-24 00:00:00,143.5,143.5,5,700,100950,2010-02-24 00:00:00,1
2010-02-25 00:00:00,2010-02-25 00:00:00,143,2010-02-25 00:00:00,143,143,1,300,42900,2010-02-25 00:00:00,1
2010-03-01 00:00:00,2010-03-01 00:00:00,144,2010-03-01 00:00:00,144,144,3,700,100800,2010-03-01 00:00:00,1
2010-03-02 00:00:00,2010-03-02 00:00:00,145.5,2010-03-02 00:00:00,144,145,11,4600,666950,2010-03-02 00:00:00,1
2010-03-08 00:00:00,2010-03-08 00:00:00,140,2010-03-08 00:00:00,140,140,2,1000,140000,2010-03-08 00:00:00,1
2010-03-10 00:00:00,2010-03-10 00:00:00,140,2010-03-10 00:00:00,140,140,1,2000,280000,2010-03-10 00:00:00,1
2010-03-12 00:00:00,2010-03-12 00:00:00,150,2010-03-12 00:00:00,144,145.25,6,1700,247150,2010-03-12 00:00:00,1
2010-03-15 00:00:00,2010-03-15 00:00:00,143,2010-03-15 00:00:00,143,143,3,2000,286000,2010-03-15 00:00:00,1
2010-03-16 00:00:00,2010-03-16 00:00:00,148,2010-03-16 00:00:00,148,148,1,100,14800,2010-03-16 00:00:00,1
2010-03-17 00:00:00,2010-03-17 00:00:00,145,2010-03-17 00:00:00,145,145,4,3000,435000,2010-03-17 00:00:00,1
2010-03-19 00:00:00,2010-03-19 00:00:00,140,2010-03-19 00:00:00,140,140,3,500,70000,2010-03-19 00:00:00,1
2010-03-26 00:00:00,2010-03-26 00:00:00,126,2010-03-26 00:00:00,126,126,1,200,25200,2010-03-26 00:00:00,1
2010-03-30 00:00:00,2010-03-30 00:00:00,144.75,2010-03-30 00:00:00,130,144.75,2,200,27475,2010-03-30 00:00:00,1
2010-04-05 00:00:00,2010-04-05 00:00:00,145,2010-04-05 00:00:00,144.75,145,10,2600,376975,2010-04-05 00:00:00,1
2010-04-06 00:00:00,2010-04-06 00:00:00,145,2010-04-06 00:00:00,145,145,7,3000,435000,2010-04-06 00:00:00,1
2010-04-08 00:00:00,2010-04-08 00:00:00,145,2010-04-08 00:00:00,145,145,1,1000,145000,2010-04-08 00:00:00,1
2010-04-12 00:00:00,2010-04-12 00:00:00,145,2010-04-12 00:00:00,145,145,2,600,87000,2010-04-12 00:00:00,1
2010-04-15 00:00:00,2010-04-15 00:00:00,145,2010-04-15 00:00:00,145,145,5,2000,290000,2010-04-15 00:00:00,1
2010-04-16 00:00:00,2010-04-16 00:00:00,145,2010-04-16 00:00:00,145,145,6,2700,391500,2010-04-16 00:00:00,1
2010-04-19 00:00:00,2010-04-19 00:00:00,145,2010-04-19 00:00:00,143,145,6,1800,259400,2010-04-19 00:00:00,1
2010-04-20 00:00:00,2010-04-20 00:00:00,148,2010-04-20 00:00:00,145,145,2,300,43800,2010-04-20 00:00:00,1
2010-04-21 00:00:00,2010-04-21 00:00:00,145,2010-04-21 00:00:00,145,145,1,100,14500,2010-04-21 00:00:00,1
2010-04-22 00:00:00,2010-04-22 00:00:00,147,2010-04-22 00:00:00,147,147,1,5000,735000,2010-04-22 00:00:00,1
2010-04-23 00:00:00,2010-04-23 00:00:00,145,2010-04-23 00:00:00,145,145,1,100,14500,2010-04-23 00:00:00,1
2010-04-27 00:00:00,2010-04-27 00:00:00,165,2010-04-27 00:00:00,145,160,18,11800,1880775,2010-04-27 00:00:00,1
2010-05-03 00:00:00,2010-05-03 00:00:00,160,2010-05-03 00:00:00,152,159,5,2100,330500,2010-05-03 00:00:00,1
2010-05-04 00:00:00,2010-05-04 00:00:00,150,2010-05-04 00:00:00,150,150,4,1400,210000,2010-05-04 00:00:00,1
2010-05-07 00:00:00,2010-05-07 00:00:00,150,2010-05-07 00:00:00,150,150,1,500,75000,2010-05-07 00:00:00,1
2010-05-10 00:00:00,2010-05-10 00:00:00,200,2010-05-10 00:00:00,150,181,207,68200,12343875,2010-05-10 00:00:00,1
2010-05-11 00:00:00,2010-05-11 00:00:00,200,2010-05-11 00:00:00,180,180.25,90,21500,4062500,2010-05-11 00:00:00,1
2010-05-12 00:00:00,2010-05-12 00:00:00,195,2010-05-12 00:00:00,188,194.5,56,15900,3035525,2010-05-12 00:00:00,1
2010-05-13 00:00:00,2010-05-13 00:00:00,199.75,2010-05-13 00:00:00,189.75,190,15,3700,710250,2010-05-13 00:00:00,1
2010-05-14 00:00:00,2010-05-14 00:00:00,194.75,2010-05-14 00:00:00,188,189.5,5,1000,191875,2010-05-14 00:00:00,1
2010-05-17 00:00:00,2010-05-17 00:00:00,194.75,2010-05-17 00:00:00,190,190,10,2700,514875,2010-05-17 00:00:00,1
2010-05-18 00:00:00,2010-05-18 00:00:00,187,2010-05-18 00:00:00,186,186.25,11,2400,446850,2010-05-18 00:00:00,1
2010-05-19 00:00:00,2010-05-19 00:00:00,194.5,2010-05-19 00:00:00,185.5,186,27,7400,1385050,2010-05-19 00:00:00,1
2010-05-20 00:00:00,2010-05-20 00:00:00,185.5,2010-05-20 00:00:00,184,184,11,2300,425050,2010-05-20 00:00:00,1
2010-05-21 00:00:00,2010-05-21 00:00:00,190,2010-05-21 00:00:00,184,188.5,22,6100,1145450,2010-05-21 00:00:00,1
2010-05-24 00:00:00,2010-05-24 00:00:00,196,2010-05-24 00:00:00,186.75,187,13,2600,493075,2010-05-24 00:00:00,1
2010-05-25 00:00:00,2010-05-25 00:00:00,190,2010-05-25 00:00:00,187,187.5,7,800,150100,2010-05-25 00:00:00,1
2010-05-26 00:00:00,2010-05-26 00:00:00,190,2010-05-26 00:00:00,185,186.75,20,7200,1344325,2010-05-26 00:00:00,1
2010-05-31 00:00:00,2010-05-31 00:00:00,190,2010-05-31 00:00:00,185,185,5,2100,391375,2010-05-31 00:00:00,1
2010-06-01 00:00:00,2010-06-01 00:00:00,195,2010-06-01 00:00:00,185,194.5,16,2000,386350,2010-06-01 00:00:00,1
2010-06-02 00:00:00,2010-06-02 00:00:00,200,2010-06-02 00:00:00,196,199.75,47,14800,2951400,2010-06-02 00:00:00,1
2010-06-03 00:00:00,2010-06-03 00:00:00,202,2010-06-03 00:00:00,198,198,20,5000,993775,2010-06-03 00:00:00,1
2010-06-04 00:00:00,2010-06-04 00:00:00,200,2010-06-04 00:00:00,197.5,198.75,21,5500,1092625,2010-06-04 00:00:00,1
2010-06-07 00:00:00,2010-06-07 00:00:00,197.25,2010-06-07 00:00:00,197.25,197.25,8,1400,276150,2010-06-07 00:00:00,1
2010-06-08 00:00:00,2010-06-08 00:00:00,198,2010-06-08 00:00:00,195,198,11,4200,826725,2010-06-08 00:00:00,1
2010-06-09 00:00:00,2010-06-09 00:00:00,204,2010-06-09 00:00:00,198,203.75,27,6900,1391225,2010-06-09 00:00:00,1
2010-06-10 00:00:00,2010-06-10 00:00:00,200,2010-06-10 00:00:00,200,200,1,500,100000,2010-06-10 00:00:00,1
2010-06-11 00:00:00,2010-06-11 00:00:00,205,2010-06-11 00:00:00,203,204,13,3500,714500,2010-06-11 00:00:00,1
2010-06-14 00:00:00,2010-06-14 00:00:00,210,2010-06-14 00:00:00,204,205,5,800,164100,2010-06-14 00:00:00,1
2010-06-15 00:00:00,2010-06-15 00:00:00,209.75,2010-06-15 00:00:00,201.75,201.75,5,600,122925,2010-06-15 00:00:00,1
2010-06-16 00:00:00,2010-06-16 00:00:00,207,2010-06-16 00:00:00,207,207,1,100,20700,2010-06-16 00:00:00,1
2010-06-17 00:00:00,2010-06-17 00:00:00,205,2010-06-17 00:00:00,202.5,202.5,3,800,162750,2010-06-17 00:00:00,1
2010-06-21 00:00:00,2010-06-21 00:00:00,213,2010-06-21 00:00:00,208,213,23,4900,1029225,2010-06-21 00:00:00,1
2010-06-22 00:00:00,2010-06-22 00:00:00,214,2010-06-22 00:00:00,210,212,11,2400,508900,2010-06-22 00:00:00,1
2010-06-23 00:00:00,2010-06-23 00:00:00,212,2010-06-23 00:00:00,209.75,210,20,3800,800600,2010-06-23 00:00:00,1
2010-06-24 00:00:00,2010-06-24 00:00:00,230,2010-06-24 00:00:00,210,218.25,30,4900,1059575,2010-06-24 00:00:00,1
2010-06-28 00:00:00,2010-06-28 00:00:00,196,2010-06-28 00:00:00,171,175,28,5700,1025825,2010-06-28 00:00:00,1
2010-06-29 00:00:00,2010-06-29 00:00:00,182,2010-06-29 00:00:00,175,182,13,3200,569550,2010-06-29 00:00:00,1
2010-06-30 00:00:00,2010-06-30 00:00:00,180.5,2010-06-30 00:00:00,180,180.5,3,300,54050,2010-06-30 00:00:00,1
2010-07-01 00:00:00,2010-07-01 00:00:00,183,2010-07-01 00:00:00,181,181,5,1200,218400,2010-07-01 00:00:00,1
2010-07-02 00:00:00,2010-07-02 00:00:00,183,2010-07-02 00:00:00,181,182.25,9,1200,218700,2010-07-02 00:00:00,1
2010-07-05 00:00:00,2010-07-05 00:00:00,183.75,2010-07-05 00:00:00,183.5,183.75,2,400,73450,2010-07-05 00:00:00,1
2010-07-06 00:00:00,2010-07-06 00:00:00,194,2010-07-06 00:00:00,185,194,2,200,37900,2010-07-06 00:00:00,1
2010-07-07 00:00:00,2010-07-07 00:00:00,199.75,2010-07-07 00:00:00,155.25,179.5,48,7600,1365575,2010-07-07 00:00:00,1
2010-07-08 00:00:00,2010-07-08 00:00:00,179,2010-07-08 00:00:00,175,176.75,23,6300,1111175,2010-07-08 00:00:00,1
2010-07-09 00:00:00,2010-07-09 00:00:00,180,2010-07-09 00:00:00,176,177.75,8,3300,586750,2010-07-09 00:00:00,1
2010-07-12 00:00:00,2010-07-12 00:00:00,182.75,2010-07-12 00:00:00,179,179.75,9,2200,396100,2010-07-12 00:00:00,1
2010-07-13 00:00:00,2010-07-13 00:00:00,180,2010-07-13 00:00:00,179.25,179.75,26,4800,863125,2010-07-13 00:00:00,1
2010-07-14 00:00:00,2010-07-14 00:00:00,140,2010-07-14 00:00:00,125.5,132.75,51,9100,1220000,2010-07-14 00:00:00,1
2010-07-15 00:00:00,2010-07-15 00:00:00,130,2010-07-15 00:00:00,125.5,130,11,3300,425850,2010-07-15 00:00:00,1
2010-07-16 00:00:00,2010-07-16 00:00:00,132,2010-07-16 00:00:00,130,132,4,400,52400,2010-07-16 00:00:00,1
2010-07-19 00:00:00,2010-07-19 00:00:00,132,2010-07-19 00:00:00,130,130,3,1200,156800,2010-07-19 00:00:00,1
2010-07-20 00:00:00,2010-07-20 00:00:00,132,2010-07-20 00:00:00,129.75,132,2,600,78525,2010-07-20 00:00:00,1
2010-07-21 00:00:00,2010-07-21 00:00:00,132,2010-07-21 00:00:00,130,130,5,1200,156600,2010-07-21 00:00:00,1
2010-07-22 00:00:00,2010-07-22 00:00:00,132,2010-07-22 00:00:00,130,131,19,5500,718800,2010-07-22 00:00:00,1
2010-07-23 00:00:00,2010-07-23 00:00:00,130,2010-07-23 00:00:00,129.75,130,9,2100,272975,2010-07-23 00:00:00,1
2010-07-26 00:00:00,2010-07-26 00:00:00,130,2010-07-26 00:00:00,125,125.5,23,4600,585275,2010-07-26 00:00:00,1
2010-07-27 00:00:00,2010-07-27 00:00:00,125.5,2010-07-27 00:00:00,125.5,125.5,2,500,62750,2010-07-27 00:00:00,1
2010-07-28 00:00:00,2010-07-28 00:00:00,126,2010-07-28 00:00:00,125.5,126,4,600,75500,2010-07-28 00:00:00,1
2010-07-29 00:00:00,2010-07-29 00:00:00,125.5,2010-07-29 00:00:00,125,125,6,1400,175200,2010-07-29 00:00:00,1
2010-07-30 00:00:00,2010-07-30 00:00:00,120,2010-07-30 00:00:00,120,120,14,2900,348000,2010-07-30 00:00:00,1
2010-08-02 00:00:00,2010-08-02 00:00:00,135,2010-08-02 00:00:00,125,125,5,500,66500,2010-08-02 00:00:00,1
2010-08-03 00:00:00,2010-08-03 00:00:00,132,2010-08-03 00:00:00,125,125.1,10,1900,240420,2010-08-03 00:00:00,1
2010-08-04 00:00:00,2010-08-04 00:00:00,125.5,2010-08-04 00:00:00,125,125.3,2,200,25050,2010-08-04 00:00:00,1
2010-08-05 00:00:00,2010-08-05 00:00:00,125,2010-08-05 00:00:00,125,125,2,400,50000,2010-08-05 00:00:00,1
2010-08-06 00:00:00,2010-08-06 00:00:00,125,2010-08-06 00:00:00,125,125,5,1200,150000,2010-08-06 00:00:00,1
2010-08-09 00:00:00,2010-08-09 00:00:00,125,2010-08-09 00:00:00,112.5,114,5,1500,181550,2010-08-09 00:00:00,1
2010-08-10 00:00:00,2010-08-10 00:00:00,125.1,2010-08-10 00:00:00,117,125.1,9,1900,229930,2010-08-10 00:00:00,1
2010-08-11 00:00:00,2010-08-11 00:00:00,129,2010-08-11 00:00:00,127.4,127.4,3,1300,166440,2010-08-11 00:00:00,1
2010-08-12 00:00:00,2010-08-12 00:00:00,125,2010-08-12 00:00:00,120,121.1,8,1900,233340,2010-08-12 00:00:00,1
2010-08-13 00:00:00,2010-08-13 00:00:00,133.2,2010-08-13 00:00:00,128,132.9,14,2700,356250,2010-08-13 00:00:00,1
2010-08-16 00:00:00,2010-08-16 00:00:00,146.1,2010-08-16 00:00:00,140,145.9,24,5900,858500,2010-08-16 00:00:00,1
2010-08-17 00:00:00,2010-08-17 00:00:00,160.4,2010-08-17 00:00:00,158.1,160.4,39,12300,1963870,2010-08-17 00:00:00,1
2010-08-18 00:00:00,2010-08-18 00:00:00,175,2010-08-18 00:00:00,164,168.9,52,15000,2489890,2010-08-18 00:00:00,1
2010-08-19 00:00:00,2010-08-19 00:00:00,185,2010-08-19 00:00:00,167.8,176.7,65,17500,3077600,2010-08-19 00:00:00,1
2010-08-20 00:00:00,2010-08-20 00:00:00,185,2010-08-20 00:00:00,177,177.7,22,3900,699100,2010-08-20 00:00:00,1
2010-08-23 00:00:00,2010-08-23 00:00:00,177,2010-08-23 00:00:00,160,167,65,15200,2526800,2010-08-23 00:00:00,1
2010-08-25 00:00:00,2010-08-25 00:00:00,171,2010-08-25 00:00:00,167,169.4,34,7000,1180190,2010-08-25 00:00:00,1
2010-08-26 00:00:00,2010-08-26 00:00:00,177,2010-08-26 00:00:00,162,173.1,57,18700,3141350,2010-08-26 00:00:00,1
2010-08-27 00:00:00,2010-08-27 00:00:00,184,2010-08-27 00:00:00,176,180.4,52,13300,2383380,2010-08-27 00:00:00,1
2010-08-30 00:00:00,2010-08-30 00:00:00,198.4,2010-08-30 00:00:00,185,198.3,93,24700,4743780,2010-08-30 00:00:00,1
2010-08-31 00:00:00,2010-08-31 00:00:00,217,2010-08-31 00:00:00,207.1,209.8,87,22500,4747170,2010-08-31 00:00:00,1
2010-09-01 00:00:00,2010-09-01 00:00:00,230.7,2010-09-01 00:00:00,196,227.1,79,29500,6533040,2010-09-01 00:00:00,1
2010-09-02 00:00:00,2010-09-02 00:00:00,249.8,2010-09-02 00:00:00,230,249.8,42,12100,2959330,2010-09-02 00:00:00,1
2010-09-03 00:00:00,2010-09-03 00:00:00,272,2010-09-03 00:00:00,250,263,84,22000,5843060,2010-09-03 00:00:00,1
2010-09-06 00:00:00,2010-09-06 00:00:00,270,2010-09-06 00:00:00,251,257.3,28,7500,1942890,2010-09-06 00:00:00,1
2010-09-07 00:00:00,2010-09-07 00:00:00,260,2010-09-07 00:00:00,239,260,40,11000,2849330,2010-09-07 00:00:00,1
2010-09-08 00:00:00,2010-09-08 00:00:00,260,2010-09-08 00:00:00,250,257.6,36,10900,2820610,2010-09-08 00:00:00,1
2010-09-09 00:00:00,2010-09-09 00:00:00,258,2010-09-09 00:00:00,250,250.8,24,5800,1454630,2010-09-09 00:00:00,1
2010-09-13 00:00:00,2010-09-13 00:00:00,255,2010-09-13 00:00:00,250,251.2,15,3400,858700,2010-09-13 00:00:00,1
2010-09-14 00:00:00,2010-09-14 00:00:00,249,2010-09-14 00:00:00,230,240.7,11,7700,1857300,2010-09-14 00:00:00,1
2010-09-15 00:00:00,2010-09-15 00:00:00,250,2010-09-15 00:00:00,231,247,47,20000,4859700,2010-09-15 00:00:00,1
2010-09-16 00:00:00,2010-09-16 00:00:00,271.7,2010-09-16 00:00:00,249.9,253.3,41,27600,6941770,2010-09-16 00:00:00,1
2010-09-17 00:00:00,2010-09-17 00:00:00,271,2010-09-17 00:00:00,258,265.8,32,11000,2955610,2010-09-17 00:00:00,1
2010-09-20 00:00:00,2010-09-20 00:00:00,270,2010-09-20 00:00:00,260,265,17,6400,1684660,2010-09-20 00:00:00,1
2010-09-21 00:00:00,2010-09-21 00:00:00,265,2010-09-21 00:00:00,260,260,7,3100,808500,2010-09-21 00:00:00,1
2010-09-23 00:00:00,2010-09-23 00:00:00,270,2010-09-23 00:00:00,255,260.3,29,11500,3002700,2010-09-23 00:00:00,1
2010-09-24 00:00:00,2010-09-24 00:00:00,260.3,2010-09-24 00:00:00,259.9,260,18,10000,2600020,2010-09-24 00:00:00,1
2010-09-27 00:00:00,2010-09-27 00:00:00,262,2010-09-27 00:00:00,260,260,39,16100,4188760,2010-09-27 00:00:00,1
2010-09-28 00:00:00,2010-09-28 00:00:00,260.9,2010-09-28 00:00:00,250,254.3,12,4900,1255560,2010-09-28 00:00:00,1
2010-09-29 00:00:00,2010-09-29 00:00:00,260.1,2010-09-29 00:00:00,260,260.1,4,5000,1300050,2010-09-29 00:00:00,1
2010-09-30 00:00:00,2010-09-30 00:00:00,275.5,2010-09-30 00:00:00,260,265,32,13300,3511460,2010-09-30 00:00:00,1
2010-10-01 00:00:00,2010-10-01 00:00:00,270,2010-10-01 00:00:00,260.1,269.9,17,5800,1537920,2010-10-01 00:00:00,1
2010-10-04 00:00:00,2010-10-04 00:00:00,271,2010-10-04 00:00:00,262,265,19,10600,2842530,2010-10-04 00:00:00,1
2010-10-05 00:00:00,2010-10-05 00:00:00,270,2010-10-05 00:00:00,260.1,261,22,13800,3672910,2010-10-05 00:00:00,1
2010-10-06 00:00:00,2010-10-06 00:00:00,262,2010-10-06 00:00:00,259.9,259.9,11,9300,2420050,2010-10-06 00:00:00,1
2010-10-07 00:00:00,2010-10-07 00:00:00,260,2010-10-07 00:00:00,250,253.1,12,3100,779990,2010-10-07 00:00:00,1
2010-10-08 00:00:00,2010-10-08 00:00:00,252,2010-10-08 00:00:00,245,250.7,9,1500,369980,2010-10-08 00:00:00,1
2010-10-11 00:00:00,2010-10-11 00:00:00,260,2010-10-11 00:00:00,255,258,8,4700,1204000,2010-10-11 00:00:00,1
2010-10-12 00:00:00,2010-10-12 00:00:00,255.1,2010-10-12 00:00:00,243.1,243.2,10,1900,474290,2010-10-12 00:00:00,1
2010-10-13 00:00:00,2010-10-13 00:00:00,248,2010-10-13 00:00:00,200.1,245.3,17,5100,1162770,2010-10-13 00:00:00,1
2010-10-14 00:00:00,2010-10-14 00:00:00,250,2010-10-14 00:00:00,240,240.1,5,1000,244530,2010-10-14 00:00:00,1
2010-10-15 00:00:00,2010-10-15 00:00:00,240.1,2010-10-15 00:00:00,239,239.5,5,3100,742510,2010-10-15 00:00:00,1
2010-10-18 00:00:00,2010-10-18 00:00:00,241,2010-10-18 00:00:00,235,240.7,9,13300,3201900,2010-10-18 00:00:00,1
2010-10-19 00:00:00,2010-10-19 00:00:00,244,2010-10-19 00:00:00,244,244,1,100,24400,2010-10-19 00:00:00,1
2010-10-20 00:00:00,2010-10-20 00:00:00,250,2010-10-20 00:00:00,249.5,249.5,8,2200,549450,2010-10-20 00:00:00,1
2010-10-21 00:00:00,2010-10-21 00:00:00,258,2010-10-21 00:00:00,245,251.7,14,4000,1001270,2010-10-21 00:00:00,1
2010-10-25 00:00:00,2010-10-25 00:00:00,258,2010-10-25 00:00:00,247,252.1,10,5500,1391670,2010-10-25 00:00:00,1
2010-10-26 00:00:00,2010-10-26 00:00:00,250,2010-10-26 00:00:00,248,248,11,2000,497100,2010-10-26 00:00:00,1
2010-10-27 00:00:00,2010-10-27 00:00:00,245.1,2010-10-27 00:00:00,245.1,245.1,3,1300,318630,2010-10-27 00:00:00,1
2010-10-28 00:00:00,2010-10-28 00:00:00,249.9,2010-10-28 00:00:00,240.2,245,6,2900,711200,2010-10-28 00:00:00,1
2010-10-29 00:00:00,2010-10-29 00:00:00,259.9,2010-10-29 00:00:00,250,250,10,3000,761970,2010-10-29 00:00:00,1
2010-11-02 00:00:00,2010-11-02 00:00:00,250,2010-11-02 00:00:00,250,250,2,200,50000,2010-11-02 00:00:00,1
2010-11-03 00:00:00,2010-11-03 00:00:00,245.1,2010-11-03 00:00:00,245,245,2,500,122510,2010-11-03 00:00:00,1
2010-11-04 00:00:00,2010-11-04 00:00:00,250,2010-11-04 00:00:00,245,248.3,5,2900,720000,2010-11-04 00:00:00,1
2010-11-08 00:00:00,2010-11-08 00:00:00,240,2010-11-08 00:00:00,240,240,2,1000,240000,2010-11-08 00:00:00,1
2010-11-09 00:00:00,2010-11-09 00:00:00,240,2010-11-09 00:00:00,240,240,1,100,24000,2010-11-09 00:00:00,1
2010-11-10 00:00:00,2010-11-10 00:00:00,240,2010-11-10 00:00:00,239,239.6,4,1000,239600,2010-11-10 00:00:00,1
2010-11-11 00:00:00,2010-11-11 00:00:00,248.9,2010-11-11 00:00:00,239,242.6,3,300,72790,2010-11-11 00:00:00,1
2010-11-12 00:00:00,2010-11-12 00:00:00,242,2010-11-12 00:00:00,242,242,1,2000,484000,2010-11-12 00:00:00,1
2010-11-15 00:00:00,2010-11-15 00:00:00,239,2010-11-15 00:00:00,235,235,2,1100,258900,2010-11-15 00:00:00,1
2010-11-16 00:00:00,2010-11-16 00:00:00,245,2010-11-16 00:00:00,245,245,1,100,24500,2010-11-16 00:00:00,1
2010-11-18 00:00:00,2010-11-18 00:00:00,250,2010-11-18 00:00:00,241,243.9,11,3300,807050,2010-11-18 00:00:00,1
2010-11-22 00:00:00,2010-11-22 00:00:00,251,2010-11-22 00:00:00,245,249.8,25,6200,1548200,2010-11-22 00:00:00,1
2010-11-24 00:00:00,2010-11-24 00:00:00,247,2010-11-24 00:00:00,242.5,242.5,11,3200,782050,2010-11-24 00:00:00,1
2010-11-25 00:00:00,2010-11-25 00:00:00,240.5,2010-11-25 00:00:00,240,240.1,7,2300,552200,2010-11-25 00:00:00,1
2010-11-26 00:00:00,2010-11-26 00:00:00,238,2010-11-26 00:00:00,238,238,4,400,95200,2010-11-26 00:00:00,1
2010-11-29 00:00:00,2010-11-29 00:00:00,240,2010-11-29 00:00:00,235,240,7,3700,886500,2010-11-29 00:00:00,1
2010-12-02 00:00:00,2010-12-02 00:00:00,249.9,2010-12-02 00:00:00,240,241.1,4,1700,410590,2010-12-02 00:00:00,1
2010-12-06 00:00:00,2010-12-06 00:00:00,241.2,2010-12-06 00:00:00,241.2,241.2,1,1200,289440,2010-12-06 00:00:00,1
2010-12-07 00:00:00,2010-12-07 00:00:00,241.2,2010-12-07 00:00:00,241.2,241.2,3,1200,289440,2010-12-07 00:00:00,1
2010-12-08 00:00:00,2010-12-08 00:00:00,242,2010-12-08 00:00:00,242,242,3,1000,242000,2010-12-08 00:00:00,1
2010-12-09 00:00:00,2010-12-09 00:00:00,249,2010-12-09 00:00:00,242,248.7,4,2500,619000,2010-12-09 00:00:00,1
2010-12-10 00:00:00,2010-12-10 00:00:00,242,2010-12-10 00:00:00,242,242,1,100,24200,2010-12-10 00:00:00,1
2010-12-13 00:00:00,2010-12-13 00:00:00,242,2010-12-13 00:00:00,242,242,1,100,24200,2010-12-13 00:00:00,1
2010-12-14 00:00:00,2010-12-14 00:00:00,244,2010-12-14 00:00:00,242,242.3,5,900,218200,2010-12-14 00:00:00,1
2010-12-15 00:00:00,2010-12-15 00:00:00,257,2010-12-15 00:00:00,249,255.2,39,35300,8974180,2010-12-15 00:00:00,1
2010-12-16 00:00:00,2010-12-16 00:00:00,250,2010-12-16 00:00:00,250,250,1,100,25000,2010-12-16 00:00:00,1
2010-12-17 00:00:00,2010-12-17 00:00:00,250,2010-12-17 00:00:00,249,249.7,6,3600,898900,2010-12-17 00:00:00,1
2010-12-21 00:00:00,2010-12-21 00:00:00,255,2010-12-21 00:00:00,252,255,4,1200,303600,2010-12-21 00:00:00,1
2010-12-22 00:00:00,2010-12-22 00:00:00,263.5,2010-12-22 00:00:00,255,260.3,18,6300,1649680,2010-12-22 00:00:00,1
2010-12-23 00:00:00,2010-12-23 00:00:00,265,2010-12-23 00:00:00,260,263,6,1700,447000,2010-12-23 00:00:00,1
2010-12-27 00:00:00,2010-12-27 00:00:00,255,2010-12-27 00:00:00,255,255,7,4000,1020000,2010-12-27 00:00:00,1
2010-12-28 00:00:00,2010-12-28 00:00:00,255,2010-12-28 00:00:00,255,255,1,200,51000,2010-12-28 00:00:00,1
2010-12-29 00:00:00,2010-12-29 00:00:00,260,2010-12-29 00:00:00,255,258.6,3,500,129300,2010-12-29 00:00:00,1
2010-12-30 00:00:00,2010-12-30 00:00:00,259,2010-12-30 00:00:00,259,259,1,100,25900,2010-12-30 00:00:00,1
2010-12-31 00:00:00,2010-12-31 00:00:00,260,2010-12-31 00:00:00,258.9,260,6,3000,779510,2010-12-31 00:00:00,1
Company Id :  ABAN,,Security Type :  R,,Sub Type :  0000,,,,,,
Short Name :  ABANS,,,,,,,,,,
Day,Date High,High,Date Low,Low,Closing,No. of Trades,No. of Shares,Turnover,Last Traded,Days Traded
2010-07-30 00:00:00,2010-07-30 00:00:00,67,2010-07-30 00:00:00,61.5,63.25,5,1900,120200,2010-07-30 00:00:00,1
2010-08-02 00:00:00,2010-08-02 00:00:00,68,2010-08-02 00:00:00,68,68,1,1000,68000,2010-08-02 00:00:00,1
Company Id :  ACAP,,Security Type :  N,,Sub Type :  0000,,,,,,
Short Name :  ASIA CAPITAL,,,,,,,,,,
Day,Date High,High,Date Low,Low,Closing,No. of Trades,No. of Shares,Turnover,Last Traded,Days Traded
2010-01-04 00:00:00,2010-01-04 00:00:00,10.25,2010-01-04 00:00:00,10,10.25,8,11800,118700,2010-01-04 00:00:00,1
2010-01-05 00:00:00,2010-01-05 00:00:00,10,2010-01-05 00:00:00,9.75,10,14,26800,267975,2010-01-05 00:00:00,1
2010-01-06 00:00:00,2010-01-06 00:00:00,10,2010-01-06 00:00:00,9.75,10,16,47600,471500,2010-01-06 00:00:00,1
2010-01-07 00:00:00,2010-01-07 00:00:00,9.75,2010-01-07 00:00:00,9.75,9.75,2,4000,39000,2010-01-07 00:00:00,1
2010-01-08 00:00:00,2010-01-08 00:00:00,9.75,2010-01-08 00:00:00,9.75,9.75,11,15400,150150,2010-01-08 00:00:00,1
2010-01-11 00:00:00,2010-01-11 00:00:00,10.5,2010-01-11 00:00:00,9.75,10,41,123600,1244250,2010-01-11 00:00:00,1
2010-01-12 00:00:00,2010-01-12 00:00:00,10,2010-01-12 00:00:00,9.75,9.75,13,9700,95700,2010-01-12 00:00:00,1
2010-01-13 00:00:00,2010-01-13 00:00:00,10.25,2010-01-13 00:00:00,9.75,10,15,30100,301350,2010-01-13 00:00:00,1
2010-01-15 00:00:00,2010-01-15 00:00:00,10,2010-01-15 00:00:00,10,10,4,2200,22000,2010-01-15 00:00:00,1
2010-01-18 00:00:00,2010-01-18 00:00:00,10.5,2010-01-18 00:00:00,10,10,8,33600,336050,2010-01-18 00:00:00,1
2010-01-19 00:00:00,2010-01-19 00:00:00,9.75,2010-01-19 00:00:00,9.5,9.75,6,8000,77250,2010-01-19 00:00:00,1
2010-01-20 00:00:00,2010-01-20 00:00:00,9.75,2010-01-20 00:00:00,9.75,9.75,2,5000,48750,2010-01-20 00:00:00,1
2010-01-21 00:00:00,2010-01-21 00:00:00,10,2010-01-21 00:00:00,9.75,9.75,10,10700,106025,2010-01-21 00:00:00,1
2010-01-22 00:00:00,2010-01-22 00:00:00,9.75,2010-01-22 00:00:00,9.5,9.5,5,11700,111825,2010-01-22 00:00:00,1
2010-01-25 00:00:00,2010-01-25 00:00:00,10,2010-01-25 00:00:00,9.75,9.75,11,6500,64000,2010-01-25 00:00:00,1
2010-01-26 00:00:00,2010-01-26 00:00:00,10,2010-01-26 00:00:00,9.5,10,4,4500,43775,2010-01-26 00:00:00,1
2010-01-28 00:00:00,2010-01-28 00:00:00,9.75,2010-01-28 00:00:00,9.25,9.75,31,75400,716375,2010-01-28 00:00:00,1
2010-02-01 00:00:00,2010-02-01 00:00:00,10,2010-02-01 00:00:00,9.5,9.75,13,43400,423325,2010-02-01 00:00:00,1
2010-02-02 00:00:00,2010-02-02 00:00:00,9.75,2010-02-02 00:00:00,9.5,9.75,16,41500,398875,2010-02-02 00:00:00,1
2010-02-03 00:00:00,2010-02-03 00:00:00,9.75,2010-02-03 00:00:00,9.5,9.5,20,47400,450350,2010-02-03 00:00:00,1
2010-02-05 00:00:00,2010-02-05 00:00:00,10.5,2010-02-05 00:00:00,9.75,10.25,217,33466300,334799775,2010-02-05 00:00:00,1
2010-02-08 00:00:00,2010-02-08 00:00:00,15.25,2010-02-08 00:00:00,10.75,13.25,967,34164000,349373225,2010-02-08 00:00:00,1
2010-02-09 00:00:00,2010-02-09 00:00:00,13.5,2010-02-09 00:00:00,12.25,12.75,133,307100,3923150,2010-02-09 00:00:00,1
2010-02-10 00:00:00,2010-02-10 00:00:00,13,2010-02-10 00:00:00,12,12,58,94900,1160475,2010-02-10 00:00:00,1
2010-02-11 00:00:00,2010-02-11 00:00:00,12,2010-02-11 00:00:00,11.25,11.5,34,37900,437625,2010-02-11 00:00:00,1
2010-02-12 00:00:00,2010-02-12 00:00:00,12,2010-02-12 00:00:00,11,11.5,21,20200,230425,2010-02-12 00:00:00,1
2010-02-15 00:00:00,2010-02-15 00:00:00,11.75,2010-02-15 00:00:00,11.75,11.75,1,2000,23500,2010-02-15 00:00:00,1
2010-02-16 00:00:00,2010-02-16 00:00:00,12.25,2010-02-16 00:00:00,11.5,11.75,28,24700,292900,2010-02-16 00:00:00,1
2010-02-17 00:00:00,2010-02-17 00:00:00,13,2010-02-17 00:00:00,11.5,12,60,80900,989475,2010-02-17 00:00:00,1
2010-02-18 00:00:00,2010-02-18 00:00:00,12.5,2010-02-18 00:00:00,11.25,11.25,24,17700,204025,2010-02-18 00:00:00,1
2010-02-19 00:00:00,2010-02-19 00:00:00,12,2010-02-19 00:00:00,11,12,44,64600,750100,2010-02-19 00:00:00,1
2010-02-22 00:00:00,2010-02-22 00:00:00,12,2010-02-22 00:00:00,11.5,11.5,20,46700,556225,2010-02-22 00:00:00,1
2010-02-23 00:00:00,2010-02-23 00:00:00,11.75,2010-02-23 00:00:00,11.5,11.5,30,67500,778000,2010-02-23 00:00:00,1
2010-02-24 00:00:00,2010-02-24 00:00:00,11.75,2010-02-24 00:00:00,11.25,11.25,10,13800,155500,2010-02-24 00:00:00,1
2010-02-25 00:00:00,2010-02-25 00:00:00,12,2010-02-25 00:00:00,11.5,11.5,26,35600,420025,2010-02-25 00:00:00,1
2010-02-26 00:00:00,2010-02-26 00:00:00,11.5,2010-02-26 00:00:00,11.5,11.5,6,5000,57500,2010-02-26 00:00:00,1
2010-03-01 00:00:00,2010-03-01 00:00:00,12.5,2010-03-01 00:00:00,11.5,12.25,35,59000,718775,2010-03-01 00:00:00,1
2010-03-02 00:00:00,2010-03-02 00:00:00,12.5,2010-03-02 00:00:00,11.75,12,20,38900,469525,2010-03-02 00:00:00,1
2010-03-03 00:00:00,2010-03-03 00:00:00,12,2010-03-03 00:00:00,11.5,11.75,12,34000,400700,2010-03-03 00:00:00,1
2010-03-04 00:00:00,2010-03-04 00:00:00,13.25,2010-03-04 00:00:00,12,13,197,694600,8837600,2010-03-04 00:00:00,1
2010-03-05 00:00:00,2010-03-05 00:00:00,13.25,2010-03-05 00:00:00,11.75,12,115,351500,4211375,2010-03-05 00:00:00,1
2010-03-08 00:00:00,2010-03-08 00:00:00,12.75,2010-03-08 00:00:00,11.75,11.75,45,100400,1230800,2010-03-08 00:00:00,1
2010-03-09 00:00:00,2010-03-09 00:00:00,12,2010-03-09 00:00:00,11.75,11.75,18,56400,665450,2010-03-09 00:00:00,1
2010-03-10 00:00:00,2010-03-10 00:00:00,12.25,2010-03-10 00:00:00,11.75,11.75,21,51100,605625,2010-03-10 00:00:00,1
2010-03-11 00:00:00,2010-03-11 00:00:00,12.25,2010-03-11 00:00:00,11.5,12,87,394400,4721200,2010-03-11 00:00:00,1
2010-03-12 00:00:00,2010-03-12 00:00:00,13,2010-03-12 00:00:00,11.75,12.5,80,233400,2918775,2010-03-12 00:00:00,1
2010-03-15 00:00:00,2010-03-15 00:00:00,14,2010-03-15 00:00:00,13,13.5,340,1206000,16282225,2010-03-15 00:00:00,1
2010-03-16 00:00:00,2010-03-16 00:00:00,14.5,2010-03-16 00:00:00,13.5,14,153,535400,7530225,2010-03-16 00:00:00,1
2010-03-17 00:00:00,2010-03-17 00:00:00,14.25,2010-03-17 00:00:00,13.75,14,69,149300,2091350,2010-03-17 00:00:00,1
2010-03-18 00:00:00,2010-03-18 00:00:00,14.25,2010-03-18 00:00:00,13.5,13.5,17,58800,801700,2010-03-18 00:00:00,1
2010-03-19 00:00:00,2010-03-19 00:00:00,13.5,2010-03-19 00:00:00,13.25,13.5,10,10400,139825,2010-03-19 00:00:00,1
2010-03-22 00:00:00,2010-03-22 00:00:00,13.5,2010-03-22 00:00:00,13.25,13.5,22,53200,716150,2010-03-22 00:00:00,1
2010-03-23 00:00:00,2010-03-23 00:00:00,13.5,2010-03-23 00:00:00,13.25,13.25,10,17100,228150,2010-03-23 00:00:00,1
2010-03-24 00:00:00,2010-03-24 00:00:00,13,2010-03-24 00:00:00,13,13,35,93400,1214200,2010-03-24 00:00:00,1
2010-03-25 00:00:00,2010-03-25 00:00:00,13.5,2010-03-25 00:00:00,12.75,13.25,17,21800,287575,2010-03-25 00:00:00,1
2010-03-26 00:00:00,2010-03-26 00:00:00,13.75,2010-03-26 00:00:00,13.25,13.25,12,19400,259225,2010-03-26 00:00:00,1
2010-03-30 00:00:00,2010-03-30 00:00:00,13.25,2010-03-30 00:00:00,13,13,23,46400,604250,2010-03-30 00:00:00,1
2010-03-31 00:00:00,2010-03-31 00:00:00,13.5,2010-03-31 00:00:00,13,13,65,188200,2477200,2010-03-31 00:00:00,1
2010-04-01 00:00:00,2010-04-01 00:00:00,13.25,2010-04-01 00:00:00,13,13.25,12,27100,356175,2010-04-01 00:00:00,1
2010-04-05 00:00:00,2010-04-05 00:00:00,13,2010-04-05 00:00:00,12.75,13,29,90900,1181425,2010-04-05 00:00:00,1
2010-04-06 00:00:00,2010-04-06 00:00:00,14,2010-04-06 00:00:00,13,13.75,82,200800,2703500,2010-04-06 00:00:00,1
2010-04-07 00:00:00,2010-04-07 00:00:00,15.75,2010-04-07 00:00:00,14,15.25,313,1372800,20514500,2010-04-07 00:00:00,1
2010-04-08 00:00:00,2010-04-08 00:00:00,15.5,2010-04-08 00:00:00,15,15.25,22,20500,310800,2010-04-08 00:00:00,1
2010-04-12 00:00:00,2010-04-12 00:00:00,16,2010-04-12 00:00:00,15.25,16,88,141600,2221775,2010-04-12 00:00:00,1
2010-04-15 00:00:00,2010-04-15 00:00:00,16,2010-04-15 00:00:00,15.5,15.75,21,19700,308900,2010-04-15 00:00:00,1
2010-04-16 00:00:00,2010-04-16 00:00:00,16,2010-04-16 00:00:00,15.25,15.75,24,21500,336475,2010-04-16 00:00:00,1
2010-04-19 00:00:00,2010-04-19 00:00:00,16.5,2010-04-19 00:00:00,15.25,16,61,156900,2515750,2010-04-19 00:00:00,1
2010-04-20 00:00:00,2010-04-20 00:00:00,16.5,2010-04-20 00:00:00,15,15.75,35,57700,917600,2010-04-20 00:00:00,1
2010-04-21 00:00:00,2010-04-21 00:00:00,18,2010-04-21 00:00:00,15,17.25,185,335200,5682375,2010-04-21 00:00:00,1
2010-04-22 00:00:00,2010-04-22 00:00:00,18,2010-04-22 00:00:00,17,17.5,61,87300,1550550,2010-04-22 00:00:00,1
2010-04-23 00:00:00,2010-04-23 00:00:00,19,2010-04-23 00:00:00,17.5,18.5,139,353700,6495775,2010-04-23 00:00:00,1
2010-04-26 00:00:00,2010-04-26 00:00:00,19,2010-04-26 00:00:00,18.5,18.75,66,162700,3063775,2010-04-26 00:00:00,1
2010-04-27 00:00:00,2010-04-27 00:00:00,23.75,2010-04-27 00:00:00,19,22,958,2420300,52597650,2010-04-27 00:00:00,1
2010-04-29 00:00:00,2010-04-29 00:00:00,22.25,2010-04-29 00:00:00,21.5,21.75,76,103300,2251275,2010-04-29 00:00:00,1
2010-04-30 00:00:00,2010-04-30 00:00:00,24.25,2010-04-30 00:00:00,22,23.75,216,548900,13009950,2010-04-30 00:00:00,1
2010-05-03 00:00:00,2010-05-03 00:00:00,24.5,2010-05-03 00:00:00,23.25,23.5,102,279500,6691175,2010-05-03 00:00:00,1
2010-05-04 00:00:00,2010-05-04 00:00:00,23.75,2010-05-04 00:00:00,22.25,22.5,78,259000,5939575,2010-05-04 00:00:00,1
2010-05-05 00:00:00,2010-05-05 00:00:00,24,2010-05-05 00:00:00,22.5,23.5,82,223500,5174000,2010-05-05 00:00:00,1
2010-05-06 00:00:00,2010-05-06 00:00:00,29.75,2010-05-06 00:00:00,24,29,870,3389800,94506525,2010-05-06 00:00:00,1
2010-05-07 00:00:00,2010-05-07 00:00:00,32.75,2010-05-07 00:00:00,29.5,32,767,2100800,65955575,2010-05-07 00:00:00,1
2010-05-10 00:00:00,2010-05-10 00:00:00,33,2010-05-10 00:00:00,30.75,32,191,1062600,32848425,2010-05-10 00:00:00,1
2010-05-11 00:00:00,2010-05-11 00:00:00,33.75,2010-05-11 00:00:00,32,32.5,339,941000,30870350,2010-05-11 00:00:00,1
2010-05-12 00:00:00,2010-05-12 00:00:00,32.75,2010-05-12 00:00:00,32,32.5,105,227200,7347375,2010-05-12 00:00:00,1
2010-05-13 00:00:00,2010-05-13 00:00:00,34.5,2010-05-13 00:00:00,32.75,34.25,467,1144400,38677900,2010-05-13 00:00:00,1
2010-05-14 00:00:00,2010-05-14 00:00:00,38.25,2010-05-14 00:00:00,34.5,36.75,1111,3293000,120485825,2010-05-14 00:00:00,1
2010-05-17 00:00:00,2010-05-17 00:00:00,37.5,2010-05-17 00:00:00,35.25,36,315,341100,12449325,2010-05-17 00:00:00,1
2010-05-18 00:00:00,2010-05-18 00:00:00,37,2010-05-18 00:00:00,36,36.25,101,209400,7606475,2010-05-18 00:00:00,1
2010-05-19 00:00:00,2010-05-19 00:00:00,38,2010-05-19 00:00:00,35.25,36,410,877800,32485450,2010-05-19 00:00:00,1
2010-05-20 00:00:00,2010-05-20 00:00:00,36.75,2010-05-20 00:00:00,34.5,34.75,59,97800,3409150,2010-05-20 00:00:00,1
2010-05-21 00:00:00,2010-05-21 00:00:00,36,2010-05-21 00:00:00,34,34.5,137,227000,7861300,2010-05-21 00:00:00,1
2010-05-24 00:00:00,2010-05-24 00:00:00,35,2010-05-24 00:00:00,31.5,32,85,221300,7229075,2010-05-24 00:00:00,1
2010-05-25 00:00:00,2010-05-25 00:00:00,32.5,2010-05-25 00:00:00,29.5,31,163,347400,10587300,2010-05-25 00:00:00,1
2010-05-26 00:00:00,2010-05-26 00:00:00,34.25,2010-05-26 00:00:00,32,33,80,112700,3725225,2010-05-26 00:00:00,1
2010-05-31 00:00:00,2010-05-31 00:00:00,34.25,2010-05-31 00:00:00,32,32.25,39,59500,1924925,2010-05-31 00:00:00,1
2010-06-01 00:00:00,2010-06-01 00:00:00,32.5,2010-06-01 00:00:00,32,32,33,66900,2145025,2010-06-01 00:00:00,1
2010-06-02 00:00:00,2010-06-02 00:00:00,33,2010-06-02 00:00:00,30,30.5,65,162600,4946875,2010-06-02 00:00:00,1
2010-06-03 00:00:00,2010-06-03 00:00:00,33,2010-06-03 00:00:00,31.5,32,43,65000,2085125,2010-06-03 00:00:00,1
2010-06-04 00:00:00,2010-06-04 00:00:00,32.75,2010-06-04 00:00:00,31.25,32.25,75,567900,17811650,2010-06-04 00:00:00,1
2010-06-07 00:00:00,2010-06-07 00:00:00,32.25,2010-06-07 00:00:00,30.5,31.75,44,152400,4814100,2010-06-07 00:00:00,1
2010-06-08 00:00:00,2010-06-08 00:00:00,33.75,2010-06-08 00:00:00,31,32.5,46,147100,4828825,2010-06-08 00:00:00,1
2010-06-09 00:00:00,2010-06-09 00:00:00,33,2010-06-09 00:00:00,31.5,31.5,20,24500,786875,2010-06-09 00:00:00,1
2010-06-10 00:00:00,2010-06-10 00:00:00,32.75,2010-06-10 00:00:00,31.25,31.5,51,88500,2820950,2010-06-10 00:00:00,1
2010-06-11 00:00:00,2010-06-11 00:00:00,32,2010-06-11 00:00:00,31,31.5,42,119200,3757375,2010-06-11 00:00:00,1
2010-06-14 00:00:00,2010-06-14 00:00:00,31.5,2010-06-14 00:00:00,30.5,30.75,31,52400,1628025,2010-06-14 00:00:00,1
2010-06-15 00:00:00,2010-06-15 00:00:00,31.5,2010-06-15 00:00:00,30,31.25,55,121100,3709850,2010-06-15 00:00:00,1
2010-06-16 00:00:00,2010-06-16 00:00:00,30.25,2010-06-16 00:00:00,29.75,30,44,89000,2667650,2010-06-16 00:00:00,1
2010-06-17 00:00:00,2010-06-17 00:00:00,30.25,2010-06-17 00:00:00,29.5,30,58,160700,4807425,2010-06-17 00:00:00,1
2010-06-21 00:00:00,2010-06-21 00:00:00,30.75,2010-06-21 00:00:00,29.75,30.5,107,331600,10054775,2010-06-21 00:00:00,1
2010-06-22 00:00:00,2010-06-22 00:00:00,30.5,2010-06-22 00:00:00,30,30,35,84600,2541950,2010-06-22 00:00:00,1
2010-06-23 00:00:00,2010-06-23 00:00:00,30.5,2010-06-23 00:00:00,28.25,28.25,49,115400,3332275,2010-06-23 00:00:00,1
2010-06-24 00:00:00,2010-06-24 00:00:00,29,2010-06-24 00:00:00,27.75,28,43,78300,2193975,2010-06-24 00:00:00,1
2010-06-28 00:00:00,2010-06-28 00:00:00,29,2010-06-28 00:00:00,27.75,28,22,32400,918575,2010-06-28 00:00:00,1
2010-06-29 00:00:00,2010-06-29 00:00:00,30,2010-06-29 00:00:00,27.5,29,43,48600,1407925,2010-06-29 00:00:00,1
2010-06-30 00:00:00,2010-06-30 00:00:00,30,2010-06-30 00:00:00,28.5,28.75,22,38900,1121500,2010-06-30 00:00:00,1
2010-07-01 00:00:00,2010-07-01 00:00:00,29,2010-07-01 00:00:00,28,28.25,27,25500,721625,2010-07-01 00:00:00,1
2010-07-02 00:00:00,2010-07-02 00:00:00,29,2010-07-02 00:00:00,28,28.5,29,237100,6750750,2010-07-02 00:00:00,1
2010-07-05 00:00:00,2010-07-05 00:00:00,29.25,2010-07-05 00:00:00,28,28.25,34,158500,4504950,2010-07-05 00:00:00,1
2010-07-06 00:00:00,2010-07-06 00:00:00,28.5,2010-07-06 00:00:00,27.5,28,6,1300,36425,2010-07-06 00:00:00,1
2010-07-07 00:00:00,2010-07-07 00:00:00,27.5,2010-07-07 00:00:00,26,26.25,24,40600,1066775,2010-07-07 00:00:00,1
2010-07-08 00:00:00,2010-07-08 00:00:00,27.5,2010-07-08 00:00:00,26,27.25,20,24900,656300,2010-07-08 00:00:00,1
2010-07-09 00:00:00,2010-07-09 00:00:00,27.75,2010-07-09 00:00:00,26.75,27.5,20,25100,683375,2010-07-09 00:00:00,1
2010-07-12 00:00:00,2010-07-12 00:00:00,27.75,2010-07-12 00:00:00,27,27.75,15,13200,363325,2010-07-12 00:00:00,1
2010-07-13 00:00:00,2010-07-13 00:00:00,30.75,2010-07-13 00:00:00,27.5,29,56,117000,3396000,2010-07-13 00:00:00,1
2010-07-14 00:00:00,2010-07-14 00:00:00,32,2010-07-14 00:00:00,29,30.75,382,900700,28244025,2010-07-14 00:00:00,1
2010-07-15 00:00:00,2010-07-15 00:00:00,32,2010-07-15 00:00:00,30,31,47,87600,2753750,2010-07-15 00:00:00,1
2010-07-16 00:00:00,2010-07-16 00:00:00,37.5,2010-07-16 00:00:00,31,31.5,393,1249100,40780150,2010-07-16 00:00:00,1
2010-07-19 00:00:00,2010-07-19 00:00:00,32,2010-07-19 00:00:00,31.5,31.5,29,38000,1197675,2010-07-19 00:00:00,1
2010-07-20 00:00:00,2010-07-20 00:00:00,32.25,2010-07-20 00:00:00,30.75,31.25,56,188400,5877325,2010-07-20 00:00:00,1
2010-07-21 00:00:00,2010-07-21 00:00:00,33.75,2010-07-21 00:00:00,31.25,33.25,255,728200,23983750,2010-07-21 00:00:00,1
2010-07-22 00:00:00,2010-07-22 00:00:00,34,2010-07-22 00:00:00,30.75,31.5,25,25500,826850,2010-07-22 00:00:00,1
2010-07-23 00:00:00,2010-07-23 00:00:00,32.25,2010-07-23 00:00:00,31.5,31.75,23,27600,874850,2010-07-23 00:00:00,1
2010-07-26 00:00:00,2010-07-26 00:00:00,32.5,2010-07-26 00:00:00,31,31.5,23,93900,2967725,2010-07-26 00:00:00,1
2010-07-27 00:00:00,2010-07-27 00:00:00,32.5,2010-07-27 00:00:00,31,31.5,55,179100,5760650,2010-07-27 00:00:00,1
2010-07-28 00:00:00,2010-07-28 00:00:00,33,2010-07-28 00:00:00,31.5,32.5,98,326400,10423150,2010-07-28 00:00:00,1
2010-07-29 00:00:00,2010-07-29 00:00:00,33.25,2010-07-29 00:00:00,32,32.25,45,83000,2711750,2010-07-29 00:00:00,1
2010-07-30 00:00:00,2010-07-30 00:00:00,33,2010-07-30 00:00:00,31,32.5,27,87000,2741425,2010-07-30 00:00:00,1
2010-08-02 00:00:00,2010-08-02 00:00:00,32.5,2010-08-02 00:00:00,31.5,31.6,39,79000,2508860,2010-08-02 00:00:00,1
2010-08-03 00:00:00,2010-08-03 00:00:00,36.2,2010-08-03 00:00:00,31,34.9,343,1399000,47844150,2010-08-03 00:00:00,1
2010-08-04 00:00:00,2010-08-04 00:00:00,40.5,2010-08-04 00:00:00,34,39.7,1234,3780700,145053830,2010-08-04 00:00:00,1
2010-08-05 00:00:00,2010-08-05 00:00:00,42.9,2010-08-05 00:00:00,36,39.2,841,2333400,92664570,2010-08-05 00:00:00,1
2010-08-06 00:00:00,2010-08-06 00:00:00,40.1,2010-08-06 00:00:00,37,37.5,153,247300,9398760,2010-08-06 00:00:00,1
2010-08-09 00:00:00,2010-08-09 00:00:00,37,2010-08-09 00:00:00,33.8,34,170,410000,13948370,2010-08-09 00:00:00,1
2010-08-10 00:00:00,2010-08-10 00:00:00,37.4,2010-08-10 00:00:00,31,37.3,199,368800,13183160,2010-08-10 00:00:00,1
2010-08-11 00:00:00,2010-08-11 00:00:00,40,2010-08-11 00:00:00,37,37.1,153,256900,9954620,2010-08-11 00:00:00,1
2010-08-12 00:00:00,2010-08-12 00:00:00,39,2010-08-12 00:00:00,35.5,36.4,48,83500,3028030,2010-08-12 00:00:00,1
2010-08-13 00:00:00,2010-08-13 00:00:00,40,2010-08-13 00:00:00,36.9,37.1,192,326200,12248900,2010-08-13 00:00:00,1
2010-08-16 00:00:00,2010-08-16 00:00:00,39,2010-08-16 00:00:00,37,37.3,67,166800,6335320,2010-08-16 00:00:00,1
2010-08-17 00:00:00,2010-08-17 00:00:00,38.5,2010-08-17 00:00:00,36,36.6,65,171400,6258210,2010-08-17 00:00:00,1
2010-08-18 00:00:00,2010-08-18 00:00:00,38.5,2010-08-18 00:00:00,37,37.1,92,180300,6796760,2010-08-18 00:00:00,1
2010-08-19 00:00:00,2010-08-19 00:00:00,40.8,2010-08-19 00:00:00,36.6,40,367,917800,36116040,2010-08-19 00:00:00,1
2010-08-20 00:00:00,2010-08-20 00:00:00,43,2010-08-20 00:00:00,39,40.8,508,1188400,48712130,2010-08-20 00:00:00,1
2010-08-23 00:00:00,2010-08-23 00:00:00,42,2010-08-23 00:00:00,38.9,40.2,155,374600,14985900,2010-08-23 00:00:00,1
2010-08-25 00:00:00,2010-08-25 00:00:00,40.5,2010-08-25 00:00:00,38.5,39.4,164,372300,14747170,2010-08-25 00:00:00,1
2010-08-26 00:00:00,2010-08-26 00:00:00,40.5,2010-08-26 00:00:00,37.5,39.8,77,234900,9374760,2010-08-26 00:00:00,1
2010-08-27 00:00:00,2010-08-27 00:00:00,41,2010-08-27 00:00:00,38.5,39,171,416000,16419920,2010-08-27 00:00:00,1
2010-08-30 00:00:00,2010-08-30 00:00:00,41.5,2010-08-30 00:00:00,39,40.9,335,825000,33599760,2010-08-30 00:00:00,1
2010-08-31 00:00:00,2010-08-31 00:00:00,44.9,2010-08-31 00:00:00,40.6,44.5,1106,2551000,110390350,2010-08-31 00:00:00,1
2010-09-01 00:00:00,2010-09-01 00:00:00,48.9,2010-09-01 00:00:00,43.1,47.8,873,1941900,90633110,2010-09-01 00:00:00,1
2010-09-02 00:00:00,2010-09-02 00:00:00,49.5,2010-09-02 00:00:00,46,47.6,591,4504900,212641280,2010-09-02 00:00:00,1
2010-09-03 00:00:00,2010-09-03 00:00:00,48.4,2010-09-03 00:00:00,45.6,46.9,236,408600,19231770,2010-09-03 00:00:00,1
2010-09-06 00:00:00,2010-09-06 00:00:00,46.5,2010-09-06 00:00:00,45,45.9,110,135300,6192030,2010-09-06 00:00:00,1
2010-09-07 00:00:00,2010-09-07 00:00:00,46,2010-09-07 00:00:00,44,44.1,100,194700,8672250,2010-09-07 00:00:00,1
2010-09-08 00:00:00,2010-09-08 00:00:00,48.5,2010-09-08 00:00:00,45,48,300,720000,34261620,2010-09-08 00:00:00,1
2010-09-09 00:00:00,2010-09-09 00:00:00,50,2010-09-09 00:00:00,46,46.2,134,165600,7882550,2010-09-09 00:00:00,1
2010-09-13 00:00:00,2010-09-13 00:00:00,47,2010-09-13 00:00:00,45,45.5,69,142900,6511130,2010-09-13 00:00:00,1
2010-09-14 00:00:00,2010-09-14 00:00:00,47.5,2010-09-14 00:00:00,44,44.1,82,146700,6469870,2010-09-14 00:00:00,1
2010-09-15 00:00:00,2010-09-15 00:00:00,46,2010-09-15 00:00:00,43.4,44.8,141,299400,13353450,2010-09-15 00:00:00,1
2010-09-16 00:00:00,2010-09-16 00:00:00,46,2010-09-16 00:00:00,44.6,45.5,53,66300,3003070,2010-09-16 00:00:00,1
2010-09-17 00:00:00,2010-09-17 00:00:00,47.4,2010-09-17 00:00:00,44.5,45.1,77,74100,3357620,2010-09-17 00:00:00,1
2010-09-20 00:00:00,2010-09-20 00:00:00,45.1,2010-09-20 00:00:00,44,44.7,69,65400,2929680,2010-09-20 00:00:00,1
2010-09-21 00:00:00,2010-09-21 00:00:00,48.2,2010-09-21 00:00:00,44,46.3,182,442700,20398560,2010-09-21 00:00:00,1
2010-09-23 00:00:00,2010-09-23 00:00:00,47.5,2010-09-23 00:00:00,45.2,45.5,88,135500,6272710,2010-09-23 00:00:00,1
2010-09-24 00:00:00,2010-09-24 00:00:00,46,2010-09-24 00:00:00,44,44,60,83000,3687130,2010-09-24 00:00:00,1
2010-09-27 00:00:00,2010-09-27 00:00:00,45.5,2010-09-27 00:00:00,43,43.7,74,91200,4020990,2010-09-27 00:00:00,1
2010-09-28 00:00:00,2010-09-28 00:00:00,45,2010-09-28 00:00:00,43,44.9,81,239000,10588580,2010-09-28 00:00:00,1
2010-09-29 00:00:00,2010-09-29 00:00:00,46,2010-09-29 00:00:00,43,45.4,114,533400,23989370,2010-09-29 00:00:00,1
2010-09-30 00:00:00,2010-09-30 00:00:00,46.9,2010-09-30 00:00:00,45.1,45.5,110,484300,22122510,2010-09-30 00:00:00,1
2010-10-01 00:00:00,2010-10-01 00:00:00,46.6,2010-10-01 00:00:00,45.1,45.7,120,346700,15928440,2010-10-01 00:00:00,1
2010-10-04 00:00:00,2010-10-04 00:00:00,46,2010-10-04 00:00:00,45,45.5,66,146900,6684080,2010-10-04 00:00:00,1
2010-10-05 00:00:00,2010-10-05 00:00:00,46.3,2010-10-05 00:00:00,44,45.8,71,263200,11983040,2010-10-05 00:00:00,1
2010-10-06 00:00:00,2010-10-06 00:00:00,45.8,2010-10-06 00:00:00,44.1,45.2,102,414200,18775510,2010-10-06 00:00:00,1
2010-10-07 00:00:00,2010-10-07 00:00:00,45,2010-10-07 00:00:00,43.2,44.5,60,140600,6265900,2010-10-07 00:00:00,1
2010-10-08 00:00:00,2010-10-08 00:00:00,44.9,2010-10-08 00:00:00,43.1,44.5,48,64700,2847850,2010-10-08 00:00:00,1
2010-10-11 00:00:00,2010-10-11 00:00:00,46,2010-10-11 00:00:00,44.4,44.5,46,144900,6454300,2010-10-11 00:00:00,1
2010-10-12 00:00:00,2010-10-12 00:00:00,44.5,2010-10-12 00:00:00,43,43.3,84,234700,10262350,2010-10-12 00:00:00,1
2010-10-13 00:00:00,2010-10-13 00:00:00,44.8,2010-10-13 00:00:00,40.5,43.1,98,366500,15398170,2010-10-13 00:00:00,1
2010-10-14 00:00:00,2010-10-14 00:00:00,43.8,2010-10-14 00:00:00,42,42,22,44700,1892190,2010-10-14 00:00:00,1
2010-10-15 00:00:00,2010-10-15 00:00:00,43.5,2010-10-15 00:00:00,42,42.9,34,80500,3407660,2010-10-15 00:00:00,1
2010-10-18 00:00:00,2010-10-18 00:00:00,42.5,2010-10-18 00:00:00,42,42,33,39100,1642750,2010-10-18 00:00:00,1
2010-10-19 00:00:00,2010-10-19 00:00:00,43,2010-10-19 00:00:00,42,42.2,33,55300,2341700,2010-10-19 00:00:00,1
2010-10-20 00:00:00,2010-10-20 00:00:00,43,2010-10-20 00:00:00,42,42,24,60700,2554400,2010-10-20 00:00:00,1
2010-10-21 00:00:00,2010-10-21 00:00:00,42,2010-10-21 00:00:00,41,42,6,9600,402100,2010-10-21 00:00:00,1
2010-10-25 00:00:00,2010-10-25 00:00:00,43.5,2010-10-25 00:00:00,42,43,52,130900,5624920,2010-10-25 00:00:00,1
2010-10-26 00:00:00,2010-10-26 00:00:00,44.5,2010-10-26 00:00:00,43,43.9,91,175600,7724280,2010-10-26 00:00:00,1
2010-10-27 00:00:00,2010-10-27 00:00:00,44,2010-10-27 00:00:00,43,43.9,48,97800,4257190,2010-10-27 00:00:00,1
2010-10-28 00:00:00,2010-10-28 00:00:00,45,2010-10-28 00:00:00,43.8,44.2,45,85600,3770930,2010-10-28 00:00:00,1
2010-10-29 00:00:00,2010-10-29 00:00:00,45.9,2010-10-29 00:00:00,44,45,35,85500,3816050,2010-10-29 00:00:00,1
2010-11-01 00:00:00,2010-11-01 00:00:00,45,2010-11-01 00:00:00,44,44.5,20,57900,2586740,2010-11-01 00:00:00,1
2010-11-02 00:00:00,2010-11-02 00:00:00,45,2010-11-02 00:00:00,44,44.1,27,33900,1512940,2010-11-02 00:00:00,1
2010-11-03 00:00:00,2010-11-03 00:00:00,45,2010-11-03 00:00:00,43.8,43.9,30,43400,1917510,2010-11-03 00:00:00,1
2010-11-04 00:00:00,2010-11-04 00:00:00,44,2010-11-04 00:00:00,43,43.9,12,28300,1241400,2010-11-04 00:00:00,1
2010-11-08 00:00:00,2010-11-08 00:00:00,45,2010-11-08 00:00:00,41.1,42.6,7,5000,218570,2010-11-08 00:00:00,1
2010-11-09 00:00:00,2010-11-09 00:00:00,44.5,2010-11-09 00:00:00,41.9,44,16,24600,1076360,2010-11-09 00:00:00,1
2010-11-10 00:00:00,2010-11-10 00:00:00,44,2010-11-10 00:00:00,43,43.9,10,6600,287110,2010-11-10 00:00:00,1
2010-11-11 00:00:00,2010-11-11 00:00:00,45.2,2010-11-11 00:00:00,43.5,44.8,29,47500,2117830,2010-11-11 00:00:00,1
2010-11-12 00:00:00,2010-11-12 00:00:00,45.9,2010-11-12 00:00:00,43.6,44.6,30,27100,1202250,2010-11-12 00:00:00,1
2010-11-15 00:00:00,2010-11-15 00:00:00,44.9,2010-11-15 00:00:00,42.8,44,29,37100,1629740,2010-11-15 00:00:00,1
2010-11-16 00:00:00,2010-11-16 00:00:00,44,2010-11-16 00:00:00,43,43,26,46200,2000250,2010-11-16 00:00:00,1
2010-11-18 00:00:00,2010-11-18 00:00:00,44,2010-11-18 00:00:00,43,43.2,9,16800,733980,2010-11-18 00:00:00,1
2010-11-22 00:00:00,2010-11-22 00:00:00,44,2010-11-22 00:00:00,43,43.3,13,10800,469140,2010-11-22 00:00:00,1
2010-11-23 00:00:00,2010-11-23 00:00:00,43,2010-11-23 00:00:00,41.9,42.7,31,32200,1371010,2010-11-23 00:00:00,1
2010-11-24 00:00:00,2010-11-24 00:00:00,43,2010-11-24 00:00:00,41,43,16,10200,431270,2010-11-24 00:00:00,1
2010-11-25 00:00:00,2010-11-25 00:00:00,42.9,2010-11-25 00:00:00,41,42.7,7,12000,507300,2010-11-25 00:00:00,1
2010-11-26 00:00:00,2010-11-26 00:00:00,42.9,2010-11-26 00:00:00,41.1,42.9,9,8600,366640,2010-11-26 00:00:00,1
2010-11-29 00:00:00,2010-11-29 00:00:00,42.9,2010-11-29 00:00:00,40,42.4,37,26000,1091130,2010-11-29 00:00:00,1
2010-11-30 00:00:00,2010-11-30 00:00:00,42.9,2010-11-30 00:00:00,41.1,42.3,15,23000,965350,2010-11-30 00:00:00,1
2010-12-01 00:00:00,2010-12-01 00:00:00,44,2010-12-01 00:00:00,42,43.9,45,75100,3229850,2010-12-01 00:00:00,1
2010-12-02 00:00:00,2010-12-02 00:00:00,44,2010-12-02 00:00:00,43,43.5,6,7500,325000,2010-12-02 00:00:00,1
2010-12-03 00:00:00,2010-12-03 00:00:00,43.5,2010-12-03 00:00:00,43,43,12,12200,525620,2010-12-03 00:00:00,1
2010-12-06 00:00:00,2010-12-06 00:00:00,44.7,2010-12-06 00:00:00,43,43.5,25,22300,969020,2010-12-06 00:00:00,1
2010-12-07 00:00:00,2010-12-07 00:00:00,43,2010-12-07 00:00:00,42.8,43,19,38800,1667400,2010-12-07 00:00:00,1
2010-12-08 00:00:00,2010-12-08 00:00:00,42.9,2010-12-08 00:00:00,42,42.3,27,66000,2800020,2010-12-08 00:00:00,1
2010-12-09 00:00:00,2010-12-09 00:00:00,44,2010-12-09 00:00:00,42.5,43,30,59600,2558860,2010-12-09 00:00:00,1
2010-12-10 00:00:00,2010-12-10 00:00:00,43,2010-12-10 00:00:00,42.8,43,28,72900,3132490,2010-12-10 00:00:00,1
2010-12-13 00:00:00,2010-12-13 00:00:00,43.2,2010-12-13 00:00:00,42,42.6,40,53300,2277800,2010-12-13 00:00:00,1
2010-12-14 00:00:00,2010-12-14 00:00:00,43,2010-12-14 00:00:00,42,42.9,19,15600,668750,2010-12-14 00:00:00,1
2010-12-15 00:00:00,2010-12-15 00:00:00,42.9,2010-12-15 00:00:00,42.5,42.9,16,22200,951420,2010-12-15 00:00:00,1
2010-12-16 00:00:00,2010-12-16 00:00:00,43.5,2010-12-16 00:00:00,42,43,54,69300,2979720,2010-12-16 00:00:00,1
2010-12-17 00:00:00,2010-12-17 00:00:00,42.7,2010-12-17 00:00:00,42.5,42.5,25,26300,1119930,2010-12-17 00:00:00,1
2010-12-21 00:00:00,2010-12-21 00:00:00,43,2010-12-21 00:00:00,42.5,42.5,27,23300,991980,2010-12-21 00:00:00,1
2010-12-22 00:00:00,2010-12-22 00:00:00,42.5,2010-12-22 00:00:00,42.1,42.3,25,25000,1059800,2010-12-22 00:00:00,1
2010-12-23 00:00:00,2010-12-23 00:00:00,42.9,2010-12-23 00:00:00,42,42.1,42,39800,1678760,2010-12-23 00:00:00,1
2010-12-24 00:00:00,2010-12-24 00:00:00,42.5,2010-12-24 00:00:00,41.6,42.1,17,24000,1012180,2010-12-24 00:00:00,1
2010-12-27 00:00:00,2010-12-27 00:00:00,45,2010-12-27 00:00:00,41.9,43.6,86,294000,12617300,2010-12-27 00:00:00,1
2010-12-28 00:00:00,2010-12-28 00:00:00,47.9,2010-12-28 00:00:00,43.8,46.4,161,329900,15162300,2010-12-28 00:00:00,1
2010-12-29 00:00:00,2010-12-29 00:00:00,48,2010-12-29 00:00:00,46,47.4,229,375800,17746500,2010-12-29 00:00:00,1
2010-12-30 00:00:00,2010-12-30 00:00:00,47.9,2010-12-30 00:00:00,46,47.1,126,202600,9539090,2010-12-30 00:00:00,1
2010-12-31 00:00:00,2010-12-31 00:00:00,47.4,2010-12-31 00:00:00,47,47,104,75400,3546560,2010-12-31 00:00:00,1
Company Id :  ACL,,Security Type :  N,,Sub Type :  0000,,,,,,
Short Name :  ACL,,,,,,,,,,
Day,Date High,High,Date Low,Low,Closing,No. of Trades,No. of Shares,Turnover,Last Traded,Days Traded
2010-01-04 00:00:00,2010-01-04 00:00:00,81.5,2010-01-04 00:00:00,77,81,378,596800,47628250,2010-01-04 00:00:00,1
2010-01-05 00:00:00,2010-01-05 00:00:00,84.75,2010-01-05 00:00:00,80.5,83.25,558,747300,62072250,2010-01-05 00:00:00,1
2010-01-06 00:00:00,2010-01-06 00:00:00,83.75,2010-01-06 00:00:00,80.5,81.25,105,85100,7009500,2010-01-06 00:00:00,1
2010-01-07 00:00:00,2010-01-07 00:00:00,81,2010-01-07 00:00:00,79,80,83,63100,5044775,2010-01-07 00:00:00,1
2010-01-08 00:00:00,2010-01-08 00:00:00,80.5,2010-01-08 00:00:00,79,79.75,50,50200,3994000,2010-01-08 00:00:00,1
2010-01-11 00:00:00,2010-01-11 00:00:00,79.75,2010-01-11 00:00:00,78.25,79,72,119700,9457625,2010-01-11 00:00:00,1
2010-01-12 00:00:00,2010-01-12 00:00:00,80,2010-01-12 00:00:00,78,79.25,104,176300,13903625,2010-01-12 00:00:00,1
2010-01-13 00:00:00,2010-01-13 00:00:00,81.75,2010-01-13 00:00:00,79,80.5,141,320600,25772300,2010-01-13 00:00:00,1
2010-01-15 00:00:00,2010-01-15 00:00:00,83.5,2010-01-15 00:00:00,80,82.75,294,390600,32306550,2010-01-15 00:00:00,1
2010-01-18 00:00:00,2010-01-18 00:00:00,83.75,2010-01-18 00:00:00,80.25,81.25,83,80400,6564375,2010-01-18 00:00:00,1
2010-01-19 00:00:00,2010-01-19 00:00:00,81.25,2010-01-19 00:00:00,79,79.25,79,58000,4600925,2010-01-19 00:00:00,1
2010-01-20 00:00:00,2010-01-20 00:00:00,82.5,2010-01-20 00:00:00,79,82.5,120,129900,10634625,2010-01-20 00:00:00,1
2010-01-21 00:00:00,2010-01-21 00:00:00,82.5,2010-01-21 00:00:00,81,81.5,54,51100,4174525,2010-01-21 00:00:00,1
2010-01-22 00:00:00,2010-01-22 00:00:00,81.5,2010-01-22 00:00:00,80,80.5,51,35100,2829600,2010-01-22 00:00:00,1
2010-01-25 00:00:00,2010-01-25 00:00:00,81.75,2010-01-25 00:00:00,80,81,79,115100,9323750,2010-01-25 00:00:00,1
2010-01-26 00:00:00,2010-01-26 00:00:00,81,2010-01-26 00:00:00,80.5,81,19,13500,1093150,2010-01-26 00:00:00,1
2010-01-28 00:00:00,2010-01-28 00:00:00,83,2010-01-28 00:00:00,79,82.75,155,192100,15660650,2010-01-28 00:00:00,1
2010-02-01 00:00:00,2010-02-01 00:00:00,83,2010-02-01 00:00:00,81,81.75,101,139200,11437425,2010-02-01 00:00:00,1
2010-02-02 00:00:00,2010-02-02 00:00:00,86.25,2010-02-02 00:00:00,82.5,85,387,395200,33321575,2010-02-02 00:00:00,1
2010-02-03 00:00:00,2010-02-03 00:00:00,85.75,2010-02-03 00:00:00,83.5,84,81,74500,6302725,2010-02-03 00:00:00,1
2010-02-05 00:00:00,2010-02-05 00:00:00,84,2010-02-05 00:00:00,81,81.25,52,41500,3382700,2010-02-05 00:00:00,1
2010-02-08 00:00:00,2010-02-08 00:00:00,85,2010-02-08 00:00:00,82.5,83.5,54,53200,4472475,2010-02-08 00:00:00,1
2010-02-09 00:00:00,2010-02-09 00:00:00,84,2010-02-09 00:00:00,81,83,74,76900,6364400,2010-02-09 00:00:00,1
2010-02-10 00:00:00,2010-02-10 00:00:00,83.5,2010-02-10 00:00:00,83,83,69,106800,8868000,2010-02-10 00:00:00,1
2010-02-11 00:00:00,2010-02-11 00:00:00,83,2010-02-11 00:00:00,82.25,82.5,70,97800,8080975,2010-02-11 00:00:00,1
2010-02-12 00:00:00,2010-02-12 00:00:00,83.5,2010-02-12 00:00:00,81.5,83,43,28700,2364975,2010-02-12 00:00:00,1
2010-02-15 00:00:00,2010-02-15 00:00:00,82.5,2010-02-15 00:00:00,81.5,82,28,29300,2400225,2010-02-15 00:00:00,1
2010-02-16 00:00:00,2010-02-16 00:00:00,81.5,2010-02-16 00:00:00,79.25,79.25,58,70000,5604625,2010-02-16 00:00:00,1
2010-02-17 00:00:00,2010-02-17 00:00:00,79.5,2010-02-17 00:00:00,77,79,66,64600,5021825,2010-02-17 00:00:00,1
2010-02-18 00:00:00,2010-02-18 00:00:00,79,2010-02-18 00:00:00,78,79,27,12700,995650,2010-02-18 00:00:00,1
2010-02-19 00:00:00,2010-02-19 00:00:00,79,2010-02-19 00:00:00,78.25,78.75,26,20100,1584000,2010-02-19 00:00:00,1
2010-02-22 00:00:00,2010-02-22 00:00:00,79.75,2010-02-22 00:00:00,77.75,77.75,92,128000,9997075,2010-02-22 00:00:00,1
2010-02-23 00:00:00,2010-02-23 00:00:00,78,2010-02-23 00:00:00,77.5,77.75,25,23600,1832625,2010-02-23 00:00:00,1
2010-02-24 00:00:00,2010-02-24 00:00:00,80,2010-02-24 00:00:00,77.5,78,38,24800,1932450,2010-02-24 00:00:00,1
2010-02-25 00:00:00,2010-02-25 00:00:00,78,2010-02-25 00:00:00,77.25,77.5,24,15200,1178175,2010-02-25 00:00:00,1
2010-02-26 00:00:00,2010-02-26 00:00:00,78,2010-02-26 00:00:00,77,77.25,31,13800,1067150,2010-02-26 00:00:00,1
2010-03-01 00:00:00,2010-03-01 00:00:00,80,2010-03-01 00:00:00,78,79,66,328400,25840500,2010-03-01 00:00:00,1
2010-03-02 00:00:00,2010-03-02 00:00:00,79,2010-03-02 00:00:00,77,77.25,71,89700,7008050,2010-03-02 00:00:00,1
2010-03-03 00:00:00,2010-03-03 00:00:00,79,2010-03-03 00:00:00,77.5,78,47,89500,6982075,2010-03-03 00:00:00,1
2010-03-04 00:00:00,2010-03-04 00:00:00,78.5,2010-03-04 00:00:00,77,78,21,73500,5730325,2010-03-04 00:00:00,1
2010-03-05 00:00:00,2010-03-05 00:00:00,78.25,2010-03-05 00:00:00,77.25,78,31,121500,9466625,2010-03-05 00:00:00,1
2010-03-08 00:00:00,2010-03-08 00:00:00,78,2010-03-08 00:00:00,77.25,77.25,15,7500,581875,2010-03-08 00:00:00,1
2010-03-09 00:00:00,2010-03-09 00:00:00,78,2010-03-09 00:00:00,77,77,15,8900,693675,2010-03-09 00:00:00,1
2010-03-10 00:00:00,2010-03-10 00:00:00,78.25,2010-03-10 00:00:00,77.25,78,38,81700,6372825,2010-03-10 00:00:00,1
2010-03-11 00:00:00,2010-03-11 00:00:00,78.5,2010-03-11 00:00:00,78,78.5,31,40800,3198650,2010-03-11 00:00:00,1
2010-03-12 00:00:00,2010-03-12 00:00:00,78.5,2010-03-12 00:00:00,78,78.5,25,39000,3061050,2010-03-12 00:00:00,1
2010-03-15 00:00:00,2010-03-15 00:00:00,79.5,2010-03-15 00:00:00,78,78.5,97,87500,6848025,2010-03-15 00:00:00,1
2010-03-16 00:00:00,2010-03-16 00:00:00,79,2010-03-16 00:00:00,78,78,25,113800,8889300,2010-03-16 00:00:00,1
2010-03-17 00:00:00,2010-03-17 00:00:00,79,2010-03-17 00:00:00,77.5,78,41,92400,7210800,2010-03-17 00:00:00,1
2010-03-18 00:00:00,2010-03-18 00:00:00,78.5,2010-03-18 00:00:00,78,78.25,15,11800,921050,2010-03-18 00:00:00,1
2010-03-19 00:00:00,2010-03-19 00:00:00,78,2010-03-19 00:00:00,77.5,77.5,6,31200,2425600,2010-03-19 00:00:00,1
2010-03-22 00:00:00,2010-03-22 00:00:00,77.75,2010-03-22 00:00:00,77.25,77.5,12,17500,1356125,2010-03-22 00:00:00,1
2010-03-23 00:00:00,2010-03-23 00:00:00,77.5,2010-03-23 00:00:00,77,77,14,29600,2280000,2010-03-23 00:00:00,1
2010-03-24 00:00:00,2010-03-24 00:00:00,76,2010-03-24 00:00:00,75,75.5,13,21800,1637275,2010-03-24 00:00:00,1
2010-03-25 00:00:00,2010-03-25 00:00:00,76,2010-03-25 00:00:00,75,76,15,5400,408150,2010-03-25 00:00:00,1
2010-03-26 00:00:00,2010-03-26 00:00:00,76.25,2010-03-26 00:00:00,75.75,76,10,12600,957725,2010-03-26 00:00:00,1
2010-03-30 00:00:00,2010-03-30 00:00:00,76,2010-03-30 00:00:00,75.5,75.75,13,4900,371500,2010-03-30 00:00:00,1
2010-03-31 00:00:00,2010-03-31 00:00:00,75.5,2010-03-31 00:00:00,75,75,53,69500,5217325,2010-03-31 00:00:00,1
2010-04-01 00:00:00,2010-04-01 00:00:00,75.75,2010-04-01 00:00:00,75,75,21,62600,4702150,2010-04-01 00:00:00,1
2010-04-05 00:00:00,2010-04-05 00:00:00,77.5,2010-04-05 00:00:00,76,77.25,6,900,69000,2010-04-05 00:00:00,1
2010-04-06 00:00:00,2010-04-06 00:00:00,81,2010-04-06 00:00:00,77,80,55,84200,6729225,2010-04-06 00:00:00,1
2010-04-07 00:00:00,2010-04-07 00:00:00,82,2010-04-07 00:00:00,80.5,81,56,71800,5871425,2010-04-07 00:00:00,1
2010-04-08 00:00:00,2010-04-08 00:00:00,83.25,2010-04-08 00:00:00,81,83,93,126300,10442875,2010-04-08 00:00:00,1
2010-04-12 00:00:00,2010-04-12 00:00:00,84,2010-04-12 00:00:00,83.5,84,47,43600,3659675,2010-04-12 00:00:00,1
2010-04-15 00:00:00,2010-04-15 00:00:00,84.25,2010-04-15 00:00:00,83.75,84,57,55700,4676125,2010-04-15 00:00:00,1
2010-04-16 00:00:00,2010-04-16 00:00:00,84,2010-04-16 00:00:00,82.5,82.5,13,4100,340825,2010-04-16 00:00:00,1
2010-04-19 00:00:00,2010-04-19 00:00:00,84,2010-04-19 00:00:00,82.25,83.75,44,105900,8797725,2010-04-19 00:00:00,1
2010-04-20 00:00:00,2010-04-20 00:00:00,83,2010-04-20 00:00:00,82,82.5,18,10200,840350,2010-04-20 00:00:00,1
2010-04-21 00:00:00,2010-04-21 00:00:00,82.25,2010-04-21 00:00:00,81.5,82,23,27500,2252375,2010-04-21 00:00:00,1
2010-04-22 00:00:00,2010-04-22 00:00:00,82.5,2010-04-22 00:00:00,80,80,43,40200,3237450,2010-04-22 00:00:00,1
2010-04-23 00:00:00,2010-04-23 00:00:00,84,2010-04-23 00:00:00,80,83.5,117,133600,11097925,2010-04-23 00:00:00,1
2010-04-26 00:00:00,2010-04-26 00:00:00,83,2010-04-26 00:00:00,80.25,80.75,20,23100,1872525,2010-04-26 00:00:00,1
2010-04-27 00:00:00,2010-04-27 00:00:00,81.5,2010-04-27 00:00:00,80.5,81,11,10500,850650,2010-04-27 00:00:00,1
2010-04-29 00:00:00,2010-04-29 00:00:00,81.25,2010-04-29 00:00:00,81,81,12,15700,1272100,2010-04-29 00:00:00,1
2010-04-30 00:00:00,2010-04-30 00:00:00,82.25,2010-04-30 00:00:00,81,81,22,35100,2845825,2010-04-30 00:00:00,1
2010-05-03 00:00:00,2010-05-03 00:00:00,82.25,2010-05-03 00:00:00,81.25,82,20,8300,679450,2010-05-03 00:00:00,1
2010-05-04 00:00:00,2010-05-04 00:00:00,81,2010-05-04 00:00:00,81,81,8,2600,210600,2010-05-04 00:00:00,1
2010-05-05 00:00:00,2010-05-05 00:00:00,81,2010-05-05 00:00:00,80,80.25,24,20700,1658725,2010-05-05 00:00:00,1
2010-05-06 00:00:00,2010-05-06 00:00:00,81,2010-05-06 00:00:00,79.5,81,18,19400,1563225,2010-05-06 00:00:00,1
2010-05-07 00:00:00,2010-05-07 00:00:00,80.75,2010-05-07 00:00:00,80,80,17,24000,1924125,2010-05-07 00:00:00,1
2010-05-10 00:00:00,2010-05-10 00:00:00,80.75,2010-05-10 00:00:00,79.75,80,20,73600,5892375,2010-05-10 00:00:00,1
2010-05-11 00:00:00,2010-05-11 00:00:00,80,2010-05-11 00:00:00,79.5,80,10,35800,2863725,2010-05-11 00:00:00,1
2010-05-12 00:00:00,2010-05-12 00:00:00,80,2010-05-12 00:00:00,79.5,80,14,12000,959150,2010-05-12 00:00:00,1
2010-05-13 00:00:00,2010-05-13 00:00:00,80,2010-05-13 00:00:00,80,80,14,18100,1448000,2010-05-13 00:00:00,1
2010-05-14 00:00:00,2010-05-14 00:00:00,80.25,2010-05-14 00:00:00,80,80,14,19100,1528775,2010-05-14 00:00:00,1
2010-05-17 00:00:00,2010-05-17 00:00:00,80.5,2010-05-17 00:00:00,78,80,9,11300,895750,2010-05-17 00:00:00,1
2010-05-18 00:00:00,2010-05-18 00:00:00,82,2010-05-18 00:00:00,80,80,47,253700,20765200,2010-05-18 00:00:00,1
2010-05-19 00:00:00,2010-05-19 00:00:00,82,2010-05-19 00:00:00,80,80,21,28600,2307375,2010-05-19 00:00:00,1
2010-05-20 00:00:00,2010-05-20 00:00:00,80,2010-05-20 00:00:00,79.5,79.5,9,3700,295500,2010-05-20 00:00:00,1
2010-05-21 00:00:00,2010-05-21 00:00:00,80,2010-05-21 00:00:00,79.5,79.75,11,4800,382975,2010-05-21 00:00:00,1
2010-05-24 00:00:00,2010-05-24 00:00:00,80,2010-05-24 00:00:00,78.25,78.5,12,21900,1719925,2010-05-24 00:00:00,1
2010-05-25 00:00:00,2010-05-25 00:00:00,78.5,2010-05-25 00:00:00,78,78,12,4900,382450,2010-05-25 00:00:00,1
2010-05-26 00:00:00,2010-05-26 00:00:00,78,2010-05-26 00:00:00,77.75,77.75,7,2300,179300,2010-05-26 00:00:00,1
2010-05-31 00:00:00,2010-05-31 00:00:00,79.75,2010-05-31 00:00:00,77.5,78.75,15,9300,724400,2010-05-31 00:00:00,1
2010-06-01 00:00:00,2010-06-01 00:00:00,78.25,2010-06-01 00:00:00,78,78,26,48400,3775375,2010-06-01 00:00:00,1
2010-06-02 00:00:00,2010-06-02 00:00:00,79,2010-06-02 00:00:00,77.75,78,12,254400,19844300,2010-06-02 00:00:00,1
2010-06-03 00:00:00,2010-06-03 00:00:00,78,2010-06-03 00:00:00,77.5,77.5,20,14100,1096450,2010-06-03 00:00:00,1
2010-06-04 00:00:00,2010-06-04 00:00:00,78,2010-06-04 00:00:00,77.25,77.5,30,20000,1553225,2010-06-04 00:00:00,1
2010-06-07 00:00:00,2010-06-07 00:00:00,78,2010-06-07 00:00:00,76.25,77.25,40,32400,2503325,2010-06-07 00:00:00,1
2010-06-08 00:00:00,2010-06-08 00:00:00,78,2010-06-08 00:00:00,77,77.5,24,20700,1603300,2010-06-08 00:00:00,1
2010-06-09 00:00:00,2010-06-09 00:00:00,78.5,2010-06-09 00:00:00,77.25,77.5,19,100400,7787075,2010-06-09 00:00:00,1
2010-06-10 00:00:00,2010-06-10 00:00:00,81,2010-06-10 00:00:00,77.5,80,60,84700,6769750,2010-06-10 00:00:00,1
2010-06-11 00:00:00,2010-06-11 00:00:00,82.75,2010-06-11 00:00:00,80.5,81.5,87,162000,13268375,2010-06-11 00:00:00,1
2010-06-14 00:00:00,2010-06-14 00:00:00,90.5,2010-06-14 00:00:00,82,89.5,454,562300,49300000,2010-06-14 00:00:00,1
2010-06-15 00:00:00,2010-06-15 00:00:00,92.25,2010-06-15 00:00:00,89.5,90,299,315800,28804725,2010-06-15 00:00:00,1
2010-06-16 00:00:00,2010-06-16 00:00:00,90.75,2010-06-16 00:00:00,89,90.25,149,293700,26434750,2010-06-16 00:00:00,1
2010-06-17 00:00:00,2010-06-17 00:00:00,90.75,2010-06-17 00:00:00,89,89.75,55,50000,4489975,2010-06-17 00:00:00,1
2010-06-21 00:00:00,2010-06-21 00:00:00,96,2010-06-21 00:00:00,89,94.25,387,1000100,93454300,2010-06-21 00:00:00,1
2010-06-22 00:00:00,2010-06-22 00:00:00,96,2010-06-22 00:00:00,93,94.5,135,228600,21722225,2010-06-22 00:00:00,1
2010-06-23 00:00:00,2010-06-23 00:00:00,95,2010-06-23 00:00:00,92.5,92.75,56,71100,6659800,2010-06-23 00:00:00,1
2010-06-24 00:00:00,2010-06-24 00:00:00,91.75,2010-06-24 00:00:00,90.25,91.5,23,29400,2681850,2010-06-24 00:00:00,1
2010-06-28 00:00:00,2010-06-28 00:00:00,92,2010-06-28 00:00:00,90,90.25,19,20400,1842050,2010-06-28 00:00:00,1
2010-06-29 00:00:00,2010-06-29 00:00:00,94.5,2010-06-29 00:00:00,87.5,93.75,90,243900,22786475,2010-06-29 00:00:00,1
2010-06-30 00:00:00,2010-06-30 00:00:00,95,2010-06-30 00:00:00,92.75,94,87,160000,15006450,2010-06-30 00:00:00,1
2010-07-01 00:00:00,2010-07-01 00:00:00,95,2010-07-01 00:00:00,92,95,67,334200,31707550,2010-07-01 00:00:00,1
2010-07-02 00:00:00,2010-07-02 00:00:00,95,2010-07-02 00:00:00,92,94,88,391500,37073700,2010-07-02 00:00:00,1
2010-07-05 00:00:00,2010-07-05 00:00:00,94,2010-07-05 00:00:00,92,92.25,19,17700,1652975,2010-07-05 00:00:00,1
2010-07-06 00:00:00,2010-07-06 00:00:00,93,2010-07-06 00:00:00,89,92,19,21000,1926275,2010-07-06 00:00:00,1
2010-07-07 00:00:00,2010-07-07 00:00:00,91,2010-07-07 00:00:00,89,89.5,33,36300,3249775,2010-07-07 00:00:00,1
2010-07-08 00:00:00,2010-07-08 00:00:00,90,2010-07-08 00:00:00,88.5,90,20,17700,1590075,2010-07-08 00:00:00,1
2010-07-09 00:00:00,2010-07-09 00:00:00,90,2010-07-09 00:00:00,87,87.5,13,5100,452850,2010-07-09 00:00:00,1
2010-07-12 00:00:00,2010-07-12 00:00:00,90,2010-07-12 00:00:00,87.5,89.75,8,17000,1511575,2010-07-12 00:00:00,1
2010-07-13 00:00:00,2010-07-13 00:00:00,90,2010-07-13 00:00:00,87.25,90,17,15000,1343775,2010-07-13 00:00:00,1
2010-07-14 00:00:00,2010-07-14 00:00:00,90.5,2010-07-14 00:00:00,87.25,90,24,122800,11054225,2010-07-14 00:00:00,1
2010-07-15 00:00:00,2010-07-15 00:00:00,91,2010-07-15 00:00:00,88.5,90,36,119500,10755100,2010-07-15 00:00:00,1
2010-07-16 00:00:00,2010-07-16 00:00:00,95,2010-07-16 00:00:00,90.5,94.75,40,64100,6059325,2010-07-16 00:00:00,1
2010-07-19 00:00:00,2010-07-19 00:00:00,92,2010-07-19 00:00:00,90,91,42,371400,34120450,2010-07-19 00:00:00,1
2010-07-20 00:00:00,2010-07-20 00:00:00,92,2010-07-20 00:00:00,90.75,92,30,52400,4803875,2010-07-20 00:00:00,1
2010-07-21 00:00:00,2010-07-21 00:00:00,93.25,2010-07-21 00:00:00,90.5,93,28,42600,3924750,2010-07-21 00:00:00,1
2010-07-22 00:00:00,2010-07-22 00:00:00,92,2010-07-22 00:00:00,90,90.25,32,47200,4300300,2010-07-22 00:00:00,1
2010-07-23 00:00:00,2010-07-23 00:00:00,91,2010-07-23 00:00:00,90.5,91,8,19300,1756250,2010-07-23 00:00:00,1
2010-07-26 00:00:00,2010-07-26 00:00:00,92.5,2010-07-26 00:00:00,91,92.5,23,36900,3407925,2010-07-26 00:00:00,1
2010-07-27 00:00:00,2010-07-27 00:00:00,95,2010-07-27 00:00:00,92.75,94,85,384800,36490700,2010-07-27 00:00:00,1
2010-07-28 00:00:00,2010-07-28 00:00:00,95.5,2010-07-28 00:00:00,94,95,94,254900,24212550,2010-07-28 00:00:00,1
2010-07-29 00:00:00,2010-07-29 00:00:00,95,2010-07-29 00:00:00,93,93.5,27,41600,3916050,2010-07-29 00:00:00,1
2010-07-30 00:00:00,2010-07-30 00:00:00,95,2010-07-30 00:00:00,92,94,14,41700,3921875,2010-07-30 00:00:00,1
2010-08-02 00:00:00,2010-08-02 00:00:00,94.3,2010-08-02 00:00:00,93,94.2,48,318800,30009480,2010-08-02 00:00:00,1
2010-08-03 00:00:00,2010-08-03 00:00:00,94,2010-08-03 00:00:00,92,93.4,36,446000,41679900,2010-08-03 00:00:00,1
2010-08-04 00:00:00,2010-08-04 00:00:00,93.5,2010-08-04 00:00:00,92,92.2,28,42200,3894490,2010-08-04 00:00:00,1
2010-08-05 00:00:00,2010-08-05 00:00:00,93,2010-08-05 00:00:00,88,90.6,57,109200,9860330,2010-08-05 00:00:00,1
2010-08-06 00:00:00,2010-08-06 00:00:00,90.5,2010-08-06 00:00:00,85,90.1,35,101000,9092790,2010-08-06 00:00:00,1
2010-08-09 00:00:00,2010-08-09 00:00:00,91.5,2010-08-09 00:00:00,86,88.1,23,15800,1387040,2010-08-09 00:00:00,1
2010-08-10 00:00:00,2010-08-10 00:00:00,94,2010-08-10 00:00:00,85,93.1,37,47400,4227950,2010-08-10 00:00:00,1
2010-08-11 00:00:00,2010-08-11 00:00:00,91,2010-08-11 00:00:00,90.5,90.5,5,5700,516150,2010-08-11 00:00:00,1
2010-08-12 00:00:00,2010-08-12 00:00:00,90.5,2010-08-12 00:00:00,90,90,23,32300,2907610,2010-08-12 00:00:00,1
2010-08-13 00:00:00,2010-08-13 00:00:00,92.9,2010-08-13 00:00:00,90,92.5,7,3300,302720,2010-08-13 00:00:00,1
2010-08-16 00:00:00,2010-08-16 00:00:00,91.2,2010-08-16 00:00:00,91,91,7,8000,728110,2010-08-16 00:00:00,1
2010-08-17 00:00:00,2010-08-17 00:00:00,94.5,2010-08-17 00:00:00,91,91,17,14500,1339920,2010-08-17 00:00:00,1
2010-08-18 00:00:00,2010-08-18 00:00:00,92,2010-08-18 00:00:00,91,91.1,14,11800,1074110,2010-08-18 00:00:00,1
2010-08-19 00:00:00,2010-08-19 00:00:00,93,2010-08-19 00:00:00,91,92.6,18,9900,911650,2010-08-19 00:00:00,1
2010-08-20 00:00:00,2010-08-20 00:00:00,91.5,2010-08-20 00:00:00,90.5,91.2,7,6000,545900,2010-08-20 00:00:00,1
2010-08-23 00:00:00,2010-08-23 00:00:00,93,2010-08-23 00:00:00,90.1,91.7,21,41400,3811970,2010-08-23 00:00:00,1
2010-08-25 00:00:00,2010-08-25 00:00:00,92.5,2010-08-25 00:00:00,91,91.2,38,119900,10929740,2010-08-25 00:00:00,1
2010-08-26 00:00:00,2010-08-26 00:00:00,91,2010-08-26 00:00:00,90,90.8,36,56100,5093650,2010-08-26 00:00:00,1
2010-08-27 00:00:00,2010-08-27 00:00:00,92,2010-08-27 00:00:00,90,90.6,16,7100,647530,2010-08-27 00:00:00,1
2010-08-30 00:00:00,2010-08-30 00:00:00,91.9,2010-08-30 00:00:00,90.7,90.9,21,20700,1884780,2010-08-30 00:00:00,1
2010-08-31 00:00:00,2010-08-31 00:00:00,91.5,2010-08-31 00:00:00,90,90.7,15,10700,970030,2010-08-31 00:00:00,1
2010-09-01 00:00:00,2010-09-01 00:00:00,91.1,2010-09-01 00:00:00,90,90.3,26,52800,4765170,2010-09-01 00:00:00,1
2010-09-02 00:00:00,2010-09-02 00:00:00,93,2010-09-02 00:00:00,90.1,90.9,39,47300,4295230,2010-09-02 00:00:00,1
2010-09-03 00:00:00,2010-09-03 00:00:00,93.5,2010-09-03 00:00:00,90,92.3,68,285400,26121280,2010-09-03 00:00:00,1
2010-09-06 00:00:00,2010-09-06 00:00:00,95,2010-09-06 00:00:00,92.9,93,63,108200,10086730,2010-09-06 00:00:00,1
2010-09-07 00:00:00,2010-09-07 00:00:00,93.8,2010-09-07 00:00:00,92.6,93.3,10,32900,3047930,2010-09-07 00:00:00,1
2010-09-08 00:00:00,2010-09-08 00:00:00,95,2010-09-08 00:00:00,92,93.3,40,48900,4577440,2010-09-08 00:00:00,1
2010-09-09 00:00:00,2010-09-09 00:00:00,96,2010-09-09 00:00:00,94,95.9,93,118700,11334190,2010-09-09 00:00:00,1
2010-09-13 00:00:00,2010-09-13 00:00:00,95.9,2010-09-13 00:00:00,95,95,79,142500,13577470,2010-09-13 00:00:00,1
2010-09-14 00:00:00,2010-09-14 00:00:00,97,2010-09-14 00:00:00,93.5,93.6,70,89200,8429250,2010-09-14 00:00:00,1
2010-09-15 00:00:00,2010-09-15 00:00:00,98.9,2010-09-15 00:00:00,90,95.8,152,180000,17290450,2010-09-15 00:00:00,1
2010-09-16 00:00:00,2010-09-16 00:00:00,103,2010-09-16 00:00:00,96,101.5,201,221000,22010010,2010-09-16 00:00:00,1
2010-09-17 00:00:00,2010-09-17 00:00:00,107,2010-09-17 00:00:00,100.9,102.2,164,135400,14168470,2010-09-17 00:00:00,1
2010-09-20 00:00:00,2010-09-20 00:00:00,104.5,2010-09-20 00:00:00,98,98.8,38,29800,2983390,2010-09-20 00:00:00,1
2010-09-21 00:00:00,2010-09-21 00:00:00,105,2010-09-21 00:00:00,99,104.7,94,95200,9698980,2010-09-21 00:00:00,1
2010-09-23 00:00:00,2010-09-23 00:00:00,105,2010-09-23 00:00:00,98.1,101.8,116,187700,19375600,2010-09-23 00:00:00,1
2010-09-24 00:00:00,2010-09-24 00:00:00,102,2010-09-24 00:00:00,98.5,101.2,34,35000,3517480,2010-09-24 00:00:00,1
2010-09-27 00:00:00,2010-09-27 00:00:00,103,2010-09-27 00:00:00,99,99.7,42,72600,7357200,2010-09-27 00:00:00,1
2010-09-28 00:00:00,2010-09-28 00:00:00,101,2010-09-28 00:00:00,97.1,99.8,46,67000,6668100,2010-09-28 00:00:00,1
2010-09-29 00:00:00,2010-09-29 00:00:00,100,2010-09-29 00:00:00,98.5,99,33,72200,7149750,2010-09-29 00:00:00,1
2010-09-30 00:00:00,2010-09-30 00:00:00,103,2010-09-30 00:00:00,98.2,99.7,53,76800,7662970,2010-09-30 00:00:00,1
2010-10-01 00:00:00,2010-10-01 00:00:00,100,2010-10-01 00:00:00,97.9,98,40,40100,3961850,2010-10-01 00:00:00,1
2010-10-04 00:00:00,2010-10-04 00:00:00,100,2010-10-04 00:00:00,97,98,48,73700,7282720,2010-10-04 00:00:00,1
2010-10-05 00:00:00,2010-10-05 00:00:00,97,2010-10-05 00:00:00,95,95.6,14,6600,628560,2010-10-05 00:00:00,1
2010-10-06 00:00:00,2010-10-06 00:00:00,95,2010-10-06 00:00:00,93.1,94.4,26,16400,1552800,2010-10-06 00:00:00,1
2010-10-07 00:00:00,2010-10-07 00:00:00,96,2010-10-07 00:00:00,90,92.6,41,26600,2477340,2010-10-07 00:00:00,1
2010-10-08 00:00:00,2010-10-08 00:00:00,94.5,2010-10-08 00:00:00,90.1,94,14,13100,1208480,2010-10-08 00:00:00,1
2010-10-11 00:00:00,2010-10-11 00:00:00,94.9,2010-10-11 00:00:00,93,93,49,77400,7239890,2010-10-11 00:00:00,1
2010-10-12 00:00:00,2010-10-12 00:00:00,93,2010-10-12 00:00:00,89,89.3,26,23400,2125860,2010-10-12 00:00:00,1
2010-10-13 00:00:00,2010-10-13 00:00:00,92,2010-10-13 00:00:00,87.5,90,42,98500,8862950,2010-10-13 00:00:00,1
2010-10-14 00:00:00,2010-10-14 00:00:00,92,2010-10-14 00:00:00,90,90,16,15500,1402600,2010-10-14 00:00:00,1
2010-10-15 00:00:00,2010-10-15 00:00:00,94.9,2010-10-15 00:00:00,89,89,23,31400,2867040,2010-10-15 00:00:00,1
2010-10-18 00:00:00,2010-10-18 00:00:00,91,2010-10-18 00:00:00,88,88.7,15,47000,4218200,2010-10-18 00:00:00,1
2010-10-19 00:00:00,2010-10-19 00:00:00,93.1,2010-10-19 00:00:00,90,92,19,16700,1525250,2010-10-19 00:00:00,1
2010-10-20 00:00:00,2010-10-20 00:00:00,90,2010-10-20 00:00:00,89.5,89.8,3,20200,1817950,2010-10-20 00:00:00,1
2010-10-21 00:00:00,2010-10-21 00:00:00,90,2010-10-21 00:00:00,89,89.3,10,5100,454900,2010-10-21 00:00:00,1
2010-10-25 00:00:00,2010-10-25 00:00:00,90.4,2010-10-25 00:00:00,90.4,90.4,1,4700,424880,2010-10-25 00:00:00,1
2010-10-26 00:00:00,2010-10-26 00:00:00,88,2010-10-26 00:00:00,87.9,88,24,87500,7698000,2010-10-26 00:00:00,1
2010-10-27 00:00:00,2010-10-27 00:00:00,87.5,2010-10-27 00:00:00,85.5,87,25,35800,3112210,2010-10-27 00:00:00,1
2010-10-28 00:00:00,2010-10-28 00:00:00,87.5,2010-10-28 00:00:00,87,87.1,32,100200,8718680,2010-10-28 00:00:00,1
2010-10-29 00:00:00,2010-10-29 00:00:00,89.2,2010-10-29 00:00:00,87,88.6,22,68100,6040120,2010-10-29 00:00:00,1
2010-11-01 00:00:00,2010-11-01 00:00:00,90,2010-11-01 00:00:00,89,89.9,17,38600,3442090,2010-11-01 00:00:00,1
2010-11-02 00:00:00,2010-11-02 00:00:00,90,2010-11-02 00:00:00,89,89.9,17,23400,2103880,2010-11-02 00:00:00,1
2010-11-03 00:00:00,2010-11-03 00:00:00,90,2010-11-03 00:00:00,87.5,90,23,40000,3543470,2010-11-03 00:00:00,1
2010-11-04 00:00:00,2010-11-04 00:00:00,88,2010-11-04 00:00:00,87.5,88,10,12600,1103450,2010-11-04 00:00:00,1
2010-11-08 00:00:00,2010-11-08 00:00:00,92.5,2010-11-08 00:00:00,88,88.7,23,19300,1714940,2010-11-08 00:00:00,1
2010-11-09 00:00:00,2010-11-09 00:00:00,89.5,2010-11-09 00:00:00,88,88,13,11800,1039230,2010-11-09 00:00:00,1
2010-11-10 00:00:00,2010-11-10 00:00:00,88,2010-11-10 00:00:00,87.8,87.8,11,9000,790240,2010-11-10 00:00:00,1
2010-11-11 00:00:00,2010-11-11 00:00:00,88,2010-11-11 00:00:00,87.8,87.8,4,5100,447800,2010-11-11 00:00:00,1
2010-11-12 00:00:00,2010-11-12 00:00:00,91,2010-11-12 00:00:00,88,88,23,72900,6416790,2010-11-12 00:00:00,1
2010-11-15 00:00:00,2010-11-15 00:00:00,88.5,2010-11-15 00:00:00,86.6,86.6,19,22300,1944260,2010-11-15 00:00:00,1
2010-11-16 00:00:00,2010-11-16 00:00:00,87.5,2010-11-16 00:00:00,85,85.2,16,30600,2608210,2010-11-16 00:00:00,1
2010-11-18 00:00:00,2010-11-18 00:00:00,88,2010-11-18 00:00:00,85,88,10,8300,708520,2010-11-18 00:00:00,1
2010-11-22 00:00:00,2010-11-22 00:00:00,87,2010-11-22 00:00:00,86,86,7,28200,2445230,2010-11-22 00:00:00,1
2010-11-23 00:00:00,2010-11-23 00:00:00,89,2010-11-23 00:00:00,85,85,18,11500,978720,2010-11-23 00:00:00,1
2010-11-24 00:00:00,2010-11-24 00:00:00,85.9,2010-11-24 00:00:00,85,85,15,14400,1224270,2010-11-24 00:00:00,1
2010-11-25 00:00:00,2010-11-25 00:00:00,85,2010-11-25 00:00:00,84.5,84.5,17,32800,2787090,2010-11-25 00:00:00,1
2010-11-26 00:00:00,2010-11-26 00:00:00,85,2010-11-26 00:00:00,84,84,9,11000,929060,2010-11-26 00:00:00,1
2010-11-29 00:00:00,2010-11-29 00:00:00,83.1,2010-11-29 00:00:00,80,80.6,11,2600,210460,2010-11-29 00:00:00,1
2010-11-30 00:00:00,2010-11-30 00:00:00,86.5,2010-11-30 00:00:00,83,83,18,9600,805530,2010-11-30 00:00:00,1
2010-12-01 00:00:00,2010-12-01 00:00:00,86.5,2010-12-01 00:00:00,85,86,38,37800,3238800,2010-12-01 00:00:00,1
2010-12-02 00:00:00,2010-12-02 00:00:00,85,2010-12-02 00:00:00,83.5,85,6,7000,594850,2010-12-02 00:00:00,1
2010-12-03 00:00:00,2010-12-03 00:00:00,85,2010-12-03 00:00:00,85,85,1,1000,85000,2010-12-03 00:00:00,1
2010-12-06 00:00:00,2010-12-06 00:00:00,83.2,2010-12-06 00:00:00,83.2,83.2,1,1000,83200,2010-12-06 00:00:00,1
2010-12-07 00:00:00,2010-12-07 00:00:00,83.2,2010-12-07 00:00:00,81,81.1,19,28400,2311710,2010-12-07 00:00:00,1
2010-12-08 00:00:00,2010-12-08 00:00:00,83.2,2010-12-08 00:00:00,81.5,81.5,7,14500,1182700,2010-12-08 00:00:00,1
2010-12-09 00:00:00,2010-12-09 00:00:00,81,2010-12-09 00:00:00,80.1,81,4,8600,691200,2010-12-09 00:00:00,1
2010-12-10 00:00:00,2010-12-10 00:00:00,83.2,2010-12-10 00:00:00,81,83.2,9,19900,1636220,2010-12-10 00:00:00,1
2010-12-13 00:00:00,2010-12-13 00:00:00,82.5,2010-12-13 00:00:00,82.5,82.5,1,100,8250,2010-12-13 00:00:00,1
2010-12-14 00:00:00,2010-12-14 00:00:00,81.1,2010-12-14 00:00:00,80,80.6,8,46100,3733680,2010-12-14 00:00:00,1
2010-12-15 00:00:00,2010-12-15 00:00:00,82,2010-12-15 00:00:00,80,82,6,5800,464800,2010-12-15 00:00:00,1
2010-12-16 00:00:00,2010-12-16 00:00:00,82,2010-12-16 00:00:00,80,80.2,8,2400,195320,2010-12-16 00:00:00,1
2010-12-17 00:00:00,2010-12-17 00:00:00,80.5,2010-12-17 00:00:00,80.2,80.5,7,12100,973930,2010-12-17 00:00:00,1
2010-12-21 00:00:00,2010-12-21 00:00:00,80.5,2010-12-21 00:00:00,80.3,80.3,2,1200,96400,2010-12-21 00:00:00,1
2010-12-22 00:00:00,2010-12-22 00:00:00,84,2010-12-22 00:00:00,82,82.8,3,500,41400,2010-12-22 00:00:00,1
2010-12-23 00:00:00,2010-12-23 00:00:00,85,2010-12-23 00:00:00,83.5,83.5,18,19000,1607050,2010-12-23 00:00:00,1
2010-12-24 00:00:00,2010-12-24 00:00:00,86.9,2010-12-24 00:00:00,84,86.4,38,79000,6750340,2010-12-24 00:00:00,1
2010-12-27 00:00:00,2010-12-27 00:00:00,85,2010-12-27 00:00:00,85,85,3,6100,518500,2010-12-27 00:00:00,1
2010-12-28 00:00:00,2010-12-28 00:00:00,86,2010-12-28 00:00:00,85,85,13,18000,1531440,2010-12-28 00:00:00,1
2010-12-29 00:00:00,2010-12-29 00:00:00,85.1,2010-12-29 00:00:00,85,85,7,10500,892600,2010-12-29 00:00:00,1
2010-12-30 00:00:00,2010-12-30 00:00:00,85.2,2010-12-30 00:00:00,85,85.1,16,9600,816380,2010-12-30 00:00:00,1
2010-12-31 00:00:00,2010-12-31 00:00:00,86,2010-12-31 00:00:00,85,85.1,11,10200,867750,2010-12-31 00:00:00,1
Company Id :  ACME,,Security Type :  N,,Sub Type :  0000,,,,,,
Short Name :  ACME,,,,,,,,,,
Day,Date High,High,Date Low,Low,Closing,No. of Trades,No. of Shares,Turnover,Last Traded,Days Traded
2010-01-04 00:00:00,2010-01-04 00:00:00,16.25,2010-01-04 00:00:00,16,16,13,10800,172825,2010-01-04 00:00:00,1
2010-01-05 00:00:00,2010-01-05 00:00:00,17,2010-01-05 00:00:00,16.25,16.75,24,29200,477750,2010-01-05 00:00:00,1
2010-01-06 00:00:00,2010-01-06 00:00:00,18.25,2010-01-06 00:00:00,17,17.25,32,37000,658650,2010-01-06 00:00:00,1
2010-01-07 00:00:00,2010-01-07 00:00:00,17,2010-01-07 00:00:00,16.25,16.5,4,3300,55000,2010-01-07 00:00:00,1
2010-01-08 00:00:00,2010-01-08 00:00:00,17.5,2010-01-08 00:00:00,17,17.5,6,3300,57625,2010-01-08 00:00:00,1
2010-01-11 00:00:00,2010-01-11 00:00:00,17,2010-01-11 00:00:00,16.5,16.75,6,13000,219675,2010-01-11 00:00:00,1
2010-01-12 00:00:00,2010-01-12 00:00:00,16.75,2010-01-12 00:00:00,16.75,16.75,1,1000,16750,2010-01-12 00:00:00,1
2010-01-13 00:00:00,2010-01-13 00:00:00,16.75,2010-01-13 00:00:00,16.25,16.25,26,27500,453700,2010-01-13 00:00:00,1
2010-01-15 00:00:00,2010-01-15 00:00:00,16.5,2010-01-15 00:00:00,16,16.25,29,43900,714750,2010-01-15 00:00:00,1
2010-01-18 00:00:00,2010-01-18 00:00:00,16.5,2010-01-18 00:00:00,16,16.25,8,22300,363075,2010-01-18 00:00:00,1
2010-01-19 00:00:00,2010-01-19 00:00:00,16.5,2010-01-19 00:00:00,16,16.5,4,9900,160650,2010-01-19 00:00:00,1
2010-01-20 00:00:00,2010-01-20 00:00:00,16,2010-01-20 00:00:00,16,16,1,700,11200,2010-01-20 00:00:00,1
2010-01-21 00:00:00,2010-01-21 00:00:00,16.5,2010-01-21 00:00:00,16,16.25,16,26000,417500,2010-01-21 00:00:00,1
2010-01-22 00:00:00,2010-01-22 00:00:00,16.25,2010-01-22 00:00:00,16.25,16.25,14,24000,390000,2010-01-22 00:00:00,1
2010-01-25 00:00:00,2010-01-25 00:00:00,16.5,2010-01-25 00:00:00,16.25,16.5,5,3300,54325,2010-01-25 00:00:00,1
2010-01-26 00:00:00,2010-01-26 00:00:00,16.75,2010-01-26 00:00:00,16.5,16.5,7,10500,173375,2010-01-26 00:00:00,1
2010-01-28 00:00:00,2010-01-28 00:00:00,17,2010-01-28 00:00:00,16,16.75,8,13200,213150,2010-01-28 00:00:00,1
2010-02-01 00:00:00,2010-02-01 00:00:00,16.75,2010-02-01 00:00:00,16.75,16.75,1,1000,16750,2010-02-01 00:00:00,1
2010-02-02 00:00:00,2010-02-02 00:00:00,19.5,2010-02-02 00:00:00,16.5,17.75,226,524900,9409075,2010-02-02 00:00:00,1
2010-02-03 00:00:00,2010-02-03 00:00:00,18,2010-02-03 00:00:00,17,17.25,38,38400,670975,2010-02-03 00:00:00,1
2010-02-05 00:00:00,2010-02-05 00:00:00,17,2010-02-05 00:00:00,17,17,7,7300,124100,2010-02-05 00:00:00,1
2010-02-08 00:00:00,2010-02-08 00:00:00,17.75,2010-02-08 00:00:00,17.25,17.75,6,3100,54275,2010-02-08 00:00:00,1
2010-02-09 00:00:00,2010-02-09 00:00:00,17.5,2010-02-09 00:00:00,17,17,5,7300,124150,2010-02-09 00:00:00,1
2010-02-10 00:00:00,2010-02-10 00:00:00,17,2010-02-10 00:00:00,16.25,16.25,6,9700,159000,2010-02-10 00:00:00,1
2010-02-11 00:00:00,2010-02-11 00:00:00,17,2010-02-11 00:00:00,16.25,16.25,12,25000,406325,2010-02-11 00:00:00,1
2010-02-12 00:00:00,2010-02-12 00:00:00,16.25,2010-02-12 00:00:00,16,16.25,17,37700,612075,2010-02-12 00:00:00,1
2010-02-15 00:00:00,2010-02-15 00:00:00,17,2010-02-15 00:00:00,16,16.5,22,15900,260000,2010-02-15 00:00:00,1
2010-02-16 00:00:00,2010-02-16 00:00:00,16.25,2010-02-16 00:00:00,16,16,12,10900,174775,2010-02-16 00:00:00,1
2010-02-18 00:00:00,2010-02-18 00:00:00,16,2010-02-18 00:00:00,16,16,5,3000,48000,2010-02-18 00:00:00,1
2010-02-19 00:00:00,2010-02-19 00:00:00,16.5,2010-02-19 00:00:00,16,16.5,13,15800,255050,2010-02-19 00:00:00,1
2010-02-22 00:00:00,2010-02-22 00:00:00,16.5,2010-02-22 00:00:00,16.5,16.5,1,200,3300,2010-02-22 00:00:00,1
2010-02-23 00:00:00,2010-02-23 00:00:00,17.75,2010-02-23 00:00:00,16.5,16.5,25,35700,618200,2010-02-23 00:00:00,1
2010-02-24 00:00:00,2010-02-24 00:00:00,16.75,2010-02-24 00:00:00,16.5,16.5,2,900,14875,2010-02-24 00:00:00,1
2010-02-25 00:00:00,2010-02-25 00:00:00,16.75,2010-02-25 00:00:00,16.5,16.75,3,3400,56700,2010-02-25 00:00:00,1
2010-03-01 00:00:00,2010-03-01 00:00:00,17,2010-03-01 00:00:00,17,17,3,1500,25500,2010-03-01 00:00:00,1
2010-03-02 00:00:00,2010-03-02 00:00:00,16.5,2010-03-02 00:00:00,16.5,16.5,2,5300,87450,2010-03-02 00:00:00,1
2010-03-03 00:00:00,2010-03-03 00:00:00,16.5,2010-03-03 00:00:00,16.25,16.5,4,10500,173150,2010-03-03 00:00:00,1
2010-03-04 00:00:00,2010-03-04 00:00:00,16.5,2010-03-04 00:00:00,16,16,14,15200,244550,2010-03-04 00:00:00,1
2010-03-05 00:00:00,2010-03-05 00:00:00,16.5,2010-03-05 00:00:00,16,16.25,5,5000,81750,2010-03-05 00:00:00,1
2010-03-08 00:00:00,2010-03-08 00:00:00,17.25,2010-03-08 00:00:00,16.25,17,77,72800,1225175,2010-03-08 00:00:00,1
2010-03-09 00:00:00,2010-03-09 00:00:00,17.25,2010-03-09 00:00:00,16.5,16.75,14,20500,349375,2010-03-09 00:00:00,1
2010-03-10 00:00:00,2010-03-10 00:00:00,17.5,2010-03-10 00:00:00,17,17.5,70,118900,2065350,2010-03-10 00:00:00,1
2010-03-11 00:00:00,2010-03-11 00:00:00,17.75,2010-03-11 00:00:00,17.25,17.25,26,74200,1297500,2010-03-11 00:00:00,1
2010-03-12 00:00:00,2010-03-12 00:00:00,18.5,2010-03-12 00:00:00,17.25,18.25,109,200900,3642300,2010-03-12 00:00:00,1
2010-03-15 00:00:00,2010-03-15 00:00:00,19,2010-03-15 00:00:00,18,18.5,107,150400,2785825,2010-03-15 00:00:00,1
2010-03-16 00:00:00,2010-03-16 00:00:00,18.25,2010-03-16 00:00:00,18.25,18.25,25,43200,788400,2010-03-16 00:00:00,1
2010-03-17 00:00:00,2010-03-17 00:00:00,18.75,2010-03-17 00:00:00,18.25,18.75,34,39600,726300,2010-03-17 00:00:00,1
2010-03-18 00:00:00,2010-03-18 00:00:00,18.5,2010-03-18 00:00:00,18.25,18.25,24,30800,563925,2010-03-18 00:00:00,1
2010-03-19 00:00:00,2010-03-19 00:00:00,18.5,2010-03-19 00:00:00,18.25,18.25,16,13200,241900,2010-03-19 00:00:00,1
2010-03-22 00:00:00,2010-03-22 00:00:00,19.5,2010-03-22 00:00:00,18.5,19.25,93,144000,2733825,2010-03-22 00:00:00,1
2010-03-23 00:00:00,2010-03-23 00:00:00,21.25,2010-03-23 00:00:00,19,20.25,283,357800,7288550,2010-03-23 00:00:00,1
2010-03-24 00:00:00,2010-03-24 00:00:00,20.5,2010-03-24 00:00:00,19.5,19.5,71,75300,1501800,2010-03-24 00:00:00,1
2010-03-25 00:00:00,2010-03-25 00:00:00,21.25,2010-03-25 00:00:00,19.25,20.5,137,311000,6448850,2010-03-25 00:00:00,1
2010-03-26 00:00:00,2010-03-26 00:00:00,20.75,2010-03-26 00:00:00,19.5,20.25,68,126800,2546400,2010-03-26 00:00:00,1
2010-03-30 00:00:00,2010-03-30 00:00:00,20.75,2010-03-30 00:00:00,20,20.5,34,37500,757200,2010-03-30 00:00:00,1
2010-03-31 00:00:00,2010-03-31 00:00:00,20.75,2010-03-31 00:00:00,20,20,21,29600,600075,2010-03-31 00:00:00,1
2010-04-01 00:00:00,2010-04-01 00:00:00,20,2010-04-01 00:00:00,19.5,20,7,6500,128850,2010-04-01 00:00:00,1
2010-04-05 00:00:00,2010-04-05 00:00:00,20,2010-04-05 00:00:00,19.5,20,16,11900,237125,2010-04-05 00:00:00,1
2010-04-06 00:00:00,2010-04-06 00:00:00,20,2010-04-06 00:00:00,19.5,20,7,4500,88750,2010-04-06 00:00:00,1
2010-04-07 00:00:00,2010-04-07 00:00:00,20,2010-04-07 00:00:00,19.5,19.5,8,11200,220850,2010-04-07 00:00:00,1
2010-04-08 00:00:00,2010-04-08 00:00:00,21.5,2010-04-08 00:00:00,20,20.75,38,48200,1001950,2010-04-08 00:00:00,1
2010-04-12 00:00:00,2010-04-12 00:00:00,21.5,2010-04-12 00:00:00,20.5,21.25,29,48300,1020425,2010-04-12 00:00:00,1
2010-04-15 00:00:00,2010-04-15 00:00:00,21.5,2010-04-15 00:00:00,21,21.25,12,12500,265500,2010-04-15 00:00:00,1
2010-04-16 00:00:00,2010-04-16 00:00:00,24,2010-04-16 00:00:00,21.5,23.75,213,345000,7931675,2010-04-16 00:00:00,1
2010-04-19 00:00:00,2010-04-19 00:00:00,24.75,2010-04-19 00:00:00,22.5,22.75,66,147500,3489750,2010-04-19 00:00:00,1
2010-04-20 00:00:00,2010-04-20 00:00:00,23,2010-04-20 00:00:00,22.25,22.75,4,4000,91250,2010-04-20 00:00:00,1
2010-04-21 00:00:00,2010-04-21 00:00:00,23,2010-04-21 00:00:00,22.5,22.75,17,12700,289050,2010-04-21 00:00:00,1
2010-04-22 00:00:00,2010-04-22 00:00:00,22.5,2010-04-22 00:00:00,22,22.5,5,2100,46775,2010-04-22 00:00:00,1
2010-04-23 00:00:00,2010-04-23 00:00:00,22.75,2010-04-23 00:00:00,21,22.25,22,27700,618900,2010-04-23 00:00:00,1
2010-04-26 00:00:00,2010-04-26 00:00:00,24,2010-04-26 00:00:00,22,23,63,73800,1700200,2010-04-26 00:00:00,1
2010-04-27 00:00:00,2010-04-27 00:00:00,27.75,2010-04-27 00:00:00,21,26.5,198,272200,6751250,2010-04-27 00:00:00,1
2010-04-29 00:00:00,2010-04-29 00:00:00,39.75,2010-04-29 00:00:00,27,38.25,743,907100,31825075,2010-04-29 00:00:00,1
2010-04-30 00:00:00,2010-04-30 00:00:00,45.5,2010-04-30 00:00:00,37.5,39,513,714700,30281750,2010-04-30 00:00:00,1
2010-05-03 00:00:00,2010-05-03 00:00:00,41,2010-05-03 00:00:00,34,35,174,249400,8988275,2010-05-03 00:00:00,1
2010-05-04 00:00:00,2010-05-04 00:00:00,36.25,2010-05-04 00:00:00,32.75,35.5,130,107600,3741625,2010-05-04 00:00:00,1
2010-05-05 00:00:00,2010-05-05 00:00:00,36,2010-05-05 00:00:00,32,33.75,45,34400,1191750,2010-05-05 00:00:00,1
2010-05-06 00:00:00,2010-05-06 00:00:00,35.5,2010-05-06 00:00:00,33.25,34,25,34500,1175375,2010-05-06 00:00:00,1
2010-05-07 00:00:00,2010-05-07 00:00:00,34,2010-05-07 00:00:00,32,32.75,68,81400,2647375,2010-05-07 00:00:00,1
2010-05-10 00:00:00,2010-05-10 00:00:00,33,2010-05-10 00:00:00,31.25,32.25,13,10700,349400,2010-05-10 00:00:00,1
2010-05-11 00:00:00,2010-05-11 00:00:00,33.5,2010-05-11 00:00:00,32,32,10,5500,178025,2010-05-11 00:00:00,1
2010-05-12 00:00:00,2010-05-12 00:00:00,32.25,2010-05-12 00:00:00,31,31,13,8700,273350,2010-05-12 00:00:00,1
2010-05-13 00:00:00,2010-05-13 00:00:00,30.5,2010-05-13 00:00:00,29.25,29.5,32,48000,1430700,2010-05-13 00:00:00,1
2010-05-14 00:00:00,2010-05-14 00:00:00,30.25,2010-05-14 00:00:00,27.5,28.5,53,65600,1872300,2010-05-14 00:00:00,1
2010-05-17 00:00:00,2010-05-17 00:00:00,29,2010-05-17 00:00:00,27,28,51,105300,2935675,2010-05-17 00:00:00,1
2010-05-18 00:00:00,2010-05-18 00:00:00,28.25,2010-05-18 00:00:00,25,26,54,45000,1210000,2010-05-18 00:00:00,1
2010-05-19 00:00:00,2010-05-19 00:00:00,29.25,2010-05-19 00:00:00,24.5,28,125,84100,2311525,2010-05-19 00:00:00,1
2010-05-20 00:00:00,2010-05-20 00:00:00,27.5,2010-05-20 00:00:00,26,26.25,34,21400,565575,2010-05-20 00:00:00,1
2010-05-21 00:00:00,2010-05-21 00:00:00,28,2010-05-21 00:00:00,25.75,26.25,7,8500,222200,2010-05-21 00:00:00,1
2010-05-24 00:00:00,2010-05-24 00:00:00,26,2010-05-24 00:00:00,26,26,1,2000,52000,2010-05-24 00:00:00,1
2010-05-25 00:00:00,2010-05-25 00:00:00,26.75,2010-05-25 00:00:00,26.75,26.75,4,2800,74900,2010-05-25 00:00:00,1
2010-05-26 00:00:00,2010-05-26 00:00:00,28.5,2010-05-26 00:00:00,26.75,27,11,8200,229200,2010-05-26 00:00:00,1
2010-06-01 00:00:00,2010-06-01 00:00:00,27.5,2010-06-01 00:00:00,27,27.5,9,7200,194900,2010-06-01 00:00:00,1
2010-06-02 00:00:00,2010-06-02 00:00:00,27.5,2010-06-02 00:00:00,27.25,27.25,13,11900,324300,2010-06-02 00:00:00,1
2010-06-03 00:00:00,2010-06-03 00:00:00,28.5,2010-06-03 00:00:00,27.5,27.75,9,2600,71900,2010-06-03 00:00:00,1
2010-06-04 00:00:00,2010-06-04 00:00:00,31,2010-06-04 00:00:00,28,30,109,89500,2611650,2010-06-04 00:00:00,1
2010-06-07 00:00:00,2010-06-07 00:00:00,32.5,2010-06-07 00:00:00,30.5,32,88,82800,2604375,2010-06-07 00:00:00,1
2010-06-08 00:00:00,2010-06-08 00:00:00,32.5,2010-06-08 00:00:00,30.25,31.25,27,31100,989825,2010-06-08 00:00:00,1
2010-06-09 00:00:00,2010-06-09 00:00:00,31.25,2010-06-09 00:00:00,30.5,31,24,25900,803300,2010-06-09 00:00:00,1
2010-06-10 00:00:00,2010-06-10 00:00:00,33.75,2010-06-10 00:00:00,31.25,33.25,291,268100,8842650,2010-06-10 00:00:00,1
2010-06-11 00:00:00,2010-06-11 00:00:00,34.75,2010-06-11 00:00:00,33.25,33.75,107,134500,4568675,2010-06-11 00:00:00,1
2010-06-14 00:00:00,2010-06-14 00:00:00,34.5,2010-06-14 00:00:00,31.75,33,30,22400,761025,2010-06-14 00:00:00,1
2010-06-15 00:00:00,2010-06-15 00:00:00,34.5,2010-06-15 00:00:00,31.5,31.5,23,14700,481175,2010-06-15 00:00:00,1
2010-06-16 00:00:00,2010-06-16 00:00:00,31.5,2010-06-16 00:00:00,31.25,31.25,13,8900,279425,2010-06-16 00:00:00,1
2010-06-17 00:00:00,2010-06-17 00:00:00,31.25,2010-06-17 00:00:00,31.25,31.25,1,200,6250,2010-06-17 00:00:00,1
2010-06-21 00:00:00,2010-06-21 00:00:00,31.25,2010-06-21 00:00:00,30.5,30.75,27,15400,474775,2010-06-21 00:00:00,1
2010-06-22 00:00:00,2010-06-22 00:00:00,32,2010-06-22 00:00:00,30.75,30.75,2,1100,33950,2010-06-22 00:00:00,1
2010-06-23 00:00:00,2010-06-23 00:00:00,32,2010-06-23 00:00:00,30.25,32,24,47600,1522625,2010-06-23 00:00:00,1
2010-06-24 00:00:00,2010-06-24 00:00:00,32.5,2010-06-24 00:00:00,32,32.25,12,17900,574100,2010-06-24 00:00:00,1
2010-06-28 00:00:00,2010-06-28 00:00:00,33.25,2010-06-28 00:00:00,31,32,30,36100,1172675,2010-06-28 00:00:00,1
2010-06-29 00:00:00,2010-06-29 00:00:00,34.5,2010-06-29 00:00:00,32,33.25,21,28400,945650,2010-06-29 00:00:00,1
2010-06-30 00:00:00,2010-06-30 00:00:00,34.5,2010-06-30 00:00:00,33,33.75,57,122400,4189500,2010-06-30 00:00:00,1
2010-07-01 00:00:00,2010-07-01 00:00:00,35,2010-07-01 00:00:00,34,35,51,84100,2933675,2010-07-01 00:00:00,1
2010-07-02 00:00:00,2010-07-02 00:00:00,36.75,2010-07-02 00:00:00,35,35,55,69700,2523075,2010-07-02 00:00:00,1
2010-07-05 00:00:00,2010-07-05 00:00:00,35,2010-07-05 00:00:00,34.25,34.75,24,28600,993025,2010-07-05 00:00:00,1
2010-07-06 00:00:00,2010-07-06 00:00:00,35.75,2010-07-06 00:00:00,34,34.75,22,51000,1777075,2010-07-06 00:00:00,1
2010-07-07 00:00:00,2010-07-07 00:00:00,35,2010-07-07 00:00:00,32.25,32.75,16,6100,206275,2010-07-07 00:00:00,1
2010-07-08 00:00:00,2010-07-08 00:00:00,34.5,2010-07-08 00:00:00,34,34.25,25,13900,473575,2010-07-08 00:00:00,1
2010-07-09 00:00:00,2010-07-09 00:00:00,35,2010-07-09 00:00:00,33.75,33.75,12,5800,199650,2010-07-09 00:00:00,1
2010-07-12 00:00:00,2010-07-12 00:00:00,34.5,2010-07-12 00:00:00,34,34,15,5200,176900,2010-07-12 00:00:00,1
2010-07-13 00:00:00,2010-07-13 00:00:00,34,2010-07-13 00:00:00,34,34,5,2900,98600,2010-07-13 00:00:00,1
2010-07-14 00:00:00,2010-07-14 00:00:00,35.75,2010-07-14 00:00:00,34.25,35,25,34800,1232575,2010-07-14 00:00:00,1
2010-07-15 00:00:00,2010-07-15 00:00:00,35,2010-07-15 00:00:00,33,33,10,8000,266600,2010-07-15 00:00:00,1
2010-07-16 00:00:00,2010-07-16 00:00:00,33.5,2010-07-16 00:00:00,33,33,10,3900,129600,2010-07-16 00:00:00,1
2010-07-19 00:00:00,2010-07-19 00:00:00,33.75,2010-07-19 00:00:00,32.5,33,10,6700,220425,2010-07-19 00:00:00,1
2010-07-20 00:00:00,2010-07-20 00:00:00,33,2010-07-20 00:00:00,31,31.5,6,2100,67275,2010-07-20 00:00:00,1
2010-07-21 00:00:00,2010-07-21 00:00:00,34,2010-07-21 00:00:00,32,32.5,15,3700,120900,2010-07-21 00:00:00,1
2010-07-22 00:00:00,2010-07-22 00:00:00,33,2010-07-22 00:00:00,31.25,31.5,8,6400,209250,2010-07-22 00:00:00,1
2010-07-23 00:00:00,2010-07-23 00:00:00,32.5,2010-07-23 00:00:00,32,32,8,10600,343975,2010-07-23 00:00:00,1
2010-07-26 00:00:00,2010-07-26 00:00:00,33,2010-07-26 00:00:00,32,32.25,13,6400,207700,2010-07-26 00:00:00,1
2010-07-27 00:00:00,2010-07-27 00:00:00,33.25,2010-07-27 00:00:00,32.75,33,17,23600,775850,2010-07-27 00:00:00,1
2010-07-28 00:00:00,2010-07-28 00:00:00,33,2010-07-28 00:00:00,32.5,32.5,16,4400,144375,2010-07-28 00:00:00,1
2010-07-29 00:00:00,2010-07-29 00:00:00,33,2010-07-29 00:00:00,32,32.25,21,8500,276975,2010-07-29 00:00:00,1
2010-07-30 00:00:00,2010-07-30 00:00:00,32.25,2010-07-30 00:00:00,31,31.5,49,30400,956250,2010-07-30 00:00:00,1
2010-08-02 00:00:00,2010-08-02 00:00:00,32,2010-08-02 00:00:00,30.3,31.9,42,33600,1053930,2010-08-02 00:00:00,1
2010-08-03 00:00:00,2010-08-03 00:00:00,30,2010-08-03 00:00:00,27.5,28.7,32,18000,518890,2010-08-03 00:00:00,1
2010-08-04 00:00:00,2010-08-04 00:00:00,29.7,2010-08-04 00:00:00,27,27.1,37,23200,633660,2010-08-04 00:00:00,1
2010-08-05 00:00:00,2010-08-05 00:00:00,28.7,2010-08-05 00:00:00,26.5,28,24,33200,907570,2010-08-05 00:00:00,1
2010-08-06 00:00:00,2010-08-06 00:00:00,27,2010-08-06 00:00:00,26.6,27,8,8200,221320,2010-08-06 00:00:00,1
2010-08-09 00:00:00,2010-08-09 00:00:00,25,2010-08-09 00:00:00,24.3,24.7,16,3600,88180,2010-08-09 00:00:00,1
2010-08-10 00:00:00,2010-08-10 00:00:00,27,2010-08-10 00:00:00,22.3,26.9,51,24300,612290,2010-08-10 00:00:00,1
2010-08-11 00:00:00,2010-08-11 00:00:00,27.5,2010-08-11 00:00:00,26,26.2,22,18500,494460,2010-08-11 00:00:00,1
2010-08-12 00:00:00,2010-08-12 00:00:00,27.8,2010-08-12 00:00:00,25,25.3,16,10200,263030,2010-08-12 00:00:00,1
2010-08-13 00:00:00,2010-08-13 00:00:00,25.2,2010-08-13 00:00:00,24,24.9,16,12700,309840,2010-08-13 00:00:00,1
2010-08-16 00:00:00,2010-08-16 00:00:00,25.5,2010-08-16 00:00:00,25.1,25.1,5,1500,38210,2010-08-16 00:00:00,1
2010-08-17 00:00:00,2010-08-17 00:00:00,24.5,2010-08-17 00:00:00,24.2,24.5,10,2100,50960,2010-08-17 00:00:00,1
2010-08-18 00:00:00,2010-08-18 00:00:00,25,2010-08-18 00:00:00,23.5,24.7,16,10500,260130,2010-08-18 00:00:00,1
2010-08-19 00:00:00,2010-08-19 00:00:00,24.8,2010-08-19 00:00:00,24,24,19,12800,307600,2010-08-19 00:00:00,1
2010-08-20 00:00:00,2010-08-20 00:00:00,25.4,2010-08-20 00:00:00,24.1,25.2,7,5500,137850,2010-08-20 00:00:00,1
2010-08-23 00:00:00,2010-08-23 00:00:00,27.7,2010-08-23 00:00:00,26,27.7,56,34400,943120,2010-08-23 00:00:00,1
2010-08-25 00:00:00,2010-08-25 00:00:00,29,2010-08-25 00:00:00,28,28.7,35,30500,867170,2010-08-25 00:00:00,1
2010-08-26 00:00:00,2010-08-26 00:00:00,29,2010-08-26 00:00:00,28,28.1,21,25200,719280,2010-08-26 00:00:00,1
2010-08-27 00:00:00,2010-08-27 00:00:00,28.1,2010-08-27 00:00:00,28,28.1,6,2900,81480,2010-08-27 00:00:00,1
2010-08-30 00:00:00,2010-08-30 00:00:00,28.1,2010-08-30 00:00:00,26.1,26.1,2,1100,30710,2010-08-30 00:00:00,1
2010-08-31 00:00:00,2010-08-31 00:00:00,28.4,2010-08-31 00:00:00,26.1,26.5,17,5900,164250,2010-08-31 00:00:00,1
2010-09-01 00:00:00,2010-09-01 00:00:00,28.1,2010-09-01 00:00:00,26.1,26.1,11,2100,55010,2010-09-01 00:00:00,1
2010-09-02 00:00:00,2010-09-02 00:00:00,26.1,2010-09-02 00:00:00,26.1,26.1,6,2500,65250,2010-09-02 00:00:00,1
2010-09-03 00:00:00,2010-09-03 00:00:00,26.5,2010-09-03 00:00:00,25.8,25.9,8,2700,70330,2010-09-03 00:00:00,1
2010-09-06 00:00:00,2010-09-06 00:00:00,26,2010-09-06 00:00:00,25.2,25.6,11,4400,112290,2010-09-06 00:00:00,1
2010-09-07 00:00:00,2010-09-07 00:00:00,26.3,2010-09-07 00:00:00,25.1,26.3,7,1800,46650,2010-09-07 00:00:00,1
2010-09-08 00:00:00,2010-09-08 00:00:00,27,2010-09-08 00:00:00,26,26,12,13600,358360,2010-09-08 00:00:00,1
2010-09-09 00:00:00,2010-09-09 00:00:00,26.5,2010-09-09 00:00:00,24.8,25.9,29,24300,610800,2010-09-09 00:00:00,1
2010-09-13 00:00:00,2010-09-13 00:00:00,24,2010-09-13 00:00:00,23.4,23.5,124,161800,3806390,2010-09-13 00:00:00,1
2010-09-14 00:00:00,2010-09-14 00:00:00,23.5,2010-09-14 00:00:00,22.6,22.8,64,72300,1668880,2010-09-14 00:00:00,1
2010-09-15 00:00:00,2010-09-15 00:00:00,23,2010-09-15 00:00:00,22.6,22.8,34,12400,283000,2010-09-15 00:00:00,1
2010-09-16 00:00:00,2010-09-16 00:00:00,23,2010-09-16 00:00:00,22,22.3,45,24300,550510,2010-09-16 00:00:00,1
2010-09-17 00:00:00,2010-09-17 00:00:00,23.2,2010-09-17 00:00:00,22,22.9,111,683400,15650790,2010-09-17 00:00:00,1
2010-09-20 00:00:00,2010-09-20 00:00:00,23.2,2010-09-20 00:00:00,22.9,23,39,51200,1178840,2010-09-20 00:00:00,1
2010-09-21 00:00:00,2010-09-21 00:00:00,23.3,2010-09-21 00:00:00,22.5,23,40,87000,1995650,2010-09-21 00:00:00,1
2010-09-23 00:00:00,2010-09-23 00:00:00,23,2010-09-23 00:00:00,22.8,22.8,24,89400,2044180,2010-09-23 00:00:00,1
2010-09-24 00:00:00,2010-09-24 00:00:00,23,2010-09-24 00:00:00,22.5,22.8,42,83100,1901270,2010-09-24 00:00:00,1
2010-09-27 00:00:00,2010-09-27 00:00:00,23,2010-09-27 00:00:00,22.6,22.6,18,14800,336060,2010-09-27 00:00:00,1
2010-09-28 00:00:00,2010-09-28 00:00:00,22.8,2010-09-28 00:00:00,22.3,22.7,17,13200,297710,2010-09-28 00:00:00,1
2010-09-29 00:00:00,2010-09-29 00:00:00,23.5,2010-09-29 00:00:00,22.7,23,68,146800,3398630,2010-09-29 00:00:00,1
2010-09-30 00:00:00,2010-09-30 00:00:00,23.2,2010-09-30 00:00:00,22.7,22.8,28,27300,625080,2010-09-30 00:00:00,1
2010-10-01 00:00:00,2010-10-01 00:00:00,24.4,2010-10-01 00:00:00,23,23.7,63,125800,2994190,2010-10-01 00:00:00,1
2010-10-04 00:00:00,2010-10-04 00:00:00,23.5,2010-10-04 00:00:00,23.2,23.2,30,18400,430580,2010-10-04 00:00:00,1
2010-10-05 00:00:00,2010-10-05 00:00:00,23.1,2010-10-05 00:00:00,22.8,23,30,21000,482640,2010-10-05 00:00:00,1
2010-10-06 00:00:00,2010-10-06 00:00:00,23,2010-10-06 00:00:00,22.7,22.7,13,12900,294000,2010-10-06 00:00:00,1
2010-10-07 00:00:00,2010-10-07 00:00:00,22.7,2010-10-07 00:00:00,22,22.2,34,32000,717170,2010-10-07 00:00:00,1
2010-10-08 00:00:00,2010-10-08 00:00:00,23,2010-10-08 00:00:00,22.1,23,21,14100,316320,2010-10-08 00:00:00,1
2010-10-11 00:00:00,2010-10-11 00:00:00,22.5,2010-10-11 00:00:00,22.3,22.5,3,2100,47210,2010-10-11 00:00:00,1
2010-10-12 00:00:00,2010-10-12 00:00:00,22.7,2010-10-12 00:00:00,22.1,22.2,42,66200,1479210,2010-10-12 00:00:00,1
2010-10-13 00:00:00,2010-10-13 00:00:00,22.1,2010-10-13 00:00:00,20,21.1,32,32100,681110,2010-10-13 00:00:00,1
2010-10-14 00:00:00,2010-10-14 00:00:00,22,2010-10-14 00:00:00,21,21.2,5,4300,92320,2010-10-14 00:00:00,1
2010-10-15 00:00:00,2010-10-15 00:00:00,22.1,2010-10-15 00:00:00,22.1,22.1,5,10800,238680,2010-10-15 00:00:00,1
2010-10-18 00:00:00,2010-10-18 00:00:00,22.1,2010-10-18 00:00:00,21.9,22,9,25600,563210,2010-10-18 00:00:00,1
2010-10-19 00:00:00,2010-10-19 00:00:00,21,2010-10-19 00:00:00,20.5,21,5,4400,91200,2010-10-19 00:00:00,1
2010-10-21 00:00:00,2010-10-21 00:00:00,21,2010-10-21 00:00:00,20.5,20.8,2,1500,31250,2010-10-21 00:00:00,1
2010-10-25 00:00:00,2010-10-25 00:00:00,21,2010-10-25 00:00:00,20.5,20.7,3,1500,31000,2010-10-25 00:00:00,1
2010-10-26 00:00:00,2010-10-26 00:00:00,20.5,2010-10-26 00:00:00,20.5,20.5,2,2500,51250,2010-10-26 00:00:00,1
2010-10-27 00:00:00,2010-10-27 00:00:00,20.5,2010-10-27 00:00:00,20.3,20.5,10,12100,248010,2010-10-27 00:00:00,1
2010-10-28 00:00:00,2010-10-28 00:00:00,20.4,2010-10-28 00:00:00,19.5,19.7,10,7400,146930,2010-10-28 00:00:00,1
2010-10-29 00:00:00,2010-10-29 00:00:00,22.6,2010-10-29 00:00:00,20,21,29,33400,730150,2010-10-29 00:00:00,1
2010-11-01 00:00:00,2010-11-01 00:00:00,21.5,2010-11-01 00:00:00,20,21.2,28,48100,986530,2010-11-01 00:00:00,1
2010-11-03 00:00:00,2010-11-03 00:00:00,21.7,2010-11-03 00:00:00,21.7,21.7,1,300,6510,2010-11-03 00:00:00,1
2010-11-04 00:00:00,2010-11-04 00:00:00,20.8,2010-11-04 00:00:00,20.8,20.8,1,5000,104000,2010-11-04 00:00:00,1
2010-11-08 00:00:00,2010-11-08 00:00:00,21,2010-11-08 00:00:00,20.9,20.9,6,900,18860,2010-11-08 00:00:00,1
2010-11-09 00:00:00,2010-11-09 00:00:00,21.8,2010-11-09 00:00:00,21.4,21.5,4,2000,42980,2010-11-09 00:00:00,1
2010-11-10 00:00:00,2010-11-10 00:00:00,21,2010-11-10 00:00:00,20.8,20.8,3,2300,47860,2010-11-10 00:00:00,1
2010-11-11 00:00:00,2010-11-11 00:00:00,21,2010-11-11 00:00:00,20.8,20.8,2,2000,41620,2010-11-11 00:00:00,1
2010-11-12 00:00:00,2010-11-12 00:00:00,20.8,2010-11-12 00:00:00,20.8,20.8,2,700,14560,2010-11-12 00:00:00,1
2010-11-15 00:00:00,2010-11-15 00:00:00,20.3,2010-11-15 00:00:00,20.3,20.3,1,100,2030,2010-11-15 00:00:00,1
2010-11-16 00:00:00,2010-11-16 00:00:00,20.3,2010-11-16 00:00:00,20.2,20.2,3,1900,38450,2010-11-16 00:00:00,1
2010-11-18 00:00:00,2010-11-18 00:00:00,20.5,2010-11-18 00:00:00,20.3,20.5,6,4600,94220,2010-11-18 00:00:00,1
2010-11-22 00:00:00,2010-11-22 00:00:00,20.8,2010-11-22 00:00:00,20.5,20.5,5,3500,72320,2010-11-22 00:00:00,1
2010-11-23 00:00:00,2010-11-23 00:00:00,20.9,2010-11-23 00:00:00,20,20,34,18700,376500,2010-11-23 00:00:00,1
2010-11-24 00:00:00,2010-11-24 00:00:00,20,2010-11-24 00:00:00,20,20,3,1600,32000,2010-11-24 00:00:00,1
2010-11-25 00:00:00,2010-11-25 00:00:00,20,2010-11-25 00:00:00,20,20,7,4800,96000,2010-11-25 00:00:00,1
2010-11-26 00:00:00,2010-11-26 00:00:00,20,2010-11-26 00:00:00,19.1,19.9,7,11300,224280,2010-11-26 00:00:00,1
2010-11-30 00:00:00,2010-11-30 00:00:00,20.6,2010-11-30 00:00:00,20,20.2,14,15800,319290,2010-11-30 00:00:00,1
2010-12-01 00:00:00,2010-12-01 00:00:00,20,2010-12-01 00:00:00,20,20,8,30000,600000,2010-12-01 00:00:00,1
2010-12-02 00:00:00,2010-12-02 00:00:00,20.6,2010-12-02 00:00:00,20,20.1,18,18300,369200,2010-12-02 00:00:00,1
2010-12-03 00:00:00,2010-12-03 00:00:00,20,2010-12-03 00:00:00,20,20,2,2500,50000,2010-12-03 00:00:00,1
2010-12-07 00:00:00,2010-12-07 00:00:00,20.5,2010-12-07 00:00:00,20.2,20.4,6,1300,26470,2010-12-07 00:00:00,1
2010-12-08 00:00:00,2010-12-08 00:00:00,20,2010-12-08 00:00:00,19.9,19.9,5,3500,69950,2010-12-08 00:00:00,1
2010-12-09 00:00:00,2010-12-09 00:00:00,19.5,2010-12-09 00:00:00,19.5,19.5,1,300,5850,2010-12-09 00:00:00,1
2010-12-10 00:00:00,2010-12-10 00:00:00,19.9,2010-12-10 00:00:00,19.5,19.9,6,5900,115890,2010-12-10 00:00:00,1
2010-12-13 00:00:00,2010-12-13 00:00:00,20,2010-12-13 00:00:00,19.5,19.6,6,2000,39410,2010-12-13 00:00:00,1
2010-12-14 00:00:00,2010-12-14 00:00:00,19.5,2010-12-14 00:00:00,19.2,19.3,2,1500,28950,2010-12-14 00:00:00,1
2010-12-15 00:00:00,2010-12-15 00:00:00,19.2,2010-12-15 00:00:00,18.7,19,10,14500,276670,2010-12-15 00:00:00,1
2010-12-16 00:00:00,2010-12-16 00:00:00,19.5,2010-12-16 00:00:00,19,19,4,3000,57250,2010-12-16 00:00:00,1
2010-12-21 00:00:00,2010-12-21 00:00:00,19.3,2010-12-21 00:00:00,18.5,19.3,12,14500,271100,2010-12-21 00:00:00,1
2010-12-22 00:00:00,2010-12-22 00:00:00,19.5,2010-12-22 00:00:00,18.7,19.5,8,5000,95890,2010-12-22 00:00:00,1
2010-12-23 00:00:00,2010-12-23 00:00:00,19.5,2010-12-23 00:00:00,19.5,19.5,2,1500,29250,2010-12-23 00:00:00,1
2010-12-24 00:00:00,2010-12-24 00:00:00,21.1,2010-12-24 00:00:00,20,20.7,9,5400,111630,2010-12-24 00:00:00,1
2010-12-27 00:00:00,2010-12-27 00:00:00,20.2,2010-12-27 00:00:00,20.1,20.1,3,1300,26180,2010-12-27 00:00:00,1
2010-12-28 00:00:00,2010-12-28 00:00:00,21.5,2010-12-28 00:00:00,20.3,20.4,15,11400,238860,2010-12-28 00:00:00,1
2010-12-29 00:00:00,2010-12-29 00:00:00,20.9,2010-12-29 00:00:00,19.9,19.9,14,8300,167180,2010-12-29 00:00:00,1
2010-12-30 00:00:00,2010-12-30 00:00:00,20.3,2010-12-30 00:00:00,19.8,20.3,14,12500,249550,2010-12-30 00:00:00,1
2010-12-31 00:00:00,2010-12-31 00:00:00,20.9,2010-12-31 00:00:00,19.5,20.4,10,18100,368830,2010-12-31 00:00:00,1
Company Id :  ACME,,Security Type :  R,,Sub Type :  0000,,,,,,
Short Name :  ACME,,,,,,,,,,
Day,Date High,High,Date Low,Low,Closing,No. of Trades,No. of Shares,Turnover,Last Traded,Days Traded
2010-08-12 00:00:00,2010-08-12 00:00:00,4.4,2010-08-12 00:00:00,2,3.2,217,8128100,16775370,2010-08-12 00:00:00,1
2010-08-13 00:00:00,2010-08-13 00:00:00,3.3,2010-08-13 00:00:00,2.9,3.1,63,247300,756810,2010-08-13 00:00:00,1
2010-08-16 00:00:00,2010-08-16 00:00:00,3.1,2010-08-16 00:00:00,2.9,3,26,68500,202040,2010-08-16 00:00:00,1
2010-08-17 00:00:00,2010-08-17 00:00:00,3,2010-08-17 00:00:00,2.7,2.7,54,191500,522940,2010-08-17 00:00:00,1
2010-08-18 00:00:00,2010-08-18 00:00:00,2.9,2010-08-18 00:00:00,2.6,2.6,72,309200,822150,2010-08-18 00:00:00,1
2010-08-19 00:00:00,2010-08-19 00:00:00,2.6,2010-08-19 00:00:00,2.4,2.4,115,319600,773120,2010-08-19 00:00:00,1
Company Id :  AGAL,,Security Type :  N,,Sub Type :  0000,,,,,,
Short Name :  AGALAWATTE,,,,,,,,,,
Day,Date High,High,Date Low,Low,Closing,No. of Trades,No. of Shares,Turnover,Last Traded,Days Traded
2010-01-04 00:00:00,2010-01-04 00:00:00,22.75,2010-01-04 00:00:00,22,22.5,18,11400,256525,2010-01-04 00:00:00,1
2010-01-05 00:00:00,2010-01-05 00:00:00,22.5,2010-01-05 00:00:00,21.5,21.5,14,18000,397000,2010-01-05 00:00:00,1
2010-01-07 00:00:00,2010-01-07 00:00:00,21.75,2010-01-07 00:00:00,21.5,21.75,7,3100,67075,2010-01-07 00:00:00,1
2010-01-08 00:00:00,2010-01-08 00:00:00,24,2010-01-08 00:00:00,21.75,23.5,63,58600,1374200,2010-01-08 00:00:00,1
2010-01-11 00:00:00,2010-01-11 00:00:00,23.75,2010-01-11 00:00:00,23,23,69,71900,1695125,2010-01-11 00:00:00,1
2010-01-12 00:00:00,2010-01-12 00:00:00,23,2010-01-12 00:00:00,22.5,22.5,17,9500,218200,2010-01-12 00:00:00,1
2010-01-13 00:00:00,2010-01-13 00:00:00,23.5,2010-01-13 00:00:00,22.75,23.25,9,5300,122425,2010-01-13 00:00:00,1
2010-01-15 00:00:00,2010-01-15 00:00:00,23.25,2010-01-15 00:00:00,22.5,22.75,41,82300,1881725,2010-01-15 00:00:00,1
2010-01-18 00:00:00,2010-01-18 00:00:00,23.25,2010-01-18 00:00:00,22.5,23,25,26900,614650,2010-01-18 00:00:00,1
2010-01-19 00:00:00,2010-01-19 00:00:00,23,2010-01-19 00:00:00,22.75,23,20,34600,789675,2010-01-19 00:00:00,1
2010-01-20 00:00:00,2010-01-20 00:00:00,24.25,2010-01-20 00:00:00,23,23.75,44,67800,1603825,2010-01-20 00:00:00,1
2010-01-21 00:00:00,2010-01-21 00:00:00,24,2010-01-21 00:00:00,23.25,23.25,11,14400,336125,2010-01-21 00:00:00,1
2010-01-22 00:00:00,2010-01-22 00:00:00,23,2010-01-22 00:00:00,23,23,17,24800,570400,2010-01-22 00:00:00,1
2010-01-25 00:00:00,2010-01-25 00:00:00,24,2010-01-25 00:00:00,23,23.5,22,23600,553875,2010-01-25 00:00:00,1
2010-01-26 00:00:00,2010-01-26 00:00:00,24.25,2010-01-26 00:00:00,23,24,14,26400,630125,2010-01-26 00:00:00,1
2010-01-28 00:00:00,2010-01-28 00:00:00,24.5,2010-01-28 00:00:00,23,24.5,44,32100,768675,2010-01-28 00:00:00,1
2010-02-01 00:00:00,2010-02-01 00:00:00,28.75,2010-02-01 00:00:00,24.25,28,313,548100,14745875,2010-02-01 00:00:00,1
2010-02-02 00:00:00,2010-02-02 00:00:00,33,2010-02-02 00:00:00,28.25,30,425,475100,14468275,2010-02-02 00:00:00,1
2010-02-03 00:00:00,2010-02-03 00:00:00,31,2010-02-03 00:00:00,28.75,29,136,181500,5558225,2010-02-03 00:00:00,1
2010-02-05 00:00:00,2010-02-05 00:00:00,30.5,2010-02-05 00:00:00,30,30,72,73800,2218275,2010-02-05 00:00:00,1
2010-02-08 00:00:00,2010-02-08 00:00:00,33,2010-02-08 00:00:00,31,32,104,148000,4763000,2010-02-08 00:00:00,1
2010-02-09 00:00:00,2010-02-09 00:00:00,32,2010-02-09 00:00:00,30,30,59,71100,2152325,2010-02-09 00:00:00,1
2010-02-10 00:00:00,2010-02-10 00:00:00,30.5,2010-02-10 00:00:00,29.5,29.75,9,13700,410600,2010-02-10 00:00:00,1
2010-02-11 00:00:00,2010-02-11 00:00:00,30,2010-02-11 00:00:00,29.5,29.5,21,17400,513800,2010-02-11 00:00:00,1
2010-02-12 00:00:00,2010-02-12 00:00:00,30,2010-02-12 00:00:00,28.5,29.25,30,20600,598975,2010-02-12 00:00:00,1
2010-02-15 00:00:00,2010-02-15 00:00:00,30,2010-02-15 00:00:00,29.75,29.75,23,21100,632400,2010-02-15 00:00:00,1
2010-02-16 00:00:00,2010-02-16 00:00:00,30.5,2010-02-16 00:00:00,28,28.25,18,10300,298750,2010-02-16 00:00:00,1
2010-02-17 00:00:00,2010-02-17 00:00:00,29.25,2010-02-17 00:00:00,28.5,28.75,18,5900,169225,2010-02-17 00:00:00,1
2010-02-18 00:00:00,2010-02-18 00:00:00,30,2010-02-18 00:00:00,29,29.75,10,14300,427825,2010-02-18 00:00:00,1
2010-02-19 00:00:00,2010-02-19 00:00:00,30.5,2010-02-19 00:00:00,29.5,30.25,46,41000,1232200,2010-02-19 00:00:00,1
2010-02-22 00:00:00,2010-02-22 00:00:00,32,2010-02-22 00:00:00,30,31.5,85,95300,3011475,2010-02-22 00:00:00,1
2010-02-23 00:00:00,2010-02-23 00:00:00,32.5,2010-02-23 00:00:00,31.25,31.75,15,13400,430300,2010-02-23 00:00:00,1
2010-02-24 00:00:00,2010-02-24 00:00:00,32,2010-02-24 00:00:00,31,31.75,21,13000,410750,2010-02-24 00:00:00,1
2010-02-25 00:00:00,2010-02-25 00:00:00,32,2010-02-25 00:00:00,31.5,31.75,36,38300,1223075,2010-02-25 00:00:00,1
2010-02-26 00:00:00,2010-02-26 00:00:00,31.5,2010-02-26 00:00:00,31,31,10,10500,326500,2010-02-26 00:00:00,1
2010-03-01 00:00:00,2010-03-01 00:00:00,32,2010-03-01 00:00:00,30.75,30.75,2,200,6275,2010-03-01 00:00:00,1
2010-03-02 00:00:00,2010-03-02 00:00:00,30.75,2010-03-02 00:00:00,29.5,29.5,5,1800,54850,2010-03-02 00:00:00,1
2010-03-03 00:00:00,2010-03-03 00:00:00,29.75,2010-03-03 00:00:00,29,29.5,14,9400,276575,2010-03-03 00:00:00,1
2010-03-04 00:00:00,2010-03-04 00:00:00,29.75,2010-03-04 00:00:00,29.25,29.25,4,1900,55625,2010-03-04 00:00:00,1
2010-03-05 00:00:00,2010-03-05 00:00:00,29.75,2010-03-05 00:00:00,29.75,29.75,2,1000,29750,2010-03-05 00:00:00,1
2010-03-08 00:00:00,2010-03-08 00:00:00,29.75,2010-03-08 00:00:00,29.25,29.25,9,4700,137800,2010-03-08 00:00:00,1
2010-03-09 00:00:00,2010-03-09 00:00:00,30,2010-03-09 00:00:00,29,29.5,16,18100,530750,2010-03-09 00:00:00,1
2010-03-10 00:00:00,2010-03-10 00:00:00,30,2010-03-10 00:00:00,29,29.25,19,10100,295900,2010-03-10 00:00:00,1
2010-03-11 00:00:00,2010-03-11 00:00:00,29.75,2010-03-11 00:00:00,29,29.25,10,7400,216350,2010-03-11 00:00:00,1
2010-03-12 00:00:00,2010-03-12 00:00:00,29.75,2010-03-12 00:00:00,29.25,29.5,16,19800,584475,2010-03-12 00:00:00,1
2010-03-15 00:00:00,2010-03-15 00:00:00,29.5,2010-03-15 00:00:00,29.25,29.5,16,25600,752325,2010-03-15 00:00:00,1
2010-03-16 00:00:00,2010-03-16 00:00:00,29.25,2010-03-16 00:00:00,28.25,28.25,22,49400,1419300,2010-03-16 00:00:00,1
2010-03-17 00:00:00,2010-03-17 00:00:00,28.5,2010-03-17 00:00:00,28,28,11,11100,311850,2010-03-17 00:00:00,1
2010-03-18 00:00:00,2010-03-18 00:00:00,28,2010-03-18 00:00:00,27.5,27.75,17,6500,180325,2010-03-18 00:00:00,1
2010-03-24 00:00:00,2010-03-24 00:00:00,28.75,2010-03-24 00:00:00,27,27.25,15,17100,466275,2010-03-24 00:00:00,1
2010-03-25 00:00:00,2010-03-25 00:00:00,28.75,2010-03-25 00:00:00,27,27.25,21,29000,791775,2010-03-25 00:00:00,1
2010-03-26 00:00:00,2010-03-26 00:00:00,28,2010-03-26 00:00:00,27,27.25,7,1600,43750,2010-03-26 00:00:00,1
2010-03-30 00:00:00,2010-03-30 00:00:00,27,2010-03-30 00:00:00,27,27,1,100,2700,2010-03-30 00:00:00,1
2010-03-31 00:00:00,2010-03-31 00:00:00,27.5,2010-03-31 00:00:00,27,27.25,10,6700,182000,2010-03-31 00:00:00,1
2010-04-01 00:00:00,2010-04-01 00:00:00,29,2010-04-01 00:00:00,28.75,29,6,7600,220375,2010-04-01 00:00:00,1
2010-04-05 00:00:00,2010-04-05 00:00:00,30.75,2010-04-05 00:00:00,27.5,30.25,48,45700,1380325,2010-04-05 00:00:00,1
2010-04-06 00:00:00,2010-04-06 00:00:00,31.5,2010-04-06 00:00:00,30,30.5,35,33000,1010150,2010-04-06 00:00:00,1
2010-04-07 00:00:00,2010-04-07 00:00:00,31.5,2010-04-07 00:00:00,30.5,30.5,38,30100,928825,2010-04-07 00:00:00,1
2010-04-08 00:00:00,2010-04-08 00:00:00,31.5,2010-04-08 00:00:00,31,31,13,26200,812400,2010-04-08 00:00:00,1
2010-04-12 00:00:00,2010-04-12 00:00:00,32,2010-04-12 00:00:00,31,31.5,25,25600,805075,2010-04-12 00:00:00,1
2010-04-15 00:00:00,2010-04-15 00:00:00,31.25,2010-04-15 00:00:00,30.25,31.25,5,6700,207925,2010-04-15 00:00:00,1
2010-04-16 00:00:00,2010-04-16 00:00:00,31.5,2010-04-16 00:00:00,31.25,31.5,12,13800,434625,2010-04-16 00:00:00,1
2010-04-19 00:00:00,2010-04-19 00:00:00,31.5,2010-04-19 00:00:00,30.5,30.5,29,36900,1138050,2010-04-19 00:00:00,1
2010-04-20 00:00:00,2010-04-20 00:00:00,36,2010-04-20 00:00:00,31,33.75,206,397400,13221650,2010-04-20 00:00:00,1
2010-04-21 00:00:00,2010-04-21 00:00:00,37,2010-04-21 00:00:00,34.25,34.5,214,255600,9116125,2010-04-21 00:00:00,1
2010-04-22 00:00:00,2010-04-22 00:00:00,35.25,2010-04-22 00:00:00,32,32.5,58,43300,1468650,2010-04-22 00:00:00,1
2010-04-23 00:00:00,2010-04-23 00:00:00,34.5,2010-04-23 00:00:00,33.5,34.25,19,15200,517475,2010-04-23 00:00:00,1
2010-04-26 00:00:00,2010-04-26 00:00:00,37.75,2010-04-26 00:00:00,34.5,37.5,169,273200,9971600,2010-04-26 00:00:00,1
2010-04-27 00:00:00,2010-04-27 00:00:00,41,2010-04-27 00:00:00,37.25,39.75,244,649100,25227400,2010-04-27 00:00:00,1
2010-04-29 00:00:00,2010-04-29 00:00:00,41.5,2010-04-29 00:00:00,39.25,39.75,60,106100,4260850,2010-04-29 00:00:00,1
2010-04-30 00:00:00,2010-04-30 00:00:00,40,2010-04-30 00:00:00,38.5,39.25,18,59000,2315550,2010-04-30 00:00:00,1
2010-05-03 00:00:00,2010-05-03 00:00:00,39.75,2010-05-03 00:00:00,38,38.5,23,12100,471825,2010-05-03 00:00:00,1
2010-05-04 00:00:00,2010-05-04 00:00:00,39.5,2010-05-04 00:00:00,37,39.25,49,144600,5576675,2010-05-04 00:00:00,1
2010-05-05 00:00:00,2010-05-05 00:00:00,40,2010-05-05 00:00:00,38.5,38.5,19,18600,721575,2010-05-05 00:00:00,1
2010-05-06 00:00:00,2010-05-06 00:00:00,39,2010-05-06 00:00:00,36,37,37,28300,1054725,2010-05-06 00:00:00,1
2010-05-07 00:00:00,2010-05-07 00:00:00,39,2010-05-07 00:00:00,37.75,38,30,32700,1247075,2010-05-07 00:00:00,1
2010-05-10 00:00:00,2010-05-10 00:00:00,38,2010-05-10 00:00:00,37,37,18,15400,577900,2010-05-10 00:00:00,1
2010-05-11 00:00:00,2010-05-11 00:00:00,37,2010-05-11 00:00:00,36.5,36.5,13,18300,671150,2010-05-11 00:00:00,1
2010-05-12 00:00:00,2010-05-12 00:00:00,36.5,2010-05-12 00:00:00,36.25,36.5,9,3500,127400,2010-05-12 00:00:00,1
2010-05-13 00:00:00,2010-05-13 00:00:00,37.5,2010-05-13 00:00:00,36,36.75,13,6100,223250,2010-05-13 00:00:00,1
2010-05-14 00:00:00,2010-05-14 00:00:00,36.75,2010-05-14 00:00:00,36,36,4,8500,306950,2010-05-14 00:00:00,1
2010-05-17 00:00:00,2010-05-17 00:00:00,38,2010-05-17 00:00:00,36,37.75,12,5900,216950,2010-05-17 00:00:00,1
2010-05-18 00:00:00,2010-05-18 00:00:00,38,2010-05-18 00:00:00,36.5,37,18,10900,404775,2010-05-18 00:00:00,1
2010-05-19 00:00:00,2010-05-19 00:00:00,37.5,2010-05-19 00:00:00,37,37.5,5,6000,222400,2010-05-19 00:00:00,1
2010-05-20 00:00:00,2010-05-20 00:00:00,36,2010-05-20 00:00:00,36,36,7,2400,86400,2010-05-20 00:00:00,1
2010-05-21 00:00:00,2010-05-21 00:00:00,35,2010-05-21 00:00:00,34,34,17,16300,563100,2010-05-21 00:00:00,1
2010-05-24 00:00:00,2010-05-24 00:00:00,34.5,2010-05-24 00:00:00,33.5,33.5,13,8000,269225,2010-05-24 00:00:00,1
2010-05-25 00:00:00,2010-05-25 00:00:00,35,2010-05-25 00:00:00,33,34.75,21,11900,410100,2010-05-25 00:00:00,1
2010-05-26 00:00:00,2010-05-26 00:00:00,35,2010-05-26 00:00:00,33,33.5,20,16500,548275,2010-05-26 00:00:00,1
2010-05-31 00:00:00,2010-05-31 00:00:00,33,2010-05-31 00:00:00,32,32.25,27,31700,1038275,2010-05-31 00:00:00,1
2010-06-01 00:00:00,2010-06-01 00:00:00,35,2010-06-01 00:00:00,32.75,32.75,7,4600,156425,2010-06-01 00:00:00,1
2010-06-02 00:00:00,2010-06-02 00:00:00,33,2010-06-02 00:00:00,32.5,33,9,6500,212750,2010-06-02 00:00:00,1
2010-06-03 00:00:00,2010-06-03 00:00:00,35,2010-06-03 00:00:00,33,34.75,28,35800,1241125,2010-06-03 00:00:00,1
2010-06-04 00:00:00,2010-06-04 00:00:00,33.5,2010-06-04 00:00:00,33.5,33.5,1,100,3350,2010-06-04 00:00:00,1
2010-06-07 00:00:00,2010-06-07 00:00:00,34.75,2010-06-07 00:00:00,34.25,34.5,10,14600,503100,2010-06-07 00:00:00,1
2010-06-08 00:00:00,2010-06-08 00:00:00,35,2010-06-08 00:00:00,34,34,14,10900,375950,2010-06-08 00:00:00,1
2010-06-09 00:00:00,2010-06-09 00:00:00,35,2010-06-09 00:00:00,34,35,10,7600,264225,2010-06-09 00:00:00,1
2010-06-10 00:00:00,2010-06-10 00:00:00,35,2010-06-10 00:00:00,34.75,35,9,57900,2026350,2010-06-10 00:00:00,1
2010-06-11 00:00:00,2010-06-11 00:00:00,34.75,2010-06-11 00:00:00,34.75,34.75,3,2400,83400,2010-06-11 00:00:00,1
2010-06-14 00:00:00,2010-06-14 00:00:00,34.5,2010-06-14 00:00:00,34.25,34.25,7,2000,68925,2010-06-14 00:00:00,1
2010-06-15 00:00:00,2010-06-15 00:00:00,36,2010-06-15 00:00:00,34.25,35.75,37,38400,1358225,2010-06-15 00:00:00,1
2010-06-16 00:00:00,2010-06-16 00:00:00,36,2010-06-16 00:00:00,34.5,36,17,50100,1798775,2010-06-16 00:00:00,1
2010-06-17 00:00:00,2010-06-17 00:00:00,36,2010-06-17 00:00:00,35,35,4,7000,249000,2010-06-17 00:00:00,1
2010-06-21 00:00:00,2010-06-21 00:00:00,36.25,2010-06-21 00:00:00,35,36.25,19,31500,1104100,2010-06-21 00:00:00,1
2010-06-22 00:00:00,2010-06-22 00:00:00,36.5,2010-06-22 00:00:00,35,35.25,18,27200,961000,2010-06-22 00:00:00,1
2010-06-23 00:00:00,2010-06-23 00:00:00,36.5,2010-06-23 00:00:00,36,36.25,6,1500,54525,2010-06-23 00:00:00,1
2010-06-24 00:00:00,2010-06-24 00:00:00,36,2010-06-24 00:00:00,35,36,10,14400,505000,2010-06-24 00:00:00,1
2010-06-28 00:00:00,2010-06-28 00:00:00,36,2010-06-28 00:00:00,35,36,4,1500,52900,2010-06-28 00:00:00,1
2010-06-29 00:00:00,2010-06-29 00:00:00,36,2010-06-29 00:00:00,35.75,36,6,16900,608325,2010-06-29 00:00:00,1
2010-06-30 00:00:00,2010-06-30 00:00:00,38,2010-06-30 00:00:00,35.5,37.25,39,42100,1568925,2010-06-30 00:00:00,1
2010-07-01 00:00:00,2010-07-01 00:00:00,39,2010-07-01 00:00:00,37,37.5,19,104700,3976325,2010-07-01 00:00:00,1
2010-07-02 00:00:00,2010-07-02 00:00:00,38,2010-07-02 00:00:00,37.5,37.5,21,23000,864775,2010-07-02 00:00:00,1
2010-07-05 00:00:00,2010-07-05 00:00:00,40,2010-07-05 00:00:00,38,38.5,72,98000,3859350,2010-07-05 00:00:00,1
2010-07-06 00:00:00,2010-07-06 00:00:00,40.25,2010-07-06 00:00:00,38,38.75,71,138600,5524450,2010-07-06 00:00:00,1
2010-07-07 00:00:00,2010-07-07 00:00:00,40,2010-07-07 00:00:00,36,37.5,27,25000,961750,2010-07-07 00:00:00,1
2010-07-08 00:00:00,2010-07-08 00:00:00,37.5,2010-07-08 00:00:00,37.5,37.5,2,300,11250,2010-07-08 00:00:00,1
2010-07-12 00:00:00,2010-07-12 00:00:00,35.5,2010-07-12 00:00:00,35.5,35.5,1,10000,355000,2010-07-12 00:00:00,1
2010-07-14 00:00:00,2010-07-14 00:00:00,36,2010-07-14 00:00:00,35.5,35.75,6,6200,220400,2010-07-14 00:00:00,1
2010-07-15 00:00:00,2010-07-15 00:00:00,37.5,2010-07-15 00:00:00,36.5,37.5,7,5200,194300,2010-07-15 00:00:00,1
2010-07-16 00:00:00,2010-07-16 00:00:00,37.25,2010-07-16 00:00:00,37,37,9,7100,262975,2010-07-16 00:00:00,1
2010-07-19 00:00:00,2010-07-19 00:00:00,37.5,2010-07-19 00:00:00,35.75,36,13,20400,738075,2010-07-19 00:00:00,1
2010-07-20 00:00:00,2010-07-20 00:00:00,36.25,2010-07-20 00:00:00,35.5,36,5,7400,265475,2010-07-20 00:00:00,1
2010-07-21 00:00:00,2010-07-21 00:00:00,37.5,2010-07-21 00:00:00,36.25,37.5,10,10700,399000,2010-07-21 00:00:00,1
2010-07-22 00:00:00,2010-07-22 00:00:00,37.75,2010-07-22 00:00:00,37.5,37.5,7,16600,623050,2010-07-22 00:00:00,1
2010-07-23 00:00:00,2010-07-23 00:00:00,38.5,2010-07-23 00:00:00,37.5,37.75,21,25100,942725,2010-07-23 00:00:00,1
2010-07-26 00:00:00,2010-07-26 00:00:00,39.75,2010-07-26 00:00:00,38.5,39.5,25,18000,699675,2010-07-26 00:00:00,1
2010-07-27 00:00:00,2010-07-27 00:00:00,41.25,2010-07-27 00:00:00,39.25,40.25,140,256400,10319200,2010-07-27 00:00:00,1
2010-07-28 00:00:00,2010-07-28 00:00:00,41,2010-07-28 00:00:00,39.5,39.5,31,28800,1156325,2010-07-28 00:00:00,1
2010-07-29 00:00:00,2010-07-29 00:00:00,40,2010-07-29 00:00:00,38.75,39.25,22,24900,980400,2010-07-29 00:00:00,1
2010-07-30 00:00:00,2010-07-30 00:00:00,39,2010-07-30 00:00:00,38.5,39,12,23700,917350,2010-07-30 00:00:00,1
2010-08-02 00:00:00,2010-08-02 00:00:00,40.8,2010-08-02 00:00:00,38.9,40.5,28,28000,1112380,2010-08-02 00:00:00,1
2010-08-03 00:00:00,2010-08-03 00:00:00,40.9,2010-08-03 00:00:00,38.5,38.6,14,19900,777670,2010-08-03 00:00:00,1
2010-08-04 00:00:00,2010-08-04 00:00:00,40,2010-08-04 00:00:00,39,39.9,15,11900,475700,2010-08-04 00:00:00,1
2010-08-05 00:00:00,2010-08-05 00:00:00,40,2010-08-05 00:00:00,36,39,12,9300,341080,2010-08-05 00:00:00,1
2010-08-06 00:00:00,2010-08-06 00:00:00,41,2010-08-06 00:00:00,38.1,38.2,8,5200,204440,2010-08-06 00:00:00,1
2010-08-09 00:00:00,2010-08-09 00:00:00,41,2010-08-09 00:00:00,35,36.3,17,16700,591860,2010-08-09 00:00:00,1
2010-08-10 00:00:00,2010-08-10 00:00:00,39.9,2010-08-10 00:00:00,33.5,39.9,22,25200,942880,2010-08-10 00:00:00,1
2010-08-11 00:00:00,2010-08-11 00:00:00,41.5,2010-08-11 00:00:00,39.9,39.9,29,14800,595790,2010-08-11 00:00:00,1
2010-08-12 00:00:00,2010-08-12 00:00:00,40,2010-08-12 00:00:00,37.5,40,17,84900,3390270,2010-08-12 00:00:00,1
2010-08-13 00:00:00,2010-08-13 00:00:00,40,2010-08-13 00:00:00,37.1,38.1,19,25600,1010170,2010-08-13 00:00:00,1
2010-08-16 00:00:00,2010-08-16 00:00:00,39,2010-08-16 00:00:00,38,38.2,12,6300,240750,2010-08-16 00:00:00,1
2010-08-17 00:00:00,2010-08-17 00:00:00,40,2010-08-17 00:00:00,39,39.9,17,45000,1793580,2010-08-17 00:00:00,1
2010-08-18 00:00:00,2010-08-18 00:00:00,38.5,2010-08-18 00:00:00,38,38.3,14,16200,620280,2010-08-18 00:00:00,1
2010-08-19 00:00:00,2010-08-19 00:00:00,38.2,2010-08-19 00:00:00,38,38.1,4,2500,95220,2010-08-19 00:00:00,1
2010-08-20 00:00:00,2010-08-20 00:00:00,40,2010-08-20 00:00:00,38,39.5,18,33700,1343260,2010-08-20 00:00:00,1
2010-08-23 00:00:00,2010-08-23 00:00:00,40,2010-08-23 00:00:00,39,39,3,1400,55850,2010-08-23 00:00:00,1
2010-08-25 00:00:00,2010-08-25 00:00:00,39,2010-08-25 00:00:00,38,38.5,10,52700,2028850,2010-08-25 00:00:00,1
2010-08-26 00:00:00,2010-08-26 00:00:00,39,2010-08-26 00:00:00,37.5,38.8,18,59600,2307390,2010-08-26 00:00:00,1
2010-08-27 00:00:00,2010-08-27 00:00:00,39,2010-08-27 00:00:00,38.9,38.9,4,1600,62350,2010-08-27 00:00:00,1
2010-08-30 00:00:00,2010-08-30 00:00:00,38.5,2010-08-30 00:00:00,38,38,11,10900,414350,2010-08-30 00:00:00,1
2010-08-31 00:00:00,2010-08-31 00:00:00,38,2010-08-31 00:00:00,38,38,4,1100,41800,2010-08-31 00:00:00,1
2010-09-01 00:00:00,2010-09-01 00:00:00,38.5,2010-09-01 00:00:00,37.5,38.5,11,11600,444600,2010-09-01 00:00:00,1
2010-09-02 00:00:00,2010-09-02 00:00:00,41,2010-09-02 00:00:00,38,40.5,87,183700,7363540,2010-09-02 00:00:00,1
2010-09-03 00:00:00,2010-09-03 00:00:00,44,2010-09-03 00:00:00,40.5,42.2,189,286700,12227400,2010-09-03 00:00:00,1
2010-09-06 00:00:00,2010-09-06 00:00:00,42.8,2010-09-06 00:00:00,40.2,41.8,17,27700,1180260,2010-09-06 00:00:00,1
2010-09-07 00:00:00,2010-09-07 00:00:00,41,2010-09-07 00:00:00,40,40.6,42,76700,3069360,2010-09-07 00:00:00,1
2010-09-08 00:00:00,2010-09-08 00:00:00,44,2010-09-08 00:00:00,39,42.5,74,114900,4866940,2010-09-08 00:00:00,1
2010-09-09 00:00:00,2010-09-09 00:00:00,43.5,2010-09-09 00:00:00,41.1,42.7,75,159900,6751860,2010-09-09 00:00:00,1
2010-09-13 00:00:00,2010-09-13 00:00:00,46.9,2010-09-13 00:00:00,42,46.9,127,296200,13494340,2010-09-13 00:00:00,1
2010-09-14 00:00:00,2010-09-14 00:00:00,51.5,2010-09-14 00:00:00,47.5,49.7,170,256000,12808470,2010-09-14 00:00:00,1
2010-09-15 00:00:00,2010-09-15 00:00:00,50.2,2010-09-15 00:00:00,46.5,49.9,67,105000,5199000,2010-09-15 00:00:00,1
2010-09-16 00:00:00,2010-09-16 00:00:00,50,2010-09-16 00:00:00,46,46.8,25,20500,976400,2010-09-16 00:00:00,1
2010-09-17 00:00:00,2010-09-17 00:00:00,48.3,2010-09-17 00:00:00,46,46.7,16,10600,491890,2010-09-17 00:00:00,1
2010-09-20 00:00:00,2010-09-20 00:00:00,47.5,2010-09-20 00:00:00,46,46.8,25,17300,799730,2010-09-20 00:00:00,1
2010-09-21 00:00:00,2010-09-21 00:00:00,49,2010-09-21 00:00:00,46.8,47,15,12500,593050,2010-09-21 00:00:00,1
2010-09-23 00:00:00,2010-09-23 00:00:00,49,2010-09-23 00:00:00,44,47,57,69200,3227170,2010-09-23 00:00:00,1
2010-09-24 00:00:00,2010-09-24 00:00:00,48.5,2010-09-24 00:00:00,45.5,48.3,32,40100,1906110,2010-09-24 00:00:00,1
2010-09-27 00:00:00,2010-09-27 00:00:00,48,2010-09-27 00:00:00,47,47.5,42,76100,3647710,2010-09-27 00:00:00,1
2010-09-28 00:00:00,2010-09-28 00:00:00,50,2010-09-28 00:00:00,45,46.5,76,248000,11447960,2010-09-28 00:00:00,1
2010-09-29 00:00:00,2010-09-29 00:00:00,47.9,2010-09-29 00:00:00,46,46.3,36,105200,4865440,2010-09-29 00:00:00,1
2010-09-30 00:00:00,2010-09-30 00:00:00,47,2010-09-30 00:00:00,45,45.2,29,39900,1818580,2010-09-30 00:00:00,1
2010-10-01 00:00:00,2010-10-01 00:00:00,47.4,2010-10-01 00:00:00,46,46,17,16300,764370,2010-10-01 00:00:00,1
2010-10-04 00:00:00,2010-10-04 00:00:00,48,2010-10-04 00:00:00,46,47.5,38,43100,2033800,2010-10-04 00:00:00,1
2010-10-05 00:00:00,2010-10-05 00:00:00,48,2010-10-05 00:00:00,47.9,48,18,12900,618950,2010-10-05 00:00:00,1
2010-10-06 00:00:00,2010-10-06 00:00:00,48.8,2010-10-06 00:00:00,47,47,20,10800,515230,2010-10-06 00:00:00,1
2010-10-07 00:00:00,2010-10-07 00:00:00,48,2010-10-07 00:00:00,44,45.9,24,36900,1719900,2010-10-07 00:00:00,1
2010-10-08 00:00:00,2010-10-08 00:00:00,45.3,2010-10-08 00:00:00,45,45.3,3,1100,49670,2010-10-08 00:00:00,1
2010-10-11 00:00:00,2010-10-11 00:00:00,46.5,2010-10-11 00:00:00,45,46.5,7,6900,315750,2010-10-11 00:00:00,1
2010-10-12 00:00:00,2010-10-12 00:00:00,46,2010-10-12 00:00:00,45.2,45.8,16,11400,521210,2010-10-12 00:00:00,1
2010-10-13 00:00:00,2010-10-13 00:00:00,45,2010-10-13 00:00:00,44.9,45,17,17500,787400,2010-10-13 00:00:00,1
2010-10-14 00:00:00,2010-10-14 00:00:00,45,2010-10-14 00:00:00,44,44.7,8,10600,475300,2010-10-14 00:00:00,1
2010-10-15 00:00:00,2010-10-15 00:00:00,45,2010-10-15 00:00:00,45,45,7,5000,225000,2010-10-15 00:00:00,1
2010-10-19 00:00:00,2010-10-19 00:00:00,46.1,2010-10-19 00:00:00,45,46,10,12700,582270,2010-10-19 00:00:00,1
2010-10-21 00:00:00,2010-10-21 00:00:00,40,2010-10-21 00:00:00,40,40,1,300,12000,2010-10-21 00:00:00,1
2010-10-25 00:00:00,2010-10-25 00:00:00,44,2010-10-25 00:00:00,42,43.8,5,4500,192500,2010-10-25 00:00:00,1
2010-10-26 00:00:00,2010-10-26 00:00:00,44,2010-10-26 00:00:00,42.5,44,5,7000,304910,2010-10-26 00:00:00,1
2010-10-27 00:00:00,2010-10-27 00:00:00,43,2010-10-27 00:00:00,43,43,1,400,17200,2010-10-27 00:00:00,1
2010-10-28 00:00:00,2010-10-28 00:00:00,45,2010-10-28 00:00:00,43.3,45,8,20200,908630,2010-10-28 00:00:00,1
2010-11-01 00:00:00,2010-11-01 00:00:00,47,2010-11-01 00:00:00,46,46.9,5,3500,164250,2010-11-01 00:00:00,1
2010-11-02 00:00:00,2010-11-02 00:00:00,47,2010-11-02 00:00:00,45.2,46,5,4400,203240,2010-11-02 00:00:00,1
2010-11-03 00:00:00,2010-11-03 00:00:00,45.5,2010-11-03 00:00:00,45,45,5,4900,220850,2010-11-03 00:00:00,1
2010-11-04 00:00:00,2010-11-04 00:00:00,46.9,2010-11-04 00:00:00,45.1,45.6,8,9600,439220,2010-11-04 00:00:00,1
2010-11-08 00:00:00,2010-11-08 00:00:00,45.3,2010-11-08 00:00:00,45,45.3,8,29600,1340430,2010-11-08 00:00:00,1
2010-11-09 00:00:00,2010-11-09 00:00:00,47,2010-11-09 00:00:00,45,45,12,35000,1576020,2010-11-09 00:00:00,1
2010-11-10 00:00:00,2010-11-10 00:00:00,45,2010-11-10 00:00:00,44,44.1,4,1200,53810,2010-11-10 00:00:00,1
2010-11-11 00:00:00,2010-11-11 00:00:00,45,2010-11-11 00:00:00,45,45,5,6200,279000,2010-11-11 00:00:00,1
2010-11-12 00:00:00,2010-11-12 00:00:00,45,2010-11-12 00:00:00,45,45,2,5100,229500,2010-11-12 00:00:00,1
2010-11-15 00:00:00,2010-11-15 00:00:00,44,2010-11-15 00:00:00,44,44,4,4700,206800,2010-11-15 00:00:00,1
2010-11-16 00:00:00,2010-11-16 00:00:00,44.1,2010-11-16 00:00:00,44,44.1,2,3000,132200,2010-11-16 00:00:00,1
2010-11-18 00:00:00,2010-11-18 00:00:00,46,2010-11-18 00:00:00,45.9,46,5,5600,257530,2010-11-18 00:00:00,1
2010-11-22 00:00:00,2010-11-22 00:00:00,46,2010-11-22 00:00:00,46,46,7,8900,409400,2010-11-22 00:00:00,1
2010-11-23 00:00:00,2010-11-23 00:00:00,46.5,2010-11-23 00:00:00,46,46,14,9000,414300,2010-11-23 00:00:00,1
2010-11-24 00:00:00,2010-11-24 00:00:00,46,2010-11-24 00:00:00,46,46,1,500,23000,2010-11-24 00:00:00,1
2010-11-25 00:00:00,2010-11-25 00:00:00,47,2010-11-25 00:00:00,46,46,5,2300,105900,2010-11-25 00:00:00,1
2010-11-26 00:00:00,2010-11-26 00:00:00,46,2010-11-26 00:00:00,46,46,1,200,9200,2010-11-26 00:00:00,1
2010-11-29 00:00:00,2010-11-29 00:00:00,46,2010-11-29 00:00:00,45.9,46,14,16700,768100,2010-11-29 00:00:00,1
2010-11-30 00:00:00,2010-11-30 00:00:00,46.2,2010-11-30 00:00:00,46,46.2,4,2900,133500,2010-11-30 00:00:00,1
2010-12-01 00:00:00,2010-12-01 00:00:00,47.8,2010-12-01 00:00:00,46.1,47.6,7,4100,192700,2010-12-01 00:00:00,1
2010-12-02 00:00:00,2010-12-02 00:00:00,46.1,2010-12-02 00:00:00,46.1,46.1,1,200,9220,2010-12-02 00:00:00,1
2010-12-03 00:00:00,2010-12-03 00:00:00,46.1,2010-12-03 00:00:00,46.1,46.1,2,2100,96810,2010-12-03 00:00:00,1
2010-12-06 00:00:00,2010-12-06 00:00:00,46.1,2010-12-06 00:00:00,46,46,7,12800,589300,2010-12-06 00:00:00,1
2010-12-07 00:00:00,2010-12-07 00:00:00,46,2010-12-07 00:00:00,46,46,8,4200,193200,2010-12-07 00:00:00,1
2010-12-08 00:00:00,2010-12-08 00:00:00,46,2010-12-08 00:00:00,44,46,5,10300,473400,2010-12-08 00:00:00,1
2010-12-09 00:00:00,2010-12-09 00:00:00,46.8,2010-12-09 00:00:00,46,46.8,2,1700,79000,2010-12-09 00:00:00,1
2010-12-10 00:00:00,2010-12-10 00:00:00,46.2,2010-12-10 00:00:00,46,46.1,2,2000,92200,2010-12-10 00:00:00,1
2010-12-13 00:00:00,2010-12-13 00:00:00,46.7,2010-12-13 00:00:00,45.9,46.7,10,13400,616460,2010-12-13 00:00:00,1
2010-12-14 00:00:00,2010-12-14 00:00:00,46,2010-12-14 00:00:00,46,46,4,700,32200,2010-12-14 00:00:00,1
2010-12-15 00:00:00,2010-12-15 00:00:00,46,2010-12-15 00:00:00,46,46,1,1000,46000,2010-12-15 00:00:00,1
2010-12-16 00:00:00,2010-12-16 00:00:00,46,2010-12-16 00:00:00,46,46,1,2800,128800,2010-12-16 00:00:00,1
2010-12-17 00:00:00,2010-12-17 00:00:00,46,2010-12-17 00:00:00,45.5,46,3,1200,55150,2010-12-17 00:00:00,1
2010-12-21 00:00:00,2010-12-21 00:00:00,46,2010-12-21 00:00:00,46,46,2,10000,460000,2010-12-21 00:00:00,1
2010-12-22 00:00:00,2010-12-22 00:00:00,46,2010-12-22 00:00:00,46,46,2,2000,92000,2010-12-22 00:00:00,1
2010-12-23 00:00:00,2010-12-23 00:00:00,48,2010-12-23 00:00:00,46.1,47.3,15,10000,468900,2010-12-23 00:00:00,1
2010-12-24 00:00:00,2010-12-24 00:00:00,49.9,2010-12-24 00:00:00,48.8,49.8,10,37300,1849800,2010-12-24 00:00:00,1
2010-12-27 00:00:00,2010-12-27 00:00:00,51.1,2010-12-27 00:00:00,48,48.3,40,61900,3120380,2010-12-27 00:00:00,1
2010-12-28 00:00:00,2010-12-28 00:00:00,49.9,2010-12-28 00:00:00,49.5,49.9,2,2000,99760,2010-12-28 00:00:00,1
2010-12-29 00:00:00,2010-12-29 00:00:00,54,2010-12-29 00:00:00,49.3,53.3,129,198300,10318110,2010-12-29 00:00:00,1
2010-12-30 00:00:00,2010-12-30 00:00:00,56,2010-12-30 00:00:00,50,54.9,98,128700,7026140,2010-12-30 00:00:00,1
2010-12-31 00:00:00,2010-12-31 00:00:00,65.4,2010-12-31 00:00:00,55.1,63,210,169100,10127110,2010-12-31 00:00:00,1
Company Id :  AHPL,,Security Type :  N,,Sub Type :  0000,,,,,,
Short Name :  AHOT PROPERTIES,,,,,,,,,,
Day,Date High,High,Date Low,Low,Closing,No. of Trades,No. of Shares,Turnover,Last Traded,Days Traded
2010-01-04 00:00:00,2010-01-04 00:00:00,101,2010-01-04 00:00:00,95,99.5,117,404500,39751875,2010-01-04 00:00:00,1
2010-01-05 00:00:00,2010-01-05 00:00:00,105,2010-01-05 00:00:00,100,103.5,183,391000,39813600,2010-01-05 00:00:00,1
2010-01-06 00:00:00,2010-01-06 00:00:00,112,2010-01-06 00:00:00,105,107,145,313400,34143300,2010-01-06 00:00:00,1
2010-01-07 00:00:00,2010-01-07 00:00:00,107,2010-01-07 00:00:00,101,104.75,148,198000,20663400,2010-01-07 00:00:00,1
2010-01-08 00:00:00,2010-01-08 00:00:00,109,2010-01-08 00:00:00,105.5,108,97,157600,17020925,2010-01-08 00:00:00,1
2010-01-11 00:00:00,2010-01-11 00:00:00,110,2010-01-11 00:00:00,106,107,61,66400,7239925,2010-01-11 00:00:00,1
2010-01-12 00:00:00,2010-01-12 00:00:00,107,2010-01-12 00:00:00,104,104.5,71,97300,10195800,2010-01-12 00:00:00,1
2010-01-13 00:00:00,2010-01-13 00:00:00,107,2010-01-13 00:00:00,103.25,104.75,98,228000,23870925,2010-01-13 00:00:00,1
2010-01-15 00:00:00,2010-01-15 00:00:00,108.5,2010-01-15 00:00:00,105,108.25,91,118000,12697350,2010-01-15 00:00:00,1
2010-01-18 00:00:00,2010-01-18 00:00:00,109,2010-01-18 00:00:00,104,105,77,142900,15196425,2010-01-18 00:00:00,1
2010-01-19 00:00:00,2010-01-19 00:00:00,105,2010-01-19 00:00:00,99.5,103,156,177400,17955075,2010-01-19 00:00:00,1
2010-01-20 00:00:00,2010-01-20 00:00:00,105,2010-01-20 00:00:00,103.25,105,56,87100,9080225,2010-01-20 00:00:00,1
2010-01-21 00:00:00,2010-01-21 00:00:00,105,2010-01-21 00:00:00,104.25,104.75,57,84200,8809700,2010-01-21 00:00:00,1
2010-01-22 00:00:00,2010-01-22 00:00:00,107,2010-01-22 00:00:00,104,105,52,216800,22753850,2010-01-22 00:00:00,1
2010-01-25 00:00:00,2010-01-25 00:00:00,109,2010-01-25 00:00:00,106.5,108.5,92,140000,15091000,2010-01-25 00:00:00,1
2010-01-26 00:00:00,2010-01-26 00:00:00,115,2010-01-26 00:00:00,108.75,111,138,184800,20415600,2010-01-26 00:00:00,1
2010-01-28 00:00:00,2010-01-28 00:00:00,123,2010-01-28 00:00:00,105,121,257,369000,43460775,2010-01-28 00:00:00,1
2010-02-01 00:00:00,2010-02-01 00:00:00,132,2010-02-01 00:00:00,122,130,171,231600,29821475,2010-02-01 00:00:00,1
2010-02-02 00:00:00,2010-02-02 00:00:00,130,2010-02-02 00:00:00,124,125,75,61600,7812650,2010-02-02 00:00:00,1
2010-02-03 00:00:00,2010-02-03 00:00:00,127,2010-02-03 00:00:00,124,124,60,58000,7238100,2010-02-03 00:00:00,1
2010-02-05 00:00:00,2010-02-05 00:00:00,126,2010-02-05 00:00:00,123.5,124.25,48,85600,10681300,2010-02-05 00:00:00,1
2010-02-08 00:00:00,2010-02-08 00:00:00,126,2010-02-08 00:00:00,123.5,125,29,37300,4650400,2010-02-08 00:00:00,1
2010-02-09 00:00:00,2010-02-09 00:00:00,124.5,2010-02-09 00:00:00,118.25,120.25,89,128500,15547950,2010-02-09 00:00:00,1
2010-02-10 00:00:00,2010-02-10 00:00:00,125,2010-02-10 00:00:00,120,122.25,75,511200,62051750,2010-02-10 00:00:00,1
2010-02-11 00:00:00,2010-02-11 00:00:00,125,2010-02-11 00:00:00,117,117.25,71,429300,50522300,2010-02-11 00:00:00,1
2010-02-12 00:00:00,2010-02-12 00:00:00,118,2010-02-12 00:00:00,114.25,115.25,134,539900,62144150,2010-02-12 00:00:00,1
2010-02-15 00:00:00,2010-02-15 00:00:00,118,2010-02-15 00:00:00,112.75,113.75,73,195400,22406475,2010-02-15 00:00:00,1
2010-02-16 00:00:00,2010-02-16 00:00:00,114,2010-02-16 00:00:00,110,113,47,28600,3201225,2010-02-16 00:00:00,1
2010-02-17 00:00:00,2010-02-17 00:00:00,117,2010-02-17 00:00:00,112,117,67,71900,8195700,2010-02-17 00:00:00,1
2010-02-18 00:00:00,2010-02-18 00:00:00,120,2010-02-18 00:00:00,116,118.25,43,54200,6409050,2010-02-18 00:00:00,1
2010-02-19 00:00:00,2010-02-19 00:00:00,120,2010-02-19 00:00:00,118,118,31,43800,5189950,2010-02-19 00:00:00,1
2010-02-22 00:00:00,2010-02-22 00:00:00,122.5,2010-02-22 00:00:00,118,120.75,71,78800,9541775,2010-02-22 00:00:00,1
2010-02-23 00:00:00,2010-02-23 00:00:00,122.5,2010-02-23 00:00:00,118,119.5,25,113000,13367800,2010-02-23 00:00:00,1
2010-02-24 00:00:00,2010-02-24 00:00:00,124,2010-02-24 00:00:00,119,122.5,26,24600,3013300,2010-02-24 00:00:00,1
2010-02-25 00:00:00,2010-02-25 00:00:00,125,2010-02-25 00:00:00,120,122,52,48400,5969025,2010-02-25 00:00:00,1
2010-02-26 00:00:00,2010-02-26 00:00:00,122.75,2010-02-26 00:00:00,121,122,12,28200,3437425,2010-02-26 00:00:00,1
2010-03-01 00:00:00,2010-03-01 00:00:00,128,2010-03-01 00:00:00,121,126.75,167,187400,23353950,2010-03-01 00:00:00,1
2010-03-02 00:00:00,2010-03-02 00:00:00,129.75,2010-03-02 00:00:00,125.25,127,36,27500,3520625,2010-03-02 00:00:00,1
2010-03-03 00:00:00,2010-03-03 00:00:00,126,2010-03-03 00:00:00,123,123,3,10400,1280400,2010-03-03 00:00:00,1
2010-03-04 00:00:00,2010-03-04 00:00:00,131,2010-03-04 00:00:00,118,129,158,544100,70269150,2010-03-04 00:00:00,1
2010-03-05 00:00:00,2010-03-05 00:00:00,136,2010-03-05 00:00:00,131,133.75,198,563100,75242975,2010-03-05 00:00:00,1
2010-03-08 00:00:00,2010-03-08 00:00:00,138,2010-03-08 00:00:00,133,134,48,45300,6138375,2010-03-08 00:00:00,1
2010-03-09 00:00:00,2010-03-09 00:00:00,134,2010-03-09 00:00:00,132,133,70,126900,16873500,2010-03-09 00:00:00,1
2010-03-10 00:00:00,2010-03-10 00:00:00,135,2010-03-10 00:00:00,133,133.75,35,42300,5659875,2010-03-10 00:00:00,1
2010-03-11 00:00:00,2010-03-11 00:00:00,136,2010-03-11 00:00:00,133,135.75,42,107000,14429475,2010-03-11 00:00:00,1
2010-03-12 00:00:00,2010-03-12 00:00:00,138,2010-03-12 00:00:00,136,136.5,32,58300,7971975,2010-03-12 00:00:00,1
2010-03-15 00:00:00,2010-03-15 00:00:00,137.5,2010-03-15 00:00:00,135,136.75,27,35300,4826600,2010-03-15 00:00:00,1
2010-03-16 00:00:00,2010-03-16 00:00:00,137,2010-03-16 00:00:00,135,135,30,62300,8411275,2010-03-16 00:00:00,1
2010-03-17 00:00:00,2010-03-17 00:00:00,136.75,2010-03-17 00:00:00,134,134,16,24500,3288675,2010-03-17 00:00:00,1
2010-03-18 00:00:00,2010-03-18 00:00:00,134,2010-03-18 00:00:00,132.5,133.25,10,3000,398775,2010-03-18 00:00:00,1
2010-03-19 00:00:00,2010-03-19 00:00:00,135,2010-03-19 00:00:00,132.5,134,32,89300,11964250,2010-03-19 00:00:00,1
2010-03-22 00:00:00,2010-03-22 00:00:00,136.5,2010-03-22 00:00:00,132.25,133,28,22800,3075900,2010-03-22 00:00:00,1
2010-03-23 00:00:00,2010-03-23 00:00:00,135,2010-03-23 00:00:00,133,133,21,118300,15889950,2010-03-23 00:00:00,1
2010-03-24 00:00:00,2010-03-24 00:00:00,134,2010-03-24 00:00:00,132.5,133.5,30,33500,4469925,2010-03-24 00:00:00,1
2010-03-25 00:00:00,2010-03-25 00:00:00,133.5,2010-03-25 00:00:00,132,132,19,10100,1336650,2010-03-25 00:00:00,1
2010-03-26 00:00:00,2010-03-26 00:00:00,133.5,2010-03-26 00:00:00,133,133.25,16,14400,1918275,2010-03-26 00:00:00,1
2010-03-30 00:00:00,2010-03-30 00:00:00,132.5,2010-03-30 00:00:00,132,132,14,16400,2168500,2010-03-30 00:00:00,1
2010-03-31 00:00:00,2010-03-31 00:00:00,132,2010-03-31 00:00:00,130,131.5,18,48400,6354900,2010-03-31 00:00:00,1
2010-04-01 00:00:00,2010-04-01 00:00:00,131,2010-04-01 00:00:00,130.25,130.75,11,14300,1866775,2010-04-01 00:00:00,1
2010-04-05 00:00:00,2010-04-05 00:00:00,135,2010-04-05 00:00:00,132,134.25,44,89300,11957775,2010-04-05 00:00:00,1
2010-04-06 00:00:00,2010-04-06 00:00:00,143,2010-04-06 00:00:00,135,141,116,238200,33223075,2010-04-06 00:00:00,1
2010-04-07 00:00:00,2010-04-07 00:00:00,145,2010-04-07 00:00:00,140,142.5,56,72800,10524325,2010-04-07 00:00:00,1
2010-04-08 00:00:00,2010-04-08 00:00:00,149.5,2010-04-08 00:00:00,143.25,147.5,41,42500,6203725,2010-04-08 00:00:00,1
2010-04-12 00:00:00,2010-04-12 00:00:00,150,2010-04-12 00:00:00,145,146,31,34000,5070925,2010-04-12 00:00:00,1
2010-04-15 00:00:00,2010-04-15 00:00:00,150,2010-04-15 00:00:00,148,149.5,21,25700,3848325,2010-04-15 00:00:00,1
2010-04-16 00:00:00,2010-04-16 00:00:00,149.75,2010-04-16 00:00:00,146,149,13,9900,1465475,2010-04-16 00:00:00,1
2010-04-19 00:00:00,2010-04-19 00:00:00,150,2010-04-19 00:00:00,146.5,147,32,40900,6056100,2010-04-19 00:00:00,1
2010-04-20 00:00:00,2010-04-20 00:00:00,150,2010-04-20 00:00:00,147,147,22,22000,3273050,2010-04-20 00:00:00,1
2010-04-21 00:00:00,2010-04-21 00:00:00,148.5,2010-04-21 00:00:00,145,146,17,10500,1538475,2010-04-21 00:00:00,1
2010-04-22 00:00:00,2010-04-22 00:00:00,148,2010-04-22 00:00:00,146,147,23,33100,4890600,2010-04-22 00:00:00,1
2010-04-23 00:00:00,2010-04-23 00:00:00,150,2010-04-23 00:00:00,145,146.25,42,256800,37284850,2010-04-23 00:00:00,1
2010-04-26 00:00:00,2010-04-26 00:00:00,148,2010-04-26 00:00:00,144,145,52,108100,15655375,2010-04-26 00:00:00,1
2010-04-27 00:00:00,2010-04-27 00:00:00,147,2010-04-27 00:00:00,145,146.5,11,11600,1685800,2010-04-27 00:00:00,1
2010-04-29 00:00:00,2010-04-29 00:00:00,147,2010-04-29 00:00:00,145,145.5,15,25400,3711500,2010-04-29 00:00:00,1
2010-04-30 00:00:00,2010-04-30 00:00:00,148,2010-04-30 00:00:00,145.5,145.75,7,3300,485075,2010-04-30 00:00:00,1
2010-05-03 00:00:00,2010-05-03 00:00:00,149.5,2010-05-03 00:00:00,144.5,144.5,24,116100,16655100,2010-05-03 00:00:00,1
2010-05-04 00:00:00,2010-05-04 00:00:00,146,2010-05-04 00:00:00,142.5,144.5,37,31600,4559075,2010-05-04 00:00:00,1
2010-05-05 00:00:00,2010-05-05 00:00:00,145,2010-05-05 00:00:00,142.75,143.75,22,10700,1535575,2010-05-05 00:00:00,1
2010-05-06 00:00:00,2010-05-06 00:00:00,145,2010-05-06 00:00:00,141.5,141.75,31,128800,18321025,2010-05-06 00:00:00,1
2010-05-07 00:00:00,2010-05-07 00:00:00,142.5,2010-05-07 00:00:00,140,142,10,4600,650750,2010-05-07 00:00:00,1
2010-05-10 00:00:00,2010-05-10 00:00:00,147,2010-05-10 00:00:00,142,144,40,253300,36762475,2010-05-10 00:00:00,1
2010-05-11 00:00:00,2010-05-11 00:00:00,144,2010-05-11 00:00:00,142,143.75,16,27200,3906050,2010-05-11 00:00:00,1
2010-05-12 00:00:00,2010-05-12 00:00:00,143,2010-05-12 00:00:00,140,140.75,10,3800,535300,2010-05-12 00:00:00,1
2010-05-13 00:00:00,2010-05-13 00:00:00,142,2010-05-13 00:00:00,141,141,26,92800,13085300,2010-05-13 00:00:00,1
2010-05-14 00:00:00,2010-05-14 00:00:00,144.75,2010-05-14 00:00:00,140,143.5,34,27600,3962100,2010-05-14 00:00:00,1
2010-05-17 00:00:00,2010-05-17 00:00:00,147,2010-05-17 00:00:00,144,145.25,41,84300,12212550,2010-05-17 00:00:00,1
2010-05-18 00:00:00,2010-05-18 00:00:00,152,2010-05-18 00:00:00,146,150.25,124,301600,45370050,2010-05-18 00:00:00,1
2010-05-19 00:00:00,2010-05-19 00:00:00,157,2010-05-19 00:00:00,152,152.75,28,58700,9062525,2010-05-19 00:00:00,1
2010-05-20 00:00:00,2010-05-20 00:00:00,153,2010-05-20 00:00:00,152,152,4,3000,456600,2010-05-20 00:00:00,1
2010-05-21 00:00:00,2010-05-21 00:00:00,151,2010-05-21 00:00:00,147.75,148,16,16100,2421475,2010-05-21 00:00:00,1
2010-05-24 00:00:00,2010-05-24 00:00:00,152,2010-05-24 00:00:00,149.75,150,20,13500,2033875,2010-05-24 00:00:00,1
2010-05-25 00:00:00,2010-05-25 00:00:00,154,2010-05-25 00:00:00,149.75,149.75,20,22300,3367600,2010-05-25 00:00:00,1
2010-05-26 00:00:00,2010-05-26 00:00:00,150,2010-05-26 00:00:00,149,150,13,15700,2351300,2010-05-26 00:00:00,1
2010-05-31 00:00:00,2010-05-31 00:00:00,150.5,2010-05-31 00:00:00,147,148.25,21,16200,2416100,2010-05-31 00:00:00,1
2010-06-01 00:00:00,2010-06-01 00:00:00,151,2010-06-01 00:00:00,149,149,2,700,105300,2010-06-01 00:00:00,1
2010-06-02 00:00:00,2010-06-02 00:00:00,150,2010-06-02 00:00:00,147.75,148.5,28,39600,5898650,2010-06-02 00:00:00,1
2010-06-03 00:00:00,2010-06-03 00:00:00,150,2010-06-03 00:00:00,147,148.5,12,12500,1857200,2010-06-03 00:00:00,1
2010-06-04 00:00:00,2010-06-04 00:00:00,147,2010-06-04 00:00:00,145,145.5,12,6300,915775,2010-06-04 00:00:00,1
2010-06-07 00:00:00,2010-06-07 00:00:00,151,2010-06-07 00:00:00,142.75,148.5,41,34700,5168950,2010-06-07 00:00:00,1
2010-06-08 00:00:00,2010-06-08 00:00:00,155,2010-06-08 00:00:00,149.75,153.75,90,151700,23183000,2010-06-08 00:00:00,1
2010-06-09 00:00:00,2010-06-09 00:00:00,159.25,2010-06-09 00:00:00,154,159,81,418600,64960900,2010-06-09 00:00:00,1
2010-06-10 00:00:00,2010-06-10 00:00:00,165,2010-06-10 00:00:00,160,162,57,42400,6886575,2010-06-10 00:00:00,1
2010-06-11 00:00:00,2010-06-11 00:00:00,170,2010-06-11 00:00:00,165,167,21,23300,3865425,2010-06-11 00:00:00,1
2010-06-14 00:00:00,2010-06-14 00:00:00,172,2010-06-14 00:00:00,166.75,168,32,27100,4553175,2010-06-14 00:00:00,1
2010-06-15 00:00:00,2010-06-15 00:00:00,170,2010-06-15 00:00:00,164,167.5,6,3900,656800,2010-06-15 00:00:00,1
2010-06-16 00:00:00,2010-06-16 00:00:00,169,2010-06-16 00:00:00,165,167.25,11,8400,1400000,2010-06-16 00:00:00,1
2010-06-17 00:00:00,2010-06-17 00:00:00,167.5,2010-06-17 00:00:00,165,165.25,11,2400,399650,2010-06-17 00:00:00,1
2010-06-21 00:00:00,2010-06-21 00:00:00,167,2010-06-21 00:00:00,163.5,164.5,9,3900,644025,2010-06-21 00:00:00,1
2010-06-22 00:00:00,2010-06-22 00:00:00,165,2010-06-22 00:00:00,160,161.25,8,8100,1306150,2010-06-22 00:00:00,1
2010-06-23 00:00:00,2010-06-23 00:00:00,160,2010-06-23 00:00:00,155,159,16,6100,955250,2010-06-23 00:00:00,1
2010-06-24 00:00:00,2010-06-24 00:00:00,160,2010-06-24 00:00:00,150,155,33,26700,4119850,2010-06-24 00:00:00,1
2010-06-28 00:00:00,2010-06-28 00:00:00,158,2010-06-28 00:00:00,154.5,155,22,22900,3555550,2010-06-28 00:00:00,1
2010-06-29 00:00:00,2010-06-29 00:00:00,157,2010-06-29 00:00:00,153.5,153.5,14,8400,1297200,2010-06-29 00:00:00,1
2010-06-30 00:00:00,2010-06-30 00:00:00,156,2010-06-30 00:00:00,154,154,16,35000,5406250,2010-06-30 00:00:00,1
2010-07-01 00:00:00,2010-07-01 00:00:00,157,2010-07-01 00:00:00,153,155,19,19400,3004125,2010-07-01 00:00:00,1
2010-07-02 00:00:00,2010-07-02 00:00:00,155,2010-07-02 00:00:00,155,155,3,110200,17081000,2010-07-02 00:00:00,1
2010-07-05 00:00:00,2010-07-05 00:00:00,155,2010-07-05 00:00:00,152.75,152.75,10,3700,570925,2010-07-05 00:00:00,1
2010-07-06 00:00:00,2010-07-06 00:00:00,154,2010-07-06 00:00:00,150,150,28,63900,9594350,2010-07-06 00:00:00,1
2010-07-07 00:00:00,2010-07-07 00:00:00,150,2010-07-07 00:00:00,149,149,5,3100,464400,2010-07-07 00:00:00,1
2010-07-08 00:00:00,2010-07-08 00:00:00,151,2010-07-08 00:00:00,147,149,27,104100,15509725,2010-07-08 00:00:00,1
2010-07-09 00:00:00,2010-07-09 00:00:00,152,2010-07-09 00:00:00,149,149.5,23,119800,17856900,2010-07-09 00:00:00,1
2010-07-12 00:00:00,2010-07-12 00:00:00,154,2010-07-12 00:00:00,148.5,148.5,13,27300,4112600,2010-07-12 00:00:00,1
2010-07-13 00:00:00,2010-07-13 00:00:00,155,2010-07-13 00:00:00,147.25,150.5,21,129200,19293400,2010-07-13 00:00:00,1
2010-07-14 00:00:00,2010-07-14 00:00:00,157,2010-07-14 00:00:00,152,154.25,47,113100,17519400,2010-07-14 00:00:00,1
2010-07-15 00:00:00,2010-07-15 00:00:00,160,2010-07-15 00:00:00,155,155,26,56000,8748575,2010-07-15 00:00:00,1
2010-07-16 00:00:00,2010-07-16 00:00:00,164,2010-07-16 00:00:00,155,157,39,38700,6163625,2010-07-16 00:00:00,1
2010-07-19 00:00:00,2010-07-19 00:00:00,162,2010-07-19 00:00:00,160,160,2,600,97000,2010-07-19 00:00:00,1
2010-07-20 00:00:00,2010-07-20 00:00:00,169,2010-07-20 00:00:00,160,162.75,38,36500,5937575,2010-07-20 00:00:00,1
2010-07-21 00:00:00,2010-07-21 00:00:00,165,2010-07-21 00:00:00,163.5,164.25,18,31800,5244575,2010-07-21 00:00:00,1
2010-07-22 00:00:00,2010-07-22 00:00:00,165,2010-07-22 00:00:00,161,161.25,9,17600,2862450,2010-07-22 00:00:00,1
2010-07-23 00:00:00,2010-07-23 00:00:00,164.75,2010-07-23 00:00:00,162,164,17,47800,7792400,2010-07-23 00:00:00,1
2010-07-26 00:00:00,2010-07-26 00:00:00,165,2010-07-26 00:00:00,163,164,19,8300,1359875,2010-07-26 00:00:00,1
2010-07-27 00:00:00,2010-07-27 00:00:00,170,2010-07-27 00:00:00,164.75,167,20,12400,2069950,2010-07-27 00:00:00,1
2010-07-28 00:00:00,2010-07-28 00:00:00,170,2010-07-28 00:00:00,167,169.25,30,28200,4758300,2010-07-28 00:00:00,1
2010-07-29 00:00:00,2010-07-29 00:00:00,175,2010-07-29 00:00:00,169.75,170.25,56,200000,34019075,2010-07-29 00:00:00,1
2010-07-30 00:00:00,2010-07-30 00:00:00,173.75,2010-07-30 00:00:00,170,171.5,24,45400,7735250,2010-07-30 00:00:00,1
2010-08-02 00:00:00,2010-08-02 00:00:00,175,2010-08-02 00:00:00,170,170.8,15,8500,1461400,2010-08-02 00:00:00,1
2010-08-03 00:00:00,2010-08-03 00:00:00,172.7,2010-08-03 00:00:00,169.5,169.8,24,134500,22890890,2010-08-03 00:00:00,1
2010-08-04 00:00:00,2010-08-04 00:00:00,170,2010-08-04 00:00:00,165,169.7,38,"11,692,517    1",",987,698,910.00",2010-08-04 00:00:00,1
2010-08-05 00:00:00,2010-08-05 00:00:00,170,2010-08-05 00:00:00,166.9,169,21,6300,1055880,2010-08-05 00:00:00,1
2010-08-06 00:00:00,2010-08-06 00:00:00,170,2010-08-06 00:00:00,169.9,170,9,217000,36889980,2010-08-06 00:00:00,1
2010-08-09 00:00:00,2010-08-09 00:00:00,165,2010-08-09 00:00:00,153,158,29,17500,2764100,2010-08-09 00:00:00,1
2010-08-10 00:00:00,2010-08-10 00:00:00,169,2010-08-10 00:00:00,153,168.7,49,63700,9975740,2010-08-10 00:00:00,1
2010-08-11 00:00:00,2010-08-11 00:00:00,173,2010-08-11 00:00:00,160.5,168.1,20,58800,9985210,2010-08-11 00:00:00,1
2010-08-12 00:00:00,2010-08-12 00:00:00,167.9,2010-08-12 00:00:00,161.5,165,16,8100,1318020,2010-08-12 00:00:00,1
2010-08-13 00:00:00,2010-08-13 00:00:00,169,2010-08-13 00:00:00,165,168.9,9,4100,682790,2010-08-13 00:00:00,1
2010-08-16 00:00:00,2010-08-16 00:00:00,169,2010-08-16 00:00:00,168,168.1,5,5900,992000,2010-08-16 00:00:00,1
2010-08-17 00:00:00,2010-08-17 00:00:00,169,2010-08-17 00:00:00,160,167.3,19,24700,4132110,2010-08-17 00:00:00,1
2010-08-18 00:00:00,2010-08-18 00:00:00,169.5,2010-08-18 00:00:00,160.2,168.8,23,31100,5246300,2010-08-18 00:00:00,1
2010-08-19 00:00:00,2010-08-19 00:00:00,170,2010-08-19 00:00:00,168,169.1,32,74100,12533250,2010-08-19 00:00:00,1
2010-08-20 00:00:00,2010-08-20 00:00:00,170,2010-08-20 00:00:00,169,169.6,38,58600,9944220,2010-08-20 00:00:00,1
2010-08-23 00:00:00,2010-08-23 00:00:00,172,2010-08-23 00:00:00,169,170.5,48,111300,18952140,2010-08-23 00:00:00,1
2010-08-25 00:00:00,2010-08-25 00:00:00,173,2010-08-25 00:00:00,171,171.9,50,145100,24933650,2010-08-25 00:00:00,1
2010-08-26 00:00:00,2010-08-26 00:00:00,172,2010-08-26 00:00:00,170,171.9,17,29900,5127580,2010-08-26 00:00:00,1
2010-08-27 00:00:00,2010-08-27 00:00:00,173,2010-08-27 00:00:00,171.9,172.2,46,390800,67238240,2010-08-27 00:00:00,1
2010-08-30 00:00:00,2010-08-30 00:00:00,175,2010-08-30 00:00:00,170,172.5,22,23200,4017350,2010-08-30 00:00:00,1
2010-08-31 00:00:00,2010-08-31 00:00:00,177,2010-08-31 00:00:00,173,175,61,212500,37178000,2010-08-31 00:00:00,1
2010-09-01 00:00:00,2010-09-01 00:00:00,175,2010-09-01 00:00:00,174.9,175,3,1100,192450,2010-09-01 00:00:00,1
2010-09-02 00:00:00,2010-09-02 00:00:00,180,2010-09-02 00:00:00,174,178.9,22,34800,6165010,2010-09-02 00:00:00,1
2010-09-03 00:00:00,2010-09-03 00:00:00,190,2010-09-03 00:00:00,178,185.4,41,181100,32899010,2010-09-03 00:00:00,1
2010-09-06 00:00:00,2010-09-06 00:00:00,185,2010-09-06 00:00:00,179,183,16,15900,2895900,2010-09-06 00:00:00,1
2010-09-07 00:00:00,2010-09-07 00:00:00,190,2010-09-07 00:00:00,180,188.8,53,199600,37038190,2010-09-07 00:00:00,1
2010-09-08 00:00:00,2010-09-08 00:00:00,200,2010-09-08 00:00:00,189.9,196.5,63,109100,21003620,2010-09-08 00:00:00,1
2010-09-09 00:00:00,2010-09-09 00:00:00,205,2010-09-09 00:00:00,195,196,54,156900,31226580,2010-09-09 00:00:00,1
2010-09-13 00:00:00,2010-09-13 00:00:00,200,2010-09-13 00:00:00,196.5,198.4,60,443700,88641420,2010-09-13 00:00:00,1
2010-09-14 00:00:00,2010-09-14 00:00:00,200,2010-09-14 00:00:00,194.9,195.3,16,5500,1089110,2010-09-14 00:00:00,1
2010-09-15 00:00:00,2010-09-15 00:00:00,200,2010-09-15 00:00:00,192,194.3,13,7500,1458780,2010-09-15 00:00:00,1
2010-09-16 00:00:00,2010-09-16 00:00:00,199,2010-09-16 00:00:00,193,195.8,25,113800,22198400,2010-09-16 00:00:00,1
2010-09-17 00:00:00,2010-09-17 00:00:00,200,2010-09-17 00:00:00,190,191.5,16,10800,2107000,2010-09-17 00:00:00,1
2010-09-20 00:00:00,2010-09-20 00:00:00,197,2010-09-20 00:00:00,193,193,15,17500,3397350,2010-09-20 00:00:00,1
2010-09-21 00:00:00,2010-09-21 00:00:00,193,2010-09-21 00:00:00,186,190.9,13,6400,1219430,2010-09-21 00:00:00,1
2010-09-23 00:00:00,2010-09-23 00:00:00,197,2010-09-23 00:00:00,193,193.8,23,75500,14753600,2010-09-23 00:00:00,1
2010-09-24 00:00:00,2010-09-24 00:00:00,195,2010-09-24 00:00:00,190,191,24,89600,17283920,2010-09-24 00:00:00,1
2010-09-27 00:00:00,2010-09-27 00:00:00,195,2010-09-27 00:00:00,190,190.7,37,73800,14069330,2010-09-27 00:00:00,1
2010-09-28 00:00:00,2010-09-28 00:00:00,190.1,2010-09-28 00:00:00,188,190,6,101500,19085010,2010-09-28 00:00:00,1
2010-09-29 00:00:00,2010-09-29 00:00:00,200,2010-09-29 00:00:00,190,197.2,56,680200,135577170,2010-09-29 00:00:00,1
2010-09-30 00:00:00,2010-09-30 00:00:00,205,2010-09-30 00:00:00,198,199.9,64,332700,66536830,2010-09-30 00:00:00,1
2010-10-01 00:00:00,2010-10-01 00:00:00,205,2010-10-01 00:00:00,197,201.1,56,118800,23832460,2010-10-01 00:00:00,1
2010-10-04 00:00:00,2010-10-04 00:00:00,200,2010-10-04 00:00:00,195,196.5,5,3300,653000,2010-10-04 00:00:00,1
2010-10-05 00:00:00,2010-10-05 00:00:00,199,2010-10-05 00:00:00,190,194.6,24,33600,6496610,2010-10-05 00:00:00,1
2010-10-06 00:00:00,2010-10-06 00:00:00,194,2010-10-06 00:00:00,190,194,10,9400,1821500,2010-10-06 00:00:00,1
2010-10-07 00:00:00,2010-10-07 00:00:00,195,2010-10-07 00:00:00,189,190.9,13,4100,787980,2010-10-07 00:00:00,1
2010-10-08 00:00:00,2010-10-08 00:00:00,194,2010-10-08 00:00:00,185,194,13,2700,511310,2010-10-08 00:00:00,1
2010-10-11 00:00:00,2010-10-11 00:00:00,210,2010-10-11 00:00:00,194,199.3,23,21100,4192670,2010-10-11 00:00:00,1
2010-10-12 00:00:00,2010-10-12 00:00:00,199.5,2010-10-12 00:00:00,185.1,192.1,19,10800,2105450,2010-10-12 00:00:00,1
2010-10-13 00:00:00,2010-10-13 00:00:00,199.9,2010-10-13 00:00:00,185,196.6,51,40000,7496590,2010-10-13 00:00:00,1
2010-10-14 00:00:00,2010-10-14 00:00:00,199.9,2010-10-14 00:00:00,188.1,198.5,28,30300,5930670,2010-10-14 00:00:00,1
2010-10-15 00:00:00,2010-10-15 00:00:00,199.9,2010-10-15 00:00:00,190,195.2,31,27100,5246540,2010-10-15 00:00:00,1
2010-10-18 00:00:00,2010-10-18 00:00:00,197.5,2010-10-18 00:00:00,190,193.6,19,29100,5671180,2010-10-18 00:00:00,1
2010-10-19 00:00:00,2010-10-19 00:00:00,198,2010-10-19 00:00:00,194,195,20,63000,12309020,2010-10-19 00:00:00,1
2010-10-20 00:00:00,2010-10-20 00:00:00,198,2010-10-20 00:00:00,190,194.2,8,2400,469080,2010-10-20 00:00:00,1
2010-10-21 00:00:00,2010-10-21 00:00:00,197.7,2010-10-21 00:00:00,195,197.5,8,1100,216520,2010-10-21 00:00:00,1
2010-10-25 00:00:00,2010-10-25 00:00:00,197.5,2010-10-25 00:00:00,188,189.7,10,4100,789000,2010-10-25 00:00:00,1
2010-10-26 00:00:00,2010-10-26 00:00:00,189,2010-10-26 00:00:00,184,184.1,8,8500,1570400,2010-10-26 00:00:00,1
2010-10-27 00:00:00,2010-10-27 00:00:00,197.9,2010-10-27 00:00:00,183,196,18,31000,6001130,2010-10-27 00:00:00,1
2010-10-28 00:00:00,2010-10-28 00:00:00,190,2010-10-28 00:00:00,185,189.8,5,4100,778460,2010-10-28 00:00:00,1
2010-10-29 00:00:00,2010-10-29 00:00:00,194,2010-10-29 00:00:00,188.1,189.4,8,3000,576520,2010-10-29 00:00:00,1
2010-11-01 00:00:00,2010-11-01 00:00:00,194,2010-11-01 00:00:00,190,191.9,25,20800,3983190,2010-11-01 00:00:00,1
2010-11-02 00:00:00,2010-11-02 00:00:00,199.3,2010-11-02 00:00:00,187,189.3,4,1000,190720,2010-11-02 00:00:00,1
2010-11-03 00:00:00,2010-11-03 00:00:00,192,2010-11-03 00:00:00,187,191,3,600,114600,2010-11-03 00:00:00,1
2010-11-04 00:00:00,2010-11-04 00:00:00,194.5,2010-11-04 00:00:00,189,189.7,9,2900,552660,2010-11-04 00:00:00,1
2010-11-09 00:00:00,2010-11-09 00:00:00,188,2010-11-09 00:00:00,187.7,187.9,5,500,93970,2010-11-09 00:00:00,1
2010-11-10 00:00:00,2010-11-10 00:00:00,187,2010-11-10 00:00:00,185.1,186.3,4,3100,577610,2010-11-10 00:00:00,1
2010-11-11 00:00:00,2010-11-11 00:00:00,189,2010-11-11 00:00:00,186.3,188.3,2,400,75330,2010-11-11 00:00:00,1
2010-11-12 00:00:00,2010-11-12 00:00:00,192,2010-11-12 00:00:00,189,189.7,11,9500,1797760,2010-11-12 00:00:00,1
2010-11-15 00:00:00,2010-11-15 00:00:00,187,2010-11-15 00:00:00,186,187,4,2500,467400,2010-11-15 00:00:00,1
2010-11-16 00:00:00,2010-11-16 00:00:00,185,2010-11-16 00:00:00,185,185,3,300,55500,2010-11-16 00:00:00,1
2010-11-18 00:00:00,2010-11-18 00:00:00,189,2010-11-18 00:00:00,184,188.8,8,5000,932200,2010-11-18 00:00:00,1
2010-11-22 00:00:00,2010-11-22 00:00:00,190,2010-11-22 00:00:00,187,187,13,13900,2604600,2010-11-22 00:00:00,1
2010-11-23 00:00:00,2010-11-23 00:00:00,190,2010-11-23 00:00:00,183,186.7,33,55400,10335900,2010-11-23 00:00:00,1
2010-11-24 00:00:00,2010-11-24 00:00:00,192,2010-11-24 00:00:00,185,186.1,19,32400,6038920,2010-11-24 00:00:00,1
2010-11-25 00:00:00,2010-11-25 00:00:00,185,2010-11-25 00:00:00,183.1,183.2,10,55400,10248260,2010-11-25 00:00:00,1
2010-11-26 00:00:00,2010-11-26 00:00:00,185,2010-11-26 00:00:00,180,182.3,11,29600,5426700,2010-11-26 00:00:00,1
2010-11-29 00:00:00,2010-11-29 00:00:00,191.9,2010-11-29 00:00:00,180,180,29,71700,12996190,2010-11-29 00:00:00,1
2010-11-30 00:00:00,2010-11-30 00:00:00,185,2010-11-30 00:00:00,180,180.3,22,8700,1575710,2010-11-30 00:00:00,1
2010-12-01 00:00:00,2010-12-01 00:00:00,190,2010-12-01 00:00:00,181,189.5,34,170800,31688520,2010-12-01 00:00:00,1
2010-12-02 00:00:00,2010-12-02 00:00:00,190,2010-12-02 00:00:00,180,180.8,11,23100,4186980,2010-12-02 00:00:00,1
2010-12-03 00:00:00,2010-12-03 00:00:00,187,2010-12-03 00:00:00,183.1,184.8,7,8000,1485930,2010-12-03 00:00:00,1
2010-12-06 00:00:00,2010-12-06 00:00:00,185,2010-12-06 00:00:00,180,180.8,19,13500,2441970,2010-12-06 00:00:00,1
2010-12-07 00:00:00,2010-12-07 00:00:00,185,2010-12-07 00:00:00,180,180,13,48800,8784530,2010-12-07 00:00:00,1
2010-12-08 00:00:00,2010-12-08 00:00:00,184.9,2010-12-08 00:00:00,180,180.1,3,19200,3456980,2010-12-08 00:00:00,1
2010-12-09 00:00:00,2010-12-09 00:00:00,180,2010-12-09 00:00:00,180,180,3,600,108000,2010-12-09 00:00:00,1
2010-12-10 00:00:00,2010-12-10 00:00:00,180,2010-12-10 00:00:00,180,180,5,5000,900000,2010-12-10 00:00:00,1
2010-12-13 00:00:00,2010-12-13 00:00:00,180,2010-12-13 00:00:00,179,179,12,18300,3293900,2010-12-13 00:00:00,1
2010-12-14 00:00:00,2010-12-14 00:00:00,179,2010-12-14 00:00:00,173.1,175.2,11,2900,513040,2010-12-14 00:00:00,1
2010-12-15 00:00:00,2010-12-15 00:00:00,177,2010-12-15 00:00:00,175,175.1,9,23600,4170920,2010-12-15 00:00:00,1
2010-12-16 00:00:00,2010-12-16 00:00:00,179,2010-12-16 00:00:00,175,175.1,12,5700,1010420,2010-12-16 00:00:00,1
2010-12-17 00:00:00,2010-12-17 00:00:00,175,2010-12-17 00:00:00,173,174.1,4,6300,1095930,2010-12-17 00:00:00,1
2010-12-22 00:00:00,2010-12-22 00:00:00,183,2010-12-22 00:00:00,175.5,182.1,5,2500,454850,2010-12-22 00:00:00,1
2010-12-23 00:00:00,2010-12-23 00:00:00,190,2010-12-23 00:00:00,184.9,185.5,15,20300,3762740,2010-12-23 00:00:00,1
2010-12-24 00:00:00,2010-12-24 00:00:00,190,2010-12-24 00:00:00,185,185.2,7,50200,9298060,2010-12-24 00:00:00,1
2010-12-28 00:00:00,2010-12-28 00:00:00,195,2010-12-28 00:00:00,185.5,194.1,21,37800,7169010,2010-12-28 00:00:00,1
2010-12-29 00:00:00,2010-12-29 00:00:00,194.5,2010-12-29 00:00:00,194,194.4,19,24500,4760250,2010-12-29 00:00:00,1
2010-12-30 00:00:00,2010-12-30 00:00:00,199,2010-12-30 00:00:00,190,190.1,29,65600,12656800,2010-12-30 00:00:00,1
2010-12-31 00:00:00,2010-12-31 00:00:00,195,2010-12-31 00:00:00,194,194,4,2300,448300,2010-12-31 00:00:00,1
Company Id :  AHUN,,Security Type :  N,,Sub Type :  0000,,,,,,
Short Name :  A.SPEN.HOT.HOLD.,,,,,,,,,,
Day,Date High,High,Date Low,Low,Closing,No. of Trades,No. of Shares,Turnover,Last Traded,Days Traded
2010-01-04 00:00:00,2010-01-04 00:00:00,290,2010-01-04 00:00:00,269.5,288.5,87,97400,27804575,2010-01-04 00:00:00,1
2010-01-05 00:00:00,2010-01-05 00:00:00,295,2010-01-05 00:00:00,285,294.75,57,58400,17148600,2010-01-05 00:00:00,1
2010-01-06 00:00:00,2010-01-06 00:00:00,300,2010-01-06 00:00:00,295,299.75,37,51800,15528675,2010-01-06 00:00:00,1
2010-01-07 00:00:00,2010-01-07 00:00:00,298,2010-01-07 00:00:00,288,291,17,13000,3776100,2010-01-07 00:00:00,1
2010-01-08 00:00:00,2010-01-08 00:00:00,299.75,2010-01-08 00:00:00,293,296.25,6,1300,384525,2010-01-08 00:00:00,1
2010-01-11 00:00:00,2010-01-11 00:00:00,359,2010-01-11 00:00:00,299.75,343.75,131,107800,35625325,2010-01-11 00:00:00,1
2010-01-12 00:00:00,2010-01-12 00:00:00,350,2010-01-12 00:00:00,340,340,22,15400,5261450,2010-01-12 00:00:00,1
2010-01-13 00:00:00,2010-01-13 00:00:00,339,2010-01-13 00:00:00,330,335,9,53000,17995000,2010-01-13 00:00:00,1
2010-01-15 00:00:00,2010-01-15 00:00:00,350,2010-01-15 00:00:00,336,345,49,37400,12901825,2010-01-15 00:00:00,1
2010-01-18 00:00:00,2010-01-18 00:00:00,344,2010-01-18 00:00:00,330,340,16,11600,3944575,2010-01-18 00:00:00,1
2010-01-19 00:00:00,2010-01-19 00:00:00,335,2010-01-19 00:00:00,300,329.75,10,2200,716425,2010-01-19 00:00:00,1
2010-01-20 00:00:00,2010-01-20 00:00:00,340,2010-01-20 00:00:00,322,335,48,38100,12628925,2010-01-20 00:00:00,1
2010-01-21 00:00:00,2010-01-21 00:00:00,337,2010-01-21 00:00:00,335,337,8,4700,1574700,2010-01-21 00:00:00,1
2010-01-22 00:00:00,2010-01-22 00:00:00,356,2010-01-22 00:00:00,340,353.5,57,31500,11028600,2010-01-22 00:00:00,1
2010-01-25 00:00:00,2010-01-25 00:00:00,400,2010-01-25 00:00:00,355,387.75,70,26500,10326800,2010-01-25 00:00:00,1
2010-01-26 00:00:00,2010-01-26 00:00:00,396.5,2010-01-26 00:00:00,390,390,18,6800,2660250,2010-01-26 00:00:00,1
2010-01-28 00:00:00,2010-01-28 00:00:00,430,2010-01-28 00:00:00,390,421,61,42700,17624550,2010-01-28 00:00:00,1
2010-02-01 00:00:00,2010-02-01 00:00:00,425,2010-02-01 00:00:00,423.75,424,16,5700,2420825,2010-02-01 00:00:00,1
2010-02-02 00:00:00,2010-02-02 00:00:00,423.75,2010-02-02 00:00:00,412,415,15,7300,3052025,2010-02-02 00:00:00,1
2010-02-03 00:00:00,2010-02-03 00:00:00,417,2010-02-03 00:00:00,410,415,13,53300,22115800,2010-02-03 00:00:00,1
2010-02-05 00:00:00,2010-02-05 00:00:00,415,2010-02-05 00:00:00,400,415,4,1500,606500,2010-02-05 00:00:00,1
2010-02-08 00:00:00,2010-02-08 00:00:00,414.5,2010-02-08 00:00:00,414,414,4,400,165650,2010-02-08 00:00:00,1
2010-02-09 00:00:00,2010-02-09 00:00:00,414,2010-02-09 00:00:00,395,404.75,4,500,202400,2010-02-09 00:00:00,1
2010-02-10 00:00:00,2010-02-10 00:00:00,410,2010-02-10 00:00:00,410,410,2,1000,410000,2010-02-10 00:00:00,1
2010-02-11 00:00:00,2010-02-11 00:00:00,400,2010-02-11 00:00:00,387,398.25,3,700,278700,2010-02-11 00:00:00,1
2010-02-12 00:00:00,2010-02-12 00:00:00,404.75,2010-02-12 00:00:00,380,403.5,8,1800,696025,2010-02-12 00:00:00,1
2010-02-15 00:00:00,2010-02-15 00:00:00,390,2010-02-15 00:00:00,390,390,1,1000,390000,2010-02-15 00:00:00,1
2010-02-16 00:00:00,2010-02-16 00:00:00,390,2010-02-16 00:00:00,390,390,8,5100,1989000,2010-02-16 00:00:00,1
2010-02-17 00:00:00,2010-02-17 00:00:00,400,2010-02-17 00:00:00,386,400,17,13100,5231750,2010-02-17 00:00:00,1
2010-02-18 00:00:00,2010-02-18 00:00:00,420,2010-02-18 00:00:00,400,400.25,28,21100,8499175,2010-02-18 00:00:00,1
2010-02-19 00:00:00,2010-02-19 00:00:00,430,2010-02-19 00:00:00,395,395.5,27,25400,10220250,2010-02-19 00:00:00,1
2010-02-22 00:00:00,2010-02-22 00:00:00,405,2010-02-22 00:00:00,392,400.25,23,145200,57412975,2010-02-22 00:00:00,1
2010-02-23 00:00:00,2010-02-23 00:00:00,405,2010-02-23 00:00:00,395.25,395.5,15,16400,6496825,2010-02-23 00:00:00,1
2010-02-24 00:00:00,2010-02-24 00:00:00,405,2010-02-24 00:00:00,395.25,403.5,10,12500,4997075,2010-02-24 00:00:00,1
2010-02-25 00:00:00,2010-02-25 00:00:00,418,2010-02-25 00:00:00,404,416.25,16,4700,1927325,2010-02-25 00:00:00,1
2010-02-26 00:00:00,2010-02-26 00:00:00,425,2010-02-26 00:00:00,418,424,9,3200,1346900,2010-02-26 00:00:00,1
2010-03-01 00:00:00,2010-03-01 00:00:00,425,2010-03-01 00:00:00,410,420,8,1200,504000,2010-03-01 00:00:00,1
2010-03-02 00:00:00,2010-03-02 00:00:00,424,2010-03-02 00:00:00,409.75,419,17,5000,2086525,2010-03-02 00:00:00,1
2010-03-03 00:00:00,2010-03-03 00:00:00,415,2010-03-03 00:00:00,415,415,2,300,124500,2010-03-03 00:00:00,1
2010-03-04 00:00:00,2010-03-04 00:00:00,420,2010-03-04 00:00:00,406,415,5,900,372700,2010-03-04 00:00:00,1
2010-03-05 00:00:00,2010-03-05 00:00:00,419,2010-03-05 00:00:00,415,419,5,14600,6063400,2010-03-05 00:00:00,1
2010-03-08 00:00:00,2010-03-08 00:00:00,414,2010-03-08 00:00:00,405,408.75,15,1600,655200,2010-03-08 00:00:00,1
2010-03-09 00:00:00,2010-03-09 00:00:00,415,2010-03-09 00:00:00,410,415,3,600,247950,2010-03-09 00:00:00,1
2010-03-10 00:00:00,2010-03-10 00:00:00,414.5,2010-03-10 00:00:00,410,412,6,1300,535850,2010-03-10 00:00:00,1
2010-03-11 00:00:00,2010-03-11 00:00:00,413.75,2010-03-11 00:00:00,413,413,7,7300,3015050,2010-03-11 00:00:00,1
2010-03-12 00:00:00,2010-03-12 00:00:00,413,2010-03-12 00:00:00,413,413,2,600,247800,2010-03-12 00:00:00,1
2010-03-15 00:00:00,2010-03-15 00:00:00,412.75,2010-03-15 00:00:00,410,410,14,2000,820275,2010-03-15 00:00:00,1
2010-03-16 00:00:00,2010-03-16 00:00:00,410,2010-03-16 00:00:00,409.75,409.75,6,1500,614925,2010-03-16 00:00:00,1
2010-03-17 00:00:00,2010-03-17 00:00:00,409.75,2010-03-17 00:00:00,400,400,28,5800,2334650,2010-03-17 00:00:00,1
2010-03-18 00:00:00,2010-03-18 00:00:00,400,2010-03-18 00:00:00,400,400,7,2600,1040000,2010-03-18 00:00:00,1
2010-03-19 00:00:00,2010-03-19 00:00:00,406,2010-03-19 00:00:00,393.5,400.25,8,3400,1350850,2010-03-19 00:00:00,1
2010-03-22 00:00:00,2010-03-22 00:00:00,410,2010-03-22 00:00:00,405,408.5,9,3500,1429450,2010-03-22 00:00:00,1
2010-03-23 00:00:00,2010-03-23 00:00:00,410,2010-03-23 00:00:00,410,410,2,200,82000,2010-03-23 00:00:00,1
2010-03-24 00:00:00,2010-03-24 00:00:00,408,2010-03-24 00:00:00,405,405,6,1100,445800,2010-03-24 00:00:00,1
2010-03-25 00:00:00,2010-03-25 00:00:00,405,2010-03-25 00:00:00,405,405,4,600,243000,2010-03-25 00:00:00,1
2010-03-26 00:00:00,2010-03-26 00:00:00,410,2010-03-26 00:00:00,405,408,11,2800,1136500,2010-03-26 00:00:00,1
2010-03-30 00:00:00,2010-03-30 00:00:00,410,2010-03-30 00:00:00,405,409.75,38,6200,2539575,2010-03-30 00:00:00,1
2010-03-31 00:00:00,2010-03-31 00:00:00,400,2010-03-31 00:00:00,385,385,3,400,157000,2010-03-31 00:00:00,1
2010-04-01 00:00:00,2010-04-01 00:00:00,386,2010-04-01 00:00:00,380,385.75,7,1000,385200,2010-04-01 00:00:00,1
2010-04-05 00:00:00,2010-04-05 00:00:00,395,2010-04-05 00:00:00,385,393.75,16,2100,817775,2010-04-05 00:00:00,1
2010-04-06 00:00:00,2010-04-06 00:00:00,420,2010-04-06 00:00:00,394.75,420,21,5200,2104600,2010-04-06 00:00:00,1
2010-04-07 00:00:00,2010-04-07 00:00:00,425,2010-04-07 00:00:00,420,425,13,4500,1911300,2010-04-07 00:00:00,1
2010-04-08 00:00:00,2010-04-08 00:00:00,434,2010-04-08 00:00:00,425,429,14,5300,2272150,2010-04-08 00:00:00,1
2010-04-12 00:00:00,2010-04-12 00:00:00,435,2010-04-12 00:00:00,395,430,12,3600,1541950,2010-04-12 00:00:00,1
2010-04-15 00:00:00,2010-04-15 00:00:00,445,2010-04-15 00:00:00,430,444.5,19,2700,1177225,2010-04-15 00:00:00,1
2010-04-16 00:00:00,2010-04-16 00:00:00,450,2010-04-16 00:00:00,448,448,7,700,314300,2010-04-16 00:00:00,1
2010-04-19 00:00:00,2010-04-19 00:00:00,465,2010-04-19 00:00:00,448,460.75,18,53300,24745300,2010-04-19 00:00:00,1
2010-04-20 00:00:00,2010-04-20 00:00:00,470,2010-04-20 00:00:00,460,469,7,1800,836850,2010-04-20 00:00:00,1
2010-04-21 00:00:00,2010-04-21 00:00:00,465,2010-04-21 00:00:00,455,455,3,600,278000,2010-04-21 00:00:00,1
2010-04-22 00:00:00,2010-04-22 00:00:00,468,2010-04-22 00:00:00,460,461.75,14,6000,2784900,2010-04-22 00:00:00,1
2010-04-26 00:00:00,2010-04-26 00:00:00,460,2010-04-26 00:00:00,425,447.5,8,1100,492300,2010-04-26 00:00:00,1
2010-04-27 00:00:00,2010-04-27 00:00:00,450,2010-04-27 00:00:00,430,449,3,300,132800,2010-04-27 00:00:00,1
2010-04-29 00:00:00,2010-04-29 00:00:00,460,2010-04-29 00:00:00,445,459.75,5,1700,765925,2010-04-29 00:00:00,1
2010-04-30 00:00:00,2010-04-30 00:00:00,459.75,2010-04-30 00:00:00,459.75,459.75,1,100,45975,2010-04-30 00:00:00,1
2010-05-03 00:00:00,2010-05-03 00:00:00,440,2010-05-03 00:00:00,420,420.75,11,28100,11824025,2010-05-03 00:00:00,1
2010-05-04 00:00:00,2010-05-04 00:00:00,430,2010-05-04 00:00:00,421,428.5,3,600,257100,2010-05-04 00:00:00,1
2010-05-05 00:00:00,2010-05-05 00:00:00,458,2010-05-05 00:00:00,420.25,446.75,15,6500,2915850,2010-05-05 00:00:00,1
2010-05-06 00:00:00,2010-05-06 00:00:00,455,2010-05-06 00:00:00,440,440.75,22,11400,5090100,2010-05-06 00:00:00,1
2010-05-07 00:00:00,2010-05-07 00:00:00,450,2010-05-07 00:00:00,440,450,7,9100,4028000,2010-05-07 00:00:00,1
2010-05-10 00:00:00,2010-05-10 00:00:00,465,2010-05-10 00:00:00,453.75,458,17,5100,2336400,2010-05-10 00:00:00,1
2010-05-13 00:00:00,2010-05-13 00:00:00,450,2010-05-13 00:00:00,445,447.5,12,10700,4814500,2010-05-13 00:00:00,1
2010-05-14 00:00:00,2010-05-14 00:00:00,447.5,2010-05-14 00:00:00,440,447.5,5,600,265500,2010-05-14 00:00:00,1
2010-05-17 00:00:00,2010-05-17 00:00:00,439,2010-05-17 00:00:00,420,423.25,70,9100,3857625,2010-05-17 00:00:00,1
2010-05-18 00:00:00,2010-05-18 00:00:00,430,2010-05-18 00:00:00,420,423,33,14600,6196650,2010-05-18 00:00:00,1
2010-05-19 00:00:00,2010-05-19 00:00:00,428,2010-05-19 00:00:00,422.5,425,26,26100,11096150,2010-05-19 00:00:00,1
2010-05-20 00:00:00,2010-05-20 00:00:00,425,2010-05-20 00:00:00,420,420,9,2000,841400,2010-05-20 00:00:00,1
2010-05-21 00:00:00,2010-05-21 00:00:00,424.75,2010-05-21 00:00:00,420,420,17,7200,3026375,2010-05-21 00:00:00,1
2010-05-24 00:00:00,2010-05-24 00:00:00,430,2010-05-24 00:00:00,417,417,19,6500,2735425,2010-05-24 00:00:00,1
2010-05-25 00:00:00,2010-05-25 00:00:00,420,2010-05-25 00:00:00,417,417.25,2,2200,918000,2010-05-25 00:00:00,1
2010-05-26 00:00:00,2010-05-26 00:00:00,420,2010-05-26 00:00:00,415,416,18,6500,2707350,2010-05-26 00:00:00,1
2010-05-31 00:00:00,2010-05-31 00:00:00,417,2010-05-31 00:00:00,415,415,11,3900,1620200,2010-05-31 00:00:00,1
2010-06-01 00:00:00,2010-06-01 00:00:00,420,2010-06-01 00:00:00,412,413.5,24,7100,2947375,2010-06-01 00:00:00,1
2010-06-02 00:00:00,2010-06-02 00:00:00,415,2010-06-02 00:00:00,410,410,16,7200,2967000,2010-06-02 00:00:00,1
2010-06-03 00:00:00,2010-06-03 00:00:00,418.75,2010-06-03 00:00:00,414,415.25,8,2200,913200,2010-06-03 00:00:00,1
2010-06-04 00:00:00,2010-06-04 00:00:00,415,2010-06-04 00:00:00,415,415,5,27500,11412500,2010-06-04 00:00:00,1
2010-06-07 00:00:00,2010-06-07 00:00:00,428.5,2010-06-07 00:00:00,419.75,424.5,17,7300,3076250,2010-06-07 00:00:00,1
2010-06-08 00:00:00,2010-06-08 00:00:00,424.5,2010-06-08 00:00:00,415,423.75,12,5600,2350950,2010-06-08 00:00:00,1
2010-06-09 00:00:00,2010-06-09 00:00:00,424.5,2010-06-09 00:00:00,417,420,8,1500,630350,2010-06-09 00:00:00,1
2010-06-10 00:00:00,2010-06-10 00:00:00,422,2010-06-10 00:00:00,420,420.25,7,2100,882400,2010-06-10 00:00:00,1
2010-06-11 00:00:00,2010-06-11 00:00:00,424.5,2010-06-11 00:00:00,420,423,15,3500,1477650,2010-06-11 00:00:00,1
2010-06-14 00:00:00,2010-06-14 00:00:00,424.5,2010-06-14 00:00:00,424,424.5,6,1900,806450,2010-06-14 00:00:00,1
2010-06-15 00:00:00,2010-06-15 00:00:00,430,2010-06-15 00:00:00,425,426.75,4,1200,512000,2010-06-15 00:00:00,1
2010-06-16 00:00:00,2010-06-16 00:00:00,430,2010-06-16 00:00:00,427,427,5,600,256900,2010-06-16 00:00:00,1
2010-06-17 00:00:00,2010-06-17 00:00:00,430,2010-06-17 00:00:00,427,427,9,3000,1285500,2010-06-17 00:00:00,1
2010-06-21 00:00:00,2010-06-21 00:00:00,430,2010-06-21 00:00:00,420,423,12,2300,972200,2010-06-21 00:00:00,1
2010-06-22 00:00:00,2010-06-22 00:00:00,429.75,2010-06-22 00:00:00,420,421.25,5,1700,715275,2010-06-22 00:00:00,1
2010-06-23 00:00:00,2010-06-23 00:00:00,423,2010-06-23 00:00:00,420,420,7,3900,1638300,2010-06-23 00:00:00,1
2010-06-28 00:00:00,2010-06-28 00:00:00,410,2010-06-28 00:00:00,410,410,1,100,41000,2010-06-28 00:00:00,1
2010-06-29 00:00:00,2010-06-29 00:00:00,410,2010-06-29 00:00:00,405,407.75,5,700,285400,2010-06-29 00:00:00,1
2010-06-30 00:00:00,2010-06-30 00:00:00,415,2010-06-30 00:00:00,410,415,4,1000,413500,2010-06-30 00:00:00,1
2010-07-01 00:00:00,2010-07-01 00:00:00,419.5,2010-07-01 00:00:00,418.75,419.5,2,900,377475,2010-07-01 00:00:00,1
2010-07-02 00:00:00,2010-07-02 00:00:00,430,2010-07-02 00:00:00,419.5,426.25,12,1700,722050,2010-07-02 00:00:00,1
2010-07-05 00:00:00,2010-07-05 00:00:00,415,2010-07-05 00:00:00,405,415,2,200,82000,2010-07-05 00:00:00,1
2010-07-06 00:00:00,2010-07-06 00:00:00,410,2010-07-06 00:00:00,403,410,15,8600,3484125,2010-07-06 00:00:00,1
2010-07-07 00:00:00,2010-07-07 00:00:00,410,2010-07-07 00:00:00,400.5,406.75,5,6000,2441000,2010-07-07 00:00:00,1
2010-07-08 00:00:00,2010-07-08 00:00:00,419.75,2010-07-08 00:00:00,407.5,418,8,1500,621400,2010-07-08 00:00:00,1
2010-07-09 00:00:00,2010-07-09 00:00:00,410,2010-07-09 00:00:00,410,410,1,200,82000,2010-07-09 00:00:00,1
2010-07-12 00:00:00,2010-07-12 00:00:00,410,2010-07-12 00:00:00,409.75,410,15,8100,3320975,2010-07-12 00:00:00,1
2010-07-13 00:00:00,2010-07-13 00:00:00,415,2010-07-13 00:00:00,410,410.5,9,5300,2174000,2010-07-13 00:00:00,1
2010-07-14 00:00:00,2010-07-14 00:00:00,429,2010-07-14 00:00:00,410,421,9,3600,1503800,2010-07-14 00:00:00,1
2010-07-15 00:00:00,2010-07-15 00:00:00,434.75,2010-07-15 00:00:00,419.5,430.25,27,21900,9410525,2010-07-15 00:00:00,1
2010-07-16 00:00:00,2010-07-16 00:00:00,440,2010-07-16 00:00:00,430,433.75,15,8800,3838550,2010-07-16 00:00:00,1
2010-07-19 00:00:00,2010-07-19 00:00:00,430,2010-07-19 00:00:00,430,430,4,10000,4300000,2010-07-19 00:00:00,1
2010-07-20 00:00:00,2010-07-20 00:00:00,439.5,2010-07-20 00:00:00,434,435,9,5900,2568050,2010-07-20 00:00:00,1
2010-07-21 00:00:00,2010-07-21 00:00:00,449.75,2010-07-21 00:00:00,339.75,445.75,38,13700,6004050,2010-07-21 00:00:00,1
2010-07-22 00:00:00,2010-07-22 00:00:00,450,2010-07-22 00:00:00,440,445,10,5600,2481950,2010-07-22 00:00:00,1
2010-07-23 00:00:00,2010-07-23 00:00:00,450,2010-07-23 00:00:00,443,445.25,6,8100,3606300,2010-07-23 00:00:00,1
2010-07-26 00:00:00,2010-07-26 00:00:00,445,2010-07-26 00:00:00,440,441,3,600,264500,2010-07-26 00:00:00,1
2010-07-27 00:00:00,2010-07-27 00:00:00,449.75,2010-07-27 00:00:00,440,445.5,5,1100,489475,2010-07-27 00:00:00,1
2010-07-28 00:00:00,2010-07-28 00:00:00,450,2010-07-28 00:00:00,445,448.5,16,11800,5267900,2010-07-28 00:00:00,1
2010-07-29 00:00:00,2010-07-29 00:00:00,449,2010-07-29 00:00:00,449,449,3,2000,898000,2010-07-29 00:00:00,1
2010-07-30 00:00:00,2010-07-30 00:00:00,460,2010-07-30 00:00:00,450,454.25,17,16100,7265225,2010-07-30 00:00:00,1
2010-08-02 00:00:00,2010-08-02 00:00:00,460,2010-08-02 00:00:00,454,454,2,800,366200,2010-08-02 00:00:00,1
2010-08-03 00:00:00,2010-08-03 00:00:00,455,2010-08-03 00:00:00,440,440,15,18300,8099510,2010-08-03 00:00:00,1
2010-08-04 00:00:00,2010-08-04 00:00:00,450,2010-08-04 00:00:00,440,450,10,12300,5432000,2010-08-04 00:00:00,1
2010-08-05 00:00:00,2010-08-05 00:00:00,450,2010-08-05 00:00:00,440,447.5,8,1700,755530,2010-08-05 00:00:00,1
2010-08-06 00:00:00,2010-08-06 00:00:00,450,2010-08-06 00:00:00,440,440.2,15,15100,6662600,2010-08-06 00:00:00,1
2010-08-09 00:00:00,2010-08-09 00:00:00,430,2010-08-09 00:00:00,420,424.1,13,1800,764720,2010-08-09 00:00:00,1
2010-08-10 00:00:00,2010-08-10 00:00:00,450,2010-08-10 00:00:00,420,447.9,37,44600,19869930,2010-08-10 00:00:00,1
2010-08-11 00:00:00,2010-08-11 00:00:00,470,2010-08-11 00:00:00,450,451.4,28,26400,11927850,2010-08-11 00:00:00,1
2010-08-12 00:00:00,2010-08-12 00:00:00,460,2010-08-12 00:00:00,455,459,8,2500,1147500,2010-08-12 00:00:00,1
2010-08-13 00:00:00,2010-08-13 00:00:00,470,2010-08-13 00:00:00,460,460.6,17,16600,7644650,2010-08-13 00:00:00,1
2010-08-16 00:00:00,2010-08-16 00:00:00,506.6,2010-08-16 00:00:00,470,498,94,25500,12806980,2010-08-16 00:00:00,1
2010-08-17 00:00:00,2010-08-17 00:00:00,547.8,2010-08-17 00:00:00,520,546.9,94,18200,9749670,2010-08-17 00:00:00,1
2010-08-18 00:00:00,2010-08-18 00:00:00,560,2010-08-18 00:00:00,520,541.1,29,4800,2629170,2010-08-18 00:00:00,1
2010-08-19 00:00:00,2010-08-19 00:00:00,585,2010-08-19 00:00:00,550,571.8,44,6900,3922960,2010-08-19 00:00:00,1
2010-08-20 00:00:00,2010-08-20 00:00:00,571.8,2010-08-20 00:00:00,540,556.6,41,16100,8971290,2010-08-20 00:00:00,1
2010-08-23 00:00:00,2010-08-23 00:00:00,585,2010-08-23 00:00:00,541,583.4,33,20200,11422500,2010-08-23 00:00:00,1
2010-08-25 00:00:00,2010-08-25 00:00:00,599,2010-08-25 00:00:00,584,590,14,2800,1653270,2010-08-25 00:00:00,1
2010-08-26 00:00:00,2010-08-26 00:00:00,588,2010-08-26 00:00:00,542,576.9,9,3000,1715410,2010-08-26 00:00:00,1
2010-08-27 00:00:00,2010-08-27 00:00:00,590,2010-08-27 00:00:00,581,584.5,17,57600,33483100,2010-08-27 00:00:00,1
2010-08-30 00:00:00,2010-08-30 00:00:00,580,2010-08-30 00:00:00,550,577.3,10,3500,1993400,2010-08-30 00:00:00,1
2010-08-31 00:00:00,2010-08-31 00:00:00,601,2010-08-31 00:00:00,550,596.1,22,4500,2589780,2010-08-31 00:00:00,1
2010-09-01 00:00:00,2010-09-01 00:00:00,630,2010-09-01 00:00:00,600,617.8,58,11600,7045990,2010-09-01 00:00:00,1
2010-09-02 00:00:00,2010-09-02 00:00:00,647,2010-09-02 00:00:00,627,644.5,41,12000,7682710,2010-09-02 00:00:00,1
2010-09-03 00:00:00,2010-09-03 00:00:00,665,2010-09-03 00:00:00,650,659.7,25,8200,5372450,2010-09-03 00:00:00,1
2010-09-06 00:00:00,2010-09-06 00:00:00,670,2010-09-06 00:00:00,660,662.2,20,3000,2002230,2010-09-06 00:00:00,1
2010-09-07 00:00:00,2010-09-07 00:00:00,700,2010-09-07 00:00:00,670,693.3,77,74200,50632880,2010-09-07 00:00:00,1
2010-09-08 00:00:00,2010-09-08 00:00:00,720,2010-09-08 00:00:00,699,717.2,71,24400,17159410,2010-09-08 00:00:00,1
2010-09-09 00:00:00,2010-09-09 00:00:00,780.1,2010-09-09 00:00:00,717.2,779.5,71,18200,14150200,2010-09-09 00:00:00,1
2010-09-13 00:00:00,2010-09-13 00:00:00,799,2010-09-13 00:00:00,760,773.6,43,15100,11728200,2010-09-13 00:00:00,1
2010-09-14 00:00:00,2010-09-14 00:00:00,779,2010-09-14 00:00:00,750,774,60,14400,11120540,2010-09-14 00:00:00,1
2010-09-15 00:00:00,2010-09-15 00:00:00,773,2010-09-15 00:00:00,750,768.6,21,4900,3699850,2010-09-15 00:00:00,1
2010-09-16 00:00:00,2010-09-16 00:00:00,770,2010-09-16 00:00:00,769.9,769.9,6,3100,2386990,2010-09-16 00:00:00,1
2010-09-17 00:00:00,2010-09-17 00:00:00,795,2010-09-17 00:00:00,770,775.6,5,2000,1565800,2010-09-17 00:00:00,1
2010-09-20 00:00:00,2010-09-20 00:00:00,775.6,2010-09-20 00:00:00,750,752.5,14,3900,3000660,2010-09-20 00:00:00,1
2010-09-21 00:00:00,2010-09-21 00:00:00,759.9,2010-09-21 00:00:00,390,752.1,15,21400,16013490,2010-09-21 00:00:00,1
2010-09-23 00:00:00,2010-09-23 00:00:00,750,2010-09-23 00:00:00,703,740,9,1700,1231500,2010-09-23 00:00:00,1
2010-09-24 00:00:00,2010-09-24 00:00:00,760,2010-09-24 00:00:00,705.6,754.9,71,30500,22814560,2010-09-24 00:00:00,1
2010-09-27 00:00:00,2010-09-27 00:00:00,755,2010-09-27 00:00:00,735,743.9,23,27800,20654820,2010-09-27 00:00:00,1
2010-09-28 00:00:00,2010-09-28 00:00:00,740,2010-09-28 00:00:00,725,727.1,13,5100,3737000,2010-09-28 00:00:00,1
2010-09-29 00:00:00,2010-09-29 00:00:00,730,2010-09-29 00:00:00,710,729.1,13,8800,6401000,2010-09-29 00:00:00,1
2010-09-30 00:00:00,2010-09-30 00:00:00,730,2010-09-30 00:00:00,715,720,15,27600,19878120,2010-09-30 00:00:00,1
2010-10-01 00:00:00,2010-10-01 00:00:00,900,2010-10-01 00:00:00,725,854.3,435,138300,113799840,2010-10-01 00:00:00,1
2010-10-04 00:00:00,2010-10-04 00:00:00,870,2010-10-04 00:00:00,836,841.7,157,51800,44414980,2010-10-04 00:00:00,1
2010-10-05 00:00:00,2010-10-05 00:00:00,859,2010-10-05 00:00:00,810,814.1,166,45100,36925500,2010-10-05 00:00:00,1
2010-10-06 00:00:00,2010-10-06 00:00:00,814.1,2010-10-06 00:00:00,786,790.2,63,17500,13975490,2010-10-06 00:00:00,1
2010-10-07 00:00:00,2010-10-07 00:00:00,800,2010-10-07 00:00:00,760,762.3,103,19200,14896010,2010-10-07 00:00:00,1
2010-10-08 00:00:00,2010-10-08 00:00:00,799.9,2010-10-08 00:00:00,760,784.4,38,6000,4633340,2010-10-08 00:00:00,1
2010-10-11 00:00:00,2010-10-11 00:00:00,820,2010-10-11 00:00:00,800,800.3,47,10200,8232270,2010-10-11 00:00:00,1
2010-10-12 00:00:00,2010-10-12 00:00:00,800,2010-10-12 00:00:00,756,766.6,54,11300,8684070,2010-10-12 00:00:00,1
2010-10-13 00:00:00,2010-10-13 00:00:00,794.5,2010-10-13 00:00:00,680,778,80,14100,10447510,2010-10-13 00:00:00,1
2010-10-14 00:00:00,2010-10-14 00:00:00,796.4,2010-10-14 00:00:00,750.5,771.3,23,5100,3945710,2010-10-14 00:00:00,1
2010-10-15 00:00:00,2010-10-15 00:00:00,780,2010-10-15 00:00:00,761,775,27,24900,19259430,2010-10-15 00:00:00,1
2010-10-18 00:00:00,2010-10-18 00:00:00,775,2010-10-18 00:00:00,760,769,28,21500,16382080,2010-10-18 00:00:00,1
2010-10-19 00:00:00,2010-10-19 00:00:00,789.4,2010-10-19 00:00:00,770,783,14,2700,2091690,2010-10-19 00:00:00,1
2010-10-20 00:00:00,2010-10-20 00:00:00,760.7,2010-10-20 00:00:00,760.1,760.7,8,2800,2129390,2010-10-20 00:00:00,1
2010-10-21 00:00:00,2010-10-21 00:00:00,780,2010-10-21 00:00:00,750,761.4,35,18600,14072380,2010-10-21 00:00:00,1
2010-10-25 00:00:00,2010-10-25 00:00:00,770,2010-10-25 00:00:00,759,759,10,1900,1445800,2010-10-25 00:00:00,1
2010-10-26 00:00:00,2010-10-26 00:00:00,755.2,2010-10-26 00:00:00,750,751.9,10,1100,826420,2010-10-26 00:00:00,1
2010-10-27 00:00:00,2010-10-27 00:00:00,752,2010-10-27 00:00:00,746,748.3,21,4000,2999900,2010-10-27 00:00:00,1
2010-10-28 00:00:00,2010-10-28 00:00:00,750,2010-10-28 00:00:00,745,745,4,500,373000,2010-10-28 00:00:00,1
2010-10-29 00:00:00,2010-10-29 00:00:00,779,2010-10-29 00:00:00,750,757.7,29,11300,8551970,2010-10-29 00:00:00,1
2010-11-01 00:00:00,2010-11-01 00:00:00,778,2010-11-01 00:00:00,750,765.9,11,3000,2294240,2010-11-01 00:00:00,1
2010-11-02 00:00:00,2010-11-02 00:00:00,770,2010-11-02 00:00:00,751.1,763.2,9,1200,920120,2010-11-02 00:00:00,1
2010-11-03 00:00:00,2010-11-03 00:00:00,760,2010-11-03 00:00:00,755,759,7,1500,1138710,2010-11-03 00:00:00,1
2010-11-04 00:00:00,2010-11-04 00:00:00,770,2010-11-04 00:00:00,762,765,5,600,459900,2010-11-04 00:00:00,1
2010-11-08 00:00:00,2010-11-08 00:00:00,764,2010-11-08 00:00:00,752.2,764,9,1500,1139820,2010-11-08 00:00:00,1
2010-11-09 00:00:00,2010-11-09 00:00:00,762,2010-11-09 00:00:00,752.2,760,5,1200,906470,2010-11-09 00:00:00,1
2010-11-10 00:00:00,2010-11-10 00:00:00,764.9,2010-11-10 00:00:00,750,755,10,1600,1204290,2010-11-10 00:00:00,1
2010-11-11 00:00:00,2010-11-11 00:00:00,760,2010-11-11 00:00:00,750,758.6,7,700,529450,2010-11-11 00:00:00,1
2010-11-12 00:00:00,2010-11-12 00:00:00,763.9,2010-11-12 00:00:00,755,757,4,400,303490,2010-11-12 00:00:00,1
2010-11-15 00:00:00,2010-11-15 00:00:00,740,2010-11-15 00:00:00,740,740,5,600,444000,2010-11-15 00:00:00,1
2010-11-16 00:00:00,2010-11-16 00:00:00,740,2010-11-16 00:00:00,730,733,8,900,662300,2010-11-16 00:00:00,1
2010-11-18 00:00:00,2010-11-18 00:00:00,740,2010-11-18 00:00:00,720.2,730,24,4100,2997520,2010-11-18 00:00:00,1
2010-11-22 00:00:00,2010-11-22 00:00:00,739.9,2010-11-22 00:00:00,710,720.7,30,6800,4932280,2010-11-22 00:00:00,1
2010-11-26 00:00:00,2010-11-26 00:00:00,100.1,2010-11-26 00:00:00,95,96.6,37,10000,984110,2010-11-26 00:00:00,1
2010-11-29 00:00:00,2010-11-29 00:00:00,100,2010-11-29 00:00:00,90,91,56,18600,1733040,2010-11-29 00:00:00,1
2010-11-30 00:00:00,2010-11-30 00:00:00,105,2010-11-30 00:00:00,97.1,99.9,84,46700,4712420,2010-11-30 00:00:00,1
2010-12-01 00:00:00,2010-12-01 00:00:00,110,2010-12-01 00:00:00,102,106.8,136,122900,12945880,2010-12-01 00:00:00,1
2010-12-02 00:00:00,2010-12-02 00:00:00,115,2010-12-02 00:00:00,106,107.6,161,192300,20634240,2010-12-02 00:00:00,1
2010-12-03 00:00:00,2010-12-03 00:00:00,112,2010-12-03 00:00:00,107.8,108,61,107000,11568050,2010-12-03 00:00:00,1
2010-12-06 00:00:00,2010-12-06 00:00:00,112,2010-12-06 00:00:00,107,111,104,131600,14421480,2010-12-06 00:00:00,1
2010-12-07 00:00:00,2010-12-07 00:00:00,113.8,2010-12-07 00:00:00,110,110.1,34,63000,6994010,2010-12-07 00:00:00,1
2010-12-08 00:00:00,2010-12-08 00:00:00,113.5,2010-12-08 00:00:00,108,109,32,16500,1807890,2010-12-08 00:00:00,1
2010-12-09 00:00:00,2010-12-09 00:00:00,111.9,2010-12-09 00:00:00,108,110.1,27,14500,1594840,2010-12-09 00:00:00,1
2010-12-10 00:00:00,2010-12-10 00:00:00,110.1,2010-12-10 00:00:00,108.4,109.8,24,35700,3912380,2010-12-10 00:00:00,1
2010-12-13 00:00:00,2010-12-13 00:00:00,109,2010-12-13 00:00:00,107,107,24,12300,1318210,2010-12-13 00:00:00,1
2010-12-14 00:00:00,2010-12-14 00:00:00,108,2010-12-14 00:00:00,104.9,105,47,55900,5878680,2010-12-14 00:00:00,1
2010-12-15 00:00:00,2010-12-15 00:00:00,105,2010-12-15 00:00:00,103,103.4,22,6100,632250,2010-12-15 00:00:00,1
2010-12-16 00:00:00,2010-12-16 00:00:00,103.4,2010-12-16 00:00:00,102,102.2,24,11000,1124430,2010-12-16 00:00:00,1
2010-12-17 00:00:00,2010-12-17 00:00:00,103,2010-12-17 00:00:00,101,103,27,15600,1588440,2010-12-17 00:00:00,1
2010-12-21 00:00:00,2010-12-21 00:00:00,108,2010-12-21 00:00:00,103,104.7,10,1600,166920,2010-12-21 00:00:00,1
2010-12-22 00:00:00,2010-12-22 00:00:00,124,2010-12-22 00:00:00,103.6,107.8,42,16000,1714310,2010-12-22 00:00:00,1
2010-12-23 00:00:00,2010-12-23 00:00:00,109,2010-12-23 00:00:00,106.1,108.2,106,72000,7756070,2010-12-23 00:00:00,1
2010-12-24 00:00:00,2010-12-24 00:00:00,108.5,2010-12-24 00:00:00,107,107,49,202900,21761070,2010-12-24 00:00:00,1
2010-12-27 00:00:00,2010-12-27 00:00:00,109.9,2010-12-27 00:00:00,107.3,108,35,15300,1653760,2010-12-27 00:00:00,1
2010-12-28 00:00:00,2010-12-28 00:00:00,108.5,2010-12-28 00:00:00,107,107.6,74,59300,6392180,2010-12-28 00:00:00,1
2010-12-29 00:00:00,2010-12-29 00:00:00,106.6,2010-12-29 00:00:00,105.7,106,87,199700,21195850,2010-12-29 00:00:00,1
2010-12-30 00:00:00,2010-12-30 00:00:00,108,2010-12-30 00:00:00,105.1,106,60,147000,15583990,2010-12-30 00:00:00,1
2010-12-31 00:00:00,2010-12-31 00:00:00,107,2010-12-31 00:00:00,105.2,105.7,64,84000,8901170,2010-12-31 00:00:00,1
Company Id :  AHUN,,Security Type :  R,,Sub Type :  0000,,,,,,
Short Name :  A.SPEN.HOT.HOLD.,,,,,,,,,,
Day,Date High,High,Date Low,Low,Closing,No. of Trades,No. of Shares,Turnover,Last Traded,Days Traded
2010-04-16 00:00:00,2010-04-16 00:00:00,200,2010-04-16 00:00:00,200,200,1,100,20000,2010-04-16 00:00:00,1
2010-04-19 00:00:00,2010-04-19 00:00:00,200,2010-04-19 00:00:00,180,190,4,3000,570975,2010-04-19 00:00:00,1
2010-04-22 00:00:00,2010-04-22 00:00:00,200,2010-04-22 00:00:00,192,192,8,8100,1575800,2010-04-22 00:00:00,1
2010-04-23 00:00:00,2010-04-23 00:00:00,190.25,2010-04-23 00:00:00,165,180.75,13,4700,850525,2010-04-23 00:00:00,1
Company Id :  ALLI,,Security Type :  N,,Sub Type :  0000,,,,,,
Short Name :  ALLIANCE,,,,,,,,,,
Day,Date High,High,Date Low,Low,Closing,No. of Trades,No. of Shares,Turnover,Last Traded,Days Traded
2010-01-04 00:00:00,2010-01-04 00:00:00,410,2010-01-04 00:00:00,410,410,3,1200,492000,2010-01-04 00:00:00,1
2010-01-06 00:00:00,2010-01-06 00:00:00,420,2010-01-06 00:00:00,405,405,2,300,124500,2010-01-06 00:00:00,1
2010-01-07 00:00:00,2010-01-07 00:00:00,420,2010-01-07 00:00:00,420,420,1,200,84000,2010-01-07 00:00:00,1
2010-01-12 00:00:00,2010-01-12 00:00:00,420,2010-01-12 00:00:00,420,420,1,100,42000,2010-01-12 00:00:00,1
2010-01-13 00:00:00,2010-01-13 00:00:00,450,2010-01-13 00:00:00,420,431.25,6,1000,426800,2010-01-13 00:00:00,1
2010-01-20 00:00:00,2010-01-20 00:00:00,440,2010-01-20 00:00:00,430,435,2,200,87000,2010-01-20 00:00:00,1
2010-01-28 00:00:00,2010-01-28 00:00:00,440,2010-01-28 00:00:00,400,440,2,400,168000,2010-01-28 00:00:00,1
2010-02-15 00:00:00,2010-02-15 00:00:00,442.5,2010-02-15 00:00:00,442.5,442.5,1,200,88500,2010-02-15 00:00:00,1
2010-02-23 00:00:00,2010-02-23 00:00:00,485,2010-02-23 00:00:00,485,485,1,100,48500,2010-02-23 00:00:00,1
2010-02-24 00:00:00,2010-02-24 00:00:00,485,2010-02-24 00:00:00,355,419,3,500,209500,2010-02-24 00:00:00,1
2010-04-05 00:00:00,2010-04-05 00:00:00,448,2010-04-05 00:00:00,448,448,1,100,44800,2010-04-05 00:00:00,1
2010-04-12 00:00:00,2010-04-12 00:00:00,455,2010-04-12 00:00:00,455,455,1,100,45500,2010-04-12 00:00:00,1
2010-04-20 00:00:00,2010-04-20 00:00:00,465,2010-04-20 00:00:00,465,465,1,200,93000,2010-04-20 00:00:00,1
2010-05-03 00:00:00,2010-05-03 00:00:00,465,2010-05-03 00:00:00,305,397.5,4,400,159000,2010-05-03 00:00:00,1
2010-06-21 00:00:00,2010-06-21 00:00:00,445,2010-06-21 00:00:00,400,445,3,900,378000,2010-06-21 00:00:00,1
2010-06-22 00:00:00,2010-06-22 00:00:00,445,2010-06-22 00:00:00,445,445,1,100,44500,2010-06-22 00:00:00,1
2010-06-24 00:00:00,2010-06-24 00:00:00,450,2010-06-24 00:00:00,450,450,1,200,90000,2010-06-24 00:00:00,1
2010-06-28 00:00:00,2010-06-28 00:00:00,480,2010-06-28 00:00:00,475,477.5,2,400,191000,2010-06-28 00:00:00,1
2010-07-06 00:00:00,2010-07-06 00:00:00,477.5,2010-07-06 00:00:00,477.5,477.5,1,100,47750,2010-07-06 00:00:00,1
2010-07-14 00:00:00,2010-07-14 00:00:00,475,2010-07-14 00:00:00,475,475,1,700,332500,2010-07-14 00:00:00,1
2010-07-26 00:00:00,2010-07-26 00:00:00,450,2010-07-26 00:00:00,450,450,1,100,45000,2010-07-26 00:00:00,1
2010-07-30 00:00:00,2010-07-30 00:00:00,450,2010-07-30 00:00:00,450,450,1,100,45000,2010-07-30 00:00:00,1
2010-08-02 00:00:00,2010-08-02 00:00:00,405,2010-08-02 00:00:00,405,405,1,100,40500,2010-08-02 00:00:00,1
2010-08-16 00:00:00,2010-08-16 00:00:00,445,2010-08-16 00:00:00,440,444.6,12,1200,533500,2010-08-16 00:00:00,1
2010-08-17 00:00:00,2010-08-17 00:00:00,489,2010-08-17 00:00:00,445,489,14,1900,897890,2010-08-17 00:00:00,1
2010-08-20 00:00:00,2010-08-20 00:00:00,500,2010-08-20 00:00:00,500,500,1,100,50000,2010-08-20 00:00:00,1
2010-08-26 00:00:00,2010-08-26 00:00:00,510,2010-08-26 00:00:00,500,505,2,200,101000,2010-08-26 00:00:00,1
2010-09-06 00:00:00,2010-09-06 00:00:00,555,2010-09-06 00:00:00,550,553.8,21,3900,2151600,2010-09-06 00:00:00,1
2010-09-07 00:00:00,2010-09-07 00:00:00,609.1,2010-09-07 00:00:00,608.8,609,8,1200,730760,2010-09-07 00:00:00,1
2010-09-08 00:00:00,2010-09-08 00:00:00,669.9,2010-09-08 00:00:00,669,669.9,10,3400,2277570,2010-09-08 00:00:00,1
2010-09-09 00:00:00,2010-09-09 00:00:00,736.8,2010-09-09 00:00:00,736.8,736.8,9,18300,13483440,2010-09-09 00:00:00,1
2010-09-13 00:00:00,2010-09-13 00:00:00,810.4,2010-09-13 00:00:00,810.4,810.4,1,100,81040,2010-09-13 00:00:00,1
2010-09-14 00:00:00,2010-09-14 00:00:00,891.4,2010-09-14 00:00:00,891.4,891.4,8,1900,1693660,2010-09-14 00:00:00,1
2010-09-15 00:00:00,2010-09-15 00:00:00,980.5,2010-09-15 00:00:00,949.9,959.9,10,1100,1069790,2010-09-15 00:00:00,1
2010-09-16 00:00:00,2010-09-16 00:00:00,865.1,2010-09-16 00:00:00,864,864,12,1300,1124010,2010-09-16 00:00:00,1
2010-09-17 00:00:00,2010-09-17 00:00:00,950.1,2010-09-17 00:00:00,780,934.1,26,5300,4758110,2010-09-17 00:00:00,1
2010-09-20 00:00:00,2010-09-20 00:00:00,830,2010-09-20 00:00:00,830,830,1,100,83000,2010-09-20 00:00:00,1
2010-09-23 00:00:00,2010-09-23 00:00:00,970,2010-09-23 00:00:00,970,970,1,100,97000,2010-09-23 00:00:00,1
2010-09-24 00:00:00,2010-09-24 00:00:00,950,2010-09-24 00:00:00,950,950,3,1200,1140000,2010-09-24 00:00:00,1
2010-09-28 00:00:00,2010-09-28 00:00:00,899.9,2010-09-28 00:00:00,800.1,831,5,600,498400,2010-09-28 00:00:00,1
2010-09-29 00:00:00,2010-09-29 00:00:00,855,2010-09-29 00:00:00,845,851.4,11,1900,1616500,2010-09-29 00:00:00,1
2010-09-30 00:00:00,2010-09-30 00:00:00,880,2010-09-30 00:00:00,845,859.6,9,2500,2148000,2010-09-30 00:00:00,1
2010-10-01 00:00:00,2010-10-01 00:00:00,859,2010-10-01 00:00:00,840,859,5,900,766000,2010-10-01 00:00:00,1
2010-10-04 00:00:00,2010-10-04 00:00:00,850,2010-10-04 00:00:00,850,850,1,100,85000,2010-10-04 00:00:00,1
2010-10-07 00:00:00,2010-10-07 00:00:00,702,2010-10-07 00:00:00,702,702,1,200,140400,2010-10-07 00:00:00,1
2010-10-13 00:00:00,2010-10-13 00:00:00,720,2010-10-13 00:00:00,684,717.1,6,1100,780980,2010-10-13 00:00:00,1
2010-10-18 00:00:00,2010-10-18 00:00:00,699,2010-10-18 00:00:00,600,699,4,400,254900,2010-10-18 00:00:00,1
2010-10-19 00:00:00,2010-10-19 00:00:00,700,2010-10-19 00:00:00,700,700,1,100,70000,2010-10-19 00:00:00,1
2010-11-03 00:00:00,2010-11-03 00:00:00,684.1,2010-11-03 00:00:00,684,684.1,2,200,136810,2010-11-03 00:00:00,1
2010-11-04 00:00:00,2010-11-04 00:00:00,676,2010-11-04 00:00:00,675,675.5,2,200,135100,2010-11-04 00:00:00,1
2010-11-26 00:00:00,2010-11-26 00:00:00,675,2010-11-26 00:00:00,675,675,1,100,67500,2010-11-26 00:00:00,1
2010-11-29 00:00:00,2010-11-29 00:00:00,675,2010-11-29 00:00:00,675,675,1,100,67500,2010-11-29 00:00:00,1
2010-12-01 00:00:00,2010-12-01 00:00:00,720,2010-12-01 00:00:00,700,710,2,200,142000,2010-12-01 00:00:00,1
2010-12-02 00:00:00,2010-12-02 00:00:00,711,2010-12-02 00:00:00,710,710.7,2,300,213200,2010-12-02 00:00:00,1
2010-12-30 00:00:00,2010-12-30 00:00:00,870,2010-12-30 00:00:00,800,800,4,2200,1898000,2010-12-30 00:00:00,1
2010-12-31 00:00:00,2010-12-31 00:00:00,799.9,2010-12-31 00:00:00,799.9,799.9,4,400,319960,2010-12-31 00:00:00,1
Company Id :  ALUF,,Security Type :  N,,Sub Type :  0000,,,,,,
Short Name :  ALUFAB,,,,,,,,,,
Day,Date High,High,Date Low,Low,Closing,No. of Trades,No. of Shares,Turnover,Last Traded,Days Traded
2010-01-11 00:00:00,2010-01-11 00:00:00,33.25,2010-01-11 00:00:00,33,33.25,2,1800,59650,2010-01-11 00:00:00,1
2010-01-12 00:00:00,2010-01-12 00:00:00,33.75,2010-01-12 00:00:00,33.75,33.75,1,100,3375,2010-01-12 00:00:00,1
2010-01-15 00:00:00,2010-01-15 00:00:00,37.5,2010-01-15 00:00:00,33.5,35.5,2,800,28400,2010-01-15 00:00:00,1
2010-01-18 00:00:00,2010-01-18 00:00:00,40,2010-01-18 00:00:00,37.75,39.25,18,11100,435100,2010-01-18 00:00:00,1
2010-01-19 00:00:00,2010-01-19 00:00:00,41.75,2010-01-19 00:00:00,40,40.75,9,2900,118175,2010-01-19 00:00:00,1
2010-01-20 00:00:00,2010-01-20 00:00:00,42,2010-01-20 00:00:00,39.75,40,8,1900,78125,2010-01-20 00:00:00,1
2010-02-02 00:00:00,2010-02-02 00:00:00,41,2010-02-02 00:00:00,39,40.25,5,1400,56175,2010-02-02 00:00:00,1
2010-02-10 00:00:00,2010-02-10 00:00:00,38,2010-02-10 00:00:00,38,38,1,500,19000,2010-02-10 00:00:00,1
2010-02-15 00:00:00,2010-02-15 00:00:00,40,2010-02-15 00:00:00,36,38.5,5,2600,98725,2010-02-15 00:00:00,1
2010-02-23 00:00:00,2010-02-23 00:00:00,42,2010-02-23 00:00:00,38,40.75,54,26200,1058025,2010-02-23 00:00:00,1
2010-02-24 00:00:00,2010-02-24 00:00:00,39.75,2010-02-24 00:00:00,39.75,39.75,1,200,7950,2010-02-24 00:00:00,1
2010-03-01 00:00:00,2010-03-01 00:00:00,44.75,2010-03-01 00:00:00,39.75,43,79,56400,2380700,2010-03-01 00:00:00,1
2010-03-02 00:00:00,2010-03-02 00:00:00,42.75,2010-03-02 00:00:00,42.75,42.75,1,100,4275,2010-03-02 00:00:00,1
2010-03-05 00:00:00,2010-03-05 00:00:00,42,2010-03-05 00:00:00,42,42,2,200,8400,2010-03-05 00:00:00,1
2010-03-08 00:00:00,2010-03-08 00:00:00,41.5,2010-03-08 00:00:00,41.5,41.5,1,1400,58100,2010-03-08 00:00:00,1
2010-03-11 00:00:00,2010-03-11 00:00:00,38.25,2010-03-11 00:00:00,37,38.25,3,1400,52300,2010-03-11 00:00:00,1
2010-03-31 00:00:00,2010-03-31 00:00:00,40,2010-03-31 00:00:00,40,40,2,700,28000,2010-03-31 00:00:00,1
2010-04-01 00:00:00,2010-04-01 00:00:00,42,2010-04-01 00:00:00,42,42,1,100,4200,2010-04-01 00:00:00,1
2010-04-07 00:00:00,2010-04-07 00:00:00,39,2010-04-07 00:00:00,35,37.75,20,10600,395300,2010-04-07 00:00:00,1
2010-04-08 00:00:00,2010-04-08 00:00:00,36.5,2010-04-08 00:00:00,36.25,36.25,4,5600,203125,2010-04-08 00:00:00,1
2010-04-12 00:00:00,2010-04-12 00:00:00,39,2010-04-12 00:00:00,36.25,39,6,10000,376250,2010-04-12 00:00:00,1
2010-04-16 00:00:00,2010-04-16 00:00:00,38.75,2010-04-16 00:00:00,38.5,38.5,5,2200,84750,2010-04-16 00:00:00,1
2010-04-19 00:00:00,2010-04-19 00:00:00,39.25,2010-04-19 00:00:00,38.75,39.25,7,2300,89950,2010-04-19 00:00:00,1
2010-04-21 00:00:00,2010-04-21 00:00:00,39.25,2010-04-21 00:00:00,39.25,39.25,1,1800,70650,2010-04-21 00:00:00,1
2010-04-22 00:00:00,2010-04-22 00:00:00,39.75,2010-04-22 00:00:00,39.75,39.75,2,2300,91425,2010-04-22 00:00:00,1
2010-04-27 00:00:00,2010-04-27 00:00:00,39.75,2010-04-27 00:00:00,36,39.5,7,6800,265350,2010-04-27 00:00:00,1
2010-04-29 00:00:00,2010-04-29 00:00:00,40,2010-04-29 00:00:00,39.75,39.75,4,6100,242725,2010-04-29 00:00:00,1
2010-04-30 00:00:00,2010-04-30 00:00:00,41,2010-04-30 00:00:00,40,41,3,5300,217100,2010-04-30 00:00:00,1
2010-05-06 00:00:00,2010-05-06 00:00:00,39.5,2010-05-06 00:00:00,36.5,38,2,1000,38000,2010-05-06 00:00:00,1
2010-05-07 00:00:00,2010-05-07 00:00:00,39.75,2010-05-07 00:00:00,39.75,39.75,1,200,7950,2010-05-07 00:00:00,1
2010-05-10 00:00:00,2010-05-10 00:00:00,42.25,2010-05-10 00:00:00,39.75,40.5,20,14600,589775,2010-05-10 00:00:00,1
2010-05-11 00:00:00,2010-05-11 00:00:00,42.75,2010-05-11 00:00:00,40,41,21,11600,475000,2010-05-11 00:00:00,1
2010-05-12 00:00:00,2010-05-12 00:00:00,41,2010-05-12 00:00:00,41,41,2,1300,53300,2010-05-12 00:00:00,1
2010-05-14 00:00:00,2010-05-14 00:00:00,40,2010-05-14 00:00:00,40,40,5,10300,412000,2010-05-14 00:00:00,1
2010-05-18 00:00:00,2010-05-18 00:00:00,36.75,2010-05-18 00:00:00,36.75,36.75,2,500,18375,2010-05-18 00:00:00,1
2010-05-20 00:00:00,2010-05-20 00:00:00,37,2010-05-20 00:00:00,37,37,2,5500,203500,2010-05-20 00:00:00,1
2010-05-21 00:00:00,2010-05-21 00:00:00,39.75,2010-05-21 00:00:00,35.5,38.5,15,8200,316275,2010-05-21 00:00:00,1
2010-05-24 00:00:00,2010-05-24 00:00:00,38,2010-05-24 00:00:00,35.5,35.5,3,1800,65900,2010-05-24 00:00:00,1
2010-05-31 00:00:00,2010-05-31 00:00:00,35.5,2010-05-31 00:00:00,35.5,35.5,1,300,10650,2010-05-31 00:00:00,1
2010-06-04 00:00:00,2010-06-04 00:00:00,40,2010-06-04 00:00:00,39,39.5,3,3000,118700,2010-06-04 00:00:00,1
2010-06-07 00:00:00,2010-06-07 00:00:00,43,2010-06-07 00:00:00,40,41,37,23600,973775,2010-06-07 00:00:00,1
2010-06-08 00:00:00,2010-06-08 00:00:00,40.75,2010-06-08 00:00:00,40.75,40.75,2,1000,40750,2010-06-08 00:00:00,1
2010-06-09 00:00:00,2010-06-09 00:00:00,39.5,2010-06-09 00:00:00,39.5,39.5,1,1000,39500,2010-06-09 00:00:00,1
2010-06-23 00:00:00,2010-06-23 00:00:00,46,2010-06-23 00:00:00,37,42.75,13,15500,662300,2010-06-23 00:00:00,1
2010-06-24 00:00:00,2010-06-24 00:00:00,44.25,2010-06-24 00:00:00,44.25,44.25,1,200,8850,2010-06-24 00:00:00,1
2010-06-28 00:00:00,2010-06-28 00:00:00,41,2010-06-28 00:00:00,37.25,39,3,300,11725,2010-06-28 00:00:00,1
2010-06-29 00:00:00,2010-06-29 00:00:00,53,2010-06-29 00:00:00,40,48.25,145,139400,6733325,2010-06-29 00:00:00,1
2010-06-30 00:00:00,2010-06-30 00:00:00,53.25,2010-06-30 00:00:00,47,49.5,28,15600,786800,2010-06-30 00:00:00,1
2010-07-01 00:00:00,2010-07-01 00:00:00,51.5,2010-07-01 00:00:00,48,51,14,14600,734500,2010-07-01 00:00:00,1
2010-07-02 00:00:00,2010-07-02 00:00:00,50,2010-07-02 00:00:00,49,49,3,1300,63800,2010-07-02 00:00:00,1
2010-07-07 00:00:00,2010-07-07 00:00:00,44,2010-07-07 00:00:00,40,43.75,15,10200,426500,2010-07-07 00:00:00,1
2010-07-08 00:00:00,2010-07-08 00:00:00,45.5,2010-07-08 00:00:00,45.5,45.5,1,1300,59150,2010-07-08 00:00:00,1
2010-07-13 00:00:00,2010-07-13 00:00:00,41.5,2010-07-13 00:00:00,41.5,41.5,1,500,20750,2010-07-13 00:00:00,1
2010-07-14 00:00:00,2010-07-14 00:00:00,41.25,2010-07-14 00:00:00,41.25,41.25,1,100,4125,2010-07-14 00:00:00,1
2010-07-19 00:00:00,2010-07-19 00:00:00,45,2010-07-19 00:00:00,40.25,45,7,2000,85825,2010-07-19 00:00:00,1
2010-07-20 00:00:00,2010-07-20 00:00:00,42,2010-07-20 00:00:00,42,42,1,1500,63000,2010-07-20 00:00:00,1
2010-07-22 00:00:00,2010-07-22 00:00:00,46.5,2010-07-22 00:00:00,41,44.25,5,2600,114950,2010-07-22 00:00:00,1
2010-07-23 00:00:00,2010-07-23 00:00:00,41.5,2010-07-23 00:00:00,41.5,41.5,1,300,12450,2010-07-23 00:00:00,1
2010-07-26 00:00:00,2010-07-26 00:00:00,42,2010-07-26 00:00:00,42,42,1,800,33600,2010-07-26 00:00:00,1
2010-07-27 00:00:00,2010-07-27 00:00:00,45,2010-07-27 00:00:00,42.25,45,6,3100,137025,2010-07-27 00:00:00,1
2010-07-28 00:00:00,2010-07-28 00:00:00,44,2010-07-28 00:00:00,44,44,3,1200,52800,2010-07-28 00:00:00,1
2010-07-29 00:00:00,2010-07-29 00:00:00,47,2010-07-29 00:00:00,46.75,46.75,3,500,23400,2010-07-29 00:00:00,1
2010-07-30 00:00:00,2010-07-30 00:00:00,47,2010-07-30 00:00:00,47,47,1,200,9400,2010-07-30 00:00:00,1
2010-08-05 00:00:00,2010-08-05 00:00:00,43,2010-08-05 00:00:00,43,43,1,1000,43000,2010-08-05 00:00:00,1
2010-08-09 00:00:00,2010-08-09 00:00:00,45,2010-08-09 00:00:00,40,45,2,500,21500,2010-08-09 00:00:00,1
2010-08-19 00:00:00,2010-08-19 00:00:00,42,2010-08-19 00:00:00,40.5,42,37,27700,1144900,2010-08-19 00:00:00,1
2010-08-25 00:00:00,2010-08-25 00:00:00,40.3,2010-08-25 00:00:00,40.2,40.2,2,500,20120,2010-08-25 00:00:00,1
2010-08-26 00:00:00,2010-08-26 00:00:00,40,2010-08-26 00:00:00,40,40,2,400,16000,2010-08-26 00:00:00,1
2010-08-27 00:00:00,2010-08-27 00:00:00,43.9,2010-08-27 00:00:00,42,42.1,4,3100,130770,2010-08-27 00:00:00,1
2010-09-02 00:00:00,2010-09-02 00:00:00,42.5,2010-09-02 00:00:00,42.5,42.5,1,100,4250,2010-09-02 00:00:00,1
2010-09-08 00:00:00,2010-09-08 00:00:00,40,2010-09-08 00:00:00,40,40,1,100,4000,2010-09-08 00:00:00,1
2010-09-09 00:00:00,2010-09-09 00:00:00,44,2010-09-09 00:00:00,40,43.5,14,2800,114820,2010-09-09 00:00:00,1
2010-09-13 00:00:00,2010-09-13 00:00:00,47,2010-09-13 00:00:00,44.9,45,14,10600,495620,2010-09-13 00:00:00,1
2010-09-14 00:00:00,2010-09-14 00:00:00,48,2010-09-14 00:00:00,44,44,2,200,9200,2010-09-14 00:00:00,1
2010-09-15 00:00:00,2010-09-15 00:00:00,45.6,2010-09-15 00:00:00,40,45.6,7,4700,194160,2010-09-15 00:00:00,1
2010-09-16 00:00:00,2010-09-16 00:00:00,44.6,2010-09-16 00:00:00,44.6,44.6,1,1500,66900,2010-09-16 00:00:00,1
2010-09-17 00:00:00,2010-09-17 00:00:00,44.6,2010-09-17 00:00:00,40.2,41.1,4,500,21390,2010-09-17 00:00:00,1
2010-09-23 00:00:00,2010-09-23 00:00:00,40,2010-09-23 00:00:00,40,40,5,6800,272000,2010-09-23 00:00:00,1
2010-09-24 00:00:00,2010-09-24 00:00:00,45.9,2010-09-24 00:00:00,40.1,43.5,5,700,30080,2010-09-24 00:00:00,1
2010-09-27 00:00:00,2010-09-27 00:00:00,40.1,2010-09-27 00:00:00,40.1,40.1,1,200,8020,2010-09-27 00:00:00,1
2010-09-30 00:00:00,2010-09-30 00:00:00,40.6,2010-09-30 00:00:00,40,40.2,8,6100,244910,2010-09-30 00:00:00,1
2010-10-01 00:00:00,2010-10-01 00:00:00,40.1,2010-10-01 00:00:00,40.1,40.1,1,200,8020,2010-10-01 00:00:00,1
2010-10-08 00:00:00,2010-10-08 00:00:00,40.5,2010-10-08 00:00:00,37.4,38.7,12,3800,144670,2010-10-08 00:00:00,1
2010-10-11 00:00:00,2010-10-11 00:00:00,37.6,2010-10-11 00:00:00,37.5,37.6,10,5100,191750,2010-10-11 00:00:00,1
2010-10-13 00:00:00,2010-10-13 00:00:00,36,2010-10-13 00:00:00,36,36,1,100,3600,2010-10-13 00:00:00,1
2010-10-28 00:00:00,2010-10-28 00:00:00,46.5,2010-10-28 00:00:00,40,43.2,32,9500,407960,2010-10-28 00:00:00,1
2010-10-29 00:00:00,2010-10-29 00:00:00,42.5,2010-10-29 00:00:00,42.5,42.5,4,800,34000,2010-10-29 00:00:00,1
2010-11-01 00:00:00,2010-11-01 00:00:00,51,2010-11-01 00:00:00,44,45.1,52,32300,1503490,2010-11-01 00:00:00,1
2010-11-02 00:00:00,2010-11-02 00:00:00,43,2010-11-02 00:00:00,41,43,3,1400,58200,2010-11-02 00:00:00,1
2010-11-04 00:00:00,2010-11-04 00:00:00,45.1,2010-11-04 00:00:00,40.5,40.5,2,700,29270,2010-11-04 00:00:00,1
2010-11-15 00:00:00,2010-11-15 00:00:00,40,2010-11-15 00:00:00,40,40,2,800,32000,2010-11-15 00:00:00,1
2010-11-16 00:00:00,2010-11-16 00:00:00,39,2010-11-16 00:00:00,39,39,1,500,19500,2010-11-16 00:00:00,1
2010-11-22 00:00:00,2010-11-22 00:00:00,40,2010-11-22 00:00:00,40,40,1,100,4000,2010-11-22 00:00:00,1
2010-11-23 00:00:00,2010-11-23 00:00:00,38,2010-11-23 00:00:00,38,38,1,100,3800,2010-11-23 00:00:00,1
2010-11-26 00:00:00,2010-11-26 00:00:00,40,2010-11-26 00:00:00,38.1,39.4,2,300,11810,2010-11-26 00:00:00,1
2010-11-29 00:00:00,2010-11-29 00:00:00,38,2010-11-29 00:00:00,38,38,2,1100,41800,2010-11-29 00:00:00,1
2010-12-02 00:00:00,2010-12-02 00:00:00,40,2010-12-02 00:00:00,40,40,3,1900,76000,2010-12-02 00:00:00,1
2010-12-03 00:00:00,2010-12-03 00:00:00,42,2010-12-03 00:00:00,41.9,42,4,1100,46190,2010-12-03 00:00:00,1
2010-12-07 00:00:00,2010-12-07 00:00:00,41.9,2010-12-07 00:00:00,41.9,41.9,1,2100,87990,2010-12-07 00:00:00,1
2010-12-10 00:00:00,2010-12-10 00:00:00,40,2010-12-10 00:00:00,40,40,2,400,16000,2010-12-10 00:00:00,1
2010-12-13 00:00:00,2010-12-13 00:00:00,37,2010-12-13 00:00:00,37,37,1,300,11100,2010-12-13 00:00:00,1
2010-12-16 00:00:00,2010-12-16 00:00:00,43,2010-12-16 00:00:00,43,43,1,1000,43000,2010-12-16 00:00:00,1
2010-12-29 00:00:00,2010-12-29 00:00:00,43.8,2010-12-29 00:00:00,37,43.8,3,2100,78380,2010-12-29 00:00:00,1
2010-12-30 00:00:00,2010-12-30 00:00:00,44.9,2010-12-30 00:00:00,42.9,42.9,19,3500,152210,2010-12-30 00:00:00,1
2010-12-31 00:00:00,2010-12-31 00:00:00,43,2010-12-31 00:00:00,43,43,11,3700,159100,2010-12-31 00:00:00,1
Company Id :  AMSL,,Security Type :  N,,Sub Type :  0000,,,,,,
Short Name :  ASIRI SURG,,,,,,,,,,
Day,Date High,High,Date Low,Low,Closing,No. of Trades,No. of Shares,Turnover,Last Traded,Days Traded
2010-01-04 00:00:00,2010-01-04 00:00:00,11,2010-01-04 00:00:00,10.75,10.75,14,14000,151900,2010-01-04 00:00:00,1
2010-01-05 00:00:00,2010-01-05 00:00:00,11.5,2010-01-05 00:00:00,11,11,15,16600,185600,2010-01-05 00:00:00,1
2010-01-06 00:00:00,2010-01-06 00:00:00,11,2010-01-06 00:00:00,11,11,13,54700,601700,2010-01-06 00:00:00,1
2010-01-07 00:00:00,2010-01-07 00:00:00,11,2010-01-07 00:00:00,10.75,10.75,13,33900,372750,2010-01-07 00:00:00,1
2010-01-08 00:00:00,2010-01-08 00:00:00,10.75,2010-01-08 00:00:00,10.75,10.75,5,9700,104275,2010-01-08 00:00:00,1
2010-01-11 00:00:00,2010-01-11 00:00:00,11,2010-01-11 00:00:00,10.75,11,16,27100,294850,2010-01-11 00:00:00,1
2010-01-12 00:00:00,2010-01-12 00:00:00,10.75,2010-01-12 00:00:00,10.5,10.75,11,19100,205200,2010-01-12 00:00:00,1
2010-01-13 00:00:00,2010-01-13 00:00:00,10.5,2010-01-13 00:00:00,10.5,10.5,4,5000,52500,2010-01-13 00:00:00,1
2010-01-15 00:00:00,2010-01-15 00:00:00,10.75,2010-01-15 00:00:00,10.5,10.5,10,15800,165925,2010-01-15 00:00:00,1
2010-01-18 00:00:00,2010-01-18 00:00:00,11,2010-01-18 00:00:00,10.5,10.75,16,9900,107275,2010-01-18 00:00:00,1
2010-01-19 00:00:00,2010-01-19 00:00:00,10.75,2010-01-19 00:00:00,10.5,10.5,10,46800,495350,2010-01-19 00:00:00,1
2010-01-20 00:00:00,2010-01-20 00:00:00,10.5,2010-01-20 00:00:00,10.25,10.5,6,32100,337025,2010-01-20 00:00:00,1
2010-01-21 00:00:00,2010-01-21 00:00:00,10.75,2010-01-21 00:00:00,10.5,10.75,10,18700,199900,2010-01-21 00:00:00,1
2010-01-22 00:00:00,2010-01-22 00:00:00,10.75,2010-01-22 00:00:00,10.5,10.5,13,16700,175475,2010-01-22 00:00:00,1
2010-01-25 00:00:00,2010-01-25 00:00:00,10.75,2010-01-25 00:00:00,10.25,10.25,31,144000,1478025,2010-01-25 00:00:00,1
2010-01-26 00:00:00,2010-01-26 00:00:00,10.75,2010-01-26 00:00:00,10,10.25,10,11400,116675,2010-01-26 00:00:00,1
2010-01-28 00:00:00,2010-01-28 00:00:00,11.25,2010-01-28 00:00:00,10.25,10.5,8,4400,47400,2010-01-28 00:00:00,1
2010-02-01 00:00:00,2010-02-01 00:00:00,10.5,2010-02-01 00:00:00,10.25,10.25,35,77200,792775,2010-02-01 00:00:00,1
2010-02-02 00:00:00,2010-02-02 00:00:00,10.5,2010-02-02 00:00:00,10,10.25,16,31600,323850,2010-02-02 00:00:00,1
2010-02-03 00:00:00,2010-02-03 00:00:00,10.25,2010-02-03 00:00:00,10,10.25,11,24900,252650,2010-02-03 00:00:00,1
2010-02-05 00:00:00,2010-02-05 00:00:00,10,2010-02-05 00:00:00,10,10,33,72400,724000,2010-02-05 00:00:00,1
2010-02-08 00:00:00,2010-02-08 00:00:00,10,2010-02-08 00:00:00,9.75,10,20,41500,411675,2010-02-08 00:00:00,1
2010-02-09 00:00:00,2010-02-09 00:00:00,10,2010-02-09 00:00:00,9.75,9.75,15,12700,125725,2010-02-09 00:00:00,1
2010-02-10 00:00:00,2010-02-10 00:00:00,10,2010-02-10 00:00:00,9.75,10,20,43300,430000,2010-02-10 00:00:00,1
2010-02-11 00:00:00,2010-02-11 00:00:00,10,2010-02-11 00:00:00,9.75,10,5,12500,124625,2010-02-11 00:00:00,1
2010-02-12 00:00:00,2010-02-12 00:00:00,10,2010-02-12 00:00:00,9.75,9.75,13,7800,77125,2010-02-12 00:00:00,1
2010-02-15 00:00:00,2010-02-15 00:00:00,9.75,2010-02-15 00:00:00,9.75,9.75,3,2300,22425,2010-02-15 00:00:00,1
2010-02-16 00:00:00,2010-02-16 00:00:00,10,2010-02-16 00:00:00,10,10,2,3500,35000,2010-02-16 00:00:00,1
2010-02-17 00:00:00,2010-02-17 00:00:00,10,2010-02-17 00:00:00,9.75,10,10,10600,104000,2010-02-17 00:00:00,1
2010-02-18 00:00:00,2010-02-18 00:00:00,9.75,2010-02-18 00:00:00,9.75,9.75,6,3500,34125,2010-02-18 00:00:00,1
2010-02-19 00:00:00,2010-02-19 00:00:00,10.25,2010-02-19 00:00:00,10,10,19,117700,1203250,2010-02-19 00:00:00,1
2010-02-22 00:00:00,2010-02-22 00:00:00,10,2010-02-22 00:00:00,9.75,9.75,4,13500,134125,2010-02-22 00:00:00,1
2010-02-23 00:00:00,2010-02-23 00:00:00,9.75,2010-02-23 00:00:00,9.75,9.75,4,1600,15600,2010-02-23 00:00:00,1
2010-02-25 00:00:00,2010-02-25 00:00:00,10.5,2010-02-25 00:00:00,10,10.5,14,53400,555450,2010-02-25 00:00:00,1
2010-02-26 00:00:00,2010-02-26 00:00:00,10.75,2010-02-26 00:00:00,10.5,10.75,17,91200,979100,2010-02-26 00:00:00,1
2010-03-01 00:00:00,2010-03-01 00:00:00,10.5,2010-03-01 00:00:00,10.5,10.5,4,1200,12600,2010-03-01 00:00:00,1
2010-03-02 00:00:00,2010-03-02 00:00:00,10.5,2010-03-02 00:00:00,10.5,10.5,2,1500,15750,2010-03-02 00:00:00,1
2010-03-03 00:00:00,2010-03-03 00:00:00,10,2010-03-03 00:00:00,9.75,10,8,12500,124400,2010-03-03 00:00:00,1
2010-03-04 00:00:00,2010-03-04 00:00:00,10,2010-03-04 00:00:00,9.75,9.75,17,19200,188250,2010-03-04 00:00:00,1
2010-03-05 00:00:00,2010-03-05 00:00:00,10,2010-03-05 00:00:00,9.75,10,8,7800,76750,2010-03-05 00:00:00,1
2010-03-08 00:00:00,2010-03-08 00:00:00,10,2010-03-08 00:00:00,10,10,9,27200,272000,2010-03-08 00:00:00,1
2010-03-09 00:00:00,2010-03-09 00:00:00,10.5,2010-03-09 00:00:00,10,10,11,41200,413325,2010-03-09 00:00:00,1
2010-03-10 00:00:00,2010-03-10 00:00:00,10,2010-03-10 00:00:00,9.75,9.75,19,49800,485650,2010-03-10 00:00:00,1
2010-03-11 00:00:00,2010-03-11 00:00:00,9.75,2010-03-11 00:00:00,9.5,9.5,38,178100,1692100,2010-03-11 00:00:00,1
2010-03-12 00:00:00,2010-03-12 00:00:00,10,2010-03-12 00:00:00,9.5,9.5,8,5500,54775,2010-03-12 00:00:00,1
2010-03-15 00:00:00,2010-03-15 00:00:00,10,2010-03-15 00:00:00,9.5,9.75,4,2100,20450,2010-03-15 00:00:00,1
2010-03-16 00:00:00,2010-03-16 00:00:00,9.75,2010-03-16 00:00:00,9.75,9.75,10,25000,243750,2010-03-16 00:00:00,1
2010-03-17 00:00:00,2010-03-17 00:00:00,9.75,2010-03-17 00:00:00,9.5,9.5,23,52400,500300,2010-03-17 00:00:00,1
2010-03-18 00:00:00,2010-03-18 00:00:00,9.75,2010-03-18 00:00:00,9.5,9.75,3,900,8625,2010-03-18 00:00:00,1
2010-03-19 00:00:00,2010-03-19 00:00:00,9.5,2010-03-19 00:00:00,9.5,9.5,4,1900,18050,2010-03-19 00:00:00,1
2010-03-22 00:00:00,2010-03-22 00:00:00,9.5,2010-03-22 00:00:00,9.5,9.5,8,10500,99750,2010-03-22 00:00:00,1
2010-03-23 00:00:00,2010-03-23 00:00:00,9.5,2010-03-23 00:00:00,9.5,9.5,7,13100,124450,2010-03-23 00:00:00,1
2010-03-24 00:00:00,2010-03-24 00:00:00,9.5,2010-03-24 00:00:00,9.5,9.5,8,6800,64600,2010-03-24 00:00:00,1
2010-03-25 00:00:00,2010-03-25 00:00:00,9.75,2010-03-25 00:00:00,9.25,9.5,10,11200,106350,2010-03-25 00:00:00,1
2010-03-26 00:00:00,2010-03-26 00:00:00,9.75,2010-03-26 00:00:00,9.25,9.75,9,7300,69725,2010-03-26 00:00:00,1
2010-03-30 00:00:00,2010-03-30 00:00:00,9.75,2010-03-30 00:00:00,9.75,9.75,10,13300,129675,2010-03-30 00:00:00,1
2010-03-31 00:00:00,2010-03-31 00:00:00,9.75,2010-03-31 00:00:00,9.5,9.5,2,7900,77000,2010-03-31 00:00:00,1
2010-04-05 00:00:00,2010-04-05 00:00:00,9.5,2010-04-05 00:00:00,9.5,9.5,1,300,2850,2010-04-05 00:00:00,1
2010-04-06 00:00:00,2010-04-06 00:00:00,10,2010-04-06 00:00:00,9.75,9.75,4,1000,9825,2010-04-06 00:00:00,1
2010-04-07 00:00:00,2010-04-07 00:00:00,10,2010-04-07 00:00:00,9.5,9.5,19,55600,546450,2010-04-07 00:00:00,1
2010-04-12 00:00:00,2010-04-12 00:00:00,10,2010-04-12 00:00:00,9.5,9.5,4,500,4800,2010-04-12 00:00:00,1
2010-04-15 00:00:00,2010-04-15 00:00:00,9.75,2010-04-15 00:00:00,9.75,9.75,7,8500,82875,2010-04-15 00:00:00,1
2010-04-16 00:00:00,2010-04-16 00:00:00,9.75,2010-04-16 00:00:00,9.75,9.75,4,3800,37050,2010-04-16 00:00:00,1
2010-04-19 00:00:00,2010-04-19 00:00:00,10,2010-04-19 00:00:00,9.5,10,4,500,4825,2010-04-19 00:00:00,1
2010-04-20 00:00:00,2010-04-20 00:00:00,9.75,2010-04-20 00:00:00,9.5,9.5,11,18900,182725,2010-04-20 00:00:00,1
2010-04-21 00:00:00,2010-04-21 00:00:00,9.75,2010-04-21 00:00:00,9.75,9.75,6,2100,20475,2010-04-21 00:00:00,1
2010-04-22 00:00:00,2010-04-22 00:00:00,9.75,2010-04-22 00:00:00,9.75,9.75,12,26100,254475,2010-04-22 00:00:00,1
2010-04-23 00:00:00,2010-04-23 00:00:00,9.5,2010-04-23 00:00:00,9.5,9.5,9,30000,285000,2010-04-23 00:00:00,1
2010-04-26 00:00:00,2010-04-26 00:00:00,9.5,2010-04-26 00:00:00,9.5,9.5,22,43200,410400,2010-04-26 00:00:00,1
2010-04-27 00:00:00,2010-04-27 00:00:00,9.5,2010-04-27 00:00:00,9.25,9.25,10,18400,170850,2010-04-27 00:00:00,1
2010-04-29 00:00:00,2010-04-29 00:00:00,9.5,2010-04-29 00:00:00,9,9,60,153600,1399150,2010-04-29 00:00:00,1
2010-04-30 00:00:00,2010-04-30 00:00:00,9.5,2010-04-30 00:00:00,9.5,9.5,12,13600,129200,2010-04-30 00:00:00,1
2010-05-03 00:00:00,2010-05-03 00:00:00,10,2010-05-03 00:00:00,9.5,9.75,24,91200,867525,2010-05-03 00:00:00,1
2010-05-04 00:00:00,2010-05-04 00:00:00,9.5,2010-05-04 00:00:00,9.5,9.5,10,6800,64600,2010-05-04 00:00:00,1
2010-05-05 00:00:00,2010-05-05 00:00:00,10.25,2010-05-05 00:00:00,9.5,9.75,149,615700,6134225,2010-05-05 00:00:00,1
2010-05-06 00:00:00,2010-05-06 00:00:00,10,2010-05-06 00:00:00,9.25,9.5,43,95500,907825,2010-05-06 00:00:00,1
2010-05-07 00:00:00,2010-05-07 00:00:00,9.5,2010-05-07 00:00:00,9.25,9.25,16,47100,443825,2010-05-07 00:00:00,1
2010-05-10 00:00:00,2010-05-10 00:00:00,9.5,2010-05-10 00:00:00,9.25,9.25,8,21200,196225,2010-05-10 00:00:00,1
2010-05-11 00:00:00,2010-05-11 00:00:00,9.5,2010-05-11 00:00:00,9,9.25,22,159700,1443500,2010-05-11 00:00:00,1
2010-05-12 00:00:00,2010-05-12 00:00:00,10.25,2010-05-12 00:00:00,9.5,9.75,33,166300,1673775,2010-05-12 00:00:00,1
2010-05-13 00:00:00,2010-05-13 00:00:00,9.75,2010-05-13 00:00:00,9.5,9.5,19,256800,2503650,2010-05-13 00:00:00,1
2010-05-14 00:00:00,2010-05-14 00:00:00,9.75,2010-05-14 00:00:00,9.5,9.75,9,25500,243625,2010-05-14 00:00:00,1
2010-05-17 00:00:00,2010-05-17 00:00:00,9.5,2010-05-17 00:00:00,9.5,9.5,3,4000,38000,2010-05-17 00:00:00,1
2010-05-18 00:00:00,2010-05-18 00:00:00,9.5,2010-05-18 00:00:00,9.25,9.25,17,24300,225400,2010-05-18 00:00:00,1
2010-05-19 00:00:00,2010-05-19 00:00:00,9.5,2010-05-19 00:00:00,9.25,9.5,16,247000,2343675,2010-05-19 00:00:00,1
2010-05-20 00:00:00,2010-05-20 00:00:00,9.25,2010-05-20 00:00:00,9.25,9.25,4,18300,169275,2010-05-20 00:00:00,1
2010-05-21 00:00:00,2010-05-21 00:00:00,9.5,2010-05-21 00:00:00,9.25,9.25,6,6200,57725,2010-05-21 00:00:00,1
2010-05-24 00:00:00,2010-05-24 00:00:00,9.25,2010-05-24 00:00:00,9.25,9.25,14,32100,296925,2010-05-24 00:00:00,1
2010-05-25 00:00:00,2010-05-25 00:00:00,9.5,2010-05-25 00:00:00,9.25,9.25,7,3600,33900,2010-05-25 00:00:00,1
2010-05-26 00:00:00,2010-05-26 00:00:00,9.25,2010-05-26 00:00:00,9.25,9.25,3,5800,53650,2010-05-26 00:00:00,1
2010-05-31 00:00:00,2010-05-31 00:00:00,9.5,2010-05-31 00:00:00,9.25,9.5,5,4200,39475,2010-05-31 00:00:00,1
2010-06-01 00:00:00,2010-06-01 00:00:00,9.25,2010-06-01 00:00:00,9.25,9.25,5,12500,115625,2010-06-01 00:00:00,1
2010-06-02 00:00:00,2010-06-02 00:00:00,9.25,2010-06-02 00:00:00,9,9.25,17,271700,2512975,2010-06-02 00:00:00,1
2010-06-03 00:00:00,2010-06-03 00:00:00,9.25,2010-06-03 00:00:00,9.25,9.25,19,21100,195175,2010-06-03 00:00:00,1
2010-06-04 00:00:00,2010-06-04 00:00:00,9.25,2010-06-04 00:00:00,9,9.25,9,14300,129000,2010-06-04 00:00:00,1
2010-06-07 00:00:00,2010-06-07 00:00:00,9.25,2010-06-07 00:00:00,8.75,8.75,43,127900,1148400,2010-06-07 00:00:00,1
2010-06-08 00:00:00,2010-06-08 00:00:00,9.25,2010-06-08 00:00:00,9,9.25,32,35600,321500,2010-06-08 00:00:00,1
2010-06-09 00:00:00,2010-06-09 00:00:00,9.25,2010-06-09 00:00:00,9,9.25,9,41000,373000,2010-06-09 00:00:00,1
2010-06-10 00:00:00,2010-06-10 00:00:00,9,2010-06-10 00:00:00,9,9,27,360100,3240900,2010-06-10 00:00:00,1
2010-06-11 00:00:00,2010-06-11 00:00:00,9,2010-06-11 00:00:00,8.75,9,26,107600,967450,2010-06-11 00:00:00,1
2010-06-14 00:00:00,2010-06-14 00:00:00,9,2010-06-14 00:00:00,8.75,9,21,95900,858675,2010-06-14 00:00:00,1
2010-06-15 00:00:00,2010-06-15 00:00:00,9.5,2010-06-15 00:00:00,8.75,9,106,1196200,10965425,2010-06-15 00:00:00,1
2010-06-16 00:00:00,2010-06-16 00:00:00,9,2010-06-16 00:00:00,9,9,25,107800,970200,2010-06-16 00:00:00,1
2010-06-17 00:00:00,2010-06-17 00:00:00,9,2010-06-17 00:00:00,9,9,21,181400,1632600,2010-06-17 00:00:00,1
2010-06-21 00:00:00,2010-06-21 00:00:00,9.75,2010-06-21 00:00:00,9,9.5,172,1846700,17633475,2010-06-21 00:00:00,1
2010-06-22 00:00:00,2010-06-22 00:00:00,10,2010-06-22 00:00:00,9.75,9.75,91,293600,2878875,2010-06-22 00:00:00,1
2010-06-23 00:00:00,2010-06-23 00:00:00,9.75,2010-06-23 00:00:00,9.5,9.75,24,184300,1796225,2010-06-23 00:00:00,1
2010-06-24 00:00:00,2010-06-24 00:00:00,9.5,2010-06-24 00:00:00,9.25,9.5,16,59600,564175,2010-06-24 00:00:00,1
2010-06-28 00:00:00,2010-06-28 00:00:00,9.25,2010-06-28 00:00:00,9,9,20,67000,608375,2010-06-28 00:00:00,1
2010-06-29 00:00:00,2010-06-29 00:00:00,9.5,2010-06-29 00:00:00,9,9.25,22,242400,2239925,2010-06-29 00:00:00,1
2010-06-30 00:00:00,2010-06-30 00:00:00,9.25,2010-06-30 00:00:00,9,9.25,18,306700,2835900,2010-06-30 00:00:00,1
2010-07-01 00:00:00,2010-07-01 00:00:00,9.25,2010-07-01 00:00:00,9,9.25,48,440000,3963250,2010-07-01 00:00:00,1
2010-07-02 00:00:00,2010-07-02 00:00:00,9,2010-07-02 00:00:00,8.75,9,68,408000,3671450,2010-07-02 00:00:00,1
2010-07-05 00:00:00,2010-07-05 00:00:00,9.25,2010-07-05 00:00:00,9,9,8,35400,323600,2010-07-05 00:00:00,1
2010-07-06 00:00:00,2010-07-06 00:00:00,9,2010-07-06 00:00:00,8.75,8.75,56,543900,4891600,2010-07-06 00:00:00,1
2010-07-07 00:00:00,2010-07-07 00:00:00,9.5,2010-07-07 00:00:00,8.75,8.75,183,1376100,12334525,2010-07-07 00:00:00,1
2010-07-08 00:00:00,2010-07-08 00:00:00,9,2010-07-08 00:00:00,8.75,9,52,476500,4280975,2010-07-08 00:00:00,1
2010-07-09 00:00:00,2010-07-09 00:00:00,9,2010-07-09 00:00:00,8.75,8.75,37,163800,1465400,2010-07-09 00:00:00,1
2010-07-12 00:00:00,2010-07-12 00:00:00,9,2010-07-12 00:00:00,8.75,8.75,8,15100,134825,2010-07-12 00:00:00,1
2010-07-13 00:00:00,2010-07-13 00:00:00,9.25,2010-07-13 00:00:00,9,9,14,93300,839725,2010-07-13 00:00:00,1
2010-07-14 00:00:00,2010-07-14 00:00:00,9,2010-07-14 00:00:00,8.75,8.75,14,27500,243750,2010-07-14 00:00:00,1
2010-07-15 00:00:00,2010-07-15 00:00:00,9,2010-07-15 00:00:00,8.75,8.75,5,14700,128925,2010-07-15 00:00:00,1
2010-07-16 00:00:00,2010-07-16 00:00:00,9,2010-07-16 00:00:00,8.75,8.75,15,20500,182100,2010-07-16 00:00:00,1
2010-07-19 00:00:00,2010-07-19 00:00:00,9,2010-07-19 00:00:00,8.75,9,22,66300,592950,2010-07-19 00:00:00,1
2010-07-20 00:00:00,2010-07-20 00:00:00,9,2010-07-20 00:00:00,8.75,9,15,53100,477825,2010-07-20 00:00:00,1
2010-07-21 00:00:00,2010-07-21 00:00:00,9,2010-07-21 00:00:00,8.75,9,45,174400,1546300,2010-07-21 00:00:00,1
2010-07-22 00:00:00,2010-07-22 00:00:00,9,2010-07-22 00:00:00,8.75,9,69,455300,4093950,2010-07-22 00:00:00,1
2010-07-23 00:00:00,2010-07-23 00:00:00,9.5,2010-07-23 00:00:00,9,9,59,141300,1274325,2010-07-23 00:00:00,1
2010-07-26 00:00:00,2010-07-26 00:00:00,9.25,2010-07-26 00:00:00,9,9,28,284700,2562350,2010-07-26 00:00:00,1
2010-07-27 00:00:00,2010-07-27 00:00:00,9,2010-07-27 00:00:00,8.75,9,11,21200,190250,2010-07-27 00:00:00,1
2010-07-28 00:00:00,2010-07-28 00:00:00,9.25,2010-07-28 00:00:00,9,9,26,300000,2700325,2010-07-28 00:00:00,1
2010-07-29 00:00:00,2010-07-29 00:00:00,9,2010-07-29 00:00:00,8.75,8.75,20,66200,593175,2010-07-29 00:00:00,1
2010-07-30 00:00:00,2010-07-30 00:00:00,9.25,2010-07-30 00:00:00,8.75,9,60,1198200,10785200,2010-07-30 00:00:00,1
2010-08-02 00:00:00,2010-08-02 00:00:00,9.3,2010-08-02 00:00:00,9.2,9.2,42,313000,2885700,2010-08-02 00:00:00,1
2010-08-03 00:00:00,2010-08-03 00:00:00,9.3,2010-08-03 00:00:00,9.1,9.2,31,204900,1885920,2010-08-03 00:00:00,1
2010-08-04 00:00:00,2010-08-04 00:00:00,9.4,2010-08-04 00:00:00,9.2,9.3,37,196900,1821970,2010-08-04 00:00:00,1
2010-08-05 00:00:00,2010-08-05 00:00:00,9.5,2010-08-05 00:00:00,9.2,9.3,117,649300,6032810,2010-08-05 00:00:00,1
2010-08-06 00:00:00,2010-08-06 00:00:00,9.3,2010-08-06 00:00:00,9.1,9.2,23,35000,321560,2010-08-06 00:00:00,1
2010-08-09 00:00:00,2010-08-09 00:00:00,9,2010-08-09 00:00:00,8.6,8.7,45,106600,928590,2010-08-09 00:00:00,1
2010-08-10 00:00:00,2010-08-10 00:00:00,9.4,2010-08-10 00:00:00,8.5,9.3,47,117900,1055150,2010-08-10 00:00:00,1
2010-08-11 00:00:00,2010-08-11 00:00:00,9.4,2010-08-11 00:00:00,8.9,9.1,33,149700,1393090,2010-08-11 00:00:00,1
2010-08-12 00:00:00,2010-08-12 00:00:00,9.2,2010-08-12 00:00:00,9,9.1,7,3800,34440,2010-08-12 00:00:00,1
2010-08-13 00:00:00,2010-08-13 00:00:00,9.2,2010-08-13 00:00:00,9,9.2,15,44600,409810,2010-08-13 00:00:00,1
2010-08-16 00:00:00,2010-08-16 00:00:00,9.3,2010-08-16 00:00:00,9,9.1,21,219200,1997870,2010-08-16 00:00:00,1
2010-08-17 00:00:00,2010-08-17 00:00:00,9.4,2010-08-17 00:00:00,9,9,20,125900,1143170,2010-08-17 00:00:00,1
2010-08-18 00:00:00,2010-08-18 00:00:00,9.3,2010-08-18 00:00:00,9,9.2,13,38800,355940,2010-08-18 00:00:00,1
2010-08-19 00:00:00,2010-08-19 00:00:00,9.4,2010-08-19 00:00:00,9,9,25,86800,785650,2010-08-19 00:00:00,1
2010-08-20 00:00:00,2010-08-20 00:00:00,9.2,2010-08-20 00:00:00,9,9,28,73800,672670,2010-08-20 00:00:00,1
2010-08-23 00:00:00,2010-08-23 00:00:00,9.1,2010-08-23 00:00:00,9.1,9.1,16,24800,225680,2010-08-23 00:00:00,1
2010-08-25 00:00:00,2010-08-25 00:00:00,9.2,2010-08-25 00:00:00,9.1,9.2,25,60100,548820,2010-08-25 00:00:00,1
2010-08-26 00:00:00,2010-08-26 00:00:00,9.2,2010-08-26 00:00:00,9.1,9.1,15,64600,590560,2010-08-26 00:00:00,1
2010-08-27 00:00:00,2010-08-27 00:00:00,9.3,2010-08-27 00:00:00,9.1,9.1,25,66700,610570,2010-08-27 00:00:00,1
2010-08-30 00:00:00,2010-08-30 00:00:00,9.2,2010-08-30 00:00:00,9,9,11,60400,543640,2010-08-30 00:00:00,1
2010-08-31 00:00:00,2010-08-31 00:00:00,9.2,2010-08-31 00:00:00,8.9,9,25,133300,1198840,2010-08-31 00:00:00,1
2010-09-01 00:00:00,2010-09-01 00:00:00,9.2,2010-09-01 00:00:00,8.9,9,10,33400,300380,2010-09-01 00:00:00,1
2010-09-02 00:00:00,2010-09-02 00:00:00,9.2,2010-09-02 00:00:00,9,9,14,44100,399700,2010-09-02 00:00:00,1
2010-09-03 00:00:00,2010-09-03 00:00:00,9.1,2010-09-03 00:00:00,8.8,8.9,20,72500,648540,2010-09-03 00:00:00,1
2010-09-06 00:00:00,2010-09-06 00:00:00,9,2010-09-06 00:00:00,8.9,8.9,10,8000,71220,2010-09-06 00:00:00,1
2010-09-07 00:00:00,2010-09-07 00:00:00,8.9,2010-09-07 00:00:00,8.9,8.9,5,4400,39160,2010-09-07 00:00:00,1
2010-09-08 00:00:00,2010-09-08 00:00:00,9.2,2010-09-08 00:00:00,9,9,44,283300,2592200,2010-09-08 00:00:00,1
2010-09-09 00:00:00,2010-09-09 00:00:00,9.1,2010-09-09 00:00:00,9,9,34,237100,2143620,2010-09-09 00:00:00,1
2010-09-13 00:00:00,2010-09-13 00:00:00,9.1,2010-09-13 00:00:00,9,9,43,314000,2829990,2010-09-13 00:00:00,1
2010-09-14 00:00:00,2010-09-14 00:00:00,9.2,2010-09-14 00:00:00,8.9,9.1,35,91300,823270,2010-09-14 00:00:00,1
2010-09-15 00:00:00,2010-09-15 00:00:00,9.1,2010-09-15 00:00:00,8.9,9,22,74000,667170,2010-09-15 00:00:00,1
2010-09-16 00:00:00,2010-09-16 00:00:00,9.3,2010-09-16 00:00:00,8.9,9.2,40,243400,2210090,2010-09-16 00:00:00,1
2010-09-17 00:00:00,2010-09-17 00:00:00,9.5,2010-09-17 00:00:00,9,9.4,76,399500,3728090,2010-09-17 00:00:00,1
2010-09-20 00:00:00,2010-09-20 00:00:00,9.7,2010-09-20 00:00:00,9.4,9.5,57,162600,1547740,2010-09-20 00:00:00,1
2010-09-21 00:00:00,2010-09-21 00:00:00,10.4,2010-09-21 00:00:00,9.4,9.7,101,341300,3358940,2010-09-21 00:00:00,1
2010-09-23 00:00:00,2010-09-23 00:00:00,9.9,2010-09-23 00:00:00,9.4,9.5,41,136300,1312360,2010-09-23 00:00:00,1
2010-09-24 00:00:00,2010-09-24 00:00:00,9.5,2010-09-24 00:00:00,9.1,9.3,35,81000,749670,2010-09-24 00:00:00,1
2010-09-27 00:00:00,2010-09-27 00:00:00,9.3,2010-09-27 00:00:00,9.1,9.1,53,218000,1997860,2010-09-27 00:00:00,1
2010-09-28 00:00:00,2010-09-28 00:00:00,9.2,2010-09-28 00:00:00,8.9,9.1,44,113200,1022820,2010-09-28 00:00:00,1
2010-09-29 00:00:00,2010-09-29 00:00:00,9.2,2010-09-29 00:00:00,9,9.1,32,150400,1354560,2010-09-29 00:00:00,1
2010-09-30 00:00:00,2010-09-30 00:00:00,9.2,2010-09-30 00:00:00,9,9,61,251000,2278410,2010-09-30 00:00:00,1
2010-10-01 00:00:00,2010-10-01 00:00:00,9.3,2010-10-01 00:00:00,8.9,9,40,113700,1028050,2010-10-01 00:00:00,1
2010-10-04 00:00:00,2010-10-04 00:00:00,9.4,2010-10-04 00:00:00,9.3,9.3,36,57700,539230,2010-10-04 00:00:00,1
2010-10-05 00:00:00,2010-10-05 00:00:00,9.5,2010-10-05 00:00:00,9.2,9.2,62,191400,1806480,2010-10-05 00:00:00,1
2010-10-06 00:00:00,2010-10-06 00:00:00,9.1,2010-10-06 00:00:00,9,9.1,48,123900,1116560,2010-10-06 00:00:00,1
2010-10-07 00:00:00,2010-10-07 00:00:00,9,2010-10-07 00:00:00,8.8,8.9,30,74500,658580,2010-10-07 00:00:00,1
2010-10-08 00:00:00,2010-10-08 00:00:00,9.1,2010-10-08 00:00:00,8.8,9.1,20,31100,278020,2010-10-08 00:00:00,1
2010-10-11 00:00:00,2010-10-11 00:00:00,9,2010-10-11 00:00:00,8.8,8.8,44,78100,692660,2010-10-11 00:00:00,1
2010-10-12 00:00:00,2010-10-12 00:00:00,8.9,2010-10-12 00:00:00,8.4,8.6,30,60500,524650,2010-10-12 00:00:00,1
2010-10-13 00:00:00,2010-10-13 00:00:00,8.6,2010-10-13 00:00:00,7.9,8.4,48,130300,1059630,2010-10-13 00:00:00,1
2010-10-14 00:00:00,2010-10-14 00:00:00,9,2010-10-14 00:00:00,8.4,8.7,32,56700,506330,2010-10-14 00:00:00,1
2010-10-15 00:00:00,2010-10-15 00:00:00,8.8,2010-10-15 00:00:00,8.5,8.7,14,34000,294480,2010-10-15 00:00:00,1
2010-10-18 00:00:00,2010-10-18 00:00:00,8.8,2010-10-18 00:00:00,8.6,8.7,19,109100,948300,2010-10-18 00:00:00,1
2010-10-19 00:00:00,2010-10-19 00:00:00,9.8,2010-10-19 00:00:00,8.6,9.1,51,53039900,503811140,2010-10-19 00:00:00,1
2010-10-20 00:00:00,2010-10-20 00:00:00,9.2,2010-10-20 00:00:00,9,9,32,62400,563140,2010-10-20 00:00:00,1
2010-10-21 00:00:00,2010-10-21 00:00:00,9.3,2010-10-21 00:00:00,8.8,9.2,108,277600,2532430,2010-10-21 00:00:00,1
2010-10-25 00:00:00,2010-10-25 00:00:00,9.3,2010-10-25 00:00:00,9,9,34,145200,1321620,2010-10-25 00:00:00,1
2010-10-26 00:00:00,2010-10-26 00:00:00,9.1,2010-10-26 00:00:00,9,9,31,105200,947640,2010-10-26 00:00:00,1
2010-10-27 00:00:00,2010-10-27 00:00:00,9,2010-10-27 00:00:00,8.9,9,10,26500,237910,2010-10-27 00:00:00,1
2010-10-28 00:00:00,2010-10-28 00:00:00,9.1,2010-10-28 00:00:00,9,9,22,77600,698450,2010-10-28 00:00:00,1
2010-10-29 00:00:00,2010-10-29 00:00:00,9.1,2010-10-29 00:00:00,8.9,9,19,48100,432690,2010-10-29 00:00:00,1
2010-11-01 00:00:00,2010-11-01 00:00:00,9,2010-11-01 00:00:00,9,9,7,31800,286200,2010-11-01 00:00:00,1
2010-11-02 00:00:00,2010-11-02 00:00:00,9,2010-11-02 00:00:00,8.9,8.9,3,11200,99780,2010-11-02 00:00:00,1
2010-11-03 00:00:00,2010-11-03 00:00:00,9,2010-11-03 00:00:00,9,9,9,18500,166500,2010-11-03 00:00:00,1
2010-11-04 00:00:00,2010-11-04 00:00:00,9.1,2010-11-04 00:00:00,8.9,9,17,99900,899030,2010-11-04 00:00:00,1
2010-11-08 00:00:00,2010-11-08 00:00:00,9,2010-11-08 00:00:00,8.9,8.9,4,19600,175470,2010-11-08 00:00:00,1
2010-11-09 00:00:00,2010-11-09 00:00:00,9,2010-11-09 00:00:00,9,9,13,40800,367200,2010-11-09 00:00:00,1
2010-11-10 00:00:00,2010-11-10 00:00:00,9,2010-11-10 00:00:00,8.9,8.9,18,32600,290660,2010-11-10 00:00:00,1
2010-11-11 00:00:00,2010-11-11 00:00:00,9.1,2010-11-11 00:00:00,9,9,6,8800,79220,2010-11-11 00:00:00,1
2010-11-12 00:00:00,2010-11-12 00:00:00,9,2010-11-12 00:00:00,9,9,8,8500,76500,2010-11-12 00:00:00,1
2010-11-15 00:00:00,2010-11-15 00:00:00,9,2010-11-15 00:00:00,8.9,9,12,75700,681150,2010-11-15 00:00:00,1
2010-11-16 00:00:00,2010-11-16 00:00:00,9,2010-11-16 00:00:00,8.9,8.9,8,34000,305750,2010-11-16 00:00:00,1
2010-11-18 00:00:00,2010-11-18 00:00:00,9,2010-11-18 00:00:00,9,9,9,4200,37800,2010-11-18 00:00:00,1
2010-11-22 00:00:00,2010-11-22 00:00:00,9.1,2010-11-22 00:00:00,9,9,26,123900,1115360,2010-11-22 00:00:00,1
2010-11-23 00:00:00,2010-11-23 00:00:00,9.1,2010-11-23 00:00:00,8.9,9,22,64100,576950,2010-11-23 00:00:00,1
2010-11-24 00:00:00,2010-11-24 00:00:00,9.1,2010-11-24 00:00:00,9,9,24,58300,524800,2010-11-24 00:00:00,1
2010-11-25 00:00:00,2010-11-25 00:00:00,9.1,2010-11-25 00:00:00,9,9.1,13,33100,297930,2010-11-25 00:00:00,1
2010-11-26 00:00:00,2010-11-26 00:00:00,9.1,2010-11-26 00:00:00,9,9.1,24,244400,2223770,2010-11-26 00:00:00,1
2010-11-29 00:00:00,2010-11-29 00:00:00,9.2,2010-11-29 00:00:00,9,9.1,59,232200,2112720,2010-11-29 00:00:00,1
2010-11-30 00:00:00,2010-11-30 00:00:00,9.2,2010-11-30 00:00:00,9.1,9.1,17,61800,563530,2010-11-30 00:00:00,1
2010-12-01 00:00:00,2010-12-01 00:00:00,9.2,2010-12-01 00:00:00,9.1,9.1,18,81100,738120,2010-12-01 00:00:00,1
2010-12-02 00:00:00,2010-12-02 00:00:00,9.2,2010-12-02 00:00:00,9.1,9.1,14,39600,360390,2010-12-02 00:00:00,1
2010-12-03 00:00:00,2010-12-03 00:00:00,9.2,2010-12-03 00:00:00,9.1,9.2,29,48500,442670,2010-12-03 00:00:00,1
2010-12-06 00:00:00,2010-12-06 00:00:00,9.2,2010-12-06 00:00:00,9.1,9.2,13,17400,159830,2010-12-06 00:00:00,1
2010-12-07 00:00:00,2010-12-07 00:00:00,9.2,2010-12-07 00:00:00,9.1,9.1,11,18200,166990,2010-12-07 00:00:00,1
2010-12-08 00:00:00,2010-12-08 00:00:00,9.2,2010-12-08 00:00:00,9.1,9.2,16,62700,576100,2010-12-08 00:00:00,1
2010-12-09 00:00:00,2010-12-09 00:00:00,9.3,2010-12-09 00:00:00,9.1,9.2,6,53700,493310,2010-12-09 00:00:00,1
2010-12-10 00:00:00,2010-12-10 00:00:00,9.4,2010-12-10 00:00:00,9.2,9.2,13,93200,862220,2010-12-10 00:00:00,1
2010-12-13 00:00:00,2010-12-13 00:00:00,9.3,2010-12-13 00:00:00,9.2,9.2,10,16400,150910,2010-12-13 00:00:00,1
2010-12-14 00:00:00,2010-12-14 00:00:00,9.2,2010-12-14 00:00:00,9.2,9.2,7,13700,126040,2010-12-14 00:00:00,1
2010-12-15 00:00:00,2010-12-15 00:00:00,9.3,2010-12-15 00:00:00,9.2,9.3,2,1500,13850,2010-12-15 00:00:00,1
2010-12-16 00:00:00,2010-12-16 00:00:00,9.2,2010-12-16 00:00:00,9.2,9.2,4,16900,155480,2010-12-16 00:00:00,1
2010-12-17 00:00:00,2010-12-17 00:00:00,9.3,2010-12-17 00:00:00,9.2,9.2,9,40000,368050,2010-12-17 00:00:00,1
2010-12-21 00:00:00,2010-12-21 00:00:00,9.2,2010-12-21 00:00:00,9.2,9.2,4,13100,120520,2010-12-21 00:00:00,1
2010-12-22 00:00:00,2010-12-22 00:00:00,9.2,2010-12-22 00:00:00,9.2,9.2,7,6200,57040,2010-12-22 00:00:00,1
2010-12-23 00:00:00,2010-12-23 00:00:00,9.3,2010-12-23 00:00:00,9.2,9.3,13,20300,188260,2010-12-23 00:00:00,1
2010-12-24 00:00:00,2010-12-24 00:00:00,9,2010-12-24 00:00:00,9,9,1,200,1800,2010-12-24 00:00:00,1
2010-12-27 00:00:00,2010-12-27 00:00:00,9.2,2010-12-27 00:00:00,9.1,9.2,2,600,5510,2010-12-27 00:00:00,1
2010-12-28 00:00:00,2010-12-28 00:00:00,9.1,2010-12-28 00:00:00,9.1,9.1,1,100,910,2010-12-28 00:00:00,1
2010-12-29 00:00:00,2010-12-29 00:00:00,9.2,2010-12-29 00:00:00,9.1,9.1,7,10500,96430,2010-12-29 00:00:00,1
2010-12-30 00:00:00,2010-12-30 00:00:00,9.1,2010-12-30 00:00:00,8.8,9,15,36700,326700,2010-12-30 00:00:00,1
2010-12-31 00:00:00,2010-12-31 00:00:00,8.9,2010-12-31 00:00:00,8.5,8.7,17,23000,200700,2010-12-31 00:00:00,1
Company Id :  APLA,,Security Type :  N,,Sub Type :  0000,,,,,,
Short Name :  ACL PLASTICS,,,,,,,,,,
Day,Date High,High,Date Low,Low,Closing,No. of Trades,No. of Shares,Turnover,Last Traded,Days Traded
2010-01-04 00:00:00,2010-01-04 00:00:00,78.25,2010-01-04 00:00:00,74.25,78,87,98200,7542125,2010-01-04 00:00:00,1
2010-01-05 00:00:00,2010-01-05 00:00:00,80,2010-01-05 00:00:00,77,78.25,107,81200,6440325,2010-01-05 00:00:00,1
2010-01-06 00:00:00,2010-01-06 00:00:00,82,2010-01-06 00:00:00,78.25,79.25,59,45000,3602350,2010-01-06 00:00:00,1
2010-01-07 00:00:00,2010-01-07 00:00:00,79.75,2010-01-07 00:00:00,77.5,79,23,15400,1214675,2010-01-07 00:00:00,1
2010-01-08 00:00:00,2010-01-08 00:00:00,79,2010-01-08 00:00:00,77,77,13,3500,271250,2010-01-08 00:00:00,1
2010-01-11 00:00:00,2010-01-11 00:00:00,78,2010-01-11 00:00:00,75,77,27,32700,2501400,2010-01-11 00:00:00,1
2010-01-12 00:00:00,2010-01-12 00:00:00,78,2010-01-12 00:00:00,77,77,9,16300,1268500,2010-01-12 00:00:00,1
2010-01-13 00:00:00,2010-01-13 00:00:00,74,2010-01-13 00:00:00,74,74,2,1100,81400,2010-01-13 00:00:00,1
2010-01-15 00:00:00,2010-01-15 00:00:00,79.75,2010-01-15 00:00:00,76,77.25,23,16800,1297075,2010-01-15 00:00:00,1
2010-01-18 00:00:00,2010-01-18 00:00:00,78,2010-01-18 00:00:00,75,76,15,11900,914925,2010-01-18 00:00:00,1
2010-01-19 00:00:00,2010-01-19 00:00:00,75.25,2010-01-19 00:00:00,74.5,74.5,14,9600,719675,2010-01-19 00:00:00,1
2010-01-20 00:00:00,2010-01-20 00:00:00,75.25,2010-01-20 00:00:00,74,75,22,12400,926300,2010-01-20 00:00:00,1
2010-01-21 00:00:00,2010-01-21 00:00:00,84.25,2010-01-21 00:00:00,75.75,82.25,127,107900,8751425,2010-01-21 00:00:00,1
2010-01-22 00:00:00,2010-01-22 00:00:00,84.5,2010-01-22 00:00:00,81.75,83.75,91,62500,5253250,2010-01-22 00:00:00,1
2010-01-25 00:00:00,2010-01-25 00:00:00,83.5,2010-01-25 00:00:00,82,82.75,36,29000,2399175,2010-01-25 00:00:00,1
2010-01-26 00:00:00,2010-01-26 00:00:00,84.75,2010-01-26 00:00:00,83,84,14,8400,708050,2010-01-26 00:00:00,1
2010-01-28 00:00:00,2010-01-28 00:00:00,95,2010-01-28 00:00:00,80.25,91.25,125,74400,6595300,2010-01-28 00:00:00,1
2010-02-01 00:00:00,2010-02-01 00:00:00,103,2010-02-01 00:00:00,95,98.5,99,58700,5807150,2010-02-01 00:00:00,1
2010-02-02 00:00:00,2010-02-02 00:00:00,120,2010-02-02 00:00:00,100,108.5,208,135100,14488850,2010-02-02 00:00:00,1
2010-02-03 00:00:00,2010-02-03 00:00:00,108.75,2010-02-03 00:00:00,100,100.75,80,59500,6076900,2010-02-03 00:00:00,1
2010-02-05 00:00:00,2010-02-05 00:00:00,104,2010-02-05 00:00:00,99,102.5,44,35100,3565000,2010-02-05 00:00:00,1
2010-02-08 00:00:00,2010-02-08 00:00:00,104,2010-02-08 00:00:00,100.75,103,15,12200,1256000,2010-02-08 00:00:00,1
2010-02-09 00:00:00,2010-02-09 00:00:00,100.25,2010-02-09 00:00:00,99,100,25,16900,1689275,2010-02-09 00:00:00,1
2010-02-10 00:00:00,2010-02-10 00:00:00,100,2010-02-10 00:00:00,97.5,98.25,22,17500,1724700,2010-02-10 00:00:00,1
2010-02-11 00:00:00,2010-02-11 00:00:00,100,2010-02-11 00:00:00,98,98,26,18600,1857350,2010-02-11 00:00:00,1
2010-02-12 00:00:00,2010-02-12 00:00:00,99.75,2010-02-12 00:00:00,97,98.5,8,11600,1140550,2010-02-12 00:00:00,1
2010-02-15 00:00:00,2010-02-15 00:00:00,99.75,2010-02-15 00:00:00,97,99,19,13900,1376550,2010-02-15 00:00:00,1
2010-02-16 00:00:00,2010-02-16 00:00:00,105,2010-02-16 00:00:00,99,99,11,6700,676200,2010-02-16 00:00:00,1
2010-02-17 00:00:00,2010-02-17 00:00:00,99,2010-02-17 00:00:00,97,98,4,4000,392000,2010-02-17 00:00:00,1
2010-02-18 00:00:00,2010-02-18 00:00:00,99,2010-02-18 00:00:00,97.75,97.75,7,4600,454025,2010-02-18 00:00:00,1
2010-02-19 00:00:00,2010-02-19 00:00:00,97,2010-02-19 00:00:00,94,94,16,7900,747250,2010-02-19 00:00:00,1
2010-02-22 00:00:00,2010-02-22 00:00:00,100,2010-02-22 00:00:00,94,99,24,18400,1782650,2010-02-22 00:00:00,1
2010-02-23 00:00:00,2010-02-23 00:00:00,97,2010-02-23 00:00:00,95,95,7,3100,295100,2010-02-23 00:00:00,1
2010-02-24 00:00:00,2010-02-24 00:00:00,93,2010-02-24 00:00:00,91.25,93,2,800,73875,2010-02-24 00:00:00,1
2010-02-25 00:00:00,2010-02-25 00:00:00,97,2010-02-25 00:00:00,94,94.5,7,3600,347775,2010-02-25 00:00:00,1
2010-02-26 00:00:00,2010-02-26 00:00:00,93,2010-02-26 00:00:00,93,93,3,2000,186000,2010-02-26 00:00:00,1
2010-03-01 00:00:00,2010-03-01 00:00:00,105,2010-03-01 00:00:00,93,101.5,24,26300,2623950,2010-03-01 00:00:00,1
2010-03-02 00:00:00,2010-03-02 00:00:00,107,2010-03-02 00:00:00,102.25,105.75,130,99100,10370750,2010-03-02 00:00:00,1
2010-03-03 00:00:00,2010-03-03 00:00:00,104,2010-03-03 00:00:00,102,102,10,5900,610975,2010-03-03 00:00:00,1
2010-03-04 00:00:00,2010-03-04 00:00:00,105,2010-03-04 00:00:00,101,103,19,14700,1510300,2010-03-04 00:00:00,1
2010-03-05 00:00:00,2010-03-05 00:00:00,100.5,2010-03-05 00:00:00,100,100.5,2,10100,1010050,2010-03-05 00:00:00,1
2010-03-08 00:00:00,2010-03-08 00:00:00,101.25,2010-03-08 00:00:00,100.5,101,22,29800,3008075,2010-03-08 00:00:00,1
2010-03-09 00:00:00,2010-03-09 00:00:00,109,2010-03-09 00:00:00,100,100.75,7,10900,1097125,2010-03-09 00:00:00,1
2010-03-10 00:00:00,2010-03-10 00:00:00,104,2010-03-10 00:00:00,101.25,103,17,25000,2573650,2010-03-10 00:00:00,1
2010-03-11 00:00:00,2010-03-11 00:00:00,107,2010-03-11 00:00:00,103,105,22,43800,4552625,2010-03-11 00:00:00,1
2010-03-12 00:00:00,2010-03-12 00:00:00,106,2010-03-12 00:00:00,103.5,104.75,19,10700,1127450,2010-03-12 00:00:00,1
2010-03-15 00:00:00,2010-03-15 00:00:00,119.5,2010-03-15 00:00:00,107,114.75,186,168500,19148150,2010-03-15 00:00:00,1
2010-03-16 00:00:00,2010-03-16 00:00:00,120,2010-03-16 00:00:00,111.5,115,24,12300,1421250,2010-03-16 00:00:00,1
2010-03-17 00:00:00,2010-03-17 00:00:00,125,2010-03-17 00:00:00,113,119,147,116000,13699500,2010-03-17 00:00:00,1
2010-03-18 00:00:00,2010-03-18 00:00:00,124,2010-03-18 00:00:00,120.5,122,28,14100,1726475,2010-03-18 00:00:00,1
2010-03-19 00:00:00,2010-03-19 00:00:00,122,2010-03-19 00:00:00,116,119.5,8,3100,363200,2010-03-19 00:00:00,1
2010-03-22 00:00:00,2010-03-22 00:00:00,116,2010-03-22 00:00:00,116,116,3,2100,243600,2010-03-22 00:00:00,1
2010-03-23 00:00:00,2010-03-23 00:00:00,115.5,2010-03-23 00:00:00,115,115,6,2000,230100,2010-03-23 00:00:00,1
2010-03-24 00:00:00,2010-03-24 00:00:00,115.25,2010-03-24 00:00:00,113.25,113.25,22,9600,1095175,2010-03-24 00:00:00,1
2010-03-25 00:00:00,2010-03-25 00:00:00,114.5,2010-03-25 00:00:00,110,114.5,5,3100,347450,2010-03-25 00:00:00,1
2010-03-26 00:00:00,2010-03-26 00:00:00,120,2010-03-26 00:00:00,114.5,115.25,15,8700,1008800,2010-03-26 00:00:00,1
2010-03-30 00:00:00,2010-03-30 00:00:00,118,2010-03-30 00:00:00,113,115.75,5,700,80400,2010-03-30 00:00:00,1
2010-03-31 00:00:00,2010-03-31 00:00:00,118,2010-03-31 00:00:00,117.75,117.75,6,7000,825500,2010-03-31 00:00:00,1
2010-04-05 00:00:00,2010-04-05 00:00:00,116.5,2010-04-05 00:00:00,115,115.5,3,300,34650,2010-04-05 00:00:00,1
2010-04-06 00:00:00,2010-04-06 00:00:00,117,2010-04-06 00:00:00,115,115.25,28,79800,9208325,2010-04-06 00:00:00,1
2010-04-07 00:00:00,2010-04-07 00:00:00,120,2010-04-07 00:00:00,117.75,119.75,10,9800,1160075,2010-04-07 00:00:00,1
2010-04-08 00:00:00,2010-04-08 00:00:00,124,2010-04-08 00:00:00,119.75,120,24,27000,3242975,2010-04-08 00:00:00,1
2010-04-12 00:00:00,2010-04-12 00:00:00,123.5,2010-04-12 00:00:00,123.5,123.5,1,500,61750,2010-04-12 00:00:00,1
2010-04-16 00:00:00,2010-04-16 00:00:00,116,2010-04-16 00:00:00,116,116,2,1000,116000,2010-04-16 00:00:00,1
2010-04-19 00:00:00,2010-04-19 00:00:00,123,2010-04-19 00:00:00,117,117.75,6,2100,248900,2010-04-19 00:00:00,1
2010-04-21 00:00:00,2010-04-21 00:00:00,119.75,2010-04-21 00:00:00,116.5,119.25,6,13500,1587275,2010-04-21 00:00:00,1
2010-04-22 00:00:00,2010-04-22 00:00:00,119,2010-04-22 00:00:00,115,119,15,18100,2115375,2010-04-22 00:00:00,1
2010-04-23 00:00:00,2010-04-23 00:00:00,115,2010-04-23 00:00:00,115,115,3,1900,218500,2010-04-23 00:00:00,1
2010-04-26 00:00:00,2010-04-26 00:00:00,115,2010-04-26 00:00:00,115,115,2,2000,230000,2010-04-26 00:00:00,1
2010-04-29 00:00:00,2010-04-29 00:00:00,117.25,2010-04-29 00:00:00,115,115,18,26500,3050800,2010-04-29 00:00:00,1
2010-04-30 00:00:00,2010-04-30 00:00:00,117,2010-04-30 00:00:00,115,116,4,1900,220200,2010-04-30 00:00:00,1
2010-05-03 00:00:00,2010-05-03 00:00:00,120,2010-05-03 00:00:00,113.25,117.75,19,15000,1779150,2010-05-03 00:00:00,1
2010-05-04 00:00:00,2010-05-04 00:00:00,119.75,2010-05-04 00:00:00,119,119.5,6,9200,1099675,2010-05-04 00:00:00,1
2010-05-05 00:00:00,2010-05-05 00:00:00,115,2010-05-05 00:00:00,115,115,4,6900,793500,2010-05-05 00:00:00,1
2010-05-06 00:00:00,2010-05-06 00:00:00,116,2010-05-06 00:00:00,115,115.25,11,15800,1819000,2010-05-06 00:00:00,1
2010-05-07 00:00:00,2010-05-07 00:00:00,115,2010-05-07 00:00:00,115,115,9,8000,920000,2010-05-07 00:00:00,1
2010-05-10 00:00:00,2010-05-10 00:00:00,118,2010-05-10 00:00:00,115,115,3,10300,1187500,2010-05-10 00:00:00,1
2010-05-11 00:00:00,2010-05-11 00:00:00,117,2010-05-11 00:00:00,115,116.25,9,14100,1639700,2010-05-11 00:00:00,1
2010-05-12 00:00:00,2010-05-12 00:00:00,116,2010-05-12 00:00:00,115,115.25,20,22300,2567250,2010-05-12 00:00:00,1
2010-05-13 00:00:00,2010-05-13 00:00:00,115.25,2010-05-13 00:00:00,115,115,4,7100,817075,2010-05-13 00:00:00,1
2010-05-14 00:00:00,2010-05-14 00:00:00,115,2010-05-14 00:00:00,115,115,13,20900,2403500,2010-05-14 00:00:00,1
2010-05-17 00:00:00,2010-05-17 00:00:00,112.25,2010-05-17 00:00:00,111,111,3,3500,388725,2010-05-17 00:00:00,1
2010-05-18 00:00:00,2010-05-18 00:00:00,113.5,2010-05-18 00:00:00,112,112.75,8,6700,754950,2010-05-18 00:00:00,1
2010-05-19 00:00:00,2010-05-19 00:00:00,112.25,2010-05-19 00:00:00,112,112.25,8,14400,1613550,2010-05-19 00:00:00,1
2010-05-20 00:00:00,2010-05-20 00:00:00,111,2010-05-20 00:00:00,111,111,4,7000,777000,2010-05-20 00:00:00,1
2010-05-21 00:00:00,2010-05-21 00:00:00,112.25,2010-05-21 00:00:00,112,112,5,3100,347525,2010-05-21 00:00:00,1
2010-05-24 00:00:00,2010-05-24 00:00:00,114.5,2010-05-24 00:00:00,112,113.25,2,200,22650,2010-05-24 00:00:00,1
2010-05-25 00:00:00,2010-05-25 00:00:00,113,2010-05-25 00:00:00,112.25,113,2,1200,134850,2010-05-25 00:00:00,1
2010-05-26 00:00:00,2010-05-26 00:00:00,112,2010-05-26 00:00:00,112,112,1,200,22400,2010-05-26 00:00:00,1
2010-05-31 00:00:00,2010-05-31 00:00:00,115,2010-05-31 00:00:00,115,115,11,3800,437000,2010-05-31 00:00:00,1
2010-06-01 00:00:00,2010-06-01 00:00:00,112,2010-06-01 00:00:00,112,112,8,9300,1041600,2010-06-01 00:00:00,1
2010-06-02 00:00:00,2010-06-02 00:00:00,115,2010-06-02 00:00:00,112,115,8,2700,304500,2010-06-02 00:00:00,1
2010-06-03 00:00:00,2010-06-03 00:00:00,115.5,2010-06-03 00:00:00,115,115.5,3,2600,300100,2010-06-03 00:00:00,1
2010-06-08 00:00:00,2010-06-08 00:00:00,112,2010-06-08 00:00:00,109,109.75,8,26200,2931800,2010-06-08 00:00:00,1
2010-06-09 00:00:00,2010-06-09 00:00:00,109,2010-06-09 00:00:00,105,106,12,17200,1829400,2010-06-09 00:00:00,1
2010-06-10 00:00:00,2010-06-10 00:00:00,113,2010-06-10 00:00:00,106,110,26,43600,4796100,2010-06-10 00:00:00,1
2010-06-11 00:00:00,2010-06-11 00:00:00,120,2010-06-11 00:00:00,115,115,6,2600,301200,2010-06-11 00:00:00,1
2010-06-14 00:00:00,2010-06-14 00:00:00,118,2010-06-14 00:00:00,115,116.25,13,5100,590450,2010-06-14 00:00:00,1
2010-06-15 00:00:00,2010-06-15 00:00:00,116,2010-06-15 00:00:00,115,115,5,8000,924500,2010-06-15 00:00:00,1
2010-06-16 00:00:00,2010-06-16 00:00:00,117.75,2010-06-16 00:00:00,115,117,2,3900,456475,2010-06-16 00:00:00,1
2010-06-22 00:00:00,2010-06-22 00:00:00,117,2010-06-22 00:00:00,117,117,1,100,11700,2010-06-22 00:00:00,1
2010-06-23 00:00:00,2010-06-23 00:00:00,115,2010-06-23 00:00:00,112,112,2,4300,492700,2010-06-23 00:00:00,1
2010-06-24 00:00:00,2010-06-24 00:00:00,115,2010-06-24 00:00:00,112,115,3,1000,112300,2010-06-24 00:00:00,1
2010-06-28 00:00:00,2010-06-28 00:00:00,112,2010-06-28 00:00:00,112,112,3,2900,324800,2010-06-28 00:00:00,1
2010-06-29 00:00:00,2010-06-29 00:00:00,112,2010-06-29 00:00:00,112,112,1,100,11200,2010-06-29 00:00:00,1
2010-06-30 00:00:00,2010-06-30 00:00:00,114,2010-06-30 00:00:00,112,114,3,2400,271200,2010-06-30 00:00:00,1
2010-07-01 00:00:00,2010-07-01 00:00:00,112,2010-07-01 00:00:00,112,112,6,4800,537600,2010-07-01 00:00:00,1
2010-07-02 00:00:00,2010-07-02 00:00:00,112,2010-07-02 00:00:00,112,112,1,500,56000,2010-07-02 00:00:00,1
2010-07-05 00:00:00,2010-07-05 00:00:00,112,2010-07-05 00:00:00,106,106.25,10,9200,978525,2010-07-05 00:00:00,1
2010-07-06 00:00:00,2010-07-06 00:00:00,106,2010-07-06 00:00:00,106,106,4,1500,159000,2010-07-06 00:00:00,1
2010-07-07 00:00:00,2010-07-07 00:00:00,114.5,2010-07-07 00:00:00,103,111.75,4,1100,122950,2010-07-07 00:00:00,1
2010-07-08 00:00:00,2010-07-08 00:00:00,123.75,2010-07-08 00:00:00,114.5,117,8,2400,281075,2010-07-08 00:00:00,1
2010-07-12 00:00:00,2010-07-12 00:00:00,115,2010-07-12 00:00:00,114,114,2,300,34300,2010-07-12 00:00:00,1
2010-07-13 00:00:00,2010-07-13 00:00:00,116.75,2010-07-13 00:00:00,112,116.75,25,43700,5002625,2010-07-13 00:00:00,1
2010-07-14 00:00:00,2010-07-14 00:00:00,115.5,2010-07-14 00:00:00,112.25,114.75,19,44900,5154350,2010-07-14 00:00:00,1
2010-07-15 00:00:00,2010-07-15 00:00:00,119.5,2010-07-15 00:00:00,115,115.5,20,36700,4237300,2010-07-15 00:00:00,1
2010-07-16 00:00:00,2010-07-16 00:00:00,118.75,2010-07-16 00:00:00,115,118.5,21,16900,1977900,2010-07-16 00:00:00,1
2010-07-19 00:00:00,2010-07-19 00:00:00,135,2010-07-19 00:00:00,119,126.5,131,140000,17657550,2010-07-19 00:00:00,1
2010-07-20 00:00:00,2010-07-20 00:00:00,139,2010-07-20 00:00:00,127.25,127.5,23,15400,2043850,2010-07-20 00:00:00,1
2010-07-21 00:00:00,2010-07-21 00:00:00,129.5,2010-07-21 00:00:00,125,125.5,22,35800,4506450,2010-07-21 00:00:00,1
2010-07-22 00:00:00,2010-07-22 00:00:00,127,2010-07-22 00:00:00,123,124,7,3500,434575,2010-07-22 00:00:00,1
2010-07-23 00:00:00,2010-07-23 00:00:00,134,2010-07-23 00:00:00,128.75,130.75,45,59400,7791550,2010-07-23 00:00:00,1
2010-07-26 00:00:00,2010-07-26 00:00:00,134,2010-07-26 00:00:00,129,131.75,37,45100,5878075,2010-07-26 00:00:00,1
2010-07-27 00:00:00,2010-07-27 00:00:00,132,2010-07-27 00:00:00,130,131,12,6400,834850,2010-07-27 00:00:00,1
2010-07-28 00:00:00,2010-07-28 00:00:00,145,2010-07-28 00:00:00,130,139,20,19600,2688300,2010-07-28 00:00:00,1
2010-07-29 00:00:00,2010-07-29 00:00:00,143,2010-07-29 00:00:00,135,142,61,97100,13699850,2010-07-29 00:00:00,1
2010-07-30 00:00:00,2010-07-30 00:00:00,144.5,2010-07-30 00:00:00,142,144,17,27200,3893100,2010-07-30 00:00:00,1
2010-08-02 00:00:00,2010-08-02 00:00:00,144,2010-08-02 00:00:00,142,142.5,9,6800,971500,2010-08-02 00:00:00,1
2010-08-03 00:00:00,2010-08-03 00:00:00,157,2010-08-03 00:00:00,140,144.1,55,86900,12591940,2010-08-03 00:00:00,1
2010-08-04 00:00:00,2010-08-04 00:00:00,150,2010-08-04 00:00:00,149.9,150,21,17400,2609700,2010-08-04 00:00:00,1
2010-08-05 00:00:00,2010-08-05 00:00:00,150,2010-08-05 00:00:00,140,141,7,12100,1745940,2010-08-05 00:00:00,1
2010-08-06 00:00:00,2010-08-06 00:00:00,151,2010-08-06 00:00:00,145,145.6,27,29300,4351900,2010-08-06 00:00:00,1
2010-08-09 00:00:00,2010-08-09 00:00:00,140,2010-08-09 00:00:00,140,140,1,100,14000,2010-08-09 00:00:00,1
2010-08-10 00:00:00,2010-08-10 00:00:00,150,2010-08-10 00:00:00,145,150,7,12800,1904000,2010-08-10 00:00:00,1
2010-08-11 00:00:00,2010-08-11 00:00:00,145,2010-08-11 00:00:00,145,145,6,14500,2102500,2010-08-11 00:00:00,1
2010-08-12 00:00:00,2010-08-12 00:00:00,149.9,2010-08-12 00:00:00,140,143.3,3,3300,462990,2010-08-12 00:00:00,1
2010-08-13 00:00:00,2010-08-13 00:00:00,149,2010-08-13 00:00:00,144.9,148.2,11,16800,2447150,2010-08-13 00:00:00,1
2010-08-16 00:00:00,2010-08-16 00:00:00,149,2010-08-16 00:00:00,145,146,19,19700,2867900,2010-08-16 00:00:00,1
2010-08-17 00:00:00,2010-08-17 00:00:00,159,2010-08-17 00:00:00,149.9,150,36,37800,5681820,2010-08-17 00:00:00,1
2010-08-18 00:00:00,2010-08-18 00:00:00,150,2010-08-18 00:00:00,148,149,19,14800,2208160,2010-08-18 00:00:00,1
2010-08-19 00:00:00,2010-08-19 00:00:00,149,2010-08-19 00:00:00,149,149,3,2700,402300,2010-08-19 00:00:00,1
2010-08-20 00:00:00,2010-08-20 00:00:00,150,2010-08-20 00:00:00,148,150,18,30300,4544600,2010-08-20 00:00:00,1
2010-08-25 00:00:00,2010-08-25 00:00:00,160,2010-08-25 00:00:00,150,150,5,600,91490,2010-08-25 00:00:00,1
2010-08-26 00:00:00,2010-08-26 00:00:00,164.9,2010-08-26 00:00:00,150,151.1,9,7100,1072990,2010-08-26 00:00:00,1
2010-08-27 00:00:00,2010-08-27 00:00:00,165,2010-08-27 00:00:00,159,159,2,300,48300,2010-08-27 00:00:00,1
2010-08-30 00:00:00,2010-08-30 00:00:00,174.9,2010-08-30 00:00:00,159,160,19,6600,1058300,2010-08-30 00:00:00,1
2010-08-31 00:00:00,2010-08-31 00:00:00,153,2010-08-31 00:00:00,145,153,5,1500,226400,2010-08-31 00:00:00,1
2010-09-01 00:00:00,2010-09-01 00:00:00,153,2010-09-01 00:00:00,153,153,5,7000,1071000,2010-09-01 00:00:00,1
2010-09-03 00:00:00,2010-09-03 00:00:00,160,2010-09-03 00:00:00,150,160,22,13300,2124490,2010-09-03 00:00:00,1
2010-09-06 00:00:00,2010-09-06 00:00:00,160,2010-09-06 00:00:00,158,158,3,1600,255000,2010-09-06 00:00:00,1
2010-09-08 00:00:00,2010-09-08 00:00:00,155,2010-09-08 00:00:00,150,153,8,7200,1081100,2010-09-08 00:00:00,1
2010-09-09 00:00:00,2010-09-09 00:00:00,164,2010-09-09 00:00:00,154,156.2,10,4900,764000,2010-09-09 00:00:00,1
2010-09-13 00:00:00,2010-09-13 00:00:00,164,2010-09-13 00:00:00,158,158,13,13900,2196800,2010-09-13 00:00:00,1
2010-09-14 00:00:00,2010-09-14 00:00:00,157,2010-09-14 00:00:00,150,156.9,9,12600,1904200,2010-09-14 00:00:00,1
2010-09-15 00:00:00,2010-09-15 00:00:00,171,2010-09-15 00:00:00,158,168.1,10,3800,629640,2010-09-15 00:00:00,1
2010-09-16 00:00:00,2010-09-16 00:00:00,165,2010-09-16 00:00:00,160,160,2,200,32500,2010-09-16 00:00:00,1
2010-09-17 00:00:00,2010-09-17 00:00:00,169,2010-09-17 00:00:00,158,158,4,1200,191800,2010-09-17 00:00:00,1
2010-09-20 00:00:00,2010-09-20 00:00:00,185,2010-09-20 00:00:00,160,179.1,15,3600,633420,2010-09-20 00:00:00,1
2010-09-21 00:00:00,2010-09-21 00:00:00,185,2010-09-21 00:00:00,175,179,24,5400,964700,2010-09-21 00:00:00,1
2010-09-23 00:00:00,2010-09-23 00:00:00,181,2010-09-23 00:00:00,165,180,6,2700,470100,2010-09-23 00:00:00,1
2010-09-24 00:00:00,2010-09-24 00:00:00,183,2010-09-24 00:00:00,170,170.3,7,4400,750320,2010-09-24 00:00:00,1
2010-09-27 00:00:00,2010-09-27 00:00:00,178,2010-09-27 00:00:00,160,161,4,5000,801910,2010-09-27 00:00:00,1
2010-09-28 00:00:00,2010-09-28 00:00:00,166,2010-09-28 00:00:00,161,162.8,5,5300,862410,2010-09-28 00:00:00,1
2010-09-29 00:00:00,2010-09-29 00:00:00,162,2010-09-29 00:00:00,161.1,161.1,7,7900,1273950,2010-09-29 00:00:00,1
2010-09-30 00:00:00,2010-09-30 00:00:00,180,2010-09-30 00:00:00,165.1,178.3,26,242800,41281820,2010-09-30 00:00:00,1
2010-10-01 00:00:00,2010-10-01 00:00:00,189,2010-10-01 00:00:00,170,181.9,18,40300,7048880,2010-10-01 00:00:00,1
2010-10-04 00:00:00,2010-10-04 00:00:00,182,2010-10-04 00:00:00,182,182,1,300,54600,2010-10-04 00:00:00,1
2010-10-05 00:00:00,2010-10-05 00:00:00,177,2010-10-05 00:00:00,177,177,3,3000,531000,2010-10-05 00:00:00,1
2010-10-06 00:00:00,2010-10-06 00:00:00,171,2010-10-06 00:00:00,170,170.2,3,3600,612600,2010-10-06 00:00:00,1
2010-10-07 00:00:00,2010-10-07 00:00:00,170,2010-10-07 00:00:00,169.9,169.9,3,6400,1087910,2010-10-07 00:00:00,1
2010-10-12 00:00:00,2010-10-12 00:00:00,165,2010-10-12 00:00:00,160,160,3,1800,293000,2010-10-12 00:00:00,1
2010-10-14 00:00:00,2010-10-14 00:00:00,163,2010-10-14 00:00:00,141,161,4,1400,217400,2010-10-14 00:00:00,1
2010-10-15 00:00:00,2010-10-15 00:00:00,155,2010-10-15 00:00:00,155,155,1,500,77500,2010-10-15 00:00:00,1
2010-10-18 00:00:00,2010-10-18 00:00:00,155,2010-10-18 00:00:00,155,155,2,1000,155000,2010-10-18 00:00:00,1
2010-10-19 00:00:00,2010-10-19 00:00:00,160,2010-10-19 00:00:00,160,160,1,500,80000,2010-10-19 00:00:00,1
2010-10-21 00:00:00,2010-10-21 00:00:00,159.9,2010-10-21 00:00:00,150,150.5,6,2600,391290,2010-10-21 00:00:00,1
2010-10-25 00:00:00,2010-10-25 00:00:00,165,2010-10-25 00:00:00,165,165,1,10000,1650000,2010-10-25 00:00:00,1
2010-10-27 00:00:00,2010-10-27 00:00:00,150,2010-10-27 00:00:00,150,150,1,1000,150000,2010-10-27 00:00:00,1
2010-10-28 00:00:00,2010-10-28 00:00:00,155,2010-10-28 00:00:00,155,155,2,1100,170500,2010-10-28 00:00:00,1
2010-10-29 00:00:00,2010-10-29 00:00:00,160,2010-10-29 00:00:00,155,155,3,700,109000,2010-10-29 00:00:00,1
2010-11-01 00:00:00,2010-11-01 00:00:00,169,2010-11-01 00:00:00,161.4,168.9,20,27300,4543170,2010-11-01 00:00:00,1
2010-11-02 00:00:00,2010-11-02 00:00:00,165,2010-11-02 00:00:00,163,163,6,1700,277300,2010-11-02 00:00:00,1
2010-11-03 00:00:00,2010-11-03 00:00:00,163,2010-11-03 00:00:00,162,162.1,3,1000,162100,2010-11-03 00:00:00,1
2010-11-04 00:00:00,2010-11-04 00:00:00,195,2010-11-04 00:00:00,165,174.8,23,15500,2709510,2010-11-04 00:00:00,1
2010-11-08 00:00:00,2010-11-08 00:00:00,175,2010-11-08 00:00:00,175,175,6,1100,192500,2010-11-08 00:00:00,1
2010-11-10 00:00:00,2010-11-10 00:00:00,175,2010-11-10 00:00:00,174,174.5,2,200,34900,2010-11-10 00:00:00,1
2010-11-23 00:00:00,2010-11-23 00:00:00,169.9,2010-11-23 00:00:00,169.9,169.9,1,100,16990,2010-11-23 00:00:00,1
2010-11-29 00:00:00,2010-11-29 00:00:00,150,2010-11-29 00:00:00,150,150,2,500,75000,2010-11-29 00:00:00,1
2010-11-30 00:00:00,2010-11-30 00:00:00,165,2010-11-30 00:00:00,157,162.8,8,6400,1043580,2010-11-30 00:00:00,1
2010-12-01 00:00:00,2010-12-01 00:00:00,164,2010-12-01 00:00:00,162,162,3,1000,162800,2010-12-01 00:00:00,1
2010-12-02 00:00:00,2010-12-02 00:00:00,164,2010-12-02 00:00:00,157,164,9,2900,457210,2010-12-02 00:00:00,1
2010-12-07 00:00:00,2010-12-07 00:00:00,164,2010-12-07 00:00:00,164,164,3,2000,328000,2010-12-07 00:00:00,1
2010-12-09 00:00:00,2010-12-09 00:00:00,164,2010-12-09 00:00:00,164,164,1,3000,492000,2010-12-09 00:00:00,1
2010-12-10 00:00:00,2010-12-10 00:00:00,169,2010-12-10 00:00:00,164,165,15,11400,1883700,2010-12-10 00:00:00,1
2010-12-13 00:00:00,2010-12-13 00:00:00,174.5,2010-12-13 00:00:00,174.5,174.5,1,100,17450,2010-12-13 00:00:00,1
2010-12-14 00:00:00,2010-12-14 00:00:00,160.1,2010-12-14 00:00:00,160.1,160.1,1,100,16010,2010-12-14 00:00:00,1
2010-12-17 00:00:00,2010-12-17 00:00:00,161.1,2010-12-17 00:00:00,161,161,7,5800,933910,2010-12-17 00:00:00,1
2010-12-22 00:00:00,2010-12-22 00:00:00,168.8,2010-12-22 00:00:00,161,164.9,2,200,32980,2010-12-22 00:00:00,1
2010-12-23 00:00:00,2010-12-23 00:00:00,170,2010-12-23 00:00:00,160,165,2,200,33000,2010-12-23 00:00:00,1
2010-12-27 00:00:00,2010-12-27 00:00:00,170,2010-12-27 00:00:00,170,170,1,500,85000,2010-12-27 00:00:00,1
2010-12-29 00:00:00,2010-12-29 00:00:00,169.5,2010-12-29 00:00:00,160,160,11,11200,1797210,2010-12-29 00:00:00,1
2010-12-30 00:00:00,2010-12-30 00:00:00,160,2010-12-30 00:00:00,155.1,155.1,10,3600,573870,2010-12-30 00:00:00,1
2010-12-31 00:00:00,2010-12-31 00:00:00,165.1,2010-12-31 00:00:00,160,160,5,6900,1105820,2010-12-31 00:00:00,1
Company Id :  ARPI,,Security Type :  N,,Sub Type :  0000,,,,,,
Short Name :  ARPICO,,,,,,,,,,
Day,Date High,High,Date Low,Low,Closing,No. of Trades,No. of Shares,Turnover,Last Traded,Days Traded
2010-01-04 00:00:00,2010-01-04 00:00:00,45.75,2010-01-04 00:00:00,45,45.25,3,1200,54375,2010-01-04 00:00:00,1
2010-01-05 00:00:00,2010-01-05 00:00:00,45.25,2010-01-05 00:00:00,45.25,45.25,1,500,22625,2010-01-05 00:00:00,1
2010-01-06 00:00:00,2010-01-06 00:00:00,46,2010-01-06 00:00:00,45.5,46,5,25300,1161500,2010-01-06 00:00:00,1
2010-01-08 00:00:00,2010-01-08 00:00:00,43,2010-01-08 00:00:00,43,43,2,400,17200,2010-01-08 00:00:00,1
2010-01-11 00:00:00,2010-01-11 00:00:00,45,2010-01-11 00:00:00,45,45,1,500,22500,2010-01-11 00:00:00,1
2010-01-13 00:00:00,2010-01-13 00:00:00,42.25,2010-01-13 00:00:00,42.25,42.25,1,500,21125,2010-01-13 00:00:00,1
2010-01-18 00:00:00,2010-01-18 00:00:00,42.5,2010-01-18 00:00:00,42.25,42.25,3,600,25450,2010-01-18 00:00:00,1
2010-01-20 00:00:00,2010-01-20 00:00:00,47,2010-01-20 00:00:00,45.75,45.75,5,1100,50600,2010-01-20 00:00:00,1
2010-01-22 00:00:00,2010-01-22 00:00:00,44,2010-01-22 00:00:00,44,44,1,100,4400,2010-01-22 00:00:00,1
2010-01-25 00:00:00,2010-01-25 00:00:00,45.75,2010-01-25 00:00:00,45.75,45.75,2,1100,50325,2010-01-25 00:00:00,1
2010-01-26 00:00:00,2010-01-26 00:00:00,47,2010-01-26 00:00:00,47,47,1,100,4700,2010-01-26 00:00:00,1
2010-02-01 00:00:00,2010-02-01 00:00:00,46,2010-02-01 00:00:00,46,46,1,700,32200,2010-02-01 00:00:00,1
2010-02-02 00:00:00,2010-02-02 00:00:00,47,2010-02-02 00:00:00,47,47,3,5700,267900,2010-02-02 00:00:00,1
2010-02-03 00:00:00,2010-02-03 00:00:00,65,2010-02-03 00:00:00,47.5,60,89,46500,2607000,2010-02-03 00:00:00,1
2010-02-05 00:00:00,2010-02-05 00:00:00,75,2010-02-05 00:00:00,64,73,104,66200,4646450,2010-02-05 00:00:00,1
2010-02-08 00:00:00,2010-02-08 00:00:00,75,2010-02-08 00:00:00,70,73,25,14400,1047175,2010-02-08 00:00:00,1
2010-02-09 00:00:00,2010-02-09 00:00:00,74.5,2010-02-09 00:00:00,71,72,13,27000,1951650,2010-02-09 00:00:00,1
2010-02-10 00:00:00,2010-02-10 00:00:00,72.25,2010-02-10 00:00:00,70,72,5,2300,165025,2010-02-10 00:00:00,1
2010-02-12 00:00:00,2010-02-12 00:00:00,65,2010-02-12 00:00:00,60,64.75,15,6300,400100,2010-02-12 00:00:00,1
2010-02-16 00:00:00,2010-02-16 00:00:00,70,2010-02-16 00:00:00,67.5,69.25,4,800,55300,2010-02-16 00:00:00,1
2010-02-17 00:00:00,2010-02-17 00:00:00,69,2010-02-17 00:00:00,69,69,1,1000,69000,2010-02-17 00:00:00,1
2010-02-18 00:00:00,2010-02-18 00:00:00,69,2010-02-18 00:00:00,69,69,2,900,62100,2010-02-18 00:00:00,1
2010-02-19 00:00:00,2010-02-19 00:00:00,69,2010-02-19 00:00:00,62,68.5,8,13600,925400,2010-02-19 00:00:00,1
2010-02-22 00:00:00,2010-02-22 00:00:00,65,2010-02-22 00:00:00,61.25,63.75,11,18900,1178225,2010-02-22 00:00:00,1
2010-02-24 00:00:00,2010-02-24 00:00:00,63,2010-02-24 00:00:00,61,61.25,7,4600,284500,2010-02-24 00:00:00,1
2010-03-01 00:00:00,2010-03-01 00:00:00,61.5,2010-03-01 00:00:00,58.5,60.5,4,600,35925,2010-03-01 00:00:00,1
2010-03-02 00:00:00,2010-03-02 00:00:00,64.5,2010-03-02 00:00:00,61,61.25,3,10600,648675,2010-03-02 00:00:00,1
2010-03-03 00:00:00,2010-03-03 00:00:00,61.5,2010-03-03 00:00:00,60.25,60.25,9,4700,283525,2010-03-03 00:00:00,1
2010-03-04 00:00:00,2010-03-04 00:00:00,62,2010-03-04 00:00:00,60.5,61.75,4,7100,439425,2010-03-04 00:00:00,1
2010-03-05 00:00:00,2010-03-05 00:00:00,63.5,2010-03-05 00:00:00,62,62,44,37400,2335800,2010-03-05 00:00:00,1
2010-03-08 00:00:00,2010-03-08 00:00:00,64.5,2010-03-08 00:00:00,62,63,20,20700,1312025,2010-03-08 00:00:00,1
2010-03-09 00:00:00,2010-03-09 00:00:00,62,2010-03-09 00:00:00,62,62,4,1300,80600,2010-03-09 00:00:00,1
2010-03-10 00:00:00,2010-03-10 00:00:00,63,2010-03-10 00:00:00,63,63,1,200,12600,2010-03-10 00:00:00,1
2010-03-11 00:00:00,2010-03-11 00:00:00,63.5,2010-03-11 00:00:00,59,60,6,3200,192250,2010-03-11 00:00:00,1
2010-03-12 00:00:00,2010-03-12 00:00:00,62.75,2010-03-12 00:00:00,62.75,62.75,2,8800,552200,2010-03-12 00:00:00,1
2010-03-16 00:00:00,2010-03-16 00:00:00,65,2010-03-16 00:00:00,62.75,64,2,200,12775,2010-03-16 00:00:00,1
2010-03-17 00:00:00,2010-03-17 00:00:00,61,2010-03-17 00:00:00,60.5,60.75,4,2000,121500,2010-03-17 00:00:00,1
2010-03-18 00:00:00,2010-03-18 00:00:00,60.25,2010-03-18 00:00:00,60.25,60.25,1,100,6025,2010-03-18 00:00:00,1
2010-03-19 00:00:00,2010-03-19 00:00:00,61,2010-03-19 00:00:00,60,61,6,3400,204100,2010-03-19 00:00:00,1
2010-03-23 00:00:00,2010-03-23 00:00:00,59.75,2010-03-23 00:00:00,59.75,59.75,3,300,17925,2010-03-23 00:00:00,1
2010-03-24 00:00:00,2010-03-24 00:00:00,62.5,2010-03-24 00:00:00,59.75,62.5,3,2100,125750,2010-03-24 00:00:00,1
2010-03-25 00:00:00,2010-03-25 00:00:00,64.5,2010-03-25 00:00:00,60,64,12,5100,325600,2010-03-25 00:00:00,1
2010-03-26 00:00:00,2010-03-26 00:00:00,64.5,2010-03-26 00:00:00,64.5,64.5,1,1700,109650,2010-03-26 00:00:00,1
2010-03-31 00:00:00,2010-03-31 00:00:00,64.5,2010-03-31 00:00:00,64.5,64.5,1,100,6450,2010-03-31 00:00:00,1
2010-04-05 00:00:00,2010-04-05 00:00:00,68,2010-04-05 00:00:00,64.25,64.5,4,5200,335725,2010-04-05 00:00:00,1
2010-04-06 00:00:00,2010-04-06 00:00:00,65.75,2010-04-06 00:00:00,64.25,65.75,22,13100,857375,2010-04-06 00:00:00,1
2010-04-07 00:00:00,2010-04-07 00:00:00,66.25,2010-04-07 00:00:00,65.75,66,11,2000,131600,2010-04-07 00:00:00,1
2010-04-12 00:00:00,2010-04-12 00:00:00,66.25,2010-04-12 00:00:00,66.25,66.25,2,800,53000,2010-04-12 00:00:00,1
2010-04-15 00:00:00,2010-04-15 00:00:00,67,2010-04-15 00:00:00,64.75,67,33,23200,1530675,2010-04-15 00:00:00,1
2010-04-16 00:00:00,2010-04-16 00:00:00,67.25,2010-04-16 00:00:00,67,67,18,5500,368575,2010-04-16 00:00:00,1
2010-04-19 00:00:00,2010-04-19 00:00:00,68.75,2010-04-19 00:00:00,67.25,67.5,10,7200,491550,2010-04-19 00:00:00,1
2010-04-20 00:00:00,2010-04-20 00:00:00,70,2010-04-20 00:00:00,67.75,70,29,20900,1452975,2010-04-20 00:00:00,1
2010-04-21 00:00:00,2010-04-21 00:00:00,70,2010-04-21 00:00:00,69,70,18,7700,534225,2010-04-21 00:00:00,1
2010-04-22 00:00:00,2010-04-22 00:00:00,76.25,2010-04-22 00:00:00,72.25,76.25,86,53900,4032250,2010-04-22 00:00:00,1
2010-04-23 00:00:00,2010-04-23 00:00:00,80.75,2010-04-23 00:00:00,76,77.75,49,35600,2796675,2010-04-23 00:00:00,1
2010-04-26 00:00:00,2010-04-26 00:00:00,79.25,2010-04-26 00:00:00,70,77,9,4600,356525,2010-04-26 00:00:00,1
2010-04-27 00:00:00,2010-04-27 00:00:00,77.5,2010-04-27 00:00:00,77.5,77.5,2,2200,170500,2010-04-27 00:00:00,1
2010-04-30 00:00:00,2010-04-30 00:00:00,77.5,2010-04-30 00:00:00,77.5,77.5,1,100,7750,2010-04-30 00:00:00,1
2010-05-04 00:00:00,2010-05-04 00:00:00,75,2010-05-04 00:00:00,70,70.75,10,3900,280625,2010-05-04 00:00:00,1
2010-05-05 00:00:00,2010-05-05 00:00:00,71.75,2010-05-05 00:00:00,68,68,24,20700,1430350,2010-05-05 00:00:00,1
2010-05-06 00:00:00,2010-05-06 00:00:00,68.25,2010-05-06 00:00:00,67,67.25,4,4300,289525,2010-05-06 00:00:00,1
2010-05-10 00:00:00,2010-05-10 00:00:00,73.75,2010-05-10 00:00:00,67,71.75,32,54100,3805125,2010-05-10 00:00:00,1
2010-05-11 00:00:00,2010-05-11 00:00:00,70,2010-05-11 00:00:00,70,70,1,100,7000,2010-05-11 00:00:00,1
2010-05-12 00:00:00,2010-05-12 00:00:00,73.5,2010-05-12 00:00:00,70,70.5,16,27100,1969950,2010-05-12 00:00:00,1
2010-05-13 00:00:00,2010-05-13 00:00:00,70,2010-05-13 00:00:00,68,68.25,7,3800,259650,2010-05-13 00:00:00,1
2010-05-20 00:00:00,2010-05-20 00:00:00,70,2010-05-20 00:00:00,67.25,68.75,3,600,40950,2010-05-20 00:00:00,1
2010-05-25 00:00:00,2010-05-25 00:00:00,70.25,2010-05-25 00:00:00,67,70.25,4,400,27400,2010-05-25 00:00:00,1
2010-05-31 00:00:00,2010-05-31 00:00:00,71.5,2010-05-31 00:00:00,71.5,71.5,1,100,7150,2010-05-31 00:00:00,1
2010-06-01 00:00:00,2010-06-01 00:00:00,70,2010-06-01 00:00:00,70,70,13,12000,840000,2010-06-01 00:00:00,1
2010-06-02 00:00:00,2010-06-02 00:00:00,75,2010-06-02 00:00:00,71.5,73.5,40,64300,4754225,2010-06-02 00:00:00,1
2010-06-03 00:00:00,2010-06-03 00:00:00,75,2010-06-03 00:00:00,69,70,15,28000,2020125,2010-06-03 00:00:00,1
2010-06-04 00:00:00,2010-06-04 00:00:00,73.75,2010-06-04 00:00:00,73.5,73.75,4,1100,81100,2010-06-04 00:00:00,1
2010-06-07 00:00:00,2010-06-07 00:00:00,74,2010-06-07 00:00:00,69.25,73.25,12,25000,1761500,2010-06-07 00:00:00,1
2010-06-08 00:00:00,2010-06-08 00:00:00,74,2010-06-08 00:00:00,74,74,1,200,14800,2010-06-08 00:00:00,1
2010-06-09 00:00:00,2010-06-09 00:00:00,74,2010-06-09 00:00:00,74,74,1,200,14800,2010-06-09 00:00:00,1
2010-06-11 00:00:00,2010-06-11 00:00:00,75,2010-06-11 00:00:00,75,75,1,200,15000,2010-06-11 00:00:00,1
2010-06-14 00:00:00,2010-06-14 00:00:00,73.75,2010-06-14 00:00:00,73,73.75,5,2100,154800,2010-06-14 00:00:00,1
2010-06-15 00:00:00,2010-06-15 00:00:00,70,2010-06-15 00:00:00,70,70,1,2000,140000,2010-06-15 00:00:00,1
2010-06-16 00:00:00,2010-06-16 00:00:00,74.25,2010-06-16 00:00:00,70.25,72.25,2,2000,144500,2010-06-16 00:00:00,1
2010-06-17 00:00:00,2010-06-17 00:00:00,73.5,2010-06-17 00:00:00,70.75,71.75,7,2700,195650,2010-06-17 00:00:00,1
2010-06-21 00:00:00,2010-06-21 00:00:00,73.75,2010-06-21 00:00:00,73.75,73.75,1,2000,147500,2010-06-21 00:00:00,1
2010-06-22 00:00:00,2010-06-22 00:00:00,71,2010-06-22 00:00:00,71,71,1,500,35500,2010-06-22 00:00:00,1
2010-06-23 00:00:00,2010-06-23 00:00:00,75,2010-06-23 00:00:00,74,75,40,57700,4307700,2010-06-23 00:00:00,1
2010-06-24 00:00:00,2010-06-24 00:00:00,75,2010-06-24 00:00:00,75,75,2,1200,90000,2010-06-24 00:00:00,1
2010-06-28 00:00:00,2010-06-28 00:00:00,82,2010-06-28 00:00:00,75,80,48,60300,4731425,2010-06-28 00:00:00,1
2010-06-29 00:00:00,2010-06-29 00:00:00,80,2010-06-29 00:00:00,80,80,3,4100,328000,2010-06-29 00:00:00,1
2010-06-30 00:00:00,2010-06-30 00:00:00,85,2010-06-30 00:00:00,81,84.5,5,600,49700,2010-06-30 00:00:00,1
2010-07-02 00:00:00,2010-07-02 00:00:00,84.5,2010-07-02 00:00:00,84.5,84.5,2,200,16900,2010-07-02 00:00:00,1
2010-07-05 00:00:00,2010-07-05 00:00:00,84,2010-07-05 00:00:00,84,84,1,2000,168000,2010-07-05 00:00:00,1
2010-07-06 00:00:00,2010-07-06 00:00:00,88,2010-07-06 00:00:00,78.75,85,16,27500,2327100,2010-07-06 00:00:00,1
2010-07-07 00:00:00,2010-07-07 00:00:00,82,2010-07-07 00:00:00,80,81,2,200,16200,2010-07-07 00:00:00,1
2010-07-08 00:00:00,2010-07-08 00:00:00,80,2010-07-08 00:00:00,80,80,1,200,16000,2010-07-08 00:00:00,1
2010-07-12 00:00:00,2010-07-12 00:00:00,80.25,2010-07-12 00:00:00,80,80.25,2,2000,160250,2010-07-12 00:00:00,1
2010-07-13 00:00:00,2010-07-13 00:00:00,89,2010-07-13 00:00:00,82,88,20,23400,1999875,2010-07-13 00:00:00,1
2010-07-14 00:00:00,2010-07-14 00:00:00,95,2010-07-14 00:00:00,90,90.75,17,35500,3218700,2010-07-14 00:00:00,1
2010-07-15 00:00:00,2010-07-15 00:00:00,98,2010-07-15 00:00:00,93,95,24,11100,1049650,2010-07-15 00:00:00,1
2010-07-16 00:00:00,2010-07-16 00:00:00,97.5,2010-07-16 00:00:00,93.5,95,6,2800,266100,2010-07-16 00:00:00,1
2010-07-19 00:00:00,2010-07-19 00:00:00,95,2010-07-19 00:00:00,88.5,90,17,10700,964350,2010-07-19 00:00:00,1
2010-07-21 00:00:00,2010-07-21 00:00:00,90,2010-07-21 00:00:00,90,90,1,200,18000,2010-07-21 00:00:00,1
2010-07-23 00:00:00,2010-07-23 00:00:00,89,2010-07-23 00:00:00,89,89,1,200,17800,2010-07-23 00:00:00,1
2010-07-27 00:00:00,2010-07-27 00:00:00,86.25,2010-07-27 00:00:00,86.25,86.25,1,100,8625,2010-07-27 00:00:00,1
2010-07-28 00:00:00,2010-07-28 00:00:00,86.5,2010-07-28 00:00:00,86.5,86.5,1,300,25950,2010-07-28 00:00:00,1
2010-07-29 00:00:00,2010-07-29 00:00:00,95,2010-07-29 00:00:00,85.75,86.5,6,4700,406725,2010-07-29 00:00:00,1
2010-07-30 00:00:00,2010-07-30 00:00:00,89,2010-07-30 00:00:00,89,89,1,400,35600,2010-07-30 00:00:00,1
2010-08-02 00:00:00,2010-08-02 00:00:00,85.2,2010-08-02 00:00:00,85.1,85.1,3,1100,93630,2010-08-02 00:00:00,1
2010-08-04 00:00:00,2010-08-04 00:00:00,90.8,2010-08-04 00:00:00,85.1,88,4,1200,105540,2010-08-04 00:00:00,1
2010-08-09 00:00:00,2010-08-09 00:00:00,80.1,2010-08-09 00:00:00,80,80,7,3200,256050,2010-08-09 00:00:00,1
2010-08-10 00:00:00,2010-08-10 00:00:00,80,2010-08-10 00:00:00,77,80,3,400,31700,2010-08-10 00:00:00,1
2010-08-12 00:00:00,2010-08-12 00:00:00,84,2010-08-12 00:00:00,84,84,1,100,8400,2010-08-12 00:00:00,1
2010-08-13 00:00:00,2010-08-13 00:00:00,84,2010-08-13 00:00:00,84,84,1,1000,84000,2010-08-13 00:00:00,1
2010-08-16 00:00:00,2010-08-16 00:00:00,85,2010-08-16 00:00:00,84,84.7,9,2100,177900,2010-08-16 00:00:00,1
2010-08-17 00:00:00,2010-08-17 00:00:00,86,2010-08-17 00:00:00,85,85,3,5600,476100,2010-08-17 00:00:00,1
2010-08-19 00:00:00,2010-08-19 00:00:00,85,2010-08-19 00:00:00,85,85,1,100,8500,2010-08-19 00:00:00,1
2010-08-23 00:00:00,2010-08-23 00:00:00,80,2010-08-23 00:00:00,80,80,1,200,16000,2010-08-23 00:00:00,1
2010-08-25 00:00:00,2010-08-25 00:00:00,88,2010-08-25 00:00:00,78,87.8,17,4900,416850,2010-08-25 00:00:00,1
2010-08-26 00:00:00,2010-08-26 00:00:00,93,2010-08-26 00:00:00,89,90.5,12,3600,325420,2010-08-26 00:00:00,1
2010-08-27 00:00:00,2010-08-27 00:00:00,97.7,2010-08-27 00:00:00,90.5,93.9,34,20400,1911260,2010-08-27 00:00:00,1
2010-08-30 00:00:00,2010-08-30 00:00:00,99.2,2010-08-30 00:00:00,93,94.6,16,10800,1047030,2010-08-30 00:00:00,1
2010-08-31 00:00:00,2010-08-31 00:00:00,93,2010-08-31 00:00:00,93,93,3,1100,102300,2010-08-31 00:00:00,1
2010-09-02 00:00:00,2010-09-02 00:00:00,93,2010-09-02 00:00:00,93,93,2,1300,120900,2010-09-02 00:00:00,1
2010-09-06 00:00:00,2010-09-06 00:00:00,93,2010-09-06 00:00:00,92.9,93,6,3600,334730,2010-09-06 00:00:00,1
2010-09-08 00:00:00,2010-09-08 00:00:00,90,2010-09-08 00:00:00,90,90,2,700,63000,2010-09-08 00:00:00,1
2010-09-09 00:00:00,2010-09-09 00:00:00,92,2010-09-09 00:00:00,90,91.9,8,3200,294200,2010-09-09 00:00:00,1
2010-09-13 00:00:00,2010-09-13 00:00:00,95,2010-09-13 00:00:00,94,94.7,18,11300,1063700,2010-09-13 00:00:00,1
2010-09-14 00:00:00,2010-09-14 00:00:00,94,2010-09-14 00:00:00,93,93.3,3,400,37300,2010-09-14 00:00:00,1
2010-09-15 00:00:00,2010-09-15 00:00:00,95,2010-09-15 00:00:00,94,94,4,2300,217000,2010-09-15 00:00:00,1
2010-09-16 00:00:00,2010-09-16 00:00:00,95.5,2010-09-16 00:00:00,94,94,3,2500,237050,2010-09-16 00:00:00,1
2010-09-17 00:00:00,2010-09-17 00:00:00,103.4,2010-09-17 00:00:00,95,103.4,16,29000,2963620,2010-09-17 00:00:00,1
2010-09-20 00:00:00,2010-09-20 00:00:00,200,2010-09-20 00:00:00,105,198.7,95,33600,5027250,2010-09-20 00:00:00,1
2010-09-21 00:00:00,2010-09-21 00:00:00,261,2010-09-21 00:00:00,200,202.7,51,24700,5642640,2010-09-21 00:00:00,1
2010-09-23 00:00:00,2010-09-23 00:00:00,189.9,2010-09-23 00:00:00,160,169.9,83,45200,7803050,2010-09-23 00:00:00,1
2010-09-24 00:00:00,2010-09-24 00:00:00,170,2010-09-24 00:00:00,160,160,21,9100,1481200,2010-09-24 00:00:00,1
2010-09-27 00:00:00,2010-09-27 00:00:00,160,2010-09-27 00:00:00,154.6,159.4,8,6200,991360,2010-09-27 00:00:00,1
2010-09-28 00:00:00,2010-09-28 00:00:00,154.5,2010-09-28 00:00:00,150.1,152.3,3,400,60920,2010-09-28 00:00:00,1
2010-09-29 00:00:00,2010-09-29 00:00:00,150,2010-09-29 00:00:00,140.9,143.3,23,8300,1183810,2010-09-29 00:00:00,1
2010-09-30 00:00:00,2010-09-30 00:00:00,160,2010-09-30 00:00:00,144,148.3,25,8100,1199000,2010-09-30 00:00:00,1
2010-10-01 00:00:00,2010-10-01 00:00:00,140,2010-10-01 00:00:00,140,140,4,500,70000,2010-10-01 00:00:00,1
2010-10-04 00:00:00,2010-10-04 00:00:00,142,2010-10-04 00:00:00,135,139.8,12,6200,867200,2010-10-04 00:00:00,1
2010-10-05 00:00:00,2010-10-05 00:00:00,131,2010-10-05 00:00:00,128,128.9,19,15100,1960800,2010-10-05 00:00:00,1
2010-10-06 00:00:00,2010-10-06 00:00:00,130,2010-10-06 00:00:00,130,130,1,10000,1300000,2010-10-06 00:00:00,1
2010-10-07 00:00:00,2010-10-07 00:00:00,128.5,2010-10-07 00:00:00,116,116.2,12,23200,2887620,2010-10-07 00:00:00,1
2010-10-08 00:00:00,2010-10-08 00:00:00,135,2010-10-08 00:00:00,116,135,3,300,38600,2010-10-08 00:00:00,1
2010-10-11 00:00:00,2010-10-11 00:00:00,143.5,2010-10-11 00:00:00,130,130.2,14,5400,708050,2010-10-11 00:00:00,1
2010-10-12 00:00:00,2010-10-12 00:00:00,125,2010-10-12 00:00:00,125,125,2,200,25000,2010-10-12 00:00:00,1
2010-10-13 00:00:00,2010-10-13 00:00:00,125,2010-10-13 00:00:00,120,125,7,1000,122050,2010-10-13 00:00:00,1
2010-10-14 00:00:00,2010-10-14 00:00:00,118,2010-10-14 00:00:00,118,118,1,300,35400,2010-10-14 00:00:00,1
2010-10-21 00:00:00,2010-10-21 00:00:00,120,2010-10-21 00:00:00,120,120,1,100,12000,2010-10-21 00:00:00,1
2010-10-25 00:00:00,2010-10-25 00:00:00,120,2010-10-25 00:00:00,115,115,3,400,47100,2010-10-25 00:00:00,1
2010-10-26 00:00:00,2010-10-26 00:00:00,115.3,2010-10-26 00:00:00,115,115.1,6,800,92140,2010-10-26 00:00:00,1
2010-10-28 00:00:00,2010-10-28 00:00:00,120,2010-10-28 00:00:00,115.1,120,4,2100,247100,2010-10-28 00:00:00,1
2010-10-29 00:00:00,2010-10-29 00:00:00,127,2010-10-29 00:00:00,120,125,7,3400,421250,2010-10-29 00:00:00,1
2010-11-01 00:00:00,2010-11-01 00:00:00,135,2010-11-01 00:00:00,130.9,132.1,21,4500,599480,2010-11-01 00:00:00,1
2010-11-02 00:00:00,2010-11-02 00:00:00,124.5,2010-11-02 00:00:00,120,121.5,5,800,97020,2010-11-02 00:00:00,1
2010-11-04 00:00:00,2010-11-04 00:00:00,130,2010-11-04 00:00:00,120.2,130,4,600,77020,2010-11-04 00:00:00,1
2010-11-08 00:00:00,2010-11-08 00:00:00,125,2010-11-08 00:00:00,120.2,120.6,9,1200,146840,2010-11-08 00:00:00,1
2010-11-11 00:00:00,2010-11-11 00:00:00,120,2010-11-11 00:00:00,120,120,1,200,24000,2010-11-11 00:00:00,1
2010-11-12 00:00:00,2010-11-12 00:00:00,120,2010-11-12 00:00:00,115,116.1,10,1700,198150,2010-11-12 00:00:00,1
2010-11-16 00:00:00,2010-11-16 00:00:00,113,2010-11-16 00:00:00,112,112,2,600,67700,2010-11-16 00:00:00,1
2010-11-23 00:00:00,2010-11-23 00:00:00,103,2010-11-23 00:00:00,100,102,3,400,40900,2010-11-23 00:00:00,1
2010-11-24 00:00:00,2010-11-24 00:00:00,110,2010-11-24 00:00:00,108,109.4,3,900,98600,2010-11-24 00:00:00,1
2010-11-25 00:00:00,2010-11-25 00:00:00,115,2010-11-25 00:00:00,115,115,1,100,11500,2010-11-25 00:00:00,1
2010-11-29 00:00:00,2010-11-29 00:00:00,101,2010-11-29 00:00:00,100,100.3,3,400,40100,2010-11-29 00:00:00,1
2010-11-30 00:00:00,2010-11-30 00:00:00,120,2010-11-30 00:00:00,115,119.8,5,1700,198960,2010-11-30 00:00:00,1
2010-12-01 00:00:00,2010-12-01 00:00:00,125,2010-12-01 00:00:00,119,119.1,9,1600,192640,2010-12-01 00:00:00,1
2010-12-07 00:00:00,2010-12-07 00:00:00,109,2010-12-07 00:00:00,105,109,17,6700,724020,2010-12-07 00:00:00,1
2010-12-08 00:00:00,2010-12-08 00:00:00,110,2010-12-08 00:00:00,110,110,1,200,22000,2010-12-08 00:00:00,1
2010-12-09 00:00:00,2010-12-09 00:00:00,112,2010-12-09 00:00:00,110,110,3,2800,308200,2010-12-09 00:00:00,1
2010-12-13 00:00:00,2010-12-13 00:00:00,108,2010-12-13 00:00:00,108,108,2,300,32400,2010-12-13 00:00:00,1
2010-12-14 00:00:00,2010-12-14 00:00:00,106.5,2010-12-14 00:00:00,105,105,7,2400,254150,2010-12-14 00:00:00,1
2010-12-15 00:00:00,2010-12-15 00:00:00,105,2010-12-15 00:00:00,105,105,1,200,21000,2010-12-15 00:00:00,1
2010-12-17 00:00:00,2010-12-17 00:00:00,103.5,2010-12-17 00:00:00,103,103.2,3,1000,103150,2010-12-17 00:00:00,1
2010-12-21 00:00:00,2010-12-21 00:00:00,113.1,2010-12-21 00:00:00,113,113,5,2200,248610,2010-12-21 00:00:00,1
2010-12-23 00:00:00,2010-12-23 00:00:00,118,2010-12-23 00:00:00,113,114.5,5,1600,183200,2010-12-23 00:00:00,1
2010-12-24 00:00:00,2010-12-24 00:00:00,112,2010-12-24 00:00:00,112,112,1,100,11200,2010-12-24 00:00:00,1
2010-12-27 00:00:00,2010-12-27 00:00:00,112,2010-12-27 00:00:00,112,112,1,500,56000,2010-12-27 00:00:00,1
2010-12-29 00:00:00,2010-12-29 00:00:00,110.1,2010-12-29 00:00:00,109,110,3,3700,406910,2010-12-29 00:00:00,1
2010-12-30 00:00:00,2010-12-30 00:00:00,109,2010-12-30 00:00:00,109,109,3,300,32700,2010-12-30 00:00:00,1
2010-12-31 00:00:00,2010-12-31 00:00:00,110,2010-12-31 00:00:00,110,110,5,1100,121000,2010-12-31 00:00:00,1
Company Id :  ASCO,,Security Type :  N,,Sub Type :  0000,,,,,,
Short Name :  ASCOT HOLDINGS,,,,,,,,,,
Day,Date High,High,Date Low,Low,Closing,No. of Trades,No. of Shares,Turnover,Last Traded,Days Traded
2010-01-04 00:00:00,2010-01-04 00:00:00,38.25,2010-01-04 00:00:00,38.25,38.25,1,200,7650,2010-01-04 00:00:00,1
2010-01-05 00:00:00,2010-01-05 00:00:00,38.25,2010-01-05 00:00:00,38.25,38.25,1,100,3825,2010-01-05 00:00:00,1
2010-01-06 00:00:00,2010-01-06 00:00:00,39,2010-01-06 00:00:00,37,38.5,9,8500,321050,2010-01-06 00:00:00,1
2010-01-07 00:00:00,2010-01-07 00:00:00,40,2010-01-07 00:00:00,40,40,2,200,8000,2010-01-07 00:00:00,1
2010-01-08 00:00:00,2010-01-08 00:00:00,41,2010-01-08 00:00:00,39.75,40,15,12500,499475,2010-01-08 00:00:00,1
2010-01-11 00:00:00,2010-01-11 00:00:00,39.5,2010-01-11 00:00:00,37.5,39.5,2,200,7700,2010-01-11 00:00:00,1
2010-01-12 00:00:00,2010-01-12 00:00:00,39.5,2010-01-12 00:00:00,39.5,39.5,1,1000,39500,2010-01-12 00:00:00,1
2010-01-13 00:00:00,2010-01-13 00:00:00,41.75,2010-01-13 00:00:00,37.5,41.25,21,12500,502650,2010-01-13 00:00:00,1
2010-01-18 00:00:00,2010-01-18 00:00:00,41.25,2010-01-18 00:00:00,41.25,41.25,1,800,33000,2010-01-18 00:00:00,1
2010-01-19 00:00:00,2010-01-19 00:00:00,37.75,2010-01-19 00:00:00,37.5,37.5,4,500,18775,2010-01-19 00:00:00,1
2010-01-21 00:00:00,2010-01-21 00:00:00,37.5,2010-01-21 00:00:00,37.5,37.5,1,100,3750,2010-01-21 00:00:00,1
2010-01-22 00:00:00,2010-01-22 00:00:00,38.75,2010-01-22 00:00:00,37.5,38.75,4,4200,158625,2010-01-22 00:00:00,1
2010-01-25 00:00:00,2010-01-25 00:00:00,37.75,2010-01-25 00:00:00,37,37,3,400,14875,2010-01-25 00:00:00,1
2010-01-26 00:00:00,2010-01-26 00:00:00,40,2010-01-26 00:00:00,38,39,8,14200,550000,2010-01-26 00:00:00,1
2010-01-28 00:00:00,2010-01-28 00:00:00,37.5,2010-01-28 00:00:00,37,37.5,3,600,22450,2010-01-28 00:00:00,1
2010-02-01 00:00:00,2010-02-01 00:00:00,42,2010-02-01 00:00:00,39.75,41.25,19,8600,348525,2010-02-01 00:00:00,1
2010-02-02 00:00:00,2010-02-02 00:00:00,41.25,2010-02-02 00:00:00,39,39,3,1100,44525,2010-02-02 00:00:00,1
2010-02-03 00:00:00,2010-02-03 00:00:00,41.75,2010-02-03 00:00:00,40,40,8,7500,300300,2010-02-03 00:00:00,1
2010-02-05 00:00:00,2010-02-05 00:00:00,40,2010-02-05 00:00:00,40,40,9,8100,324000,2010-02-05 00:00:00,1
2010-02-08 00:00:00,2010-02-08 00:00:00,39.5,2010-02-08 00:00:00,39.5,39.5,4,1400,55300,2010-02-08 00:00:00,1
2010-02-09 00:00:00,2010-02-09 00:00:00,39,2010-02-09 00:00:00,39,39,4,2100,81900,2010-02-09 00:00:00,1
2010-02-10 00:00:00,2010-02-10 00:00:00,40.75,2010-02-10 00:00:00,39,39.5,5,1400,54775,2010-02-10 00:00:00,1
2010-02-11 00:00:00,2010-02-11 00:00:00,39.75,2010-02-11 00:00:00,39,39,2,600,23775,2010-02-11 00:00:00,1
2010-02-15 00:00:00,2010-02-15 00:00:00,37.75,2010-02-15 00:00:00,37.75,37.75,5,1500,56625,2010-02-15 00:00:00,1
2010-02-16 00:00:00,2010-02-16 00:00:00,37.5,2010-02-16 00:00:00,37.5,37.5,1,100,3750,2010-02-16 00:00:00,1
2010-02-17 00:00:00,2010-02-17 00:00:00,37.5,2010-02-17 00:00:00,37.5,37.5,3,300,11250,2010-02-17 00:00:00,1
2010-02-19 00:00:00,2010-02-19 00:00:00,38,2010-02-19 00:00:00,37,37.25,10,2600,96775,2010-02-19 00:00:00,1
2010-02-22 00:00:00,2010-02-22 00:00:00,37,2010-02-22 00:00:00,37,37,1,400,14800,2010-02-22 00:00:00,1
2010-02-23 00:00:00,2010-02-23 00:00:00,37,2010-02-23 00:00:00,37,37,2,500,18500,2010-02-23 00:00:00,1
2010-03-02 00:00:00,2010-03-02 00:00:00,37.25,2010-03-02 00:00:00,37,37,11,6800,252175,2010-03-02 00:00:00,1
2010-03-03 00:00:00,2010-03-03 00:00:00,37,2010-03-03 00:00:00,37,37,3,500,18500,2010-03-03 00:00:00,1
2010-03-04 00:00:00,2010-03-04 00:00:00,37,2010-03-04 00:00:00,36.75,37,9,4700,173875,2010-03-04 00:00:00,1
2010-03-05 00:00:00,2010-03-05 00:00:00,37,2010-03-05 00:00:00,37,37,1,300,11100,2010-03-05 00:00:00,1
2010-03-08 00:00:00,2010-03-08 00:00:00,40,2010-03-08 00:00:00,37,39,21,16500,641450,2010-03-08 00:00:00,1
2010-03-09 00:00:00,2010-03-09 00:00:00,39.25,2010-03-09 00:00:00,38.25,38.75,3,2600,100950,2010-03-09 00:00:00,1
2010-03-11 00:00:00,2010-03-11 00:00:00,42.75,2010-03-11 00:00:00,39.75,41.5,200,150700,6286575,2010-03-11 00:00:00,1
2010-03-12 00:00:00,2010-03-12 00:00:00,40,2010-03-12 00:00:00,40,40,8,2800,112000,2010-03-12 00:00:00,1
2010-03-15 00:00:00,2010-03-15 00:00:00,43.5,2010-03-15 00:00:00,41.25,42,39,49700,2086000,2010-03-15 00:00:00,1
2010-03-16 00:00:00,2010-03-16 00:00:00,41.75,2010-03-16 00:00:00,40.5,41.75,9,8600,358675,2010-03-16 00:00:00,1
2010-03-17 00:00:00,2010-03-17 00:00:00,41.5,2010-03-17 00:00:00,39.75,40.5,5,5700,233175,2010-03-17 00:00:00,1
2010-03-18 00:00:00,2010-03-18 00:00:00,40,2010-03-18 00:00:00,40,40,1,500,20000,2010-03-18 00:00:00,1
2010-03-22 00:00:00,2010-03-22 00:00:00,41.75,2010-03-22 00:00:00,39.75,40.75,3,3000,122500,2010-03-22 00:00:00,1
2010-03-23 00:00:00,2010-03-23 00:00:00,39.5,2010-03-23 00:00:00,39,39.25,3,3000,117750,2010-03-23 00:00:00,1
2010-03-24 00:00:00,2010-03-24 00:00:00,40,2010-03-24 00:00:00,39.25,39.25,15,15100,596500,2010-03-24 00:00:00,1
2010-03-26 00:00:00,2010-03-26 00:00:00,39.5,2010-03-26 00:00:00,39.5,39.5,1,400,15800,2010-03-26 00:00:00,1
2010-03-30 00:00:00,2010-03-30 00:00:00,40,2010-03-30 00:00:00,38,38.25,3,500,19450,2010-03-30 00:00:00,1
2010-04-01 00:00:00,2010-04-01 00:00:00,39.75,2010-04-01 00:00:00,38,38,3,2200,87100,2010-04-01 00:00:00,1
2010-04-06 00:00:00,2010-04-06 00:00:00,41,2010-04-06 00:00:00,39.75,40,4,8500,340500,2010-04-06 00:00:00,1
2010-04-07 00:00:00,2010-04-07 00:00:00,43,2010-04-07 00:00:00,40,41.25,54,42900,1754250,2010-04-07 00:00:00,1
2010-04-12 00:00:00,2010-04-12 00:00:00,41.25,2010-04-12 00:00:00,39.25,40.5,10,10900,433125,2010-04-12 00:00:00,1
2010-04-16 00:00:00,2010-04-16 00:00:00,41,2010-04-16 00:00:00,41,41,1,100,4100,2010-04-16 00:00:00,1
2010-04-19 00:00:00,2010-04-19 00:00:00,42,2010-04-19 00:00:00,40.5,42,2,3200,134100,2010-04-19 00:00:00,1
2010-04-20 00:00:00,2010-04-20 00:00:00,41.25,2010-04-20 00:00:00,39.25,41,5,4800,195675,2010-04-20 00:00:00,1
2010-04-22 00:00:00,2010-04-22 00:00:00,39.75,2010-04-22 00:00:00,39.75,39.75,1,500,19875,2010-04-22 00:00:00,1
2010-04-23 00:00:00,2010-04-23 00:00:00,43,2010-04-23 00:00:00,41,41.75,45,28500,1209275,2010-04-23 00:00:00,1
2010-04-26 00:00:00,2010-04-26 00:00:00,41.75,2010-04-26 00:00:00,40.25,40.25,3,2100,84675,2010-04-26 00:00:00,1
2010-04-27 00:00:00,2010-04-27 00:00:00,43.25,2010-04-27 00:00:00,40.25,43,25,28700,1204475,2010-04-27 00:00:00,1
2010-04-29 00:00:00,2010-04-29 00:00:00,43.75,2010-04-29 00:00:00,43,43.25,7,2000,86575,2010-04-29 00:00:00,1
2010-04-30 00:00:00,2010-04-30 00:00:00,46.25,2010-04-30 00:00:00,43.75,45,92,81400,3646375,2010-04-30 00:00:00,1
2010-05-03 00:00:00,2010-05-03 00:00:00,48.25,2010-05-03 00:00:00,44,46,91,65900,3075425,2010-05-03 00:00:00,1
2010-05-04 00:00:00,2010-05-04 00:00:00,47.25,2010-05-04 00:00:00,45,46.5,39,35600,1652900,2010-05-04 00:00:00,1
2010-05-05 00:00:00,2010-05-05 00:00:00,44,2010-05-05 00:00:00,42,43,6,3800,161800,2010-05-05 00:00:00,1
2010-05-06 00:00:00,2010-05-06 00:00:00,57,2010-05-06 00:00:00,46,54.75,515,532600,27453650,2010-05-06 00:00:00,1
2010-05-07 00:00:00,2010-05-07 00:00:00,58,2010-05-07 00:00:00,53.5,55,149,237200,13185550,2010-05-07 00:00:00,1
2010-05-10 00:00:00,2010-05-10 00:00:00,56.5,2010-05-10 00:00:00,55,55,31,73300,4039375,2010-05-10 00:00:00,1
2010-05-11 00:00:00,2010-05-11 00:00:00,61,2010-05-11 00:00:00,55,59.25,202,237700,13984050,2010-05-11 00:00:00,1
2010-05-12 00:00:00,2010-05-12 00:00:00,60,2010-05-12 00:00:00,56.75,58.75,44,34600,2026575,2010-05-12 00:00:00,1
2010-05-13 00:00:00,2010-05-13 00:00:00,59,2010-05-13 00:00:00,56,58.5,23,39600,2316475,2010-05-13 00:00:00,1
2010-05-14 00:00:00,2010-05-14 00:00:00,61,2010-05-14 00:00:00,58,60,98,137700,8191125,2010-05-14 00:00:00,1
2010-05-17 00:00:00,2010-05-17 00:00:00,64,2010-05-17 00:00:00,60,62,98,52300,3270750,2010-05-17 00:00:00,1
2010-05-18 00:00:00,2010-05-18 00:00:00,64,2010-05-18 00:00:00,60,61,25,14500,887275,2010-05-18 00:00:00,1
2010-05-19 00:00:00,2010-05-19 00:00:00,62.25,2010-05-19 00:00:00,58.5,59,19,13400,796125,2010-05-19 00:00:00,1
2010-05-20 00:00:00,2010-05-20 00:00:00,59,2010-05-20 00:00:00,57,57.75,4,3000,173250,2010-05-20 00:00:00,1
2010-05-21 00:00:00,2010-05-21 00:00:00,59,2010-05-21 00:00:00,54,57.25,31,24700,1378675,2010-05-21 00:00:00,1
2010-05-24 00:00:00,2010-05-24 00:00:00,59,2010-05-24 00:00:00,59,59,1,100,5900,2010-05-24 00:00:00,1
2010-05-25 00:00:00,2010-05-25 00:00:00,56.75,2010-05-25 00:00:00,55.25,55.75,15,8700,483750,2010-05-25 00:00:00,1
2010-05-26 00:00:00,2010-05-26 00:00:00,59,2010-05-26 00:00:00,58.25,58.75,10,24400,1438075,2010-05-26 00:00:00,1
2010-05-31 00:00:00,2010-05-31 00:00:00,58,2010-05-31 00:00:00,56.25,57,7,4000,228700,2010-05-31 00:00:00,1
2010-06-01 00:00:00,2010-06-01 00:00:00,56.5,2010-06-01 00:00:00,56,56,11,9200,516200,2010-06-01 00:00:00,1
2010-06-02 00:00:00,2010-06-02 00:00:00,58.75,2010-06-02 00:00:00,56,56,12,21000,1187125,2010-06-02 00:00:00,1
2010-06-03 00:00:00,2010-06-03 00:00:00,55.5,2010-06-03 00:00:00,55.25,55.5,5,11200,621050,2010-06-03 00:00:00,1
2010-06-04 00:00:00,2010-06-04 00:00:00,55.5,2010-06-04 00:00:00,55,55,14,12800,707650,2010-06-04 00:00:00,1
2010-06-07 00:00:00,2010-06-07 00:00:00,56,2010-06-07 00:00:00,55,56,2,7400,414300,2010-06-07 00:00:00,1
2010-06-08 00:00:00,2010-06-08 00:00:00,58,2010-06-08 00:00:00,51,56.5,10,7700,433600,2010-06-08 00:00:00,1
2010-06-09 00:00:00,2010-06-09 00:00:00,58,2010-06-09 00:00:00,56.5,56.5,4,8800,504100,2010-06-09 00:00:00,1
2010-06-10 00:00:00,2010-06-10 00:00:00,57.5,2010-06-10 00:00:00,57.5,57.5,2,700,40250,2010-06-10 00:00:00,1
2010-06-11 00:00:00,2010-06-11 00:00:00,60.5,2010-06-11 00:00:00,57.5,58.5,111,205000,12109350,2010-06-11 00:00:00,1
2010-06-14 00:00:00,2010-06-14 00:00:00,60,2010-06-14 00:00:00,59,59,8,6900,412700,2010-06-14 00:00:00,1
2010-06-15 00:00:00,2010-06-15 00:00:00,56,2010-06-15 00:00:00,56,56,1,500,28000,2010-06-15 00:00:00,1
2010-06-16 00:00:00,2010-06-16 00:00:00,57,2010-06-16 00:00:00,56.5,57,6,1100,62600,2010-06-16 00:00:00,1
2010-06-17 00:00:00,2010-06-17 00:00:00,58.5,2010-06-17 00:00:00,57.25,58,6,14600,846700,2010-06-17 00:00:00,1
2010-06-21 00:00:00,2010-06-21 00:00:00,58.5,2010-06-21 00:00:00,55.5,58.5,3,10600,588900,2010-06-21 00:00:00,1
2010-06-22 00:00:00,2010-06-22 00:00:00,57,2010-06-22 00:00:00,57,57,2,2000,114000,2010-06-22 00:00:00,1
2010-06-23 00:00:00,2010-06-23 00:00:00,56,2010-06-23 00:00:00,55.5,55.75,11,16600,924100,2010-06-23 00:00:00,1
2010-06-24 00:00:00,2010-06-24 00:00:00,57.25,2010-06-24 00:00:00,55.25,56,9,7300,406425,2010-06-24 00:00:00,1
2010-06-28 00:00:00,2010-06-28 00:00:00,62,2010-06-28 00:00:00,52,52,7,8800,489150,2010-06-28 00:00:00,1
2010-06-29 00:00:00,2010-06-29 00:00:00,56,2010-06-29 00:00:00,55,56,5,11600,648700,2010-06-29 00:00:00,1
2010-06-30 00:00:00,2010-06-30 00:00:00,56,2010-06-30 00:00:00,56,56,1,300,16800,2010-06-30 00:00:00,1
2010-07-01 00:00:00,2010-07-01 00:00:00,57,2010-07-01 00:00:00,52.75,55,2,200,10975,2010-07-01 00:00:00,1
2010-07-02 00:00:00,2010-07-02 00:00:00,56.75,2010-07-02 00:00:00,53,53,4,700,38975,2010-07-02 00:00:00,1
2010-07-05 00:00:00,2010-07-05 00:00:00,52.75,2010-07-05 00:00:00,52.5,52.5,2,1000,52550,2010-07-05 00:00:00,1
2010-07-06 00:00:00,2010-07-06 00:00:00,55.25,2010-07-06 00:00:00,52.75,54.75,5,8200,448850,2010-07-06 00:00:00,1
2010-07-07 00:00:00,2010-07-07 00:00:00,52.5,2010-07-07 00:00:00,50,50.25,6,2100,107700,2010-07-07 00:00:00,1
2010-07-08 00:00:00,2010-07-08 00:00:00,52,2010-07-08 00:00:00,50,52,7,8000,406700,2010-07-08 00:00:00,1
2010-07-09 00:00:00,2010-07-09 00:00:00,53,2010-07-09 00:00:00,50.5,52.25,5,3000,154925,2010-07-09 00:00:00,1
2010-07-12 00:00:00,2010-07-12 00:00:00,55,2010-07-12 00:00:00,52.25,54.25,3,500,27125,2010-07-12 00:00:00,1
2010-07-13 00:00:00,2010-07-13 00:00:00,51,2010-07-13 00:00:00,51,51,4,2100,107100,2010-07-13 00:00:00,1
2010-07-14 00:00:00,2010-07-14 00:00:00,54,2010-07-14 00:00:00,52,53.75,6,7500,401400,2010-07-14 00:00:00,1
2010-07-15 00:00:00,2010-07-15 00:00:00,51,2010-07-15 00:00:00,50.5,50.75,7,2000,101800,2010-07-15 00:00:00,1
2010-07-16 00:00:00,2010-07-16 00:00:00,54,2010-07-16 00:00:00,50.5,51.5,23,59600,3060775,2010-07-16 00:00:00,1
2010-07-19 00:00:00,2010-07-19 00:00:00,51.5,2010-07-19 00:00:00,51,51.25,6,4600,235600,2010-07-19 00:00:00,1
2010-07-20 00:00:00,2010-07-20 00:00:00,51,2010-07-20 00:00:00,50.75,50.75,8,14500,739375,2010-07-20 00:00:00,1
2010-07-21 00:00:00,2010-07-21 00:00:00,53.25,2010-07-21 00:00:00,50.75,51.25,17,9700,497875,2010-07-21 00:00:00,1
2010-07-22 00:00:00,2010-07-22 00:00:00,53.75,2010-07-22 00:00:00,51,52,57,90200,4745600,2010-07-22 00:00:00,1
2010-07-23 00:00:00,2010-07-23 00:00:00,52,2010-07-23 00:00:00,51,51,7,4700,240100,2010-07-23 00:00:00,1
2010-07-27 00:00:00,2010-07-27 00:00:00,51,2010-07-27 00:00:00,50,50.25,26,25400,1278050,2010-07-27 00:00:00,1
2010-07-28 00:00:00,2010-07-28 00:00:00,52,2010-07-28 00:00:00,50,50.25,9,6600,333450,2010-07-28 00:00:00,1
2010-07-29 00:00:00,2010-07-29 00:00:00,51,2010-07-29 00:00:00,50.25,50.25,7,2100,105900,2010-07-29 00:00:00,1
2010-07-30 00:00:00,2010-07-30 00:00:00,52.5,2010-07-30 00:00:00,47,51.5,15,17000,872175,2010-07-30 00:00:00,1
2010-08-02 00:00:00,2010-08-02 00:00:00,50,2010-08-02 00:00:00,48.2,49.7,3,600,29820,2010-08-02 00:00:00,1
2010-08-03 00:00:00,2010-08-03 00:00:00,51.9,2010-08-03 00:00:00,50.1,50.2,3,1600,80390,2010-08-03 00:00:00,1
2010-08-04 00:00:00,2010-08-04 00:00:00,50,2010-08-04 00:00:00,50,50,1,100,5000,2010-08-04 00:00:00,1
2010-08-05 00:00:00,2010-08-05 00:00:00,50,2010-08-05 00:00:00,50,50,5,1600,80000,2010-08-05 00:00:00,1
2010-08-06 00:00:00,2010-08-06 00:00:00,52,2010-08-06 00:00:00,52,52,1,200,10400,2010-08-06 00:00:00,1
2010-08-10 00:00:00,2010-08-10 00:00:00,54.4,2010-08-10 00:00:00,48.5,52.3,12,3700,188240,2010-08-10 00:00:00,1
2010-08-11 00:00:00,2010-08-11 00:00:00,53.9,2010-08-11 00:00:00,51,51,4,2100,111570,2010-08-11 00:00:00,1
2010-08-12 00:00:00,2010-08-12 00:00:00,51,2010-08-12 00:00:00,48,49.8,8,2200,109800,2010-08-12 00:00:00,1
2010-08-17 00:00:00,2010-08-17 00:00:00,52,2010-08-17 00:00:00,49.1,49.9,8,10300,517610,2010-08-17 00:00:00,1
2010-08-18 00:00:00,2010-08-18 00:00:00,54.8,2010-08-18 00:00:00,51.7,53.9,50,40300,2168090,2010-08-18 00:00:00,1
2010-08-19 00:00:00,2010-08-19 00:00:00,56,2010-08-19 00:00:00,52,52.4,10,4000,213400,2010-08-19 00:00:00,1
2010-08-20 00:00:00,2010-08-20 00:00:00,53.9,2010-08-20 00:00:00,51.6,52.5,10,13800,727330,2010-08-20 00:00:00,1
2010-08-23 00:00:00,2010-08-23 00:00:00,51.5,2010-08-23 00:00:00,51.5,51.5,4,12000,618000,2010-08-23 00:00:00,1
2010-08-25 00:00:00,2010-08-25 00:00:00,52,2010-08-25 00:00:00,51.2,51.3,10,3700,191040,2010-08-25 00:00:00,1
2010-08-26 00:00:00,2010-08-26 00:00:00,53.9,2010-08-26 00:00:00,51.3,52.6,3,1700,88770,2010-08-26 00:00:00,1
2010-08-27 00:00:00,2010-08-27 00:00:00,55,2010-08-27 00:00:00,52.5,52.8,7,5200,276110,2010-08-27 00:00:00,1
2010-08-30 00:00:00,2010-08-30 00:00:00,57.4,2010-08-30 00:00:00,52,56.1,113,104300,5710060,2010-08-30 00:00:00,1
2010-08-31 00:00:00,2010-08-31 00:00:00,59.9,2010-08-31 00:00:00,55.5,56.2,75,110200,6478580,2010-08-31 00:00:00,1
2010-09-01 00:00:00,2010-09-01 00:00:00,56.1,2010-09-01 00:00:00,54,54,10,4400,242020,2010-09-01 00:00:00,1
2010-09-02 00:00:00,2010-09-02 00:00:00,53,2010-09-02 00:00:00,53,53,1,2000,106000,2010-09-02 00:00:00,1
2010-09-03 00:00:00,2010-09-03 00:00:00,58.3,2010-09-03 00:00:00,53,58,56,145700,8468870,2010-09-03 00:00:00,1
2010-09-06 00:00:00,2010-09-06 00:00:00,63.8,2010-09-06 00:00:00,58,63.8,119,128100,8002340,2010-09-06 00:00:00,1
2010-09-07 00:00:00,2010-09-07 00:00:00,67.9,2010-09-07 00:00:00,59,59.8,44,35000,2251130,2010-09-07 00:00:00,1
2010-09-08 00:00:00,2010-09-08 00:00:00,65,2010-09-08 00:00:00,60,62.2,80,129400,8287690,2010-09-08 00:00:00,1
2010-09-09 00:00:00,2010-09-09 00:00:00,64,2010-09-09 00:00:00,61,63,4,2400,147390,2010-09-09 00:00:00,1
2010-09-13 00:00:00,2010-09-13 00:00:00,65,2010-09-13 00:00:00,63,63.7,43,50700,3237780,2010-09-13 00:00:00,1
2010-09-14 00:00:00,2010-09-14 00:00:00,63,2010-09-14 00:00:00,61,62,14,6300,388850,2010-09-14 00:00:00,1
2010-09-15 00:00:00,2010-09-15 00:00:00,62,2010-09-15 00:00:00,58,61.5,15,8100,496920,2010-09-15 00:00:00,1
2010-09-17 00:00:00,2010-09-17 00:00:00,63,2010-09-17 00:00:00,60,60,17,37800,2271420,2010-09-17 00:00:00,1
2010-09-20 00:00:00,2010-09-20 00:00:00,63,2010-09-20 00:00:00,60,62,28,51000,3105850,2010-09-20 00:00:00,1
2010-09-21 00:00:00,2010-09-21 00:00:00,71,2010-09-21 00:00:00,60,67.3,109,113500,7458910,2010-09-21 00:00:00,1
2010-09-23 00:00:00,2010-09-23 00:00:00,68.9,2010-09-23 00:00:00,63,65,28,47000,3065310,2010-09-23 00:00:00,1
2010-09-24 00:00:00,2010-09-24 00:00:00,67,2010-09-24 00:00:00,64,64,10,15800,1011800,2010-09-24 00:00:00,1
2010-09-27 00:00:00,2010-09-27 00:00:00,65,2010-09-27 00:00:00,64,65,11,27500,1782500,2010-09-27 00:00:00,1
2010-09-28 00:00:00,2010-09-28 00:00:00,68,2010-09-28 00:00:00,64,66.8,56,70200,4657690,2010-09-28 00:00:00,1
2010-09-29 00:00:00,2010-09-29 00:00:00,80,2010-09-29 00:00:00,68,74.5,357,472000,35561580,2010-09-29 00:00:00,1
2010-09-30 00:00:00,2010-09-30 00:00:00,75,2010-09-30 00:00:00,70,71.3,31,46700,3460770,2010-09-30 00:00:00,1
2010-10-01 00:00:00,2010-10-01 00:00:00,82,2010-10-01 00:00:00,70.1,79.5,152,344400,27032800,2010-10-01 00:00:00,1
2010-10-04 00:00:00,2010-10-04 00:00:00,93,2010-10-04 00:00:00,81,90.6,401,455700,39570230,2010-10-04 00:00:00,1
2010-10-05 00:00:00,2010-10-05 00:00:00,96.9,2010-10-05 00:00:00,86,92.1,141,233300,21829310,2010-10-05 00:00:00,1
2010-10-06 00:00:00,2010-10-06 00:00:00,95.5,2010-10-06 00:00:00,89.9,91.3,85,129700,12149560,2010-10-06 00:00:00,1
2010-10-07 00:00:00,2010-10-07 00:00:00,91,2010-10-07 00:00:00,88,89.8,25,35200,3129290,2010-10-07 00:00:00,1
2010-10-08 00:00:00,2010-10-08 00:00:00,90,2010-10-08 00:00:00,81,86.6,16,12000,1029800,2010-10-08 00:00:00,1
2010-10-11 00:00:00,2010-10-11 00:00:00,90,2010-10-11 00:00:00,85,85.2,23,18600,1667970,2010-10-11 00:00:00,1
2010-10-12 00:00:00,2010-10-12 00:00:00,85,2010-10-12 00:00:00,77,78.1,17,10300,817010,2010-10-12 00:00:00,1
2010-10-13 00:00:00,2010-10-13 00:00:00,83.5,2010-10-13 00:00:00,70,79.8,24,26000,2026320,2010-10-13 00:00:00,1
2010-10-14 00:00:00,2010-10-14 00:00:00,84,2010-10-14 00:00:00,80,82.2,40,23800,1969550,2010-10-14 00:00:00,1
2010-10-15 00:00:00,2010-10-15 00:00:00,83,2010-10-15 00:00:00,72,76.9,19,14400,1079630,2010-10-15 00:00:00,1
2010-10-18 00:00:00,2010-10-18 00:00:00,78,2010-10-18 00:00:00,74,74.5,3,800,59600,2010-10-18 00:00:00,1
2010-10-19 00:00:00,2010-10-19 00:00:00,81.5,2010-10-19 00:00:00,70,80.7,20,14300,1115550,2010-10-19 00:00:00,1
2010-10-20 00:00:00,2010-10-20 00:00:00,80,2010-10-20 00:00:00,80,80,1,1000,80000,2010-10-20 00:00:00,1
2010-10-21 00:00:00,2010-10-21 00:00:00,84.9,2010-10-21 00:00:00,74.5,76.2,7,3800,313770,2010-10-21 00:00:00,1
2010-10-25 00:00:00,2010-10-25 00:00:00,81,2010-10-25 00:00:00,80,80,14,21700,1736100,2010-10-25 00:00:00,1
2010-10-26 00:00:00,2010-10-26 00:00:00,80.5,2010-10-26 00:00:00,76,80.5,20,71500,5622110,2010-10-26 00:00:00,1
2010-10-27 00:00:00,2010-10-27 00:00:00,85,2010-10-27 00:00:00,80,83,53,92600,7591230,2010-10-27 00:00:00,1
2010-10-28 00:00:00,2010-10-28 00:00:00,83,2010-10-28 00:00:00,80,80,9,11000,894910,2010-10-28 00:00:00,1
2010-10-29 00:00:00,2010-10-29 00:00:00,83,2010-10-29 00:00:00,83,83,1,500,41500,2010-10-29 00:00:00,1
2010-11-02 00:00:00,2010-11-02 00:00:00,80,2010-11-02 00:00:00,80,80,2,1100,88000,2010-11-02 00:00:00,1
2010-11-03 00:00:00,2010-11-03 00:00:00,81,2010-11-03 00:00:00,80,80.5,2,1100,88500,2010-11-03 00:00:00,1
2010-11-08 00:00:00,2010-11-08 00:00:00,80,2010-11-08 00:00:00,80,80,1,800,64000,2010-11-08 00:00:00,1
2010-11-09 00:00:00,2010-11-09 00:00:00,74,2010-11-09 00:00:00,74,74,1,100,7400,2010-11-09 00:00:00,1
2010-11-10 00:00:00,2010-11-10 00:00:00,74,2010-11-10 00:00:00,74,74,3,1000,74000,2010-11-10 00:00:00,1
2010-11-15 00:00:00,2010-11-15 00:00:00,71.6,2010-11-15 00:00:00,71,71,7,7500,535500,2010-11-15 00:00:00,1
2010-11-16 00:00:00,2010-11-16 00:00:00,74.5,2010-11-16 00:00:00,70,74.5,8,7800,555450,2010-11-16 00:00:00,1
2010-11-18 00:00:00,2010-11-18 00:00:00,76,2010-11-18 00:00:00,70,75.5,6,5100,375800,2010-11-18 00:00:00,1
2010-11-22 00:00:00,2010-11-22 00:00:00,78.5,2010-11-22 00:00:00,75,76.1,3,7400,563200,2010-11-22 00:00:00,1
2010-11-23 00:00:00,2010-11-23 00:00:00,79,2010-11-23 00:00:00,72.5,79,2,1600,116650,2010-11-23 00:00:00,1
2010-11-24 00:00:00,2010-11-24 00:00:00,72.5,2010-11-24 00:00:00,72.5,72.5,1,400,29000,2010-11-24 00:00:00,1
2010-11-25 00:00:00,2010-11-25 00:00:00,77,2010-11-25 00:00:00,77,77,2,29000,2233000,2010-11-25 00:00:00,1
2010-11-26 00:00:00,2010-11-26 00:00:00,78.5,2010-11-26 00:00:00,77,77,7,33000,2583000,2010-11-26 00:00:00,1
2010-11-30 00:00:00,2010-11-30 00:00:00,80,2010-11-30 00:00:00,75,78,9,5100,398550,2010-11-30 00:00:00,1
2010-12-02 00:00:00,2010-12-02 00:00:00,79.5,2010-12-02 00:00:00,79,79.4,2,27500,2183750,2010-12-02 00:00:00,1
2010-12-03 00:00:00,2010-12-03 00:00:00,79.5,2010-12-03 00:00:00,79.5,79.5,1,200,15900,2010-12-03 00:00:00,1
2010-12-06 00:00:00,2010-12-06 00:00:00,73,2010-12-06 00:00:00,73,73,2,6100,445300,2010-12-06 00:00:00,1
2010-12-07 00:00:00,2010-12-07 00:00:00,81.4,2010-12-07 00:00:00,73,78.8,17,23100,1820600,2010-12-07 00:00:00,1
2010-12-08 00:00:00,2010-12-08 00:00:00,80,2010-12-08 00:00:00,75,79.7,3,2200,174000,2010-12-08 00:00:00,1
2010-12-09 00:00:00,2010-12-09 00:00:00,80,2010-12-09 00:00:00,73.5,79.7,11,14600,1142120,2010-12-09 00:00:00,1
2010-12-10 00:00:00,2010-12-10 00:00:00,80,2010-12-10 00:00:00,80,80,4,82900,6632000,2010-12-10 00:00:00,1
2010-12-13 00:00:00,2010-12-13 00:00:00,82,2010-12-13 00:00:00,81.5,82,9,23100,1894130,2010-12-13 00:00:00,1
2010-12-14 00:00:00,2010-12-14 00:00:00,84,2010-12-14 00:00:00,80,81.2,20,10500,865030,2010-12-14 00:00:00,1
2010-12-15 00:00:00,2010-12-15 00:00:00,81.5,2010-12-15 00:00:00,80.5,80.7,10,12100,976050,2010-12-15 00:00:00,1
2010-12-16 00:00:00,2010-12-16 00:00:00,86,2010-12-16 00:00:00,80.4,84.3,18,20300,1712030,2010-12-16 00:00:00,1
2010-12-17 00:00:00,2010-12-17 00:00:00,81.2,2010-12-17 00:00:00,80.3,80.4,13,38500,3115980,2010-12-17 00:00:00,1
2010-12-23 00:00:00,2010-12-23 00:00:00,83.7,2010-12-23 00:00:00,80,80,5,1200,96780,2010-12-23 00:00:00,1
2010-12-24 00:00:00,2010-12-24 00:00:00,85,2010-12-24 00:00:00,85,85,1,500,42500,2010-12-24 00:00:00,1
2010-12-29 00:00:00,2010-12-29 00:00:00,80,2010-12-29 00:00:00,80,80,1,200,16000,2010-12-29 00:00:00,1
2010-12-30 00:00:00,2010-12-30 00:00:00,82,2010-12-30 00:00:00,80.1,80.1,6,11800,945370,2010-12-30 00:00:00,1
2010-12-31 00:00:00,2010-12-31 00:00:00,82,2010-12-31 00:00:00,81.1,81.1,7,8700,710700,2010-12-31 00:00:00,1
Company Id :  ASHA,,Security Type :  N,,Sub Type :  0000,,,,,,
Short Name :  ASIRI CENTRAL,,,,,,,,,,
Day,Date High,High,Date Low,Low,Closing,No. of Trades,No. of Shares,Turnover,Last Traded,Days Traded
2010-01-04 00:00:00,2010-01-04 00:00:00,100,2010-01-04 00:00:00,100,100,1,300,30000,2010-01-04 00:00:00,1
2010-01-05 00:00:00,2010-01-05 00:00:00,102.25,2010-01-05 00:00:00,102.25,102.25,1,100,10225,2010-01-05 00:00:00,1
2010-01-06 00:00:00,2010-01-06 00:00:00,110,2010-01-06 00:00:00,110,110,1,100,11000,2010-01-06 00:00:00,1
2010-01-13 00:00:00,2010-01-13 00:00:00,100.75,2010-01-13 00:00:00,100.75,100.75,1,200,20150,2010-01-13 00:00:00,1
2010-01-18 00:00:00,2010-01-18 00:00:00,100.75,2010-01-18 00:00:00,100.5,100.5,5,1600,160850,2010-01-18 00:00:00,1
2010-01-20 00:00:00,2010-01-20 00:00:00,100.5,2010-01-20 00:00:00,100.5,100.5,1,1100,110550,2010-01-20 00:00:00,1
2010-01-21 00:00:00,2010-01-21 00:00:00,100,2010-01-21 00:00:00,100,100,1,500,50000,2010-01-21 00:00:00,1
2010-01-22 00:00:00,2010-01-22 00:00:00,120,2010-01-22 00:00:00,120,120,1,100,12000,2010-01-22 00:00:00,1
2010-01-25 00:00:00,2010-01-25 00:00:00,117,2010-01-25 00:00:00,116,116.5,2,400,46600,2010-01-25 00:00:00,1
2010-02-18 00:00:00,2010-02-18 00:00:00,114.5,2010-02-18 00:00:00,102,108.75,7,5800,630400,2010-02-18 00:00:00,1
2010-02-19 00:00:00,2010-02-19 00:00:00,110,2010-02-19 00:00:00,110,110,1,200,22000,2010-02-19 00:00:00,1
2010-02-22 00:00:00,2010-02-22 00:00:00,101.25,2010-02-22 00:00:00,101.25,101.25,1,200,20250,2010-02-22 00:00:00,1
2010-02-23 00:00:00,2010-02-23 00:00:00,110,2010-02-23 00:00:00,102,106,4,1400,148400,2010-02-23 00:00:00,1
2010-02-25 00:00:00,2010-02-25 00:00:00,102.25,2010-02-25 00:00:00,102.25,102.25,1,200,20450,2010-02-25 00:00:00,1
2010-03-11 00:00:00,2010-03-11 00:00:00,110,2010-03-11 00:00:00,107,109.25,4,1000,109200,2010-03-11 00:00:00,1
2010-03-31 00:00:00,2010-03-31 00:00:00,110,2010-03-31 00:00:00,109,109.25,4,1000,109200,2010-03-31 00:00:00,1
2010-04-08 00:00:00,2010-04-08 00:00:00,110,2010-04-08 00:00:00,110,110,2,700,77000,2010-04-08 00:00:00,1
2010-04-12 00:00:00,2010-04-12 00:00:00,110,2010-04-12 00:00:00,110,110,2,200,22000,2010-04-12 00:00:00,1
2010-04-15 00:00:00,2010-04-15 00:00:00,110,2010-04-15 00:00:00,109,109,4,1700,185500,2010-04-15 00:00:00,1
2010-04-20 00:00:00,2010-04-20 00:00:00,110,2010-04-20 00:00:00,110,110,2,1000,110000,2010-04-20 00:00:00,1
2010-04-27 00:00:00,2010-04-27 00:00:00,113,2010-04-27 00:00:00,108,113,8,3900,431925,2010-04-27 00:00:00,1
2010-05-03 00:00:00,2010-05-03 00:00:00,120,2010-05-03 00:00:00,118.75,119.75,4,1600,191750,2010-05-03 00:00:00,1
2010-05-04 00:00:00,2010-05-04 00:00:00,115,2010-05-04 00:00:00,115,115,1,100,11500,2010-05-04 00:00:00,1
2010-05-05 00:00:00,2010-05-05 00:00:00,125,2010-05-05 00:00:00,119,120.25,4,1400,168300,2010-05-05 00:00:00,1
2010-05-06 00:00:00,2010-05-06 00:00:00,135,2010-05-06 00:00:00,121.5,131.5,7,1200,157650,2010-05-06 00:00:00,1
2010-05-07 00:00:00,2010-05-07 00:00:00,127,2010-05-07 00:00:00,127,127,1,1000,127000,2010-05-07 00:00:00,1
2010-05-10 00:00:00,2010-05-10 00:00:00,132,2010-05-10 00:00:00,130,130,4,800,104600,2010-05-10 00:00:00,1
2010-05-11 00:00:00,2010-05-11 00:00:00,130,2010-05-11 00:00:00,127,127.75,3,700,89500,2010-05-11 00:00:00,1
2010-05-12 00:00:00,2010-05-12 00:00:00,127.75,2010-05-12 00:00:00,127,127.25,2,300,38175,2010-05-12 00:00:00,1
2010-06-01 00:00:00,2010-06-01 00:00:00,125,2010-06-01 00:00:00,125,125,2,1300,162500,2010-06-01 00:00:00,1
2010-06-02 00:00:00,2010-06-02 00:00:00,115,2010-06-02 00:00:00,115,115,1,500,57500,2010-06-02 00:00:00,1
2010-06-10 00:00:00,2010-06-10 00:00:00,105,2010-06-10 00:00:00,105,105,1,100,10500,2010-06-10 00:00:00,1
2010-06-14 00:00:00,2010-06-14 00:00:00,120,2010-06-14 00:00:00,120,120,1,200,24000,2010-06-14 00:00:00,1
2010-06-16 00:00:00,2010-06-16 00:00:00,130,2010-06-16 00:00:00,130,130,2,300,39000,2010-06-16 00:00:00,1
2010-06-17 00:00:00,2010-06-17 00:00:00,135,2010-06-17 00:00:00,133,133,5,1600,215000,2010-06-17 00:00:00,1
2010-06-22 00:00:00,2010-06-22 00:00:00,140,2010-06-22 00:00:00,140,140,1,100,14000,2010-06-22 00:00:00,1
2010-06-24 00:00:00,2010-06-24 00:00:00,140,2010-06-24 00:00:00,130,130,3,1800,236000,2010-06-24 00:00:00,1
2010-06-28 00:00:00,2010-06-28 00:00:00,140,2010-06-28 00:00:00,140,140,1,500,70000,2010-06-28 00:00:00,1
2010-07-06 00:00:00,2010-07-06 00:00:00,159.75,2010-07-06 00:00:00,140,150,8,4200,629500,2010-07-06 00:00:00,1
2010-07-07 00:00:00,2010-07-07 00:00:00,159,2010-07-07 00:00:00,156,156.75,3,900,141075,2010-07-07 00:00:00,1
2010-07-08 00:00:00,2010-07-08 00:00:00,200.25,2010-07-08 00:00:00,165,190.75,59,14400,2666300,2010-07-08 00:00:00,1
2010-07-09 00:00:00,2010-07-09 00:00:00,196,2010-07-09 00:00:00,190.25,190.25,2,300,58225,2010-07-09 00:00:00,1
2010-07-12 00:00:00,2010-07-12 00:00:00,180,2010-07-12 00:00:00,180,180,3,1000,180000,2010-07-12 00:00:00,1
2010-07-15 00:00:00,2010-07-15 00:00:00,193,2010-07-15 00:00:00,190,192.5,5,1400,269400,2010-07-15 00:00:00,1
2010-07-29 00:00:00,2010-07-29 00:00:00,157,2010-07-29 00:00:00,157,157,2,200,31400,2010-07-29 00:00:00,1
2010-08-04 00:00:00,2010-08-04 00:00:00,159,2010-08-04 00:00:00,159,159,1,200,31800,2010-08-04 00:00:00,1
2010-09-01 00:00:00,2010-09-01 00:00:00,145,2010-09-01 00:00:00,143.1,144.1,2,200,28810,2010-09-01 00:00:00,1
2010-09-02 00:00:00,2010-09-02 00:00:00,158,2010-09-02 00:00:00,130,135.5,5,1700,230300,2010-09-02 00:00:00,1
2010-09-08 00:00:00,2010-09-08 00:00:00,149,2010-09-08 00:00:00,135.5,149,7,2300,333850,2010-09-08 00:00:00,1
2010-09-09 00:00:00,2010-09-09 00:00:00,163.9,2010-09-09 00:00:00,163,163.4,12,3100,506250,2010-09-09 00:00:00,1
2010-09-13 00:00:00,2010-09-13 00:00:00,179.7,2010-09-13 00:00:00,179.5,179.7,5,1000,179660,2010-09-13 00:00:00,1
2010-09-14 00:00:00,2010-09-14 00:00:00,197.6,2010-09-14 00:00:00,197,197.5,6,1100,217300,2010-09-14 00:00:00,1
2010-09-15 00:00:00,2010-09-15 00:00:00,200,2010-09-15 00:00:00,190,198.6,6,3400,676700,2010-09-15 00:00:00,1
2010-09-16 00:00:00,2010-09-16 00:00:00,200,2010-09-16 00:00:00,200,200,1,100,20000,2010-09-16 00:00:00,1
2010-09-17 00:00:00,2010-09-17 00:00:00,180,2010-09-17 00:00:00,180,180,1,100,18000,2010-09-17 00:00:00,1
2010-09-23 00:00:00,2010-09-23 00:00:00,180,2010-09-23 00:00:00,180,180,2,200,36000,2010-09-23 00:00:00,1
2010-09-24 00:00:00,2010-09-24 00:00:00,180,2010-09-24 00:00:00,180,180,2,200,36000,2010-09-24 00:00:00,1
2010-09-27 00:00:00,2010-09-27 00:00:00,170,2010-09-27 00:00:00,170,170,2,500,85000,2010-09-27 00:00:00,1
2010-09-28 00:00:00,2010-09-28 00:00:00,165,2010-09-28 00:00:00,165,165,1,100,16500,2010-09-28 00:00:00,1
2010-09-29 00:00:00,2010-09-29 00:00:00,170,2010-09-29 00:00:00,170,170,2,200,34000,2010-09-29 00:00:00,1
2010-09-30 00:00:00,2010-09-30 00:00:00,179,2010-09-30 00:00:00,170,174.5,3,700,122400,2010-09-30 00:00:00,1
2010-10-01 00:00:00,2010-10-01 00:00:00,175,2010-10-01 00:00:00,175,175,1,300,52500,2010-10-01 00:00:00,1
2010-10-04 00:00:00,2010-10-04 00:00:00,180,2010-10-04 00:00:00,150,166,3,500,83000,2010-10-04 00:00:00,1
2010-10-05 00:00:00,2010-10-05 00:00:00,150,2010-10-05 00:00:00,150,150,1,100,15000,2010-10-05 00:00:00,1
2010-10-11 00:00:00,2010-10-11 00:00:00,150,2010-10-11 00:00:00,150,150,2,900,135000,2010-10-11 00:00:00,1
2010-10-12 00:00:00,2010-10-12 00:00:00,150,2010-10-12 00:00:00,150,150,4,1600,240000,2010-10-12 00:00:00,1
2010-10-26 00:00:00,2010-10-26 00:00:00,150,2010-10-26 00:00:00,150,150,2,1100,165000,2010-10-26 00:00:00,1
2010-10-28 00:00:00,2010-10-28 00:00:00,151,2010-10-28 00:00:00,151,151,1,100,15100,2010-10-28 00:00:00,1
2010-12-23 00:00:00,2010-12-23 00:00:00,151,2010-12-23 00:00:00,151,151,1,200,30200,2010-12-23 00:00:00,1
2010-12-27 00:00:00,2010-12-27 00:00:00,191,2010-12-27 00:00:00,151,191,2,200,34200,2010-12-27 00:00:00,1
2010-12-28 00:00:00,2010-12-28 00:00:00,195,2010-12-28 00:00:00,195,195,1,100,19500,2010-12-28 00:00:00,1
2010-12-31 00:00:00,2010-12-31 00:00:00,162,2010-12-31 00:00:00,153,153.8,2,1100,169200,2010-12-31 00:00:00,1
Company Id :  ASHO,,Security Type :  N,,Sub Type :  0000,,,,,,
Short Name,:  LANKA ASHOK,,,,,,,,,
Day,Date High,High,Date Low,Low,Closing,No. of Trades,No. of Shares,Turnover,Last Traded,Days Traded
2010-02-25 00:00:00,2010-02-25 00:00:00,1150,2010-02-25 00:00:00,1000,1075,2,200,215000,2010-02-25 00:00:00,1
2010-04-16 00:00:00,2010-04-16 00:00:00,1150,2010-04-16 00:00:00,1150,1150,2,5000,5750000,2010-04-16 00:00:00,1
2010-04-19 00:00:00,2010-04-19 00:00:00,1225,2010-04-19 00:00:00,1225,1225,2,3500,4287500,2010-04-19 00:00:00,1
2010-06-02 00:00:00,2010-06-02 00:00:00,1375,2010-06-02 00:00:00,1325,1325,2,200,270000,2010-06-02 00:00:00,1
2010-06-11 00:00:00,2010-06-11 00:00:00,1400,2010-06-11 00:00:00,1200,1318.75,7,1300,1652500,2010-06-11 00:00:00,1
2010-06-14 00:00:00,2010-06-14 00:00:00,1500,2010-06-14 00:00:00,1500,1500,3,500,750000,2010-06-14 00:00:00,1
2010-06-15 00:00:00,2010-06-15 00:00:00,1400,2010-06-15 00:00:00,1400,1400,1,100,140000,2010-06-15 00:00:00,1
2010-06-17 00:00:00,2010-06-17 00:00:00,1400,2010-06-17 00:00:00,1400,1400,1,100,140000,2010-06-17 00:00:00,1
2010-06-21 00:00:00,2010-06-21 00:00:00,1700,2010-06-21 00:00:00,1500,1591.75,4,600,955000,2010-06-21 00:00:00,1
2010-06-24 00:00:00,2010-06-24 00:00:00,1700,2010-06-24 00:00:00,1700,1700,2,1100,1870000,2010-06-24 00:00:00,1
2010-06-28 00:00:00,2010-06-28 00:00:00,1850,2010-06-28 00:00:00,1700,1745,2,1000,1745000,2010-06-28 00:00:00,1
2010-06-29 00:00:00,2010-06-29 00:00:00,1900,2010-06-29 00:00:00,1800,1900,6,1400,2555000,2010-06-29 00:00:00,1
2010-07-01 00:00:00,2010-07-01 00:00:00,1900,2010-07-01 00:00:00,1900,1900,2,200,380000,2010-07-01 00:00:00,1
2010-07-02 00:00:00,2010-07-02 00:00:00,1850,2010-07-02 00:00:00,1850,1850,1,500,925000,2010-07-02 00:00:00,1
2010-07-05 00:00:00,2010-07-05 00:00:00,1990,2010-07-05 00:00:00,1990,1990,1,100,199000,2010-07-05 00:00:00,1
2010-07-06 00:00:00,2010-07-06 00:00:00,2200,2010-07-06 00:00:00,2200,2200,1,100,220000,2010-07-06 00:00:00,1
2010-07-16 00:00:00,2010-07-16 00:00:00,2500,2010-07-16 00:00:00,2500,2500,1,100,250000,2010-07-16 00:00:00,1
2010-07-20 00:00:00,2010-07-20 00:00:00,3000,2010-07-20 00:00:00,2575,3000,3,300,857500,2010-07-20 00:00:00,1
2010-07-21 00:00:00,2010-07-21 00:00:00,3150,2010-07-21 00:00:00,3150,3150,1,100,315000,2010-07-21 00:00:00,1
2010-07-28 00:00:00,2010-07-28 00:00:00,3200,2010-07-28 00:00:00,3200,3200,1,100,320000,2010-07-28 00:00:00,1
2010-07-29 00:00:00,2010-07-29 00:00:00,3250,2010-07-29 00:00:00,3250,3250,1,100,325000,2010-07-29 00:00:00,1
2010-08-05 00:00:00,2010-08-05 00:00:00,3400,2010-08-05 00:00:00,3400,3400,2,200,680000,2010-08-05 00:00:00,1
2010-08-09 00:00:00,2010-08-09 00:00:00,3600,2010-08-09 00:00:00,3500,3600,6,800,2810000,2010-08-09 00:00:00,1
2010-08-10 00:00:00,2010-08-10 00:00:00,3700,2010-08-10 00:00:00,3600,3650,2,200,730000,2010-08-10 00:00:00,1
2010-08-11 00:00:00,2010-08-11 00:00:00,3900,2010-08-11 00:00:00,3800,3850,2,200,770000,2010-08-11 00:00:00,1
2010-08-12 00:00:00,2010-08-12 00:00:00,4000,2010-08-12 00:00:00,4000,4000,2,200,800000,2010-08-12 00:00:00,1
2010-08-13 00:00:00,2010-08-13 00:00:00,3900,2010-08-13 00:00:00,3900,3900,1,100,390000,2010-08-13 00:00:00,1
2010-08-18 00:00:00,2010-08-18 00:00:00,3900,2010-08-18 00:00:00,3900,3900,5,800,3120000,2010-08-18 00:00:00,1
2010-08-20 00:00:00,2010-08-20 00:00:00,4000,2010-08-20 00:00:00,4000,4000,1,200,800000,2010-08-20 00:00:00,1
2010-08-23 00:00:00,2010-08-23 00:00:00,4100,2010-08-23 00:00:00,4100,4100,2,200,820000,2010-08-23 00:00:00,1
2010-08-26 00:00:00,2010-08-26 00:00:00,4000,2010-08-26 00:00:00,4000,4000,1,1000,4000000,2010-08-26 00:00:00,1
2010-08-27 00:00:00,2010-08-27 00:00:00,4000,2010-08-27 00:00:00,4000,4000,2,600,2400000,2010-08-27 00:00:00,1
2010-08-31 00:00:00,2010-08-31 00:00:00,3900,2010-08-31 00:00:00,3900,3900,2,200,780000,2010-08-31 00:00:00,1
2010-09-01 00:00:00,2010-09-01 00:00:00,3900,2010-09-01 00:00:00,3900,3900,2,200,780000,2010-09-01 00:00:00,1
2010-09-02 00:00:00,2010-09-02 00:00:00,3890,2010-09-02 00:00:00,3890,3890,1,100,389000,2010-09-02 00:00:00,1
2010-09-23 00:00:00,2010-09-23 00:00:00,4100,2010-09-23 00:00:00,3900,4000,3,400,1600000,2010-09-23 00:00:00,1
2010-10-18 00:00:00,2010-10-18 00:00:00,4100,2010-10-18 00:00:00,3990,4027,5,700,2818900,2010-10-18 00:00:00,1
2010-10-21 00:00:00,2010-10-21 00:00:00,4300,2010-10-21 00:00:00,4100,4155.6,8,900,3740000,2010-10-21 00:00:00,1
2010-12-28 00:00:00,2010-12-28 00:00:00,4100,2010-12-28 00:00:00,4100,4100,1,100,410000,2010-12-28 00:00:00,1
2010-12-29 00:00:00,2010-12-29 00:00:00,4100,2010-12-29 00:00:00,4000,4050,2,200,810000,2010-12-29 00:00:00,1
Company Id :  ASIR,,Security Type :  N,,Sub Type :  0000,,,,,,
Short Name :  ASIRI,,,,,,,,,,
Day,Date High,High,Date Low,Low,Closing,No. of Trades,No. of Shares,Turnover,Last Traded,Days Traded
2010-01-04 00:00:00,2010-01-04 00:00:00,10.5,2010-01-04 00:00:00,10,10,138,381800,3868325,2010-01-04 00:00:00,1
2010-01-05 00:00:00,2010-01-05 00:00:00,10.25,2010-01-05 00:00:00,10,10,85,620900,6227125,2010-01-05 00:00:00,1
2010-01-06 00:00:00,2010-01-06 00:00:00,10,2010-01-06 00:00:00,9.75,10,36,57100,570500,2010-01-06 00:00:00,1
2010-01-07 00:00:00,2010-01-07 00:00:00,10,2010-01-07 00:00:00,9.75,10,26,26100,255450,2010-01-07 00:00:00,1
2010-01-08 00:00:00,2010-01-08 00:00:00,10,2010-01-08 00:00:00,9.75,9.75,107,291200,2853600,2010-01-08 00:00:00,1
2010-01-11 00:00:00,2010-01-11 00:00:00,10,2010-01-11 00:00:00,9.75,9.75,57,84400,829625,2010-01-11 00:00:00,1
2010-01-12 00:00:00,2010-01-12 00:00:00,9.75,2010-01-12 00:00:00,9.5,9.75,103,231900,2219700,2010-01-12 00:00:00,1
2010-01-13 00:00:00,2010-01-13 00:00:00,9.75,2010-01-13 00:00:00,9.25,9.5,39,129100,1229700,2010-01-13 00:00:00,1
2010-01-15 00:00:00,2010-01-15 00:00:00,9.5,2010-01-15 00:00:00,9.25,9.5,44,125000,1187375,2010-01-15 00:00:00,1
2010-01-18 00:00:00,2010-01-18 00:00:00,9.75,2010-01-18 00:00:00,9.25,9.5,31,46500,437575,2010-01-18 00:00:00,1
2010-01-19 00:00:00,2010-01-19 00:00:00,9.5,2010-01-19 00:00:00,9.25,9.5,16,38700,366100,2010-01-19 00:00:00,1
2010-01-20 00:00:00,2010-01-20 00:00:00,9.5,2010-01-20 00:00:00,9.25,9.25,26,31500,295050,2010-01-20 00:00:00,1
2010-01-21 00:00:00,2010-01-21 00:00:00,9.5,2010-01-21 00:00:00,9.25,9.25,93,290200,2719525,2010-01-21 00:00:00,1
2010-01-22 00:00:00,2010-01-22 00:00:00,9.5,2010-01-22 00:00:00,9.25,9.5,26,49600,470700,2010-01-22 00:00:00,1
2010-01-25 00:00:00,2010-01-25 00:00:00,9.5,2010-01-25 00:00:00,9,9,132,475000,4323075,2010-01-25 00:00:00,1
2010-01-26 00:00:00,2010-01-26 00:00:00,9.5,2010-01-26 00:00:00,9.25,9.25,32,110700,1024525,2010-01-26 00:00:00,1
2010-01-28 00:00:00,2010-01-28 00:00:00,9.25,2010-01-28 00:00:00,9,9.25,65,367000,3390825,2010-01-28 00:00:00,1
2010-02-01 00:00:00,2010-02-01 00:00:00,9.5,2010-02-01 00:00:00,9.25,9.25,43,175400,1627650,2010-02-01 00:00:00,1
2010-02-02 00:00:00,2010-02-02 00:00:00,9.25,2010-02-02 00:00:00,9,9,160,658400,5956700,2010-02-02 00:00:00,1
2010-02-03 00:00:00,2010-02-03 00:00:00,9.25,2010-02-03 00:00:00,8.75,9,88,349100,3149600,2010-02-03 00:00:00,1
2010-02-05 00:00:00,2010-02-05 00:00:00,9.25,2010-02-05 00:00:00,8.75,8.75,42,237200,2139025,2010-02-05 00:00:00,1
2010-02-08 00:00:00,2010-02-08 00:00:00,9,2010-02-08 00:00:00,8.75,9,129,350900,3104900,2010-02-08 00:00:00,1
2010-02-09 00:00:00,2010-02-09 00:00:00,9,2010-02-09 00:00:00,8.75,8.75,68,121100,1082900,2010-02-09 00:00:00,1
2010-02-10 00:00:00,2010-02-10 00:00:00,9.25,2010-02-10 00:00:00,9,9,82,326700,2945175,2010-02-10 00:00:00,1
2010-02-11 00:00:00,2010-02-11 00:00:00,9.25,2010-02-11 00:00:00,8.75,8.75,77,155700,1366100,2010-02-11 00:00:00,1
2010-02-12 00:00:00,2010-02-12 00:00:00,9,2010-02-12 00:00:00,8.75,8.75,31,64300,563200,2010-02-12 00:00:00,1
2010-02-15 00:00:00,2010-02-15 00:00:00,9,2010-02-15 00:00:00,8.75,9,65,151200,1331350,2010-02-15 00:00:00,1
2010-02-16 00:00:00,2010-02-16 00:00:00,9,2010-02-16 00:00:00,8.75,8.75,14,13800,122950,2010-02-16 00:00:00,1
2010-02-17 00:00:00,2010-02-17 00:00:00,9,2010-02-17 00:00:00,8.75,8.75,24,26100,232150,2010-02-17 00:00:00,1
2010-02-18 00:00:00,2010-02-18 00:00:00,9,2010-02-18 00:00:00,8.75,8.75,42,87700,771775,2010-02-18 00:00:00,1
2010-02-19 00:00:00,2010-02-19 00:00:00,9,2010-02-19 00:00:00,8.75,8.75,45,71600,626550,2010-02-19 00:00:00,1
2010-02-22 00:00:00,2010-02-22 00:00:00,9,2010-02-22 00:00:00,8.75,9,18,85200,762550,2010-02-22 00:00:00,1
2010-02-23 00:00:00,2010-02-23 00:00:00,9,2010-02-23 00:00:00,8.75,8.75,24,59500,526925,2010-02-23 00:00:00,1
2010-02-24 00:00:00,2010-02-24 00:00:00,9,2010-02-24 00:00:00,8.75,8.75,75,174100,1530650,2010-02-24 00:00:00,1
2010-02-25 00:00:00,2010-02-25 00:00:00,9.25,2010-02-25 00:00:00,9,9,91,239200,2154975,2010-02-25 00:00:00,1
2010-02-26 00:00:00,2010-02-26 00:00:00,9.5,2010-02-26 00:00:00,9,9.25,60,303400,2794625,2010-02-26 00:00:00,1
2010-03-01 00:00:00,2010-03-01 00:00:00,9.5,2010-03-01 00:00:00,9,9,130,2265800,20434575,2010-03-01 00:00:00,1
2010-03-02 00:00:00,2010-03-02 00:00:00,9,2010-03-02 00:00:00,8.75,9,26,76900,691650,2010-03-02 00:00:00,1
2010-03-03 00:00:00,2010-03-03 00:00:00,9,2010-03-03 00:00:00,8.75,8.75,65,145000,1271775,2010-03-03 00:00:00,1
2010-03-04 00:00:00,2010-03-04 00:00:00,9,2010-03-04 00:00:00,8.75,8.75,37,120600,1055575,2010-03-04 00:00:00,1
2010-03-05 00:00:00,2010-03-05 00:00:00,9.25,2010-03-05 00:00:00,8.75,9,128,709200,6385100,2010-03-05 00:00:00,1
2010-03-08 00:00:00,2010-03-08 00:00:00,9.25,2010-03-08 00:00:00,9,9,44,115000,1035025,2010-03-08 00:00:00,1
2010-03-09 00:00:00,2010-03-09 00:00:00,9,2010-03-09 00:00:00,9,9,13,186400,1677600,2010-03-09 00:00:00,1
2010-03-10 00:00:00,2010-03-10 00:00:00,9,2010-03-10 00:00:00,9,9,10,23700,213300,2010-03-10 00:00:00,1
2010-03-11 00:00:00,2010-03-11 00:00:00,9,2010-03-11 00:00:00,9,9,28,112700,1014300,2010-03-11 00:00:00,1
2010-03-12 00:00:00,2010-03-12 00:00:00,9,2010-03-12 00:00:00,8.75,8.75,21,31900,285600,2010-03-12 00:00:00,1
2010-03-15 00:00:00,2010-03-15 00:00:00,9,2010-03-15 00:00:00,9,9,44,112400,1011600,2010-03-15 00:00:00,1
2010-03-16 00:00:00,2010-03-16 00:00:00,9.25,2010-03-16 00:00:00,8.75,9,34,955500,8599375,2010-03-16 00:00:00,1
2010-03-17 00:00:00,2010-03-17 00:00:00,9.25,2010-03-17 00:00:00,9,9,17,51000,459250,2010-03-17 00:00:00,1
2010-03-18 00:00:00,2010-03-18 00:00:00,9.5,2010-03-18 00:00:00,8.75,8.75,108,1219000,11420700,2010-03-18 00:00:00,1
2010-03-19 00:00:00,2010-03-19 00:00:00,9,2010-03-19 00:00:00,8.75,8.75,4,3800,33500,2010-03-19 00:00:00,1
2010-03-22 00:00:00,2010-03-22 00:00:00,9,2010-03-22 00:00:00,8.75,8.75,14,33400,299750,2010-03-22 00:00:00,1
2010-03-23 00:00:00,2010-03-23 00:00:00,9,2010-03-23 00:00:00,8.75,8.75,79,1831700,16462575,2010-03-23 00:00:00,1
2010-03-25 00:00:00,2010-03-25 00:00:00,9,2010-03-25 00:00:00,8.75,9,26,40800,358150,2010-03-25 00:00:00,1
2010-03-26 00:00:00,2010-03-26 00:00:00,8.75,2010-03-26 00:00:00,8.75,8.75,52,124500,1089375,2010-03-26 00:00:00,1
2010-03-30 00:00:00,2010-03-30 00:00:00,9,2010-03-30 00:00:00,8.75,9,18,17700,158800,2010-03-30 00:00:00,1
2010-03-31 00:00:00,2010-03-31 00:00:00,9,2010-03-31 00:00:00,8.75,9,3,2200,19275,2010-03-31 00:00:00,1
2010-04-01 00:00:00,2010-04-01 00:00:00,9,2010-04-01 00:00:00,8.75,8.75,11,9000,79000,2010-04-01 00:00:00,1
2010-04-05 00:00:00,2010-04-05 00:00:00,9,2010-04-05 00:00:00,8.75,8.75,8,11500,100750,2010-04-05 00:00:00,1
2010-04-06 00:00:00,2010-04-06 00:00:00,9,2010-04-06 00:00:00,8.75,9,31,82400,739650,2010-04-06 00:00:00,1
2010-04-07 00:00:00,2010-04-07 00:00:00,9.25,2010-04-07 00:00:00,8.75,9,37,90100,812875,2010-04-07 00:00:00,1
2010-04-08 00:00:00,2010-04-08 00:00:00,9.25,2010-04-08 00:00:00,9,9,15,66400,597725,2010-04-08 00:00:00,1
2010-04-12 00:00:00,2010-04-12 00:00:00,9.25,2010-04-12 00:00:00,8.75,9,30,48600,437250,2010-04-12 00:00:00,1
2010-04-15 00:00:00,2010-04-15 00:00:00,9,2010-04-15 00:00:00,9,9,8,3300,29700,2010-04-15 00:00:00,1
2010-04-16 00:00:00,2010-04-16 00:00:00,9.25,2010-04-16 00:00:00,8.75,9,21,29200,262350,2010-04-16 00:00:00,1
2010-04-19 00:00:00,2010-04-19 00:00:00,9.25,2010-04-19 00:00:00,8.75,9,43,1505900,13553100,2010-04-19 00:00:00,1
2010-04-20 00:00:00,2010-04-20 00:00:00,9,2010-04-20 00:00:00,9,9,30,108200,973800,2010-04-20 00:00:00,1
2010-04-21 00:00:00,2010-04-21 00:00:00,9,2010-04-21 00:00:00,8.75,8.75,25,25700,229025,2010-04-21 00:00:00,1
2010-04-22 00:00:00,2010-04-22 00:00:00,9.25,2010-04-22 00:00:00,8.75,9,71,601100,5410475,2010-04-22 00:00:00,1
2010-04-23 00:00:00,2010-04-23 00:00:00,9.25,2010-04-23 00:00:00,8.75,9,46,248900,2235425,2010-04-23 00:00:00,1
2010-04-26 00:00:00,2010-04-26 00:00:00,9.25,2010-04-26 00:00:00,8.75,9,57,1476200,13285300,2010-04-26 00:00:00,1
2010-04-27 00:00:00,2010-04-27 00:00:00,9.25,2010-04-27 00:00:00,8.75,9,85,265200,2391175,2010-04-27 00:00:00,1
2010-04-29 00:00:00,2010-04-29 00:00:00,9.25,2010-04-29 00:00:00,9,9,46,318400,2866850,2010-04-29 00:00:00,1
2010-04-30 00:00:00,2010-04-30 00:00:00,9.25,2010-04-30 00:00:00,8.75,9,72,552100,4968425,2010-04-30 00:00:00,1
2010-05-03 00:00:00,2010-05-03 00:00:00,9,2010-05-03 00:00:00,8.75,9,65,418600,3766150,2010-05-03 00:00:00,1
2010-05-04 00:00:00,2010-05-04 00:00:00,9,2010-05-04 00:00:00,8.75,9,56,183300,1649450,2010-05-04 00:00:00,1
2010-05-05 00:00:00,2010-05-05 00:00:00,9.75,2010-05-05 00:00:00,9,9.5,568,4683300,43720825,2010-05-05 00:00:00,1
2010-05-06 00:00:00,2010-05-06 00:00:00,9.75,2010-05-06 00:00:00,9.25,9.25,131,414000,3876050,2010-05-06 00:00:00,1
2010-05-07 00:00:00,2010-05-07 00:00:00,9.5,2010-05-07 00:00:00,9.25,9.25,60,113600,1056600,2010-05-07 00:00:00,1
2010-05-10 00:00:00,2010-05-10 00:00:00,9.5,2010-05-10 00:00:00,9.25,9.25,38,115400,1067575,2010-05-10 00:00:00,1
2010-05-11 00:00:00,2010-05-11 00:00:00,9.5,2010-05-11 00:00:00,9.25,9.25,30,143900,1332200,2010-05-11 00:00:00,1
2010-05-12 00:00:00,2010-05-12 00:00:00,9.25,2010-05-12 00:00:00,9,9.25,50,374700,3401650,2010-05-12 00:00:00,1
2010-05-13 00:00:00,2010-05-13 00:00:00,9.5,2010-05-13 00:00:00,9.25,9.25,30,69500,643825,2010-05-13 00:00:00,1
2010-05-14 00:00:00,2010-05-14 00:00:00,9.5,2010-05-14 00:00:00,9,9.5,82,536600,5051725,2010-05-14 00:00:00,1
2010-05-17 00:00:00,2010-05-17 00:00:00,9.5,2010-05-17 00:00:00,9.25,9.25,16,37000,344500,2010-05-17 00:00:00,1
2010-05-18 00:00:00,2010-05-18 00:00:00,9.25,2010-05-18 00:00:00,9,9,73,445000,4011375,2010-05-18 00:00:00,1
2010-05-19 00:00:00,2010-05-19 00:00:00,9.25,2010-05-19 00:00:00,9,9,40,368900,3398250,2010-05-19 00:00:00,1
2010-05-20 00:00:00,2010-05-20 00:00:00,9.25,2010-05-20 00:00:00,9,9,8,16600,149800,2010-05-20 00:00:00,1
2010-05-21 00:00:00,2010-05-21 00:00:00,9.25,2010-05-21 00:00:00,8.75,9,53,334900,3010225,2010-05-21 00:00:00,1
2010-05-24 00:00:00,2010-05-24 00:00:00,9,2010-05-24 00:00:00,8.75,8.75,19,22400,200825,2010-05-24 00:00:00,1
2010-05-25 00:00:00,2010-05-25 00:00:00,9,2010-05-25 00:00:00,8.75,9,15,34500,308975,2010-05-25 00:00:00,1
2010-05-26 00:00:00,2010-05-26 00:00:00,9,2010-05-26 00:00:00,9,9,18,90500,814500,2010-05-26 00:00:00,1
2010-05-31 00:00:00,2010-05-31 00:00:00,9.25,2010-05-31 00:00:00,8.75,9,17,63700,573275,2010-05-31 00:00:00,1
2010-06-01 00:00:00,2010-06-01 00:00:00,9.25,2010-06-01 00:00:00,9,9,21,36000,324125,2010-06-01 00:00:00,1
2010-06-02 00:00:00,2010-06-02 00:00:00,9,2010-06-02 00:00:00,8.75,8.75,34,105500,923750,2010-06-02 00:00:00,1
2010-06-03 00:00:00,2010-06-03 00:00:00,9,2010-06-03 00:00:00,8.75,8.75,32,69800,613700,2010-06-03 00:00:00,1
2010-06-04 00:00:00,2010-06-04 00:00:00,9,2010-06-04 00:00:00,8.75,9,30,222300,1945700,2010-06-04 00:00:00,1
2010-06-07 00:00:00,2010-06-07 00:00:00,9,2010-06-07 00:00:00,8.75,8.75,41,174400,1541150,2010-06-07 00:00:00,1
2010-06-08 00:00:00,2010-06-08 00:00:00,9,2010-06-08 00:00:00,8.75,9,19,18600,167000,2010-06-08 00:00:00,1
2010-06-09 00:00:00,2010-06-09 00:00:00,9,2010-06-09 00:00:00,8.75,9,33,63900,569325,2010-06-09 00:00:00,1
2010-06-10 00:00:00,2010-06-10 00:00:00,9.25,2010-06-10 00:00:00,9,9,25,2053500,18486500,2010-06-10 00:00:00,1
2010-06-11 00:00:00,2010-06-11 00:00:00,9.25,2010-06-11 00:00:00,9,9,26,136100,1225000,2010-06-11 00:00:00,1
2010-06-14 00:00:00,2010-06-14 00:00:00,9.25,2010-06-14 00:00:00,8.75,9.25,97,549900,5005025,2010-06-14 00:00:00,1
2010-06-15 00:00:00,2010-06-15 00:00:00,9.5,2010-06-15 00:00:00,8.75,9,53,677500,6102200,2010-06-15 00:00:00,1
2010-06-16 00:00:00,2010-06-16 00:00:00,9,2010-06-16 00:00:00,8.75,9,70,2071000,18638975,2010-06-16 00:00:00,1
2010-06-17 00:00:00,2010-06-17 00:00:00,9,2010-06-17 00:00:00,8.75,9,47,667300,5991750,2010-06-17 00:00:00,1
2010-06-21 00:00:00,2010-06-21 00:00:00,9.25,2010-06-21 00:00:00,9,9.25,86,1256700,11479575,2010-06-21 00:00:00,1
2010-06-22 00:00:00,2010-06-22 00:00:00,9.5,2010-06-22 00:00:00,9,9.25,41,242900,2250550,2010-06-22 00:00:00,1
2010-06-23 00:00:00,2010-06-23 00:00:00,9.5,2010-06-23 00:00:00,9,9,64,174600,1577525,2010-06-23 00:00:00,1
2010-06-24 00:00:00,2010-06-24 00:00:00,9,2010-06-24 00:00:00,8.75,9,39,109900,980375,2010-06-24 00:00:00,1
2010-06-28 00:00:00,2010-06-28 00:00:00,9,2010-06-28 00:00:00,8.75,9,23,27500,247375,2010-06-28 00:00:00,1
2010-06-29 00:00:00,2010-06-29 00:00:00,9,2010-06-29 00:00:00,8.75,9,42,102700,924075,2010-06-29 00:00:00,1
2010-06-30 00:00:00,2010-06-30 00:00:00,9,2010-06-30 00:00:00,8.75,9,32,80900,716500,2010-06-30 00:00:00,1
2010-07-01 00:00:00,2010-07-01 00:00:00,9.25,2010-07-01 00:00:00,8.75,9,60,153800,1383750,2010-07-01 00:00:00,1
2010-07-02 00:00:00,2010-07-02 00:00:00,9,2010-07-02 00:00:00,8.75,9,52,220600,1984850,2010-07-02 00:00:00,1
2010-07-05 00:00:00,2010-07-05 00:00:00,9,2010-07-05 00:00:00,8.75,9,31,179700,1585425,2010-07-05 00:00:00,1
2010-07-06 00:00:00,2010-07-06 00:00:00,9.25,2010-07-06 00:00:00,8.75,8.75,52,215800,1939975,2010-07-06 00:00:00,1
2010-07-07 00:00:00,2010-07-07 00:00:00,9.75,2010-07-07 00:00:00,9,9,291,2369700,21869900,2010-07-07 00:00:00,1
2010-07-08 00:00:00,2010-07-08 00:00:00,9,2010-07-08 00:00:00,8.75,8.75,136,790800,7063150,2010-07-08 00:00:00,1
2010-07-09 00:00:00,2010-07-09 00:00:00,9.25,2010-07-09 00:00:00,8.75,9,60,460500,4154325,2010-07-09 00:00:00,1
2010-07-12 00:00:00,2010-07-12 00:00:00,9.25,2010-07-12 00:00:00,8.75,9,44,335700,3006750,2010-07-12 00:00:00,1
2010-07-13 00:00:00,2010-07-13 00:00:00,9.25,2010-07-13 00:00:00,9,9,35,249600,2247025,2010-07-13 00:00:00,1
2010-07-14 00:00:00,2010-07-14 00:00:00,9,2010-07-14 00:00:00,8.75,9,62,418900,3746650,2010-07-14 00:00:00,1
2010-07-15 00:00:00,2010-07-15 00:00:00,9,2010-07-15 00:00:00,8.75,9,16,39400,353100,2010-07-15 00:00:00,1
2010-07-16 00:00:00,2010-07-16 00:00:00,9.25,2010-07-16 00:00:00,8.75,9,36,72300,650850,2010-07-16 00:00:00,1
2010-07-19 00:00:00,2010-07-19 00:00:00,9,2010-07-19 00:00:00,8.75,8.75,77,469400,4110100,2010-07-19 00:00:00,1
2010-07-20 00:00:00,2010-07-20 00:00:00,9,2010-07-20 00:00:00,8.75,8.75,23,54300,475650,2010-07-20 00:00:00,1
2010-07-21 00:00:00,2010-07-21 00:00:00,9,2010-07-21 00:00:00,8.75,8.75,46,187000,1655700,2010-07-21 00:00:00,1
2010-07-22 00:00:00,2010-07-22 00:00:00,9,2010-07-22 00:00:00,8.75,9,81,258200,2323550,2010-07-22 00:00:00,1
2010-07-23 00:00:00,2010-07-23 00:00:00,9,2010-07-23 00:00:00,8.75,8.75,18,47400,418625,2010-07-23 00:00:00,1
2010-07-26 00:00:00,2010-07-26 00:00:00,9,2010-07-26 00:00:00,8.75,8.75,48,147800,1307425,2010-07-26 00:00:00,1
2010-07-27 00:00:00,2010-07-27 00:00:00,9,2010-07-27 00:00:00,8.75,8.75,64,155100,1361675,2010-07-27 00:00:00,1
2010-07-28 00:00:00,2010-07-28 00:00:00,9.25,2010-07-28 00:00:00,8.75,9,100,670200,5995525,2010-07-28 00:00:00,1
2010-07-29 00:00:00,2010-07-29 00:00:00,9,2010-07-29 00:00:00,8.75,9,37,163300,1467400,2010-07-29 00:00:00,1
2010-07-30 00:00:00,2010-07-30 00:00:00,9,2010-07-30 00:00:00,8.75,9,48,393600,3529825,2010-07-30 00:00:00,1
2010-08-02 00:00:00,2010-08-02 00:00:00,9,2010-08-02 00:00:00,8.7,8.9,26,38500,342830,2010-08-02 00:00:00,1
2010-08-03 00:00:00,2010-08-03 00:00:00,9,2010-08-03 00:00:00,8.8,8.9,30,245100,2180100,2010-08-03 00:00:00,1
2010-08-04 00:00:00,2010-08-04 00:00:00,9,2010-08-04 00:00:00,8.9,8.9,23,90600,811140,2010-08-04 00:00:00,1
2010-08-05 00:00:00,2010-08-05 00:00:00,9,2010-08-05 00:00:00,8.6,8.8,58,119900,1056510,2010-08-05 00:00:00,1
2010-08-06 00:00:00,2010-08-06 00:00:00,8.9,2010-08-06 00:00:00,8.6,8.8,49,165000,1432870,2010-08-06 00:00:00,1
2010-08-09 00:00:00,2010-08-09 00:00:00,8.6,2010-08-09 00:00:00,8,8.2,102,309800,2557310,2010-08-09 00:00:00,1
2010-08-10 00:00:00,2010-08-10 00:00:00,8.9,2010-08-10 00:00:00,7.7,8.8,99,301000,2543220,2010-08-10 00:00:00,1
2010-08-11 00:00:00,2010-08-11 00:00:00,8.9,2010-08-11 00:00:00,8.8,8.8,28,154900,1363790,2010-08-11 00:00:00,1
2010-08-12 00:00:00,2010-08-12 00:00:00,8.7,2010-08-12 00:00:00,8.5,8.7,18,30100,261460,2010-08-12 00:00:00,1
2010-08-13 00:00:00,2010-08-13 00:00:00,8.8,2010-08-13 00:00:00,8.7,8.8,9,9700,85310,2010-08-13 00:00:00,1
2010-08-16 00:00:00,2010-08-16 00:00:00,9,2010-08-16 00:00:00,8.5,8.6,28,48100,416210,2010-08-16 00:00:00,1
2010-08-17 00:00:00,2010-08-17 00:00:00,8.8,2010-08-17 00:00:00,8.5,8.7,38,1544800,13293790,2010-08-17 00:00:00,1
2010-08-18 00:00:00,2010-08-18 00:00:00,8.8,2010-08-18 00:00:00,8.7,8.7,23,40200,351760,2010-08-18 00:00:00,1
2010-08-19 00:00:00,2010-08-19 00:00:00,8.9,2010-08-19 00:00:00,8.6,8.8,57,248200,2186540,2010-08-19 00:00:00,1
2010-08-20 00:00:00,2010-08-20 00:00:00,8.9,2010-08-20 00:00:00,8.7,8.8,22,38200,334750,2010-08-20 00:00:00,1
2010-08-23 00:00:00,2010-08-23 00:00:00,8.8,2010-08-23 00:00:00,8.6,8.7,42,100900,876380,2010-08-23 00:00:00,1
2010-08-25 00:00:00,2010-08-25 00:00:00,8.8,2010-08-25 00:00:00,8.6,8.7,31,103700,901350,2010-08-25 00:00:00,1
2010-08-26 00:00:00,2010-08-26 00:00:00,8.8,2010-08-26 00:00:00,8.6,8.7,20,46200,402320,2010-08-26 00:00:00,1
2010-08-27 00:00:00,2010-08-27 00:00:00,8.7,2010-08-27 00:00:00,8.6,8.6,18,31100,267760,2010-08-27 00:00:00,1
2010-08-30 00:00:00,2010-08-30 00:00:00,8.8,2010-08-30 00:00:00,8.6,8.6,20,41900,360620,2010-08-30 00:00:00,1
2010-08-31 00:00:00,2010-08-31 00:00:00,8.7,2010-08-31 00:00:00,8.4,8.6,45,197400,1679760,2010-08-31 00:00:00,1
2010-09-01 00:00:00,2010-09-01 00:00:00,8.7,2010-09-01 00:00:00,8.5,8.5,54,194900,1672400,2010-09-01 00:00:00,1
2010-09-02 00:00:00,2010-09-02 00:00:00,8.7,2010-09-02 00:00:00,8.5,8.6,35,66200,567230,2010-09-02 00:00:00,1
2010-09-03 00:00:00,2010-09-03 00:00:00,8.8,2010-09-03 00:00:00,8.5,8.8,79,582200,5079470,2010-09-03 00:00:00,1
2010-09-06 00:00:00,2010-09-06 00:00:00,8.9,2010-09-06 00:00:00,8.5,8.7,17,34000,296000,2010-09-06 00:00:00,1
2010-09-07 00:00:00,2010-09-07 00:00:00,8.8,2010-09-07 00:00:00,8.6,8.6,25,31600,273960,2010-09-07 00:00:00,1
2010-09-08 00:00:00,2010-09-08 00:00:00,8.9,2010-09-08 00:00:00,8.6,8.9,31,96200,836500,2010-09-08 00:00:00,1
2010-09-09 00:00:00,2010-09-09 00:00:00,8.9,2010-09-09 00:00:00,8.4,8.5,106,249100,2146370,2010-09-09 00:00:00,1
2010-09-13 00:00:00,2010-09-13 00:00:00,9,2010-09-13 00:00:00,8.7,8.8,71,242300,2144510,2010-09-13 00:00:00,1
2010-09-14 00:00:00,2010-09-14 00:00:00,9,2010-09-14 00:00:00,8.7,8.8,72,372000,3299690,2010-09-14 00:00:00,1
2010-09-15 00:00:00,2010-09-15 00:00:00,9,2010-09-15 00:00:00,8.6,8.8,53,98300,864550,2010-09-15 00:00:00,1
2010-09-16 00:00:00,2010-09-16 00:00:00,9.1,2010-09-16 00:00:00,8.6,9,74,382200,3414930,2010-09-16 00:00:00,1
2010-09-17 00:00:00,2010-09-17 00:00:00,9.1,2010-09-17 00:00:00,8.9,9,98,908600,8190100,2010-09-17 00:00:00,1
2010-09-20 00:00:00,2010-09-20 00:00:00,9.1,2010-09-20 00:00:00,8.9,9,35,112700,1014600,2010-09-20 00:00:00,1
2010-09-21 00:00:00,2010-09-21 00:00:00,9.4,2010-09-21 00:00:00,9,9.1,124,867900,7953720,2010-09-21 00:00:00,1
2010-09-23 00:00:00,2010-09-23 00:00:00,9.2,2010-09-23 00:00:00,9,9,57,301200,2713980,2010-09-23 00:00:00,1
2010-09-24 00:00:00,2010-09-24 00:00:00,9,2010-09-24 00:00:00,8.8,8.9,60,584000,5236380,2010-09-24 00:00:00,1
2010-09-27 00:00:00,2010-09-27 00:00:00,9,2010-09-27 00:00:00,8.8,8.9,38,108500,965420,2010-09-27 00:00:00,1
2010-09-28 00:00:00,2010-09-28 00:00:00,8.9,2010-09-28 00:00:00,8.8,8.8,33,80400,709090,2010-09-28 00:00:00,1
2010-09-29 00:00:00,2010-09-29 00:00:00,9,2010-09-29 00:00:00,8.8,8.9,60,183400,1625440,2010-09-29 00:00:00,1
2010-09-30 00:00:00,2010-09-30 00:00:00,9,2010-09-30 00:00:00,8.9,8.9,50,203300,1811260,2010-09-30 00:00:00,1
2010-10-01 00:00:00,2010-10-01 00:00:00,9,2010-10-01 00:00:00,8.7,8.9,109,331300,2938680,2010-10-01 00:00:00,1
2010-10-04 00:00:00,2010-10-04 00:00:00,9.1,2010-10-04 00:00:00,8.9,9,69,347700,3133900,2010-10-04 00:00:00,1
2010-10-05 00:00:00,2010-10-05 00:00:00,9.2,2010-10-05 00:00:00,8.9,8.9,131,632200,5707350,2010-10-05 00:00:00,1
2010-10-06 00:00:00,2010-10-06 00:00:00,9.3,2010-10-06 00:00:00,8.9,8.9,43,146600,1316040,2010-10-06 00:00:00,1
2010-10-07 00:00:00,2010-10-07 00:00:00,9.1,2010-10-07 00:00:00,8.8,8.8,73,214900,1903570,2010-10-07 00:00:00,1
2010-10-08 00:00:00,2010-10-08 00:00:00,8.9,2010-10-08 00:00:00,8.7,8.7,60,162100,1421640,2010-10-08 00:00:00,1
2010-10-11 00:00:00,2010-10-11 00:00:00,8.9,2010-10-11 00:00:00,8.7,8.7,30,92000,811180,2010-10-11 00:00:00,1
2010-10-12 00:00:00,2010-10-12 00:00:00,8.7,2010-10-12 00:00:00,8.4,8.4,80,283900,2413170,2010-10-12 00:00:00,1
2010-10-13 00:00:00,2010-10-13 00:00:00,8.6,2010-10-13 00:00:00,8,8.5,41,132100,1078100,2010-10-13 00:00:00,1
2010-10-14 00:00:00,2010-10-14 00:00:00,8.8,2010-10-14 00:00:00,8.4,8.5,55,103200,890990,2010-10-14 00:00:00,1
2010-10-15 00:00:00,2010-10-15 00:00:00,8.4,2010-10-15 00:00:00,8.2,8.3,35,122200,1008330,2010-10-15 00:00:00,1
2010-10-18 00:00:00,2010-10-18 00:00:00,8.7,2010-10-18 00:00:00,8.5,8.5,31,119000,1012500,2010-10-18 00:00:00,1
2010-10-19 00:00:00,2010-10-19 00:00:00,8.7,2010-10-19 00:00:00,8.5,8.6,31,70000,601960,2010-10-19 00:00:00,1
2010-10-20 00:00:00,2010-10-20 00:00:00,8.8,2010-10-20 00:00:00,8.5,8.6,23,47100,405840,2010-10-20 00:00:00,1
2010-10-21 00:00:00,2010-10-21 00:00:00,8.7,2010-10-21 00:00:00,8.5,8.6,73,288500,2482900,2010-10-21 00:00:00,1
2010-10-25 00:00:00,2010-10-25 00:00:00,8.7,2010-10-25 00:00:00,8.5,8.6,17,96000,825270,2010-10-25 00:00:00,1
2010-10-26 00:00:00,2010-10-26 00:00:00,8.6,2010-10-26 00:00:00,8.4,8.4,31,70200,597160,2010-10-26 00:00:00,1
2010-10-27 00:00:00,2010-10-27 00:00:00,8.5,2010-10-27 00:00:00,8.4,8.4,8,26900,226470,2010-10-27 00:00:00,1
2010-10-28 00:00:00,2010-10-28 00:00:00,8.5,2010-10-28 00:00:00,8.4,8.4,20,100200,841850,2010-10-28 00:00:00,1
2010-10-29 00:00:00,2010-10-29 00:00:00,8.6,2010-10-29 00:00:00,8.4,8.6,19,47100,401420,2010-10-29 00:00:00,1
2010-11-01 00:00:00,2010-11-01 00:00:00,8.7,2010-11-01 00:00:00,8.4,8.5,27,52400,446240,2010-11-01 00:00:00,1
2010-11-02 00:00:00,2010-11-02 00:00:00,8.5,2010-11-02 00:00:00,8.3,8.4,20,30500,254080,2010-11-02 00:00:00,1
2010-11-03 00:00:00,2010-11-03 00:00:00,8.6,2010-11-03 00:00:00,8.4,8.5,23,70200,595260,2010-11-03 00:00:00,1
2010-11-04 00:00:00,2010-11-04 00:00:00,8.6,2010-11-04 00:00:00,8.4,8.6,10,9900,84210,2010-11-04 00:00:00,1
2010-11-08 00:00:00,2010-11-08 00:00:00,8.7,2010-11-08 00:00:00,8.5,8.6,14,52400,450610,2010-11-08 00:00:00,1
2010-11-09 00:00:00,2010-11-09 00:00:00,8.6,2010-11-09 00:00:00,8.4,8.5,32,129100,1098900,2010-11-09 00:00:00,1
2010-11-10 00:00:00,2010-11-10 00:00:00,8.7,2010-11-10 00:00:00,8.4,8.5,20,22100,187740,2010-11-10 00:00:00,1
2010-11-11 00:00:00,2010-11-11 00:00:00,8.5,2010-11-11 00:00:00,8.4,8.5,14,57700,487870,2010-11-11 00:00:00,1
2010-11-12 00:00:00,2010-11-12 00:00:00,8.7,2010-11-12 00:00:00,8.5,8.6,27,117500,1003390,2010-11-12 00:00:00,1
2010-11-15 00:00:00,2010-11-15 00:00:00,8.7,2010-11-15 00:00:00,8.4,8.5,32,222200,1886350,2010-11-15 00:00:00,1
2010-11-16 00:00:00,2010-11-16 00:00:00,8.5,2010-11-16 00:00:00,8.5,8.5,21,146400,1244400,2010-11-16 00:00:00,1
2010-11-18 00:00:00,2010-11-18 00:00:00,8.6,2010-11-18 00:00:00,8.5,8.5,18,85900,734080,2010-11-18 00:00:00,1
2010-11-22 00:00:00,2010-11-22 00:00:00,8.6,2010-11-22 00:00:00,8.5,8.6,8,54500,463680,2010-11-22 00:00:00,1
2010-11-23 00:00:00,2010-11-23 00:00:00,8.6,2010-11-23 00:00:00,8.5,8.5,22,107500,914740,2010-11-23 00:00:00,1
2010-11-24 00:00:00,2010-11-24 00:00:00,8.7,2010-11-24 00:00:00,8.5,8.5,31,135700,1167920,2010-11-24 00:00:00,1
2010-11-25 00:00:00,2010-11-25 00:00:00,8.6,2010-11-25 00:00:00,8.5,8.5,17,32400,275710,2010-11-25 00:00:00,1
2010-11-26 00:00:00,2010-11-26 00:00:00,8.5,2010-11-26 00:00:00,8.4,8.4,15,51200,433290,2010-11-26 00:00:00,1
2010-11-29 00:00:00,2010-11-29 00:00:00,8.6,2010-11-29 00:00:00,8.3,8.5,44,283700,2404980,2010-11-29 00:00:00,1
2010-11-30 00:00:00,2010-11-30 00:00:00,9.1,2010-11-30 00:00:00,8.6,9,170,90031905,810257315,2010-11-30 00:00:00,1
2010-12-01 00:00:00,2010-12-01 00:00:00,9.1,2010-12-01 00:00:00,8.8,8.9,38,179400,1614790,2010-12-01 00:00:00,1
2010-12-02 00:00:00,2010-12-02 00:00:00,9.1,2010-12-02 00:00:00,8.8,8.9,59,203900,1835290,2010-12-02 00:00:00,1
2010-12-03 00:00:00,2010-12-03 00:00:00,9.1,2010-12-03 00:00:00,8.8,8.9,18,22200,196300,2010-12-03 00:00:00,1
2010-12-06 00:00:00,2010-12-06 00:00:00,9,2010-12-06 00:00:00,8.6,8.7,27,80600,703420,2010-12-06 00:00:00,1
2010-12-07 00:00:00,2010-12-07 00:00:00,8.7,2010-12-07 00:00:00,8.5,8.6,21,52700,450690,2010-12-07 00:00:00,1
2010-12-08 00:00:00,2010-12-08 00:00:00,8.6,2010-12-08 00:00:00,8.5,8.6,16,43000,369780,2010-12-08 00:00:00,1
2010-12-09 00:00:00,2010-12-09 00:00:00,8.7,2010-12-09 00:00:00,8.6,8.7,12,27300,235260,2010-12-09 00:00:00,1
2010-12-10 00:00:00,2010-12-10 00:00:00,8.8,2010-12-10 00:00:00,8.6,8.6,24,120600,1039270,2010-12-10 00:00:00,1
2010-12-13 00:00:00,2010-12-13 00:00:00,8.9,2010-12-13 00:00:00,8.7,8.9,9,9100,79600,2010-12-13 00:00:00,1
2010-12-14 00:00:00,2010-12-14 00:00:00,8.8,2010-12-14 00:00:00,8.6,8.6,8,18700,163390,2010-12-14 00:00:00,1
2010-12-15 00:00:00,2010-12-15 00:00:00,8.6,2010-12-15 00:00:00,8.6,8.6,9,25900,222740,2010-12-15 00:00:00,1
2010-12-16 00:00:00,2010-12-16 00:00:00,8.6,2010-12-16 00:00:00,8.5,8.6,30,262700,2234900,2010-12-16 00:00:00,1
2010-12-17 00:00:00,2010-12-17 00:00:00,8.6,2010-12-17 00:00:00,8.5,8.6,21,82300,699770,2010-12-17 00:00:00,1
2010-12-21 00:00:00,2010-12-21 00:00:00,8.6,2010-12-21 00:00:00,8.5,8.5,4,11600,98760,2010-12-21 00:00:00,1
2010-12-22 00:00:00,2010-12-22 00:00:00,8.8,2010-12-22 00:00:00,8.6,8.8,5,24100,207410,2010-12-22 00:00:00,1
2010-12-23 00:00:00,2010-12-23 00:00:00,8.9,2010-12-23 00:00:00,8.7,8.7,17,22100,194180,2010-12-23 00:00:00,1
2010-12-24 00:00:00,2010-12-24 00:00:00,8.7,2010-12-24 00:00:00,8.7,8.7,3,10700,93090,2010-12-24 00:00:00,1
2010-12-27 00:00:00,2010-12-27 00:00:00,8.7,2010-12-27 00:00:00,8.6,8.6,19,41500,359020,2010-12-27 00:00:00,1
2010-12-28 00:00:00,2010-12-28 00:00:00,8.7,2010-12-28 00:00:00,8.6,8.7,5,10900,94810,2010-12-28 00:00:00,1
2010-12-29 00:00:00,2010-12-29 00:00:00,8.8,2010-12-29 00:00:00,8.6,8.7,11,21000,182720,2010-12-29 00:00:00,1
2010-12-30 00:00:00,2010-12-30 00:00:00,8.8,2010-12-30 00:00:00,8.6,8.6,10,33000,286510,2010-12-30 00:00:00,1
2010-12-31 00:00:00,2010-12-31 00:00:00,8.9,2010-12-31 00:00:00,8.6,8.8,11,26500,232240,2010-12-31 00:00:00,1
Company Id :  ASPH,,Security Type :  N,,Sub Type :  0000,,,,,,
Short Name :  INDUSTRIAL ASPH.,,,,,,,,,,
Day,Date High,High,Date Low,Low,Closing,No. of Trades,No. of Shares,Turnover,Last Traded,Days Traded
2010-06-04 00:00:00,2010-06-04 00:00:00,175,2010-06-04 00:00:00,175,175,2,200,35000,2010-06-04 00:00:00,1
2010-06-30 00:00:00,2010-06-30 00:00:00,175,2010-06-30 00:00:00,175,175,1,1000,175000,2010-06-30 00:00:00,1
2010-07-07 00:00:00,2010-07-07 00:00:00,175,2010-07-07 00:00:00,175,175,1,100,17500,2010-07-07 00:00:00,1
2010-07-08 00:00:00,2010-07-08 00:00:00,175,2010-07-08 00:00:00,175,175,1,2800,490000,2010-07-08 00:00:00,1
2010-07-12 00:00:00,2010-07-12 00:00:00,175.5,2010-07-12 00:00:00,175.5,175.5,1,100,17550,2010-07-12 00:00:00,1
2010-08-06 00:00:00,2010-08-06 00:00:00,175.5,2010-08-06 00:00:00,175.5,175.5,2,400,70200,2010-08-06 00:00:00,1
2010-08-27 00:00:00,2010-08-27 00:00:00,175.5,2010-08-27 00:00:00,175.5,175.5,1,100,17550,2010-08-27 00:00:00,1
2010-08-30 00:00:00,2010-08-30 00:00:00,177.7,2010-08-30 00:00:00,177.7,177.7,1,100,17770,2010-08-30 00:00:00,1
2010-09-09 00:00:00,2010-09-09 00:00:00,195,2010-09-09 00:00:00,172,172,2,200,36700,2010-09-09 00:00:00,1
2010-09-16 00:00:00,2010-09-16 00:00:00,189.2,2010-09-16 00:00:00,189.2,189.2,1,200,37840,2010-09-16 00:00:00,1
2010-09-17 00:00:00,2010-09-17 00:00:00,208.1,2010-09-17 00:00:00,208.1,208.1,1,100,20810,2010-09-17 00:00:00,1
2010-09-23 00:00:00,2010-09-23 00:00:00,250,2010-09-23 00:00:00,250,250,1,100,25000,2010-09-23 00:00:00,1
2010-09-24 00:00:00,2010-09-24 00:00:00,330,2010-09-24 00:00:00,300,330,2,200,63000,2010-09-24 00:00:00,1
2010-09-29 00:00:00,2010-09-29 00:00:00,390,2010-09-29 00:00:00,390,390,1,100,39000,2010-09-29 00:00:00,1
2010-09-30 00:00:00,2010-09-30 00:00:00,350,2010-09-30 00:00:00,350,350,1,100,35000,2010-09-30 00:00:00,1
2010-10-05 00:00:00,2010-10-05 00:00:00,349,2010-10-05 00:00:00,349,349,1,100,34900,2010-10-05 00:00:00,1
Company Id :  ATL,,Security Type :  N,,Sub Type :  0000,,,,,,
Short Name :  AMANA,,,,,,,,,,
Day,Date High,High,Date Low,Low,Closing,No. of Trades,No. of Shares,Turnover,Last Traded,Days Traded
2010-01-04 00:00:00,2010-01-04 00:00:00,12.5,2010-01-04 00:00:00,12.5,12.5,2,1800,22500,2010-01-04 00:00:00,1
2010-01-05 00:00:00,2010-01-05 00:00:00,12.75,2010-01-05 00:00:00,12.5,12.75,8,4800,60950,2010-01-05 00:00:00,1
2010-01-06 00:00:00,2010-01-06 00:00:00,13.25,2010-01-06 00:00:00,13,13.25,9,5300,69675,2010-01-06 00:00:00,1
2010-01-07 00:00:00,2010-01-07 00:00:00,12.75,2010-01-07 00:00:00,12.5,12.75,7,3500,44125,2010-01-07 00:00:00,1
2010-01-08 00:00:00,2010-01-08 00:00:00,13.5,2010-01-08 00:00:00,12.75,13.25,47,38500,505175,2010-01-08 00:00:00,1
2010-01-11 00:00:00,2010-01-11 00:00:00,14.75,2010-01-11 00:00:00,13.5,13.75,159,157900,2269525,2010-01-11 00:00:00,1
2010-01-12 00:00:00,2010-01-12 00:00:00,13.75,2010-01-12 00:00:00,13.5,13.5,31,60100,812225,2010-01-12 00:00:00,1
2010-01-13 00:00:00,2010-01-13 00:00:00,14,2010-01-13 00:00:00,13.25,13.5,16,35400,477925,2010-01-13 00:00:00,1
2010-01-15 00:00:00,2010-01-15 00:00:00,13.5,2010-01-15 00:00:00,13.5,13.5,6,2200,29700,2010-01-15 00:00:00,1
2010-01-18 00:00:00,2010-01-18 00:00:00,13.25,2010-01-18 00:00:00,13,13,12,7500,98475,2010-01-18 00:00:00,1
2010-01-19 00:00:00,2010-01-19 00:00:00,12.75,2010-01-19 00:00:00,12.75,12.75,4,2900,36975,2010-01-19 00:00:00,1
2010-01-20 00:00:00,2010-01-20 00:00:00,13,2010-01-20 00:00:00,12.5,12.5,8,12800,165350,2010-01-20 00:00:00,1
2010-01-21 00:00:00,2010-01-21 00:00:00,13,2010-01-21 00:00:00,13,13,3,7000,91000,2010-01-21 00:00:00,1
2010-01-22 00:00:00,2010-01-22 00:00:00,13,2010-01-22 00:00:00,13,13,6,9400,122200,2010-01-22 00:00:00,1
2010-01-25 00:00:00,2010-01-25 00:00:00,13,2010-01-25 00:00:00,13,13,4,11100,144300,2010-01-25 00:00:00,1
2010-01-26 00:00:00,2010-01-26 00:00:00,13,2010-01-26 00:00:00,13,13,1,100,1300,2010-01-26 00:00:00,1
2010-01-28 00:00:00,2010-01-28 00:00:00,12.75,2010-01-28 00:00:00,12.75,12.75,1,5000,63750,2010-01-28 00:00:00,1
2010-02-01 00:00:00,2010-02-01 00:00:00,13.75,2010-02-01 00:00:00,12.75,13.25,6,6500,85875,2010-02-01 00:00:00,1
2010-02-02 00:00:00,2010-02-02 00:00:00,13.25,2010-02-02 00:00:00,12.75,13.25,5,5900,76575,2010-02-02 00:00:00,1
2010-02-03 00:00:00,2010-02-03 00:00:00,14,2010-02-03 00:00:00,13,13.75,33,88900,1182325,2010-02-03 00:00:00,1
2010-02-05 00:00:00,2010-02-05 00:00:00,15.25,2010-02-05 00:00:00,13.5,13.75,191,374500,5407650,2010-02-05 00:00:00,1
2010-02-08 00:00:00,2010-02-08 00:00:00,13.75,2010-02-08 00:00:00,13,13.75,11,29000,379750,2010-02-08 00:00:00,1
2010-02-09 00:00:00,2010-02-09 00:00:00,13.75,2010-02-09 00:00:00,13,13.25,16,34800,453650,2010-02-09 00:00:00,1
2010-02-10 00:00:00,2010-02-10 00:00:00,13.75,2010-02-10 00:00:00,13,13,28,49900,654275,2010-02-10 00:00:00,1
2010-02-11 00:00:00,2010-02-11 00:00:00,13.25,2010-02-11 00:00:00,13,13,7,11800,153825,2010-02-11 00:00:00,1
2010-02-12 00:00:00,2010-02-12 00:00:00,13.5,2010-02-12 00:00:00,13.5,13.5,1,1000,13500,2010-02-12 00:00:00,1
2010-02-15 00:00:00,2010-02-15 00:00:00,13.25,2010-02-15 00:00:00,13,13,6,2800,36600,2010-02-15 00:00:00,1
2010-02-16 00:00:00,2010-02-16 00:00:00,13.5,2010-02-16 00:00:00,13,13,9,22500,295250,2010-02-16 00:00:00,1
2010-02-17 00:00:00,2010-02-17 00:00:00,13.5,2010-02-17 00:00:00,13,13,6,5300,70325,2010-02-17 00:00:00,1
2010-02-18 00:00:00,2010-02-18 00:00:00,13,2010-02-18 00:00:00,13,13,3,3100,40300,2010-02-18 00:00:00,1
2010-02-19 00:00:00,2010-02-19 00:00:00,13,2010-02-19 00:00:00,13,13,11,22200,288600,2010-02-19 00:00:00,1
2010-02-22 00:00:00,2010-02-22 00:00:00,13,2010-02-22 00:00:00,12.75,12.75,23,12300,157300,2010-02-22 00:00:00,1
2010-02-23 00:00:00,2010-02-23 00:00:00,13,2010-02-23 00:00:00,12.75,12.75,14,21200,270675,2010-02-23 00:00:00,1
2010-02-24 00:00:00,2010-02-24 00:00:00,13,2010-02-24 00:00:00,12.75,13,5,4500,58250,2010-02-24 00:00:00,1
2010-02-25 00:00:00,2010-02-25 00:00:00,13.25,2010-02-25 00:00:00,13,13.25,5,8500,111900,2010-02-25 00:00:00,1
2010-02-26 00:00:00,2010-02-26 00:00:00,14,2010-02-26 00:00:00,13.25,13.5,26,22000,298200,2010-02-26 00:00:00,1
2010-03-01 00:00:00,2010-03-01 00:00:00,13.75,2010-03-01 00:00:00,13,13.25,8,4600,60675,2010-03-01 00:00:00,1
2010-03-02 00:00:00,2010-03-02 00:00:00,14,2010-03-02 00:00:00,13.75,14,41,60600,845100,2010-03-02 00:00:00,1
2010-03-03 00:00:00,2010-03-03 00:00:00,15.5,2010-03-03 00:00:00,14,15,295,573100,8530125,2010-03-03 00:00:00,1
2010-03-04 00:00:00,2010-03-04 00:00:00,15.25,2010-03-04 00:00:00,14.5,15,70,124800,1858450,2010-03-04 00:00:00,1
2010-03-05 00:00:00,2010-03-05 00:00:00,16.25,2010-03-05 00:00:00,15,15.75,251,573200,9071100,2010-03-05 00:00:00,1
2010-03-08 00:00:00,2010-03-08 00:00:00,15.5,2010-03-08 00:00:00,15,15.25,37,79900,1220025,2010-03-08 00:00:00,1
2010-03-09 00:00:00,2010-03-09 00:00:00,15.25,2010-03-09 00:00:00,15,15,19,76800,1156625,2010-03-09 00:00:00,1
2010-03-10 00:00:00,2010-03-10 00:00:00,16.75,2010-03-10 00:00:00,15.5,16,219,408500,6654000,2010-03-10 00:00:00,1
2010-03-11 00:00:00,2010-03-11 00:00:00,16.5,2010-03-11 00:00:00,16,16,100,167100,2691875,2010-03-11 00:00:00,1
2010-03-12 00:00:00,2010-03-12 00:00:00,16,2010-03-12 00:00:00,16,16,19,39500,632000,2010-03-12 00:00:00,1
2010-03-15 00:00:00,2010-03-15 00:00:00,16.75,2010-03-15 00:00:00,16.25,16.5,86,155900,2580600,2010-03-15 00:00:00,1
2010-03-16 00:00:00,2010-03-16 00:00:00,17,2010-03-16 00:00:00,16.25,16.5,42,104400,1721975,2010-03-16 00:00:00,1
2010-03-17 00:00:00,2010-03-17 00:00:00,16.5,2010-03-17 00:00:00,16.5,16.5,3,2100,34650,2010-03-17 00:00:00,1
2010-03-18 00:00:00,2010-03-18 00:00:00,16.5,2010-03-18 00:00:00,16,16,7,52600,867250,2010-03-18 00:00:00,1
2010-03-19 00:00:00,2010-03-19 00:00:00,16.5,2010-03-19 00:00:00,16,16,9,5400,86900,2010-03-19 00:00:00,1
2010-03-22 00:00:00,2010-03-22 00:00:00,15.5,2010-03-22 00:00:00,15.5,15.5,3,3900,60450,2010-03-22 00:00:00,1
2010-03-23 00:00:00,2010-03-23 00:00:00,15.75,2010-03-23 00:00:00,15.5,15.5,4,5400,83825,2010-03-23 00:00:00,1
2010-03-24 00:00:00,2010-03-24 00:00:00,16,2010-03-24 00:00:00,15.5,16,12,18100,288125,2010-03-24 00:00:00,1
2010-03-25 00:00:00,2010-03-25 00:00:00,16,2010-03-25 00:00:00,16,16,1,100,1600,2010-03-25 00:00:00,1
2010-03-26 00:00:00,2010-03-26 00:00:00,15.5,2010-03-26 00:00:00,15.5,15.5,2,3000,46500,2010-03-26 00:00:00,1
2010-03-30 00:00:00,2010-03-30 00:00:00,16,2010-03-30 00:00:00,15.75,16,5,21100,337375,2010-03-30 00:00:00,1
2010-03-31 00:00:00,2010-03-31 00:00:00,16,2010-03-31 00:00:00,15.75,16,8,7600,121175,2010-03-31 00:00:00,1
2010-04-01 00:00:00,2010-04-01 00:00:00,15.75,2010-04-01 00:00:00,15.5,15.75,2,600,9325,2010-04-01 00:00:00,1
2010-04-05 00:00:00,2010-04-05 00:00:00,16.5,2010-04-05 00:00:00,15.5,16.5,12,10600,173800,2010-04-05 00:00:00,1
2010-04-06 00:00:00,2010-04-06 00:00:00,17.25,2010-04-06 00:00:00,16.25,17,135,274300,4655100,2010-04-06 00:00:00,1
2010-04-07 00:00:00,2010-04-07 00:00:00,18.75,2010-04-07 00:00:00,17.25,18.25,174,347600,6272975,2010-04-07 00:00:00,1
2010-04-08 00:00:00,2010-04-08 00:00:00,18,2010-04-08 00:00:00,18,18,3,13000,234000,2010-04-08 00:00:00,1
2010-04-12 00:00:00,2010-04-12 00:00:00,18.25,2010-04-12 00:00:00,17.5,17.5,25,29700,524875,2010-04-12 00:00:00,1
2010-04-15 00:00:00,2010-04-15 00:00:00,18,2010-04-15 00:00:00,17.5,17.75,3,300,5350,2010-04-15 00:00:00,1
2010-04-16 00:00:00,2010-04-16 00:00:00,18.5,2010-04-16 00:00:00,17.5,17.5,11,33000,601950,2010-04-16 00:00:00,1
2010-04-19 00:00:00,2010-04-19 00:00:00,18.25,2010-04-19 00:00:00,17.75,18,9,69600,1252325,2010-04-19 00:00:00,1
2010-04-20 00:00:00,2010-04-20 00:00:00,17.5,2010-04-20 00:00:00,17.25,17.5,11,34400,601975,2010-04-20 00:00:00,1
2010-04-22 00:00:00,2010-04-22 00:00:00,17.5,2010-04-22 00:00:00,17.5,17.5,8,10000,175000,2010-04-22 00:00:00,1
2010-04-23 00:00:00,2010-04-23 00:00:00,22,2010-04-23 00:00:00,17.5,19.75,300,317500,6470025,2010-04-23 00:00:00,1
2010-04-26 00:00:00,2010-04-26 00:00:00,45.25,2010-04-26 00:00:00,19.75,36.75,1382,1303200,44184675,2010-04-26 00:00:00,1
2010-04-27 00:00:00,2010-04-27 00:00:00,42,2010-04-27 00:00:00,30,32.25,417,438100,15830625,2010-04-27 00:00:00,1
2010-04-29 00:00:00,2010-04-29 00:00:00,33,2010-04-29 00:00:00,26.25,28.25,223,251200,7475825,2010-04-29 00:00:00,1
2010-04-30 00:00:00,2010-04-30 00:00:00,30,2010-04-30 00:00:00,25,27.5,341,558100,15192750,2010-04-30 00:00:00,1
2010-05-03 00:00:00,2010-05-03 00:00:00,29,2010-05-03 00:00:00,26.5,28.5,60,50600,1425200,2010-05-03 00:00:00,1
2010-05-04 00:00:00,2010-05-04 00:00:00,29,2010-05-04 00:00:00,28.25,28.5,72,210100,5988400,2010-05-04 00:00:00,1
2010-05-05 00:00:00,2010-05-05 00:00:00,31.75,2010-05-05 00:00:00,28.5,29.75,261,742000,21998500,2010-05-05 00:00:00,1
2010-05-06 00:00:00,2010-05-06 00:00:00,30.75,2010-05-06 00:00:00,27,29.25,100,613900,16781075,2010-05-06 00:00:00,1
2010-05-07 00:00:00,2010-05-07 00:00:00,31,2010-05-07 00:00:00,29.25,30,68,92200,2797075,2010-05-07 00:00:00,1
2010-05-10 00:00:00,2010-05-10 00:00:00,30.75,2010-05-10 00:00:00,29,29.25,21,8000,237525,2010-05-10 00:00:00,1
2010-05-11 00:00:00,2010-05-11 00:00:00,30.5,2010-05-11 00:00:00,29,29.25,49,28300,842275,2010-05-11 00:00:00,1
2010-05-12 00:00:00,2010-05-12 00:00:00,30.75,2010-05-12 00:00:00,29.25,29.5,29,16100,483550,2010-05-12 00:00:00,1
2010-05-13 00:00:00,2010-05-13 00:00:00,29.75,2010-05-13 00:00:00,29,29.5,20,11600,339175,2010-05-13 00:00:00,1
2010-05-14 00:00:00,2010-05-14 00:00:00,30,2010-05-14 00:00:00,28.5,29,21,19200,557800,2010-05-14 00:00:00,1
2010-05-17 00:00:00,2010-05-17 00:00:00,29.5,2010-05-17 00:00:00,28.5,29.25,35,35700,1041700,2010-05-17 00:00:00,1
2010-05-18 00:00:00,2010-05-18 00:00:00,32.5,2010-05-18 00:00:00,30,32.25,382,489600,15277175,2010-05-18 00:00:00,1
2010-05-19 00:00:00,2010-05-19 00:00:00,33.25,2010-05-19 00:00:00,31,31.25,117,474100,15124600,2010-05-19 00:00:00,1
2010-05-20 00:00:00,2010-05-20 00:00:00,31.75,2010-05-20 00:00:00,30.75,31,15,14100,438425,2010-05-20 00:00:00,1
2010-05-21 00:00:00,2010-05-21 00:00:00,30.75,2010-05-21 00:00:00,30.25,30.25,47,54500,1652700,2010-05-21 00:00:00,1
2010-05-24 00:00:00,2010-05-24 00:00:00,31,2010-05-24 00:00:00,30.5,30.5,26,27100,835400,2010-05-24 00:00:00,1
2010-05-25 00:00:00,2010-05-25 00:00:00,31,2010-05-25 00:00:00,29.75,30.75,15,9000,273225,2010-05-25 00:00:00,1
2010-05-26 00:00:00,2010-05-26 00:00:00,31,2010-05-26 00:00:00,29.75,30.25,26,42500,1311350,2010-05-26 00:00:00,1
2010-05-31 00:00:00,2010-05-31 00:00:00,30.5,2010-05-31 00:00:00,30,30.25,19,11300,341325,2010-05-31 00:00:00,1
2010-06-01 00:00:00,2010-06-01 00:00:00,30.5,2010-06-01 00:00:00,29,29.25,32,31000,912075,2010-06-01 00:00:00,1
2010-06-02 00:00:00,2010-06-02 00:00:00,31,2010-06-02 00:00:00,30,30,14,16200,487000,2010-06-02 00:00:00,1
2010-06-03 00:00:00,2010-06-03 00:00:00,31.75,2010-06-03 00:00:00,30,31.25,60,65400,2025800,2010-06-03 00:00:00,1
2010-06-04 00:00:00,2010-06-04 00:00:00,31,2010-06-04 00:00:00,30.75,31,18,23900,740150,2010-06-04 00:00:00,1
2010-06-07 00:00:00,2010-06-07 00:00:00,32.25,2010-06-07 00:00:00,30,31.5,56,67000,2088575,2010-06-07 00:00:00,1
2010-06-08 00:00:00,2010-06-08 00:00:00,32,2010-06-08 00:00:00,30.25,31,46,48200,1493825,2010-06-08 00:00:00,1
2010-06-09 00:00:00,2010-06-09 00:00:00,32,2010-06-09 00:00:00,31,31.5,99,118300,3738625,2010-06-09 00:00:00,1
2010-06-10 00:00:00,2010-06-10 00:00:00,32,2010-06-10 00:00:00,31,31,120,89100,2797700,2010-06-10 00:00:00,1
2010-06-16 00:00:00,2010-06-16 00:00:00,21,2010-06-16 00:00:00,3.2,3.3,617,4736100,15946400,2010-06-16 00:00:00,1
2010-06-17 00:00:00,2010-06-17 00:00:00,3.4,2010-06-17 00:00:00,3.2,3.3,114,399000,1308310,2010-06-17 00:00:00,1
2010-06-21 00:00:00,2010-06-21 00:00:00,3.3,2010-06-21 00:00:00,3.1,3.2,74,473100,1508060,2010-06-21 00:00:00,1
2010-06-22 00:00:00,2010-06-22 00:00:00,3.3,2010-06-22 00:00:00,3.1,3.1,76,301200,946150,2010-06-22 00:00:00,1
2010-06-23 00:00:00,2010-06-23 00:00:00,3.2,2010-06-23 00:00:00,3,3,106,645000,1943840,2010-06-23 00:00:00,1
2010-06-24 00:00:00,2010-06-24 00:00:00,3.1,2010-06-24 00:00:00,3,3.1,36,94400,283600,2010-06-24 00:00:00,1
2010-06-28 00:00:00,2010-06-28 00:00:00,3.1,2010-06-28 00:00:00,2.9,3,51,179800,537960,2010-06-28 00:00:00,1
2010-06-29 00:00:00,2010-06-29 00:00:00,3.1,2010-06-29 00:00:00,2.9,2.9,37,286400,844330,2010-06-29 00:00:00,1
2010-06-30 00:00:00,2010-06-30 00:00:00,3,2010-06-30 00:00:00,2.9,3,93,503100,1509240,2010-06-30 00:00:00,1
2010-07-01 00:00:00,2010-07-01 00:00:00,3,2010-07-01 00:00:00,2.9,3,109,3051800,8948820,2010-07-01 00:00:00,1
2010-07-02 00:00:00,2010-07-02 00:00:00,3.5,2010-07-02 00:00:00,2.9,3.4,650,16818200,55752160,2010-07-02 00:00:00,1
2010-07-05 00:00:00,2010-07-05 00:00:00,3.5,2010-07-05 00:00:00,3.3,3.3,152,2908000,9883150,2010-07-05 00:00:00,1
2010-07-06 00:00:00,2010-07-06 00:00:00,3.4,2010-07-06 00:00:00,3.2,3.3,119,1715400,5666480,2010-07-06 00:00:00,1
2010-07-07 00:00:00,2010-07-07 00:00:00,3.4,2010-07-07 00:00:00,3.1,3.2,167,2351300,7635290,2010-07-07 00:00:00,1
2010-07-08 00:00:00,2010-07-08 00:00:00,3.4,2010-07-08 00:00:00,3.2,3.3,125,2536900,8378470,2010-07-08 00:00:00,1
2010-07-09 00:00:00,2010-07-09 00:00:00,3.5,2010-07-09 00:00:00,3.3,3.4,251,6250800,21208020,2010-07-09 00:00:00,1
2010-07-12 00:00:00,2010-07-12 00:00:00,3.4,2010-07-12 00:00:00,3.3,3.3,87,1931800,6395860,2010-07-12 00:00:00,1
2010-07-13 00:00:00,2010-07-13 00:00:00,3.4,2010-07-13 00:00:00,3.2,3.3,103,1215000,4009140,2010-07-13 00:00:00,1
2010-07-14 00:00:00,2010-07-14 00:00:00,3.4,2010-07-14 00:00:00,3.2,3.3,84,1012200,3339960,2010-07-14 00:00:00,1
2010-07-15 00:00:00,2010-07-15 00:00:00,3.3,2010-07-15 00:00:00,3.2,3.3,56,630700,2079660,2010-07-15 00:00:00,1
2010-07-16 00:00:00,2010-07-16 00:00:00,3.4,2010-07-16 00:00:00,3.2,3.3,42,397400,1311320,2010-07-16 00:00:00,1
2010-07-19 00:00:00,2010-07-19 00:00:00,3.3,2010-07-19 00:00:00,3.2,3.3,29,220600,725100,2010-07-19 00:00:00,1
2010-07-20 00:00:00,2010-07-20 00:00:00,3.4,2010-07-20 00:00:00,3.2,3.3,89,1056300,3485740,2010-07-20 00:00:00,1
2010-07-21 00:00:00,2010-07-21 00:00:00,3.4,2010-07-21 00:00:00,3.3,3.3,107,1886500,6225650,2010-07-21 00:00:00,1
2010-07-22 00:00:00,2010-07-22 00:00:00,3.4,2010-07-22 00:00:00,3.2,3.3,89,1544000,5089210,2010-07-22 00:00:00,1
2010-07-23 00:00:00,2010-07-23 00:00:00,3.5,2010-07-23 00:00:00,3.3,3.4,187,3994300,13459990,2010-07-23 00:00:00,1
2010-07-26 00:00:00,2010-07-26 00:00:00,3.4,2010-07-26 00:00:00,3.3,3.3,88,1020900,3443960,2010-07-26 00:00:00,1
2010-07-27 00:00:00,2010-07-27 00:00:00,3.5,2010-07-27 00:00:00,3.3,3.4,194,3172200,10791230,2010-07-27 00:00:00,1
2010-07-28 00:00:00,2010-07-28 00:00:00,3.6,2010-07-28 00:00:00,3.4,3.5,366,7956200,27851980,2010-07-28 00:00:00,1
2010-07-29 00:00:00,2010-07-29 00:00:00,3.5,2010-07-29 00:00:00,3.4,3.4,172,2949600,10198990,2010-07-29 00:00:00,1
2010-07-30 00:00:00,2010-07-30 00:00:00,3.5,2010-07-30 00:00:00,3.4,3.4,53,943500,3213000,2010-07-30 00:00:00,1
2010-08-02 00:00:00,2010-08-02 00:00:00,3.5,2010-08-02 00:00:00,3.3,3.4,108,939600,3198280,2010-08-02 00:00:00,1
2010-08-03 00:00:00,2010-08-03 00:00:00,3.4,2010-08-03 00:00:00,3.3,3.3,86,739000,2466500,2010-08-03 00:00:00,1
2010-08-04 00:00:00,2010-08-04 00:00:00,3.4,2010-08-04 00:00:00,3.3,3.3,56,380000,1265340,2010-08-04 00:00:00,1
2010-08-05 00:00:00,2010-08-05 00:00:00,3.3,2010-08-05 00:00:00,3.1,3.3,141,760700,2444780,2010-08-05 00:00:00,1
2010-08-06 00:00:00,2010-08-06 00:00:00,3.3,2010-08-06 00:00:00,3.1,3.1,174,2761500,8606250,2010-08-06 00:00:00,1
2010-08-09 00:00:00,2010-08-09 00:00:00,3.2,2010-08-09 00:00:00,2.9,2.9,182,2155600,6492620,2010-08-09 00:00:00,1
2010-08-10 00:00:00,2010-08-10 00:00:00,3.1,2010-08-10 00:00:00,2.8,3.1,187,2406100,7298890,2010-08-10 00:00:00,1
2010-08-11 00:00:00,2010-08-11 00:00:00,3.3,2010-08-11 00:00:00,3.1,3.1,133,1335300,4278400,2010-08-11 00:00:00,1
2010-08-12 00:00:00,2010-08-12 00:00:00,3.2,2010-08-12 00:00:00,3.1,3.1,33,231800,733460,2010-08-12 00:00:00,1
2010-08-13 00:00:00,2010-08-13 00:00:00,3.2,2010-08-13 00:00:00,3,3.1,112,824400,2534670,2010-08-13 00:00:00,1
2010-08-16 00:00:00,2010-08-16 00:00:00,3.2,2010-08-16 00:00:00,3,3.1,86,659200,2049330,2010-08-16 00:00:00,1
2010-08-17 00:00:00,2010-08-17 00:00:00,3.2,2010-08-17 00:00:00,3.1,3.1,50,313200,978690,2010-08-17 00:00:00,1
2010-08-18 00:00:00,2010-08-18 00:00:00,3.2,2010-08-18 00:00:00,3,3.2,104,1183000,3674150,2010-08-18 00:00:00,1
2010-08-19 00:00:00,2010-08-19 00:00:00,3.3,2010-08-19 00:00:00,3.1,3.2,82,642800,2053960,2010-08-19 00:00:00,1
2010-08-20 00:00:00,2010-08-20 00:00:00,3.3,2010-08-20 00:00:00,3.1,3.2,50,338400,1082580,2010-08-20 00:00:00,1
2010-08-23 00:00:00,2010-08-23 00:00:00,3.3,2010-08-23 00:00:00,3.1,3.2,48,102200,324920,2010-08-23 00:00:00,1
2010-08-25 00:00:00,2010-08-25 00:00:00,3.3,2010-08-25 00:00:00,3.1,3.1,31,137600,433870,2010-08-25 00:00:00,1
2010-08-26 00:00:00,2010-08-26 00:00:00,3.2,2010-08-26 00:00:00,3.1,3.1,47,216100,675150,2010-08-26 00:00:00,1
2010-08-27 00:00:00,2010-08-27 00:00:00,3.2,2010-08-27 00:00:00,3.1,3.2,57,254100,810300,2010-08-27 00:00:00,1
2010-08-30 00:00:00,2010-08-30 00:00:00,3.2,2010-08-30 00:00:00,3.1,3.2,73,195700,617280,2010-08-30 00:00:00,1
2010-08-31 00:00:00,2010-08-31 00:00:00,3.2,2010-08-31 00:00:00,3.1,3.1,65,523200,1626560,2010-08-31 00:00:00,1
2010-09-01 00:00:00,2010-09-01 00:00:00,3.2,2010-09-01 00:00:00,3.1,3.1,62,399100,1238630,2010-09-01 00:00:00,1
2010-09-02 00:00:00,2010-09-02 00:00:00,3.2,2010-09-02 00:00:00,3.1,3.2,33,214500,667840,2010-09-02 00:00:00,1
2010-09-03 00:00:00,2010-09-03 00:00:00,3.2,2010-09-03 00:00:00,3.1,3.1,35,279200,873390,2010-09-03 00:00:00,1
2010-09-06 00:00:00,2010-09-06 00:00:00,3.2,2010-09-06 00:00:00,3.1,3.2,68,778100,2486570,2010-09-06 00:00:00,1
2010-09-07 00:00:00,2010-09-07 00:00:00,3.2,2010-09-07 00:00:00,3.1,3.1,58,928000,2877280,2010-09-07 00:00:00,1
2010-09-08 00:00:00,2010-09-08 00:00:00,3.2,2010-09-08 00:00:00,3,3.1,109,1217300,3765900,2010-09-08 00:00:00,1
2010-09-09 00:00:00,2010-09-09 00:00:00,3.2,2010-09-09 00:00:00,3,3.1,72,1339800,4152850,2010-09-09 00:00:00,1
2010-09-13 00:00:00,2010-09-13 00:00:00,3.1,2010-09-13 00:00:00,3,3.1,129,1284100,3898090,2010-09-13 00:00:00,1
2010-09-14 00:00:00,2010-09-14 00:00:00,3.1,2010-09-14 00:00:00,3,3.1,25,310000,960600,2010-09-14 00:00:00,1
2010-09-15 00:00:00,2010-09-15 00:00:00,3.4,2010-09-15 00:00:00,3.1,3.2,169,2648900,8528530,2010-09-15 00:00:00,1
2010-09-16 00:00:00,2010-09-16 00:00:00,3.3,2010-09-16 00:00:00,3.1,3.2,67,435600,1390340,2010-09-16 00:00:00,1
2010-09-17 00:00:00,2010-09-17 00:00:00,3.3,2010-09-17 00:00:00,3.1,3.1,123,1191100,3785290,2010-09-17 00:00:00,1
2010-09-20 00:00:00,2010-09-20 00:00:00,3.4,2010-09-20 00:00:00,3.1,3.2,77,1165000,3761370,2010-09-20 00:00:00,1
2010-09-21 00:00:00,2010-09-21 00:00:00,3.3,2010-09-21 00:00:00,3.2,3.2,87,692800,2235040,2010-09-21 00:00:00,1
2010-09-23 00:00:00,2010-09-23 00:00:00,3.3,2010-09-23 00:00:00,3.1,3.2,58,1418300,4524590,2010-09-23 00:00:00,1
2010-09-24 00:00:00,2010-09-24 00:00:00,3.2,2010-09-24 00:00:00,3.1,3.2,44,281800,892310,2010-09-24 00:00:00,1
2010-09-27 00:00:00,2010-09-27 00:00:00,3.2,2010-09-27 00:00:00,3,3.1,87,729700,2243190,2010-09-27 00:00:00,1
2010-09-28 00:00:00,2010-09-28 00:00:00,3.2,2010-09-28 00:00:00,3,3.1,102,831200,2529020,2010-09-28 00:00:00,1
2010-09-29 00:00:00,2010-09-29 00:00:00,3.3,2010-09-29 00:00:00,3.1,3.2,198,2191800,6893060,2010-09-29 00:00:00,1
2010-09-30 00:00:00,2010-09-30 00:00:00,3.8,2010-09-30 00:00:00,3.3,3.5,920,12721400,45176870,2010-09-30 00:00:00,1
2010-10-01 00:00:00,2010-10-01 00:00:00,3.7,2010-10-01 00:00:00,3.4,3.4,209,1365800,4768110,2010-10-01 00:00:00,1
2010-10-04 00:00:00,2010-10-04 00:00:00,3.5,2010-10-04 00:00:00,3.2,3.3,96,704800,2349560,2010-10-04 00:00:00,1
2010-10-05 00:00:00,2010-10-05 00:00:00,3.4,2010-10-05 00:00:00,3.2,3.3,98,704000,2315100,2010-10-05 00:00:00,1
2010-10-06 00:00:00,2010-10-06 00:00:00,3.4,2010-10-06 00:00:00,3.2,3.2,70,698900,2268910,2010-10-06 00:00:00,1
2010-10-07 00:00:00,2010-10-07 00:00:00,3.3,2010-10-07 00:00:00,3.1,3.1,121,1014700,3194230,2010-10-07 00:00:00,1
2010-10-08 00:00:00,2010-10-08 00:00:00,3.3,2010-10-08 00:00:00,3.1,3.2,87,1041500,3310400,2010-10-08 00:00:00,1
2010-10-11 00:00:00,2010-10-11 00:00:00,3.2,2010-10-11 00:00:00,3.1,3.2,45,301300,947360,2010-10-11 00:00:00,1
2010-10-12 00:00:00,2010-10-12 00:00:00,3.2,2010-10-12 00:00:00,3,3,118,818600,2470700,2010-10-12 00:00:00,1
2010-10-13 00:00:00,2010-10-13 00:00:00,3.1,2010-10-13 00:00:00,2.9,3,91,929000,2778270,2010-10-13 00:00:00,1
2010-10-14 00:00:00,2010-10-14 00:00:00,3.2,2010-10-14 00:00:00,3,3.1,51,319400,990400,2010-10-14 00:00:00,1
2010-10-15 00:00:00,2010-10-15 00:00:00,3.1,2010-10-15 00:00:00,3,3.1,32,105300,320500,2010-10-15 00:00:00,1
2010-10-18 00:00:00,2010-10-18 00:00:00,3.1,2010-10-18 00:00:00,3,3,32,372900,1121400,2010-10-18 00:00:00,1
2010-10-19 00:00:00,2010-10-19 00:00:00,3.1,2010-10-19 00:00:00,3,3,47,224000,674860,2010-10-19 00:00:00,1
2010-10-20 00:00:00,2010-10-20 00:00:00,3.1,2010-10-20 00:00:00,3,3,90,1021700,3092660,2010-10-20 00:00:00,1
2010-10-21 00:00:00,2010-10-21 00:00:00,3,2010-10-21 00:00:00,3,3,64,475200,1425600,2010-10-21 00:00:00,1
2010-10-25 00:00:00,2010-10-25 00:00:00,3.1,2010-10-25 00:00:00,2.9,3,16,338500,1015530,2010-10-25 00:00:00,1
2010-10-26 00:00:00,2010-10-26 00:00:00,3,2010-10-26 00:00:00,2.9,2.9,52,857200,2488650,2010-10-26 00:00:00,1
2010-10-27 00:00:00,2010-10-27 00:00:00,3,2010-10-27 00:00:00,2.8,2.9,22,27900,80380,2010-10-27 00:00:00,1
2010-10-28 00:00:00,2010-10-28 00:00:00,3,2010-10-28 00:00:00,2.9,2.9,46,312700,909280,2010-10-28 00:00:00,1
2010-10-29 00:00:00,2010-10-29 00:00:00,3,2010-10-29 00:00:00,2.8,2.9,78,528500,1535010,2010-10-29 00:00:00,1
2010-11-01 00:00:00,2010-11-01 00:00:00,3.1,2010-11-01 00:00:00,2.9,3,50,173100,518760,2010-11-01 00:00:00,1
2010-11-02 00:00:00,2010-11-02 00:00:00,3.1,2010-11-02 00:00:00,2.9,3,28,237500,712000,2010-11-02 00:00:00,1
2010-11-03 00:00:00,2010-11-03 00:00:00,3.1,2010-11-03 00:00:00,3,3,50,204300,615540,2010-11-03 00:00:00,1
2010-11-04 00:00:00,2010-11-04 00:00:00,3,2010-11-04 00:00:00,2.9,3,34,210100,629790,2010-11-04 00:00:00,1
2010-11-08 00:00:00,2010-11-08 00:00:00,3.1,2010-11-08 00:00:00,2.9,2.9,58,505500,1506300,2010-11-08 00:00:00,1
2010-11-09 00:00:00,2010-11-09 00:00:00,3,2010-11-09 00:00:00,2.9,2.9,40,448800,1302830,2010-11-09 00:00:00,1
2010-11-10 00:00:00,2010-11-10 00:00:00,3,2010-11-10 00:00:00,2.9,2.9,23,40600,118290,2010-11-10 00:00:00,1
2010-11-11 00:00:00,2010-11-11 00:00:00,3,2010-11-11 00:00:00,2.8,2.9,34,205800,596800,2010-11-11 00:00:00,1
2010-11-12 00:00:00,2010-11-12 00:00:00,3,2010-11-12 00:00:00,2.9,3,33,140700,420500,2010-11-12 00:00:00,1
2010-11-15 00:00:00,2010-11-15 00:00:00,3,2010-11-15 00:00:00,2.8,2.9,63,321000,930150,2010-11-15 00:00:00,1
2010-11-16 00:00:00,2010-11-16 00:00:00,2.9,2010-11-16 00:00:00,2.8,2.8,107,970200,2722570,2010-11-16 00:00:00,1
2010-11-18 00:00:00,2010-11-18 00:00:00,3,2010-11-18 00:00:00,2.8,2.9,22,71500,208950,2010-11-18 00:00:00,1
2010-11-22 00:00:00,2010-11-22 00:00:00,3,2010-11-22 00:00:00,2.9,2.9,14,47600,138430,2010-11-22 00:00:00,1
2010-11-23 00:00:00,2010-11-23 00:00:00,3,2010-11-23 00:00:00,2.9,2.9,79,733900,2180100,2010-11-23 00:00:00,1
2010-11-24 00:00:00,2010-11-24 00:00:00,3,2010-11-24 00:00:00,2.8,2.9,48,174000,504420,2010-11-24 00:00:00,1
2010-11-25 00:00:00,2010-11-25 00:00:00,2.9,2010-11-25 00:00:00,2.8,2.9,37,149900,430880,2010-11-25 00:00:00,1
2010-11-26 00:00:00,2010-11-26 00:00:00,2.9,2010-11-26 00:00:00,2.8,2.9,36,223900,644760,2010-11-26 00:00:00,1
2010-11-29 00:00:00,2010-11-29 00:00:00,2.9,2010-11-29 00:00:00,2.8,2.8,33,164000,469220,2010-11-29 00:00:00,1
2010-11-30 00:00:00,2010-11-30 00:00:00,3,2010-11-30 00:00:00,2.9,2.9,48,298300,870010,2010-11-30 00:00:00,1
2010-12-01 00:00:00,2010-12-01 00:00:00,3.1,2010-12-01 00:00:00,3,3.1,159,2583800,7969070,2010-12-01 00:00:00,1
2010-12-02 00:00:00,2010-12-02 00:00:00,3.1,2010-12-02 00:00:00,2.9,3,67,628800,1882890,2010-12-02 00:00:00,1
2010-12-03 00:00:00,2010-12-03 00:00:00,3.1,2010-12-03 00:00:00,2.9,3,50,244000,730250,2010-12-03 00:00:00,1
2010-12-06 00:00:00,2010-12-06 00:00:00,3,2010-12-06 00:00:00,2.9,2.9,24,180100,534090,2010-12-06 00:00:00,1
2010-12-07 00:00:00,2010-12-07 00:00:00,3,2010-12-07 00:00:00,2.9,2.9,31,86800,256730,2010-12-07 00:00:00,1
2010-12-08 00:00:00,2010-12-08 00:00:00,3,2010-12-08 00:00:00,2.9,2.9,14,73900,214370,2010-12-08 00:00:00,1
2010-12-09 00:00:00,2010-12-09 00:00:00,3,2010-12-09 00:00:00,2.9,3,20,40000,119280,2010-12-09 00:00:00,1
2010-12-10 00:00:00,2010-12-10 00:00:00,3,2010-12-10 00:00:00,2.9,3,17,60200,180050,2010-12-10 00:00:00,1
2010-12-13 00:00:00,2010-12-13 00:00:00,3,2010-12-13 00:00:00,2.9,3,14,33600,99270,2010-12-13 00:00:00,1
2010-12-14 00:00:00,2010-12-14 00:00:00,3,2010-12-14 00:00:00,2.9,3,37,233500,678690,2010-12-14 00:00:00,1
2010-12-15 00:00:00,2010-12-15 00:00:00,2.9,2010-12-15 00:00:00,2.9,2.9,14,67500,195750,2010-12-15 00:00:00,1
2010-12-16 00:00:00,2010-12-16 00:00:00,3,2010-12-16 00:00:00,2.9,2.9,29,93200,270910,2010-12-16 00:00:00,1
2010-12-17 00:00:00,2010-12-17 00:00:00,3,2010-12-17 00:00:00,2.9,2.9,38,75300,220870,2010-12-17 00:00:00,1
2010-12-21 00:00:00,2010-12-21 00:00:00,2.9,2010-12-21 00:00:00,2.9,2.9,10,11500,33350,2010-12-21 00:00:00,1
2010-12-22 00:00:00,2010-12-22 00:00:00,3,2010-12-22 00:00:00,2.9,2.9,28,71800,209990,2010-12-22 00:00:00,1
2010-12-23 00:00:00,2010-12-23 00:00:00,3,2010-12-23 00:00:00,2.9,3,24,126400,370130,2010-12-23 00:00:00,1
2010-12-24 00:00:00,2010-12-24 00:00:00,3,2010-12-24 00:00:00,2.9,2.9,13,9300,27410,2010-12-24 00:00:00,1
2010-12-27 00:00:00,2010-12-27 00:00:00,3.2,2010-12-27 00:00:00,2.9,3.1,236,5378900,16703540,2010-12-27 00:00:00,1
2010-12-28 00:00:00,2010-12-28 00:00:00,3.1,2010-12-28 00:00:00,3,3,33,159800,483420,2010-12-28 00:00:00,1
2010-12-29 00:00:00,2010-12-29 00:00:00,3.1,2010-12-29 00:00:00,3,3,32,229100,704380,2010-12-29 00:00:00,1
2010-12-30 00:00:00,2010-12-30 00:00:00,3.1,2010-12-30 00:00:00,2.9,3,71,3024200,9073220,2010-12-30 00:00:00,1
2010-12-31 00:00:00,2010-12-31 00:00:00,3.1,2010-12-31 00:00:00,3,3,19,148000,444170,2010-12-31 00:00:00,1
Company Id:  AUTO,,Security Type :  N,,Sub Type :  0000,,,,,,
Short Name :  AUTODROME,,,,,,,,,,
Day,Date High,High,Date Low,Low,Closing,No. of Trades,No. of Shares,Turnover,Last Traded,Days Traded
2010-01-12 00:00:00,2010-01-12 00:00:00,320,2010-01-12 00:00:00,320,320,2,200,64000,2010-01-12 00:00:00,1
2010-01-13 00:00:00,2010-01-13 00:00:00,322,2010-01-13 00:00:00,322,322,2,300,96600,2010-01-13 00:00:00,1
2010-01-15 00:00:00,2010-01-15 00:00:00,350,2010-01-15 00:00:00,340,344.75,5,500,172325,2010-01-15 00:00:00,1
2010-01-20 00:00:00,2010-01-20 00:00:00,350,2010-01-20 00:00:00,349.75,350,2,300,104975,2010-01-20 00:00:00,1
2010-01-22 00:00:00,2010-01-22 00:00:00,358,2010-01-22 00:00:00,352,355,2,200,71000,2010-01-22 00:00:00,1
2010-01-28 00:00:00,2010-01-28 00:00:00,350,2010-01-28 00:00:00,350,350,3,300,105000,2010-01-28 00:00:00,1
2010-02-11 00:00:00,2010-02-11 00:00:00,350,2010-02-11 00:00:00,350,350,1,100,35000,2010-02-11 00:00:00,1
2010-02-12 00:00:00,2010-02-12 00:00:00,350,2010-02-12 00:00:00,350,350,1,100,35000,2010-02-12 00:00:00,1
2010-02-16 00:00:00,2010-02-16 00:00:00,300,2010-02-16 00:00:00,300,300,5,500,150000,2010-02-16 00:00:00,1
2010-02-19 00:00:00,2010-02-19 00:00:00,360,2010-02-19 00:00:00,359.75,360,2,200,71975,2010-02-19 00:00:00,1
2010-03-01 00:00:00,2010-03-01 00:00:00,371,2010-03-01 00:00:00,360,360,9,1200,433100,2010-03-01 00:00:00,1
2010-03-12 00:00:00,2010-03-12 00:00:00,370,2010-03-12 00:00:00,360,365.25,4,400,146100,2010-03-12 00:00:00,1
2010-03-26 00:00:00,2010-03-26 00:00:00,380,2010-03-26 00:00:00,350,369.25,4,400,147700,2010-03-26 00:00:00,1
2010-04-19 00:00:00,2010-04-19 00:00:00,412,2010-04-19 00:00:00,398,403.25,3,300,121000,2010-04-19 00:00:00,1
2010-05-11 00:00:00,2010-05-11 00:00:00,370,2010-05-11 00:00:00,370,370,3,300,111000,2010-05-11 00:00:00,1
2010-05-13 00:00:00,2010-05-13 00:00:00,400,2010-05-13 00:00:00,400,400,2,200,80000,2010-05-13 00:00:00,1
2010-05-19 00:00:00,2010-05-19 00:00:00,430,2010-05-19 00:00:00,430,430,1,100,43000,2010-05-19 00:00:00,1
2010-05-20 00:00:00,2010-05-20 00:00:00,470,2010-05-20 00:00:00,450,456.75,3,400,184000,2010-05-20 00:00:00,1
2010-05-21 00:00:00,2010-05-21 00:00:00,470,2010-05-21 00:00:00,470,470,2,200,94000,2010-05-21 00:00:00,1
2010-05-25 00:00:00,2010-05-25 00:00:00,485,2010-05-25 00:00:00,484.75,485,3,400,193950,2010-05-25 00:00:00,1
2010-05-26 00:00:00,2010-05-26 00:00:00,575,2010-05-26 00:00:00,490,534.75,9,1800,962400,2010-05-26 00:00:00,1
2010-06-01 00:00:00,2010-06-01 00:00:00,580,2010-06-01 00:00:00,570,570,8,1100,628000,2010-06-01 00:00:00,1
2010-06-04 00:00:00,2010-06-04 00:00:00,500,2010-06-04 00:00:00,500,500,1,500,250000,2010-06-04 00:00:00,1
2010-07-02 00:00:00,2010-07-02 00:00:00,450,2010-07-02 00:00:00,440,445,2,400,178000,2010-07-02 00:00:00,1
2010-07-05 00:00:00,2010-07-05 00:00:00,440,2010-07-05 00:00:00,440,440,2,200,88000,2010-07-05 00:00:00,1
2010-07-07 00:00:00,2010-07-07 00:00:00,410,2010-07-07 00:00:00,410,410,1,100,41000,2010-07-07 00:00:00,1
2010-07-09 00:00:00,2010-07-09 00:00:00,400,2010-07-09 00:00:00,400,400,1,100,40000,2010-07-09 00:00:00,1
2010-08-02 00:00:00,2010-08-02 00:00:00,400,2010-08-02 00:00:00,400,400,1,200,80000,2010-08-02 00:00:00,1
2010-08-17 00:00:00,2010-08-17 00:00:00,440,2010-08-17 00:00:00,420,430,3,400,172000,2010-08-17 00:00:00,1
2010-08-18 00:00:00,2010-08-18 00:00:00,460,2010-08-18 00:00:00,460,460,3,300,138000,2010-08-18 00:00:00,1
2010-08-19 00:00:00,2010-08-19 00:00:00,500,2010-08-19 00:00:00,495,497.5,2,200,99500,2010-08-19 00:00:00,1
2010-08-30 00:00:00,2010-08-30 00:00:00,547.2,2010-08-30 00:00:00,480,542.7,11,1300,668600,2010-08-30 00:00:00,1
2010-08-31 00:00:00,2010-08-31 00:00:00,596,2010-08-31 00:00:00,550,594.5,9,1000,589000,2010-08-31 00:00:00,1
2010-09-01 00:00:00,2010-09-01 00:00:00,653.8,2010-09-01 00:00:00,600,617.9,13,1600,1016680,2010-09-01 00:00:00,1
2010-09-02 00:00:00,2010-09-02 00:00:00,679,2010-09-02 00:00:00,557,666.4,5,1100,689300,2010-09-02 00:00:00,1
2010-09-03 00:00:00,2010-09-03 00:00:00,600.5,2010-09-03 00:00:00,600.5,600.5,2,200,120100,2010-09-03 00:00:00,1
2010-09-17 00:00:00,2010-09-17 00:00:00,550,2010-09-17 00:00:00,550,550,7,700,385000,2010-09-17 00:00:00,1
2010-09-20 00:00:00,2010-09-20 00:00:00,550,2010-09-20 00:00:00,550,550,1,100,55000,2010-09-20 00:00:00,1
2010-09-21 00:00:00,2010-09-21 00:00:00,590,2010-09-21 00:00:00,520,555,2,200,111000,2010-09-21 00:00:00,1
2010-09-23 00:00:00,2010-09-23 00:00:00,599,2010-09-23 00:00:00,599,599,2,200,119800,2010-09-23 00:00:00,1
2010-09-28 00:00:00,2010-09-28 00:00:00,600,2010-09-28 00:00:00,600,600,1,100,60000,2010-09-28 00:00:00,1
2010-09-29 00:00:00,2010-09-29 00:00:00,600,2010-09-29 00:00:00,600,600,1,100,60000,2010-09-29 00:00:00,1
2010-09-30 00:00:00,2010-09-30 00:00:00,600,2010-09-30 00:00:00,600,600,2,200,120000,2010-09-30 00:00:00,1
2010-10-01 00:00:00,2010-10-01 00:00:00,600,2010-10-01 00:00:00,600,600,3,300,180000,2010-10-01 00:00:00,1
2010-10-07 00:00:00,2010-10-07 00:00:00,550,2010-10-07 00:00:00,550,550,1,100,55000,2010-10-07 00:00:00,1
2010-10-12 00:00:00,2010-10-12 00:00:00,649.9,2010-10-12 00:00:00,649.9,649.9,1,300,194970,2010-10-12 00:00:00,1
2010-10-28 00:00:00,2010-10-28 00:00:00,610,2010-10-28 00:00:00,549,602,7,800,465900,2010-10-28 00:00:00,1
2010-10-29 00:00:00,2010-10-29 00:00:00,649.9,2010-10-29 00:00:00,600,622,5,500,310990,2010-10-29 00:00:00,1
2010-12-03 00:00:00,2010-12-03 00:00:00,550,2010-12-03 00:00:00,550,550,1,100,55000,2010-12-03 00:00:00,1
2010-12-07 00:00:00,2010-12-07 00:00:00,450,2010-12-07 00:00:00,400,411.8,33,5000,2073460,2010-12-07 00:00:00,1
2010-12-08 00:00:00,2010-12-08 00:00:00,410.5,2010-12-08 00:00:00,410,410.1,4,400,164060,2010-12-08 00:00:00,1
2010-12-10 00:00:00,2010-12-10 00:00:00,410,2010-12-10 00:00:00,402.5,405.3,5,1000,404150,2010-12-10 00:00:00,1
2010-12-13 00:00:00,2010-12-13 00:00:00,401.5,2010-12-13 00:00:00,401.5,401.5,1,100,40150,2010-12-13 00:00:00,1
2010-12-14 00:00:00,2010-12-14 00:00:00,402,2010-12-14 00:00:00,402,402,1,100,40200,2010-12-14 00:00:00,1
2010-12-16 00:00:00,2010-12-16 00:00:00,403,2010-12-16 00:00:00,403,403,1,200,80600,2010-12-16 00:00:00,1
2010-12-22 00:00:00,2010-12-22 00:00:00,420,2010-12-22 00:00:00,400,410,4,400,163000,2010-12-22 00:00:00,1
2010-12-23 00:00:00,2010-12-23 00:00:00,410,2010-12-23 00:00:00,400,408,3,300,121600,2010-12-23 00:00:00,1
2010-12-28 00:00:00,2010-12-28 00:00:00,470,2010-12-28 00:00:00,450,467.5,4,600,275750,2010-12-28 00:00:00,1
2010-12-30 00:00:00,2010-12-30 00:00:00,405,2010-12-30 00:00:00,405,405,1,100,40500,2010-12-30 00:00:00,1
Company Id :  BALA,,Security Type :  N,,Sub Type :  0000,,,,,,
Short Name :  BALANGODA,,,,,,,,,,
Day,Date High,High,Date Low,Low,Closing,No. of Trades,No. of Shares,Turnover,Last Traded,Days Traded
2010-01-04 00:00:00,2010-01-04 00:00:00,25.25,2010-01-04 00:00:00,24.25,24.25,19,14200,349200,2010-01-04 00:00:00,1
2010-01-05 00:00:00,2010-01-05 00:00:00,25,2010-01-05 00:00:00,23.75,24,34,40900,1012250,2010-01-05 00:00:00,1
2010-01-06 00:00:00,2010-01-06 00:00:00,24,2010-01-06 00:00:00,23.75,24,13,17900,429425,2010-01-06 00:00:00,1
2010-01-07 00:00:00,2010-01-07 00:00:00,24.25,2010-01-07 00:00:00,23.5,24,22,11000,261250,2010-01-07 00:00:00,1
2010-01-08 00:00:00,2010-01-08 00:00:00,25.5,2010-01-08 00:00:00,24,25,104,195800,4867375,2010-01-08 00:00:00,1
2010-01-11 00:00:00,2010-01-11 00:00:00,26.5,2010-01-11 00:00:00,25.5,25.75,140,188400,4897725,2010-01-11 00:00:00,1
2010-01-12 00:00:00,2010-01-12 00:00:00,26,2010-01-12 00:00:00,25.75,25.75,64,79300,2052300,2010-01-12 00:00:00,1
2010-01-13 00:00:00,2010-01-13 00:00:00,26.5,2010-01-13 00:00:00,25.75,26,24,24100,624400,2010-01-13 00:00:00,1
2010-01-15 00:00:00,2010-01-15 00:00:00,26.25,2010-01-15 00:00:00,26,26.25,44,80100,2097350,2010-01-15 00:00:00,1
2010-01-18 00:00:00,2010-01-18 00:00:00,27.25,2010-01-18 00:00:00,26.25,27,106,147700,3978400,2010-01-18 00:00:00,1
2010-01-19 00:00:00,2010-01-19 00:00:00,26.5,2010-01-19 00:00:00,25.5,26,30,44500,1164100,2010-01-19 00:00:00,1
2010-01-20 00:00:00,2010-01-20 00:00:00,27,2010-01-20 00:00:00,26,26.75,40,28400,752425,2010-01-20 00:00:00,1
2010-01-21 00:00:00,2010-01-21 00:00:00,27,2010-01-21 00:00:00,25.5,26.5,44,104600,2754525,2010-01-21 00:00:00,1
2010-01-22 00:00:00,2010-01-22 00:00:00,27,2010-01-22 00:00:00,26,26,17,15500,403575,2010-01-22 00:00:00,1
2010-01-25 00:00:00,2010-01-25 00:00:00,27,2010-01-25 00:00:00,26,26.75,48,65100,1745950,2010-01-25 00:00:00,1
2010-01-26 00:00:00,2010-01-26 00:00:00,28,2010-01-26 00:00:00,26.5,27,58,72200,1946025,2010-01-26 00:00:00,1
2010-01-28 00:00:00,2010-01-28 00:00:00,29,2010-01-28 00:00:00,26.25,28.75,109,139000,3916725,2010-01-28 00:00:00,1
2010-02-01 00:00:00,2010-02-01 00:00:00,32.75,2010-02-01 00:00:00,29.5,31.75,219,269200,8476175,2010-02-01 00:00:00,1
2010-02-02 00:00:00,2010-02-02 00:00:00,35,2010-02-02 00:00:00,32,34,330,384500,13071650,2010-02-02 00:00:00,1
2010-02-03 00:00:00,2010-02-03 00:00:00,35.5,2010-02-03 00:00:00,33.5,34,119,144500,4935875,2010-02-03 00:00:00,1
2010-02-05 00:00:00,2010-02-05 00:00:00,34.5,2010-02-05 00:00:00,32.75,33.25,56,40900,1353225,2010-02-05 00:00:00,1
2010-02-08 00:00:00,2010-02-08 00:00:00,38,2010-02-08 00:00:00,34,37,153,182300,6555700,2010-02-08 00:00:00,1
2010-02-09 00:00:00,2010-02-09 00:00:00,37,2010-02-09 00:00:00,35,37,69,67700,2462225,2010-02-09 00:00:00,1
2010-02-10 00:00:00,2010-02-10 00:00:00,37.5,2010-02-10 00:00:00,35.5,35.75,43,39400,1422100,2010-02-10 00:00:00,1
2010-02-11 00:00:00,2010-02-11 00:00:00,36,2010-02-11 00:00:00,34.75,35,19,19700,690850,2010-02-11 00:00:00,1
2010-02-12 00:00:00,2010-02-12 00:00:00,35.5,2010-02-12 00:00:00,34,34.5,34,30700,1060350,2010-02-12 00:00:00,1
2010-02-15 00:00:00,2010-02-15 00:00:00,36.25,2010-02-15 00:00:00,35,36,32,21200,759325,2010-02-15 00:00:00,1
2010-02-16 00:00:00,2010-02-16 00:00:00,36,2010-02-16 00:00:00,34.25,34.75,24,28100,992800,2010-02-16 00:00:00,1
2010-02-17 00:00:00,2010-02-17 00:00:00,35.75,2010-02-17 00:00:00,34.25,35.5,23,24600,869025,2010-02-17 00:00:00,1
2010-02-18 00:00:00,2010-02-18 00:00:00,36,2010-02-18 00:00:00,34.75,34.75,9,9900,349150,2010-02-18 00:00:00,1
2010-02-19 00:00:00,2010-02-19 00:00:00,36,2010-02-19 00:00:00,34.75,35.5,33,52200,1836400,2010-02-19 00:00:00,1
2010-02-22 00:00:00,2010-02-22 00:00:00,39.5,2010-02-22 00:00:00,35.75,38,152,177000,6777375,2010-02-22 00:00:00,1
2010-02-23 00:00:00,2010-02-23 00:00:00,39.75,2010-02-23 00:00:00,38,38.25,49,66700,2572425,2010-02-23 00:00:00,1
2010-02-24 00:00:00,2010-02-24 00:00:00,39,2010-02-24 00:00:00,37.25,37.25,53,58100,2214500,2010-02-24 00:00:00,1
2010-02-25 00:00:00,2010-02-25 00:00:00,37,2010-02-25 00:00:00,33.75,34.25,270,372100,12900750,2010-02-25 00:00:00,1
2010-02-26 00:00:00,2010-02-26 00:00:00,34.75,2010-02-26 00:00:00,33.75,34.75,18,18300,630100,2010-02-26 00:00:00,1
2010-03-01 00:00:00,2010-03-01 00:00:00,34,2010-03-01 00:00:00,33,33.25,47,28500,949600,2010-03-01 00:00:00,1
2010-03-02 00:00:00,2010-03-02 00:00:00,34,2010-03-02 00:00:00,31.5,31.5,88,92400,2995725,2010-03-02 00:00:00,1
2010-03-03 00:00:00,2010-03-03 00:00:00,34,2010-03-03 00:00:00,31.5,31.75,49,29200,942075,2010-03-03 00:00:00,1
2010-03-04 00:00:00,2010-03-04 00:00:00,32.25,2010-03-04 00:00:00,31.75,31.75,16,8100,258375,2010-03-04 00:00:00,1
2010-03-05 00:00:00,2010-03-05 00:00:00,32,2010-03-05 00:00:00,32,32,15,19600,627200,2010-03-05 00:00:00,1
2010-03-08 00:00:00,2010-03-08 00:00:00,32,2010-03-08 00:00:00,31.25,31.5,26,14700,461275,2010-03-08 00:00:00,1
2010-03-09 00:00:00,2010-03-09 00:00:00,33.25,2010-03-09 00:00:00,30.5,31,25,22200,701725,2010-03-09 00:00:00,1
2010-03-10 00:00:00,2010-03-10 00:00:00,33,2010-03-10 00:00:00,32,32.5,25,12400,407050,2010-03-10 00:00:00,1
2010-03-11 00:00:00,2010-03-11 00:00:00,32.75,2010-03-11 00:00:00,32,32,10,6500,208525,2010-03-11 00:00:00,1
2010-03-12 00:00:00,2010-03-12 00:00:00,32.5,2010-03-12 00:00:00,31.5,32,25,31500,1008725,2010-03-12 00:00:00,1
2010-03-15 00:00:00,2010-03-15 00:00:00,32,2010-03-15 00:00:00,31.5,32,8,7900,252600,2010-03-15 00:00:00,1
2010-03-16 00:00:00,2010-03-16 00:00:00,32,2010-03-16 00:00:00,28.25,30.75,38,23200,701350,2010-03-16 00:00:00,1
2010-03-17 00:00:00,2010-03-17 00:00:00,31.75,2010-03-17 00:00:00,30,30,40,69400,2118075,2010-03-17 00:00:00,1
2010-03-18 00:00:00,2010-03-18 00:00:00,30,2010-03-18 00:00:00,30,30,9,6300,189000,2010-03-18 00:00:00,1
2010-03-19 00:00:00,2010-03-19 00:00:00,30,2010-03-19 00:00:00,29.5,30,17,14300,427650,2010-03-19 00:00:00,1
2010-03-22 00:00:00,2010-03-22 00:00:00,30,2010-03-22 00:00:00,29.5,29.75,15,12500,371675,2010-03-22 00:00:00,1
2010-03-23 00:00:00,2010-03-23 00:00:00,29.5,2010-03-23 00:00:00,28,28.25,71,122700,3547250,2010-03-23 00:00:00,1
2010-03-24 00:00:00,2010-03-24 00:00:00,28.5,2010-03-24 00:00:00,28,28.5,15,11500,324500,2010-03-24 00:00:00,1
2010-03-25 00:00:00,2010-03-25 00:00:00,29,2010-03-25 00:00:00,28.25,28.5,18,19400,553500,2010-03-25 00:00:00,1
2010-03-26 00:00:00,2010-03-26 00:00:00,30,2010-03-26 00:00:00,29,29.5,28,32900,963400,2010-03-26 00:00:00,1
2010-03-30 00:00:00,2010-03-30 00:00:00,31,2010-03-30 00:00:00,29.25,29.5,11,34500,1048325,2010-03-30 00:00:00,1
2010-03-31 00:00:00,2010-03-31 00:00:00,29.5,2010-03-31 00:00:00,29,29,26,34700,1010025,2010-03-31 00:00:00,1
2010-04-01 00:00:00,2010-04-01 00:00:00,30,2010-04-01 00:00:00,29,30,8,37200,1115575,2010-04-01 00:00:00,1
2010-04-05 00:00:00,2010-04-05 00:00:00,33.5,2010-04-05 00:00:00,30.5,33,124,672400,21576525,2010-04-05 00:00:00,1
2010-04-06 00:00:00,2010-04-06 00:00:00,34.25,2010-04-06 00:00:00,33.25,34,101,171200,5805200,2010-04-06 00:00:00,1
2010-04-07 00:00:00,2010-04-07 00:00:00,35.75,2010-04-07 00:00:00,34,34.75,101,80500,2794775,2010-04-07 00:00:00,1
2010-04-08 00:00:00,2010-04-08 00:00:00,35.5,2010-04-08 00:00:00,34,34.25,27,38300,1311425,2010-04-08 00:00:00,1
2010-04-12 00:00:00,2010-04-12 00:00:00,35.25,2010-04-12 00:00:00,33.75,34.25,23,43500,1487075,2010-04-12 00:00:00,1
2010-04-15 00:00:00,2010-04-15 00:00:00,34.5,2010-04-15 00:00:00,34,34.5,13,11700,402725,2010-04-15 00:00:00,1
2010-04-16 00:00:00,2010-04-16 00:00:00,35,2010-04-16 00:00:00,34.25,34.25,19,30200,1046575,2010-04-16 00:00:00,1
2010-04-19 00:00:00,2010-04-19 00:00:00,34.25,2010-04-19 00:00:00,34,34,24,24300,830800,2010-04-19 00:00:00,1
2010-04-20 00:00:00,2010-04-20 00:00:00,36.5,2010-04-20 00:00:00,34.5,36,166,248200,8828375,2010-04-20 00:00:00,1
2010-04-21 00:00:00,2010-04-21 00:00:00,38.5,2010-04-21 00:00:00,36,37,208,286700,10696150,2010-04-21 00:00:00,1
2010-04-22 00:00:00,2010-04-22 00:00:00,38.5,2010-04-22 00:00:00,36.5,37,77,70300,2615750,2010-04-22 00:00:00,1
2010-04-23 00:00:00,2010-04-23 00:00:00,38,2010-04-23 00:00:00,36.75,37.25,67,74900,2818500,2010-04-23 00:00:00,1
2010-04-26 00:00:00,2010-04-26 00:00:00,40.75,2010-04-26 00:00:00,37.75,40.25,414,761300,29891800,2010-04-26 00:00:00,1
2010-04-27 00:00:00,2010-04-27 00:00:00,42.25,2010-04-27 00:00:00,40.25,41,232,340300,13982525,2010-04-27 00:00:00,1
2010-04-29 00:00:00,2010-04-29 00:00:00,41.25,2010-04-29 00:00:00,39.75,40,100,245300,10017800,2010-04-29 00:00:00,1
2010-04-30 00:00:00,2010-04-30 00:00:00,40.5,2010-04-30 00:00:00,39.75,40.25,25,82700,3308500,2010-04-30 00:00:00,1
2010-05-03 00:00:00,2010-05-03 00:00:00,40.25,2010-05-03 00:00:00,38.25,38.75,79,87200,3400550,2010-05-03 00:00:00,1
2010-05-04 00:00:00,2010-05-04 00:00:00,39.75,2010-05-04 00:00:00,37.5,38,66,209600,7959725,2010-05-04 00:00:00,1
2010-05-05 00:00:00,2010-05-05 00:00:00,38.5,2010-05-05 00:00:00,37.5,37.5,31,34400,1297150,2010-05-05 00:00:00,1
2010-05-06 00:00:00,2010-05-06 00:00:00,40,2010-05-06 00:00:00,37.5,37.5,16,16100,605675,2010-05-06 00:00:00,1
2010-05-07 00:00:00,2010-05-07 00:00:00,38,2010-05-07 00:00:00,37.25,37.75,24,14400,545150,2010-05-07 00:00:00,1
2010-05-10 00:00:00,2010-05-10 00:00:00,38,2010-05-10 00:00:00,37.25,37.75,43,30100,1134050,2010-05-10 00:00:00,1
2010-05-11 00:00:00,2010-05-11 00:00:00,38,2010-05-11 00:00:00,37,37,35,30100,1124775,2010-05-11 00:00:00,1
2010-05-12 00:00:00,2010-05-12 00:00:00,38,2010-05-12 00:00:00,37.25,37.25,13,7400,276400,2010-05-12 00:00:00,1
2010-05-13 00:00:00,2010-05-13 00:00:00,38.5,2010-05-13 00:00:00,37,37.75,67,49500,1877625,2010-05-13 00:00:00,1
2010-05-14 00:00:00,2010-05-14 00:00:00,38,2010-05-14 00:00:00,37.5,37.75,25,28100,1055850,2010-05-14 00:00:00,1
2010-05-17 00:00:00,2010-05-17 00:00:00,38.75,2010-05-17 00:00:00,38,38.5,92,141600,5411400,2010-05-17 00:00:00,1
2010-05-18 00:00:00,2010-05-18 00:00:00,39.5,2010-05-18 00:00:00,37.75,38,59,92800,3535400,2010-05-18 00:00:00,1
2010-05-19 00:00:00,2010-05-19 00:00:00,38,2010-05-19 00:00:00,37,37.25,43,31500,1172350,2010-05-19 00:00:00,1
2010-05-20 00:00:00,2010-05-20 00:00:00,38,2010-05-20 00:00:00,36.5,37,21,37000,1375150,2010-05-20 00:00:00,1
2010-05-21 00:00:00,2010-05-21 00:00:00,37,2010-05-21 00:00:00,36,36.5,51,34900,1275325,2010-05-21 00:00:00,1
2010-05-24 00:00:00,2010-05-24 00:00:00,37,2010-05-24 00:00:00,36.5,36.75,10,6600,242775,2010-05-24 00:00:00,1
2010-05-25 00:00:00,2010-05-25 00:00:00,36.75,2010-05-25 00:00:00,35,35.75,25,33700,1189125,2010-05-25 00:00:00,1
2010-05-26 00:00:00,2010-05-26 00:00:00,36.5,2010-05-26 00:00:00,35.25,35.25,13,7500,266250,2010-05-26 00:00:00,1
2010-05-31 00:00:00,2010-05-31 00:00:00,36,2010-05-31 00:00:00,35,35,50,132800,4659150,2010-05-31 00:00:00,1
2010-06-01 00:00:00,2010-06-01 00:00:00,36.5,2010-06-01 00:00:00,35,35.5,49,62500,2207500,2010-06-01 00:00:00,1
2010-06-02 00:00:00,2010-06-02 00:00:00,35.5,2010-06-02 00:00:00,34.5,35,39,89600,3126250,2010-06-02 00:00:00,1
2010-06-03 00:00:00,2010-06-03 00:00:00,38,2010-06-03 00:00:00,35,36,53,90600,3248500,2010-06-03 00:00:00,1
2010-06-04 00:00:00,2010-06-04 00:00:00,36.5,2010-06-04 00:00:00,35.5,35.75,22,14500,521100,2010-06-04 00:00:00,1
2010-06-07 00:00:00,2010-06-07 00:00:00,36,2010-06-07 00:00:00,34.5,35.5,58,85600,3008775,2010-06-07 00:00:00,1
2010-06-08 00:00:00,2010-06-08 00:00:00,36,2010-06-08 00:00:00,34.75,35.75,24,13200,465425,2010-06-08 00:00:00,1
2010-06-09 00:00:00,2010-06-09 00:00:00,36.25,2010-06-09 00:00:00,35.75,36,33,35300,1271725,2010-06-09 00:00:00,1
2010-06-10 00:00:00,2010-06-10 00:00:00,36.25,2010-06-10 00:00:00,35.75,36,37,89200,3209000,2010-06-10 00:00:00,1
2010-06-11 00:00:00,2010-06-11 00:00:00,36,2010-06-11 00:00:00,35.75,36,37,50300,1809700,2010-06-11 00:00:00,1
2010-06-14 00:00:00,2010-06-14 00:00:00,36.5,2010-06-14 00:00:00,35.75,36.5,30,80200,2890700,2010-06-14 00:00:00,1
2010-06-15 00:00:00,2010-06-15 00:00:00,37.25,2010-06-15 00:00:00,36,36,38,117800,4279100,2010-06-15 00:00:00,1
2010-06-16 00:00:00,2010-06-16 00:00:00,38,2010-06-16 00:00:00,36,37.25,32,27700,1037175,2010-06-16 00:00:00,1
2010-06-17 00:00:00,2010-06-17 00:00:00,38,2010-06-17 00:00:00,37,37,30,19900,749850,2010-06-17 00:00:00,1
2010-06-21 00:00:00,2010-06-21 00:00:00,38,2010-06-21 00:00:00,36.75,38,55,75800,2829450,2010-06-21 00:00:00,1
2010-06-22 00:00:00,2010-06-22 00:00:00,38.5,2010-06-22 00:00:00,37.75,38,40,75200,2859800,2010-06-22 00:00:00,1
2010-06-23 00:00:00,2010-06-23 00:00:00,38,2010-06-23 00:00:00,37.5,38,34,48100,1824675,2010-06-23 00:00:00,1
2010-06-24 00:00:00,2010-06-24 00:00:00,38,2010-06-24 00:00:00,37,37.75,20,15200,570500,2010-06-24 00:00:00,1
2010-06-28 00:00:00,2010-06-28 00:00:00,38,2010-06-28 00:00:00,37.5,37.75,46,86000,3265975,2010-06-28 00:00:00,1
2010-06-29 00:00:00,2010-06-29 00:00:00,39,2010-06-29 00:00:00,37,38.5,89,119400,4597375,2010-06-29 00:00:00,1
2010-06-30 00:00:00,2010-06-30 00:00:00,39.25,2010-06-30 00:00:00,37,38,99,142500,5468900,2010-06-30 00:00:00,1
2010-07-01 00:00:00,2010-07-01 00:00:00,39,2010-07-01 00:00:00,38,38.25,43,86300,3316875,2010-07-01 00:00:00,1
2010-07-02 00:00:00,2010-07-02 00:00:00,38.25,2010-07-02 00:00:00,36,38,52,54700,2055600,2010-07-02 00:00:00,1
2010-07-05 00:00:00,2010-07-05 00:00:00,42.5,2010-07-05 00:00:00,38,42,382,673400,27697350,2010-07-05 00:00:00,1
2010-07-06 00:00:00,2010-07-06 00:00:00,44,2010-07-06 00:00:00,42,42.25,289,454400,19703475,2010-07-06 00:00:00,1
2010-07-07 00:00:00,2010-07-07 00:00:00,42.75,2010-07-07 00:00:00,39,40,106,242600,9772300,2010-07-07 00:00:00,1
2010-07-08 00:00:00,2010-07-08 00:00:00,41,2010-07-08 00:00:00,39.25,40.75,42,30100,1208725,2010-07-08 00:00:00,1
2010-07-09 00:00:00,2010-07-09 00:00:00,42,2010-07-09 00:00:00,39.5,39.75,32,19900,799300,2010-07-09 00:00:00,1
2010-07-12 00:00:00,2010-07-12 00:00:00,40,2010-07-12 00:00:00,37.25,38.5,46,54300,2086375,2010-07-12 00:00:00,1
2010-07-13 00:00:00,2010-07-13 00:00:00,40,2010-07-13 00:00:00,38,40,11,10700,426100,2010-07-13 00:00:00,1
2010-07-14 00:00:00,2010-07-14 00:00:00,40.75,2010-07-14 00:00:00,38.5,39.5,31,31900,1273850,2010-07-14 00:00:00,1
2010-07-15 00:00:00,2010-07-15 00:00:00,40,2010-07-15 00:00:00,39,39,17,16300,641350,2010-07-15 00:00:00,1
2010-07-16 00:00:00,2010-07-16 00:00:00,38.75,2010-07-16 00:00:00,38,38.75,12,15400,588000,2010-07-16 00:00:00,1
2010-07-19 00:00:00,2010-07-19 00:00:00,39,2010-07-19 00:00:00,37.75,39,40,42300,1614050,2010-07-19 00:00:00,1
2010-07-20 00:00:00,2010-07-20 00:00:00,40,2010-07-20 00:00:00,38,39.75,17,11800,465025,2010-07-20 00:00:00,1
2010-07-21 00:00:00,2010-07-21 00:00:00,41,2010-07-21 00:00:00,38,40,46,44200,1743225,2010-07-21 00:00:00,1
2010-07-22 00:00:00,2010-07-22 00:00:00,40,2010-07-22 00:00:00,39.5,39.75,23,43800,1743750,2010-07-22 00:00:00,1
2010-07-23 00:00:00,2010-07-23 00:00:00,42.5,2010-07-23 00:00:00,39.5,42,92,116800,4853750,2010-07-23 00:00:00,1
2010-07-26 00:00:00,2010-07-26 00:00:00,44,2010-07-26 00:00:00,41.75,43.75,149,192200,8382250,2010-07-26 00:00:00,1
2010-07-27 00:00:00,2010-07-27 00:00:00,46.5,2010-07-27 00:00:00,44,45.5,305,402900,18151725,2010-07-27 00:00:00,1
2010-07-28 00:00:00,2010-07-28 00:00:00,47.25,2010-07-28 00:00:00,44.25,44.75,110,115900,5334900,2010-07-28 00:00:00,1
2010-07-29 00:00:00,2010-07-29 00:00:00,45.5,2010-07-29 00:00:00,43.25,43.25,57,89300,3911275,2010-07-29 00:00:00,1
2010-07-30 00:00:00,2010-07-30 00:00:00,43.5,2010-07-30 00:00:00,43,43.25,53,66500,2873000,2010-07-30 00:00:00,1
2010-08-02 00:00:00,2010-08-02 00:00:00,44,2010-08-02 00:00:00,41.2,44,40,38600,1637510,2010-08-02 00:00:00,1
2010-08-03 00:00:00,2010-08-03 00:00:00,45,2010-08-03 00:00:00,43,43.5,33,63000,2745560,2010-08-03 00:00:00,1
2010-08-04 00:00:00,2010-08-04 00:00:00,43.5,2010-08-04 00:00:00,41.7,42.2,12,8600,367060,2010-08-04 00:00:00,1
2010-08-05 00:00:00,2010-08-05 00:00:00,42,2010-08-05 00:00:00,40,41.4,35,24700,1011060,2010-08-05 00:00:00,1
2010-08-06 00:00:00,2010-08-06 00:00:00,43,2010-08-06 00:00:00,41,42.4,16,14800,616980,2010-08-06 00:00:00,1
2010-08-09 00:00:00,2010-08-09 00:00:00,45,2010-08-09 00:00:00,38.6,39.7,57,75800,2993150,2010-08-09 00:00:00,1
2010-08-10 00:00:00,2010-08-10 00:00:00,43.6,2010-08-10 00:00:00,36.1,43.2,62,82900,3437160,2010-08-10 00:00:00,1
2010-08-11 00:00:00,2010-08-11 00:00:00,44.9,2010-08-11 00:00:00,41.1,41.1,36,26000,1090730,2010-08-11 00:00:00,1
2010-08-12 00:00:00,2010-08-12 00:00:00,43.1,2010-08-12 00:00:00,40,41,26,15800,649990,2010-08-12 00:00:00,1
2010-08-13 00:00:00,2010-08-13 00:00:00,44,2010-08-13 00:00:00,42,43.3,41,43100,1858340,2010-08-13 00:00:00,1
2010-08-16 00:00:00,2010-08-16 00:00:00,47,2010-08-16 00:00:00,44,45.4,213,316300,14544700,2010-08-16 00:00:00,1
2010-08-17 00:00:00,2010-08-17 00:00:00,46,2010-08-17 00:00:00,44,44.2,60,83700,3746790,2010-08-17 00:00:00,1
2010-08-18 00:00:00,2010-08-18 00:00:00,45,2010-08-18 00:00:00,44,44.2,37,41800,1839520,2010-08-18 00:00:00,1
2010-08-19 00:00:00,2010-08-19 00:00:00,45.5,2010-08-19 00:00:00,44,44.7,53,33200,1479850,2010-08-19 00:00:00,1
2010-08-20 00:00:00,2010-08-20 00:00:00,45.5,2010-08-20 00:00:00,44,44.8,36,37300,1665560,2010-08-20 00:00:00,1
2010-08-23 00:00:00,2010-08-23 00:00:00,45.2,2010-08-23 00:00:00,44.7,45,49,29200,1314720,2010-08-23 00:00:00,1
2010-08-25 00:00:00,2010-08-25 00:00:00,47,2010-08-25 00:00:00,45.3,46,59,71600,3290880,2010-08-25 00:00:00,1
2010-08-26 00:00:00,2010-08-26 00:00:00,47.5,2010-08-26 00:00:00,45.6,46,19,12900,601860,2010-08-26 00:00:00,1
2010-08-27 00:00:00,2010-08-27 00:00:00,46.8,2010-08-27 00:00:00,44.5,45.1,24,15900,725070,2010-08-27 00:00:00,1
2010-08-30 00:00:00,2010-08-30 00:00:00,49,2010-08-30 00:00:00,46.1,47,77,62600,2968150,2010-08-30 00:00:00,1
2010-08-31 00:00:00,2010-08-31 00:00:00,50,2010-08-31 00:00:00,47.1,47.2,99,118600,5687880,2010-08-31 00:00:00,1
2010-09-01 00:00:00,2010-09-01 00:00:00,47.5,2010-09-01 00:00:00,45.6,46.4,21,8300,392590,2010-09-01 00:00:00,1
2010-09-02 00:00:00,2010-09-02 00:00:00,51,2010-09-02 00:00:00,47,50.3,186,220200,10796360,2010-09-02 00:00:00,1
2010-09-03 00:00:00,2010-09-03 00:00:00,55.3,2010-09-03 00:00:00,51,55.1,380,797300,43543460,2010-09-03 00:00:00,1
2010-09-06 00:00:00,2010-09-06 00:00:00,60,2010-09-06 00:00:00,55.5,57.6,215,419100,24100280,2010-09-06 00:00:00,1
2010-09-07 00:00:00,2010-09-07 00:00:00,60,2010-09-07 00:00:00,56,56.5,96,81000,4632310,2010-09-07 00:00:00,1
2010-09-08 00:00:00,2010-09-08 00:00:00,62.1,2010-09-08 00:00:00,53,61.6,413,630300,37664340,2010-09-08 00:00:00,1
2010-09-09 00:00:00,2010-09-09 00:00:00,64,2010-09-09 00:00:00,60,63,201,318900,19671200,2010-09-09 00:00:00,1
2010-09-13 00:00:00,2010-09-13 00:00:00,69.3,2010-09-13 00:00:00,62,66.5,416,457400,30415540,2010-09-13 00:00:00,1
2010-09-14 00:00:00,2010-09-14 00:00:00,66.5,2010-09-14 00:00:00,62,63.3,141,127700,8173890,2010-09-14 00:00:00,1
2010-09-15 00:00:00,2010-09-15 00:00:00,63.5,2010-09-15 00:00:00,57.9,62.2,209,267800,16125400,2010-09-15 00:00:00,1
2010-09-16 00:00:00,2010-09-16 00:00:00,62.8,2010-09-16 00:00:00,61,61.3,57,66100,4046020,2010-09-16 00:00:00,1
2010-09-17 00:00:00,2010-09-17 00:00:00,63.9,2010-09-17 00:00:00,60.5,62.7,110,175300,10933760,2010-09-17 00:00:00,1
2010-09-20 00:00:00,2010-09-20 00:00:00,62.8,2010-09-20 00:00:00,60,60.6,49,27000,1670570,2010-09-20 00:00:00,1
2010-09-21 00:00:00,2010-09-21 00:00:00,61.7,2010-09-21 00:00:00,59.5,60.6,84,57100,3466570,2010-09-21 00:00:00,1
2010-09-23 00:00:00,2010-09-23 00:00:00,67,2010-09-23 00:00:00,60.6,63.2,159,205200,13276170,2010-09-23 00:00:00,1
2010-09-24 00:00:00,2010-09-24 00:00:00,65.5,2010-09-24 00:00:00,63.4,63.5,101,193900,12555250,2010-09-24 00:00:00,1
2010-09-27 00:00:00,2010-09-27 00:00:00,64.1,2010-09-27 00:00:00,61,61.3,75,71400,4446720,2010-09-27 00:00:00,1
2010-09-28 00:00:00,2010-09-28 00:00:00,68.5,2010-09-28 00:00:00,61.5,65.3,265,413100,27024720,2010-09-28 00:00:00,1
2010-09-29 00:00:00,2010-09-29 00:00:00,68.3,2010-09-29 00:00:00,66.6,67.1,115,183900,12375260,2010-09-29 00:00:00,1
2010-09-30 00:00:00,2010-09-30 00:00:00,72.2,2010-09-30 00:00:00,68,70.9,354,364500,25777260,2010-09-30 00:00:00,1
2010-10-01 00:00:00,2010-10-01 00:00:00,72.2,2010-10-01 00:00:00,69.9,71.7,107,76600,5467650,2010-10-01 00:00:00,1
2010-10-04 00:00:00,2010-10-04 00:00:00,71.7,2010-10-04 00:00:00,67,68.4,98,54200,3759310,2010-10-04 00:00:00,1
2010-10-05 00:00:00,2010-10-05 00:00:00,70,2010-10-05 00:00:00,65,68.5,64,56300,3836180,2010-10-05 00:00:00,1
2010-10-06 00:00:00,2010-10-06 00:00:00,69.9,2010-10-06 00:00:00,65.3,67.1,49,60500,4085020,2010-10-06 00:00:00,1
2010-10-07 00:00:00,2010-10-07 00:00:00,67,2010-10-07 00:00:00,62,64.7,85,88600,5685000,2010-10-07 00:00:00,1
2010-10-08 00:00:00,2010-10-08 00:00:00,67,2010-10-08 00:00:00,62.2,65.1,90,104400,6752870,2010-10-08 00:00:00,1
2010-10-11 00:00:00,2010-10-11 00:00:00,67.2,2010-10-11 00:00:00,64.5,64.8,38,33000,2152430,2010-10-11 00:00:00,1
2010-10-12 00:00:00,2010-10-12 00:00:00,65.1,2010-10-12 00:00:00,60.3,60.9,65,37700,2332700,2010-10-12 00:00:00,1
2010-10-13 00:00:00,2010-10-13 00:00:00,60.5,2010-10-13 00:00:00,55.6,58.7,74,39400,2314550,2010-10-13 00:00:00,1
2010-10-14 00:00:00,2010-10-14 00:00:00,62,2010-10-14 00:00:00,55,56.6,106,109800,6428970,2010-10-14 00:00:00,1
2010-10-15 00:00:00,2010-10-15 00:00:00,60,2010-10-15 00:00:00,57.5,59.8,30,29200,1721580,2010-10-15 00:00:00,1
2010-10-18 00:00:00,2010-10-18 00:00:00,61.5,2010-10-18 00:00:00,59,59.8,9,17100,1025620,2010-10-18 00:00:00,1
2010-10-19 00:00:00,2010-10-19 00:00:00,61,2010-10-19 00:00:00,59,61,31,30500,1825670,2010-10-19 00:00:00,1
2010-10-20 00:00:00,2010-10-20 00:00:00,60,2010-10-20 00:00:00,58.5,59.3,14,8700,517520,2010-10-20 00:00:00,1
2010-10-21 00:00:00,2010-10-21 00:00:00,59.9,2010-10-21 00:00:00,58.6,59.3,16,8700,515270,2010-10-21 00:00:00,1
2010-10-25 00:00:00,2010-10-25 00:00:00,58.1,2010-10-25 00:00:00,57.3,57.9,24,11100,642210,2010-10-25 00:00:00,1
2010-10-26 00:00:00,2010-10-26 00:00:00,57.4,2010-10-26 00:00:00,56,56.7,29,19200,1093040,2010-10-26 00:00:00,1
2010-10-27 00:00:00,2010-10-27 00:00:00,58,2010-10-27 00:00:00,56.1,57.3,10,5200,295880,2010-10-27 00:00:00,1
2010-10-28 00:00:00,2010-10-28 00:00:00,56,2010-10-28 00:00:00,55.9,56,14,3500,195980,2010-10-28 00:00:00,1
2010-10-29 00:00:00,2010-10-29 00:00:00,58,2010-10-29 00:00:00,55,55.7,41,28800,1637520,2010-10-29 00:00:00,1
2010-11-01 00:00:00,2010-11-01 00:00:00,65,2010-11-01 00:00:00,57,60,67,42200,2531270,2010-11-01 00:00:00,1
2010-11-02 00:00:00,2010-11-02 00:00:00,60,2010-11-02 00:00:00,57.2,58.4,36,15500,926640,2010-11-02 00:00:00,1
2010-11-03 00:00:00,2010-11-03 00:00:00,59.7,2010-11-03 00:00:00,58.1,59.4,8,11100,659730,2010-11-03 00:00:00,1
2010-11-04 00:00:00,2010-11-04 00:00:00,57.5,2010-11-04 00:00:00,57.2,57.3,16,6500,372580,2010-11-04 00:00:00,1
2010-11-08 00:00:00,2010-11-08 00:00:00,57,2010-11-08 00:00:00,56.1,56.2,14,9800,552870,2010-11-08 00:00:00,1
2010-11-09 00:00:00,2010-11-09 00:00:00,58,2010-11-09 00:00:00,57,57.1,21,66000,3774090,2010-11-09 00:00:00,1
2010-11-10 00:00:00,2010-11-10 00:00:00,57.1,2010-11-10 00:00:00,56,57,15,17000,966960,2010-11-10 00:00:00,1
2010-11-11 00:00:00,2010-11-11 00:00:00,54.5,2010-11-11 00:00:00,52,53.4,97,130500,6943530,2010-11-11 00:00:00,1
2010-11-12 00:00:00,2010-11-12 00:00:00,53.4,2010-11-12 00:00:00,52,52.7,41,35700,1879770,2010-11-12 00:00:00,1
2010-11-15 00:00:00,2010-11-15 00:00:00,52,2010-11-15 00:00:00,49,49.4,48,35900,1793830,2010-11-15 00:00:00,1
2010-11-16 00:00:00,2010-11-16 00:00:00,50,2010-11-16 00:00:00,48.2,49.3,18,4500,221540,2010-11-16 00:00:00,1
2010-11-18 00:00:00,2010-11-18 00:00:00,52,2010-11-18 00:00:00,49,50.2,44,29600,1482100,2010-11-18 00:00:00,1
2010-11-22 00:00:00,2010-11-22 00:00:00,49.5,2010-11-22 00:00:00,48,49,13,8100,393270,2010-11-22 00:00:00,1
2010-11-23 00:00:00,2010-11-23 00:00:00,49.5,2010-11-23 00:00:00,47.7,47.7,11,6500,316510,2010-11-23 00:00:00,1
2010-11-24 00:00:00,2010-11-24 00:00:00,47.7,2010-11-24 00:00:00,46,46.7,15,7000,331140,2010-11-24 00:00:00,1
2010-11-25 00:00:00,2010-11-25 00:00:00,46.7,2010-11-25 00:00:00,45,45.8,37,22300,1027140,2010-11-25 00:00:00,1
2010-11-26 00:00:00,2010-11-26 00:00:00,47.5,2010-11-26 00:00:00,45.1,47.4,21,9200,430700,2010-11-26 00:00:00,1
2010-11-29 00:00:00,2010-11-29 00:00:00,47.3,2010-11-29 00:00:00,45,45.1,32,36600,1652320,2010-11-29 00:00:00,1
2010-11-30 00:00:00,2010-11-30 00:00:00,50.8,2010-11-30 00:00:00,47,48.6,59,82500,4048440,2010-11-30 00:00:00,1
2010-12-01 00:00:00,2010-12-01 00:00:00,53,2010-12-01 00:00:00,50,52.4,58,29700,1548660,2010-12-01 00:00:00,1
2010-12-02 00:00:00,2010-12-02 00:00:00,53.5,2010-12-02 00:00:00,51.5,53.2,49,41400,2181610,2010-12-02 00:00:00,1
2010-12-03 00:00:00,2010-12-03 00:00:00,55,2010-12-03 00:00:00,52,53,17,15600,817050,2010-12-03 00:00:00,1
2010-12-06 00:00:00,2010-12-06 00:00:00,53,2010-12-06 00:00:00,52,52,16,35700,1857190,2010-12-06 00:00:00,1
2010-12-07 00:00:00,2010-12-07 00:00:00,52,2010-12-07 00:00:00,51.5,51.5,13,5000,257940,2010-12-07 00:00:00,1
2010-12-08 00:00:00,2010-12-08 00:00:00,52,2010-12-08 00:00:00,51,51.1,19,37800,1934060,2010-12-08 00:00:00,1
2010-12-09 00:00:00,2010-12-09 00:00:00,52.2,2010-12-09 00:00:00,51,51.7,5,1700,87810,2010-12-09 00:00:00,1
2010-12-10 00:00:00,2010-12-10 00:00:00,52.2,2010-12-10 00:00:00,51.2,51.5,9,14800,762800,2010-12-10 00:00:00,1
2010-12-13 00:00:00,2010-12-13 00:00:00,51.5,2010-12-13 00:00:00,51,51.1,29,91800,4724790,2010-12-13 00:00:00,1
2010-12-14 00:00:00,2010-12-14 00:00:00,50,2010-12-14 00:00:00,49.1,49.8,14,6700,334550,2010-12-14 00:00:00,1
2010-12-15 00:00:00,2010-12-15 00:00:00,51.4,2010-12-15 00:00:00,49,49,8,3800,187440,2010-12-15 00:00:00,1
2010-12-16 00:00:00,2010-12-16 00:00:00,49.2,2010-12-16 00:00:00,49.1,49.2,3,300,14750,2010-12-16 00:00:00,1
2010-12-17 00:00:00,2010-12-17 00:00:00,50.5,2010-12-17 00:00:00,48,50.1,20,31000,1499920,2010-12-17 00:00:00,1
2010-12-21 00:00:00,2010-12-21 00:00:00,48.6,2010-12-21 00:00:00,48,48,21,34000,1635830,2010-12-21 00:00:00,1
2010-12-22 00:00:00,2010-12-22 00:00:00,48.6,2010-12-22 00:00:00,48,48.5,35,39000,1887600,2010-12-22 00:00:00,1
2010-12-23 00:00:00,2010-12-23 00:00:00,52.5,2010-12-23 00:00:00,48.5,50,44,30700,1536020,2010-12-23 00:00:00,1
2010-12-24 00:00:00,2010-12-24 00:00:00,55.9,2010-12-24 00:00:00,51,53.1,91,301100,15946650,2010-12-24 00:00:00,1
2010-12-27 00:00:00,2010-12-27 00:00:00,59.5,2010-12-27 00:00:00,55.7,57,231,283100,16075230,2010-12-27 00:00:00,1
2010-12-28 00:00:00,2010-12-28 00:00:00,57.5,2010-12-28 00:00:00,54.5,54.8,51,25300,1423930,2010-12-28 00:00:00,1
2010-12-29 00:00:00,2010-12-29 00:00:00,58.4,2010-12-29 00:00:00,53.5,57.8,160,185000,10448240,2010-12-29 00:00:00,1
2010-12-30 00:00:00,2010-12-30 00:00:00,58.7,2010-12-30 00:00:00,53.5,57.5,213,270800,15419700,2010-12-30 00:00:00,1
2010-12-31 00:00:00,2010-12-31 00:00:00,59.5,2010-12-31 00:00:00,56.6,57.4,127,175700,10157070,2010-12-31 00:00:00,1
Company Id :  BBH,,Security Type :  N,,Sub Type :  0000,,,,,,
Short Name :  BROWNS BEACH,,,,,,,,,,
Day,Date High,High,Date Low,Low,Closing,No. of Trades,No. of Shares,Turnover,Last Traded,Days Traded
2010-01-05 00:00:00,2010-01-05 00:00:00,66,2010-01-05 00:00:00,65,66,8,11000,724300,2010-01-05 00:00:00,1
2010-01-06 00:00:00,2010-01-06 00:00:00,67.5,2010-01-06 00:00:00,65,65,6,2700,179700,2010-01-06 00:00:00,1
2010-01-07 00:00:00,2010-01-07 00:00:00,65,2010-01-07 00:00:00,65,65,1,1000,65000,2010-01-07 00:00:00,1
2010-01-08 00:00:00,2010-01-08 00:00:00,67,2010-01-08 00:00:00,65,67,2,900,58700,2010-01-08 00:00:00,1
2010-01-11 00:00:00,2010-01-11 00:00:00,67,2010-01-11 00:00:00,65,65,4,1200,78600,2010-01-11 00:00:00,1
2010-01-12 00:00:00,2010-01-12 00:00:00,65,2010-01-12 00:00:00,64,64,2,700,45300,2010-01-12 00:00:00,1
2010-01-13 00:00:00,2010-01-13 00:00:00,66,2010-01-13 00:00:00,65,66,21,41500,2738800,2010-01-13 00:00:00,1
2010-01-15 00:00:00,2010-01-15 00:00:00,69,2010-01-15 00:00:00,65,69,19,18400,1216675,2010-01-15 00:00:00,1
2010-01-18 00:00:00,2010-01-18 00:00:00,70,2010-01-18 00:00:00,70,70,1,100,7000,2010-01-18 00:00:00,1
2010-01-19 00:00:00,2010-01-19 00:00:00,69,2010-01-19 00:00:00,69,69,1,100,6900,2010-01-19 00:00:00,1
2010-01-20 00:00:00,2010-01-20 00:00:00,69,2010-01-20 00:00:00,68,69,8,10000,689900,2010-01-20 00:00:00,1
2010-01-21 00:00:00,2010-01-21 00:00:00,69.75,2010-01-21 00:00:00,64,69.25,8,3600,248975,2010-01-21 00:00:00,1
2010-01-22 00:00:00,2010-01-22 00:00:00,70,2010-01-22 00:00:00,64,67.25,5,500,33675,2010-01-22 00:00:00,1
2010-02-01 00:00:00,2010-02-01 00:00:00,70,2010-02-01 00:00:00,69,69.25,4,2400,166400,2010-02-01 00:00:00,1
2010-02-03 00:00:00,2010-02-03 00:00:00,69.5,2010-02-03 00:00:00,69,69,2,900,62150,2010-02-03 00:00:00,1
2010-02-05 00:00:00,2010-02-05 00:00:00,69,2010-02-05 00:00:00,69,69,1,200,13800,2010-02-05 00:00:00,1
2010-02-08 00:00:00,2010-02-08 00:00:00,67,2010-02-08 00:00:00,65,65.5,12,6900,449600,2010-02-08 00:00:00,1
2010-02-09 00:00:00,2010-02-09 00:00:00,68,2010-02-09 00:00:00,68,68,1,100,6800,2010-02-09 00:00:00,1
2010-02-10 00:00:00,2010-02-10 00:00:00,68.25,2010-02-10 00:00:00,65,65,4,1200,78650,2010-02-10 00:00:00,1
2010-02-11 00:00:00,2010-02-11 00:00:00,68.25,2010-02-11 00:00:00,65,65,4,10200,663325,2010-02-11 00:00:00,1
2010-02-12 00:00:00,2010-02-12 00:00:00,68,2010-02-12 00:00:00,68,68,2,1000,68000,2010-02-12 00:00:00,1
2010-02-15 00:00:00,2010-02-15 00:00:00,68,2010-02-15 00:00:00,68,68,1,100,6800,2010-02-15 00:00:00,1
2010-02-16 00:00:00,2010-02-16 00:00:00,66,2010-02-16 00:00:00,65,65.25,4,900,58700,2010-02-16 00:00:00,1
2010-02-18 00:00:00,2010-02-18 00:00:00,65,2010-02-18 00:00:00,65,65,4,4000,260000,2010-02-18 00:00:00,1
2010-02-19 00:00:00,2010-02-19 00:00:00,64.5,2010-02-19 00:00:00,64.5,64.5,1,900,58050,2010-02-19 00:00:00,1
2010-02-22 00:00:00,2010-02-22 00:00:00,62,2010-02-22 00:00:00,62,62,5,500,31000,2010-02-22 00:00:00,1
2010-02-24 00:00:00,2010-02-24 00:00:00,63,2010-02-24 00:00:00,63,63,2,400,25200,2010-02-24 00:00:00,1
2010-02-25 00:00:00,2010-02-25 00:00:00,63.25,2010-02-25 00:00:00,63.25,63.25,2,200,12650,2010-02-25 00:00:00,1
2010-02-26 00:00:00,2010-02-26 00:00:00,65,2010-02-26 00:00:00,65,65,1,400,26000,2010-02-26 00:00:00,1
2010-03-02 00:00:00,2010-03-02 00:00:00,67.75,2010-03-02 00:00:00,65,67.75,6,3100,201775,2010-03-02 00:00:00,1
2010-03-03 00:00:00,2010-03-03 00:00:00,65.25,2010-03-03 00:00:00,65,65,4,1400,91025,2010-03-03 00:00:00,1
2010-03-05 00:00:00,2010-03-05 00:00:00,69,2010-03-05 00:00:00,65.5,66.75,19,5200,347400,2010-03-05 00:00:00,1
2010-03-08 00:00:00,2010-03-08 00:00:00,71.5,2010-03-08 00:00:00,69,69.75,37,28400,1983975,2010-03-08 00:00:00,1
2010-03-09 00:00:00,2010-03-09 00:00:00,70.5,2010-03-09 00:00:00,70,70,11,6100,427050,2010-03-09 00:00:00,1
2010-03-10 00:00:00,2010-03-10 00:00:00,70,2010-03-10 00:00:00,70,70,1,100,7000,2010-03-10 00:00:00,1
2010-03-11 00:00:00,2010-03-11 00:00:00,70,2010-03-11 00:00:00,68.5,70,8,30200,2112850,2010-03-11 00:00:00,1
2010-03-12 00:00:00,2010-03-12 00:00:00,70,2010-03-12 00:00:00,69.5,69.5,14,4700,327950,2010-03-12 00:00:00,1
2010-03-15 00:00:00,2010-03-15 00:00:00,71.75,2010-03-15 00:00:00,70,70.5,7,1100,77225,2010-03-15 00:00:00,1
2010-03-16 00:00:00,2010-03-16 00:00:00,70,2010-03-16 00:00:00,68,69,4,400,27600,2010-03-16 00:00:00,1
2010-03-17 00:00:00,2010-03-17 00:00:00,68,2010-03-17 00:00:00,68,68,1,900,61200,2010-03-17 00:00:00,1
2010-03-18 00:00:00,2010-03-18 00:00:00,69.75,2010-03-18 00:00:00,68,68.75,3,700,48150,2010-03-18 00:00:00,1
2010-03-22 00:00:00,2010-03-22 00:00:00,68,2010-03-22 00:00:00,68,68,1,300,20400,2010-03-22 00:00:00,1
2010-03-23 00:00:00,2010-03-23 00:00:00,69,2010-03-23 00:00:00,68,69,18,9500,654150,2010-03-23 00:00:00,1
2010-03-24 00:00:00,2010-03-24 00:00:00,71,2010-03-24 00:00:00,68.25,70.5,12,4900,344725,2010-03-24 00:00:00,1
2010-03-25 00:00:00,2010-03-25 00:00:00,71.5,2010-03-25 00:00:00,70,71.5,10,3600,255725,2010-03-25 00:00:00,1
2010-03-30 00:00:00,2010-03-30 00:00:00,73,2010-03-30 00:00:00,71.5,72.5,7,2000,144750,2010-03-30 00:00:00,1
2010-03-31 00:00:00,2010-03-31 00:00:00,72.5,2010-03-31 00:00:00,72.5,72.5,2,300,21750,2010-03-31 00:00:00,1
2010-04-05 00:00:00,2010-04-05 00:00:00,72.5,2010-04-05 00:00:00,72.5,72.5,1,500,36250,2010-04-05 00:00:00,1
2010-04-06 00:00:00,2010-04-06 00:00:00,78,2010-04-06 00:00:00,72,76,24,12600,943950,2010-04-06 00:00:00,1
2010-04-07 00:00:00,2010-04-07 00:00:00,81.5,2010-04-07 00:00:00,78,80.25,21,4400,347275,2010-04-07 00:00:00,1
2010-04-08 00:00:00,2010-04-08 00:00:00,82.75,2010-04-08 00:00:00,79,80.25,13,3400,271975,2010-04-08 00:00:00,1
2010-04-12 00:00:00,2010-04-12 00:00:00,86.75,2010-04-12 00:00:00,80,85.25,20,17900,1525100,2010-04-12 00:00:00,1
2010-04-15 00:00:00,2010-04-15 00:00:00,85,2010-04-15 00:00:00,85,85,3,1200,102000,2010-04-15 00:00:00,1
2010-04-16 00:00:00,2010-04-16 00:00:00,85.25,2010-04-16 00:00:00,85,85,10,7100,604900,2010-04-16 00:00:00,1
2010-04-19 00:00:00,2010-04-19 00:00:00,94,2010-04-19 00:00:00,85,93,17,9200,807725,2010-04-19 00:00:00,1
2010-04-20 00:00:00,2010-04-20 00:00:00,97,2010-04-20 00:00:00,93.5,94.5,30,28400,2727675,2010-04-20 00:00:00,1
2010-04-21 00:00:00,2010-04-21 00:00:00,92,2010-04-21 00:00:00,92,92,1,500,46000,2010-04-21 00:00:00,1
2010-04-22 00:00:00,2010-04-22 00:00:00,93,2010-04-22 00:00:00,90,93,5,1800,162900,2010-04-22 00:00:00,1
2010-04-23 00:00:00,2010-04-23 00:00:00,93,2010-04-23 00:00:00,93,93,3,1000,93000,2010-04-23 00:00:00,1
2010-04-26 00:00:00,2010-04-26 00:00:00,94,2010-04-26 00:00:00,94,94,4,2200,206800,2010-04-26 00:00:00,1
2010-04-27 00:00:00,2010-04-27 00:00:00,93,2010-04-27 00:00:00,93,93,4,2200,204600,2010-04-27 00:00:00,1
2010-04-29 00:00:00,2010-04-29 00:00:00,90,2010-04-29 00:00:00,90,90,1,200,18000,2010-04-29 00:00:00,1
2010-04-30 00:00:00,2010-04-30 00:00:00,91,2010-04-30 00:00:00,88,89.5,4,500,44900,2010-04-30 00:00:00,1
2010-05-03 00:00:00,2010-05-03 00:00:00,92.5,2010-05-03 00:00:00,88,92.5,5,2800,246875,2010-05-03 00:00:00,1
2010-05-04 00:00:00,2010-05-04 00:00:00,90,2010-05-04 00:00:00,90,90,1,3500,315000,2010-05-04 00:00:00,1
2010-05-05 00:00:00,2010-05-05 00:00:00,92.75,2010-05-05 00:00:00,90,91.5,2,200,18275,2010-05-05 00:00:00,1
2010-05-07 00:00:00,2010-05-07 00:00:00,90,2010-05-07 00:00:00,90,90,2,200,18000,2010-05-07 00:00:00,1
2010-05-13 00:00:00,2010-05-13 00:00:00,89,2010-05-13 00:00:00,89,89,4,600,53400,2010-05-13 00:00:00,1
2010-05-14 00:00:00,2010-05-14 00:00:00,89,2010-05-14 00:00:00,87,87,3,400,35200,2010-05-14 00:00:00,1
2010-05-17 00:00:00,2010-05-17 00:00:00,87.5,2010-05-17 00:00:00,83,85.5,6,700,59075,2010-05-17 00:00:00,1
2010-05-19 00:00:00,2010-05-19 00:00:00,85,2010-05-19 00:00:00,85,85,1,100,8500,2010-05-19 00:00:00,1
2010-05-20 00:00:00,2010-05-20 00:00:00,88,2010-05-20 00:00:00,84,88,3,700,59600,2010-05-20 00:00:00,1
2010-05-25 00:00:00,2010-05-25 00:00:00,87.75,2010-05-25 00:00:00,87.75,87.75,1,1000,87750,2010-05-25 00:00:00,1
2010-05-26 00:00:00,2010-05-26 00:00:00,90,2010-05-26 00:00:00,88,90,2,600,53800,2010-05-26 00:00:00,1
2010-06-02 00:00:00,2010-06-02 00:00:00,89,2010-06-02 00:00:00,86,88.5,7,2100,185025,2010-06-02 00:00:00,1
2010-06-03 00:00:00,2010-06-03 00:00:00,89,2010-06-03 00:00:00,84,84.25,28,19900,1686600,2010-06-03 00:00:00,1
2010-06-04 00:00:00,2010-06-04 00:00:00,89,2010-06-04 00:00:00,83,88.25,13,7000,614225,2010-06-04 00:00:00,1
2010-06-07 00:00:00,2010-06-07 00:00:00,87,2010-06-07 00:00:00,87,87,2,2000,174000,2010-06-07 00:00:00,1
2010-06-08 00:00:00,2010-06-08 00:00:00,86.5,2010-06-08 00:00:00,84,84,5,2900,245450,2010-06-08 00:00:00,1
2010-06-09 00:00:00,2010-06-09 00:00:00,84,2010-06-09 00:00:00,83.5,83.5,9,4400,369000,2010-06-09 00:00:00,1
2010-06-10 00:00:00,2010-06-10 00:00:00,83.5,2010-06-10 00:00:00,83,83.25,4,1800,149675,2010-06-10 00:00:00,1
2010-06-11 00:00:00,2010-06-11 00:00:00,80.75,2010-06-11 00:00:00,80,80,5,1900,152225,2010-06-11 00:00:00,1
2010-06-14 00:00:00,2010-06-14 00:00:00,83,2010-06-14 00:00:00,76,76.75,19,8200,633000,2010-06-14 00:00:00,1
2010-06-15 00:00:00,2010-06-15 00:00:00,80,2010-06-15 00:00:00,80,80,1,100,8000,2010-06-15 00:00:00,1
2010-06-16 00:00:00,2010-06-16 00:00:00,83,2010-06-16 00:00:00,80,80,8,1900,152650,2010-06-16 00:00:00,1
2010-06-17 00:00:00,2010-06-17 00:00:00,85,2010-06-17 00:00:00,79,82.5,9,7700,634650,2010-06-17 00:00:00,1
2010-06-21 00:00:00,2010-06-21 00:00:00,82,2010-06-21 00:00:00,80,80,8,6500,520575,2010-06-21 00:00:00,1
2010-06-22 00:00:00,2010-06-22 00:00:00,86.75,2010-06-22 00:00:00,81,84,30,12800,1085725,2010-06-22 00:00:00,1
2010-06-23 00:00:00,2010-06-23 00:00:00,88,2010-06-23 00:00:00,84,87.5,23,12800,1116550,2010-06-23 00:00:00,1
2010-06-24 00:00:00,2010-06-24 00:00:00,86,2010-06-24 00:00:00,86,86,7,3000,258000,2010-06-24 00:00:00,1
2010-06-30 00:00:00,2010-06-30 00:00:00,84,2010-06-30 00:00:00,84,84,3,300,25200,2010-06-30 00:00:00,1
2010-07-01 00:00:00,2010-07-01 00:00:00,88,2010-07-01 00:00:00,88,88,2,200,17600,2010-07-01 00:00:00,1
2010-07-05 00:00:00,2010-07-05 00:00:00,85,2010-07-05 00:00:00,85,85,3,1200,102000,2010-07-05 00:00:00,1
2010-07-06 00:00:00,2010-07-06 00:00:00,85,2010-07-06 00:00:00,85,85,1,200,17000,2010-07-06 00:00:00,1
2010-07-07 00:00:00,2010-07-07 00:00:00,84,2010-07-07 00:00:00,84,84,1,100,8400,2010-07-07 00:00:00,1
2010-07-08 00:00:00,2010-07-08 00:00:00,86.75,2010-07-08 00:00:00,80,83.75,3,500,40725,2010-07-08 00:00:00,1
2010-07-09 00:00:00,2010-07-09 00:00:00,85,2010-07-09 00:00:00,81,83.5,6,19300,1613200,2010-07-09 00:00:00,1
2010-07-12 00:00:00,2010-07-12 00:00:00,83.5,2010-07-12 00:00:00,83.5,83.5,1,200,16700,2010-07-12 00:00:00,1
2010-07-13 00:00:00,2010-07-13 00:00:00,82,2010-07-13 00:00:00,82,82,1,1000,82000,2010-07-13 00:00:00,1
2010-07-16 00:00:00,2010-07-16 00:00:00,88,2010-07-16 00:00:00,87,87,10,4400,384950,2010-07-16 00:00:00,1
2010-07-19 00:00:00,2010-07-19 00:00:00,88,2010-07-19 00:00:00,86.75,86.75,3,1300,113025,2010-07-19 00:00:00,1
2010-07-20 00:00:00,2010-07-20 00:00:00,108,2010-07-20 00:00:00,88,99,47,51500,4892200,2010-07-20 00:00:00,1
2010-07-21 00:00:00,2010-07-21 00:00:00,120,2010-07-21 00:00:00,102,106,45,55000,5996700,2010-07-21 00:00:00,1
2010-07-22 00:00:00,2010-07-22 00:00:00,107,2010-07-22 00:00:00,105,106.25,13,5900,625500,2010-07-22 00:00:00,1
2010-07-23 00:00:00,2010-07-23 00:00:00,110,2010-07-23 00:00:00,105,107,28,48800,5159375,2010-07-23 00:00:00,1
2010-07-26 00:00:00,2010-07-26 00:00:00,110,2010-07-26 00:00:00,103,103.25,44,126800,13505675,2010-07-26 00:00:00,1
2010-07-27 00:00:00,2010-07-27 00:00:00,105,2010-07-27 00:00:00,105,105,4,800,84000,2010-07-27 00:00:00,1
2010-07-28 00:00:00,2010-07-28 00:00:00,108,2010-07-28 00:00:00,103.5,108,8,22800,2366150,2010-07-28 00:00:00,1
2010-07-29 00:00:00,2010-07-29 00:00:00,105,2010-07-29 00:00:00,103.25,104.5,5,5500,569350,2010-07-29 00:00:00,1
2010-07-30 00:00:00,2010-07-30 00:00:00,107,2010-07-30 00:00:00,103,104,13,28800,3047300,2010-07-30 00:00:00,1
2010-08-02 00:00:00,2010-08-02 00:00:00,106.5,2010-08-02 00:00:00,95,100.5,8,17000,1738750,2010-08-02 00:00:00,1
2010-08-03 00:00:00,2010-08-03 00:00:00,103,2010-08-03 00:00:00,95,95,8,10100,961650,2010-08-03 00:00:00,1
2010-08-04 00:00:00,2010-08-04 00:00:00,100,2010-08-04 00:00:00,95,100,6,7700,757440,2010-08-04 00:00:00,1
2010-08-05 00:00:00,2010-08-05 00:00:00,95,2010-08-05 00:00:00,95,95,6,4400,418000,2010-08-05 00:00:00,1
2010-08-06 00:00:00,2010-08-06 00:00:00,95,2010-08-06 00:00:00,91,92.1,2,700,64500,2010-08-06 00:00:00,1
2010-08-09 00:00:00,2010-08-09 00:00:00,94,2010-08-09 00:00:00,92.2,93.7,3,600,56220,2010-08-09 00:00:00,1
2010-08-10 00:00:00,2010-08-10 00:00:00,98,2010-08-10 00:00:00,94,95.6,15,19200,1837100,2010-08-10 00:00:00,1
2010-08-11 00:00:00,2010-08-11 00:00:00,99.9,2010-08-11 00:00:00,94,95.4,9,1500,143470,2010-08-11 00:00:00,1
2010-08-12 00:00:00,2010-08-12 00:00:00,95.4,2010-08-12 00:00:00,95.4,95.4,1,100,9540,2010-08-12 00:00:00,1
2010-08-13 00:00:00,2010-08-13 00:00:00,104,2010-08-13 00:00:00,93,94.9,8,2100,201700,2010-08-13 00:00:00,1
2010-08-16 00:00:00,2010-08-16 00:00:00,97,2010-08-16 00:00:00,96,96,3,600,57700,2010-08-16 00:00:00,1
2010-08-17 00:00:00,2010-08-17 00:00:00,96,2010-08-17 00:00:00,90,91.2,8,28900,2634610,2010-08-17 00:00:00,1
2010-08-18 00:00:00,2010-08-18 00:00:00,93.1,2010-08-18 00:00:00,91,91.3,8,10200,931410,2010-08-18 00:00:00,1
2010-08-19 00:00:00,2010-08-19 00:00:00,100.4,2010-08-19 00:00:00,95,99.7,72,76500,7586080,2010-08-19 00:00:00,1
2010-08-20 00:00:00,2010-08-20 00:00:00,105,2010-08-20 00:00:00,100,100,23,13900,1408430,2010-08-20 00:00:00,1
2010-08-23 00:00:00,2010-08-23 00:00:00,103.9,2010-08-23 00:00:00,100,103.4,13,2500,254430,2010-08-23 00:00:00,1
2010-08-25 00:00:00,2010-08-25 00:00:00,105,2010-08-25 00:00:00,100.2,102.2,10,5700,585540,2010-08-25 00:00:00,1
2010-08-26 00:00:00,2010-08-26 00:00:00,103,2010-08-26 00:00:00,100,102,8,51300,5249600,2010-08-26 00:00:00,1
2010-08-27 00:00:00,2010-08-27 00:00:00,104,2010-08-27 00:00:00,103,103.5,7,2300,237960,2010-08-27 00:00:00,1
2010-08-30 00:00:00,2010-08-30 00:00:00,104,2010-08-30 00:00:00,100,100,5,2400,244400,2010-08-30 00:00:00,1
2010-08-31 00:00:00,2010-08-31 00:00:00,104,2010-08-31 00:00:00,101,103.4,16,12800,1321970,2010-08-31 00:00:00,1
2010-09-01 00:00:00,2010-09-01 00:00:00,106,2010-09-01 00:00:00,103.5,103.8,5,5800,601860,2010-09-01 00:00:00,1
2010-09-02 00:00:00,2010-09-02 00:00:00,105.2,2010-09-02 00:00:00,104,104.9,5,2800,293840,2010-09-02 00:00:00,1
2010-09-03 00:00:00,2010-09-03 00:00:00,104.5,2010-09-03 00:00:00,103.5,103.5,6,2500,260300,2010-09-03 00:00:00,1
2010-09-06 00:00:00,2010-09-06 00:00:00,104,2010-09-06 00:00:00,100.5,103,4,1400,143750,2010-09-06 00:00:00,1
2010-09-07 00:00:00,2010-09-07 00:00:00,103,2010-09-07 00:00:00,103,103,3,11300,1163900,2010-09-07 00:00:00,1
2010-09-08 00:00:00,2010-09-08 00:00:00,105,2010-09-08 00:00:00,102.5,104,16,77100,8017200,2010-09-08 00:00:00,1
2010-09-09 00:00:00,2010-09-09 00:00:00,105,2010-09-09 00:00:00,104,104,4,15800,1643300,2010-09-09 00:00:00,1
2010-09-13 00:00:00,2010-09-13 00:00:00,110,2010-09-13 00:00:00,103,107.9,10,3800,406990,2010-09-13 00:00:00,1
2010-09-14 00:00:00,2010-09-14 00:00:00,110,2010-09-14 00:00:00,104,104.8,12,6400,696000,2010-09-14 00:00:00,1
2010-09-15 00:00:00,2010-09-15 00:00:00,107,2010-09-15 00:00:00,94.6,105,7,1400,146560,2010-09-15 00:00:00,1
2010-09-16 00:00:00,2010-09-16 00:00:00,105,2010-09-16 00:00:00,101,101.3,5,2600,263300,2010-09-16 00:00:00,1
2010-09-17 00:00:00,2010-09-17 00:00:00,109.7,2010-09-17 00:00:00,102,109.5,12,11600,1248530,2010-09-17 00:00:00,1
2010-09-20 00:00:00,2010-09-20 00:00:00,118,2010-09-20 00:00:00,106,110,19,24400,2767700,2010-09-20 00:00:00,1
2010-09-21 00:00:00,2010-09-21 00:00:00,112,2010-09-21 00:00:00,109.5,110.3,19,7700,848760,2010-09-21 00:00:00,1
2010-09-23 00:00:00,2010-09-23 00:00:00,110,2010-09-23 00:00:00,110,110,7,8800,968000,2010-09-23 00:00:00,1
2010-09-24 00:00:00,2010-09-24 00:00:00,113,2010-09-24 00:00:00,110,110.7,9,2700,299000,2010-09-24 00:00:00,1
2010-09-27 00:00:00,2010-09-27 00:00:00,115,2010-09-27 00:00:00,108,110,9,2300,251500,2010-09-27 00:00:00,1
2010-09-29 00:00:00,2010-09-29 00:00:00,111,2010-09-29 00:00:00,110,110.1,2,1100,121100,2010-09-29 00:00:00,1
2010-09-30 00:00:00,2010-09-30 00:00:00,105,2010-09-30 00:00:00,105,105,6,700,73500,2010-09-30 00:00:00,1
2010-10-04 00:00:00,2010-10-04 00:00:00,110,2010-10-04 00:00:00,104,104.4,11,8000,863200,2010-10-04 00:00:00,1
2010-10-05 00:00:00,2010-10-05 00:00:00,109.9,2010-10-05 00:00:00,100,102.7,16,3800,388740,2010-10-05 00:00:00,1
2010-10-06 00:00:00,2010-10-06 00:00:00,101.5,2010-10-06 00:00:00,97.6,101.5,4,1100,107870,2010-10-06 00:00:00,1
2010-10-07 00:00:00,2010-10-07 00:00:00,104,2010-10-07 00:00:00,101.5,102.8,2,200,20550,2010-10-07 00:00:00,1
2010-10-11 00:00:00,2010-10-11 00:00:00,109,2010-10-11 00:00:00,103,103,8,1300,135300,2010-10-11 00:00:00,1
2010-10-12 00:00:00,2010-10-12 00:00:00,100,2010-10-12 00:00:00,98,98.2,6,2900,284850,2010-10-12 00:00:00,1
2010-10-13 00:00:00,2010-10-13 00:00:00,100,2010-10-13 00:00:00,90,100,5,2600,240190,2010-10-13 00:00:00,1
2010-10-14 00:00:00,2010-10-14 00:00:00,109.9,2010-10-14 00:00:00,89,105,7,2500,258120,2010-10-14 00:00:00,1
2010-10-18 00:00:00,2010-10-18 00:00:00,104.8,2010-10-18 00:00:00,102,103.9,5,1700,173780,2010-10-18 00:00:00,1
2010-10-19 00:00:00,2010-10-19 00:00:00,107.4,2010-10-19 00:00:00,100,100,3,2700,281840,2010-10-19 00:00:00,1
2010-10-21 00:00:00,2010-10-21 00:00:00,120,2010-10-21 00:00:00,104,105.3,115,45700,5044130,2010-10-21 00:00:00,1
2010-10-25 00:00:00,2010-10-25 00:00:00,110,2010-10-25 00:00:00,100,101.1,11,4100,411530,2010-10-25 00:00:00,1
2010-10-26 00:00:00,2010-10-26 00:00:00,100.5,2010-10-26 00:00:00,100.5,100.5,1,500,50250,2010-10-26 00:00:00,1
2010-10-27 00:00:00,2010-10-27 00:00:00,106,2010-10-27 00:00:00,100.5,106,3,300,31240,2010-10-27 00:00:00,1
2010-10-28 00:00:00,2010-10-28 00:00:00,104.4,2010-10-28 00:00:00,100,104.4,2,300,30440,2010-10-28 00:00:00,1
2010-10-29 00:00:00,2010-10-29 00:00:00,102.5,2010-10-29 00:00:00,101,102,3,500,50800,2010-10-29 00:00:00,1
2010-11-03 00:00:00,2010-11-03 00:00:00,100,2010-11-03 00:00:00,100,100,2,1100,110000,2010-11-03 00:00:00,1
2010-11-09 00:00:00,2010-11-09 00:00:00,102,2010-11-09 00:00:00,95,98.5,2,200,19700,2010-11-09 00:00:00,1
2010-11-15 00:00:00,2010-11-15 00:00:00,100,2010-11-15 00:00:00,93,95.3,5,900,84810,2010-11-15 00:00:00,1
2010-11-16 00:00:00,2010-11-16 00:00:00,99,2010-11-16 00:00:00,92.5,99,6,6400,607700,2010-11-16 00:00:00,1
2010-11-18 00:00:00,2010-11-18 00:00:00,100,2010-11-18 00:00:00,92.5,100,4,1200,112650,2010-11-18 00:00:00,1
2010-11-22 00:00:00,2010-11-22 00:00:00,115,2010-11-22 00:00:00,100,103.5,83,28500,2950400,2010-11-22 00:00:00,1
2010-11-23 00:00:00,2010-11-23 00:00:00,105,2010-11-23 00:00:00,95,96.9,47,20200,2017330,2010-11-23 00:00:00,1
2010-11-24 00:00:00,2010-11-24 00:00:00,100,2010-11-24 00:00:00,93.1,94.5,20,3800,360310,2010-11-24 00:00:00,1
2010-11-25 00:00:00,2010-11-25 00:00:00,95,2010-11-25 00:00:00,92.5,92.8,18,7300,683750,2010-11-25 00:00:00,1
2010-11-26 00:00:00,2010-11-26 00:00:00,94,2010-11-26 00:00:00,90,90.6,22,7200,653440,2010-11-26 00:00:00,1
2010-11-29 00:00:00,2010-11-29 00:00:00,95,2010-11-29 00:00:00,80,80.9,41,13300,1121330,2010-11-29 00:00:00,1
2010-11-30 00:00:00,2010-11-30 00:00:00,88,2010-11-30 00:00:00,80.9,83.4,43,13700,1150880,2010-11-30 00:00:00,1
2010-12-01 00:00:00,2010-12-01 00:00:00,90.1,2010-12-01 00:00:00,81.7,82.4,76,36300,3061650,2010-12-01 00:00:00,1
2010-12-02 00:00:00,2010-12-02 00:00:00,84,2010-12-02 00:00:00,80,80.2,37,9700,782050,2010-12-02 00:00:00,1
2010-12-03 00:00:00,2010-12-03 00:00:00,82,2010-12-03 00:00:00,80,80.1,45,21200,1710200,2010-12-03 00:00:00,1
2010-12-06 00:00:00,2010-12-06 00:00:00,81.9,2010-12-06 00:00:00,79.9,79.9,19,6400,515160,2010-12-06 00:00:00,1
2010-12-07 00:00:00,2010-12-07 00:00:00,78.1,2010-12-07 00:00:00,78,78.1,9,3400,265310,2010-12-07 00:00:00,1
2010-12-08 00:00:00,2010-12-08 00:00:00,78,2010-12-08 00:00:00,76,78,7,13300,1031740,2010-12-08 00:00:00,1
2010-12-09 00:00:00,2010-12-09 00:00:00,76,2010-12-09 00:00:00,76,76,2,300,22800,2010-12-09 00:00:00,1
2010-12-10 00:00:00,2010-12-10 00:00:00,78,2010-12-10 00:00:00,76,78,5,1900,146400,2010-12-10 00:00:00,1
2010-12-13 00:00:00,2010-12-13 00:00:00,104,2010-12-13 00:00:00,77.9,80.1,329,122100,10446530,2010-12-13 00:00:00,1
2010-12-14 00:00:00,2010-12-14 00:00:00,81.9,2010-12-14 00:00:00,80,80.1,27,12500,1002610,2010-12-14 00:00:00,1
2010-12-15 00:00:00,2010-12-15 00:00:00,80,2010-12-15 00:00:00,79,79.3,12,3800,302760,2010-12-15 00:00:00,1
2010-12-16 00:00:00,2010-12-16 00:00:00,80,2010-12-16 00:00:00,78.5,78.9,16,6300,497280,2010-12-16 00:00:00,1
2010-12-17 00:00:00,2010-12-17 00:00:00,80,2010-12-17 00:00:00,78,79.4,14,4700,369370,2010-12-17 00:00:00,1
2010-12-21 00:00:00,2010-12-21 00:00:00,79,2010-12-21 00:00:00,78,78,13,2500,195420,2010-12-21 00:00:00,1
2010-12-22 00:00:00,2010-12-22 00:00:00,80,2010-12-22 00:00:00,77.2,79.2,29,20900,1629160,2010-12-22 00:00:00,1
2010-12-23 00:00:00,2010-12-23 00:00:00,81,2010-12-23 00:00:00,78.6,80,16,3700,295630,2010-12-23 00:00:00,1
2010-12-27 00:00:00,2010-12-27 00:00:00,82,2010-12-27 00:00:00,80,80.2,24,4500,364250,2010-12-27 00:00:00,1
2010-12-28 00:00:00,2010-12-28 00:00:00,82,2010-12-28 00:00:00,80,80.1,23,6900,559930,2010-12-28 00:00:00,1
2010-12-29 00:00:00,2010-12-29 00:00:00,81.5,2010-12-29 00:00:00,79,79.9,13,7400,588690,2010-12-29 00:00:00,1
2010-12-30 00:00:00,2010-12-30 00:00:00,80,2010-12-30 00:00:00,77.6,78.2,16,2800,221240,2010-12-30 00:00:00,1
2010-12-31 00:00:00,2010-12-31 00:00:00,78.5,2010-12-31 00:00:00,75.1,78,43,18200,1413960,2010-12-31 00:00:00,1
Company Id :  BFL,,Security Type :  N,,Sub Type :  0000,,,,,,
Short Name :  BAIRAHA FARMS,,,,,,,,,,
Day,Date High,High,Date Low,Low,Closing,No. of Trades,No. of Shares,Turnover,Last Traded,Days Traded
2010-01-04 00:00:00,2010-01-04 00:00:00,27,2010-01-04 00:00:00,23.5,25,68,313400,7711425,2010-01-04 00:00:00,1
2010-01-05 00:00:00,2010-01-05 00:00:00,26.75,2010-01-05 00:00:00,25,25.75,51,169100,4468075,2010-01-05 00:00:00,1
2010-01-06 00:00:00,2010-01-06 00:00:00,26.25,2010-01-06 00:00:00,25,25.25,19,68700,1765875,2010-01-06 00:00:00,1
2010-01-07 00:00:00,2010-01-07 00:00:00,25.25,2010-01-07 00:00:00,25,25,22,70900,1772525,2010-01-07 00:00:00,1
2010-01-08 00:00:00,2010-01-08 00:00:00,26.25,2010-01-08 00:00:00,24.75,24.75,22,46000,1155200,2010-01-08 00:00:00,1
2010-01-11 00:00:00,2010-01-11 00:00:00,25.5,2010-01-11 00:00:00,24.75,25,29,28800,715375,2010-01-11 00:00:00,1
2010-01-12 00:00:00,2010-01-12 00:00:00,25,2010-01-12 00:00:00,24.5,24.5,11,39200,973250,2010-01-12 00:00:00,1
2010-01-13 00:00:00,2010-01-13 00:00:00,27.75,2010-01-13 00:00:00,24.75,26.75,141,310600,8148025,2010-01-13 00:00:00,1
2010-01-15 00:00:00,2010-01-15 00:00:00,31,2010-01-15 00:00:00,27.5,30,246,468400,13888750,2010-01-15 00:00:00,1
2010-01-18 00:00:00,2010-01-18 00:00:00,30.75,2010-01-18 00:00:00,29,29.5,63,135500,4071175,2010-01-18 00:00:00,1
2010-01-19 00:00:00,2010-01-19 00:00:00,29.75,2010-01-19 00:00:00,27,28.25,39,62600,1815125,2010-01-19 00:00:00,1
2010-01-20 00:00:00,2010-01-20 00:00:00,28.75,2010-01-20 00:00:00,27.5,28.25,56,131700,3696675,2010-01-20 00:00:00,1
2010-01-21 00:00:00,2010-01-21 00:00:00,29,2010-01-21 00:00:00,28.5,28.75,25,92000,2636750,2010-01-21 00:00:00,1
2010-01-22 00:00:00,2010-01-22 00:00:00,29,2010-01-22 00:00:00,28,28,14,27300,767500,2010-01-22 00:00:00,1
2010-01-25 00:00:00,2010-01-25 00:00:00,28,2010-01-25 00:00:00,27.75,27.75,13,12000,334525,2010-01-25 00:00:00,1
2010-01-26 00:00:00,2010-01-26 00:00:00,29.5,2010-01-26 00:00:00,27.5,29.25,68,201800,5910975,2010-01-26 00:00:00,1
2010-01-28 00:00:00,2010-01-28 00:00:00,29.75,2010-01-28 00:00:00,28.75,29.25,39,77800,2275200,2010-01-28 00:00:00,1
2010-02-01 00:00:00,2010-02-01 00:00:00,32,2010-02-01 00:00:00,29.25,31.25,114,203200,6356725,2010-02-01 00:00:00,1
2010-02-02 00:00:00,2010-02-02 00:00:00,32.5,2010-02-02 00:00:00,30.75,31,97,369800,11793775,2010-02-02 00:00:00,1
2010-02-03 00:00:00,2010-02-03 00:00:00,32,2010-02-03 00:00:00,30.75,31,22,36300,1138550,2010-02-03 00:00:00,1
2010-02-05 00:00:00,2010-02-05 00:00:00,31.75,2010-02-05 00:00:00,30.25,30.5,26,29700,914600,2010-02-05 00:00:00,1
2010-02-08 00:00:00,2010-02-08 00:00:00,32.5,2010-02-08 00:00:00,31.5,32,68,121200,3877550,2010-02-08 00:00:00,1
2010-02-09 00:00:00,2010-02-09 00:00:00,33,2010-02-09 00:00:00,30.75,32.25,62,140800,4482275,2010-02-09 00:00:00,1
2010-02-10 00:00:00,2010-02-10 00:00:00,43.75,2010-02-10 00:00:00,33,36.5,206,379000,13656450,2010-02-10 00:00:00,1
2010-02-11 00:00:00,2010-02-11 00:00:00,38,2010-02-11 00:00:00,34.5,35,62,122300,4319050,2010-02-11 00:00:00,1
2010-02-12 00:00:00,2010-02-12 00:00:00,35,2010-02-12 00:00:00,32,33.75,56,59600,2020000,2010-02-12 00:00:00,1
2010-02-15 00:00:00,2010-02-15 00:00:00,35,2010-02-15 00:00:00,34,34.25,23,51000,1745950,2010-02-15 00:00:00,1
2010-02-16 00:00:00,2010-02-16 00:00:00,34.5,2010-02-16 00:00:00,33.5,34,41,30400,1037025,2010-02-16 00:00:00,1
2010-02-17 00:00:00,2010-02-17 00:00:00,37,2010-02-17 00:00:00,34,34.5,27,35500,1236625,2010-02-17 00:00:00,1
2010-02-18 00:00:00,2010-02-18 00:00:00,34.5,2010-02-18 00:00:00,33.75,34,36,59000,2002825,2010-02-18 00:00:00,1
2010-02-19 00:00:00,2010-02-19 00:00:00,34.25,2010-02-19 00:00:00,33.75,33.75,21,18000,611400,2010-02-19 00:00:00,1
2010-02-22 00:00:00,2010-02-22 00:00:00,35,2010-02-22 00:00:00,34,34,54,114500,3945900,2010-02-22 00:00:00,1
2010-02-23 00:00:00,2010-02-23 00:00:00,36,2010-02-23 00:00:00,33.5,35,66,88100,3056225,2010-02-23 00:00:00,1
2010-02-24 00:00:00,2010-02-24 00:00:00,36.75,2010-02-24 00:00:00,35.5,35.5,67,111400,4000525,2010-02-24 00:00:00,1
2010-02-25 00:00:00,2010-02-25 00:00:00,36,2010-02-25 00:00:00,34,34,19,54500,1871500,2010-02-25 00:00:00,1
2010-02-26 00:00:00,2010-02-26 00:00:00,35,2010-02-26 00:00:00,33.75,34.75,9,12000,413750,2010-02-26 00:00:00,1
2010-03-01 00:00:00,2010-03-01 00:00:00,35.5,2010-03-01 00:00:00,34,35.5,8,5100,174800,2010-03-01 00:00:00,1
2010-03-02 00:00:00,2010-03-02 00:00:00,34.5,2010-03-02 00:00:00,33.5,33.75,18,28000,951850,2010-03-02 00:00:00,1
2010-03-03 00:00:00,2010-03-03 00:00:00,34,2010-03-03 00:00:00,33.5,34,9,5200,174900,2010-03-03 00:00:00,1
2010-03-04 00:00:00,2010-03-04 00:00:00,34,2010-03-04 00:00:00,32,33.25,7,2000,66050,2010-03-04 00:00:00,1
2010-03-05 00:00:00,2010-03-05 00:00:00,34.5,2010-03-05 00:00:00,33.75,34,17,12900,439300,2010-03-05 00:00:00,1
2010-03-08 00:00:00,2010-03-08 00:00:00,34,2010-03-08 00:00:00,33.5,33.5,19,23200,784150,2010-03-08 00:00:00,1
2010-03-09 00:00:00,2010-03-09 00:00:00,34,2010-03-09 00:00:00,33,33,4,7200,241100,2010-03-09 00:00:00,1
2010-03-10 00:00:00,2010-03-10 00:00:00,34,2010-03-10 00:00:00,33.25,33.25,21,46700,1556200,2010-03-10 00:00:00,1
2010-03-11 00:00:00,2010-03-11 00:00:00,34,2010-03-11 00:00:00,33.5,33.5,20,19300,649875,2010-03-11 00:00:00,1
2010-03-12 00:00:00,2010-03-12 00:00:00,34,2010-03-12 00:00:00,33.25,34,11,16800,569075,2010-03-12 00:00:00,1
2010-03-15 00:00:00,2010-03-15 00:00:00,34.25,2010-03-15 00:00:00,33.5,34,8,16800,571700,2010-03-15 00:00:00,1
2010-03-16 00:00:00,2010-03-16 00:00:00,34,2010-03-16 00:00:00,33.5,34,7,6000,203325,2010-03-16 00:00:00,1
2010-03-17 00:00:00,2010-03-17 00:00:00,35,2010-03-17 00:00:00,33.75,34,23,121100,4118975,2010-03-17 00:00:00,1
2010-03-18 00:00:00,2010-03-18 00:00:00,36.25,2010-03-18 00:00:00,34,34.75,18,73400,2627550,2010-03-18 00:00:00,1
2010-03-19 00:00:00,2010-03-19 00:00:00,34.5,2010-03-19 00:00:00,34.25,34.25,10,17600,604550,2010-03-19 00:00:00,1
2010-03-23 00:00:00,2010-03-23 00:00:00,34.5,2010-03-23 00:00:00,34,34,9,12000,408300,2010-03-23 00:00:00,1
2010-03-24 00:00:00,2010-03-24 00:00:00,33,2010-03-24 00:00:00,33,33,7,7600,250800,2010-03-24 00:00:00,1
2010-03-25 00:00:00,2010-03-25 00:00:00,33.5,2010-03-25 00:00:00,32,33.5,5,3000,97150,2010-03-25 00:00:00,1
2010-03-26 00:00:00,2010-03-26 00:00:00,36,2010-03-26 00:00:00,33.25,35,22,31400,1084225,2010-03-26 00:00:00,1
2010-03-30 00:00:00,2010-03-30 00:00:00,35,2010-03-30 00:00:00,32,33.25,11,7400,246650,2010-03-30 00:00:00,1
2010-03-31 00:00:00,2010-03-31 00:00:00,35,2010-03-31 00:00:00,33.25,34,14,170800,5807825,2010-03-31 00:00:00,1
2010-04-01 00:00:00,2010-04-01 00:00:00,35,2010-04-01 00:00:00,33.5,34.5,35,85900,2994850,2010-04-01 00:00:00,1
2010-04-05 00:00:00,2010-04-05 00:00:00,35,2010-04-05 00:00:00,34.25,35,9,12200,426075,2010-04-05 00:00:00,1
2010-04-06 00:00:00,2010-04-06 00:00:00,36.5,2010-04-06 00:00:00,35,36,48,88300,3157900,2010-04-06 00:00:00,1
2010-04-07 00:00:00,2010-04-07 00:00:00,37.5,2010-04-07 00:00:00,36.5,37,95,217700,8090050,2010-04-07 00:00:00,1
2010-04-08 00:00:00,2010-04-08 00:00:00,39.75,2010-04-08 00:00:00,37.75,38.5,62,69200,2664775,2010-04-08 00:00:00,1
2010-04-12 00:00:00,2010-04-12 00:00:00,41,2010-04-12 00:00:00,39.5,40,116,198400,7954400,2010-04-12 00:00:00,1
2010-04-15 00:00:00,2010-04-15 00:00:00,40.75,2010-04-15 00:00:00,40,40,31,36900,1480050,2010-04-15 00:00:00,1
2010-04-16 00:00:00,2010-04-16 00:00:00,40.75,2010-04-16 00:00:00,39.5,40,20,20400,815500,2010-04-16 00:00:00,1
2010-04-19 00:00:00,2010-04-19 00:00:00,45,2010-04-19 00:00:00,40,42.75,55,82900,3499650,2010-04-19 00:00:00,1
2010-04-20 00:00:00,2010-04-20 00:00:00,50,2010-04-20 00:00:00,43.75,44.75,66,74200,3443900,2010-04-20 00:00:00,1
2010-04-21 00:00:00,2010-04-21 00:00:00,44.75,2010-04-21 00:00:00,43,43,47,162200,7156325,2010-04-21 00:00:00,1
2010-04-22 00:00:00,2010-04-22 00:00:00,44.5,2010-04-22 00:00:00,42,43.5,36,32100,1381425,2010-04-22 00:00:00,1
2010-04-23 00:00:00,2010-04-23 00:00:00,45,2010-04-23 00:00:00,43.5,44.5,30,53000,2344450,2010-04-23 00:00:00,1
2010-04-26 00:00:00,2010-04-26 00:00:00,46,2010-04-26 00:00:00,43.5,44.5,20,70100,3108125,2010-04-26 00:00:00,1
2010-04-27 00:00:00,2010-04-27 00:00:00,44.75,2010-04-27 00:00:00,44,44.25,18,14900,664350,2010-04-27 00:00:00,1
2010-04-29 00:00:00,2010-04-29 00:00:00,49,2010-04-29 00:00:00,44,48.5,130,274000,13001875,2010-04-29 00:00:00,1
2010-04-30 00:00:00,2010-04-30 00:00:00,49.5,2010-04-30 00:00:00,48.75,49,40,65600,3222050,2010-04-30 00:00:00,1
2010-05-03 00:00:00,2010-05-03 00:00:00,51,2010-05-03 00:00:00,49,49,165,188200,9401450,2010-05-03 00:00:00,1
2010-05-04 00:00:00,2010-05-04 00:00:00,48,2010-05-04 00:00:00,47.5,47.75,50,75000,3576175,2010-05-04 00:00:00,1
2010-05-05 00:00:00,2010-05-05 00:00:00,50,2010-05-05 00:00:00,48.5,49,36,29100,1442125,2010-05-05 00:00:00,1
2010-05-06 00:00:00,2010-05-06 00:00:00,49.25,2010-05-06 00:00:00,48,48.25,13,13800,672450,2010-05-06 00:00:00,1
2010-05-07 00:00:00,2010-05-07 00:00:00,48,2010-05-07 00:00:00,47.75,47.75,8,34700,1659625,2010-05-07 00:00:00,1
2010-05-10 00:00:00,2010-05-10 00:00:00,49.5,2010-05-10 00:00:00,47.75,47.75,19,19600,945125,2010-05-10 00:00:00,1
2010-05-11 00:00:00,2010-05-11 00:00:00,47.25,2010-05-11 00:00:00,46.5,47.25,11,4500,211925,2010-05-11 00:00:00,1
2010-05-12 00:00:00,2010-05-12 00:00:00,46.75,2010-05-12 00:00:00,46.5,46.5,10,7300,339975,2010-05-12 00:00:00,1
2010-05-13 00:00:00,2010-05-13 00:00:00,47,2010-05-13 00:00:00,46,46.75,7,10900,509375,2010-05-13 00:00:00,1
2010-05-14 00:00:00,2010-05-14 00:00:00,53.5,2010-05-14 00:00:00,47,51.75,542,735600,37430875,2010-05-14 00:00:00,1
2010-05-17 00:00:00,2010-05-17 00:00:00,57,2010-05-17 00:00:00,52.5,55.75,394,427600,23700600,2010-05-17 00:00:00,1
2010-05-18 00:00:00,2010-05-18 00:00:00,57.5,2010-05-18 00:00:00,54.5,54.75,175,289700,16072650,2010-05-18 00:00:00,1
2010-05-19 00:00:00,2010-05-19 00:00:00,55,2010-05-19 00:00:00,52.5,53,50,46800,2497325,2010-05-19 00:00:00,1
2010-05-20 00:00:00,2010-05-20 00:00:00,53,2010-05-20 00:00:00,51.5,52.75,56,64800,3393125,2010-05-20 00:00:00,1
2010-05-21 00:00:00,2010-05-21 00:00:00,53,2010-05-21 00:00:00,51.5,52.25,53,42400,2215850,2010-05-21 00:00:00,1
2010-05-24 00:00:00,2010-05-24 00:00:00,54,2010-05-24 00:00:00,52,53.5,43,123600,6599800,2010-05-24 00:00:00,1
2010-05-25 00:00:00,2010-05-25 00:00:00,54,2010-05-25 00:00:00,52.5,52.75,51,50200,2649625,2010-05-25 00:00:00,1
2010-05-26 00:00:00,2010-05-26 00:00:00,53.5,2010-05-26 00:00:00,52,53,22,16100,846875,2010-05-26 00:00:00,1
2010-05-31 00:00:00,2010-05-31 00:00:00,53.25,2010-05-31 00:00:00,52,52.25,25,18200,951200,2010-05-31 00:00:00,1
2010-06-01 00:00:00,2010-06-01 00:00:00,53.5,2010-06-01 00:00:00,52,53,37,96300,5065675,2010-06-01 00:00:00,1
2010-06-02 00:00:00,2010-06-02 00:00:00,58,2010-06-02 00:00:00,53.5,55.75,197,320600,17882225,2010-06-02 00:00:00,1
2010-06-03 00:00:00,2010-06-03 00:00:00,60.5,2010-06-03 00:00:00,56,59.5,303,499800,29539325,2010-06-03 00:00:00,1
2010-06-04 00:00:00,2010-06-04 00:00:00,63.75,2010-06-04 00:00:00,59.5,61,201,237800,14513725,2010-06-04 00:00:00,1
2010-06-07 00:00:00,2010-06-07 00:00:00,66.25,2010-06-07 00:00:00,61.5,65,237,411100,26251325,2010-06-07 00:00:00,1
2010-06-08 00:00:00,2010-06-08 00:00:00,69,2010-06-08 00:00:00,64.5,66,205,236100,15538100,2010-06-08 00:00:00,1
2010-06-09 00:00:00,2010-06-09 00:00:00,68,2010-06-09 00:00:00,66,67.75,104,154400,10354150,2010-06-09 00:00:00,1
2010-06-10 00:00:00,2010-06-10 00:00:00,71.25,2010-06-10 00:00:00,67.75,69.75,206,354600,24604450,2010-06-10 00:00:00,1
2010-06-11 00:00:00,2010-06-11 00:00:00,75,2010-06-11 00:00:00,71,72.75,294,302200,22244700,2010-06-11 00:00:00,1
2010-06-14 00:00:00,2010-06-14 00:00:00,75,2010-06-14 00:00:00,71.5,72.25,95,63500,4604875,2010-06-14 00:00:00,1
2010-06-15 00:00:00,2010-06-15 00:00:00,73,2010-06-15 00:00:00,70,71,105,147800,10457750,2010-06-15 00:00:00,1
2010-06-16 00:00:00,2010-06-16 00:00:00,75.25,2010-06-16 00:00:00,71.5,73,125,247500,18155050,2010-06-16 00:00:00,1
2010-06-17 00:00:00,2010-06-17 00:00:00,75,2010-06-17 00:00:00,73.25,74.25,101,138800,10376925,2010-06-17 00:00:00,1
2010-06-21 00:00:00,2010-06-21 00:00:00,76.25,2010-06-21 00:00:00,75,75,62,71400,5373125,2010-06-21 00:00:00,1
2010-06-22 00:00:00,2010-06-22 00:00:00,76.25,2010-06-22 00:00:00,74,74.25,69,68200,5081950,2010-06-22 00:00:00,1
2010-06-23 00:00:00,2010-06-23 00:00:00,74.5,2010-06-23 00:00:00,72.25,72.75,46,30000,2192450,2010-06-23 00:00:00,1
2010-06-24 00:00:00,2010-06-24 00:00:00,72.5,2010-06-24 00:00:00,70.5,72.25,33,24800,1775675,2010-06-24 00:00:00,1
2010-06-28 00:00:00,2010-06-28 00:00:00,72.5,2010-06-28 00:00:00,70,70.75,100,214300,15262425,2010-06-28 00:00:00,1
2010-06-29 00:00:00,2010-06-29 00:00:00,71,2010-06-29 00:00:00,69.5,70.75,65,128100,9031750,2010-06-29 00:00:00,1
2010-06-30 00:00:00,2010-06-30 00:00:00,70.5,2010-06-30 00:00:00,69.5,70,47,180000,12595375,2010-06-30 00:00:00,1
2010-07-01 00:00:00,2010-07-01 00:00:00,70.75,2010-07-01 00:00:00,69.5,70.5,44,127000,8894450,2010-07-01 00:00:00,1
2010-07-02 00:00:00,2010-07-02 00:00:00,71,2010-07-02 00:00:00,70,70.75,34,28400,1997650,2010-07-02 00:00:00,1
2010-07-05 00:00:00,2010-07-05 00:00:00,73.75,2010-07-05 00:00:00,70,70.25,50,75700,5329725,2010-07-05 00:00:00,1
2010-07-06 00:00:00,2010-07-06 00:00:00,70.25,2010-07-06 00:00:00,70,70,67,137100,9598550,2010-07-06 00:00:00,1
2010-07-07 00:00:00,2010-07-07 00:00:00,70,2010-07-07 00:00:00,67.75,69,44,55500,3787375,2010-07-07 00:00:00,1
2010-07-08 00:00:00,2010-07-08 00:00:00,70,2010-07-08 00:00:00,67.5,70,33,34500,2394200,2010-07-08 00:00:00,1
2010-07-09 00:00:00,2010-07-09 00:00:00,70,2010-07-09 00:00:00,68.5,69,16,9900,682950,2010-07-09 00:00:00,1
2010-07-12 00:00:00,2010-07-12 00:00:00,71.75,2010-07-12 00:00:00,69,70.25,47,38900,2741025,2010-07-12 00:00:00,1
2010-07-13 00:00:00,2010-07-13 00:00:00,71,2010-07-13 00:00:00,69.75,71,21,22900,1614225,2010-07-13 00:00:00,1
2010-07-14 00:00:00,2010-07-14 00:00:00,71,2010-07-14 00:00:00,70.75,71,28,18800,1334700,2010-07-14 00:00:00,1
2010-07-15 00:00:00,2010-07-15 00:00:00,71,2010-07-15 00:00:00,70.5,70.5,16,8800,620650,2010-07-15 00:00:00,1
2010-07-16 00:00:00,2010-07-16 00:00:00,71,2010-07-16 00:00:00,70,71,10,6900,486000,2010-07-16 00:00:00,1
2010-07-19 00:00:00,2010-07-19 00:00:00,71,2010-07-19 00:00:00,70,70.5,8,26800,1886400,2010-07-19 00:00:00,1
2010-07-20 00:00:00,2010-07-20 00:00:00,72.5,2010-07-20 00:00:00,70,70.5,37,37300,2614575,2010-07-20 00:00:00,1
2010-07-21 00:00:00,2010-07-21 00:00:00,73,2010-07-21 00:00:00,70,70.75,22,20300,1429100,2010-07-21 00:00:00,1
2010-07-22 00:00:00,2010-07-22 00:00:00,72,2010-07-22 00:00:00,70,71.25,5,800,56900,2010-07-22 00:00:00,1
2010-07-23 00:00:00,2010-07-23 00:00:00,72,2010-07-23 00:00:00,70,70.25,20,14000,990400,2010-07-23 00:00:00,1
2010-07-26 00:00:00,2010-07-26 00:00:00,71.75,2010-07-26 00:00:00,70.75,71,9,4200,298725,2010-07-26 00:00:00,1
2010-07-27 00:00:00,2010-07-27 00:00:00,71,2010-07-27 00:00:00,70,70.5,21,24700,1735200,2010-07-27 00:00:00,1
2010-07-28 00:00:00,2010-07-28 00:00:00,72,2010-07-28 00:00:00,70.75,71.75,41,42500,3030225,2010-07-28 00:00:00,1
2010-07-29 00:00:00,2010-07-29 00:00:00,72,2010-07-29 00:00:00,70,70.75,28,18200,1295150,2010-07-29 00:00:00,1
2010-07-30 00:00:00,2010-07-30 00:00:00,72,2010-07-30 00:00:00,70.25,71,26,21900,1563075,2010-07-30 00:00:00,1
2010-08-02 00:00:00,2010-08-02 00:00:00,71,2010-08-02 00:00:00,70,70,9,8500,595210,2010-08-02 00:00:00,1
2010-08-03 00:00:00,2010-08-03 00:00:00,72,2010-08-03 00:00:00,69.7,70,18,54000,3783070,2010-08-03 00:00:00,1
2010-08-04 00:00:00,2010-08-04 00:00:00,72,2010-08-04 00:00:00,69,70.5,47,120000,8406690,2010-08-04 00:00:00,1
2010-08-05 00:00:00,2010-08-05 00:00:00,71,2010-08-05 00:00:00,69,70,71,202600,14182380,2010-08-05 00:00:00,1
2010-08-06 00:00:00,2010-08-06 00:00:00,70,2010-08-06 00:00:00,69,69,12,9300,647200,2010-08-06 00:00:00,1
2010-08-09 00:00:00,2010-08-09 00:00:00,65.1,2010-08-09 00:00:00,62.5,65,41,29700,1897980,2010-08-09 00:00:00,1
2010-08-10 00:00:00,2010-08-10 00:00:00,71.5,2010-08-10 00:00:00,63,71.5,42,35100,2391880,2010-08-10 00:00:00,1
2010-08-11 00:00:00,2010-08-11 00:00:00,78.6,2010-08-11 00:00:00,76.5,78.6,241,448400,35097840,2010-08-11 00:00:00,1
2010-08-12 00:00:00,2010-08-12 00:00:00,86.4,2010-08-12 00:00:00,82.9,86.4,106,89000,7658410,2010-08-12 00:00:00,1
2010-08-13 00:00:00,2010-08-13 00:00:00,95,2010-08-13 00:00:00,95,95,39,29200,2774000,2010-08-13 00:00:00,1
2010-08-16 00:00:00,2010-08-16 00:00:00,104.5,2010-08-16 00:00:00,96.2,98.1,412,433400,43759200,2010-08-16 00:00:00,1
2010-08-17 00:00:00,2010-08-17 00:00:00,103,2010-08-17 00:00:00,91.4,93,173,105400,9957630,2010-08-17 00:00:00,1
2010-08-18 00:00:00,2010-08-18 00:00:00,98.9,2010-08-18 00:00:00,92,96.9,146,165100,15690450,2010-08-18 00:00:00,1
2010-08-19 00:00:00,2010-08-19 00:00:00,98.9,2010-08-19 00:00:00,95,97.9,80,67900,6549030,2010-08-19 00:00:00,1
2010-08-20 00:00:00,2010-08-20 00:00:00,101.9,2010-08-20 00:00:00,98,100,105,75900,7546460,2010-08-20 00:00:00,1
2010-08-23 00:00:00,2010-08-23 00:00:00,110,2010-08-23 00:00:00,101,110,243,278400,30359680,2010-08-23 00:00:00,1
2010-08-25 00:00:00,2010-08-25 00:00:00,121,2010-08-25 00:00:00,117,120.7,455,378700,45713840,2010-08-25 00:00:00,1
2010-08-26 00:00:00,2010-08-26 00:00:00,132.7,2010-08-26 00:00:00,118,130.8,353,284200,36131760,2010-08-26 00:00:00,1
2010-08-27 00:00:00,2010-08-27 00:00:00,139,2010-08-27 00:00:00,132.7,133.8,266,138400,18766170,2010-08-27 00:00:00,1
2010-08-30 00:00:00,2010-08-30 00:00:00,138,2010-08-30 00:00:00,128.5,129.9,174,118100,15496830,2010-08-30 00:00:00,1
2010-08-31 00:00:00,2010-08-31 00:00:00,130,2010-08-31 00:00:00,123.2,125.5,170,120400,15101680,2010-08-31 00:00:00,1
2010-09-01 00:00:00,2010-09-01 00:00:00,130.8,2010-09-01 00:00:00,123,123.1,139,92100,11429820,2010-09-01 00:00:00,1
2010-09-02 00:00:00,2010-09-02 00:00:00,127.5,2010-09-02 00:00:00,123,125.3,106,83500,10454700,2010-09-02 00:00:00,1
2010-09-03 00:00:00,2010-09-03 00:00:00,134,2010-09-03 00:00:00,124,126.8,187,149500,19009990,2010-09-03 00:00:00,1
2010-09-06 00:00:00,2010-09-06 00:00:00,139.4,2010-09-06 00:00:00,130,139.4,245,246800,33693870,2010-09-06 00:00:00,1
2010-09-07 00:00:00,2010-09-07 00:00:00,153.3,2010-09-07 00:00:00,144,150.8,438,611600,91524730,2010-09-07 00:00:00,1
2010-09-08 00:00:00,2010-09-08 00:00:00,165.8,2010-09-08 00:00:00,157,165.8,557,1049800,171325810,2010-09-08 00:00:00,1
2010-09-09 00:00:00,2010-09-09 00:00:00,180,2010-09-09 00:00:00,164,167,721,624700,107575130,2010-09-09 00:00:00,1
2010-09-13 00:00:00,2010-09-13 00:00:00,168,2010-09-13 00:00:00,157,159.5,218,123200,19778180,2010-09-13 00:00:00,1
2010-09-14 00:00:00,2010-09-14 00:00:00,162,2010-09-14 00:00:00,149.5,158.9,265,214000,33055030,2010-09-14 00:00:00,1
2010-09-15 00:00:00,2010-09-15 00:00:00,160,2010-09-15 00:00:00,150,156.9,168,135600,21162830,2010-09-15 00:00:00,1
2010-09-16 00:00:00,2010-09-16 00:00:00,160,2010-09-16 00:00:00,155,158.8,118,83700,13144950,2010-09-16 00:00:00,1
2010-09-17 00:00:00,2010-09-17 00:00:00,171,2010-09-17 00:00:00,158,167.6,286,266000,44596930,2010-09-17 00:00:00,1
2010-09-20 00:00:00,2010-09-20 00:00:00,174.9,2010-09-20 00:00:00,165,167.6,119,75700,12844500,2010-09-20 00:00:00,1
2010-09-21 00:00:00,2010-09-21 00:00:00,167,2010-09-21 00:00:00,163,164.1,78,51200,8460350,2010-09-21 00:00:00,1
2010-09-23 00:00:00,2010-09-23 00:00:00,163,2010-09-23 00:00:00,159,160.1,78,33900,5450240,2010-09-23 00:00:00,1
2010-09-24 00:00:00,2010-09-24 00:00:00,161,2010-09-24 00:00:00,156,160.1,124,284500,45468690,2010-09-24 00:00:00,1
2010-09-27 00:00:00,2010-09-27 00:00:00,169.9,2010-09-27 00:00:00,161,168.6,246,196400,32845830,2010-09-27 00:00:00,1
2010-09-28 00:00:00,2010-09-28 00:00:00,178.5,2010-09-28 00:00:00,167.5,177.4,382,256800,44595040,2010-09-28 00:00:00,1
2010-09-29 00:00:00,2010-09-29 00:00:00,199,2010-09-29 00:00:00,180,198.3,416,289900,55722920,2010-09-29 00:00:00,1
2010-09-30 00:00:00,2010-09-30 00:00:00,205,2010-09-30 00:00:00,190,197.7,231,121300,24111680,2010-09-30 00:00:00,1
2010-10-01 00:00:00,2010-10-01 00:00:00,210,2010-10-01 00:00:00,192,204,276,264800,53315560,2010-10-01 00:00:00,1
2010-10-04 00:00:00,2010-10-04 00:00:00,220,2010-10-04 00:00:00,210,214.8,270,164700,35523590,2010-10-04 00:00:00,1
2010-10-05 00:00:00,2010-10-05 00:00:00,226,2010-10-05 00:00:00,215,219.6,247,149800,33119430,2010-10-05 00:00:00,1
2010-10-06 00:00:00,2010-10-06 00:00:00,225,2010-10-06 00:00:00,213.6,214.9,187,85900,18556100,2010-10-06 00:00:00,1
2010-10-07 00:00:00,2010-10-07 00:00:00,217,2010-10-07 00:00:00,200,207.8,364,173500,36160640,2010-10-07 00:00:00,1
2010-10-08 00:00:00,2010-10-08 00:00:00,215,2010-10-08 00:00:00,200,210.3,170,74900,15624590,2010-10-08 00:00:00,1
2010-10-11 00:00:00,2010-10-11 00:00:00,229,2010-10-11 00:00:00,215,225.4,288,149100,33375260,2010-10-11 00:00:00,1
2010-10-12 00:00:00,2010-10-12 00:00:00,228.5,2010-10-12 00:00:00,215,217.9,302,133700,29382050,2010-10-12 00:00:00,1
2010-10-13 00:00:00,2010-10-13 00:00:00,218,2010-10-13 00:00:00,180,212.9,812,431000,87182030,2010-10-13 00:00:00,1
2010-10-14 00:00:00,2010-10-14 00:00:00,217.4,2010-10-14 00:00:00,202.1,204.7,211,133300,27771960,2010-10-14 00:00:00,1
2010-10-15 00:00:00,2010-10-15 00:00:00,209,2010-10-15 00:00:00,190,206.9,119,51900,10432690,2010-10-15 00:00:00,1
2010-10-18 00:00:00,2010-10-18 00:00:00,208,2010-10-18 00:00:00,200,200.6,191,106800,21573330,2010-10-18 00:00:00,1
2010-10-19 00:00:00,2010-10-19 00:00:00,215,2010-10-19 00:00:00,201,213.6,233,101300,21196930,2010-10-19 00:00:00,1
2010-10-20 00:00:00,2010-10-20 00:00:00,237,2010-10-20 00:00:00,216,229.2,501,212900,48079860,2010-10-20 00:00:00,1
2010-10-21 00:00:00,2010-10-21 00:00:00,249.9,2010-10-21 00:00:00,229.2,236.9,608,283600,68220860,2010-10-21 00:00:00,1
2010-10-25 00:00:00,2010-10-25 00:00:00,240,2010-10-25 00:00:00,225,225.1,251,112100,25628840,2010-10-25 00:00:00,1
2010-10-26 00:00:00,2010-10-26 00:00:00,228,2010-10-26 00:00:00,215,215.5,148,97300,21234050,2010-10-26 00:00:00,1
2010-10-27 00:00:00,2010-10-27 00:00:00,225,2010-10-27 00:00:00,210,217.9,165,75600,16447140,2010-10-27 00:00:00,1
2010-10-28 00:00:00,2010-10-28 00:00:00,222,2010-10-28 00:00:00,215,216.5,78,49900,10889060,2010-10-28 00:00:00,1
2010-10-29 00:00:00,2010-10-29 00:00:00,220,2010-10-29 00:00:00,216.5,217.4,85,60700,13265430,2010-10-29 00:00:00,1
2010-11-01 00:00:00,2010-11-01 00:00:00,220,2010-11-01 00:00:00,215.1,216.3,81,53700,11669340,2010-11-01 00:00:00,1
2010-11-02 00:00:00,2010-11-02 00:00:00,217.5,2010-11-02 00:00:00,210.1,213.3,112,85200,18233400,2010-11-02 00:00:00,1
2010-11-03 00:00:00,2010-11-03 00:00:00,216,2010-11-03 00:00:00,210,210.3,123,69000,14589320,2010-11-03 00:00:00,1
2010-11-04 00:00:00,2010-11-04 00:00:00,212,2010-11-04 00:00:00,209,209.9,52,15000,3152800,2010-11-04 00:00:00,1
2010-11-08 00:00:00,2010-11-08 00:00:00,210,2010-11-08 00:00:00,205,205,94,59200,12198030,2010-11-08 00:00:00,1
2010-11-09 00:00:00,2010-11-09 00:00:00,206,2010-11-09 00:00:00,203,203.3,76,33100,6738770,2010-11-09 00:00:00,1
2010-11-10 00:00:00,2010-11-10 00:00:00,208.9,2010-11-10 00:00:00,199.1,200.3,146,65300,13099470,2010-11-10 00:00:00,1
2010-11-11 00:00:00,2010-11-11 00:00:00,209,2010-11-11 00:00:00,202,205.8,50,22500,4636970,2010-11-11 00:00:00,1
2010-11-12 00:00:00,2010-11-12 00:00:00,213,2010-11-12 00:00:00,207,208.8,82,28700,6010010,2010-11-12 00:00:00,1
2010-11-15 00:00:00,2010-11-15 00:00:00,213,2010-11-15 00:00:00,205,206.9,58,31800,6579970,2010-11-15 00:00:00,1
2010-11-16 00:00:00,2010-11-16 00:00:00,205.5,2010-11-16 00:00:00,202,204.7,51,20700,4213530,2010-11-16 00:00:00,1
2010-11-18 00:00:00,2010-11-18 00:00:00,210,2010-11-18 00:00:00,202,208.5,74,30700,6379910,2010-11-18 00:00:00,1
2010-11-22 00:00:00,2010-11-22 00:00:00,212.4,2010-11-22 00:00:00,207,207.2,57,20800,4374630,2010-11-22 00:00:00,1
2010-11-23 00:00:00,2010-11-23 00:00:00,206,2010-11-23 00:00:00,200,200.8,105,57400,11540340,2010-11-23 00:00:00,1
2010-11-24 00:00:00,2010-11-24 00:00:00,208,2010-11-24 00:00:00,204,208,85,43100,8913550,2010-11-24 00:00:00,1
2010-11-25 00:00:00,2010-11-25 00:00:00,208,2010-11-25 00:00:00,200.7,201.8,40,25800,5215070,2010-11-25 00:00:00,1
2010-11-26 00:00:00,2010-11-26 00:00:00,204,2010-11-26 00:00:00,202.1,203,30,16300,3307110,2010-11-26 00:00:00,1
2010-11-29 00:00:00,2010-11-29 00:00:00,204,2010-11-29 00:00:00,195,198.8,98,58400,11738870,2010-11-29 00:00:00,1
2010-11-30 00:00:00,2010-11-30 00:00:00,218,2010-11-30 00:00:00,208.8,214.7,216,120000,25617890,2010-11-30 00:00:00,1
2010-12-01 00:00:00,2010-12-01 00:00:00,221,2010-12-01 00:00:00,218,220.7,177,109100,24007050,2010-12-01 00:00:00,1
2010-12-02 00:00:00,2010-12-02 00:00:00,226,2010-12-02 00:00:00,215,218,114,161800,36230630,2010-12-02 00:00:00,1
2010-12-03 00:00:00,2010-12-03 00:00:00,221,2010-12-03 00:00:00,216,218.9,57,18300,3999660,2010-12-03 00:00:00,1
2010-12-06 00:00:00,2010-12-06 00:00:00,220,2010-12-06 00:00:00,205,215.8,56,26800,5760240,2010-12-06 00:00:00,1
2010-12-07 00:00:00,2010-12-07 00:00:00,215,2010-12-07 00:00:00,210.1,211.4,36,15800,3325880,2010-12-07 00:00:00,1
2010-12-08 00:00:00,2010-12-08 00:00:00,214,2010-12-08 00:00:00,211,211.9,36,18700,3950160,2010-12-08 00:00:00,1
2010-12-09 00:00:00,2010-12-09 00:00:00,213,2010-12-09 00:00:00,211,211.7,21,7300,1543090,2010-12-09 00:00:00,1
2010-12-10 00:00:00,2010-12-10 00:00:00,212,2010-12-10 00:00:00,207,210,43,28500,5985930,2010-12-10 00:00:00,1
2010-12-13 00:00:00,2010-12-13 00:00:00,210.2,2010-12-13 00:00:00,210,210.1,43,32800,6890950,2010-12-13 00:00:00,1
2010-12-14 00:00:00,2010-12-14 00:00:00,219,2010-12-14 00:00:00,205,212,70,33300,7131290,2010-12-14 00:00:00,1
2010-12-15 00:00:00,2010-12-15 00:00:00,216.4,2010-12-15 00:00:00,212.6,215.4,32,18700,4019760,2010-12-15 00:00:00,1
2010-12-16 00:00:00,2010-12-16 00:00:00,219.8,2010-12-16 00:00:00,215,218.3,124,94600,20518380,2010-12-16 00:00:00,1
2010-12-17 00:00:00,2010-12-17 00:00:00,224.5,2010-12-17 00:00:00,219,223.3,163,74700,16556730,2010-12-17 00:00:00,1
2010-12-21 00:00:00,2010-12-21 00:00:00,250.1,2010-12-21 00:00:00,225,247.6,586,334800,80216350,2010-12-21 00:00:00,1
2010-12-22 00:00:00,2010-12-22 00:00:00,285,2010-12-22 00:00:00,251,279.4,806,1245700,338986750,2010-12-22 00:00:00,1
2010-12-23 00:00:00,2010-12-23 00:00:00,294,2010-12-23 00:00:00,270,272.5,745,498600,141049630,2010-12-23 00:00:00,1
2010-12-24 00:00:00,2010-12-24 00:00:00,272.9,2010-12-24 00:00:00,260,267,133,54700,14643470,2010-12-24 00:00:00,1
2010-12-27 00:00:00,2010-12-27 00:00:00,274.8,2010-12-27 00:00:00,262.1,266.7,72,41300,10993730,2010-12-27 00:00:00,1
2010-12-28 00:00:00,2010-12-28 00:00:00,275,2010-12-28 00:00:00,267,270.3,62,32700,8921360,2010-12-28 00:00:00,1
2010-12-29 00:00:00,2010-12-29 00:00:00,294,2010-12-29 00:00:00,270,290.2,345,152600,43492150,2010-12-29 00:00:00,1
2010-12-30 00:00:00,2010-12-30 00:00:00,304.9,2010-12-30 00:00:00,280,303.4,612,540000,159627410,2010-12-30 00:00:00,1
2010-12-31 00:00:00,2010-12-31 00:00:00,330,2010-12-31 00:00:00,303.3,324.3,438,244100,76694160,2010-12-31 00:00:00,1
Company Id :  BHR,,Security Type :  N,,Sub Type :  0000,,,,,,
Short Name :  RIVERINA HOTELS,,,,,,,,,,
Day,Date High,High,Date Low,Low,Closing,No. of Trades,No. of Shares,Turnover,Last Traded,Days Traded
2010-01-04 00:00:00,2010-01-04 00:00:00,69.5,2010-01-04 00:00:00,68,68.5,9,7600,521875,2010-01-04 00:00:00,1
2010-01-05 00:00:00,2010-01-05 00:00:00,72.5,2010-01-05 00:00:00,69,70,77,146200,10310125,2010-01-05 00:00:00,1
2010-01-06 00:00:00,2010-01-06 00:00:00,73,2010-01-06 00:00:00,71,72.5,30,31300,2255775,2010-01-06 00:00:00,1
2010-01-07 00:00:00,2010-01-07 00:00:00,72,2010-01-07 00:00:00,70,71,31,29500,2122900,2010-01-07 00:00:00,1
2010-01-08 00:00:00,2010-01-08 00:00:00,72,2010-01-08 00:00:00,71.75,72,6,8100,583175,2010-01-08 00:00:00,1
2010-01-11 00:00:00,2010-01-11 00:00:00,72,2010-01-11 00:00:00,72,72,12,21700,1562400,2010-01-11 00:00:00,1
2010-01-12 00:00:00,2010-01-12 00:00:00,72.5,2010-01-12 00:00:00,72,72,21,38200,2752900,2010-01-12 00:00:00,1
2010-01-13 00:00:00,2010-01-13 00:00:00,77,2010-01-13 00:00:00,72,76.25,64,209400,15574675,2010-01-13 00:00:00,1
2010-01-15 00:00:00,2010-01-15 00:00:00,94.5,2010-01-15 00:00:00,78,90,228,402000,34208350,2010-01-15 00:00:00,1
2010-01-18 00:00:00,2010-01-18 00:00:00,98,2010-01-18 00:00:00,87,90,78,86400,8058000,2010-01-18 00:00:00,1
2010-01-19 00:00:00,2010-01-19 00:00:00,88,2010-01-19 00:00:00,84.75,85.75,17,16000,1367375,2010-01-19 00:00:00,1
2010-01-20 00:00:00,2010-01-20 00:00:00,89.5,2010-01-20 00:00:00,86,87.5,23,72600,6300325,2010-01-20 00:00:00,1
2010-01-21 00:00:00,2010-01-21 00:00:00,87,2010-01-21 00:00:00,86,86,32,76500,6583025,2010-01-21 00:00:00,1
2010-01-22 00:00:00,2010-01-22 00:00:00,87,2010-01-22 00:00:00,86,86.25,10,21800,1879300,2010-01-22 00:00:00,1
2010-01-25 00:00:00,2010-01-25 00:00:00,86.5,2010-01-25 00:00:00,85.5,85.5,15,42400,3634550,2010-01-25 00:00:00,1
2010-01-26 00:00:00,2010-01-26 00:00:00,88,2010-01-26 00:00:00,86.75,87.5,6,7200,630375,2010-01-26 00:00:00,1
2010-01-28 00:00:00,2010-01-28 00:00:00,93,2010-01-28 00:00:00,88,89.75,24,43600,3877700,2010-01-28 00:00:00,1
2010-02-01 00:00:00,2010-02-01 00:00:00,92,2010-02-01 00:00:00,89.5,89.5,7,4800,432050,2010-02-01 00:00:00,1
2010-02-02 00:00:00,2010-02-02 00:00:00,93,2010-02-02 00:00:00,90,90,4,13200,1211400,2010-02-02 00:00:00,1
2010-02-03 00:00:00,2010-02-03 00:00:00,89.75,2010-02-03 00:00:00,85,87.25,16,19800,1744950,2010-02-03 00:00:00,1
2010-02-05 00:00:00,2010-02-05 00:00:00,87,2010-02-05 00:00:00,87,87,7,28300,2462100,2010-02-05 00:00:00,1
2010-02-08 00:00:00,2010-02-08 00:00:00,88,2010-02-08 00:00:00,84.5,84.75,22,29500,2510500,2010-02-08 00:00:00,1
2010-02-09 00:00:00,2010-02-09 00:00:00,89,2010-02-09 00:00:00,82.5,88,17,55500,4712550,2010-02-09 00:00:00,1
2010-02-10 00:00:00,2010-02-10 00:00:00,88,2010-02-10 00:00:00,86,87,10,3600,312750,2010-02-10 00:00:00,1
2010-02-11 00:00:00,2010-02-11 00:00:00,84,2010-02-11 00:00:00,83.25,83.25,5,5700,478500,2010-02-11 00:00:00,1
2010-02-12 00:00:00,2010-02-12 00:00:00,85,2010-02-12 00:00:00,82,85,3,1200,99000,2010-02-12 00:00:00,1
2010-02-15 00:00:00,2010-02-15 00:00:00,81,2010-02-15 00:00:00,81,81,4,1900,153900,2010-02-15 00:00:00,1
2010-02-16 00:00:00,2010-02-16 00:00:00,81,2010-02-16 00:00:00,80.5,80.5,5,1200,96650,2010-02-16 00:00:00,1
2010-02-17 00:00:00,2010-02-17 00:00:00,80.75,2010-02-17 00:00:00,80.25,80.25,8,3700,296975,2010-02-17 00:00:00,1
2010-02-18 00:00:00,2010-02-18 00:00:00,81.25,2010-02-18 00:00:00,80,81,18,34300,2777650,2010-02-18 00:00:00,1
2010-02-19 00:00:00,2010-02-19 00:00:00,82,2010-02-19 00:00:00,81,81.25,9,7300,592300,2010-02-19 00:00:00,1
2010-02-22 00:00:00,2010-02-22 00:00:00,83.75,2010-02-22 00:00:00,81,82.5,4,3800,313100,2010-02-22 00:00:00,1
2010-02-23 00:00:00,2010-02-23 00:00:00,83,2010-02-23 00:00:00,83,83,1,5000,415000,2010-02-23 00:00:00,1
2010-02-24 00:00:00,2010-02-24 00:00:00,90,2010-02-24 00:00:00,84,89.5,10,10500,937525,2010-02-24 00:00:00,1
2010-02-25 00:00:00,2010-02-25 00:00:00,86,2010-02-25 00:00:00,86,86,2,4500,387000,2010-02-25 00:00:00,1
2010-02-26 00:00:00,2010-02-26 00:00:00,85,2010-02-26 00:00:00,85,85,3,5300,450500,2010-02-26 00:00:00,1
2010-03-01 00:00:00,2010-03-01 00:00:00,89,2010-03-01 00:00:00,85,85.5,7,19100,1633100,2010-03-01 00:00:00,1
2010-03-02 00:00:00,2010-03-02 00:00:00,85.5,2010-03-02 00:00:00,85.25,85.5,2,500,42650,2010-03-02 00:00:00,1
2010-03-03 00:00:00,2010-03-03 00:00:00,89.5,2010-03-03 00:00:00,89.5,89.5,1,100,8950,2010-03-03 00:00:00,1
2010-03-04 00:00:00,2010-03-04 00:00:00,89,2010-03-04 00:00:00,89,89,1,100,8900,2010-03-04 00:00:00,1
2010-03-05 00:00:00,2010-03-05 00:00:00,91,2010-03-05 00:00:00,89.75,90,22,52500,4724575,2010-03-05 00:00:00,1
2010-03-08 00:00:00,2010-03-08 00:00:00,94.75,2010-03-08 00:00:00,90,90.5,24,29700,2693175,2010-03-08 00:00:00,1
2010-03-09 00:00:00,2010-03-09 00:00:00,92,2010-03-09 00:00:00,90,90.25,23,22300,2022475,2010-03-09 00:00:00,1
2010-03-10 00:00:00,2010-03-10 00:00:00,91.75,2010-03-10 00:00:00,90,90.25,2,1100,99175,2010-03-10 00:00:00,1
2010-03-11 00:00:00,2010-03-11 00:00:00,92,2010-03-11 00:00:00,92,92,1,400,36800,2010-03-11 00:00:00,1
2010-03-12 00:00:00,2010-03-12 00:00:00,93,2010-03-12 00:00:00,90.5,93,14,32100,2979200,2010-03-12 00:00:00,1
2010-03-15 00:00:00,2010-03-15 00:00:00,92,2010-03-15 00:00:00,90.25,91.25,5,1300,118575,2010-03-15 00:00:00,1
2010-03-16 00:00:00,2010-03-16 00:00:00,93,2010-03-16 00:00:00,90,93,12,38800,3515700,2010-03-16 00:00:00,1
2010-03-17 00:00:00,2010-03-17 00:00:00,94.75,2010-03-17 00:00:00,93,93.5,6,4400,410950,2010-03-17 00:00:00,1
2010-03-18 00:00:00,2010-03-18 00:00:00,93,2010-03-18 00:00:00,90,90,8,19200,1728525,2010-03-18 00:00:00,1
2010-03-19 00:00:00,2010-03-19 00:00:00,93,2010-03-19 00:00:00,93,93,2,200,18600,2010-03-19 00:00:00,1
2010-03-22 00:00:00,2010-03-22 00:00:00,92.75,2010-03-22 00:00:00,91,92,8,8300,764450,2010-03-22 00:00:00,1
2010-03-23 00:00:00,2010-03-23 00:00:00,92.5,2010-03-23 00:00:00,90,90.25,4,3200,288500,2010-03-23 00:00:00,1
2010-03-24 00:00:00,2010-03-24 00:00:00,90,2010-03-24 00:00:00,90,90,2,700,63000,2010-03-24 00:00:00,1
2010-03-25 00:00:00,2010-03-25 00:00:00,92,2010-03-25 00:00:00,85.25,90,4,10600,953175,2010-03-25 00:00:00,1
2010-03-26 00:00:00,2010-03-26 00:00:00,90,2010-03-26 00:00:00,90,90,1,500,45000,2010-03-26 00:00:00,1
2010-03-30 00:00:00,2010-03-30 00:00:00,91.5,2010-03-30 00:00:00,90,90.25,14,40500,3684050,2010-03-30 00:00:00,1
2010-03-31 00:00:00,2010-03-31 00:00:00,91.75,2010-03-31 00:00:00,85.25,87,3,1100,95800,2010-03-31 00:00:00,1
2010-04-05 00:00:00,2010-04-05 00:00:00,93,2010-04-05 00:00:00,93,93,2,300,27900,2010-04-05 00:00:00,1
2010-04-06 00:00:00,2010-04-06 00:00:00,93.75,2010-04-06 00:00:00,93,93.25,11,2600,242675,2010-04-06 00:00:00,1
2010-04-07 00:00:00,2010-04-07 00:00:00,100,2010-04-07 00:00:00,93.5,93.75,18,12800,1234800,2010-04-07 00:00:00,1
2010-04-08 00:00:00,2010-04-08 00:00:00,93,2010-04-08 00:00:00,93,93,2,300,27900,2010-04-08 00:00:00,1
2010-04-16 00:00:00,2010-04-16 00:00:00,93.5,2010-04-16 00:00:00,93,93.25,7,1900,177025,2010-04-16 00:00:00,1
2010-04-19 00:00:00,2010-04-19 00:00:00,102.5,2010-04-19 00:00:00,94.5,100,46,133500,13327075,2010-04-19 00:00:00,1
2010-04-20 00:00:00,2010-04-20 00:00:00,104.5,2010-04-20 00:00:00,99,99,11,13800,1378050,2010-04-20 00:00:00,1
2010-04-21 00:00:00,2010-04-21 00:00:00,99,2010-04-21 00:00:00,99,99,1,5000,495000,2010-04-21 00:00:00,1
2010-04-22 00:00:00,2010-04-22 00:00:00,99,2010-04-22 00:00:00,99,99,3,4500,445500,2010-04-22 00:00:00,1
2010-04-23 00:00:00,2010-04-23 00:00:00,100,2010-04-23 00:00:00,99,99.75,7,2000,198975,2010-04-23 00:00:00,1
2010-04-26 00:00:00,2010-04-26 00:00:00,100,2010-04-26 00:00:00,100,100,9,22800,2280000,2010-04-26 00:00:00,1
2010-04-27 00:00:00,2010-04-27 00:00:00,100,2010-04-27 00:00:00,100,100,6,11300,1130000,2010-04-27 00:00:00,1
2010-04-29 00:00:00,2010-04-29 00:00:00,100,2010-04-29 00:00:00,100,100,6,13000,1300000,2010-04-29 00:00:00,1
2010-04-30 00:00:00,2010-04-30 00:00:00,99.75,2010-04-30 00:00:00,99.75,99.75,1,100,9975,2010-04-30 00:00:00,1
2010-05-03 00:00:00,2010-05-03 00:00:00,100,2010-05-03 00:00:00,100,100,5,31400,3140000,2010-05-03 00:00:00,1
2010-05-04 00:00:00,2010-05-04 00:00:00,100,2010-05-04 00:00:00,100,100,18,12800,1280000,2010-05-04 00:00:00,1
2010-05-05 00:00:00,2010-05-05 00:00:00,100,2010-05-05 00:00:00,100,100,8,29000,2900000,2010-05-05 00:00:00,1
2010-05-06 00:00:00,2010-05-06 00:00:00,100,2010-05-06 00:00:00,100,100,8,24600,2460000,2010-05-06 00:00:00,1
2010-05-07 00:00:00,2010-05-07 00:00:00,101,2010-05-07 00:00:00,100,100,25,33300,3330300,2010-05-07 00:00:00,1
2010-05-10 00:00:00,2010-05-10 00:00:00,101.25,2010-05-10 00:00:00,100,100,15,8800,881250,2010-05-10 00:00:00,1
2010-05-11 00:00:00,2010-05-11 00:00:00,101.5,2010-05-11 00:00:00,101.5,101.5,1,1000,101500,2010-05-11 00:00:00,1
2010-05-12 00:00:00,2010-05-12 00:00:00,100.25,2010-05-12 00:00:00,100,100,7,20600,2061250,2010-05-12 00:00:00,1
2010-05-13 00:00:00,2010-05-13 00:00:00,101.5,2010-05-13 00:00:00,100.25,100.25,5,6700,671925,2010-05-13 00:00:00,1
2010-05-14 00:00:00,2010-05-14 00:00:00,102,2010-05-14 00:00:00,102,102,2,600,61200,2010-05-14 00:00:00,1
2010-05-18 00:00:00,2010-05-18 00:00:00,101.5,2010-05-18 00:00:00,101.5,101.5,2,700,71050,2010-05-18 00:00:00,1
2010-05-19 00:00:00,2010-05-19 00:00:00,101,2010-05-19 00:00:00,100.5,100.75,10,5500,555075,2010-05-19 00:00:00,1
2010-05-20 00:00:00,2010-05-20 00:00:00,107,2010-05-20 00:00:00,104,105.75,32,24300,2546300,2010-05-20 00:00:00,1
2010-05-21 00:00:00,2010-05-21 00:00:00,112.25,2010-05-21 00:00:00,108,110.25,70,123000,13535150,2010-05-21 00:00:00,1
2010-05-24 00:00:00,2010-05-24 00:00:00,110,2010-05-24 00:00:00,110,110,1,500,55000,2010-05-24 00:00:00,1
2010-05-25 00:00:00,2010-05-25 00:00:00,153,2010-05-25 00:00:00,110,129.25,133,2773220,306390525,2010-05-25 00:00:00,1
2010-05-26 00:00:00,2010-05-26 00:00:00,140,2010-05-26 00:00:00,124.5,125.75,169,222500,28386975,2010-05-26 00:00:00,1
2010-05-31 00:00:00,2010-05-31 00:00:00,127,2010-05-31 00:00:00,114.5,115,36,30500,3551625,2010-05-31 00:00:00,1
2010-06-01 00:00:00,2010-06-01 00:00:00,114.25,2010-06-01 00:00:00,108,108.5,48,291275,32074000,2010-06-01 00:00:00,1
2010-06-02 00:00:00,2010-06-02 00:00:00,109,2010-06-02 00:00:00,107.75,109,25,28700,3126150,2010-06-02 00:00:00,1
2010-06-03 00:00:00,2010-06-03 00:00:00,110.25,2010-06-03 00:00:00,109,110,85,4107822,451820220,2010-06-03 00:00:00,1
2010-06-04 00:00:00,2010-06-04 00:00:00,110.25,2010-06-04 00:00:00,110,110,6,2300,253025,2010-06-04 00:00:00,1
2010-06-07 00:00:00,2010-06-07 00:00:00,108,2010-06-07 00:00:00,100,100.5,41,28400,2897900,2010-06-07 00:00:00,1
2010-06-08 00:00:00,2010-06-08 00:00:00,102,2010-06-08 00:00:00,100,100.5,17,12500,1260750,2010-06-08 00:00:00,1
2010-06-09 00:00:00,2010-06-09 00:00:00,102,2010-06-09 00:00:00,99,99.75,14,6900,691350,2010-06-09 00:00:00,1
2010-06-10 00:00:00,2010-06-10 00:00:00,105,2010-06-10 00:00:00,100,105,14,23100,2312500,2010-06-10 00:00:00,1
2010-06-11 00:00:00,2010-06-11 00:00:00,109,2010-06-11 00:00:00,100,101,8,3700,373500,2010-06-11 00:00:00,1
2010-06-14 00:00:00,2010-06-14 00:00:00,105,2010-06-14 00:00:00,105,105,2,200,21000,2010-06-14 00:00:00,1
2010-06-15 00:00:00,2010-06-15 00:00:00,100.75,2010-06-15 00:00:00,100,100.25,14,8100,813400,2010-06-15 00:00:00,1
2010-06-16 00:00:00,2010-06-16 00:00:00,105,2010-06-16 00:00:00,100,104.75,8,5800,601375,2010-06-16 00:00:00,1
2010-06-17 00:00:00,2010-06-17 00:00:00,104,2010-06-17 00:00:00,100.5,104,3,900,92550,2010-06-17 00:00:00,1
2010-06-21 00:00:00,2010-06-21 00:00:00,101,2010-06-21 00:00:00,100.5,100.5,9,9500,955275,2010-06-21 00:00:00,1
2010-06-22 00:00:00,2010-06-22 00:00:00,101.75,2010-06-22 00:00:00,100.5,100.5,5,2600,261500,2010-06-22 00:00:00,1
2010-06-23 00:00:00,2010-06-23 00:00:00,100.5,2010-06-23 00:00:00,100,100,12,6400,641175,2010-06-23 00:00:00,1
2010-06-24 00:00:00,2010-06-24 00:00:00,100,2010-06-24 00:00:00,100,100,3,4800,480000,2010-06-24 00:00:00,1
2010-06-28 00:00:00,2010-06-28 00:00:00,100,2010-06-28 00:00:00,100,100,4,12000,1200000,2010-06-28 00:00:00,1
2010-06-29 00:00:00,2010-06-29 00:00:00,100,2010-06-29 00:00:00,100,100,1,300,30000,2010-06-29 00:00:00,1
2010-06-30 00:00:00,2010-06-30 00:00:00,101,2010-06-30 00:00:00,100,101,3,600,60400,2010-06-30 00:00:00,1
2010-07-01 00:00:00,2010-07-01 00:00:00,117,2010-07-01 00:00:00,102,105,38,17100,1880125,2010-07-01 00:00:00,1
2010-07-02 00:00:00,2010-07-02 00:00:00,102,2010-07-02 00:00:00,101,101.5,2,200,20300,2010-07-02 00:00:00,1
2010-07-07 00:00:00,2010-07-07 00:00:00,101,2010-07-07 00:00:00,100,100,15,24300,2430650,2010-07-07 00:00:00,1
2010-07-09 00:00:00,2010-07-09 00:00:00,103,2010-07-09 00:00:00,100,100,6,26100,2610300,2010-07-09 00:00:00,1
2010-07-15 00:00:00,2010-07-15 00:00:00,106,2010-07-15 00:00:00,102,104.75,3,300,31400,2010-07-15 00:00:00,1
2010-07-16 00:00:00,2010-07-16 00:00:00,107,2010-07-16 00:00:00,105,105,6,4000,423100,2010-07-16 00:00:00,1
2010-07-19 00:00:00,2010-07-19 00:00:00,104.75,2010-07-19 00:00:00,100,102.5,5,2000,205000,2010-07-19 00:00:00,1
2010-07-20 00:00:00,2010-07-20 00:00:00,108,2010-07-20 00:00:00,104.75,105.5,20,11800,1244700,2010-07-20 00:00:00,1
2010-07-21 00:00:00,2010-07-21 00:00:00,109,2010-07-21 00:00:00,107,108.25,4,2000,216250,2010-07-21 00:00:00,1
2010-07-22 00:00:00,2010-07-22 00:00:00,108,2010-07-22 00:00:00,107,107.25,7,2100,225900,2010-07-22 00:00:00,1
2010-07-23 00:00:00,2010-07-23 00:00:00,105,2010-07-23 00:00:00,105,105,1,300,31500,2010-07-23 00:00:00,1
2010-07-27 00:00:00,2010-07-27 00:00:00,106,2010-07-27 00:00:00,105,105.75,2,300,31700,2010-07-27 00:00:00,1
2010-07-28 00:00:00,2010-07-28 00:00:00,112,2010-07-28 00:00:00,105,110.75,14,20200,2187175,2010-07-28 00:00:00,1
2010-07-29 00:00:00,2010-07-29 00:00:00,115,2010-07-29 00:00:00,110,110.25,11,9700,1079650,2010-07-29 00:00:00,1
2010-07-30 00:00:00,2010-07-30 00:00:00,112,2010-07-30 00:00:00,110,110,2,2300,253400,2010-07-30 00:00:00,1
2010-08-02 00:00:00,2010-08-02 00:00:00,110,2010-08-02 00:00:00,110,110,3,1800,198000,2010-08-02 00:00:00,1
2010-08-03 00:00:00,2010-08-03 00:00:00,112.9,2010-08-03 00:00:00,110,112.2,7,1300,144780,2010-08-03 00:00:00,1
2010-08-04 00:00:00,2010-08-04 00:00:00,111,2010-08-04 00:00:00,109.5,109.8,5,2200,241650,2010-08-04 00:00:00,1
2010-08-05 00:00:00,2010-08-05 00:00:00,110,2010-08-05 00:00:00,106,107.3,5,600,64300,2010-08-05 00:00:00,1
2010-08-06 00:00:00,2010-08-06 00:00:00,117.7,2010-08-06 00:00:00,117.7,117.7,1,100,11770,2010-08-06 00:00:00,1
2010-08-09 00:00:00,2010-08-09 00:00:00,106.1,2010-08-09 00:00:00,106,106,13,6000,636030,2010-08-09 00:00:00,1
2010-08-10 00:00:00,2010-08-10 00:00:00,110,2010-08-10 00:00:00,97,110,6,1900,190900,2010-08-10 00:00:00,1
2010-08-11 00:00:00,2010-08-11 00:00:00,115,2010-08-11 00:00:00,110,110,3,3200,353000,2010-08-11 00:00:00,1
2010-08-13 00:00:00,2010-08-13 00:00:00,110,2010-08-13 00:00:00,110,110,1,600,66000,2010-08-13 00:00:00,1
2010-08-16 00:00:00,2010-08-16 00:00:00,110.5,2010-08-16 00:00:00,110.5,110.5,4,1200,132600,2010-08-16 00:00:00,1
2010-08-17 00:00:00,2010-08-17 00:00:00,110.5,2010-08-17 00:00:00,110.5,110.5,2,400,44200,2010-08-17 00:00:00,1
2010-08-19 00:00:00,2010-08-19 00:00:00,121.5,2010-08-19 00:00:00,110.5,121.4,53,49700,5939020,2010-08-19 00:00:00,1
2010-08-20 00:00:00,2010-08-20 00:00:00,122,2010-08-20 00:00:00,119.9,119.9,20,9500,1146990,2010-08-20 00:00:00,1
2010-08-23 00:00:00,2010-08-23 00:00:00,122,2010-08-23 00:00:00,119.9,122,24,18600,2238860,2010-08-23 00:00:00,1
2010-08-25 00:00:00,2010-08-25 00:00:00,125,2010-08-25 00:00:00,122,122.9,14,14200,1753100,2010-08-25 00:00:00,1
2010-08-26 00:00:00,2010-08-26 00:00:00,123.5,2010-08-26 00:00:00,120,120,14,23100,2783920,2010-08-26 00:00:00,1
2010-08-27 00:00:00,2010-08-27 00:00:00,124,2010-08-27 00:00:00,120,122,17,5300,646800,2010-08-27 00:00:00,1
2010-08-30 00:00:00,2010-08-30 00:00:00,130,2010-08-30 00:00:00,125,129,34,32900,4215930,2010-08-30 00:00:00,1
2010-08-31 00:00:00,2010-08-31 00:00:00,130,2010-08-31 00:00:00,124,125.6,12,10700,1335450,2010-08-31 00:00:00,1
2010-09-01 00:00:00,2010-09-01 00:00:00,132,2010-09-01 00:00:00,130,130,2,200,26200,2010-09-01 00:00:00,1
2010-09-02 00:00:00,2010-09-02 00:00:00,124.2,2010-09-02 00:00:00,124,124.1,4,700,86820,2010-09-02 00:00:00,1
2010-09-03 00:00:00,2010-09-03 00:00:00,125,2010-09-03 00:00:00,124,124,8,3400,422610,2010-09-03 00:00:00,1
2010-09-06 00:00:00,2010-09-06 00:00:00,124.5,2010-09-06 00:00:00,124,124,4,10900,1352010,2010-09-06 00:00:00,1
2010-09-07 00:00:00,2010-09-07 00:00:00,124,2010-09-07 00:00:00,123.8,124,2,1400,173400,2010-09-07 00:00:00,1
2010-09-08 00:00:00,2010-09-08 00:00:00,124,2010-09-08 00:00:00,121.5,121.5,6,6000,732250,2010-09-08 00:00:00,1
2010-09-09 00:00:00,2010-09-09 00:00:00,123,2010-09-09 00:00:00,122,122.3,5,1200,146720,2010-09-09 00:00:00,1
2010-09-13 00:00:00,2010-09-13 00:00:00,127.5,2010-09-13 00:00:00,122.3,127.5,2,700,86650,2010-09-13 00:00:00,1
2010-09-14 00:00:00,2010-09-14 00:00:00,122.5,2010-09-14 00:00:00,122,122,3,1100,134300,2010-09-14 00:00:00,1
2010-09-15 00:00:00,2010-09-15 00:00:00,124.9,2010-09-15 00:00:00,124,124,4,1300,161920,2010-09-15 00:00:00,1
2010-09-16 00:00:00,2010-09-16 00:00:00,123.5,2010-09-16 00:00:00,120,122,5,5600,677700,2010-09-16 00:00:00,1
2010-09-17 00:00:00,2010-09-17 00:00:00,125,2010-09-17 00:00:00,119,122,28,58000,7048910,2010-09-17 00:00:00,1
2010-09-20 00:00:00,2010-09-20 00:00:00,123,2010-09-20 00:00:00,122,123,5,500,61300,2010-09-20 00:00:00,1
2010-09-21 00:00:00,2010-09-21 00:00:00,123,2010-09-21 00:00:00,121,121.4,10,3800,462210,2010-09-21 00:00:00,1
2010-09-23 00:00:00,2010-09-23 00:00:00,123,2010-09-23 00:00:00,120,122.9,5,4400,536700,2010-09-23 00:00:00,1
2010-09-24 00:00:00,2010-09-24 00:00:00,124.4,2010-09-24 00:00:00,124.4,124.4,3,1400,174160,2010-09-24 00:00:00,1
2010-09-27 00:00:00,2010-09-27 00:00:00,122,2010-09-27 00:00:00,120,121.8,7,15900,1934900,2010-09-27 00:00:00,1
2010-09-28 00:00:00,2010-09-28 00:00:00,128,2010-09-28 00:00:00,120,127.7,13,36400,4614150,2010-09-28 00:00:00,1
2010-09-30 00:00:00,2010-09-30 00:00:00,125,2010-09-30 00:00:00,125,125,4,3000,375000,2010-09-30 00:00:00,1
2010-10-01 00:00:00,2010-10-01 00:00:00,120,2010-10-01 00:00:00,120,120,5,8900,1068000,2010-10-01 00:00:00,1
2010-10-04 00:00:00,2010-10-04 00:00:00,124,2010-10-04 00:00:00,116,120,9,5300,630400,2010-10-04 00:00:00,1
2010-10-05 00:00:00,2010-10-05 00:00:00,122,2010-10-05 00:00:00,122,122,1,600,73200,2010-10-05 00:00:00,1
2010-10-06 00:00:00,2010-10-06 00:00:00,121.1,2010-10-06 00:00:00,120,120.5,12,11900,1435000,2010-10-06 00:00:00,1
2010-10-07 00:00:00,2010-10-07 00:00:00,120,2010-10-07 00:00:00,120,120,10,7200,864000,2010-10-07 00:00:00,1
2010-10-08 00:00:00,2010-10-08 00:00:00,120,2010-10-08 00:00:00,120,120,1,1400,168000,2010-10-08 00:00:00,1
2010-10-11 00:00:00,2010-10-11 00:00:00,120,2010-10-11 00:00:00,120,120,1,100,12000,2010-10-11 00:00:00,1
2010-10-12 00:00:00,2010-10-12 00:00:00,117,2010-10-12 00:00:00,117,117,1,5000,585000,2010-10-12 00:00:00,1
2010-10-13 00:00:00,2010-10-13 00:00:00,116,2010-10-13 00:00:00,116,116,3,1300,150800,2010-10-13 00:00:00,1
2010-10-14 00:00:00,2010-10-14 00:00:00,122,2010-10-14 00:00:00,113.6,113.6,3,400,47120,2010-10-14 00:00:00,1
2010-10-15 00:00:00,2010-10-15 00:00:00,117.5,2010-10-15 00:00:00,113.5,117.5,4,1000,113900,2010-10-15 00:00:00,1
2010-10-19 00:00:00,2010-10-19 00:00:00,115,2010-10-19 00:00:00,115,115,2,11800,1357000,2010-10-19 00:00:00,1
2010-10-21 00:00:00,2010-10-21 00:00:00,114.2,2010-10-21 00:00:00,114,114.2,5,2600,296650,2010-10-21 00:00:00,1
2010-10-25 00:00:00,2010-10-25 00:00:00,112.5,2010-10-25 00:00:00,112.5,112.5,2,200,22500,2010-10-25 00:00:00,1
2010-10-28 00:00:00,2010-10-28 00:00:00,127,2010-10-28 00:00:00,118,121.4,3,2000,242800,2010-10-28 00:00:00,1
2010-11-01 00:00:00,2010-11-01 00:00:00,117,2010-11-01 00:00:00,117,117,3,1700,198900,2010-11-01 00:00:00,1
2010-11-02 00:00:00,2010-11-02 00:00:00,116,2010-11-02 00:00:00,116,116,1,100,11600,2010-11-02 00:00:00,1
2010-11-10 00:00:00,2010-11-10 00:00:00,113,2010-11-10 00:00:00,113,113,1,200,22600,2010-11-10 00:00:00,1
2010-11-15 00:00:00,2010-11-15 00:00:00,112,2010-11-15 00:00:00,109,111.8,2,3700,413500,2010-11-15 00:00:00,1
2010-11-16 00:00:00,2010-11-16 00:00:00,105,2010-11-16 00:00:00,105,105,2,500,52500,2010-11-16 00:00:00,1
2010-11-18 00:00:00,2010-11-18 00:00:00,109,2010-11-18 00:00:00,105,106,4,800,84810,2010-11-18 00:00:00,1
2010-11-22 00:00:00,2010-11-22 00:00:00,104,2010-11-22 00:00:00,104,104,1,300,31200,2010-11-22 00:00:00,1
2010-11-23 00:00:00,2010-11-23 00:00:00,102,2010-11-23 00:00:00,102,102,3,1100,112200,2010-11-23 00:00:00,1
2010-11-24 00:00:00,2010-11-24 00:00:00,107.5,2010-11-24 00:00:00,101.8,107.5,3,1200,123400,2010-11-24 00:00:00,1
2010-11-26 00:00:00,2010-11-26 00:00:00,102.1,2010-11-26 00:00:00,100,100.9,7,11800,1191950,2010-11-26 00:00:00,1
2010-11-30 00:00:00,2010-11-30 00:00:00,105,2010-11-30 00:00:00,104.9,104.9,2,2500,262280,2010-11-30 00:00:00,1
2010-12-01 00:00:00,2010-12-01 00:00:00,105.1,2010-12-01 00:00:00,105,105,18,15500,1627510,2010-12-01 00:00:00,1
2010-12-02 00:00:00,2010-12-02 00:00:00,111.9,2010-12-02 00:00:00,107,107,6,8700,931870,2010-12-02 00:00:00,1
2010-12-03 00:00:00,2010-12-03 00:00:00,110,2010-12-03 00:00:00,105,106.7,2,300,32000,2010-12-03 00:00:00,1
2010-12-15 00:00:00,2010-12-15 00:00:00,110,2010-12-15 00:00:00,108,109,2,200,21800,2010-12-15 00:00:00,1
2010-12-16 00:00:00,2010-12-16 00:00:00,108,2010-12-16 00:00:00,108,108,1,100,10800,2010-12-16 00:00:00,1
2010-12-23 00:00:00,2010-12-23 00:00:00,115,2010-12-23 00:00:00,105,111,8,2200,244150,2010-12-23 00:00:00,1
2010-12-24 00:00:00,2010-12-24 00:00:00,129,2010-12-24 00:00:00,115.1,115.1,2,300,37310,2010-12-24 00:00:00,1
2010-12-27 00:00:00,2010-12-27 00:00:00,110.2,2010-12-27 00:00:00,110,110,4,1500,165200,2010-12-27 00:00:00,1
2010-12-28 00:00:00,2010-12-28 00:00:00,110,2010-12-28 00:00:00,109,109.7,6,1300,142900,2010-12-28 00:00:00,1
2010-12-30 00:00:00,2010-12-30 00:00:00,105.3,2010-12-30 00:00:00,105.1,105.3,2,600,63160,2010-12-30 00:00:00,1
Company Id :  BINN,,Security Type :  N,,Sub Type :  0000,,,,,,
Short Name :  BERUWELA WALKINN,,,,,,,,,,
Day,Date High,High,Date Low,Low,Closing,No. of Trades,No. of Shares,Turnover,Last Traded,Days Traded
2010-01-07 00:00:00,2010-01-07 00:00:00,63.25,2010-01-07 00:00:00,60,63.25,2,400,24325,2010-01-07 00:00:00,1
2010-01-12 00:00:00,2010-01-12 00:00:00,60,2010-01-12 00:00:00,60,60,1,500,30000,2010-01-12 00:00:00,1
2010-01-20 00:00:00,2010-01-20 00:00:00,64,2010-01-20 00:00:00,60,61.25,3,1200,72400,2010-01-20 00:00:00,1
2010-01-25 00:00:00,2010-01-25 00:00:00,65.75,2010-01-25 00:00:00,63.75,65.75,2,1200,76900,2010-01-25 00:00:00,1
2010-01-26 00:00:00,2010-01-26 00:00:00,68.5,2010-01-26 00:00:00,65.75,67.25,5,2300,154500,2010-01-26 00:00:00,1
2010-02-01 00:00:00,2010-02-01 00:00:00,68,2010-02-01 00:00:00,68,68,3,1100,74800,2010-02-01 00:00:00,1
2010-02-10 00:00:00,2010-02-10 00:00:00,67,2010-02-10 00:00:00,67,67,1,100,6700,2010-02-10 00:00:00,1
2010-02-16 00:00:00,2010-02-16 00:00:00,67.75,2010-02-16 00:00:00,67.75,67.75,1,100,6775,2010-02-16 00:00:00,1
2010-02-19 00:00:00,2010-02-19 00:00:00,67,2010-02-19 00:00:00,67,67,1,100,6700,2010-02-19 00:00:00,1
2010-02-24 00:00:00,2010-02-24 00:00:00,62,2010-02-24 00:00:00,62,62,1,100,6200,2010-02-24 00:00:00,1
2010-02-25 00:00:00,2010-02-25 00:00:00,60,2010-02-25 00:00:00,60,60,2,400,24000,2010-02-25 00:00:00,1
2010-03-01 00:00:00,2010-03-01 00:00:00,66.75,2010-03-01 00:00:00,60.25,64.25,25,23500,1447575,2010-03-01 00:00:00,1
2010-03-02 00:00:00,2010-03-02 00:00:00,70,2010-03-02 00:00:00,64.5,69.25,14,2600,177900,2010-03-02 00:00:00,1
2010-03-04 00:00:00,2010-03-04 00:00:00,69,2010-03-04 00:00:00,68,68.5,7,12700,863800,2010-03-04 00:00:00,1
2010-03-05 00:00:00,2010-03-05 00:00:00,68.5,2010-03-05 00:00:00,68.5,68.5,1,200,13700,2010-03-05 00:00:00,1
2010-03-09 00:00:00,2010-03-09 00:00:00,70,2010-03-09 00:00:00,67.5,69.75,10,5600,390125,2010-03-09 00:00:00,1
2010-03-17 00:00:00,2010-03-17 00:00:00,72,2010-03-17 00:00:00,67.5,67.5,12,8100,567050,2010-03-17 00:00:00,1
2010-03-23 00:00:00,2010-03-23 00:00:00,66,2010-03-23 00:00:00,66,66,1,100,6600,2010-03-23 00:00:00,1
2010-03-31 00:00:00,2010-03-31 00:00:00,66,2010-03-31 00:00:00,66,66,1,1200,79200,2010-03-31 00:00:00,1
2010-04-05 00:00:00,2010-04-05 00:00:00,70,2010-04-05 00:00:00,69.75,70,2,1100,76975,2010-04-05 00:00:00,1
2010-04-06 00:00:00,2010-04-06 00:00:00,78,2010-04-06 00:00:00,70,71.5,10,4700,336125,2010-04-06 00:00:00,1
2010-04-12 00:00:00,2010-04-12 00:00:00,70,2010-04-12 00:00:00,66,66,2,4900,323800,2010-04-12 00:00:00,1
2010-04-19 00:00:00,2010-04-19 00:00:00,70,2010-04-19 00:00:00,66,70,2,500,33400,2010-04-19 00:00:00,1
2010-04-20 00:00:00,2010-04-20 00:00:00,73,2010-04-20 00:00:00,73,73,6,4200,306600,2010-04-20 00:00:00,1
2010-04-22 00:00:00,2010-04-22 00:00:00,70,2010-04-22 00:00:00,70,70,1,100,7000,2010-04-22 00:00:00,1
2010-04-26 00:00:00,2010-04-26 00:00:00,72,2010-04-26 00:00:00,72,72,4,2000,144000,2010-04-26 00:00:00,1
2010-05-04 00:00:00,2010-05-04 00:00:00,73,2010-05-04 00:00:00,70,72,5,1400,100600,2010-05-04 00:00:00,1
2010-05-10 00:00:00,2010-05-10 00:00:00,70,2010-05-10 00:00:00,70,70,1,100,7000,2010-05-10 00:00:00,1
2010-05-13 00:00:00,2010-05-13 00:00:00,68.5,2010-05-13 00:00:00,68.5,68.5,1,500,34250,2010-05-13 00:00:00,1
2010-05-14 00:00:00,2010-05-14 00:00:00,66.5,2010-05-14 00:00:00,66.5,66.5,1,1000,66500,2010-05-14 00:00:00,1
2010-05-26 00:00:00,2010-05-26 00:00:00,65,2010-05-26 00:00:00,65,65,1,200,13000,2010-05-26 00:00:00,1
2010-06-04 00:00:00,2010-06-04 00:00:00,75.5,2010-06-04 00:00:00,70,72,3,2500,179750,2010-06-04 00:00:00,1
2010-06-09 00:00:00,2010-06-09 00:00:00,68,2010-06-09 00:00:00,68,68,1,100,6800,2010-06-09 00:00:00,1
2010-06-15 00:00:00,2010-06-15 00:00:00,69,2010-06-15 00:00:00,69,69,2,1500,103500,2010-06-15 00:00:00,1
2010-06-17 00:00:00,2010-06-17 00:00:00,70,2010-06-17 00:00:00,68.5,70,2,1000,69250,2010-06-17 00:00:00,1
2010-07-01 00:00:00,2010-07-01 00:00:00,75,2010-07-01 00:00:00,71,72.75,5,2300,167300,2010-07-01 00:00:00,1
2010-07-02 00:00:00,2010-07-02 00:00:00,89,2010-07-02 00:00:00,89,89,2,2300,204700,2010-07-02 00:00:00,1
2010-07-09 00:00:00,2010-07-09 00:00:00,72,2010-07-09 00:00:00,72,72,1,100,7200,2010-07-09 00:00:00,1
2010-07-13 00:00:00,2010-07-13 00:00:00,72,2010-07-13 00:00:00,72,72,2,200,14400,2010-07-13 00:00:00,1
2010-07-14 00:00:00,2010-07-14 00:00:00,72,2010-07-14 00:00:00,72,72,3,1000,72000,2010-07-14 00:00:00,1
2010-07-20 00:00:00,2010-07-20 00:00:00,73.5,2010-07-20 00:00:00,73,73,2,200,14650,2010-07-20 00:00:00,1
2010-07-21 00:00:00,2010-07-21 00:00:00,76,2010-07-21 00:00:00,72,74.75,2,600,44800,2010-07-21 00:00:00,1
2010-07-22 00:00:00,2010-07-22 00:00:00,75.75,2010-07-22 00:00:00,74.5,75.25,2,400,30050,2010-07-22 00:00:00,1
2010-07-26 00:00:00,2010-07-26 00:00:00,72,2010-07-26 00:00:00,72,72,4,1800,129600,2010-07-26 00:00:00,1
2010-07-30 00:00:00,2010-07-30 00:00:00,70.5,2010-07-30 00:00:00,70.5,70.5,1,1200,84600,2010-07-30 00:00:00,1
2010-08-02 00:00:00,2010-08-02 00:00:00,71,2010-08-02 00:00:00,70.5,71,4,700,49650,2010-08-02 00:00:00,1
2010-08-04 00:00:00,2010-08-04 00:00:00,70.1,2010-08-04 00:00:00,70.1,70.1,1,500,35050,2010-08-04 00:00:00,1
2010-08-31 00:00:00,2010-08-31 00:00:00,72,2010-08-31 00:00:00,72,72,1,100,7200,2010-08-31 00:00:00,1
2010-09-02 00:00:00,2010-09-02 00:00:00,79.2,2010-09-02 00:00:00,75,75,7,1500,117850,2010-09-02 00:00:00,1
2010-09-03 00:00:00,2010-09-03 00:00:00,75,2010-09-03 00:00:00,74.5,75,4,1300,97400,2010-09-03 00:00:00,1
2010-09-09 00:00:00,2010-09-09 00:00:00,75,2010-09-09 00:00:00,73.5,75,2,200,14850,2010-09-09 00:00:00,1
2010-09-13 00:00:00,2010-09-13 00:00:00,71,2010-09-13 00:00:00,71,71,1,100,7100,2010-09-13 00:00:00,1
2010-09-17 00:00:00,2010-09-17 00:00:00,75,2010-09-17 00:00:00,75,75,1,100,7500,2010-09-17 00:00:00,1
2010-10-19 00:00:00,2010-10-19 00:00:00,112,2010-10-19 00:00:00,87,106.3,73,23500,2308640,2010-10-19 00:00:00,1
2010-10-20 00:00:00,2010-10-20 00:00:00,160,2010-10-20 00:00:00,120,144.2,148,36100,5052410,2010-10-20 00:00:00,1
2010-10-21 00:00:00,2010-10-21 00:00:00,230,2010-10-21 00:00:00,155,191.1,445,92500,18004590,2010-10-21 00:00:00,1
2010-10-25 00:00:00,2010-10-25 00:00:00,180,2010-10-25 00:00:00,172,176,2,400,70400,2010-10-25 00:00:00,1
2010-10-26 00:00:00,2010-10-26 00:00:00,159,2010-10-26 00:00:00,159,159,1,100,15900,2010-10-26 00:00:00,1
2010-10-27 00:00:00,2010-10-27 00:00:00,158,2010-10-27 00:00:00,144,144,14,3600,519800,2010-10-27 00:00:00,1
2010-10-29 00:00:00,2010-10-29 00:00:00,131,2010-10-29 00:00:00,131,131,3,700,91700,2010-10-29 00:00:00,1
2010-11-18 00:00:00,2010-11-18 00:00:00,140,2010-11-18 00:00:00,140,140,2,300,42000,2010-11-18 00:00:00,1
2010-11-29 00:00:00,2010-11-29 00:00:00,70,2010-11-29 00:00:00,70,70,1,600,42000,2010-11-29 00:00:00,1
2010-11-30 00:00:00,2010-11-30 00:00:00,140,2010-11-30 00:00:00,120,129.9,21,3600,469500,2010-11-30 00:00:00,1
2010-12-01 00:00:00,2010-12-01 00:00:00,140,2010-12-01 00:00:00,101,139.7,7,1400,191920,2010-12-01 00:00:00,1
2010-12-02 00:00:00,2010-12-02 00:00:00,130,2010-12-02 00:00:00,130,130,1,100,13000,2010-12-02 00:00:00,1
2010-12-06 00:00:00,2010-12-06 00:00:00,120,2010-12-06 00:00:00,120,120,1,300,36000,2010-12-06 00:00:00,1
2010-12-08 00:00:00,2010-12-08 00:00:00,130,2010-12-08 00:00:00,128,129,2,200,25800,2010-12-08 00:00:00,1
2010-12-09 00:00:00,2010-12-09 00:00:00,149.9,2010-12-09 00:00:00,120,120.5,6,1500,214000,2010-12-09 00:00:00,1
2010-12-10 00:00:00,2010-12-10 00:00:00,120,2010-12-10 00:00:00,120,120,1,100,12000,2010-12-10 00:00:00,1
2010-12-23 00:00:00,2010-12-23 00:00:00,130,2010-12-23 00:00:00,129,129.5,2,200,25900,2010-12-23 00:00:00,1
2010-12-24 00:00:00,2010-12-24 00:00:00,121,2010-12-24 00:00:00,120,120.3,4,400,48100,2010-12-24 00:00:00,1
2010-12-27 00:00:00,2010-12-27 00:00:00,130,2010-12-27 00:00:00,129,129.9,3,700,90650,2010-12-27 00:00:00,1
2010-12-29 00:00:00,2010-12-29 00:00:00,130,2010-12-29 00:00:00,130,130,1,100,13000,2010-12-29 00:00:00,1
2010-12-30 00:00:00,2010-12-30 00:00:00,130,2010-12-30 00:00:00,120,130,3,300,37000,2010-12-30 00:00:00,1
2010-12-31 00:00:00,2010-12-31 00:00:00,130,2010-12-31 00:00:00,130,130,2,300,39000,2010-12-31 00:00:00,1
Company Id :  BLUE,,Security Type :  N,,Sub Type :  0000,,,,,,
Short Name :  BLUE DIAMONDS,,,,,,,,,,
Day,Date High,High,Date Low,Low,Closing,No. of Trades,No. of Shares,Turnover,Last Traded,Days Traded
2010-01-04 00:00:00,2010-01-04 00:00:00,2,2010-01-04 00:00:00,1.8,1.9,55,349400,682820,2010-01-04 00:00:00,1
2010-01-05 00:00:00,2010-01-05 00:00:00,2,2010-01-05 00:00:00,1.8,1.8,83,536800,981030,2010-01-05 00:00:00,1
2010-01-06 00:00:00,2010-01-06 00:00:00,1.9,2010-01-06 00:00:00,1.8,1.8,38,144800,266460,2010-01-06 00:00:00,1
2010-01-07 00:00:00,2010-01-07 00:00:00,1.9,2010-01-07 00:00:00,1.8,1.8,18,61400,110790,2010-01-07 00:00:00,1
2010-01-08 00:00:00,2010-01-08 00:00:00,1.9,2010-01-08 00:00:00,1.8,1.9,23,270200,491880,2010-01-08 00:00:00,1
2010-01-11 00:00:00,2010-01-11 00:00:00,1.9,2010-01-11 00:00:00,1.9,1.9,35,424200,805980,2010-01-11 00:00:00,1
2010-01-12 00:00:00,2010-01-12 00:00:00,2,2010-01-12 00:00:00,1.9,1.9,19,171900,326700,2010-01-12 00:00:00,1
2010-01-13 00:00:00,2010-01-13 00:00:00,1.9,2010-01-13 00:00:00,1.8,1.8,38,189500,349980,2010-01-13 00:00:00,1
2010-01-15 00:00:00,2010-01-15 00:00:00,1.8,2010-01-15 00:00:00,1.7,1.8,36,398900,717950,2010-01-15 00:00:00,1
2010-01-18 00:00:00,2010-01-18 00:00:00,1.8,2010-01-18 00:00:00,1.7,1.7,24,111400,198150,2010-01-18 00:00:00,1
2010-01-19 00:00:00,2010-01-19 00:00:00,1.7,2010-01-19 00:00:00,1.7,1.7,5,40000,68000,2010-01-19 00:00:00,1
2010-01-20 00:00:00,2010-01-20 00:00:00,1.7,2010-01-20 00:00:00,1.7,1.7,3,1800,3060,2010-01-20 00:00:00,1
2010-01-21 00:00:00,2010-01-21 00:00:00,2.3,2010-01-21 00:00:00,1.8,2.1,281,3578400,7375870,2010-01-21 00:00:00,1
2010-01-22 00:00:00,2010-01-22 00:00:00,2.2,2010-01-22 00:00:00,2,2,58,457800,974330,2010-01-22 00:00:00,1
2010-01-25 00:00:00,2010-01-25 00:00:00,2.2,2010-01-25 00:00:00,2,2.1,34,242400,507040,2010-01-25 00:00:00,1
2010-01-26 00:00:00,2010-01-26 00:00:00,2.2,2010-01-26 00:00:00,2,2.1,14,72100,151820,2010-01-26 00:00:00,1
2010-01-28 00:00:00,2010-01-28 00:00:00,2.2,2010-01-28 00:00:00,2,2.1,69,644100,1332520,2010-01-28 00:00:00,1
2010-02-01 00:00:00,2010-02-01 00:00:00,2.5,2010-02-01 00:00:00,2.2,2.3,143,2021900,4749880,2010-02-01 00:00:00,1
2010-02-02 00:00:00,2010-02-02 00:00:00,2.3,2010-02-02 00:00:00,2.2,2.3,32,237100,533230,2010-02-02 00:00:00,1
2010-02-03 00:00:00,2010-02-03 00:00:00,2.3,2010-02-03 00:00:00,2.2,2.2,13,34400,76180,2010-02-03 00:00:00,1
2010-02-05 00:00:00,2010-02-05 00:00:00,2.4,2010-02-05 00:00:00,2.1,2.1,37,168100,358260,2010-02-05 00:00:00,1
2010-02-08 00:00:00,2010-02-08 00:00:00,2.2,2010-02-08 00:00:00,2.1,2.2,24,122300,267360,2010-02-08 00:00:00,1
2010-02-09 00:00:00,2010-02-09 00:00:00,2.3,2010-02-09 00:00:00,2.1,2.2,23,120300,257240,2010-02-09 00:00:00,1
2010-02-10 00:00:00,2010-02-10 00:00:00,2.2,2010-02-10 00:00:00,2.1,2.1,28,374000,786130,2010-02-10 00:00:00,1
2010-02-11 00:00:00,2010-02-11 00:00:00,2.2,2010-02-11 00:00:00,2,2.1,16,57800,121570,2010-02-11 00:00:00,1
2010-02-12 00:00:00,2010-02-12 00:00:00,2,2010-02-12 00:00:00,1.9,1.9,53,473700,919100,2010-02-12 00:00:00,1
2010-02-15 00:00:00,2010-02-15 00:00:00,2,2010-02-15 00:00:00,1.9,1.9,15,133100,253090,2010-02-15 00:00:00,1
2010-02-16 00:00:00,2010-02-16 00:00:00,1.9,2010-02-16 00:00:00,1.9,1.9,40,252900,480510,2010-02-16 00:00:00,1
2010-02-17 00:00:00,2010-02-17 00:00:00,2,2010-02-17 00:00:00,1.9,1.9,14,669200,1271580,2010-02-17 00:00:00,1
2010-02-18 00:00:00,2010-02-18 00:00:00,2.2,2010-02-18 00:00:00,1.9,2,74,1331600,2767750,2010-02-18 00:00:00,1
2010-02-19 00:00:00,2010-02-19 00:00:00,2.1,2010-02-19 00:00:00,2,2,23,217800,435800,2010-02-19 00:00:00,1
2010-02-22 00:00:00,2010-02-22 00:00:00,2.1,2010-02-22 00:00:00,2,2,48,1294000,2588050,2010-02-22 00:00:00,1
2010-02-23 00:00:00,2010-02-23 00:00:00,2.1,2010-02-23 00:00:00,2,2,36,610700,1222310,2010-02-23 00:00:00,1
2010-02-24 00:00:00,2010-02-24 00:00:00,2.1,2010-02-24 00:00:00,2,2,21,72800,146050,2010-02-24 00:00:00,1
2010-02-25 00:00:00,2010-02-25 00:00:00,2,2010-02-25 00:00:00,1.9,2,10,123600,247190,2010-02-25 00:00:00,1
2010-03-01 00:00:00,2010-03-01 00:00:00,2,2010-03-01 00:00:00,2,2,10,77200,154400,2010-03-01 00:00:00,1
2010-03-02 00:00:00,2010-03-02 00:00:00,2,2010-03-02 00:00:00,2,2,13,103100,206200,2010-03-02 00:00:00,1
2010-03-03 00:00:00,2010-03-03 00:00:00,2.2,2010-03-03 00:00:00,2,2.1,219,5568300,11445460,2010-03-03 00:00:00,1
2010-03-04 00:00:00,2010-03-04 00:00:00,2.1,2010-03-04 00:00:00,2,2,19,137900,287330,2010-03-04 00:00:00,1
2010-03-05 00:00:00,2010-03-05 00:00:00,2.1,2010-03-05 00:00:00,2,2.1,25,252800,510600,2010-03-05 00:00:00,1
2010-03-08 00:00:00,2010-03-08 00:00:00,2,2010-03-08 00:00:00,2,2,6,13400,26800,2010-03-08 00:00:00,1
2010-03-09 00:00:00,2010-03-09 00:00:00,2.1,2010-03-09 00:00:00,2,2.1,9,76100,158450,2010-03-09 00:00:00,1
2010-03-10 00:00:00,2010-03-10 00:00:00,2.1,2010-03-10 00:00:00,2,2,16,166600,336800,2010-03-10 00:00:00,1
2010-03-11 00:00:00,2010-03-11 00:00:00,2.1,2010-03-11 00:00:00,2,2,52,454500,909090,2010-03-11 00:00:00,1
2010-03-12 00:00:00,2010-03-12 00:00:00,2,2010-03-12 00:00:00,2,2,12,191600,383200,2010-03-12 00:00:00,1
2010-03-15 00:00:00,2010-03-15 00:00:00,2,2010-03-15 00:00:00,1.9,1.9,105,2452400,4704800,2010-03-15 00:00:00,1
2010-03-16 00:00:00,2010-03-16 00:00:00,2.2,2010-03-16 00:00:00,2,2.2,304,5599100,11722650,2010-03-16 00:00:00,1
2010-03-17 00:00:00,2010-03-17 00:00:00,2.2,2010-03-17 00:00:00,2,2.1,57,624500,1324150,2010-03-17 00:00:00,1
2010-03-18 00:00:00,2010-03-18 00:00:00,2.1,2010-03-18 00:00:00,2,2,40,547300,1098310,2010-03-18 00:00:00,1
2010-03-19 00:00:00,2010-03-19 00:00:00,2,2010-03-19 00:00:00,1.9,2,18,150400,300770,2010-03-19 00:00:00,1
2010-03-22 00:00:00,2010-03-22 00:00:00,2,2010-03-22 00:00:00,2,2,31,345000,690000,2010-03-22 00:00:00,1
2010-03-23 00:00:00,2010-03-23 00:00:00,2,2010-03-23 00:00:00,2,2,16,214300,428600,2010-03-23 00:00:00,1
2010-03-24 00:00:00,2010-03-24 00:00:00,2,2010-03-24 00:00:00,1.9,2,11,127400,248790,2010-03-24 00:00:00,1
2010-03-25 00:00:00,2010-03-25 00:00:00,1.9,2010-03-25 00:00:00,1.9,1.9,18,242000,459800,2010-03-25 00:00:00,1
2010-03-26 00:00:00,2010-03-26 00:00:00,2,2010-03-26 00:00:00,1.9,1.9,13,54800,106910,2010-03-26 00:00:00,1
2010-03-30 00:00:00,2010-03-30 00:00:00,2,2010-03-30 00:00:00,1.9,1.9,3,13500,26000,2010-03-30 00:00:00,1
2010-03-31 00:00:00,2010-03-31 00:00:00,2,2010-03-31 00:00:00,1.9,1.9,15,200900,382610,2010-03-31 00:00:00,1
2010-04-01 00:00:00,2010-04-01 00:00:00,2,2010-04-01 00:00:00,1.9,1.9,6,63100,121200,2010-04-01 00:00:00,1
2010-04-05 00:00:00,2010-04-05 00:00:00,2,2010-04-05 00:00:00,1.9,2,9,65400,128800,2010-04-05 00:00:00,1
2010-04-06 00:00:00,2010-04-06 00:00:00,2.1,2010-04-06 00:00:00,1.9,2,38,599400,1198610,2010-04-06 00:00:00,1
2010-04-07 00:00:00,2010-04-07 00:00:00,2.1,2010-04-07 00:00:00,2,2.1,6,138300,285400,2010-04-07 00:00:00,1
2010-04-12 00:00:00,2010-04-12 00:00:00,2.2,2010-04-12 00:00:00,2,2.1,53,358500,782750,2010-04-12 00:00:00,1
2010-04-15 00:00:00,2010-04-15 00:00:00,2.1,2010-04-15 00:00:00,2.1,2.1,1,1000,2100,2010-04-15 00:00:00,1
2010-04-16 00:00:00,2010-04-16 00:00:00,2,2010-04-16 00:00:00,2,2,7,150600,301200,2010-04-16 00:00:00,1
2010-04-19 00:00:00,2010-04-19 00:00:00,2.2,2010-04-19 00:00:00,2,2.1,64,1461200,3069510,2010-04-19 00:00:00,1
2010-04-20 00:00:00,2010-04-20 00:00:00,2.2,2010-04-20 00:00:00,2.1,2.2,67,707400,1552580,2010-04-20 00:00:00,1
2010-04-21 00:00:00,2010-04-21 00:00:00,2.1,2010-04-21 00:00:00,2.1,2.1,23,453600,952560,2010-04-21 00:00:00,1
2010-04-22 00:00:00,2010-04-22 00:00:00,2.2,2010-04-22 00:00:00,2.1,2.1,14,180300,378670,2010-04-22 00:00:00,1
2010-04-23 00:00:00,2010-04-23 00:00:00,2.2,2010-04-23 00:00:00,2.1,2.1,15,461700,969870,2010-04-23 00:00:00,1
2010-04-26 00:00:00,2010-04-26 00:00:00,2.2,2010-04-26 00:00:00,2.1,2.1,14,103500,217380,2010-04-26 00:00:00,1
2010-04-27 00:00:00,2010-04-27 00:00:00,2.1,2010-04-27 00:00:00,2.1,2.1,14,361000,758100,2010-04-27 00:00:00,1
2010-04-29 00:00:00,2010-04-29 00:00:00,2.1,2010-04-29 00:00:00,2.1,2.1,7,16500,34650,2010-04-29 00:00:00,1
2010-04-30 00:00:00,2010-04-30 00:00:00,2.4,2010-04-30 00:00:00,2.1,2.2,152,2369500,5306040,2010-04-30 00:00:00,1
2010-05-03 00:00:00,2010-05-03 00:00:00,2.4,2010-05-03 00:00:00,2.2,2.3,129,1359200,3182910,2010-05-03 00:00:00,1
2010-05-04 00:00:00,2010-05-04 00:00:00,2.3,2010-05-04 00:00:00,2.1,2.2,42,2387600,5255040,2010-05-04 00:00:00,1
2010-05-05 00:00:00,2010-05-05 00:00:00,2.3,2010-05-05 00:00:00,2.1,2.1,14,81800,180480,2010-05-05 00:00:00,1
2010-05-06 00:00:00,2010-05-06 00:00:00,2.2,2010-05-06 00:00:00,2.1,2.2,10,94500,206780,2010-05-06 00:00:00,1
2010-05-07 00:00:00,2010-05-07 00:00:00,2.2,2010-05-07 00:00:00,2.1,2.1,25,44700,96970,2010-05-07 00:00:00,1
2010-05-10 00:00:00,2010-05-10 00:00:00,2.2,2010-05-10 00:00:00,2.1,2.1,17,62800,137530,2010-05-10 00:00:00,1
2010-05-11 00:00:00,2010-05-11 00:00:00,2.2,2010-05-11 00:00:00,2.1,2.2,6,4600,9900,2010-05-11 00:00:00,1
2010-05-12 00:00:00,2010-05-12 00:00:00,2.6,2010-05-12 00:00:00,2.2,2.4,263,4004100,9747360,2010-05-12 00:00:00,1
2010-05-13 00:00:00,2010-05-13 00:00:00,2.6,2010-05-13 00:00:00,2.4,2.5,172,2640000,6655720,2010-05-13 00:00:00,1
2010-05-14 00:00:00,2010-05-14 00:00:00,2.5,2010-05-14 00:00:00,2.3,2.4,43,429400,1032300,2010-05-14 00:00:00,1
2010-05-17 00:00:00,2010-05-17 00:00:00,2.5,2010-05-17 00:00:00,2.4,2.4,21,138400,333680,2010-05-17 00:00:00,1
2010-05-18 00:00:00,2010-05-18 00:00:00,2.5,2010-05-18 00:00:00,2.4,2.4,28,624600,1500140,2010-05-18 00:00:00,1
2010-05-19 00:00:00,2010-05-19 00:00:00,2.4,2010-05-19 00:00:00,2.3,2.3,15,78800,188240,2010-05-19 00:00:00,1
2010-05-20 00:00:00,2010-05-20 00:00:00,2.3,2010-05-20 00:00:00,2.2,2.3,19,170400,391910,2010-05-20 00:00:00,1
2010-05-21 00:00:00,2010-05-21 00:00:00,2.3,2010-05-21 00:00:00,2.2,2.3,26,202900,465670,2010-05-21 00:00:00,1
2010-05-24 00:00:00,2010-05-24 00:00:00,2.3,2010-05-24 00:00:00,2.2,2.2,36,415900,919960,2010-05-24 00:00:00,1
2010-05-25 00:00:00,2010-05-25 00:00:00,2.2,2010-05-25 00:00:00,2.1,2.1,14,65600,140090,2010-05-25 00:00:00,1
2010-05-26 00:00:00,2010-05-26 00:00:00,2.3,2010-05-26 00:00:00,2.2,2.2,25,167100,378280,2010-05-26 00:00:00,1
2010-05-31 00:00:00,2010-05-31 00:00:00,2.3,2010-05-31 00:00:00,2.2,2.2,17,108700,240100,2010-05-31 00:00:00,1
2010-06-01 00:00:00,2010-06-01 00:00:00,2.3,2010-06-01 00:00:00,2.2,2.2,38,1469100,3232420,2010-06-01 00:00:00,1
2010-06-02 00:00:00,2010-06-02 00:00:00,2.2,2010-06-02 00:00:00,2.2,2.2,6,23100,50820,2010-06-02 00:00:00,1
2010-06-03 00:00:00,2010-06-03 00:00:00,2.4,2010-06-03 00:00:00,2.2,2.4,68,2540400,5915240,2010-06-03 00:00:00,1
2010-06-04 00:00:00,2010-06-04 00:00:00,2.5,2010-06-04 00:00:00,2.2,2.3,51,848400,2004950,2010-06-04 00:00:00,1
2010-06-07 00:00:00,2010-06-07 00:00:00,2.4,2010-06-07 00:00:00,2.3,2.4,22,69900,166310,2010-06-07 00:00:00,1
2010-06-08 00:00:00,2010-06-08 00:00:00,2.4,2010-06-08 00:00:00,2.3,2.4,28,1914300,4408190,2010-06-08 00:00:00,1
2010-06-09 00:00:00,2010-06-09 00:00:00,2.4,2010-06-09 00:00:00,2.3,2.4,13,47600,112990,2010-06-09 00:00:00,1
2010-06-10 00:00:00,2010-06-10 00:00:00,2.4,2010-06-10 00:00:00,2.3,2.4,19,101600,243750,2010-06-10 00:00:00,1
2010-06-11 00:00:00,2010-06-11 00:00:00,2.4,2010-06-11 00:00:00,2.3,2.4,23,71400,168080,2010-06-11 00:00:00,1
2010-06-14 00:00:00,2010-06-14 00:00:00,2.4,2010-06-14 00:00:00,2.3,2.3,2,54000,124600,2010-06-14 00:00:00,1
2010-06-15 00:00:00,2010-06-15 00:00:00,2.4,2010-06-15 00:00:00,2.3,2.4,26,83600,200100,2010-06-15 00:00:00,1
2010-06-16 00:00:00,2010-06-16 00:00:00,2.4,2010-06-16 00:00:00,2.3,2.3,37,175000,402700,2010-06-16 00:00:00,1
2010-06-17 00:00:00,2010-06-17 00:00:00,2.4,2010-06-17 00:00:00,2.3,2.3,20,236200,545400,2010-06-17 00:00:00,1
2010-06-21 00:00:00,2010-06-21 00:00:00,2.4,2010-06-21 00:00:00,2.3,2.4,10,93000,214760,2010-06-21 00:00:00,1
2010-06-22 00:00:00,2010-06-22 00:00:00,2.5,2010-06-22 00:00:00,2.4,2.5,115,2175900,5423170,2010-06-22 00:00:00,1
2010-06-23 00:00:00,2010-06-23 00:00:00,2.5,2010-06-23 00:00:00,2.4,2.5,13,61900,153630,2010-06-23 00:00:00,1
2010-06-24 00:00:00,2010-06-24 00:00:00,2.4,2010-06-24 00:00:00,2.3,2.4,28,421400,1010960,2010-06-24 00:00:00,1
2010-06-28 00:00:00,2010-06-28 00:00:00,2.5,2010-06-28 00:00:00,2.4,2.4,20,206500,495610,2010-06-28 00:00:00,1
2010-06-29 00:00:00,2010-06-29 00:00:00,2.5,2010-06-29 00:00:00,2.4,2.4,18,81400,202220,2010-06-29 00:00:00,1
2010-06-30 00:00:00,2010-06-30 00:00:00,2.8,2010-06-30 00:00:00,2.4,2.7,273,4027600,10576400,2010-06-30 00:00:00,1
2010-07-01 00:00:00,2010-07-01 00:00:00,7.5,2010-07-01 00:00:00,2.8,6.75,2647,35448100,187382020,2010-07-01 00:00:00,1
2010-07-02 00:00:00,2010-07-02 00:00:00,9.25,2010-07-02 00:00:00,7.25,7.5,1994,29527000,240378375,2010-07-02 00:00:00,1
2010-07-05 00:00:00,2010-07-05 00:00:00,7.75,2010-07-05 00:00:00,5.75,7.25,848,8312300,56267125,2010-07-05 00:00:00,1
2010-07-06 00:00:00,2010-07-06 00:00:00,7.75,2010-07-06 00:00:00,6.25,6.25,398,3610900,25437875,2010-07-06 00:00:00,1
2010-07-07 00:00:00,2010-07-07 00:00:00,6,2010-07-07 00:00:00,4.3,4.6,459,3609800,17960635,2010-07-07 00:00:00,1
2010-07-08 00:00:00,2010-07-08 00:00:00,4.6,2010-07-08 00:00:00,3.8,3.9,361,2898300,12219730,2010-07-08 00:00:00,1
2010-07-09 00:00:00,2010-07-09 00:00:00,3.9,2010-07-09 00:00:00,3.1,3.2,298,2814100,9336610,2010-07-09 00:00:00,1
2010-07-12 00:00:00,2010-07-12 00:00:00,3.5,2010-07-12 00:00:00,3.1,3.3,201,1454900,4963140,2010-07-12 00:00:00,1
2010-07-13 00:00:00,2010-07-13 00:00:00,3.4,2010-07-13 00:00:00,3.2,3.2,44,203100,657600,2010-07-13 00:00:00,1
2010-07-14 00:00:00,2010-07-14 00:00:00,3.5,2010-07-14 00:00:00,3.2,3.4,143,819300,2774080,2010-07-14 00:00:00,1
2010-07-15 00:00:00,2010-07-15 00:00:00,3.5,2010-07-15 00:00:00,3.3,3.4,86,662800,2239570,2010-07-15 00:00:00,1
2010-07-16 00:00:00,2010-07-16 00:00:00,3.6,2010-07-16 00:00:00,3.4,3.5,94,1174900,4061140,2010-07-16 00:00:00,1
2010-07-19 00:00:00,2010-07-19 00:00:00,5,2010-07-19 00:00:00,3.5,4.7,814,7298300,32026120,2010-07-19 00:00:00,1
2010-07-20 00:00:00,2010-07-20 00:00:00,6,2010-07-20 00:00:00,4.8,5,898,8568700,46110335,2010-07-20 00:00:00,1
2010-07-21 00:00:00,2010-07-21 00:00:00,5.5,2010-07-21 00:00:00,4.6,4.6,274,1351700,6569735,2010-07-21 00:00:00,1
2010-07-22 00:00:00,2010-07-22 00:00:00,5.25,2010-07-22 00:00:00,4.6,5,226,1908400,9541690,2010-07-22 00:00:00,1
2010-07-23 00:00:00,2010-07-23 00:00:00,5.5,2010-07-23 00:00:00,4.9,5,120,1561700,8471320,2010-07-23 00:00:00,1
2010-07-26 00:00:00,2010-07-26 00:00:00,5,2010-07-26 00:00:00,4.8,4.9,78,549800,2696010,2010-07-26 00:00:00,1
2010-07-27 00:00:00,2010-07-27 00:00:00,5.25,2010-07-27 00:00:00,4.9,5,210,3501500,17472730,2010-07-27 00:00:00,1
2010-07-28 00:00:00,2010-07-28 00:00:00,5.25,2010-07-28 00:00:00,4.9,4.9,108,898200,4502170,2010-07-28 00:00:00,1
2010-07-29 00:00:00,2010-07-29 00:00:00,5,2010-07-29 00:00:00,4.8,4.9,86,1345100,6631990,2010-07-29 00:00:00,1
2010-07-30 00:00:00,2010-07-30 00:00:00,7.25,2010-07-30 00:00:00,4.9,6.75,956,13729600,85033170,2010-07-30 00:00:00,1
2010-08-02 00:00:00,2010-08-02 00:00:00,9.5,2010-08-02 00:00:00,6.6,8.9,2277,27177000,228475800,2010-08-02 00:00:00,1
2010-08-03 00:00:00,2010-08-03 00:00:00,13,2010-08-03 00:00:00,9.3,10,1563,18735900,205224980,2010-08-03 00:00:00,1
2010-08-05 00:00:00,2010-08-05 00:00:00,9,2010-08-05 00:00:00,9,9,14,12400,111600,2010-08-05 00:00:00,1
2010-08-06 00:00:00,2010-08-06 00:00:00,8.1,2010-08-06 00:00:00,8.1,8.1,21,12000,97200,2010-08-06 00:00:00,1
2010-08-09 00:00:00,2010-08-09 00:00:00,8,2010-08-09 00:00:00,7.3,7.3,2,300,2330,2010-08-09 00:00:00,1
2010-08-10 00:00:00,2010-08-10 00:00:00,7,2010-08-10 00:00:00,6.6,6.7,340,4793100,31833890,2010-08-10 00:00:00,1
2010-08-11 00:00:00,2010-08-11 00:00:00,6.5,2010-08-11 00:00:00,6.1,6.1,50,455100,2778210,2010-08-11 00:00:00,1
2010-08-12 00:00:00,2010-08-12 00:00:00,6,2010-08-12 00:00:00,5.5,5.5,13,6900,38050,2010-08-12 00:00:00,1
2010-08-13 00:00:00,2010-08-13 00:00:00,5,2010-08-13 00:00:00,5,5,8,21200,106000,2010-08-13 00:00:00,1
2010-08-16 00:00:00,2010-08-16 00:00:00,4.5,2010-08-16 00:00:00,4.5,4.5,10,46200,207900,2010-08-16 00:00:00,1
2010-08-17 00:00:00,2010-08-17 00:00:00,4.9,2010-08-17 00:00:00,4.1,4.5,108,942800,4234140,2010-08-17 00:00:00,1
2010-08-18 00:00:00,2010-08-18 00:00:00,4.9,2010-08-18 00:00:00,4.8,4.9,88,593000,2904700,2010-08-18 00:00:00,1
2010-08-19 00:00:00,2010-08-19 00:00:00,5.3,2010-08-19 00:00:00,5.3,5.3,31,57800,306340,2010-08-19 00:00:00,1
2010-08-20 00:00:00,2010-08-20 00:00:00,5.8,2010-08-20 00:00:00,5.6,5.8,131,783300,4532810,2010-08-20 00:00:00,1
2010-08-23 00:00:00,2010-08-23 00:00:00,6.3,2010-08-23 00:00:00,6,6.3,136,619200,3890430,2010-08-23 00:00:00,1
2010-08-25 00:00:00,2010-08-25 00:00:00,6.9,2010-08-25 00:00:00,6.8,6.9,166,780100,5375880,2010-08-25 00:00:00,1
2010-08-26 00:00:00,2010-08-26 00:00:00,7.4,2010-08-26 00:00:00,6.3,6.4,242,1220900,7957130,2010-08-26 00:00:00,1
2010-08-27 00:00:00,2010-08-27 00:00:00,6.1,2010-08-27 00:00:00,5.8,5.9,125,497400,2906320,2010-08-27 00:00:00,1
2010-08-30 00:00:00,2010-08-30 00:00:00,6.1,2010-08-30 00:00:00,5.4,5.4,89,152200,832020,2010-08-30 00:00:00,1
2010-08-31 00:00:00,2010-08-31 00:00:00,5.9,2010-08-31 00:00:00,4.9,5.8,163,488800,2593650,2010-08-31 00:00:00,1
2010-09-01 00:00:00,2010-09-01 00:00:00,6.3,2010-09-01 00:00:00,5.8,6,106,361100,2162030,2010-09-01 00:00:00,1
2010-09-02 00:00:00,2010-09-02 00:00:00,6.1,2010-09-02 00:00:00,5.9,6,50,107400,645750,2010-09-02 00:00:00,1
2010-09-03 00:00:00,2010-09-03 00:00:00,6.2,2010-09-03 00:00:00,5.8,5.8,51,207900,1216020,2010-09-03 00:00:00,1
2010-09-06 00:00:00,2010-09-06 00:00:00,6,2010-09-06 00:00:00,5.6,5.7,46,123200,706170,2010-09-06 00:00:00,1
2010-09-07 00:00:00,2010-09-07 00:00:00,6,2010-09-07 00:00:00,5.5,5.8,86,372300,2126160,2010-09-07 00:00:00,1
2010-09-08 00:00:00,2010-09-08 00:00:00,6.1,2010-09-08 00:00:00,5.5,5.9,67,443000,2638870,2010-09-08 00:00:00,1
2010-09-09 00:00:00,2010-09-09 00:00:00,6,2010-09-09 00:00:00,5.7,5.9,75,564400,3361230,2010-09-09 00:00:00,1
2010-09-13 00:00:00,2010-09-13 00:00:00,6,2010-09-13 00:00:00,5.7,5.8,40,92100,538080,2010-09-13 00:00:00,1
2010-09-14 00:00:00,2010-09-14 00:00:00,5.8,2010-09-14 00:00:00,5.5,5.6,33,107200,604470,2010-09-14 00:00:00,1
2010-09-15 00:00:00,2010-09-15 00:00:00,5.8,2010-09-15 00:00:00,5.1,5.5,132,555700,2992750,2010-09-15 00:00:00,1
2010-09-16 00:00:00,2010-09-16 00:00:00,6,2010-09-16 00:00:00,5.3,6,133,432600,2499010,2010-09-16 00:00:00,1
2010-09-17 00:00:00,2010-09-17 00:00:00,6.6,2010-09-17 00:00:00,5.9,6.6,305,1918000,12468330,2010-09-17 00:00:00,1
2010-09-20 00:00:00,2010-09-20 00:00:00,6.9,2010-09-20 00:00:00,5.9,6,113,225900,1435330,2010-09-20 00:00:00,1
2010-09-21 00:00:00,2010-09-21 00:00:00,6.3,2010-09-21 00:00:00,5.8,5.9,124,496800,3007550,2010-09-21 00:00:00,1
2010-09-23 00:00:00,2010-09-23 00:00:00,6.2,2010-09-23 00:00:00,5.6,5.7,97,391300,2261610,2010-09-23 00:00:00,1
2010-09-24 00:00:00,2010-09-24 00:00:00,5.9,2010-09-24 00:00:00,5.4,5.5,74,312400,1738750,2010-09-24 00:00:00,1
2010-09-27 00:00:00,2010-09-27 00:00:00,5.7,2010-09-27 00:00:00,5.4,5.5,98,233100,1289490,2010-09-27 00:00:00,1
2010-09-28 00:00:00,2010-09-28 00:00:00,5.7,2010-09-28 00:00:00,5.2,5.3,76,181800,962560,2010-09-28 00:00:00,1
2010-09-29 00:00:00,2010-09-29 00:00:00,5.9,2010-09-29 00:00:00,5.2,5.5,99,393200,2170390,2010-09-29 00:00:00,1
2010-09-30 00:00:00,2010-09-30 00:00:00,5.6,2010-09-30 00:00:00,5.3,5.4,48,142000,774600,2010-09-30 00:00:00,1
2010-10-01 00:00:00,2010-10-01 00:00:00,5.5,2010-10-01 00:00:00,5.3,5.3,69,490800,2641270,2010-10-01 00:00:00,1
2010-10-04 00:00:00,2010-10-04 00:00:00,5.4,2010-10-04 00:00:00,5.1,5.1,70,409600,2141510,2010-10-04 00:00:00,1
2010-10-05 00:00:00,2010-10-05 00:00:00,5.5,2010-10-05 00:00:00,4.9,5,76,162200,818710,2010-10-05 00:00:00,1
2010-10-06 00:00:00,2010-10-06 00:00:00,5.3,2010-10-06 00:00:00,4.8,4.9,49,311100,1547800,2010-10-06 00:00:00,1
2010-10-07 00:00:00,2010-10-07 00:00:00,4.9,2010-10-07 00:00:00,4.2,4.6,60,194200,896780,2010-10-07 00:00:00,1
2010-10-08 00:00:00,2010-10-08 00:00:00,5.3,2010-10-08 00:00:00,4.4,4.8,59,415800,2022910,2010-10-08 00:00:00,1
2010-10-11 00:00:00,2010-10-11 00:00:00,5.4,2010-10-11 00:00:00,4.9,4.9,36,102300,519970,2010-10-11 00:00:00,1
2010-10-12 00:00:00,2010-10-12 00:00:00,4.9,2010-10-12 00:00:00,4.6,4.7,29,64100,302290,2010-10-12 00:00:00,1
2010-10-13 00:00:00,2010-10-13 00:00:00,4.9,2010-10-13 00:00:00,4.1,4.7,43,83500,359710,2010-10-13 00:00:00,1
2010-10-14 00:00:00,2010-10-14 00:00:00,4.8,2010-10-14 00:00:00,4.3,4.5,18,266900,1224290,2010-10-14 00:00:00,1
2010-10-15 00:00:00,2010-10-15 00:00:00,5,2010-10-15 00:00:00,4,4.8,90,232600,1106090,2010-10-15 00:00:00,1
2010-10-18 00:00:00,2010-10-18 00:00:00,5.2,2010-10-18 00:00:00,4.6,4.7,49,198000,973450,2010-10-18 00:00:00,1
2010-10-19 00:00:00,2010-10-19 00:00:00,4.9,2010-10-19 00:00:00,4.5,4.6,43,269800,1242080,2010-10-19 00:00:00,1
2010-10-20 00:00:00,2010-10-20 00:00:00,4.8,2010-10-20 00:00:00,4.6,4.7,21,380800,1789680,2010-10-20 00:00:00,1
2010-10-21 00:00:00,2010-10-21 00:00:00,4.7,2010-10-21 00:00:00,4.1,4.2,51,368800,1564150,2010-10-21 00:00:00,1
2010-10-25 00:00:00,2010-10-25 00:00:00,4.4,2010-10-25 00:00:00,4.1,4.1,36,121800,513530,2010-10-25 00:00:00,1
2010-10-26 00:00:00,2010-10-26 00:00:00,4.2,2010-10-26 00:00:00,3.9,4,40,145800,582840,2010-10-26 00:00:00,1
2010-10-27 00:00:00,2010-10-27 00:00:00,4,2010-10-27 00:00:00,3.7,3.8,49,246500,954280,2010-10-27 00:00:00,1
2010-10-28 00:00:00,2010-10-28 00:00:00,4,2010-10-28 00:00:00,3.9,4,26,67400,268290,2010-10-28 00:00:00,1
2010-10-29 00:00:00,2010-10-29 00:00:00,4.6,2010-10-29 00:00:00,3.9,4.5,69,615200,2768140,2010-10-29 00:00:00,1
2010-11-01 00:00:00,2010-11-01 00:00:00,4.7,2010-11-01 00:00:00,4.1,4.4,45,117400,505470,2010-11-01 00:00:00,1
2010-11-02 00:00:00,2010-11-02 00:00:00,5.3,2010-11-02 00:00:00,4.3,4.9,246,1312700,6550950,2010-11-02 00:00:00,1
2010-11-03 00:00:00,2010-11-03 00:00:00,5.1,2010-11-03 00:00:00,4.5,4.6,34,78000,365350,2010-11-03 00:00:00,1
2010-11-04 00:00:00,2010-11-04 00:00:00,4.5,2010-11-04 00:00:00,4.3,4.4,15,26600,117480,2010-11-04 00:00:00,1
2010-11-08 00:00:00,2010-11-08 00:00:00,4.8,2010-11-08 00:00:00,4.4,4.7,67,235700,1108840,2010-11-08 00:00:00,1
2010-11-09 00:00:00,2010-11-09 00:00:00,4.8,2010-11-09 00:00:00,4.6,4.6,25,41200,191670,2010-11-09 00:00:00,1
2010-11-10 00:00:00,2010-11-10 00:00:00,4.7,2010-11-10 00:00:00,4.4,4.6,11,28200,129520,2010-11-10 00:00:00,1
2010-11-11 00:00:00,2010-11-11 00:00:00,4.4,2010-11-11 00:00:00,4.4,4.4,6,19100,84040,2010-11-11 00:00:00,1
2010-11-12 00:00:00,2010-11-12 00:00:00,4.6,2010-11-12 00:00:00,4.3,4.4,63,122500,543600,2010-11-12 00:00:00,1
2010-11-15 00:00:00,2010-11-15 00:00:00,4.6,2010-11-15 00:00:00,4,4.2,99,448000,1885160,2010-11-15 00:00:00,1
2010-11-16 00:00:00,2010-11-16 00:00:00,4.1,2010-11-16 00:00:00,3.9,4,101,1134300,4469050,2010-11-16 00:00:00,1
2010-11-18 00:00:00,2010-11-18 00:00:00,4.2,2010-11-18 00:00:00,4,4,186,1430900,5728970,2010-11-18 00:00:00,1
2010-11-22 00:00:00,2010-11-22 00:00:00,3.8,2010-11-22 00:00:00,3.3,3.7,129,499500,1850990,2010-11-22 00:00:00,1
2010-11-23 00:00:00,2010-11-23 00:00:00,3.8,2010-11-23 00:00:00,3.6,3.6,41,274600,1033610,2010-11-23 00:00:00,1
2010-11-24 00:00:00,2010-11-24 00:00:00,3.7,2010-11-24 00:00:00,3.5,3.5,49,369300,1301890,2010-11-24 00:00:00,1
2010-11-25 00:00:00,2010-11-25 00:00:00,3.5,2010-11-25 00:00:00,3.2,3.3,56,218500,738000,2010-11-25 00:00:00,1
2010-11-26 00:00:00,2010-11-26 00:00:00,3.3,2010-11-26 00:00:00,3.2,3.2,55,76600,245930,2010-11-26 00:00:00,1
2010-11-29 00:00:00,2010-11-29 00:00:00,3.2,2010-11-29 00:00:00,3,3,43,156000,479360,2010-11-29 00:00:00,1
2010-11-30 00:00:00,2010-11-30 00:00:00,3.3,2010-11-30 00:00:00,3,3,95,523100,1615890,2010-11-30 00:00:00,1
2010-12-01 00:00:00,2010-12-01 00:00:00,3.4,2010-12-01 00:00:00,3,3.3,109,655000,2134900,2010-12-01 00:00:00,1
2010-12-02 00:00:00,2010-12-02 00:00:00,3.7,2010-12-02 00:00:00,3.4,3.5,130,783400,2817100,2010-12-02 00:00:00,1
2010-12-03 00:00:00,2010-12-03 00:00:00,3.6,2010-12-03 00:00:00,3.3,3.4,48,212400,728290,2010-12-03 00:00:00,1
2010-12-06 00:00:00,2010-12-06 00:00:00,3.5,2010-12-06 00:00:00,3.2,3.3,26,135300,444250,2010-12-06 00:00:00,1
2010-12-07 00:00:00,2010-12-07 00:00:00,3.2,2010-12-07 00:00:00,3,3,107,1433400,4384620,2010-12-07 00:00:00,1
2010-12-08 00:00:00,2010-12-08 00:00:00,3.5,2010-12-08 00:00:00,2.9,3.3,153,1285400,4127420,2010-12-08 00:00:00,1
2010-12-09 00:00:00,2010-12-09 00:00:00,3.6,2010-12-09 00:00:00,3.2,3.5,137,1128100,3911560,2010-12-09 00:00:00,1
2010-12-10 00:00:00,2010-12-10 00:00:00,4.2,2010-12-10 00:00:00,3.7,4,376,3253300,12790050,2010-12-10 00:00:00,1
2010-12-13 00:00:00,2010-12-13 00:00:00,4,2010-12-13 00:00:00,3.5,3.5,158,1088800,3931690,2010-12-13 00:00:00,1
2010-12-14 00:00:00,2010-12-14 00:00:00,3.7,2010-12-14 00:00:00,3.5,3.5,64,531800,1924690,2010-12-14 00:00:00,1
2010-12-15 00:00:00,2010-12-15 00:00:00,3.8,2010-12-15 00:00:00,3.7,3.7,49,190500,705960,2010-12-15 00:00:00,1
2010-12-16 00:00:00,2010-12-16 00:00:00,3.8,2010-12-16 00:00:00,3.7,3.7,32,151800,561750,2010-12-16 00:00:00,1
2010-12-17 00:00:00,2010-12-17 00:00:00,3.8,2010-12-17 00:00:00,3.6,3.7,32,187300,694710,2010-12-17 00:00:00,1
2010-12-21 00:00:00,2010-12-21 00:00:00,3.8,2010-12-21 00:00:00,3.7,3.7,22,98000,362620,2010-12-21 00:00:00,1
2010-12-22 00:00:00,2010-12-22 00:00:00,4.1,2010-12-22 00:00:00,3.6,4,123,1267200,4978690,2010-12-22 00:00:00,1
2010-12-23 00:00:00,2010-12-23 00:00:00,4,2010-12-23 00:00:00,3.9,3.9,48,329800,1286370,2010-12-23 00:00:00,1
2010-12-24 00:00:00,2010-12-24 00:00:00,3.9,2010-12-24 00:00:00,3.8,3.9,12,47300,184090,2010-12-24 00:00:00,1
2010-12-27 00:00:00,2010-12-27 00:00:00,3.9,2010-12-27 00:00:00,3.7,3.8,29,175800,666560,2010-12-27 00:00:00,1
2010-12-28 00:00:00,2010-12-28 00:00:00,3.9,2010-12-28 00:00:00,3.7,3.7,40,130800,496620,2010-12-28 00:00:00,1
2010-12-29 00:00:00,2010-12-29 00:00:00,3.7,2010-12-29 00:00:00,3.5,3.6,93,353900,1281160,2010-12-29 00:00:00,1
2010-12-30 00:00:00,2010-12-30 00:00:00,3.4,2010-12-30 00:00:00,3,3.3,470,4717800,14906180,2010-12-30 00:00:00,1
2010-12-31 00:00:00,2010-12-31 00:00:00,3.4,2010-12-31 00:00:00,3.2,3.4,163,1795000,5969040,2010-12-31 00:00:00,1
Company Id :  BLUE,,Security Type :  R,,Sub Type :  0000,,,,,,
Short Name :  BLUE DIAMONDS,,,,,,,,,,
Day,Date High,High,Date Low,Low,Closing,No. of Trades,No. of Shares,Turnover,Last Traded,Days Traded
2010-12-01 00:00:00,2010-12-01 00:00:00,2.5,2010-12-01 00:00:00,0.4,0.5,83,1052800,545110,2010-12-01 00:00:00,1
2010-12-02 00:00:00,2010-12-02 00:00:00,0.7,2010-12-02 00:00:00,0.4,0.6,127,2730400,1490380,2010-12-02 00:00:00,1
2010-12-03 00:00:00,2010-12-03 00:00:00,0.8,2010-12-03 00:00:00,0.5,0.6,121,1921100,1107910,2010-12-03 00:00:00,1
2010-12-06 00:00:00,2010-12-06 00:00:00,0.6,2010-12-06 00:00:00,0.4,0.4,68,1163100,496430,2010-12-06 00:00:00,1
2010-12-07 00:00:00,2010-12-07 00:00:00,0.5,2010-12-07 00:00:00,0.3,0.3,107,3152000,1024540,2010-12-07 00:00:00,1
2010-12-08 00:00:00,2010-12-08 00:00:00,0.4,2010-12-08 00:00:00,0.1,0.3,259,9595700,2796310,2010-12-08 00:00:00,1
Company Id :  BLUE,,Security Type :  R,,Sub Type :  0001,,,,,,
Short Name :  BLUE DIAMONDS,,,,,,,,,,
Day,Date High,High,Date Low,Low,Closing,No. of Trades,No. of Shares,Turnover,Last Traded,Days Traded
2010-12-01 00:00:00,2010-12-01 00:00:00,0.3,2010-12-01 00:00:00,0.2,0.3,96,3024600,681580,2010-12-01 00:00:00,1
2010-12-02 00:00:00,2010-12-02 00:00:00,0.6,2010-12-02 00:00:00,0.3,0.4,293,9513600,3938800,2010-12-02 00:00:00,1
2010-12-03 00:00:00,2010-12-03 00:00:00,0.5,2010-12-03 00:00:00,0.3,0.4,142,4792400,1909150,2010-12-03 00:00:00,1
2010-12-06 00:00:00,2010-12-06 00:00:00,0.4,2010-12-06 00:00:00,0.2,0.2,149,5694700,1672360,2010-12-06 00:00:00,1
2010-12-07 00:00:00,2010-12-07 00:00:00,0.2,2010-12-07 00:00:00,0.1,0.1,175,7555900,1179700,2010-12-07 00:00:00,1
2010-12-08 00:00:00,2010-12-08 00:00:00,0.2,2010-12-08 00:00:00,0.1,0.1,365,16379100,1804040,2010-12-08 00:00:00,1
Company Id :  BLUE,,Security Type :  X,,Sub Type :  0000,,,,,,
Short Name :  BLUE DIAMONDS,,,,,,,,,,
Day,Date High,High,Date Low,Low,Closing,No. of Trades,No. of Shares,Turnover,Last Traded,Days Traded
2010-01-04 00:00:00,2010-01-04 00:00:00,0.8,2010-01-04 00:00:00,0.8,0.8,3,13500,10800,2010-01-04 00:00:00,1
2010-01-05 00:00:00,2010-01-05 00:00:00,0.8,2010-01-05 00:00:00,0.8,0.8,18,152100,121680,2010-01-05 00:00:00,1
2010-01-06 00:00:00,2010-01-06 00:00:00,0.8,2010-01-06 00:00:00,0.8,0.8,3,21400,17120,2010-01-06 00:00:00,1
2010-01-07 00:00:00,2010-01-07 00:00:00,0.8,2010-01-07 00:00:00,0.8,0.8,2,13700,10960,2010-01-07 00:00:00,1
2010-01-08 00:00:00,2010-01-08 00:00:00,0.8,2010-01-08 00:00:00,0.8,0.8,8,173700,138960,2010-01-08 00:00:00,1
2010-01-11 00:00:00,2010-01-11 00:00:00,0.9,2010-01-11 00:00:00,0.8,0.8,5,65000,52500,2010-01-11 00:00:00,1
2010-01-12 00:00:00,2010-01-12 00:00:00,0.8,2010-01-12 00:00:00,0.8,0.8,1,20000,16000,2010-01-12 00:00:00,1
2010-01-13 00:00:00,2010-01-13 00:00:00,0.9,2010-01-13 00:00:00,0.8,0.8,11,69100,55290,2010-01-13 00:00:00,1
2010-01-15 00:00:00,2010-01-15 00:00:00,0.9,2010-01-15 00:00:00,0.8,0.8,2,32200,25780,2010-01-15 00:00:00,1
2010-01-18 00:00:00,2010-01-18 00:00:00,0.8,2010-01-18 00:00:00,0.7,0.7,13,372500,295500,2010-01-18 00:00:00,1
2010-01-20 00:00:00,2010-01-20 00:00:00,0.7,2010-01-20 00:00:00,0.7,0.7,5,25000,17500,2010-01-20 00:00:00,1
2010-01-21 00:00:00,2010-01-21 00:00:00,1,2010-01-21 00:00:00,0.8,1,91,1671400,1579750,2010-01-21 00:00:00,1
2010-01-22 00:00:00,2010-01-22 00:00:00,1,2010-01-22 00:00:00,0.8,0.9,20,295900,267300,2010-01-22 00:00:00,1
2010-01-25 00:00:00,2010-01-25 00:00:00,0.9,2010-01-25 00:00:00,0.8,0.9,7,50200,44160,2010-01-25 00:00:00,1
2010-01-26 00:00:00,2010-01-26 00:00:00,0.9,2010-01-26 00:00:00,0.9,0.9,1,800,720,2010-01-26 00:00:00,1
2010-01-28 00:00:00,2010-01-28 00:00:00,1,2010-01-28 00:00:00,0.8,0.9,31,886400,774390,2010-01-28 00:00:00,1
2010-02-01 00:00:00,2010-02-01 00:00:00,1,2010-02-01 00:00:00,0.9,1,89,2274500,2258920,2010-02-01 00:00:00,1
2010-02-02 00:00:00,2010-02-02 00:00:00,1,2010-02-02 00:00:00,0.9,0.9,6,300900,281210,2010-02-02 00:00:00,1
2010-02-03 00:00:00,2010-02-03 00:00:00,0.9,2010-02-03 00:00:00,0.9,0.9,2,13000,11700,2010-02-03 00:00:00,1
2010-02-05 00:00:00,2010-02-05 00:00:00,1,2010-02-05 00:00:00,0.9,0.9,9,64600,58170,2010-02-05 00:00:00,1
2010-02-08 00:00:00,2010-02-08 00:00:00,0.9,2010-02-08 00:00:00,0.9,0.9,3,78000,70200,2010-02-08 00:00:00,1
2010-02-09 00:00:00,2010-02-09 00:00:00,1,2010-02-09 00:00:00,0.9,0.9,27,221800,203030,2010-02-09 00:00:00,1
2010-02-10 00:00:00,2010-02-10 00:00:00,1,2010-02-10 00:00:00,0.9,0.9,5,23200,20890,2010-02-10 00:00:00,1
2010-02-11 00:00:00,2010-02-11 00:00:00,0.9,2010-02-11 00:00:00,0.9,0.9,4,109000,98100,2010-02-11 00:00:00,1
2010-02-12 00:00:00,2010-02-12 00:00:00,0.9,2010-02-12 00:00:00,0.9,0.9,31,270000,243000,2010-02-12 00:00:00,1
2010-02-15 00:00:00,2010-02-15 00:00:00,0.9,2010-02-15 00:00:00,0.9,0.9,5,17300,15570,2010-02-15 00:00:00,1
2010-02-16 00:00:00,2010-02-16 00:00:00,0.9,2010-02-16 00:00:00,0.9,0.9,8,62600,56340,2010-02-16 00:00:00,1
2010-02-17 00:00:00,2010-02-17 00:00:00,0.9,2010-02-17 00:00:00,0.9,0.9,2,120000,108000,2010-02-17 00:00:00,1
2010-02-18 00:00:00,2010-02-18 00:00:00,1,2010-02-18 00:00:00,0.9,1,30,494500,459000,2010-02-18 00:00:00,1
2010-02-19 00:00:00,2010-02-19 00:00:00,1,2010-02-19 00:00:00,0.9,0.9,12,123100,112990,2010-02-19 00:00:00,1
2010-02-22 00:00:00,2010-02-22 00:00:00,1,2010-02-22 00:00:00,0.9,0.9,7,28100,25300,2010-02-22 00:00:00,1
2010-02-23 00:00:00,2010-02-23 00:00:00,1,2010-02-23 00:00:00,0.9,0.9,6,101000,90980,2010-02-23 00:00:00,1
2010-02-24 00:00:00,2010-02-24 00:00:00,0.9,2010-02-24 00:00:00,0.9,0.9,20,932600,839340,2010-02-24 00:00:00,1
2010-02-25 00:00:00,2010-02-25 00:00:00,1,2010-02-25 00:00:00,1,1,1,900,900,2010-02-25 00:00:00,1
2010-02-26 00:00:00,2010-02-26 00:00:00,1,2010-02-26 00:00:00,0.9,1,4,5600,5200,2010-02-26 00:00:00,1
2010-03-01 00:00:00,2010-03-01 00:00:00,1,2010-03-01 00:00:00,0.9,1,2,2100,1900,2010-03-01 00:00:00,1
2010-03-02 00:00:00,2010-03-02 00:00:00,0.9,2010-03-02 00:00:00,0.9,0.9,6,106200,95580,2010-03-02 00:00:00,1
2010-03-03 00:00:00,2010-03-03 00:00:00,1,2010-03-03 00:00:00,0.9,0.9,11,155100,148110,2010-03-03 00:00:00,1
2010-03-04 00:00:00,2010-03-04 00:00:00,0.9,2010-03-04 00:00:00,0.9,0.9,22,384000,345600,2010-03-04 00:00:00,1
2010-03-08 00:00:00,2010-03-08 00:00:00,0.9,2010-03-08 00:00:00,0.9,0.9,1,900,810,2010-03-08 00:00:00,1
2010-03-10 00:00:00,2010-03-10 00:00:00,0.9,2010-03-10 00:00:00,0.9,0.9,4,205000,184500,2010-03-10 00:00:00,1
2010-03-11 00:00:00,2010-03-11 00:00:00,0.9,2010-03-11 00:00:00,0.9,0.9,5,93300,83970,2010-03-11 00:00:00,1
2010-03-12 00:00:00,2010-03-12 00:00:00,0.9,2010-03-12 00:00:00,0.9,0.9,2,4100,3690,2010-03-12 00:00:00,1
2010-03-15 00:00:00,2010-03-15 00:00:00,0.9,2010-03-15 00:00:00,0.9,0.9,2,6000,5400,2010-03-15 00:00:00,1
2010-03-16 00:00:00,2010-03-16 00:00:00,1,2010-03-16 00:00:00,0.9,1,39,1251100,1176070,2010-03-16 00:00:00,1
2010-03-17 00:00:00,2010-03-17 00:00:00,1,2010-03-17 00:00:00,0.9,1,82,3124200,3057780,2010-03-17 00:00:00,1
2010-03-18 00:00:00,2010-03-18 00:00:00,1,2010-03-18 00:00:00,0.9,0.9,31,496000,446800,2010-03-18 00:00:00,1
2010-03-19 00:00:00,2010-03-19 00:00:00,1,2010-03-19 00:00:00,0.9,0.9,15,236700,213040,2010-03-19 00:00:00,1
2010-03-22 00:00:00,2010-03-22 00:00:00,0.8,2010-03-22 00:00:00,0.8,0.8,67,1700000,1360000,2010-03-22 00:00:00,1
2010-03-23 00:00:00,2010-03-23 00:00:00,0.9,2010-03-23 00:00:00,0.8,0.8,59,1135600,913990,2010-03-23 00:00:00,1
2010-03-24 00:00:00,2010-03-24 00:00:00,0.9,2010-03-24 00:00:00,0.8,0.8,78,2297600,1838450,2010-03-24 00:00:00,1
2010-03-25 00:00:00,2010-03-25 00:00:00,0.8,2010-03-25 00:00:00,0.7,0.8,39,486600,389270,2010-03-25 00:00:00,1
2010-03-26 00:00:00,2010-03-26 00:00:00,0.8,2010-03-26 00:00:00,0.7,0.8,35,1230700,984180,2010-03-26 00:00:00,1
2010-03-30 00:00:00,2010-03-30 00:00:00,0.9,2010-03-30 00:00:00,0.9,0.9,29,5000,4500,2010-03-30 00:00:00,1
2010-03-31 00:00:00,2010-03-31 00:00:00,0.9,2010-03-31 00:00:00,0.8,0.8,8,94000,75230,2010-03-31 00:00:00,1
2010-04-01 00:00:00,2010-04-01 00:00:00,0.8,2010-04-01 00:00:00,0.8,0.8,6,50000,40000,2010-04-01 00:00:00,1
2010-04-05 00:00:00,2010-04-05 00:00:00,0.8,2010-04-05 00:00:00,0.7,0.8,17,465200,372060,2010-04-05 00:00:00,1
2010-04-06 00:00:00,2010-04-06 00:00:00,0.9,2010-04-06 00:00:00,0.8,0.8,28,464200,371460,2010-04-06 00:00:00,1
2010-04-07 00:00:00,2010-04-07 00:00:00,0.8,2010-04-07 00:00:00,0.8,0.8,2,200,160,2010-04-07 00:00:00,1
2010-04-08 00:00:00,2010-04-08 00:00:00,0.9,2010-04-08 00:00:00,0.8,0.8,8,125500,100760,2010-04-08 00:00:00,1
2010-04-12 00:00:00,2010-04-12 00:00:00,1,2010-04-12 00:00:00,0.8,0.9,12,420200,397660,2010-04-12 00:00:00,1
2010-04-16 00:00:00,2010-04-16 00:00:00,0.9,2010-04-16 00:00:00,0.8,0.9,10,35400,31820,2010-04-16 00:00:00,1
2010-04-19 00:00:00,2010-04-19 00:00:00,0.9,2010-04-19 00:00:00,0.9,0.9,70,1572200,1414980,2010-04-19 00:00:00,1
2010-04-20 00:00:00,2010-04-20 00:00:00,0.9,2010-04-20 00:00:00,0.9,0.9,49,907000,816300,2010-04-20 00:00:00,1
2010-04-21 00:00:00,2010-04-21 00:00:00,0.9,2010-04-21 00:00:00,0.9,0.9,10,550000,495000,2010-04-21 00:00:00,1
2010-04-22 00:00:00,2010-04-22 00:00:00,0.9,2010-04-22 00:00:00,0.8,0.9,3,10100,9080,2010-04-22 00:00:00,1
2010-04-23 00:00:00,2010-04-23 00:00:00,0.9,2010-04-23 00:00:00,0.9,0.9,1,100,90,2010-04-23 00:00:00,1
2010-04-26 00:00:00,2010-04-26 00:00:00,0.8,2010-04-26 00:00:00,0.8,0.8,1,500,400,2010-04-26 00:00:00,1
2010-04-27 00:00:00,2010-04-27 00:00:00,0.8,2010-04-27 00:00:00,0.8,0.8,1,2400,1920,2010-04-27 00:00:00,1
2010-04-29 00:00:00,2010-04-29 00:00:00,0.8,2010-04-29 00:00:00,0.8,0.8,12,200300,160240,2010-04-29 00:00:00,1
2010-04-30 00:00:00,2010-04-30 00:00:00,0.9,2010-04-30 00:00:00,0.8,0.9,61,1388300,1231010,2010-04-30 00:00:00,1
2010-05-03 00:00:00,2010-05-03 00:00:00,0.9,2010-05-03 00:00:00,0.9,0.9,53,1343800,1209420,2010-05-03 00:00:00,1
2010-05-04 00:00:00,2010-05-04 00:00:00,0.9,2010-05-04 00:00:00,0.8,0.8,12,158400,141320,2010-05-04 00:00:00,1
2010-05-05 00:00:00,2010-05-05 00:00:00,0.8,2010-05-05 00:00:00,0.8,0.8,1,4000,3200,2010-05-05 00:00:00,1
2010-05-06 00:00:00,2010-05-06 00:00:00,0.9,2010-05-06 00:00:00,0.8,0.9,10,112200,100500,2010-05-06 00:00:00,1
2010-05-07 00:00:00,2010-05-07 00:00:00,1,2010-05-07 00:00:00,0.8,0.9,17,158700,141930,2010-05-07 00:00:00,1
2010-05-10 00:00:00,2010-05-10 00:00:00,0.9,2010-05-10 00:00:00,0.9,0.9,5,79900,71910,2010-05-10 00:00:00,1
2010-05-12 00:00:00,2010-05-12 00:00:00,1.1,2010-05-12 00:00:00,0.8,1,335,14228100,14920510,2010-05-12 00:00:00,1
2010-05-13 00:00:00,2010-05-13 00:00:00,1.1,2010-05-13 00:00:00,1,1,106,2523000,2694210,2010-05-13 00:00:00,1
2010-05-14 00:00:00,2010-05-14 00:00:00,1.1,2010-05-14 00:00:00,0.9,1,68,707900,707700,2010-05-14 00:00:00,1
2010-05-17 00:00:00,2010-05-17 00:00:00,1,2010-05-17 00:00:00,0.9,1,25,239600,239590,2010-05-17 00:00:00,1
2010-05-18 00:00:00,2010-05-18 00:00:00,1,2010-05-18 00:00:00,1,1,14,209200,209200,2010-05-18 00:00:00,1
2010-05-19 00:00:00,2010-05-19 00:00:00,1,2010-05-19 00:00:00,0.9,0.9,3,5200,5180,2010-05-19 00:00:00,1
2010-05-20 00:00:00,2010-05-20 00:00:00,1,2010-05-20 00:00:00,0.9,0.9,41,1071100,966090,2010-05-20 00:00:00,1
2010-05-21 00:00:00,2010-05-21 00:00:00,0.9,2010-05-21 00:00:00,0.9,0.9,34,335000,301500,2010-05-21 00:00:00,1
2010-05-24 00:00:00,2010-05-24 00:00:00,0.9,2010-05-24 00:00:00,0.8,0.9,19,70500,63150,2010-05-24 00:00:00,1
2010-05-25 00:00:00,2010-05-25 00:00:00,0.9,2010-05-25 00:00:00,0.8,0.9,7,39800,35660,2010-05-25 00:00:00,1
2010-05-26 00:00:00,2010-05-26 00:00:00,0.9,2010-05-26 00:00:00,0.9,0.9,19,153200,137880,2010-05-26 00:00:00,1
2010-05-31 00:00:00,2010-05-31 00:00:00,0.9,2010-05-31 00:00:00,0.8,0.9,7,263200,236380,2010-05-31 00:00:00,1
2010-06-01 00:00:00,2010-06-01 00:00:00,0.9,2010-06-01 00:00:00,0.8,0.9,11,27700,23930,2010-06-01 00:00:00,1
2010-06-02 00:00:00,2010-06-02 00:00:00,0.9,2010-06-02 00:00:00,0.9,0.9,5,260100,234090,2010-06-02 00:00:00,1
2010-06-03 00:00:00,2010-06-03 00:00:00,1,2010-06-03 00:00:00,0.9,0.9,22,288700,260830,2010-06-03 00:00:00,1
2010-06-04 00:00:00,2010-06-04 00:00:00,1,2010-06-04 00:00:00,0.9,0.9,6,201700,181570,2010-06-04 00:00:00,1
2010-06-07 00:00:00,2010-06-07 00:00:00,1,2010-06-07 00:00:00,0.9,0.9,5,10900,9840,2010-06-07 00:00:00,1
2010-06-08 00:00:00,2010-06-08 00:00:00,1,2010-06-08 00:00:00,1,1,3,11400,11400,2010-06-08 00:00:00,1
2010-06-09 00:00:00,2010-06-09 00:00:00,1,2010-06-09 00:00:00,0.9,0.9,2,4900,4420,2010-06-09 00:00:00,1
2010-06-10 00:00:00,2010-06-10 00:00:00,0.9,2010-06-10 00:00:00,0.9,0.9,4,14700,13230,2010-06-10 00:00:00,1
2010-06-11 00:00:00,2010-06-11 00:00:00,0.9,2010-06-11 00:00:00,0.9,0.9,2,1900,1710,2010-06-11 00:00:00,1
2010-06-14 00:00:00,2010-06-14 00:00:00,0.9,2010-06-14 00:00:00,0.9,0.9,2,53800,48420,2010-06-14 00:00:00,1
2010-06-15 00:00:00,2010-06-15 00:00:00,0.9,2010-06-15 00:00:00,0.9,0.9,1,2300,2070,2010-06-15 00:00:00,1
2010-06-16 00:00:00,2010-06-16 00:00:00,0.9,2010-06-16 00:00:00,0.9,0.9,11,104500,94050,2010-06-16 00:00:00,1
2010-06-17 00:00:00,2010-06-17 00:00:00,0.9,2010-06-17 00:00:00,0.9,0.9,8,32400,29160,2010-06-17 00:00:00,1
2010-06-21 00:00:00,2010-06-21 00:00:00,0.9,2010-06-21 00:00:00,0.9,0.9,3,11900,10710,2010-06-21 00:00:00,1
2010-06-22 00:00:00,2010-06-22 00:00:00,1.1,2010-06-22 00:00:00,1,1,97,4013800,4289300,2010-06-22 00:00:00,1
2010-06-23 00:00:00,2010-06-23 00:00:00,1.1,2010-06-23 00:00:00,1,1,37,577000,578000,2010-06-23 00:00:00,1
2010-06-24 00:00:00,2010-06-24 00:00:00,1,2010-06-24 00:00:00,1,1,7,24100,24100,2010-06-24 00:00:00,1
2010-06-29 00:00:00,2010-06-29 00:00:00,1,2010-06-29 00:00:00,0.9,0.9,7,70300,64770,2010-06-29 00:00:00,1
2010-06-30 00:00:00,2010-06-30 00:00:00,1.1,2010-06-30 00:00:00,1,1.1,77,1471500,1577020,2010-06-30 00:00:00,1
2010-07-01 00:00:00,2010-07-01 00:00:00,3.4,2010-07-01 00:00:00,1.1,2.9,4184,130168900,293788360,2010-07-01 00:00:00,1
2010-07-02 00:00:00,2010-07-02 00:00:00,4.4,2010-07-02 00:00:00,3.5,3.7,2326,56844200,221562230,2010-07-02 00:00:00,1
2010-07-05 00:00:00,2010-07-05 00:00:00,3.7,2010-07-05 00:00:00,2.8,3.4,1326,32403400,106942650,2010-07-05 00:00:00,1
2010-07-06 00:00:00,2010-07-06 00:00:00,3.7,2010-07-06 00:00:00,3.1,3.1,770,16499100,54544750,2010-07-06 00:00:00,1
2010-07-07 00:00:00,2010-07-07 00:00:00,3,2010-07-07 00:00:00,2,2.2,959,14267800,32908620,2010-07-07 00:00:00,1
2010-07-08 00:00:00,2010-07-08 00:00:00,2.3,2010-07-08 00:00:00,1.9,2,332,7367600,15165770,2010-07-08 00:00:00,1
2010-07-09 00:00:00,2010-07-09 00:00:00,1.9,2010-07-09 00:00:00,1.6,1.7,199,2723300,4668530,2010-07-09 00:00:00,1
2010-07-12 00:00:00,2010-07-12 00:00:00,2,2010-07-12 00:00:00,1.6,1.7,189,2588700,4621980,2010-07-12 00:00:00,1
2010-07-13 00:00:00,2010-07-13 00:00:00,1.7,2010-07-13 00:00:00,1.6,1.6,56,611400,999900,2010-07-13 00:00:00,1
2010-07-14 00:00:00,2010-07-14 00:00:00,1.8,2010-07-14 00:00:00,1.7,1.7,113,1168700,2062280,2010-07-14 00:00:00,1
2010-07-15 00:00:00,2010-07-15 00:00:00,1.8,2010-07-15 00:00:00,1.6,1.7,47,594200,1009250,2010-07-15 00:00:00,1
2010-07-16 00:00:00,2010-07-16 00:00:00,1.7,2010-07-16 00:00:00,1.6,1.6,103,1664800,2683600,2010-07-16 00:00:00,1
2010-07-19 00:00:00,2010-07-19 00:00:00,2.6,2010-07-19 00:00:00,1.7,2.4,1219,22438700,51294130,2010-07-19 00:00:00,1
2010-07-20 00:00:00,2010-07-20 00:00:00,3,2010-07-20 00:00:00,2.6,2.6,1036,17682300,48518030,2010-07-20 00:00:00,1
2010-07-21 00:00:00,2010-07-21 00:00:00,2.7,2010-07-21 00:00:00,2.3,2.4,289,2472800,6017110,2010-07-21 00:00:00,1
2010-07-22 00:00:00,2010-07-22 00:00:00,2.7,2010-07-22 00:00:00,2.4,2.5,276,3549600,9159500,2010-07-22 00:00:00,1
2010-07-23 00:00:00,2010-07-23 00:00:00,2.5,2010-07-23 00:00:00,2.4,2.4,98,904900,2197400,2010-07-23 00:00:00,1
2010-07-26 00:00:00,2010-07-26 00:00:00,2.4,2010-07-26 00:00:00,2.3,2.3,70,544500,1268280,2010-07-26 00:00:00,1
2010-07-27 00:00:00,2010-07-27 00:00:00,2.5,2010-07-27 00:00:00,2.3,2.4,199,2231600,5401560,2010-07-27 00:00:00,1
2010-07-28 00:00:00,2010-07-28 00:00:00,2.6,2010-07-28 00:00:00,2.3,2.3,102,905100,2208070,2010-07-28 00:00:00,1
2010-07-29 00:00:00,2010-07-29 00:00:00,2.5,2010-07-29 00:00:00,2.3,2.3,64,578700,1340130,2010-07-29 00:00:00,1
2010-07-30 00:00:00,2010-07-30 00:00:00,3.2,2010-07-30 00:00:00,2.3,3,1137,28059300,80712010,2010-07-30 00:00:00,1
2010-08-02 00:00:00,2010-08-02 00:00:00,4.7,2010-08-02 00:00:00,2.9,4.3,2844,70810500,277503240,2010-08-02 00:00:00,1
2010-08-03 00:00:00,2010-08-03 00:00:00,6.4,2010-08-03 00:00:00,4.4,4.9,3008,56377800,310799190,2010-08-03 00:00:00,1
2010-08-05 00:00:00,2010-08-05 00:00:00,4.5,2010-08-05 00:00:00,4.5,4.5,33,225900,1016550,2010-08-05 00:00:00,1
2010-08-06 00:00:00,2010-08-06 00:00:00,4.1,2010-08-06 00:00:00,4.1,4.1,57,311000,1275100,2010-08-06 00:00:00,1
2010-08-09 00:00:00,2010-08-09 00:00:00,3.7,2010-08-09 00:00:00,3.7,3.7,4,4800,17760,2010-08-09 00:00:00,1
2010-08-10 00:00:00,2010-08-10 00:00:00,3.6,2010-08-10 00:00:00,3.4,3.5,406,7677500,26421120,2010-08-10 00:00:00,1
2010-08-11 00:00:00,2010-08-11 00:00:00,3.5,2010-08-11 00:00:00,3.2,3.2,130,1167000,3775190,2010-08-11 00:00:00,1
2010-08-12 00:00:00,2010-08-12 00:00:00,3.2,2010-08-12 00:00:00,2.9,2.9,14,41700,121530,2010-08-12 00:00:00,1
2010-08-13 00:00:00,2010-08-13 00:00:00,2.7,2010-08-13 00:00:00,2.7,2.7,32,66400,179280,2010-08-13 00:00:00,1
2010-08-16 00:00:00,2010-08-16 00:00:00,2.6,2010-08-16 00:00:00,2.5,2.5,128,1687000,4217810,2010-08-16 00:00:00,1
2010-08-17 00:00:00,2010-08-17 00:00:00,2.7,2010-08-17 00:00:00,2.3,2.4,178,3171900,7604310,2010-08-17 00:00:00,1
2010-08-18 00:00:00,2010-08-18 00:00:00,2.6,2010-08-18 00:00:00,2.6,2.6,121,1160300,3016780,2010-08-18 00:00:00,1
2010-08-19 00:00:00,2010-08-19 00:00:00,2.8,2010-08-19 00:00:00,2.8,2.8,55,274000,767200,2010-08-19 00:00:00,1
2010-08-20 00:00:00,2010-08-20 00:00:00,3,2010-08-20 00:00:00,2.7,3,361,4185000,12373050,2010-08-20 00:00:00,1
2010-08-23 00:00:00,2010-08-23 00:00:00,3.3,2010-08-23 00:00:00,3,3.3,410,3434400,10959390,2010-08-23 00:00:00,1
2010-08-25 00:00:00,2010-08-25 00:00:00,3.6,2010-08-25 00:00:00,3.5,3.6,340,4051300,14430300,2010-08-25 00:00:00,1
2010-08-26 00:00:00,2010-08-26 00:00:00,3.9,2010-08-26 00:00:00,3.3,3.4,500,3618100,12589320,2010-08-26 00:00:00,1
2010-08-27 00:00:00,2010-08-27 00:00:00,3.5,2010-08-27 00:00:00,3.1,3.1,171,1139900,3618070,2010-08-27 00:00:00,1
2010-08-30 00:00:00,2010-08-30 00:00:00,3.2,2010-08-30 00:00:00,2.9,2.9,106,419700,1237880,2010-08-30 00:00:00,1
2010-08-31 00:00:00,2010-08-31 00:00:00,3.1,2010-08-31 00:00:00,2.7,3.1,158,862200,2473200,2010-08-31 00:00:00,1
2010-09-01 00:00:00,2010-09-01 00:00:00,3.4,2010-09-01 00:00:00,2.9,3.1,160,1382800,4370720,2010-09-01 00:00:00,1
2010-09-02 00:00:00,2010-09-02 00:00:00,3.2,2010-09-02 00:00:00,3,3.2,124,863000,2719390,2010-09-02 00:00:00,1
2010-09-03 00:00:00,2010-09-03 00:00:00,3.3,2010-09-03 00:00:00,3,3,88,1025800,3114920,2010-09-03 00:00:00,1
2010-09-06 00:00:00,2010-09-06 00:00:00,3,2010-09-06 00:00:00,2.8,2.9,104,824600,2425420,2010-09-06 00:00:00,1
2010-09-07 00:00:00,2010-09-07 00:00:00,3.1,2010-09-07 00:00:00,2.9,2.9,126,1031700,3076300,2010-09-07 00:00:00,1
2010-09-08 00:00:00,2010-09-08 00:00:00,3.1,2010-09-08 00:00:00,2.9,3,69,567900,1699480,2010-09-08 00:00:00,1
2010-09-09 00:00:00,2010-09-09 00:00:00,3,2010-09-09 00:00:00,2.9,2.9,74,547800,1608480,2010-09-09 00:00:00,1
2010-09-13 00:00:00,2010-09-13 00:00:00,3,2010-09-13 00:00:00,2.8,2.8,107,826100,2349760,2010-09-13 00:00:00,1
2010-09-14 00:00:00,2010-09-14 00:00:00,2.9,2010-09-14 00:00:00,2.7,2.8,80,780900,2168910,2010-09-14 00:00:00,1
2010-09-15 00:00:00,2010-09-15 00:00:00,2.8,2010-09-15 00:00:00,2.6,2.7,119,1120700,3037270,2010-09-15 00:00:00,1
2010-09-16 00:00:00,2010-09-16 00:00:00,2.9,2010-09-16 00:00:00,2.6,2.9,90,582900,1642790,2010-09-16 00:00:00,1
2010-09-17 00:00:00,2010-09-17 00:00:00,3.1,2010-09-17 00:00:00,2.9,3.1,180,1683100,5200250,2010-09-17 00:00:00,1
2010-09-20 00:00:00,2010-09-20 00:00:00,3.5,2010-09-20 00:00:00,3,3.1,213,2754500,8906050,2010-09-20 00:00:00,1
2010-09-21 00:00:00,2010-09-21 00:00:00,3.1,2010-09-21 00:00:00,2.9,3,139,932200,2743780,2010-09-21 00:00:00,1
2010-09-23 00:00:00,2010-09-23 00:00:00,2.9,2010-09-23 00:00:00,2.7,2.7,160,1419800,3936940,2010-09-23 00:00:00,1
2010-09-24 00:00:00,2010-09-24 00:00:00,2.8,2010-09-24 00:00:00,2.5,2.6,166,1318200,3432260,2010-09-24 00:00:00,1
2010-09-27 00:00:00,2010-09-27 00:00:00,2.8,2010-09-27 00:00:00,2.5,2.6,137,1062000,2878030,2010-09-27 00:00:00,1
2010-09-28 00:00:00,2010-09-28 00:00:00,2.6,2010-09-28 00:00:00,2.5,2.5,84,719000,1799120,2010-09-28 00:00:00,1
2010-09-29 00:00:00,2010-09-29 00:00:00,2.8,2010-09-29 00:00:00,2.5,2.6,84,456300,1207990,2010-09-29 00:00:00,1
2010-09-30 00:00:00,2010-09-30 00:00:00,2.7,2010-09-30 00:00:00,2.5,2.6,59,314800,819190,2010-09-30 00:00:00,1
2010-10-01 00:00:00,2010-10-01 00:00:00,2.7,2010-10-01 00:00:00,2.5,2.6,72,409100,1061690,2010-10-01 00:00:00,1
2010-10-04 00:00:00,2010-10-04 00:00:00,2.7,2010-10-04 00:00:00,2.4,2.4,101,603600,1497060,2010-10-04 00:00:00,1
2010-10-05 00:00:00,2010-10-05 00:00:00,2.4,2010-10-05 00:00:00,2.2,2.3,76,470200,1074560,2010-10-05 00:00:00,1
2010-10-06 00:00:00,2010-10-06 00:00:00,2.3,2010-10-06 00:00:00,2.1,2.2,49,399300,877560,2010-10-06 00:00:00,1
2010-10-07 00:00:00,2010-10-07 00:00:00,2.3,2010-10-07 00:00:00,2.1,2.2,38,341100,747720,2010-10-07 00:00:00,1
2010-10-08 00:00:00,2010-10-08 00:00:00,2.4,2010-10-08 00:00:00,2.2,2.4,77,349600,808210,2010-10-08 00:00:00,1
2010-10-11 00:00:00,2010-10-11 00:00:00,2.5,2010-10-11 00:00:00,2.3,2.3,42,170300,404160,2010-10-11 00:00:00,1
2010-10-12 00:00:00,2010-10-12 00:00:00,2.3,2010-10-12 00:00:00,2.1,2.1,32,225400,485090,2010-10-12 00:00:00,1
2010-10-13 00:00:00,2010-10-13 00:00:00,2.3,2010-10-13 00:00:00,1.8,2.2,78,747900,1532320,2010-10-13 00:00:00,1
2010-10-14 00:00:00,2010-10-14 00:00:00,2.3,2010-10-14 00:00:00,2,2,86,455700,929060,2010-10-14 00:00:00,1
2010-10-15 00:00:00,2010-10-15 00:00:00,2.4,2010-10-15 00:00:00,2,2.3,145,991300,2233530,2010-10-15 00:00:00,1
2010-10-18 00:00:00,2010-10-18 00:00:00,2.6,2010-10-18 00:00:00,2.3,2.3,97,997500,2396780,2010-10-18 00:00:00,1
2010-10-19 00:00:00,2010-10-19 00:00:00,2.3,2010-10-19 00:00:00,2.1,2.2,43,149800,333400,2010-10-19 00:00:00,1
2010-10-20 00:00:00,2010-10-20 00:00:00,2.2,2010-10-20 00:00:00,2.1,2.1,36,97500,207390,2010-10-20 00:00:00,1
2010-10-21 00:00:00,2010-10-21 00:00:00,2.2,2010-10-21 00:00:00,2.1,2.1,41,241000,508160,2010-10-21 00:00:00,1
2010-10-25 00:00:00,2010-10-25 00:00:00,2.1,2010-10-25 00:00:00,2,2,45,413000,838390,2010-10-25 00:00:00,1
2010-10-26 00:00:00,2010-10-26 00:00:00,2.1,2010-10-26 00:00:00,1.9,2,23,128400,258050,2010-10-26 00:00:00,1
2010-10-27 00:00:00,2010-10-27 00:00:00,2,2010-10-27 00:00:00,1.9,2,25,151800,292130,2010-10-27 00:00:00,1
2010-10-28 00:00:00,2010-10-28 00:00:00,2,2010-10-28 00:00:00,1.9,1.9,29,336500,639400,2010-10-28 00:00:00,1
2010-10-29 00:00:00,2010-10-29 00:00:00,2.1,2010-10-29 00:00:00,1.9,2,95,745900,1500890,2010-10-29 00:00:00,1
2010-11-01 00:00:00,2010-11-01 00:00:00,2.1,2010-11-01 00:00:00,1.9,2,29,183000,367900,2010-11-01 00:00:00,1
2010-11-02 00:00:00,2010-11-02 00:00:00,2.5,2010-11-02 00:00:00,2,2.4,423,4449300,10595300,2010-11-02 00:00:00,1
2010-11-03 00:00:00,2010-11-03 00:00:00,2.5,2010-11-03 00:00:00,2.2,2.3,78,231600,546730,2010-11-03 00:00:00,1
2010-11-04 00:00:00,2010-11-04 00:00:00,2.3,2010-11-04 00:00:00,2.1,2.1,53,560600,1212330,2010-11-04 00:00:00,1
2010-11-08 00:00:00,2010-11-08 00:00:00,2.2,2010-11-08 00:00:00,2.1,2.2,55,500900,1100860,2010-11-08 00:00:00,1
2010-11-09 00:00:00,2010-11-09 00:00:00,2.3,2010-11-09 00:00:00,2.1,2.1,39,291000,614800,2010-11-09 00:00:00,1
2010-11-10 00:00:00,2010-11-10 00:00:00,2.1,2010-11-10 00:00:00,2,2.1,90,933800,1888990,2010-11-10 00:00:00,1
2010-11-11 00:00:00,2010-11-11 00:00:00,2.1,2010-11-11 00:00:00,2,2,26,193100,386440,2010-11-11 00:00:00,1
2010-11-12 00:00:00,2010-11-12 00:00:00,2.1,2010-11-12 00:00:00,1.9,2,64,466000,933000,2010-11-12 00:00:00,1
2010-11-15 00:00:00,2010-11-15 00:00:00,2,2010-11-15 00:00:00,1.9,1.9,55,491400,935910,2010-11-15 00:00:00,1
2010-11-16 00:00:00,2010-11-16 00:00:00,1.9,2010-11-16 00:00:00,1.8,1.8,128,1292800,2375190,2010-11-16 00:00:00,1
2010-11-18 00:00:00,2010-11-18 00:00:00,1.9,2010-11-18 00:00:00,1.7,1.8,182,1357800,2432180,2010-11-18 00:00:00,1
2010-11-22 00:00:00,2010-11-22 00:00:00,1.9,2010-11-22 00:00:00,1.6,1.8,143,1043500,1876180,2010-11-22 00:00:00,1
2010-11-23 00:00:00,2010-11-23 00:00:00,1.9,2010-11-23 00:00:00,1.7,1.7,56,268700,468280,2010-11-23 00:00:00,1
2010-11-24 00:00:00,2010-11-24 00:00:00,1.8,2010-11-24 00:00:00,1.7,1.7,35,204200,348650,2010-11-24 00:00:00,1
2010-11-25 00:00:00,2010-11-25 00:00:00,1.7,2010-11-25 00:00:00,1.6,1.6,42,380100,635570,2010-11-25 00:00:00,1
2010-11-26 00:00:00,2010-11-26 00:00:00,1.7,2010-11-26 00:00:00,1.6,1.6,30,128700,208440,2010-11-26 00:00:00,1
2010-11-29 00:00:00,2010-11-29 00:00:00,1.7,2010-11-29 00:00:00,1.5,1.6,75,2465100,3945080,2010-11-29 00:00:00,1
2010-11-30 00:00:00,2010-11-30 00:00:00,1.8,2010-11-30 00:00:00,1.6,1.7,84,799800,1374090,2010-11-30 00:00:00,1
2010-12-01 00:00:00,2010-12-01 00:00:00,1.9,2010-12-01 00:00:00,1.6,1.8,116,1729700,3109220,2010-12-01 00:00:00,1
2010-12-02 00:00:00,2010-12-02 00:00:00,2.1,2010-12-02 00:00:00,1.8,1.8,154,3490600,6764890,2010-12-02 00:00:00,1
2010-12-03 00:00:00,2010-12-03 00:00:00,2,2010-12-03 00:00:00,1.8,1.9,91,1443400,2735030,2010-12-03 00:00:00,1
2010-12-06 00:00:00,2010-12-06 00:00:00,2,2010-12-06 00:00:00,1.7,1.7,41,697500,1238280,2010-12-06 00:00:00,1
2010-12-07 00:00:00,2010-12-07 00:00:00,1.9,2010-12-07 00:00:00,1.7,1.8,43,331400,588010,2010-12-07 00:00:00,1
2010-12-08 00:00:00,2010-12-08 00:00:00,2.1,2010-12-08 00:00:00,1.7,1.9,216,4598500,9059530,2010-12-08 00:00:00,1
2010-12-09 00:00:00,2010-12-09 00:00:00,2.1,2010-12-09 00:00:00,1.9,2,116,960800,1916150,2010-12-09 00:00:00,1
2010-12-10 00:00:00,2010-12-10 00:00:00,2.4,2010-12-10 00:00:00,2,2.2,465,8973600,20069930,2010-12-10 00:00:00,1
2010-12-13 00:00:00,2010-12-13 00:00:00,2.2,2010-12-13 00:00:00,2,2,135,2150300,4409540,2010-12-13 00:00:00,1
2010-12-14 00:00:00,2010-12-14 00:00:00,2.2,2010-12-14 00:00:00,1.7,1.8,212,6163300,11520950,2010-12-14 00:00:00,1
2010-12-15 00:00:00,2010-12-15 00:00:00,2,2010-12-15 00:00:00,1.9,1.9,30,268900,534560,2010-12-15 00:00:00,1
2010-12-16 00:00:00,2010-12-16 00:00:00,2,2010-12-16 00:00:00,1.8,1.9,53,889100,1694710,2010-12-16 00:00:00,1
2010-12-17 00:00:00,2010-12-17 00:00:00,1.9,2010-12-17 00:00:00,1.8,1.9,39,698800,1317940,2010-12-17 00:00:00,1
2010-12-21 00:00:00,2010-12-21 00:00:00,2,2010-12-21 00:00:00,1.9,1.9,10,73700,142240,2010-12-21 00:00:00,1
2010-12-22 00:00:00,2010-12-22 00:00:00,2.1,2010-12-22 00:00:00,1.9,2,137,1867400,3732040,2010-12-22 00:00:00,1
2010-12-23 00:00:00,2010-12-23 00:00:00,2.1,2010-12-23 00:00:00,2,2,46,537300,1075600,2010-12-23 00:00:00,1
2010-12-24 00:00:00,2010-12-24 00:00:00,2.1,2010-12-24 00:00:00,1.9,1.9,15,376700,753230,2010-12-24 00:00:00,1
2010-12-27 00:00:00,2010-12-27 00:00:00,2,2010-12-27 00:00:00,1.9,2,60,999800,1951980,2010-12-27 00:00:00,1
2010-12-28 00:00:00,2010-12-28 00:00:00,2,2010-12-28 00:00:00,1.9,1.9,21,195000,375770,2010-12-28 00:00:00,1
2010-12-29 00:00:00,2010-12-29 00:00:00,2,2010-12-29 00:00:00,1.9,1.9,15,149500,289050,2010-12-29 00:00:00,1
2010-12-30 00:00:00,2010-12-30 00:00:00,1.9,2010-12-30 00:00:00,1.6,1.8,499,10961200,19354540,2010-12-30 00:00:00,1
2010-12-31 00:00:00,2010-12-31 00:00:00,1.9,2010-12-31 00:00:00,1.7,1.8,93,858700,1556100,2010-12-31 00:00:00,1
Company Id :  BOGA,,Security Type :  N,,Sub Type :  0000,,,,,,
Short Name :  BOGALA GRAPHITE,,,,,,,,,,
Day,Date High,High,Date Low,Low,Closing,No. of Trades,No. of Shares,Turnover,Last Traded,Days Traded
2010-01-04 00:00:00,2010-01-04 00:00:00,18,2010-01-04 00:00:00,18,18,4,6000,108000,2010-01-04 00:00:00,1
2010-01-05 00:00:00,2010-01-05 00:00:00,18,2010-01-05 00:00:00,17.5,17.5,5,3300,57900,2010-01-05 00:00:00,1
2010-01-06 00:00:00,2010-01-06 00:00:00,18,2010-01-06 00:00:00,18,18,4,1800,32400,2010-01-06 00:00:00,1
2010-01-07 00:00:00,2010-01-07 00:00:00,18.25,2010-01-07 00:00:00,17.5,18.25,7,2200,39325,2010-01-07 00:00:00,1
2010-01-08 00:00:00,2010-01-08 00:00:00,19.5,2010-01-08 00:00:00,18,18.75,15,19900,370725,2010-01-08 00:00:00,1
2010-01-11 00:00:00,2010-01-11 00:00:00,18.75,2010-01-11 00:00:00,18.75,18.75,3,2500,46875,2010-01-11 00:00:00,1
2010-01-12 00:00:00,2010-01-12 00:00:00,18,2010-01-12 00:00:00,18,18,1,500,9000,2010-01-12 00:00:00,1
2010-01-13 00:00:00,2010-01-13 00:00:00,18,2010-01-13 00:00:00,18,18,7,3900,70200,2010-01-13 00:00:00,1
2010-01-15 00:00:00,2010-01-15 00:00:00,20,2010-01-15 00:00:00,17.75,18.75,17,13900,271950,2010-01-15 00:00:00,1
2010-01-18 00:00:00,2010-01-18 00:00:00,18.25,2010-01-18 00:00:00,18,18,5,2700,49225,2010-01-18 00:00:00,1
2010-01-19 00:00:00,2010-01-19 00:00:00,18.5,2010-01-19 00:00:00,18,18.5,4,1400,25800,2010-01-19 00:00:00,1
2010-01-20 00:00:00,2010-01-20 00:00:00,18.25,2010-01-20 00:00:00,18,18,4,1500,27075,2010-01-20 00:00:00,1
2010-01-21 00:00:00,2010-01-21 00:00:00,18.5,2010-01-21 00:00:00,18.5,18.5,2,600,11100,2010-01-21 00:00:00,1
2010-01-22 00:00:00,2010-01-22 00:00:00,19.25,2010-01-22 00:00:00,18,19.25,10,7000,131450,2010-01-22 00:00:00,1
2010-01-25 00:00:00,2010-01-25 00:00:00,18.5,2010-01-25 00:00:00,18.5,18.5,4,1400,25900,2010-01-25 00:00:00,1
2010-01-26 00:00:00,2010-01-26 00:00:00,18.5,2010-01-26 00:00:00,18.5,18.5,1,1000,18500,2010-01-26 00:00:00,1
2010-01-28 00:00:00,2010-01-28 00:00:00,20.5,2010-01-28 00:00:00,19.25,20,28,33200,664300,2010-01-28 00:00:00,1
2010-02-01 00:00:00,2010-02-01 00:00:00,19.25,2010-02-01 00:00:00,19,19,2,1200,22850,2010-02-01 00:00:00,1
2010-02-02 00:00:00,2010-02-02 00:00:00,20,2010-02-02 00:00:00,19.5,20,34,25700,509650,2010-02-02 00:00:00,1
2010-02-03 00:00:00,2010-02-03 00:00:00,20.5,2010-02-03 00:00:00,20,20.25,12,5000,101550,2010-02-03 00:00:00,1
2010-02-05 00:00:00,2010-02-05 00:00:00,21.5,2010-02-05 00:00:00,20,21,34,19000,396100,2010-02-05 00:00:00,1
2010-02-08 00:00:00,2010-02-08 00:00:00,21.5,2010-02-08 00:00:00,20,21,8,4200,88200,2010-02-08 00:00:00,1
2010-02-09 00:00:00,2010-02-09 00:00:00,20.75,2010-02-09 00:00:00,19.5,19.5,10,6600,130750,2010-02-09 00:00:00,1
2010-02-10 00:00:00,2010-02-10 00:00:00,21,2010-02-10 00:00:00,19.25,19.25,15,12400,242925,2010-02-10 00:00:00,1
2010-02-11 00:00:00,2010-02-11 00:00:00,20,2010-02-11 00:00:00,19,19,6,2600,49700,2010-02-11 00:00:00,1
2010-02-12 00:00:00,2010-02-12 00:00:00,20,2010-02-12 00:00:00,19,19.25,7,5700,109900,2010-02-12 00:00:00,1
2010-02-15 00:00:00,2010-02-15 00:00:00,19.75,2010-02-15 00:00:00,18.5,19.25,2,6500,125250,2010-02-15 00:00:00,1
2010-02-16 00:00:00,2010-02-16 00:00:00,19.5,2010-02-16 00:00:00,18.25,19.5,7,4200,79775,2010-02-16 00:00:00,1
2010-02-17 00:00:00,2010-02-17 00:00:00,19.5,2010-02-17 00:00:00,18.25,19,9,11700,223925,2010-02-17 00:00:00,1
2010-02-19 00:00:00,2010-02-19 00:00:00,19.25,2010-02-19 00:00:00,18.5,19,4,1800,33600,2010-02-19 00:00:00,1
2010-02-22 00:00:00,2010-02-22 00:00:00,19,2010-02-22 00:00:00,19,19,1,100,1900,2010-02-22 00:00:00,1
2010-02-23 00:00:00,2010-02-23 00:00:00,19,2010-02-23 00:00:00,18,19,7,2600,46950,2010-02-23 00:00:00,1
2010-02-24 00:00:00,2010-02-24 00:00:00,19.75,2010-02-24 00:00:00,18.25,19.75,2,1000,19000,2010-02-24 00:00:00,1
2010-02-25 00:00:00,2010-02-25 00:00:00,19.25,2010-02-25 00:00:00,18,19.25,6,1600,29550,2010-02-25 00:00:00,1
2010-03-02 00:00:00,2010-03-02 00:00:00,19,2010-03-02 00:00:00,18.5,18.5,8,3600,66700,2010-03-02 00:00:00,1
2010-03-03 00:00:00,2010-03-03 00:00:00,18.5,2010-03-03 00:00:00,18.5,18.5,3,2200,40700,2010-03-03 00:00:00,1
2010-03-04 00:00:00,2010-03-04 00:00:00,18.25,2010-03-04 00:00:00,18.25,18.25,2,500,9125,2010-03-04 00:00:00,1
2010-03-08 00:00:00,2010-03-08 00:00:00,18.25,2010-03-08 00:00:00,18.25,18.25,1,100,1825,2010-03-08 00:00:00,1
2010-03-09 00:00:00,2010-03-09 00:00:00,21.25,2010-03-09 00:00:00,18.5,20,140,142900,2927400,2010-03-09 00:00:00,1
2010-03-10 00:00:00,2010-03-10 00:00:00,20.75,2010-03-10 00:00:00,19.75,19.75,10,4700,96700,2010-03-10 00:00:00,1
2010-03-11 00:00:00,2010-03-11 00:00:00,19,2010-03-11 00:00:00,19,19,2,600,11400,2010-03-11 00:00:00,1
2010-03-12 00:00:00,2010-03-12 00:00:00,19,2010-03-12 00:00:00,19,19,4,500,9500,2010-03-12 00:00:00,1
2010-03-15 00:00:00,2010-03-15 00:00:00,20.5,2010-03-15 00:00:00,20,20,21,22000,441350,2010-03-15 00:00:00,1
2010-03-16 00:00:00,2010-03-16 00:00:00,20,2010-03-16 00:00:00,20,20,2,10000,200000,2010-03-16 00:00:00,1
2010-03-17 00:00:00,2010-03-17 00:00:00,20,2010-03-17 00:00:00,20,20,2,1600,32000,2010-03-17 00:00:00,1
2010-03-19 00:00:00,2010-03-19 00:00:00,19.5,2010-03-19 00:00:00,19,19,8,3000,57525,2010-03-19 00:00:00,1
2010-03-23 00:00:00,2010-03-23 00:00:00,18.75,2010-03-23 00:00:00,18.75,18.75,2,300,5625,2010-03-23 00:00:00,1
2010-03-24 00:00:00,2010-03-24 00:00:00,19.25,2010-03-24 00:00:00,18.5,18.75,7,5100,95250,2010-03-24 00:00:00,1
2010-03-25 00:00:00,2010-03-25 00:00:00,18.5,2010-03-25 00:00:00,18.25,18.5,3,900,16550,2010-03-25 00:00:00,1
2010-03-26 00:00:00,2010-03-26 00:00:00,19.5,2010-03-26 00:00:00,19.5,19.5,1,3000,58500,2010-03-26 00:00:00,1
2010-03-30 00:00:00,2010-03-30 00:00:00,19,2010-03-30 00:00:00,18.25,18.5,3,1200,22275,2010-03-30 00:00:00,1
2010-04-05 00:00:00,2010-04-05 00:00:00,19.75,2010-04-05 00:00:00,19.5,19.75,2,500,9825,2010-04-05 00:00:00,1
2010-04-06 00:00:00,2010-04-06 00:00:00,19.75,2010-04-06 00:00:00,19.25,19.75,15,5800,113250,2010-04-06 00:00:00,1
2010-04-07 00:00:00,2010-04-07 00:00:00,19.5,2010-04-07 00:00:00,19.5,19.5,2,5100,99450,2010-04-07 00:00:00,1
2010-04-08 00:00:00,2010-04-08 00:00:00,19.25,2010-04-08 00:00:00,19.25,19.25,1,100,1925,2010-04-08 00:00:00,1
2010-04-12 00:00:00,2010-04-12 00:00:00,20.5,2010-04-12 00:00:00,19.5,20.5,17,6300,127775,2010-04-12 00:00:00,1
2010-04-15 00:00:00,2010-04-15 00:00:00,21.25,2010-04-15 00:00:00,20.5,20.5,38,68700,1427500,2010-04-15 00:00:00,1
2010-04-16 00:00:00,2010-04-16 00:00:00,20.5,2010-04-16 00:00:00,20.5,20.5,5,5800,118900,2010-04-16 00:00:00,1
2010-04-19 00:00:00,2010-04-19 00:00:00,20.25,2010-04-19 00:00:00,20.25,20.25,1,200,4050,2010-04-19 00:00:00,1
2010-04-20 00:00:00,2010-04-20 00:00:00,21,2010-04-20 00:00:00,20.25,20.5,13,10700,220475,2010-04-20 00:00:00,1
2010-04-21 00:00:00,2010-04-21 00:00:00,20.5,2010-04-21 00:00:00,20.25,20.5,6,2100,43000,2010-04-21 00:00:00,1
2010-04-22 00:00:00,2010-04-22 00:00:00,20,2010-04-22 00:00:00,19,19.75,11,10900,213975,2010-04-22 00:00:00,1
2010-04-23 00:00:00,2010-04-23 00:00:00,20,2010-04-23 00:00:00,19,19.5,10,5200,101550,2010-04-23 00:00:00,1
2010-04-26 00:00:00,2010-04-26 00:00:00,21.25,2010-04-26 00:00:00,19.75,20.25,14,12200,251125,2010-04-26 00:00:00,1
2010-04-27 00:00:00,2010-04-27 00:00:00,22,2010-04-27 00:00:00,20.75,21,67,31700,684325,2010-04-27 00:00:00,1
2010-04-29 00:00:00,2010-04-29 00:00:00,21.5,2010-04-29 00:00:00,21,21.25,12,13300,279550,2010-04-29 00:00:00,1
2010-04-30 00:00:00,2010-04-30 00:00:00,28,2010-04-30 00:00:00,21.75,24.5,397,411300,10632600,2010-04-30 00:00:00,1
2010-05-03 00:00:00,2010-05-03 00:00:00,26,2010-05-03 00:00:00,24.5,24.75,86,47100,1180275,2010-05-03 00:00:00,1
2010-05-04 00:00:00,2010-05-04 00:00:00,25,2010-05-04 00:00:00,23,23.75,32,26700,637950,2010-05-04 00:00:00,1
2010-05-05 00:00:00,2010-05-05 00:00:00,24,2010-05-05 00:00:00,22.75,23,10,4900,114025,2010-05-05 00:00:00,1
2010-05-06 00:00:00,2010-05-06 00:00:00,24,2010-05-06 00:00:00,23,23,27,20400,473925,2010-05-06 00:00:00,1
2010-05-07 00:00:00,2010-05-07 00:00:00,23.75,2010-05-07 00:00:00,22,22.5,9,4000,91200,2010-05-07 00:00:00,1
2010-05-10 00:00:00,2010-05-10 00:00:00,23,2010-05-10 00:00:00,20.25,21.25,23,15400,329275,2010-05-10 00:00:00,1
2010-05-11 00:00:00,2010-05-11 00:00:00,22.75,2010-05-11 00:00:00,22,22,13,8800,196700,2010-05-11 00:00:00,1
2010-05-12 00:00:00,2010-05-12 00:00:00,22,2010-05-12 00:00:00,21,21,6,4600,97500,2010-05-12 00:00:00,1
2010-05-13 00:00:00,2010-05-13 00:00:00,22.25,2010-05-13 00:00:00,20.5,21.5,12,20000,428500,2010-05-13 00:00:00,1
2010-05-17 00:00:00,2010-05-17 00:00:00,21,2010-05-17 00:00:00,20.25,20.25,7,4100,84200,2010-05-17 00:00:00,1
2010-05-18 00:00:00,2010-05-18 00:00:00,20.5,2010-05-18 00:00:00,20.5,20.5,1,200,4100,2010-05-18 00:00:00,1
2010-05-19 00:00:00,2010-05-19 00:00:00,20.5,2010-05-19 00:00:00,20.5,20.5,3,2100,43050,2010-05-19 00:00:00,1
2010-05-20 00:00:00,2010-05-20 00:00:00,22,2010-05-20 00:00:00,20.75,20.75,6,1500,31375,2010-05-20 00:00:00,1
2010-05-21 00:00:00,2010-05-21 00:00:00,20.25,2010-05-21 00:00:00,20,20,4,1700,34400,2010-05-21 00:00:00,1
2010-05-24 00:00:00,2010-05-24 00:00:00,20.75,2010-05-24 00:00:00,20,20,15,29800,597775,2010-05-24 00:00:00,1
2010-05-25 00:00:00,2010-05-25 00:00:00,22.25,2010-05-25 00:00:00,20.75,21,21,20300,444375,2010-05-25 00:00:00,1
2010-05-26 00:00:00,2010-05-26 00:00:00,21.75,2010-05-26 00:00:00,21,21.25,3,2000,42375,2010-05-26 00:00:00,1
2010-05-31 00:00:00,2010-05-31 00:00:00,22.75,2010-05-31 00:00:00,21.5,22,38,25000,549025,2010-05-31 00:00:00,1
2010-06-01 00:00:00,2010-06-01 00:00:00,23,2010-06-01 00:00:00,21.75,22,8,2500,55525,2010-06-01 00:00:00,1
2010-06-02 00:00:00,2010-06-02 00:00:00,22.5,2010-06-02 00:00:00,21.75,21.75,4,1600,35650,2010-06-02 00:00:00,1
2010-06-03 00:00:00,2010-06-03 00:00:00,21.5,2010-06-03 00:00:00,21.5,21.5,1,1000,21500,2010-06-03 00:00:00,1
2010-06-04 00:00:00,2010-06-04 00:00:00,22,2010-06-04 00:00:00,20,21.75,15,10000,211800,2010-06-04 00:00:00,1
2010-06-07 00:00:00,2010-06-07 00:00:00,22,2010-06-07 00:00:00,21.75,22,6,1700,37150,2010-06-07 00:00:00,1
2010-06-08 00:00:00,2010-06-08 00:00:00,22.75,2010-06-08 00:00:00,21.5,21.75,11,14800,329875,2010-06-08 00:00:00,1
2010-06-09 00:00:00,2010-06-09 00:00:00,23,2010-06-09 00:00:00,21.5,22.75,15,8300,184450,2010-06-09 00:00:00,1
2010-06-10 00:00:00,2010-06-10 00:00:00,22,2010-06-10 00:00:00,22,22,3,1100,24200,2010-06-10 00:00:00,1
2010-06-11 00:00:00,2010-06-11 00:00:00,23,2010-06-11 00:00:00,22,22.25,13,3900,86900,2010-06-11 00:00:00,1
2010-06-14 00:00:00,2010-06-14 00:00:00,22.75,2010-06-14 00:00:00,22,22.25,6,2900,64625,2010-06-14 00:00:00,1
2010-06-15 00:00:00,2010-06-15 00:00:00,22,2010-06-15 00:00:00,21.75,21.75,10,2700,59175,2010-06-15 00:00:00,1
2010-06-16 00:00:00,2010-06-16 00:00:00,25,2010-06-16 00:00:00,21.75,24,141,177700,4194875,2010-06-16 00:00:00,1
2010-06-17 00:00:00,2010-06-17 00:00:00,25.25,2010-06-17 00:00:00,24,24.75,35,31800,789075,2010-06-17 00:00:00,1
2010-06-21 00:00:00,2010-06-21 00:00:00,26.75,2010-06-21 00:00:00,25,25.5,80,87200,2256575,2010-06-21 00:00:00,1
2010-06-22 00:00:00,2010-06-22 00:00:00,25,2010-06-22 00:00:00,25,25,1,700,17500,2010-06-22 00:00:00,1
2010-06-23 00:00:00,2010-06-23 00:00:00,25,2010-06-23 00:00:00,23.5,24,5,6500,156000,2010-06-23 00:00:00,1
2010-06-24 00:00:00,2010-06-24 00:00:00,24.5,2010-06-24 00:00:00,23.75,23.75,5,5500,130700,2010-06-24 00:00:00,1
2010-06-28 00:00:00,2010-06-28 00:00:00,22.25,2010-06-28 00:00:00,22,22,7,12100,266725,2010-06-28 00:00:00,1
2010-06-29 00:00:00,2010-06-29 00:00:00,26.75,2010-06-29 00:00:00,23.5,25.5,72,87300,2240600,2010-06-29 00:00:00,1
2010-06-30 00:00:00,2010-06-30 00:00:00,29.75,2010-06-30 00:00:00,26,27,266,269600,7539075,2010-06-30 00:00:00,1
2010-07-01 00:00:00,2010-07-01 00:00:00,28,2010-07-01 00:00:00,24,27.5,37,35100,940225,2010-07-01 00:00:00,1
2010-07-02 00:00:00,2010-07-02 00:00:00,27.5,2010-07-02 00:00:00,25.5,27.5,16,11500,311025,2010-07-02 00:00:00,1
2010-07-05 00:00:00,2010-07-05 00:00:00,28,2010-07-05 00:00:00,24.75,26,33,42600,1141150,2010-07-05 00:00:00,1
2010-07-06 00:00:00,2010-07-06 00:00:00,28,2010-07-06 00:00:00,26,26.5,30,26400,718825,2010-07-06 00:00:00,1
2010-07-07 00:00:00,2010-07-07 00:00:00,25.5,2010-07-07 00:00:00,24.5,24.75,18,12500,311175,2010-07-07 00:00:00,1
2010-07-08 00:00:00,2010-07-08 00:00:00,27,2010-07-08 00:00:00,25,25,56,38500,992075,2010-07-08 00:00:00,1
2010-07-09 00:00:00,2010-07-09 00:00:00,26.5,2010-07-09 00:00:00,25,25,2,600,15150,2010-07-09 00:00:00,1
2010-07-12 00:00:00,2010-07-12 00:00:00,25.5,2010-07-12 00:00:00,24.25,24.5,9,8400,210200,2010-07-12 00:00:00,1
2010-07-13 00:00:00,2010-07-13 00:00:00,25.75,2010-07-13 00:00:00,24.25,25,24,19800,497025,2010-07-13 00:00:00,1
2010-07-14 00:00:00,2010-07-14 00:00:00,25.75,2010-07-14 00:00:00,24.5,25.5,12,8700,222275,2010-07-14 00:00:00,1
2010-07-15 00:00:00,2010-07-15 00:00:00,26,2010-07-15 00:00:00,24.75,24.75,13,3900,98450,2010-07-15 00:00:00,1
2010-07-16 00:00:00,2010-07-16 00:00:00,25,2010-07-16 00:00:00,24.5,24.5,11,18700,463675,2010-07-16 00:00:00,1
2010-07-19 00:00:00,2010-07-19 00:00:00,25,2010-07-19 00:00:00,24.25,25,12,19500,474875,2010-07-19 00:00:00,1
2010-07-20 00:00:00,2010-07-20 00:00:00,24.75,2010-07-20 00:00:00,24,24.75,8,2300,56200,2010-07-20 00:00:00,1
2010-07-21 00:00:00,2010-07-21 00:00:00,25.5,2010-07-21 00:00:00,24.75,25.25,16,14900,375825,2010-07-21 00:00:00,1
2010-07-22 00:00:00,2010-07-22 00:00:00,25,2010-07-22 00:00:00,24.5,24.75,9,6300,156000,2010-07-22 00:00:00,1
2010-07-23 00:00:00,2010-07-23 00:00:00,25.25,2010-07-23 00:00:00,24.75,25,19,11500,286700,2010-07-23 00:00:00,1
2010-07-26 00:00:00,2010-07-26 00:00:00,26.75,2010-07-26 00:00:00,25.5,26.25,82,67800,1771500,2010-07-26 00:00:00,1
2010-07-27 00:00:00,2010-07-27 00:00:00,27,2010-07-27 00:00:00,26.25,26.75,37,24400,651825,2010-07-27 00:00:00,1
2010-07-28 00:00:00,2010-07-28 00:00:00,27.25,2010-07-28 00:00:00,26.5,27,22,17200,462500,2010-07-28 00:00:00,1
2010-07-29 00:00:00,2010-07-29 00:00:00,27.25,2010-07-29 00:00:00,25,26.75,24,29100,764800,2010-07-29 00:00:00,1
2010-07-30 00:00:00,2010-07-30 00:00:00,27.75,2010-07-30 00:00:00,26.75,27.25,44,52800,1433025,2010-07-30 00:00:00,1
2010-08-02 00:00:00,2010-08-02 00:00:00,27.9,2010-08-02 00:00:00,25.7,25.7,15,10200,273220,2010-08-02 00:00:00,1
2010-08-03 00:00:00,2010-08-03 00:00:00,26.5,2010-08-03 00:00:00,25.9,26,4,1400,36450,2010-08-03 00:00:00,1
2010-08-04 00:00:00,2010-08-04 00:00:00,25.6,2010-08-04 00:00:00,25.2,25.2,8,6900,176120,2010-08-04 00:00:00,1
2010-08-05 00:00:00,2010-08-05 00:00:00,26,2010-08-05 00:00:00,23,25.7,22,15300,371710,2010-08-05 00:00:00,1
2010-08-06 00:00:00,2010-08-06 00:00:00,25,2010-08-06 00:00:00,23.5,24,13,8500,202270,2010-08-06 00:00:00,1
2010-08-09 00:00:00,2010-08-09 00:00:00,23.2,2010-08-09 00:00:00,22,22.1,11,7700,175190,2010-08-09 00:00:00,1
2010-08-10 00:00:00,2010-08-10 00:00:00,23,2010-08-10 00:00:00,19.9,23,4,500,10420,2010-08-10 00:00:00,1
2010-08-11 00:00:00,2010-08-11 00:00:00,24.8,2010-08-11 00:00:00,23.2,23.6,19,11200,264580,2010-08-11 00:00:00,1
2010-08-12 00:00:00,2010-08-12 00:00:00,23,2010-08-12 00:00:00,23,23,2,1800,41400,2010-08-12 00:00:00,1
2010-08-16 00:00:00,2010-08-16 00:00:00,23.5,2010-08-16 00:00:00,23.1,23.4,4,4300,100650,2010-08-16 00:00:00,1
2010-08-17 00:00:00,2010-08-17 00:00:00,24,2010-08-17 00:00:00,23.9,23.9,3,2300,55190,2010-08-17 00:00:00,1
2010-08-18 00:00:00,2010-08-18 00:00:00,24,2010-08-18 00:00:00,23.6,23.6,3,1600,37960,2010-08-18 00:00:00,1
2010-08-19 00:00:00,2010-08-19 00:00:00,24,2010-08-19 00:00:00,22.6,23.2,10,10200,235300,2010-08-19 00:00:00,1
2010-08-20 00:00:00,2010-08-20 00:00:00,23.3,2010-08-20 00:00:00,23.3,23.3,1,100,2330,2010-08-20 00:00:00,1
2010-08-23 00:00:00,2010-08-23 00:00:00,23.3,2010-08-23 00:00:00,23,23.3,5,2700,62850,2010-08-23 00:00:00,1
2010-08-25 00:00:00,2010-08-25 00:00:00,25,2010-08-25 00:00:00,22.7,24.7,34,21400,519850,2010-08-25 00:00:00,1
2010-08-26 00:00:00,2010-08-26 00:00:00,24.5,2010-08-26 00:00:00,23,23.7,8,9000,216200,2010-08-26 00:00:00,1
2010-08-27 00:00:00,2010-08-27 00:00:00,24,2010-08-27 00:00:00,23.5,23.8,6,4100,96650,2010-08-27 00:00:00,1
2010-08-30 00:00:00,2010-08-30 00:00:00,24.1,2010-08-30 00:00:00,24,24,6,2900,69650,2010-08-30 00:00:00,1
2010-08-31 00:00:00,2010-08-31 00:00:00,26,2010-08-31 00:00:00,25,25,10,4200,108950,2010-08-31 00:00:00,1
2010-09-01 00:00:00,2010-09-01 00:00:00,24.8,2010-09-01 00:00:00,24,24.3,11,12500,300800,2010-09-01 00:00:00,1
2010-09-02 00:00:00,2010-09-02 00:00:00,24.5,2010-09-02 00:00:00,24,24.3,15,14700,355210,2010-09-02 00:00:00,1
2010-09-03 00:00:00,2010-09-03 00:00:00,26,2010-09-03 00:00:00,24.1,25.5,32,27000,680550,2010-09-03 00:00:00,1
2010-09-06 00:00:00,2010-09-06 00:00:00,27,2010-09-06 00:00:00,25,25.5,26,20000,527050,2010-09-06 00:00:00,1
2010-09-07 00:00:00,2010-09-07 00:00:00,26.4,2010-09-07 00:00:00,24.7,24.9,8,10300,257750,2010-09-07 00:00:00,1
2010-09-08 00:00:00,2010-09-08 00:00:00,25.9,2010-09-08 00:00:00,25,25,14,13000,327640,2010-09-08 00:00:00,1
2010-09-09 00:00:00,2010-09-09 00:00:00,27.5,2010-09-09 00:00:00,25.8,27.5,132,154000,4180760,2010-09-09 00:00:00,1
2010-09-13 00:00:00,2010-09-13 00:00:00,30.2,2010-09-13 00:00:00,27,28.6,100,106500,3082350,2010-09-13 00:00:00,1
2010-09-14 00:00:00,2010-09-14 00:00:00,29,2010-09-14 00:00:00,27,27,14,15300,424370,2010-09-14 00:00:00,1
2010-09-15 00:00:00,2010-09-15 00:00:00,26,2010-09-15 00:00:00,26,26,1,100,2600,2010-09-15 00:00:00,1
2010-09-16 00:00:00,2010-09-16 00:00:00,27.5,2010-09-16 00:00:00,25,26.2,33,16200,422500,2010-09-16 00:00:00,1
2010-09-17 00:00:00,2010-09-17 00:00:00,27,2010-09-17 00:00:00,25,26.6,19,12200,316420,2010-09-17 00:00:00,1
2010-09-20 00:00:00,2010-09-20 00:00:00,26.6,2010-09-20 00:00:00,25.4,25.5,3,300,7750,2010-09-20 00:00:00,1
2010-09-21 00:00:00,2010-09-21 00:00:00,27,2010-09-21 00:00:00,25,25.3,48,35500,916280,2010-09-21 00:00:00,1
2010-09-23 00:00:00,2010-09-23 00:00:00,35,2010-09-23 00:00:00,25,29.4,257,238200,7155970,2010-09-23 00:00:00,1
2010-09-24 00:00:00,2010-09-24 00:00:00,38,2010-09-24 00:00:00,29.6,34.5,472,478200,15824350,2010-09-24 00:00:00,1
2010-09-27 00:00:00,2010-09-27 00:00:00,60,2010-09-27 00:00:00,35,55.7,1200,1124400,54080310,2010-09-27 00:00:00,1
2010-09-28 00:00:00,2010-09-28 00:00:00,100,2010-09-28 00:00:00,59,84.3,2171,1790200,139614680,2010-09-28 00:00:00,1
2010-09-29 00:00:00,2010-09-29 00:00:00,75.9,2010-09-29 00:00:00,75.9,75.9,45,44100,3347190,2010-09-29 00:00:00,1
2010-09-30 00:00:00,2010-09-30 00:00:00,68.4,2010-09-30 00:00:00,68.4,68.4,3,600,41040,2010-09-30 00:00:00,1
2010-10-01 00:00:00,2010-10-01 00:00:00,68.4,2010-10-01 00:00:00,61.6,61.6,69,49400,3078080,2010-10-01 00:00:00,1
2010-10-04 00:00:00,2010-10-04 00:00:00,61.9,2010-10-04 00:00:00,55.5,55.5,34,36100,2195020,2010-10-04 00:00:00,1
2010-10-05 00:00:00,2010-10-05 00:00:00,61,2010-10-05 00:00:00,50,51,18,11500,577600,2010-10-05 00:00:00,1
2010-10-06 00:00:00,2010-10-06 00:00:00,56,2010-10-06 00:00:00,50.1,56,34,25300,1377060,2010-10-06 00:00:00,1
2010-10-07 00:00:00,2010-10-07 00:00:00,61.6,2010-10-07 00:00:00,57,61.2,79,69400,4152890,2010-10-07 00:00:00,1
2010-10-08 00:00:00,2010-10-08 00:00:00,65.5,2010-10-08 00:00:00,61,64.9,29,18400,1160790,2010-10-08 00:00:00,1
2010-10-11 00:00:00,2010-10-11 00:00:00,65.5,2010-10-11 00:00:00,60,60,15,4700,294800,2010-10-11 00:00:00,1
2010-10-12 00:00:00,2010-10-12 00:00:00,54.2,2010-10-12 00:00:00,54,54,11,2500,135020,2010-10-12 00:00:00,1
2010-10-13 00:00:00,2010-10-13 00:00:00,59,2010-10-13 00:00:00,48.8,59,5,900,51060,2010-10-13 00:00:00,1
2010-10-14 00:00:00,2010-10-14 00:00:00,60,2010-10-14 00:00:00,55,55,13,6500,381900,2010-10-14 00:00:00,1
2010-10-15 00:00:00,2010-10-15 00:00:00,56.5,2010-10-15 00:00:00,49.5,51,16,67200,3745710,2010-10-15 00:00:00,1
2010-10-18 00:00:00,2010-10-18 00:00:00,56,2010-10-18 00:00:00,53,55.7,12,6800,375600,2010-10-18 00:00:00,1
2010-10-19 00:00:00,2010-10-19 00:00:00,61.2,2010-10-19 00:00:00,57,60.8,36,26400,1595950,2010-10-19 00:00:00,1
2010-10-20 00:00:00,2010-10-20 00:00:00,67.5,2010-10-20 00:00:00,61,63.8,67,36500,2345940,2010-10-20 00:00:00,1
2010-10-21 00:00:00,2010-10-21 00:00:00,64,2010-10-21 00:00:00,60,61.6,14,18900,1171020,2010-10-21 00:00:00,1
2010-10-25 00:00:00,2010-10-25 00:00:00,59.6,2010-10-25 00:00:00,51.5,59,8,1200,67070,2010-10-25 00:00:00,1
2010-10-26 00:00:00,2010-10-26 00:00:00,58.9,2010-10-26 00:00:00,50,51.5,39,19400,997080,2010-10-26 00:00:00,1
2010-10-27 00:00:00,2010-10-27 00:00:00,52,2010-10-27 00:00:00,45,47.3,27,13500,661830,2010-10-27 00:00:00,1
2010-10-28 00:00:00,2010-10-28 00:00:00,48,2010-10-28 00:00:00,47.5,47.6,9,2000,95740,2010-10-28 00:00:00,1
2010-10-29 00:00:00,2010-10-29 00:00:00,52.4,2010-10-29 00:00:00,48,50.2,34,9200,461080,2010-10-29 00:00:00,1
2010-11-01 00:00:00,2010-11-01 00:00:00,52.3,2010-11-01 00:00:00,48.2,48.8,11,3600,178200,2010-11-01 00:00:00,1
2010-11-02 00:00:00,2010-11-02 00:00:00,49,2010-11-02 00:00:00,45,46.8,14,7900,372500,2010-11-02 00:00:00,1
2010-11-03 00:00:00,2010-11-03 00:00:00,51,2010-11-03 00:00:00,45,46,33,16100,755950,2010-11-03 00:00:00,1
2010-11-04 00:00:00,2010-11-04 00:00:00,48,2010-11-04 00:00:00,45.1,45.8,28,8700,405790,2010-11-04 00:00:00,1
2010-11-08 00:00:00,2010-11-08 00:00:00,46.5,2010-11-08 00:00:00,45.2,45.3,8,3000,136530,2010-11-08 00:00:00,1
2010-11-09 00:00:00,2010-11-09 00:00:00,45.3,2010-11-09 00:00:00,42.2,42.4,21,7500,325230,2010-11-09 00:00:00,1
2010-11-10 00:00:00,2010-11-10 00:00:00,42,2010-11-10 00:00:00,39,41,27,12100,488540,2010-11-10 00:00:00,1
2010-11-11 00:00:00,2010-11-11 00:00:00,42,2010-11-11 00:00:00,41,41,4,1800,74800,2010-11-11 00:00:00,1
2010-11-12 00:00:00,2010-11-12 00:00:00,45,2010-11-12 00:00:00,40,41.3,20,4500,185070,2010-11-12 00:00:00,1
2010-11-15 00:00:00,2010-11-15 00:00:00,44.9,2010-11-15 00:00:00,40.2,40.2,11,3000,124350,2010-11-15 00:00:00,1
2010-11-16 00:00:00,2010-11-16 00:00:00,44,2010-11-16 00:00:00,40,40.2,15,4600,186300,2010-11-16 00:00:00,1
2010-11-18 00:00:00,2010-11-18 00:00:00,42.5,2010-11-18 00:00:00,40,41.9,11,11300,454880,2010-11-18 00:00:00,1
2010-11-22 00:00:00,2010-11-22 00:00:00,42.4,2010-11-22 00:00:00,40.2,41,8,1400,57790,2010-11-22 00:00:00,1
2010-11-23 00:00:00,2010-11-23 00:00:00,39,2010-11-23 00:00:00,35.7,36.8,17,7300,268520,2010-11-23 00:00:00,1
2010-11-24 00:00:00,2010-11-24 00:00:00,41,2010-11-24 00:00:00,37,40.1,58,21200,830930,2010-11-24 00:00:00,1
2010-11-25 00:00:00,2010-11-25 00:00:00,39.8,2010-11-25 00:00:00,37.3,39.8,13,7000,272450,2010-11-25 00:00:00,1
2010-11-26 00:00:00,2010-11-26 00:00:00,39.8,2010-11-26 00:00:00,39,39,8,3100,121300,2010-11-26 00:00:00,1
2010-11-29 00:00:00,2010-11-29 00:00:00,39,2010-11-29 00:00:00,37.5,38.8,6,4500,175350,2010-11-29 00:00:00,1
2010-11-30 00:00:00,2010-11-30 00:00:00,42.5,2010-11-30 00:00:00,39.5,41.5,34,22400,925000,2010-11-30 00:00:00,1
2010-12-01 00:00:00,2010-12-01 00:00:00,62.9,2010-12-01 00:00:00,43,56.6,309,144200,7937130,2010-12-01 00:00:00,1
2010-12-02 00:00:00,2010-12-02 00:00:00,72,2010-12-02 00:00:00,60,66.5,465,216800,14322700,2010-12-02 00:00:00,1
2010-12-03 00:00:00,2010-12-03 00:00:00,68,2010-12-03 00:00:00,60,60.3,125,65900,4065250,2010-12-03 00:00:00,1
2010-12-06 00:00:00,2010-12-06 00:00:00,58.9,2010-12-06 00:00:00,56,56,41,34600,1969580,2010-12-06 00:00:00,1
2010-12-07 00:00:00,2010-12-07 00:00:00,65.4,2010-12-07 00:00:00,56,63,293,177600,11089460,2010-12-07 00:00:00,1
2010-12-08 00:00:00,2010-12-08 00:00:00,62.8,2010-12-08 00:00:00,60,61,29,8800,533660,2010-12-08 00:00:00,1
2010-12-09 00:00:00,2010-12-09 00:00:00,64,2010-12-09 00:00:00,60.1,61.5,27,7500,464050,2010-12-09 00:00:00,1
2010-12-10 00:00:00,2010-12-10 00:00:00,61.9,2010-12-10 00:00:00,60.1,61.1,15,3800,231770,2010-12-10 00:00:00,1
2010-12-13 00:00:00,2010-12-13 00:00:00,62,2010-12-13 00:00:00,60,60,20,8300,499900,2010-12-13 00:00:00,1
2010-12-14 00:00:00,2010-12-14 00:00:00,61.6,2010-12-14 00:00:00,58,60,13,11900,715600,2010-12-14 00:00:00,1
2010-12-15 00:00:00,2010-12-15 00:00:00,60,2010-12-15 00:00:00,57.5,58,3,300,17550,2010-12-15 00:00:00,1
2010-12-16 00:00:00,2010-12-16 00:00:00,58,2010-12-16 00:00:00,57.1,57.1,14,7300,419120,2010-12-16 00:00:00,1
2010-12-17 00:00:00,2010-12-17 00:00:00,58,2010-12-17 00:00:00,56,56.5,21,16600,946260,2010-12-17 00:00:00,1
2010-12-21 00:00:00,2010-12-21 00:00:00,55.5,2010-12-21 00:00:00,55.1,55.2,5,3100,171070,2010-12-21 00:00:00,1
2010-12-22 00:00:00,2010-12-22 00:00:00,65,2010-12-22 00:00:00,55,64.3,60,25800,1612520,2010-12-22 00:00:00,1
2010-12-23 00:00:00,2010-12-23 00:00:00,64,2010-12-23 00:00:00,61.1,61.9,14,3300,207730,2010-12-23 00:00:00,1
2010-12-24 00:00:00,2010-12-24 00:00:00,62.9,2010-12-24 00:00:00,58.1,58.4,12,17400,1018650,2010-12-24 00:00:00,1
2010-12-27 00:00:00,2010-12-27 00:00:00,59.9,2010-12-27 00:00:00,57.4,59.1,64,50500,2943470,2010-12-27 00:00:00,1
2010-12-28 00:00:00,2010-12-28 00:00:00,60.9,2010-12-28 00:00:00,58,58.9,93,91700,5406100,2010-12-28 00:00:00,1
2010-12-29 00:00:00,2010-12-29 00:00:00,60,2010-12-29 00:00:00,57.7,58,14,14700,862270,2010-12-29 00:00:00,1
2010-12-30 00:00:00,2010-12-30 00:00:00,59.8,2010-12-30 00:00:00,55,57.2,106,90800,5210080,2010-12-30 00:00:00,1
2010-12-31 00:00:00,2010-12-31 00:00:00,60,2010-12-31 00:00:00,58,58.5,38,19800,1170980,2010-12-31 00:00:00,1
Company Id :  BOPL,,Security Type :  N,,Sub Type :  0000,,,,,,
Short Name :  BOGAWANTALAWA,,,,,,,,,,
Day,Date High,High,Date Low,Low,Closing,No. of Trades,No. of Shares,Turnover,Last Traded,Days Traded
2010-01-05 00:00:00,2010-01-05 00:00:00,39,2010-01-05 00:00:00,39,39,5,1100,42900,2010-01-05 00:00:00,1
2010-01-06 00:00:00,2010-01-06 00:00:00,38,2010-01-06 00:00:00,38,38,4,700,26600,2010-01-06 00:00:00,1
2010-01-07 00:00:00,2010-01-07 00:00:00,38,2010-01-07 00:00:00,38,38,1,500,19000,2010-01-07 00:00:00,1
2010-01-08 00:00:00,2010-01-08 00:00:00,41.5,2010-01-08 00:00:00,38,39.25,15,17200,673600,2010-01-08 00:00:00,1
2010-01-11 00:00:00,2010-01-11 00:00:00,42,2010-01-11 00:00:00,40,40.75,12,25800,1077850,2010-01-11 00:00:00,1
2010-01-12 00:00:00,2010-01-12 00:00:00,38,2010-01-12 00:00:00,38,38,1,3000,114000,2010-01-12 00:00:00,1
2010-01-13 00:00:00,2010-01-13 00:00:00,39,2010-01-13 00:00:00,38.5,38.5,4,2000,77250,2010-01-13 00:00:00,1
2010-01-15 00:00:00,2010-01-15 00:00:00,39,2010-01-15 00:00:00,39,39,2,300,11700,2010-01-15 00:00:00,1
2010-01-18 00:00:00,2010-01-18 00:00:00,40,2010-01-18 00:00:00,39.5,40,7,4400,175400,2010-01-18 00:00:00,1
2010-01-19 00:00:00,2010-01-19 00:00:00,40.25,2010-01-19 00:00:00,38.5,38.5,5,1200,46975,2010-01-19 00:00:00,1
2010-01-21 00:00:00,2010-01-21 00:00:00,42,2010-01-21 00:00:00,42,42,1,100,4200,2010-01-21 00:00:00,1
2010-01-22 00:00:00,2010-01-22 00:00:00,42,2010-01-22 00:00:00,38,38,13,3500,135425,2010-01-22 00:00:00,1
2010-01-26 00:00:00,2010-01-26 00:00:00,37.25,2010-01-26 00:00:00,37.25,37.25,1,200,7450,2010-01-26 00:00:00,1
2010-01-28 00:00:00,2010-01-28 00:00:00,42,2010-01-28 00:00:00,37,42,16,13100,539075,2010-01-28 00:00:00,1
2010-02-01 00:00:00,2010-02-01 00:00:00,44,2010-02-01 00:00:00,40,40.5,25,22900,966625,2010-02-01 00:00:00,1
2010-02-02 00:00:00,2010-02-02 00:00:00,46,2010-02-02 00:00:00,44,44.5,24,15700,704875,2010-02-02 00:00:00,1
2010-02-03 00:00:00,2010-02-03 00:00:00,46.75,2010-02-03 00:00:00,43.5,43.5,18,16300,736825,2010-02-03 00:00:00,1
2010-02-08 00:00:00,2010-02-08 00:00:00,42,2010-02-08 00:00:00,40.5,41,12,3700,151600,2010-02-08 00:00:00,1
2010-02-09 00:00:00,2010-02-09 00:00:00,41.25,2010-02-09 00:00:00,40.75,41,9,8300,339800,2010-02-09 00:00:00,1
2010-02-10 00:00:00,2010-02-10 00:00:00,41,2010-02-10 00:00:00,41,41,1,400,16400,2010-02-10 00:00:00,1
2010-02-11 00:00:00,2010-02-11 00:00:00,44.75,2010-02-11 00:00:00,42,43.5,4,900,39075,2010-02-11 00:00:00,1
2010-02-15 00:00:00,2010-02-15 00:00:00,41,2010-02-15 00:00:00,41,41,2,200,8200,2010-02-15 00:00:00,1
2010-02-16 00:00:00,2010-02-16 00:00:00,41,2010-02-16 00:00:00,41,41,1,100,4100,2010-02-16 00:00:00,1
2010-02-17 00:00:00,2010-02-17 00:00:00,37,2010-02-17 00:00:00,37,37,1,100,3700,2010-02-17 00:00:00,1
2010-02-18 00:00:00,2010-02-18 00:00:00,41,2010-02-18 00:00:00,39,41,4,2200,90000,2010-02-18 00:00:00,1
2010-02-19 00:00:00,2010-02-19 00:00:00,45,2010-02-19 00:00:00,41,43.25,9,3200,138400,2010-02-19 00:00:00,1
2010-02-22 00:00:00,2010-02-22 00:00:00,45,2010-02-22 00:00:00,44,44,13,6800,304475,2010-02-22 00:00:00,1
2010-02-23 00:00:00,2010-02-23 00:00:00,43,2010-02-23 00:00:00,43,43,2,200,8600,2010-02-23 00:00:00,1
2010-02-24 00:00:00,2010-02-24 00:00:00,41.5,2010-02-24 00:00:00,41.5,41.5,1,100,4150,2010-02-24 00:00:00,1
2010-02-25 00:00:00,2010-02-25 00:00:00,42.25,2010-02-25 00:00:00,42.25,42.25,1,300,12675,2010-02-25 00:00:00,1
2010-02-26 00:00:00,2010-02-26 00:00:00,42.5,2010-02-26 00:00:00,42.25,42.5,2,600,25475,2010-02-26 00:00:00,1
2010-03-02 00:00:00,2010-03-02 00:00:00,42.5,2010-03-02 00:00:00,42.5,42.5,1,100,4250,2010-03-02 00:00:00,1
2010-03-03 00:00:00,2010-03-03 00:00:00,41.75,2010-03-03 00:00:00,41.75,41.75,1,100,4175,2010-03-03 00:00:00,1
2010-03-05 00:00:00,2010-03-05 00:00:00,39,2010-03-05 00:00:00,38.5,39,6,4000,154500,2010-03-05 00:00:00,1
2010-03-10 00:00:00,2010-03-10 00:00:00,39,2010-03-10 00:00:00,39,39,2,1000,39000,2010-03-10 00:00:00,1
2010-03-11 00:00:00,2010-03-11 00:00:00,39,2010-03-11 00:00:00,39,39,1,200,7800,2010-03-11 00:00:00,1
2010-03-12 00:00:00,2010-03-12 00:00:00,41.5,2010-03-12 00:00:00,39,40.25,3,400,15850,2010-03-12 00:00:00,1
2010-03-15 00:00:00,2010-03-15 00:00:00,40,2010-03-15 00:00:00,39.25,40,3,1200,47850,2010-03-15 00:00:00,1
2010-03-16 00:00:00,2010-03-16 00:00:00,39,2010-03-16 00:00:00,39,39,5,2000,78000,2010-03-16 00:00:00,1
2010-03-17 00:00:00,2010-03-17 00:00:00,39.25,2010-03-17 00:00:00,39.25,39.25,1,100,3925,2010-03-17 00:00:00,1
2010-03-18 00:00:00,2010-03-18 00:00:00,38.75,2010-03-18 00:00:00,38.75,38.75,1,100,3875,2010-03-18 00:00:00,1
2010-03-26 00:00:00,2010-03-26 00:00:00,38,2010-03-26 00:00:00,36.25,38,4,1000,37525,2010-03-26 00:00:00,1
2010-03-30 00:00:00,2010-03-30 00:00:00,36.25,2010-03-30 00:00:00,36.25,36.25,1,100,3625,2010-03-30 00:00:00,1
2010-03-31 00:00:00,2010-03-31 00:00:00,36.5,2010-03-31 00:00:00,36.25,36.5,7,1100,39975,2010-03-31 00:00:00,1
2010-04-01 00:00:00,2010-04-01 00:00:00,39.5,2010-04-01 00:00:00,37,38,33,26900,1017850,2010-04-01 00:00:00,1
2010-04-05 00:00:00,2010-04-05 00:00:00,40,2010-04-05 00:00:00,37.75,39.75,48,23100,891550,2010-04-05 00:00:00,1
2010-04-06 00:00:00,2010-04-06 00:00:00,46.25,2010-04-06 00:00:00,39.75,42,31,15800,667025,2010-04-06 00:00:00,1
2010-04-07 00:00:00,2010-04-07 00:00:00,44,2010-04-07 00:00:00,42,42.75,12,7000,299275,2010-04-07 00:00:00,1
2010-04-08 00:00:00,2010-04-08 00:00:00,42,2010-04-08 00:00:00,42,42,3,1900,79800,2010-04-08 00:00:00,1
2010-04-12 00:00:00,2010-04-12 00:00:00,44,2010-04-12 00:00:00,42,42,6,2800,120000,2010-04-12 00:00:00,1
2010-04-15 00:00:00,2010-04-15 00:00:00,43.25,2010-04-15 00:00:00,42,42.25,4,1200,50925,2010-04-15 00:00:00,1
2010-04-20 00:00:00,2010-04-20 00:00:00,47,2010-04-20 00:00:00,42,46.5,23,16100,717025,2010-04-20 00:00:00,1
2010-04-21 00:00:00,2010-04-21 00:00:00,45.5,2010-04-21 00:00:00,45,45.25,8,4800,217800,2010-04-21 00:00:00,1
2010-04-22 00:00:00,2010-04-22 00:00:00,46.75,2010-04-22 00:00:00,45.5,46.25,10,4800,220875,2010-04-22 00:00:00,1
2010-04-23 00:00:00,2010-04-23 00:00:00,45.75,2010-04-23 00:00:00,45.5,45.5,3,300,13675,2010-04-23 00:00:00,1
2010-04-26 00:00:00,2010-04-26 00:00:00,46,2010-04-26 00:00:00,45,45,2,1100,49600,2010-04-26 00:00:00,1
2010-04-27 00:00:00,2010-04-27 00:00:00,45.25,2010-04-27 00:00:00,45,45,5,1700,76625,2010-04-27 00:00:00,1
2010-04-29 00:00:00,2010-04-29 00:00:00,45,2010-04-29 00:00:00,44,44,3,700,31400,2010-04-29 00:00:00,1
2010-04-30 00:00:00,2010-04-30 00:00:00,44,2010-04-30 00:00:00,44,44,1,100,4400,2010-04-30 00:00:00,1
2010-05-03 00:00:00,2010-05-03 00:00:00,43.75,2010-05-03 00:00:00,43.75,43.75,1,100,4375,2010-05-03 00:00:00,1
2010-05-04 00:00:00,2010-05-04 00:00:00,43.5,2010-05-04 00:00:00,43,43,4,800,34650,2010-05-04 00:00:00,1
2010-05-05 00:00:00,2010-05-05 00:00:00,45,2010-05-05 00:00:00,45,45,2,300,13500,2010-05-05 00:00:00,1
2010-05-06 00:00:00,2010-05-06 00:00:00,43,2010-05-06 00:00:00,42.5,42.75,3,1600,68200,2010-05-06 00:00:00,1
2010-05-11 00:00:00,2010-05-11 00:00:00,42.5,2010-05-11 00:00:00,42.25,42.5,4,900,38175,2010-05-11 00:00:00,1
2010-05-13 00:00:00,2010-05-13 00:00:00,43,2010-05-13 00:00:00,42.5,42.75,8,1400,59900,2010-05-13 00:00:00,1
2010-05-14 00:00:00,2010-05-14 00:00:00,42.75,2010-05-14 00:00:00,42.75,42.75,1,100,4275,2010-05-14 00:00:00,1
2010-05-17 00:00:00,2010-05-17 00:00:00,43,2010-05-17 00:00:00,43,43,1,200,8600,2010-05-17 00:00:00,1
2010-05-18 00:00:00,2010-05-18 00:00:00,42,2010-05-18 00:00:00,42,42,1,500,21000,2010-05-18 00:00:00,1
2010-05-24 00:00:00,2010-05-24 00:00:00,42,2010-05-24 00:00:00,42,42,1,100,4200,2010-05-24 00:00:00,1
2010-05-25 00:00:00,2010-05-25 00:00:00,41,2010-05-25 00:00:00,41,41,9,2700,110700,2010-05-25 00:00:00,1
2010-05-26 00:00:00,2010-05-26 00:00:00,46.5,2010-05-26 00:00:00,42,44.25,11,7000,309900,2010-05-26 00:00:00,1
2010-05-31 00:00:00,2010-05-31 00:00:00,41.25,2010-05-31 00:00:00,41.25,41.25,2,900,37125,2010-05-31 00:00:00,1
2010-06-01 00:00:00,2010-06-01 00:00:00,43.75,2010-06-01 00:00:00,41.25,43.75,3,400,17000,2010-06-01 00:00:00,1
2010-06-02 00:00:00,2010-06-02 00:00:00,42.5,2010-06-02 00:00:00,42,42.25,7,1000,42225,2010-06-02 00:00:00,1
2010-06-04 00:00:00,2010-06-04 00:00:00,42.25,2010-06-04 00:00:00,41.25,41.25,2,2600,107350,2010-06-04 00:00:00,1
2010-06-07 00:00:00,2010-06-07 00:00:00,43,2010-06-07 00:00:00,42.25,42.75,7,1000,42700,2010-06-07 00:00:00,1
2010-06-09 00:00:00,2010-06-09 00:00:00,43.5,2010-06-09 00:00:00,43,43,3,5300,228050,2010-06-09 00:00:00,1
2010-06-15 00:00:00,2010-06-15 00:00:00,40,2010-06-15 00:00:00,40,40,1,100,4000,2010-06-15 00:00:00,1
2010-06-16 00:00:00,2010-06-16 00:00:00,41.75,2010-06-16 00:00:00,40.5,41.75,3,600,24925,2010-06-16 00:00:00,1
2010-06-17 00:00:00,2010-06-17 00:00:00,42,2010-06-17 00:00:00,41.5,42,8,1900,79100,2010-06-17 00:00:00,1
2010-06-21 00:00:00,2010-06-21 00:00:00,42.5,2010-06-21 00:00:00,41,42.5,13,2200,92375,2010-06-21 00:00:00,1
2010-06-23 00:00:00,2010-06-23 00:00:00,43,2010-06-23 00:00:00,43,43,1,100,4300,2010-06-23 00:00:00,1
2010-06-24 00:00:00,2010-06-24 00:00:00,41.5,2010-06-24 00:00:00,41.5,41.5,2,500,20750,2010-06-24 00:00:00,1
2010-06-28 00:00:00,2010-06-28 00:00:00,42,2010-06-28 00:00:00,41,42,4,1700,69875,2010-06-28 00:00:00,1
2010-06-29 00:00:00,2010-06-29 00:00:00,41.5,2010-06-29 00:00:00,41,41,8,8100,335150,2010-06-29 00:00:00,1
2010-06-30 00:00:00,2010-06-30 00:00:00,43.75,2010-06-30 00:00:00,42,43.5,14,12400,530700,2010-06-30 00:00:00,1
2010-07-01 00:00:00,2010-07-01 00:00:00,43.25,2010-07-01 00:00:00,40,41,10,1900,78450,2010-07-01 00:00:00,1
2010-07-02 00:00:00,2010-07-02 00:00:00,42,2010-07-02 00:00:00,42,42,2,300,12600,2010-07-02 00:00:00,1
2010-07-05 00:00:00,2010-07-05 00:00:00,44.5,2010-07-05 00:00:00,42.25,43.5,23,10900,471225,2010-07-05 00:00:00,1
2010-07-06 00:00:00,2010-07-06 00:00:00,48.25,2010-07-06 00:00:00,43.5,46.75,72,43700,2039375,2010-07-06 00:00:00,1
2010-07-07 00:00:00,2010-07-07 00:00:00,47.75,2010-07-07 00:00:00,42,42,5,3500,163175,2010-07-07 00:00:00,1
2010-07-09 00:00:00,2010-07-09 00:00:00,44,2010-07-09 00:00:00,44,44,2,200,8800,2010-07-09 00:00:00,1
2010-07-12 00:00:00,2010-07-12 00:00:00,45,2010-07-12 00:00:00,45,45,3,400,18000,2010-07-12 00:00:00,1
2010-07-13 00:00:00,2010-07-13 00:00:00,45,2010-07-13 00:00:00,45,45,1,500,22500,2010-07-13 00:00:00,1
2010-07-14 00:00:00,2010-07-14 00:00:00,45,2010-07-14 00:00:00,42.25,43,5,2000,87050,2010-07-14 00:00:00,1
2010-07-16 00:00:00,2010-07-16 00:00:00,42.5,2010-07-16 00:00:00,42,42,4,2200,92525,2010-07-16 00:00:00,1
2010-07-19 00:00:00,2010-07-19 00:00:00,44,2010-07-19 00:00:00,44,44,4,2200,96800,2010-07-19 00:00:00,1
2010-07-20 00:00:00,2010-07-20 00:00:00,45.5,2010-07-20 00:00:00,43,45.25,12,6100,269850,2010-07-20 00:00:00,1
2010-07-21 00:00:00,2010-07-21 00:00:00,45,2010-07-21 00:00:00,44.75,45,5,700,31450,2010-07-21 00:00:00,1
2010-07-22 00:00:00,2010-07-22 00:00:00,47.5,2010-07-22 00:00:00,45,47.25,10,15500,731425,2010-07-22 00:00:00,1
2010-07-23 00:00:00,2010-07-23 00:00:00,46.75,2010-07-23 00:00:00,46.75,46.75,1,100,4675,2010-07-23 00:00:00,1
2010-07-26 00:00:00,2010-07-26 00:00:00,47,2010-07-26 00:00:00,44,46,19,10100,472500,2010-07-26 00:00:00,1
2010-07-27 00:00:00,2010-07-27 00:00:00,47,2010-07-27 00:00:00,45,45.25,25,7300,333050,2010-07-27 00:00:00,1
2010-07-28 00:00:00,2010-07-28 00:00:00,46.25,2010-07-28 00:00:00,45,45.5,5,2100,95525,2010-07-28 00:00:00,1
2010-07-29 00:00:00,2010-07-29 00:00:00,46,2010-07-29 00:00:00,44,44.25,2,1100,48600,2010-07-29 00:00:00,1
2010-07-30 00:00:00,2010-07-30 00:00:00,45,2010-07-30 00:00:00,44.75,45,2,200,8975,2010-07-30 00:00:00,1
2010-08-02 00:00:00,2010-08-02 00:00:00,44.8,2010-08-02 00:00:00,44.5,44.5,4,12000,534600,2010-08-02 00:00:00,1
2010-08-04 00:00:00,2010-08-04 00:00:00,42.5,2010-08-04 00:00:00,42,42,3,2300,96750,2010-08-04 00:00:00,1
2010-08-05 00:00:00,2010-08-05 00:00:00,40.2,2010-08-05 00:00:00,40.2,40.2,1,100,4020,2010-08-05 00:00:00,1
2010-08-06 00:00:00,2010-08-06 00:00:00,40.2,2010-08-06 00:00:00,40.2,40.2,1,100,4020,2010-08-06 00:00:00,1
2010-08-09 00:00:00,2010-08-09 00:00:00,36.2,2010-08-09 00:00:00,36.2,36.2,1,400,14480,2010-08-09 00:00:00,1
2010-08-10 00:00:00,2010-08-10 00:00:00,39.5,2010-08-10 00:00:00,32.6,39.5,4,600,20250,2010-08-10 00:00:00,1
2010-08-11 00:00:00,2010-08-11 00:00:00,42,2010-08-11 00:00:00,42,42,2,300,12600,2010-08-11 00:00:00,1
2010-08-19 00:00:00,2010-08-19 00:00:00,43.5,2010-08-19 00:00:00,43.5,43.5,1,1400,60900,2010-08-19 00:00:00,1
2010-08-20 00:00:00,2010-08-20 00:00:00,39.2,2010-08-20 00:00:00,39.2,39.2,1,100,3920,2010-08-20 00:00:00,1
2010-08-23 00:00:00,2010-08-23 00:00:00,39.6,2010-08-23 00:00:00,39.5,39.5,2,600,23710,2010-08-23 00:00:00,1
2010-08-25 00:00:00,2010-08-25 00:00:00,39.8,2010-08-25 00:00:00,39.7,39.7,4,7900,313740,2010-08-25 00:00:00,1
2010-08-26 00:00:00,2010-08-26 00:00:00,40,2010-08-26 00:00:00,40,40,2,1100,44000,2010-08-26 00:00:00,1
2010-08-27 00:00:00,2010-08-27 00:00:00,42,2010-08-27 00:00:00,40,40.1,4,1400,56200,2010-08-27 00:00:00,1
2010-08-30 00:00:00,2010-08-30 00:00:00,42,2010-08-30 00:00:00,41,42,3,300,12490,2010-08-30 00:00:00,1
2010-08-31 00:00:00,2010-08-31 00:00:00,41.1,2010-08-31 00:00:00,41.1,41.1,3,1100,45210,2010-08-31 00:00:00,1
2010-09-02 00:00:00,2010-09-02 00:00:00,42.2,2010-09-02 00:00:00,41,41.7,12,4600,190420,2010-09-02 00:00:00,1
2010-09-03 00:00:00,2010-09-03 00:00:00,45.8,2010-09-03 00:00:00,42,43,22,21100,920070,2010-09-03 00:00:00,1
2010-09-06 00:00:00,2010-09-06 00:00:00,45,2010-09-06 00:00:00,42,42.1,9,56300,2375210,2010-09-06 00:00:00,1
2010-09-07 00:00:00,2010-09-07 00:00:00,42,2010-09-07 00:00:00,40,40.8,2,800,32600,2010-09-07 00:00:00,1
2010-09-08 00:00:00,2010-09-08 00:00:00,44.7,2010-09-08 00:00:00,40.1,44.1,28,37900,1661400,2010-09-08 00:00:00,1
2010-09-09 00:00:00,2010-09-09 00:00:00,48,2010-09-09 00:00:00,44.7,46.8,46,46200,2150510,2010-09-09 00:00:00,1
2010-09-13 00:00:00,2010-09-13 00:00:00,48,2010-09-13 00:00:00,45,46,55,73700,3487600,2010-09-13 00:00:00,1
2010-09-14 00:00:00,2010-09-14 00:00:00,46,2010-09-14 00:00:00,43.2,43.2,3,1500,66160,2010-09-14 00:00:00,1
2010-09-15 00:00:00,2010-09-15 00:00:00,47,2010-09-15 00:00:00,40,44,13,20200,838080,2010-09-15 00:00:00,1
2010-09-16 00:00:00,2010-09-16 00:00:00,44.5,2010-09-16 00:00:00,44,44,4,1800,79700,2010-09-16 00:00:00,1
2010-09-17 00:00:00,2010-09-17 00:00:00,46,2010-09-17 00:00:00,45,45,12,4600,207670,2010-09-17 00:00:00,1
2010-09-21 00:00:00,2010-09-21 00:00:00,65,2010-09-21 00:00:00,51,59.6,521,611300,36815130,2010-09-21 00:00:00,1
2010-09-23 00:00:00,2010-09-23 00:00:00,63,2010-09-23 00:00:00,58,58.1,96,51200,3040380,2010-09-23 00:00:00,1
2010-09-24 00:00:00,2010-09-24 00:00:00,58,2010-09-24 00:00:00,54,54.9,54,22400,1242510,2010-09-24 00:00:00,1
2010-09-27 00:00:00,2010-09-27 00:00:00,56.5,2010-09-27 00:00:00,53,53.2,46,101000,5467420,2010-09-27 00:00:00,1
2010-09-28 00:00:00,2010-09-28 00:00:00,56.8,2010-09-28 00:00:00,53.5,54.9,63,58200,3200060,2010-09-28 00:00:00,1
2010-09-29 00:00:00,2010-09-29 00:00:00,56,2010-09-29 00:00:00,54,54.2,31,27400,1490300,2010-09-29 00:00:00,1
2010-09-30 00:00:00,2010-09-30 00:00:00,55.9,2010-09-30 00:00:00,54,55,68,74800,4066920,2010-09-30 00:00:00,1
2010-10-01 00:00:00,2010-10-01 00:00:00,55,2010-10-01 00:00:00,54,54.6,20,4600,252030,2010-10-01 00:00:00,1
2010-10-04 00:00:00,2010-10-04 00:00:00,55,2010-10-04 00:00:00,54,54.1,24,26500,1433180,2010-10-04 00:00:00,1
2010-10-05 00:00:00,2010-10-05 00:00:00,54.1,2010-10-05 00:00:00,53.1,53.5,20,24200,1300440,2010-10-05 00:00:00,1
2010-10-06 00:00:00,2010-10-06 00:00:00,55,2010-10-06 00:00:00,53.9,54.2,16,4000,216910,2010-10-06 00:00:00,1
2010-10-07 00:00:00,2010-10-07 00:00:00,55,2010-10-07 00:00:00,53,53.2,33,22300,1187190,2010-10-07 00:00:00,1
2010-10-08 00:00:00,2010-10-08 00:00:00,54.9,2010-10-08 00:00:00,54.1,54.8,11,4100,223560,2010-10-08 00:00:00,1
2010-10-11 00:00:00,2010-10-11 00:00:00,56,2010-10-11 00:00:00,53.5,53.5,18,27400,1504850,2010-10-11 00:00:00,1
2010-10-12 00:00:00,2010-10-12 00:00:00,55.6,2010-10-12 00:00:00,51,51.1,19,27400,1404690,2010-10-12 00:00:00,1
2010-10-13 00:00:00,2010-10-13 00:00:00,54,2010-10-13 00:00:00,50,53,10,4100,211250,2010-10-13 00:00:00,1
2010-10-14 00:00:00,2010-10-14 00:00:00,54,2010-10-14 00:00:00,52,53.3,7,900,47930,2010-10-14 00:00:00,1
2010-10-15 00:00:00,2010-10-15 00:00:00,55,2010-10-15 00:00:00,50,50.1,15,10900,550960,2010-10-15 00:00:00,1
2010-10-18 00:00:00,2010-10-18 00:00:00,52,2010-10-18 00:00:00,52,52,4,600,31200,2010-10-18 00:00:00,1
2010-10-19 00:00:00,2010-10-19 00:00:00,51,2010-10-19 00:00:00,50,50,5,15200,760110,2010-10-19 00:00:00,1
2010-10-20 00:00:00,2010-10-20 00:00:00,51,2010-10-20 00:00:00,49.9,50.5,17,12300,617050,2010-10-20 00:00:00,1
2010-10-21 00:00:00,2010-10-21 00:00:00,50.5,2010-10-21 00:00:00,49,49.8,11,7200,359370,2010-10-21 00:00:00,1
2010-10-25 00:00:00,2010-10-25 00:00:00,51,2010-10-25 00:00:00,50,51,17,7300,366920,2010-10-25 00:00:00,1
2010-10-26 00:00:00,2010-10-26 00:00:00,51.9,2010-10-26 00:00:00,48.5,50.7,17,10300,510700,2010-10-26 00:00:00,1
2010-10-27 00:00:00,2010-10-27 00:00:00,50.7,2010-10-27 00:00:00,48.5,48.5,7,3800,184570,2010-10-27 00:00:00,1
2010-10-28 00:00:00,2010-10-28 00:00:00,48.5,2010-10-28 00:00:00,46,46.4,17,13900,646820,2010-10-28 00:00:00,1
2010-10-29 00:00:00,2010-10-29 00:00:00,46.5,2010-10-29 00:00:00,45,46.1,15,7200,331610,2010-10-29 00:00:00,1
2010-11-01 00:00:00,2010-11-01 00:00:00,50.6,2010-11-01 00:00:00,49,50.5,8,5400,267920,2010-11-01 00:00:00,1
2010-11-02 00:00:00,2010-11-02 00:00:00,50.3,2010-11-02 00:00:00,50.3,50.3,1,100,5030,2010-11-02 00:00:00,1
2010-11-03 00:00:00,2010-11-03 00:00:00,48.7,2010-11-03 00:00:00,48,48.4,8,3300,159860,2010-11-03 00:00:00,1
2010-11-04 00:00:00,2010-11-04 00:00:00,53,2010-11-04 00:00:00,48,49.4,34,19600,980260,2010-11-04 00:00:00,1
2010-11-08 00:00:00,2010-11-08 00:00:00,47.6,2010-11-08 00:00:00,47.5,47.6,4,400,19030,2010-11-08 00:00:00,1
2010-11-09 00:00:00,2010-11-09 00:00:00,48.9,2010-11-09 00:00:00,47,47.2,30,13600,650290,2010-11-09 00:00:00,1
2010-11-10 00:00:00,2010-11-10 00:00:00,50.8,2010-11-10 00:00:00,48.5,50.4,6,1000,49800,2010-11-10 00:00:00,1
2010-11-11 00:00:00,2010-11-11 00:00:00,52.3,2010-11-11 00:00:00,46,46.7,40,27400,1284920,2010-11-11 00:00:00,1
2010-11-12 00:00:00,2010-11-12 00:00:00,51,2010-11-12 00:00:00,46.8,47.3,19,10000,489470,2010-11-12 00:00:00,1
2010-11-15 00:00:00,2010-11-15 00:00:00,49.3,2010-11-15 00:00:00,46.9,47.5,15,7900,371850,2010-11-15 00:00:00,1
2010-11-22 00:00:00,2010-11-22 00:00:00,44.5,2010-11-22 00:00:00,30,33.3,25,17800,689140,2010-11-22 00:00:00,1
2010-11-23 00:00:00,2010-11-23 00:00:00,33.3,2010-11-23 00:00:00,30,30.6,16,14900,458880,2010-11-23 00:00:00,1
2010-11-24 00:00:00,2010-11-24 00:00:00,32.3,2010-11-24 00:00:00,30.8,30.8,8,3300,102650,2010-11-24 00:00:00,1
2010-11-25 00:00:00,2010-11-25 00:00:00,32,2010-11-25 00:00:00,29,30.9,30,25300,790190,2010-11-25 00:00:00,1
2010-11-29 00:00:00,2010-11-29 00:00:00,28,2010-11-29 00:00:00,26,26.2,37,12800,341760,2010-11-29 00:00:00,1
2010-11-30 00:00:00,2010-11-30 00:00:00,29.2,2010-11-30 00:00:00,27.1,27.5,11,5800,163000,2010-11-30 00:00:00,1
2010-12-01 00:00:00,2010-12-01 00:00:00,27.8,2010-12-01 00:00:00,26.5,27.1,17,7700,211080,2010-12-01 00:00:00,1
2010-12-02 00:00:00,2010-12-02 00:00:00,27.4,2010-12-02 00:00:00,20,20.1,1255,4617500,94009710,2010-12-02 00:00:00,1
2010-12-03 00:00:00,2010-12-03 00:00:00,20.8,2010-12-03 00:00:00,20.1,20.5,137,293100,5995200,2010-12-03 00:00:00,1
2010-12-06 00:00:00,2010-12-06 00:00:00,20.5,2010-12-06 00:00:00,19.5,19.6,46,41600,826740,2010-12-06 00:00:00,1
2010-12-07 00:00:00,2010-12-07 00:00:00,20,2010-12-07 00:00:00,19.5,19.5,37,34600,682100,2010-12-07 00:00:00,1
2010-12-08 00:00:00,2010-12-08 00:00:00,19.5,2010-12-08 00:00:00,19,19,30,34300,656230,2010-12-08 00:00:00,1
2010-12-09 00:00:00,2010-12-09 00:00:00,19.8,2010-12-09 00:00:00,19,19.8,40,49700,968270,2010-12-09 00:00:00,1
2010-12-10 00:00:00,2010-12-10 00:00:00,19.8,2010-12-10 00:00:00,19,19.1,11,7600,145580,2010-12-10 00:00:00,1
2010-12-13 00:00:00,2010-12-13 00:00:00,19.5,2010-12-13 00:00:00,19,19.3,25,14500,278390,2010-12-13 00:00:00,1
2010-12-14 00:00:00,2010-12-14 00:00:00,19,2010-12-14 00:00:00,18.9,19,12,7900,149910,2010-12-14 00:00:00,1
2010-12-15 00:00:00,2010-12-15 00:00:00,19,2010-12-15 00:00:00,18.9,18.9,6,7300,138560,2010-12-15 00:00:00,1
2010-12-16 00:00:00,2010-12-16 00:00:00,18.9,2010-12-16 00:00:00,18.5,18.7,14,26400,492850,2010-12-16 00:00:00,1
2010-12-17 00:00:00,2010-12-17 00:00:00,18.5,2010-12-17 00:00:00,18.2,18.3,15,14600,268460,2010-12-17 00:00:00,1
2010-12-21 00:00:00,2010-12-21 00:00:00,18.6,2010-12-21 00:00:00,18.1,18.5,12,14700,271000,2010-12-21 00:00:00,1
2010-12-22 00:00:00,2010-12-22 00:00:00,19.9,2010-12-22 00:00:00,18.9,19.7,76,50800,990600,2010-12-22 00:00:00,1
2010-12-23 00:00:00,2010-12-23 00:00:00,19.8,2010-12-23 00:00:00,19.4,19.7,28,22700,446760,2010-12-23 00:00:00,1
2010-12-24 00:00:00,2010-12-24 00:00:00,21,2010-12-24 00:00:00,19.5,20.5,51,34900,716750,2010-12-24 00:00:00,1
2010-12-27 00:00:00,2010-12-27 00:00:00,21.9,2010-12-27 00:00:00,20.6,21,180,317900,6707090,2010-12-27 00:00:00,1
2010-12-28 00:00:00,2010-12-28 00:00:00,21.3,2010-12-28 00:00:00,20.8,20.9,50,93900,1961700,2010-12-28 00:00:00,1
2010-12-29 00:00:00,2010-12-29 00:00:00,21.2,2010-12-29 00:00:00,20.2,21,191,246400,5150630,2010-12-29 00:00:00,1
2010-12-30 00:00:00,2010-12-30 00:00:00,21.2,2010-12-30 00:00:00,19.1,19.9,220,386700,7771870,2010-12-30 00:00:00,1
2010-12-31 00:00:00,2010-12-31 00:00:00,20.5,2010-12-31 00:00:00,20,20.4,97,149400,3040790,2010-12-31 00:00:00,1
Company Id :  BOPL,,Security Type :  R,,Sub Type :  0000,,,,,,
Short Name :  BOGAWANTALAWA,,,,,,,,,,
Day,Date High,High,Date Low,Low,Closing,No. of Trades,No. of Shares,Turnover,Last Traded,Days Traded
2010-12-02 00:00:00,2010-12-02 00:00:00,12,2010-12-02 00:00:00,9.1,12,3,800,8150,2010-12-02 00:00:00,1
2010-12-03 00:00:00,2010-12-03 00:00:00,15,2010-12-03 00:00:00,11.9,12,31,16500,202870,2010-12-03 00:00:00,1
2010-12-07 00:00:00,2010-12-07 00:00:00,9.5,2010-12-07 00:00:00,9.5,9.5,2,200,1900,2010-12-07 00:00:00,1
2010-12-08 00:00:00,2010-12-08 00:00:00,9.5,2010-12-08 00:00:00,9.1,9.5,3,700,6460,2010-12-08 00:00:00,1
2010-12-09 00:00:00,2010-12-09 00:00:00,10,2010-12-09 00:00:00,8,8.6,16,6600,55390,2010-12-09 00:00:00,1
Company Id :  BREW,,Security Type :  N,,Sub Type :  0000,,,,,,
Short Name :  CEYLON BREWERY,,,,,,,,,,
Day,Date High,High,Date Low,Low,Closing,No. of Trades,No. of Shares,Turnover,Last Traded,Days Traded
2010-01-04 00:00:00,2010-01-04 00:00:00,116.5,2010-01-04 00:00:00,111,116,20,13100,1495325,2010-01-04 00:00:00,1
2010-01-05 00:00:00,2010-01-05 00:00:00,120,2010-01-05 00:00:00,112.5,112.75,12,14000,1637500,2010-01-05 00:00:00,1
2010-01-06 00:00:00,2010-01-06 00:00:00,130,2010-01-06 00:00:00,117,120.5,22,6600,795650,2010-01-06 00:00:00,1
2010-01-07 00:00:00,2010-01-07 00:00:00,122,2010-01-07 00:00:00,119,120,10,13300,1596600,2010-01-07 00:00:00,1
2010-01-08 00:00:00,2010-01-08 00:00:00,120,2010-01-08 00:00:00,120,120,5,1100,132000,2010-01-08 00:00:00,1
2010-01-12 00:00:00,2010-01-12 00:00:00,121,2010-01-12 00:00:00,120,121,2,2200,266000,2010-01-12 00:00:00,1
2010-01-13 00:00:00,2010-01-13 00:00:00,120.25,2010-01-13 00:00:00,120,120.25,2,200,24025,2010-01-13 00:00:00,1
2010-01-15 00:00:00,2010-01-15 00:00:00,120,2010-01-15 00:00:00,120,120,1,500,60000,2010-01-15 00:00:00,1
2010-01-18 00:00:00,2010-01-18 00:00:00,120,2010-01-18 00:00:00,120,120,8,2400,288000,2010-01-18 00:00:00,1
2010-01-19 00:00:00,2010-01-19 00:00:00,120,2010-01-19 00:00:00,120,120,1,100,12000,2010-01-19 00:00:00,1
2010-01-20 00:00:00,2010-01-20 00:00:00,120,2010-01-20 00:00:00,119,119,2,1100,131900,2010-01-20 00:00:00,1
2010-01-21 00:00:00,2010-01-21 00:00:00,154.75,2010-01-21 00:00:00,125,141.5,90,23400,3257875,2010-01-21 00:00:00,1
2010-01-22 00:00:00,2010-01-22 00:00:00,147,2010-01-22 00:00:00,143,147,8,1900,275350,2010-01-22 00:00:00,1
2010-01-25 00:00:00,2010-01-25 00:00:00,145.25,2010-01-25 00:00:00,145,145.25,2,200,29025,2010-01-25 00:00:00,1
2010-01-26 00:00:00,2010-01-26 00:00:00,145,2010-01-26 00:00:00,145,145,1,3400,493000,2010-01-26 00:00:00,1
2010-01-28 00:00:00,2010-01-28 00:00:00,145,2010-01-28 00:00:00,125,144.25,6,1900,268450,2010-01-28 00:00:00,1
2010-02-01 00:00:00,2010-02-01 00:00:00,155,2010-02-01 00:00:00,145,151.5,14,4100,614300,2010-02-01 00:00:00,1
2010-02-02 00:00:00,2010-02-02 00:00:00,170,2010-02-02 00:00:00,163,163,6,1400,235450,2010-02-02 00:00:00,1
2010-02-03 00:00:00,2010-02-03 00:00:00,163,2010-02-03 00:00:00,150,163,7,6600,1009575,2010-02-03 00:00:00,1
2010-02-08 00:00:00,2010-02-08 00:00:00,165,2010-02-08 00:00:00,160,161.5,8,5000,807300,2010-02-08 00:00:00,1
2010-02-09 00:00:00,2010-02-09 00:00:00,170,2010-02-09 00:00:00,160,169.75,10,3600,597350,2010-02-09 00:00:00,1
2010-02-10 00:00:00,2010-02-10 00:00:00,160,2010-02-10 00:00:00,160,160,1,100,16000,2010-02-10 00:00:00,1
2010-02-11 00:00:00,2010-02-11 00:00:00,163,2010-02-11 00:00:00,160,160,4,1800,292600,2010-02-11 00:00:00,1
2010-02-15 00:00:00,2010-02-15 00:00:00,162,2010-02-15 00:00:00,152.75,162,2,400,63875,2010-02-15 00:00:00,1
2010-02-16 00:00:00,2010-02-16 00:00:00,155,2010-02-16 00:00:00,154,155,6,2800,433850,2010-02-16 00:00:00,1
2010-02-18 00:00:00,2010-02-18 00:00:00,165,2010-02-18 00:00:00,160,161,3,500,80500,2010-02-18 00:00:00,1
2010-02-22 00:00:00,2010-02-22 00:00:00,170,2010-02-22 00:00:00,161,165.75,5,1800,296050,2010-02-22 00:00:00,1
2010-02-24 00:00:00,2010-02-24 00:00:00,165,2010-02-24 00:00:00,165,165,2,1300,214500,2010-02-24 00:00:00,1
2010-02-26 00:00:00,2010-02-26 00:00:00,174,2010-02-26 00:00:00,161,167,53,20500,3422125,2010-02-26 00:00:00,1
2010-03-01 00:00:00,2010-03-01 00:00:00,175,2010-03-01 00:00:00,170,174.25,10,3700,634000,2010-03-01 00:00:00,1
2010-03-02 00:00:00,2010-03-02 00:00:00,175.5,2010-03-02 00:00:00,170,170.75,7,3000,512150,2010-03-02 00:00:00,1
2010-03-03 00:00:00,2010-03-03 00:00:00,160,2010-03-03 00:00:00,160,160,1,100,16000,2010-03-03 00:00:00,1
2010-03-04 00:00:00,2010-03-04 00:00:00,175,2010-03-04 00:00:00,165,174.75,3,800,134975,2010-03-04 00:00:00,1
2010-03-17 00:00:00,2010-03-17 00:00:00,175,2010-03-17 00:00:00,175,175,3,700,122500,2010-03-17 00:00:00,1
2010-03-24 00:00:00,2010-03-24 00:00:00,175,2010-03-24 00:00:00,175,175,4,3400,595000,2010-03-24 00:00:00,1
2010-03-25 00:00:00,2010-03-25 00:00:00,175,2010-03-25 00:00:00,175,175,5,1600,280000,2010-03-25 00:00:00,1
2010-03-31 00:00:00,2010-03-31 00:00:00,180.5,2010-03-31 00:00:00,178,180,16,17600,3166625,2010-03-31 00:00:00,1
2010-04-01 00:00:00,2010-04-01 00:00:00,187.75,2010-04-01 00:00:00,180,182.25,5,2600,474050,2010-04-01 00:00:00,1
2010-04-05 00:00:00,2010-04-05 00:00:00,188,2010-04-05 00:00:00,188,188,1,500,94000,2010-04-05 00:00:00,1
2010-04-06 00:00:00,2010-04-06 00:00:00,193.25,2010-04-06 00:00:00,188,192.75,12,2700,515575,2010-04-06 00:00:00,1
2010-04-08 00:00:00,2010-04-08 00:00:00,190,2010-04-08 00:00:00,190,190,1,100,19000,2010-04-08 00:00:00,1
2010-04-12 00:00:00,2010-04-12 00:00:00,195,2010-04-12 00:00:00,190,192.75,4,500,96400,2010-04-12 00:00:00,1
2010-04-19 00:00:00,2010-04-19 00:00:00,190,2010-04-19 00:00:00,190,190,1,10000,1900000,2010-04-19 00:00:00,1
2010-04-23 00:00:00,2010-04-23 00:00:00,195,2010-04-23 00:00:00,190,193,2,500,96500,2010-04-23 00:00:00,1
2010-04-26 00:00:00,2010-04-26 00:00:00,195,2010-04-26 00:00:00,190,193.25,10,13300,2589000,2010-04-26 00:00:00,1
2010-04-29 00:00:00,2010-04-29 00:00:00,195,2010-04-29 00:00:00,190,194.25,5,1000,194200,2010-04-29 00:00:00,1
2010-04-30 00:00:00,2010-04-30 00:00:00,198,2010-04-30 00:00:00,198,198,1,1000,198000,2010-04-30 00:00:00,1
2010-05-04 00:00:00,2010-05-04 00:00:00,198.5,2010-05-04 00:00:00,198.5,198.5,7,1500,297750,2010-05-04 00:00:00,1
2010-05-05 00:00:00,2010-05-05 00:00:00,200,2010-05-05 00:00:00,200,200,3,1500,300000,2010-05-05 00:00:00,1
2010-05-13 00:00:00,2010-05-13 00:00:00,205,2010-05-13 00:00:00,205,205,10,26000,5330000,2010-05-13 00:00:00,1
2010-05-19 00:00:00,2010-05-19 00:00:00,195,2010-05-19 00:00:00,195,195,2,1100,214500,2010-05-19 00:00:00,1
2010-05-24 00:00:00,2010-05-24 00:00:00,195,2010-05-24 00:00:00,195,195,1,100,19500,2010-05-24 00:00:00,1
2010-05-25 00:00:00,2010-05-25 00:00:00,210,2010-05-25 00:00:00,203.75,204.75,5,1600,327575,2010-05-25 00:00:00,1
2010-06-01 00:00:00,2010-06-01 00:00:00,205,2010-06-01 00:00:00,205,205,1,200,41000,2010-06-01 00:00:00,1
2010-06-04 00:00:00,2010-06-04 00:00:00,210,2010-06-04 00:00:00,210,210,1,1000,210000,2010-06-04 00:00:00,1
2010-06-07 00:00:00,2010-06-07 00:00:00,220,2010-06-07 00:00:00,210.75,219,4,900,197075,2010-06-07 00:00:00,1
2010-06-08 00:00:00,2010-06-08 00:00:00,239,2010-06-08 00:00:00,220,228.5,10,2400,548500,2010-06-08 00:00:00,1
2010-06-14 00:00:00,2010-06-14 00:00:00,230,2010-06-14 00:00:00,230,230,8,17500,4025000,2010-06-14 00:00:00,1
2010-06-15 00:00:00,2010-06-15 00:00:00,230,2010-06-15 00:00:00,225,230,12,15200,3446000,2010-06-15 00:00:00,1
2010-06-16 00:00:00,2010-06-16 00:00:00,230,2010-06-16 00:00:00,230,230,1,500,115000,2010-06-16 00:00:00,1
2010-06-17 00:00:00,2010-06-17 00:00:00,225,2010-06-17 00:00:00,225,225,1,100,22500,2010-06-17 00:00:00,1
2010-06-21 00:00:00,2010-06-21 00:00:00,247,2010-06-21 00:00:00,235,235,8,16200,3965000,2010-06-21 00:00:00,1
2010-06-22 00:00:00,2010-06-22 00:00:00,235,2010-06-22 00:00:00,235,235,2,400,94000,2010-06-22 00:00:00,1
2010-06-28 00:00:00,2010-06-28 00:00:00,229.75,2010-06-28 00:00:00,220,225,2,200,44975,2010-06-28 00:00:00,1
2010-06-29 00:00:00,2010-06-29 00:00:00,225,2010-06-29 00:00:00,225,225,1,4400,990000,2010-06-29 00:00:00,1
2010-07-05 00:00:00,2010-07-05 00:00:00,210,2010-07-05 00:00:00,210,210,1,200,42000,2010-07-05 00:00:00,1
2010-07-07 00:00:00,2010-07-07 00:00:00,210,2010-07-07 00:00:00,205,205,11,14300,2933000,2010-07-07 00:00:00,1
2010-07-09 00:00:00,2010-07-09 00:00:00,205,2010-07-09 00:00:00,205,205,1,500,102500,2010-07-09 00:00:00,1
2010-07-12 00:00:00,2010-07-12 00:00:00,205,2010-07-12 00:00:00,205,205,2,2000,410000,2010-07-12 00:00:00,1
2010-07-15 00:00:00,2010-07-15 00:00:00,215,2010-07-15 00:00:00,205,215,6,4100,851000,2010-07-15 00:00:00,1
2010-07-16 00:00:00,2010-07-16 00:00:00,245,2010-07-16 00:00:00,215,221.75,3,900,199500,2010-07-16 00:00:00,1
2010-07-19 00:00:00,2010-07-19 00:00:00,250,2010-07-19 00:00:00,244.75,250,16,9900,2473925,2010-07-19 00:00:00,1
2010-07-22 00:00:00,2010-07-22 00:00:00,232,2010-07-22 00:00:00,230,231,2,1000,231000,2010-07-22 00:00:00,1
2010-07-26 00:00:00,2010-07-26 00:00:00,245,2010-07-26 00:00:00,245,245,1,5000,1225000,2010-07-26 00:00:00,1
2010-07-27 00:00:00,2010-07-27 00:00:00,245,2010-07-27 00:00:00,245,245,2,200,49000,2010-07-27 00:00:00,1
2010-07-28 00:00:00,2010-07-28 00:00:00,245,2010-07-28 00:00:00,245,245,2,700,171500,2010-07-28 00:00:00,1
2010-07-29 00:00:00,2010-07-29 00:00:00,250,2010-07-29 00:00:00,240,243,3,14500,3525000,2010-07-29 00:00:00,1
2010-08-09 00:00:00,2010-08-09 00:00:00,218.7,2010-08-09 00:00:00,218.7,218.7,2,500,109350,2010-08-09 00:00:00,1
2010-08-10 00:00:00,2010-08-10 00:00:00,215,2010-08-10 00:00:00,215,215,1,200,43000,2010-08-10 00:00:00,1
2010-08-11 00:00:00,2010-08-11 00:00:00,225,2010-08-11 00:00:00,219,225,4,400,89400,2010-08-11 00:00:00,1
2010-08-13 00:00:00,2010-08-13 00:00:00,240,2010-08-13 00:00:00,240,240,3,700,168000,2010-08-13 00:00:00,1
2010-08-16 00:00:00,2010-08-16 00:00:00,240,2010-08-16 00:00:00,240,240,1,100,24000,2010-08-16 00:00:00,1
2010-08-17 00:00:00,2010-08-17 00:00:00,260,2010-08-17 00:00:00,258,258.7,2,300,77600,2010-08-17 00:00:00,1
2010-08-18 00:00:00,2010-08-18 00:00:00,,2010-08-18 00:00:00,,,2,1742900,450888230,2010-08-18 00:00:00,1
2010-08-19 00:00:00,2010-08-19 00:00:00,284,2010-08-19 00:00:00,284,284,2,200,56800,2010-08-19 00:00:00,1
2010-08-20 00:00:00,2010-08-20 00:00:00,275,2010-08-20 00:00:00,275,275,2,3000,825000,2010-08-20 00:00:00,1
2010-08-25 00:00:00,2010-08-25 00:00:00,302,2010-08-25 00:00:00,302,302,1,100,30200,2010-08-25 00:00:00,1
2010-08-26 00:00:00,2010-08-26 00:00:00,300,2010-08-26 00:00:00,300,300,1,200,60000,2010-08-26 00:00:00,1
2010-08-27 00:00:00,2010-08-27 00:00:00,329.9,2010-08-27 00:00:00,300,315,5,1300,407940,2010-08-27 00:00:00,1
2010-08-30 00:00:00,2010-08-30 00:00:00,319.9,2010-08-30 00:00:00,319.9,319.9,3,600,191940,2010-08-30 00:00:00,1
2010-08-31 00:00:00,2010-08-31 00:00:00,300,2010-08-31 00:00:00,300,300,1,200,60000,2010-08-31 00:00:00,1
2010-09-01 00:00:00,2010-09-01 00:00:00,300.2,2010-09-01 00:00:00,300.2,300.2,2,500,150100,2010-09-01 00:00:00,1
2010-09-02 00:00:00,2010-09-02 00:00:00,302,2010-09-02 00:00:00,300,300,4,500,150600,2010-09-02 00:00:00,1
2010-09-08 00:00:00,2010-09-08 00:00:00,330,2010-09-08 00:00:00,325,325,6,3900,1285990,2010-09-08 00:00:00,1
2010-09-09 00:00:00,2010-09-09 00:00:00,350,2010-09-09 00:00:00,320.1,334.3,4,1200,409020,2010-09-09 00:00:00,1
2010-09-13 00:00:00,2010-09-13 00:00:00,354,2010-09-13 00:00:00,354,354,1,100,35400,2010-09-13 00:00:00,1
2010-09-14 00:00:00,2010-09-14 00:00:00,319,2010-09-14 00:00:00,318.6,318.6,5,3500,1115220,2010-09-14 00:00:00,1
2010-09-15 00:00:00,2010-09-15 00:00:00,315,2010-09-15 00:00:00,315,315,2,400,126000,2010-09-15 00:00:00,1
2010-09-23 00:00:00,2010-09-23 00:00:00,325,2010-09-23 00:00:00,325,325,1,500,162500,2010-09-23 00:00:00,1
2010-09-24 00:00:00,2010-09-24 00:00:00,330,2010-09-24 00:00:00,325,330,12,3600,1174800,2010-09-24 00:00:00,1
2010-09-27 00:00:00,2010-09-27 00:00:00,325,2010-09-27 00:00:00,325,325,1,3700,1202500,2010-09-27 00:00:00,1
2010-09-30 00:00:00,2010-09-30 00:00:00,320,2010-09-30 00:00:00,320,320,1,100,32000,2010-09-30 00:00:00,1
2010-10-04 00:00:00,2010-10-04 00:00:00,325,2010-10-04 00:00:00,324,324.6,4,2000,649200,2010-10-04 00:00:00,1
2010-10-06 00:00:00,2010-10-06 00:00:00,325,2010-10-06 00:00:00,325,325,1,100,32500,2010-10-06 00:00:00,1
2010-10-07 00:00:00,2010-10-07 00:00:00,325,2010-10-07 00:00:00,325,325,2,300,97500,2010-10-07 00:00:00,1
2010-10-08 00:00:00,2010-10-08 00:00:00,325,2010-10-08 00:00:00,305,325,5,2600,795000,2010-10-08 00:00:00,1
2010-10-13 00:00:00,2010-10-13 00:00:00,261.5,2010-10-13 00:00:00,250,261.5,3,4400,1139100,2010-10-13 00:00:00,1
2010-10-14 00:00:00,2010-10-14 00:00:00,315,2010-10-14 00:00:00,315,315,1,9700,3055500,2010-10-14 00:00:00,1
2010-10-19 00:00:00,2010-10-19 00:00:00,325,2010-10-19 00:00:00,325,325,1,100,32500,2010-10-19 00:00:00,1
2010-10-26 00:00:00,2010-10-26 00:00:00,315,2010-10-26 00:00:00,315,315,5,1000,315000,2010-10-26 00:00:00,1
2010-10-27 00:00:00,2010-10-27 00:00:00,320,2010-10-27 00:00:00,305,320,6,5200,1662500,2010-10-27 00:00:00,1
2010-10-28 00:00:00,2010-10-28 00:00:00,320,2010-10-28 00:00:00,320,320,1,100,32000,2010-10-28 00:00:00,1
2010-10-29 00:00:00,2010-10-29 00:00:00,320,2010-10-29 00:00:00,320,320,1,100,32000,2010-10-29 00:00:00,1
2010-11-01 00:00:00,2010-11-01 00:00:00,325,2010-11-01 00:00:00,315,325,4,700,226480,2010-11-01 00:00:00,1
2010-11-04 00:00:00,2010-11-04 00:00:00,325,2010-11-04 00:00:00,325,325,1,100,32500,2010-11-04 00:00:00,1
2010-11-08 00:00:00,2010-11-08 00:00:00,345,2010-11-08 00:00:00,345,345,2,3500,1207500,2010-11-08 00:00:00,1
2010-11-09 00:00:00,2010-11-09 00:00:00,325,2010-11-09 00:00:00,325,325,1,200,65000,2010-11-09 00:00:00,1
2010-11-12 00:00:00,2010-11-12 00:00:00,325,2010-11-12 00:00:00,325,325,1,100,32500,2010-11-12 00:00:00,1
2010-11-15 00:00:00,2010-11-15 00:00:00,325,2010-11-15 00:00:00,325,325,1,300,97500,2010-11-15 00:00:00,1
2010-11-16 00:00:00,2010-11-16 00:00:00,325,2010-11-16 00:00:00,325,325,1,400,130000,2010-11-16 00:00:00,1
2010-11-18 00:00:00,2010-11-18 00:00:00,325,2010-11-18 00:00:00,325,325,4,2000,650000,2010-11-18 00:00:00,1
2010-11-22 00:00:00,2010-11-22 00:00:00,325,2010-11-22 00:00:00,324.9,325,2,1200,389980,2010-11-22 00:00:00,1
2010-11-23 00:00:00,2010-11-23 00:00:00,317,2010-11-23 00:00:00,315,315,3,10000,3150200,2010-11-23 00:00:00,1
2010-11-24 00:00:00,2010-11-24 00:00:00,315,2010-11-24 00:00:00,315,315,1,1000,315000,2010-11-24 00:00:00,1
2010-11-26 00:00:00,2010-11-26 00:00:00,295,2010-11-26 00:00:00,295,295,1,2000,590000,2010-11-26 00:00:00,1
2010-11-30 00:00:00,2010-11-30 00:00:00,315,2010-11-30 00:00:00,315,315,2,200,63000,2010-11-30 00:00:00,1
2010-12-30 00:00:00,2010-12-30 00:00:00,320,2010-12-30 00:00:00,320,320,1,100,32000,2010-12-30 00:00:00,1
Company Id :  BRWN,,Security Type :  N,,Sub Type :  0000,,,,,,
Short Name :  BROWNS,,,,,,,,,,
Day,Date High,High,Date Low,Low,Closing,No. of Trades,No. of Shares,Turnover,Last Traded,Days Traded
2010-01-04 00:00:00,2010-01-04 00:00:00,77.25,2010-01-04 00:00:00,75,77,74,49700,3813325,2010-01-04 00:00:00,1
2010-01-05 00:00:00,2010-01-05 00:00:00,79,2010-01-05 00:00:00,76.5,77,148,205100,15953975,2010-01-05 00:00:00,1
2010-01-06 00:00:00,2010-01-06 00:00:00,82,2010-01-06 00:00:00,77,80.5,248,249900,20147775,2010-01-06 00:00:00,1
2010-01-07 00:00:00,2010-01-07 00:00:00,81,2010-01-07 00:00:00,77.25,79,44,49700,3893425,2010-01-07 00:00:00,1
2010-01-08 00:00:00,2010-01-08 00:00:00,80.5,2010-01-08 00:00:00,78,79.75,83,147100,11586575,2010-01-08 00:00:00,1
2010-01-11 00:00:00,2010-01-11 00:00:00,81,2010-01-11 00:00:00,78,79.5,80,125300,9981625,2010-01-11 00:00:00,1
2010-01-12 00:00:00,2010-01-12 00:00:00,79,2010-01-12 00:00:00,77.75,78,41,35400,2769400,2010-01-12 00:00:00,1
2010-01-13 00:00:00,2010-01-13 00:00:00,79.5,2010-01-13 00:00:00,76,79,30,24800,1953075,2010-01-13 00:00:00,1
2010-01-15 00:00:00,2010-01-15 00:00:00,81,2010-01-15 00:00:00,79,79.25,106,191800,15365075,2010-01-15 00:00:00,1
2010-01-18 00:00:00,2010-01-18 00:00:00,80,2010-01-18 00:00:00,78,78.75,65,108000,8567575,2010-01-18 00:00:00,1
2010-01-19 00:00:00,2010-01-19 00:00:00,81.25,2010-01-19 00:00:00,78,80.75,361,615600,49152500,2010-01-19 00:00:00,1
2010-01-20 00:00:00,2010-01-20 00:00:00,87,2010-01-20 00:00:00,82,85.75,777,1156600,97545450,2010-01-20 00:00:00,1
2010-01-21 00:00:00,2010-01-21 00:00:00,89,2010-01-21 00:00:00,84.75,85,359,387900,33494750,2010-01-21 00:00:00,1
2010-01-22 00:00:00,2010-01-22 00:00:00,86,2010-01-22 00:00:00,84,84.75,174,314700,26846100,2010-01-22 00:00:00,1
2010-01-25 00:00:00,2010-01-25 00:00:00,85,2010-01-25 00:00:00,83.75,84,159,310500,26289250,2010-01-25 00:00:00,1
2010-01-26 00:00:00,2010-01-26 00:00:00,87.5,2010-01-26 00:00:00,84.5,87,292,613000,52781750,2010-01-26 00:00:00,1
2010-01-28 00:00:00,2010-01-28 00:00:00,93,2010-01-28 00:00:00,84,90.75,464,647600,57123325,2010-01-28 00:00:00,1
2010-02-01 00:00:00,2010-02-01 00:00:00,92.25,2010-02-01 00:00:00,89.5,90,204,381800,34663425,2010-02-01 00:00:00,1
2010-02-02 00:00:00,2010-02-02 00:00:00,91,2010-02-02 00:00:00,88.75,89.25,111,108400,9682125,2010-02-02 00:00:00,1
2010-02-03 00:00:00,2010-02-03 00:00:00,90.75,2010-02-03 00:00:00,88.25,88.5,88,96000,8548100,2010-02-03 00:00:00,1
2010-02-05 00:00:00,2010-02-05 00:00:00,88.5,2010-02-05 00:00:00,87,88,81,184100,16178600,2010-02-05 00:00:00,1
2010-02-08 00:00:00,2010-02-08 00:00:00,98.5,2010-02-08 00:00:00,90,97.25,671,1029200,98285325,2010-02-08 00:00:00,1
2010-02-09 00:00:00,2010-02-09 00:00:00,98,2010-02-09 00:00:00,93.5,95.5,195,264000,25180375,2010-02-09 00:00:00,1
2010-02-10 00:00:00,2010-02-10 00:00:00,103,2010-02-10 00:00:00,98,99.75,573,850500,85604000,2010-02-10 00:00:00,1
2010-02-11 00:00:00,2010-02-11 00:00:00,102.75,2010-02-11 00:00:00,96,97.5,155,200100,19801950,2010-02-11 00:00:00,1
2010-02-12 00:00:00,2010-02-12 00:00:00,102,2010-02-12 00:00:00,94,95.75,283,329000,31861500,2010-02-12 00:00:00,1
2010-02-15 00:00:00,2010-02-15 00:00:00,96.5,2010-02-15 00:00:00,92.25,93.25,111,287800,28594625,2010-02-15 00:00:00,1
2010-02-16 00:00:00,2010-02-16 00:00:00,95,2010-02-16 00:00:00,90,90.5,144,138200,12618150,2010-02-16 00:00:00,1
2010-02-17 00:00:00,2010-02-17 00:00:00,92.5,2010-02-17 00:00:00,90.5,91,96,50500,4614800,2010-02-17 00:00:00,1
2010-02-18 00:00:00,2010-02-18 00:00:00,92,2010-02-18 00:00:00,90.25,90.75,81,64100,5827275,2010-02-18 00:00:00,1
2010-02-19 00:00:00,2010-02-19 00:00:00,90,2010-02-19 00:00:00,89,89.75,99,91500,8218750,2010-02-19 00:00:00,1
2010-02-22 00:00:00,2010-02-22 00:00:00,92,2010-02-22 00:00:00,90,90.25,72,70800,6408900,2010-02-22 00:00:00,1
2010-02-23 00:00:00,2010-02-23 00:00:00,91.75,2010-02-23 00:00:00,89,89.25,40,37400,3353500,2010-02-23 00:00:00,1
2010-02-24 00:00:00,2010-02-24 00:00:00,90,2010-02-24 00:00:00,89,89,38,51100,4563500,2010-02-24 00:00:00,1
2010-02-25 00:00:00,2010-02-25 00:00:00,89,2010-02-25 00:00:00,88,88.5,68,76200,6753175,2010-02-25 00:00:00,1
2010-02-26 00:00:00,2010-02-26 00:00:00,89.25,2010-02-26 00:00:00,88,88.5,32,53800,4759625,2010-02-26 00:00:00,1
2010-03-01 00:00:00,2010-03-01 00:00:00,91,2010-03-01 00:00:00,88,90,115,310200,27856075,2010-03-01 00:00:00,1
2010-03-02 00:00:00,2010-03-02 00:00:00,91,2010-03-02 00:00:00,89.25,89.5,66,478400,42892325,2010-03-02 00:00:00,1
2010-03-03 00:00:00,2010-03-03 00:00:00,91,2010-03-03 00:00:00,88,89.5,148,253200,22777875,2010-03-03 00:00:00,1
2010-03-04 00:00:00,2010-03-04 00:00:00,91,2010-03-04 00:00:00,89,89,78,455900,40600925,2010-03-04 00:00:00,1
2010-03-05 00:00:00,2010-03-05 00:00:00,90.5,2010-03-05 00:00:00,89.75,90,93,143000,12872825,2010-03-05 00:00:00,1
2010-03-08 00:00:00,2010-03-08 00:00:00,90,2010-03-08 00:00:00,88.5,88.75,46,139300,12422750,2010-03-08 00:00:00,1
2010-03-09 00:00:00,2010-03-09 00:00:00,88.75,2010-03-09 00:00:00,88,88.25,46,50400,4461825,2010-03-09 00:00:00,1
2010-03-10 00:00:00,2010-03-10 00:00:00,88,2010-03-10 00:00:00,87,87.25,45,63800,5562975,2010-03-10 00:00:00,1
2010-03-11 00:00:00,2010-03-11 00:00:00,89,2010-03-11 00:00:00,88,88,39,79300,6991475,2010-03-11 00:00:00,1
2010-03-12 00:00:00,2010-03-12 00:00:00,90,2010-03-12 00:00:00,88,89,66,139400,12412550,2010-03-12 00:00:00,1
2010-03-15 00:00:00,2010-03-15 00:00:00,90.25,2010-03-15 00:00:00,89,89,20,8600,769400,2010-03-15 00:00:00,1
2010-03-16 00:00:00,2010-03-16 00:00:00,89.5,2010-03-16 00:00:00,87.75,88.75,37,53400,4721800,2010-03-16 00:00:00,1
2010-03-17 00:00:00,2010-03-17 00:00:00,89,2010-03-17 00:00:00,87.75,88,22,32600,2886650,2010-03-17 00:00:00,1
2010-03-18 00:00:00,2010-03-18 00:00:00,90,2010-03-18 00:00:00,87,87.5,37,43800,3861200,2010-03-18 00:00:00,1
2010-03-19 00:00:00,2010-03-19 00:00:00,87.5,2010-03-19 00:00:00,86,87,40,90000,7827300,2010-03-19 00:00:00,1
2010-03-22 00:00:00,2010-03-22 00:00:00,87,2010-03-22 00:00:00,85.5,85.5,31,17000,1461000,2010-03-22 00:00:00,1
2010-03-23 00:00:00,2010-03-23 00:00:00,86,2010-03-23 00:00:00,85,86,55,73900,6281750,2010-03-23 00:00:00,1
2010-03-24 00:00:00,2010-03-24 00:00:00,88.25,2010-03-24 00:00:00,85,85,23,12200,1041225,2010-03-24 00:00:00,1
2010-03-25 00:00:00,2010-03-25 00:00:00,92,2010-03-25 00:00:00,85,87.5,107,162000,14523025,2010-03-25 00:00:00,1
2010-03-26 00:00:00,2010-03-26 00:00:00,89,2010-03-26 00:00:00,86,87,31,32500,2852200,2010-03-26 00:00:00,1
2010-03-30 00:00:00,2010-03-30 00:00:00,89.75,2010-03-30 00:00:00,87,87,63,30700,2712900,2010-03-30 00:00:00,1
2010-03-31 00:00:00,2010-03-31 00:00:00,88,2010-03-31 00:00:00,85.75,87.75,12,13200,1157100,2010-03-31 00:00:00,1
2010-04-01 00:00:00,2010-04-01 00:00:00,88,2010-04-01 00:00:00,86,87,22,9900,866900,2010-04-01 00:00:00,1
2010-04-05 00:00:00,2010-04-05 00:00:00,90,2010-04-05 00:00:00,88,89.25,40,33900,3006700,2010-04-05 00:00:00,1
2010-04-06 00:00:00,2010-04-06 00:00:00,94.75,2010-04-06 00:00:00,89,93.75,216,357600,33270175,2010-04-06 00:00:00,1
2010-04-07 00:00:00,2010-04-07 00:00:00,95,2010-04-07 00:00:00,93.5,93.75,91,114400,10788050,2010-04-07 00:00:00,1
2010-04-08 00:00:00,2010-04-08 00:00:00,94,2010-04-08 00:00:00,92,93.5,24,22500,2104650,2010-04-08 00:00:00,1
2010-04-12 00:00:00,2010-04-12 00:00:00,94,2010-04-12 00:00:00,91.5,91.75,34,27900,2582850,2010-04-12 00:00:00,1
2010-04-15 00:00:00,2010-04-15 00:00:00,92.75,2010-04-15 00:00:00,92,92.25,29,80100,7395675,2010-04-15 00:00:00,1
2010-04-16 00:00:00,2010-04-16 00:00:00,93.5,2010-04-16 00:00:00,91.75,93,42,48600,4481450,2010-04-16 00:00:00,1
2010-04-19 00:00:00,2010-04-19 00:00:00,94.5,2010-04-19 00:00:00,91.5,94,83,121700,11440300,2010-04-19 00:00:00,1
2010-04-20 00:00:00,2010-04-20 00:00:00,95.5,2010-04-20 00:00:00,94,94.75,87,135900,12897550,2010-04-20 00:00:00,1
2010-04-21 00:00:00,2010-04-21 00:00:00,96,2010-04-21 00:00:00,92,94.25,75,125700,11893075,2010-04-21 00:00:00,1
2010-04-22 00:00:00,2010-04-22 00:00:00,95,2010-04-22 00:00:00,94,95,84,142800,13510475,2010-04-22 00:00:00,1
2010-04-23 00:00:00,2010-04-23 00:00:00,96.25,2010-04-23 00:00:00,94,94.75,73,141100,13377875,2010-04-23 00:00:00,1
2010-04-26 00:00:00,2010-04-26 00:00:00,96,2010-04-26 00:00:00,94,95.75,69,146700,14008825,2010-04-26 00:00:00,1
2010-04-27 00:00:00,2010-04-27 00:00:00,96,2010-04-27 00:00:00,95,95.5,21,27100,2587375,2010-04-27 00:00:00,1
2010-04-29 00:00:00,2010-04-29 00:00:00,96.75,2010-04-29 00:00:00,93,93.75,16,7400,710250,2010-04-29 00:00:00,1
2010-04-30 00:00:00,2010-04-30 00:00:00,99,2010-04-30 00:00:00,94,95.25,48,130900,12551050,2010-04-30 00:00:00,1
2010-05-03 00:00:00,2010-05-03 00:00:00,97,2010-05-03 00:00:00,95.5,96.75,72,116700,11271550,2010-05-03 00:00:00,1
2010-05-04 00:00:00,2010-05-04 00:00:00,97,2010-05-04 00:00:00,96,96.75,49,55400,5341850,2010-05-04 00:00:00,1
2010-05-05 00:00:00,2010-05-05 00:00:00,96,2010-05-05 00:00:00,95,96,25,71700,6863125,2010-05-05 00:00:00,1
2010-05-06 00:00:00,2010-05-06 00:00:00,97.5,2010-05-06 00:00:00,95,97,114,261000,25167725,2010-05-06 00:00:00,1
2010-05-07 00:00:00,2010-05-07 00:00:00,99.75,2010-05-07 00:00:00,97.25,98.75,244,387200,38282250,2010-05-07 00:00:00,1
2010-05-10 00:00:00,2010-05-10 00:00:00,101,2010-05-10 00:00:00,98,100,179,450300,44926675,2010-05-10 00:00:00,1
2010-05-11 00:00:00,2010-05-11 00:00:00,103.5,2010-05-11 00:00:00,100,101,219,313200,31906650,2010-05-11 00:00:00,1
2010-05-12 00:00:00,2010-05-12 00:00:00,102,2010-05-12 00:00:00,97,100,44,45500,4550100,2010-05-12 00:00:00,1
2010-05-13 00:00:00,2010-05-13 00:00:00,100.5,2010-05-13 00:00:00,97,97.5,52,51400,5107250,2010-05-13 00:00:00,1
2010-05-14 00:00:00,2010-05-14 00:00:00,99.75,2010-05-14 00:00:00,98,98.75,13,5900,581350,2010-05-14 00:00:00,1
2010-05-17 00:00:00,2010-05-17 00:00:00,98.5,2010-05-17 00:00:00,96.75,96.75,23,10600,1029525,2010-05-17 00:00:00,1
2010-05-18 00:00:00,2010-05-18 00:00:00,99.75,2010-05-18 00:00:00,96,97.25,23,22200,2175750,2010-05-18 00:00:00,1
2010-05-19 00:00:00,2010-05-19 00:00:00,97.5,2010-05-19 00:00:00,96,96.75,46,44800,4342000,2010-05-19 00:00:00,1
2010-05-20 00:00:00,2010-05-20 00:00:00,100,2010-05-20 00:00:00,95,98.5,64,272100,26688925,2010-05-20 00:00:00,1
2010-05-21 00:00:00,2010-05-21 00:00:00,99.5,2010-05-21 00:00:00,97.25,98,76,437200,42864400,2010-05-21 00:00:00,1
2010-05-24 00:00:00,2010-05-24 00:00:00,98,2010-05-24 00:00:00,97.75,98,41,86800,8499500,2010-05-24 00:00:00,1
2010-05-25 00:00:00,2010-05-25 00:00:00,98.25,2010-05-25 00:00:00,98,98.25,3,2300,225725,2010-05-25 00:00:00,1
2010-05-26 00:00:00,2010-05-26 00:00:00,103.75,2010-05-26 00:00:00,99.5,103,349,705600,71165150,2010-05-26 00:00:00,1
2010-05-31 00:00:00,2010-05-31 00:00:00,106,2010-05-31 00:00:00,103,105,261,422200,43867300,2010-05-31 00:00:00,1
2010-06-01 00:00:00,2010-06-01 00:00:00,113,2010-06-01 00:00:00,106,111.75,332,518600,56881500,2010-06-01 00:00:00,1
2010-06-02 00:00:00,2010-06-02 00:00:00,115.25,2010-06-02 00:00:00,113,114.75,270,368500,42011350,2010-06-02 00:00:00,1
2010-06-03 00:00:00,2010-06-03 00:00:00,116,2010-06-03 00:00:00,113.5,115,370,1589900,182308225,2010-06-03 00:00:00,1
2010-06-04 00:00:00,2010-06-04 00:00:00,117,2010-06-04 00:00:00,112,113.25,105,537200,61196975,2010-06-04 00:00:00,1
2010-06-07 00:00:00,2010-06-07 00:00:00,113.75,2010-06-07 00:00:00,110,113.5,86,102100,11418125,2010-06-07 00:00:00,1
2010-06-08 00:00:00,2010-06-08 00:00:00,114.5,2010-06-08 00:00:00,111.5,112.25,91,122500,13722425,2010-06-08 00:00:00,1
2010-06-09 00:00:00,2010-06-09 00:00:00,113.75,2010-06-09 00:00:00,111.75,112,67,137900,15447150,2010-06-09 00:00:00,1
2010-06-10 00:00:00,2010-06-10 00:00:00,112,2010-06-10 00:00:00,111,111,57,181800,20312250,2010-06-10 00:00:00,1
2010-06-11 00:00:00,2010-06-11 00:00:00,112,2010-06-11 00:00:00,110.25,111.25,62,108400,12060700,2010-06-11 00:00:00,1
2010-06-14 00:00:00,2010-06-14 00:00:00,112.5,2010-06-14 00:00:00,111,111.75,54,100400,11226775,2010-06-14 00:00:00,1
2010-06-15 00:00:00,2010-06-15 00:00:00,114.5,2010-06-15 00:00:00,111.75,114,97,451100,51392025,2010-06-15 00:00:00,1
2010-06-16 00:00:00,2010-06-16 00:00:00,114,2010-06-16 00:00:00,111.5,112,47,202200,22798425,2010-06-16 00:00:00,1
2010-06-17 00:00:00,2010-06-17 00:00:00,112,2010-06-17 00:00:00,109.75,110.25,53,182700,20104575,2010-06-17 00:00:00,1
2010-06-21 00:00:00,2010-06-21 00:00:00,114,2010-06-21 00:00:00,110,110.25,84,276400,30823450,2010-06-21 00:00:00,1
2010-06-22 00:00:00,2010-06-22 00:00:00,111.5,2010-06-22 00:00:00,110,111.25,26,21500,2384950,2010-06-22 00:00:00,1
2010-06-23 00:00:00,2010-06-23 00:00:00,113,2010-06-23 00:00:00,110,110.25,57,66700,7410350,2010-06-23 00:00:00,1
2010-06-24 00:00:00,2010-06-24 00:00:00,110.5,2010-06-24 00:00:00,109,109,38,53800,5913525,2010-06-24 00:00:00,1
2010-06-28 00:00:00,2010-06-28 00:00:00,109,2010-06-28 00:00:00,107.75,107.75,31,67200,7259025,2010-06-28 00:00:00,1
2010-06-29 00:00:00,2010-06-29 00:00:00,110,2010-06-29 00:00:00,106,108.25,42,83200,9084225,2010-06-29 00:00:00,1
2010-06-30 00:00:00,2010-06-30 00:00:00,110.25,2010-06-30 00:00:00,109,109.5,46,122300,13448675,2010-06-30 00:00:00,1
2010-07-01 00:00:00,2010-07-01 00:00:00,110.5,2010-07-01 00:00:00,109,109.5,67,122600,13480050,2010-07-01 00:00:00,1
2010-07-02 00:00:00,2010-07-02 00:00:00,110.25,2010-07-02 00:00:00,109.25,109.25,19,24500,2685550,2010-07-02 00:00:00,1
2010-07-05 00:00:00,2010-07-05 00:00:00,109,2010-07-05 00:00:00,106,106.5,27,52300,5607975,2010-07-05 00:00:00,1
2010-07-06 00:00:00,2010-07-06 00:00:00,107,2010-07-06 00:00:00,106,106.5,19,2900,309675,2010-07-06 00:00:00,1
2010-07-07 00:00:00,2010-07-07 00:00:00,107,2010-07-07 00:00:00,102,103,57,72700,7509375,2010-07-07 00:00:00,1
2010-07-08 00:00:00,2010-07-08 00:00:00,107,2010-07-08 00:00:00,101,105,33,36300,3799525,2010-07-08 00:00:00,1
2010-07-09 00:00:00,2010-07-09 00:00:00,112,2010-07-09 00:00:00,105,110,48,80900,8873475,2010-07-09 00:00:00,1
2010-07-12 00:00:00,2010-07-12 00:00:00,110.5,2010-07-12 00:00:00,109,109.75,40,47400,5207175,2010-07-12 00:00:00,1
2010-07-13 00:00:00,2010-07-13 00:00:00,110,2010-07-13 00:00:00,108.5,109,13,15500,1693000,2010-07-13 00:00:00,1
2010-07-14 00:00:00,2010-07-14 00:00:00,110,2010-07-14 00:00:00,108.5,109.75,35,75800,8307525,2010-07-14 00:00:00,1
2010-07-15 00:00:00,2010-07-15 00:00:00,112,2010-07-15 00:00:00,110,111.5,53,94800,10532575,2010-07-15 00:00:00,1
2010-07-16 00:00:00,2010-07-16 00:00:00,112,2010-07-16 00:00:00,111.25,111.75,24,54300,6047625,2010-07-16 00:00:00,1
2010-07-19 00:00:00,2010-07-19 00:00:00,117,2010-07-19 00:00:00,111.5,115,181,503800,57955550,2010-07-19 00:00:00,1
2010-07-20 00:00:00,2010-07-20 00:00:00,116,2010-07-20 00:00:00,114,115.25,69,225100,25888825,2010-07-20 00:00:00,1
2010-07-21 00:00:00,2010-07-21 00:00:00,119.75,2010-07-21 00:00:00,115,118,163,373700,44296500,2010-07-21 00:00:00,1
2010-07-22 00:00:00,2010-07-22 00:00:00,119,2010-07-22 00:00:00,116,116.5,28,21800,2566650,2010-07-22 00:00:00,1
2010-07-23 00:00:00,2010-07-23 00:00:00,116,2010-07-23 00:00:00,115,116,27,19100,2204650,2010-07-23 00:00:00,1
2010-07-26 00:00:00,2010-07-26 00:00:00,116.5,2010-07-26 00:00:00,114,115.75,27,25600,2937550,2010-07-26 00:00:00,1
2010-07-27 00:00:00,2010-07-27 00:00:00,117.5,2010-07-27 00:00:00,114.5,117,50,99800,11610875,2010-07-27 00:00:00,1
2010-07-28 00:00:00,2010-07-28 00:00:00,118.75,2010-07-28 00:00:00,118,118.25,75,100500,11865225,2010-07-28 00:00:00,1
2010-07-29 00:00:00,2010-07-29 00:00:00,121,2010-07-29 00:00:00,117,118,79,111500,13285175,2010-07-29 00:00:00,1
2010-07-30 00:00:00,2010-07-30 00:00:00,119.5,2010-07-30 00:00:00,117,118.25,56,121800,14461675,2010-07-30 00:00:00,1
2010-08-02 00:00:00,2010-08-02 00:00:00,123,2010-08-02 00:00:00,120,122.2,100,183400,22294690,2010-08-02 00:00:00,1
2010-08-03 00:00:00,2010-08-03 00:00:00,125,2010-08-03 00:00:00,118,121.1,50,64600,7906760,2010-08-03 00:00:00,1
2010-08-04 00:00:00,2010-08-04 00:00:00,120,2010-08-04 00:00:00,117,120,32,62500,7497150,2010-08-04 00:00:00,1
2010-08-05 00:00:00,2010-08-05 00:00:00,122,2010-08-05 00:00:00,112,117.4,133,174300,20445770,2010-08-05 00:00:00,1
2010-08-06 00:00:00,2010-08-06 00:00:00,116,2010-08-06 00:00:00,115.6,115.7,11,3500,405550,2010-08-06 00:00:00,1
2010-08-09 00:00:00,2010-08-09 00:00:00,120,2010-08-09 00:00:00,110,116.4,107,118000,13527660,2010-08-09 00:00:00,1
2010-08-10 00:00:00,2010-08-10 00:00:00,123.5,2010-08-10 00:00:00,112.1,122.2,97,1568600,177044430,2010-08-10 00:00:00,1
2010-08-11 00:00:00,2010-08-11 00:00:00,128,2010-08-11 00:00:00,119,119.9,50,51700,6274420,2010-08-11 00:00:00,1
2010-08-12 00:00:00,2010-08-12 00:00:00,125.5,2010-08-12 00:00:00,120,123.2,85,164100,19988980,2010-08-12 00:00:00,1
2010-08-13 00:00:00,2010-08-13 00:00:00,125.5,2010-08-13 00:00:00,120,124.8,108,228700,28455750,2010-08-13 00:00:00,1
2010-08-16 00:00:00,2010-08-16 00:00:00,124.9,2010-08-16 00:00:00,121,122,15,4200,516460,2010-08-16 00:00:00,1
2010-08-17 00:00:00,2010-08-17 00:00:00,124.9,2010-08-17 00:00:00,122,123.6,39,33500,4142630,2010-08-17 00:00:00,1
2010-08-18 00:00:00,2010-08-18 00:00:00,125,2010-08-18 00:00:00,123.6,124.8,73,128300,15992840,2010-08-18 00:00:00,1
2010-08-19 00:00:00,2010-08-19 00:00:00,125,2010-08-19 00:00:00,124,124.9,57,131500,16423270,2010-08-19 00:00:00,1
2010-08-20 00:00:00,2010-08-20 00:00:00,137.3,2010-08-20 00:00:00,124.5,134.7,312,788900,104002730,2010-08-20 00:00:00,1
2010-08-23 00:00:00,2010-08-23 00:00:00,148.1,2010-08-23 00:00:00,138,148.1,408,578500,84323880,2010-08-23 00:00:00,1
2010-08-25 00:00:00,2010-08-25 00:00:00,162,2010-08-25 00:00:00,152,153.9,501,501800,78253650,2010-08-25 00:00:00,1
2010-08-26 00:00:00,2010-08-26 00:00:00,161.6,2010-08-26 00:00:00,149,150.2,120,105900,16055680,2010-08-26 00:00:00,1
2010-08-27 00:00:00,2010-08-27 00:00:00,152,2010-08-27 00:00:00,146,149.2,97,96000,14346250,2010-08-27 00:00:00,1
2010-08-30 00:00:00,2010-08-30 00:00:00,150,2010-08-30 00:00:00,144.5,144.8,93,68500,9976110,2010-08-30 00:00:00,1
2010-08-31 00:00:00,2010-08-31 00:00:00,151.9,2010-08-31 00:00:00,145,147.5,146,164000,24415130,2010-08-31 00:00:00,1
2010-09-01 00:00:00,2010-09-01 00:00:00,153,2010-09-01 00:00:00,147,150,95,144200,21565820,2010-09-01 00:00:00,1
2010-09-02 00:00:00,2010-09-02 00:00:00,162.9,2010-09-02 00:00:00,152.8,159.1,470,639200,101614220,2010-09-02 00:00:00,1
2010-09-03 00:00:00,2010-09-03 00:00:00,170,2010-09-03 00:00:00,157,165.8,467,2021600,314478090,2010-09-03 00:00:00,1
2010-09-06 00:00:00,2010-09-06 00:00:00,170,2010-09-06 00:00:00,161,165.4,197,178400,29810750,2010-09-06 00:00:00,1
2010-09-07 00:00:00,2010-09-07 00:00:00,167,2010-09-07 00:00:00,164,164.4,114,106400,17540500,2010-09-07 00:00:00,1
2010-09-08 00:00:00,2010-09-08 00:00:00,165.1,2010-09-08 00:00:00,164,164.1,104,176300,28943740,2010-09-08 00:00:00,1
2010-09-09 00:00:00,2010-09-09 00:00:00,169,2010-09-09 00:00:00,160,168.5,125,127200,21099190,2010-09-09 00:00:00,1
2010-09-13 00:00:00,2010-09-13 00:00:00,174,2010-09-13 00:00:00,168.6,169.6,116,131700,22413650,2010-09-13 00:00:00,1
2010-09-14 00:00:00,2010-09-14 00:00:00,186,2010-09-14 00:00:00,170,179.9,335,405900,71900390,2010-09-14 00:00:00,1
2010-09-15 00:00:00,2010-09-15 00:00:00,186,2010-09-15 00:00:00,170.1,176.1,181,295200,52520640,2010-09-15 00:00:00,1
2010-09-16 00:00:00,2010-09-16 00:00:00,180,2010-09-16 00:00:00,174,175,85,97800,17382870,2010-09-16 00:00:00,1
2010-09-17 00:00:00,2010-09-17 00:00:00,180,2010-09-17 00:00:00,172,177.6,114,133300,23690110,2010-09-17 00:00:00,1
2010-09-20 00:00:00,2010-09-20 00:00:00,185,2010-09-20 00:00:00,174.1,177.6,79,67000,11897330,2010-09-20 00:00:00,1
2010-09-21 00:00:00,2010-09-21 00:00:00,180,2010-09-21 00:00:00,175,178.5,80,96200,17143690,2010-09-21 00:00:00,1
2010-09-23 00:00:00,2010-09-23 00:00:00,189,2010-09-23 00:00:00,176,186.3,229,338200,62093670,2010-09-23 00:00:00,1
2010-09-24 00:00:00,2010-09-24 00:00:00,205,2010-09-24 00:00:00,183,199.5,353,206700,40735910,2010-09-24 00:00:00,1
2010-09-27 00:00:00,2010-09-27 00:00:00,200,2010-09-27 00:00:00,190.5,195.8,120,125600,24646820,2010-09-27 00:00:00,1
2010-09-28 00:00:00,2010-09-28 00:00:00,202,2010-09-28 00:00:00,190,196.9,156,452800,90132970,2010-09-28 00:00:00,1
2010-09-29 00:00:00,2010-09-29 00:00:00,198,2010-09-29 00:00:00,193.1,196.6,56,44100,8639760,2010-09-29 00:00:00,1
2010-09-30 00:00:00,2010-09-30 00:00:00,228,2010-09-30 00:00:00,197,225.6,517,759900,162108520,2010-09-30 00:00:00,1
2010-10-01 00:00:00,2010-10-01 00:00:00,255,2010-10-01 00:00:00,228,247.7,558,566800,139365830,2010-10-01 00:00:00,1
2010-10-04 00:00:00,2010-10-04 00:00:00,293.4,2010-10-04 00:00:00,250,272.3,1134,1276000,348760440,2010-10-04 00:00:00,1
2010-10-05 00:00:00,2010-10-05 00:00:00,285,2010-10-05 00:00:00,263,269.2,473,520600,140696950,2010-10-05 00:00:00,1
2010-10-06 00:00:00,2010-10-06 00:00:00,272,2010-10-06 00:00:00,255,258.4,225,262800,68585540,2010-10-06 00:00:00,1
2010-10-07 00:00:00,2010-10-07 00:00:00,262.5,2010-10-07 00:00:00,248,253.3,419,1461600,369702950,2010-10-07 00:00:00,1
2010-10-08 00:00:00,2010-10-08 00:00:00,274,2010-10-08 00:00:00,252,269.7,316,328300,87395950,2010-10-08 00:00:00,1
2010-10-11 00:00:00,2010-10-11 00:00:00,276,2010-10-11 00:00:00,262.6,263.9,287,491100,133806240,2010-10-11 00:00:00,1
2010-10-12 00:00:00,2010-10-12 00:00:00,265.3,2010-10-12 00:00:00,245,250.7,228,234600,60167020,2010-10-12 00:00:00,1
2010-10-13 00:00:00,2010-10-13 00:00:00,259.9,2010-10-13 00:00:00,225,255.5,353,363700,87596030,2010-10-13 00:00:00,1
2010-10-14 00:00:00,2010-10-14 00:00:00,270,2010-10-14 00:00:00,246,249.6,310,335800,85340360,2010-10-14 00:00:00,1
2010-10-15 00:00:00,2010-10-15 00:00:00,251,2010-10-15 00:00:00,241.5,249.7,179,177000,44007940,2010-10-15 00:00:00,1
2010-10-18 00:00:00,2010-10-18 00:00:00,257.5,2010-10-18 00:00:00,248,254,158,173900,43591900,2010-10-18 00:00:00,1
2010-10-19 00:00:00,2010-10-19 00:00:00,265,2010-10-19 00:00:00,252,263.3,167,73700,19073420,2010-10-19 00:00:00,1
2010-10-20 00:00:00,2010-10-20 00:00:00,265,2010-10-20 00:00:00,250,260,91,74000,19101550,2010-10-20 00:00:00,1
2010-10-21 00:00:00,2010-10-21 00:00:00,263,2010-10-21 00:00:00,259.9,260,126,153400,39922730,2010-10-21 00:00:00,1
2010-10-25 00:00:00,2010-10-25 00:00:00,260.1,2010-10-25 00:00:00,252,255.2,53,30700,7955250,2010-10-25 00:00:00,1
2010-10-26 00:00:00,2010-10-26 00:00:00,259,2010-10-26 00:00:00,250,250.1,58,54700,13710620,2010-10-26 00:00:00,1
2010-10-27 00:00:00,2010-10-27 00:00:00,252,2010-10-27 00:00:00,246.1,248.7,57,53200,13289060,2010-10-27 00:00:00,1
2010-10-28 00:00:00,2010-10-28 00:00:00,250,2010-10-28 00:00:00,248.5,249.6,46,38800,9693250,2010-10-28 00:00:00,1
2010-10-29 00:00:00,2010-10-29 00:00:00,270,2010-10-29 00:00:00,252,253,84,70200,18124840,2010-10-29 00:00:00,1
2010-11-01 00:00:00,2010-11-01 00:00:00,253,2010-11-01 00:00:00,251,251.2,25,8600,2163450,2010-11-01 00:00:00,1
2010-11-02 00:00:00,2010-11-02 00:00:00,252,2010-11-02 00:00:00,249.6,250.5,41,20600,5157820,2010-11-02 00:00:00,1
2010-11-03 00:00:00,2010-11-03 00:00:00,255,2010-11-03 00:00:00,249,249.7,39,20700,5183760,2010-11-03 00:00:00,1
2010-11-04 00:00:00,2010-11-04 00:00:00,249.1,2010-11-04 00:00:00,246,246.1,18,9300,2302770,2010-11-04 00:00:00,1
2010-11-08 00:00:00,2010-11-08 00:00:00,249,2010-11-08 00:00:00,243.2,245.5,34,21800,5343880,2010-11-08 00:00:00,1
2010-11-09 00:00:00,2010-11-09 00:00:00,245.5,2010-11-09 00:00:00,245,245,38,31700,7767370,2010-11-09 00:00:00,1
2010-11-10 00:00:00,2010-11-10 00:00:00,245,2010-11-10 00:00:00,243.5,243.5,31,21000,5124850,2010-11-10 00:00:00,1
2010-11-11 00:00:00,2010-11-11 00:00:00,246,2010-11-11 00:00:00,243,245.3,22,12300,2995100,2010-11-11 00:00:00,1
2010-11-12 00:00:00,2010-11-12 00:00:00,249,2010-11-12 00:00:00,245.1,245.1,24,20900,5139590,2010-11-12 00:00:00,1
2010-11-15 00:00:00,2010-11-15 00:00:00,242,2010-11-15 00:00:00,240,240.4,31,41500,9976610,2010-11-15 00:00:00,1
2010-11-16 00:00:00,2010-11-16 00:00:00,246.3,2010-11-16 00:00:00,241.5,244.4,48,27900,6785790,2010-11-16 00:00:00,1
2010-11-18 00:00:00,2010-11-18 00:00:00,249,2010-11-18 00:00:00,242.1,247.3,33,15600,3870600,2010-11-18 00:00:00,1
2010-11-22 00:00:00,2010-11-22 00:00:00,253,2010-11-22 00:00:00,246,249.7,73,62200,15588750,2010-11-22 00:00:00,1
2010-11-23 00:00:00,2010-11-23 00:00:00,250,2010-11-23 00:00:00,242,244.6,41,27600,6729220,2010-11-23 00:00:00,1
2010-11-24 00:00:00,2010-11-24 00:00:00,249,2010-11-24 00:00:00,244,244.9,13,14100,3484600,2010-11-24 00:00:00,1
2010-11-25 00:00:00,2010-11-25 00:00:00,245,2010-11-25 00:00:00,242,242.9,36,47500,11536150,2010-11-25 00:00:00,1
2010-11-26 00:00:00,2010-11-26 00:00:00,247,2010-11-26 00:00:00,239.9,244.2,103,1438500,371918670,2010-11-26 00:00:00,1
2010-11-29 00:00:00,2010-11-29 00:00:00,242,2010-11-29 00:00:00,234,235.1,42,31700,7464770,2010-11-29 00:00:00,1
2010-11-30 00:00:00,2010-11-30 00:00:00,250,2010-11-30 00:00:00,240,244.9,107,148900,36399080,2010-11-30 00:00:00,1
2010-12-01 00:00:00,2010-12-01 00:00:00,251,2010-12-01 00:00:00,245,248.2,93,133600,33078240,2010-12-01 00:00:00,1
2010-12-02 00:00:00,2010-12-02 00:00:00,252,2010-12-02 00:00:00,246.1,246.8,51,38600,9631500,2010-12-02 00:00:00,1
2010-12-03 00:00:00,2010-12-03 00:00:00,247,2010-12-03 00:00:00,245,246.4,15,17300,4254970,2010-12-03 00:00:00,1
2010-12-06 00:00:00,2010-12-06 00:00:00,251,2010-12-06 00:00:00,245,248.7,70,529700,132028900,2010-12-06 00:00:00,1
2010-12-07 00:00:00,2010-12-07 00:00:00,255,2010-12-07 00:00:00,245,250.2,58,100700,25164780,2010-12-07 00:00:00,1
2010-12-08 00:00:00,2010-12-08 00:00:00,251,2010-12-08 00:00:00,245.2,250,40,79400,19849510,2010-12-08 00:00:00,1
2010-12-09 00:00:00,2010-12-09 00:00:00,250,2010-12-09 00:00:00,247.5,249.5,18,23600,5898180,2010-12-09 00:00:00,1
2010-12-10 00:00:00,2010-12-10 00:00:00,250,2010-12-10 00:00:00,247,248.8,17,9300,2311660,2010-12-10 00:00:00,1
2010-12-13 00:00:00,2010-12-13 00:00:00,246,2010-12-13 00:00:00,244,244.6,25,16100,3943160,2010-12-13 00:00:00,1
2010-12-14 00:00:00,2010-12-14 00:00:00,245.1,2010-12-14 00:00:00,245,245,31,62300,15263520,2010-12-14 00:00:00,1
2010-12-15 00:00:00,2010-12-15 00:00:00,242.1,2010-12-15 00:00:00,242,242,8,5700,1379430,2010-12-15 00:00:00,1
2010-12-16 00:00:00,2010-12-16 00:00:00,243,2010-12-16 00:00:00,240,240.3,24,34900,8407770,2010-12-16 00:00:00,1
2010-12-17 00:00:00,2010-12-17 00:00:00,242,2010-12-17 00:00:00,241,241.2,8,2600,627000,2010-12-17 00:00:00,1
2010-12-21 00:00:00,2010-12-21 00:00:00,245,2010-12-21 00:00:00,241,244.2,21,18000,4364350,2010-12-21 00:00:00,1
2010-12-22 00:00:00,2010-12-22 00:00:00,248.4,2010-12-22 00:00:00,242.1,245.9,24,18500,4530530,2010-12-22 00:00:00,1
2010-12-23 00:00:00,2010-12-23 00:00:00,248.6,2010-12-23 00:00:00,246.5,246.6,41,26200,6472710,2010-12-23 00:00:00,1
2010-12-24 00:00:00,2010-12-24 00:00:00,246,2010-12-24 00:00:00,245,245.1,9,4100,1004900,2010-12-24 00:00:00,1
2010-12-27 00:00:00,2010-12-27 00:00:00,247,2010-12-27 00:00:00,245,246.9,15,7500,1843350,2010-12-27 00:00:00,1
2010-12-28 00:00:00,2010-12-28 00:00:00,251.8,2010-12-28 00:00:00,246,249.9,41,32300,8055600,2010-12-28 00:00:00,1
2010-12-29 00:00:00,2010-12-29 00:00:00,248.5,2010-12-29 00:00:00,246,246.2,31,40400,9949800,2010-12-29 00:00:00,1
2010-12-30 00:00:00,2010-12-30 00:00:00,249.8,2010-12-30 00:00:00,244,247,57,60200,14756210,2010-12-30 00:00:00,1
2010-12-31 00:00:00,2010-12-31 00:00:00,249.9,2010-12-31 00:00:00,244.1,246.9,34,47900,11748120,2010-12-31 00:00:00,1
Company Id :  BUKI,,Security Type :  N,,Sub Type :  0000,,,,,,
Short Name :  BUKIT DARAH,,,,,,,,,,
Day,Date High,High,Date Low,Low,Closing,No. of Trades,No. of Shares,Turnover,Last Traded,Days Traded
2010-01-04 00:00:00,2010-01-04 00:00:00,3300,2010-01-04 00:00:00,3150,3242.75,54,7000,22622500,2010-01-04 00:00:00,1
2010-01-05 00:00:00,2010-01-05 00:00:00,3400,2010-01-05 00:00:00,3250,3263.75,32,5400,17825175,2010-01-05 00:00:00,1
2010-01-06 00:00:00,2010-01-06 00:00:00,3200,2010-01-06 00:00:00,2951,2998,40,4200,12877750,2010-01-06 00:00:00,1
2010-01-07 00:00:00,2010-01-07 00:00:00,3000,2010-01-07 00:00:00,2800,2900,5,500,1450000,2010-01-07 00:00:00,1
2010-01-08 00:00:00,2010-01-08 00:00:00,3150,2010-01-08 00:00:00,3100,3150,3,300,940000,2010-01-08 00:00:00,1
2010-01-11 00:00:00,2010-01-11 00:00:00,3200,2010-01-11 00:00:00,3101,3101,7,700,2205200,2010-01-11 00:00:00,1
2010-01-12 00:00:00,2010-01-12 00:00:00,3100,2010-01-12 00:00:00,3000,3000,3,300,920000,2010-01-12 00:00:00,1
2010-01-13 00:00:00,2010-01-13 00:00:00,3000,2010-01-13 00:00:00,2950,2993,10,1400,4190100,2010-01-13 00:00:00,1
2010-01-18 00:00:00,2010-01-18 00:00:00,2950.25,2010-01-18 00:00:00,2936,2940,10,1000,2941525,2010-01-18 00:00:00,1
2010-01-19 00:00:00,2010-01-19 00:00:00,2900,2010-01-19 00:00:00,2800,2850,10,1000,2865050,2010-01-19 00:00:00,1
2010-01-20 00:00:00,2010-01-20 00:00:00,3000,2010-01-20 00:00:00,2910,2970,3,300,891000,2010-01-20 00:00:00,1
2010-01-21 00:00:00,2010-01-21 00:00:00,3000,2010-01-21 00:00:00,2970,2970,4,500,1497000,2010-01-21 00:00:00,1
2010-01-22 00:00:00,2010-01-22 00:00:00,3000,2010-01-22 00:00:00,3000,3000,4,400,1200000,2010-01-22 00:00:00,1
2010-01-25 00:00:00,2010-01-25 00:00:00,3100,2010-01-25 00:00:00,3000,3043.5,12,2300,7040200,2010-01-25 00:00:00,1
2010-01-26 00:00:00,2010-01-26 00:00:00,3100,2010-01-26 00:00:00,3025,3088,8,1400,4322000,2010-01-26 00:00:00,1
2010-01-28 00:00:00,2010-01-28 00:00:00,3200,2010-01-28 00:00:00,3000,3180.25,14,1900,5992250,2010-01-28 00:00:00,1
2010-02-01 00:00:00,2010-02-01 00:00:00,3290,2010-02-01 00:00:00,3105,3200,8,1100,3493500,2010-02-01 00:00:00,1
2010-02-02 00:00:00,2010-02-02 00:00:00,3100,2010-02-02 00:00:00,3000,3100,3,300,920000,2010-02-02 00:00:00,1
2010-02-03 00:00:00,2010-02-03 00:00:00,3001,2010-02-03 00:00:00,3000,3000.25,7,3200,9602650,2010-02-03 00:00:00,1
2010-02-05 00:00:00,2010-02-05 00:00:00,3100,2010-02-05 00:00:00,3000,3055,12,1700,5126000,2010-02-05 00:00:00,1
2010-02-08 00:00:00,2010-02-08 00:00:00,3100,2010-02-08 00:00:00,3100,3100,5,600,1860000,2010-02-08 00:00:00,1
2010-02-09 00:00:00,2010-02-09 00:00:00,3105,2010-02-09 00:00:00,3050,3050,8,3200,9785500,2010-02-09 00:00:00,1
2010-02-10 00:00:00,2010-02-10 00:00:00,3100,2010-02-10 00:00:00,3100,3100,8,800,2480000,2010-02-10 00:00:00,1
2010-02-11 00:00:00,2010-02-11 00:00:00,3100,2010-02-11 00:00:00,3000,3100,13,2600,7980025,2010-02-11 00:00:00,1
2010-02-12 00:00:00,2010-02-12 00:00:00,3200,2010-02-12 00:00:00,3000,3135.5,14,1600,4945300,2010-02-12 00:00:00,1
2010-02-15 00:00:00,2010-02-15 00:00:00,3500,2010-02-15 00:00:00,3300,3499.5,32,3400,11707800,2010-02-15 00:00:00,1
2010-02-16 00:00:00,2010-02-16 00:00:00,3510,2010-02-16 00:00:00,3300,3300.5,8,900,3092100,2010-02-16 00:00:00,1
2010-02-18 00:00:00,2010-02-18 00:00:00,3350,2010-02-18 00:00:00,3350,3350,1,100,335000,2010-02-18 00:00:00,1
2010-02-19 00:00:00,2010-02-19 00:00:00,3390,2010-02-19 00:00:00,3250,3250,6,900,2944000,2010-02-19 00:00:00,1
2010-02-22 00:00:00,2010-02-22 00:00:00,3300,2010-02-22 00:00:00,3230,3231,8,3600,11649000,2010-02-22 00:00:00,1
2010-02-23 00:00:00,2010-02-23 00:00:00,3250,2010-02-23 00:00:00,3226,3242.75,5,600,1945400,2010-02-23 00:00:00,1
2010-02-24 00:00:00,2010-02-24 00:00:00,3212,2010-02-24 00:00:00,3211,3212,2,200,642300,2010-02-24 00:00:00,1
2010-02-25 00:00:00,2010-02-25 00:00:00,3210.5,2010-02-25 00:00:00,3210,3210.25,2,200,642050,2010-02-25 00:00:00,1
2010-03-01 00:00:00,2010-03-01 00:00:00,3200,2010-03-01 00:00:00,3200,3200,1,100,320000,2010-03-01 00:00:00,1
2010-03-02 00:00:00,2010-03-02 00:00:00,3115,2010-03-02 00:00:00,3111,3112.25,5,600,1867400,2010-03-02 00:00:00,1
2010-03-03 00:00:00,2010-03-03 00:00:00,3110,2010-03-03 00:00:00,3110,3110,1,100,311000,2010-03-03 00:00:00,1
2010-03-04 00:00:00,2010-03-04 00:00:00,3120.25,2010-03-04 00:00:00,3110.5,3120.25,2,200,623075,2010-03-04 00:00:00,1
2010-03-05 00:00:00,2010-03-05 00:00:00,3125,2010-03-05 00:00:00,3100,3109.75,6,700,2176825,2010-03-05 00:00:00,1
2010-03-08 00:00:00,2010-03-08 00:00:00,3100,2010-03-08 00:00:00,3075,3087.5,4,400,1235025,2010-03-08 00:00:00,1
2010-03-11 00:00:00,2010-03-11 00:00:00,3120,2010-03-11 00:00:00,3100,3100,4,500,1556000,2010-03-11 00:00:00,1
2010-03-12 00:00:00,2010-03-12 00:00:00,3100,2010-03-12 00:00:00,3100,3100,4,500,1550000,2010-03-12 00:00:00,1
2010-03-18 00:00:00,2010-03-18 00:00:00,3100,2010-03-18 00:00:00,3092.5,3092.5,2,200,619250,2010-03-18 00:00:00,1
2010-03-19 00:00:00,2010-03-19 00:00:00,3100,2010-03-19 00:00:00,3000,3037.25,6,600,1828650,2010-03-19 00:00:00,1
2010-03-22 00:00:00,2010-03-22 00:00:00,3090,2010-03-22 00:00:00,3000,3065,5,500,1532500,2010-03-22 00:00:00,1
2010-03-23 00:00:00,2010-03-23 00:00:00,3000,2010-03-23 00:00:00,3000,3000,4,400,1200000,2010-03-23 00:00:00,1
2010-03-25 00:00:00,2010-03-25 00:00:00,3000,2010-03-25 00:00:00,3000,3000,2,300,900000,2010-03-25 00:00:00,1
2010-03-26 00:00:00,2010-03-26 00:00:00,3100,2010-03-26 00:00:00,3090,3093.25,3,300,928000,2010-03-26 00:00:00,1
2010-03-30 00:00:00,2010-03-30 00:00:00,3006,2010-03-30 00:00:00,3006,3006,1,200,601200,2010-03-30 00:00:00,1
2010-03-31 00:00:00,2010-03-31 00:00:00,3002.5,2010-03-31 00:00:00,3000,3000,4,400,1200450,2010-03-31 00:00:00,1
2010-04-05 00:00:00,2010-04-05 00:00:00,3200,2010-04-05 00:00:00,3200,3200,3,300,960000,2010-04-05 00:00:00,1
2010-04-06 00:00:00,2010-04-06 00:00:00,3390,2010-04-06 00:00:00,3299.75,3347.5,12,1300,4351975,2010-04-06 00:00:00,1
2010-04-07 00:00:00,2010-04-07 00:00:00,3350,2010-04-07 00:00:00,3300,3350,9,2800,9280000,2010-04-07 00:00:00,1
2010-04-08 00:00:00,2010-04-08 00:00:00,3390,2010-04-08 00:00:00,3390,3390,1,100,339000,2010-04-08 00:00:00,1
2010-04-12 00:00:00,2010-04-12 00:00:00,3400,2010-04-12 00:00:00,3385,3385,3,300,1017500,2010-04-12 00:00:00,1
2010-04-19 00:00:00,2010-04-19 00:00:00,3388.75,2010-04-19 00:00:00,3387,3388.75,2,200,677575,2010-04-19 00:00:00,1
2010-04-20 00:00:00,2010-04-20 00:00:00,3400,2010-04-20 00:00:00,3389,3400,4,1200,4068900,2010-04-20 00:00:00,1
2010-04-21 00:00:00,2010-04-21 00:00:00,3460,2010-04-21 00:00:00,3449,3451.25,7,1400,4830825,2010-04-21 00:00:00,1
2010-04-22 00:00:00,2010-04-22 00:00:00,3450,2010-04-22 00:00:00,3450,3450,2,300,1035000,2010-04-22 00:00:00,1
2010-04-26 00:00:00,2010-04-26 00:00:00,3500,2010-04-26 00:00:00,3400,3445,11,1300,4482000,2010-04-26 00:00:00,1
2010-04-27 00:00:00,2010-04-27 00:00:00,3455,2010-04-27 00:00:00,3450,3451.25,4,400,1380500,2010-04-27 00:00:00,1
2010-04-29 00:00:00,2010-04-29 00:00:00,3900,2010-04-29 00:00:00,3550,3842.75,15,1500,5668300,2010-04-29 00:00:00,1
2010-04-30 00:00:00,2010-04-30 00:00:00,4400,2010-04-30 00:00:00,3950,4373.75,24,3000,12809400,2010-04-30 00:00:00,1
2010-05-03 00:00:00,2010-05-03 00:00:00,4900,2010-05-03 00:00:00,4500,4812.5,23,2600,12510000,2010-05-03 00:00:00,1
2010-05-04 00:00:00,2010-05-04 00:00:00,4850,2010-05-04 00:00:00,4480,4500,12,1300,5941000,2010-05-04 00:00:00,1
2010-05-05 00:00:00,2010-05-05 00:00:00,4575,2010-05-05 00:00:00,4401,4525.25,6,600,2715100,2010-05-05 00:00:00,1
2010-05-06 00:00:00,2010-05-06 00:00:00,4600,2010-05-06 00:00:00,4598,4600,7,700,3219800,2010-05-06 00:00:00,1
2010-05-07 00:00:00,2010-05-07 00:00:00,4750,2010-05-07 00:00:00,4700,4700,9,900,4235000,2010-05-07 00:00:00,1
2010-05-10 00:00:00,2010-05-10 00:00:00,4700,2010-05-10 00:00:00,4700,4700,1,100,470000,2010-05-10 00:00:00,1
2010-05-11 00:00:00,2010-05-11 00:00:00,4700,2010-05-11 00:00:00,4700,4700,3,300,1410000,2010-05-11 00:00:00,1
2010-05-13 00:00:00,2010-05-13 00:00:00,4553,2010-05-13 00:00:00,4553,4553,1,100,455300,2010-05-13 00:00:00,1
2010-05-17 00:00:00,2010-05-17 00:00:00,4256,2010-05-17 00:00:00,4230,4244.75,5,700,2971250,2010-05-17 00:00:00,1
2010-05-18 00:00:00,2010-05-18 00:00:00,4245,2010-05-18 00:00:00,4035,4180.25,7,900,3780800,2010-05-18 00:00:00,1
2010-05-20 00:00:00,2010-05-20 00:00:00,4150,2010-05-20 00:00:00,4020,4150,7,700,2838300,2010-05-20 00:00:00,1
2010-05-21 00:00:00,2010-05-21 00:00:00,4300,2010-05-21 00:00:00,4100,4200,15,1700,7085800,2010-05-21 00:00:00,1
2010-05-24 00:00:00,2010-05-24 00:00:00,4200,2010-05-24 00:00:00,4200,4200,2,200,840000,2010-05-24 00:00:00,1
2010-05-25 00:00:00,2010-05-25 00:00:00,4210,2010-05-25 00:00:00,4200,4201,6,1100,4621000,2010-05-25 00:00:00,1
2010-05-31 00:00:00,2010-05-31 00:00:00,4201,2010-05-31 00:00:00,4200,4200.5,2,200,840100,2010-05-31 00:00:00,1
2010-06-01 00:00:00,2010-06-01 00:00:00,4220,2010-06-01 00:00:00,4200,4200,4,600,2524000,2010-06-01 00:00:00,1
2010-06-02 00:00:00,2010-06-02 00:00:00,4250,2010-06-02 00:00:00,4200,4220,10,1100,4630200,2010-06-02 00:00:00,1
2010-06-03 00:00:00,2010-06-03 00:00:00,4300,2010-06-03 00:00:00,4060,4128.75,29,3400,14199250,2010-06-03 00:00:00,1
2010-06-04 00:00:00,2010-06-04 00:00:00,4150,2010-06-04 00:00:00,3900,3918,15,1800,7075525,2010-06-04 00:00:00,1
2010-06-07 00:00:00,2010-06-07 00:00:00,4000,2010-06-07 00:00:00,3900,3953.25,8,800,3155600,2010-06-07 00:00:00,1
2010-06-08 00:00:00,2010-06-08 00:00:00,3835,2010-06-08 00:00:00,3825,3828,7,900,3445300,2010-06-08 00:00:00,1
2010-06-09 00:00:00,2010-06-09 00:00:00,4000,2010-06-09 00:00:00,3850,3949,16,2000,7899800,2010-06-09 00:00:00,1
2010-06-10 00:00:00,2010-06-10 00:00:00,4000,2010-06-10 00:00:00,3999,3999.75,4,400,1599900,2010-06-10 00:00:00,1
2010-06-11 00:00:00,2010-06-11 00:00:00,4750,2010-06-11 00:00:00,4100,4644,28,3900,18003100,2010-06-11 00:00:00,1
2010-06-14 00:00:00,2010-06-14 00:00:00,4700,2010-06-14 00:00:00,4500,4582.75,18,2400,11137075,2010-06-14 00:00:00,1
2010-06-15 00:00:00,2010-06-15 00:00:00,4500,2010-06-15 00:00:00,4300,4500,12,1700,7565000,2010-06-15 00:00:00,1
2010-06-17 00:00:00,2010-06-17 00:00:00,4458,2010-06-17 00:00:00,4458,4458,1,100,445800,2010-06-17 00:00:00,1
2010-06-21 00:00:00,2010-06-21 00:00:00,4460,2010-06-21 00:00:00,4401,4460,3,300,1326200,2010-06-21 00:00:00,1
2010-06-22 00:00:00,2010-06-22 00:00:00,4499,2010-06-22 00:00:00,4498,4498.75,4,400,1799500,2010-06-22 00:00:00,1
2010-06-23 00:00:00,2010-06-23 00:00:00,4405,2010-06-23 00:00:00,4405,4405,1,100,440500,2010-06-23 00:00:00,1
2010-06-24 00:00:00,2010-06-24 00:00:00,4402,2010-06-24 00:00:00,4400,4400,9,1000,4400400,2010-06-24 00:00:00,1
2010-06-28 00:00:00,2010-06-28 00:00:00,4250,2010-06-28 00:00:00,4200,4237.5,6,600,2535025,2010-06-28 00:00:00,1
2010-06-29 00:00:00,2010-06-29 00:00:00,4250,2010-06-29 00:00:00,4250,4250,3,300,1275000,2010-06-29 00:00:00,1
2010-06-30 00:00:00,2010-06-30 00:00:00,4253,2010-06-30 00:00:00,4250,4251.5,2,200,850300,2010-06-30 00:00:00,1
2010-07-01 00:00:00,2010-07-01 00:00:00,4250,2010-07-01 00:00:00,4150,4225,4,400,1680000,2010-07-01 00:00:00,1
2010-07-02 00:00:00,2010-07-02 00:00:00,4112,2010-07-02 00:00:00,4100,4105.5,12,1900,7806400,2010-07-02 00:00:00,1
2010-07-05 00:00:00,2010-07-05 00:00:00,4220,2010-07-05 00:00:00,4100,4160,2,200,832000,2010-07-05 00:00:00,1
2010-07-06 00:00:00,2010-07-06 00:00:00,4160,2010-07-06 00:00:00,4160,4160,1,100,416000,2010-07-06 00:00:00,1
2010-07-07 00:00:00,2010-07-07 00:00:00,4011,2010-07-07 00:00:00,4000,4000,5,500,2002100,2010-07-07 00:00:00,1
2010-07-08 00:00:00,2010-07-08 00:00:00,4100,2010-07-08 00:00:00,4001,4001,9,900,3680100,2010-07-08 00:00:00,1
2010-07-09 00:00:00,2010-07-09 00:00:00,4180,2010-07-09 00:00:00,4100,4126.25,7,700,2895900,2010-07-09 00:00:00,1
2010-07-12 00:00:00,2010-07-12 00:00:00,4190,2010-07-12 00:00:00,4100,4156.75,3,300,1247000,2010-07-12 00:00:00,1
2010-07-13 00:00:00,2010-07-13 00:00:00,4130,2010-07-13 00:00:00,4130,4130,2,200,826000,2010-07-13 00:00:00,1
2010-07-14 00:00:00,2010-07-14 00:00:00,4100,2010-07-14 00:00:00,4100,4100,1,500,2050000,2010-07-14 00:00:00,1
2010-07-15 00:00:00,2010-07-15 00:00:00,4100,2010-07-15 00:00:00,4100,4100,1,300,1230000,2010-07-15 00:00:00,1
2010-07-16 00:00:00,2010-07-16 00:00:00,4150,2010-07-16 00:00:00,4050,4100,5,600,2465000,2010-07-16 00:00:00,1
2010-07-19 00:00:00,2010-07-19 00:00:00,4400,2010-07-19 00:00:00,4330,4400,12,1400,6150175,2010-07-19 00:00:00,1
2010-07-20 00:00:00,2010-07-20 00:00:00,4600,2010-07-20 00:00:00,4500.75,4547.25,14,2000,9157075,2010-07-20 00:00:00,1
2010-07-21 00:00:00,2010-07-21 00:00:00,4650,2010-07-21 00:00:00,4575,4600,9,1200,5522500,2010-07-21 00:00:00,1
2010-07-22 00:00:00,2010-07-22 00:00:00,4650,2010-07-22 00:00:00,4600,4640,9,1300,6040000,2010-07-22 00:00:00,1
2010-07-23 00:00:00,2010-07-23 00:00:00,4650,2010-07-23 00:00:00,4649,4650,10,1300,6044500,2010-07-23 00:00:00,1
2010-07-26 00:00:00,2010-07-26 00:00:00,4750,2010-07-26 00:00:00,4675,4699,8,1100,5177400,2010-07-26 00:00:00,1
2010-07-27 00:00:00,2010-07-27 00:00:00,4800,2010-07-27 00:00:00,4799,4799.75,3,300,1439900,2010-07-27 00:00:00,1
2010-07-28 00:00:00,2010-07-28 00:00:00,5200,2010-07-28 00:00:00,4850,5200,22,2700,13558400,2010-07-28 00:00:00,1
2010-07-29 00:00:00,2010-07-29 00:00:00,5425,2010-07-29 00:00:00,5090,5328.25,23,3000,15748300,2010-07-29 00:00:00,1
2010-07-30 00:00:00,2010-07-30 00:00:00,5900,2010-07-30 00:00:00,5400,5741.5,22,2500,14031500,2010-07-30 00:00:00,1
2010-08-02 00:00:00,2010-08-02 00:00:00,6000,2010-08-02 00:00:00,5700,5770.8,12,1500,8695000,2010-08-02 00:00:00,1
2010-08-03 00:00:00,2010-08-03 00:00:00,5700,2010-08-03 00:00:00,5500,5550,5,500,2820000,2010-08-03 00:00:00,1
2010-08-05 00:00:00,2010-08-05 00:00:00,5200,2010-08-05 00:00:00,5050,5200,5,500,2540000,2010-08-05 00:00:00,1
2010-08-06 00:00:00,2010-08-06 00:00:00,5350,2010-08-06 00:00:00,5005,5005,7,800,4102500,2010-08-06 00:00:00,1
2010-08-09 00:00:00,2010-08-09 00:00:00,4999,2010-08-09 00:00:00,4710,4996.9,8,900,4338490,2010-08-09 00:00:00,1
2010-08-10 00:00:00,2010-08-10 00:00:00,5150,2010-08-10 00:00:00,4500,5100,33,3700,18016480,2010-08-10 00:00:00,1
2010-08-11 00:00:00,2010-08-11 00:00:00,5400,2010-08-11 00:00:00,5000,5200,7,800,4145800,2010-08-11 00:00:00,1
2010-08-12 00:00:00,2010-08-12 00:00:00,5200,2010-08-12 00:00:00,5105,5163.8,3,400,2065500,2010-08-12 00:00:00,1
2010-08-13 00:00:00,2010-08-13 00:00:00,5650,2010-08-13 00:00:00,5500,5587.8,8,900,5029000,2010-08-13 00:00:00,1
2010-08-16 00:00:00,2010-08-16 00:00:00,6146.5,2010-08-16 00:00:00,6140,6146.5,83,11000,67610470,2010-08-16 00:00:00,1
2010-08-17 00:00:00,2010-08-17 00:00:00,6761.1,2010-08-17 00:00:00,6750,6753.3,19,2300,15532660,2010-08-17 00:00:00,1
2010-08-18 00:00:00,2010-08-18 00:00:00,7428.6,2010-08-18 00:00:00,7428.3,7428.5,12,1400,10399860,2010-08-18 00:00:00,1
2010-08-19 00:00:00,2010-08-19 00:00:00,8171.3,2010-08-19 00:00:00,8171.3,8171.3,8,1000,8171300,2010-08-19 00:00:00,1
2010-08-20 00:00:00,2010-08-20 00:00:00,8988.4,2010-08-20 00:00:00,7600,7908,63,7600,63889500,2010-08-20 00:00:00,1
2010-08-23 00:00:00,2010-08-23 00:00:00,7700,2010-08-23 00:00:00,7500,7500.1,7,700,5275010,2010-08-23 00:00:00,1
2010-08-25 00:00:00,2010-08-25 00:00:00,7525,2010-08-25 00:00:00,7500,7515,10,1000,7513510,2010-08-25 00:00:00,1
2010-08-26 00:00:00,2010-08-26 00:00:00,7500,2010-08-26 00:00:00,7350,7425,15,1500,11235000,2010-08-26 00:00:00,1
2010-08-27 00:00:00,2010-08-27 00:00:00,7499,2010-08-27 00:00:00,7455,7457.5,6,600,4489200,2010-08-27 00:00:00,1
2010-08-30 00:00:00,2010-08-30 00:00:00,7450,2010-08-30 00:00:00,6900,6950,9,1000,7104990,2010-08-30 00:00:00,1
2010-08-31 00:00:00,2010-08-31 00:00:00,7500,2010-08-31 00:00:00,7299,7450,10,1200,8929900,2010-08-31 00:00:00,1
2010-09-01 00:00:00,2010-09-01 00:00:00,8000,2010-09-01 00:00:00,7500,7500,6,900,7074830,2010-09-01 00:00:00,1
2010-09-02 00:00:00,2010-09-02 00:00:00,7900,2010-09-02 00:00:00,7500,7500.1,3,300,2290020,2010-09-02 00:00:00,1
2010-09-03 00:00:00,2010-09-03 00:00:00,7900,2010-09-03 00:00:00,7900,7900,1,100,790000,2010-09-03 00:00:00,1
2010-09-07 00:00:00,2010-09-07 00:00:00,7400.1,2010-09-07 00:00:00,7400,7400.1,2,300,2220020,2010-09-07 00:00:00,1
2010-09-08 00:00:00,2010-09-08 00:00:00,7890,2010-09-08 00:00:00,7650,7675,5,7800,55133400,2010-09-08 00:00:00,1
2010-09-09 00:00:00,2010-09-09 00:00:00,7650,2010-09-09 00:00:00,7300,7352.1,7,700,5201050,2010-09-09 00:00:00,1
2010-09-13 00:00:00,2010-09-13 00:00:00,7500,2010-09-13 00:00:00,7320,7320,5,500,3732000,2010-09-13 00:00:00,1
2010-09-14 00:00:00,2010-09-14 00:00:00,7011,2010-09-14 00:00:00,6825,7010.8,5,700,4851800,2010-09-14 00:00:00,1
2010-09-15 00:00:00,2010-09-15 00:00:00,7700,2010-09-15 00:00:00,7475,7550,15,5700,39894570,2010-09-15 00:00:00,1
2010-09-16 00:00:00,2010-09-16 00:00:00,8305,2010-09-16 00:00:00,7800,8000,19,2700,21662900,2010-09-16 00:00:00,1
2010-09-17 00:00:00,2010-09-17 00:00:00,8000,2010-09-17 00:00:00,8000,8000,1,100,800000,2010-09-17 00:00:00,1
2010-09-20 00:00:00,2010-09-20 00:00:00,7800,2010-09-20 00:00:00,7800,7800,2,200,1560000,2010-09-20 00:00:00,1
2010-09-21 00:00:00,2010-09-21 00:00:00,8000,2010-09-21 00:00:00,7800,7981.4,13,1700,13524800,2010-09-21 00:00:00,1
2010-09-23 00:00:00,2010-09-23 00:00:00,7800,2010-09-23 00:00:00,7800,7800,2,300,2340000,2010-09-23 00:00:00,1
2010-09-24 00:00:00,2010-09-24 00:00:00,8201,2010-09-24 00:00:00,7999,7999,11,1300,10420000,2010-09-24 00:00:00,1
2010-09-27 00:00:00,2010-09-27 00:00:00,8000,2010-09-27 00:00:00,8000,8000,5,600,4800000,2010-09-27 00:00:00,1
2010-09-29 00:00:00,2010-09-29 00:00:00,7950,2010-09-29 00:00:00,7950,7950,1,100,795000,2010-09-29 00:00:00,1
2010-09-30 00:00:00,2010-09-30 00:00:00,7900,2010-09-30 00:00:00,7800,7880,4,500,3940000,2010-09-30 00:00:00,1
2010-10-01 00:00:00,2010-10-01 00:00:00,7900,2010-10-01 00:00:00,7600,7700,5,500,3870000,2010-10-01 00:00:00,1
2010-10-04 00:00:00,2010-10-04 00:00:00,7610,2010-10-04 00:00:00,7505,7605,3,300,2271500,2010-10-04 00:00:00,1
2010-10-05 00:00:00,2010-10-05 00:00:00,7504,2010-10-05 00:00:00,7502,7502.4,4,900,6752150,2010-10-05 00:00:00,1
2010-10-07 00:00:00,2010-10-07 00:00:00,7500,2010-10-07 00:00:00,7500,7500,2,200,1500000,2010-10-07 00:00:00,1
2010-10-08 00:00:00,2010-10-08 00:00:00,7400,2010-10-08 00:00:00,7350,7387.5,4,400,2955000,2010-10-08 00:00:00,1
2010-10-12 00:00:00,2010-10-12 00:00:00,7000,2010-10-12 00:00:00,7000,7000,6,600,4200000,2010-10-12 00:00:00,1
2010-10-13 00:00:00,2010-10-13 00:00:00,8000,2010-10-13 00:00:00,5561,7999.1,66,16100,124835260,2010-10-13 00:00:00,1
2010-10-14 00:00:00,2010-10-14 00:00:00,8900,2010-10-14 00:00:00,8000,8305,17,2400,19922400,2010-10-14 00:00:00,1
2010-10-18 00:00:00,2010-10-18 00:00:00,8300,2010-10-18 00:00:00,7900,8200,10,1300,10640000,2010-10-18 00:00:00,1
2010-10-19 00:00:00,2010-10-19 00:00:00,8300,2010-10-19 00:00:00,8199.9,8250,5,500,4124990,2010-10-19 00:00:00,1
2010-10-20 00:00:00,2010-10-20 00:00:00,8320,2010-10-20 00:00:00,8000,8274.5,14,2100,17376400,2010-10-20 00:00:00,1
2010-10-21 00:00:00,2010-10-21 00:00:00,8200,2010-10-21 00:00:00,8200,8200,5,800,6560000,2010-10-21 00:00:00,1
2010-10-25 00:00:00,2010-10-25 00:00:00,8350,2010-10-25 00:00:00,7705,8249.2,23,3700,30169910,2010-10-25 00:00:00,1
2010-10-26 00:00:00,2010-10-26 00:00:00,8300,2010-10-26 00:00:00,8100,8285.6,18,2200,18123660,2010-10-26 00:00:00,1
2010-10-27 00:00:00,2010-10-27 00:00:00,8300,2010-10-27 00:00:00,8105,8287.8,11,1600,13260500,2010-10-27 00:00:00,1
2010-10-29 00:00:00,2010-10-29 00:00:00,8300,2010-10-29 00:00:00,8300,8300,2,200,1660000,2010-10-29 00:00:00,1
2010-11-01 00:00:00,2010-11-01 00:00:00,8350,2010-11-01 00:00:00,8201,8350,3,400,3325100,2010-11-01 00:00:00,1
2010-11-02 00:00:00,2010-11-02 00:00:00,9000,2010-11-02 00:00:00,8300,8500,39,8500,71210000,2010-11-02 00:00:00,1
2010-11-03 00:00:00,2010-11-03 00:00:00,8497,2010-11-03 00:00:00,7600,7960,18,2400,19287510,2010-11-03 00:00:00,1
2010-11-04 00:00:00,2010-11-04 00:00:00,8300,2010-11-04 00:00:00,8300,8300,2,200,1660000,2010-11-04 00:00:00,1
2010-11-09 00:00:00,2010-11-09 00:00:00,8200,2010-11-09 00:00:00,8010,8200,6,3600,29482000,2010-11-09 00:00:00,1
2010-11-10 00:00:00,2010-11-10 00:00:00,8200,2010-11-10 00:00:00,8150,8198.1,13,2700,22130000,2010-11-10 00:00:00,1
2010-11-11 00:00:00,2010-11-11 00:00:00,8300,2010-11-11 00:00:00,8190,8228,6,1000,8228000,2010-11-11 00:00:00,1
2010-11-12 00:00:00,2010-11-12 00:00:00,8500,2010-11-12 00:00:00,8450,8450,5,500,4235000,2010-11-12 00:00:00,1
2010-11-15 00:00:00,2010-11-15 00:00:00,9000,2010-11-15 00:00:00,8000,8279,84,11000,90712700,2010-11-15 00:00:00,1
2010-11-16 00:00:00,2010-11-16 00:00:00,8350,2010-11-16 00:00:00,8350,8350,2,200,1670000,2010-11-16 00:00:00,1
2010-11-18 00:00:00,2010-11-18 00:00:00,8300,2010-11-18 00:00:00,8200,8233.3,6,600,4940000,2010-11-18 00:00:00,1
2010-11-22 00:00:00,2010-11-22 00:00:00,8300,2010-11-22 00:00:00,8000,8272.8,36,5300,43895250,2010-11-22 00:00:00,1
2010-11-23 00:00:00,2010-11-23 00:00:00,8345,2010-11-23 00:00:00,8300,8340,37,6000,50010700,2010-11-23 00:00:00,1
2010-11-24 00:00:00,2010-11-24 00:00:00,8340,2010-11-24 00:00:00,8340,8340,21,3000,25020000,2010-11-24 00:00:00,1
2010-11-25 00:00:00,2010-11-25 00:00:00,8300,2010-11-25 00:00:00,8300,8300,6,600,4980000,2010-11-25 00:00:00,1
2010-11-29 00:00:00,2010-11-29 00:00:00,8300,2010-11-29 00:00:00,8250,8264.3,8,1700,14085000,2010-11-29 00:00:00,1
2010-11-30 00:00:00,2010-11-30 00:00:00,8021,2010-11-30 00:00:00,8000.4,8021,2,200,1602140,2010-11-30 00:00:00,1
2010-12-01 00:00:00,2010-12-01 00:00:00,8250,2010-12-01 00:00:00,8100,8243.8,8,1200,9867500,2010-12-01 00:00:00,1
2010-12-02 00:00:00,2010-12-02 00:00:00,8300,2010-12-02 00:00:00,8250,8300,15,1700,14104800,2010-12-02 00:00:00,1
2010-12-03 00:00:00,2010-12-03 00:00:00,8300.1,2010-12-03 00:00:00,8300,8300.1,3,400,3320020,2010-12-03 00:00:00,1
2010-12-07 00:00:00,2010-12-07 00:00:00,8200,2010-12-07 00:00:00,8100,8200,4,400,3270000,2010-12-07 00:00:00,1
2010-12-08 00:00:00,2010-12-08 00:00:00,8200,2010-12-08 00:00:00,8100,8166.7,3,300,2450000,2010-12-08 00:00:00,1
2010-12-09 00:00:00,2010-12-09 00:00:00,8100,2010-12-09 00:00:00,8100,8100,1,100,810000,2010-12-09 00:00:00,1
2010-12-10 00:00:00,2010-12-10 00:00:00,8150,2010-12-10 00:00:00,8030,8135,6,800,6492000,2010-12-10 00:00:00,1
2010-12-13 00:00:00,2010-12-13 00:00:00,8100,2010-12-13 00:00:00,8100,8100,4,1000,8100000,2010-12-13 00:00:00,1
2010-12-14 00:00:00,2010-12-14 00:00:00,8100,2010-12-14 00:00:00,8100,8100,9,1100,8910000,2010-12-14 00:00:00,1
2010-12-15 00:00:00,2010-12-15 00:00:00,8150,2010-12-15 00:00:00,8099.9,8100,14,3200,25924990,2010-12-15 00:00:00,1
2010-12-16 00:00:00,2010-12-16 00:00:00,8000,2010-12-16 00:00:00,8000,8000,5,500,4000000,2010-12-16 00:00:00,1
2010-12-17 00:00:00,2010-12-17 00:00:00,8075,2010-12-17 00:00:00,7999.9,8021.6,6,1000,8015140,2010-12-17 00:00:00,1
2010-12-24 00:00:00,2010-12-24 00:00:00,900,2010-12-24 00:00:00,815,872.8,60,11700,10176200,2010-12-24 00:00:00,1
2010-12-27 00:00:00,2010-12-27 00:00:00,930,2010-12-27 00:00:00,880,897.5,155,26400,24034980,2010-12-27 00:00:00,1
2010-12-28 00:00:00,2010-12-28 00:00:00,900,2010-12-28 00:00:00,890,892.2,37,7500,6713880,2010-12-28 00:00:00,1
2010-12-29 00:00:00,2010-12-29 00:00:00,905,2010-12-29 00:00:00,890,890,26,8200,7362300,2010-12-29 00:00:00,1
2010-12-30 00:00:00,2010-12-30 00:00:00,889.9,2010-12-30 00:00:00,860,889.6,29,4700,4132630,2010-12-30 00:00:00,1
2010-12-31 00:00:00,2010-12-31 00:00:00,899,2010-12-31 00:00:00,881.5,885.2,21,2300,2043670,2010-12-31 00:00:00,1
Company Id :  CABO,,Security Type :  N,,Sub Type :  0000,,,,,,
Short Name :  CARGO BOAT,,,,,,,,,,
Day,Date High,High,Date Low,Low,Closing,No. of Trades,No. of Shares,Turnover,Last Traded,Days Traded
2010-01-04 00:00:00,2010-01-04 00:00:00,68,2010-01-04 00:00:00,66.5,67.75,36,38200,2576825,2010-01-04 00:00:00,1
2010-01-05 00:00:00,2010-01-05 00:00:00,67,2010-01-05 00:00:00,64.5,66,30,44100,2901050,2010-01-05 00:00:00,1
2010-01-06 00:00:00,2010-01-06 00:00:00,73,2010-01-06 00:00:00,67,68,115,85900,5950725,2010-01-06 00:00:00,1
2010-01-07 00:00:00,2010-01-07 00:00:00,68,2010-01-07 00:00:00,67,67,12,5700,382850,2010-01-07 00:00:00,1
2010-01-08 00:00:00,2010-01-08 00:00:00,67,2010-01-08 00:00:00,66,66.5,6,7000,467000,2010-01-08 00:00:00,1
2010-01-11 00:00:00,2010-01-11 00:00:00,68,2010-01-11 00:00:00,66.5,67.75,3,1200,81300,2010-01-11 00:00:00,1
2010-01-12 00:00:00,2010-01-12 00:00:00,68,2010-01-12 00:00:00,67,68,10,12500,848625,2010-01-12 00:00:00,1
2010-01-13 00:00:00,2010-01-13 00:00:00,67.25,2010-01-13 00:00:00,67,67.25,3,2200,147425,2010-01-13 00:00:00,1
2010-01-15 00:00:00,2010-01-15 00:00:00,67,2010-01-15 00:00:00,66.25,67,4,3400,226275,2010-01-15 00:00:00,1
2010-01-18 00:00:00,2010-01-18 00:00:00,67,2010-01-18 00:00:00,64.5,65,16,8700,566400,2010-01-18 00:00:00,1
2010-01-19 00:00:00,2010-01-19 00:00:00,64.75,2010-01-19 00:00:00,62,62,14,5700,361025,2010-01-19 00:00:00,1
2010-01-20 00:00:00,2010-01-20 00:00:00,69.75,2010-01-20 00:00:00,62,68.75,65,118000,7995075,2010-01-20 00:00:00,1
2010-01-21 00:00:00,2010-01-21 00:00:00,69,2010-01-21 00:00:00,69,69,1,1000,69000,2010-01-21 00:00:00,1
2010-01-22 00:00:00,2010-01-22 00:00:00,67.5,2010-01-22 00:00:00,66,67.5,6,6200,410800,2010-01-22 00:00:00,1
2010-01-25 00:00:00,2010-01-25 00:00:00,65.5,2010-01-25 00:00:00,65,65,7,6800,442550,2010-01-25 00:00:00,1
2010-01-26 00:00:00,2010-01-26 00:00:00,65.25,2010-01-26 00:00:00,65.25,65.25,1,100,6525,2010-01-26 00:00:00,1
2010-01-28 00:00:00,2010-01-28 00:00:00,67,2010-01-28 00:00:00,65,67,9,13200,870725,2010-01-28 00:00:00,1
2010-02-01 00:00:00,2010-02-01 00:00:00,70,2010-02-01 00:00:00,68,68,20,17900,1227775,2010-02-01 00:00:00,1
2010-02-02 00:00:00,2010-02-02 00:00:00,69.5,2010-02-02 00:00:00,67,69.25,20,17300,1190000,2010-02-02 00:00:00,1
2010-02-03 00:00:00,2010-02-03 00:00:00,75,2010-02-03 00:00:00,69.75,73.25,130,166100,12120375,2010-02-03 00:00:00,1
2010-02-05 00:00:00,2010-02-05 00:00:00,73,2010-02-05 00:00:00,70,70,4,5300,379250,2010-02-05 00:00:00,1
2010-02-08 00:00:00,2010-02-08 00:00:00,71,2010-02-08 00:00:00,70,70.25,18,16500,1156250,2010-02-08 00:00:00,1
2010-02-09 00:00:00,2010-02-09 00:00:00,70.5,2010-02-09 00:00:00,69,69.75,17,19000,1324175,2010-02-09 00:00:00,1
2010-02-10 00:00:00,2010-02-10 00:00:00,69,2010-02-10 00:00:00,67,67.75,10,10400,715425,2010-02-10 00:00:00,1
2010-02-11 00:00:00,2010-02-11 00:00:00,67,2010-02-11 00:00:00,66,67,8,3500,233500,2010-02-11 00:00:00,1
2010-02-12 00:00:00,2010-02-12 00:00:00,67,2010-02-12 00:00:00,65,65,7,6800,452100,2010-02-12 00:00:00,1
2010-02-15 00:00:00,2010-02-15 00:00:00,66,2010-02-15 00:00:00,65,66,3,2400,157400,2010-02-15 00:00:00,1
2010-02-16 00:00:00,2010-02-16 00:00:00,72,2010-02-16 00:00:00,66,67.25,52,63300,4411750,2010-02-16 00:00:00,1
2010-02-17 00:00:00,2010-02-17 00:00:00,67,2010-02-17 00:00:00,67,67,2,3000,201000,2010-02-17 00:00:00,1
2010-02-18 00:00:00,2010-02-18 00:00:00,70,2010-02-18 00:00:00,67,69.25,7,3100,214700,2010-02-18 00:00:00,1
2010-02-19 00:00:00,2010-02-19 00:00:00,69,2010-02-19 00:00:00,69,69,4,1200,82800,2010-02-19 00:00:00,1
2010-02-22 00:00:00,2010-02-22 00:00:00,70,2010-02-22 00:00:00,67,67.5,3,900,61450,2010-02-22 00:00:00,1
2010-02-23 00:00:00,2010-02-23 00:00:00,69,2010-02-23 00:00:00,67.5,69,3,1600,109950,2010-02-23 00:00:00,1
2010-02-24 00:00:00,2010-02-24 00:00:00,69,2010-02-24 00:00:00,67,67.25,10,9000,611375,2010-02-24 00:00:00,1
2010-02-25 00:00:00,2010-02-25 00:00:00,69,2010-02-25 00:00:00,67,67,4,2600,178975,2010-02-25 00:00:00,1
2010-02-26 00:00:00,2010-02-26 00:00:00,67,2010-02-26 00:00:00,67,67,2,600,40200,2010-02-26 00:00:00,1
2010-03-01 00:00:00,2010-03-01 00:00:00,72,2010-03-01 00:00:00,70,70,30,67400,4722450,2010-03-01 00:00:00,1
2010-03-02 00:00:00,2010-03-02 00:00:00,72,2010-03-02 00:00:00,70,70,8,6400,451300,2010-03-02 00:00:00,1
2010-03-03 00:00:00,2010-03-03 00:00:00,70,2010-03-03 00:00:00,70,70,12,11500,805000,2010-03-03 00:00:00,1
2010-03-04 00:00:00,2010-03-04 00:00:00,73,2010-03-04 00:00:00,70,70.75,7,4800,341475,2010-03-04 00:00:00,1
2010-03-05 00:00:00,2010-03-05 00:00:00,78,2010-03-05 00:00:00,71.75,73.25,115,74300,5521350,2010-03-05 00:00:00,1
2010-03-08 00:00:00,2010-03-08 00:00:00,77,2010-03-08 00:00:00,75,76,25,15900,1211225,2010-03-08 00:00:00,1
2010-03-09 00:00:00,2010-03-09 00:00:00,76,2010-03-09 00:00:00,75,75,7,5300,398650,2010-03-09 00:00:00,1
2010-03-10 00:00:00,2010-03-10 00:00:00,75.5,2010-03-10 00:00:00,75,75,7,2300,172800,2010-03-10 00:00:00,1
2010-03-11 00:00:00,2010-03-11 00:00:00,76,2010-03-11 00:00:00,75,75.75,5,2500,188950,2010-03-11 00:00:00,1
2010-03-12 00:00:00,2010-03-12 00:00:00,77,2010-03-12 00:00:00,75,75.75,7,1100,83300,2010-03-12 00:00:00,1
2010-03-15 00:00:00,2010-03-15 00:00:00,77,2010-03-15 00:00:00,77,77,7,1300,100100,2010-03-15 00:00:00,1
2010-03-16 00:00:00,2010-03-16 00:00:00,78,2010-03-16 00:00:00,75,77,12,6200,477400,2010-03-16 00:00:00,1
2010-03-17 00:00:00,2010-03-17 00:00:00,82,2010-03-17 00:00:00,78,80,54,49700,4009625,2010-03-17 00:00:00,1
2010-03-18 00:00:00,2010-03-18 00:00:00,80,2010-03-18 00:00:00,78,78.25,11,7800,610875,2010-03-18 00:00:00,1
2010-03-19 00:00:00,2010-03-19 00:00:00,77,2010-03-19 00:00:00,77,77,2,6700,515900,2010-03-19 00:00:00,1
2010-03-22 00:00:00,2010-03-22 00:00:00,79.25,2010-03-22 00:00:00,77,78,12,9200,722500,2010-03-22 00:00:00,1
2010-03-23 00:00:00,2010-03-23 00:00:00,78,2010-03-23 00:00:00,78,78,4,900,70200,2010-03-23 00:00:00,1
2010-03-24 00:00:00,2010-03-24 00:00:00,79,2010-03-24 00:00:00,78,78,13,20600,1612300,2010-03-24 00:00:00,1
2010-03-25 00:00:00,2010-03-25 00:00:00,80.5,2010-03-25 00:00:00,79,79.5,28,12800,1019375,2010-03-25 00:00:00,1
2010-03-26 00:00:00,2010-03-26 00:00:00,80,2010-03-26 00:00:00,79,80,13,13600,1087500,2010-03-26 00:00:00,1
2010-03-31 00:00:00,2010-03-31 00:00:00,80.5,2010-03-31 00:00:00,78,80,20,20600,1646200,2010-03-31 00:00:00,1
2010-04-01 00:00:00,2010-04-01 00:00:00,79,2010-04-01 00:00:00,78,78,5,1400,110200,2010-04-01 00:00:00,1
2010-04-05 00:00:00,2010-04-05 00:00:00,78,2010-04-05 00:00:00,78,78,3,700,54600,2010-04-05 00:00:00,1
2010-04-06 00:00:00,2010-04-06 00:00:00,80,2010-04-06 00:00:00,78,79.75,7,5300,423200,2010-04-06 00:00:00,1
2010-04-07 00:00:00,2010-04-07 00:00:00,82,2010-04-07 00:00:00,80,82,23,30600,2466925,2010-04-07 00:00:00,1
2010-04-08 00:00:00,2010-04-08 00:00:00,81,2010-04-08 00:00:00,80,80.25,2,3000,241000,2010-04-08 00:00:00,1
2010-04-12 00:00:00,2010-04-12 00:00:00,84.75,2010-04-12 00:00:00,82,84.25,14,6800,569625,2010-04-12 00:00:00,1
2010-04-15 00:00:00,2010-04-15 00:00:00,84.75,2010-04-15 00:00:00,84.75,84.75,2,1400,118650,2010-04-15 00:00:00,1
2010-04-16 00:00:00,2010-04-16 00:00:00,84.75,2010-04-16 00:00:00,83.5,83.5,2,1300,109800,2010-04-16 00:00:00,1
2010-04-19 00:00:00,2010-04-19 00:00:00,85,2010-04-19 00:00:00,84,84,9,3200,270725,2010-04-19 00:00:00,1
2010-04-20 00:00:00,2010-04-20 00:00:00,85,2010-04-20 00:00:00,84.5,85,15,23700,2013875,2010-04-20 00:00:00,1
2010-04-21 00:00:00,2010-04-21 00:00:00,86,2010-04-21 00:00:00,85,86,14,13000,1115950,2010-04-21 00:00:00,1
2010-04-22 00:00:00,2010-04-22 00:00:00,93.5,2010-04-22 00:00:00,85,92.75,29,21300,1925400,2010-04-22 00:00:00,1
2010-04-23 00:00:00,2010-04-23 00:00:00,93.75,2010-04-23 00:00:00,93.75,93.75,1,1000,93750,2010-04-23 00:00:00,1
2010-04-26 00:00:00,2010-04-26 00:00:00,95.5,2010-04-26 00:00:00,93.75,95,25,19400,1842450,2010-04-26 00:00:00,1
2010-04-27 00:00:00,2010-04-27 00:00:00,96,2010-04-27 00:00:00,96,96,8,8500,816000,2010-04-27 00:00:00,1
2010-04-29 00:00:00,2010-04-29 00:00:00,98,2010-04-29 00:00:00,96,97.25,5,2000,194600,2010-04-29 00:00:00,1
2010-05-03 00:00:00,2010-05-03 00:00:00,96,2010-05-03 00:00:00,90,90.25,11,4500,406150,2010-05-03 00:00:00,1
2010-05-04 00:00:00,2010-05-04 00:00:00,92,2010-05-04 00:00:00,90,90,5,1700,154200,2010-05-04 00:00:00,1
2010-05-05 00:00:00,2010-05-05 00:00:00,95,2010-05-05 00:00:00,95,95,3,7800,741000,2010-05-05 00:00:00,1
2010-05-06 00:00:00,2010-05-06 00:00:00,96,2010-05-06 00:00:00,90,95.25,13,14800,1398175,2010-05-06 00:00:00,1
2010-05-07 00:00:00,2010-05-07 00:00:00,98,2010-05-07 00:00:00,89.25,89.75,9,3100,299475,2010-05-07 00:00:00,1
2010-05-10 00:00:00,2010-05-10 00:00:00,90,2010-05-10 00:00:00,90,90,4,1000,90000,2010-05-10 00:00:00,1
2010-05-11 00:00:00,2010-05-11 00:00:00,90,2010-05-11 00:00:00,90,90,1,100,9000,2010-05-11 00:00:00,1
2010-05-12 00:00:00,2010-05-12 00:00:00,95,2010-05-12 00:00:00,90,95,5,8000,756725,2010-05-12 00:00:00,1
2010-05-14 00:00:00,2010-05-14 00:00:00,90.25,2010-05-14 00:00:00,90,90,3,1000,90025,2010-05-14 00:00:00,1
2010-05-17 00:00:00,2010-05-17 00:00:00,90,2010-05-17 00:00:00,90,90,1,200,18000,2010-05-17 00:00:00,1
2010-05-18 00:00:00,2010-05-18 00:00:00,90,2010-05-18 00:00:00,90,90,1,100,9000,2010-05-18 00:00:00,1
2010-05-19 00:00:00,2010-05-19 00:00:00,90,2010-05-19 00:00:00,90,90,1,200,18000,2010-05-19 00:00:00,1
2010-05-20 00:00:00,2010-05-20 00:00:00,90,2010-05-20 00:00:00,90,90,2,700,63000,2010-05-20 00:00:00,1
2010-05-21 00:00:00,2010-05-21 00:00:00,90,2010-05-21 00:00:00,90,90,6,6300,567000,2010-05-21 00:00:00,1
2010-05-24 00:00:00,2010-05-24 00:00:00,90,2010-05-24 00:00:00,90,90,1,700,63000,2010-05-24 00:00:00,1
2010-05-31 00:00:00,2010-05-31 00:00:00,90,2010-05-31 00:00:00,90,90,1,4000,360000,2010-05-31 00:00:00,1
2010-06-01 00:00:00,2010-06-01 00:00:00,90,2010-06-01 00:00:00,90,90,4,1400,126000,2010-06-01 00:00:00,1
2010-06-02 00:00:00,2010-06-02 00:00:00,95,2010-06-02 00:00:00,88,94.75,6,2900,269000,2010-06-02 00:00:00,1
2010-06-03 00:00:00,2010-06-03 00:00:00,95,2010-06-03 00:00:00,94.5,95,16,6300,598300,2010-06-03 00:00:00,1
2010-06-04 00:00:00,2010-06-04 00:00:00,100,2010-06-04 00:00:00,94.75,99.75,23,11800,1163825,2010-06-04 00:00:00,1
2010-06-07 00:00:00,2010-06-07 00:00:00,90.25,2010-06-07 00:00:00,90.25,90.25,1,4200,379050,2010-06-07 00:00:00,1
2010-06-08 00:00:00,2010-06-08 00:00:00,95,2010-06-08 00:00:00,93,95,10,13800,1306200,2010-06-08 00:00:00,1
2010-06-09 00:00:00,2010-06-09 00:00:00,96,2010-06-09 00:00:00,96,96,1,200,19200,2010-06-09 00:00:00,1
2010-06-10 00:00:00,2010-06-10 00:00:00,104.5,2010-06-10 00:00:00,100,103,23,17200,1765325,2010-06-10 00:00:00,1
2010-06-11 00:00:00,2010-06-11 00:00:00,100,2010-06-11 00:00:00,100,100,1,200,20000,2010-06-11 00:00:00,1
2010-06-14 00:00:00,2010-06-14 00:00:00,103,2010-06-14 00:00:00,102,102.25,6,7500,766400,2010-06-14 00:00:00,1
2010-06-15 00:00:00,2010-06-15 00:00:00,101,2010-06-15 00:00:00,97.75,99,8,2000,198225,2010-06-15 00:00:00,1
2010-06-16 00:00:00,2010-06-16 00:00:00,102.5,2010-06-16 00:00:00,98,102.25,5,6500,659225,2010-06-16 00:00:00,1
2010-06-21 00:00:00,2010-06-21 00:00:00,100,2010-06-21 00:00:00,98,98,6,13200,1295025,2010-06-21 00:00:00,1
2010-06-22 00:00:00,2010-06-22 00:00:00,105,2010-06-22 00:00:00,100,100,14,6300,631975,2010-06-22 00:00:00,1
2010-06-23 00:00:00,2010-06-23 00:00:00,98.25,2010-06-23 00:00:00,98,98,4,1300,127425,2010-06-23 00:00:00,1
2010-06-24 00:00:00,2010-06-24 00:00:00,98.25,2010-06-24 00:00:00,98,98.25,2,500,49075,2010-06-24 00:00:00,1
2010-06-28 00:00:00,2010-06-28 00:00:00,100,2010-06-28 00:00:00,98,99.75,4,5400,539200,2010-06-28 00:00:00,1
2010-06-29 00:00:00,2010-06-29 00:00:00,108.75,2010-06-29 00:00:00,98.25,107,9,7000,733725,2010-06-29 00:00:00,1
2010-06-30 00:00:00,2010-06-30 00:00:00,107,2010-06-30 00:00:00,106.75,106.75,7,5300,567075,2010-06-30 00:00:00,1
2010-07-01 00:00:00,2010-07-01 00:00:00,105,2010-07-01 00:00:00,105,105,1,100,10500,2010-07-01 00:00:00,1
2010-07-05 00:00:00,2010-07-05 00:00:00,101,2010-07-05 00:00:00,100,100.5,2,2000,201000,2010-07-05 00:00:00,1
2010-07-06 00:00:00,2010-07-06 00:00:00,98,2010-07-06 00:00:00,98,98,2,1000,98000,2010-07-06 00:00:00,1
2010-07-07 00:00:00,2010-07-07 00:00:00,95,2010-07-07 00:00:00,93,94.5,3,400,37800,2010-07-07 00:00:00,1
2010-07-08 00:00:00,2010-07-08 00:00:00,95,2010-07-08 00:00:00,95,95,1,700,66500,2010-07-08 00:00:00,1
2010-07-09 00:00:00,2010-07-09 00:00:00,95,2010-07-09 00:00:00,95,95,1,100,9500,2010-07-09 00:00:00,1
2010-07-12 00:00:00,2010-07-12 00:00:00,95,2010-07-12 00:00:00,94,94.75,2,300,28400,2010-07-12 00:00:00,1
2010-07-16 00:00:00,2010-07-16 00:00:00,104.75,2010-07-16 00:00:00,104.75,104.75,1,100,10475,2010-07-16 00:00:00,1
2010-07-20 00:00:00,2010-07-20 00:00:00,104,2010-07-20 00:00:00,103,103,6,2400,247300,2010-07-20 00:00:00,1
2010-07-21 00:00:00,2010-07-21 00:00:00,102,2010-07-21 00:00:00,102,102,2,300,30600,2010-07-21 00:00:00,1
2010-07-22 00:00:00,2010-07-22 00:00:00,100,2010-07-22 00:00:00,100,100,2,10500,1050000,2010-07-22 00:00:00,1
2010-07-27 00:00:00,2010-07-27 00:00:00,106,2010-07-27 00:00:00,102,105.25,24,12300,1292900,2010-07-27 00:00:00,1
2010-07-28 00:00:00,2010-07-28 00:00:00,105,2010-07-28 00:00:00,102.25,105,10,8300,871225,2010-07-28 00:00:00,1
2010-07-29 00:00:00,2010-07-29 00:00:00,109.5,2010-07-29 00:00:00,105,106,10,18600,1995900,2010-07-29 00:00:00,1
2010-07-30 00:00:00,2010-07-30 00:00:00,110,2010-07-30 00:00:00,109.25,109.75,19,10000,1098325,2010-07-30 00:00:00,1
2010-08-02 00:00:00,2010-08-02 00:00:00,112,2010-08-02 00:00:00,110,110.6,7,7200,796000,2010-08-02 00:00:00,1
2010-08-03 00:00:00,2010-08-03 00:00:00,110.1,2010-08-03 00:00:00,110.1,110.1,1,100,11010,2010-08-03 00:00:00,1
2010-08-04 00:00:00,2010-08-04 00:00:00,112,2010-08-04 00:00:00,112,112,1,1000,112000,2010-08-04 00:00:00,1
2010-08-11 00:00:00,2010-08-11 00:00:00,112,2010-08-11 00:00:00,112,112,3,600,67200,2010-08-11 00:00:00,1
2010-08-12 00:00:00,2010-08-12 00:00:00,108,2010-08-12 00:00:00,102.6,108,2,200,21060,2010-08-12 00:00:00,1
2010-08-13 00:00:00,2010-08-13 00:00:00,110,2010-08-13 00:00:00,108,110,13,5700,624600,2010-08-13 00:00:00,1
2010-08-16 00:00:00,2010-08-16 00:00:00,110,2010-08-16 00:00:00,109.9,110,6,3900,428990,2010-08-16 00:00:00,1
2010-08-17 00:00:00,2010-08-17 00:00:00,115,2010-08-17 00:00:00,110,113.6,20,12700,1426570,2010-08-17 00:00:00,1
2010-08-18 00:00:00,2010-08-18 00:00:00,112.5,2010-08-18 00:00:00,112,112,4,7800,873650,2010-08-18 00:00:00,1
2010-08-19 00:00:00,2010-08-19 00:00:00,119,2010-08-19 00:00:00,118,118.9,6,1500,178380,2010-08-19 00:00:00,1
2010-08-23 00:00:00,2010-08-23 00:00:00,118,2010-08-23 00:00:00,118,118,1,100,11800,2010-08-23 00:00:00,1
2010-08-25 00:00:00,2010-08-25 00:00:00,116,2010-08-25 00:00:00,113,113,5,600,68700,2010-08-25 00:00:00,1
2010-08-26 00:00:00,2010-08-26 00:00:00,117,2010-08-26 00:00:00,116,116.1,6,5300,615100,2010-08-26 00:00:00,1
2010-08-27 00:00:00,2010-08-27 00:00:00,116,2010-08-27 00:00:00,115,115.3,9,6000,693500,2010-08-27 00:00:00,1
2010-08-30 00:00:00,2010-08-30 00:00:00,117,2010-08-30 00:00:00,117,117,1,100,11700,2010-08-30 00:00:00,1
2010-08-31 00:00:00,2010-08-31 00:00:00,117,2010-08-31 00:00:00,117,117,3,1300,152100,2010-08-31 00:00:00,1
2010-09-02 00:00:00,2010-09-02 00:00:00,116,2010-09-02 00:00:00,115,115.5,5,1900,218650,2010-09-02 00:00:00,1
2010-09-06 00:00:00,2010-09-06 00:00:00,117,2010-09-06 00:00:00,117,117,6,11500,1345500,2010-09-06 00:00:00,1
2010-09-07 00:00:00,2010-09-07 00:00:00,117,2010-09-07 00:00:00,111,117,6,15200,1771200,2010-09-07 00:00:00,1
2010-09-08 00:00:00,2010-09-08 00:00:00,120,2010-09-08 00:00:00,120,120,1,100,12000,2010-09-08 00:00:00,1
2010-09-09 00:00:00,2010-09-09 00:00:00,125,2010-09-09 00:00:00,120,120.2,8,11200,1346650,2010-09-09 00:00:00,1
2010-09-13 00:00:00,2010-09-13 00:00:00,123,2010-09-13 00:00:00,111.1,117,21,100600,11838700,2010-09-13 00:00:00,1
2010-09-14 00:00:00,2010-09-14 00:00:00,122.5,2010-09-14 00:00:00,120,120,16,48400,5859110,2010-09-14 00:00:00,1
2010-09-15 00:00:00,2010-09-15 00:00:00,121,2010-09-15 00:00:00,115,119,23,104800,12471480,2010-09-15 00:00:00,1
2010-09-16 00:00:00,2010-09-16 00:00:00,120,2010-09-16 00:00:00,120,120,7,8000,960000,2010-09-16 00:00:00,1
2010-09-17 00:00:00,2010-09-17 00:00:00,129.5,2010-09-17 00:00:00,120,121.4,8,1800,225000,2010-09-17 00:00:00,1
2010-09-20 00:00:00,2010-09-20 00:00:00,125,2010-09-20 00:00:00,120,125,3,400,49500,2010-09-20 00:00:00,1
2010-09-21 00:00:00,2010-09-21 00:00:00,125,2010-09-21 00:00:00,124.9,125,13,3000,374850,2010-09-21 00:00:00,1
2010-09-23 00:00:00,2010-09-23 00:00:00,125,2010-09-23 00:00:00,124.5,124.5,3,1800,224400,2010-09-23 00:00:00,1
2010-09-24 00:00:00,2010-09-24 00:00:00,120,2010-09-24 00:00:00,120,120,1,200,24000,2010-09-24 00:00:00,1
2010-09-27 00:00:00,2010-09-27 00:00:00,130,2010-09-27 00:00:00,124,129.6,8,2300,294820,2010-09-27 00:00:00,1
2010-09-28 00:00:00,2010-09-28 00:00:00,135,2010-09-28 00:00:00,129,134.9,43,51000,6847090,2010-09-28 00:00:00,1
2010-09-29 00:00:00,2010-09-29 00:00:00,138.5,2010-09-29 00:00:00,135,135,4,14100,1903850,2010-09-29 00:00:00,1
2010-09-30 00:00:00,2010-09-30 00:00:00,135.1,2010-09-30 00:00:00,130,133.5,9,2400,322520,2010-09-30 00:00:00,1
2010-10-01 00:00:00,2010-10-01 00:00:00,142,2010-10-01 00:00:00,137.5,137.5,10,3800,532930,2010-10-01 00:00:00,1
2010-10-04 00:00:00,2010-10-04 00:00:00,147,2010-10-04 00:00:00,138,138.5,37,53200,7405770,2010-10-04 00:00:00,1
2010-10-05 00:00:00,2010-10-05 00:00:00,136,2010-10-05 00:00:00,133.2,135.8,11,2600,350910,2010-10-05 00:00:00,1
2010-10-06 00:00:00,2010-10-06 00:00:00,140,2010-10-06 00:00:00,128,131.5,11,3300,444910,2010-10-06 00:00:00,1
2010-10-07 00:00:00,2010-10-07 00:00:00,135,2010-10-07 00:00:00,135,135,2,300,40500,2010-10-07 00:00:00,1
2010-10-08 00:00:00,2010-10-08 00:00:00,129.5,2010-10-08 00:00:00,127,129.5,2,200,25650,2010-10-08 00:00:00,1
2010-10-11 00:00:00,2010-10-11 00:00:00,129.5,2010-10-11 00:00:00,126,126,5,900,115700,2010-10-11 00:00:00,1
2010-10-13 00:00:00,2010-10-13 00:00:00,117.9,2010-10-13 00:00:00,100,115,37,29400,3134930,2010-10-13 00:00:00,1
2010-10-14 00:00:00,2010-10-14 00:00:00,126,2010-10-14 00:00:00,115,120,11,3100,370700,2010-10-14 00:00:00,1
2010-10-15 00:00:00,2010-10-15 00:00:00,120,2010-10-15 00:00:00,120,120,1,200,24000,2010-10-15 00:00:00,1
2010-10-20 00:00:00,2010-10-20 00:00:00,129,2010-10-20 00:00:00,120,123.7,3,300,37100,2010-10-20 00:00:00,1
2010-10-26 00:00:00,2010-10-26 00:00:00,115.1,2010-10-26 00:00:00,115.1,115.1,2,1100,126610,2010-10-26 00:00:00,1
2010-10-27 00:00:00,2010-10-27 00:00:00,113.6,2010-10-27 00:00:00,113.6,113.6,1,100,11360,2010-10-27 00:00:00,1
2010-10-28 00:00:00,2010-10-28 00:00:00,111.3,2010-10-28 00:00:00,110,110.1,4,20200,2224110,2010-10-28 00:00:00,1
2010-11-01 00:00:00,2010-11-01 00:00:00,140,2010-11-01 00:00:00,122,134.2,103,75600,10293320,2010-11-01 00:00:00,1
2010-11-02 00:00:00,2010-11-02 00:00:00,145,2010-11-02 00:00:00,134,137.9,50,45800,6231420,2010-11-02 00:00:00,1
2010-11-03 00:00:00,2010-11-03 00:00:00,145,2010-11-03 00:00:00,135,135,27,22400,3073300,2010-11-03 00:00:00,1
2010-11-04 00:00:00,2010-11-04 00:00:00,139.8,2010-11-04 00:00:00,133.1,137.1,7,900,122780,2010-11-04 00:00:00,1
2010-11-08 00:00:00,2010-11-08 00:00:00,136,2010-11-08 00:00:00,130,130.9,5,1300,172710,2010-11-08 00:00:00,1
2010-11-09 00:00:00,2010-11-09 00:00:00,130,2010-11-09 00:00:00,130,130,5,1100,143000,2010-11-09 00:00:00,1
2010-11-10 00:00:00,2010-11-10 00:00:00,125,2010-11-10 00:00:00,125,125,2,1500,187500,2010-11-10 00:00:00,1
2010-11-11 00:00:00,2010-11-11 00:00:00,130.1,2010-11-11 00:00:00,130,130,2,1100,143010,2010-11-11 00:00:00,1
2010-11-12 00:00:00,2010-11-12 00:00:00,128.2,2010-11-12 00:00:00,126.1,128,12,10300,1318480,2010-11-12 00:00:00,1
2010-11-15 00:00:00,2010-11-15 00:00:00,126.1,2010-11-15 00:00:00,120,124.5,15,9000,1127260,2010-11-15 00:00:00,1
2010-11-16 00:00:00,2010-11-16 00:00:00,125,2010-11-16 00:00:00,122,123.5,5,8400,1042500,2010-11-16 00:00:00,1
2010-11-18 00:00:00,2010-11-18 00:00:00,134.5,2010-11-18 00:00:00,122,122,2,200,25650,2010-11-18 00:00:00,1
2010-11-22 00:00:00,2010-11-22 00:00:00,125,2010-11-22 00:00:00,125,125,5,3800,475000,2010-11-22 00:00:00,1
2010-11-23 00:00:00,2010-11-23 00:00:00,125,2010-11-23 00:00:00,120,120.8,14,9700,1172700,2010-11-23 00:00:00,1
2010-11-25 00:00:00,2010-11-25 00:00:00,120,2010-11-25 00:00:00,120,120,1,400,48000,2010-11-25 00:00:00,1
2010-11-26 00:00:00,2010-11-26 00:00:00,125,2010-11-26 00:00:00,125,125,2,300,37500,2010-11-26 00:00:00,1
2010-11-30 00:00:00,2010-11-30 00:00:00,124.9,2010-11-30 00:00:00,117,121,6,9100,1094000,2010-11-30 00:00:00,1
2010-12-01 00:00:00,2010-12-01 00:00:00,121,2010-12-01 00:00:00,120,120,2,3000,362000,2010-12-01 00:00:00,1
2010-12-02 00:00:00,2010-12-02 00:00:00,120.2,2010-12-02 00:00:00,120,120,7,2600,312120,2010-12-02 00:00:00,1
2010-12-03 00:00:00,2010-12-03 00:00:00,121,2010-12-03 00:00:00,121,121,1,100,12100,2010-12-03 00:00:00,1
2010-12-09 00:00:00,2010-12-09 00:00:00,120,2010-12-09 00:00:00,120,120,1,300,36000,2010-12-09 00:00:00,1
2010-12-22 00:00:00,2010-12-22 00:00:00,115,2010-12-22 00:00:00,110,113.8,49,24700,2757500,2010-12-22 00:00:00,1
2010-12-23 00:00:00,2010-12-23 00:00:00,118,2010-12-23 00:00:00,114,117.9,13,11000,1262990,2010-12-23 00:00:00,1
2010-12-24 00:00:00,2010-12-24 00:00:00,117,2010-12-24 00:00:00,116.9,117,2,200,23390,2010-12-24 00:00:00,1
2010-12-27 00:00:00,2010-12-27 00:00:00,115,2010-12-27 00:00:00,114,114.2,3,1300,148500,2010-12-27 00:00:00,1
2010-12-28 00:00:00,2010-12-28 00:00:00,118.4,2010-12-28 00:00:00,115,116.4,11,1900,220290,2010-12-28 00:00:00,1
2010-12-29 00:00:00,2010-12-29 00:00:00,119,2010-12-29 00:00:00,115,115.6,13,18400,2133480,2010-12-29 00:00:00,1
2010-12-30 00:00:00,2010-12-30 00:00:00,121,2010-12-30 00:00:00,114,120.1,21,19600,2324140,2010-12-30 00:00:00,1
2010-12-31 00:00:00,2010-12-31 00:00:00,120,2010-12-31 00:00:00,118.1,118.1,3,25500,3059050,2010-12-31 00:00:00,1
Company Id :  CARE,,Security Type :  N,,Sub Type :  0000,,,,,,
Short Name :  PRINTCARE PLC,,,,,,,,,,
Day,Date High,High,Date Low,Low,Closing,No. of Trades,No. of Shares,Turnover,Last Traded,Days Traded
2010-01-04 00:00:00,2010-01-04 00:00:00,67.25,2010-01-04 00:00:00,67.25,67.25,2,500,33625,2010-01-04 00:00:00,1
2010-02-09 00:00:00,2010-02-09 00:00:00,77.25,2010-02-09 00:00:00,77.25,77.25,2,500,38625,2010-02-09 00:00:00,1
2010-02-26 00:00:00,2010-02-26 00:00:00,78.5,2010-02-26 00:00:00,78.5,78.5,1,600,47100,2010-02-26 00:00:00,1
2010-03-05 00:00:00,2010-03-05 00:00:00,90,2010-03-05 00:00:00,90,90,2,500,45000,2010-03-05 00:00:00,1
2010-03-10 00:00:00,2010-03-10 00:00:00,81,2010-03-10 00:00:00,81,81,2,600,48600,2010-03-10 00:00:00,1
2010-03-31 00:00:00,2010-03-31 00:00:00,85,2010-03-31 00:00:00,85,85,1,700,59500,2010-03-31 00:00:00,1
2010-04-15 00:00:00,2010-04-15 00:00:00,86,2010-04-15 00:00:00,86,86,6,1100,94600,2010-04-15 00:00:00,1
2010-04-16 00:00:00,2010-04-16 00:00:00,86,2010-04-16 00:00:00,86,86,2,200,17200,2010-04-16 00:00:00,1
2010-04-21 00:00:00,2010-04-21 00:00:00,90,2010-04-21 00:00:00,90,90,1,100,9000,2010-04-21 00:00:00,1
2010-04-23 00:00:00,2010-04-23 00:00:00,90,2010-04-23 00:00:00,90,90,1,100,9000,2010-04-23 00:00:00,1
2010-04-26 00:00:00,2010-04-26 00:00:00,90,2010-04-26 00:00:00,90,90,3,500,45000,2010-04-26 00:00:00,1
2010-04-27 00:00:00,2010-04-27 00:00:00,99,2010-04-27 00:00:00,90,94.25,8,1000,93800,2010-04-27 00:00:00,1
2010-04-30 00:00:00,2010-04-30 00:00:00,94.5,2010-04-30 00:00:00,94.25,94.25,2,4300,405300,2010-04-30 00:00:00,1
2010-05-04 00:00:00,2010-05-04 00:00:00,94.25,2010-05-04 00:00:00,94,94,2,2000,188025,2010-05-04 00:00:00,1
2010-05-05 00:00:00,2010-05-05 00:00:00,94,2010-05-05 00:00:00,94,94,1,100,9400,2010-05-05 00:00:00,1
2010-05-06 00:00:00,2010-05-06 00:00:00,94,2010-05-06 00:00:00,94,94,1,200,18800,2010-05-06 00:00:00,1
2010-05-19 00:00:00,2010-05-19 00:00:00,94,2010-05-19 00:00:00,94,94,3,400,37600,2010-05-19 00:00:00,1
2010-05-20 00:00:00,2010-05-20 00:00:00,93.75,2010-05-20 00:00:00,93,93,7,6600,614300,2010-05-20 00:00:00,1
2010-05-24 00:00:00,2010-05-24 00:00:00,90,2010-05-24 00:00:00,90,90,1,5000,450000,2010-05-24 00:00:00,1
2010-06-01 00:00:00,2010-06-01 00:00:00,90,2010-06-01 00:00:00,90,90,3,1100,99000,2010-06-01 00:00:00,1
2010-06-03 00:00:00,2010-06-03 00:00:00,90,2010-06-03 00:00:00,90,90,1,1000,90000,2010-06-03 00:00:00,1
2010-06-04 00:00:00,2010-06-04 00:00:00,90,2010-06-04 00:00:00,85,87,5,10200,886250,2010-06-04 00:00:00,1
2010-06-08 00:00:00,2010-06-08 00:00:00,87,2010-06-08 00:00:00,87,87,1,200,17400,2010-06-08 00:00:00,1
2010-06-21 00:00:00,2010-06-21 00:00:00,85,2010-06-21 00:00:00,80,80.75,12,95300,7762550,2010-06-21 00:00:00,1
2010-06-22 00:00:00,2010-06-22 00:00:00,82,2010-06-22 00:00:00,73,75,367,4843100,354879475,2010-06-22 00:00:00,1
2010-06-23 00:00:00,2010-06-23 00:00:00,77,2010-06-23 00:00:00,75,75,45,48200,3655900,2010-06-23 00:00:00,1
2010-06-24 00:00:00,2010-06-24 00:00:00,75,2010-06-24 00:00:00,73,73,18,29400,2186375,2010-06-24 00:00:00,1
2010-06-28 00:00:00,2010-06-28 00:00:00,74,2010-06-28 00:00:00,72,73,27,31500,2291825,2010-06-28 00:00:00,1
2010-06-29 00:00:00,2010-06-29 00:00:00,74,2010-06-29 00:00:00,73.5,73.5,5,3400,250850,2010-06-29 00:00:00,1
2010-06-30 00:00:00,2010-06-30 00:00:00,76.75,2010-06-30 00:00:00,74,74,18,13800,1031025,2010-06-30 00:00:00,1
2010-07-01 00:00:00,2010-07-01 00:00:00,75,2010-07-01 00:00:00,75,75,1,2000,150000,2010-07-01 00:00:00,1
2010-07-02 00:00:00,2010-07-02 00:00:00,73.25,2010-07-02 00:00:00,73.25,73.25,2,3000,219750,2010-07-02 00:00:00,1
2010-07-05 00:00:00,2010-07-05 00:00:00,75,2010-07-05 00:00:00,73,73,4,3100,228500,2010-07-05 00:00:00,1
2010-07-06 00:00:00,2010-07-06 00:00:00,73,2010-07-06 00:00:00,72,72,7,5700,412900,2010-07-06 00:00:00,1
2010-07-07 00:00:00,2010-07-07 00:00:00,71.5,2010-07-07 00:00:00,70,70,14,11800,829250,2010-07-07 00:00:00,1
2010-07-08 00:00:00,2010-07-08 00:00:00,76.5,2010-07-08 00:00:00,70,76,46,362600,27548100,2010-07-08 00:00:00,1
2010-07-09 00:00:00,2010-07-09 00:00:00,76,2010-07-09 00:00:00,75.75,75.75,10,84800,6444300,2010-07-09 00:00:00,1
2010-07-13 00:00:00,2010-07-13 00:00:00,75,2010-07-13 00:00:00,73.25,75,2,600,44125,2010-07-13 00:00:00,1
2010-07-14 00:00:00,2010-07-14 00:00:00,76,2010-07-14 00:00:00,76,76,3,7800,592800,2010-07-14 00:00:00,1
2010-07-15 00:00:00,2010-07-15 00:00:00,76,2010-07-15 00:00:00,76,76,10,9200,699200,2010-07-15 00:00:00,1
2010-07-16 00:00:00,2010-07-16 00:00:00,76,2010-07-16 00:00:00,76,76,8,18000,1368000,2010-07-16 00:00:00,1
2010-07-19 00:00:00,2010-07-19 00:00:00,78,2010-07-19 00:00:00,77,77.75,5,1200,92575,2010-07-19 00:00:00,1
2010-07-21 00:00:00,2010-07-21 00:00:00,77,2010-07-21 00:00:00,76.75,77,5,13800,1061900,2010-07-21 00:00:00,1
2010-07-22 00:00:00,2010-07-22 00:00:00,79,2010-07-22 00:00:00,76,77.25,44,378800,29541775,2010-07-22 00:00:00,1
2010-07-23 00:00:00,2010-07-23 00:00:00,82.75,2010-07-23 00:00:00,78,79.25,46,70800,5577925,2010-07-23 00:00:00,1
2010-07-26 00:00:00,2010-07-26 00:00:00,81,2010-07-26 00:00:00,79,79.25,10,4800,383350,2010-07-26 00:00:00,1
2010-07-27 00:00:00,2010-07-27 00:00:00,80,2010-07-27 00:00:00,79,79,5,7500,594000,2010-07-27 00:00:00,1
2010-07-29 00:00:00,2010-07-29 00:00:00,79,2010-07-29 00:00:00,79,79,3,1000,79000,2010-07-29 00:00:00,1
2010-07-30 00:00:00,2010-07-30 00:00:00,81,2010-07-30 00:00:00,69.5,79.5,8,5700,453375,2010-07-30 00:00:00,1
2010-08-03 00:00:00,2010-08-03 00:00:00,82,2010-08-03 00:00:00,78,81.9,10,66900,5477290,2010-08-03 00:00:00,1
2010-08-04 00:00:00,2010-08-04 00:00:00,88.4,2010-08-04 00:00:00,81.7,85,33,184400,15656610,2010-08-04 00:00:00,1
2010-08-05 00:00:00,2010-08-05 00:00:00,85,2010-08-05 00:00:00,81,81.6,18,56600,4669270,2010-08-05 00:00:00,1
2010-08-06 00:00:00,2010-08-06 00:00:00,81.1,2010-08-06 00:00:00,81,81.1,4,2000,162020,2010-08-06 00:00:00,1
2010-08-09 00:00:00,2010-08-09 00:00:00,81,2010-08-09 00:00:00,80,80.3,3,1500,120500,2010-08-09 00:00:00,1
2010-08-12 00:00:00,2010-08-12 00:00:00,81,2010-08-12 00:00:00,80,81,2,200,16100,2010-08-12 00:00:00,1
2010-08-16 00:00:00,2010-08-16 00:00:00,86,2010-08-16 00:00:00,81,82.4,8,6300,513300,2010-08-16 00:00:00,1
2010-08-17 00:00:00,2010-08-17 00:00:00,82,2010-08-17 00:00:00,82,82,2,1100,90200,2010-08-17 00:00:00,1
2010-08-18 00:00:00,2010-08-18 00:00:00,82,2010-08-18 00:00:00,78,82,6,4000,324060,2010-08-18 00:00:00,1
2010-08-19 00:00:00,2010-08-19 00:00:00,84.5,2010-08-19 00:00:00,84.5,84.5,1,500,42250,2010-08-19 00:00:00,1
2010-08-20 00:00:00,2010-08-20 00:00:00,86,2010-08-20 00:00:00,81,81,3,1200,99900,2010-08-20 00:00:00,1
2010-08-23 00:00:00,2010-08-23 00:00:00,80,2010-08-23 00:00:00,80,80,2,200,16000,2010-08-23 00:00:00,1
2010-08-25 00:00:00,2010-08-25 00:00:00,80.5,2010-08-25 00:00:00,80,80.3,4,400,32110,2010-08-25 00:00:00,1
2010-08-26 00:00:00,2010-08-26 00:00:00,85,2010-08-26 00:00:00,82,84.9,6,3600,301190,2010-08-26 00:00:00,1
2010-08-31 00:00:00,2010-08-31 00:00:00,83,2010-08-31 00:00:00,83,83,1,100,8300,2010-08-31 00:00:00,1
2010-09-01 00:00:00,2010-09-01 00:00:00,83,2010-09-01 00:00:00,83,83,1,100,8300,2010-09-01 00:00:00,1
2010-09-02 00:00:00,2010-09-02 00:00:00,90,2010-09-02 00:00:00,89,89,4,800,71400,2010-09-02 00:00:00,1
2010-09-03 00:00:00,2010-09-03 00:00:00,85,2010-09-03 00:00:00,85,85,2,300,25500,2010-09-03 00:00:00,1
2010-09-07 00:00:00,2010-09-07 00:00:00,83,2010-09-07 00:00:00,79,83,2,900,71900,2010-09-07 00:00:00,1
2010-09-08 00:00:00,2010-09-08 00:00:00,82.5,2010-09-08 00:00:00,80,81.1,4,1300,105700,2010-09-08 00:00:00,1
2010-09-14 00:00:00,2010-09-14 00:00:00,81,2010-09-14 00:00:00,81,81,4,1600,129600,2010-09-14 00:00:00,1
2010-09-15 00:00:00,2010-09-15 00:00:00,89,2010-09-15 00:00:00,81,82,8,4900,402400,2010-09-15 00:00:00,1
2010-09-16 00:00:00,2010-09-16 00:00:00,82.5,2010-09-16 00:00:00,81.5,82.4,5,1400,114450,2010-09-16 00:00:00,1
2010-09-17 00:00:00,2010-09-17 00:00:00,89.5,2010-09-17 00:00:00,85,85,3,1200,105600,2010-09-17 00:00:00,1
2010-09-20 00:00:00,2010-09-20 00:00:00,84.6,2010-09-20 00:00:00,80,84.6,3,500,41830,2010-09-20 00:00:00,1
2010-09-21 00:00:00,2010-09-21 00:00:00,90,2010-09-21 00:00:00,84,87.4,24,11400,997550,2010-09-21 00:00:00,1
2010-09-23 00:00:00,2010-09-23 00:00:00,135,2010-09-23 00:00:00,90,110,76,21400,2478630,2010-09-23 00:00:00,1
2010-09-24 00:00:00,2010-09-24 00:00:00,155,2010-09-24 00:00:00,120,136.6,88,30100,4171460,2010-09-24 00:00:00,1
2010-09-27 00:00:00,2010-09-27 00:00:00,136.2,2010-09-27 00:00:00,135,136,5,1200,163200,2010-09-27 00:00:00,1
2010-09-29 00:00:00,2010-09-29 00:00:00,120.1,2010-09-29 00:00:00,120,120,8,1300,156030,2010-09-29 00:00:00,1
2010-09-30 00:00:00,2010-09-30 00:00:00,120,2010-09-30 00:00:00,120,120,6,2900,348000,2010-09-30 00:00:00,1
2010-10-04 00:00:00,2010-10-04 00:00:00,110,2010-10-04 00:00:00,110,110,3,300,33000,2010-10-04 00:00:00,1
2010-10-11 00:00:00,2010-10-11 00:00:00,105,2010-10-11 00:00:00,88,89.2,4,1200,110200,2010-10-11 00:00:00,1
2010-10-12 00:00:00,2010-10-12 00:00:00,96,2010-10-12 00:00:00,88,90.1,14,2400,218100,2010-10-12 00:00:00,1
2010-10-13 00:00:00,2010-10-13 00:00:00,92,2010-10-13 00:00:00,92,92,1,100,9200,2010-10-13 00:00:00,1
2010-10-14 00:00:00,2010-10-14 00:00:00,92,2010-10-14 00:00:00,92,92,1,200,18400,2010-10-14 00:00:00,1
2010-10-15 00:00:00,2010-10-15 00:00:00,92,2010-10-15 00:00:00,92,92,1,200,18400,2010-10-15 00:00:00,1
2010-10-19 00:00:00,2010-10-19 00:00:00,95,2010-10-19 00:00:00,88.5,92.2,12,4700,428700,2010-10-19 00:00:00,1
2010-10-20 00:00:00,2010-10-20 00:00:00,95,2010-10-20 00:00:00,95,95,5,2500,237500,2010-10-20 00:00:00,1
2010-10-21 00:00:00,2010-10-21 00:00:00,138,2010-10-21 00:00:00,100,132.3,327,97200,12334470,2010-10-21 00:00:00,1
2010-10-25 00:00:00,2010-10-25 00:00:00,159,2010-10-25 00:00:00,135,147.4,255,64400,9571590,2010-10-25 00:00:00,1
2010-10-26 00:00:00,2010-10-26 00:00:00,148,2010-10-26 00:00:00,133,133.4,19,2700,381890,2010-10-26 00:00:00,1
2010-10-27 00:00:00,2010-10-27 00:00:00,134,2010-10-27 00:00:00,130,131,8,3500,456700,2010-10-27 00:00:00,1
2010-10-28 00:00:00,2010-10-28 00:00:00,141,2010-10-28 00:00:00,132,134,27,4800,662770,2010-10-28 00:00:00,1
2010-10-29 00:00:00,2010-10-29 00:00:00,135,2010-10-29 00:00:00,130,131,10,1700,227410,2010-10-29 00:00:00,1
2010-11-01 00:00:00,2010-11-01 00:00:00,131,2010-11-01 00:00:00,131,131,1,300,39300,2010-11-01 00:00:00,1
2010-11-02 00:00:00,2010-11-02 00:00:00,123.6,2010-11-02 00:00:00,123.6,123.6,1,2600,321360,2010-11-02 00:00:00,1
2010-11-03 00:00:00,2010-11-03 00:00:00,124.5,2010-11-03 00:00:00,123,123.5,5,500,62000,2010-11-03 00:00:00,1
2010-11-04 00:00:00,2010-11-04 00:00:00,123.5,2010-11-04 00:00:00,115.1,122.2,7,1400,171070,2010-11-04 00:00:00,1
2010-11-08 00:00:00,2010-11-08 00:00:00,120,2010-11-08 00:00:00,120,120,1,100,12000,2010-11-08 00:00:00,1
2010-11-09 00:00:00,2010-11-09 00:00:00,115,2010-11-09 00:00:00,106,107.7,8,1500,165060,2010-11-09 00:00:00,1
2010-11-10 00:00:00,2010-11-10 00:00:00,120,2010-11-10 00:00:00,112,113,13,1700,199200,2010-11-10 00:00:00,1
2010-11-11 00:00:00,2010-11-11 00:00:00,142.9,2010-11-11 00:00:00,117.9,131.7,121,21500,2923080,2010-11-11 00:00:00,1
2010-11-12 00:00:00,2010-11-12 00:00:00,137.9,2010-11-12 00:00:00,126.1,130,48,7600,1024360,2010-11-12 00:00:00,1
2010-11-15 00:00:00,2010-11-15 00:00:00,125,2010-11-15 00:00:00,120.2,120.2,5,500,62020,2010-11-15 00:00:00,1
2010-11-16 00:00:00,2010-11-16 00:00:00,125,2010-11-16 00:00:00,118.1,121,3,300,36310,2010-11-16 00:00:00,1
2010-11-18 00:00:00,2010-11-18 00:00:00,127,2010-11-18 00:00:00,120,125,4,500,62200,2010-11-18 00:00:00,1
2010-11-22 00:00:00,2010-11-22 00:00:00,126,2010-11-22 00:00:00,121,122.1,9,1100,134400,2010-11-22 00:00:00,1
2010-11-23 00:00:00,2010-11-23 00:00:00,126,2010-11-23 00:00:00,120,122.4,9,1200,147600,2010-11-23 00:00:00,1
2010-11-25 00:00:00,2010-11-25 00:00:00,120,2010-11-25 00:00:00,119,119.3,3,400,47790,2010-11-25 00:00:00,1
2010-11-26 00:00:00,2010-11-26 00:00:00,117,2010-11-26 00:00:00,117,117,2,500,58500,2010-11-26 00:00:00,1
2010-11-30 00:00:00,2010-11-30 00:00:00,121,2010-11-30 00:00:00,120,120.8,4,1000,120500,2010-11-30 00:00:00,1
2010-12-01 00:00:00,2010-12-01 00:00:00,120,2010-12-01 00:00:00,120,120,4,2000,240000,2010-12-01 00:00:00,1
2010-12-02 00:00:00,2010-12-02 00:00:00,130,2010-12-02 00:00:00,115,128.1,15,1900,239470,2010-12-02 00:00:00,1
2010-12-03 00:00:00,2010-12-03 00:00:00,127.9,2010-12-03 00:00:00,120,127,13,4100,507830,2010-12-03 00:00:00,1
2010-12-07 00:00:00,2010-12-07 00:00:00,127,2010-12-07 00:00:00,120,120.1,16,4100,496740,2010-12-07 00:00:00,1
2010-12-08 00:00:00,2010-12-08 00:00:00,115.1,2010-12-08 00:00:00,115,115,2,600,69010,2010-12-08 00:00:00,1
2010-12-10 00:00:00,2010-12-10 00:00:00,120,2010-12-10 00:00:00,119.9,119.9,2,1400,167960,2010-12-10 00:00:00,1
2010-12-13 00:00:00,2010-12-13 00:00:00,124,2010-12-13 00:00:00,119.5,121.1,8,800,96860,2010-12-13 00:00:00,1
2010-12-14 00:00:00,2010-12-14 00:00:00,119,2010-12-14 00:00:00,119,119,1,100,11900,2010-12-14 00:00:00,1
2010-12-15 00:00:00,2010-12-15 00:00:00,120,2010-12-15 00:00:00,115,115,3,300,35000,2010-12-15 00:00:00,1
2010-12-16 00:00:00,2010-12-16 00:00:00,115,2010-12-16 00:00:00,115,115,1,200,23000,2010-12-16 00:00:00,1
2010-12-17 00:00:00,2010-12-17 00:00:00,115,2010-12-17 00:00:00,115,115,1,100,11500,2010-12-17 00:00:00,1
2010-12-21 00:00:00,2010-12-21 00:00:00,120,2010-12-21 00:00:00,120,120,3,1000,120000,2010-12-21 00:00:00,1
2010-12-22 00:00:00,2010-12-22 00:00:00,126,2010-12-22 00:00:00,117,117,8,1900,233700,2010-12-22 00:00:00,1
2010-12-23 00:00:00,2010-12-23 00:00:00,123,2010-12-23 00:00:00,117,120.4,8,1000,120000,2010-12-23 00:00:00,1
2010-12-24 00:00:00,2010-12-24 00:00:00,120,2010-12-24 00:00:00,115,120,4,1600,187900,2010-12-24 00:00:00,1
2010-12-27 00:00:00,2010-12-27 00:00:00,117,2010-12-27 00:00:00,117,117,1,300,35100,2010-12-27 00:00:00,1
2010-12-28 00:00:00,2010-12-28 00:00:00,120,2010-12-28 00:00:00,116,120,3,500,59600,2010-12-28 00:00:00,1
2010-12-31 00:00:00,2010-12-31 00:00:00,120,2010-12-31 00:00:00,117,117.1,5,1700,203410,2010-12-31 00:00:00,1
Company Id :  CARG,,Security Type :  N,,Sub Type :  0000,,,,,,
Short Name :  CARGILLS,,,,,,,,,,
Day,Date High,High,Date Low,Low,Closing,No. of Trades,No. of Shares,Turnover,Last Traded,Days Traded
2010-01-04 00:00:00,2010-01-04 00:00:00,66.5,2010-01-04 00:00:00,65,66.5,23,13600,896800,2010-01-04 00:00:00,1
2010-01-05 00:00:00,2010-01-05 00:00:00,67.25,2010-01-05 00:00:00,65,67,51,59700,3982725,2010-01-05 00:00:00,1
2010-01-06 00:00:00,2010-01-06 00:00:00,67.5,2010-01-06 00:00:00,65.25,65.5,42,97800,6456900,2010-01-06 00:00:00,1
2010-01-07 00:00:00,2010-01-07 00:00:00,66.5,2010-01-07 00:00:00,64,66.25,36,27700,1802325,2010-01-07 00:00:00,1
2010-01-08 00:00:00,2010-01-08 00:00:00,67,2010-01-08 00:00:00,66.5,66.75,13,15800,1055450,2010-01-08 00:00:00,1
2010-01-11 00:00:00,2010-01-11 00:00:00,67,2010-01-11 00:00:00,66.25,67,17,30200,2022525,2010-01-11 00:00:00,1
2010-01-12 00:00:00,2010-01-12 00:00:00,66.5,2010-01-12 00:00:00,65,66.25,35,84900,5603625,2010-01-12 00:00:00,1
2010-01-13 00:00:00,2010-01-13 00:00:00,67.25,2010-01-13 00:00:00,66.25,67,25,27500,1841075,2010-01-13 00:00:00,1
2010-01-15 00:00:00,2010-01-15 00:00:00,68.25,2010-01-15 00:00:00,66.5,68,46,51100,3438100,2010-01-15 00:00:00,1
2010-01-18 00:00:00,2010-01-18 00:00:00,68,2010-01-18 00:00:00,67,67,15,25900,1747375,2010-01-18 00:00:00,1
2010-01-19 00:00:00,2010-01-19 00:00:00,67,2010-01-19 00:00:00,64,65.25,32,102300,6775025,2010-01-19 00:00:00,1
2010-01-20 00:00:00,2010-01-20 00:00:00,67.5,2010-01-20 00:00:00,65.25,65.5,28,208700,13727950,2010-01-20 00:00:00,1
2010-01-21 00:00:00,2010-01-21 00:00:00,66,2010-01-21 00:00:00,65.5,65.75,8,34800,2281650,2010-01-21 00:00:00,1
2010-01-22 00:00:00,2010-01-22 00:00:00,67.25,2010-01-22 00:00:00,66,67,15,25100,1680675,2010-01-22 00:00:00,1
2010-01-25 00:00:00,2010-01-25 00:00:00,68,2010-01-25 00:00:00,66.5,68,10,35100,2382825,2010-01-25 00:00:00,1
2010-01-26 00:00:00,2010-01-26 00:00:00,68.5,2010-01-26 00:00:00,65.25,68,13,41000,2736650,2010-01-26 00:00:00,1
2010-01-28 00:00:00,2010-01-28 00:00:00,68,2010-01-28 00:00:00,65,68,16,10200,676525,2010-01-28 00:00:00,1
2010-02-01 00:00:00,2010-02-01 00:00:00,68,2010-02-01 00:00:00,67.25,67.5,11,8700,590075,2010-02-01 00:00:00,1
2010-02-02 00:00:00,2010-02-02 00:00:00,68.75,2010-02-02 00:00:00,68,68.5,30,31400,2148475,2010-02-02 00:00:00,1
2010-02-03 00:00:00,2010-02-03 00:00:00,73,2010-02-03 00:00:00,68.5,70.75,155,770800,54201400,2010-02-03 00:00:00,1
2010-02-05 00:00:00,2010-02-05 00:00:00,71.5,2010-02-05 00:00:00,69.5,70,34,29500,2067850,2010-02-05 00:00:00,1
2010-02-08 00:00:00,2010-02-08 00:00:00,73,2010-02-08 00:00:00,71.75,72.75,55,48100,3477300,2010-02-08 00:00:00,1
2010-02-09 00:00:00,2010-02-09 00:00:00,73.5,2010-02-09 00:00:00,72,72.25,37,23200,1679125,2010-02-09 00:00:00,1
2010-02-10 00:00:00,2010-02-10 00:00:00,73.25,2010-02-10 00:00:00,72,72.5,24,8500,618300,2010-02-10 00:00:00,1
2010-02-11 00:00:00,2010-02-11 00:00:00,72,2010-02-11 00:00:00,70,70,41,33100,2320225,2010-02-11 00:00:00,1
2010-02-12 00:00:00,2010-02-12 00:00:00,71,2010-02-12 00:00:00,68,70,17,11800,805025,2010-02-12 00:00:00,1
2010-02-15 00:00:00,2010-02-15 00:00:00,70,2010-02-15 00:00:00,68,68,6,6000,418000,2010-02-15 00:00:00,1
2010-02-16 00:00:00,2010-02-16 00:00:00,69,2010-02-16 00:00:00,68,69,10,6800,465975,2010-02-16 00:00:00,1
2010-02-17 00:00:00,2010-02-17 00:00:00,70,2010-02-17 00:00:00,67.25,70,15,509900,35691150,2010-02-17 00:00:00,1
2010-02-18 00:00:00,2010-02-18 00:00:00,70.25,2010-02-18 00:00:00,69.25,69.25,15,24300,1699175,2010-02-18 00:00:00,1
2010-02-19 00:00:00,2010-02-19 00:00:00,70.5,2010-02-19 00:00:00,69.25,70,16,11900,833025,2010-02-19 00:00:00,1
2010-02-22 00:00:00,2010-02-22 00:00:00,71,2010-02-22 00:00:00,70,70,24,55000,3872950,2010-02-22 00:00:00,1
2010-02-23 00:00:00,2010-02-23 00:00:00,70.5,2010-02-23 00:00:00,70,70.25,6,8400,591200,2010-02-23 00:00:00,1
2010-02-24 00:00:00,2010-02-24 00:00:00,71,2010-02-24 00:00:00,69.5,70,25,32500,2274900,2010-02-24 00:00:00,1
2010-02-25 00:00:00,2010-02-25 00:00:00,70,2010-02-25 00:00:00,69,69,13,14200,992650,2010-02-25 00:00:00,1
2010-02-26 00:00:00,2010-02-26 00:00:00,69.5,2010-02-26 00:00:00,69,69.5,5,8500,586750,2010-02-26 00:00:00,1
2010-03-01 00:00:00,2010-03-01 00:00:00,68.75,2010-03-01 00:00:00,68.75,68.75,9,5600,385000,2010-03-01 00:00:00,1
2010-03-02 00:00:00,2010-03-02 00:00:00,72.5,2010-03-02 00:00:00,69,70,31,284100,19904200,2010-03-02 00:00:00,1
2010-03-03 00:00:00,2010-03-03 00:00:00,70.75,2010-03-03 00:00:00,70,70,29,66300,4651500,2010-03-03 00:00:00,1
2010-03-04 00:00:00,2010-03-04 00:00:00,70,2010-03-04 00:00:00,69.5,69.5,4,3300,229900,2010-03-04 00:00:00,1
2010-03-05 00:00:00,2010-03-05 00:00:00,69.5,2010-03-05 00:00:00,69,69.5,5,2100,145450,2010-03-05 00:00:00,1
2010-03-08 00:00:00,2010-03-08 00:00:00,70,2010-03-08 00:00:00,69,69,12,8100,559900,2010-03-08 00:00:00,1
2010-03-10 00:00:00,2010-03-10 00:00:00,70,2010-03-10 00:00:00,69,70,27,565100,39544850,2010-03-10 00:00:00,1
2010-03-11 00:00:00,2010-03-11 00:00:00,70.5,2010-03-11 00:00:00,70,70,17,21600,1512050,2010-03-11 00:00:00,1
2010-03-12 00:00:00,2010-03-12 00:00:00,71,2010-03-12 00:00:00,70,70.75,26,58800,4163600,2010-03-12 00:00:00,1
2010-03-15 00:00:00,2010-03-15 00:00:00,70,2010-03-15 00:00:00,69.25,69.5,7,1900,132250,2010-03-15 00:00:00,1
2010-03-16 00:00:00,2010-03-16 00:00:00,70,2010-03-16 00:00:00,70,70,1,100,7000,2010-03-16 00:00:00,1
2010-03-17 00:00:00,2010-03-17 00:00:00,70,2010-03-17 00:00:00,68.25,70,15,46500,3252550,2010-03-17 00:00:00,1
2010-03-18 00:00:00,2010-03-18 00:00:00,70,2010-03-18 00:00:00,68.75,69.25,21,84700,5867975,2010-03-18 00:00:00,1
2010-03-19 00:00:00,2010-03-19 00:00:00,70,2010-03-19 00:00:00,69.25,70,7,24000,1676750,2010-03-19 00:00:00,1
2010-03-22 00:00:00,2010-03-22 00:00:00,69.75,2010-03-22 00:00:00,69,69.5,15,11400,790925,2010-03-22 00:00:00,1
2010-03-23 00:00:00,2010-03-23 00:00:00,70,2010-03-23 00:00:00,69.25,69.5,24,37200,2586825,2010-03-23 00:00:00,1
2010-03-24 00:00:00,2010-03-24 00:00:00,70,2010-03-24 00:00:00,69.5,70,14,18700,1307075,2010-03-24 00:00:00,1
2010-03-25 00:00:00,2010-03-25 00:00:00,70.75,2010-03-25 00:00:00,69.5,70.75,10,3700,258675,2010-03-25 00:00:00,1
2010-03-26 00:00:00,2010-03-26 00:00:00,70.5,2010-03-26 00:00:00,70,70.25,6,3300,231750,2010-03-26 00:00:00,1
2010-03-30 00:00:00,2010-03-30 00:00:00,71,2010-03-30 00:00:00,69.75,70.75,8,20200,1425825,2010-03-30 00:00:00,1
2010-03-31 00:00:00,2010-03-31 00:00:00,71.75,2010-03-31 00:00:00,70.25,70.5,16,4200,296975,2010-03-31 00:00:00,1
2010-04-01 00:00:00,2010-04-01 00:00:00,71,2010-04-01 00:00:00,70,70.25,11,9200,644600,2010-04-01 00:00:00,1
2010-04-05 00:00:00,2010-04-05 00:00:00,72,2010-04-05 00:00:00,70.5,72,9,2900,207400,2010-04-05 00:00:00,1
2010-04-06 00:00:00,2010-04-06 00:00:00,74,2010-04-06 00:00:00,71,74,31,32800,2391250,2010-04-06 00:00:00,1
2010-04-07 00:00:00,2010-04-07 00:00:00,75.5,2010-04-07 00:00:00,73,75,42,89900,6731025,2010-04-07 00:00:00,1
2010-04-08 00:00:00,2010-04-08 00:00:00,75.5,2010-04-08 00:00:00,73,75,43,44900,3356975,2010-04-08 00:00:00,1
2010-04-12 00:00:00,2010-04-12 00:00:00,76.5,2010-04-12 00:00:00,75,75.25,28,29100,2208850,2010-04-12 00:00:00,1
2010-04-15 00:00:00,2010-04-15 00:00:00,76.25,2010-04-15 00:00:00,74,76.25,11,15400,1157350,2010-04-15 00:00:00,1
2010-04-16 00:00:00,2010-04-16 00:00:00,76.5,2010-04-16 00:00:00,76.25,76.25,29,18500,1413450,2010-04-16 00:00:00,1
2010-04-19 00:00:00,2010-04-19 00:00:00,77,2010-04-19 00:00:00,75,76,9,6600,501200,2010-04-19 00:00:00,1
2010-04-20 00:00:00,2010-04-20 00:00:00,76.5,2010-04-20 00:00:00,75.75,75.75,14,5300,404100,2010-04-20 00:00:00,1
2010-04-21 00:00:00,2010-04-21 00:00:00,77.5,2010-04-21 00:00:00,75.5,77,39,56700,4355850,2010-04-21 00:00:00,1
2010-04-22 00:00:00,2010-04-22 00:00:00,80,2010-04-22 00:00:00,76.5,79.75,62,189000,14984350,2010-04-22 00:00:00,1
2010-04-23 00:00:00,2010-04-23 00:00:00,90,2010-04-23 00:00:00,81,87.25,121,97600,8235725,2010-04-23 00:00:00,1
2010-04-26 00:00:00,2010-04-26 00:00:00,92,2010-04-26 00:00:00,89.5,90,83,67100,6087275,2010-04-26 00:00:00,1
2010-04-27 00:00:00,2010-04-27 00:00:00,90.75,2010-04-27 00:00:00,87,89.75,56,47900,4299700,2010-04-27 00:00:00,1
2010-04-29 00:00:00,2010-04-29 00:00:00,94,2010-04-29 00:00:00,90,92.25,55,34600,3190200,2010-04-29 00:00:00,1
2010-04-30 00:00:00,2010-04-30 00:00:00,90.5,2010-04-30 00:00:00,89,89.75,23,8800,791375,2010-04-30 00:00:00,1
2010-05-03 00:00:00,2010-05-03 00:00:00,92,2010-05-03 00:00:00,88,92,18,11900,1071200,2010-05-03 00:00:00,1
2010-05-04 00:00:00,2010-05-04 00:00:00,92,2010-05-04 00:00:00,88.5,89.75,26,14300,1284350,2010-05-04 00:00:00,1
2010-05-05 00:00:00,2010-05-05 00:00:00,91,2010-05-05 00:00:00,90,90.5,34,758600,68656300,2010-05-05 00:00:00,1
2010-05-06 00:00:00,2010-05-06 00:00:00,91.5,2010-05-06 00:00:00,90,91.5,27,43600,3930600,2010-05-06 00:00:00,1
2010-05-07 00:00:00,2010-05-07 00:00:00,91,2010-05-07 00:00:00,89.75,90,11,4700,422925,2010-05-07 00:00:00,1
2010-05-10 00:00:00,2010-05-10 00:00:00,90.5,2010-05-10 00:00:00,90,90.25,12,11300,1022350,2010-05-10 00:00:00,1
2010-05-11 00:00:00,2010-05-11 00:00:00,91,2010-05-11 00:00:00,90.25,90.75,26,19900,1802350,2010-05-11 00:00:00,1
2010-05-12 00:00:00,2010-05-12 00:00:00,93,2010-05-12 00:00:00,90.5,92.25,19,162400,14718350,2010-05-12 00:00:00,1
2010-05-13 00:00:00,2010-05-13 00:00:00,94,2010-05-13 00:00:00,92,93,35,26400,2458250,2010-05-13 00:00:00,1
2010-05-14 00:00:00,2010-05-14 00:00:00,97.75,2010-05-14 00:00:00,93,94.75,73,61800,5867075,2010-05-14 00:00:00,1
2010-05-17 00:00:00,2010-05-17 00:00:00,97,2010-05-17 00:00:00,94.75,95,35,288200,27385350,2010-05-17 00:00:00,1
2010-05-18 00:00:00,2010-05-18 00:00:00,97,2010-05-18 00:00:00,95,95.25,13,16700,1592875,2010-05-18 00:00:00,1
2010-05-19 00:00:00,2010-05-19 00:00:00,95.25,2010-05-19 00:00:00,95,95,37,76000,7221350,2010-05-19 00:00:00,1
2010-05-20 00:00:00,2010-05-20 00:00:00,96.75,2010-05-20 00:00:00,94.25,95,29,198300,19021050,2010-05-20 00:00:00,1
2010-05-21 00:00:00,2010-05-21 00:00:00,95,2010-05-21 00:00:00,94.75,95,13,10700,1016100,2010-05-21 00:00:00,1
2010-05-24 00:00:00,2010-05-24 00:00:00,99.75,2010-05-24 00:00:00,96,98,99,61800,6081550,2010-05-24 00:00:00,1
2010-05-25 00:00:00,2010-05-25 00:00:00,96,2010-05-25 00:00:00,95,95.25,8,6400,609000,2010-05-25 00:00:00,1
2010-05-26 00:00:00,2010-05-26 00:00:00,97,2010-05-26 00:00:00,95.5,96.75,37,58600,5619675,2010-05-26 00:00:00,1
2010-05-31 00:00:00,2010-05-31 00:00:00,97.5,2010-05-31 00:00:00,95,97,12,9700,936525,2010-05-31 00:00:00,1
2010-06-01 00:00:00,2010-06-01 00:00:00,101,2010-06-01 00:00:00,97,98,73,68200,6787975,2010-06-01 00:00:00,1
2010-06-02 00:00:00,2010-06-02 00:00:00,100,2010-06-02 00:00:00,98,98,15,13600,1338650,2010-06-02 00:00:00,1
2010-06-03 00:00:00,2010-06-03 00:00:00,101.5,2010-06-03 00:00:00,99.75,100.5,53,97400,9770325,2010-06-03 00:00:00,1
2010-06-04 00:00:00,2010-06-04 00:00:00,102,2010-06-04 00:00:00,100.5,101,33,26900,2722150,2010-06-04 00:00:00,1
2010-06-07 00:00:00,2010-06-07 00:00:00,105.5,2010-06-07 00:00:00,101.5,104.75,50,34100,3534750,2010-06-07 00:00:00,1
2010-06-08 00:00:00,2010-06-08 00:00:00,110,2010-06-08 00:00:00,105,108,82,133600,14297475,2010-06-08 00:00:00,1
2010-06-09 00:00:00,2010-06-09 00:00:00,120,2010-06-09 00:00:00,112,118,140,150500,17600425,2010-06-09 00:00:00,1
2010-06-10 00:00:00,2010-06-10 00:00:00,135,2010-06-10 00:00:00,119,132.25,191,289500,36540975,2010-06-10 00:00:00,1
2010-06-11 00:00:00,2010-06-11 00:00:00,149.5,2010-06-11 00:00:00,135,143.5,316,233300,33484550,2010-06-11 00:00:00,1
2010-06-14 00:00:00,2010-06-14 00:00:00,145.25,2010-06-14 00:00:00,139,140.25,93,67200,9614325,2010-06-14 00:00:00,1
2010-06-15 00:00:00,2010-06-15 00:00:00,140,2010-06-15 00:00:00,130,134.75,81,86900,11731525,2010-06-15 00:00:00,1
2010-06-16 00:00:00,2010-06-16 00:00:00,139.75,2010-06-16 00:00:00,130.75,132.5,37,21000,2815225,2010-06-16 00:00:00,1
2010-06-17 00:00:00,2010-06-17 00:00:00,134,2010-06-17 00:00:00,129.5,130,51,88600,11536600,2010-06-17 00:00:00,1
2010-06-21 00:00:00,2010-06-21 00:00:00,138,2010-06-21 00:00:00,130,130.5,68,263500,34411200,2010-06-21 00:00:00,1
2010-06-22 00:00:00,2010-06-22 00:00:00,132,2010-06-22 00:00:00,128,128,45,23900,3090975,2010-06-22 00:00:00,1
2010-06-23 00:00:00,2010-06-23 00:00:00,130,2010-06-23 00:00:00,124,125,52,38600,4858650,2010-06-23 00:00:00,1
2010-06-24 00:00:00,2010-06-24 00:00:00,125,2010-06-24 00:00:00,124,124.25,38,20800,2593350,2010-06-24 00:00:00,1
2010-06-28 00:00:00,2010-06-28 00:00:00,125,2010-06-28 00:00:00,122,124,31,22700,2824775,2010-06-28 00:00:00,1
2010-06-29 00:00:00,2010-06-29 00:00:00,130,2010-06-29 00:00:00,123,128.5,10,3000,377625,2010-06-29 00:00:00,1
2010-06-30 00:00:00,2010-06-30 00:00:00,129.75,2010-06-30 00:00:00,128,128,6,5700,729775,2010-06-30 00:00:00,1
2010-07-01 00:00:00,2010-07-01 00:00:00,125.25,2010-07-01 00:00:00,124,125.25,6,26800,3350175,2010-07-01 00:00:00,1
2010-07-02 00:00:00,2010-07-02 00:00:00,126,2010-07-02 00:00:00,121,125.5,47,262500,32832175,2010-07-02 00:00:00,1
2010-07-05 00:00:00,2010-07-05 00:00:00,126,2010-07-05 00:00:00,124,124,32,138000,17209475,2010-07-05 00:00:00,1
2010-07-06 00:00:00,2010-07-06 00:00:00,138,2010-07-06 00:00:00,125,126.75,71,89600,11704175,2010-07-06 00:00:00,1
2010-07-07 00:00:00,2010-07-07 00:00:00,127,2010-07-07 00:00:00,124,124.25,48,155000,19371025,2010-07-07 00:00:00,1
2010-07-08 00:00:00,2010-07-08 00:00:00,125,2010-07-08 00:00:00,124,125,18,25100,3136775,2010-07-08 00:00:00,1
2010-07-09 00:00:00,2010-07-09 00:00:00,128,2010-07-09 00:00:00,123,123.75,15,6600,818650,2010-07-09 00:00:00,1
2010-07-12 00:00:00,2010-07-12 00:00:00,125,2010-07-12 00:00:00,123,123.75,4,1500,186300,2010-07-12 00:00:00,1
2010-07-13 00:00:00,2010-07-13 00:00:00,129,2010-07-13 00:00:00,123.25,125,19,23000,2874900,2010-07-13 00:00:00,1
2010-07-14 00:00:00,2010-07-14 00:00:00,128,2010-07-14 00:00:00,125,125,15,30600,3825300,2010-07-14 00:00:00,1
2010-07-15 00:00:00,2010-07-15 00:00:00,129,2010-07-15 00:00:00,125,125.25,9,4400,554225,2010-07-15 00:00:00,1
2010-07-16 00:00:00,2010-07-16 00:00:00,125.75,2010-07-16 00:00:00,123,124.75,9,11800,1474075,2010-07-16 00:00:00,1
2010-07-19 00:00:00,2010-07-19 00:00:00,126,2010-07-19 00:00:00,124,125,18,9200,1149325,2010-07-19 00:00:00,1
2010-07-20 00:00:00,2010-07-20 00:00:00,128.5,2010-07-20 00:00:00,125,127,12,6400,806550,2010-07-20 00:00:00,1
2010-07-21 00:00:00,2010-07-21 00:00:00,127,2010-07-21 00:00:00,125,126.75,11,15900,2004600,2010-07-21 00:00:00,1
2010-07-22 00:00:00,2010-07-22 00:00:00,129.5,2010-07-22 00:00:00,127,127.25,3,2000,256500,2010-07-22 00:00:00,1
2010-07-23 00:00:00,2010-07-23 00:00:00,134.75,2010-07-23 00:00:00,130,132.25,38,75100,9865850,2010-07-23 00:00:00,1
2010-07-26 00:00:00,2010-07-26 00:00:00,145,2010-07-26 00:00:00,134,141.5,112,107200,15053550,2010-07-26 00:00:00,1
2010-07-27 00:00:00,2010-07-27 00:00:00,145,2010-07-27 00:00:00,140,143.25,62,62800,9052125,2010-07-27 00:00:00,1
2010-07-28 00:00:00,2010-07-28 00:00:00,145,2010-07-28 00:00:00,143,145,76,147200,21320925,2010-07-28 00:00:00,1
2010-07-29 00:00:00,2010-07-29 00:00:00,145,2010-07-29 00:00:00,138,141.25,15,4500,637000,2010-07-29 00:00:00,1
2010-07-30 00:00:00,2010-07-30 00:00:00,142,2010-07-30 00:00:00,139.75,140,14,14900,2095300,2010-07-30 00:00:00,1
2010-08-02 00:00:00,2010-08-02 00:00:00,140,2010-08-02 00:00:00,137,137.8,10,5900,824650,2010-08-02 00:00:00,1
2010-08-03 00:00:00,2010-08-03 00:00:00,136.6,2010-08-03 00:00:00,134.9,135.1,9,35600,4826050,2010-08-03 00:00:00,1
2010-08-04 00:00:00,2010-08-04 00:00:00,135,2010-08-04 00:00:00,132,133.4,6,2300,306900,2010-08-04 00:00:00,1
2010-08-05 00:00:00,2010-08-05 00:00:00,132,2010-08-05 00:00:00,131,132,16,27100,3576010,2010-08-05 00:00:00,1
2010-08-06 00:00:00,2010-08-06 00:00:00,142,2010-08-06 00:00:00,135,135,22,33300,4518450,2010-08-06 00:00:00,1
2010-08-09 00:00:00,2010-08-09 00:00:00,130,2010-08-09 00:00:00,128,128.2,35,29800,3840070,2010-08-09 00:00:00,1
2010-08-10 00:00:00,2010-08-10 00:00:00,140,2010-08-10 00:00:00,123,135,52,58900,7418370,2010-08-10 00:00:00,1
2010-08-11 00:00:00,2010-08-11 00:00:00,135,2010-08-11 00:00:00,132.2,134.9,16,18400,2477600,2010-08-11 00:00:00,1
2010-08-12 00:00:00,2010-08-12 00:00:00,132,2010-08-12 00:00:00,130.2,132,5,15200,1979900,2010-08-12 00:00:00,1
2010-08-13 00:00:00,2010-08-13 00:00:00,135,2010-08-13 00:00:00,130,135,7,147200,19460600,2010-08-13 00:00:00,1
2010-08-16 00:00:00,2010-08-16 00:00:00,137,2010-08-16 00:00:00,135,135,24,78700,10678490,2010-08-16 00:00:00,1
2010-08-17 00:00:00,2010-08-17 00:00:00,145.9,2010-08-17 00:00:00,135.6,141.3,27,20200,2849800,2010-08-17 00:00:00,1
2010-08-18 00:00:00,2010-08-18 00:00:00,149.5,2010-08-18 00:00:00,142.9,145,47,35300,5150200,2010-08-18 00:00:00,1
2010-08-19 00:00:00,2010-08-19 00:00:00,149,2010-08-19 00:00:00,146,148.1,62,86600,12813740,2010-08-19 00:00:00,1
2010-08-20 00:00:00,2010-08-20 00:00:00,148,2010-08-20 00:00:00,146,147.5,67,133500,19726350,2010-08-20 00:00:00,1
2010-08-23 00:00:00,2010-08-23 00:00:00,150,2010-08-23 00:00:00,145,145.1,10,6500,959130,2010-08-23 00:00:00,1
2010-08-25 00:00:00,2010-08-25 00:00:00,146,2010-08-25 00:00:00,145.1,145.6,13,7500,1092500,2010-08-25 00:00:00,1
2010-08-26 00:00:00,2010-08-26 00:00:00,146.5,2010-08-26 00:00:00,145,146,24,19500,2832580,2010-08-26 00:00:00,1
2010-08-27 00:00:00,2010-08-27 00:00:00,147.5,2010-08-27 00:00:00,145,145,7,17100,2481050,2010-08-27 00:00:00,1
2010-08-30 00:00:00,2010-08-30 00:00:00,145,2010-08-30 00:00:00,143,143,7,6200,896400,2010-08-30 00:00:00,1
2010-08-31 00:00:00,2010-08-31 00:00:00,145,2010-08-31 00:00:00,143,144,77,91400,13217300,2010-08-31 00:00:00,1
2010-09-01 00:00:00,2010-09-01 00:00:00,145.5,2010-09-01 00:00:00,145,145,50,146100,21185110,2010-09-01 00:00:00,1
2010-09-02 00:00:00,2010-09-02 00:00:00,151,2010-09-02 00:00:00,147.9,151,60,60100,9010020,2010-09-02 00:00:00,1
2010-09-03 00:00:00,2010-09-03 00:00:00,155,2010-09-03 00:00:00,150,155,35,86400,13140270,2010-09-03 00:00:00,1
2010-09-06 00:00:00,2010-09-06 00:00:00,156,2010-09-06 00:00:00,150.1,150.8,23,10800,1657060,2010-09-06 00:00:00,1
2010-09-07 00:00:00,2010-09-07 00:00:00,155,2010-09-07 00:00:00,150,151,18,30900,4756700,2010-09-07 00:00:00,1
2010-09-08 00:00:00,2010-09-08 00:00:00,158,2010-09-08 00:00:00,151,154.9,25,34000,5333600,2010-09-08 00:00:00,1
2010-09-09 00:00:00,2010-09-09 00:00:00,158,2010-09-09 00:00:00,151,151.5,49,54800,8436920,2010-09-09 00:00:00,1
2010-09-13 00:00:00,2010-09-13 00:00:00,166.6,2010-09-13 00:00:00,154.9,166.6,139,340800,55578990,2010-09-13 00:00:00,1
2010-09-14 00:00:00,2010-09-14 00:00:00,183.2,2010-09-14 00:00:00,175,180.3,284,292700,52889770,2010-09-14 00:00:00,1
2010-09-15 00:00:00,2010-09-15 00:00:00,198,2010-09-15 00:00:00,183,192.7,191,167700,31901360,2010-09-15 00:00:00,1
2010-09-16 00:00:00,2010-09-16 00:00:00,200,2010-09-16 00:00:00,186.8,199.5,71,70600,13742650,2010-09-16 00:00:00,1
2010-09-17 00:00:00,2010-09-17 00:00:00,212,2010-09-17 00:00:00,190,195.3,109,75100,15073050,2010-09-17 00:00:00,1
2010-09-20 00:00:00,2010-09-20 00:00:00,199.6,2010-09-20 00:00:00,188,191.1,52,26600,5091130,2010-09-20 00:00:00,1
2010-09-21 00:00:00,2010-09-21 00:00:00,194,2010-09-21 00:00:00,188,189,43,28700,5455830,2010-09-21 00:00:00,1
2010-09-23 00:00:00,2010-09-23 00:00:00,195,2010-09-23 00:00:00,181,191.9,87,107100,20476970,2010-09-23 00:00:00,1
2010-09-24 00:00:00,2010-09-24 00:00:00,208,2010-09-24 00:00:00,191.5,201.5,142,196000,39012020,2010-09-24 00:00:00,1
2010-09-27 00:00:00,2010-09-27 00:00:00,220,2010-09-27 00:00:00,198,213.5,283,196500,41649950,2010-09-27 00:00:00,1
2010-09-28 00:00:00,2010-09-28 00:00:00,217,2010-09-28 00:00:00,206,207.1,71,34600,7316280,2010-09-28 00:00:00,1
2010-09-29 00:00:00,2010-09-29 00:00:00,210,2010-09-29 00:00:00,207,207.4,20,6100,1271580,2010-09-29 00:00:00,1
2010-09-30 00:00:00,2010-09-30 00:00:00,212,2010-09-30 00:00:00,202,210.9,75,116600,24459980,2010-09-30 00:00:00,1
2010-10-01 00:00:00,2010-10-01 00:00:00,211,2010-10-01 00:00:00,208,208.7,41,19100,4007780,2010-10-01 00:00:00,1
2010-10-04 00:00:00,2010-10-04 00:00:00,220,2010-10-04 00:00:00,203,209.1,81,66800,14260650,2010-10-04 00:00:00,1
2010-10-05 00:00:00,2010-10-05 00:00:00,210,2010-10-05 00:00:00,203,203.1,40,27600,5670990,2010-10-05 00:00:00,1
2010-10-06 00:00:00,2010-10-06 00:00:00,208,2010-10-06 00:00:00,199,200,51,27900,5665690,2010-10-06 00:00:00,1
2010-10-07 00:00:00,2010-10-07 00:00:00,200,2010-10-07 00:00:00,185,190.1,74,94600,18065540,2010-10-07 00:00:00,1
2010-10-08 00:00:00,2010-10-08 00:00:00,198,2010-10-08 00:00:00,180,195.8,91,40000,7469080,2010-10-08 00:00:00,1
2010-10-11 00:00:00,2010-10-11 00:00:00,199,2010-10-11 00:00:00,190,190.3,24,9700,1886470,2010-10-11 00:00:00,1
2010-10-12 00:00:00,2010-10-12 00:00:00,190,2010-10-12 00:00:00,175,176.8,59,45200,8135530,2010-10-12 00:00:00,1
2010-10-13 00:00:00,2010-10-13 00:00:00,195,2010-10-13 00:00:00,166,176.7,108,70100,12325190,2010-10-13 00:00:00,1
2010-10-14 00:00:00,2010-10-14 00:00:00,191,2010-10-14 00:00:00,180,183.6,49,18900,3503790,2010-10-14 00:00:00,1
2010-10-15 00:00:00,2010-10-15 00:00:00,185,2010-10-15 00:00:00,177,184.6,16,5600,1011960,2010-10-15 00:00:00,1
2010-10-18 00:00:00,2010-10-18 00:00:00,187,2010-10-18 00:00:00,184,185,56,53500,9896660,2010-10-18 00:00:00,1
2010-10-19 00:00:00,2010-10-19 00:00:00,187.8,2010-10-19 00:00:00,185,186.9,31,25800,4798390,2010-10-19 00:00:00,1
2010-10-20 00:00:00,2010-10-20 00:00:00,191,2010-10-20 00:00:00,185,188.5,22,14900,2817890,2010-10-20 00:00:00,1
2010-10-21 00:00:00,2010-10-21 00:00:00,189,2010-10-21 00:00:00,185,186.5,13,4900,918440,2010-10-21 00:00:00,1
2010-10-25 00:00:00,2010-10-25 00:00:00,190,2010-10-25 00:00:00,183,183.6,49,26100,4882920,2010-10-25 00:00:00,1
2010-10-26 00:00:00,2010-10-26 00:00:00,182,2010-10-26 00:00:00,178.5,179.5,22,10400,1871450,2010-10-26 00:00:00,1
2010-10-27 00:00:00,2010-10-27 00:00:00,180,2010-10-27 00:00:00,179.5,179.9,10,3400,611950,2010-10-27 00:00:00,1
2010-10-28 00:00:00,2010-10-28 00:00:00,181,2010-10-28 00:00:00,180,181,2,600,108100,2010-10-28 00:00:00,1
2010-10-29 00:00:00,2010-10-29 00:00:00,182,2010-10-29 00:00:00,181,181.3,18,8400,1523560,2010-10-29 00:00:00,1
2010-11-01 00:00:00,2010-11-01 00:00:00,183,2010-11-01 00:00:00,182,182.2,18,14500,2639500,2010-11-01 00:00:00,1
2010-11-02 00:00:00,2010-11-02 00:00:00,185,2010-11-02 00:00:00,180,180.9,22,11400,2067620,2010-11-02 00:00:00,1
2010-11-03 00:00:00,2010-11-03 00:00:00,195,2010-11-03 00:00:00,182,194.1,127,1614500,322181440,2010-11-03 00:00:00,1
2010-11-04 00:00:00,2010-11-04 00:00:00,200,2010-11-04 00:00:00,195,199.6,105,96600,19155260,2010-11-04 00:00:00,1
2010-11-08 00:00:00,2010-11-08 00:00:00,199.6,2010-11-08 00:00:00,195,196.7,25,22600,4502230,2010-11-08 00:00:00,1
2010-11-09 00:00:00,2010-11-09 00:00:00,195,2010-11-09 00:00:00,193.5,193.8,12,23400,4541810,2010-11-09 00:00:00,1
2010-11-10 00:00:00,2010-11-10 00:00:00,194.9,2010-11-10 00:00:00,192,193.9,46,56400,10865370,2010-11-10 00:00:00,1
2010-11-11 00:00:00,2010-11-11 00:00:00,195,2010-11-11 00:00:00,193,194.7,19,6400,1243500,2010-11-11 00:00:00,1
2010-11-12 00:00:00,2010-11-12 00:00:00,198,2010-11-12 00:00:00,193,194.9,20,9200,1786720,2010-11-12 00:00:00,1
2010-11-15 00:00:00,2010-11-15 00:00:00,195,2010-11-15 00:00:00,192.1,193,31,35800,6908850,2010-11-15 00:00:00,1
2010-11-16 00:00:00,2010-11-16 00:00:00,193.2,2010-11-16 00:00:00,193,193,22,20400,3937640,2010-11-16 00:00:00,1
2010-11-18 00:00:00,2010-11-18 00:00:00,198.9,2010-11-18 00:00:00,193.1,194.7,16,10700,2077310,2010-11-18 00:00:00,1
2010-11-22 00:00:00,2010-11-22 00:00:00,198,2010-11-22 00:00:00,195,197.1,17,8500,1674410,2010-11-22 00:00:00,1
2010-11-23 00:00:00,2010-11-23 00:00:00,197,2010-11-23 00:00:00,192,194.5,54,136200,26307590,2010-11-23 00:00:00,1
2010-11-24 00:00:00,2010-11-24 00:00:00,197,2010-11-24 00:00:00,193,195,33,2024900,394851570,2010-11-24 00:00:00,1
2010-11-25 00:00:00,2010-11-25 00:00:00,198,2010-11-25 00:00:00,195,195.7,29,9800,1924140,2010-11-25 00:00:00,1
2010-11-26 00:00:00,2010-11-26 00:00:00,195,2010-11-26 00:00:00,194,195,16,15200,2955000,2010-11-26 00:00:00,1
2010-11-29 00:00:00,2010-11-29 00:00:00,195,2010-11-29 00:00:00,190,193.1,68,1337300,260105800,2010-11-29 00:00:00,1
2010-11-30 00:00:00,2010-11-30 00:00:00,202.5,2010-11-30 00:00:00,193,195.6,59,3046800,594265240,2010-11-30 00:00:00,1
2010-12-01 00:00:00,2010-12-01 00:00:00,197.5,2010-12-01 00:00:00,195,196.2,43,89100,17414430,2010-12-01 00:00:00,1
2010-12-02 00:00:00,2010-12-02 00:00:00,195,2010-12-02 00:00:00,194,195,14,505700,98610900,2010-12-02 00:00:00,1
2010-12-03 00:00:00,2010-12-03 00:00:00,200,2010-12-03 00:00:00,195.1,195.1,15,16200,3233150,2010-12-03 00:00:00,1
2010-12-06 00:00:00,2010-12-06 00:00:00,196,2010-12-06 00:00:00,195,195.1,15,4900,956300,2010-12-06 00:00:00,1
2010-12-07 00:00:00,2010-12-07 00:00:00,196,2010-12-07 00:00:00,195,195,20,43600,8506920,2010-12-07 00:00:00,1
2010-12-08 00:00:00,2010-12-08 00:00:00,198.5,2010-12-08 00:00:00,195,197.8,9,32500,6347850,2010-12-08 00:00:00,1
2010-12-09 00:00:00,2010-12-09 00:00:00,196,2010-12-09 00:00:00,190,195.4,18,134400,26208830,2010-12-09 00:00:00,1
2010-12-10 00:00:00,2010-12-10 00:00:00,196.9,2010-12-10 00:00:00,195,196.1,18,17000,3340600,2010-12-10 00:00:00,1
2010-12-13 00:00:00,2010-12-13 00:00:00,196.8,2010-12-13 00:00:00,195,195.5,20,7500,1471660,2010-12-13 00:00:00,1
2010-12-14 00:00:00,2010-12-14 00:00:00,195.1,2010-12-14 00:00:00,195,195,23,539600,105222030,2010-12-14 00:00:00,1
2010-12-15 00:00:00,2010-12-15 00:00:00,195.5,2010-12-15 00:00:00,195,195,14,14200,2769720,2010-12-15 00:00:00,1
2010-12-16 00:00:00,2010-12-16 00:00:00,195.5,2010-12-16 00:00:00,195,195.1,10,12900,2516650,2010-12-16 00:00:00,1
2010-12-17 00:00:00,2010-12-17 00:00:00,195.1,2010-12-17 00:00:00,195,195,4,5600,1092010,2010-12-17 00:00:00,1
2010-12-21 00:00:00,2010-12-21 00:00:00,195,2010-12-21 00:00:00,193,194.3,3,400,77800,2010-12-21 00:00:00,1
2010-12-22 00:00:00,2010-12-22 00:00:00,196,2010-12-22 00:00:00,194,195.8,13,43900,8588200,2010-12-22 00:00:00,1
2010-12-23 00:00:00,2010-12-23 00:00:00,196,2010-12-23 00:00:00,194.5,195,10,3600,701600,2010-12-23 00:00:00,1
2010-12-24 00:00:00,2010-12-24 00:00:00,195,2010-12-24 00:00:00,194.5,194.8,8,5600,1091100,2010-12-24 00:00:00,1
2010-12-27 00:00:00,2010-12-27 00:00:00,196.9,2010-12-27 00:00:00,194.5,196.2,6,1200,234130,2010-12-27 00:00:00,1
2010-12-28 00:00:00,2010-12-28 00:00:00,196,2010-12-28 00:00:00,195.5,195.7,9,4100,802030,2010-12-28 00:00:00,1
2010-12-29 00:00:00,2010-12-29 00:00:00,196.5,2010-12-29 00:00:00,195.5,196.5,12,13200,2590590,2010-12-29 00:00:00,1
2010-12-30 00:00:00,2010-12-30 00:00:00,196,2010-12-30 00:00:00,195,195,15,11800,2305450,2010-12-30 00:00:00,1
2010-12-31 00:00:00,2010-12-31 00:00:00,199.9,2010-12-31 00:00:00,195,195.4,7,1000,196650,2010-12-31 00:00:00,1
Company Id :  CARS,,Security Type :  N,,Sub Type :  0000,,,,,,
Short Name :  CARSONS,,,,,,,,,,
Day,Date High,High,Date Low,Low,Closing,No. of Trades,No. of Shares,Turnover,Last Traded,Days Traded
2010-01-04 00:00:00,2010-01-04 00:00:00,565,2010-01-04 00:00:00,495,558.25,264,86100,46310400,2010-01-04 00:00:00,1
2010-01-05 00:00:00,2010-01-05 00:00:00,594.75,2010-01-05 00:00:00,536,566.5,328,64500,36797975,2010-01-05 00:00:00,1
2010-01-06 00:00:00,2010-01-06 00:00:00,564.5,2010-01-06 00:00:00,537,539.75,133,33800,18365025,2010-01-06 00:00:00,1
2010-01-07 00:00:00,2010-01-07 00:00:00,540,2010-01-07 00:00:00,520,536.5,98,20500,10892750,2010-01-07 00:00:00,1
2010-01-08 00:00:00,2010-01-08 00:00:00,560,2010-01-08 00:00:00,540,551.75,69,14600,8014925,2010-01-08 00:00:00,1
2010-01-11 00:00:00,2010-01-11 00:00:00,570,2010-01-11 00:00:00,560.25,561,40,9500,5354000,2010-01-11 00:00:00,1
2010-01-12 00:00:00,2010-01-12 00:00:00,562,2010-01-12 00:00:00,541,544.75,31,8300,4555725,2010-01-12 00:00:00,1
2010-01-13 00:00:00,2010-01-13 00:00:00,545,2010-01-13 00:00:00,539,543.25,39,15900,8624100,2010-01-13 00:00:00,1
2010-01-15 00:00:00,2010-01-15 00:00:00,545,2010-01-15 00:00:00,532,540,27,7100,3831625,2010-01-15 00:00:00,1
2010-01-18 00:00:00,2010-01-18 00:00:00,531,2010-01-18 00:00:00,517,525.25,42,7800,4098800,2010-01-18 00:00:00,1
2010-01-19 00:00:00,2010-01-19 00:00:00,520,2010-01-19 00:00:00,480,510,89,21900,11039600,2010-01-19 00:00:00,1
2010-01-20 00:00:00,2010-01-20 00:00:00,510,2010-01-20 00:00:00,500,505.25,27,4900,2467800,2010-01-20 00:00:00,1
2010-01-21 00:00:00,2010-01-21 00:00:00,510,2010-01-21 00:00:00,500,500,42,15000,7577575,2010-01-21 00:00:00,1
2010-01-22 00:00:00,2010-01-22 00:00:00,505,2010-01-22 00:00:00,500,503.25,18,4500,2251500,2010-01-22 00:00:00,1
2010-01-25 00:00:00,2010-01-25 00:00:00,529,2010-01-25 00:00:00,500,515.5,88,42700,22020925,2010-01-25 00:00:00,1
2010-01-26 00:00:00,2010-01-26 00:00:00,530,2010-01-26 00:00:00,519.75,529,38,13000,6816850,2010-01-26 00:00:00,1
2010-01-28 00:00:00,2010-01-28 00:00:00,550,2010-01-28 00:00:00,500,549.5,69,26300,14183700,2010-01-28 00:00:00,1
2010-02-01 00:00:00,2010-02-01 00:00:00,565,2010-02-01 00:00:00,550,559,57,12100,6717150,2010-02-01 00:00:00,1
2010-02-02 00:00:00,2010-02-02 00:00:00,569.75,2010-02-02 00:00:00,560,560.5,51,16600,9304175,2010-02-02 00:00:00,1
2010-02-03 00:00:00,2010-02-03 00:00:00,560,2010-02-03 00:00:00,542,550.5,44,10800,5966675,2010-02-03 00:00:00,1
2010-02-05 00:00:00,2010-02-05 00:00:00,550,2010-02-05 00:00:00,545,549.25,17,2900,1594400,2010-02-05 00:00:00,1
2010-02-08 00:00:00,2010-02-08 00:00:00,560.75,2010-02-08 00:00:00,550.25,557.75,56,11000,6152425,2010-02-08 00:00:00,1
2010-02-09 00:00:00,2010-02-09 00:00:00,564,2010-02-09 00:00:00,550,555.75,30,8000,4441975,2010-02-09 00:00:00,1
2010-02-10 00:00:00,2010-02-10 00:00:00,570,2010-02-10 00:00:00,550,562.25,39,10900,6126900,2010-02-10 00:00:00,1
2010-02-11 00:00:00,2010-02-11 00:00:00,575,2010-02-11 00:00:00,560,562.5,43,16900,9609300,2010-02-11 00:00:00,1
2010-02-12 00:00:00,2010-02-12 00:00:00,575,2010-02-12 00:00:00,565,570.25,81,23400,13366950,2010-02-12 00:00:00,1
2010-02-15 00:00:00,2010-02-15 00:00:00,586,2010-02-15 00:00:00,570,571,95,23100,13364300,2010-02-15 00:00:00,1
2010-02-16 00:00:00,2010-02-16 00:00:00,573,2010-02-16 00:00:00,565,565,8,2200,1251500,2010-02-16 00:00:00,1
2010-02-17 00:00:00,2010-02-17 00:00:00,565,2010-02-17 00:00:00,560,560.25,4,400,225025,2010-02-17 00:00:00,1
2010-02-18 00:00:00,2010-02-18 00:00:00,561,2010-02-18 00:00:00,555,559.25,10,2700,1509000,2010-02-18 00:00:00,1
2010-02-19 00:00:00,2010-02-19 00:00:00,558,2010-02-19 00:00:00,550,556.25,21,4000,2219850,2010-02-19 00:00:00,1
2010-02-22 00:00:00,2010-02-22 00:00:00,559.75,2010-02-22 00:00:00,554,554,15,4700,2610075,2010-02-22 00:00:00,1
2010-02-23 00:00:00,2010-02-23 00:00:00,555,2010-02-23 00:00:00,551,551,14,3200,1767200,2010-02-23 00:00:00,1
2010-02-24 00:00:00,2010-02-24 00:00:00,554,2010-02-24 00:00:00,550,550.25,13,9000,4982750,2010-02-24 00:00:00,1
2010-02-25 00:00:00,2010-02-25 00:00:00,550,2010-02-25 00:00:00,550,550,5,800,440000,2010-02-25 00:00:00,1
2010-02-26 00:00:00,2010-02-26 00:00:00,555,2010-02-26 00:00:00,550,555,2,1100,605500,2010-02-26 00:00:00,1
2010-03-01 00:00:00,2010-03-01 00:00:00,555,2010-03-01 00:00:00,550,550,20,8200,4518575,2010-03-01 00:00:00,1
2010-03-02 00:00:00,2010-03-02 00:00:00,550,2010-03-02 00:00:00,545,545,14,3500,1911000,2010-03-02 00:00:00,1
2010-03-03 00:00:00,2010-03-03 00:00:00,554,2010-03-03 00:00:00,529,545,11,4200,2269100,2010-03-03 00:00:00,1
2010-03-04 00:00:00,2010-03-04 00:00:00,540,2010-03-04 00:00:00,525,540,7,900,476900,2010-03-04 00:00:00,1
2010-03-05 00:00:00,2010-03-05 00:00:00,550,2010-03-05 00:00:00,539,540.75,19,14100,7667975,2010-03-05 00:00:00,1
2010-03-08 00:00:00,2010-03-08 00:00:00,555,2010-03-08 00:00:00,550,550,2,400,220500,2010-03-08 00:00:00,1
2010-03-09 00:00:00,2010-03-09 00:00:00,545,2010-03-09 00:00:00,530,534,7,800,427200,2010-03-09 00:00:00,1
2010-03-10 00:00:00,2010-03-10 00:00:00,536,2010-03-10 00:00:00,510,524.5,23,5900,3113350,2010-03-10 00:00:00,1
2010-03-11 00:00:00,2010-03-11 00:00:00,530.25,2010-03-11 00:00:00,520,530,17,2200,1162450,2010-03-11 00:00:00,1
2010-03-12 00:00:00,2010-03-12 00:00:00,530,2010-03-12 00:00:00,530,530,10,2800,1484000,2010-03-12 00:00:00,1
2010-03-15 00:00:00,2010-03-15 00:00:00,531,2010-03-15 00:00:00,530,530,10,2400,1272200,2010-03-15 00:00:00,1
2010-03-16 00:00:00,2010-03-16 00:00:00,530,2010-03-16 00:00:00,520,530,8,2100,1107400,2010-03-16 00:00:00,1
2010-03-17 00:00:00,2010-03-17 00:00:00,527,2010-03-17 00:00:00,526,526.5,4,1000,526700,2010-03-17 00:00:00,1
2010-03-18 00:00:00,2010-03-18 00:00:00,530,2010-03-18 00:00:00,526,527,3,400,210800,2010-03-18 00:00:00,1
2010-03-19 00:00:00,2010-03-19 00:00:00,530,2010-03-19 00:00:00,527,529.25,15,4000,2115675,2010-03-19 00:00:00,1
2010-03-22 00:00:00,2010-03-22 00:00:00,525,2010-03-22 00:00:00,520,521.5,11,1400,731500,2010-03-22 00:00:00,1
2010-03-23 00:00:00,2010-03-23 00:00:00,525,2010-03-23 00:00:00,510,517.5,2,200,103500,2010-03-23 00:00:00,1
2010-03-24 00:00:00,2010-03-24 00:00:00,515,2010-03-24 00:00:00,514.75,515,3,1400,720925,2010-03-24 00:00:00,1
2010-03-25 00:00:00,2010-03-25 00:00:00,515,2010-03-25 00:00:00,514.75,515,8,1000,514850,2010-03-25 00:00:00,1
2010-03-26 00:00:00,2010-03-26 00:00:00,535,2010-03-26 00:00:00,515,535,36,7800,4142100,2010-03-26 00:00:00,1
2010-03-30 00:00:00,2010-03-30 00:00:00,540,2010-03-30 00:00:00,529,538.25,13,3500,1865100,2010-03-30 00:00:00,1
2010-03-31 00:00:00,2010-03-31 00:00:00,547,2010-03-31 00:00:00,521,546.5,15,4400,2396700,2010-03-31 00:00:00,1
2010-04-01 00:00:00,2010-04-01 00:00:00,547,2010-04-01 00:00:00,540,544.75,15,8000,4327675,2010-04-01 00:00:00,1
2010-04-05 00:00:00,2010-04-05 00:00:00,545.25,2010-04-05 00:00:00,541,545,25,8900,4847475,2010-04-05 00:00:00,1
2010-04-06 00:00:00,2010-04-06 00:00:00,558,2010-04-06 00:00:00,545,557.25,32,11900,6575200,2010-04-06 00:00:00,1
2010-04-07 00:00:00,2010-04-07 00:00:00,565,2010-04-07 00:00:00,555,556.25,34,18600,10413075,2010-04-07 00:00:00,1
2010-04-08 00:00:00,2010-04-08 00:00:00,567,2010-04-08 00:00:00,556.25,563,45,33100,18563300,2010-04-08 00:00:00,1
2010-04-12 00:00:00,2010-04-12 00:00:00,580,2010-04-12 00:00:00,569,575,20,8100,4646925,2010-04-12 00:00:00,1
2010-04-15 00:00:00,2010-04-15 00:00:00,570,2010-04-15 00:00:00,570,570,1,100,57000,2010-04-15 00:00:00,1
2010-04-16 00:00:00,2010-04-16 00:00:00,575,2010-04-16 00:00:00,570,574.5,5,1900,1091500,2010-04-16 00:00:00,1
2010-04-19 00:00:00,2010-04-19 00:00:00,580,2010-04-19 00:00:00,575,580,25,19000,11015375,2010-04-19 00:00:00,1
2010-04-20 00:00:00,2010-04-20 00:00:00,584,2010-04-20 00:00:00,580,580.25,30,13200,7656425,2010-04-20 00:00:00,1
2010-04-21 00:00:00,2010-04-21 00:00:00,580,2010-04-21 00:00:00,570,570,3,400,230000,2010-04-21 00:00:00,1
2010-04-22 00:00:00,2010-04-22 00:00:00,575,2010-04-22 00:00:00,570,570,8,2800,1601575,2010-04-22 00:00:00,1
2010-04-23 00:00:00,2010-04-23 00:00:00,574,2010-04-23 00:00:00,573.5,573.5,2,200,114750,2010-04-23 00:00:00,1
2010-04-26 00:00:00,2010-04-26 00:00:00,575,2010-04-26 00:00:00,560,569,16,7900,4506800,2010-04-26 00:00:00,1
2010-04-27 00:00:00,2010-04-27 00:00:00,569,2010-04-27 00:00:00,565,565,5,15700,8873300,2010-04-27 00:00:00,1
2010-04-29 00:00:00,2010-04-29 00:00:00,574,2010-04-29 00:00:00,560,566.5,16,5700,3222025,2010-04-29 00:00:00,1
2010-04-30 00:00:00,2010-04-30 00:00:00,574,2010-04-30 00:00:00,560,568.75,23,7700,4353850,2010-04-30 00:00:00,1
2010-05-03 00:00:00,2010-05-03 00:00:00,589,2010-05-03 00:00:00,574,585.5,57,14900,8649700,2010-05-03 00:00:00,1
2010-05-04 00:00:00,2010-05-04 00:00:00,595,2010-05-04 00:00:00,580,580.75,19,2900,1703800,2010-05-04 00:00:00,1
2010-05-05 00:00:00,2010-05-05 00:00:00,580,2010-05-05 00:00:00,570,570,6,1100,628000,2010-05-05 00:00:00,1
2010-05-06 00:00:00,2010-05-06 00:00:00,575,2010-05-06 00:00:00,570,575,3,1200,689000,2010-05-06 00:00:00,1
2010-05-07 00:00:00,2010-05-07 00:00:00,570,2010-05-07 00:00:00,570,570,5,1400,798000,2010-05-07 00:00:00,1
2010-05-10 00:00:00,2010-05-10 00:00:00,570,2010-05-10 00:00:00,560,570,9,4400,2488000,2010-05-10 00:00:00,1
2010-05-11 00:00:00,2010-05-11 00:00:00,570,2010-05-11 00:00:00,560,561.75,5,1400,787300,2010-05-11 00:00:00,1
2010-05-12 00:00:00,2010-05-12 00:00:00,561,2010-05-12 00:00:00,560,560,6,1800,1009100,2010-05-12 00:00:00,1
2010-05-13 00:00:00,2010-05-13 00:00:00,562,2010-05-13 00:00:00,555,562,5,1600,896100,2010-05-13 00:00:00,1
2010-05-14 00:00:00,2010-05-14 00:00:00,565,2010-05-14 00:00:00,560,560.5,15,5700,3200200,2010-05-14 00:00:00,1
2010-05-17 00:00:00,2010-05-17 00:00:00,561,2010-05-17 00:00:00,561,561,1,1000,561000,2010-05-17 00:00:00,1
2010-05-18 00:00:00,2010-05-18 00:00:00,550,2010-05-18 00:00:00,546,546,4,4100,2254600,2010-05-18 00:00:00,1
2010-05-19 00:00:00,2010-05-19 00:00:00,546,2010-05-19 00:00:00,545,545.25,12,3100,1691100,2010-05-19 00:00:00,1
2010-05-20 00:00:00,2010-05-20 00:00:00,550,2010-05-20 00:00:00,545,546.75,6,2400,1318525,2010-05-20 00:00:00,1
2010-05-21 00:00:00,2010-05-21 00:00:00,545,2010-05-21 00:00:00,545,545,10,4800,2616000,2010-05-21 00:00:00,1
2010-05-24 00:00:00,2010-05-24 00:00:00,550,2010-05-24 00:00:00,540,540,13,6400,3494000,2010-05-24 00:00:00,1
2010-05-25 00:00:00,2010-05-25 00:00:00,540,2010-05-25 00:00:00,537,537.75,8,2600,1403300,2010-05-25 00:00:00,1
2010-05-26 00:00:00,2010-05-26 00:00:00,540,2010-05-26 00:00:00,530,530,3,1300,698400,2010-05-26 00:00:00,1
2010-05-31 00:00:00,2010-05-31 00:00:00,540,2010-05-31 00:00:00,540,540,3,1100,594000,2010-05-31 00:00:00,1
2010-06-01 00:00:00,2010-06-01 00:00:00,540,2010-06-01 00:00:00,540,540,7,2700,1458000,2010-06-01 00:00:00,1
2010-06-02 00:00:00,2010-06-02 00:00:00,540,2010-06-02 00:00:00,530,540,17,54700,29524800,2010-06-02 00:00:00,1
2010-06-03 00:00:00,2010-06-03 00:00:00,550,2010-06-03 00:00:00,540,543.5,5,700,379050,2010-06-03 00:00:00,1
2010-06-04 00:00:00,2010-06-04 00:00:00,543.5,2010-06-04 00:00:00,540,540.25,7,2300,1243000,2010-06-04 00:00:00,1
2010-06-07 00:00:00,2010-06-07 00:00:00,543.5,2010-06-07 00:00:00,540,540.25,12,15900,8602150,2010-06-07 00:00:00,1
2010-06-08 00:00:00,2010-06-08 00:00:00,545,2010-06-08 00:00:00,540,541.25,19,12600,6807625,2010-06-08 00:00:00,1
2010-06-09 00:00:00,2010-06-09 00:00:00,550.25,2010-06-09 00:00:00,545,549.25,7,800,439475,2010-06-09 00:00:00,1
2010-06-10 00:00:00,2010-06-10 00:00:00,565,2010-06-10 00:00:00,560,565,9,3700,2089400,2010-06-10 00:00:00,1
2010-06-11 00:00:00,2010-06-11 00:00:00,592,2010-06-11 00:00:00,560,578.5,70,21900,12658175,2010-06-11 00:00:00,1
2010-06-14 00:00:00,2010-06-14 00:00:00,590,2010-06-14 00:00:00,580,582.25,56,17100,10068075,2010-06-14 00:00:00,1
2010-06-15 00:00:00,2010-06-15 00:00:00,579.75,2010-06-15 00:00:00,579.75,579.75,1,300,173925,2010-06-15 00:00:00,1
2010-06-16 00:00:00,2010-06-16 00:00:00,555,2010-06-16 00:00:00,550,555,9,1100,606100,2010-06-16 00:00:00,1
2010-06-17 00:00:00,2010-06-17 00:00:00,540,2010-06-17 00:00:00,540,540,2,500,270000,2010-06-17 00:00:00,1
2010-06-21 00:00:00,2010-06-21 00:00:00,555,2010-06-21 00:00:00,540,555,6,1100,607500,2010-06-21 00:00:00,1
2010-06-22 00:00:00,2010-06-22 00:00:00,555,2010-06-22 00:00:00,551,553.5,11,2500,1385000,2010-06-22 00:00:00,1
2010-06-23 00:00:00,2010-06-23 00:00:00,556,2010-06-23 00:00:00,550,552,4,500,276600,2010-06-23 00:00:00,1
2010-06-24 00:00:00,2010-06-24 00:00:00,550,2010-06-24 00:00:00,540,540.5,18,5300,2875225,2010-06-24 00:00:00,1
2010-06-28 00:00:00,2010-06-28 00:00:00,541,2010-06-28 00:00:00,540,541,5,1500,810400,2010-06-28 00:00:00,1
2010-06-29 00:00:00,2010-06-29 00:00:00,559.75,2010-06-29 00:00:00,540,543.5,8,3900,2118375,2010-06-29 00:00:00,1
2010-06-30 00:00:00,2010-06-30 00:00:00,545,2010-06-30 00:00:00,545,545,6,32900,17838400,2010-06-30 00:00:00,1
2010-07-01 00:00:00,2010-07-01 00:00:00,543,2010-07-01 00:00:00,540,541.75,9,1500,812225,2010-07-01 00:00:00,1
2010-07-02 00:00:00,2010-07-02 00:00:00,540,2010-07-02 00:00:00,526,526,6,10000,5398600,2010-07-02 00:00:00,1
2010-07-06 00:00:00,2010-07-06 00:00:00,534,2010-07-06 00:00:00,529,529.75,17,3200,1696650,2010-07-06 00:00:00,1
2010-07-07 00:00:00,2010-07-07 00:00:00,534.25,2010-07-07 00:00:00,517,524.5,16,4200,2207475,2010-07-07 00:00:00,1
2010-07-08 00:00:00,2010-07-08 00:00:00,530,2010-07-08 00:00:00,530,530,11,5000,2650000,2010-07-08 00:00:00,1
2010-07-09 00:00:00,2010-07-09 00:00:00,525,2010-07-09 00:00:00,525,525,10,3800,1995000,2010-07-09 00:00:00,1
2010-07-12 00:00:00,2010-07-12 00:00:00,530,2010-07-12 00:00:00,525,526,8,18500,9730600,2010-07-12 00:00:00,1
2010-07-13 00:00:00,2010-07-13 00:00:00,530,2010-07-13 00:00:00,525,530,4,6000,3153400,2010-07-13 00:00:00,1
2010-07-14 00:00:00,2010-07-14 00:00:00,535,2010-07-14 00:00:00,530,530,13,7400,3926700,2010-07-14 00:00:00,1
2010-07-15 00:00:00,2010-07-15 00:00:00,540,2010-07-15 00:00:00,530,539.75,7,10900,5849400,2010-07-15 00:00:00,1
2010-07-16 00:00:00,2010-07-16 00:00:00,549.75,2010-07-16 00:00:00,530,549.75,5,1400,747925,2010-07-16 00:00:00,1
2010-07-19 00:00:00,2010-07-19 00:00:00,545,2010-07-19 00:00:00,535,544,7,4100,2228700,2010-07-19 00:00:00,1
2010-07-20 00:00:00,2010-07-20 00:00:00,569.75,2010-07-20 00:00:00,545,561.5,21,9600,5284975,2010-07-20 00:00:00,1
2010-07-21 00:00:00,2010-07-21 00:00:00,570,2010-07-21 00:00:00,554.5,570,5,6200,3472450,2010-07-21 00:00:00,1
2010-07-22 00:00:00,2010-07-22 00:00:00,572,2010-07-22 00:00:00,560,560.25,6,6400,3586350,2010-07-22 00:00:00,1
2010-07-23 00:00:00,2010-07-23 00:00:00,575,2010-07-23 00:00:00,565,568.75,20,18700,10643625,2010-07-23 00:00:00,1
2010-07-26 00:00:00,2010-07-26 00:00:00,575,2010-07-26 00:00:00,568.75,574.75,21,8300,4769225,2010-07-26 00:00:00,1
2010-07-27 00:00:00,2010-07-27 00:00:00,575,2010-07-27 00:00:00,574,574.25,5,700,402300,2010-07-27 00:00:00,1
2010-07-28 00:00:00,2010-07-28 00:00:00,590,2010-07-28 00:00:00,573.75,585,29,10700,6213200,2010-07-28 00:00:00,1
2010-07-29 00:00:00,2010-07-29 00:00:00,585,2010-07-29 00:00:00,576,576,15,3600,2095600,2010-07-29 00:00:00,1
2010-07-30 00:00:00,2010-07-30 00:00:00,575,2010-07-30 00:00:00,570,574.5,14,3600,2055575,2010-07-30 00:00:00,1
2010-08-02 00:00:00,2010-08-02 00:00:00,571.5,2010-08-02 00:00:00,567,567.6,15,4500,2560150,2010-08-02 00:00:00,1
2010-08-03 00:00:00,2010-08-03 00:00:00,570,2010-08-03 00:00:00,560,565.8,9,1300,738260,2010-08-03 00:00:00,1
2010-08-04 00:00:00,2010-08-04 00:00:00,560,2010-08-04 00:00:00,555,558.8,10,2200,1228010,2010-08-04 00:00:00,1
2010-08-05 00:00:00,2010-08-05 00:00:00,555,2010-08-05 00:00:00,525,546.7,26,4100,2201150,2010-08-05 00:00:00,1
2010-08-06 00:00:00,2010-08-06 00:00:00,546,2010-08-06 00:00:00,531,531,10,24500,13027950,2010-08-06 00:00:00,1
2010-08-09 00:00:00,2010-08-09 00:00:00,522,2010-08-09 00:00:00,510,520.7,27,6900,3576250,2010-08-09 00:00:00,1
2010-08-10 00:00:00,2010-08-10 00:00:00,558.8,2010-08-10 00:00:00,490,550,11,1600,831180,2010-08-10 00:00:00,1
2010-08-11 00:00:00,2010-08-11 00:00:00,580,2010-08-11 00:00:00,540,548.2,8,1000,559800,2010-08-11 00:00:00,1
2010-08-12 00:00:00,2010-08-12 00:00:00,535,2010-08-12 00:00:00,535,535,1,100,53500,2010-08-12 00:00:00,1
2010-08-13 00:00:00,2010-08-13 00:00:00,588.5,2010-08-13 00:00:00,575,588.5,98,49300,28814950,2010-08-13 00:00:00,1
2010-08-16 00:00:00,2010-08-16 00:00:00,647.3,2010-08-16 00:00:00,625,647.3,136,37500,24060310,2010-08-16 00:00:00,1
2010-08-17 00:00:00,2010-08-17 00:00:00,712,2010-08-17 00:00:00,690,712,96,28500,20256000,2010-08-17 00:00:00,1
2010-08-18 00:00:00,2010-08-18 00:00:00,783.2,2010-08-18 00:00:00,783,783.2,69,18200,14253280,2010-08-18 00:00:00,1
2010-08-19 00:00:00,2010-08-19 00:00:00,861.5,2010-08-19 00:00:00,861.5,861.5,45,17200,14817800,2010-08-19 00:00:00,1
2010-08-20 00:00:00,2010-08-20 00:00:00,947.6,2010-08-20 00:00:00,775.4,794,356,86700,74112910,2010-08-20 00:00:00,1
2010-08-23 00:00:00,2010-08-23 00:00:00,800,2010-08-23 00:00:00,739,780.6,60,12300,9419000,2010-08-23 00:00:00,1
2010-08-25 00:00:00,2010-08-25 00:00:00,795,2010-08-25 00:00:00,780,780,22,5700,4485700,2010-08-25 00:00:00,1
2010-08-26 00:00:00,2010-08-26 00:00:00,760,2010-08-26 00:00:00,750,754.1,46,13100,9865670,2010-08-26 00:00:00,1
2010-08-27 00:00:00,2010-08-27 00:00:00,770,2010-08-27 00:00:00,750,763.4,31,6200,4704610,2010-08-27 00:00:00,1
2010-08-30 00:00:00,2010-08-30 00:00:00,750,2010-08-30 00:00:00,717,723.6,19,2000,1467310,2010-08-30 00:00:00,1
2010-08-31 00:00:00,2010-08-31 00:00:00,795.9,2010-08-31 00:00:00,740,795.9,61,14500,11262370,2010-08-31 00:00:00,1
2010-09-01 00:00:00,2010-09-01 00:00:00,840,2010-09-01 00:00:00,770,771.7,26,6700,5385750,2010-09-01 00:00:00,1
2010-09-02 00:00:00,2010-09-02 00:00:00,825,2010-09-02 00:00:00,785,814.3,74,13300,10711050,2010-09-02 00:00:00,1
2010-09-03 00:00:00,2010-09-03 00:00:00,819,2010-09-03 00:00:00,802,807.4,19,2700,2196760,2010-09-03 00:00:00,1
2010-09-06 00:00:00,2010-09-06 00:00:00,834.8,2010-09-06 00:00:00,790,800,9,1500,1210980,2010-09-06 00:00:00,1
2010-09-07 00:00:00,2010-09-07 00:00:00,800,2010-09-07 00:00:00,780,790,21,4700,3676210,2010-09-07 00:00:00,1
2010-09-08 00:00:00,2010-09-08 00:00:00,800,2010-09-08 00:00:00,780,783,24,6400,5026510,2010-09-08 00:00:00,1
2010-09-09 00:00:00,2010-09-09 00:00:00,805,2010-09-09 00:00:00,770,797.7,51,12400,9774890,2010-09-09 00:00:00,1
2010-09-13 00:00:00,2010-09-13 00:00:00,801,2010-09-13 00:00:00,797.7,799.8,29,8400,6718560,2010-09-13 00:00:00,1
2010-09-14 00:00:00,2010-09-14 00:00:00,790,2010-09-14 00:00:00,765,789.3,17,4500,3521010,2010-09-14 00:00:00,1
2010-09-15 00:00:00,2010-09-15 00:00:00,805,2010-09-15 00:00:00,773,775,18,5200,4067740,2010-09-15 00:00:00,1
2010-09-16 00:00:00,2010-09-16 00:00:00,800,2010-09-16 00:00:00,790,800,37,8800,7034360,2010-09-16 00:00:00,1
2010-09-17 00:00:00,2010-09-17 00:00:00,805,2010-09-17 00:00:00,780,800,47,22900,18280100,2010-09-17 00:00:00,1
2010-09-20 00:00:00,2010-09-20 00:00:00,800,2010-09-20 00:00:00,780,799.4,17,5600,4433000,2010-09-20 00:00:00,1
2010-09-21 00:00:00,2010-09-21 00:00:00,840,2010-09-21 00:00:00,799.9,827.3,85,27100,22032220,2010-09-21 00:00:00,1
2010-09-23 00:00:00,2010-09-23 00:00:00,859,2010-09-23 00:00:00,828,847.8,68,21000,17696990,2010-09-23 00:00:00,1
2010-09-24 00:00:00,2010-09-24 00:00:00,1100,2010-09-24 00:00:00,877,992.7,263,59200,58544500,2010-09-24 00:00:00,1
2010-09-27 00:00:00,2010-09-27 00:00:00,1150,2010-09-27 00:00:00,1000,1036.8,143,31400,32684450,2010-09-27 00:00:00,1
2010-09-28 00:00:00,2010-09-28 00:00:00,1000,2010-09-28 00:00:00,981,994.6,61,10600,10510980,2010-09-28 00:00:00,1
2010-09-29 00:00:00,2010-09-29 00:00:00,994.6,2010-09-29 00:00:00,980,985.2,18,3200,3168240,2010-09-29 00:00:00,1
2010-09-30 00:00:00,2010-09-30 00:00:00,993,2010-09-30 00:00:00,975,992.4,31,7700,7564000,2010-09-30 00:00:00,1
2010-10-01 00:00:00,2010-10-01 00:00:00,999,2010-10-01 00:00:00,986,995.1,36,11200,11130050,2010-10-01 00:00:00,1
2010-10-04 00:00:00,2010-10-04 00:00:00,1000.1,2010-10-04 00:00:00,975,980.1,59,20300,20221010,2010-10-04 00:00:00,1
2010-10-05 00:00:00,2010-10-05 00:00:00,979,2010-10-05 00:00:00,950,952.6,17,3200,3061150,2010-10-05 00:00:00,1
2010-10-06 00:00:00,2010-10-06 00:00:00,950,2010-10-06 00:00:00,903.1,909.9,26,3300,3020240,2010-10-06 00:00:00,1
2010-10-07 00:00:00,2010-10-07 00:00:00,910.5,2010-10-07 00:00:00,855,871.2,83,15500,13828890,2010-10-07 00:00:00,1
2010-10-08 00:00:00,2010-10-08 00:00:00,900,2010-10-08 00:00:00,805,898,38,7400,6472350,2010-10-08 00:00:00,1
2010-10-11 00:00:00,2010-10-11 00:00:00,900,2010-10-11 00:00:00,899.9,899.9,8,2300,2069900,2010-10-11 00:00:00,1
2010-10-12 00:00:00,2010-10-12 00:00:00,889,2010-10-12 00:00:00,852.2,863.5,38,18300,16039910,2010-10-12 00:00:00,1
2010-10-13 00:00:00,2010-10-13 00:00:00,1049,2010-10-13 00:00:00,790,1017,350,153000,145928340,2010-10-13 00:00:00,1
2010-10-14 00:00:00,2010-10-14 00:00:00,1198,2010-10-14 00:00:00,1000,1004.1,161,35800,38859290,2010-10-14 00:00:00,1
2010-10-15 00:00:00,2010-10-15 00:00:00,1060,2010-10-15 00:00:00,1000,1037,66,20700,21035420,2010-10-15 00:00:00,1
2010-10-18 00:00:00,2010-10-18 00:00:00,1038,2010-10-18 00:00:00,1000,1021.5,45,9900,9965160,2010-10-18 00:00:00,1
2010-10-19 00:00:00,2010-10-19 00:00:00,1020,2010-10-19 00:00:00,990,1000,20,3300,3302400,2010-10-19 00:00:00,1
2010-10-20 00:00:00,2010-10-20 00:00:00,1000,2010-10-20 00:00:00,975,983.7,27,4900,4823750,2010-10-20 00:00:00,1
2010-10-21 00:00:00,2010-10-21 00:00:00,1000,2010-10-21 00:00:00,975,978.1,31,9300,9105190,2010-10-21 00:00:00,1
2010-10-25 00:00:00,2010-10-25 00:00:00,980,2010-10-25 00:00:00,975,975.6,28,5100,4982710,2010-10-25 00:00:00,1
2010-10-26 00:00:00,2010-10-26 00:00:00,1000,2010-10-26 00:00:00,969,990.6,29,6500,6425760,2010-10-26 00:00:00,1
2010-10-27 00:00:00,2010-10-27 00:00:00,1015,2010-10-27 00:00:00,970,1008.6,46,31400,30759070,2010-10-27 00:00:00,1
2010-10-28 00:00:00,2010-10-28 00:00:00,1025,2010-10-28 00:00:00,985,1001.9,47,17000,17025070,2010-10-28 00:00:00,1
2010-10-29 00:00:00,2010-10-29 00:00:00,1085,2010-10-29 00:00:00,1030.2,1074.5,90,15300,16259930,2010-10-29 00:00:00,1
2010-11-01 00:00:00,2010-11-01 00:00:00,1149,2010-11-01 00:00:00,1060,1147.6,74,17700,19686570,2010-11-01 00:00:00,1
2010-11-02 00:00:00,2010-11-02 00:00:00,1230,2010-11-02 00:00:00,1060,1080.3,208,36800,41937100,2010-11-02 00:00:00,1
2010-11-03 00:00:00,2010-11-03 00:00:00,1100,2010-11-03 00:00:00,1001,1023.2,34,5200,5464630,2010-11-03 00:00:00,1
2010-11-04 00:00:00,2010-11-04 00:00:00,1030,2010-11-04 00:00:00,1000,1013.4,24,4800,4819650,2010-11-04 00:00:00,1
2010-11-08 00:00:00,2010-11-08 00:00:00,1020,2010-11-08 00:00:00,1001,1018.8,12,1700,1717010,2010-11-08 00:00:00,1
2010-11-09 00:00:00,2010-11-09 00:00:00,1040,2010-11-09 00:00:00,1000,1003,22,5800,5845120,2010-11-09 00:00:00,1
2010-11-10 00:00:00,2010-11-10 00:00:00,1000.2,2010-11-10 00:00:00,990,998.6,48,28300,28294240,2010-11-10 00:00:00,1
2010-11-11 00:00:00,2010-11-11 00:00:00,1000,2010-11-11 00:00:00,1000,1000,12,17000,17000000,2010-11-11 00:00:00,1
2010-11-12 00:00:00,2010-11-12 00:00:00,1015,2010-11-12 00:00:00,1000,1003.1,20,18500,18508130,2010-11-12 00:00:00,1
2010-11-15 00:00:00,2010-11-15 00:00:00,1050,2010-11-15 00:00:00,998.9,1000,45,47100,47117290,2010-11-15 00:00:00,1
2010-11-16 00:00:00,2010-11-16 00:00:00,1050,2010-11-16 00:00:00,990,999.1,40,12000,12031200,2010-11-16 00:00:00,1
2010-11-18 00:00:00,2010-11-18 00:00:00,1033,2010-11-18 00:00:00,1010,1024.1,21,5400,5527700,2010-11-18 00:00:00,1
2010-11-22 00:00:00,2010-11-22 00:00:00,1020,2010-11-22 00:00:00,1000,1000,18,5900,5908000,2010-11-22 00:00:00,1
2010-11-23 00:00:00,2010-11-23 00:00:00,1015,2010-11-23 00:00:00,1000,1000.7,37,15200,15202000,2010-11-23 00:00:00,1
2010-11-24 00:00:00,2010-11-24 00:00:00,1009,2010-11-24 00:00:00,1000,1002,15,2600,2602640,2010-11-24 00:00:00,1
2010-11-25 00:00:00,2010-11-25 00:00:00,1000,2010-11-25 00:00:00,950,1000,16,3000,2995000,2010-11-25 00:00:00,1
2010-11-26 00:00:00,2010-11-26 00:00:00,1000,2010-11-26 00:00:00,902,999.6,35,16700,16618990,2010-11-26 00:00:00,1
2010-11-29 00:00:00,2010-11-29 00:00:00,1035,2010-11-29 00:00:00,952.5,970,45,11400,11361700,2010-11-29 00:00:00,1
2010-11-30 00:00:00,2010-11-30 00:00:00,1020,2010-11-30 00:00:00,998.9,1001.3,23,4700,4716830,2010-11-30 00:00:00,1
2010-12-01 00:00:00,2010-12-01 00:00:00,1015,2010-12-01 00:00:00,1000,1002.1,14,3800,3804170,2010-12-01 00:00:00,1
2010-12-02 00:00:00,2010-12-02 00:00:00,1010,2010-12-02 00:00:00,1000.1,1007.5,8,1400,1412020,2010-12-02 00:00:00,1
2010-12-03 00:00:00,2010-12-03 00:00:00,1002,2010-12-03 00:00:00,1000,1001,22,5000,5001800,2010-12-03 00:00:00,1
2010-12-06 00:00:00,2010-12-06 00:00:00,987.5,2010-12-06 00:00:00,987.5,987.5,1,100,98750,2010-12-06 00:00:00,1
2010-12-07 00:00:00,2010-12-07 00:00:00,980,2010-12-07 00:00:00,980,980,4,800,784000,2010-12-07 00:00:00,1
2010-12-08 00:00:00,2010-12-08 00:00:00,987.5,2010-12-08 00:00:00,987.5,987.5,1,100,98750,2010-12-08 00:00:00,1
2010-12-09 00:00:00,2010-12-09 00:00:00,980,2010-12-09 00:00:00,970,970,9,2800,2727900,2010-12-09 00:00:00,1
2010-12-10 00:00:00,2010-12-10 00:00:00,1000,2010-12-10 00:00:00,970,1000,9,1500,1491490,2010-12-10 00:00:00,1
2010-12-13 00:00:00,2010-12-13 00:00:00,999,2010-12-13 00:00:00,980,984,4,700,696260,2010-12-13 00:00:00,1
2010-12-14 00:00:00,2010-12-14 00:00:00,985,2010-12-14 00:00:00,980,980.5,13,4000,3923300,2010-12-14 00:00:00,1
2010-12-15 00:00:00,2010-12-15 00:00:00,982,2010-12-15 00:00:00,975,980.4,7,1900,1862100,2010-12-15 00:00:00,1
2010-12-16 00:00:00,2010-12-16 00:00:00,978,2010-12-16 00:00:00,970,974.8,28,6900,6727600,2010-12-16 00:00:00,1
2010-12-17 00:00:00,2010-12-17 00:00:00,980,2010-12-17 00:00:00,970.1,976.6,34,9400,9176520,2010-12-17 00:00:00,1
2010-12-24 00:00:00,2010-12-24 00:00:00,505,2010-12-24 00:00:00,470,499.5,25,3700,1799200,2010-12-24 00:00:00,1
2010-12-27 00:00:00,2010-12-27 00:00:00,530,2010-12-27 00:00:00,520,520.3,40,8900,4662410,2010-12-27 00:00:00,1
2010-12-28 00:00:00,2010-12-28 00:00:00,529.9,2010-12-28 00:00:00,520,523.8,32,50900,26717810,2010-12-28 00:00:00,1
2010-12-29 00:00:00,2010-12-29 00:00:00,528,2010-12-29 00:00:00,515,515.1,22,5200,2704980,2010-12-29 00:00:00,1
2010-12-30 00:00:00,2010-12-30 00:00:00,515,2010-12-30 00:00:00,495,507,20,2700,1359900,2010-12-30 00:00:00,1
2010-12-31 00:00:00,2010-12-31 00:00:00,525,2010-12-31 00:00:00,510,513.2,19,9900,5129510,2010-12-31 00:00:00,1
Company Id :  CCS,,Security Type :  N,,Sub Type :  0000,,,,,,
Short Name :  COLD STORES,,,,,,,,,,
Day,Date High,High,Date Low,Low,Closing,No. of Trades,No. of Shares,Turnover,Last Traded,Days Traded
2010-01-04 00:00:00,2010-01-04 00:00:00,164,2010-01-04 00:00:00,164,164,1,100,16400,2010-01-04 00:00:00,1
2010-01-05 00:00:00,2010-01-05 00:00:00,168,2010-01-05 00:00:00,162,164.75,3,500,82750,2010-01-05 00:00:00,1
2010-01-06 00:00:00,2010-01-06 00:00:00,169,2010-01-06 00:00:00,165,169,3,1100,182300,2010-01-06 00:00:00,1
2010-01-08 00:00:00,2010-01-08 00:00:00,165,2010-01-08 00:00:00,165,165,1,100,16500,2010-01-08 00:00:00,1
2010-01-11 00:00:00,2010-01-11 00:00:00,170,2010-01-11 00:00:00,165,165,5,1500,254500,2010-01-11 00:00:00,1
2010-01-12 00:00:00,2010-01-12 00:00:00,165,2010-01-12 00:00:00,165,165,4,1600,264000,2010-01-12 00:00:00,1
2010-01-18 00:00:00,2010-01-18 00:00:00,168,2010-01-18 00:00:00,165,165.25,2,1400,231300,2010-01-18 00:00:00,1
2010-01-19 00:00:00,2010-01-19 00:00:00,165,2010-01-19 00:00:00,162.5,165,2,200,32750,2010-01-19 00:00:00,1
2010-01-21 00:00:00,2010-01-21 00:00:00,169.5,2010-01-21 00:00:00,169.5,169.5,3,800,135600,2010-01-21 00:00:00,1
2010-01-22 00:00:00,2010-01-22 00:00:00,165,2010-01-22 00:00:00,164,164,2,1100,181400,2010-01-22 00:00:00,1
2010-01-26 00:00:00,2010-01-26 00:00:00,166,2010-01-26 00:00:00,166,166,1,200,33200,2010-01-26 00:00:00,1
2010-02-03 00:00:00,2010-02-03 00:00:00,166,2010-02-03 00:00:00,166,166,1,500,83000,2010-02-03 00:00:00,1
2010-02-08 00:00:00,2010-02-08 00:00:00,170,2010-02-08 00:00:00,170,170,2,1600,272000,2010-02-08 00:00:00,1
2010-02-10 00:00:00,2010-02-10 00:00:00,170,2010-02-10 00:00:00,170,170,1,400,68000,2010-02-10 00:00:00,1
2010-02-12 00:00:00,2010-02-12 00:00:00,165,2010-02-12 00:00:00,165,165,1,1000,165000,2010-02-12 00:00:00,1
2010-02-23 00:00:00,2010-02-23 00:00:00,185,2010-02-23 00:00:00,180,183,5,800,146475,2010-02-23 00:00:00,1
2010-02-25 00:00:00,2010-02-25 00:00:00,185,2010-02-25 00:00:00,185,185,2,1100,203500,2010-02-25 00:00:00,1
2010-03-10 00:00:00,2010-03-10 00:00:00,170.5,2010-03-10 00:00:00,170,170.25,8,4000,680300,2010-03-10 00:00:00,1
2010-03-11 00:00:00,2010-03-11 00:00:00,180,2010-03-11 00:00:00,170,180,4,4800,824125,2010-03-11 00:00:00,1
2010-03-12 00:00:00,2010-03-12 00:00:00,183,2010-03-12 00:00:00,180,183,5,8200,1488925,2010-03-12 00:00:00,1
2010-03-15 00:00:00,2010-03-15 00:00:00,185,2010-03-15 00:00:00,183,183.25,6,4900,897325,2010-03-15 00:00:00,1
2010-03-16 00:00:00,2010-03-16 00:00:00,183,2010-03-16 00:00:00,183,183,1,500,91500,2010-03-16 00:00:00,1
2010-03-17 00:00:00,2010-03-17 00:00:00,180,2010-03-17 00:00:00,180,180,5,1000,180000,2010-03-17 00:00:00,1
2010-03-24 00:00:00,2010-03-24 00:00:00,170,2010-03-24 00:00:00,170,170,1,200,34000,2010-03-24 00:00:00,1
2010-03-25 00:00:00,2010-03-25 00:00:00,172,2010-03-25 00:00:00,172,172,2,2000,344000,2010-03-25 00:00:00,1
2010-04-01 00:00:00,2010-04-01 00:00:00,172,2010-04-01 00:00:00,172,172,1,400,68800,2010-04-01 00:00:00,1
2010-04-05 00:00:00,2010-04-05 00:00:00,172,2010-04-05 00:00:00,172,172,1,700,120400,2010-04-05 00:00:00,1
2010-04-06 00:00:00,2010-04-06 00:00:00,180,2010-04-06 00:00:00,175,176.75,2,300,53000,2010-04-06 00:00:00,1
2010-04-07 00:00:00,2010-04-07 00:00:00,175,2010-04-07 00:00:00,175,175,1,200,35000,2010-04-07 00:00:00,1
2010-04-19 00:00:00,2010-04-19 00:00:00,180,2010-04-19 00:00:00,180,180,2,200,36000,2010-04-19 00:00:00,1
2010-04-20 00:00:00,2010-04-20 00:00:00,180,2010-04-20 00:00:00,180,180,3,2300,414000,2010-04-20 00:00:00,1
2010-04-21 00:00:00,2010-04-21 00:00:00,180,2010-04-21 00:00:00,180,180,1,500,90000,2010-04-21 00:00:00,1
2010-04-23 00:00:00,2010-04-23 00:00:00,220,2010-04-23 00:00:00,200,215,8,4700,949000,2010-04-23 00:00:00,1
2010-04-26 00:00:00,2010-04-26 00:00:00,219.75,2010-04-26 00:00:00,219,219.25,3,700,153450,2010-04-26 00:00:00,1
2010-04-27 00:00:00,2010-04-27 00:00:00,201,2010-04-27 00:00:00,200,200.25,3,500,100325,2010-04-27 00:00:00,1
2010-04-29 00:00:00,2010-04-29 00:00:00,201.25,2010-04-29 00:00:00,200,200.5,3,600,120225,2010-04-29 00:00:00,1
2010-04-30 00:00:00,2010-04-30 00:00:00,200,2010-04-30 00:00:00,200,200,3,1000,200000,2010-04-30 00:00:00,1
2010-05-03 00:00:00,2010-05-03 00:00:00,200,2010-05-03 00:00:00,200,200,2,2000,400000,2010-05-03 00:00:00,1
2010-05-04 00:00:00,2010-05-04 00:00:00,200,2010-05-04 00:00:00,200,200,4,800,160000,2010-05-04 00:00:00,1
2010-05-06 00:00:00,2010-05-06 00:00:00,210,2010-05-06 00:00:00,201,204.75,5,3200,652600,2010-05-06 00:00:00,1
2010-05-07 00:00:00,2010-05-07 00:00:00,215,2010-05-07 00:00:00,215,215,2,1000,215000,2010-05-07 00:00:00,1
2010-05-10 00:00:00,2010-05-10 00:00:00,214,2010-05-10 00:00:00,199,207,7,1800,372500,2010-05-10 00:00:00,1
2010-05-11 00:00:00,2010-05-11 00:00:00,205,2010-05-11 00:00:00,205,205,8,2300,471500,2010-05-11 00:00:00,1
2010-05-12 00:00:00,2010-05-12 00:00:00,220,2010-05-12 00:00:00,214.75,218.75,12,2800,607475,2010-05-12 00:00:00,1
2010-05-13 00:00:00,2010-05-13 00:00:00,249,2010-05-13 00:00:00,230,243.5,29,7300,1743050,2010-05-13 00:00:00,1
2010-05-14 00:00:00,2010-05-14 00:00:00,250,2010-05-14 00:00:00,150,225.25,14,3900,834400,2010-05-14 00:00:00,1
2010-05-20 00:00:00,2010-05-20 00:00:00,234,2010-05-20 00:00:00,220,220.5,5,1100,243950,2010-05-20 00:00:00,1
2010-05-21 00:00:00,2010-05-21 00:00:00,220,2010-05-21 00:00:00,220,220,5,5600,1232000,2010-05-21 00:00:00,1
2010-05-25 00:00:00,2010-05-25 00:00:00,218,2010-05-25 00:00:00,218,218,2,300,65400,2010-05-25 00:00:00,1
2010-05-26 00:00:00,2010-05-26 00:00:00,212,2010-05-26 00:00:00,212,212,2,300,63600,2010-05-26 00:00:00,1
2010-05-31 00:00:00,2010-05-31 00:00:00,210.25,2010-05-31 00:00:00,205,205,2,200,41525,2010-05-31 00:00:00,1
2010-06-01 00:00:00,2010-06-01 00:00:00,223,2010-06-01 00:00:00,223,223,1,100,22300,2010-06-01 00:00:00,1
2010-06-04 00:00:00,2010-06-04 00:00:00,250,2010-06-04 00:00:00,220,240,6,1500,341000,2010-06-04 00:00:00,1
2010-06-07 00:00:00,2010-06-07 00:00:00,240,2010-06-07 00:00:00,240,240,4,600,144000,2010-06-07 00:00:00,1
2010-06-08 00:00:00,2010-06-08 00:00:00,220,2010-06-08 00:00:00,220,220,1,500,110000,2010-06-08 00:00:00,1
2010-06-10 00:00:00,2010-06-10 00:00:00,220,2010-06-10 00:00:00,220,220,1,500,110000,2010-06-10 00:00:00,1
2010-06-11 00:00:00,2010-06-11 00:00:00,220,2010-06-11 00:00:00,220,220,2,200,44000,2010-06-11 00:00:00,1
2010-06-14 00:00:00,2010-06-14 00:00:00,221,2010-06-14 00:00:00,221,221,1,100,22100,2010-06-14 00:00:00,1
2010-06-15 00:00:00,2010-06-15 00:00:00,240,2010-06-15 00:00:00,240,240,5,1500,360000,2010-06-15 00:00:00,1
2010-06-21 00:00:00,2010-06-21 00:00:00,241,2010-06-21 00:00:00,241,241,1,100,24100,2010-06-21 00:00:00,1
2010-06-23 00:00:00,2010-06-23 00:00:00,255,2010-06-23 00:00:00,255,255,1,900,229500,2010-06-23 00:00:00,1
2010-06-24 00:00:00,2010-06-24 00:00:00,250.25,2010-06-24 00:00:00,240,245,4,2100,515025,2010-06-24 00:00:00,1
2010-06-28 00:00:00,2010-06-28 00:00:00,225,2010-06-28 00:00:00,225,225,1,3500,787500,2010-06-28 00:00:00,1
2010-06-29 00:00:00,2010-06-29 00:00:00,250,2010-06-29 00:00:00,250,250,2,3600,900000,2010-06-29 00:00:00,1
2010-06-30 00:00:00,2010-06-30 00:00:00,250,2010-06-30 00:00:00,250,250,1,200,50000,2010-06-30 00:00:00,1
2010-07-01 00:00:00,2010-07-01 00:00:00,284.75,2010-07-01 00:00:00,250,279.75,19,10500,2876700,2010-07-01 00:00:00,1
2010-07-12 00:00:00,2010-07-12 00:00:00,280,2010-07-12 00:00:00,260,276,2,2500,690000,2010-07-12 00:00:00,1
2010-07-13 00:00:00,2010-07-13 00:00:00,280,2010-07-13 00:00:00,280,280,5,4300,1204000,2010-07-13 00:00:00,1
2010-07-14 00:00:00,2010-07-14 00:00:00,285,2010-07-14 00:00:00,280,284.75,4,6700,1907000,2010-07-14 00:00:00,1
2010-07-15 00:00:00,2010-07-15 00:00:00,295,2010-07-15 00:00:00,289.5,294.5,6,5800,1707775,2010-07-15 00:00:00,1
2010-07-16 00:00:00,2010-07-16 00:00:00,300,2010-07-16 00:00:00,295,295,8,2000,591975,2010-07-16 00:00:00,1
2010-07-19 00:00:00,2010-07-19 00:00:00,295,2010-07-19 00:00:00,295,295,2,1400,413000,2010-07-19 00:00:00,1
2010-07-20 00:00:00,2010-07-20 00:00:00,310,2010-07-20 00:00:00,295,300,8,4000,1205500,2010-07-20 00:00:00,1
2010-07-21 00:00:00,2010-07-21 00:00:00,310,2010-07-21 00:00:00,310,310,1,200,62000,2010-07-21 00:00:00,1
2010-07-22 00:00:00,2010-07-22 00:00:00,300,2010-07-22 00:00:00,300,300,1,500,150000,2010-07-22 00:00:00,1
2010-07-26 00:00:00,2010-07-26 00:00:00,303,2010-07-26 00:00:00,303,303,2,200,60600,2010-07-26 00:00:00,1
2010-07-27 00:00:00,2010-07-27 00:00:00,330,2010-07-27 00:00:00,305,330,7,1900,617475,2010-07-27 00:00:00,1
2010-07-28 00:00:00,2010-07-28 00:00:00,355,2010-07-28 00:00:00,355,355,1,100,35500,2010-07-28 00:00:00,1
2010-08-04 00:00:00,2010-08-04 00:00:00,400,2010-08-04 00:00:00,380,385,4,1000,392000,2010-08-04 00:00:00,1
2010-08-16 00:00:00,2010-08-16 00:00:00,385,2010-08-16 00:00:00,385,385,2,400,154000,2010-08-16 00:00:00,1
2010-08-17 00:00:00,2010-08-17 00:00:00,423.5,2010-08-17 00:00:00,385,412,16,6200,2492960,2010-08-17 00:00:00,1
2010-08-18 00:00:00,2010-08-18 00:00:00,453.2,2010-08-18 00:00:00,435,453.2,9,3000,1321860,2010-08-18 00:00:00,1
2010-08-19 00:00:00,2010-08-19 00:00:00,498.5,2010-08-19 00:00:00,482,489.2,20,4200,2068350,2010-08-19 00:00:00,1
2010-08-20 00:00:00,2010-08-20 00:00:00,500,2010-08-20 00:00:00,480,484.5,4,1300,644900,2010-08-20 00:00:00,1
2010-08-23 00:00:00,2010-08-23 00:00:00,470,2010-08-23 00:00:00,450,466,7,2200,1030000,2010-08-23 00:00:00,1
2010-08-25 00:00:00,2010-08-25 00:00:00,451,2010-08-25 00:00:00,450,450,4,2300,1035200,2010-08-25 00:00:00,1
2010-08-30 00:00:00,2010-08-30 00:00:00,450,2010-08-30 00:00:00,449,449.8,6,7000,3149000,2010-08-30 00:00:00,1
2010-08-31 00:00:00,2010-08-31 00:00:00,450,2010-08-31 00:00:00,450,450,1,200,90000,2010-08-31 00:00:00,1
2010-09-01 00:00:00,2010-09-01 00:00:00,450,2010-09-01 00:00:00,450,450,2,600,270000,2010-09-01 00:00:00,1
2010-09-02 00:00:00,2010-09-02 00:00:00,470.5,2010-09-02 00:00:00,470,470.5,6,1900,893400,2010-09-02 00:00:00,1
2010-09-03 00:00:00,2010-09-03 00:00:00,500,2010-09-03 00:00:00,500,500,1,2000,1000000,2010-09-03 00:00:00,1
2010-09-07 00:00:00,2010-09-07 00:00:00,500,2010-09-07 00:00:00,494.8,499.4,13,7900,3945580,2010-09-07 00:00:00,1
2010-09-09 00:00:00,2010-09-09 00:00:00,500,2010-09-09 00:00:00,500,500,4,5200,2600000,2010-09-09 00:00:00,1
2010-09-13 00:00:00,2010-09-13 00:00:00,513,2010-09-13 00:00:00,500,512.4,6,700,356200,2010-09-13 00:00:00,1
2010-09-14 00:00:00,2010-09-14 00:00:00,500,2010-09-14 00:00:00,500,500,1,1700,850000,2010-09-14 00:00:00,1
2010-09-15 00:00:00,2010-09-15 00:00:00,500,2010-09-15 00:00:00,490,494.5,4,500,247800,2010-09-15 00:00:00,1
2010-09-27 00:00:00,2010-09-27 00:00:00,450,2010-09-27 00:00:00,450,450,2,600,270000,2010-09-27 00:00:00,1
2010-09-29 00:00:00,2010-09-29 00:00:00,448,2010-09-29 00:00:00,448,448,1,200,89600,2010-09-29 00:00:00,1
2010-10-07 00:00:00,2010-10-07 00:00:00,400,2010-10-07 00:00:00,400,400,3,300,120000,2010-10-07 00:00:00,1
2010-10-08 00:00:00,2010-10-08 00:00:00,400,2010-10-08 00:00:00,400,400,3,500,200000,2010-10-08 00:00:00,1
2010-10-12 00:00:00,2010-10-12 00:00:00,400,2010-10-12 00:00:00,400,400,2,500,200000,2010-10-12 00:00:00,1
2010-10-13 00:00:00,2010-10-13 00:00:00,399.9,2010-10-13 00:00:00,352.1,397,10,2100,790060,2010-10-13 00:00:00,1
2010-10-14 00:00:00,2010-10-14 00:00:00,400,2010-10-14 00:00:00,400,400,4,5900,2360000,2010-10-14 00:00:00,1
2010-10-19 00:00:00,2010-10-19 00:00:00,450,2010-10-19 00:00:00,400,414.3,8,10200,4225990,2010-10-19 00:00:00,1
2010-10-20 00:00:00,2010-10-20 00:00:00,465,2010-10-20 00:00:00,450,463.6,18,5800,2665020,2010-10-20 00:00:00,1
2010-10-21 00:00:00,2010-10-21 00:00:00,500,2010-10-21 00:00:00,460,492.7,14,4900,2344400,2010-10-21 00:00:00,1
2010-10-25 00:00:00,2010-10-25 00:00:00,505,2010-10-25 00:00:00,493,500.2,10,4100,2046900,2010-10-25 00:00:00,1
2010-10-26 00:00:00,2010-10-26 00:00:00,500,2010-10-26 00:00:00,500,500,1,100,50000,2010-10-26 00:00:00,1
2010-10-27 00:00:00,2010-10-27 00:00:00,500,2010-10-27 00:00:00,500,500,4,1000,500000,2010-10-27 00:00:00,1
2010-10-28 00:00:00,2010-10-28 00:00:00,500,2010-10-28 00:00:00,490,490,10,2800,1394000,2010-10-28 00:00:00,1
2010-10-29 00:00:00,2010-10-29 00:00:00,520,2010-10-29 00:00:00,500,510,11,2500,1281490,2010-10-29 00:00:00,1
2010-11-01 00:00:00,2010-11-01 00:00:00,550,2010-11-01 00:00:00,530,543.3,12,2100,1135080,2010-11-01 00:00:00,1
2010-11-02 00:00:00,2010-11-02 00:00:00,540,2010-11-02 00:00:00,540,540,2,300,162000,2010-11-02 00:00:00,1
2010-11-03 00:00:00,2010-11-03 00:00:00,515.1,2010-11-03 00:00:00,510,511.7,5,2000,1023520,2010-11-03 00:00:00,1
2010-11-08 00:00:00,2010-11-08 00:00:00,510,2010-11-08 00:00:00,410,410,2,1600,806000,2010-11-08 00:00:00,1
2010-11-09 00:00:00,2010-11-09 00:00:00,475,2010-11-09 00:00:00,475,475,1,100,47500,2010-11-09 00:00:00,1
2010-11-10 00:00:00,2010-11-10 00:00:00,475,2010-11-10 00:00:00,475,475,1,400,190000,2010-11-10 00:00:00,1
2010-11-11 00:00:00,2010-11-11 00:00:00,500,2010-11-11 00:00:00,500,500,2,1800,900000,2010-11-11 00:00:00,1
2010-11-12 00:00:00,2010-11-12 00:00:00,495,2010-11-12 00:00:00,495,495,1,100,49500,2010-11-12 00:00:00,1
2010-11-16 00:00:00,2010-11-16 00:00:00,500,2010-11-16 00:00:00,475,499.6,6,6100,3047500,2010-11-16 00:00:00,1
2010-11-18 00:00:00,2010-11-18 00:00:00,520,2010-11-18 00:00:00,505,518.8,5,1800,932500,2010-11-18 00:00:00,1
2010-11-22 00:00:00,2010-11-22 00:00:00,535,2010-11-22 00:00:00,520,531.7,12,5200,2750100,2010-11-22 00:00:00,1
2010-11-23 00:00:00,2010-11-23 00:00:00,530,2010-11-23 00:00:00,530,530,2,600,318000,2010-11-23 00:00:00,1
2010-11-24 00:00:00,2010-11-24 00:00:00,535,2010-11-24 00:00:00,530,535,7,1600,852000,2010-11-24 00:00:00,1
2010-12-01 00:00:00,2010-12-01 00:00:00,535,2010-12-01 00:00:00,530,531,5,1500,798500,2010-12-01 00:00:00,1
2010-12-07 00:00:00,2010-12-07 00:00:00,534,2010-12-07 00:00:00,534,534,1,100,53400,2010-12-07 00:00:00,1
2010-12-23 00:00:00,2010-12-23 00:00:00,533.3,2010-12-23 00:00:00,529.5,529.5,4,1400,745150,2010-12-23 00:00:00,1
Company Id :  CDB,,Security Type :  N,,Sub Type :  0000,,,,,,
Short Name :  CDB,,,,,,,,,,
Day,Date High,High,Date Low,Low,Closing,No. of Trades,No. of Shares,Turnover,Last Traded,Days Traded
2010-10-06 00:00:00,2010-10-06 00:00:00,165,2010-10-06 00:00:00,60,92.7,645,300700,35902090,2010-10-06 00:00:00,1
2010-10-07 00:00:00,2010-10-07 00:00:00,90,2010-10-07 00:00:00,72.5,75.6,85,52100,4120800,2010-10-07 00:00:00,1
2010-10-08 00:00:00,2010-10-08 00:00:00,99,2010-10-08 00:00:00,79,89.1,314,248900,22487940,2010-10-08 00:00:00,1
2010-10-11 00:00:00,2010-10-11 00:00:00,91,2010-10-11 00:00:00,70.1,73.6,148,83900,6543940,2010-10-11 00:00:00,1
2010-10-12 00:00:00,2010-10-12 00:00:00,75.5,2010-10-12 00:00:00,68,68.2,65,31700,2255200,2010-10-12 00:00:00,1
2010-10-13 00:00:00,2010-10-13 00:00:00,68.8,2010-10-13 00:00:00,61,63.3,86,81000,5083600,2010-10-13 00:00:00,1
2010-10-14 00:00:00,2010-10-14 00:00:00,70,2010-10-14 00:00:00,55.6,56.1,84,59000,3608840,2010-10-14 00:00:00,1
2010-10-15 00:00:00,2010-10-15 00:00:00,56,2010-10-15 00:00:00,44.6,48.5,241,148100,7131980,2010-10-15 00:00:00,1
2010-10-18 00:00:00,2010-10-18 00:00:00,55,2010-10-18 00:00:00,47,48.4,121,99800,5063540,2010-10-18 00:00:00,1
2010-10-19 00:00:00,2010-10-19 00:00:00,48.5,2010-10-19 00:00:00,45.8,46.4,112,84400,3902850,2010-10-19 00:00:00,1
2010-10-20 00:00:00,2010-10-20 00:00:00,50.9,2010-10-20 00:00:00,46,49.6,104,108500,5282690,2010-10-20 00:00:00,1
2010-10-21 00:00:00,2010-10-21 00:00:00,54.5,2010-10-21 00:00:00,47,53.2,250,211500,11157370,2010-10-21 00:00:00,1
2010-10-25 00:00:00,2010-10-25 00:00:00,55.9,2010-10-25 00:00:00,51,52.1,76,75900,3964120,2010-10-25 00:00:00,1
2010-10-26 00:00:00,2010-10-26 00:00:00,52,2010-10-26 00:00:00,49.5,49.9,33,52100,2654820,2010-10-26 00:00:00,1
2010-10-27 00:00:00,2010-10-27 00:00:00,52.5,2010-10-27 00:00:00,48,51,26,17700,886590,2010-10-27 00:00:00,1
2010-10-28 00:00:00,2010-10-28 00:00:00,60,2010-10-28 00:00:00,49,51.8,37,21200,1074750,2010-10-28 00:00:00,1
2010-10-29 00:00:00,2010-10-29 00:00:00,52.5,2010-10-29 00:00:00,50.5,50.9,39,22700,1176600,2010-10-29 00:00:00,1
2010-11-01 00:00:00,2010-11-01 00:00:00,53.5,2010-11-01 00:00:00,50.5,51.1,41,22100,1127980,2010-11-01 00:00:00,1
2010-11-02 00:00:00,2010-11-02 00:00:00,51.1,2010-11-02 00:00:00,48.1,48.7,26,12300,607940,2010-11-02 00:00:00,1
2010-11-03 00:00:00,2010-11-03 00:00:00,49,2010-11-03 00:00:00,48,48.1,32,57800,2781720,2010-11-03 00:00:00,1
2010-11-04 00:00:00,2010-11-04 00:00:00,50,2010-11-04 00:00:00,48,48,7,2500,120430,2010-11-04 00:00:00,1
2010-11-08 00:00:00,2010-11-08 00:00:00,48,2010-11-08 00:00:00,47.2,47.7,21,14900,714310,2010-11-08 00:00:00,1
2010-11-09 00:00:00,2010-11-09 00:00:00,47,2010-11-09 00:00:00,46,46.3,27,11200,521440,2010-11-09 00:00:00,1
2010-11-10 00:00:00,2010-11-10 00:00:00,47.9,2010-11-10 00:00:00,45.1,47.2,9,4800,225890,2010-11-10 00:00:00,1
2010-11-11 00:00:00,2010-11-11 00:00:00,47.6,2010-11-11 00:00:00,45.2,47.5,7,3100,142710,2010-11-11 00:00:00,1
2010-11-12 00:00:00,2010-11-12 00:00:00,47.5,2010-11-12 00:00:00,46.6,47,14,4200,197550,2010-11-12 00:00:00,1
2010-11-15 00:00:00,2010-11-15 00:00:00,46.6,2010-11-15 00:00:00,45.4,45.5,12,4600,210500,2010-11-15 00:00:00,1
2010-11-16 00:00:00,2010-11-16 00:00:00,45.3,2010-11-16 00:00:00,44.5,45,9,2300,103200,2010-11-16 00:00:00,1
2010-11-18 00:00:00,2010-11-18 00:00:00,46,2010-11-18 00:00:00,44.6,45,17,17200,774930,2010-11-18 00:00:00,1
2010-11-22 00:00:00,2010-11-22 00:00:00,46,2010-11-22 00:00:00,45,45,14,31900,1449330,2010-11-22 00:00:00,1
2010-11-23 00:00:00,2010-11-23 00:00:00,45.1,2010-11-23 00:00:00,44.5,44.9,15,7300,327700,2010-11-23 00:00:00,1
2010-11-24 00:00:00,2010-11-24 00:00:00,52,2010-11-24 00:00:00,45,46.5,106,716100,32771460,2010-11-24 00:00:00,1
2010-11-25 00:00:00,2010-11-25 00:00:00,51.8,2010-11-25 00:00:00,48,48,21,42500,2176520,2010-11-25 00:00:00,1
2010-11-26 00:00:00,2010-11-26 00:00:00,46,2010-11-26 00:00:00,45.5,45.7,9,3600,164350,2010-11-26 00:00:00,1
2010-11-29 00:00:00,2010-11-29 00:00:00,47.5,2010-11-29 00:00:00,45.5,45.5,10,3900,179550,2010-11-29 00:00:00,1
2010-11-30 00:00:00,2010-11-30 00:00:00,48,2010-11-30 00:00:00,46.5,47.3,24,11700,553220,2010-11-30 00:00:00,1
2010-12-01 00:00:00,2010-12-01 00:00:00,50.9,2010-12-01 00:00:00,47.5,49.2,105,98100,4858630,2010-12-01 00:00:00,1
2010-12-02 00:00:00,2010-12-02 00:00:00,50,2010-12-02 00:00:00,47,48,58,38400,1905020,2010-12-02 00:00:00,1
2010-12-03 00:00:00,2010-12-03 00:00:00,48,2010-12-03 00:00:00,46.5,47.4,23,11800,557620,2010-12-03 00:00:00,1
2010-12-06 00:00:00,2010-12-06 00:00:00,47,2010-12-06 00:00:00,45.6,46.3,6,3500,162010,2010-12-06 00:00:00,1
2010-12-07 00:00:00,2010-12-07 00:00:00,47.9,2010-12-07 00:00:00,46,46,9,4100,189550,2010-12-07 00:00:00,1
2010-12-08 00:00:00,2010-12-08 00:00:00,46.9,2010-12-08 00:00:00,45.7,45.7,18,5900,272090,2010-12-08 00:00:00,1
2010-12-09 00:00:00,2010-12-09 00:00:00,47,2010-12-09 00:00:00,45,46.6,37,30600,1420230,2010-12-09 00:00:00,1
2010-12-10 00:00:00,2010-12-10 00:00:00,48,2010-12-10 00:00:00,47,47,2,200,9500,2010-12-10 00:00:00,1
2010-12-13 00:00:00,2010-12-13 00:00:00,47.1,2010-12-13 00:00:00,46,46.6,25,12600,588590,2010-12-13 00:00:00,1
2010-12-14 00:00:00,2010-12-14 00:00:00,47.4,2010-12-14 00:00:00,46.4,47,16,13200,620280,2010-12-14 00:00:00,1
2010-12-15 00:00:00,2010-12-15 00:00:00,46.5,2010-12-15 00:00:00,45.6,46,11,4400,202310,2010-12-15 00:00:00,1
2010-12-16 00:00:00,2010-12-16 00:00:00,47,2010-12-16 00:00:00,45.6,46.5,25,16100,754660,2010-12-16 00:00:00,1
2010-12-17 00:00:00,2010-12-17 00:00:00,47,2010-12-17 00:00:00,46.5,47,10,16400,770600,2010-12-17 00:00:00,1
2010-12-21 00:00:00,2010-12-21 00:00:00,47.5,2010-12-21 00:00:00,45.9,47,4,1900,89340,2010-12-21 00:00:00,1
2010-12-22 00:00:00,2010-12-22 00:00:00,47,2010-12-22 00:00:00,46,46.8,8,2400,112040,2010-12-22 00:00:00,1
2010-12-23 00:00:00,2010-12-23 00:00:00,48.5,2010-12-23 00:00:00,47,48.1,27,17000,811150,2010-12-23 00:00:00,1
2010-12-24 00:00:00,2010-12-24 00:00:00,48,2010-12-24 00:00:00,47,47.8,6,6300,301200,2010-12-24 00:00:00,1
2010-12-27 00:00:00,2010-12-27 00:00:00,51,2010-12-27 00:00:00,47.3,50.1,107,75800,3792810,2010-12-27 00:00:00,1
2010-12-28 00:00:00,2010-12-28 00:00:00,58,2010-12-28 00:00:00,50,53.6,316,206000,11111900,2010-12-28 00:00:00,1
2010-12-29 00:00:00,2010-12-29 00:00:00,53.5,2010-12-29 00:00:00,52,53.4,68,60300,3160470,2010-12-29 00:00:00,1
2010-12-30 00:00:00,2010-12-30 00:00:00,53.2,2010-12-30 00:00:00,50,52.8,40,22200,1142950,2010-12-30 00:00:00,1
2010-12-31 00:00:00,2010-12-31 00:00:00,53.5,2010-12-31 00:00:00,52,52.5,39,27800,1461620,2010-12-31 00:00:00,1
Company Id :  CDIC,,Security Type :  N,,Sub Type :  0000,,,,,,
Short Name :  CDIC,,,,,,,,,,
Day,Date High,High,Date Low,Low,Closing,No. of Trades,No. of Shares,Turnover,Last Traded,Days Traded
2010-01-04 00:00:00,2010-01-04 00:00:00,150,2010-01-04 00:00:00,150,150,1,100,15000,2010-01-04 00:00:00,1
2010-01-08 00:00:00,2010-01-08 00:00:00,150,2010-01-08 00:00:00,150,150,1,100,15000,2010-01-08 00:00:00,1
2010-01-20 00:00:00,2010-01-20 00:00:00,151.75,2010-01-20 00:00:00,151.75,151.75,1,500,75875,2010-01-20 00:00:00,1
2010-02-11 00:00:00,2010-02-11 00:00:00,150,2010-02-11 00:00:00,145,145,3,700,104000,2010-02-11 00:00:00,1
2010-02-23 00:00:00,2010-02-23 00:00:00,152,2010-02-23 00:00:00,140,148.5,3,1300,190500,2010-02-23 00:00:00,1
2010-03-01 00:00:00,2010-03-01 00:00:00,150,2010-03-01 00:00:00,150,150,1,100,15000,2010-03-01 00:00:00,1
2010-03-02 00:00:00,2010-03-02 00:00:00,146,2010-03-02 00:00:00,145.75,145.75,2,500,72925,2010-03-02 00:00:00,1
2010-03-24 00:00:00,2010-03-24 00:00:00,136,2010-03-24 00:00:00,136,136,1,100,13600,2010-03-24 00:00:00,1
2010-03-31 00:00:00,2010-03-31 00:00:00,137.5,2010-03-31 00:00:00,137.5,137.5,1,2000,275000,2010-03-31 00:00:00,1
2010-04-05 00:00:00,2010-04-05 00:00:00,135,2010-04-05 00:00:00,135,135,1,3000,405000,2010-04-05 00:00:00,1
2010-04-27 00:00:00,2010-04-27 00:00:00,135.25,2010-04-27 00:00:00,135,135,2,5900,796750,2010-04-27 00:00:00,1
2010-04-29 00:00:00,2010-04-29 00:00:00,135.5,2010-04-29 00:00:00,135.25,135.25,2,500,67675,2010-04-29 00:00:00,1
2010-05-03 00:00:00,2010-05-03 00:00:00,139.5,2010-05-03 00:00:00,137,137.5,8,6700,921750,2010-05-03 00:00:00,1
2010-05-05 00:00:00,2010-05-05 00:00:00,135.25,2010-05-05 00:00:00,135.25,135.25,1,100,13525,2010-05-05 00:00:00,1
2010-05-06 00:00:00,2010-05-06 00:00:00,134.25,2010-05-06 00:00:00,134.25,134.25,1,100,13425,2010-05-06 00:00:00,1
2010-05-07 00:00:00,2010-05-07 00:00:00,134.5,2010-05-07 00:00:00,134.5,134.5,1,100,13450,2010-05-07 00:00:00,1
2010-05-11 00:00:00,2010-05-11 00:00:00,136,2010-05-11 00:00:00,134.5,136,4,8600,1157150,2010-05-11 00:00:00,1
2010-05-14 00:00:00,2010-05-14 00:00:00,136,2010-05-14 00:00:00,135.5,136,3,6100,829300,2010-05-14 00:00:00,1
2010-05-26 00:00:00,2010-05-26 00:00:00,130,2010-05-26 00:00:00,130,130,1,300,39000,2010-05-26 00:00:00,1
2010-06-22 00:00:00,2010-06-22 00:00:00,130.5,2010-06-22 00:00:00,130.5,130.5,1,300,39150,2010-06-22 00:00:00,1
2010-06-28 00:00:00,2010-06-28 00:00:00,130.75,2010-06-28 00:00:00,130.5,130.5,3,4300,561375,2010-06-28 00:00:00,1
2010-07-06 00:00:00,2010-07-06 00:00:00,135,2010-07-06 00:00:00,135,135,1,100,13500,2010-07-06 00:00:00,1
2010-07-07 00:00:00,2010-07-07 00:00:00,135,2010-07-07 00:00:00,135,135,1,100,13500,2010-07-07 00:00:00,1
2010-07-19 00:00:00,2010-07-19 00:00:00,131.25,2010-07-19 00:00:00,131.25,131.25,1,1700,223125,2010-07-19 00:00:00,1
2010-07-20 00:00:00,2010-07-20 00:00:00,131.25,2010-07-20 00:00:00,131.25,131.25,1,2000,262500,2010-07-20 00:00:00,1
2010-07-26 00:00:00,2010-07-26 00:00:00,133,2010-07-26 00:00:00,132.25,132.5,4,6900,914100,2010-07-26 00:00:00,1
2010-07-27 00:00:00,2010-07-27 00:00:00,132.5,2010-07-27 00:00:00,132.5,132.5,3,1000,132500,2010-07-27 00:00:00,1
2010-07-29 00:00:00,2010-07-29 00:00:00,133,2010-07-29 00:00:00,133,133,1,300,39900,2010-07-29 00:00:00,1
2010-07-30 00:00:00,2010-07-30 00:00:00,135.25,2010-07-30 00:00:00,135.25,135.25,1,100,13525,2010-07-30 00:00:00,1
2010-08-30 00:00:00,2010-08-30 00:00:00,135,2010-08-30 00:00:00,125,130,2,200,26000,2010-08-30 00:00:00,1
2010-09-03 00:00:00,2010-09-03 00:00:00,140,2010-09-03 00:00:00,140,140,1,500,70000,2010-09-03 00:00:00,1
2010-09-08 00:00:00,2010-09-08 00:00:00,154,2010-09-08 00:00:00,148,148,4,600,91800,2010-09-08 00:00:00,1
2010-09-09 00:00:00,2010-09-09 00:00:00,162.8,2010-09-09 00:00:00,155,156.2,7,1500,240700,2010-09-09 00:00:00,1
2010-09-13 00:00:00,2010-09-13 00:00:00,164,2010-09-13 00:00:00,164,164,1,200,32800,2010-09-13 00:00:00,1
2010-09-14 00:00:00,2010-09-14 00:00:00,172.2,2010-09-14 00:00:00,172.2,172.2,1,200,34440,2010-09-14 00:00:00,1
2010-09-15 00:00:00,2010-09-15 00:00:00,178,2010-09-15 00:00:00,160,160,5,500,81810,2010-09-15 00:00:00,1
2010-09-16 00:00:00,2010-09-16 00:00:00,170,2010-09-16 00:00:00,170,170,1,100,17000,2010-09-16 00:00:00,1
2010-09-17 00:00:00,2010-09-17 00:00:00,180.2,2010-09-17 00:00:00,180.2,180.2,2,200,36040,2010-09-17 00:00:00,1
2010-09-20 00:00:00,2010-09-20 00:00:00,199.9,2010-09-20 00:00:00,190,193.3,2,300,57990,2010-09-20 00:00:00,1
2010-09-21 00:00:00,2010-09-21 00:00:00,200,2010-09-21 00:00:00,190,192.5,2,400,77000,2010-09-21 00:00:00,1
2010-09-23 00:00:00,2010-09-23 00:00:00,200,2010-09-23 00:00:00,170,170,3,700,122000,2010-09-23 00:00:00,1
2010-09-24 00:00:00,2010-09-24 00:00:00,175,2010-09-24 00:00:00,170,170.3,6,2000,340500,2010-09-24 00:00:00,1
2010-10-05 00:00:00,2010-10-05 00:00:00,140,2010-10-05 00:00:00,140,140,1,100,14000,2010-10-05 00:00:00,1
2010-10-06 00:00:00,2010-10-06 00:00:00,145,2010-10-06 00:00:00,144,144.8,5,800,115720,2010-10-06 00:00:00,1
2010-10-11 00:00:00,2010-10-11 00:00:00,144.8,2010-10-11 00:00:00,144.8,144.8,2,200,28960,2010-10-11 00:00:00,1
2010-10-12 00:00:00,2010-10-12 00:00:00,144.8,2010-10-12 00:00:00,140,141,2,500,70480,2010-10-12 00:00:00,1
2010-10-13 00:00:00,2010-10-13 00:00:00,136,2010-10-13 00:00:00,136,136,2,2600,353600,2010-10-13 00:00:00,1
2010-10-15 00:00:00,2010-10-15 00:00:00,138,2010-10-15 00:00:00,138,138,1,200,27600,2010-10-15 00:00:00,1
2010-10-19 00:00:00,2010-10-19 00:00:00,150,2010-10-19 00:00:00,150,150,1,100,15000,2010-10-19 00:00:00,1
2010-10-27 00:00:00,2010-10-27 00:00:00,169,2010-10-27 00:00:00,169,169,1,100,16900,2010-10-27 00:00:00,1
2010-10-28 00:00:00,2010-10-28 00:00:00,169,2010-10-28 00:00:00,169,169,1,100,16900,2010-10-28 00:00:00,1
2010-11-22 00:00:00,2010-11-22 00:00:00,130,2010-11-22 00:00:00,130,130,1,100,13000,2010-11-22 00:00:00,1
2010-11-23 00:00:00,2010-11-23 00:00:00,135,2010-11-23 00:00:00,135,135,1,200,27000,2010-11-23 00:00:00,1
2010-11-26 00:00:00,2010-11-26 00:00:00,135,2010-11-26 00:00:00,135,135,1,1000,135000,2010-11-26 00:00:00,1
2010-11-29 00:00:00,2010-11-29 00:00:00,130,2010-11-29 00:00:00,130,130,1,100,13000,2010-11-29 00:00:00,1
2010-12-14 00:00:00,2010-12-14 00:00:00,131.1,2010-12-14 00:00:00,131.1,131.1,1,100,13110,2010-12-14 00:00:00,1
Company Id :  CERA,,Security Type :  N,,Sub Type :  0000,,,,,,
Short Name :  LANKA CERAMIC,,,,,,,,,,
Day,Date High,High,Date Low,Low,Closing,No. of Trades,No. of Shares,Turnover,Last Traded,Days Traded
2010-01-04 00:00:00,2010-01-04 00:00:00,49.5,2010-01-04 00:00:00,49.5,49.5,3,1000,49500,2010-01-04 00:00:00,1
2010-01-05 00:00:00,2010-01-05 00:00:00,48.75,2010-01-05 00:00:00,48,48.5,11,6700,323250,2010-01-05 00:00:00,1
2010-01-06 00:00:00,2010-01-06 00:00:00,47,2010-01-06 00:00:00,47,47,1,1000,47000,2010-01-06 00:00:00,1
2010-01-07 00:00:00,2010-01-07 00:00:00,47,2010-01-07 00:00:00,46,47,7,3600,168650,2010-01-07 00:00:00,1
2010-01-08 00:00:00,2010-01-08 00:00:00,48.5,2010-01-08 00:00:00,47.75,48,4,6000,288625,2010-01-08 00:00:00,1
2010-01-11 00:00:00,2010-01-11 00:00:00,49,2010-01-11 00:00:00,47,47,14,16600,781325,2010-01-11 00:00:00,1
2010-01-12 00:00:00,2010-01-12 00:00:00,47,2010-01-12 00:00:00,47,47,7,8200,385400,2010-01-12 00:00:00,1
2010-01-13 00:00:00,2010-01-13 00:00:00,47,2010-01-13 00:00:00,47,47,6,4600,216200,2010-01-13 00:00:00,1
2010-01-15 00:00:00,2010-01-15 00:00:00,45.75,2010-01-15 00:00:00,45.5,45.5,6,2700,123100,2010-01-15 00:00:00,1
2010-01-18 00:00:00,2010-01-18 00:00:00,45.5,2010-01-18 00:00:00,45.5,45.5,3,600,27300,2010-01-18 00:00:00,1
2010-01-19 00:00:00,2010-01-19 00:00:00,47.5,2010-01-19 00:00:00,45,47.5,6,1200,54450,2010-01-19 00:00:00,1
2010-01-20 00:00:00,2010-01-20 00:00:00,46.75,2010-01-20 00:00:00,45,46.5,11,8400,381900,2010-01-20 00:00:00,1
2010-01-22 00:00:00,2010-01-22 00:00:00,46.75,2010-01-22 00:00:00,46.5,46.75,2,2200,102825,2010-01-22 00:00:00,1
2010-01-25 00:00:00,2010-01-25 00:00:00,47,2010-01-25 00:00:00,47,47,3,900,42300,2010-01-25 00:00:00,1
2010-01-26 00:00:00,2010-01-26 00:00:00,47,2010-01-26 00:00:00,47,47,5,4400,206800,2010-01-26 00:00:00,1
2010-01-28 00:00:00,2010-01-28 00:00:00,47.75,2010-01-28 00:00:00,47,47,6,6900,327375,2010-01-28 00:00:00,1
2010-02-01 00:00:00,2010-02-01 00:00:00,47.25,2010-02-01 00:00:00,47,47,6,1900,89350,2010-02-01 00:00:00,1
2010-02-02 00:00:00,2010-02-02 00:00:00,47.75,2010-02-02 00:00:00,47.75,47.75,1,2000,95500,2010-02-02 00:00:00,1
2010-02-03 00:00:00,2010-02-03 00:00:00,53,2010-02-03 00:00:00,48.25,50,76,155600,7811725,2010-02-03 00:00:00,1
2010-02-05 00:00:00,2010-02-05 00:00:00,51,2010-02-05 00:00:00,51,51,2,2100,107100,2010-02-05 00:00:00,1
2010-02-08 00:00:00,2010-02-08 00:00:00,54,2010-02-08 00:00:00,50,52.5,31,18800,990900,2010-02-08 00:00:00,1
2010-02-09 00:00:00,2010-02-09 00:00:00,51,2010-02-09 00:00:00,50,50.75,14,4700,236250,2010-02-09 00:00:00,1
2010-02-10 00:00:00,2010-02-10 00:00:00,51,2010-02-10 00:00:00,47.25,49.25,18,14500,716475,2010-02-10 00:00:00,1
2010-02-11 00:00:00,2010-02-11 00:00:00,49.5,2010-02-11 00:00:00,48.5,48.5,8,5100,249750,2010-02-11 00:00:00,1
2010-02-12 00:00:00,2010-02-12 00:00:00,49.5,2010-02-12 00:00:00,48,48,7,3300,158950,2010-02-12 00:00:00,1
2010-02-15 00:00:00,2010-02-15 00:00:00,49,2010-02-15 00:00:00,48,48.5,8,3200,155300,2010-02-15 00:00:00,1
2010-02-16 00:00:00,2010-02-16 00:00:00,53.75,2010-02-16 00:00:00,50,50.25,46,49500,2564450,2010-02-16 00:00:00,1
2010-02-17 00:00:00,2010-02-17 00:00:00,51,2010-02-17 00:00:00,49,50.75,6,14600,739975,2010-02-17 00:00:00,1
2010-02-18 00:00:00,2010-02-18 00:00:00,63,2010-02-18 00:00:00,51,60.25,435,579800,33008525,2010-02-18 00:00:00,1
2010-02-19 00:00:00,2010-02-19 00:00:00,63,2010-02-19 00:00:00,58,59,159,216000,13020525,2010-02-19 00:00:00,1
2010-02-22 00:00:00,2010-02-22 00:00:00,62.75,2010-02-22 00:00:00,60,61.25,84,69600,4283175,2010-02-22 00:00:00,1
2010-02-23 00:00:00,2010-02-23 00:00:00,61,2010-02-23 00:00:00,59.5,59.75,23,26000,1566500,2010-02-23 00:00:00,1
2010-02-24 00:00:00,2010-02-24 00:00:00,60,2010-02-24 00:00:00,59,59.25,20,11700,691000,2010-02-24 00:00:00,1
2010-02-25 00:00:00,2010-02-25 00:00:00,61.5,2010-02-25 00:00:00,59,61,56,44800,2720675,2010-02-25 00:00:00,1
2010-02-26 00:00:00,2010-02-26 00:00:00,61.5,2010-02-26 00:00:00,61.5,61.5,6,3800,233700,2010-02-26 00:00:00,1
2010-03-01 00:00:00,2010-03-01 00:00:00,72,2010-03-01 00:00:00,61,71.25,631,668200,45226300,2010-03-01 00:00:00,1
2010-03-02 00:00:00,2010-03-02 00:00:00,79,2010-03-02 00:00:00,70,76.75,616,628900,47344075,2010-03-02 00:00:00,1
2010-03-03 00:00:00,2010-03-03 00:00:00,76.5,2010-03-03 00:00:00,70.75,72.5,79,112100,8278375,2010-03-03 00:00:00,1
2010-03-04 00:00:00,2010-03-04 00:00:00,72.25,2010-03-04 00:00:00,70.5,72,62,52500,3756500,2010-03-04 00:00:00,1
2010-03-05 00:00:00,2010-03-05 00:00:00,73.25,2010-03-05 00:00:00,72.5,72.75,33,30200,2204400,2010-03-05 00:00:00,1
2010-03-08 00:00:00,2010-03-08 00:00:00,71,2010-03-08 00:00:00,70,70.25,21,8900,625800,2010-03-08 00:00:00,1
2010-03-09 00:00:00,2010-03-09 00:00:00,70,2010-03-09 00:00:00,68.5,69,9,7900,545850,2010-03-09 00:00:00,1
2010-03-10 00:00:00,2010-03-10 00:00:00,70,2010-03-10 00:00:00,68,69.25,25,15300,1061350,2010-03-10 00:00:00,1
2010-03-11 00:00:00,2010-03-11 00:00:00,70,2010-03-11 00:00:00,69,70,17,24200,1690275,2010-03-11 00:00:00,1
2010-03-12 00:00:00,2010-03-12 00:00:00,71,2010-03-12 00:00:00,70,70.25,16,15800,1121000,2010-03-12 00:00:00,1
2010-03-15 00:00:00,2010-03-15 00:00:00,70.25,2010-03-15 00:00:00,69,69.5,10,9700,673775,2010-03-15 00:00:00,1
2010-03-16 00:00:00,2010-03-16 00:00:00,74.5,2010-03-16 00:00:00,74.5,74.5,2,2400,178800,2010-03-16 00:00:00,1
2010-03-17 00:00:00,2010-03-17 00:00:00,73,2010-03-17 00:00:00,70,70,10,21800,1533300,2010-03-17 00:00:00,1
2010-03-18 00:00:00,2010-03-18 00:00:00,68.5,2010-03-18 00:00:00,66,66.5,9,2300,153650,2010-03-18 00:00:00,1
2010-03-19 00:00:00,2010-03-19 00:00:00,66.75,2010-03-19 00:00:00,66.75,66.75,1,600,40050,2010-03-19 00:00:00,1
2010-03-22 00:00:00,2010-03-22 00:00:00,67.5,2010-03-22 00:00:00,66.5,67.25,7,6500,436150,2010-03-22 00:00:00,1
2010-03-23 00:00:00,2010-03-23 00:00:00,68,2010-03-23 00:00:00,66,66.25,12,3300,221575,2010-03-23 00:00:00,1
2010-03-24 00:00:00,2010-03-24 00:00:00,67.25,2010-03-24 00:00:00,67.25,67.25,10,25300,1701425,2010-03-24 00:00:00,1
2010-03-25 00:00:00,2010-03-25 00:00:00,68,2010-03-25 00:00:00,67.5,68,4,900,61075,2010-03-25 00:00:00,1
2010-03-26 00:00:00,2010-03-26 00:00:00,68,2010-03-26 00:00:00,68,68,2,200,13600,2010-03-26 00:00:00,1
2010-03-30 00:00:00,2010-03-30 00:00:00,69,2010-03-30 00:00:00,67.5,67.5,2,5100,344400,2010-03-30 00:00:00,1
2010-03-31 00:00:00,2010-03-31 00:00:00,67.25,2010-03-31 00:00:00,66.5,66.75,4,1300,86850,2010-03-31 00:00:00,1
2010-04-01 00:00:00,2010-04-01 00:00:00,67,2010-04-01 00:00:00,66.5,67,7,14900,996700,2010-04-01 00:00:00,1
2010-04-05 00:00:00,2010-04-05 00:00:00,67,2010-04-05 00:00:00,66,66.75,9,24100,1605925,2010-04-05 00:00:00,1
2010-04-06 00:00:00,2010-04-06 00:00:00,71.5,2010-04-06 00:00:00,66.5,70,10,4100,280250,2010-04-06 00:00:00,1
2010-04-07 00:00:00,2010-04-07 00:00:00,69,2010-04-07 00:00:00,66.5,66.5,7,11200,760300,2010-04-07 00:00:00,1
2010-04-08 00:00:00,2010-04-08 00:00:00,69,2010-04-08 00:00:00,67,67,29,55000,3690125,2010-04-08 00:00:00,1
2010-04-12 00:00:00,2010-04-12 00:00:00,67,2010-04-12 00:00:00,66,67,8,12100,809650,2010-04-12 00:00:00,1
2010-04-15 00:00:00,2010-04-15 00:00:00,67.25,2010-04-15 00:00:00,67,67,13,60800,4073675,2010-04-15 00:00:00,1
2010-04-16 00:00:00,2010-04-16 00:00:00,68.25,2010-04-16 00:00:00,67,68.25,10,87700,5907150,2010-04-16 00:00:00,1
2010-04-19 00:00:00,2010-04-19 00:00:00,73.5,2010-04-19 00:00:00,67.75,72.5,50,71700,5134275,2010-04-19 00:00:00,1
2010-04-20 00:00:00,2010-04-20 00:00:00,72.75,2010-04-20 00:00:00,70.25,70.75,21,22300,1585350,2010-04-20 00:00:00,1
2010-04-21 00:00:00,2010-04-21 00:00:00,72,2010-04-21 00:00:00,70.25,71.25,21,40300,2887375,2010-04-21 00:00:00,1
2010-04-22 00:00:00,2010-04-22 00:00:00,74,2010-04-22 00:00:00,71.25,73,70,152400,11038525,2010-04-22 00:00:00,1
2010-04-23 00:00:00,2010-04-23 00:00:00,75,2010-04-23 00:00:00,73.75,74,23,14700,1092725,2010-04-23 00:00:00,1
2010-04-26 00:00:00,2010-04-26 00:00:00,79,2010-04-26 00:00:00,73.75,77.25,131,227600,17443500,2010-04-26 00:00:00,1
2010-04-27 00:00:00,2010-04-27 00:00:00,77.75,2010-04-27 00:00:00,76.5,77,27,54100,4168325,2010-04-27 00:00:00,1
2010-04-29 00:00:00,2010-04-29 00:00:00,76.5,2010-04-29 00:00:00,74,74,4,6200,460750,2010-04-29 00:00:00,1
2010-04-30 00:00:00,2010-04-30 00:00:00,76,2010-04-30 00:00:00,72,72,5,3000,223200,2010-04-30 00:00:00,1
2010-05-03 00:00:00,2010-05-03 00:00:00,75.5,2010-05-03 00:00:00,72,74.5,12,3600,268100,2010-05-03 00:00:00,1
2010-05-04 00:00:00,2010-05-04 00:00:00,74.5,2010-05-04 00:00:00,70,71.5,4,1500,107175,2010-05-04 00:00:00,1
2010-05-05 00:00:00,2010-05-05 00:00:00,72,2010-05-05 00:00:00,71.75,71.75,3,1800,129400,2010-05-05 00:00:00,1
2010-05-06 00:00:00,2010-05-06 00:00:00,72,2010-05-06 00:00:00,69,69.75,23,40100,2835775,2010-05-06 00:00:00,1
2010-05-07 00:00:00,2010-05-07 00:00:00,70.25,2010-05-07 00:00:00,69.5,70.25,7,3400,238150,2010-05-07 00:00:00,1
2010-05-10 00:00:00,2010-05-10 00:00:00,72.75,2010-05-10 00:00:00,69.5,70,14,11200,794125,2010-05-10 00:00:00,1
2010-05-11 00:00:00,2010-05-11 00:00:00,70.25,2010-05-11 00:00:00,69.25,69.75,17,11000,767725,2010-05-11 00:00:00,1
2010-05-12 00:00:00,2010-05-12 00:00:00,70,2010-05-12 00:00:00,70,70,4,2800,196000,2010-05-12 00:00:00,1
2010-05-13 00:00:00,2010-05-13 00:00:00,71.75,2010-05-13 00:00:00,70,70,4,9300,662375,2010-05-13 00:00:00,1
2010-05-14 00:00:00,2010-05-14 00:00:00,72,2010-05-14 00:00:00,70,70,10,14500,1015200,2010-05-14 00:00:00,1
2010-05-17 00:00:00,2010-05-17 00:00:00,69.75,2010-05-17 00:00:00,69,69.5,4,500,34775,2010-05-17 00:00:00,1
2010-05-18 00:00:00,2010-05-18 00:00:00,67,2010-05-18 00:00:00,67,67,2,1000,67000,2010-05-18 00:00:00,1
2010-05-19 00:00:00,2010-05-19 00:00:00,67.5,2010-05-19 00:00:00,65,65.5,15,17200,1128650,2010-05-19 00:00:00,1
2010-05-20 00:00:00,2010-05-20 00:00:00,69,2010-05-20 00:00:00,66.5,68,14,11000,743825,2010-05-20 00:00:00,1
2010-05-21 00:00:00,2010-05-21 00:00:00,65,2010-05-21 00:00:00,63.75,65,6,2600,168125,2010-05-21 00:00:00,1
2010-05-24 00:00:00,2010-05-24 00:00:00,65.25,2010-05-24 00:00:00,65,65.25,3,1500,97625,2010-05-24 00:00:00,1
2010-05-25 00:00:00,2010-05-25 00:00:00,65,2010-05-25 00:00:00,65,65,3,400,26000,2010-05-25 00:00:00,1
2010-05-26 00:00:00,2010-05-26 00:00:00,66.5,2010-05-26 00:00:00,65,65.5,4,8000,522500,2010-05-26 00:00:00,1
2010-05-31 00:00:00,2010-05-31 00:00:00,69,2010-05-31 00:00:00,67,69,14,22100,1500050,2010-05-31 00:00:00,1
2010-06-01 00:00:00,2010-06-01 00:00:00,72.75,2010-06-01 00:00:00,70,70.25,11,5800,409850,2010-06-01 00:00:00,1
2010-06-02 00:00:00,2010-06-02 00:00:00,70.5,2010-06-02 00:00:00,70,70.25,19,15500,1087500,2010-06-02 00:00:00,1
2010-06-03 00:00:00,2010-06-03 00:00:00,75.25,2010-06-03 00:00:00,70.25,75,158,227900,17027925,2010-06-03 00:00:00,1
2010-06-04 00:00:00,2010-06-04 00:00:00,76,2010-06-04 00:00:00,73.75,74,35,54400,4065425,2010-06-04 00:00:00,1
2010-06-07 00:00:00,2010-06-07 00:00:00,74.5,2010-06-07 00:00:00,73,74.25,47,75900,5631825,2010-06-07 00:00:00,1
2010-06-08 00:00:00,2010-06-08 00:00:00,75.5,2010-06-08 00:00:00,73,74.25,36,79100,5907550,2010-06-08 00:00:00,1
2010-06-09 00:00:00,2010-06-09 00:00:00,78,2010-06-09 00:00:00,74.5,77.25,112,130100,9963175,2010-06-09 00:00:00,1
2010-06-10 00:00:00,2010-06-10 00:00:00,78.25,2010-06-10 00:00:00,76,77.25,83,93800,7274925,2010-06-10 00:00:00,1
2010-06-11 00:00:00,2010-06-11 00:00:00,82,2010-06-11 00:00:00,77,81,202,258100,20707475,2010-06-11 00:00:00,1
2010-06-14 00:00:00,2010-06-14 00:00:00,91.75,2010-06-14 00:00:00,82,90.75,422,572000,49843875,2010-06-14 00:00:00,1
2010-06-15 00:00:00,2010-06-15 00:00:00,94,2010-06-15 00:00:00,87.25,89.25,204,232000,21110750,2010-06-15 00:00:00,1
2010-06-16 00:00:00,2010-06-16 00:00:00,89.5,2010-06-16 00:00:00,87,87.75,44,28200,2490325,2010-06-16 00:00:00,1
2010-06-17 00:00:00,2010-06-17 00:00:00,89,2010-06-17 00:00:00,87,88,41,43000,3785500,2010-06-17 00:00:00,1
2010-06-21 00:00:00,2010-06-21 00:00:00,88.5,2010-06-21 00:00:00,85,85.5,22,36100,3123375,2010-06-21 00:00:00,1
2010-06-22 00:00:00,2010-06-22 00:00:00,92,2010-06-22 00:00:00,85.75,90.75,129,178400,16074000,2010-06-22 00:00:00,1
2010-06-23 00:00:00,2010-06-23 00:00:00,92,2010-06-23 00:00:00,88,88,13,13700,1207550,2010-06-23 00:00:00,1
2010-06-24 00:00:00,2010-06-24 00:00:00,88.5,2010-06-24 00:00:00,86,87.5,8,10500,919500,2010-06-24 00:00:00,1
2010-06-28 00:00:00,2010-06-28 00:00:00,88.75,2010-06-28 00:00:00,84.25,84.25,19,11500,986475,2010-06-28 00:00:00,1
2010-06-29 00:00:00,2010-06-29 00:00:00,85,2010-06-29 00:00:00,85,85,2,3200,272000,2010-06-29 00:00:00,1
2010-06-30 00:00:00,2010-06-30 00:00:00,86.25,2010-06-30 00:00:00,85.75,86,19,15900,1367475,2010-06-30 00:00:00,1
2010-07-01 00:00:00,2010-07-01 00:00:00,86.75,2010-07-01 00:00:00,86,86,10,4900,422200,2010-07-01 00:00:00,1
2010-07-02 00:00:00,2010-07-02 00:00:00,85.25,2010-07-02 00:00:00,84,85,19,15400,1308725,2010-07-02 00:00:00,1
2010-07-05 00:00:00,2010-07-05 00:00:00,88,2010-07-05 00:00:00,84,87.75,34,87100,7610925,2010-07-05 00:00:00,1
2010-07-06 00:00:00,2010-07-06 00:00:00,87.75,2010-07-06 00:00:00,85,85,5,5000,437350,2010-07-06 00:00:00,1
2010-07-07 00:00:00,2010-07-07 00:00:00,85,2010-07-07 00:00:00,82,82,14,5400,452400,2010-07-07 00:00:00,1
2010-07-08 00:00:00,2010-07-08 00:00:00,83.5,2010-07-08 00:00:00,80,83,11,7700,623275,2010-07-08 00:00:00,1
2010-07-09 00:00:00,2010-07-09 00:00:00,84,2010-07-09 00:00:00,81,83,23,25300,2097500,2010-07-09 00:00:00,1
2010-07-12 00:00:00,2010-07-12 00:00:00,85,2010-07-12 00:00:00,83,84,14,30500,2553725,2010-07-12 00:00:00,1
2010-07-13 00:00:00,2010-07-13 00:00:00,85,2010-07-13 00:00:00,84,85,5,2400,203900,2010-07-13 00:00:00,1
2010-07-14 00:00:00,2010-07-14 00:00:00,85.25,2010-07-14 00:00:00,85,85.25,12,53100,4513650,2010-07-14 00:00:00,1
2010-07-15 00:00:00,2010-07-15 00:00:00,85.25,2010-07-15 00:00:00,84,85,10,3100,263625,2010-07-15 00:00:00,1
2010-07-16 00:00:00,2010-07-16 00:00:00,85,2010-07-16 00:00:00,84,84,8,5400,454450,2010-07-16 00:00:00,1
2010-07-19 00:00:00,2010-07-19 00:00:00,85,2010-07-19 00:00:00,83.5,83.75,9,2600,219200,2010-07-19 00:00:00,1
2010-07-20 00:00:00,2010-07-20 00:00:00,85,2010-07-20 00:00:00,83.25,84,7,4800,403300,2010-07-20 00:00:00,1
2010-07-21 00:00:00,2010-07-21 00:00:00,85,2010-07-21 00:00:00,83,85,32,27500,2308700,2010-07-21 00:00:00,1
2010-07-22 00:00:00,2010-07-22 00:00:00,85.25,2010-07-22 00:00:00,85,85,7,13900,1181625,2010-07-22 00:00:00,1
2010-07-26 00:00:00,2010-07-26 00:00:00,85,2010-07-26 00:00:00,83.25,84,17,18700,1575300,2010-07-26 00:00:00,1
2010-07-27 00:00:00,2010-07-27 00:00:00,87,2010-07-27 00:00:00,84,85.5,28,37800,3196425,2010-07-27 00:00:00,1
2010-07-28 00:00:00,2010-07-28 00:00:00,100,2010-07-28 00:00:00,88,94.25,287,323400,31065750,2010-07-28 00:00:00,1
2010-07-29 00:00:00,2010-07-29 00:00:00,97,2010-07-29 00:00:00,90,90.5,65,116700,10847325,2010-07-29 00:00:00,1
2010-07-30 00:00:00,2010-07-30 00:00:00,91.75,2010-07-30 00:00:00,88,89.25,27,26800,2417700,2010-07-30 00:00:00,1
2010-08-02 00:00:00,2010-08-02 00:00:00,90.5,2010-08-02 00:00:00,89,89.1,22,15100,1353490,2010-08-02 00:00:00,1
2010-08-03 00:00:00,2010-08-03 00:00:00,90,2010-08-03 00:00:00,85,85,21,20200,1786980,2010-08-03 00:00:00,1
2010-08-04 00:00:00,2010-08-04 00:00:00,89,2010-08-04 00:00:00,85,87.5,10,2100,182690,2010-08-04 00:00:00,1
2010-08-05 00:00:00,2010-08-05 00:00:00,88,2010-08-05 00:00:00,80.2,85.8,9,3600,300250,2010-08-05 00:00:00,1
2010-08-06 00:00:00,2010-08-06 00:00:00,83,2010-08-06 00:00:00,81.8,82,24,13200,1082650,2010-08-06 00:00:00,1
2010-08-09 00:00:00,2010-08-09 00:00:00,82,2010-08-09 00:00:00,73.8,81.8,25,14400,1129570,2010-08-09 00:00:00,1
2010-08-10 00:00:00,2010-08-10 00:00:00,88.5,2010-08-10 00:00:00,74,87.9,25,19900,1579490,2010-08-10 00:00:00,1
2010-08-11 00:00:00,2010-08-11 00:00:00,88.2,2010-08-11 00:00:00,85,86.3,9,5200,453640,2010-08-11 00:00:00,1
2010-08-12 00:00:00,2010-08-12 00:00:00,84.5,2010-08-12 00:00:00,84.5,84.5,2,500,42250,2010-08-12 00:00:00,1
2010-08-13 00:00:00,2010-08-13 00:00:00,86,2010-08-13 00:00:00,83,83,28,28200,2396760,2010-08-13 00:00:00,1
2010-08-16 00:00:00,2010-08-16 00:00:00,84.5,2010-08-16 00:00:00,80.1,81.5,19,10000,822470,2010-08-16 00:00:00,1
2010-08-17 00:00:00,2010-08-17 00:00:00,81.8,2010-08-17 00:00:00,78,78.2,24,12500,998990,2010-08-17 00:00:00,1
2010-08-18 00:00:00,2010-08-18 00:00:00,80,2010-08-18 00:00:00,76.5,79.2,33,23200,1810330,2010-08-18 00:00:00,1
2010-08-19 00:00:00,2010-08-19 00:00:00,83,2010-08-19 00:00:00,81,82.5,9,11700,969650,2010-08-19 00:00:00,1
2010-08-20 00:00:00,2010-08-20 00:00:00,83,2010-08-20 00:00:00,81,81.1,10,19800,1608570,2010-08-20 00:00:00,1
2010-08-23 00:00:00,2010-08-23 00:00:00,82.5,2010-08-23 00:00:00,81,81.1,8,5800,470450,2010-08-23 00:00:00,1
2010-08-25 00:00:00,2010-08-25 00:00:00,82,2010-08-25 00:00:00,80,80.9,15,8000,645880,2010-08-25 00:00:00,1
2010-08-26 00:00:00,2010-08-26 00:00:00,81,2010-08-26 00:00:00,79.6,79.7,14,10500,840180,2010-08-26 00:00:00,1
2010-08-27 00:00:00,2010-08-27 00:00:00,82,2010-08-27 00:00:00,81.5,82,7,5000,409900,2010-08-27 00:00:00,1
2010-08-30 00:00:00,2010-08-30 00:00:00,83,2010-08-30 00:00:00,79.9,82.9,21,13600,1123600,2010-08-30 00:00:00,1
2010-08-31 00:00:00,2010-08-31 00:00:00,87,2010-08-31 00:00:00,82.5,86.1,22,52300,4382690,2010-08-31 00:00:00,1
2010-09-01 00:00:00,2010-09-01 00:00:00,88,2010-09-01 00:00:00,82.1,85,22,38600,3212390,2010-09-01 00:00:00,1
2010-09-02 00:00:00,2010-09-02 00:00:00,93.5,2010-09-02 00:00:00,87.5,91.1,90,135200,12325390,2010-09-02 00:00:00,1
2010-09-03 00:00:00,2010-09-03 00:00:00,92,2010-09-03 00:00:00,89.9,90.8,32,33500,3055360,2010-09-03 00:00:00,1
2010-09-06 00:00:00,2010-09-06 00:00:00,92,2010-09-06 00:00:00,90,90,15,12200,1118000,2010-09-06 00:00:00,1
2010-09-07 00:00:00,2010-09-07 00:00:00,90,2010-09-07 00:00:00,90,90,12,18400,1656000,2010-09-07 00:00:00,1
2010-09-08 00:00:00,2010-09-08 00:00:00,90,2010-09-08 00:00:00,85,90,8,5400,479200,2010-09-08 00:00:00,1
2010-09-09 00:00:00,2010-09-09 00:00:00,95.2,2010-09-09 00:00:00,90,92,51,42200,3920520,2010-09-09 00:00:00,1
2010-09-13 00:00:00,2010-09-13 00:00:00,95,2010-09-13 00:00:00,92,94.5,16,11900,1126620,2010-09-13 00:00:00,1
2010-09-14 00:00:00,2010-09-14 00:00:00,98,2010-09-14 00:00:00,92.5,95.4,125,223000,21359580,2010-09-14 00:00:00,1
2010-09-15 00:00:00,2010-09-15 00:00:00,99,2010-09-15 00:00:00,94,96.1,27,29800,2861750,2010-09-15 00:00:00,1
2010-09-16 00:00:00,2010-09-16 00:00:00,100,2010-09-16 00:00:00,95.5,96,11,7000,679500,2010-09-16 00:00:00,1
2010-09-17 00:00:00,2010-09-17 00:00:00,99,2010-09-17 00:00:00,93,94,13,8400,785630,2010-09-17 00:00:00,1
2010-09-20 00:00:00,2010-09-20 00:00:00,95,2010-09-20 00:00:00,90.1,91.6,25,39100,3638220,2010-09-20 00:00:00,1
2010-09-21 00:00:00,2010-09-21 00:00:00,105,2010-09-21 00:00:00,90.1,102.2,110,139800,14302190,2010-09-21 00:00:00,1
2010-09-23 00:00:00,2010-09-23 00:00:00,108,2010-09-23 00:00:00,98,101.8,44,22400,2314660,2010-09-23 00:00:00,1
2010-09-24 00:00:00,2010-09-24 00:00:00,100.1,2010-09-24 00:00:00,96,100,17,11100,1085800,2010-09-24 00:00:00,1
2010-09-27 00:00:00,2010-09-27 00:00:00,100,2010-09-27 00:00:00,97,98,14,15800,1549250,2010-09-27 00:00:00,1
2010-09-28 00:00:00,2010-09-28 00:00:00,100,2010-09-28 00:00:00,94,97,16,6100,586000,2010-09-28 00:00:00,1
2010-09-29 00:00:00,2010-09-29 00:00:00,98.9,2010-09-29 00:00:00,96,97.9,3,1200,117490,2010-09-29 00:00:00,1
2010-09-30 00:00:00,2010-09-30 00:00:00,99,2010-09-30 00:00:00,97,97,9,3900,379900,2010-09-30 00:00:00,1
2010-10-01 00:00:00,2010-10-01 00:00:00,99,2010-10-01 00:00:00,97,97,3,1200,118400,2010-10-01 00:00:00,1
2010-10-04 00:00:00,2010-10-04 00:00:00,96,2010-10-04 00:00:00,92.6,93.1,13,10400,979780,2010-10-04 00:00:00,1
2010-10-06 00:00:00,2010-10-06 00:00:00,95,2010-10-06 00:00:00,92,92.1,9,3700,342800,2010-10-06 00:00:00,1
2010-10-07 00:00:00,2010-10-07 00:00:00,94,2010-10-07 00:00:00,85,88.5,16,11100,1008360,2010-10-07 00:00:00,1
2010-10-08 00:00:00,2010-10-08 00:00:00,90,2010-10-08 00:00:00,88.5,90,8,8600,762600,2010-10-08 00:00:00,1
2010-10-11 00:00:00,2010-10-11 00:00:00,90,2010-10-11 00:00:00,88,88.1,5,13300,1170810,2010-10-11 00:00:00,1
2010-10-12 00:00:00,2010-10-12 00:00:00,88,2010-10-12 00:00:00,80,81.1,23,18400,1522440,2010-10-12 00:00:00,1
2010-10-13 00:00:00,2010-10-13 00:00:00,88,2010-10-13 00:00:00,75,88,5,1200,91800,2010-10-13 00:00:00,1
2010-10-14 00:00:00,2010-10-14 00:00:00,95,2010-10-14 00:00:00,87,87,23,15600,1390460,2010-10-14 00:00:00,1
2010-10-15 00:00:00,2010-10-15 00:00:00,87,2010-10-15 00:00:00,87,87,1,100,8700,2010-10-15 00:00:00,1
2010-10-18 00:00:00,2010-10-18 00:00:00,88.5,2010-10-18 00:00:00,87,87,4,3900,339600,2010-10-18 00:00:00,1
2010-10-19 00:00:00,2010-10-19 00:00:00,87,2010-10-19 00:00:00,86.6,86.8,6,1600,139000,2010-10-19 00:00:00,1
2010-10-20 00:00:00,2010-10-20 00:00:00,88.5,2010-10-20 00:00:00,87.1,87.1,3,400,35260,2010-10-20 00:00:00,1
2010-10-21 00:00:00,2010-10-21 00:00:00,88,2010-10-21 00:00:00,88,88,4,800,70400,2010-10-21 00:00:00,1
2010-10-25 00:00:00,2010-10-25 00:00:00,88.5,2010-10-25 00:00:00,88.5,88.5,1,100,8850,2010-10-25 00:00:00,1
2010-10-26 00:00:00,2010-10-26 00:00:00,85,2010-10-26 00:00:00,82.1,82.2,9,1900,156820,2010-10-26 00:00:00,1
2010-10-27 00:00:00,2010-10-27 00:00:00,82,2010-10-27 00:00:00,80.2,80.3,8,1900,155300,2010-10-27 00:00:00,1
2010-10-28 00:00:00,2010-10-28 00:00:00,85,2010-10-28 00:00:00,80,85,3,2800,236500,2010-10-28 00:00:00,1
2010-10-29 00:00:00,2010-10-29 00:00:00,83,2010-10-29 00:00:00,82,82.1,9,7300,599400,2010-10-29 00:00:00,1
2010-11-01 00:00:00,2010-11-01 00:00:00,85.5,2010-11-01 00:00:00,82,82,10,15500,1278140,2010-11-01 00:00:00,1
2010-11-02 00:00:00,2010-11-02 00:00:00,82,2010-11-02 00:00:00,80,80.2,14,44700,3582950,2010-11-02 00:00:00,1
2010-11-03 00:00:00,2010-11-03 00:00:00,82,2010-11-03 00:00:00,82,82,3,1800,147600,2010-11-03 00:00:00,1
2010-11-04 00:00:00,2010-11-04 00:00:00,81,2010-11-04 00:00:00,81,81,3,1600,129600,2010-11-04 00:00:00,1
2010-11-08 00:00:00,2010-11-08 00:00:00,81.5,2010-11-08 00:00:00,81.5,81.5,3,2000,163000,2010-11-08 00:00:00,1
2010-11-10 00:00:00,2010-11-10 00:00:00,81.1,2010-11-10 00:00:00,81.1,81.1,5,2900,235190,2010-11-10 00:00:00,1
2010-11-11 00:00:00,2010-11-11 00:00:00,82,2010-11-11 00:00:00,81,82,3,1200,98000,2010-11-11 00:00:00,1
2010-11-12 00:00:00,2010-11-12 00:00:00,82,2010-11-12 00:00:00,82,82,1,700,57400,2010-11-12 00:00:00,1
2010-11-15 00:00:00,2010-11-15 00:00:00,82,2010-11-15 00:00:00,82,82,3,2700,221400,2010-11-15 00:00:00,1
2010-11-16 00:00:00,2010-11-16 00:00:00,79,2010-11-16 00:00:00,77.4,77.5,5,13700,1061150,2010-11-16 00:00:00,1
2010-11-18 00:00:00,2010-11-18 00:00:00,79.5,2010-11-18 00:00:00,78,79,11,27800,2189450,2010-11-18 00:00:00,1
2010-11-22 00:00:00,2010-11-22 00:00:00,79,2010-11-22 00:00:00,79,79,2,600,47400,2010-11-22 00:00:00,1
2010-11-23 00:00:00,2010-11-23 00:00:00,80,2010-11-23 00:00:00,77.7,78.3,9,10300,819370,2010-11-23 00:00:00,1
2010-11-24 00:00:00,2010-11-24 00:00:00,98,2010-11-24 00:00:00,76,83.7,19,32900,2659600,2010-11-24 00:00:00,1
2010-11-25 00:00:00,2010-11-25 00:00:00,80.1,2010-11-25 00:00:00,80,80.1,10,5600,448150,2010-11-25 00:00:00,1
2010-11-26 00:00:00,2010-11-26 00:00:00,80,2010-11-26 00:00:00,80,80,1,2000,160000,2010-11-26 00:00:00,1
2010-11-29 00:00:00,2010-11-29 00:00:00,80,2010-11-29 00:00:00,79,79,6,1500,119400,2010-11-29 00:00:00,1
2010-11-30 00:00:00,2010-11-30 00:00:00,88,2010-11-30 00:00:00,83.9,87.8,36,35600,3035050,2010-11-30 00:00:00,1
2010-12-01 00:00:00,2010-12-01 00:00:00,90,2010-12-01 00:00:00,87,87.1,6,5600,502040,2010-12-01 00:00:00,1
2010-12-02 00:00:00,2010-12-02 00:00:00,90,2010-12-02 00:00:00,89.9,89.9,21,18700,1682950,2010-12-02 00:00:00,1
2010-12-03 00:00:00,2010-12-03 00:00:00,92.3,2010-12-03 00:00:00,90,91.5,32,19500,1779400,2010-12-03 00:00:00,1
2010-12-06 00:00:00,2010-12-06 00:00:00,92.5,2010-12-06 00:00:00,90.5,92.4,12,13000,1200700,2010-12-06 00:00:00,1
2010-12-07 00:00:00,2010-12-07 00:00:00,95,2010-12-07 00:00:00,90,92,19,34600,3196990,2010-12-07 00:00:00,1
2010-12-08 00:00:00,2010-12-08 00:00:00,94.7,2010-12-08 00:00:00,94.7,94.7,1,100,9470,2010-12-08 00:00:00,1
2010-12-09 00:00:00,2010-12-09 00:00:00,95,2010-12-09 00:00:00,93.7,94.1,17,32100,3020780,2010-12-09 00:00:00,1
2010-12-10 00:00:00,2010-12-10 00:00:00,98.8,2010-12-10 00:00:00,94,94.1,26,53500,5062480,2010-12-10 00:00:00,1
2010-12-13 00:00:00,2010-12-13 00:00:00,98,2010-12-13 00:00:00,93,93.1,10,39600,3735300,2010-12-13 00:00:00,1
2010-12-14 00:00:00,2010-12-14 00:00:00,93.1,2010-12-14 00:00:00,88.9,90.1,8,2700,243820,2010-12-14 00:00:00,1
2010-12-15 00:00:00,2010-12-15 00:00:00,93,2010-12-15 00:00:00,90.1,92.3,8,8100,738510,2010-12-15 00:00:00,1
2010-12-16 00:00:00,2010-12-16 00:00:00,92,2010-12-16 00:00:00,90,92,2,1200,108400,2010-12-16 00:00:00,1
2010-12-17 00:00:00,2010-12-17 00:00:00,90,2010-12-17 00:00:00,88,88.2,2,2500,220400,2010-12-17 00:00:00,1
2010-12-21 00:00:00,2010-12-21 00:00:00,92,2010-12-21 00:00:00,91.9,92,3,700,64340,2010-12-21 00:00:00,1
2010-12-22 00:00:00,2010-12-22 00:00:00,100,2010-12-22 00:00:00,95,97.9,68,83100,8270810,2010-12-22 00:00:00,1
2010-12-23 00:00:00,2010-12-23 00:00:00,105,2010-12-23 00:00:00,99.5,100,92,226000,22824580,2010-12-23 00:00:00,1
2010-12-24 00:00:00,2010-12-24 00:00:00,100,2010-12-24 00:00:00,100,100,3,6000,600000,2010-12-24 00:00:00,1
2010-12-27 00:00:00,2010-12-27 00:00:00,102.5,2010-12-27 00:00:00,98,99.3,8,7000,699500,2010-12-27 00:00:00,1
2010-12-28 00:00:00,2010-12-28 00:00:00,101.3,2010-12-28 00:00:00,100,100,12,42700,4276500,2010-12-28 00:00:00,1
2010-12-29 00:00:00,2010-12-29 00:00:00,103,2010-12-29 00:00:00,100,101.7,36,30900,3135800,2010-12-29 00:00:00,1
2010-12-30 00:00:00,2010-12-30 00:00:00,105.9,2010-12-30 00:00:00,101,104.7,84,157700,16255500,2010-12-30 00:00:00,1
2010-12-31 00:00:00,2010-12-31 00:00:00,115,2010-12-31 00:00:00,105,111.7,211,303200,33445620,2010-12-31 00:00:00,1
Company Id :  CFI,,Security Type :  N,,Sub Type :  0000,,,,,,
Short Name :  CFI,,,,,,,,,,
Day,Date High,High,Date Low,Low,Closing,No. of Trades,No. of Shares,Turnover,Last Traded,Days Traded
2010-01-04 00:00:00,2010-01-04 00:00:00,40.5,2010-01-04 00:00:00,35.5,39.75,10,12500,474275,2010-01-04 00:00:00,1
2010-01-05 00:00:00,2010-01-05 00:00:00,40,2010-01-05 00:00:00,40,40,6,3000,120000,2010-01-05 00:00:00,1
2010-01-06 00:00:00,2010-01-06 00:00:00,36.5,2010-01-06 00:00:00,36,36,5,7000,252500,2010-01-06 00:00:00,1
2010-01-07 00:00:00,2010-01-07 00:00:00,38,2010-01-07 00:00:00,38,38,3,1500,57000,2010-01-07 00:00:00,1
2010-01-08 00:00:00,2010-01-08 00:00:00,37.75,2010-01-08 00:00:00,37,37.75,6,1700,63800,2010-01-08 00:00:00,1
2010-01-11 00:00:00,2010-01-11 00:00:00,38,2010-01-11 00:00:00,36.75,37.75,3,800,30025,2010-01-11 00:00:00,1
2010-01-12 00:00:00,2010-01-12 00:00:00,36,2010-01-12 00:00:00,35.75,36,7,13400,482275,2010-01-12 00:00:00,1
2010-01-13 00:00:00,2010-01-13 00:00:00,40,2010-01-13 00:00:00,36,38,8,23200,879100,2010-01-13 00:00:00,1
2010-01-18 00:00:00,2010-01-18 00:00:00,37.75,2010-01-18 00:00:00,37.75,37.75,1,100,3775,2010-01-18 00:00:00,1
2010-01-19 00:00:00,2010-01-19 00:00:00,38,2010-01-19 00:00:00,35,35.25,11,13700,482500,2010-01-19 00:00:00,1
2010-01-20 00:00:00,2010-01-20 00:00:00,37.75,2010-01-20 00:00:00,37.75,37.75,7,7300,275575,2010-01-20 00:00:00,1
2010-01-26 00:00:00,2010-01-26 00:00:00,35.25,2010-01-26 00:00:00,35,35,3,1400,49075,2010-01-26 00:00:00,1
2010-01-28 00:00:00,2010-01-28 00:00:00,35,2010-01-28 00:00:00,35,35,2,7000,245000,2010-01-28 00:00:00,1
2010-02-02 00:00:00,2010-02-02 00:00:00,36,2010-02-02 00:00:00,35,35,16,25800,903600,2010-02-02 00:00:00,1
2010-02-03 00:00:00,2010-02-03 00:00:00,43,2010-02-03 00:00:00,36.75,40.25,61,66900,2678450,2010-02-03 00:00:00,1
2010-02-05 00:00:00,2010-02-05 00:00:00,45,2010-02-05 00:00:00,39.5,41,47,43300,1879375,2010-02-05 00:00:00,1
2010-02-08 00:00:00,2010-02-08 00:00:00,43,2010-02-08 00:00:00,42,42.75,6,25000,1068425,2010-02-08 00:00:00,1
2010-02-09 00:00:00,2010-02-09 00:00:00,41,2010-02-09 00:00:00,39,41,2,1400,56000,2010-02-09 00:00:00,1
2010-02-10 00:00:00,2010-02-10 00:00:00,41,2010-02-10 00:00:00,41,41,1,100,4100,2010-02-10 00:00:00,1
2010-02-11 00:00:00,2010-02-11 00:00:00,41.5,2010-02-11 00:00:00,40,40.75,12,13900,561975,2010-02-11 00:00:00,1
2010-02-12 00:00:00,2010-02-12 00:00:00,41,2010-02-12 00:00:00,40,41,6,2700,110100,2010-02-12 00:00:00,1
2010-02-15 00:00:00,2010-02-15 00:00:00,44.75,2010-02-15 00:00:00,42,44.25,19,14100,607775,2010-02-15 00:00:00,1
2010-02-16 00:00:00,2010-02-16 00:00:00,45,2010-02-16 00:00:00,42,43,33,18900,842000,2010-02-16 00:00:00,1
2010-02-18 00:00:00,2010-02-18 00:00:00,53.75,2010-02-18 00:00:00,43.5,50.5,96,101500,4979250,2010-02-18 00:00:00,1
2010-02-19 00:00:00,2010-02-19 00:00:00,55,2010-02-19 00:00:00,50,52.5,108,87900,4667950,2010-02-19 00:00:00,1
2010-02-22 00:00:00,2010-02-22 00:00:00,55,2010-02-22 00:00:00,47.75,53.25,5,900,47950,2010-02-22 00:00:00,1
2010-02-23 00:00:00,2010-02-23 00:00:00,52.5,2010-02-23 00:00:00,48.75,50.75,18,14400,721125,2010-02-23 00:00:00,1
2010-02-24 00:00:00,2010-02-24 00:00:00,52.5,2010-02-24 00:00:00,49,50.5,8,3700,191350,2010-02-24 00:00:00,1
2010-02-25 00:00:00,2010-02-25 00:00:00,50,2010-02-25 00:00:00,47.5,48.25,13,8800,424950,2010-02-25 00:00:00,1
2010-03-02 00:00:00,2010-03-02 00:00:00,48.75,2010-03-02 00:00:00,48.75,48.75,1,100,4875,2010-03-02 00:00:00,1
2010-03-03 00:00:00,2010-03-03 00:00:00,48.5,2010-03-03 00:00:00,45.5,48.5,2,1000,48200,2010-03-03 00:00:00,1
2010-03-04 00:00:00,2010-03-04 00:00:00,48,2010-03-04 00:00:00,48,48,1,200,9600,2010-03-04 00:00:00,1
2010-03-08 00:00:00,2010-03-08 00:00:00,46.5,2010-03-08 00:00:00,45.25,45.75,5,1100,50425,2010-03-08 00:00:00,1
2010-03-10 00:00:00,2010-03-10 00:00:00,52,2010-03-10 00:00:00,48,51.75,54,50300,2547050,2010-03-10 00:00:00,1
2010-03-11 00:00:00,2010-03-11 00:00:00,64.25,2010-03-11 00:00:00,53,63,126,90100,5341425,2010-03-11 00:00:00,1
2010-03-12 00:00:00,2010-03-12 00:00:00,68,2010-03-12 00:00:00,61.25,63,35,20600,1322150,2010-03-12 00:00:00,1
2010-03-15 00:00:00,2010-03-15 00:00:00,69.75,2010-03-15 00:00:00,63.75,68,37,31000,2090700,2010-03-15 00:00:00,1
2010-03-16 00:00:00,2010-03-16 00:00:00,70,2010-03-16 00:00:00,69,69.5,3,1600,111000,2010-03-16 00:00:00,1
2010-03-17 00:00:00,2010-03-17 00:00:00,72,2010-03-17 00:00:00,67,67.5,17,16300,1131325,2010-03-17 00:00:00,1
2010-03-18 00:00:00,2010-03-18 00:00:00,67,2010-03-18 00:00:00,62,62.25,13,8600,551425,2010-03-18 00:00:00,1
2010-03-19 00:00:00,2010-03-19 00:00:00,66.75,2010-03-19 00:00:00,62.25,66.5,16,27400,1772325,2010-03-19 00:00:00,1
2010-03-22 00:00:00,2010-03-22 00:00:00,65,2010-03-22 00:00:00,65,65,2,1500,97500,2010-03-22 00:00:00,1
2010-03-23 00:00:00,2010-03-23 00:00:00,64,2010-03-23 00:00:00,62,62.25,6,6300,392800,2010-03-23 00:00:00,1
2010-03-25 00:00:00,2010-03-25 00:00:00,64,2010-03-25 00:00:00,64,64,1,200,12800,2010-03-25 00:00:00,1
2010-03-26 00:00:00,2010-03-26 00:00:00,68,2010-03-26 00:00:00,67.5,68,13,17500,1189675,2010-03-26 00:00:00,1
2010-03-30 00:00:00,2010-03-30 00:00:00,66,2010-03-30 00:00:00,66,66,5,187600,12381600,2010-03-30 00:00:00,1
2010-03-31 00:00:00,2010-03-31 00:00:00,68,2010-03-31 00:00:00,66,67.75,3,15600,1034350,2010-03-31 00:00:00,1
2010-04-01 00:00:00,2010-04-01 00:00:00,66,2010-04-01 00:00:00,66,66,1,100,6600,2010-04-01 00:00:00,1
2010-04-05 00:00:00,2010-04-05 00:00:00,66,2010-04-05 00:00:00,66,66,1,500,33000,2010-04-05 00:00:00,1
2010-04-06 00:00:00,2010-04-06 00:00:00,74,2010-04-06 00:00:00,67,70.25,8,5200,364325,2010-04-06 00:00:00,1
2010-04-07 00:00:00,2010-04-07 00:00:00,73.5,2010-04-07 00:00:00,71,71,18,28300,2013450,2010-04-07 00:00:00,1
2010-04-08 00:00:00,2010-04-08 00:00:00,73,2010-04-08 00:00:00,73,73,1,1700,124100,2010-04-08 00:00:00,1
2010-04-12 00:00:00,2010-04-12 00:00:00,75,2010-04-12 00:00:00,73,74,16,9000,662250,2010-04-12 00:00:00,1
2010-04-15 00:00:00,2010-04-15 00:00:00,78,2010-04-15 00:00:00,75,77.25,8,4500,347600,2010-04-15 00:00:00,1
2010-04-16 00:00:00,2010-04-16 00:00:00,79,2010-04-16 00:00:00,77,77,7,4600,358575,2010-04-16 00:00:00,1
2010-04-19 00:00:00,2010-04-19 00:00:00,79,2010-04-19 00:00:00,77,78,10,3400,263850,2010-04-19 00:00:00,1
2010-04-20 00:00:00,2010-04-20 00:00:00,80,2010-04-20 00:00:00,76,79.25,16,8800,685550,2010-04-20 00:00:00,1
2010-04-21 00:00:00,2010-04-21 00:00:00,78.5,2010-04-21 00:00:00,78.25,78.25,5,2100,164575,2010-04-21 00:00:00,1
2010-04-22 00:00:00,2010-04-22 00:00:00,78,2010-04-22 00:00:00,76,76,6,2700,205725,2010-04-22 00:00:00,1
2010-04-26 00:00:00,2010-04-26 00:00:00,76,2010-04-26 00:00:00,75,76,3,1900,144000,2010-04-26 00:00:00,1
2010-04-27 00:00:00,2010-04-27 00:00:00,79,2010-04-27 00:00:00,79,79,1,1100,86900,2010-04-27 00:00:00,1
2010-04-29 00:00:00,2010-04-29 00:00:00,80,2010-04-29 00:00:00,80,80,3,1100,88000,2010-04-29 00:00:00,1
2010-04-30 00:00:00,2010-04-30 00:00:00,81,2010-04-30 00:00:00,80,81,4,2600,208100,2010-04-30 00:00:00,1
2010-05-03 00:00:00,2010-05-03 00:00:00,80,2010-05-03 00:00:00,77,80,2,2000,157000,2010-05-03 00:00:00,1
2010-05-04 00:00:00,2010-05-04 00:00:00,79.75,2010-05-04 00:00:00,79.75,79.75,1,100,7975,2010-05-04 00:00:00,1
2010-05-07 00:00:00,2010-05-07 00:00:00,81,2010-05-07 00:00:00,79.75,81,3,2400,192650,2010-05-07 00:00:00,1
2010-05-10 00:00:00,2010-05-10 00:00:00,78,2010-05-10 00:00:00,78,78,1,100,7800,2010-05-10 00:00:00,1
2010-05-13 00:00:00,2010-05-13 00:00:00,70,2010-05-13 00:00:00,70,70,1,200,14000,2010-05-13 00:00:00,1
2010-05-18 00:00:00,2010-05-18 00:00:00,71.25,2010-05-18 00:00:00,71.25,71.25,1,100,7125,2010-05-18 00:00:00,1
2010-05-21 00:00:00,2010-05-21 00:00:00,83,2010-05-21 00:00:00,80,80.75,4,1900,153200,2010-05-21 00:00:00,1
2010-05-24 00:00:00,2010-05-24 00:00:00,84.25,2010-05-24 00:00:00,84,84,2,3100,260675,2010-05-24 00:00:00,1
2010-05-31 00:00:00,2010-05-31 00:00:00,84.25,2010-05-31 00:00:00,80,80,4,2900,236250,2010-05-31 00:00:00,1
2010-06-01 00:00:00,2010-06-01 00:00:00,84,2010-06-01 00:00:00,84,84,2,1000,84000,2010-06-01 00:00:00,1
2010-06-03 00:00:00,2010-06-03 00:00:00,88.75,2010-06-03 00:00:00,85,87.75,9,4500,392050,2010-06-03 00:00:00,1
2010-06-04 00:00:00,2010-06-04 00:00:00,89.75,2010-06-04 00:00:00,89.75,89.75,1,100,8975,2010-06-04 00:00:00,1
2010-06-07 00:00:00,2010-06-07 00:00:00,88.5,2010-06-07 00:00:00,88.25,88.25,2,600,53050,2010-06-07 00:00:00,1
2010-06-08 00:00:00,2010-06-08 00:00:00,87.5,2010-06-08 00:00:00,87,87,5,900,78500,2010-06-08 00:00:00,1
2010-06-09 00:00:00,2010-06-09 00:00:00,89.75,2010-06-09 00:00:00,88,88,5,11300,1011900,2010-06-09 00:00:00,1
2010-06-10 00:00:00,2010-06-10 00:00:00,90,2010-06-10 00:00:00,90,90,4,7500,675000,2010-06-10 00:00:00,1
2010-06-11 00:00:00,2010-06-11 00:00:00,91,2010-06-11 00:00:00,91,91,1,500,45500,2010-06-11 00:00:00,1
2010-06-14 00:00:00,2010-06-14 00:00:00,90,2010-06-14 00:00:00,90,90,2,400,36000,2010-06-14 00:00:00,1
2010-06-16 00:00:00,2010-06-16 00:00:00,90,2010-06-16 00:00:00,90,90,2,10100,909000,2010-06-16 00:00:00,1
2010-06-17 00:00:00,2010-06-17 00:00:00,90,2010-06-17 00:00:00,90,90,1,400,36000,2010-06-17 00:00:00,1
2010-06-21 00:00:00,2010-06-21 00:00:00,100,2010-06-21 00:00:00,95,97.75,6,700,68500,2010-06-21 00:00:00,1
2010-06-22 00:00:00,2010-06-22 00:00:00,100,2010-06-22 00:00:00,100,100,1,100,10000,2010-06-22 00:00:00,1
2010-06-23 00:00:00,2010-06-23 00:00:00,124.75,2010-06-23 00:00:00,110,116,5,5700,660675,2010-06-23 00:00:00,1
2010-06-24 00:00:00,2010-06-24 00:00:00,116,2010-06-24 00:00:00,103.5,105,9,2000,212925,2010-06-24 00:00:00,1
2010-06-30 00:00:00,2010-06-30 00:00:00,105,2010-06-30 00:00:00,105,105,5,2900,304500,2010-06-30 00:00:00,1
2010-07-01 00:00:00,2010-07-01 00:00:00,120,2010-07-01 00:00:00,117,119.75,4,1300,155600,2010-07-01 00:00:00,1
2010-07-02 00:00:00,2010-07-02 00:00:00,110,2010-07-02 00:00:00,110,110,3,1600,176000,2010-07-02 00:00:00,1
2010-07-05 00:00:00,2010-07-05 00:00:00,112.5,2010-07-05 00:00:00,112.25,112.5,2,200,22475,2010-07-05 00:00:00,1
2010-07-06 00:00:00,2010-07-06 00:00:00,115,2010-07-06 00:00:00,115,115,1,2800,322000,2010-07-06 00:00:00,1
2010-07-07 00:00:00,2010-07-07 00:00:00,112,2010-07-07 00:00:00,110,110.25,6,3300,363425,2010-07-07 00:00:00,1
2010-07-08 00:00:00,2010-07-08 00:00:00,110,2010-07-08 00:00:00,110,110,1,7000,770000,2010-07-08 00:00:00,1
2010-07-13 00:00:00,2010-07-13 00:00:00,108,2010-07-13 00:00:00,100,108,3,900,93200,2010-07-13 00:00:00,1
2010-07-14 00:00:00,2010-07-14 00:00:00,110,2010-07-14 00:00:00,108,109,3,600,65425,2010-07-14 00:00:00,1
2010-07-15 00:00:00,2010-07-15 00:00:00,110,2010-07-15 00:00:00,105,107.5,5,1400,150400,2010-07-15 00:00:00,1
2010-07-20 00:00:00,2010-07-20 00:00:00,138,2010-07-20 00:00:00,120,129.25,10,5800,739850,2010-07-20 00:00:00,1
2010-07-21 00:00:00,2010-07-21 00:00:00,135,2010-07-21 00:00:00,130,130,3,1100,143525,2010-07-21 00:00:00,1
2010-07-22 00:00:00,2010-07-22 00:00:00,131,2010-07-22 00:00:00,131,131,1,200,26200,2010-07-22 00:00:00,1
2010-07-23 00:00:00,2010-07-23 00:00:00,137.5,2010-07-23 00:00:00,132,135.75,6,1300,176200,2010-07-23 00:00:00,1
2010-07-26 00:00:00,2010-07-26 00:00:00,141,2010-07-26 00:00:00,140.75,141,4,400,56325,2010-07-26 00:00:00,1
2010-07-27 00:00:00,2010-07-27 00:00:00,143.25,2010-07-27 00:00:00,138,141.5,6,8000,1127700,2010-07-27 00:00:00,1
2010-08-04 00:00:00,2010-08-04 00:00:00,130,2010-08-04 00:00:00,130,130,1,1000,130000,2010-08-04 00:00:00,1
2010-08-05 00:00:00,2010-08-05 00:00:00,141,2010-08-05 00:00:00,141,141,1,300,42300,2010-08-05 00:00:00,1
2010-08-13 00:00:00,2010-08-13 00:00:00,127,2010-08-13 00:00:00,127,127,2,200,25400,2010-08-13 00:00:00,1
2010-08-16 00:00:00,2010-08-16 00:00:00,128,2010-08-16 00:00:00,127,127.7,3,300,38300,2010-08-16 00:00:00,1
2010-08-23 00:00:00,2010-08-23 00:00:00,127.7,2010-08-23 00:00:00,127.7,127.7,1,100,12770,2010-08-23 00:00:00,1
2010-08-25 00:00:00,2010-08-25 00:00:00,127.7,2010-08-25 00:00:00,125,125,6,12100,1543550,2010-08-25 00:00:00,1
2010-08-26 00:00:00,2010-08-26 00:00:00,137.5,2010-08-26 00:00:00,137.5,137.5,1,200,27500,2010-08-26 00:00:00,1
2010-08-27 00:00:00,2010-08-27 00:00:00,131,2010-08-27 00:00:00,131,131,2,700,91700,2010-08-27 00:00:00,1
2010-08-30 00:00:00,2010-08-30 00:00:00,131,2010-08-30 00:00:00,131,131,1,100,13100,2010-08-30 00:00:00,1
2010-08-31 00:00:00,2010-08-31 00:00:00,130,2010-08-31 00:00:00,118,120.7,7,2200,265500,2010-08-31 00:00:00,1
2010-09-01 00:00:00,2010-09-01 00:00:00,132,2010-09-01 00:00:00,132,132,2,3000,396000,2010-09-01 00:00:00,1
2010-09-02 00:00:00,2010-09-02 00:00:00,137,2010-09-02 00:00:00,137,137,1,800,109600,2010-09-02 00:00:00,1
2010-09-03 00:00:00,2010-09-03 00:00:00,150.7,2010-09-03 00:00:00,137,150.5,8,2000,299890,2010-09-03 00:00:00,1
2010-09-06 00:00:00,2010-09-06 00:00:00,160,2010-09-06 00:00:00,155,157.1,4,700,110000,2010-09-06 00:00:00,1
2010-09-07 00:00:00,2010-09-07 00:00:00,157,2010-09-07 00:00:00,155.1,157,3,600,94010,2010-09-07 00:00:00,1
2010-09-08 00:00:00,2010-09-08 00:00:00,160,2010-09-08 00:00:00,160,160,6,1500,240000,2010-09-08 00:00:00,1
2010-09-09 00:00:00,2010-09-09 00:00:00,176,2010-09-09 00:00:00,160,163.2,3,2500,408000,2010-09-09 00:00:00,1
2010-09-13 00:00:00,2010-09-13 00:00:00,179.5,2010-09-13 00:00:00,176,176,13,1900,339900,2010-09-13 00:00:00,1
2010-09-14 00:00:00,2010-09-14 00:00:00,178,2010-09-14 00:00:00,177,177.3,2,300,53200,2010-09-14 00:00:00,1
2010-09-15 00:00:00,2010-09-15 00:00:00,177,2010-09-15 00:00:00,177,177,1,1000,177000,2010-09-15 00:00:00,1
2010-09-17 00:00:00,2010-09-17 00:00:00,184,2010-09-17 00:00:00,180,184,3,300,54400,2010-09-17 00:00:00,1
2010-09-20 00:00:00,2010-09-20 00:00:00,270,2010-09-20 00:00:00,230,237.5,6,600,146890,2010-09-20 00:00:00,1
2010-09-21 00:00:00,2010-09-21 00:00:00,265,2010-09-21 00:00:00,264,264.3,6,800,211400,2010-09-21 00:00:00,1
2010-09-27 00:00:00,2010-09-27 00:00:00,254,2010-09-27 00:00:00,230,254,2,300,71400,2010-09-27 00:00:00,1
2010-10-01 00:00:00,2010-10-01 00:00:00,249.9,2010-10-01 00:00:00,230,244.8,5,900,220340,2010-10-01 00:00:00,1
2010-10-04 00:00:00,2010-10-04 00:00:00,255,2010-10-04 00:00:00,255,255,1,100,25500,2010-10-04 00:00:00,1
2010-10-12 00:00:00,2010-10-12 00:00:00,250,2010-10-12 00:00:00,240,245,9,4000,983840,2010-10-12 00:00:00,1
2010-10-27 00:00:00,2010-10-27 00:00:00,210,2010-10-27 00:00:00,200,202.5,3,400,81000,2010-10-27 00:00:00,1
2010-10-29 00:00:00,2010-10-29 00:00:00,200,2010-10-29 00:00:00,200,200,1,100,20000,2010-10-29 00:00:00,1
2010-11-04 00:00:00,2010-11-04 00:00:00,205,2010-11-04 00:00:00,205,205,2,600,123000,2010-11-04 00:00:00,1
2010-11-09 00:00:00,2010-11-09 00:00:00,200,2010-11-09 00:00:00,199,199.7,2,1500,299500,2010-11-09 00:00:00,1
2010-11-12 00:00:00,2010-11-12 00:00:00,205,2010-11-12 00:00:00,200,201.1,4,2400,481500,2010-11-12 00:00:00,1
2010-11-15 00:00:00,2010-11-15 00:00:00,200,2010-11-15 00:00:00,200,200,1,3300,660000,2010-11-15 00:00:00,1
2010-11-16 00:00:00,2010-11-16 00:00:00,200,2010-11-16 00:00:00,200,200,1,100,20000,2010-11-16 00:00:00,1
2010-11-26 00:00:00,2010-11-26 00:00:00,180,2010-11-26 00:00:00,175,180,2,1400,247000,2010-11-26 00:00:00,1
2010-11-29 00:00:00,2010-11-29 00:00:00,170,2010-11-29 00:00:00,170,170,1,100,17000,2010-11-29 00:00:00,1
2010-12-07 00:00:00,2010-12-07 00:00:00,171,2010-12-07 00:00:00,171,171,1,300,51300,2010-12-07 00:00:00,1
2010-12-08 00:00:00,2010-12-08 00:00:00,160,2010-12-08 00:00:00,160,160,4,2700,432000,2010-12-08 00:00:00,1
2010-12-14 00:00:00,2010-12-14 00:00:00,160,2010-12-14 00:00:00,160,160,1,2000,320000,2010-12-14 00:00:00,1
2010-12-15 00:00:00,2010-12-15 00:00:00,160,2010-12-15 00:00:00,160,160,1,100,16000,2010-12-15 00:00:00,1
2010-12-21 00:00:00,2010-12-21 00:00:00,199,2010-12-21 00:00:00,199,199,1,100,19900,2010-12-21 00:00:00,1
2010-12-24 00:00:00,2010-12-24 00:00:00,189.9,2010-12-24 00:00:00,161,179,4,800,143160,2010-12-24 00:00:00,1
2010-12-27 00:00:00,2010-12-27 00:00:00,200,2010-12-27 00:00:00,189.9,198.8,3,900,178950,2010-12-27 00:00:00,1
2010-12-30 00:00:00,2010-12-30 00:00:00,200,2010-12-30 00:00:00,200,200,2,4000,800000,2010-12-30 00:00:00,1
2010-12-31 00:00:00,2010-12-31 00:00:00,202,2010-12-31 00:00:00,200,200,4,4300,860600,2010-12-31 00:00:00,1
Company Id :  CFIN,,Security Type :  N,,Sub Type :  0000,,,,,,
Short Name :  CENTRAL FINANCE,,,,,,,,,,
Day,Date High,High,Date Low,Low,Closing,No. of Trades,No. of Shares,Turnover,Last Traded,Days Traded
2010-01-04 00:00:00,2010-01-04 00:00:00,335,2010-01-04 00:00:00,320,330.5,30,24900,8202450,2010-01-04 00:00:00,1
2010-01-05 00:00:00,2010-01-05 00:00:00,358,2010-01-05 00:00:00,335,354.5,106,69600,24331250,2010-01-05 00:00:00,1
2010-01-06 00:00:00,2010-01-06 00:00:00,380,2010-01-06 00:00:00,355,365.25,83,62400,23055825,2010-01-06 00:00:00,1
2010-01-07 00:00:00,2010-01-07 00:00:00,370,2010-01-07 00:00:00,356,366.75,22,9200,3371475,2010-01-07 00:00:00,1
2010-01-08 00:00:00,2010-01-08 00:00:00,370,2010-01-08 00:00:00,360,365.5,6,2300,837025,2010-01-08 00:00:00,1
2010-01-11 00:00:00,2010-01-11 00:00:00,374.75,2010-01-11 00:00:00,362,367.75,21,4600,1670325,2010-01-11 00:00:00,1
2010-01-12 00:00:00,2010-01-12 00:00:00,378,2010-01-12 00:00:00,361,371.75,45,35800,13287250,2010-01-12 00:00:00,1
2010-01-13 00:00:00,2010-01-13 00:00:00,410,2010-01-13 00:00:00,380,400,121,73900,29780450,2010-01-13 00:00:00,1
2010-01-15 00:00:00,2010-01-15 00:00:00,407,2010-01-15 00:00:00,395,395,19,17800,7171075,2010-01-15 00:00:00,1
2010-01-18 00:00:00,2010-01-18 00:00:00,403,2010-01-18 00:00:00,380.25,384.75,24,10800,4177000,2010-01-18 00:00:00,1
2010-01-19 00:00:00,2010-01-19 00:00:00,390,2010-01-19 00:00:00,380,386,32,12700,4901125,2010-01-19 00:00:00,1
2010-01-20 00:00:00,2010-01-20 00:00:00,390,2010-01-20 00:00:00,385,387,5,1700,658000,2010-01-20 00:00:00,1
2010-01-21 00:00:00,2010-01-21 00:00:00,385,2010-01-21 00:00:00,380,380,17,7200,2740000,2010-01-21 00:00:00,1
2010-01-22 00:00:00,2010-01-22 00:00:00,384,2010-01-22 00:00:00,375,384,11,3100,1180250,2010-01-22 00:00:00,1
2010-01-25 00:00:00,2010-01-25 00:00:00,385,2010-01-25 00:00:00,385,385,8,4300,1655500,2010-01-25 00:00:00,1
2010-01-26 00:00:00,2010-01-26 00:00:00,390,2010-01-26 00:00:00,385,389.75,12,8700,3391900,2010-01-26 00:00:00,1
2010-01-28 00:00:00,2010-01-28 00:00:00,400,2010-01-28 00:00:00,370,398.25,8,1900,749925,2010-01-28 00:00:00,1
2010-02-01 00:00:00,2010-02-01 00:00:00,400,2010-02-01 00:00:00,390,399.5,31,23600,9398300,2010-02-01 00:00:00,1
2010-02-02 00:00:00,2010-02-02 00:00:00,400,2010-02-02 00:00:00,397,397,6,3000,1199300,2010-02-02 00:00:00,1
2010-02-03 00:00:00,2010-02-03 00:00:00,390.25,2010-02-03 00:00:00,390,390,12,8000,3120025,2010-02-03 00:00:00,1
2010-02-05 00:00:00,2010-02-05 00:00:00,383,2010-02-05 00:00:00,380,383,2,1000,381500,2010-02-05 00:00:00,1
2010-02-08 00:00:00,2010-02-08 00:00:00,395,2010-02-08 00:00:00,390,395,12,4900,1932350,2010-02-08 00:00:00,1
2010-02-09 00:00:00,2010-02-09 00:00:00,395,2010-02-09 00:00:00,380,389.5,34,21900,8425450,2010-02-09 00:00:00,1
2010-02-10 00:00:00,2010-02-10 00:00:00,382,2010-02-10 00:00:00,381,381,3,2100,801800,2010-02-10 00:00:00,1
2010-02-11 00:00:00,2010-02-11 00:00:00,377,2010-02-11 00:00:00,376,376,14,5700,2143925,2010-02-11 00:00:00,1
2010-02-12 00:00:00,2010-02-12 00:00:00,376.25,2010-02-12 00:00:00,375,375,16,5600,2100250,2010-02-12 00:00:00,1
2010-02-15 00:00:00,2010-02-15 00:00:00,380,2010-02-15 00:00:00,376,380,16,4100,1553650,2010-02-15 00:00:00,1
2010-02-16 00:00:00,2010-02-16 00:00:00,376,2010-02-16 00:00:00,375,375,17,8100,3037700,2010-02-16 00:00:00,1
2010-02-17 00:00:00,2010-02-17 00:00:00,375,2010-02-17 00:00:00,370,375,4,1900,710000,2010-02-17 00:00:00,1
2010-02-18 00:00:00,2010-02-18 00:00:00,375,2010-02-18 00:00:00,375,375,8,2000,750000,2010-02-18 00:00:00,1
2010-02-19 00:00:00,2010-02-19 00:00:00,375.5,2010-02-19 00:00:00,375,375,8,2900,1087850,2010-02-19 00:00:00,1
2010-02-22 00:00:00,2010-02-22 00:00:00,382,2010-02-22 00:00:00,380,381.75,16,4500,1713225,2010-02-22 00:00:00,1
2010-02-23 00:00:00,2010-02-23 00:00:00,388,2010-02-23 00:00:00,385,387,7,1100,425600,2010-02-23 00:00:00,1
2010-02-24 00:00:00,2010-02-24 00:00:00,387,2010-02-24 00:00:00,385,386,3,300,115900,2010-02-24 00:00:00,1
2010-02-25 00:00:00,2010-02-25 00:00:00,386,2010-02-25 00:00:00,383,384,12,2700,1039600,2010-02-25 00:00:00,1
2010-02-26 00:00:00,2010-02-26 00:00:00,385,2010-02-26 00:00:00,380,384.75,10,5300,2037200,2010-02-26 00:00:00,1
2010-03-01 00:00:00,2010-03-01 00:00:00,385,2010-03-01 00:00:00,384.75,384.75,3,800,307850,2010-03-01 00:00:00,1
2010-03-02 00:00:00,2010-03-02 00:00:00,388.5,2010-03-02 00:00:00,387,388.5,13,4900,1900375,2010-03-02 00:00:00,1
2010-03-03 00:00:00,2010-03-03 00:00:00,387,2010-03-03 00:00:00,382,384,8,1500,579000,2010-03-03 00:00:00,1
2010-03-04 00:00:00,2010-03-04 00:00:00,386,2010-03-04 00:00:00,383,385.5,9,3100,1193700,2010-03-04 00:00:00,1
2010-03-05 00:00:00,2010-03-05 00:00:00,385,2010-03-05 00:00:00,380,385,6,26900,10229700,2010-03-05 00:00:00,1
2010-03-08 00:00:00,2010-03-08 00:00:00,390,2010-03-08 00:00:00,385,385,10,1700,662300,2010-03-08 00:00:00,1
2010-03-09 00:00:00,2010-03-09 00:00:00,385,2010-03-09 00:00:00,385,385,3,4600,1771000,2010-03-09 00:00:00,1
2010-03-10 00:00:00,2010-03-10 00:00:00,386,2010-03-10 00:00:00,385,386,15,14000,5402300,2010-03-10 00:00:00,1
2010-03-11 00:00:00,2010-03-11 00:00:00,387,2010-03-11 00:00:00,385,385,4,800,308200,2010-03-11 00:00:00,1
2010-03-12 00:00:00,2010-03-12 00:00:00,386,2010-03-12 00:00:00,385.5,386,4,1400,540275,2010-03-12 00:00:00,1
2010-03-15 00:00:00,2010-03-15 00:00:00,389,2010-03-15 00:00:00,385,386,8,15500,5980050,2010-03-15 00:00:00,1
2010-03-16 00:00:00,2010-03-16 00:00:00,387,2010-03-16 00:00:00,386,386.25,7,6800,2627100,2010-03-16 00:00:00,1
2010-03-17 00:00:00,2010-03-17 00:00:00,387.5,2010-03-17 00:00:00,385.25,385.25,4,11600,4492750,2010-03-17 00:00:00,1
2010-03-18 00:00:00,2010-03-18 00:00:00,386,2010-03-18 00:00:00,385.25,385.25,3,1200,462450,2010-03-18 00:00:00,1
2010-03-19 00:00:00,2010-03-19 00:00:00,385.5,2010-03-19 00:00:00,385,385.25,7,6800,2620750,2010-03-19 00:00:00,1
2010-03-22 00:00:00,2010-03-22 00:00:00,383,2010-03-22 00:00:00,380,381.5,4,2100,801300,2010-03-22 00:00:00,1
2010-03-23 00:00:00,2010-03-23 00:00:00,385,2010-03-23 00:00:00,380,382.5,7,3000,1146600,2010-03-23 00:00:00,1
2010-03-24 00:00:00,2010-03-24 00:00:00,381,2010-03-24 00:00:00,380,380.5,6,2900,1103550,2010-03-24 00:00:00,1
2010-03-26 00:00:00,2010-03-26 00:00:00,389.75,2010-03-26 00:00:00,380,387.5,7,5600,2143475,2010-03-26 00:00:00,1
2010-03-30 00:00:00,2010-03-30 00:00:00,390,2010-03-30 00:00:00,387.5,390,12,6000,2339400,2010-03-30 00:00:00,1
2010-03-31 00:00:00,2010-03-31 00:00:00,390,2010-03-31 00:00:00,390,390,3,2100,819000,2010-03-31 00:00:00,1
2010-04-01 00:00:00,2010-04-01 00:00:00,390,2010-04-01 00:00:00,390,390,4,1700,663000,2010-04-01 00:00:00,1
2010-04-05 00:00:00,2010-04-05 00:00:00,390,2010-04-05 00:00:00,390,390,3,2700,1053000,2010-04-05 00:00:00,1
2010-04-06 00:00:00,2010-04-06 00:00:00,400,2010-04-06 00:00:00,390,395,15,8800,3472775,2010-04-06 00:00:00,1
2010-04-07 00:00:00,2010-04-07 00:00:00,401,2010-04-07 00:00:00,399.5,400.5,32,58500,23407775,2010-04-07 00:00:00,1
2010-04-08 00:00:00,2010-04-08 00:00:00,402,2010-04-08 00:00:00,401,401.25,2,1500,602000,2010-04-08 00:00:00,1
2010-04-12 00:00:00,2010-04-12 00:00:00,410,2010-04-12 00:00:00,405,410,18,14100,5778550,2010-04-12 00:00:00,1
2010-04-15 00:00:00,2010-04-15 00:00:00,410,2010-04-15 00:00:00,391,410,5,2600,1064100,2010-04-15 00:00:00,1
2010-04-16 00:00:00,2010-04-16 00:00:00,409.75,2010-04-16 00:00:00,409.75,409.75,3,1700,696575,2010-04-16 00:00:00,1
2010-04-19 00:00:00,2010-04-19 00:00:00,410,2010-04-19 00:00:00,408,410,12,21900,8978125,2010-04-19 00:00:00,1
2010-04-20 00:00:00,2010-04-20 00:00:00,412,2010-04-20 00:00:00,410,410,20,29100,11931450,2010-04-20 00:00:00,1
2010-04-21 00:00:00,2010-04-21 00:00:00,410,2010-04-21 00:00:00,405,405,20,30300,12313000,2010-04-21 00:00:00,1
2010-04-22 00:00:00,2010-04-22 00:00:00,410,2010-04-22 00:00:00,405,409.5,5,1700,689400,2010-04-22 00:00:00,1
2010-04-23 00:00:00,2010-04-23 00:00:00,410.25,2010-04-23 00:00:00,410,410,15,21300,8733050,2010-04-23 00:00:00,1
2010-04-26 00:00:00,2010-04-26 00:00:00,420,2010-04-26 00:00:00,410,412,15,8100,3342150,2010-04-26 00:00:00,1
2010-04-27 00:00:00,2010-04-27 00:00:00,412,2010-04-27 00:00:00,410.5,410.5,5,2300,945950,2010-04-27 00:00:00,1
2010-04-29 00:00:00,2010-04-29 00:00:00,411,2010-04-29 00:00:00,409,411,17,41500,17034200,2010-04-29 00:00:00,1
2010-04-30 00:00:00,2010-04-30 00:00:00,415,2010-04-30 00:00:00,410,413.25,7,2600,1071250,2010-04-30 00:00:00,1
2010-05-03 00:00:00,2010-05-03 00:00:00,412,2010-05-03 00:00:00,410,410.25,4,5300,2174250,2010-05-03 00:00:00,1
2010-05-04 00:00:00,2010-05-04 00:00:00,410.5,2010-05-04 00:00:00,410,410,8,1800,738475,2010-05-04 00:00:00,1
2010-05-06 00:00:00,2010-05-06 00:00:00,410,2010-05-06 00:00:00,410,410,9,2900,1189000,2010-05-06 00:00:00,1
2010-05-07 00:00:00,2010-05-07 00:00:00,410,2010-05-07 00:00:00,410,410,9,6000,2460000,2010-05-07 00:00:00,1
2010-05-10 00:00:00,2010-05-10 00:00:00,405,2010-05-10 00:00:00,400,400.75,2,700,280500,2010-05-10 00:00:00,1
2010-05-11 00:00:00,2010-05-11 00:00:00,405,2010-05-11 00:00:00,405,405,2,500,202500,2010-05-11 00:00:00,1
2010-05-12 00:00:00,2010-05-12 00:00:00,401,2010-05-12 00:00:00,400,400,9,3800,1520100,2010-05-12 00:00:00,1
2010-05-13 00:00:00,2010-05-13 00:00:00,400,2010-05-13 00:00:00,400,400,3,300,120000,2010-05-13 00:00:00,1
2010-05-17 00:00:00,2010-05-17 00:00:00,400,2010-05-17 00:00:00,395,395,2,300,119000,2010-05-17 00:00:00,1
2010-05-18 00:00:00,2010-05-18 00:00:00,400,2010-05-18 00:00:00,400,400,6,11600,4640000,2010-05-18 00:00:00,1
2010-05-19 00:00:00,2010-05-19 00:00:00,400,2010-05-19 00:00:00,400,400,5,10200,4080000,2010-05-19 00:00:00,1
2010-05-20 00:00:00,2010-05-20 00:00:00,400,2010-05-20 00:00:00,400,400,5,1300,520000,2010-05-20 00:00:00,1
2010-05-24 00:00:00,2010-05-24 00:00:00,390,2010-05-24 00:00:00,388.75,389.5,3,700,272625,2010-05-24 00:00:00,1
2010-05-25 00:00:00,2010-05-25 00:00:00,400,2010-05-25 00:00:00,400,400,3,500,200000,2010-05-25 00:00:00,1
2010-05-26 00:00:00,2010-05-26 00:00:00,400,2010-05-26 00:00:00,395,400,11,5600,2237900,2010-05-26 00:00:00,1
2010-05-31 00:00:00,2010-05-31 00:00:00,400,2010-05-31 00:00:00,400,400,15,92600,37040000,2010-05-31 00:00:00,1
2010-06-01 00:00:00,2010-06-01 00:00:00,400,2010-06-01 00:00:00,400,400,9,2500,1000000,2010-06-01 00:00:00,1
2010-06-02 00:00:00,2010-06-02 00:00:00,400,2010-06-02 00:00:00,399,400,4,2400,959900,2010-06-02 00:00:00,1
2010-06-03 00:00:00,2010-06-03 00:00:00,408,2010-06-03 00:00:00,400,405.75,27,25200,10136225,2010-06-03 00:00:00,1
2010-06-04 00:00:00,2010-06-04 00:00:00,410.25,2010-06-04 00:00:00,405.25,410,16,24400,9906325,2010-06-04 00:00:00,1
2010-06-07 00:00:00,2010-06-07 00:00:00,418,2010-06-07 00:00:00,410,418,14,17300,7221800,2010-06-07 00:00:00,1
2010-06-08 00:00:00,2010-06-08 00:00:00,420,2010-06-08 00:00:00,419.5,420,10,27000,11339375,2010-06-08 00:00:00,1
2010-06-09 00:00:00,2010-06-09 00:00:00,420,2010-06-09 00:00:00,416,419.25,13,2700,1133325,2010-06-09 00:00:00,1
2010-06-10 00:00:00,2010-06-10 00:00:00,418,2010-06-10 00:00:00,415,415.5,12,16100,6687875,2010-06-10 00:00:00,1
2010-06-11 00:00:00,2010-06-11 00:00:00,416,2010-06-11 00:00:00,415,415.5,10,2700,1121700,2010-06-11 00:00:00,1
2010-06-14 00:00:00,2010-06-14 00:00:00,419.5,2010-06-14 00:00:00,415.25,416,7,800,333425,2010-06-14 00:00:00,1
2010-06-15 00:00:00,2010-06-15 00:00:00,415.25,2010-06-15 00:00:00,415.25,415.25,6,700,290675,2010-06-15 00:00:00,1
2010-06-16 00:00:00,2010-06-16 00:00:00,416,2010-06-16 00:00:00,415,415.25,11,11500,4782775,2010-06-16 00:00:00,1
2010-06-17 00:00:00,2010-06-17 00:00:00,415.25,2010-06-17 00:00:00,415,415,2,800,332025,2010-06-17 00:00:00,1
2010-06-21 00:00:00,2010-06-21 00:00:00,419.75,2010-06-21 00:00:00,415,419.75,7,17800,7470075,2010-06-21 00:00:00,1
2010-06-22 00:00:00,2010-06-22 00:00:00,419.75,2010-06-22 00:00:00,415,415.25,18,9200,3819450,2010-06-22 00:00:00,1
2010-06-23 00:00:00,2010-06-23 00:00:00,416,2010-06-23 00:00:00,410,410.75,5,600,247900,2010-06-23 00:00:00,1
2010-06-24 00:00:00,2010-06-24 00:00:00,510,2010-06-24 00:00:00,410,475.25,43,20300,9225325,2010-06-24 00:00:00,1
2010-06-28 00:00:00,2010-06-28 00:00:00,530,2010-06-28 00:00:00,495,499,57,15300,7979900,2010-06-28 00:00:00,1
2010-06-29 00:00:00,2010-06-29 00:00:00,500,2010-06-29 00:00:00,480,495,7,11900,5888550,2010-06-29 00:00:00,1
2010-06-30 00:00:00,2010-06-30 00:00:00,500,2010-06-30 00:00:00,490,499.25,21,7600,3794350,2010-06-30 00:00:00,1
2010-07-01 00:00:00,2010-07-01 00:00:00,500,2010-07-01 00:00:00,495,495,16,61500,30554375,2010-07-01 00:00:00,1
2010-07-02 00:00:00,2010-07-02 00:00:00,495,2010-07-02 00:00:00,490,490,4,4000,1975000,2010-07-02 00:00:00,1
2010-07-05 00:00:00,2010-07-05 00:00:00,490,2010-07-05 00:00:00,475.25,477.25,10,3400,1661775,2010-07-05 00:00:00,1
2010-07-06 00:00:00,2010-07-06 00:00:00,481,2010-07-06 00:00:00,480,480.5,9,2800,1345100,2010-07-06 00:00:00,1
2010-07-07 00:00:00,2010-07-07 00:00:00,481,2010-07-07 00:00:00,420,474,34,30400,14477300,2010-07-07 00:00:00,1
2010-07-08 00:00:00,2010-07-08 00:00:00,480,2010-07-08 00:00:00,475,480,8,31900,15308500,2010-07-08 00:00:00,1
2010-07-09 00:00:00,2010-07-09 00:00:00,485,2010-07-09 00:00:00,482,483.5,3,300,145200,2010-07-09 00:00:00,1
2010-07-12 00:00:00,2010-07-12 00:00:00,485,2010-07-12 00:00:00,483,485,9,15900,7694900,2010-07-12 00:00:00,1
2010-07-13 00:00:00,2010-07-13 00:00:00,489.75,2010-07-13 00:00:00,485,485,9,9000,4365950,2010-07-13 00:00:00,1
2010-07-14 00:00:00,2010-07-14 00:00:00,490,2010-07-14 00:00:00,486,486,7,3700,1811800,2010-07-14 00:00:00,1
2010-07-15 00:00:00,2010-07-15 00:00:00,490,2010-07-15 00:00:00,489.75,490,3,300,146975,2010-07-15 00:00:00,1
2010-07-16 00:00:00,2010-07-16 00:00:00,500,2010-07-16 00:00:00,496,496,20,51600,25799100,2010-07-16 00:00:00,1
2010-07-19 00:00:00,2010-07-19 00:00:00,499,2010-07-19 00:00:00,495,497.25,10,2600,1295400,2010-07-19 00:00:00,1
2010-07-20 00:00:00,2010-07-20 00:00:00,492,2010-07-20 00:00:00,492,492,1,1500,738000,2010-07-20 00:00:00,1
2010-07-21 00:00:00,2010-07-21 00:00:00,493,2010-07-21 00:00:00,493,493,6,3200,1577600,2010-07-21 00:00:00,1
2010-07-22 00:00:00,2010-07-22 00:00:00,493,2010-07-22 00:00:00,492,493,5,800,393900,2010-07-22 00:00:00,1
2010-07-23 00:00:00,2010-07-23 00:00:00,493,2010-07-23 00:00:00,493,493,1,300,147900,2010-07-23 00:00:00,1
2010-07-26 00:00:00,2010-07-26 00:00:00,505,2010-07-26 00:00:00,500,500,26,14700,7352100,2010-07-26 00:00:00,1
2010-07-27 00:00:00,2010-07-27 00:00:00,500,2010-07-27 00:00:00,495,498.5,6,900,448000,2010-07-27 00:00:00,1
2010-07-28 00:00:00,2010-07-28 00:00:00,505,2010-07-28 00:00:00,499,500.5,24,14800,7401750,2010-07-28 00:00:00,1
2010-07-29 00:00:00,2010-07-29 00:00:00,530,2010-07-29 00:00:00,505,529.75,90,47000,24478500,2010-07-29 00:00:00,1
2010-07-30 00:00:00,2010-07-30 00:00:00,560,2010-07-30 00:00:00,530,550.75,58,38000,20880875,2010-07-30 00:00:00,1
2010-08-02 00:00:00,2010-08-02 00:00:00,560,2010-08-02 00:00:00,550,551.5,53,33200,18379560,2010-08-02 00:00:00,1
2010-08-03 00:00:00,2010-08-03 00:00:00,575,2010-08-03 00:00:00,560,569,38,33400,18955410,2010-08-03 00:00:00,1
2010-08-04 00:00:00,2010-08-04 00:00:00,575,2010-08-04 00:00:00,570.1,574.9,11,9200,5289510,2010-08-04 00:00:00,1
2010-08-05 00:00:00,2010-08-05 00:00:00,575,2010-08-05 00:00:00,525,547.9,41,29400,16055050,2010-08-05 00:00:00,1
2010-08-06 00:00:00,2010-08-06 00:00:00,550,2010-08-06 00:00:00,540,550,4,2300,1243510,2010-08-06 00:00:00,1
2010-08-09 00:00:00,2010-08-09 00:00:00,530,2010-08-09 00:00:00,525,525.2,20,11000,5777070,2010-08-09 00:00:00,1
2010-08-10 00:00:00,2010-08-10 00:00:00,570,2010-08-10 00:00:00,525,536.6,30,27300,14547260,2010-08-10 00:00:00,1
2010-08-11 00:00:00,2010-08-11 00:00:00,569,2010-08-11 00:00:00,535,550,40,37300,20704100,2010-08-11 00:00:00,1
2010-08-12 00:00:00,2010-08-12 00:00:00,536,2010-08-12 00:00:00,530,536,4,500,266200,2010-08-12 00:00:00,1
2010-08-13 00:00:00,2010-08-13 00:00:00,560,2010-08-13 00:00:00,549.9,560,18,55500,30577990,2010-08-13 00:00:00,1
2010-08-16 00:00:00,2010-08-16 00:00:00,575,2010-08-16 00:00:00,559,569.9,141,261300,147114780,2010-08-16 00:00:00,1
2010-08-17 00:00:00,2010-08-17 00:00:00,590,2010-08-17 00:00:00,580,581.2,109,54900,32106540,2010-08-17 00:00:00,1
2010-08-18 00:00:00,2010-08-18 00:00:00,582.1,2010-08-18 00:00:00,575.1,577.7,38,51300,29729170,2010-08-18 00:00:00,1
2010-08-19 00:00:00,2010-08-19 00:00:00,580,2010-08-19 00:00:00,570,573.1,33,23600,13544550,2010-08-19 00:00:00,1
2010-08-20 00:00:00,2010-08-20 00:00:00,575,2010-08-20 00:00:00,570,570,36,17300,9899560,2010-08-20 00:00:00,1
2010-08-23 00:00:00,2010-08-23 00:00:00,580,2010-08-23 00:00:00,575,579.6,20,8000,4639400,2010-08-23 00:00:00,1
2010-08-25 00:00:00,2010-08-25 00:00:00,585,2010-08-25 00:00:00,578,580.3,53,141800,82249670,2010-08-25 00:00:00,1
2010-08-26 00:00:00,2010-08-26 00:00:00,584,2010-08-26 00:00:00,570,579.5,57,175500,101794450,2010-08-26 00:00:00,1
2010-08-27 00:00:00,2010-08-27 00:00:00,590,2010-08-27 00:00:00,579.9,583.8,70,208500,121427170,2010-08-27 00:00:00,1
2010-08-30 00:00:00,2010-08-30 00:00:00,642.1,2010-08-30 00:00:00,580.1,642.1,197,164000,100484430,2010-08-30 00:00:00,1
2010-08-31 00:00:00,2010-08-31 00:00:00,706.3,2010-08-31 00:00:00,706.3,706.3,43,34400,24296720,2010-08-31 00:00:00,1
2010-09-01 00:00:00,2010-09-01 00:00:00,776.9,2010-09-01 00:00:00,676.1,698.3,277,118500,88227330,2010-09-01 00:00:00,1
2010-09-02 00:00:00,2010-09-02 00:00:00,709,2010-09-02 00:00:00,698,699.5,151,79200,55471080,2010-09-02 00:00:00,1
2010-09-03 00:00:00,2010-09-03 00:00:00,750,2010-09-03 00:00:00,700,724,95,63100,45390610,2010-09-03 00:00:00,1
2010-09-06 00:00:00,2010-09-06 00:00:00,724,2010-09-06 00:00:00,700,705,34,15300,10877410,2010-09-06 00:00:00,1
2010-09-07 00:00:00,2010-09-07 00:00:00,727.5,2010-09-07 00:00:00,690,722.8,50,49600,35784400,2010-09-07 00:00:00,1
2010-09-08 00:00:00,2010-09-08 00:00:00,730,2010-09-08 00:00:00,721,728.1,28,37400,27259210,2010-09-08 00:00:00,1
2010-09-09 00:00:00,2010-09-09 00:00:00,730,2010-09-09 00:00:00,720,728.4,44,39600,28600510,2010-09-09 00:00:00,1
2010-09-13 00:00:00,2010-09-13 00:00:00,801.2,2010-09-13 00:00:00,725,800.8,100,52100,40150200,2010-09-13 00:00:00,1
2010-09-14 00:00:00,2010-09-14 00:00:00,849,2010-09-14 00:00:00,781,821.7,97,34100,27811590,2010-09-14 00:00:00,1
2010-09-15 00:00:00,2010-09-15 00:00:00,844,2010-09-15 00:00:00,781,808,90,48000,38844050,2010-09-15 00:00:00,1
2010-09-16 00:00:00,2010-09-16 00:00:00,820,2010-09-16 00:00:00,805,818.9,28,17100,14009750,2010-09-16 00:00:00,1
2010-09-17 00:00:00,2010-09-17 00:00:00,900,2010-09-17 00:00:00,820,885.4,211,65800,57722150,2010-09-17 00:00:00,1
2010-09-20 00:00:00,2010-09-20 00:00:00,1000,2010-09-20 00:00:00,890,901,147,68600,62185030,2010-09-20 00:00:00,1
2010-09-21 00:00:00,2010-09-21 00:00:00,940,2010-09-21 00:00:00,910,923,68,51400,47675860,2010-09-21 00:00:00,1
2010-09-23 00:00:00,2010-09-23 00:00:00,949,2010-09-23 00:00:00,925,932.3,89,47600,44362160,2010-09-23 00:00:00,1
2010-09-24 00:00:00,2010-09-24 00:00:00,950,2010-09-24 00:00:00,916,925.2,58,27300,25443000,2010-09-24 00:00:00,1
2010-09-27 00:00:00,2010-09-27 00:00:00,949.9,2010-09-27 00:00:00,910,918.5,70,29600,27352070,2010-09-27 00:00:00,1
2010-09-28 00:00:00,2010-09-28 00:00:00,938,2010-09-28 00:00:00,910,912.6,21,11000,10240940,2010-09-28 00:00:00,1
2010-09-29 00:00:00,2010-09-29 00:00:00,920,2010-09-29 00:00:00,900,902.7,20,4100,3734310,2010-09-29 00:00:00,1
2010-09-30 00:00:00,2010-09-30 00:00:00,915,2010-09-30 00:00:00,895,899.9,36,15000,13535900,2010-09-30 00:00:00,1
2010-10-01 00:00:00,2010-10-01 00:00:00,914,2010-10-01 00:00:00,890,899.3,63,37400,33632870,2010-10-01 00:00:00,1
2010-10-04 00:00:00,2010-10-04 00:00:00,910,2010-10-04 00:00:00,890,894.9,58,63100,56697780,2010-10-04 00:00:00,1
2010-10-05 00:00:00,2010-10-05 00:00:00,900,2010-10-05 00:00:00,810,860.9,37,24200,21311950,2010-10-05 00:00:00,1
2010-10-06 00:00:00,2010-10-06 00:00:00,875,2010-10-06 00:00:00,825,825.7,50,15700,13474030,2010-10-06 00:00:00,1
2010-10-07 00:00:00,2010-10-07 00:00:00,848,2010-10-07 00:00:00,800,819.6,78,33400,27289270,2010-10-07 00:00:00,1
2010-10-08 00:00:00,2010-10-08 00:00:00,850,2010-10-08 00:00:00,799.2,847.6,51,28500,23578820,2010-10-08 00:00:00,1
2010-10-11 00:00:00,2010-10-11 00:00:00,850,2010-10-11 00:00:00,820,823.6,8,9200,7760000,2010-10-11 00:00:00,1
2010-10-12 00:00:00,2010-10-12 00:00:00,801,2010-10-12 00:00:00,760,772.2,82,24800,19427790,2010-10-12 00:00:00,1
2010-10-13 00:00:00,2010-10-13 00:00:00,770,2010-10-13 00:00:00,700,756.4,124,51200,37472500,2010-10-13 00:00:00,1
2010-10-14 00:00:00,2010-10-14 00:00:00,819,2010-10-14 00:00:00,775,792.8,101,62100,49536600,2010-10-14 00:00:00,1
2010-10-15 00:00:00,2010-10-15 00:00:00,800,2010-10-15 00:00:00,780,786.3,12,2400,1880460,2010-10-15 00:00:00,1
2010-10-18 00:00:00,2010-10-18 00:00:00,800,2010-10-18 00:00:00,790,791.1,29,30500,24376000,2010-10-18 00:00:00,1
2010-10-19 00:00:00,2010-10-19 00:00:00,799,2010-10-19 00:00:00,758,782.4,8,900,705000,2010-10-19 00:00:00,1
2010-10-20 00:00:00,2010-10-20 00:00:00,799,2010-10-20 00:00:00,795,795,4,400,318800,2010-10-20 00:00:00,1
2010-10-21 00:00:00,2010-10-21 00:00:00,800,2010-10-21 00:00:00,770,774.2,12,2500,1981600,2010-10-21 00:00:00,1
2010-10-25 00:00:00,2010-10-25 00:00:00,775,2010-10-25 00:00:00,751.1,764.7,11,2400,1851530,2010-10-25 00:00:00,1
2010-10-26 00:00:00,2010-10-26 00:00:00,775,2010-10-26 00:00:00,770,770,13,4100,3172980,2010-10-26 00:00:00,1
2010-10-27 00:00:00,2010-10-27 00:00:00,775,2010-10-27 00:00:00,750,760,8,1200,915990,2010-10-27 00:00:00,1
2010-10-28 00:00:00,2010-10-28 00:00:00,775.1,2010-10-28 00:00:00,760,768.3,28,24300,18549330,2010-10-28 00:00:00,1
2010-10-29 00:00:00,2010-10-29 00:00:00,775,2010-10-29 00:00:00,760,760,25,10300,7861100,2010-10-29 00:00:00,1
2010-11-01 00:00:00,2010-11-01 00:00:00,761.2,2010-11-01 00:00:00,760,761,7,5400,4104690,2010-11-01 00:00:00,1
2010-11-02 00:00:00,2010-11-02 00:00:00,761,2010-11-02 00:00:00,760,760.2,3,600,456200,2010-11-02 00:00:00,1
2010-11-03 00:00:00,2010-11-03 00:00:00,760,2010-11-03 00:00:00,750,750.1,12,3600,2712710,2010-11-03 00:00:00,1
2010-11-04 00:00:00,2010-11-04 00:00:00,759,2010-11-04 00:00:00,750,750.3,10,5300,3978900,2010-11-04 00:00:00,1
2010-11-08 00:00:00,2010-11-08 00:00:00,750,2010-11-08 00:00:00,710,711.8,10,5800,4136120,2010-11-08 00:00:00,1
2010-11-09 00:00:00,2010-11-09 00:00:00,726,2010-11-09 00:00:00,722,723.6,13,6800,4923720,2010-11-09 00:00:00,1
2010-11-10 00:00:00,2010-11-10 00:00:00,799,2010-11-10 00:00:00,710,710.5,38,25300,18170160,2010-11-10 00:00:00,1
2010-11-11 00:00:00,2010-11-11 00:00:00,712.1,2010-11-11 00:00:00,701,709.4,28,16200,11501500,2010-11-11 00:00:00,1
2010-11-12 00:00:00,2010-11-12 00:00:00,735,2010-11-12 00:00:00,705,720.8,26,15800,11252760,2010-11-12 00:00:00,1
2010-11-15 00:00:00,2010-11-15 00:00:00,717,2010-11-15 00:00:00,702,702.8,20,7300,5156620,2010-11-15 00:00:00,1
2010-11-16 00:00:00,2010-11-16 00:00:00,710,2010-11-16 00:00:00,703,707.8,11,1700,1201400,2010-11-16 00:00:00,1
2010-11-18 00:00:00,2010-11-18 00:00:00,725,2010-11-18 00:00:00,710,721.2,28,13000,9317940,2010-11-18 00:00:00,1
2010-11-22 00:00:00,2010-11-22 00:00:00,740,2010-11-22 00:00:00,715,729.5,26,17100,12453900,2010-11-22 00:00:00,1
2010-11-23 00:00:00,2010-11-23 00:00:00,740,2010-11-23 00:00:00,715.3,719.1,43,44500,32528360,2010-11-23 00:00:00,1
2010-11-24 00:00:00,2010-11-24 00:00:00,725,2010-11-24 00:00:00,715.2,724.9,19,22200,16092050,2010-11-24 00:00:00,1
2010-11-25 00:00:00,2010-11-25 00:00:00,725,2010-11-25 00:00:00,715.1,724.9,13,15000,10870290,2010-11-25 00:00:00,1
2010-11-26 00:00:00,2010-11-26 00:00:00,725,2010-11-26 00:00:00,720,725,28,34800,25176300,2010-11-26 00:00:00,1
2010-11-29 00:00:00,2010-11-29 00:00:00,740,2010-11-29 00:00:00,710,712.1,24,13100,9357750,2010-11-29 00:00:00,1
2010-11-30 00:00:00,2010-11-30 00:00:00,750,2010-11-30 00:00:00,719,719.9,60,136300,97917040,2010-11-30 00:00:00,1
2010-12-01 00:00:00,2010-12-01 00:00:00,745,2010-12-01 00:00:00,720,745,21,15500,11411590,2010-12-01 00:00:00,1
2010-12-02 00:00:00,2010-12-02 00:00:00,745,2010-12-02 00:00:00,725,730.1,10,1200,883640,2010-12-02 00:00:00,1
2010-12-03 00:00:00,2010-12-03 00:00:00,738,2010-12-03 00:00:00,720,737.9,11,12300,9061500,2010-12-03 00:00:00,1
2010-12-06 00:00:00,2010-12-06 00:00:00,748,2010-12-06 00:00:00,740,740,13,11200,8294630,2010-12-06 00:00:00,1
2010-12-07 00:00:00,2010-12-07 00:00:00,740,2010-12-07 00:00:00,740,740,26,26700,19758000,2010-12-07 00:00:00,1
2010-12-08 00:00:00,2010-12-08 00:00:00,740,2010-12-08 00:00:00,735,740,29,38400,28415500,2010-12-08 00:00:00,1
2010-12-09 00:00:00,2010-12-09 00:00:00,741,2010-12-09 00:00:00,740,740,27,29500,21830450,2010-12-09 00:00:00,1
2010-12-10 00:00:00,2010-12-10 00:00:00,742,2010-12-10 00:00:00,730,741.1,9,3600,2649480,2010-12-10 00:00:00,1
2010-12-13 00:00:00,2010-12-13 00:00:00,749,2010-12-13 00:00:00,740,745,31,14900,11076230,2010-12-13 00:00:00,1
2010-12-14 00:00:00,2010-12-14 00:00:00,753,2010-12-14 00:00:00,745,750.2,40,33000,24687590,2010-12-14 00:00:00,1
2010-12-15 00:00:00,2010-12-15 00:00:00,755,2010-12-15 00:00:00,745.1,755,11,6500,4903410,2010-12-15 00:00:00,1
2010-12-16 00:00:00,2010-12-16 00:00:00,760,2010-12-16 00:00:00,750,755.4,19,7900,5969530,2010-12-16 00:00:00,1
2010-12-17 00:00:00,2010-12-17 00:00:00,761,2010-12-17 00:00:00,755,759.8,16,8900,6760130,2010-12-17 00:00:00,1
2010-12-21 00:00:00,2010-12-21 00:00:00,780,2010-12-21 00:00:00,761,766.7,12,1800,1379740,2010-12-21 00:00:00,1
2010-12-22 00:00:00,2010-12-22 00:00:00,819.9,2010-12-22 00:00:00,770,801.7,67,26900,21519590,2010-12-22 00:00:00,1
2010-12-23 00:00:00,2010-12-23 00:00:00,843,2010-12-23 00:00:00,819,836.4,22,5600,4672990,2010-12-23 00:00:00,1
2010-12-24 00:00:00,2010-12-24 00:00:00,835,2010-12-24 00:00:00,835,835,1,2500,2087500,2010-12-24 00:00:00,1
2010-12-27 00:00:00,2010-12-27 00:00:00,843,2010-12-27 00:00:00,835,835.3,11,1900,1593750,2010-12-27 00:00:00,1
2010-12-28 00:00:00,2010-12-28 00:00:00,840,2010-12-28 00:00:00,830,830.4,16,2200,1829540,2010-12-28 00:00:00,1
2010-12-29 00:00:00,2010-12-29 00:00:00,830,2010-12-29 00:00:00,825,830,21,5600,4635910,2010-12-29 00:00:00,1
2010-12-30 00:00:00,2010-12-30 00:00:00,830,2010-12-30 00:00:00,814,825,40,8900,7336500,2010-12-30 00:00:00,1
2010-12-31 00:00:00,2010-12-31 00:00:00,825,2010-12-31 00:00:00,815,818.5,18,8300,6794190,2010-12-31 00:00:00,1
Company Id :  CFLB,,Security Type :  N,,Sub Type :  0000,,,,,,
Short Name :  FORT LAND,,,,,,,,,,
Day,Date High,High,Date Low,Low,Closing,No. of Trades,No. of Shares,Turnover,Last Traded,Days Traded
2010-01-04 00:00:00,2010-01-04 00:00:00,31.5,2010-01-04 00:00:00,30.5,31.5,23,34900,1090550,2010-01-04 00:00:00,1
2010-01-05 00:00:00,2010-01-05 00:00:00,32.5,2010-01-05 00:00:00,31.25,32,74,252500,8078625,2010-01-05 00:00:00,1
2010-01-06 00:00:00,2010-01-06 00:00:00,33,2010-01-06 00:00:00,31.5,32.25,44,101600,3260950,2010-01-06 00:00:00,1
2010-01-07 00:00:00,2010-01-07 00:00:00,34,2010-01-07 00:00:00,32.25,33.75,76,72500,2412225,2010-01-07 00:00:00,1
2010-01-08 00:00:00,2010-01-08 00:00:00,34,2010-01-08 00:00:00,33,33.5,27,29600,987325,2010-01-08 00:00:00,1
2010-01-11 00:00:00,2010-01-11 00:00:00,35,2010-01-11 00:00:00,34,34,60,81400,2802425,2010-01-11 00:00:00,1
2010-01-12 00:00:00,2010-01-12 00:00:00,34,2010-01-12 00:00:00,33.25,34,5,6700,225150,2010-01-12 00:00:00,1
2010-01-13 00:00:00,2010-01-13 00:00:00,33.5,2010-01-13 00:00:00,33,33.25,14,39900,1328825,2010-01-13 00:00:00,1
2010-01-15 00:00:00,2010-01-15 00:00:00,34,2010-01-15 00:00:00,33,33.5,6,12400,416925,2010-01-15 00:00:00,1
2010-01-18 00:00:00,2010-01-18 00:00:00,33.5,2010-01-18 00:00:00,33,33,13,23400,774950,2010-01-18 00:00:00,1
2010-01-19 00:00:00,2010-01-19 00:00:00,33.5,2010-01-19 00:00:00,32,32.25,17,32700,1071875,2010-01-19 00:00:00,1
2010-01-20 00:00:00,2010-01-20 00:00:00,33,2010-01-20 00:00:00,33,33,4,6000,198000,2010-01-20 00:00:00,1
2010-01-21 00:00:00,2010-01-21 00:00:00,33,2010-01-21 00:00:00,32.75,33,7,8700,286925,2010-01-21 00:00:00,1
2010-01-22 00:00:00,2010-01-22 00:00:00,34.5,2010-01-22 00:00:00,33,33,23,29200,973550,2010-01-22 00:00:00,1
2010-01-25 00:00:00,2010-01-25 00:00:00,35,2010-01-25 00:00:00,32.25,33,29,61200,2047550,2010-01-25 00:00:00,1
2010-01-26 00:00:00,2010-01-26 00:00:00,32.25,2010-01-26 00:00:00,32.25,32.25,1,100,3225,2010-01-26 00:00:00,1
2010-01-28 00:00:00,2010-01-28 00:00:00,33,2010-01-28 00:00:00,32,32.25,25,105000,3375750,2010-01-28 00:00:00,1
2010-02-01 00:00:00,2010-02-01 00:00:00,34.75,2010-02-01 00:00:00,32.25,34,31,319100,10735100,2010-02-01 00:00:00,1
2010-02-02 00:00:00,2010-02-02 00:00:00,34.5,2010-02-02 00:00:00,33.5,33.5,20,75900,2578125,2010-02-02 00:00:00,1
2010-02-03 00:00:00,2010-02-03 00:00:00,34.75,2010-02-03 00:00:00,33.5,34,10,71100,2415475,2010-02-03 00:00:00,1
2010-02-05 00:00:00,2010-02-05 00:00:00,35.75,2010-02-05 00:00:00,34,35.5,48,94000,3252450,2010-02-05 00:00:00,1
2010-02-08 00:00:00,2010-02-08 00:00:00,36.25,2010-02-08 00:00:00,34.5,36,26,76400,2744225,2010-02-08 00:00:00,1
2010-02-09 00:00:00,2010-02-09 00:00:00,36,2010-02-09 00:00:00,33.75,36,31,52900,1862000,2010-02-09 00:00:00,1
2010-02-10 00:00:00,2010-02-10 00:00:00,37,2010-02-10 00:00:00,34.5,35.5,42,93700,3398800,2010-02-10 00:00:00,1
2010-02-11 00:00:00,2010-02-11 00:00:00,35.25,2010-02-11 00:00:00,34.5,34.75,4,1300,45225,2010-02-11 00:00:00,1
2010-02-12 00:00:00,2010-02-12 00:00:00,37,2010-02-12 00:00:00,34.5,35,45,123500,4333275,2010-02-12 00:00:00,1
2010-02-15 00:00:00,2010-02-15 00:00:00,40.25,2010-02-15 00:00:00,36.75,39,336,703900,27314200,2010-02-15 00:00:00,1
2010-02-16 00:00:00,2010-02-16 00:00:00,47.25,2010-02-16 00:00:00,40,46,794,1212400,54020250,2010-02-16 00:00:00,1
2010-02-17 00:00:00,2010-02-17 00:00:00,48,2010-02-17 00:00:00,45,46,221,345100,16063350,2010-02-17 00:00:00,1
2010-02-18 00:00:00,2010-02-18 00:00:00,67.75,2010-02-18 00:00:00,48,61.75,1119,1467700,85571275,2010-02-18 00:00:00,1
2010-02-19 00:00:00,2010-02-19 00:00:00,71.5,2010-02-19 00:00:00,63,68,643,1015200,69277950,2010-02-19 00:00:00,1
2010-02-22 00:00:00,2010-02-22 00:00:00,70,2010-02-22 00:00:00,66,67,118,168200,11509225,2010-02-22 00:00:00,1
2010-02-23 00:00:00,2010-02-23 00:00:00,68.75,2010-02-23 00:00:00,64,67.75,97,103200,6866250,2010-02-23 00:00:00,1
2010-02-24 00:00:00,2010-02-24 00:00:00,67.5,2010-02-24 00:00:00,65,66,51,77200,5123475,2010-02-24 00:00:00,1
2010-02-25 00:00:00,2010-02-25 00:00:00,66,2010-02-25 00:00:00,63,66,28,67000,4393725,2010-02-25 00:00:00,1
2010-02-26 00:00:00,2010-02-26 00:00:00,66,2010-02-26 00:00:00,64,65.25,9,20600,1335050,2010-02-26 00:00:00,1
2010-03-01 00:00:00,2010-03-01 00:00:00,65,2010-03-01 00:00:00,62.5,63,33,65300,4111550,2010-03-01 00:00:00,1
2010-03-02 00:00:00,2010-03-02 00:00:00,67,2010-03-02 00:00:00,60,60.75,53,65900,4066675,2010-03-02 00:00:00,1
2010-03-03 00:00:00,2010-03-03 00:00:00,63,2010-03-03 00:00:00,60,60.75,25,17700,1070425,2010-03-03 00:00:00,1
2010-03-04 00:00:00,2010-03-04 00:00:00,63,2010-03-04 00:00:00,60,60.25,36,45800,2763025,2010-03-04 00:00:00,1
2010-03-05 00:00:00,2010-03-05 00:00:00,61.75,2010-03-05 00:00:00,59.5,60,42,104100,6249100,2010-03-05 00:00:00,1
2010-03-08 00:00:00,2010-03-08 00:00:00,60.75,2010-03-08 00:00:00,59.5,60,35,78400,4699175,2010-03-08 00:00:00,1
2010-03-09 00:00:00,2010-03-09 00:00:00,60.25,2010-03-09 00:00:00,59.75,60,58,113000,6772450,2010-03-09 00:00:00,1
2010-03-10 00:00:00,2010-03-10 00:00:00,60,2010-03-10 00:00:00,59.5,59.5,27,37000,2206075,2010-03-10 00:00:00,1
2010-03-11 00:00:00,2010-03-11 00:00:00,66.75,2010-03-11 00:00:00,59,65.75,274,351100,22442875,2010-03-11 00:00:00,1
2010-03-12 00:00:00,2010-03-12 00:00:00,69,2010-03-12 00:00:00,65,66,134,134300,9049475,2010-03-12 00:00:00,1
2010-03-15 00:00:00,2010-03-15 00:00:00,67,2010-03-15 00:00:00,65,65.25,85,112000,7359650,2010-03-15 00:00:00,1
2010-03-16 00:00:00,2010-03-16 00:00:00,64.75,2010-03-16 00:00:00,62,62.5,44,81700,5084425,2010-03-16 00:00:00,1
2010-03-17 00:00:00,2010-03-17 00:00:00,64,2010-03-17 00:00:00,63,63.5,2,2000,127000,2010-03-17 00:00:00,1
2010-03-18 00:00:00,2010-03-18 00:00:00,65.5,2010-03-18 00:00:00,62.5,65,56,64000,4143025,2010-03-18 00:00:00,1
2010-03-19 00:00:00,2010-03-19 00:00:00,65,2010-03-19 00:00:00,62,62.5,17,22400,1404725,2010-03-19 00:00:00,1
2010-03-22 00:00:00,2010-03-22 00:00:00,64,2010-03-22 00:00:00,62.5,63,7,2700,169900,2010-03-22 00:00:00,1
2010-03-23 00:00:00,2010-03-23 00:00:00,64,2010-03-23 00:00:00,62,62.5,29,13100,817925,2010-03-23 00:00:00,1
2010-03-24 00:00:00,2010-03-24 00:00:00,63,2010-03-24 00:00:00,61.5,62.75,16,19600,1220025,2010-03-24 00:00:00,1
2010-03-25 00:00:00,2010-03-25 00:00:00,66.5,2010-03-25 00:00:00,62,64.75,26,38400,2476550,2010-03-25 00:00:00,1
2010-03-26 00:00:00,2010-03-26 00:00:00,67,2010-03-26 00:00:00,64.25,65,9,7400,484750,2010-03-26 00:00:00,1
2010-03-30 00:00:00,2010-03-30 00:00:00,64.25,2010-03-30 00:00:00,63,63.5,12,13000,829250,2010-03-30 00:00:00,1
2010-03-31 00:00:00,2010-03-31 00:00:00,65,2010-03-31 00:00:00,64,64.5,27,56200,3638750,2010-03-31 00:00:00,1
2010-04-01 00:00:00,2010-04-01 00:00:00,66.5,2010-04-01 00:00:00,65,66,22,20700,1357300,2010-04-01 00:00:00,1
2010-04-05 00:00:00,2010-04-05 00:00:00,69,2010-04-05 00:00:00,66,68.5,102,108000,7358500,2010-04-05 00:00:00,1
2010-04-06 00:00:00,2010-04-06 00:00:00,72,2010-04-06 00:00:00,69.25,70.5,111,125400,8876675,2010-04-06 00:00:00,1
2010-04-07 00:00:00,2010-04-07 00:00:00,72,2010-04-07 00:00:00,70.5,70.75,72,86400,6161825,2010-04-07 00:00:00,1
2010-04-08 00:00:00,2010-04-08 00:00:00,71.25,2010-04-08 00:00:00,70.5,71,50,97900,6951575,2010-04-08 00:00:00,1
2010-04-12 00:00:00,2010-04-12 00:00:00,78,2010-04-12 00:00:00,71,76,119,146900,11021975,2010-04-12 00:00:00,1
2010-04-15 00:00:00,2010-04-15 00:00:00,90.25,2010-04-15 00:00:00,78,90,384,451400,39500325,2010-04-15 00:00:00,1
2010-04-16 00:00:00,2010-04-16 00:00:00,95,2010-04-16 00:00:00,85.25,86.75,119,119400,10715175,2010-04-16 00:00:00,1
2010-04-19 00:00:00,2010-04-19 00:00:00,92,2010-04-19 00:00:00,85.5,86.25,60,65700,5791100,2010-04-19 00:00:00,1
2010-04-20 00:00:00,2010-04-20 00:00:00,92.5,2010-04-20 00:00:00,85.5,91.25,158,163900,14770975,2010-04-20 00:00:00,1
2010-04-21 00:00:00,2010-04-21 00:00:00,90,2010-04-21 00:00:00,88,88,18,6300,563700,2010-04-21 00:00:00,1
2010-04-22 00:00:00,2010-04-22 00:00:00,91,2010-04-22 00:00:00,88.5,89.25,38,60800,5460450,2010-04-22 00:00:00,1
2010-04-23 00:00:00,2010-04-23 00:00:00,91.75,2010-04-23 00:00:00,89,89.25,48,44700,4050100,2010-04-23 00:00:00,1
2010-04-26 00:00:00,2010-04-26 00:00:00,92,2010-04-26 00:00:00,88,89.25,104,115500,10404200,2010-04-26 00:00:00,1
2010-04-27 00:00:00,2010-04-27 00:00:00,99,2010-04-27 00:00:00,88.25,95.25,150,299300,27542100,2010-04-27 00:00:00,1
2010-04-29 00:00:00,2010-04-29 00:00:00,94,2010-04-29 00:00:00,90,91.75,15,6100,553800,2010-04-29 00:00:00,1
2010-04-30 00:00:00,2010-04-30 00:00:00,91.75,2010-04-30 00:00:00,89.25,90,6,2500,225200,2010-04-30 00:00:00,1
2010-05-03 00:00:00,2010-05-03 00:00:00,94,2010-05-03 00:00:00,90,90.25,32,25400,2309950,2010-05-03 00:00:00,1
2010-05-04 00:00:00,2010-05-04 00:00:00,93,2010-05-04 00:00:00,90,90,27,46000,4145650,2010-05-04 00:00:00,1
2010-05-05 00:00:00,2010-05-05 00:00:00,93,2010-05-05 00:00:00,88,88.75,20,28100,2529875,2010-05-05 00:00:00,1
2010-05-06 00:00:00,2010-05-06 00:00:00,90,2010-05-06 00:00:00,85,86,27,78800,6775075,2010-05-06 00:00:00,1
2010-05-07 00:00:00,2010-05-07 00:00:00,93,2010-05-07 00:00:00,87.5,87.75,27,20800,1871050,2010-05-07 00:00:00,1
2010-05-10 00:00:00,2010-05-10 00:00:00,92,2010-05-10 00:00:00,87,89.25,32,27800,2493475,2010-05-10 00:00:00,1
2010-05-11 00:00:00,2010-05-11 00:00:00,90,2010-05-11 00:00:00,88.5,89.5,11,15100,1351250,2010-05-11 00:00:00,1
2010-05-12 00:00:00,2010-05-12 00:00:00,90,2010-05-12 00:00:00,89,89,5,2700,241250,2010-05-12 00:00:00,1
2010-05-13 00:00:00,2010-05-13 00:00:00,91.5,2010-05-13 00:00:00,86,90,58,108200,9594200,2010-05-13 00:00:00,1
2010-05-14 00:00:00,2010-05-14 00:00:00,91.25,2010-05-14 00:00:00,90,90.5,17,42500,3845525,2010-05-14 00:00:00,1
2010-05-17 00:00:00,2010-05-17 00:00:00,90,2010-05-17 00:00:00,89.5,90,2,2400,215800,2010-05-17 00:00:00,1
2010-05-18 00:00:00,2010-05-18 00:00:00,90,2010-05-18 00:00:00,86,87.25,15,19100,1661250,2010-05-18 00:00:00,1
2010-05-19 00:00:00,2010-05-19 00:00:00,89,2010-05-19 00:00:00,86.75,87.5,10,23000,2002850,2010-05-19 00:00:00,1
2010-05-20 00:00:00,2010-05-20 00:00:00,87.5,2010-05-20 00:00:00,87.25,87.5,6,7600,664975,2010-05-20 00:00:00,1
2010-05-21 00:00:00,2010-05-21 00:00:00,99,2010-05-21 00:00:00,89.5,97.75,334,345900,33400000,2010-05-21 00:00:00,1
2010-05-24 00:00:00,2010-05-24 00:00:00,105.5,2010-05-24 00:00:00,99.5,101.75,299,286000,29363500,2010-05-24 00:00:00,1
2010-05-25 00:00:00,2010-05-25 00:00:00,103.5,2010-05-25 00:00:00,99.5,100,85,86700,8721375,2010-05-25 00:00:00,1
2010-05-26 00:00:00,2010-05-26 00:00:00,105,2010-05-26 00:00:00,100,104,91,102800,10539150,2010-05-26 00:00:00,1
2010-05-31 00:00:00,2010-05-31 00:00:00,106.5,2010-05-31 00:00:00,102,102,83,97400,10161500,2010-05-31 00:00:00,1
2010-06-01 00:00:00,2010-06-01 00:00:00,106,2010-06-01 00:00:00,102,104.25,66,70700,7347000,2010-06-01 00:00:00,1
2010-06-02 00:00:00,2010-06-02 00:00:00,106,2010-06-02 00:00:00,102.5,104.75,62,92100,9628825,2010-06-02 00:00:00,1
2010-06-03 00:00:00,2010-06-03 00:00:00,107.5,2010-06-03 00:00:00,104.5,106.5,71,78400,8317975,2010-06-03 00:00:00,1
2010-06-04 00:00:00,2010-06-04 00:00:00,107.5,2010-06-04 00:00:00,103.25,104.25,47,93500,9778600,2010-06-04 00:00:00,1
2010-06-07 00:00:00,2010-06-07 00:00:00,105,2010-06-07 00:00:00,104,104.75,35,50400,5284750,2010-06-07 00:00:00,1
2010-06-08 00:00:00,2010-06-08 00:00:00,104.5,2010-06-08 00:00:00,100,102.75,27,43900,4441075,2010-06-08 00:00:00,1
2010-06-09 00:00:00,2010-06-09 00:00:00,103,2010-06-09 00:00:00,101.5,102.5,31,56300,5747950,2010-06-09 00:00:00,1
2010-06-10 00:00:00,2010-06-10 00:00:00,110,2010-06-10 00:00:00,103,106,74,99500,10667750,2010-06-10 00:00:00,1
2010-06-11 00:00:00,2010-06-11 00:00:00,106,2010-06-11 00:00:00,105,105.5,30,20700,2187525,2010-06-11 00:00:00,1
2010-06-14 00:00:00,2010-06-14 00:00:00,107.5,2010-06-14 00:00:00,105,106,27,29400,3115450,2010-06-14 00:00:00,1
2010-06-15 00:00:00,2010-06-15 00:00:00,111,2010-06-15 00:00:00,106,110.25,102,140600,15365450,2010-06-15 00:00:00,1
2010-06-16 00:00:00,2010-06-16 00:00:00,115,2010-06-16 00:00:00,112,112.25,96,114700,13050400,2010-06-16 00:00:00,1
2010-06-17 00:00:00,2010-06-17 00:00:00,111.75,2010-06-17 00:00:00,107.5,110,20,51500,5663900,2010-06-17 00:00:00,1
2010-06-21 00:00:00,2010-06-21 00:00:00,110.25,2010-06-21 00:00:00,105,106.5,18,30400,3302050,2010-06-21 00:00:00,1
2010-06-22 00:00:00,2010-06-22 00:00:00,110,2010-06-22 00:00:00,106,106.75,12,19000,2059050,2010-06-22 00:00:00,1
2010-06-23 00:00:00,2010-06-23 00:00:00,109.75,2010-06-23 00:00:00,106,106,23,25500,2737150,2010-06-23 00:00:00,1
2010-06-24 00:00:00,2010-06-24 00:00:00,106,2010-06-24 00:00:00,104,104,5,2500,262000,2010-06-24 00:00:00,1
2010-06-28 00:00:00,2010-06-28 00:00:00,109,2010-06-28 00:00:00,101,105.75,8,5900,619300,2010-06-28 00:00:00,1
2010-06-29 00:00:00,2010-06-29 00:00:00,108.5,2010-06-29 00:00:00,102,105,5,5400,566025,2010-06-29 00:00:00,1
2010-06-30 00:00:00,2010-06-30 00:00:00,106,2010-06-30 00:00:00,103,104.75,10,9100,952250,2010-06-30 00:00:00,1
2010-07-01 00:00:00,2010-07-01 00:00:00,110,2010-07-01 00:00:00,105,108.75,21,22400,2446900,2010-07-01 00:00:00,1
2010-07-05 00:00:00,2010-07-05 00:00:00,108,2010-07-05 00:00:00,104,105.75,22,29700,3162600,2010-07-05 00:00:00,1
2010-07-06 00:00:00,2010-07-06 00:00:00,103,2010-07-06 00:00:00,101,102,8,7200,733425,2010-07-06 00:00:00,1
2010-07-07 00:00:00,2010-07-07 00:00:00,102,2010-07-07 00:00:00,97,97,43,101600,10076575,2010-07-07 00:00:00,1
2010-07-08 00:00:00,2010-07-08 00:00:00,100.5,2010-07-08 00:00:00,95,100.5,16,33800,3258875,2010-07-08 00:00:00,1
2010-07-09 00:00:00,2010-07-09 00:00:00,97,2010-07-09 00:00:00,96.75,97,5,900,87100,2010-07-09 00:00:00,1
2010-07-12 00:00:00,2010-07-12 00:00:00,107,2010-07-12 00:00:00,100,105,43,30300,3127750,2010-07-12 00:00:00,1
2010-07-13 00:00:00,2010-07-13 00:00:00,106,2010-07-13 00:00:00,105,105,12,5100,538000,2010-07-13 00:00:00,1
2010-07-14 00:00:00,2010-07-14 00:00:00,105,2010-07-14 00:00:00,102,104,12,9000,941475,2010-07-14 00:00:00,1
2010-07-15 00:00:00,2010-07-15 00:00:00,108,2010-07-15 00:00:00,103,104.75,62,96200,10224225,2010-07-15 00:00:00,1
2010-07-16 00:00:00,2010-07-16 00:00:00,103.25,2010-07-16 00:00:00,103,103,6,4600,474050,2010-07-16 00:00:00,1
2010-07-19 00:00:00,2010-07-19 00:00:00,103.25,2010-07-19 00:00:00,103,103,15,17900,1844900,2010-07-19 00:00:00,1
2010-07-20 00:00:00,2010-07-20 00:00:00,105,2010-07-20 00:00:00,103,103.75,40,34200,3549600,2010-07-20 00:00:00,1
2010-07-21 00:00:00,2010-07-21 00:00:00,108,2010-07-21 00:00:00,105,107.25,32,46800,4974925,2010-07-21 00:00:00,1
2010-07-22 00:00:00,2010-07-22 00:00:00,111,2010-07-22 00:00:00,108,109.75,84,82600,9068475,2010-07-22 00:00:00,1
2010-07-23 00:00:00,2010-07-23 00:00:00,121,2010-07-23 00:00:00,110,118.75,181,160600,18821725,2010-07-23 00:00:00,1
2010-07-26 00:00:00,2010-07-26 00:00:00,122.25,2010-07-26 00:00:00,118.75,121.5,72,99600,12004825,2010-07-26 00:00:00,1
2010-07-27 00:00:00,2010-07-27 00:00:00,131,2010-07-27 00:00:00,123,129,221,246200,31579925,2010-07-27 00:00:00,1
2010-07-28 00:00:00,2010-07-28 00:00:00,132.5,2010-07-28 00:00:00,129,130,74,69000,9024850,2010-07-28 00:00:00,1
2010-07-29 00:00:00,2010-07-29 00:00:00,127,2010-07-29 00:00:00,125,125.5,16,15200,1908850,2010-07-29 00:00:00,1
2010-07-30 00:00:00,2010-07-30 00:00:00,131,2010-07-30 00:00:00,129.5,129.75,25,60500,7855500,2010-07-30 00:00:00,1
2010-08-02 00:00:00,2010-08-02 00:00:00,132,2010-08-02 00:00:00,128,131,23,23400,3037310,2010-08-02 00:00:00,1
2010-08-03 00:00:00,2010-08-03 00:00:00,135,2010-08-03 00:00:00,128,129.6,25,31400,4080880,2010-08-03 00:00:00,1
2010-08-04 00:00:00,2010-08-04 00:00:00,130,2010-08-04 00:00:00,130,130,5,15000,1950000,2010-08-04 00:00:00,1
2010-08-05 00:00:00,2010-08-05 00:00:00,132,2010-08-05 00:00:00,120,127.4,31,30900,3842810,2010-08-05 00:00:00,1
2010-08-06 00:00:00,2010-08-06 00:00:00,130,2010-08-06 00:00:00,125,129,13,9800,1264200,2010-08-06 00:00:00,1
2010-08-09 00:00:00,2010-08-09 00:00:00,127,2010-08-09 00:00:00,118,120,30,36800,4412650,2010-08-09 00:00:00,1
2010-08-10 00:00:00,2010-08-10 00:00:00,129.5,2010-08-10 00:00:00,108,125.8,39,85300,10342670,2010-08-10 00:00:00,1
2010-08-11 00:00:00,2010-08-11 00:00:00,127,2010-08-11 00:00:00,127,127,3,1200,152400,2010-08-11 00:00:00,1
2010-08-13 00:00:00,2010-08-13 00:00:00,127,2010-08-13 00:00:00,120,124.5,19,26600,3250900,2010-08-13 00:00:00,1
2010-08-16 00:00:00,2010-08-16 00:00:00,125,2010-08-16 00:00:00,120,125,11,12200,1499200,2010-08-16 00:00:00,1
2010-08-17 00:00:00,2010-08-17 00:00:00,136,2010-08-17 00:00:00,129,131,52,51700,6841320,2010-08-17 00:00:00,1
2010-08-18 00:00:00,2010-08-18 00:00:00,130.5,2010-08-18 00:00:00,129,130,16,12100,1572550,2010-08-18 00:00:00,1
2010-08-19 00:00:00,2010-08-19 00:00:00,131,2010-08-19 00:00:00,130,130,31,33100,4304900,2010-08-19 00:00:00,1
2010-08-20 00:00:00,2010-08-20 00:00:00,130.5,2010-08-20 00:00:00,130,130.1,12,6700,871500,2010-08-20 00:00:00,1
2010-08-23 00:00:00,2010-08-23 00:00:00,143.1,2010-08-23 00:00:00,134,143.1,104,122300,17071220,2010-08-23 00:00:00,1
2010-08-25 00:00:00,2010-08-25 00:00:00,157.4,2010-08-25 00:00:00,147,157.4,83,67200,10427730,2010-08-25 00:00:00,1
2010-08-26 00:00:00,2010-08-26 00:00:00,173,2010-08-26 00:00:00,154,168.3,173,175200,28941190,2010-08-26 00:00:00,1
2010-08-27 00:00:00,2010-08-27 00:00:00,180,2010-08-27 00:00:00,170,175.3,195,156700,27297490,2010-08-27 00:00:00,1
2010-08-30 00:00:00,2010-08-30 00:00:00,175.3,2010-08-30 00:00:00,169,169.8,25,16100,2760120,2010-08-30 00:00:00,1
2010-08-31 00:00:00,2010-08-31 00:00:00,170,2010-08-31 00:00:00,162,162,11,6500,1085710,2010-08-31 00:00:00,1
2010-09-01 00:00:00,2010-09-01 00:00:00,169,2010-09-01 00:00:00,165,167.8,35,21300,3566160,2010-09-01 00:00:00,1
2010-09-02 00:00:00,2010-09-02 00:00:00,174.5,2010-09-02 00:00:00,168,168.6,17,7200,1231400,2010-09-02 00:00:00,1
2010-09-03 00:00:00,2010-09-03 00:00:00,169.5,2010-09-03 00:00:00,160,165.8,46,47200,7676700,2010-09-03 00:00:00,1
2010-09-06 00:00:00,2010-09-06 00:00:00,169,2010-09-06 00:00:00,160,160.1,27,10600,1722660,2010-09-06 00:00:00,1
2010-09-07 00:00:00,2010-09-07 00:00:00,170.9,2010-09-07 00:00:00,162,162.1,24,13700,2221800,2010-09-07 00:00:00,1
2010-09-08 00:00:00,2010-09-08 00:00:00,176.8,2010-09-08 00:00:00,164,174.4,102,101200,17443210,2010-09-08 00:00:00,1
2010-09-09 00:00:00,2010-09-09 00:00:00,191.8,2010-09-09 00:00:00,180,191.8,151,256600,48440110,2010-09-09 00:00:00,1
2010-09-13 00:00:00,2010-09-13 00:00:00,200,2010-09-13 00:00:00,177.5,178.6,64,42100,8079080,2010-09-13 00:00:00,1
2010-09-14 00:00:00,2010-09-14 00:00:00,181,2010-09-14 00:00:00,172,180.3,59,30100,5377930,2010-09-14 00:00:00,1
2010-09-15 00:00:00,2010-09-15 00:00:00,184,2010-09-15 00:00:00,174,181.6,48,49000,8748230,2010-09-15 00:00:00,1
2010-09-16 00:00:00,2010-09-16 00:00:00,180,2010-09-16 00:00:00,175,177.7,18,33800,6058330,2010-09-16 00:00:00,1
2010-09-17 00:00:00,2010-09-17 00:00:00,179.9,2010-09-17 00:00:00,170,170.1,45,57700,9918810,2010-09-17 00:00:00,1
2010-09-20 00:00:00,2010-09-20 00:00:00,198,2010-09-20 00:00:00,169,190.5,177,153700,28404880,2010-09-20 00:00:00,1
2010-09-21 00:00:00,2010-09-21 00:00:00,199.5,2010-09-21 00:00:00,176,184.6,38,36900,7159620,2010-09-21 00:00:00,1
2010-09-23 00:00:00,2010-09-23 00:00:00,182,2010-09-23 00:00:00,180,180.3,13,12200,2199400,2010-09-23 00:00:00,1
2010-09-24 00:00:00,2010-09-24 00:00:00,180.3,2010-09-24 00:00:00,173.1,180.3,26,17700,3131720,2010-09-24 00:00:00,1
2010-09-27 00:00:00,2010-09-27 00:00:00,186.2,2010-09-27 00:00:00,180,180.2,35,40900,7436470,2010-09-27 00:00:00,1
2010-09-28 00:00:00,2010-09-28 00:00:00,184,2010-09-28 00:00:00,180,180,10,19300,3496120,2010-09-28 00:00:00,1
2010-09-29 00:00:00,2010-09-29 00:00:00,188.5,2010-09-29 00:00:00,180,184.1,32,43500,7932440,2010-09-29 00:00:00,1
2010-09-30 00:00:00,2010-09-30 00:00:00,186.9,2010-09-30 00:00:00,184,185,46,44700,8271980,2010-09-30 00:00:00,1
2010-10-01 00:00:00,2010-10-01 00:00:00,198.2,2010-10-01 00:00:00,185.3,192.8,107,282400,53173350,2010-10-01 00:00:00,1
2010-10-04 00:00:00,2010-10-04 00:00:00,200.1,2010-10-04 00:00:00,193,195,121,94400,18621000,2010-10-04 00:00:00,1
2010-10-05 00:00:00,2010-10-05 00:00:00,195,2010-10-05 00:00:00,180,193,149,146900,27709010,2010-10-05 00:00:00,1
2010-10-06 00:00:00,2010-10-06 00:00:00,194,2010-10-06 00:00:00,184,184.3,13,4100,765710,2010-10-06 00:00:00,1
2010-10-07 00:00:00,2010-10-07 00:00:00,190,2010-10-07 00:00:00,180,180,40,35200,6401750,2010-10-07 00:00:00,1
2010-10-08 00:00:00,2010-10-08 00:00:00,188,2010-10-08 00:00:00,178,182.1,79,95600,17406160,2010-10-08 00:00:00,1
2010-10-11 00:00:00,2010-10-11 00:00:00,183,2010-10-11 00:00:00,180,180,52,36900,6671170,2010-10-11 00:00:00,1
2010-10-12 00:00:00,2010-10-12 00:00:00,179,2010-10-12 00:00:00,170,172.9,31,30600,5297850,2010-10-12 00:00:00,1
2010-10-13 00:00:00,2010-10-13 00:00:00,177,2010-10-13 00:00:00,158,171.3,96,64400,10688990,2010-10-13 00:00:00,1
2010-10-14 00:00:00,2010-10-14 00:00:00,182,2010-10-14 00:00:00,170,171.8,30,13800,2444540,2010-10-14 00:00:00,1
2010-10-15 00:00:00,2010-10-15 00:00:00,175,2010-10-15 00:00:00,169,170.6,16,13000,2214300,2010-10-15 00:00:00,1
2010-10-18 00:00:00,2010-10-18 00:00:00,176,2010-10-18 00:00:00,170,171.1,54,48600,8380040,2010-10-18 00:00:00,1
2010-10-19 00:00:00,2010-10-19 00:00:00,176,2010-10-19 00:00:00,169.5,172.7,69,108000,18778140,2010-10-19 00:00:00,1
2010-10-20 00:00:00,2010-10-20 00:00:00,172.5,2010-10-20 00:00:00,169.1,169.9,33,43900,7461070,2010-10-20 00:00:00,1
2010-10-21 00:00:00,2010-10-21 00:00:00,175,2010-10-21 00:00:00,170,170,29,34000,5805370,2010-10-21 00:00:00,1
2010-10-25 00:00:00,2010-10-25 00:00:00,171,2010-10-25 00:00:00,169,170,9,5800,986000,2010-10-25 00:00:00,1
2010-10-26 00:00:00,2010-10-26 00:00:00,170,2010-10-26 00:00:00,165,167.8,14,8400,1416630,2010-10-26 00:00:00,1
2010-10-27 00:00:00,2010-10-27 00:00:00,170,2010-10-27 00:00:00,168,169.4,13,19700,3336220,2010-10-27 00:00:00,1
2010-10-28 00:00:00,2010-10-28 00:00:00,170,2010-10-28 00:00:00,168,169.7,8,7400,1255940,2010-10-28 00:00:00,1
2010-10-29 00:00:00,2010-10-29 00:00:00,170,2010-10-29 00:00:00,167,168.6,26,25000,4222720,2010-10-29 00:00:00,1
2010-11-01 00:00:00,2010-11-01 00:00:00,170,2010-11-01 00:00:00,165,169.9,14,20600,3431900,2010-11-01 00:00:00,1
2010-11-02 00:00:00,2010-11-02 00:00:00,170,2010-11-02 00:00:00,165,165.1,14,10200,1684500,2010-11-02 00:00:00,1
2010-11-03 00:00:00,2010-11-03 00:00:00,168,2010-11-03 00:00:00,163.5,165.5,6,4100,674600,2010-11-03 00:00:00,1
2010-11-04 00:00:00,2010-11-04 00:00:00,166,2010-11-04 00:00:00,164,165.5,3,1900,314400,2010-11-04 00:00:00,1
2010-11-08 00:00:00,2010-11-08 00:00:00,165,2010-11-08 00:00:00,164,164.5,7,6800,1119550,2010-11-08 00:00:00,1
2010-11-09 00:00:00,2010-11-09 00:00:00,169,2010-11-09 00:00:00,165,165.2,6,8100,1337300,2010-11-09 00:00:00,1
2010-11-10 00:00:00,2010-11-10 00:00:00,165,2010-11-10 00:00:00,163,164.8,7,2100,344050,2010-11-10 00:00:00,1
2010-11-11 00:00:00,2010-11-11 00:00:00,165,2010-11-11 00:00:00,164,165,12,8600,1418000,2010-11-11 00:00:00,1
2010-11-12 00:00:00,2010-11-12 00:00:00,166,2010-11-12 00:00:00,163,165.2,11,3800,627100,2010-11-12 00:00:00,1
2010-11-15 00:00:00,2010-11-15 00:00:00,165,2010-11-15 00:00:00,163,164.3,27,16500,2717950,2010-11-15 00:00:00,1
2010-11-16 00:00:00,2010-11-16 00:00:00,165.1,2010-11-16 00:00:00,164,165,21,43900,7231030,2010-11-16 00:00:00,1
2010-11-18 00:00:00,2010-11-18 00:00:00,174,2010-11-18 00:00:00,167,169.7,18,17800,3029030,2010-11-18 00:00:00,1
2010-11-22 00:00:00,2010-11-22 00:00:00,174,2010-11-22 00:00:00,169.5,170,24,22400,3809850,2010-11-22 00:00:00,1
2010-11-23 00:00:00,2010-11-23 00:00:00,168,2010-11-23 00:00:00,165,165,19,44600,7372250,2010-11-23 00:00:00,1
2010-11-24 00:00:00,2010-11-24 00:00:00,165,2010-11-24 00:00:00,165,165,1,2500,412500,2010-11-24 00:00:00,1
2010-11-25 00:00:00,2010-11-25 00:00:00,165,2010-11-25 00:00:00,164,164.8,8,10100,1664400,2010-11-25 00:00:00,1
2010-11-26 00:00:00,2010-11-26 00:00:00,165,2010-11-26 00:00:00,165,165,20,25600,4224000,2010-11-26 00:00:00,1
2010-11-29 00:00:00,2010-11-29 00:00:00,164,2010-11-29 00:00:00,160,160,4,2700,438750,2010-11-29 00:00:00,1
2010-11-30 00:00:00,2010-11-30 00:00:00,169,2010-11-30 00:00:00,164,165,25,36600,6050500,2010-11-30 00:00:00,1
2010-12-01 00:00:00,2010-12-01 00:00:00,170,2010-12-01 00:00:00,167,170,14,13600,2309460,2010-12-01 00:00:00,1
2010-12-02 00:00:00,2010-12-02 00:00:00,167.2,2010-12-02 00:00:00,165.1,166.2,4,2000,333820,2010-12-02 00:00:00,1
2010-12-03 00:00:00,2010-12-03 00:00:00,166,2010-12-03 00:00:00,165.9,165.9,4,13000,2157000,2010-12-03 00:00:00,1
2010-12-06 00:00:00,2010-12-06 00:00:00,167,2010-12-06 00:00:00,166,166,14,8200,1362300,2010-12-06 00:00:00,1
2010-12-07 00:00:00,2010-12-07 00:00:00,166,2010-12-07 00:00:00,165.1,165.5,13,11600,1920120,2010-12-07 00:00:00,1
2010-12-08 00:00:00,2010-12-08 00:00:00,165,2010-12-08 00:00:00,165,165,4,600,99000,2010-12-08 00:00:00,1
2010-12-10 00:00:00,2010-12-10 00:00:00,163,2010-12-10 00:00:00,163,163,1,500,81500,2010-12-10 00:00:00,1
2010-12-13 00:00:00,2010-12-13 00:00:00,160,2010-12-13 00:00:00,160,160,10,2600,416000,2010-12-13 00:00:00,1
2010-12-14 00:00:00,2010-12-14 00:00:00,159,2010-12-14 00:00:00,159,159,1,100,15900,2010-12-14 00:00:00,1
2010-12-15 00:00:00,2010-12-15 00:00:00,158,2010-12-15 00:00:00,151.6,158,5,1400,218000,2010-12-15 00:00:00,1
2010-12-16 00:00:00,2010-12-16 00:00:00,159.9,2010-12-16 00:00:00,152,154.4,4,700,108190,2010-12-16 00:00:00,1
2010-12-17 00:00:00,2010-12-17 00:00:00,159.9,2010-12-17 00:00:00,154.5,155,4,1100,170490,2010-12-17 00:00:00,1
2010-12-21 00:00:00,2010-12-21 00:00:00,156,2010-12-21 00:00:00,155,155.9,3,700,109100,2010-12-21 00:00:00,1
2010-12-22 00:00:00,2010-12-22 00:00:00,168.9,2010-12-22 00:00:00,159.4,168.9,14,10600,1743210,2010-12-22 00:00:00,1
2010-12-23 00:00:00,2010-12-23 00:00:00,172,2010-12-23 00:00:00,168,168,9,5300,906360,2010-12-23 00:00:00,1
2010-12-27 00:00:00,2010-12-27 00:00:00,170,2010-12-27 00:00:00,169,169.9,15,12700,2158060,2010-12-27 00:00:00,1
2010-12-28 00:00:00,2010-12-28 00:00:00,170,2010-12-28 00:00:00,168,168.4,13,9700,1642550,2010-12-28 00:00:00,1
2010-12-29 00:00:00,2010-12-29 00:00:00,168.2,2010-12-29 00:00:00,165,165.1,24,20700,3422250,2010-12-29 00:00:00,1
2010-12-30 00:00:00,2010-12-30 00:00:00,174,2010-12-30 00:00:00,160.5,165.9,56,52500,8663070,2010-12-30 00:00:00,1
2010-12-31 00:00:00,2010-12-31 00:00:00,180,2010-12-31 00:00:00,168.3,178.8,112,120400,21279380,2010-12-31 00:00:00,1
Company Id :  CFT,,Security Type :  N,,Sub Type :  0000,,,,,,
Short Name :  CFT,,,,,,,,,,
Day,Date High,High,Date Low,Low,Closing,No. of Trades,No. of Shares,Turnover,Last Traded,Days Traded
2010-01-04 00:00:00,2010-01-04 00:00:00,29,2010-01-04 00:00:00,28.75,29,4,1700,49250,2010-01-04 00:00:00,1
2010-01-05 00:00:00,2010-01-05 00:00:00,31.75,2010-01-05 00:00:00,29,30,57,83000,2547325,2010-01-05 00:00:00,1
2010-01-06 00:00:00,2010-01-06 00:00:00,30,2010-01-06 00:00:00,29.75,30,2,500,14975,2010-01-06 00:00:00,1
2010-01-07 00:00:00,2010-01-07 00:00:00,30,2010-01-07 00:00:00,28.25,29,7,5900,171100,2010-01-07 00:00:00,1
2010-01-08 00:00:00,2010-01-08 00:00:00,29,2010-01-08 00:00:00,28.75,28.75,2,5500,158250,2010-01-08 00:00:00,1
2010-01-11 00:00:00,2010-01-11 00:00:00,28.5,2010-01-11 00:00:00,28.25,28.5,3,1800,51100,2010-01-11 00:00:00,1
2010-01-12 00:00:00,2010-01-12 00:00:00,28.75,2010-01-12 00:00:00,28.5,28.5,4,14000,399625,2010-01-12 00:00:00,1
2010-01-13 00:00:00,2010-01-13 00:00:00,28.25,2010-01-13 00:00:00,28.25,28.25,3,700,19775,2010-01-13 00:00:00,1
2010-01-15 00:00:00,2010-01-15 00:00:00,28.75,2010-01-15 00:00:00,28,28.5,9,6700,192175,2010-01-15 00:00:00,1
2010-01-18 00:00:00,2010-01-18 00:00:00,28,2010-01-18 00:00:00,28,28,3,6500,182000,2010-01-18 00:00:00,1
2010-01-19 00:00:00,2010-01-19 00:00:00,26.75,2010-01-19 00:00:00,26.75,26.75,2,200,5350,2010-01-19 00:00:00,1
2010-01-21 00:00:00,2010-01-21 00:00:00,27,2010-01-21 00:00:00,26.75,27,3,600,16100,2010-01-21 00:00:00,1
2010-01-22 00:00:00,2010-01-22 00:00:00,29,2010-01-22 00:00:00,27,29,7,7400,212325,2010-01-22 00:00:00,1
2010-01-25 00:00:00,2010-01-25 00:00:00,29.5,2010-01-25 00:00:00,29,29,3,800,23300,2010-01-25 00:00:00,1
2010-01-28 00:00:00,2010-01-28 00:00:00,29,2010-01-28 00:00:00,28.5,28.75,3,2000,57500,2010-01-28 00:00:00,1
2010-02-02 00:00:00,2010-02-02 00:00:00,32,2010-02-02 00:00:00,29,29.75,18,56600,1686075,2010-02-02 00:00:00,1
2010-02-03 00:00:00,2010-02-03 00:00:00,34,2010-02-03 00:00:00,30,31.75,178,185600,5996075,2010-02-03 00:00:00,1
2010-02-05 00:00:00,2010-02-05 00:00:00,33,2010-02-05 00:00:00,31.25,31.5,5,1500,47600,2010-02-05 00:00:00,1
2010-02-08 00:00:00,2010-02-08 00:00:00,33,2010-02-08 00:00:00,29,29,18,24600,801725,2010-02-08 00:00:00,1
2010-02-09 00:00:00,2010-02-09 00:00:00,30,2010-02-09 00:00:00,30,30,3,1200,36000,2010-02-09 00:00:00,1
2010-02-11 00:00:00,2010-02-11 00:00:00,33,2010-02-11 00:00:00,29,31.25,11,5000,156025,2010-02-11 00:00:00,1
2010-02-12 00:00:00,2010-02-12 00:00:00,30.5,2010-02-12 00:00:00,29,30.25,3,4100,120400,2010-02-12 00:00:00,1
2010-02-15 00:00:00,2010-02-15 00:00:00,31,2010-02-15 00:00:00,30,30,8,2200,68050,2010-02-15 00:00:00,1
2010-02-16 00:00:00,2010-02-16 00:00:00,32,2010-02-16 00:00:00,30,30,13,10500,329350,2010-02-16 00:00:00,1
2010-02-18 00:00:00,2010-02-18 00:00:00,31.5,2010-02-18 00:00:00,29.25,30.75,8,4900,148200,2010-02-18 00:00:00,1
2010-02-19 00:00:00,2010-02-19 00:00:00,32,2010-02-19 00:00:00,30,30.5,6,5200,164825,2010-02-19 00:00:00,1
2010-02-22 00:00:00,2010-02-22 00:00:00,35,2010-02-22 00:00:00,30.75,32.75,151,217400,7333575,2010-02-22 00:00:00,1
2010-02-23 00:00:00,2010-02-23 00:00:00,32.75,2010-02-23 00:00:00,30.5,30.5,11,4900,157125,2010-02-23 00:00:00,1
2010-02-24 00:00:00,2010-02-24 00:00:00,32.5,2010-02-24 00:00:00,30.5,31.75,15,13200,413150,2010-02-24 00:00:00,1
2010-02-25 00:00:00,2010-02-25 00:00:00,30.5,2010-02-25 00:00:00,30.5,30.5,1,3000,91500,2010-02-25 00:00:00,1
2010-02-26 00:00:00,2010-02-26 00:00:00,33.5,2010-02-26 00:00:00,32.5,32.75,96,73100,2409700,2010-02-26 00:00:00,1
2010-03-01 00:00:00,2010-03-01 00:00:00,34.5,2010-03-01 00:00:00,32,32.25,27,15700,527425,2010-03-01 00:00:00,1
2010-03-02 00:00:00,2010-03-02 00:00:00,33.5,2010-03-02 00:00:00,32,32,5,2500,80750,2010-03-02 00:00:00,1
2010-03-03 00:00:00,2010-03-03 00:00:00,31,2010-03-03 00:00:00,30,30.25,9,3000,90675,2010-03-03 00:00:00,1
2010-03-05 00:00:00,2010-03-05 00:00:00,32.75,2010-03-05 00:00:00,30.75,31,7,2400,77225,2010-03-05 00:00:00,1
2010-03-08 00:00:00,2010-03-08 00:00:00,31,2010-03-08 00:00:00,30.75,30.75,3,1000,30825,2010-03-08 00:00:00,1
2010-03-09 00:00:00,2010-03-09 00:00:00,33,2010-03-09 00:00:00,30.25,30.5,6,4000,122625,2010-03-09 00:00:00,1
2010-03-10 00:00:00,2010-03-10 00:00:00,30.5,2010-03-10 00:00:00,30,30.5,11,7500,228000,2010-03-10 00:00:00,1
2010-03-11 00:00:00,2010-03-11 00:00:00,34.5,2010-03-11 00:00:00,30,33.75,309,233500,7765350,2010-03-11 00:00:00,1
2010-03-12 00:00:00,2010-03-12 00:00:00,36,2010-03-12 00:00:00,34,34.5,214,208300,7386975,2010-03-12 00:00:00,1
2010-03-15 00:00:00,2010-03-15 00:00:00,33.75,2010-03-15 00:00:00,33,33.25,10,2100,69825,2010-03-15 00:00:00,1
2010-03-16 00:00:00,2010-03-16 00:00:00,31.25,2010-03-16 00:00:00,31.25,31.25,1,100,3125,2010-03-16 00:00:00,1
2010-03-17 00:00:00,2010-03-17 00:00:00,34,2010-03-17 00:00:00,31,33,20,16400,529050,2010-03-17 00:00:00,1
2010-03-18 00:00:00,2010-03-18 00:00:00,31.5,2010-03-18 00:00:00,31,31,10,5500,171575,2010-03-18 00:00:00,1
2010-03-19 00:00:00,2010-03-19 00:00:00,31.25,2010-03-19 00:00:00,31,31,5,7000,217250,2010-03-19 00:00:00,1
2010-03-22 00:00:00,2010-03-22 00:00:00,33,2010-03-22 00:00:00,33,33,1,500,16500,2010-03-22 00:00:00,1
2010-03-24 00:00:00,2010-03-24 00:00:00,32.75,2010-03-24 00:00:00,31,31,13,9900,308700,2010-03-24 00:00:00,1
2010-03-25 00:00:00,2010-03-25 00:00:00,32.75,2010-03-25 00:00:00,31,31,5,700,21875,2010-03-25 00:00:00,1
2010-03-26 00:00:00,2010-03-26 00:00:00,31.5,2010-03-26 00:00:00,31,31,7,1800,56300,2010-03-26 00:00:00,1
2010-03-30 00:00:00,2010-03-30 00:00:00,31,2010-03-30 00:00:00,31,31,3,1300,40300,2010-03-30 00:00:00,1
2010-03-31 00:00:00,2010-03-31 00:00:00,30.75,2010-03-31 00:00:00,29.75,30,9,6500,195400,2010-03-31 00:00:00,1
2010-04-01 00:00:00,2010-04-01 00:00:00,30.75,2010-04-01 00:00:00,28.5,30.75,19,9500,281575,2010-04-01 00:00:00,1
2010-04-05 00:00:00,2010-04-05 00:00:00,31.75,2010-04-05 00:00:00,30,30.75,7,6200,189775,2010-04-05 00:00:00,1
2010-04-06 00:00:00,2010-04-06 00:00:00,30.75,2010-04-06 00:00:00,30,30,4,1400,42300,2010-04-06 00:00:00,1
2010-04-07 00:00:00,2010-04-07 00:00:00,32,2010-04-07 00:00:00,30,32,6,5400,166125,2010-04-07 00:00:00,1
2010-04-08 00:00:00,2010-04-08 00:00:00,32,2010-04-08 00:00:00,30.75,32,7,4900,153100,2010-04-08 00:00:00,1
2010-04-12 00:00:00,2010-04-12 00:00:00,32,2010-04-12 00:00:00,32,32,4,600,19200,2010-04-12 00:00:00,1
2010-04-16 00:00:00,2010-04-16 00:00:00,32.5,2010-04-16 00:00:00,31.5,32.25,8,7500,240450,2010-04-16 00:00:00,1
2010-04-19 00:00:00,2010-04-19 00:00:00,33,2010-04-19 00:00:00,32,32.5,9,4700,151050,2010-04-19 00:00:00,1
2010-04-20 00:00:00,2010-04-20 00:00:00,33,2010-04-20 00:00:00,33,33,8,8500,280500,2010-04-20 00:00:00,1
2010-04-21 00:00:00,2010-04-21 00:00:00,32.5,2010-04-21 00:00:00,32,32,15,18300,586200,2010-04-21 00:00:00,1
2010-04-22 00:00:00,2010-04-22 00:00:00,31.25,2010-04-22 00:00:00,31.25,31.25,1,200,6250,2010-04-22 00:00:00,1
2010-04-23 00:00:00,2010-04-23 00:00:00,31.5,2010-04-23 00:00:00,31.25,31.5,4,800,25050,2010-04-23 00:00:00,1
2010-04-26 00:00:00,2010-04-26 00:00:00,32.25,2010-04-26 00:00:00,31.5,31.75,14,35400,1119175,2010-04-26 00:00:00,1
2010-04-27 00:00:00,2010-04-27 00:00:00,32,2010-04-27 00:00:00,31.5,31.5,6,11300,356200,2010-04-27 00:00:00,1
2010-04-29 00:00:00,2010-04-29 00:00:00,31.5,2010-04-29 00:00:00,31.25,31.5,9,4400,138475,2010-04-29 00:00:00,1
2010-04-30 00:00:00,2010-04-30 00:00:00,31.75,2010-04-30 00:00:00,31.75,31.75,4,600,19050,2010-04-30 00:00:00,1
2010-05-03 00:00:00,2010-05-03 00:00:00,32.25,2010-05-03 00:00:00,32,32,11,6600,211350,2010-05-03 00:00:00,1
2010-05-04 00:00:00,2010-05-04 00:00:00,31,2010-05-04 00:00:00,31,31,1,1000,31000,2010-05-04 00:00:00,1
2010-05-05 00:00:00,2010-05-05 00:00:00,35,2010-05-05 00:00:00,30,33.5,136,154600,5264075,2010-05-05 00:00:00,1
2010-05-06 00:00:00,2010-05-06 00:00:00,34,2010-05-06 00:00:00,32.75,32.75,10,7000,231275,2010-05-06 00:00:00,1
2010-05-07 00:00:00,2010-05-07 00:00:00,33.5,2010-05-07 00:00:00,32,32,5,2100,68050,2010-05-07 00:00:00,1
2010-05-11 00:00:00,2010-05-11 00:00:00,33.75,2010-05-11 00:00:00,32,33.5,9,4400,147050,2010-05-11 00:00:00,1
2010-05-12 00:00:00,2010-05-12 00:00:00,33.5,2010-05-12 00:00:00,32,32,3,1200,38700,2010-05-12 00:00:00,1
2010-05-13 00:00:00,2010-05-13 00:00:00,31.5,2010-05-13 00:00:00,31,31.25,6,3000,93700,2010-05-13 00:00:00,1
2010-05-14 00:00:00,2010-05-14 00:00:00,32,2010-05-14 00:00:00,32,32,2,1100,35200,2010-05-14 00:00:00,1
2010-05-18 00:00:00,2010-05-18 00:00:00,31.25,2010-05-18 00:00:00,31,31,8,5300,164400,2010-05-18 00:00:00,1
2010-05-25 00:00:00,2010-05-25 00:00:00,30.25,2010-05-25 00:00:00,30.25,30.25,1,600,18150,2010-05-25 00:00:00,1
2010-05-26 00:00:00,2010-05-26 00:00:00,33,2010-05-26 00:00:00,30.5,30.5,8,7000,214775,2010-05-26 00:00:00,1
2010-05-31 00:00:00,2010-05-31 00:00:00,30.25,2010-05-31 00:00:00,30.25,30.25,2,500,15125,2010-05-31 00:00:00,1
2010-06-01 00:00:00,2010-06-01 00:00:00,31.25,2010-06-01 00:00:00,31.25,31.25,1,300,9375,2010-06-01 00:00:00,1
2010-06-02 00:00:00,2010-06-02 00:00:00,32.5,2010-06-02 00:00:00,31.25,32.5,5,4200,134750,2010-06-02 00:00:00,1
2010-06-03 00:00:00,2010-06-03 00:00:00,32.75,2010-06-03 00:00:00,32.75,32.75,1,200,6550,2010-06-03 00:00:00,1
2010-06-04 00:00:00,2010-06-04 00:00:00,32,2010-06-04 00:00:00,30,31,6,11400,348075,2010-06-04 00:00:00,1
2010-06-07 00:00:00,2010-06-07 00:00:00,30.5,2010-06-07 00:00:00,30.5,30.5,1,500,15250,2010-06-07 00:00:00,1
2010-06-09 00:00:00,2010-06-09 00:00:00,30.5,2010-06-09 00:00:00,30.5,30.5,4,1900,57950,2010-06-09 00:00:00,1
2010-06-11 00:00:00,2010-06-11 00:00:00,31.75,2010-06-11 00:00:00,30.5,31.5,8,4600,143025,2010-06-11 00:00:00,1
2010-06-14 00:00:00,2010-06-14 00:00:00,34,2010-06-14 00:00:00,30.75,32,35,29300,920900,2010-06-14 00:00:00,1
2010-06-15 00:00:00,2010-06-15 00:00:00,34.5,2010-06-15 00:00:00,32,34,69,51300,1748000,2010-06-15 00:00:00,1
2010-06-16 00:00:00,2010-06-16 00:00:00,34,2010-06-16 00:00:00,33.75,33.75,4,600,20375,2010-06-16 00:00:00,1
2010-06-17 00:00:00,2010-06-17 00:00:00,32,2010-06-17 00:00:00,32,32,3,1000,32000,2010-06-17 00:00:00,1
2010-06-21 00:00:00,2010-06-21 00:00:00,34,2010-06-21 00:00:00,32.75,33,3,2600,85650,2010-06-21 00:00:00,1
2010-06-23 00:00:00,2010-06-23 00:00:00,34,2010-06-23 00:00:00,34,34,5,500,17000,2010-06-23 00:00:00,1
2010-06-29 00:00:00,2010-06-29 00:00:00,33.75,2010-06-29 00:00:00,33,33.75,12,3900,130800,2010-06-29 00:00:00,1
2010-06-30 00:00:00,2010-06-30 00:00:00,34,2010-06-30 00:00:00,33.5,34,18,7200,244225,2010-06-30 00:00:00,1
2010-07-01 00:00:00,2010-07-01 00:00:00,33.25,2010-07-01 00:00:00,32,32.25,5,4200,136125,2010-07-01 00:00:00,1
2010-07-02 00:00:00,2010-07-02 00:00:00,32,2010-07-02 00:00:00,32,32,2,1700,54400,2010-07-02 00:00:00,1
2010-07-05 00:00:00,2010-07-05 00:00:00,32,2010-07-05 00:00:00,32,32,1,300,9600,2010-07-05 00:00:00,1
2010-07-06 00:00:00,2010-07-06 00:00:00,31.5,2010-07-06 00:00:00,31.25,31.25,4,2000,62650,2010-07-06 00:00:00,1
2010-07-07 00:00:00,2010-07-07 00:00:00,31.25,2010-07-07 00:00:00,30.5,30.5,7,9500,293925,2010-07-07 00:00:00,1
2010-07-08 00:00:00,2010-07-08 00:00:00,30.25,2010-07-08 00:00:00,30.25,30.25,2,700,21175,2010-07-08 00:00:00,1
2010-07-12 00:00:00,2010-07-12 00:00:00,33,2010-07-12 00:00:00,30.25,30.75,12,14400,446300,2010-07-12 00:00:00,1
2010-07-13 00:00:00,2010-07-13 00:00:00,33,2010-07-13 00:00:00,30.5,33,8,2500,80000,2010-07-13 00:00:00,1
2010-07-14 00:00:00,2010-07-14 00:00:00,34,2010-07-14 00:00:00,31.5,33.75,41,15500,519725,2010-07-14 00:00:00,1
2010-07-15 00:00:00,2010-07-15 00:00:00,34,2010-07-15 00:00:00,33,33.5,9,10400,347325,2010-07-15 00:00:00,1
2010-07-19 00:00:00,2010-07-19 00:00:00,53.5,2010-07-19 00:00:00,33.5,51.75,721,959000,42297025,2010-07-19 00:00:00,1
2010-07-20 00:00:00,2010-07-20 00:00:00,74,2010-07-20 00:00:00,60,67,784,748600,50311825,2010-07-20 00:00:00,1
2010-07-21 00:00:00,2010-07-21 00:00:00,70,2010-07-21 00:00:00,62,62.5,114,86500,5665950,2010-07-21 00:00:00,1
2010-07-22 00:00:00,2010-07-22 00:00:00,64.75,2010-07-22 00:00:00,62,63.75,53,30300,1913075,2010-07-22 00:00:00,1
2010-07-23 00:00:00,2010-07-23 00:00:00,66,2010-07-23 00:00:00,63.5,65.25,40,28600,1866950,2010-07-23 00:00:00,1
2010-07-26 00:00:00,2010-07-26 00:00:00,77,2010-07-26 00:00:00,65.75,71.5,458,383100,27451475,2010-07-26 00:00:00,1
2010-07-27 00:00:00,2010-07-27 00:00:00,73.75,2010-07-27 00:00:00,70.25,70.75,95,59700,4285075,2010-07-27 00:00:00,1
2010-07-28 00:00:00,2010-07-28 00:00:00,71.5,2010-07-28 00:00:00,70,71,70,65300,4594025,2010-07-28 00:00:00,1
2010-07-29 00:00:00,2010-07-29 00:00:00,74,2010-07-29 00:00:00,71,73,93,133900,9662950,2010-07-29 00:00:00,1
2010-07-30 00:00:00,2010-07-30 00:00:00,84.75,2010-07-30 00:00:00,70.5,83.5,359,256800,20588050,2010-07-30 00:00:00,1
2010-08-02 00:00:00,2010-08-02 00:00:00,87,2010-08-02 00:00:00,80,82.1,170,120700,10028490,2010-08-02 00:00:00,1
2010-08-03 00:00:00,2010-08-03 00:00:00,82,2010-08-03 00:00:00,76,77.1,26,19300,1527500,2010-08-03 00:00:00,1
2010-08-04 00:00:00,2010-08-04 00:00:00,81.8,2010-08-04 00:00:00,71,77.9,33,19100,1510780,2010-08-04 00:00:00,1
2010-08-05 00:00:00,2010-08-05 00:00:00,77.9,2010-08-05 00:00:00,71,77.6,36,29200,2134790,2010-08-05 00:00:00,1
2010-08-06 00:00:00,2010-08-06 00:00:00,75.1,2010-08-06 00:00:00,70,71.4,40,31000,2210520,2010-08-06 00:00:00,1
2010-08-09 00:00:00,2010-08-09 00:00:00,68,2010-08-09 00:00:00,64.5,65,43,20900,1358250,2010-08-09 00:00:00,1
2010-08-10 00:00:00,2010-08-10 00:00:00,71.1,2010-08-10 00:00:00,58.6,71.1,67,39100,2560260,2010-08-10 00:00:00,1
2010-08-11 00:00:00,2010-08-11 00:00:00,76.9,2010-08-11 00:00:00,70,71.1,64,31100,2244120,2010-08-11 00:00:00,1
2010-08-12 00:00:00,2010-08-12 00:00:00,71,2010-08-12 00:00:00,69.1,69.9,9,2300,160360,2010-08-12 00:00:00,1
2010-08-13 00:00:00,2010-08-13 00:00:00,71.9,2010-08-13 00:00:00,68.1,71.9,12,13200,930370,2010-08-13 00:00:00,1
2010-08-16 00:00:00,2010-08-16 00:00:00,75,2010-08-16 00:00:00,70,70.8,61,20200,1465810,2010-08-16 00:00:00,1
2010-08-17 00:00:00,2010-08-17 00:00:00,74,2010-08-17 00:00:00,68,69.3,41,20000,1402220,2010-08-17 00:00:00,1
2010-08-18 00:00:00,2010-08-18 00:00:00,73,2010-08-18 00:00:00,70,70,31,15800,1110070,2010-08-18 00:00:00,1
2010-08-19 00:00:00,2010-08-19 00:00:00,73,2010-08-19 00:00:00,70,70.3,19,11700,833640,2010-08-19 00:00:00,1
2010-08-20 00:00:00,2010-08-20 00:00:00,73.5,2010-08-20 00:00:00,70.7,71.1,31,12000,864070,2010-08-20 00:00:00,1
2010-08-23 00:00:00,2010-08-23 00:00:00,73,2010-08-23 00:00:00,72.1,72.1,14,8800,637730,2010-08-23 00:00:00,1
2010-08-25 00:00:00,2010-08-25 00:00:00,75,2010-08-25 00:00:00,72.1,72.1,13,3900,285540,2010-08-25 00:00:00,1
2010-08-26 00:00:00,2010-08-26 00:00:00,71.9,2010-08-26 00:00:00,70,70,7,4600,322950,2010-08-26 00:00:00,1
2010-08-27 00:00:00,2010-08-27 00:00:00,72,2010-08-27 00:00:00,70.9,71.4,5,1900,135600,2010-08-27 00:00:00,1
2010-08-30 00:00:00,2010-08-30 00:00:00,76.5,2010-08-30 00:00:00,71,71.3,5,2200,161380,2010-08-30 00:00:00,1
2010-08-31 00:00:00,2010-08-31 00:00:00,73.4,2010-08-31 00:00:00,71,73.4,8,3800,270590,2010-08-31 00:00:00,1
2010-09-01 00:00:00,2010-09-01 00:00:00,75.5,2010-09-01 00:00:00,70,70.1,10,15700,1105620,2010-09-01 00:00:00,1
2010-09-02 00:00:00,2010-09-02 00:00:00,70.8,2010-09-02 00:00:00,68,70,35,26800,1843480,2010-09-02 00:00:00,1
2010-09-03 00:00:00,2010-09-03 00:00:00,74.6,2010-09-03 00:00:00,70,72,11,4100,299570,2010-09-03 00:00:00,1
2010-09-06 00:00:00,2010-09-06 00:00:00,73,2010-09-06 00:00:00,68,68.2,21,12200,869010,2010-09-06 00:00:00,1
2010-09-07 00:00:00,2010-09-07 00:00:00,75,2010-09-07 00:00:00,68.3,75,90,73900,5414880,2010-09-07 00:00:00,1
2010-09-08 00:00:00,2010-09-08 00:00:00,82.5,2010-09-08 00:00:00,77,80.5,214,200200,16228210,2010-09-08 00:00:00,1
2010-09-09 00:00:00,2010-09-09 00:00:00,88.5,2010-09-09 00:00:00,79.9,87.9,161,146800,12438730,2010-09-09 00:00:00,1
2010-09-13 00:00:00,2010-09-13 00:00:00,89,2010-09-13 00:00:00,81,83.8,91,66400,5691660,2010-09-13 00:00:00,1
2010-09-17 00:00:00,2010-09-17 00:00:00,9.2,2010-09-17 00:00:00,9,9.2,304,2510700,23068590,2010-09-17 00:00:00,1
2010-09-20 00:00:00,2010-09-20 00:00:00,11,2010-09-20 00:00:00,9.5,10,708,2648600,26302900,2010-09-20 00:00:00,1
2010-09-21 00:00:00,2010-09-21 00:00:00,10.2,2010-09-21 00:00:00,9.4,9.5,178,391400,3783880,2010-09-21 00:00:00,1
2010-09-23 00:00:00,2010-09-23 00:00:00,10.2,2010-09-23 00:00:00,9.5,9.5,140,389200,3726780,2010-09-23 00:00:00,1
2010-09-24 00:00:00,2010-09-24 00:00:00,9.6,2010-09-24 00:00:00,8.9,9,108,226500,2083480,2010-09-24 00:00:00,1
2010-09-27 00:00:00,2010-09-27 00:00:00,9.3,2010-09-27 00:00:00,8.8,8.9,59,196000,1763730,2010-09-27 00:00:00,1
2010-09-28 00:00:00,2010-09-28 00:00:00,9.1,2010-09-28 00:00:00,8.7,9,98,219700,1956930,2010-09-28 00:00:00,1
2010-09-29 00:00:00,2010-09-29 00:00:00,9.8,2010-09-29 00:00:00,8.8,9.6,126,485000,4562530,2010-09-29 00:00:00,1
2010-09-30 00:00:00,2010-09-30 00:00:00,9.8,2010-09-30 00:00:00,9.3,9.3,54,164800,1546210,2010-09-30 00:00:00,1
2010-10-01 00:00:00,2010-10-01 00:00:00,9.5,2010-10-01 00:00:00,9.2,9.3,60,190500,1784410,2010-10-01 00:00:00,1
2010-10-04 00:00:00,2010-10-04 00:00:00,9.3,2010-10-04 00:00:00,9,9,75,126800,1149470,2010-10-04 00:00:00,1
2010-10-05 00:00:00,2010-10-05 00:00:00,9,2010-10-05 00:00:00,8.7,8.8,49,74900,666040,2010-10-05 00:00:00,1
2010-10-06 00:00:00,2010-10-06 00:00:00,8.9,2010-10-06 00:00:00,8.7,8.7,40,57400,503450,2010-10-06 00:00:00,1
2010-10-07 00:00:00,2010-10-07 00:00:00,8.9,2010-10-07 00:00:00,8.5,8.6,37,34300,295620,2010-10-07 00:00:00,1
2010-10-08 00:00:00,2010-10-08 00:00:00,9,2010-10-08 00:00:00,8.6,9,14,28800,257520,2010-10-08 00:00:00,1
2010-10-11 00:00:00,2010-10-11 00:00:00,9,2010-10-11 00:00:00,8.7,8.7,15,39200,345950,2010-10-11 00:00:00,1
2010-10-12 00:00:00,2010-10-12 00:00:00,8.7,2010-10-12 00:00:00,8.2,8.2,31,60700,512840,2010-10-12 00:00:00,1
2010-10-13 00:00:00,2010-10-13 00:00:00,8.8,2010-10-13 00:00:00,7.9,8.1,29,53200,431310,2010-10-13 00:00:00,1
2010-10-14 00:00:00,2010-10-14 00:00:00,8.9,2010-10-14 00:00:00,8.1,8.1,33,52900,432180,2010-10-14 00:00:00,1
2010-10-15 00:00:00,2010-10-15 00:00:00,8.1,2010-10-15 00:00:00,8,8,40,63800,510580,2010-10-15 00:00:00,1
2010-10-18 00:00:00,2010-10-18 00:00:00,8.1,2010-10-18 00:00:00,7.9,8,29,33000,263710,2010-10-18 00:00:00,1
2010-10-19 00:00:00,2010-10-19 00:00:00,8.1,2010-10-19 00:00:00,7.9,8,23,18800,149560,2010-10-19 00:00:00,1
2010-10-20 00:00:00,2010-10-20 00:00:00,8.1,2010-10-20 00:00:00,7.9,7.9,20,16900,135070,2010-10-20 00:00:00,1
2010-10-21 00:00:00,2010-10-21 00:00:00,7.9,2010-10-21 00:00:00,7.8,7.9,22,28100,219630,2010-10-21 00:00:00,1
2010-10-25 00:00:00,2010-10-25 00:00:00,8,2010-10-25 00:00:00,7.7,7.7,9,2600,20190,2010-10-25 00:00:00,1
2010-10-26 00:00:00,2010-10-26 00:00:00,8,2010-10-26 00:00:00,7.7,7.7,15,20400,162580,2010-10-26 00:00:00,1
2010-10-27 00:00:00,2010-10-27 00:00:00,7.9,2010-10-27 00:00:00,7.6,7.7,12,7600,58630,2010-10-27 00:00:00,1
2010-10-28 00:00:00,2010-10-28 00:00:00,7.5,2010-10-28 00:00:00,7.4,7.5,13,10700,80210,2010-10-28 00:00:00,1
2010-10-29 00:00:00,2010-10-29 00:00:00,7.8,2010-10-29 00:00:00,7.4,7.6,23,78900,590830,2010-10-29 00:00:00,1
2010-11-01 00:00:00,2010-11-01 00:00:00,7.8,2010-11-01 00:00:00,7.6,7.6,21,59100,450710,2010-11-01 00:00:00,1
2010-11-02 00:00:00,2010-11-02 00:00:00,7.7,2010-11-02 00:00:00,7.5,7.6,13,37900,288050,2010-11-02 00:00:00,1
2010-11-03 00:00:00,2010-11-03 00:00:00,7.8,2010-11-03 00:00:00,7.7,7.7,12,8600,66240,2010-11-03 00:00:00,1
2010-11-04 00:00:00,2010-11-04 00:00:00,7.7,2010-11-04 00:00:00,7.6,7.6,6,2100,16110,2010-11-04 00:00:00,1
2010-11-08 00:00:00,2010-11-08 00:00:00,8.2,2010-11-08 00:00:00,7.7,7.8,56,175800,1406830,2010-11-08 00:00:00,1
2010-11-09 00:00:00,2010-11-09 00:00:00,7.8,2010-11-09 00:00:00,7.4,7.6,24,55000,416890,2010-11-09 00:00:00,1
2010-11-10 00:00:00,2010-11-10 00:00:00,7.8,2010-11-10 00:00:00,7.5,7.8,11,6000,46450,2010-11-10 00:00:00,1
2010-11-11 00:00:00,2010-11-11 00:00:00,7.7,2010-11-11 00:00:00,7.7,7.7,1,200,1540,2010-11-11 00:00:00,1
2010-11-12 00:00:00,2010-11-12 00:00:00,7.9,2010-11-12 00:00:00,7.7,7.7,7,9500,73370,2010-11-12 00:00:00,1
2010-11-15 00:00:00,2010-11-15 00:00:00,7.8,2010-11-15 00:00:00,7.3,7.5,21,79500,603520,2010-11-15 00:00:00,1
2010-11-16 00:00:00,2010-11-16 00:00:00,7.4,2010-11-16 00:00:00,7.3,7.3,14,16600,121380,2010-11-16 00:00:00,1
2010-11-18 00:00:00,2010-11-18 00:00:00,7.5,2010-11-18 00:00:00,7.3,7.4,10,34500,255500,2010-11-18 00:00:00,1
2010-11-22 00:00:00,2010-11-22 00:00:00,7.5,2010-11-22 00:00:00,7.5,7.5,10,22400,168000,2010-11-22 00:00:00,1
2010-11-23 00:00:00,2010-11-23 00:00:00,7.5,2010-11-23 00:00:00,7.3,7.5,7,4300,31690,2010-11-23 00:00:00,1
2010-11-24 00:00:00,2010-11-24 00:00:00,7.4,2010-11-24 00:00:00,7.3,7.3,6,5400,39920,2010-11-24 00:00:00,1
2010-11-25 00:00:00,2010-11-25 00:00:00,7.3,2010-11-25 00:00:00,7.1,7.3,14,195300,1422310,2010-11-25 00:00:00,1
2010-11-26 00:00:00,2010-11-26 00:00:00,7.2,2010-11-26 00:00:00,7.1,7.2,11,16700,119160,2010-11-26 00:00:00,1
2010-11-29 00:00:00,2010-11-29 00:00:00,7.1,2010-11-29 00:00:00,7,7,9,25600,179230,2010-11-29 00:00:00,1
2010-11-30 00:00:00,2010-11-30 00:00:00,7.8,2010-11-30 00:00:00,7.2,7.7,47,260200,1973950,2010-11-30 00:00:00,1
2010-12-01 00:00:00,2010-12-01 00:00:00,7.9,2010-12-01 00:00:00,7.6,7.6,27,53600,413280,2010-12-01 00:00:00,1
2010-12-02 00:00:00,2010-12-02 00:00:00,8.2,2010-12-02 00:00:00,7.7,8,54,239300,1901360,2010-12-02 00:00:00,1
2010-12-03 00:00:00,2010-12-03 00:00:00,7.9,2010-12-03 00:00:00,7.4,7.5,63,157500,1191070,2010-12-03 00:00:00,1
2010-12-07 00:00:00,2010-12-07 00:00:00,7.4,2010-12-07 00:00:00,7.4,7.4,2,12000,88800,2010-12-07 00:00:00,1
2010-12-08 00:00:00,2010-12-08 00:00:00,7.6,2010-12-08 00:00:00,7.2,7.6,18,55600,406130,2010-12-08 00:00:00,1
2010-12-09 00:00:00,2010-12-09 00:00:00,7.6,2010-12-09 00:00:00,7.3,7.3,14,139200,1054560,2010-12-09 00:00:00,1
2010-12-10 00:00:00,2010-12-10 00:00:00,7.6,2010-12-10 00:00:00,7.3,7.5,12,72100,547370,2010-12-10 00:00:00,1
2010-12-13 00:00:00,2010-12-13 00:00:00,7.5,2010-12-13 00:00:00,7.5,7.5,8,1900,14250,2010-12-13 00:00:00,1
2010-12-14 00:00:00,2010-12-14 00:00:00,7.4,2010-12-14 00:00:00,7.4,7.4,5,9500,70300,2010-12-14 00:00:00,1
2010-12-15 00:00:00,2010-12-15 00:00:00,7.5,2010-12-15 00:00:00,7,7.4,12,11300,80580,2010-12-15 00:00:00,1
2010-12-16 00:00:00,2010-12-16 00:00:00,7.4,2010-12-16 00:00:00,7.1,7.4,21,122100,890490,2010-12-16 00:00:00,1
2010-12-17 00:00:00,2010-12-17 00:00:00,7.2,2010-12-17 00:00:00,7,7.1,48,131900,926150,2010-12-17 00:00:00,1
2010-12-21 00:00:00,2010-12-21 00:00:00,7.4,2010-12-21 00:00:00,7.2,7.2,4,3600,26190,2010-12-21 00:00:00,1
2010-12-22 00:00:00,2010-12-22 00:00:00,7.4,2010-12-22 00:00:00,7.2,7.3,19,33000,239950,2010-12-22 00:00:00,1
2010-12-23 00:00:00,2010-12-23 00:00:00,7.4,2010-12-23 00:00:00,7.2,7.3,5,11000,79270,2010-12-23 00:00:00,1
2010-12-24 00:00:00,2010-12-24 00:00:00,7.4,2010-12-24 00:00:00,7.3,7.3,6,5000,36600,2010-12-24 00:00:00,1
2010-12-27 00:00:00,2010-12-27 00:00:00,7.4,2010-12-27 00:00:00,7.1,7.3,28,62300,444800,2010-12-27 00:00:00,1
2010-12-28 00:00:00,2010-12-28 00:00:00,7.3,2010-12-28 00:00:00,7.3,7.3,2,1500,10950,2010-12-28 00:00:00,1
2010-12-29 00:00:00,2010-12-29 00:00:00,7.4,2010-12-29 00:00:00,7.2,7.4,23,69200,505940,2010-12-29 00:00:00,1
2010-12-30 00:00:00,2010-12-30 00:00:00,7.3,2010-12-30 00:00:00,7.3,7.3,5,12100,88330,2010-12-30 00:00:00,1
2010-12-31 00:00:00,2010-12-31 00:00:00,7.8,2010-12-31 00:00:00,7.2,7.7,101,304300,2303060,2010-12-31 00:00:00,1
Company Id :  CFVF ,,Security Type :  N,,Sub Type :  0000,,,,,,
Short Name :  FIRST CAPITAL,,,,,,,,,,
Day,Date High,High,Date Low,Low,Closing,No. of Trades,No. of Shares,Turnover,Last Traded,Days Traded
2010-01-04 00:00:00,2010-01-04 00:00:00,27,2010-01-04 00:00:00,27,27,12,12000,324000,2010-01-04 00:00:00,1
2010-01-05 00:00:00,2010-01-05 00:00:00,27.25,2010-01-05 00:00:00,27,27,5,13000,353750,2010-01-05 00:00:00,1
2010-01-06 00:00:00,2010-01-06 00:00:00,27,2010-01-06 00:00:00,27,27,12,15100,407700,2010-01-06 00:00:00,1
2010-01-07 00:00:00,2010-01-07 00:00:00,26.5,2010-01-07 00:00:00,26.5,26.5,12,18200,482300,2010-01-07 00:00:00,1
2010-01-08 00:00:00,2010-01-08 00:00:00,27.25,2010-01-08 00:00:00,26.5,26.75,13,6300,169350,2010-01-08 00:00:00,1
2010-01-11 00:00:00,2010-01-11 00:00:00,28.5,2010-01-11 00:00:00,26.5,28,45,56200,1546600,2010-01-11 00:00:00,1
2010-01-12 00:00:00,2010-01-12 00:00:00,28,2010-01-12 00:00:00,28,28,5,6000,168000,2010-01-12 00:00:00,1
2010-01-13 00:00:00,2010-01-13 00:00:00,28.25,2010-01-13 00:00:00,27.5,28,12,7200,201125,2010-01-13 00:00:00,1
2010-01-15 00:00:00,2010-01-15 00:00:00,28,2010-01-15 00:00:00,27.25,28,10,33100,926050,2010-01-15 00:00:00,1
2010-01-18 00:00:00,2010-01-18 00:00:00,28,2010-01-18 00:00:00,27.25,27.5,32,300000,8259450,2010-01-18 00:00:00,1
2010-01-19 00:00:00,2010-01-19 00:00:00,28,2010-01-19 00:00:00,27.25,27.25,23,40400,1117700,2010-01-19 00:00:00,1
2010-01-20 00:00:00,2010-01-20 00:00:00,29.75,2010-01-20 00:00:00,28,28.25,41,50600,1442025,2010-01-20 00:00:00,1
2010-01-21 00:00:00,2010-01-21 00:00:00,43,2010-01-21 00:00:00,28.5,41,911,1280600,44947525,2010-01-21 00:00:00,1
2010-01-22 00:00:00,2010-01-22 00:00:00,72,2010-01-22 00:00:00,44.5,63,1278,1390600,81859775,2010-01-22 00:00:00,1
2010-01-25 00:00:00,2010-01-25 00:00:00,74,2010-01-25 00:00:00,61.25,62.5,466,595900,39346525,2010-01-25 00:00:00,1
2010-01-26 00:00:00,2010-01-26 00:00:00,65,2010-01-26 00:00:00,59,62.5,89,104700,6447575,2010-01-26 00:00:00,1
2010-01-28 00:00:00,2010-01-28 00:00:00,66.75,2010-01-28 00:00:00,61,62.5,133,248000,15721825,2010-01-28 00:00:00,1
2010-02-01 00:00:00,2010-02-01 00:00:00,70,2010-02-01 00:00:00,61.5,62,70,558300,36159275,2010-02-01 00:00:00,1
2010-02-02 00:00:00,2010-02-02 00:00:00,62,2010-02-02 00:00:00,60,60.75,67,109900,6676075,2010-02-02 00:00:00,1
2010-02-03 00:00:00,2010-02-03 00:00:00,65,2010-02-03 00:00:00,61,63.5,50,55300,3449950,2010-02-03 00:00:00,1
2010-02-05 00:00:00,2010-02-05 00:00:00,64,2010-02-05 00:00:00,62.5,63.25,45,53900,3414650,2010-02-05 00:00:00,1
2010-02-08 00:00:00,2010-02-08 00:00:00,78.5,2010-02-08 00:00:00,64,75.75,682,1024500,73988325,2010-02-08 00:00:00,1
2010-02-09 00:00:00,2010-02-09 00:00:00,85,2010-02-09 00:00:00,77,78.5,706,1030700,82269850,2010-02-09 00:00:00,1
2010-02-10 00:00:00,2010-02-10 00:00:00,99.75,2010-02-10 00:00:00,90.5,95.75,1109,1735900,164067625,2010-02-10 00:00:00,1
2010-02-11 00:00:00,2010-02-11 00:00:00,100,2010-02-11 00:00:00,91,92,294,218300,20728575,2010-02-11 00:00:00,1
2010-02-12 00:00:00,2010-02-12 00:00:00,97.25,2010-02-12 00:00:00,91,93,195,164800,15279075,2010-02-12 00:00:00,1
2010-02-15 00:00:00,2010-02-15 00:00:00,94,2010-02-15 00:00:00,87,88,187,147700,13274275,2010-02-15 00:00:00,1
2010-02-16 00:00:00,2010-02-16 00:00:00,90,2010-02-16 00:00:00,83.5,85,227,159200,13904175,2010-02-16 00:00:00,1
2010-02-17 00:00:00,2010-02-17 00:00:00,85.75,2010-02-17 00:00:00,78.75,79.25,441,348700,28128025,2010-02-17 00:00:00,1
2010-02-18 00:00:00,2010-02-18 00:00:00,75,2010-02-18 00:00:00,60,65,158,88200,5813900,2010-02-18 00:00:00,1
2010-02-19 00:00:00,2010-02-19 00:00:00,67,2010-02-19 00:00:00,61,62,51,21700,1348350,2010-02-19 00:00:00,1
2010-02-22 00:00:00,2010-02-22 00:00:00,67.75,2010-02-22 00:00:00,64,64.5,93,39500,2601100,2010-02-22 00:00:00,1
2010-02-23 00:00:00,2010-02-23 00:00:00,65,2010-02-23 00:00:00,63,63.75,26,11600,738525,2010-02-23 00:00:00,1
2010-02-24 00:00:00,2010-02-24 00:00:00,64,2010-02-24 00:00:00,62,62.25,35,19200,1197250,2010-02-24 00:00:00,1
2010-02-25 00:00:00,2010-02-25 00:00:00,62,2010-02-25 00:00:00,59,59.25,80,71100,4248400,2010-02-25 00:00:00,1
2010-02-26 00:00:00,2010-02-26 00:00:00,59.75,2010-02-26 00:00:00,58,58,29,14400,849175,2010-02-26 00:00:00,1
2010-03-01 00:00:00,2010-03-01 00:00:00,61.5,2010-03-01 00:00:00,58,58.75,66,41600,2510175,2010-03-01 00:00:00,1
2010-03-02 00:00:00,2010-03-02 00:00:00,58.75,2010-03-02 00:00:00,56,56.5,54,29700,1710825,2010-03-02 00:00:00,1
2010-03-03 00:00:00,2010-03-03 00:00:00,61.5,2010-03-03 00:00:00,57.5,60,65,52000,3115900,2010-03-03 00:00:00,1
2010-03-04 00:00:00,2010-03-04 00:00:00,62,2010-03-04 00:00:00,59.5,61,65,41300,2517700,2010-03-04 00:00:00,1
2010-03-05 00:00:00,2010-03-05 00:00:00,61,2010-03-05 00:00:00,59.75,60,21,14600,877775,2010-03-05 00:00:00,1
2010-03-08 00:00:00,2010-03-08 00:00:00,60,2010-03-08 00:00:00,57,57.25,35,20900,1206800,2010-03-08 00:00:00,1
2010-03-09 00:00:00,2010-03-09 00:00:00,58,2010-03-09 00:00:00,57,57,12,6700,382425,2010-03-09 00:00:00,1
2010-03-10 00:00:00,2010-03-10 00:00:00,59.5,2010-03-10 00:00:00,56.75,57,25,14200,818300,2010-03-10 00:00:00,1
2010-03-11 00:00:00,2010-03-11 00:00:00,58,2010-03-11 00:00:00,54.75,55.5,179,210600,11648975,2010-03-11 00:00:00,1
2010-03-12 00:00:00,2010-03-12 00:00:00,57,2010-03-12 00:00:00,56,56.25,34,15500,875000,2010-03-12 00:00:00,1
2010-03-15 00:00:00,2010-03-15 00:00:00,57,2010-03-15 00:00:00,54.25,55,39,28800,1610050,2010-03-15 00:00:00,1
2010-03-16 00:00:00,2010-03-16 00:00:00,58.25,2010-03-16 00:00:00,50,56.5,226,247200,13124300,2010-03-16 00:00:00,1
2010-03-17 00:00:00,2010-03-17 00:00:00,62,2010-03-17 00:00:00,57.25,58.5,128,138700,8156650,2010-03-17 00:00:00,1
2010-03-18 00:00:00,2010-03-18 00:00:00,59,2010-03-18 00:00:00,57.75,58,27,9400,545550,2010-03-18 00:00:00,1
2010-03-19 00:00:00,2010-03-19 00:00:00,70,2010-03-19 00:00:00,61,61.5,715,656700,42288775,2010-03-19 00:00:00,1
2010-03-22 00:00:00,2010-03-22 00:00:00,64.75,2010-03-22 00:00:00,61,61.25,40,13100,821875,2010-03-22 00:00:00,1
2010-03-23 00:00:00,2010-03-23 00:00:00,61.5,2010-03-23 00:00:00,59.5,59.5,34,14700,885025,2010-03-23 00:00:00,1
2010-03-24 00:00:00,2010-03-24 00:00:00,60,2010-03-24 00:00:00,59,59,15,8300,492450,2010-03-24 00:00:00,1
2010-03-25 00:00:00,2010-03-25 00:00:00,60.25,2010-03-25 00:00:00,58,58.75,27,16400,965800,2010-03-25 00:00:00,1
2010-03-26 00:00:00,2010-03-26 00:00:00,60.25,2010-03-26 00:00:00,58.25,59.5,27,17800,1058300,2010-03-26 00:00:00,1
2010-03-30 00:00:00,2010-03-30 00:00:00,61,2010-03-30 00:00:00,56.5,57.75,28,22300,1305950,2010-03-30 00:00:00,1
2010-03-31 00:00:00,2010-03-31 00:00:00,59.25,2010-03-31 00:00:00,56.75,58,7,2300,131475,2010-03-31 00:00:00,1
2010-04-01 00:00:00,2010-04-01 00:00:00,61.25,2010-04-01 00:00:00,58,59.5,38,44900,2681225,2010-04-01 00:00:00,1
2010-04-05 00:00:00,2010-04-05 00:00:00,58,2010-04-05 00:00:00,57.25,57.5,46,27100,1561500,2010-04-05 00:00:00,1
2010-04-06 00:00:00,2010-04-06 00:00:00,59.75,2010-04-06 00:00:00,58.5,59,21,13500,798950,2010-04-06 00:00:00,1
2010-04-07 00:00:00,2010-04-07 00:00:00,61,2010-04-07 00:00:00,58.75,59.75,32,20700,1239875,2010-04-07 00:00:00,1
2010-04-08 00:00:00,2010-04-08 00:00:00,59.5,2010-04-08 00:00:00,59.5,59.5,1,100,5950,2010-04-08 00:00:00,1
2010-04-12 00:00:00,2010-04-12 00:00:00,62.5,2010-04-12 00:00:00,60,60,144,151000,9245575,2010-04-12 00:00:00,1
2010-04-15 00:00:00,2010-04-15 00:00:00,60,2010-04-15 00:00:00,59.75,60,10,8000,479975,2010-04-15 00:00:00,1
2010-04-16 00:00:00,2010-04-16 00:00:00,61,2010-04-16 00:00:00,59.75,60,30,16300,978975,2010-04-16 00:00:00,1
2010-04-19 00:00:00,2010-04-19 00:00:00,60,2010-04-19 00:00:00,59.5,60,32,10200,611650,2010-04-19 00:00:00,1
2010-04-20 00:00:00,2010-04-20 00:00:00,60,2010-04-20 00:00:00,58.5,58.75,20,6600,390175,2010-04-20 00:00:00,1
2010-04-21 00:00:00,2010-04-21 00:00:00,60,2010-04-21 00:00:00,57,58,28,143700,8342875,2010-04-21 00:00:00,1
2010-04-22 00:00:00,2010-04-22 00:00:00,60,2010-04-22 00:00:00,57.5,58,79,84300,4945000,2010-04-22 00:00:00,1
2010-04-23 00:00:00,2010-04-23 00:00:00,58.5,2010-04-23 00:00:00,55,57.75,30,40900,2353625,2010-04-23 00:00:00,1
2010-04-26 00:00:00,2010-04-26 00:00:00,59.75,2010-04-26 00:00:00,57,59.25,15,12500,735700,2010-04-26 00:00:00,1
2010-04-27 00:00:00,2010-04-27 00:00:00,63.5,2010-04-27 00:00:00,59,60,176,290700,17712000,2010-04-27 00:00:00,1
2010-04-29 00:00:00,2010-04-29 00:00:00,62,2010-04-29 00:00:00,60,60.25,33,35900,2164975,2010-04-29 00:00:00,1
2010-04-30 00:00:00,2010-04-30 00:00:00,61,2010-04-30 00:00:00,60,60.5,20,15900,963100,2010-04-30 00:00:00,1
2010-05-03 00:00:00,2010-05-03 00:00:00,63.25,2010-05-03 00:00:00,60.5,61.5,148,113500,7024825,2010-05-03 00:00:00,1
2010-05-04 00:00:00,2010-05-04 00:00:00,62.25,2010-05-04 00:00:00,60,60,58,82700,4981000,2010-05-04 00:00:00,1
2010-05-05 00:00:00,2010-05-05 00:00:00,61.75,2010-05-05 00:00:00,60,60.25,35,35800,2161125,2010-05-05 00:00:00,1
2010-05-06 00:00:00,2010-05-06 00:00:00,60,2010-05-06 00:00:00,59.25,59.5,47,167500,10044050,2010-05-06 00:00:00,1
2010-05-07 00:00:00,2010-05-07 00:00:00,62,2010-05-07 00:00:00,59.5,62,70,60600,3674375,2010-05-07 00:00:00,1
2010-05-10 00:00:00,2010-05-10 00:00:00,62.75,2010-05-10 00:00:00,61,62,103,59600,3694125,2010-05-10 00:00:00,1
2010-05-20 00:00:00,2010-05-20 00:00:00,22.5,2010-05-20 00:00:00,19,19.5,342,398400,8442025,2010-05-20 00:00:00,1
2010-05-21 00:00:00,2010-05-21 00:00:00,20,2010-05-21 00:00:00,18.75,19,189,176000,3363425,2010-05-21 00:00:00,1
2010-05-24 00:00:00,2010-05-24 00:00:00,19.75,2010-05-24 00:00:00,19,19,45,78400,1494250,2010-05-24 00:00:00,1
2010-05-25 00:00:00,2010-05-25 00:00:00,19,2010-05-25 00:00:00,18.5,18.75,60,47100,876625,2010-05-25 00:00:00,1
2010-05-26 00:00:00,2010-05-26 00:00:00,19.5,2010-05-26 00:00:00,18.75,19,56,80400,1534850,2010-05-26 00:00:00,1
2010-05-31 00:00:00,2010-05-31 00:00:00,19.5,2010-05-31 00:00:00,18.75,18.75,31,39200,745475,2010-05-31 00:00:00,1
2010-06-01 00:00:00,2010-06-01 00:00:00,19,2010-06-01 00:00:00,18.5,18.5,20,12300,228200,2010-06-01 00:00:00,1
2010-06-02 00:00:00,2010-06-02 00:00:00,18.5,2010-06-02 00:00:00,17.75,18.25,68,148200,2694525,2010-06-02 00:00:00,1
2010-06-03 00:00:00,2010-06-03 00:00:00,19,2010-06-03 00:00:00,18.5,18.5,31,56500,1050775,2010-06-03 00:00:00,1
2010-06-04 00:00:00,2010-06-04 00:00:00,19.5,2010-06-04 00:00:00,19,19.5,87,195600,3751025,2010-06-04 00:00:00,1
2010-06-07 00:00:00,2010-06-07 00:00:00,20,2010-06-07 00:00:00,18.25,18.5,92,107900,2020150,2010-06-07 00:00:00,1
2010-06-08 00:00:00,2010-06-08 00:00:00,19.75,2010-06-08 00:00:00,18,18,97,158400,2910100,2010-06-08 00:00:00,1
2010-06-09 00:00:00,2010-06-09 00:00:00,19.25,2010-06-09 00:00:00,18.25,19,66,90000,1686875,2010-06-09 00:00:00,1
2010-06-10 00:00:00,2010-06-10 00:00:00,20.25,2010-06-10 00:00:00,19.5,20,669,2812100,55869550,2010-06-10 00:00:00,1
2010-06-11 00:00:00,2010-06-11 00:00:00,21.25,2010-06-11 00:00:00,20.25,20.5,554,13928900,279941425,2010-06-11 00:00:00,1
2010-06-14 00:00:00,2010-06-14 00:00:00,21.5,2010-06-14 00:00:00,20.75,21,439,1705800,35866175,2010-06-14 00:00:00,1
2010-06-15 00:00:00,2010-06-15 00:00:00,21.25,2010-06-15 00:00:00,20.25,20.25,153,450900,9346375,2010-06-15 00:00:00,1
2010-06-16 00:00:00,2010-06-16 00:00:00,21,2010-06-16 00:00:00,20,20,90,126600,2580675,2010-06-16 00:00:00,1
2010-06-17 00:00:00,2010-06-17 00:00:00,20,2010-06-17 00:00:00,19.5,20,39,64000,1252875,2010-06-17 00:00:00,1
2010-06-21 00:00:00,2010-06-21 00:00:00,19.75,2010-06-21 00:00:00,19.25,19.5,67,153200,2991925,2010-06-21 00:00:00,1
2010-06-22 00:00:00,2010-06-22 00:00:00,19.5,2010-06-22 00:00:00,19,19,85,147400,2828025,2010-06-22 00:00:00,1
2010-06-23 00:00:00,2010-06-23 00:00:00,19,2010-06-23 00:00:00,18.5,18.75,74,79600,1501850,2010-06-23 00:00:00,1
2010-06-24 00:00:00,2010-06-24 00:00:00,18.75,2010-06-24 00:00:00,18.25,18.5,127,261200,4836100,2010-06-24 00:00:00,1
2010-06-28 00:00:00,2010-06-28 00:00:00,20,2010-06-28 00:00:00,18.25,18.75,91,159000,3032675,2010-06-28 00:00:00,1
2010-06-29 00:00:00,2010-06-29 00:00:00,20,2010-06-29 00:00:00,18.75,20,113,240600,4769500,2010-06-29 00:00:00,1
2010-06-30 00:00:00,2010-06-30 00:00:00,20.5,2010-06-30 00:00:00,19.5,19.75,69,135300,2689625,2010-06-30 00:00:00,1
2010-07-01 00:00:00,2010-07-01 00:00:00,20,2010-07-01 00:00:00,19.5,19.75,60,80700,1600850,2010-07-01 00:00:00,1
2010-07-02 00:00:00,2010-07-02 00:00:00,19.75,2010-07-02 00:00:00,18.75,19.25,44,80000,1536425,2010-07-02 00:00:00,1
2010-07-05 00:00:00,2010-07-05 00:00:00,19.5,2010-07-05 00:00:00,18.5,19,103,77700,1468475,2010-07-05 00:00:00,1
2010-07-06 00:00:00,2010-07-06 00:00:00,19.25,2010-07-06 00:00:00,18.75,18.75,62,92500,1757675,2010-07-06 00:00:00,1
2010-07-07 00:00:00,2010-07-07 00:00:00,19,2010-07-07 00:00:00,17.75,18,123,247900,4516825,2010-07-07 00:00:00,1
2010-07-08 00:00:00,2010-07-08 00:00:00,19,2010-07-08 00:00:00,18,19,62,89500,1686375,2010-07-08 00:00:00,1
2010-07-09 00:00:00,2010-07-09 00:00:00,19.25,2010-07-09 00:00:00,18.25,18.25,37,36600,682175,2010-07-09 00:00:00,1
2010-07-12 00:00:00,2010-07-12 00:00:00,19,2010-07-12 00:00:00,18.25,18.25,23,13700,250450,2010-07-12 00:00:00,1
2010-07-13 00:00:00,2010-07-13 00:00:00,19,2010-07-13 00:00:00,18.25,18.5,56,75300,1394275,2010-07-13 00:00:00,1
2010-07-14 00:00:00,2010-07-14 00:00:00,19,2010-07-14 00:00:00,18.5,18.75,88,100100,1887050,2010-07-14 00:00:00,1
2010-07-15 00:00:00,2010-07-15 00:00:00,20.75,2010-07-15 00:00:00,18.5,20,306,647600,12932225,2010-07-15 00:00:00,1
2010-07-16 00:00:00,2010-07-16 00:00:00,21.5,2010-07-16 00:00:00,20.5,20.5,541,1253500,26330375,2010-07-16 00:00:00,1
2010-07-19 00:00:00,2010-07-19 00:00:00,21.5,2010-07-19 00:00:00,20.75,21,162,370800,7798250,2010-07-19 00:00:00,1
2010-07-20 00:00:00,2010-07-20 00:00:00,21,2010-07-20 00:00:00,20.25,20.5,79,153900,3194350,2010-07-20 00:00:00,1
2010-07-21 00:00:00,2010-07-21 00:00:00,21,2010-07-21 00:00:00,20.5,20.75,154,491600,10290675,2010-07-21 00:00:00,1
2010-07-22 00:00:00,2010-07-22 00:00:00,20.75,2010-07-22 00:00:00,20.5,20.5,46,47600,979500,2010-07-22 00:00:00,1
2010-07-23 00:00:00,2010-07-23 00:00:00,21,2010-07-23 00:00:00,20.25,20.5,49,162600,3349075,2010-07-23 00:00:00,1
2010-07-26 00:00:00,2010-07-26 00:00:00,21,2010-07-26 00:00:00,20.25,20.5,38,71700,1465375,2010-07-26 00:00:00,1
2010-07-27 00:00:00,2010-07-27 00:00:00,20.5,2010-07-27 00:00:00,20.25,20.5,42,96000,1966000,2010-07-27 00:00:00,1
2010-07-28 00:00:00,2010-07-28 00:00:00,21.25,2010-07-28 00:00:00,20.5,20.5,127,1524700,31974150,2010-07-28 00:00:00,1
2010-07-29 00:00:00,2010-07-29 00:00:00,20.75,2010-07-29 00:00:00,20.25,20.25,41,79600,1620475,2010-07-29 00:00:00,1
2010-07-30 00:00:00,2010-07-30 00:00:00,20.5,2010-07-30 00:00:00,19.75,20,103,729400,14697425,2010-07-30 00:00:00,1
2010-08-02 00:00:00,2010-08-02 00:00:00,20,2010-08-02 00:00:00,19.2,19.5,62,215200,4185860,2010-08-02 00:00:00,1
2010-08-03 00:00:00,2010-08-03 00:00:00,20.5,2010-08-03 00:00:00,19.5,19.9,94,390800,7783030,2010-08-03 00:00:00,1
2010-08-04 00:00:00,2010-08-04 00:00:00,19.8,2010-08-04 00:00:00,19,19,150,794600,15123240,2010-08-04 00:00:00,1
2010-08-05 00:00:00,2010-08-05 00:00:00,20,2010-08-05 00:00:00,18.5,19.1,169,277300,5310760,2010-08-05 00:00:00,1
2010-08-06 00:00:00,2010-08-06 00:00:00,19.5,2010-08-06 00:00:00,18.2,18.7,98,144800,2688460,2010-08-06 00:00:00,1
2010-08-09 00:00:00,2010-08-09 00:00:00,18,2010-08-09 00:00:00,16.9,17.4,162,308900,5288660,2010-08-09 00:00:00,1
2010-08-10 00:00:00,2010-08-10 00:00:00,19.1,2010-08-10 00:00:00,17,19.1,158,429000,7805420,2010-08-10 00:00:00,1
2010-08-11 00:00:00,2010-08-11 00:00:00,20,2010-08-11 00:00:00,18.7,18.8,104,227100,4362290,2010-08-11 00:00:00,1
2010-08-12 00:00:00,2010-08-12 00:00:00,19,2010-08-12 00:00:00,18.4,18.5,56,91100,1685780,2010-08-12 00:00:00,1
2010-08-13 00:00:00,2010-08-13 00:00:00,19,2010-08-13 00:00:00,18.4,18.7,144,190200,3527600,2010-08-13 00:00:00,1
2010-08-16 00:00:00,2010-08-16 00:00:00,18.9,2010-08-16 00:00:00,18.3,18.4,73,214300,3974020,2010-08-16 00:00:00,1
2010-08-17 00:00:00,2010-08-17 00:00:00,18.9,2010-08-17 00:00:00,18.4,18.5,55,61000,1126300,2010-08-17 00:00:00,1
2010-08-18 00:00:00,2010-08-18 00:00:00,19,2010-08-18 00:00:00,18.5,19,89,147300,2782280,2010-08-18 00:00:00,1
2010-08-19 00:00:00,2010-08-19 00:00:00,19,2010-08-19 00:00:00,18.5,18.8,137,215200,4008210,2010-08-19 00:00:00,1
2010-08-20 00:00:00,2010-08-20 00:00:00,18.8,2010-08-20 00:00:00,18.5,18.6,23,39300,730640,2010-08-20 00:00:00,1
2010-08-23 00:00:00,2010-08-23 00:00:00,19,2010-08-23 00:00:00,18.2,18.5,113,426400,7896320,2010-08-23 00:00:00,1
2010-08-25 00:00:00,2010-08-25 00:00:00,18.7,2010-08-25 00:00:00,18.4,18.5,69,398300,7369420,2010-08-25 00:00:00,1
2010-08-26 00:00:00,2010-08-26 00:00:00,18.8,2010-08-26 00:00:00,18.3,18.5,23,22600,417900,2010-08-26 00:00:00,1
2010-08-27 00:00:00,2010-08-27 00:00:00,19.2,2010-08-27 00:00:00,18.5,19.1,119,219300,4167060,2010-08-27 00:00:00,1
2010-08-30 00:00:00,2010-08-30 00:00:00,19.4,2010-08-30 00:00:00,18.3,18.5,49,67500,1249130,2010-08-30 00:00:00,1
2010-08-31 00:00:00,2010-08-31 00:00:00,18.5,2010-08-31 00:00:00,18.2,18.3,53,54800,1005730,2010-08-31 00:00:00,1
2010-09-01 00:00:00,2010-09-01 00:00:00,18.6,2010-09-01 00:00:00,18.1,18.4,32,56000,1031660,2010-09-01 00:00:00,1
2010-09-02 00:00:00,2010-09-02 00:00:00,19.5,2010-09-02 00:00:00,18.4,18.9,76,211300,3966480,2010-09-02 00:00:00,1
2010-09-03 00:00:00,2010-09-03 00:00:00,20.7,2010-09-03 00:00:00,19,20.7,612,1916300,39175660,2010-09-03 00:00:00,1
2010-09-06 00:00:00,2010-09-06 00:00:00,22.1,2010-09-06 00:00:00,20.6,20.9,359,1160900,24534130,2010-09-06 00:00:00,1
2010-09-07 00:00:00,2010-09-07 00:00:00,21.1,2010-09-07 00:00:00,20.5,20.7,119,438100,9122010,2010-09-07 00:00:00,1
2010-09-08 00:00:00,2010-09-08 00:00:00,21.3,2010-09-08 00:00:00,20.1,20.9,138,394700,8246970,2010-09-08 00:00:00,1
2010-09-09 00:00:00,2010-09-09 00:00:00,21.5,2010-09-09 00:00:00,20.1,21.2,233,775800,16289010,2010-09-09 00:00:00,1
2010-09-13 00:00:00,2010-09-13 00:00:00,21,2010-09-13 00:00:00,20,20.2,52,144100,2925470,2010-09-13 00:00:00,1
2010-09-14 00:00:00,2010-09-14 00:00:00,20,2010-09-14 00:00:00,19.7,19.9,76,92900,1842920,2010-09-14 00:00:00,1
2010-09-15 00:00:00,2010-09-15 00:00:00,21.5,2010-09-15 00:00:00,19,19.5,132,802500,15678790,2010-09-15 00:00:00,1
2010-09-16 00:00:00,2010-09-16 00:00:00,20,2010-09-16 00:00:00,19.3,19.5,52,706900,13785120,2010-09-16 00:00:00,1
2010-09-17 00:00:00,2010-09-17 00:00:00,20.5,2010-09-17 00:00:00,19.5,20.2,174,880300,17624390,2010-09-17 00:00:00,1
2010-09-20 00:00:00,2010-09-20 00:00:00,20.7,2010-09-20 00:00:00,19.7,19.9,82,263800,5320860,2010-09-20 00:00:00,1
2010-09-21 00:00:00,2010-09-21 00:00:00,20,2010-09-21 00:00:00,19.5,19.7,133,399700,7959520,2010-09-21 00:00:00,1
2010-09-23 00:00:00,2010-09-23 00:00:00,20,2010-09-23 00:00:00,19.3,19.4,71,158300,3098410,2010-09-23 00:00:00,1
2010-09-24 00:00:00,2010-09-24 00:00:00,19.8,2010-09-24 00:00:00,19,19,102,145100,2770510,2010-09-24 00:00:00,1
2010-09-27 00:00:00,2010-09-27 00:00:00,19.3,2010-09-27 00:00:00,18.5,18.8,55,67800,1279330,2010-09-27 00:00:00,1
2010-09-28 00:00:00,2010-09-28 00:00:00,19.2,2010-09-28 00:00:00,18.5,18.9,67,146300,2734590,2010-09-28 00:00:00,1
2010-09-29 00:00:00,2010-09-29 00:00:00,19.3,2010-09-29 00:00:00,18.4,19.1,202,1036400,19352690,2010-09-29 00:00:00,1
2010-09-30 00:00:00,2010-09-30 00:00:00,19.8,2010-09-30 00:00:00,19,19.3,137,266100,5168560,2010-09-30 00:00:00,1
2010-10-01 00:00:00,2010-10-01 00:00:00,19.9,2010-10-01 00:00:00,19.5,19.7,95,188100,3702720,2010-10-01 00:00:00,1
2010-10-04 00:00:00,2010-10-04 00:00:00,19.7,2010-10-04 00:00:00,19.1,19.4,86,189200,3679840,2010-10-04 00:00:00,1
2010-10-05 00:00:00,2010-10-05 00:00:00,19.5,2010-10-05 00:00:00,18.5,18.8,112,452600,8545540,2010-10-05 00:00:00,1
2010-10-06 00:00:00,2010-10-06 00:00:00,19.5,2010-10-06 00:00:00,18.5,18.5,115,364800,6850780,2010-10-06 00:00:00,1
2010-10-07 00:00:00,2010-10-07 00:00:00,18.7,2010-10-07 00:00:00,18.2,18.5,66,122200,2263160,2010-10-07 00:00:00,1
2010-10-08 00:00:00,2010-10-08 00:00:00,19,2010-10-08 00:00:00,18.2,18.9,89,242600,4493660,2010-10-08 00:00:00,1
2010-10-11 00:00:00,2010-10-11 00:00:00,19.1,2010-10-11 00:00:00,18.6,18.7,43,66300,1246040,2010-10-11 00:00:00,1
2010-10-12 00:00:00,2010-10-12 00:00:00,18.8,2010-10-12 00:00:00,16.9,17.6,79,206200,3703560,2010-10-12 00:00:00,1
2010-10-13 00:00:00,2010-10-13 00:00:00,19.8,2010-10-13 00:00:00,16.5,17.5,84,289100,4901740,2010-10-13 00:00:00,1
2010-10-14 00:00:00,2010-10-14 00:00:00,18.4,2010-10-14 00:00:00,17,17.1,49,90600,1598470,2010-10-14 00:00:00,1
2010-10-15 00:00:00,2010-10-15 00:00:00,17.1,2010-10-15 00:00:00,16.5,17,12,13200,220580,2010-10-15 00:00:00,1
2010-10-18 00:00:00,2010-10-18 00:00:00,17.9,2010-10-18 00:00:00,17,17,8,5900,101840,2010-10-18 00:00:00,1
2010-10-19 00:00:00,2010-10-19 00:00:00,17.9,2010-10-19 00:00:00,17,17,43,46800,798210,2010-10-19 00:00:00,1
2010-10-20 00:00:00,2010-10-20 00:00:00,17.5,2010-10-20 00:00:00,17,17.3,26,21200,368610,2010-10-20 00:00:00,1
2010-10-21 00:00:00,2010-10-21 00:00:00,17.8,2010-10-21 00:00:00,17.2,17.7,21,28900,506490,2010-10-21 00:00:00,1
2010-10-25 00:00:00,2010-10-25 00:00:00,17.4,2010-10-25 00:00:00,17,17,30,56800,969420,2010-10-25 00:00:00,1
2010-10-26 00:00:00,2010-10-26 00:00:00,17.1,2010-10-26 00:00:00,16.8,17,30,40700,691520,2010-10-26 00:00:00,1
2010-10-27 00:00:00,2010-10-27 00:00:00,17,2010-10-27 00:00:00,16.9,17,23,22900,389250,2010-10-27 00:00:00,1
2010-10-28 00:00:00,2010-10-28 00:00:00,17.4,2010-10-28 00:00:00,16.8,17,75,195800,3351260,2010-10-28 00:00:00,1
2010-10-29 00:00:00,2010-10-29 00:00:00,17.2,2010-10-29 00:00:00,16.9,17.1,53,147400,2521500,2010-10-29 00:00:00,1
2010-11-01 00:00:00,2010-11-01 00:00:00,17.5,2010-11-01 00:00:00,16.9,17,81,185800,3169590,2010-11-01 00:00:00,1
2010-11-02 00:00:00,2010-11-02 00:00:00,17.9,2010-11-02 00:00:00,17,17.8,114,302900,5311000,2010-11-02 00:00:00,1
2010-11-03 00:00:00,2010-11-03 00:00:00,19.6,2010-11-03 00:00:00,17.6,19.1,595,1732600,32907050,2010-11-03 00:00:00,1
2010-11-04 00:00:00,2010-11-04 00:00:00,20,2010-11-04 00:00:00,18.8,19.1,474,1248800,24600160,2010-11-04 00:00:00,1
2010-11-08 00:00:00,2010-11-08 00:00:00,21.3,2010-11-08 00:00:00,19.5,20.6,1537,6616900,137606680,2010-11-08 00:00:00,1
2010-11-09 00:00:00,2010-11-09 00:00:00,21,2010-11-09 00:00:00,19,19.5,396,820500,16395090,2010-11-09 00:00:00,1
2010-11-10 00:00:00,2010-11-10 00:00:00,19.7,2010-11-10 00:00:00,19.1,19.4,90,239400,4624790,2010-11-10 00:00:00,1
2010-11-11 00:00:00,2010-11-11 00:00:00,19.9,2010-11-11 00:00:00,19,19.8,81,126400,2448230,2010-11-11 00:00:00,1
2010-11-12 00:00:00,2010-11-12 00:00:00,19.9,2010-11-12 00:00:00,19.4,19.7,68,89300,1753970,2010-11-12 00:00:00,1
2010-11-15 00:00:00,2010-11-15 00:00:00,19.8,2010-11-15 00:00:00,18.9,19,97,114600,2193710,2010-11-15 00:00:00,1
2010-11-16 00:00:00,2010-11-16 00:00:00,19.1,2010-11-16 00:00:00,18.5,18.8,111,287800,5389020,2010-11-16 00:00:00,1
2010-11-18 00:00:00,2010-11-18 00:00:00,19.6,2010-11-18 00:00:00,18.6,19.4,76,111100,2144970,2010-11-18 00:00:00,1
2010-11-22 00:00:00,2010-11-22 00:00:00,19.6,2010-11-22 00:00:00,19,19,57,140300,2679710,2010-11-22 00:00:00,1
2010-11-23 00:00:00,2010-11-23 00:00:00,20.7,2010-11-23 00:00:00,18.5,19,106,129100,2436380,2010-11-23 00:00:00,1
2010-11-24 00:00:00,2010-11-24 00:00:00,19.2,2010-11-24 00:00:00,18.6,18.8,60,71100,1347770,2010-11-24 00:00:00,1
2010-11-25 00:00:00,2010-11-25 00:00:00,18.9,2010-11-25 00:00:00,18.6,18.6,41,57300,1070480,2010-11-25 00:00:00,1
2010-11-26 00:00:00,2010-11-26 00:00:00,19,2010-11-26 00:00:00,18.5,18.6,62,74600,1388670,2010-11-26 00:00:00,1
2010-11-29 00:00:00,2010-11-29 00:00:00,18.6,2010-11-29 00:00:00,17.8,17.9,83,192500,3472000,2010-11-29 00:00:00,1
2010-11-30 00:00:00,2010-11-30 00:00:00,19.3,2010-11-30 00:00:00,18.7,19,92,181900,3452280,2010-11-30 00:00:00,1
2010-12-01 00:00:00,2010-12-01 00:00:00,19.3,2010-12-01 00:00:00,18,19.2,68,126100,2405300,2010-12-01 00:00:00,1
2010-12-02 00:00:00,2010-12-02 00:00:00,19.4,2010-12-02 00:00:00,18.9,19.2,32,78000,1494810,2010-12-02 00:00:00,1
2010-12-03 00:00:00,2010-12-03 00:00:00,19.2,2010-12-03 00:00:00,18.7,19,32,62200,1180620,2010-12-03 00:00:00,1
2010-12-06 00:00:00,2010-12-06 00:00:00,18.9,2010-12-06 00:00:00,18,18.1,32,54600,990960,2010-12-06 00:00:00,1
2010-12-07 00:00:00,2010-12-07 00:00:00,18.5,2010-12-07 00:00:00,18,18.1,76,167800,3037650,2010-12-07 00:00:00,1
2010-12-08 00:00:00,2010-12-08 00:00:00,18.4,2010-12-08 00:00:00,17.9,18,53,143500,2590500,2010-12-08 00:00:00,1
2010-12-09 00:00:00,2010-12-09 00:00:00,18.4,2010-12-09 00:00:00,18,18,35,17900,324720,2010-12-09 00:00:00,1
2010-12-10 00:00:00,2010-12-10 00:00:00,18.2,2010-12-10 00:00:00,17.9,18,25,51000,917780,2010-12-10 00:00:00,1
2010-12-13 00:00:00,2010-12-13 00:00:00,18.2,2010-12-13 00:00:00,17.9,17.9,35,71400,1283890,2010-12-13 00:00:00,1
2010-12-14 00:00:00,2010-12-14 00:00:00,18.1,2010-12-14 00:00:00,17.9,18,65,146100,2630230,2010-12-14 00:00:00,1
2010-12-15 00:00:00,2010-12-15 00:00:00,18.5,2010-12-15 00:00:00,17.9,18,45,122100,2197710,2010-12-15 00:00:00,1
2010-12-16 00:00:00,2010-12-16 00:00:00,18,2010-12-16 00:00:00,17.5,17.6,104,335700,5887370,2010-12-16 00:00:00,1
2010-12-17 00:00:00,2010-12-17 00:00:00,17.9,2010-12-17 00:00:00,17.7,17.8,15,19900,353470,2010-12-17 00:00:00,1
2010-12-21 00:00:00,2010-12-21 00:00:00,18.1,2010-12-21 00:00:00,17.9,18,37,91800,1650110,2010-12-21 00:00:00,1
2010-12-22 00:00:00,2010-12-22 00:00:00,18.5,2010-12-22 00:00:00,18,18.5,51,106500,1959290,2010-12-22 00:00:00,1
2010-12-23 00:00:00,2010-12-23 00:00:00,19,2010-12-23 00:00:00,18.5,18.9,105,261500,4890070,2010-12-23 00:00:00,1
2010-12-24 00:00:00,2010-12-24 00:00:00,18.8,2010-12-24 00:00:00,18.4,18.5,34,31100,577740,2010-12-24 00:00:00,1
2010-12-27 00:00:00,2010-12-27 00:00:00,19.3,2010-12-27 00:00:00,18.5,19,59,80900,1527960,2010-12-27 00:00:00,1
2010-12-28 00:00:00,2010-12-28 00:00:00,19.2,2010-12-28 00:00:00,18.9,19,61,134100,2551570,2010-12-28 00:00:00,1
2010-12-29 00:00:00,2010-12-29 00:00:00,18.9,2010-12-29 00:00:00,18.6,18.6,21,51200,959030,2010-12-29 00:00:00,1
2010-12-30 00:00:00,2010-12-30 00:00:00,18.8,2010-12-30 00:00:00,18,18.7,83,168800,3119020,2010-12-30 00:00:00,1
2010-12-31 00:00:00,2010-12-31 00:00:00,19.4,2010-12-31 00:00:00,18.8,19,119,393400,7499230,2010-12-31 00:00:00,1
Company Id :  CHL,,Security Type :  N,,Sub Type :  0000,,,,,,
Short Name :  DURDANS,,,,,,,,,,
Day,Date High,High,Date Low,Low,Closing,No. of Trades,No. of Shares,Turnover,Last Traded,Days Traded
2010-01-04 00:00:00,2010-01-04 00:00:00,82,2010-01-04 00:00:00,80.25,82,3,300,24425,2010-01-04 00:00:00,1
2010-01-05 00:00:00,2010-01-05 00:00:00,82,2010-01-05 00:00:00,82,82,1,100,8200,2010-01-05 00:00:00,1
2010-01-06 00:00:00,2010-01-06 00:00:00,85,2010-01-06 00:00:00,82.75,82.75,11,8100,671500,2010-01-06 00:00:00,1
2010-01-07 00:00:00,2010-01-07 00:00:00,85,2010-01-07 00:00:00,85,85,6,3200,272000,2010-01-07 00:00:00,1
2010-01-08 00:00:00,2010-01-08 00:00:00,87.5,2010-01-08 00:00:00,86,87.5,4,1000,86300,2010-01-08 00:00:00,1
2010-01-11 00:00:00,2010-01-11 00:00:00,91.75,2010-01-11 00:00:00,87,90,5,1400,125875,2010-01-11 00:00:00,1
2010-01-12 00:00:00,2010-01-12 00:00:00,90,2010-01-12 00:00:00,90,90,3,700,63000,2010-01-12 00:00:00,1
2010-01-13 00:00:00,2010-01-13 00:00:00,90,2010-01-13 00:00:00,90,90,5,2100,189000,2010-01-13 00:00:00,1
2010-01-15 00:00:00,2010-01-15 00:00:00,96,2010-01-15 00:00:00,95,95.75,2,300,28700,2010-01-15 00:00:00,1
2010-01-18 00:00:00,2010-01-18 00:00:00,100,2010-01-18 00:00:00,95,97.75,4,500,48900,2010-01-18 00:00:00,1
2010-01-19 00:00:00,2010-01-19 00:00:00,99,2010-01-19 00:00:00,99,99,3,4000,396000,2010-01-19 00:00:00,1
2010-01-20 00:00:00,2010-01-20 00:00:00,96,2010-01-20 00:00:00,95,96,3,800,76700,2010-01-20 00:00:00,1
2010-01-21 00:00:00,2010-01-21 00:00:00,96,2010-01-21 00:00:00,96,96,3,300,28800,2010-01-21 00:00:00,1
2010-01-22 00:00:00,2010-01-22 00:00:00,96,2010-01-22 00:00:00,96,96,3,900,86400,2010-01-22 00:00:00,1
2010-01-28 00:00:00,2010-01-28 00:00:00,99,2010-01-28 00:00:00,99,99,6,1300,128700,2010-01-28 00:00:00,1
2010-02-01 00:00:00,2010-02-01 00:00:00,100,2010-02-01 00:00:00,100,100,2,700,70000,2010-02-01 00:00:00,1
2010-02-03 00:00:00,2010-02-03 00:00:00,115,2010-02-03 00:00:00,114.75,115,5,600,68975,2010-02-03 00:00:00,1
2010-02-05 00:00:00,2010-02-05 00:00:00,120,2010-02-05 00:00:00,115,118.75,5,1500,175475,2010-02-05 00:00:00,1
2010-02-08 00:00:00,2010-02-08 00:00:00,115.25,2010-02-08 00:00:00,115,115.25,2,1800,207200,2010-02-08 00:00:00,1
2010-02-09 00:00:00,2010-02-09 00:00:00,135,2010-02-09 00:00:00,118.25,126.75,11,11400,1442025,2010-02-09 00:00:00,1
2010-02-10 00:00:00,2010-02-10 00:00:00,135,2010-02-10 00:00:00,135,135,2,400,54000,2010-02-10 00:00:00,1
2010-02-11 00:00:00,2010-02-11 00:00:00,135.25,2010-02-11 00:00:00,125,132.75,3,300,39050,2010-02-11 00:00:00,1
2010-02-12 00:00:00,2010-02-12 00:00:00,130,2010-02-12 00:00:00,130,130,1,100,13000,2010-02-12 00:00:00,1
2010-02-16 00:00:00,2010-02-16 00:00:00,130,2010-02-16 00:00:00,130,130,1,200,26000,2010-02-16 00:00:00,1
2010-02-18 00:00:00,2010-02-18 00:00:00,130,2010-02-18 00:00:00,130,130,1,300,39000,2010-02-18 00:00:00,1
2010-02-19 00:00:00,2010-02-19 00:00:00,130,2010-02-19 00:00:00,130,130,1,100,13000,2010-02-19 00:00:00,1
2010-02-23 00:00:00,2010-02-23 00:00:00,130,2010-02-23 00:00:00,130,130,3,400,52000,2010-02-23 00:00:00,1
2010-02-24 00:00:00,2010-02-24 00:00:00,130,2010-02-24 00:00:00,130,130,1,100,13000,2010-02-24 00:00:00,1
2010-02-25 00:00:00,2010-02-25 00:00:00,130,2010-02-25 00:00:00,130,130,8,1600,208000,2010-02-25 00:00:00,1
2010-02-26 00:00:00,2010-02-26 00:00:00,130,2010-02-26 00:00:00,130,130,10,3900,507000,2010-02-26 00:00:00,1
2010-03-02 00:00:00,2010-03-02 00:00:00,130,2010-03-02 00:00:00,130,130,1,200,26000,2010-03-02 00:00:00,1
2010-03-10 00:00:00,2010-03-10 00:00:00,129,2010-03-10 00:00:00,129,129,1,100,12900,2010-03-10 00:00:00,1
2010-03-12 00:00:00,2010-03-12 00:00:00,128,2010-03-12 00:00:00,128,128,2,200,25600,2010-03-12 00:00:00,1
2010-03-15 00:00:00,2010-03-15 00:00:00,125,2010-03-15 00:00:00,125,125,2,500,62500,2010-03-15 00:00:00,1
2010-03-17 00:00:00,2010-03-17 00:00:00,125,2010-03-17 00:00:00,125,125,3,1400,175000,2010-03-17 00:00:00,1
2010-03-19 00:00:00,2010-03-19 00:00:00,118,2010-03-19 00:00:00,118,118,1,100,11800,2010-03-19 00:00:00,1
2010-03-22 00:00:00,2010-03-22 00:00:00,118,2010-03-22 00:00:00,118,118,3,500,59000,2010-03-22 00:00:00,1
2010-03-23 00:00:00,2010-03-23 00:00:00,118,2010-03-23 00:00:00,118,118,3,500,59000,2010-03-23 00:00:00,1
2010-03-25 00:00:00,2010-03-25 00:00:00,118,2010-03-25 00:00:00,118,118,1,100,11800,2010-03-25 00:00:00,1
2010-03-26 00:00:00,2010-03-26 00:00:00,115,2010-03-26 00:00:00,115,115,1,300,34500,2010-03-26 00:00:00,1
2010-03-30 00:00:00,2010-03-30 00:00:00,120,2010-03-30 00:00:00,120,120,2,1300,156000,2010-03-30 00:00:00,1
2010-04-06 00:00:00,2010-04-06 00:00:00,115,2010-04-06 00:00:00,115,115,1,1000,115000,2010-04-06 00:00:00,1
2010-04-07 00:00:00,2010-04-07 00:00:00,110.25,2010-04-07 00:00:00,110.25,110.25,1,100,11025,2010-04-07 00:00:00,1
2010-04-08 00:00:00,2010-04-08 00:00:00,112,2010-04-08 00:00:00,112,112,1,600,67200,2010-04-08 00:00:00,1
2010-04-12 00:00:00,2010-04-12 00:00:00,119.75,2010-04-12 00:00:00,118,119.75,2,3100,365975,2010-04-12 00:00:00,1
2010-04-15 00:00:00,2010-04-15 00:00:00,130,2010-04-15 00:00:00,120,125.25,8,2900,363000,2010-04-15 00:00:00,1
2010-04-16 00:00:00,2010-04-16 00:00:00,125,2010-04-16 00:00:00,115,125,5,3100,372500,2010-04-16 00:00:00,1
2010-04-21 00:00:00,2010-04-21 00:00:00,124,2010-04-21 00:00:00,124,124,1,1000,124000,2010-04-21 00:00:00,1
2010-04-30 00:00:00,2010-04-30 00:00:00,124,2010-04-30 00:00:00,124,124,1,200,24800,2010-04-30 00:00:00,1
2010-05-03 00:00:00,2010-05-03 00:00:00,124,2010-05-03 00:00:00,124,124,1,100,12400,2010-05-03 00:00:00,1
2010-05-04 00:00:00,2010-05-04 00:00:00,120,2010-05-04 00:00:00,120,120,2,200,24000,2010-05-04 00:00:00,1
2010-05-07 00:00:00,2010-05-07 00:00:00,116,2010-05-07 00:00:00,115,115,5,104600,12029100,2010-05-07 00:00:00,1
2010-05-10 00:00:00,2010-05-10 00:00:00,116,2010-05-10 00:00:00,115,115,9,55700,6405900,2010-05-10 00:00:00,1
2010-05-11 00:00:00,2010-05-11 00:00:00,118,2010-05-11 00:00:00,115,116.25,3,500,58100,2010-05-11 00:00:00,1
2010-05-17 00:00:00,2010-05-17 00:00:00,110,2010-05-17 00:00:00,110,110,2,200,22000,2010-05-17 00:00:00,1
2010-05-18 00:00:00,2010-05-18 00:00:00,112,2010-05-18 00:00:00,112,112,2,600,67200,2010-05-18 00:00:00,1
2010-05-19 00:00:00,2010-05-19 00:00:00,110,2010-05-19 00:00:00,110,110,1,100,11000,2010-05-19 00:00:00,1
2010-05-25 00:00:00,2010-05-25 00:00:00,115,2010-05-25 00:00:00,115,115,1,500,57500,2010-05-25 00:00:00,1
2010-06-03 00:00:00,2010-06-03 00:00:00,115,2010-06-03 00:00:00,100.25,104,3,400,41575,2010-06-03 00:00:00,1
2010-06-04 00:00:00,2010-06-04 00:00:00,115,2010-06-04 00:00:00,110,113,3,500,56450,2010-06-04 00:00:00,1
2010-06-08 00:00:00,2010-06-08 00:00:00,114,2010-06-08 00:00:00,114,114,1,500,57000,2010-06-08 00:00:00,1
2010-06-10 00:00:00,2010-06-10 00:00:00,114,2010-06-10 00:00:00,114,114,1,500,57000,2010-06-10 00:00:00,1
2010-06-11 00:00:00,2010-06-11 00:00:00,114,2010-06-11 00:00:00,102,114,3,300,32975,2010-06-11 00:00:00,1
2010-06-14 00:00:00,2010-06-14 00:00:00,115,2010-06-14 00:00:00,110,115,2,200,22500,2010-06-14 00:00:00,1
2010-06-17 00:00:00,2010-06-17 00:00:00,115,2010-06-17 00:00:00,114,115,4,1000,114900,2010-06-17 00:00:00,1
2010-06-21 00:00:00,2010-06-21 00:00:00,109,2010-06-21 00:00:00,109,109,1,100,10900,2010-06-21 00:00:00,1
2010-06-22 00:00:00,2010-06-22 00:00:00,114,2010-06-22 00:00:00,114,114,2,200,22800,2010-06-22 00:00:00,1
2010-06-23 00:00:00,2010-06-23 00:00:00,114.75,2010-06-23 00:00:00,109,110,3,500,55375,2010-06-23 00:00:00,1
2010-06-24 00:00:00,2010-06-24 00:00:00,110,2010-06-24 00:00:00,110,110,3,900,99000,2010-06-24 00:00:00,1
2010-06-29 00:00:00,2010-06-29 00:00:00,110,2010-06-29 00:00:00,109,109.75,3,400,43900,2010-06-29 00:00:00,1
2010-06-30 00:00:00,2010-06-30 00:00:00,110,2010-06-30 00:00:00,109,109.25,3,300,32800,2010-06-30 00:00:00,1
2010-07-05 00:00:00,2010-07-05 00:00:00,109,2010-07-05 00:00:00,109,109,1,100,10900,2010-07-05 00:00:00,1
2010-07-06 00:00:00,2010-07-06 00:00:00,120,2010-07-06 00:00:00,109,109.5,16,9200,1047975,2010-07-06 00:00:00,1
2010-07-08 00:00:00,2010-07-08 00:00:00,110,2010-07-08 00:00:00,110,110,1,100,11000,2010-07-08 00:00:00,1
2010-07-09 00:00:00,2010-07-09 00:00:00,118,2010-07-09 00:00:00,108.25,108.25,3,2100,234025,2010-07-09 00:00:00,1
2010-07-13 00:00:00,2010-07-13 00:00:00,108.25,2010-07-13 00:00:00,108.25,108.25,1,100,10825,2010-07-13 00:00:00,1
2010-07-14 00:00:00,2010-07-14 00:00:00,116.5,2010-07-14 00:00:00,108.25,115,8,125900,14477475,2010-07-14 00:00:00,1
2010-07-16 00:00:00,2010-07-16 00:00:00,110,2010-07-16 00:00:00,110,110,2,700,77000,2010-07-16 00:00:00,1
2010-07-19 00:00:00,2010-07-19 00:00:00,110,2010-07-19 00:00:00,110,110,1,500,55000,2010-07-19 00:00:00,1
2010-07-20 00:00:00,2010-07-20 00:00:00,115,2010-07-20 00:00:00,110,114.75,10,6900,787100,2010-07-20 00:00:00,1
2010-07-21 00:00:00,2010-07-21 00:00:00,134,2010-07-21 00:00:00,115.25,125,38,10300,1303350,2010-07-21 00:00:00,1
2010-07-22 00:00:00,2010-07-22 00:00:00,122.25,2010-07-22 00:00:00,121,121,9,6900,835175,2010-07-22 00:00:00,1
2010-07-23 00:00:00,2010-07-23 00:00:00,121,2010-07-23 00:00:00,121,121,1,1300,157300,2010-07-23 00:00:00,1
2010-07-26 00:00:00,2010-07-26 00:00:00,120.75,2010-07-26 00:00:00,120,120.5,6,1200,144725,2010-07-26 00:00:00,1
2010-07-27 00:00:00,2010-07-27 00:00:00,121.5,2010-07-27 00:00:00,121.5,121.5,1,100,12150,2010-07-27 00:00:00,1
2010-07-28 00:00:00,2010-07-28 00:00:00,121.25,2010-07-28 00:00:00,121.25,121.25,1,100,12125,2010-07-28 00:00:00,1
2010-08-03 00:00:00,2010-08-03 00:00:00,122,2010-08-03 00:00:00,121.5,122,6,1500,182950,2010-08-03 00:00:00,1
2010-08-05 00:00:00,2010-08-05 00:00:00,118,2010-08-05 00:00:00,118,118,1,100,11800,2010-08-05 00:00:00,1
2010-08-09 00:00:00,2010-08-09 00:00:00,118,2010-08-09 00:00:00,117,117,3,1500,176400,2010-08-09 00:00:00,1
2010-08-11 00:00:00,2010-08-11 00:00:00,115,2010-08-11 00:00:00,115,115,1,100,11500,2010-08-11 00:00:00,1
2010-08-12 00:00:00,2010-08-12 00:00:00,113.1,2010-08-12 00:00:00,113.1,113.1,1,100,11310,2010-08-12 00:00:00,1
2010-08-13 00:00:00,2010-08-13 00:00:00,110.2,2010-08-13 00:00:00,110.2,110.2,1,100,11020,2010-08-13 00:00:00,1
2010-08-16 00:00:00,2010-08-16 00:00:00,108.2,2010-08-16 00:00:00,108,108.2,3,600,64820,2010-08-16 00:00:00,1
2010-08-18 00:00:00,2010-08-18 00:00:00,109,2010-08-18 00:00:00,109,109,1,100,10900,2010-08-18 00:00:00,1
2010-08-19 00:00:00,2010-08-19 00:00:00,118,2010-08-19 00:00:00,116,118,7,7100,837000,2010-08-19 00:00:00,1
2010-08-20 00:00:00,2010-08-20 00:00:00,118.1,2010-08-20 00:00:00,118,118,4,1100,129810,2010-08-20 00:00:00,1
2010-08-25 00:00:00,2010-08-25 00:00:00,125,2010-08-25 00:00:00,120,120,6,2600,315000,2010-08-25 00:00:00,1
2010-08-26 00:00:00,2010-08-26 00:00:00,129,2010-08-26 00:00:00,120,120.1,7,4200,505120,2010-08-26 00:00:00,1
2010-08-27 00:00:00,2010-08-27 00:00:00,125,2010-08-27 00:00:00,124.9,125,5,4800,599950,2010-08-27 00:00:00,1
2010-08-30 00:00:00,2010-08-30 00:00:00,120.1,2010-08-30 00:00:00,120.1,120.1,5,3100,372310,2010-08-30 00:00:00,1
2010-08-31 00:00:00,2010-08-31 00:00:00,122,2010-08-31 00:00:00,122,122,3,6100,744200,2010-08-31 00:00:00,1
2010-09-01 00:00:00,2010-09-01 00:00:00,122,2010-09-01 00:00:00,120,122,12,3700,449460,2010-09-01 00:00:00,1
2010-09-02 00:00:00,2010-09-02 00:00:00,124,2010-09-02 00:00:00,121.7,124,7,5200,642630,2010-09-02 00:00:00,1
2010-09-03 00:00:00,2010-09-03 00:00:00,129.4,2010-09-03 00:00:00,128.7,129.3,3,1200,155170,2010-09-03 00:00:00,1
2010-09-06 00:00:00,2010-09-06 00:00:00,130,2010-09-06 00:00:00,125,129,17,9100,1173880,2010-09-06 00:00:00,1
2010-09-07 00:00:00,2010-09-07 00:00:00,134.2,2010-09-07 00:00:00,129,132.1,6,1600,207320,2010-09-07 00:00:00,1
2010-09-08 00:00:00,2010-09-08 00:00:00,120,2010-09-08 00:00:00,105.3,107.2,10,2800,331900,2010-09-08 00:00:00,1
2010-09-15 00:00:00,2010-09-15 00:00:00,107,2010-09-15 00:00:00,105,107,3,1600,170200,2010-09-15 00:00:00,1
2010-09-16 00:00:00,2010-09-16 00:00:00,107,2010-09-16 00:00:00,105,105.8,3,500,52900,2010-09-16 00:00:00,1
2010-09-17 00:00:00,2010-09-17 00:00:00,115,2010-09-17 00:00:00,114.9,115,5,1100,126490,2010-09-17 00:00:00,1
2010-09-20 00:00:00,2010-09-20 00:00:00,120,2010-09-20 00:00:00,113,119.3,13,2900,336760,2010-09-20 00:00:00,1
2010-09-21 00:00:00,2010-09-21 00:00:00,120,2010-09-21 00:00:00,110,110,3,400,47000,2010-09-21 00:00:00,1
2010-09-23 00:00:00,2010-09-23 00:00:00,112,2010-09-23 00:00:00,109,109.8,6,600,66100,2010-09-23 00:00:00,1
2010-09-24 00:00:00,2010-09-24 00:00:00,112,2010-09-24 00:00:00,109,112,12,3000,333280,2010-09-24 00:00:00,1
2010-09-27 00:00:00,2010-09-27 00:00:00,112,2010-09-27 00:00:00,111,111.4,2,1300,144800,2010-09-27 00:00:00,1
2010-09-28 00:00:00,2010-09-28 00:00:00,111.4,2010-09-28 00:00:00,111,111.3,2,500,55660,2010-09-28 00:00:00,1
2010-09-29 00:00:00,2010-09-29 00:00:00,113,2010-09-29 00:00:00,110,110.9,8,1700,188540,2010-09-29 00:00:00,1
2010-09-30 00:00:00,2010-09-30 00:00:00,110,2010-09-30 00:00:00,109,109.9,7,1000,109360,2010-09-30 00:00:00,1
2010-10-01 00:00:00,2010-10-01 00:00:00,116.5,2010-10-01 00:00:00,116,116,7,5100,591650,2010-10-01 00:00:00,1
2010-10-04 00:00:00,2010-10-04 00:00:00,110,2010-10-04 00:00:00,108,108.4,7,800,86910,2010-10-04 00:00:00,1
2010-10-05 00:00:00,2010-10-05 00:00:00,106.1,2010-10-05 00:00:00,105,106.1,3,600,63130,2010-10-05 00:00:00,1
2010-10-06 00:00:00,2010-10-06 00:00:00,110,2010-10-06 00:00:00,105.1,105.2,11,4800,507260,2010-10-06 00:00:00,1
2010-10-07 00:00:00,2010-10-07 00:00:00,105.1,2010-10-07 00:00:00,105.1,105.1,1,1100,115610,2010-10-07 00:00:00,1
2010-10-08 00:00:00,2010-10-08 00:00:00,105.1,2010-10-08 00:00:00,105,105,5,1000,105010,2010-10-08 00:00:00,1
2010-10-11 00:00:00,2010-10-11 00:00:00,105,2010-10-11 00:00:00,104,104.7,3,300,31400,2010-10-11 00:00:00,1
2010-10-12 00:00:00,2010-10-12 00:00:00,104,2010-10-12 00:00:00,96,96.7,6,800,78420,2010-10-12 00:00:00,1
2010-10-13 00:00:00,2010-10-13 00:00:00,96,2010-10-13 00:00:00,96,96,5,3500,336000,2010-10-13 00:00:00,1
2010-10-14 00:00:00,2010-10-14 00:00:00,102,2010-10-14 00:00:00,102,102,6,1000,102000,2010-10-14 00:00:00,1
2010-10-15 00:00:00,2010-10-15 00:00:00,100,2010-10-15 00:00:00,96,98.9,2,700,69200,2010-10-15 00:00:00,1
2010-10-18 00:00:00,2010-10-18 00:00:00,98.9,2010-10-18 00:00:00,95,95.9,6,1100,106700,2010-10-18 00:00:00,1
2010-10-21 00:00:00,2010-10-21 00:00:00,95,2010-10-21 00:00:00,95,95,1,100,9500,2010-10-21 00:00:00,1
2010-10-25 00:00:00,2010-10-25 00:00:00,95,2010-10-25 00:00:00,95,95,1,100,9500,2010-10-25 00:00:00,1
2010-10-26 00:00:00,2010-10-26 00:00:00,95,2010-10-26 00:00:00,91,93.7,5,600,55400,2010-10-26 00:00:00,1
2010-10-27 00:00:00,2010-10-27 00:00:00,91.2,2010-10-27 00:00:00,91.2,91.2,1,100,9120,2010-10-27 00:00:00,1
2010-11-02 00:00:00,2010-11-02 00:00:00,90,2010-11-02 00:00:00,90,90,2,200,18000,2010-11-02 00:00:00,1
2010-11-03 00:00:00,2010-11-03 00:00:00,89,2010-11-03 00:00:00,89,89,2,700,62300,2010-11-03 00:00:00,1
2010-11-04 00:00:00,2010-11-04 00:00:00,90,2010-11-04 00:00:00,89.1,89.6,2,400,35820,2010-11-04 00:00:00,1
2010-11-10 00:00:00,2010-11-10 00:00:00,89,2010-11-10 00:00:00,89,89,1,100,8900,2010-11-10 00:00:00,1
2010-11-12 00:00:00,2010-11-12 00:00:00,84.1,2010-11-12 00:00:00,84,84.1,6,600,50440,2010-11-12 00:00:00,1
2010-11-15 00:00:00,2010-11-15 00:00:00,86.1,2010-11-15 00:00:00,84.2,86.1,5,1000,84600,2010-11-15 00:00:00,1
2010-11-16 00:00:00,2010-11-16 00:00:00,87,2010-11-16 00:00:00,87,87,1,500,43500,2010-11-16 00:00:00,1
2010-11-18 00:00:00,2010-11-18 00:00:00,89.8,2010-11-18 00:00:00,89.8,89.8,1,200,17960,2010-11-18 00:00:00,1
2010-11-22 00:00:00,2010-11-22 00:00:00,93.5,2010-11-22 00:00:00,89,90.5,5,1000,90230,2010-11-22 00:00:00,1
2010-11-23 00:00:00,2010-11-23 00:00:00,93,2010-11-23 00:00:00,92.5,92.7,2,500,46350,2010-11-23 00:00:00,1
2010-11-25 00:00:00,2010-11-25 00:00:00,95,2010-11-25 00:00:00,90,95,6,1900,176020,2010-11-25 00:00:00,1
2010-11-29 00:00:00,2010-11-29 00:00:00,90.2,2010-11-29 00:00:00,90.2,90.2,2,1900,171380,2010-11-29 00:00:00,1
2010-12-01 00:00:00,2010-12-01 00:00:00,98,2010-12-01 00:00:00,91,97.9,9,16200,1495230,2010-12-01 00:00:00,1
2010-12-03 00:00:00,2010-12-03 00:00:00,97.9,2010-12-03 00:00:00,92.7,97.7,5,900,85970,2010-12-03 00:00:00,1
2010-12-06 00:00:00,2010-12-06 00:00:00,95,2010-12-06 00:00:00,95,95,1,100,9500,2010-12-06 00:00:00,1
2010-12-07 00:00:00,2010-12-07 00:00:00,95,2010-12-07 00:00:00,88,94.8,3,10400,985900,2010-12-07 00:00:00,1
2010-12-08 00:00:00,2010-12-08 00:00:00,97,2010-12-08 00:00:00,94,94.1,3,3900,366900,2010-12-08 00:00:00,1
2010-12-09 00:00:00,2010-12-09 00:00:00,90.4,2010-12-09 00:00:00,90.2,90.4,2,200,18060,2010-12-09 00:00:00,1
2010-12-10 00:00:00,2010-12-10 00:00:00,91,2010-12-10 00:00:00,91,91,2,1100,100100,2010-12-10 00:00:00,1
2010-12-13 00:00:00,2010-12-13 00:00:00,91.1,2010-12-13 00:00:00,91.1,91.1,4,1200,109320,2010-12-13 00:00:00,1
2010-12-14 00:00:00,2010-12-14 00:00:00,97.7,2010-12-14 00:00:00,97.7,97.7,1,200,19540,2010-12-14 00:00:00,1
2010-12-15 00:00:00,2010-12-15 00:00:00,99.9,2010-12-15 00:00:00,95,99.5,11,7200,709090,2010-12-15 00:00:00,1
2010-12-16 00:00:00,2010-12-16 00:00:00,100,2010-12-16 00:00:00,100,100,1,100,10000,2010-12-16 00:00:00,1
2010-12-17 00:00:00,2010-12-17 00:00:00,100,2010-12-17 00:00:00,99.5,99.6,2,700,69700,2010-12-17 00:00:00,1
2010-12-21 00:00:00,2010-12-21 00:00:00,100,2010-12-21 00:00:00,95,96.4,5,1700,163840,2010-12-21 00:00:00,1
2010-12-22 00:00:00,2010-12-22 00:00:00,102,2010-12-22 00:00:00,100,100.3,2,1200,120400,2010-12-22 00:00:00,1
2010-12-23 00:00:00,2010-12-23 00:00:00,102.9,2010-12-23 00:00:00,101.8,102,19,28600,2917610,2010-12-23 00:00:00,1
2010-12-28 00:00:00,2010-12-28 00:00:00,102,2010-12-28 00:00:00,102,102,18,25900,2641800,2010-12-28 00:00:00,1
2010-12-29 00:00:00,2010-12-29 00:00:00,98,2010-12-29 00:00:00,98,98,2,200,19600,2010-12-29 00:00:00,1
2010-12-31 00:00:00,2010-12-31 00:00:00,103,2010-12-31 00:00:00,100,102,7,40500,4135000,2010-12-31 00:00:00,1
Company Id :  CHL,,Security Type :  X,,Sub Type :  0000,,,,,,
Short Name,:  DURDANS,,,,,,,,,
Day,Date High,High,Date Low,Low,Closing,No. of Trades,No. of Shares,Turnover,Last Traded,Days Traded
2010-01-04 00:00:00,2010-01-04 00:00:00,52,2010-01-04 00:00:00,48.25,52,3,400,20025,2010-01-04 00:00:00,1
2010-01-05 00:00:00,2010-01-05 00:00:00,52,2010-01-05 00:00:00,49.25,50,5,2300,115050,2010-01-05 00:00:00,1
2010-01-06 00:00:00,2010-01-06 00:00:00,53,2010-01-06 00:00:00,52,52.75,19,7800,409250,2010-01-06 00:00:00,1
2010-01-07 00:00:00,2010-01-07 00:00:00,52,2010-01-07 00:00:00,52,52,2,700,36400,2010-01-07 00:00:00,1
2010-01-08 00:00:00,2010-01-08 00:00:00,52.5,2010-01-08 00:00:00,52,52.5,5,1100,57650,2010-01-08 00:00:00,1
2010-01-11 00:00:00,2010-01-11 00:00:00,53,2010-01-11 00:00:00,52.75,53,11,1600,84775,2010-01-11 00:00:00,1
2010-01-12 00:00:00,2010-01-12 00:00:00,54,2010-01-12 00:00:00,54,54,7,3900,210600,2010-01-12 00:00:00,1
2010-01-15 00:00:00,2010-01-15 00:00:00,56,2010-01-15 00:00:00,55,55.25,5,900,49800,2010-01-15 00:00:00,1
2010-01-19 00:00:00,2010-01-19 00:00:00,55.25,2010-01-19 00:00:00,55,55,7,9500,522925,2010-01-19 00:00:00,1
2010-01-20 00:00:00,2010-01-20 00:00:00,58,2010-01-20 00:00:00,58,58,2,200,11600,2010-01-20 00:00:00,1
2010-01-21 00:00:00,2010-01-21 00:00:00,55,2010-01-21 00:00:00,55,55,1,100,5500,2010-01-21 00:00:00,1
2010-01-22 00:00:00,2010-01-22 00:00:00,56,2010-01-22 00:00:00,55,55.5,5,2100,116550,2010-01-22 00:00:00,1
2010-01-25 00:00:00,2010-01-25 00:00:00,56,2010-01-25 00:00:00,55.75,56,3,700,39175,2010-01-25 00:00:00,1
2010-02-01 00:00:00,2010-02-01 00:00:00,58,2010-02-01 00:00:00,58,58,1,1000,58000,2010-02-01 00:00:00,1
2010-02-03 00:00:00,2010-02-03 00:00:00,60,2010-02-03 00:00:00,58,60,17,16000,952975,2010-02-03 00:00:00,1
2010-02-05 00:00:00,2010-02-05 00:00:00,75,2010-02-05 00:00:00,62,70.5,70,60300,4220175,2010-02-05 00:00:00,1
2010-02-08 00:00:00,2010-02-08 00:00:00,77.5,2010-02-08 00:00:00,73,76.75,21,54600,4176975,2010-02-08 00:00:00,1
2010-02-09 00:00:00,2010-02-09 00:00:00,75,2010-02-09 00:00:00,74,74.75,21,24600,1838450,2010-02-09 00:00:00,1
2010-02-10 00:00:00,2010-02-10 00:00:00,75,2010-02-10 00:00:00,74,74.75,4,5500,408250,2010-02-10 00:00:00,1
2010-02-11 00:00:00,2010-02-11 00:00:00,70.25,2010-02-11 00:00:00,70,70,4,5300,371325,2010-02-11 00:00:00,1
2010-02-12 00:00:00,2010-02-12 00:00:00,70,2010-02-12 00:00:00,70,70,2,3200,224000,2010-02-12 00:00:00,1
2010-02-15 00:00:00,2010-02-15 00:00:00,69,2010-02-15 00:00:00,69,69,3,7200,496800,2010-02-15 00:00:00,1
2010-02-16 00:00:00,2010-02-16 00:00:00,69,2010-02-16 00:00:00,68.75,69,3,8600,593275,2010-02-16 00:00:00,1
2010-02-17 00:00:00,2010-02-17 00:00:00,69,2010-02-17 00:00:00,69,69,4,20000,1380000,2010-02-17 00:00:00,1
2010-02-18 00:00:00,2010-02-18 00:00:00,69,2010-02-18 00:00:00,69,69,1,200,13800,2010-02-18 00:00:00,1
2010-02-19 00:00:00,2010-02-19 00:00:00,69,2010-02-19 00:00:00,69,69,6,9900,683100,2010-02-19 00:00:00,1
2010-02-25 00:00:00,2010-02-25 00:00:00,69,2010-02-25 00:00:00,69,69,2,200,13800,2010-02-25 00:00:00,1
2010-03-02 00:00:00,2010-03-02 00:00:00,69,2010-03-02 00:00:00,68.75,69,4,10300,709975,2010-03-02 00:00:00,1
2010-03-03 00:00:00,2010-03-03 00:00:00,70,2010-03-03 00:00:00,70,70,1,100,7000,2010-03-03 00:00:00,1
2010-03-05 00:00:00,2010-03-05 00:00:00,69.25,2010-03-05 00:00:00,69,69,3,800,55250,2010-03-05 00:00:00,1
2010-03-10 00:00:00,2010-03-10 00:00:00,68,2010-03-10 00:00:00,67.5,68,5,13300,904150,2010-03-10 00:00:00,1
2010-03-11 00:00:00,2010-03-11 00:00:00,74,2010-03-11 00:00:00,68.5,70.5,10,8900,636950,2010-03-11 00:00:00,1
2010-03-15 00:00:00,2010-03-15 00:00:00,67.75,2010-03-15 00:00:00,67,67.75,2,300,20175,2010-03-15 00:00:00,1
2010-03-16 00:00:00,2010-03-16 00:00:00,68.25,2010-03-16 00:00:00,68.25,68.25,1,500,34125,2010-03-16 00:00:00,1
2010-03-18 00:00:00,2010-03-18 00:00:00,68,2010-03-18 00:00:00,68,68,1,300,20400,2010-03-18 00:00:00,1
2010-03-19 00:00:00,2010-03-19 00:00:00,68.75,2010-03-19 00:00:00,68.75,68.75,1,100,6875,2010-03-19 00:00:00,1
2010-03-22 00:00:00,2010-03-22 00:00:00,68.25,2010-03-22 00:00:00,68.25,68.25,2,2000,136500,2010-03-22 00:00:00,1
2010-03-23 00:00:00,2010-03-23 00:00:00,68.25,2010-03-23 00:00:00,68.25,68.25,1,300,20475,2010-03-23 00:00:00,1
2010-03-24 00:00:00,2010-03-24 00:00:00,68,2010-03-24 00:00:00,67,68,3,58700,3989200,2010-03-24 00:00:00,1
2010-03-25 00:00:00,2010-03-25 00:00:00,68,2010-03-25 00:00:00,68,68,2,3400,231200,2010-03-25 00:00:00,1
2010-03-26 00:00:00,2010-03-26 00:00:00,68,2010-03-26 00:00:00,68,68,1,100,6800,2010-03-26 00:00:00,1
2010-03-31 00:00:00,2010-03-31 00:00:00,68,2010-03-31 00:00:00,67.5,68,4,5200,353550,2010-03-31 00:00:00,1
2010-04-01 00:00:00,2010-04-01 00:00:00,68,2010-04-01 00:00:00,68,68,2,8200,557600,2010-04-01 00:00:00,1
2010-04-05 00:00:00,2010-04-05 00:00:00,68.25,2010-04-05 00:00:00,68,68,3,2400,163250,2010-04-05 00:00:00,1
2010-04-06 00:00:00,2010-04-06 00:00:00,68,2010-04-06 00:00:00,67,68,4,5300,357900,2010-04-06 00:00:00,1
2010-04-07 00:00:00,2010-04-07 00:00:00,68.25,2010-04-07 00:00:00,68.25,68.25,1,100,6825,2010-04-07 00:00:00,1
2010-04-08 00:00:00,2010-04-08 00:00:00,68,2010-04-08 00:00:00,68,68,2,1000,68000,2010-04-08 00:00:00,1
2010-04-12 00:00:00,2010-04-12 00:00:00,68.25,2010-04-12 00:00:00,68.25,68.25,1,500,34125,2010-04-12 00:00:00,1
2010-04-15 00:00:00,2010-04-15 00:00:00,67.25,2010-04-15 00:00:00,67,67.25,13,8200,549800,2010-04-15 00:00:00,1
2010-04-16 00:00:00,2010-04-16 00:00:00,68,2010-04-16 00:00:00,66,66,8,3400,226350,2010-04-16 00:00:00,1
2010-04-22 00:00:00,2010-04-22 00:00:00,65.5,2010-04-22 00:00:00,65.5,65.5,1,100,6550,2010-04-22 00:00:00,1
2010-04-23 00:00:00,2010-04-23 00:00:00,70,2010-04-23 00:00:00,66,69.5,7,6900,479250,2010-04-23 00:00:00,1
2010-04-29 00:00:00,2010-04-29 00:00:00,70,2010-04-29 00:00:00,70,70,10,9100,637000,2010-04-29 00:00:00,1
2010-05-03 00:00:00,2010-05-03 00:00:00,70,2010-05-03 00:00:00,70,70,1,4000,280000,2010-05-03 00:00:00,1
2010-05-04 00:00:00,2010-05-04 00:00:00,70,2010-05-04 00:00:00,69.75,70,5,3000,209975,2010-05-04 00:00:00,1
2010-05-05 00:00:00,2010-05-05 00:00:00,71,2010-05-05 00:00:00,67.5,70.25,5,1000,70150,2010-05-05 00:00:00,1
2010-05-10 00:00:00,2010-05-10 00:00:00,70,2010-05-10 00:00:00,67,69.25,8,7300,505750,2010-05-10 00:00:00,1
2010-05-17 00:00:00,2010-05-17 00:00:00,70,2010-05-17 00:00:00,69.25,70,4,5100,356900,2010-05-17 00:00:00,1
2010-05-18 00:00:00,2010-05-18 00:00:00,70,2010-05-18 00:00:00,70,70,7,4700,329000,2010-05-18 00:00:00,1
2010-05-20 00:00:00,2010-05-20 00:00:00,68.5,2010-05-20 00:00:00,68.5,68.5,1,800,54800,2010-05-20 00:00:00,1
2010-05-21 00:00:00,2010-05-21 00:00:00,70,2010-05-21 00:00:00,70,70,7,2900,203000,2010-05-21 00:00:00,1
2010-05-25 00:00:00,2010-05-25 00:00:00,76,2010-05-25 00:00:00,70,72.5,13,38600,2709200,2010-05-25 00:00:00,1
2010-05-26 00:00:00,2010-05-26 00:00:00,96,2010-05-26 00:00:00,75,75.75,6,4400,402200,2010-05-26 00:00:00,1
2010-06-01 00:00:00,2010-06-01 00:00:00,72.5,2010-06-01 00:00:00,72.5,72.5,1,300,21750,2010-06-01 00:00:00,1
2010-06-02 00:00:00,2010-06-02 00:00:00,71,2010-06-02 00:00:00,70,70.5,2,700,49300,2010-06-02 00:00:00,1
2010-06-04 00:00:00,2010-06-04 00:00:00,80,2010-06-04 00:00:00,80,80,1,300,24000,2010-06-04 00:00:00,1
2010-06-07 00:00:00,2010-06-07 00:00:00,80,2010-06-07 00:00:00,80,80,5,1100,88000,2010-06-07 00:00:00,1
2010-06-08 00:00:00,2010-06-08 00:00:00,80,2010-06-08 00:00:00,80,80,5,4500,360000,2010-06-08 00:00:00,1
2010-06-10 00:00:00,2010-06-10 00:00:00,73.5,2010-06-10 00:00:00,73,73.5,3,300,21950,2010-06-10 00:00:00,1
2010-06-11 00:00:00,2010-06-11 00:00:00,73.75,2010-06-11 00:00:00,73.75,73.75,1,100,7375,2010-06-11 00:00:00,1
2010-06-14 00:00:00,2010-06-14 00:00:00,80,2010-06-14 00:00:00,73.75,80,9,89500,7159275,2010-06-14 00:00:00,1
2010-06-16 00:00:00,2010-06-16 00:00:00,80,2010-06-16 00:00:00,80,80,14,6100,488000,2010-06-16 00:00:00,1
2010-06-17 00:00:00,2010-06-17 00:00:00,89.75,2010-06-17 00:00:00,80,83.25,15,11600,930775,2010-06-17 00:00:00,1
2010-06-21 00:00:00,2010-06-21 00:00:00,93,2010-06-21 00:00:00,86,87.75,27,23100,2092900,2010-06-21 00:00:00,1
2010-06-23 00:00:00,2010-06-23 00:00:00,85,2010-06-23 00:00:00,81,84.25,6,2700,227900,2010-06-23 00:00:00,1
2010-06-29 00:00:00,2010-06-29 00:00:00,80.5,2010-06-29 00:00:00,80,80.5,5,800,64150,2010-06-29 00:00:00,1
2010-07-01 00:00:00,2010-07-01 00:00:00,80.5,2010-07-01 00:00:00,80.5,80.5,1,11000,885500,2010-07-01 00:00:00,1
2010-07-02 00:00:00,2010-07-02 00:00:00,82,2010-07-02 00:00:00,82,82,5,66000,5412000,2010-07-02 00:00:00,1
2010-07-05 00:00:00,2010-07-05 00:00:00,81,2010-07-05 00:00:00,81,81,1,3500,283500,2010-07-05 00:00:00,1
2010-07-06 00:00:00,2010-07-06 00:00:00,84,2010-07-06 00:00:00,82,84,10,7800,654975,2010-07-06 00:00:00,1
2010-07-07 00:00:00,2010-07-07 00:00:00,82,2010-07-07 00:00:00,82,82,2,6000,492000,2010-07-07 00:00:00,1
2010-07-08 00:00:00,2010-07-08 00:00:00,80,2010-07-08 00:00:00,80,80,1,400,32000,2010-07-08 00:00:00,1
2010-07-09 00:00:00,2010-07-09 00:00:00,82,2010-07-09 00:00:00,82,82,3,3600,295200,2010-07-09 00:00:00,1
2010-07-12 00:00:00,2010-07-12 00:00:00,85.25,2010-07-12 00:00:00,82,85.25,8,8200,689125,2010-07-12 00:00:00,1
2010-07-16 00:00:00,2010-07-16 00:00:00,81.5,2010-07-16 00:00:00,80.25,81,4,400,32400,2010-07-16 00:00:00,1
2010-07-19 00:00:00,2010-07-19 00:00:00,84,2010-07-19 00:00:00,84,84,1,1600,134400,2010-07-19 00:00:00,1
2010-07-20 00:00:00,2010-07-20 00:00:00,86,2010-07-20 00:00:00,86,86,1,2000,172000,2010-07-20 00:00:00,1
2010-07-21 00:00:00,2010-07-21 00:00:00,92,2010-07-21 00:00:00,86.25,91,52,25100,2261350,2010-07-21 00:00:00,1
2010-07-22 00:00:00,2010-07-22 00:00:00,92.75,2010-07-22 00:00:00,91.5,91.5,19,10700,983675,2010-07-22 00:00:00,1
2010-07-23 00:00:00,2010-07-23 00:00:00,92.5,2010-07-23 00:00:00,91,91,4,2600,237250,2010-07-23 00:00:00,1
2010-07-26 00:00:00,2010-07-26 00:00:00,92,2010-07-26 00:00:00,92,92,2,1000,92000,2010-07-26 00:00:00,1
2010-07-27 00:00:00,2010-07-27 00:00:00,92,2010-07-27 00:00:00,92,92,4,900,82800,2010-07-27 00:00:00,1
2010-07-28 00:00:00,2010-07-28 00:00:00,90.25,2010-07-28 00:00:00,90.25,90.25,1,300,27075,2010-07-28 00:00:00,1
2010-07-29 00:00:00,2010-07-29 00:00:00,93.5,2010-07-29 00:00:00,92,92.25,6,2200,203150,2010-07-29 00:00:00,1
2010-08-03 00:00:00,2010-08-03 00:00:00,91,2010-08-03 00:00:00,91,91,2,1200,109200,2010-08-03 00:00:00,1
2010-08-04 00:00:00,2010-08-04 00:00:00,91,2010-08-04 00:00:00,90,91,4,6300,573200,2010-08-04 00:00:00,1
2010-08-05 00:00:00,2010-08-05 00:00:00,91,2010-08-05 00:00:00,90,90.8,21,37300,3391200,2010-08-05 00:00:00,1
2010-08-09 00:00:00,2010-08-09 00:00:00,82,2010-08-09 00:00:00,81.8,82,4,800,65570,2010-08-09 00:00:00,1
2010-08-10 00:00:00,2010-08-10 00:00:00,85,2010-08-10 00:00:00,75,81.2,9,4000,312980,2010-08-10 00:00:00,1
2010-08-11 00:00:00,2010-08-11 00:00:00,89,2010-08-11 00:00:00,89,89,1,3000,267000,2010-08-11 00:00:00,1
2010-08-16 00:00:00,2010-08-16 00:00:00,97.9,2010-08-16 00:00:00,95,95,24,11500,1110750,2010-08-16 00:00:00,1
2010-08-17 00:00:00,2010-08-17 00:00:00,86.2,2010-08-17 00:00:00,86.2,86.2,1,1000,86200,2010-08-17 00:00:00,1
2010-08-19 00:00:00,2010-08-19 00:00:00,89,2010-08-19 00:00:00,88,88.6,5,4000,354150,2010-08-19 00:00:00,1
2010-08-20 00:00:00,2010-08-20 00:00:00,97.4,2010-08-20 00:00:00,97.4,97.4,5,2200,214280,2010-08-20 00:00:00,1
2010-08-23 00:00:00,2010-08-23 00:00:00,105,2010-08-23 00:00:00,102.7,104,7,1000,104440,2010-08-23 00:00:00,1
2010-08-25 00:00:00,2010-08-25 00:00:00,110,2010-08-25 00:00:00,105,107.5,4,600,64500,2010-08-25 00:00:00,1
2010-08-26 00:00:00,2010-08-26 00:00:00,110,2010-08-26 00:00:00,110,110,1,100,11000,2010-08-26 00:00:00,1
2010-08-27 00:00:00,2010-08-27 00:00:00,108,2010-08-27 00:00:00,105,107,3,300,32100,2010-08-27 00:00:00,1
2010-08-30 00:00:00,2010-08-30 00:00:00,107,2010-08-30 00:00:00,105,105,13,21900,2307500,2010-08-30 00:00:00,1
2010-08-31 00:00:00,2010-08-31 00:00:00,104.2,2010-08-31 00:00:00,103,104,7,900,93020,2010-08-31 00:00:00,1
2010-09-01 00:00:00,2010-09-01 00:00:00,100,2010-09-01 00:00:00,100,100,4,5000,500000,2010-09-01 00:00:00,1
2010-09-02 00:00:00,2010-09-02 00:00:00,99,2010-09-02 00:00:00,99,99,1,600,59400,2010-09-02 00:00:00,1
2010-09-03 00:00:00,2010-09-03 00:00:00,102,2010-09-03 00:00:00,100,100,10,3900,392670,2010-09-03 00:00:00,1
2010-09-06 00:00:00,2010-09-06 00:00:00,102,2010-09-06 00:00:00,102,102,2,200,20400,2010-09-06 00:00:00,1
2010-09-07 00:00:00,2010-09-07 00:00:00,110,2010-09-07 00:00:00,100,101.2,25,6100,627920,2010-09-07 00:00:00,1
2010-09-08 00:00:00,2010-09-08 00:00:00,100,2010-09-08 00:00:00,94.1,95.1,17,5000,479580,2010-09-08 00:00:00,1
2010-09-09 00:00:00,2010-09-09 00:00:00,95.5,2010-09-09 00:00:00,95,95,2,1500,143000,2010-09-09 00:00:00,1
2010-09-13 00:00:00,2010-09-13 00:00:00,95,2010-09-13 00:00:00,95,95,2,500,47500,2010-09-13 00:00:00,1
2010-09-14 00:00:00,2010-09-14 00:00:00,95,2010-09-14 00:00:00,95,95,1,100,9500,2010-09-14 00:00:00,1
2010-09-15 00:00:00,2010-09-15 00:00:00,95,2010-09-15 00:00:00,86.2,95,5,600,55250,2010-09-15 00:00:00,1
2010-09-17 00:00:00,2010-09-17 00:00:00,95,2010-09-17 00:00:00,94.9,95,5,4200,398990,2010-09-17 00:00:00,1
2010-09-21 00:00:00,2010-09-21 00:00:00,95,2010-09-21 00:00:00,94,95,3,2900,275400,2010-09-21 00:00:00,1
2010-09-23 00:00:00,2010-09-23 00:00:00,90,2010-09-23 00:00:00,90,90,6,900,81000,2010-09-23 00:00:00,1
2010-09-24 00:00:00,2010-09-24 00:00:00,94,2010-09-24 00:00:00,90,90,4,1500,139400,2010-09-24 00:00:00,1
2010-09-27 00:00:00,2010-09-27 00:00:00,90,2010-09-27 00:00:00,90,90,2,600,54000,2010-09-27 00:00:00,1
2010-09-30 00:00:00,2010-09-30 00:00:00,90,2010-09-30 00:00:00,85.2,86.1,4,600,51960,2010-09-30 00:00:00,1
2010-10-01 00:00:00,2010-10-01 00:00:00,90,2010-10-01 00:00:00,90,90,1,400,36000,2010-10-01 00:00:00,1
2010-10-04 00:00:00,2010-10-04 00:00:00,89,2010-10-04 00:00:00,88.9,89,3,300,26690,2010-10-04 00:00:00,1
2010-10-05 00:00:00,2010-10-05 00:00:00,85.2,2010-10-05 00:00:00,85.2,85.2,1,100,8520,2010-10-05 00:00:00,1
2010-10-06 00:00:00,2010-10-06 00:00:00,85.5,2010-10-06 00:00:00,81.7,85,6,7900,671280,2010-10-06 00:00:00,1
2010-10-07 00:00:00,2010-10-07 00:00:00,83,2010-10-07 00:00:00,81.3,83,7,3600,298110,2010-10-07 00:00:00,1
2010-10-08 00:00:00,2010-10-08 00:00:00,80.1,2010-10-08 00:00:00,80.1,80.1,1,100,8010,2010-10-08 00:00:00,1
2010-10-11 00:00:00,2010-10-11 00:00:00,82,2010-10-11 00:00:00,80.6,81.4,7,1400,113760,2010-10-11 00:00:00,1
2010-10-12 00:00:00,2010-10-12 00:00:00,80.4,2010-10-12 00:00:00,75,75,8,1000,76500,2010-10-12 00:00:00,1
2010-10-13 00:00:00,2010-10-13 00:00:00,75,2010-10-13 00:00:00,74,74,3,5700,422100,2010-10-13 00:00:00,1
2010-10-14 00:00:00,2010-10-14 00:00:00,80,2010-10-14 00:00:00,80,80,1,100,8000,2010-10-14 00:00:00,1
2010-10-18 00:00:00,2010-10-18 00:00:00,75.1,2010-10-18 00:00:00,75.1,75.1,2,500,37550,2010-10-18 00:00:00,1
2010-10-19 00:00:00,2010-10-19 00:00:00,75,2010-10-19 00:00:00,74,74.5,2,200,14900,2010-10-19 00:00:00,1
2010-10-27 00:00:00,2010-10-27 00:00:00,71.2,2010-10-27 00:00:00,71.2,71.2,1,100,7120,2010-10-27 00:00:00,1
2010-10-28 00:00:00,2010-10-28 00:00:00,68,2010-10-28 00:00:00,68,68,1,100,6800,2010-10-28 00:00:00,1
2010-11-08 00:00:00,2010-11-08 00:00:00,74,2010-11-08 00:00:00,74,74,1,100,7400,2010-11-08 00:00:00,1
2010-11-15 00:00:00,2010-11-15 00:00:00,74.6,2010-11-15 00:00:00,74,74.6,3,1300,96560,2010-11-15 00:00:00,1
2010-11-18 00:00:00,2010-11-18 00:00:00,79.8,2010-11-18 00:00:00,76,79.8,2,400,30780,2010-11-18 00:00:00,1
2010-11-22 00:00:00,2010-11-22 00:00:00,75.1,2010-11-22 00:00:00,75.1,75.1,1,600,45060,2010-11-22 00:00:00,1
2010-11-23 00:00:00,2010-11-23 00:00:00,77,2010-11-23 00:00:00,77,77,6,5400,415800,2010-11-23 00:00:00,1
2010-11-29 00:00:00,2010-11-29 00:00:00,74,2010-11-29 00:00:00,74,74,8,2200,162800,2010-11-29 00:00:00,1
2010-12-01 00:00:00,2010-12-01 00:00:00,75,2010-12-01 00:00:00,70,75,6,10100,727800,2010-12-01 00:00:00,1
2010-12-02 00:00:00,2010-12-02 00:00:00,72.2,2010-12-02 00:00:00,72.2,72.2,1,100,7220,2010-12-02 00:00:00,1
2010-12-03 00:00:00,2010-12-03 00:00:00,73,2010-12-03 00:00:00,72.3,72.8,6,700,50930,2010-12-03 00:00:00,1
2010-12-08 00:00:00,2010-12-08 00:00:00,75,2010-12-08 00:00:00,75,75,2,300,22500,2010-12-08 00:00:00,1
2010-12-09 00:00:00,2010-12-09 00:00:00,75,2010-12-09 00:00:00,73.2,73.6,3,500,37220,2010-12-09 00:00:00,1
2010-12-14 00:00:00,2010-12-14 00:00:00,70.4,2010-12-14 00:00:00,70.3,70.4,2,800,56300,2010-12-14 00:00:00,1
2010-12-21 00:00:00,2010-12-21 00:00:00,75,2010-12-21 00:00:00,72,75,2,300,21900,2010-12-21 00:00:00,1
2010-12-23 00:00:00,2010-12-23 00:00:00,83,2010-12-23 00:00:00,83,83,2,600,49800,2010-12-23 00:00:00,1
2010-12-31 00:00:00,2010-12-31 00:00:00,82.9,2010-12-31 00:00:00,82.9,82.9,1,600,49740,2010-12-31 00:00:00,1
Company Id :  CHMX,,Security Type :  N,,Sub Type :  0000,,,,,,
Short Name,:  CHEMANEX,,,,,,,,,
Day,Date High,High,Date Low,Low,Closing,No. of Trades,No. of Shares,Turnover,Last Traded,Days Traded
2010-01-04 00:00:00,2010-01-04 00:00:00,146,2010-01-04 00:00:00,145,145.25,4,3200,464700,2010-01-04 00:00:00,1
2010-01-05 00:00:00,2010-01-05 00:00:00,147,2010-01-05 00:00:00,147,147,5,600,88200,2010-01-05 00:00:00,1
2010-01-06 00:00:00,2010-01-06 00:00:00,147.5,2010-01-06 00:00:00,147,147,5,4100,603050,2010-01-06 00:00:00,1
2010-01-07 00:00:00,2010-01-07 00:00:00,145,2010-01-07 00:00:00,140,140,19,8300,1164375,2010-01-07 00:00:00,1
2010-01-08 00:00:00,2010-01-08 00:00:00,140.25,2010-01-08 00:00:00,140,140,6,2100,294175,2010-01-08 00:00:00,1
2010-01-11 00:00:00,2010-01-11 00:00:00,140.5,2010-01-11 00:00:00,140,140.5,7,1300,182400,2010-01-11 00:00:00,1
2010-01-12 00:00:00,2010-01-12 00:00:00,140.5,2010-01-12 00:00:00,136,136.75,6,1200,166050,2010-01-12 00:00:00,1
2010-01-15 00:00:00,2010-01-15 00:00:00,145,2010-01-15 00:00:00,141,141.25,13,3600,515050,2010-01-15 00:00:00,1
2010-01-18 00:00:00,2010-01-18 00:00:00,141,2010-01-18 00:00:00,140,140.5,2,200,28100,2010-01-18 00:00:00,1
2010-01-19 00:00:00,2010-01-19 00:00:00,138.25,2010-01-19 00:00:00,136.5,136.5,6,1100,150350,2010-01-19 00:00:00,1
2010-01-20 00:00:00,2010-01-20 00:00:00,145,2010-01-20 00:00:00,141,143,22,9300,1324675,2010-01-20 00:00:00,1
2010-01-21 00:00:00,2010-01-21 00:00:00,147,2010-01-21 00:00:00,142,144.5,11,11300,1633425,2010-01-21 00:00:00,1
2010-01-22 00:00:00,2010-01-22 00:00:00,140.5,2010-01-22 00:00:00,140,140,2,1000,140050,2010-01-22 00:00:00,1
2010-01-25 00:00:00,2010-01-25 00:00:00,141,2010-01-25 00:00:00,138,138.25,4,4300,601900,2010-01-25 00:00:00,1
2010-01-26 00:00:00,2010-01-26 00:00:00,140,2010-01-26 00:00:00,140,140,7,3700,518000,2010-01-26 00:00:00,1
2010-01-28 00:00:00,2010-01-28 00:00:00,142,2010-01-28 00:00:00,140,142,9,14600,2072675,2010-01-28 00:00:00,1
2010-02-01 00:00:00,2010-02-01 00:00:00,142,2010-02-01 00:00:00,140.5,141.5,12,4500,637550,2010-02-01 00:00:00,1
2010-02-02 00:00:00,2010-02-02 00:00:00,143.75,2010-02-02 00:00:00,142,142,3,1400,199575,2010-02-02 00:00:00,1
2010-02-05 00:00:00,2010-02-05 00:00:00,142,2010-02-05 00:00:00,140,142,10,4900,695100,2010-02-05 00:00:00,1
2010-02-08 00:00:00,2010-02-08 00:00:00,141.25,2010-02-08 00:00:00,140,140.75,2,300,42250,2010-02-08 00:00:00,1
2010-02-09 00:00:00,2010-02-09 00:00:00,142,2010-02-09 00:00:00,139.5,140.5,18,26100,3654050,2010-02-09 00:00:00,1
2010-02-10 00:00:00,2010-02-10 00:00:00,140,2010-02-10 00:00:00,140,140,1,400,56000,2010-02-10 00:00:00,1
2010-02-11 00:00:00,2010-02-11 00:00:00,139,2010-02-11 00:00:00,138.75,139,5,1000,138950,2010-02-11 00:00:00,1
2010-02-12 00:00:00,2010-02-12 00:00:00,138,2010-02-12 00:00:00,138,138,2,500,69000,2010-02-12 00:00:00,1
2010-02-15 00:00:00,2010-02-15 00:00:00,135,2010-02-15 00:00:00,135,135,1,700,94500,2010-02-15 00:00:00,1
2010-02-16 00:00:00,2010-02-16 00:00:00,135,2010-02-16 00:00:00,135,135,3,500,67500,2010-02-16 00:00:00,1
2010-02-17 00:00:00,2010-02-17 00:00:00,135,2010-02-17 00:00:00,135,135,3,3500,472500,2010-02-17 00:00:00,1
2010-02-22 00:00:00,2010-02-22 00:00:00,136,2010-02-22 00:00:00,135.25,135.25,3,1300,176050,2010-02-22 00:00:00,1
2010-02-23 00:00:00,2010-02-23 00:00:00,135,2010-02-23 00:00:00,135,135,6,9100,1228500,2010-02-23 00:00:00,1
2010-02-24 00:00:00,2010-02-24 00:00:00,139.75,2010-02-24 00:00:00,139.75,139.75,1,100,13975,2010-02-24 00:00:00,1
2010-02-25 00:00:00,2010-02-25 00:00:00,135.5,2010-02-25 00:00:00,135,135,4,13700,1850050,2010-02-25 00:00:00,1
2010-02-26 00:00:00,2010-02-26 00:00:00,135,2010-02-26 00:00:00,133,133,2,30100,4063300,2010-02-26 00:00:00,1
2010-03-02 00:00:00,2010-03-02 00:00:00,136,2010-03-02 00:00:00,135,135,12,7300,985600,2010-03-02 00:00:00,1
2010-03-03 00:00:00,2010-03-03 00:00:00,139.5,2010-03-03 00:00:00,139.5,139.5,1,400,55800,2010-03-03 00:00:00,1
2010-03-04 00:00:00,2010-03-04 00:00:00,135,2010-03-04 00:00:00,135,135,2,10000,1350000,2010-03-04 00:00:00,1
2010-03-05 00:00:00,2010-03-05 00:00:00,134,2010-03-05 00:00:00,133,133.25,3,2200,293200,2010-03-05 00:00:00,1
2010-03-08 00:00:00,2010-03-08 00:00:00,139.5,2010-03-08 00:00:00,139.5,139.5,2,200,27900,2010-03-08 00:00:00,1
2010-03-10 00:00:00,2010-03-10 00:00:00,140,2010-03-10 00:00:00,133,138.75,10,5300,735200,2010-03-10 00:00:00,1
2010-03-15 00:00:00,2010-03-15 00:00:00,138,2010-03-15 00:00:00,138,138,2,700,96600,2010-03-15 00:00:00,1
2010-03-17 00:00:00,2010-03-17 00:00:00,136,2010-03-17 00:00:00,135,135,3,2800,380200,2010-03-17 00:00:00,1
2010-03-22 00:00:00,2010-03-22 00:00:00,135,2010-03-22 00:00:00,135,135,1,600,81000,2010-03-22 00:00:00,1
2010-03-23 00:00:00,2010-03-23 00:00:00,135,2010-03-23 00:00:00,135,135,3,1300,175500,2010-03-23 00:00:00,1
2010-03-25 00:00:00,2010-03-25 00:00:00,135,2010-03-25 00:00:00,135,135,3,2200,297000,2010-03-25 00:00:00,1
2010-03-26 00:00:00,2010-03-26 00:00:00,130,2010-03-26 00:00:00,130,130,2,200,26000,2010-03-26 00:00:00,1
2010-03-30 00:00:00,2010-03-30 00:00:00,130.25,2010-03-30 00:00:00,130.25,130.25,1,100,13025,2010-03-30 00:00:00,1
2010-03-31 00:00:00,2010-03-31 00:00:00,130.25,2010-03-31 00:00:00,130.25,130.25,2,400,52100,2010-03-31 00:00:00,1
2010-04-01 00:00:00,2010-04-01 00:00:00,130.25,2010-04-01 00:00:00,130.25,130.25,2,1200,156300,2010-04-01 00:00:00,1
2010-04-06 00:00:00,2010-04-06 00:00:00,137,2010-04-06 00:00:00,134.75,135,7,52700,7114675,2010-04-06 00:00:00,1
2010-04-07 00:00:00,2010-04-07 00:00:00,135,2010-04-07 00:00:00,135,135,3,1200,162000,2010-04-07 00:00:00,1
2010-04-08 00:00:00,2010-04-08 00:00:00,136,2010-04-08 00:00:00,136,136,2,1000,136000,2010-04-08 00:00:00,1
2010-04-12 00:00:00,2010-04-12 00:00:00,136,2010-04-12 00:00:00,132,132.25,3,300,40025,2010-04-12 00:00:00,1
2010-04-15 00:00:00,2010-04-15 00:00:00,132,2010-04-15 00:00:00,132,132,3,400,52800,2010-04-15 00:00:00,1
2010-04-16 00:00:00,2010-04-16 00:00:00,132,2010-04-16 00:00:00,132,132,9,1200,158400,2010-04-16 00:00:00,1
2010-04-19 00:00:00,2010-04-19 00:00:00,135,2010-04-19 00:00:00,128.25,132.25,8,1200,158475,2010-04-19 00:00:00,1
2010-04-20 00:00:00,2010-04-20 00:00:00,130.25,2010-04-20 00:00:00,130.25,130.25,5,1300,169325,2010-04-20 00:00:00,1
2010-04-21 00:00:00,2010-04-21 00:00:00,131,2010-04-21 00:00:00,130,130.25,6,1400,182225,2010-04-21 00:00:00,1
2010-04-22 00:00:00,2010-04-22 00:00:00,130,2010-04-22 00:00:00,130,130,2,300,39000,2010-04-22 00:00:00,1
2010-04-23 00:00:00,2010-04-23 00:00:00,130.75,2010-04-23 00:00:00,130,130.5,14,32200,4199800,2010-04-23 00:00:00,1
2010-04-26 00:00:00,2010-04-26 00:00:00,132,2010-04-26 00:00:00,130,130,7,2300,301600,2010-04-26 00:00:00,1
2010-04-27 00:00:00,2010-04-27 00:00:00,135,2010-04-27 00:00:00,130,130.75,5,1500,195725,2010-04-27 00:00:00,1
2010-04-29 00:00:00,2010-04-29 00:00:00,137.75,2010-04-29 00:00:00,136,136.5,3,400,54575,2010-04-29 00:00:00,1
2010-05-06 00:00:00,2010-05-06 00:00:00,139.75,2010-05-06 00:00:00,139,139,2,600,83475,2010-05-06 00:00:00,1
2010-05-07 00:00:00,2010-05-07 00:00:00,138.25,2010-05-07 00:00:00,130.5,138.25,2,300,40700,2010-05-07 00:00:00,1
2010-05-14 00:00:00,2010-05-14 00:00:00,135,2010-05-14 00:00:00,130.75,135,6,9100,1227075,2010-05-14 00:00:00,1
2010-05-17 00:00:00,2010-05-17 00:00:00,135,2010-05-17 00:00:00,135,135,1,500,67500,2010-05-17 00:00:00,1
2010-05-18 00:00:00,2010-05-18 00:00:00,134,2010-05-18 00:00:00,134,134,1,1900,254600,2010-05-18 00:00:00,1
2010-05-19 00:00:00,2010-05-19 00:00:00,138,2010-05-19 00:00:00,130,138,12,9900,1350475,2010-05-19 00:00:00,1
2010-05-20 00:00:00,2010-05-20 00:00:00,138,2010-05-20 00:00:00,138,138,3,500,69000,2010-05-20 00:00:00,1
2010-05-24 00:00:00,2010-05-24 00:00:00,140,2010-05-24 00:00:00,133,138,18,68200,9400975,2010-05-24 00:00:00,1
2010-05-25 00:00:00,2010-05-25 00:00:00,137.75,2010-05-25 00:00:00,137.75,137.75,1,100,13775,2010-05-25 00:00:00,1
2010-05-26 00:00:00,2010-05-26 00:00:00,137.75,2010-05-26 00:00:00,137.75,137.75,2,700,96425,2010-05-26 00:00:00,1
2010-05-31 00:00:00,2010-05-31 00:00:00,137.5,2010-05-31 00:00:00,133.25,135.5,4,700,94925,2010-05-31 00:00:00,1
2010-06-01 00:00:00,2010-06-01 00:00:00,133,2010-06-01 00:00:00,133,133,7,11000,1463000,2010-06-01 00:00:00,1
2010-06-03 00:00:00,2010-06-03 00:00:00,133,2010-06-03 00:00:00,133,133,2,2300,305900,2010-06-03 00:00:00,1
2010-06-04 00:00:00,2010-06-04 00:00:00,135,2010-06-04 00:00:00,135,135,1,600,81000,2010-06-04 00:00:00,1
2010-06-07 00:00:00,2010-06-07 00:00:00,130.5,2010-06-07 00:00:00,130,130.5,3,700,91075,2010-06-07 00:00:00,1
2010-06-08 00:00:00,2010-06-08 00:00:00,131,2010-06-08 00:00:00,131,131,2,1100,144100,2010-06-08 00:00:00,1
2010-06-09 00:00:00,2010-06-09 00:00:00,138.75,2010-06-09 00:00:00,134,138.5,37,28700,3906100,2010-06-09 00:00:00,1
2010-06-10 00:00:00,2010-06-10 00:00:00,142.5,2010-06-10 00:00:00,139,142.5,69,94900,13308800,2010-06-10 00:00:00,1
2010-06-11 00:00:00,2010-06-11 00:00:00,143,2010-06-11 00:00:00,143,143,9,1900,271700,2010-06-11 00:00:00,1
2010-06-14 00:00:00,2010-06-14 00:00:00,143,2010-06-14 00:00:00,140.75,141.25,6,2800,398300,2010-06-14 00:00:00,1
2010-06-15 00:00:00,2010-06-15 00:00:00,139,2010-06-15 00:00:00,135,135,2,1100,152500,2010-06-15 00:00:00,1
2010-06-16 00:00:00,2010-06-16 00:00:00,134,2010-06-16 00:00:00,134,134,1,400,53600,2010-06-16 00:00:00,1
2010-06-17 00:00:00,2010-06-17 00:00:00,147,2010-06-17 00:00:00,141.75,143.5,7,28200,4044375,2010-06-17 00:00:00,1
2010-06-21 00:00:00,2010-06-21 00:00:00,144,2010-06-21 00:00:00,142,144,14,51600,7428950,2010-06-21 00:00:00,1
2010-06-22 00:00:00,2010-06-22 00:00:00,144,2010-06-22 00:00:00,144,144,20,29500,4248000,2010-06-22 00:00:00,1
2010-06-24 00:00:00,2010-06-24 00:00:00,144,2010-06-24 00:00:00,143,143.5,12,32300,4651075,2010-06-24 00:00:00,1
2010-06-29 00:00:00,2010-06-29 00:00:00,143,2010-06-29 00:00:00,143,143,3,2200,314600,2010-06-29 00:00:00,1
2010-07-05 00:00:00,2010-07-05 00:00:00,132,2010-07-05 00:00:00,131,131.5,2,200,26300,2010-07-05 00:00:00,1
2010-07-06 00:00:00,2010-07-06 00:00:00,135,2010-07-06 00:00:00,132.25,134,2,300,40225,2010-07-06 00:00:00,1
2010-07-07 00:00:00,2010-07-07 00:00:00,133,2010-07-07 00:00:00,133,133,1,100,13300,2010-07-07 00:00:00,1
2010-07-08 00:00:00,2010-07-08 00:00:00,132.25,2010-07-08 00:00:00,132,132,2,600,79225,2010-07-08 00:00:00,1
2010-07-09 00:00:00,2010-07-09 00:00:00,132.5,2010-07-09 00:00:00,132.5,132.5,3,1700,225250,2010-07-09 00:00:00,1
2010-07-12 00:00:00,2010-07-12 00:00:00,133.5,2010-07-12 00:00:00,133.5,133.5,1,200,26700,2010-07-12 00:00:00,1
2010-07-14 00:00:00,2010-07-14 00:00:00,135,2010-07-14 00:00:00,135,135,2,7800,1053000,2010-07-14 00:00:00,1
2010-07-16 00:00:00,2010-07-16 00:00:00,134,2010-07-16 00:00:00,134,134,1,500,67000,2010-07-16 00:00:00,1
2010-07-19 00:00:00,2010-07-19 00:00:00,135,2010-07-19 00:00:00,134,134,4,2000,268750,2010-07-19 00:00:00,1
2010-07-20 00:00:00,2010-07-20 00:00:00,135,2010-07-20 00:00:00,135,135,2,1800,243000,2010-07-20 00:00:00,1
2010-07-21 00:00:00,2010-07-21 00:00:00,135.25,2010-07-21 00:00:00,133.25,133.25,2,1100,148575,2010-07-21 00:00:00,1
2010-07-22 00:00:00,2010-07-22 00:00:00,135.75,2010-07-22 00:00:00,132.75,133.25,9,4300,573675,2010-07-22 00:00:00,1
2010-07-23 00:00:00,2010-07-23 00:00:00,145,2010-07-23 00:00:00,133.25,140.5,30,14700,1987000,2010-07-23 00:00:00,1
2010-07-26 00:00:00,2010-07-26 00:00:00,140,2010-07-26 00:00:00,140,140,3,600,84000,2010-07-26 00:00:00,1
2010-07-27 00:00:00,2010-07-27 00:00:00,133.75,2010-07-27 00:00:00,133,133.75,7,6200,824850,2010-07-27 00:00:00,1
2010-07-28 00:00:00,2010-07-28 00:00:00,140,2010-07-28 00:00:00,135,139.75,7,800,110850,2010-07-28 00:00:00,1
2010-07-29 00:00:00,2010-07-29 00:00:00,138,2010-07-29 00:00:00,138,138,3,600,82800,2010-07-29 00:00:00,1
2010-08-03 00:00:00,2010-08-03 00:00:00,135.1,2010-08-03 00:00:00,135,135.1,3,2600,351050,2010-08-03 00:00:00,1
2010-08-04 00:00:00,2010-08-04 00:00:00,135,2010-08-04 00:00:00,135,135,1,100,13500,2010-08-04 00:00:00,1
2010-08-05 00:00:00,2010-08-05 00:00:00,133.2,2010-08-05 00:00:00,132,133.1,10,15500,2062720,2010-08-05 00:00:00,1
2010-08-09 00:00:00,2010-08-09 00:00:00,132,2010-08-09 00:00:00,132,132,1,200,26400,2010-08-09 00:00:00,1
2010-08-12 00:00:00,2010-08-12 00:00:00,130,2010-08-12 00:00:00,130,130,1,5500,715000,2010-08-12 00:00:00,1
2010-08-13 00:00:00,2010-08-13 00:00:00,135,2010-08-13 00:00:00,125,135,3,1500,192500,2010-08-13 00:00:00,1
2010-08-16 00:00:00,2010-08-16 00:00:00,135,2010-08-16 00:00:00,135,135,3,1500,202500,2010-08-16 00:00:00,1
2010-08-18 00:00:00,2010-08-18 00:00:00,135.1,2010-08-18 00:00:00,130,135.1,8,4800,644800,2010-08-18 00:00:00,1
2010-08-19 00:00:00,2010-08-19 00:00:00,135,2010-08-19 00:00:00,130.1,135,4,500,67010,2010-08-19 00:00:00,1
2010-08-20 00:00:00,2010-08-20 00:00:00,137,2010-08-20 00:00:00,135,135.3,2,800,108200,2010-08-20 00:00:00,1
2010-08-23 00:00:00,2010-08-23 00:00:00,135.5,2010-08-23 00:00:00,135,135.5,12,17400,2349400,2010-08-23 00:00:00,1
2010-08-25 00:00:00,2010-08-25 00:00:00,135.5,2010-08-25 00:00:00,135.5,135.5,1,100,13550,2010-08-25 00:00:00,1
2010-08-26 00:00:00,2010-08-26 00:00:00,135.5,2010-08-26 00:00:00,134.9,135.3,5,1300,175840,2010-08-26 00:00:00,1
2010-08-27 00:00:00,2010-08-27 00:00:00,136,2010-08-27 00:00:00,135.3,135.5,5,2700,365880,2010-08-27 00:00:00,1
2010-08-30 00:00:00,2010-08-30 00:00:00,135,2010-08-30 00:00:00,135,135,1,1000,135000,2010-08-30 00:00:00,1
2010-08-31 00:00:00,2010-08-31 00:00:00,145,2010-08-31 00:00:00,135,143,11,3400,483000,2010-08-31 00:00:00,1
2010-09-02 00:00:00,2010-09-02 00:00:00,140,2010-09-02 00:00:00,139.9,140,2,800,111990,2010-09-02 00:00:00,1
2010-09-03 00:00:00,2010-09-03 00:00:00,135.1,2010-09-03 00:00:00,135,135,6,9500,1282710,2010-09-03 00:00:00,1
2010-09-07 00:00:00,2010-09-07 00:00:00,135,2010-09-07 00:00:00,133,134.5,4,400,53800,2010-09-07 00:00:00,1
2010-09-08 00:00:00,2010-09-08 00:00:00,139.9,2010-09-08 00:00:00,135,135.8,8,2500,339460,2010-09-08 00:00:00,1
2010-09-09 00:00:00,2010-09-09 00:00:00,142,2010-09-09 00:00:00,136,136,2,600,82200,2010-09-09 00:00:00,1
2010-09-13 00:00:00,2010-09-13 00:00:00,142,2010-09-13 00:00:00,138,139.5,15,8500,1197790,2010-09-13 00:00:00,1
2010-09-14 00:00:00,2010-09-14 00:00:00,138.5,2010-09-14 00:00:00,135,135,6,3800,518150,2010-09-14 00:00:00,1
2010-09-15 00:00:00,2010-09-15 00:00:00,135,2010-09-15 00:00:00,135,135,1,100,13500,2010-09-15 00:00:00,1
2010-09-17 00:00:00,2010-09-17 00:00:00,138,2010-09-17 00:00:00,135,136.8,4,1400,192100,2010-09-17 00:00:00,1
2010-09-20 00:00:00,2010-09-20 00:00:00,140,2010-09-20 00:00:00,140,140,8,1700,238000,2010-09-20 00:00:00,1
2010-09-21 00:00:00,2010-09-21 00:00:00,160,2010-09-21 00:00:00,135,155.3,79,70300,10815590,2010-09-21 00:00:00,1
2010-09-23 00:00:00,2010-09-23 00:00:00,160,2010-09-23 00:00:00,149,149.8,34,19000,2955380,2010-09-23 00:00:00,1
2010-09-24 00:00:00,2010-09-24 00:00:00,150,2010-09-24 00:00:00,149.9,150,7,2300,344990,2010-09-24 00:00:00,1
2010-09-27 00:00:00,2010-09-27 00:00:00,145,2010-09-27 00:00:00,145,145,7,1400,203000,2010-09-27 00:00:00,1
2010-09-28 00:00:00,2010-09-28 00:00:00,142,2010-09-28 00:00:00,142,142,2,1100,156200,2010-09-28 00:00:00,1
2010-09-30 00:00:00,2010-09-30 00:00:00,142,2010-09-30 00:00:00,142,142,2,400,56800,2010-09-30 00:00:00,1
2010-10-01 00:00:00,2010-10-01 00:00:00,148,2010-10-01 00:00:00,140,143.9,13,10200,1467240,2010-10-01 00:00:00,1
2010-10-04 00:00:00,2010-10-04 00:00:00,158.4,2010-10-04 00:00:00,140,140,7,3600,509280,2010-10-04 00:00:00,1
2010-10-05 00:00:00,2010-10-05 00:00:00,140.1,2010-10-05 00:00:00,138,138.4,9,3800,527730,2010-10-05 00:00:00,1
2010-10-07 00:00:00,2010-10-07 00:00:00,137,2010-10-07 00:00:00,134.1,137,8,2000,273220,2010-10-07 00:00:00,1
2010-10-08 00:00:00,2010-10-08 00:00:00,140,2010-10-08 00:00:00,135,139.9,3,700,95980,2010-10-08 00:00:00,1
2010-10-11 00:00:00,2010-10-11 00:00:00,139.9,2010-10-11 00:00:00,135,137.9,3,1200,165430,2010-10-11 00:00:00,1
2010-10-12 00:00:00,2010-10-12 00:00:00,131.5,2010-10-12 00:00:00,130,130.9,7,14000,1832150,2010-10-12 00:00:00,1
2010-10-13 00:00:00,2010-10-13 00:00:00,131,2010-10-13 00:00:00,127,128.9,8,2000,260680,2010-10-13 00:00:00,1
2010-10-14 00:00:00,2010-10-14 00:00:00,130,2010-10-14 00:00:00,125,125.1,8,2700,338420,2010-10-14 00:00:00,1
2010-10-15 00:00:00,2010-10-15 00:00:00,135,2010-10-15 00:00:00,125,129.3,40,15400,1980320,2010-10-15 00:00:00,1
2010-10-19 00:00:00,2010-10-19 00:00:00,129,2010-10-19 00:00:00,129,129,1,1000,129000,2010-10-19 00:00:00,1
2010-10-20 00:00:00,2010-10-20 00:00:00,125.2,2010-10-20 00:00:00,124,124.2,11,3800,474620,2010-10-20 00:00:00,1
2010-10-21 00:00:00,2010-10-21 00:00:00,129,2010-10-21 00:00:00,125,125.6,8,8700,1092600,2010-10-21 00:00:00,1
2010-10-26 00:00:00,2010-10-26 00:00:00,126,2010-10-26 00:00:00,123,123,5,6300,776220,2010-10-26 00:00:00,1
2010-10-28 00:00:00,2010-10-28 00:00:00,120.6,2010-10-28 00:00:00,120.6,120.6,3,300,36180,2010-10-28 00:00:00,1
2010-10-29 00:00:00,2010-10-29 00:00:00,127.5,2010-10-29 00:00:00,122.6,127.3,5,1600,203060,2010-10-29 00:00:00,1
2010-11-01 00:00:00,2010-11-01 00:00:00,130,2010-11-01 00:00:00,126,126.5,9,2100,268780,2010-11-01 00:00:00,1
2010-11-02 00:00:00,2010-11-02 00:00:00,127.2,2010-11-02 00:00:00,127.2,127.2,3,600,76320,2010-11-02 00:00:00,1
2010-11-03 00:00:00,2010-11-03 00:00:00,128,2010-11-03 00:00:00,128,128,1,500,64000,2010-11-03 00:00:00,1
2010-11-09 00:00:00,2010-11-09 00:00:00,123,2010-11-09 00:00:00,121.5,122,2,300,36600,2010-11-09 00:00:00,1
2010-11-11 00:00:00,2010-11-11 00:00:00,120.1,2010-11-11 00:00:00,120.1,120.1,1,200,24020,2010-11-11 00:00:00,1
2010-11-15 00:00:00,2010-11-15 00:00:00,122,2010-11-15 00:00:00,120,120,2,1100,134000,2010-11-15 00:00:00,1
2010-11-22 00:00:00,2010-11-22 00:00:00,120,2010-11-22 00:00:00,120,120,1,100,12000,2010-11-22 00:00:00,1
2010-11-23 00:00:00,2010-11-23 00:00:00,117,2010-11-23 00:00:00,116,116.2,2,600,69700,2010-11-23 00:00:00,1
2010-11-24 00:00:00,2010-11-24 00:00:00,120,2010-11-24 00:00:00,118,118.9,4,900,107000,2010-11-24 00:00:00,1
2010-11-29 00:00:00,2010-11-29 00:00:00,115,2010-11-29 00:00:00,115,115,3,700,80500,2010-11-29 00:00:00,1
2010-11-30 00:00:00,2010-11-30 00:00:00,119.5,2010-11-30 00:00:00,119.5,119.5,1,100,11950,2010-11-30 00:00:00,1
2010-12-01 00:00:00,2010-12-01 00:00:00,125,2010-12-01 00:00:00,120,123.8,6,1400,169500,2010-12-01 00:00:00,1
2010-12-02 00:00:00,2010-12-02 00:00:00,122,2010-12-02 00:00:00,122,122,3,800,97600,2010-12-02 00:00:00,1
2010-12-03 00:00:00,2010-12-03 00:00:00,121,2010-12-03 00:00:00,120.1,120.4,2,300,36120,2010-12-03 00:00:00,1
2010-12-06 00:00:00,2010-12-06 00:00:00,121,2010-12-06 00:00:00,121,121,1,200,24200,2010-12-06 00:00:00,1
2010-12-07 00:00:00,2010-12-07 00:00:00,120.1,2010-12-07 00:00:00,120,120,5,2000,240050,2010-12-07 00:00:00,1
2010-12-08 00:00:00,2010-12-08 00:00:00,120,2010-12-08 00:00:00,120,120,3,600,72000,2010-12-08 00:00:00,1
2010-12-13 00:00:00,2010-12-13 00:00:00,120,2010-12-13 00:00:00,120,120,1,100,12000,2010-12-13 00:00:00,1
2010-12-15 00:00:00,2010-12-15 00:00:00,121,2010-12-15 00:00:00,120,120,6,700,84110,2010-12-15 00:00:00,1
2010-12-16 00:00:00,2010-12-16 00:00:00,117,2010-12-16 00:00:00,117,117,1,100,11700,2010-12-16 00:00:00,1
2010-12-21 00:00:00,2010-12-21 00:00:00,117,2010-12-21 00:00:00,117,117,1,500,58500,2010-12-21 00:00:00,1
2010-12-23 00:00:00,2010-12-23 00:00:00,118,2010-12-23 00:00:00,118,118,2,500,59000,2010-12-23 00:00:00,1
2010-12-28 00:00:00,2010-12-28 00:00:00,118.5,2010-12-28 00:00:00,118.5,118.5,1,900,106650,2010-12-28 00:00:00,1
2010-12-29 00:00:00,2010-12-29 00:00:00,125,2010-12-29 00:00:00,119,122.3,2,900,110100,2010-12-29 00:00:00,1
Company Id :  CHOT,,Security Type :  N,,Sub Type :  0000,,,,,,
Short Name :  HOTELS CORP.,,,,,,,,,,
Day,Date High,High,Date Low,Low,Closing,No. of Trades,No. of Shares,Turnover,Last Traded,Days Traded
2010-01-04 00:00:00,2010-01-04 00:00:00,25,2010-01-04 00:00:00,23.5,24.25,20,18600,451800,2010-01-04 00:00:00,1
2010-01-05 00:00:00,2010-01-05 00:00:00,25.5,2010-01-05 00:00:00,23.75,24.5,111,119500,2974175,2010-01-05 00:00:00,1
2010-01-06 00:00:00,2010-01-06 00:00:00,25.5,2010-01-06 00:00:00,24.5,25.25,61,88700,2230125,2010-01-06 00:00:00,1
2010-01-07 00:00:00,2010-01-07 00:00:00,25,2010-01-07 00:00:00,24.25,24.5,40,55500,1369375,2010-01-07 00:00:00,1
2010-01-08 00:00:00,2010-01-08 00:00:00,24.5,2010-01-08 00:00:00,23.75,24,42,84000,2014650,2010-01-08 00:00:00,1
2010-01-11 00:00:00,2010-01-11 00:00:00,25,2010-01-11 00:00:00,23.75,24.25,27,70900,1718150,2010-01-11 00:00:00,1
2010-01-12 00:00:00,2010-01-12 00:00:00,24.75,2010-01-12 00:00:00,24,24,17,44900,1086175,2010-01-12 00:00:00,1
2010-01-13 00:00:00,2010-01-13 00:00:00,24.5,2010-01-13 00:00:00,23.75,24,27,63000,1510100,2010-01-13 00:00:00,1
2010-01-15 00:00:00,2010-01-15 00:00:00,26.5,2010-01-15 00:00:00,24.75,26.25,140,177500,4569525,2010-01-15 00:00:00,1
2010-01-18 00:00:00,2010-01-18 00:00:00,26.25,2010-01-18 00:00:00,24.5,25.25,68,55500,1415300,2010-01-18 00:00:00,1
2010-01-19 00:00:00,2010-01-19 00:00:00,25.5,2010-01-19 00:00:00,24.5,24.75,20,27000,665950,2010-01-19 00:00:00,1
2010-01-20 00:00:00,2010-01-20 00:00:00,24.5,2010-01-20 00:00:00,24.5,24.5,5,4000,98000,2010-01-20 00:00:00,1
2010-01-21 00:00:00,2010-01-21 00:00:00,24.75,2010-01-21 00:00:00,24.5,24.5,10,30000,735125,2010-01-21 00:00:00,1
2010-01-22 00:00:00,2010-01-22 00:00:00,24.75,2010-01-22 00:00:00,24.25,24.25,11,8600,210550,2010-01-22 00:00:00,1
2010-01-25 00:00:00,2010-01-25 00:00:00,25.75,2010-01-25 00:00:00,24.25,25.5,40,39700,1004375,2010-01-25 00:00:00,1
2010-01-26 00:00:00,2010-01-26 00:00:00,25.25,2010-01-26 00:00:00,24.5,25.25,10,6700,169000,2010-01-26 00:00:00,1
2010-01-28 00:00:00,2010-01-28 00:00:00,25,2010-01-28 00:00:00,24.25,24.75,47,42000,1030500,2010-01-28 00:00:00,1
2010-02-01 00:00:00,2010-02-01 00:00:00,25.75,2010-02-01 00:00:00,24.25,24.5,24,12200,300575,2010-02-01 00:00:00,1
2010-02-02 00:00:00,2010-02-02 00:00:00,25.25,2010-02-02 00:00:00,25,25,11,16700,417675,2010-02-02 00:00:00,1
2010-02-03 00:00:00,2010-02-03 00:00:00,25,2010-02-03 00:00:00,24.75,25,13,78400,1951100,2010-02-03 00:00:00,1
2010-02-05 00:00:00,2010-02-05 00:00:00,25,2010-02-05 00:00:00,24.5,24.75,6,5700,142275,2010-02-05 00:00:00,1
2010-02-08 00:00:00,2010-02-08 00:00:00,25,2010-02-08 00:00:00,24.5,24.75,23,15500,385125,2010-02-08 00:00:00,1
2010-02-09 00:00:00,2010-02-09 00:00:00,24.75,2010-02-09 00:00:00,24,24,30,31100,754900,2010-02-09 00:00:00,1
2010-02-10 00:00:00,2010-02-10 00:00:00,24,2010-02-10 00:00:00,24,24,15,21100,506400,2010-02-10 00:00:00,1
2010-02-11 00:00:00,2010-02-11 00:00:00,24,2010-02-11 00:00:00,23.5,23.5,16,10500,250050,2010-02-11 00:00:00,1
2010-02-12 00:00:00,2010-02-12 00:00:00,23.5,2010-02-12 00:00:00,23.25,23.5,9,9800,228050,2010-02-12 00:00:00,1
2010-02-15 00:00:00,2010-02-15 00:00:00,24.25,2010-02-15 00:00:00,23.75,23.75,14,4300,102550,2010-02-15 00:00:00,1
2010-02-16 00:00:00,2010-02-16 00:00:00,23.5,2010-02-16 00:00:00,23.25,23.25,5,4000,93500,2010-02-16 00:00:00,1
2010-02-17 00:00:00,2010-02-17 00:00:00,24,2010-02-17 00:00:00,23,23.25,9,2600,60300,2010-02-17 00:00:00,1
2010-02-18 00:00:00,2010-02-18 00:00:00,23.25,2010-02-18 00:00:00,23,23,12,11500,264600,2010-02-18 00:00:00,1
2010-02-19 00:00:00,2010-02-19 00:00:00,23.5,2010-02-19 00:00:00,23,23.5,15,9900,228000,2010-02-19 00:00:00,1
2010-02-22 00:00:00,2010-02-22 00:00:00,23.5,2010-02-22 00:00:00,23.5,23.5,7,12500,293750,2010-02-22 00:00:00,1
2010-02-23 00:00:00,2010-02-23 00:00:00,23.5,2010-02-23 00:00:00,23.5,23.5,4,2600,61100,2010-02-23 00:00:00,1
2010-02-24 00:00:00,2010-02-24 00:00:00,26,2010-02-24 00:00:00,23.5,24.75,229,252700,6370325,2010-02-24 00:00:00,1
2010-02-25 00:00:00,2010-02-25 00:00:00,24.75,2010-02-25 00:00:00,24.25,24.25,22,8200,200525,2010-02-25 00:00:00,1
2010-03-01 00:00:00,2010-03-01 00:00:00,24,2010-03-01 00:00:00,23.75,24,28,49700,1191325,2010-03-01 00:00:00,1
2010-03-02 00:00:00,2010-03-02 00:00:00,24.25,2010-03-02 00:00:00,23.75,24,17,33700,808775,2010-03-02 00:00:00,1
2010-03-03 00:00:00,2010-03-03 00:00:00,24.5,2010-03-03 00:00:00,24,24,15,7800,187250,2010-03-03 00:00:00,1
2010-03-04 00:00:00,2010-03-04 00:00:00,24.25,2010-03-04 00:00:00,23.75,24,18,22800,546750,2010-03-04 00:00:00,1
2010-03-05 00:00:00,2010-03-05 00:00:00,25.5,2010-03-05 00:00:00,24.25,25.25,58,99900,2522000,2010-03-05 00:00:00,1
2010-03-08 00:00:00,2010-03-08 00:00:00,26,2010-03-08 00:00:00,25.5,25.5,82,122700,3151175,2010-03-08 00:00:00,1
2010-03-09 00:00:00,2010-03-09 00:00:00,26,2010-03-09 00:00:00,24.5,25,24,22500,571950,2010-03-09 00:00:00,1
2010-03-10 00:00:00,2010-03-10 00:00:00,25,2010-03-10 00:00:00,24.5,25,6,5500,137325,2010-03-10 00:00:00,1
2010-03-11 00:00:00,2010-03-11 00:00:00,25,2010-03-11 00:00:00,24.5,24.75,13,4800,118700,2010-03-11 00:00:00,1
2010-03-12 00:00:00,2010-03-12 00:00:00,25.5,2010-03-12 00:00:00,25,25.25,21,42400,1062500,2010-03-12 00:00:00,1
2010-03-15 00:00:00,2010-03-15 00:00:00,27,2010-03-15 00:00:00,25.75,26.5,134,139400,3648400,2010-03-15 00:00:00,1
2010-03-16 00:00:00,2010-03-16 00:00:00,26.5,2010-03-16 00:00:00,25.75,26,23,36100,953925,2010-03-16 00:00:00,1
2010-03-17 00:00:00,2010-03-17 00:00:00,26,2010-03-17 00:00:00,25.5,25.5,26,57700,1494200,2010-03-17 00:00:00,1
2010-03-18 00:00:00,2010-03-18 00:00:00,25.5,2010-03-18 00:00:00,25,25,11,6900,173750,2010-03-18 00:00:00,1
2010-03-19 00:00:00,2010-03-19 00:00:00,25,2010-03-19 00:00:00,24.5,24.5,14,7600,187875,2010-03-19 00:00:00,1
2010-03-22 00:00:00,2010-03-22 00:00:00,24.75,2010-03-22 00:00:00,24.75,24.75,5,2100,51975,2010-03-22 00:00:00,1
2010-03-23 00:00:00,2010-03-23 00:00:00,24.5,2010-03-23 00:00:00,24.25,24.5,12,3900,95450,2010-03-23 00:00:00,1
2010-03-24 00:00:00,2010-03-24 00:00:00,24.5,2010-03-24 00:00:00,24,24.5,11,13100,315775,2010-03-24 00:00:00,1
2010-03-25 00:00:00,2010-03-25 00:00:00,24.5,2010-03-25 00:00:00,24,24,14,15900,381675,2010-03-25 00:00:00,1
2010-03-26 00:00:00,2010-03-26 00:00:00,24.5,2010-03-26 00:00:00,24,24.25,18,29900,724900,2010-03-26 00:00:00,1
2010-03-30 00:00:00,2010-03-30 00:00:00,25,2010-03-30 00:00:00,24.75,24.75,18,27400,679225,2010-03-30 00:00:00,1
2010-03-31 00:00:00,2010-03-31 00:00:00,25.5,2010-03-31 00:00:00,24.75,25.25,29,29100,731475,2010-03-31 00:00:00,1
2010-04-01 00:00:00,2010-04-01 00:00:00,25.25,2010-04-01 00:00:00,25,25,6,14200,355025,2010-04-01 00:00:00,1
2010-04-05 00:00:00,2010-04-05 00:00:00,26.5,2010-04-05 00:00:00,25.5,26.5,74,103800,2717600,2010-04-05 00:00:00,1
2010-04-06 00:00:00,2010-04-06 00:00:00,27.75,2010-04-06 00:00:00,26.25,27,115,158700,4311975,2010-04-06 00:00:00,1
2010-04-07 00:00:00,2010-04-07 00:00:00,28.5,2010-04-07 00:00:00,27,27,94,190800,5234275,2010-04-07 00:00:00,1
2010-04-08 00:00:00,2010-04-08 00:00:00,27.75,2010-04-08 00:00:00,27,27.5,31,39900,1094400,2010-04-08 00:00:00,1
2010-04-12 00:00:00,2010-04-12 00:00:00,28.5,2010-04-12 00:00:00,27.5,28,73,112200,3141575,2010-04-12 00:00:00,1
2010-04-15 00:00:00,2010-04-15 00:00:00,27.75,2010-04-15 00:00:00,27.75,27.75,9,5700,158175,2010-04-15 00:00:00,1
2010-04-16 00:00:00,2010-04-16 00:00:00,28.5,2010-04-16 00:00:00,27.5,28,29,27700,771050,2010-04-16 00:00:00,1
2010-04-19 00:00:00,2010-04-19 00:00:00,35,2010-04-19 00:00:00,28,34,425,567000,17937925,2010-04-19 00:00:00,1
2010-04-20 00:00:00,2010-04-20 00:00:00,38,2010-04-20 00:00:00,34,34.5,456,490400,17615300,2010-04-20 00:00:00,1
2010-04-21 00:00:00,2010-04-21 00:00:00,35.75,2010-04-21 00:00:00,32.5,33,73,57200,1923125,2010-04-21 00:00:00,1
2010-04-22 00:00:00,2010-04-22 00:00:00,33.5,2010-04-22 00:00:00,32.5,33,30,20600,679075,2010-04-22 00:00:00,1
2010-04-23 00:00:00,2010-04-23 00:00:00,35.75,2010-04-23 00:00:00,33,35.25,171,255700,8890175,2010-04-23 00:00:00,1
2010-04-26 00:00:00,2010-04-26 00:00:00,36,2010-04-26 00:00:00,34.5,34.75,117,146500,5216625,2010-04-26 00:00:00,1
2010-04-27 00:00:00,2010-04-27 00:00:00,36,2010-04-27 00:00:00,34,34.25,61,62700,2161450,2010-04-27 00:00:00,1
2010-04-29 00:00:00,2010-04-29 00:00:00,33.75,2010-04-29 00:00:00,33.25,33.5,19,16200,542675,2010-04-29 00:00:00,1
2010-04-30 00:00:00,2010-04-30 00:00:00,34.5,2010-04-30 00:00:00,34.5,34.5,2,1000,34500,2010-04-30 00:00:00,1
2010-05-03 00:00:00,2010-05-03 00:00:00,34.25,2010-05-03 00:00:00,34,34,23,67200,2286875,2010-05-03 00:00:00,1
2010-05-04 00:00:00,2010-05-04 00:00:00,34,2010-05-04 00:00:00,33.25,33.5,14,8200,274650,2010-05-04 00:00:00,1
2010-05-05 00:00:00,2010-05-05 00:00:00,34.25,2010-05-05 00:00:00,33.25,34,30,29000,982425,2010-05-05 00:00:00,1
2010-05-06 00:00:00,2010-05-06 00:00:00,33.75,2010-05-06 00:00:00,33,33.75,33,43700,1455725,2010-05-06 00:00:00,1
2010-05-07 00:00:00,2010-05-07 00:00:00,34,2010-05-07 00:00:00,32.75,33,23,74600,2468925,2010-05-07 00:00:00,1
2010-05-10 00:00:00,2010-05-10 00:00:00,33.5,2010-05-10 00:00:00,32.5,32.75,16,9600,316000,2010-05-10 00:00:00,1
2010-05-11 00:00:00,2010-05-11 00:00:00,33,2010-05-11 00:00:00,32.5,32.75,17,13100,430375,2010-05-11 00:00:00,1
2010-05-12 00:00:00,2010-05-12 00:00:00,32.75,2010-05-12 00:00:00,32,32,45,39900,1285825,2010-05-12 00:00:00,1
2010-05-13 00:00:00,2010-05-13 00:00:00,32,2010-05-13 00:00:00,31.25,31.25,14,6700,211275,2010-05-13 00:00:00,1
2010-05-14 00:00:00,2010-05-14 00:00:00,33,2010-05-14 00:00:00,31.75,32.75,34,51300,1661800,2010-05-14 00:00:00,1
2010-05-17 00:00:00,2010-05-17 00:00:00,32.75,2010-05-17 00:00:00,32.5,32.5,6,3600,117775,2010-05-17 00:00:00,1
2010-05-18 00:00:00,2010-05-18 00:00:00,32.5,2010-05-18 00:00:00,32.25,32.25,11,5400,174375,2010-05-18 00:00:00,1
2010-05-19 00:00:00,2010-05-19 00:00:00,32.5,2010-05-19 00:00:00,32,32.5,26,34900,1126350,2010-05-19 00:00:00,1
2010-05-20 00:00:00,2010-05-20 00:00:00,32,2010-05-20 00:00:00,31.25,31.5,7,3700,116650,2010-05-20 00:00:00,1
2010-05-21 00:00:00,2010-05-21 00:00:00,31.75,2010-05-21 00:00:00,30.25,30.5,25,35600,1098650,2010-05-21 00:00:00,1
2010-05-24 00:00:00,2010-05-24 00:00:00,30.25,2010-05-24 00:00:00,30.25,30.25,12,6800,205700,2010-05-24 00:00:00,1
2010-05-25 00:00:00,2010-05-25 00:00:00,33.5,2010-05-25 00:00:00,30.25,32.75,44,66900,2143425,2010-05-25 00:00:00,1
2010-05-26 00:00:00,2010-05-26 00:00:00,33.25,2010-05-26 00:00:00,32.25,32.25,11,3600,117700,2010-05-26 00:00:00,1
2010-05-31 00:00:00,2010-05-31 00:00:00,32.5,2010-05-31 00:00:00,30.5,31.5,30,13900,442725,2010-05-31 00:00:00,1
2010-06-01 00:00:00,2010-06-01 00:00:00,32,2010-06-01 00:00:00,31.5,31.5,9,8600,274050,2010-06-01 00:00:00,1
2010-06-02 00:00:00,2010-06-02 00:00:00,32,2010-06-02 00:00:00,31.5,31.75,7,8900,281300,2010-06-02 00:00:00,1
2010-06-03 00:00:00,2010-06-03 00:00:00,32,2010-06-03 00:00:00,31,31,18,20000,621550,2010-06-03 00:00:00,1
2010-06-04 00:00:00,2010-06-04 00:00:00,32.5,2010-06-04 00:00:00,32,32,16,16900,542125,2010-06-04 00:00:00,1
2010-06-07 00:00:00,2010-06-07 00:00:00,32.5,2010-06-07 00:00:00,31.5,32,21,29100,926475,2010-06-07 00:00:00,1
2010-06-08 00:00:00,2010-06-08 00:00:00,32,2010-06-08 00:00:00,31,31,22,18200,571975,2010-06-08 00:00:00,1
2010-06-09 00:00:00,2010-06-09 00:00:00,32,2010-06-09 00:00:00,31.75,32,22,11800,377275,2010-06-09 00:00:00,1
2010-06-10 00:00:00,2010-06-10 00:00:00,33,2010-06-10 00:00:00,31.75,32,21,21100,684425,2010-06-10 00:00:00,1
2010-06-11 00:00:00,2010-06-11 00:00:00,33.25,2010-06-11 00:00:00,31.75,33,48,47300,1552575,2010-06-11 00:00:00,1
2010-06-14 00:00:00,2010-06-14 00:00:00,33,2010-06-14 00:00:00,31.5,33,33,82500,2702575,2010-06-14 00:00:00,1
2010-06-15 00:00:00,2010-06-15 00:00:00,34,2010-06-15 00:00:00,33,34,66,69500,2323500,2010-06-15 00:00:00,1
2010-06-16 00:00:00,2010-06-16 00:00:00,34.5,2010-06-16 00:00:00,33,34.25,32,36800,1250325,2010-06-16 00:00:00,1
2010-06-17 00:00:00,2010-06-17 00:00:00,34,2010-06-17 00:00:00,33.75,34,66,208000,7071900,2010-06-17 00:00:00,1
2010-06-21 00:00:00,2010-06-21 00:00:00,36.75,2010-06-21 00:00:00,33.75,35.5,344,20881400,731234700,2010-06-21 00:00:00,1
2010-06-22 00:00:00,2010-06-22 00:00:00,36.5,2010-06-22 00:00:00,34.75,35,89,138000,4924075,2010-06-22 00:00:00,1
2010-06-23 00:00:00,2010-06-23 00:00:00,35.25,2010-06-23 00:00:00,33.75,34.25,52,51800,1781525,2010-06-23 00:00:00,1
2010-06-24 00:00:00,2010-06-24 00:00:00,35,2010-06-24 00:00:00,33.75,34.75,55,54800,1911550,2010-06-24 00:00:00,1
2010-06-28 00:00:00,2010-06-28 00:00:00,35,2010-06-28 00:00:00,33.75,34,20,28800,983825,2010-06-28 00:00:00,1
2010-06-29 00:00:00,2010-06-29 00:00:00,35,2010-06-29 00:00:00,34,34.25,19,20100,685375,2010-06-29 00:00:00,1
2010-06-30 00:00:00,2010-06-30 00:00:00,34.5,2010-06-30 00:00:00,34,34.25,16,13500,459525,2010-06-30 00:00:00,1
2010-07-01 00:00:00,2010-07-01 00:00:00,34.25,2010-07-01 00:00:00,33.5,34,16,36200,1230250,2010-07-01 00:00:00,1
2010-07-02 00:00:00,2010-07-02 00:00:00,35,2010-07-02 00:00:00,33.75,34.5,63,102400,3540625,2010-07-02 00:00:00,1
2010-07-05 00:00:00,2010-07-05 00:00:00,35,2010-07-05 00:00:00,33.75,34,33,69400,2374950,2010-07-05 00:00:00,1
2010-07-06 00:00:00,2010-07-06 00:00:00,35.75,2010-07-06 00:00:00,33,34.5,38,5055400,176894650,2010-07-06 00:00:00,1
2010-07-07 00:00:00,2010-07-07 00:00:00,34,2010-07-07 00:00:00,33,33.25,27,29100,968850,2010-07-07 00:00:00,1
2010-07-08 00:00:00,2010-07-08 00:00:00,35,2010-07-08 00:00:00,33,34.75,42,6089400,213095525,2010-07-08 00:00:00,1
2010-07-09 00:00:00,2010-07-09 00:00:00,34.5,2010-07-09 00:00:00,34,34,14,18800,641100,2010-07-09 00:00:00,1
2010-07-12 00:00:00,2010-07-12 00:00:00,35,2010-07-12 00:00:00,34,34.5,33,62400,2137125,2010-07-12 00:00:00,1
2010-07-13 00:00:00,2010-07-13 00:00:00,34.5,2010-07-13 00:00:00,34.5,34.5,1,500,17250,2010-07-13 00:00:00,1
2010-07-14 00:00:00,2010-07-14 00:00:00,34.75,2010-07-14 00:00:00,33.5,34.75,22,31200,1076425,2010-07-14 00:00:00,1
2010-07-15 00:00:00,2010-07-15 00:00:00,37.5,2010-07-15 00:00:00,34.75,36.75,335,6738600,242883650,2010-07-15 00:00:00,1
2010-07-16 00:00:00,2010-07-16 00:00:00,37.25,2010-07-16 00:00:00,36,36.25,67,50600,1862125,2010-07-16 00:00:00,1
2010-07-19 00:00:00,2010-07-19 00:00:00,36.5,2010-07-19 00:00:00,35.5,36.25,19,15700,563375,2010-07-19 00:00:00,1
2010-07-20 00:00:00,2010-07-20 00:00:00,37.25,2010-07-20 00:00:00,36,36.75,64,50100,1835500,2010-07-20 00:00:00,1
2010-07-21 00:00:00,2010-07-21 00:00:00,37.75,2010-07-21 00:00:00,36.75,36.75,91,135400,5030050,2010-07-21 00:00:00,1
2010-07-22 00:00:00,2010-07-22 00:00:00,37,2010-07-22 00:00:00,36,36.5,21,40100,1450125,2010-07-22 00:00:00,1
2010-07-23 00:00:00,2010-07-23 00:00:00,36.5,2010-07-23 00:00:00,35.75,36,50,75100,2710850,2010-07-23 00:00:00,1
2010-07-26 00:00:00,2010-07-26 00:00:00,36.25,2010-07-26 00:00:00,35.25,35.25,21,10200,361075,2010-07-26 00:00:00,1
2010-07-27 00:00:00,2010-07-27 00:00:00,36.25,2010-07-27 00:00:00,35.5,36,32,27500,983425,2010-07-27 00:00:00,1
2010-07-28 00:00:00,2010-07-28 00:00:00,36.5,2010-07-28 00:00:00,35.5,36,39,90100,3260225,2010-07-28 00:00:00,1
2010-07-29 00:00:00,2010-07-29 00:00:00,37.25,2010-07-29 00:00:00,36.5,37,74,259200,9582725,2010-07-29 00:00:00,1
2010-07-30 00:00:00,2010-07-30 00:00:00,37,2010-07-30 00:00:00,36,36.5,22,23600,860650,2010-07-30 00:00:00,1
2010-08-02 00:00:00,2010-08-02 00:00:00,37,2010-08-02 00:00:00,36,36.5,40,50200,1813350,2010-08-02 00:00:00,1
2010-08-03 00:00:00,2010-08-03 00:00:00,36.5,2010-08-03 00:00:00,35.5,36,25,88500,3185280,2010-08-03 00:00:00,1
2010-08-04 00:00:00,2010-08-04 00:00:00,36.9,2010-08-04 00:00:00,35.5,36.7,16,27300,996570,2010-08-04 00:00:00,1
2010-08-05 00:00:00,2010-08-05 00:00:00,40.4,2010-08-05 00:00:00,34,39.3,193,340400,12992970,2010-08-05 00:00:00,1
2010-08-06 00:00:00,2010-08-06 00:00:00,43.2,2010-08-06 00:00:00,39,40.4,502,1000300,42137820,2010-08-06 00:00:00,1
2010-08-09 00:00:00,2010-08-09 00:00:00,42,2010-08-09 00:00:00,37,37.1,137,149700,5743400,2010-08-09 00:00:00,1
2010-08-10 00:00:00,2010-08-10 00:00:00,40.8,2010-08-10 00:00:00,34,40.8,143,167200,6333180,2010-08-10 00:00:00,1
2010-08-11 00:00:00,2010-08-11 00:00:00,43,2010-08-11 00:00:00,39.1,39.5,97,201700,8263280,2010-08-11 00:00:00,1
2010-08-12 00:00:00,2010-08-12 00:00:00,39.9,2010-08-12 00:00:00,38.2,38.9,44,37600,1465740,2010-08-12 00:00:00,1
2010-08-13 00:00:00,2010-08-13 00:00:00,40.9,2010-08-13 00:00:00,36.3,40,66,78800,3135450,2010-08-13 00:00:00,1
2010-08-16 00:00:00,2010-08-16 00:00:00,41,2010-08-16 00:00:00,39.5,40.6,36,46700,1884270,2010-08-16 00:00:00,1
2010-08-17 00:00:00,2010-08-17 00:00:00,41.2,2010-08-17 00:00:00,39.4,39.7,60,51800,2064790,2010-08-17 00:00:00,1
2010-08-18 00:00:00,2010-08-18 00:00:00,41,2010-08-18 00:00:00,39.6,39.9,73,140500,5621920,2010-08-18 00:00:00,1
2010-08-19 00:00:00,2010-08-19 00:00:00,43.8,2010-08-19 00:00:00,40,43.8,367,784300,33270490,2010-08-19 00:00:00,1
2010-08-20 00:00:00,2010-08-20 00:00:00,46,2010-08-20 00:00:00,42,43.4,221,251100,11009090,2010-08-20 00:00:00,1
2010-08-23 00:00:00,2010-08-23 00:00:00,44,2010-08-23 00:00:00,43,43.6,105,250800,11001160,2010-08-23 00:00:00,1
2010-08-25 00:00:00,2010-08-25 00:00:00,44.9,2010-08-25 00:00:00,43.5,43.7,86,118300,5188730,2010-08-25 00:00:00,1
2010-08-26 00:00:00,2010-08-26 00:00:00,43,2010-08-26 00:00:00,40,42.6,48,65400,2734010,2010-08-26 00:00:00,1
2010-08-27 00:00:00,2010-08-27 00:00:00,45.8,2010-08-27 00:00:00,42.5,45.2,317,729000,32586280,2010-08-27 00:00:00,1
2010-08-30 00:00:00,2010-08-30 00:00:00,45.3,2010-08-30 00:00:00,44.1,44.8,120,168100,7538460,2010-08-30 00:00:00,1
2010-08-31 00:00:00,2010-08-31 00:00:00,44.8,2010-08-31 00:00:00,43.1,43.9,66,158800,6958400,2010-08-31 00:00:00,1
2010-09-01 00:00:00,2010-09-01 00:00:00,44.4,2010-09-01 00:00:00,43.5,44.2,79,131800,5809010,2010-09-01 00:00:00,1
2010-09-02 00:00:00,2010-09-02 00:00:00,44.5,2010-09-02 00:00:00,43,43.7,81,120800,5290570,2010-09-02 00:00:00,1
2010-09-03 00:00:00,2010-09-03 00:00:00,44,2010-09-03 00:00:00,42.9,43.5,102,147200,6359260,2010-09-03 00:00:00,1
2010-09-06 00:00:00,2010-09-06 00:00:00,44,2010-09-06 00:00:00,43.8,44,86,275700,12122220,2010-09-06 00:00:00,1
2010-09-07 00:00:00,2010-09-07 00:00:00,44,2010-09-07 00:00:00,43.5,43.5,54,85700,3738830,2010-09-07 00:00:00,1
2010-09-08 00:00:00,2010-09-08 00:00:00,44,2010-09-08 00:00:00,43.5,44,53,371500,16343750,2010-09-08 00:00:00,1
2010-09-09 00:00:00,2010-09-09 00:00:00,44.1,2010-09-09 00:00:00,43,43.6,72,186700,8190190,2010-09-09 00:00:00,1
2010-09-13 00:00:00,2010-09-13 00:00:00,43.5,2010-09-13 00:00:00,42.5,42.6,44,157000,6809430,2010-09-13 00:00:00,1
2010-09-14 00:00:00,2010-09-14 00:00:00,43.5,2010-09-14 00:00:00,42,42.6,21,21800,929880,2010-09-14 00:00:00,1
2010-09-15 00:00:00,2010-09-15 00:00:00,42.6,2010-09-15 00:00:00,41,41.9,34,47000,1970930,2010-09-15 00:00:00,1
2010-09-16 00:00:00,2010-09-16 00:00:00,43.3,2010-09-16 00:00:00,41.5,43.1,59,65800,2824190,2010-09-16 00:00:00,1
2010-09-17 00:00:00,2010-09-17 00:00:00,44.4,2010-09-17 00:00:00,43.5,43.9,124,319800,14065960,2010-09-17 00:00:00,1
2010-09-20 00:00:00,2010-09-20 00:00:00,44,2010-09-20 00:00:00,43.1,43.5,27,88700,3861270,2010-09-20 00:00:00,1
2010-09-21 00:00:00,2010-09-21 00:00:00,44,2010-09-21 00:00:00,42.5,43,38,30100,1305020,2010-09-21 00:00:00,1
2010-09-23 00:00:00,2010-09-23 00:00:00,43.8,2010-09-23 00:00:00,42.1,42.8,71,108800,4720400,2010-09-23 00:00:00,1
2010-09-24 00:00:00,2010-09-24 00:00:00,44.4,2010-09-24 00:00:00,42,43.9,123,414900,18222330,2010-09-24 00:00:00,1
2010-09-27 00:00:00,2010-09-27 00:00:00,44.1,2010-09-27 00:00:00,42,43,49,90000,3868940,2010-09-27 00:00:00,1
2010-09-28 00:00:00,2010-09-28 00:00:00,43.1,2010-09-28 00:00:00,42,42.2,31,21300,906140,2010-09-28 00:00:00,1
2010-09-29 00:00:00,2010-09-29 00:00:00,42.9,2010-09-29 00:00:00,42,42.7,46,77200,3278310,2010-09-29 00:00:00,1
2010-09-30 00:00:00,2010-09-30 00:00:00,43,2010-09-30 00:00:00,40,41.6,104,120300,5025360,2010-09-30 00:00:00,1
2010-10-01 00:00:00,2010-10-01 00:00:00,43.5,2010-10-01 00:00:00,42,42.8,35,47400,2032880,2010-10-01 00:00:00,1
2010-10-04 00:00:00,2010-10-04 00:00:00,43,2010-10-04 00:00:00,41.9,42,56,55600,2347100,2010-10-04 00:00:00,1
2010-10-05 00:00:00,2010-10-05 00:00:00,42,2010-10-05 00:00:00,41.7,41.8,18,6600,276200,2010-10-05 00:00:00,1
2010-10-06 00:00:00,2010-10-06 00:00:00,41.9,2010-10-06 00:00:00,41,41.4,39,21400,891360,2010-10-06 00:00:00,1
2010-10-07 00:00:00,2010-10-07 00:00:00,41,2010-10-07 00:00:00,39,39.4,93,222900,8915930,2010-10-07 00:00:00,1
2010-10-08 00:00:00,2010-10-08 00:00:00,40.9,2010-10-08 00:00:00,39,40.9,27,17600,713960,2010-10-08 00:00:00,1
2010-10-11 00:00:00,2010-10-11 00:00:00,41,2010-10-11 00:00:00,39,39.2,50,24300,957800,2010-10-11 00:00:00,1
2010-10-12 00:00:00,2010-10-12 00:00:00,39.5,2010-10-12 00:00:00,37.4,37.8,26,13400,515500,2010-10-12 00:00:00,1
2010-10-13 00:00:00,2010-10-13 00:00:00,38,2010-10-13 00:00:00,33,36.7,47,36700,1318170,2010-10-13 00:00:00,1
2010-10-14 00:00:00,2010-10-14 00:00:00,40,2010-10-14 00:00:00,38,38.5,14,9700,380370,2010-10-14 00:00:00,1
2010-10-15 00:00:00,2010-10-15 00:00:00,38,2010-10-15 00:00:00,37,37,19,11200,415530,2010-10-15 00:00:00,1
2010-10-18 00:00:00,2010-10-18 00:00:00,38,2010-10-18 00:00:00,35,35.1,59,70800,2565150,2010-10-18 00:00:00,1
2010-10-19 00:00:00,2010-10-19 00:00:00,36.1,2010-10-19 00:00:00,35.8,36,11,4800,172790,2010-10-19 00:00:00,1
2010-10-20 00:00:00,2010-10-20 00:00:00,37.5,2010-10-20 00:00:00,36,37,5,2400,87850,2010-10-20 00:00:00,1
2010-10-21 00:00:00,2010-10-21 00:00:00,39,2010-10-21 00:00:00,35.2,38.7,63,56200,2109480,2010-10-21 00:00:00,1
2010-10-25 00:00:00,2010-10-25 00:00:00,38.8,2010-10-25 00:00:00,36.5,37.5,19,11100,413250,2010-10-25 00:00:00,1
2010-10-26 00:00:00,2010-10-26 00:00:00,36.9,2010-10-26 00:00:00,36.1,36.1,6,5500,199480,2010-10-26 00:00:00,1
2010-10-27 00:00:00,2010-10-27 00:00:00,36.5,2010-10-27 00:00:00,34,36,49,62000,2161100,2010-10-27 00:00:00,1
2010-10-28 00:00:00,2010-10-28 00:00:00,36,2010-10-28 00:00:00,34,34.4,50,52300,1803120,2010-10-28 00:00:00,1
2010-10-29 00:00:00,2010-10-29 00:00:00,36,2010-10-29 00:00:00,35,35.5,38,28100,990680,2010-10-29 00:00:00,1
2010-11-01 00:00:00,2010-11-01 00:00:00,36.3,2010-11-01 00:00:00,35.5,35.5,23,15900,571530,2010-11-01 00:00:00,1
2010-11-02 00:00:00,2010-11-02 00:00:00,36,2010-11-02 00:00:00,35,35,18,9200,323770,2010-11-02 00:00:00,1
2010-11-03 00:00:00,2010-11-03 00:00:00,36,2010-11-03 00:00:00,35,35,25,35800,1260090,2010-11-03 00:00:00,1
2010-11-04 00:00:00,2010-11-04 00:00:00,35,2010-11-04 00:00:00,35,35,10,6000,210000,2010-11-04 00:00:00,1
2010-11-08 00:00:00,2010-11-08 00:00:00,35.5,2010-11-08 00:00:00,35,35.5,7,5100,179000,2010-11-08 00:00:00,1
2010-11-09 00:00:00,2010-11-09 00:00:00,35,2010-11-09 00:00:00,34.5,34.8,9,6100,212750,2010-11-09 00:00:00,1
2010-11-10 00:00:00,2010-11-10 00:00:00,35.8,2010-11-10 00:00:00,35,35,18,10200,358070,2010-11-10 00:00:00,1
2010-11-11 00:00:00,2010-11-11 00:00:00,35.4,2010-11-11 00:00:00,35,35.4,10,7100,249300,2010-11-11 00:00:00,1
2010-11-12 00:00:00,2010-11-12 00:00:00,35.9,2010-11-12 00:00:00,35,35.8,11,12100,425670,2010-11-12 00:00:00,1
2010-11-15 00:00:00,2010-11-15 00:00:00,35.8,2010-11-15 00:00:00,34.8,34.9,10,3100,108500,2010-11-15 00:00:00,1
2010-11-16 00:00:00,2010-11-16 00:00:00,35,2010-11-16 00:00:00,32.5,33,47,28500,950690,2010-11-16 00:00:00,1
2010-11-18 00:00:00,2010-11-18 00:00:00,35,2010-11-18 00:00:00,33.5,34.3,18,6400,221760,2010-11-18 00:00:00,1
2010-11-22 00:00:00,2010-11-22 00:00:00,35.5,2010-11-22 00:00:00,34.7,35.5,21,11400,401340,2010-11-22 00:00:00,1
2010-11-23 00:00:00,2010-11-23 00:00:00,35.5,2010-11-23 00:00:00,34,34.8,15,9400,325310,2010-11-23 00:00:00,1
2010-11-24 00:00:00,2010-11-24 00:00:00,35.9,2010-11-24 00:00:00,34.3,35,13,9100,316690,2010-11-24 00:00:00,1
2010-11-25 00:00:00,2010-11-25 00:00:00,34.3,2010-11-25 00:00:00,34,34,16,13500,460250,2010-11-25 00:00:00,1
2010-11-26 00:00:00,2010-11-26 00:00:00,34.8,2010-11-26 00:00:00,33.8,34,11,6700,227540,2010-11-26 00:00:00,1
2010-11-29 00:00:00,2010-11-29 00:00:00,34.8,2010-11-29 00:00:00,33.4,33.6,19,16000,537160,2010-11-29 00:00:00,1
2010-11-30 00:00:00,2010-11-30 00:00:00,39.5,2010-11-30 00:00:00,34.9,36.4,63,105600,3808160,2010-11-30 00:00:00,1
2010-12-01 00:00:00,2010-12-01 00:00:00,37.3,2010-12-01 00:00:00,36.4,37,20,14400,532890,2010-12-01 00:00:00,1
2010-12-02 00:00:00,2010-12-02 00:00:00,36.7,2010-12-02 00:00:00,35.6,36.4,19,8300,300790,2010-12-02 00:00:00,1
2010-12-03 00:00:00,2010-12-03 00:00:00,36.4,2010-12-03 00:00:00,35,35.2,10,4500,158840,2010-12-03 00:00:00,1
2010-12-06 00:00:00,2010-12-06 00:00:00,35,2010-12-06 00:00:00,34.8,35,8,6600,230970,2010-12-06 00:00:00,1
2010-12-07 00:00:00,2010-12-07 00:00:00,36.4,2010-12-07 00:00:00,35.1,35.8,18,31700,1138820,2010-12-07 00:00:00,1
2010-12-08 00:00:00,2010-12-08 00:00:00,35,2010-12-08 00:00:00,35,35,10,7300,255500,2010-12-08 00:00:00,1
2010-12-09 00:00:00,2010-12-09 00:00:00,34.8,2010-12-09 00:00:00,34.7,34.7,5,700,24350,2010-12-09 00:00:00,1
2010-12-10 00:00:00,2010-12-10 00:00:00,34.6,2010-12-10 00:00:00,34.5,34.6,10,2700,93340,2010-12-10 00:00:00,1
2010-12-13 00:00:00,2010-12-13 00:00:00,35,2010-12-13 00:00:00,34.6,35,10,21100,731680,2010-12-13 00:00:00,1
2010-12-14 00:00:00,2010-12-14 00:00:00,35,2010-12-14 00:00:00,34,34,8,1200,41000,2010-12-14 00:00:00,1
2010-12-15 00:00:00,2010-12-15 00:00:00,35,2010-12-15 00:00:00,34,34,6,700,23910,2010-12-15 00:00:00,1
2010-12-16 00:00:00,2010-12-16 00:00:00,35,2010-12-16 00:00:00,34.5,34.5,6,2700,94270,2010-12-16 00:00:00,1
2010-12-17 00:00:00,2010-12-17 00:00:00,35.8,2010-12-17 00:00:00,34,34.1,18,9100,312540,2010-12-17 00:00:00,1
2010-12-21 00:00:00,2010-12-21 00:00:00,34,2010-12-21 00:00:00,33.3,33.9,6,10300,349570,2010-12-21 00:00:00,1
2010-12-22 00:00:00,2010-12-22 00:00:00,36,2010-12-22 00:00:00,33.5,34.8,36,54800,1878670,2010-12-22 00:00:00,1
2010-12-23 00:00:00,2010-12-23 00:00:00,36,2010-12-23 00:00:00,35.1,35.8,20,32200,1151760,2010-12-23 00:00:00,1
2010-12-24 00:00:00,2010-12-24 00:00:00,36.5,2010-12-24 00:00:00,35.6,35.7,10,1900,67980,2010-12-24 00:00:00,1
2010-12-27 00:00:00,2010-12-27 00:00:00,37,2010-12-27 00:00:00,36.1,36.1,6,2500,90650,2010-12-27 00:00:00,1
2010-12-28 00:00:00,2010-12-28 00:00:00,36.9,2010-12-28 00:00:00,36.1,36.7,12,15700,576860,2010-12-28 00:00:00,1
2010-12-29 00:00:00,2010-12-29 00:00:00,37.2,2010-12-29 00:00:00,36,37,30,20800,766980,2010-12-29 00:00:00,1
2010-12-30 00:00:00,2010-12-30 00:00:00,37,2010-12-30 00:00:00,36,36.4,14,9400,340370,2010-12-30 00:00:00,1
2010-12-31 00:00:00,2010-12-31 00:00:00,37,2010-12-31 00:00:00,36.1,36.5,10,1900,69590,2010-12-31 00:00:00,1
Company Id :  CHOU,,Security Type :  N,,Sub Type :  0000,,,,,,
Short Name :  CITY HOUSING,,,,,,,,,,
Day,Date High,High,Date Low,Low,Closing,No. of Trades,No. of Shares,Turnover,Last Traded,Days Traded
2010-01-04 00:00:00,2010-01-04 00:00:00,21,2010-01-04 00:00:00,20,20.5,50,47500,972800,2010-01-04 00:00:00,1
2010-01-05 00:00:00,2010-01-05 00:00:00,21.25,2010-01-05 00:00:00,20,21.25,76,98800,2021825,2010-01-05 00:00:00,1
2010-01-06 00:00:00,2010-01-06 00:00:00,21.75,2010-01-06 00:00:00,20.25,20.5,19,14200,296650,2010-01-06 00:00:00,1
2010-01-07 00:00:00,2010-01-07 00:00:00,21.5,2010-01-07 00:00:00,20,20,31,81800,1732600,2010-01-07 00:00:00,1
2010-01-08 00:00:00,2010-01-08 00:00:00,20.75,2010-01-08 00:00:00,20,20,22,22000,442275,2010-01-08 00:00:00,1
2010-01-11 00:00:00,2010-01-11 00:00:00,21.5,2010-01-11 00:00:00,19.75,20.5,44,27300,567275,2010-01-11 00:00:00,1
2010-01-12 00:00:00,2010-01-12 00:00:00,21.5,2010-01-12 00:00:00,20.25,21,68,81000,1693675,2010-01-12 00:00:00,1
2010-01-13 00:00:00,2010-01-13 00:00:00,21.25,2010-01-13 00:00:00,20.25,20.5,37,49900,1034600,2010-01-13 00:00:00,1
2010-01-15 00:00:00,2010-01-15 00:00:00,21.25,2010-01-15 00:00:00,20.25,20.75,42,92500,1904650,2010-01-15 00:00:00,1
2010-01-18 00:00:00,2010-01-18 00:00:00,21,2010-01-18 00:00:00,19,19.5,30,54600,1095625,2010-01-18 00:00:00,1
2010-01-19 00:00:00,2010-01-19 00:00:00,20,2010-01-19 00:00:00,18.75,19.25,53,67700,1284075,2010-01-19 00:00:00,1
2010-01-20 00:00:00,2010-01-20 00:00:00,20.75,2010-01-20 00:00:00,19.5,20.25,115,106500,2152075,2010-01-20 00:00:00,1
2010-01-21 00:00:00,2010-01-21 00:00:00,21.75,2010-01-21 00:00:00,20,20.75,169,405100,8446800,2010-01-21 00:00:00,1
2010-01-22 00:00:00,2010-01-22 00:00:00,21,2010-01-22 00:00:00,19.75,20,30,29300,589650,2010-01-22 00:00:00,1
2010-01-25 00:00:00,2010-01-25 00:00:00,20.25,2010-01-25 00:00:00,19.25,19.5,21,25200,500775,2010-01-25 00:00:00,1
2010-01-26 00:00:00,2010-01-26 00:00:00,20.25,2010-01-26 00:00:00,19.5,20,10,6300,126400,2010-01-26 00:00:00,1
2010-01-28 00:00:00,2010-01-28 00:00:00,20.75,2010-01-28 00:00:00,19,20.5,32,50000,1017325,2010-01-28 00:00:00,1
2010-02-01 00:00:00,2010-02-01 00:00:00,21,2010-02-01 00:00:00,20,20,35,66300,1334350,2010-02-01 00:00:00,1
2010-02-02 00:00:00,2010-02-02 00:00:00,27.5,2010-02-02 00:00:00,20,25.5,947,1610200,38470625,2010-02-02 00:00:00,1
2010-02-03 00:00:00,2010-02-03 00:00:00,28.25,2010-02-03 00:00:00,24.75,25.5,529,880300,23389550,2010-02-03 00:00:00,1
2010-02-05 00:00:00,2010-02-05 00:00:00,25.25,2010-02-05 00:00:00,23,23.75,98,101200,2452100,2010-02-05 00:00:00,1
2010-02-08 00:00:00,2010-02-08 00:00:00,25,2010-02-08 00:00:00,22.25,22.75,69,63000,1470500,2010-02-08 00:00:00,1
2010-02-09 00:00:00,2010-02-09 00:00:00,24,2010-02-09 00:00:00,22,22.25,64,52300,1217525,2010-02-09 00:00:00,1
2010-02-10 00:00:00,2010-02-10 00:00:00,23.75,2010-02-10 00:00:00,21.75,22,62,76600,1700550,2010-02-10 00:00:00,1
2010-02-11 00:00:00,2010-02-11 00:00:00,22.5,2010-02-11 00:00:00,21.25,21.75,51,51100,1110300,2010-02-11 00:00:00,1
2010-02-12 00:00:00,2010-02-12 00:00:00,21.5,2010-02-12 00:00:00,20,21,37,48300,994400,2010-02-12 00:00:00,1
2010-02-15 00:00:00,2010-02-15 00:00:00,20.5,2010-02-15 00:00:00,20,20.25,24,16000,323775,2010-02-15 00:00:00,1
2010-02-16 00:00:00,2010-02-16 00:00:00,23.5,2010-02-16 00:00:00,20.5,21.5,110,101400,2241925,2010-02-16 00:00:00,1
2010-02-17 00:00:00,2010-02-17 00:00:00,21,2010-02-17 00:00:00,20.25,21,24,23100,478125,2010-02-17 00:00:00,1
2010-02-18 00:00:00,2010-02-18 00:00:00,22,2010-02-18 00:00:00,20.75,21.5,22,12900,277050,2010-02-18 00:00:00,1
2010-02-19 00:00:00,2010-02-19 00:00:00,22,2010-02-19 00:00:00,20.5,21,31,19400,407375,2010-02-19 00:00:00,1
2010-02-22 00:00:00,2010-02-22 00:00:00,22,2010-02-22 00:00:00,21.25,21.25,6,1400,30075,2010-02-22 00:00:00,1
2010-02-23 00:00:00,2010-02-23 00:00:00,21.25,2010-02-23 00:00:00,20.75,20.75,19,14700,307450,2010-02-23 00:00:00,1
2010-02-24 00:00:00,2010-02-24 00:00:00,21.5,2010-02-24 00:00:00,19.5,20.75,226,439000,8887675,2010-02-24 00:00:00,1
2010-02-25 00:00:00,2010-02-25 00:00:00,20.5,2010-02-25 00:00:00,20,20,30,23200,468600,2010-02-25 00:00:00,1
2010-02-26 00:00:00,2010-02-26 00:00:00,21,2010-02-26 00:00:00,20,20.5,20,13300,269875,2010-02-26 00:00:00,1
2010-03-01 00:00:00,2010-03-01 00:00:00,21.25,2010-03-01 00:00:00,20,20,43,31800,644400,2010-03-01 00:00:00,1
2010-03-02 00:00:00,2010-03-02 00:00:00,21.25,2010-03-02 00:00:00,19.75,19.75,21,12100,241700,2010-03-02 00:00:00,1
2010-03-03 00:00:00,2010-03-03 00:00:00,20.5,2010-03-03 00:00:00,19.75,19.75,8,5500,109000,2010-03-03 00:00:00,1
2010-03-04 00:00:00,2010-03-04 00:00:00,20.75,2010-03-04 00:00:00,20,20,36,64000,1280400,2010-03-04 00:00:00,1
2010-03-05 00:00:00,2010-03-05 00:00:00,20,2010-03-05 00:00:00,20,20,26,21900,438000,2010-03-05 00:00:00,1
2010-03-08 00:00:00,2010-03-08 00:00:00,20,2010-03-08 00:00:00,19.75,20,8,6700,133000,2010-03-08 00:00:00,1
2010-03-09 00:00:00,2010-03-09 00:00:00,20,2010-03-09 00:00:00,19.75,19.75,26,24300,481500,2010-03-09 00:00:00,1
2010-03-10 00:00:00,2010-03-10 00:00:00,19.5,2010-03-10 00:00:00,19.5,19.5,19,18400,358800,2010-03-10 00:00:00,1
2010-03-11 00:00:00,2010-03-11 00:00:00,20.5,2010-03-11 00:00:00,19.5,19.75,15,9700,194650,2010-03-11 00:00:00,1
2010-03-15 00:00:00,2010-03-15 00:00:00,19.75,2010-03-15 00:00:00,19.75,19.75,1,100,1975,2010-03-15 00:00:00,1
2010-03-16 00:00:00,2010-03-16 00:00:00,20,2010-03-16 00:00:00,19,19.5,35,33100,648000,2010-03-16 00:00:00,1
2010-03-17 00:00:00,2010-03-17 00:00:00,20,2010-03-17 00:00:00,19.25,19.5,12,12300,240075,2010-03-17 00:00:00,1
2010-03-18 00:00:00,2010-03-18 00:00:00,20.5,2010-03-18 00:00:00,20,20,25,86300,1728850,2010-03-18 00:00:00,1
2010-03-19 00:00:00,2010-03-19 00:00:00,20.5,2010-03-19 00:00:00,19.75,20,44,75100,1506450,2010-03-19 00:00:00,1
2010-03-22 00:00:00,2010-03-22 00:00:00,21.25,2010-03-22 00:00:00,20.25,21,72,67900,1416500,2010-03-22 00:00:00,1
2010-03-23 00:00:00,2010-03-23 00:00:00,22.25,2010-03-23 00:00:00,21,21,71,128200,2775350,2010-03-23 00:00:00,1
2010-03-24 00:00:00,2010-03-24 00:00:00,20.75,2010-03-24 00:00:00,20,20.75,20,34000,685375,2010-03-24 00:00:00,1
2010-03-25 00:00:00,2010-03-25 00:00:00,20.5,2010-03-25 00:00:00,20,20,14,25200,505000,2010-03-25 00:00:00,1
2010-03-26 00:00:00,2010-03-26 00:00:00,20,2010-03-26 00:00:00,19.75,20,11,10600,211150,2010-03-26 00:00:00,1
2010-03-30 00:00:00,2010-03-30 00:00:00,20,2010-03-30 00:00:00,19.5,19.5,13,17700,351350,2010-03-30 00:00:00,1
2010-03-31 00:00:00,2010-03-31 00:00:00,19.75,2010-03-31 00:00:00,19,19,31,25500,488600,2010-03-31 00:00:00,1
2010-04-01 00:00:00,2010-04-01 00:00:00,19.5,2010-04-01 00:00:00,19,19.5,12,6600,127475,2010-04-01 00:00:00,1
2010-04-05 00:00:00,2010-04-05 00:00:00,20.5,2010-04-05 00:00:00,19,20.25,26,35900,699350,2010-04-05 00:00:00,1
2010-04-06 00:00:00,2010-04-06 00:00:00,21,2010-04-06 00:00:00,20,20.5,35,28300,577025,2010-04-06 00:00:00,1
2010-04-07 00:00:00,2010-04-07 00:00:00,22.75,2010-04-07 00:00:00,21,21.75,132,189200,4144600,2010-04-07 00:00:00,1
2010-04-08 00:00:00,2010-04-08 00:00:00,22.5,2010-04-08 00:00:00,21.75,22,52,90000,1983450,2010-04-08 00:00:00,1
2010-04-12 00:00:00,2010-04-12 00:00:00,25.25,2010-04-12 00:00:00,22.5,24.75,410,920400,22270225,2010-04-12 00:00:00,1
2010-04-15 00:00:00,2010-04-15 00:00:00,24.25,2010-04-15 00:00:00,23.25,23.5,51,52700,1257125,2010-04-15 00:00:00,1
2010-04-16 00:00:00,2010-04-16 00:00:00,24,2010-04-16 00:00:00,23,23.25,19,21500,496650,2010-04-16 00:00:00,1
2010-04-19 00:00:00,2010-04-19 00:00:00,23.25,2010-04-19 00:00:00,22.5,22.75,11,5700,129750,2010-04-19 00:00:00,1
2010-04-20 00:00:00,2010-04-20 00:00:00,23.5,2010-04-20 00:00:00,22,22.5,22,14900,339950,2010-04-20 00:00:00,1
2010-04-21 00:00:00,2010-04-21 00:00:00,21.75,2010-04-21 00:00:00,21.75,21.75,1,500,10875,2010-04-21 00:00:00,1
2010-04-22 00:00:00,2010-04-22 00:00:00,23,2010-04-22 00:00:00,22,22.75,11,6400,142000,2010-04-22 00:00:00,1
2010-04-23 00:00:00,2010-04-23 00:00:00,23,2010-04-23 00:00:00,20,22,22,14400,308075,2010-04-23 00:00:00,1
2010-04-26 00:00:00,2010-04-26 00:00:00,23.5,2010-04-26 00:00:00,21.25,22.25,65,106800,2378400,2010-04-26 00:00:00,1
2010-04-27 00:00:00,2010-04-27 00:00:00,23.25,2010-04-27 00:00:00,22.25,22.5,29,51600,1168600,2010-04-27 00:00:00,1
2010-04-29 00:00:00,2010-04-29 00:00:00,23,2010-04-29 00:00:00,22,22.5,13,10200,231550,2010-04-29 00:00:00,1
2010-04-30 00:00:00,2010-04-30 00:00:00,23.5,2010-04-30 00:00:00,23,23,14,16600,385950,2010-04-30 00:00:00,1
2010-05-03 00:00:00,2010-05-03 00:00:00,23,2010-05-03 00:00:00,22,22,10,15900,352850,2010-05-03 00:00:00,1
2010-05-04 00:00:00,2010-05-04 00:00:00,22,2010-05-04 00:00:00,21.75,22,7,8600,188550,2010-05-04 00:00:00,1
2010-05-05 00:00:00,2010-05-05 00:00:00,22.75,2010-05-05 00:00:00,21.25,21.5,28,15900,348100,2010-05-05 00:00:00,1
2010-05-06 00:00:00,2010-05-06 00:00:00,23.5,2010-05-06 00:00:00,21.75,22.25,69,165600,3762175,2010-05-06 00:00:00,1
2010-05-07 00:00:00,2010-05-07 00:00:00,23,2010-05-07 00:00:00,22,22,15,19600,437225,2010-05-07 00:00:00,1
2010-05-10 00:00:00,2010-05-10 00:00:00,21.75,2010-05-10 00:00:00,21,21,12,18200,385550,2010-05-10 00:00:00,1
2010-05-11 00:00:00,2010-05-11 00:00:00,22,2010-05-11 00:00:00,21.25,21.75,12,38100,837700,2010-05-11 00:00:00,1
2010-05-12 00:00:00,2010-05-12 00:00:00,22,2010-05-12 00:00:00,21.25,21.5,5,7800,168650,2010-05-12 00:00:00,1
2010-05-13 00:00:00,2010-05-13 00:00:00,22,2010-05-13 00:00:00,21,21,16,12200,256700,2010-05-13 00:00:00,1
2010-05-14 00:00:00,2010-05-14 00:00:00,22,2010-05-14 00:00:00,20.5,21,23,48900,1033250,2010-05-14 00:00:00,1
2010-05-17 00:00:00,2010-05-17 00:00:00,20.75,2010-05-17 00:00:00,20,20,27,45600,916675,2010-05-17 00:00:00,1
2010-05-18 00:00:00,2010-05-18 00:00:00,21.5,2010-05-18 00:00:00,20.25,20.5,60,56000,1165825,2010-05-18 00:00:00,1
2010-05-19 00:00:00,2010-05-19 00:00:00,21.25,2010-05-19 00:00:00,20,20.25,7,18000,374875,2010-05-19 00:00:00,1
2010-05-20 00:00:00,2010-05-20 00:00:00,21,2010-05-20 00:00:00,20,20,39,36800,744175,2010-05-20 00:00:00,1
2010-05-21 00:00:00,2010-05-21 00:00:00,20,2010-05-21 00:00:00,19.75,19.75,9,8300,164300,2010-05-21 00:00:00,1
2010-05-24 00:00:00,2010-05-24 00:00:00,20,2010-05-24 00:00:00,19,19.25,34,49900,969625,2010-05-24 00:00:00,1
2010-05-25 00:00:00,2010-05-25 00:00:00,20.25,2010-05-25 00:00:00,20,20,8,12300,246175,2010-05-25 00:00:00,1
2010-05-26 00:00:00,2010-05-26 00:00:00,20.25,2010-05-26 00:00:00,19.75,20,10,9300,186100,2010-05-26 00:00:00,1
2010-05-31 00:00:00,2010-05-31 00:00:00,20,2010-05-31 00:00:00,19.75,20,9,6100,121600,2010-05-31 00:00:00,1
2010-06-01 00:00:00,2010-06-01 00:00:00,20,2010-06-01 00:00:00,19.5,19.5,8,11900,233000,2010-06-01 00:00:00,1
2010-06-02 00:00:00,2010-06-02 00:00:00,20,2010-06-02 00:00:00,19,19.5,28,24700,477750,2010-06-02 00:00:00,1
2010-06-03 00:00:00,2010-06-03 00:00:00,20,2010-06-03 00:00:00,19,19.25,17,26000,503075,2010-06-03 00:00:00,1
2010-06-04 00:00:00,2010-06-04 00:00:00,20,2010-06-04 00:00:00,19.25,19.25,15,29400,566700,2010-06-04 00:00:00,1
2010-06-07 00:00:00,2010-06-07 00:00:00,20.75,2010-06-07 00:00:00,19.25,20.5,17,18500,372425,2010-06-07 00:00:00,1
2010-06-08 00:00:00,2010-06-08 00:00:00,22.5,2010-06-08 00:00:00,20,21,114,183100,3923075,2010-06-08 00:00:00,1
2010-06-09 00:00:00,2010-06-09 00:00:00,21.75,2010-06-09 00:00:00,20.5,20.75,23,8700,185925,2010-06-09 00:00:00,1
2010-06-10 00:00:00,2010-06-10 00:00:00,21.75,2010-06-10 00:00:00,20.75,20.75,14,21500,459625,2010-06-10 00:00:00,1
2010-06-11 00:00:00,2010-06-11 00:00:00,20.5,2010-06-11 00:00:00,20.25,20.5,17,28600,586275,2010-06-11 00:00:00,1
2010-06-14 00:00:00,2010-06-14 00:00:00,21,2010-06-14 00:00:00,20.5,20.75,33,44900,924200,2010-06-14 00:00:00,1
2010-06-15 00:00:00,2010-06-15 00:00:00,21,2010-06-15 00:00:00,20.25,20.5,29,48100,986850,2010-06-15 00:00:00,1
2010-06-16 00:00:00,2010-06-16 00:00:00,20.5,2010-06-16 00:00:00,20.25,20.25,11,10800,218725,2010-06-16 00:00:00,1
2010-06-17 00:00:00,2010-06-17 00:00:00,22,2010-06-17 00:00:00,21,21.75,56,86400,1860525,2010-06-17 00:00:00,1
2010-06-21 00:00:00,2010-06-21 00:00:00,22.5,2010-06-21 00:00:00,21.75,22.25,85,110100,2436375,2010-06-21 00:00:00,1
2010-06-22 00:00:00,2010-06-22 00:00:00,22.5,2010-06-22 00:00:00,21.25,21.75,32,70700,1522150,2010-06-22 00:00:00,1
2010-06-23 00:00:00,2010-06-23 00:00:00,22.25,2010-06-23 00:00:00,21,21.5,39,24200,520225,2010-06-23 00:00:00,1
2010-06-24 00:00:00,2010-06-24 00:00:00,22,2010-06-24 00:00:00,21,21,13,14000,296950,2010-06-24 00:00:00,1
2010-06-28 00:00:00,2010-06-28 00:00:00,21.5,2010-06-28 00:00:00,20,20.75,20,38700,811325,2010-06-28 00:00:00,1
2010-06-29 00:00:00,2010-06-29 00:00:00,24.5,2010-06-29 00:00:00,21,24.25,352,685800,16308450,2010-06-29 00:00:00,1
2010-06-30 00:00:00,2010-06-30 00:00:00,26.75,2010-06-30 00:00:00,24.5,25.75,441,822700,21064225,2010-06-30 00:00:00,1
2010-07-01 00:00:00,2010-07-01 00:00:00,26.5,2010-07-01 00:00:00,24.75,25.75,147,280800,7281100,2010-07-01 00:00:00,1
2010-07-02 00:00:00,2010-07-02 00:00:00,27.25,2010-07-02 00:00:00,26,26.25,186,397700,10586750,2010-07-02 00:00:00,1
2010-07-05 00:00:00,2010-07-05 00:00:00,26.75,2010-07-05 00:00:00,25.25,25.25,19,18400,477400,2010-07-05 00:00:00,1
2010-07-06 00:00:00,2010-07-06 00:00:00,27.5,2010-07-06 00:00:00,25.25,26,128,334800,8918050,2010-07-06 00:00:00,1
2010-07-07 00:00:00,2010-07-07 00:00:00,26.25,2010-07-07 00:00:00,24.5,25,54,53900,1346100,2010-07-07 00:00:00,1
2010-07-08 00:00:00,2010-07-08 00:00:00,27,2010-07-08 00:00:00,25,26.75,116,210500,5590950,2010-07-08 00:00:00,1
2010-07-09 00:00:00,2010-07-09 00:00:00,27,2010-07-09 00:00:00,26.25,26.5,54,180000,4804525,2010-07-09 00:00:00,1
2010-07-12 00:00:00,2010-07-12 00:00:00,26.5,2010-07-12 00:00:00,25.5,26,8,8400,221150,2010-07-12 00:00:00,1
2010-07-13 00:00:00,2010-07-13 00:00:00,27.75,2010-07-13 00:00:00,26,27.25,170,430900,11800675,2010-07-13 00:00:00,1
2010-07-14 00:00:00,2010-07-14 00:00:00,28.75,2010-07-14 00:00:00,27.75,28.25,188,313400,8764400,2010-07-14 00:00:00,1
2010-07-15 00:00:00,2010-07-15 00:00:00,30,2010-07-15 00:00:00,28.5,29,399,843900,24834275,2010-07-15 00:00:00,1
2010-07-16 00:00:00,2010-07-16 00:00:00,29.25,2010-07-16 00:00:00,27.75,28,48,67000,1909550,2010-07-16 00:00:00,1
2010-07-19 00:00:00,2010-07-19 00:00:00,29,2010-07-19 00:00:00,27.5,28,36,51800,1455200,2010-07-19 00:00:00,1
2010-07-20 00:00:00,2010-07-20 00:00:00,29,2010-07-20 00:00:00,27.5,27.75,37,51000,1413575,2010-07-20 00:00:00,1
2010-07-21 00:00:00,2010-07-21 00:00:00,27.25,2010-07-21 00:00:00,26.75,26.75,15,6800,182950,2010-07-21 00:00:00,1
2010-07-22 00:00:00,2010-07-22 00:00:00,28.25,2010-07-22 00:00:00,26.5,27.25,24,17800,484725,2010-07-22 00:00:00,1
2010-07-23 00:00:00,2010-07-23 00:00:00,29,2010-07-23 00:00:00,26.5,27.5,181,323200,9144225,2010-07-23 00:00:00,1
2010-07-26 00:00:00,2010-07-26 00:00:00,27.5,2010-07-26 00:00:00,26.5,26.5,11,6900,187150,2010-07-26 00:00:00,1
2010-07-27 00:00:00,2010-07-27 00:00:00,27.5,2010-07-27 00:00:00,26,26.25,25,43400,1147675,2010-07-27 00:00:00,1
2010-07-28 00:00:00,2010-07-28 00:00:00,27,2010-07-28 00:00:00,25.75,26.25,14,19900,522075,2010-07-28 00:00:00,1
2010-07-29 00:00:00,2010-07-29 00:00:00,26.75,2010-07-29 00:00:00,25.5,25.75,15,11100,288200,2010-07-29 00:00:00,1
2010-07-30 00:00:00,2010-07-30 00:00:00,26.5,2010-07-30 00:00:00,25,25.5,12,19400,501075,2010-07-30 00:00:00,1
2010-08-02 00:00:00,2010-08-02 00:00:00,28.5,2010-08-02 00:00:00,25.1,26.6,49,123900,3345680,2010-08-02 00:00:00,1
2010-08-03 00:00:00,2010-08-03 00:00:00,28.5,2010-08-03 00:00:00,25,25.2,32,29700,761490,2010-08-03 00:00:00,1
2010-08-04 00:00:00,2010-08-04 00:00:00,28.5,2010-08-04 00:00:00,25,25.1,67,126400,3189200,2010-08-04 00:00:00,1
2010-08-05 00:00:00,2010-08-05 00:00:00,26,2010-08-05 00:00:00,23.5,24.4,19,21600,531870,2010-08-05 00:00:00,1
2010-08-06 00:00:00,2010-08-06 00:00:00,24.7,2010-08-06 00:00:00,23,23.1,42,85900,2013920,2010-08-06 00:00:00,1
2010-08-09 00:00:00,2010-08-09 00:00:00,22.5,2010-08-09 00:00:00,20.8,20.9,41,43500,915510,2010-08-09 00:00:00,1
2010-08-10 00:00:00,2010-08-10 00:00:00,22.9,2010-08-10 00:00:00,19,22.9,29,42900,945200,2010-08-10 00:00:00,1
2010-08-11 00:00:00,2010-08-11 00:00:00,24.9,2010-08-11 00:00:00,23,23.2,43,42700,1041250,2010-08-11 00:00:00,1
2010-08-12 00:00:00,2010-08-12 00:00:00,24,2010-08-12 00:00:00,22.2,23,14,8900,199930,2010-08-12 00:00:00,1
2010-08-13 00:00:00,2010-08-13 00:00:00,24,2010-08-13 00:00:00,22.8,23.6,2,800,18840,2010-08-13 00:00:00,1
2010-08-16 00:00:00,2010-08-16 00:00:00,24,2010-08-16 00:00:00,23,23.5,2,200,4700,2010-08-16 00:00:00,1
2010-08-17 00:00:00,2010-08-17 00:00:00,24,2010-08-17 00:00:00,24,24,3,900,21600,2010-08-17 00:00:00,1
2010-08-18 00:00:00,2010-08-18 00:00:00,24.4,2010-08-18 00:00:00,23.9,24,11,3200,76810,2010-08-18 00:00:00,1
2010-08-19 00:00:00,2010-08-19 00:00:00,24.9,2010-08-19 00:00:00,23,24.6,23,34100,821340,2010-08-19 00:00:00,1
2010-08-20 00:00:00,2010-08-20 00:00:00,26,2010-08-20 00:00:00,24,25,50,108100,2736640,2010-08-20 00:00:00,1
2010-08-23 00:00:00,2010-08-23 00:00:00,26.6,2010-08-23 00:00:00,25.9,26.1,59,90400,2371200,2010-08-23 00:00:00,1
2010-08-25 00:00:00,2010-08-25 00:00:00,27,2010-08-25 00:00:00,25.1,25.6,21,51700,1358220,2010-08-25 00:00:00,1
2010-08-26 00:00:00,2010-08-26 00:00:00,26,2010-08-26 00:00:00,25,25,5,4500,112600,2010-08-26 00:00:00,1
2010-08-27 00:00:00,2010-08-27 00:00:00,24.8,2010-08-27 00:00:00,23.5,23.8,21,45600,1083100,2010-08-27 00:00:00,1
2010-08-30 00:00:00,2010-08-30 00:00:00,26.1,2010-08-30 00:00:00,23.6,26,18,18400,466890,2010-08-30 00:00:00,1
2010-08-31 00:00:00,2010-08-31 00:00:00,27,2010-08-31 00:00:00,24,26,20,18700,479230,2010-08-31 00:00:00,1
2010-09-01 00:00:00,2010-09-01 00:00:00,28.6,2010-09-01 00:00:00,24,27.7,163,325600,8847150,2010-09-01 00:00:00,1
2010-09-02 00:00:00,2010-09-02 00:00:00,30.3,2010-09-02 00:00:00,27.3,28,220,381800,11030930,2010-09-02 00:00:00,1
2010-09-03 00:00:00,2010-09-03 00:00:00,28,2010-09-03 00:00:00,27,27.8,20,17500,485880,2010-09-03 00:00:00,1
2010-09-06 00:00:00,2010-09-06 00:00:00,29,2010-09-06 00:00:00,27.8,28.5,97,123200,3474220,2010-09-06 00:00:00,1
2010-09-07 00:00:00,2010-09-07 00:00:00,28.9,2010-09-07 00:00:00,28,28,22,41500,1172800,2010-09-07 00:00:00,1
2010-09-08 00:00:00,2010-09-08 00:00:00,28,2010-09-08 00:00:00,27,27,7,9200,250030,2010-09-08 00:00:00,1
2010-09-09 00:00:00,2010-09-09 00:00:00,28,2010-09-09 00:00:00,26,26.2,7,9300,250600,2010-09-09 00:00:00,1
2010-09-13 00:00:00,2010-09-13 00:00:00,28,2010-09-13 00:00:00,26.2,27.3,13,12300,337190,2010-09-13 00:00:00,1
2010-09-14 00:00:00,2010-09-14 00:00:00,27,2010-09-14 00:00:00,25.5,26.1,12,18800,491460,2010-09-14 00:00:00,1
2010-09-15 00:00:00,2010-09-15 00:00:00,26.1,2010-09-15 00:00:00,24,25.5,38,72800,1792660,2010-09-15 00:00:00,1
2010-09-16 00:00:00,2010-09-16 00:00:00,25.7,2010-09-16 00:00:00,24.2,25.6,35,56800,1400420,2010-09-16 00:00:00,1
2010-09-17 00:00:00,2010-09-17 00:00:00,28,2010-09-17 00:00:00,25.6,27.5,60,102800,2832960,2010-09-17 00:00:00,1
2010-09-20 00:00:00,2010-09-20 00:00:00,28,2010-09-20 00:00:00,26,27,42,74100,2006820,2010-09-20 00:00:00,1
2010-09-21 00:00:00,2010-09-21 00:00:00,27,2010-09-21 00:00:00,26,26.1,14,9600,250400,2010-09-21 00:00:00,1
2010-09-23 00:00:00,2010-09-23 00:00:00,25.5,2010-09-23 00:00:00,24.5,25.3,38,37100,928110,2010-09-23 00:00:00,1
2010-09-24 00:00:00,2010-09-24 00:00:00,27.5,2010-09-24 00:00:00,26,26,60,127500,3425770,2010-09-24 00:00:00,1
2010-09-27 00:00:00,2010-09-27 00:00:00,25.1,2010-09-27 00:00:00,25,25.1,4,7100,177600,2010-09-27 00:00:00,1
2010-09-28 00:00:00,2010-09-28 00:00:00,27.4,2010-09-28 00:00:00,25,26.6,32,73200,1942010,2010-09-28 00:00:00,1
2010-09-29 00:00:00,2010-09-29 00:00:00,27,2010-09-29 00:00:00,25.1,26.7,54,70700,1878020,2010-09-29 00:00:00,1
2010-09-30 00:00:00,2010-09-30 00:00:00,26.9,2010-09-30 00:00:00,25.3,25.8,14,20700,540010,2010-09-30 00:00:00,1
2010-10-01 00:00:00,2010-10-01 00:00:00,26.9,2010-10-01 00:00:00,25.9,26,25,23400,610710,2010-10-01 00:00:00,1
2010-10-04 00:00:00,2010-10-04 00:00:00,26,2010-10-04 00:00:00,25,25,16,45000,1138350,2010-10-04 00:00:00,1
2010-10-05 00:00:00,2010-10-05 00:00:00,25,2010-10-05 00:00:00,24,24.1,26,24300,590510,2010-10-05 00:00:00,1
2010-10-06 00:00:00,2010-10-06 00:00:00,24.5,2010-10-06 00:00:00,23.3,24.3,12,8400,201980,2010-10-06 00:00:00,1
2010-10-07 00:00:00,2010-10-07 00:00:00,24.5,2010-10-07 00:00:00,24,24,9,25300,617310,2010-10-07 00:00:00,1
2010-10-08 00:00:00,2010-10-08 00:00:00,24.9,2010-10-08 00:00:00,24.5,24.9,2,5200,129400,2010-10-08 00:00:00,1
2010-10-11 00:00:00,2010-10-11 00:00:00,23.2,2010-10-11 00:00:00,23.1,23.2,3,1000,23190,2010-10-11 00:00:00,1
2010-10-12 00:00:00,2010-10-12 00:00:00,23.5,2010-10-12 00:00:00,23,23.1,23,49800,1157710,2010-10-12 00:00:00,1
2010-10-13 00:00:00,2010-10-13 00:00:00,24,2010-10-13 00:00:00,22.1,23.5,9,11400,256950,2010-10-13 00:00:00,1
2010-10-14 00:00:00,2010-10-14 00:00:00,24,2010-10-14 00:00:00,23,23.2,14,14200,328540,2010-10-14 00:00:00,1
2010-10-18 00:00:00,2010-10-18 00:00:00,22.1,2010-10-18 00:00:00,22.1,22.1,3,1200,26520,2010-10-18 00:00:00,1
2010-10-20 00:00:00,2010-10-20 00:00:00,23.5,2010-10-20 00:00:00,23.5,23.5,1,800,18800,2010-10-20 00:00:00,1
2010-10-21 00:00:00,2010-10-21 00:00:00,22,2010-10-21 00:00:00,21.4,21.6,8,5300,113930,2010-10-21 00:00:00,1
2010-10-25 00:00:00,2010-10-25 00:00:00,24.2,2010-10-25 00:00:00,23.9,24,3,6400,153560,2010-10-25 00:00:00,1
2010-10-26 00:00:00,2010-10-26 00:00:00,21.3,2010-10-26 00:00:00,21,21.1,5,3100,65250,2010-10-26 00:00:00,1
2010-10-27 00:00:00,2010-10-27 00:00:00,21.3,2010-10-27 00:00:00,21,21,10,5400,113830,2010-10-27 00:00:00,1
2010-10-28 00:00:00,2010-10-28 00:00:00,21,2010-10-28 00:00:00,21,21,7,6500,136500,2010-10-28 00:00:00,1
2010-10-29 00:00:00,2010-10-29 00:00:00,22,2010-10-29 00:00:00,20.7,21,29,27300,574020,2010-10-29 00:00:00,1
2010-11-01 00:00:00,2010-11-01 00:00:00,22,2010-11-01 00:00:00,21,22,7,8000,173000,2010-11-01 00:00:00,1
2010-11-02 00:00:00,2010-11-02 00:00:00,22.8,2010-11-02 00:00:00,22.8,22.8,1,1000,22800,2010-11-02 00:00:00,1
2010-11-03 00:00:00,2010-11-03 00:00:00,23,2010-11-03 00:00:00,21.2,21.4,6,4500,98500,2010-11-03 00:00:00,1
2010-11-04 00:00:00,2010-11-04 00:00:00,22,2010-11-04 00:00:00,22,22,3,1800,39600,2010-11-04 00:00:00,1
2010-11-08 00:00:00,2010-11-08 00:00:00,22,2010-11-08 00:00:00,21,21.2,16,15400,327390,2010-11-08 00:00:00,1
2010-11-09 00:00:00,2010-11-09 00:00:00,21,2010-11-09 00:00:00,20.7,21,6,4800,100620,2010-11-09 00:00:00,1
2010-11-10 00:00:00,2010-11-10 00:00:00,21.4,2010-11-10 00:00:00,20.6,21.1,2,300,6340,2010-11-10 00:00:00,1
2010-11-11 00:00:00,2010-11-11 00:00:00,21.1,2010-11-11 00:00:00,21.1,21.1,1,1000,21100,2010-11-11 00:00:00,1
2010-11-12 00:00:00,2010-11-12 00:00:00,21,2010-11-12 00:00:00,20.7,20.7,9,7800,162210,2010-11-12 00:00:00,1
2010-11-15 00:00:00,2010-11-15 00:00:00,21,2010-11-15 00:00:00,20.5,20.5,13,19900,411540,2010-11-15 00:00:00,1
2010-11-16 00:00:00,2010-11-16 00:00:00,20.5,2010-11-16 00:00:00,20,20,8,6700,135000,2010-11-16 00:00:00,1
2010-11-18 00:00:00,2010-11-18 00:00:00,20.9,2010-11-18 00:00:00,20,20.8,20,31800,640370,2010-11-18 00:00:00,1
2010-11-22 00:00:00,2010-11-22 00:00:00,21,2010-11-22 00:00:00,20,21,4,4500,94000,2010-11-22 00:00:00,1
2010-11-23 00:00:00,2010-11-23 00:00:00,20.1,2010-11-23 00:00:00,20,20,3,2500,50050,2010-11-23 00:00:00,1
2010-11-24 00:00:00,2010-11-24 00:00:00,20.1,2010-11-24 00:00:00,19.7,20,10,13000,259870,2010-11-24 00:00:00,1
2010-11-25 00:00:00,2010-11-25 00:00:00,19.6,2010-11-25 00:00:00,19.6,19.6,1,500,9800,2010-11-25 00:00:00,1
2010-11-29 00:00:00,2010-11-29 00:00:00,20.5,2010-11-29 00:00:00,19.5,20.2,7,3700,73150,2010-11-29 00:00:00,1
2010-11-30 00:00:00,2010-11-30 00:00:00,21,2010-11-30 00:00:00,20.7,20.8,14,8400,175580,2010-11-30 00:00:00,1
2010-12-01 00:00:00,2010-12-01 00:00:00,21,2010-12-01 00:00:00,20,20.3,22,59400,1196620,2010-12-01 00:00:00,1
2010-12-02 00:00:00,2010-12-02 00:00:00,21.1,2010-12-02 00:00:00,21,21,5,1700,35710,2010-12-02 00:00:00,1
2010-12-03 00:00:00,2010-12-03 00:00:00,20.1,2010-12-03 00:00:00,20,20,8,4700,94250,2010-12-03 00:00:00,1
2010-12-06 00:00:00,2010-12-06 00:00:00,19.6,2010-12-06 00:00:00,19.6,19.6,1,400,7840,2010-12-06 00:00:00,1
2010-12-08 00:00:00,2010-12-08 00:00:00,20,2010-12-08 00:00:00,19.6,20,6,8100,158920,2010-12-08 00:00:00,1
2010-12-09 00:00:00,2010-12-09 00:00:00,19.6,2010-12-09 00:00:00,19.6,19.6,2,8000,156800,2010-12-09 00:00:00,1
2010-12-10 00:00:00,2010-12-10 00:00:00,20,2010-12-10 00:00:00,20,20,1,100,2000,2010-12-10 00:00:00,1
2010-12-13 00:00:00,2010-12-13 00:00:00,20,2010-12-13 00:00:00,20,20,5,1700,34000,2010-12-13 00:00:00,1
2010-12-14 00:00:00,2010-12-14 00:00:00,19.5,2010-12-14 00:00:00,19.3,19.4,4,2400,46610,2010-12-14 00:00:00,1
2010-12-15 00:00:00,2010-12-15 00:00:00,21,2010-12-15 00:00:00,19.5,20.8,9,11200,231260,2010-12-15 00:00:00,1
2010-12-17 00:00:00,2010-12-17 00:00:00,20,2010-12-17 00:00:00,19.5,19.9,3,4500,89550,2010-12-17 00:00:00,1
2010-12-22 00:00:00,2010-12-22 00:00:00,20.4,2010-12-22 00:00:00,20.3,20.3,4,3400,69060,2010-12-22 00:00:00,1
2010-12-23 00:00:00,2010-12-23 00:00:00,20.9,2010-12-23 00:00:00,20.1,20.7,6,3100,64350,2010-12-23 00:00:00,1
2010-12-24 00:00:00,2010-12-24 00:00:00,20,2010-12-24 00:00:00,19,19.5,6,10000,194690,2010-12-24 00:00:00,1
2010-12-28 00:00:00,2010-12-28 00:00:00,20,2010-12-28 00:00:00,19.8,20,2,1500,29960,2010-12-28 00:00:00,1
2010-12-29 00:00:00,2010-12-29 00:00:00,20.5,2010-12-29 00:00:00,20.1,20.1,3,2200,44680,2010-12-29 00:00:00,1
2010-12-30 00:00:00,2010-12-30 00:00:00,20.1,2010-12-30 00:00:00,20.1,20.1,1,100,2010,2010-12-30 00:00:00,1
2010-12-31 00:00:00,2010-12-31 00:00:00,20.9,2010-12-31 00:00:00,20,20.8,8,7800,161150,2010-12-31 00:00:00,1
Company Id :  CIC,,Security Type :  N,,Sub Type :  0000,,,,,,
Short Name,:  CIC,,,,,,,,,
Day,Date High,High,Date Low,Low,Closing,No. of Trades,No. of Shares,Turnover,Last Traded,Days Traded
2010-01-04 00:00:00,2010-01-04 00:00:00,65.75,2010-01-04 00:00:00,63,65,61,84500,5476800,2010-01-04 00:00:00,1
2010-01-05 00:00:00,2010-01-05 00:00:00,66,2010-01-05 00:00:00,64,65.5,72,116000,7527100,2010-01-05 00:00:00,1
2010-01-06 00:00:00,2010-01-06 00:00:00,66,2010-01-06 00:00:00,65,65,65,134600,8783175,2010-01-06 00:00:00,1
2010-01-07 00:00:00,2010-01-07 00:00:00,65,2010-01-07 00:00:00,63,64.25,41,53600,3440525,2010-01-07 00:00:00,1
2010-01-08 00:00:00,2010-01-08 00:00:00,64,2010-01-08 00:00:00,63,64,20,28500,1819475,2010-01-08 00:00:00,1
2010-01-11 00:00:00,2010-01-11 00:00:00,64,2010-01-11 00:00:00,62.75,63,29,28900,1827600,2010-01-11 00:00:00,1
2010-01-12 00:00:00,2010-01-12 00:00:00,63,2010-01-12 00:00:00,62.75,63,39,246500,15526375,2010-01-12 00:00:00,1
2010-01-13 00:00:00,2010-01-13 00:00:00,63.5,2010-01-13 00:00:00,63,63,28,146100,9210300,2010-01-13 00:00:00,1
2010-01-15 00:00:00,2010-01-15 00:00:00,64,2010-01-15 00:00:00,63,63.5,19,37500,2372350,2010-01-15 00:00:00,1
2010-01-18 00:00:00,2010-01-18 00:00:00,63.75,2010-01-18 00:00:00,62,62,32,70300,4399850,2010-01-18 00:00:00,1
2010-01-19 00:00:00,2010-01-19 00:00:00,62,2010-01-19 00:00:00,60.75,61.5,23,12900,790525,2010-01-19 00:00:00,1
2010-01-20 00:00:00,2010-01-20 00:00:00,63,2010-01-20 00:00:00,60,62.75,34,67200,4187500,2010-01-20 00:00:00,1
2010-01-21 00:00:00,2010-01-21 00:00:00,63,2010-01-21 00:00:00,62.5,62.75,16,16300,1026000,2010-01-21 00:00:00,1
2010-01-22 00:00:00,2010-01-22 00:00:00,62.75,2010-01-22 00:00:00,62.5,62.75,17,14800,925750,2010-01-22 00:00:00,1
2010-01-25 00:00:00,2010-01-25 00:00:00,63.25,2010-01-25 00:00:00,62.5,63,27,43000,2705100,2010-01-25 00:00:00,1
2010-01-26 00:00:00,2010-01-26 00:00:00,65,2010-01-26 00:00:00,62.5,64,31,40200,2560925,2010-01-26 00:00:00,1
2010-01-28 00:00:00,2010-01-28 00:00:00,63.75,2010-01-28 00:00:00,60.5,63.25,67,57900,3596775,2010-01-28 00:00:00,1
2010-02-01 00:00:00,2010-02-01 00:00:00,65,2010-02-01 00:00:00,63.25,64,42,70800,4518700,2010-02-01 00:00:00,1
2010-02-02 00:00:00,2010-02-02 00:00:00,67,2010-02-02 00:00:00,64.5,66.25,96,145300,9590350,2010-02-02 00:00:00,1
2010-02-03 00:00:00,2010-02-03 00:00:00,66,2010-02-03 00:00:00,64.5,64.5,27,33600,2195500,2010-02-03 00:00:00,1
2010-02-05 00:00:00,2010-02-05 00:00:00,65,2010-02-05 00:00:00,64,64.5,14,13200,847750,2010-02-05 00:00:00,1
2010-02-08 00:00:00,2010-02-08 00:00:00,70.75,2010-02-08 00:00:00,65,70.25,303,766700,52884550,2010-02-08 00:00:00,1
2010-02-09 00:00:00,2010-02-09 00:00:00,70.5,2010-02-09 00:00:00,67.5,69.5,100,320900,22277800,2010-02-09 00:00:00,1
2010-02-10 00:00:00,2010-02-10 00:00:00,70,2010-02-10 00:00:00,68,68.75,57,51600,3591575,2010-02-10 00:00:00,1
2010-02-11 00:00:00,2010-02-11 00:00:00,68,2010-02-11 00:00:00,65,66.25,34,68400,4608925,2010-02-11 00:00:00,1
2010-02-12 00:00:00,2010-02-12 00:00:00,67.75,2010-02-12 00:00:00,64.75,67,34,142400,9536250,2010-02-12 00:00:00,1
2010-02-15 00:00:00,2010-02-15 00:00:00,67.25,2010-02-15 00:00:00,67,67,62,166700,11168925,2010-02-15 00:00:00,1
2010-02-16 00:00:00,2010-02-16 00:00:00,67,2010-02-16 00:00:00,65.25,66,16,30800,2042325,2010-02-16 00:00:00,1
2010-02-17 00:00:00,2010-02-17 00:00:00,66.75,2010-02-17 00:00:00,65,66,11,13400,873325,2010-02-17 00:00:00,1
2010-02-18 00:00:00,2010-02-18 00:00:00,67.25,2010-02-18 00:00:00,66,66.75,21,71600,4783825,2010-02-18 00:00:00,1
2010-02-19 00:00:00,2010-02-19 00:00:00,66.25,2010-02-19 00:00:00,65,65.25,17,16400,1075475,2010-02-19 00:00:00,1
2010-02-22 00:00:00,2010-02-22 00:00:00,66.75,2010-02-22 00:00:00,65,66.25,23,20300,1340400,2010-02-22 00:00:00,1
2010-02-23 00:00:00,2010-02-23 00:00:00,66,2010-02-23 00:00:00,65.5,66,26,31300,2064975,2010-02-23 00:00:00,1
2010-02-24 00:00:00,2010-02-24 00:00:00,67.5,2010-02-24 00:00:00,65,66.75,20,37800,2512850,2010-02-24 00:00:00,1
2010-02-25 00:00:00,2010-02-25 00:00:00,67,2010-02-25 00:00:00,65.5,65.5,11,5200,344025,2010-02-25 00:00:00,1
2010-02-26 00:00:00,2010-02-26 00:00:00,65.5,2010-02-26 00:00:00,65.25,65.25,4,1600,104550,2010-02-26 00:00:00,1
2010-03-01 00:00:00,2010-03-01 00:00:00,66,2010-03-01 00:00:00,65,65.75,25,43400,2846950,2010-03-01 00:00:00,1
2010-03-02 00:00:00,2010-03-02 00:00:00,66.25,2010-03-02 00:00:00,65,66,27,28200,1850900,2010-03-02 00:00:00,1
2010-03-03 00:00:00,2010-03-03 00:00:00,66,2010-03-03 00:00:00,65.5,65.5,20,19900,1303900,2010-03-03 00:00:00,1
2010-03-04 00:00:00,2010-03-04 00:00:00,66,2010-03-04 00:00:00,65.25,65.5,17,23800,1559125,2010-03-04 00:00:00,1
2010-03-05 00:00:00,2010-03-05 00:00:00,66,2010-03-05 00:00:00,65,65.75,27,16500,1079150,2010-03-05 00:00:00,1
2010-03-08 00:00:00,2010-03-08 00:00:00,66,2010-03-08 00:00:00,65,65,23,60800,3956250,2010-03-08 00:00:00,1
2010-03-09 00:00:00,2010-03-09 00:00:00,67,2010-03-09 00:00:00,65,66.75,43,68300,4533625,2010-03-09 00:00:00,1
2010-03-10 00:00:00,2010-03-10 00:00:00,69.25,2010-03-10 00:00:00,67,68,105,807500,56145225,2010-03-10 00:00:00,1
2010-03-11 00:00:00,2010-03-11 00:00:00,70,2010-03-11 00:00:00,67,70,127,539300,37712275,2010-03-11 00:00:00,1
2010-03-12 00:00:00,2010-03-12 00:00:00,70,2010-03-12 00:00:00,69,69.75,52,150200,10451275,2010-03-12 00:00:00,1
2010-03-15 00:00:00,2010-03-15 00:00:00,69.75,2010-03-15 00:00:00,68.75,69.5,42,80800,5592875,2010-03-15 00:00:00,1
2010-03-16 00:00:00,2010-03-16 00:00:00,70,2010-03-16 00:00:00,68.5,69,55,204200,14223800,2010-03-16 00:00:00,1
2010-03-17 00:00:00,2010-03-17 00:00:00,70.25,2010-03-17 00:00:00,68.75,69.5,56,657100,45904725,2010-03-17 00:00:00,1
2010-03-18 00:00:00,2010-03-18 00:00:00,69.75,2010-03-18 00:00:00,68,68.25,6,3200,220475,2010-03-18 00:00:00,1
2010-03-19 00:00:00,2010-03-19 00:00:00,69,2010-03-19 00:00:00,67.5,67.75,17,25600,1739675,2010-03-19 00:00:00,1
2010-03-22 00:00:00,2010-03-22 00:00:00,67.5,2010-03-22 00:00:00,67.5,67.5,7,20000,1350000,2010-03-22 00:00:00,1
2010-03-23 00:00:00,2010-03-23 00:00:00,69.5,2010-03-23 00:00:00,67.25,69,66,133400,9174300,2010-03-23 00:00:00,1
2010-03-24 00:00:00,2010-03-24 00:00:00,67.5,2010-03-24 00:00:00,67.5,67.5,2,25100,1694250,2010-03-24 00:00:00,1
2010-03-25 00:00:00,2010-03-25 00:00:00,69,2010-03-25 00:00:00,67.5,68.5,19,28900,1973250,2010-03-25 00:00:00,1
2010-03-26 00:00:00,2010-03-26 00:00:00,68.25,2010-03-26 00:00:00,68,68,15,84600,5754225,2010-03-26 00:00:00,1
2010-03-30 00:00:00,2010-03-30 00:00:00,68.25,2010-03-30 00:00:00,68,68,15,58900,4005625,2010-03-30 00:00:00,1
2010-03-31 00:00:00,2010-03-31 00:00:00,69.75,2010-03-31 00:00:00,68,68,16,6300,436250,2010-03-31 00:00:00,1
2010-04-01 00:00:00,2010-04-01 00:00:00,68.75,2010-04-01 00:00:00,68,68,14,14200,966575,2010-04-01 00:00:00,1
2010-04-05 00:00:00,2010-04-05 00:00:00,69,2010-04-05 00:00:00,68.5,69,13,45800,3158150,2010-04-05 00:00:00,1
2010-04-06 00:00:00,2010-04-06 00:00:00,70.25,2010-04-06 00:00:00,69.5,70,67,149100,10432050,2010-04-06 00:00:00,1
2010-04-07 00:00:00,2010-04-07 00:00:00,71,2010-04-07 00:00:00,70,70.25,90,248600,17513725,2010-04-07 00:00:00,1
2010-04-08 00:00:00,2010-04-08 00:00:00,71.75,2010-04-08 00:00:00,70,71.25,26,60400,4244125,2010-04-08 00:00:00,1
2010-04-12 00:00:00,2010-04-12 00:00:00,72.25,2010-04-12 00:00:00,71.25,71.25,34,53300,3825125,2010-04-12 00:00:00,1
2010-04-15 00:00:00,2010-04-15 00:00:00,71.25,2010-04-15 00:00:00,70,71.25,27,43600,3087350,2010-04-15 00:00:00,1
2010-04-16 00:00:00,2010-04-16 00:00:00,71.25,2010-04-16 00:00:00,70.25,70.75,17,106200,7539625,2010-04-16 00:00:00,1
2010-04-19 00:00:00,2010-04-19 00:00:00,72,2010-04-19 00:00:00,70.5,71.25,39,123800,8818850,2010-04-19 00:00:00,1
2010-04-20 00:00:00,2010-04-20 00:00:00,72,2010-04-20 00:00:00,71,71,23,48200,3431725,2010-04-20 00:00:00,1
2010-04-21 00:00:00,2010-04-21 00:00:00,72,2010-04-21 00:00:00,70,70.75,23,24000,1698875,2010-04-21 00:00:00,1
2010-04-22 00:00:00,2010-04-22 00:00:00,71,2010-04-22 00:00:00,70,70,25,65200,4566125,2010-04-22 00:00:00,1
2010-04-23 00:00:00,2010-04-23 00:00:00,70.5,2010-04-23 00:00:00,70,70,30,55700,3902900,2010-04-23 00:00:00,1
2010-04-26 00:00:00,2010-04-26 00:00:00,71,2010-04-26 00:00:00,69,70,36,88400,6186625,2010-04-26 00:00:00,1
2010-04-27 00:00:00,2010-04-27 00:00:00,70.75,2010-04-27 00:00:00,70,70,13,28200,1976025,2010-04-27 00:00:00,1
2010-04-29 00:00:00,2010-04-29 00:00:00,74.5,2010-04-29 00:00:00,70,72,49,104800,7579025,2010-04-29 00:00:00,1
2010-04-30 00:00:00,2010-04-30 00:00:00,72,2010-04-30 00:00:00,71.5,72,12,17700,1271900,2010-04-30 00:00:00,1
2010-05-03 00:00:00,2010-05-03 00:00:00,72.75,2010-05-03 00:00:00,71,71.75,65,110400,7906550,2010-05-03 00:00:00,1
2010-05-04 00:00:00,2010-05-04 00:00:00,72.5,2010-05-04 00:00:00,71.5,72.25,32,74500,5367575,2010-05-04 00:00:00,1
2010-05-05 00:00:00,2010-05-05 00:00:00,73,2010-05-05 00:00:00,72,72,26,104800,7547350,2010-05-05 00:00:00,1
2010-05-06 00:00:00,2010-05-06 00:00:00,72.75,2010-05-06 00:00:00,72,72,28,99000,7152200,2010-05-06 00:00:00,1
2010-05-07 00:00:00,2010-05-07 00:00:00,73,2010-05-07 00:00:00,72,72.75,50,105300,7652250,2010-05-07 00:00:00,1
2010-05-10 00:00:00,2010-05-10 00:00:00,72.75,2010-05-10 00:00:00,71,71,6,3400,245275,2010-05-10 00:00:00,1
2010-05-11 00:00:00,2010-05-11 00:00:00,71.25,2010-05-11 00:00:00,70,71,14,50100,3555975,2010-05-11 00:00:00,1
2010-05-12 00:00:00,2010-05-12 00:00:00,71.5,2010-05-12 00:00:00,71,71.25,13,31700,2251825,2010-05-12 00:00:00,1
2010-05-13 00:00:00,2010-05-13 00:00:00,72,2010-05-13 00:00:00,71,71.75,40,87000,6227450,2010-05-13 00:00:00,1
2010-05-14 00:00:00,2010-05-14 00:00:00,72.5,2010-05-14 00:00:00,71,71.5,12,6500,465200,2010-05-14 00:00:00,1
2010-05-17 00:00:00,2010-05-17 00:00:00,71,2010-05-17 00:00:00,70,70,11,58100,4069975,2010-05-17 00:00:00,1
2010-05-18 00:00:00,2010-05-18 00:00:00,72,2010-05-18 00:00:00,70,71.5,14,12200,864000,2010-05-18 00:00:00,1
2010-05-19 00:00:00,2010-05-19 00:00:00,71.75,2010-05-19 00:00:00,70.25,71.5,17,16500,1176600,2010-05-19 00:00:00,1
2010-05-20 00:00:00,2010-05-20 00:00:00,72,2010-05-20 00:00:00,70,71.75,26,38100,2712575,2010-05-20 00:00:00,1
2010-05-21 00:00:00,2010-05-21 00:00:00,71,2010-05-21 00:00:00,70,70,3,50700,3549200,2010-05-21 00:00:00,1
2010-05-24 00:00:00,2010-05-24 00:00:00,69.75,2010-05-24 00:00:00,67.5,68.25,9,6400,437275,2010-05-24 00:00:00,1
2010-05-25 00:00:00,2010-05-25 00:00:00,70,2010-05-25 00:00:00,68,69,13,11800,819925,2010-05-25 00:00:00,1
2010-05-26 00:00:00,2010-05-26 00:00:00,71.75,2010-05-26 00:00:00,69,71.25,28,38800,2752450,2010-05-26 00:00:00,1
2010-05-31 00:00:00,2010-05-31 00:00:00,71.75,2010-05-31 00:00:00,71,71.25,10,12000,860425,2010-05-31 00:00:00,1
2010-06-01 00:00:00,2010-06-01 00:00:00,72.75,2010-06-01 00:00:00,70,70.25,32,56100,4024375,2010-06-01 00:00:00,1
2010-06-02 00:00:00,2010-06-02 00:00:00,72.5,2010-06-02 00:00:00,70,72,45,147200,10444900,2010-06-02 00:00:00,1
2010-06-03 00:00:00,2010-06-03 00:00:00,74,2010-06-03 00:00:00,72.5,73,77,111000,8124125,2010-06-03 00:00:00,1
2010-06-04 00:00:00,2010-06-04 00:00:00,73.75,2010-06-04 00:00:00,73,73.5,28,22100,1623700,2010-06-04 00:00:00,1
2010-06-07 00:00:00,2010-06-07 00:00:00,73.75,2010-06-07 00:00:00,73,73.5,23,63600,4673475,2010-06-07 00:00:00,1
2010-06-08 00:00:00,2010-06-08 00:00:00,73.5,2010-06-08 00:00:00,72.75,72.75,14,8100,590875,2010-06-08 00:00:00,1
2010-06-09 00:00:00,2010-06-09 00:00:00,76,2010-06-09 00:00:00,72.5,74.75,170,698200,51967475,2010-06-09 00:00:00,1
2010-06-10 00:00:00,2010-06-10 00:00:00,76,2010-06-10 00:00:00,74,74,30,129700,9627025,2010-06-10 00:00:00,1
2010-06-11 00:00:00,2010-06-11 00:00:00,74.5,2010-06-11 00:00:00,74,74.5,40,98800,7311300,2010-06-11 00:00:00,1
2010-06-14 00:00:00,2010-06-14 00:00:00,79,2010-06-14 00:00:00,74.5,78.5,173,258600,20253900,2010-06-14 00:00:00,1
2010-06-15 00:00:00,2010-06-15 00:00:00,79.25,2010-06-15 00:00:00,77.5,78.5,89,151300,11896975,2010-06-15 00:00:00,1
2010-06-16 00:00:00,2010-06-16 00:00:00,78.25,2010-06-16 00:00:00,77.75,78,34,91400,7127875,2010-06-16 00:00:00,1
2010-06-17 00:00:00,2010-06-17 00:00:00,79.75,2010-06-17 00:00:00,78,79.25,53,98800,7809550,2010-06-17 00:00:00,1
2010-06-21 00:00:00,2010-06-21 00:00:00,80,2010-06-21 00:00:00,78.75,79,13,6500,515900,2010-06-21 00:00:00,1
2010-06-22 00:00:00,2010-06-22 00:00:00,78,2010-06-22 00:00:00,77,77.5,14,5300,411750,2010-06-22 00:00:00,1
2010-06-23 00:00:00,2010-06-23 00:00:00,76.5,2010-06-23 00:00:00,76,76.5,4,5000,382000,2010-06-23 00:00:00,1
2010-06-24 00:00:00,2010-06-24 00:00:00,79,2010-06-24 00:00:00,76,76.25,23,73900,5742125,2010-06-24 00:00:00,1
2010-06-28 00:00:00,2010-06-28 00:00:00,77.25,2010-06-28 00:00:00,76.5,76.5,20,39800,3051175,2010-06-28 00:00:00,1
2010-06-29 00:00:00,2010-06-29 00:00:00,76.75,2010-06-29 00:00:00,76,76.25,22,36700,2795550,2010-06-29 00:00:00,1
2010-06-30 00:00:00,2010-06-30 00:00:00,78.25,2010-06-30 00:00:00,74,74,6,1800,138325,2010-06-30 00:00:00,1
2010-07-01 00:00:00,2010-07-01 00:00:00,75,2010-07-01 00:00:00,73,74,15,95200,7045300,2010-07-01 00:00:00,1
2010-07-02 00:00:00,2010-07-02 00:00:00,75,2010-07-02 00:00:00,72.25,74.25,23,15600,1148750,2010-07-02 00:00:00,1
2010-07-05 00:00:00,2010-07-05 00:00:00,74,2010-07-05 00:00:00,73,73.5,5,2200,161550,2010-07-05 00:00:00,1
2010-07-06 00:00:00,2010-07-06 00:00:00,73,2010-07-06 00:00:00,72.5,72.5,17,15800,1150100,2010-07-06 00:00:00,1
2010-07-07 00:00:00,2010-07-07 00:00:00,74,2010-07-07 00:00:00,72,72.25,28,44300,3199500,2010-07-07 00:00:00,1
2010-07-08 00:00:00,2010-07-08 00:00:00,73.25,2010-07-08 00:00:00,72.25,72.5,13,10200,738700,2010-07-08 00:00:00,1
2010-07-09 00:00:00,2010-07-09 00:00:00,72,2010-07-09 00:00:00,71.25,71.25,14,36300,2587950,2010-07-09 00:00:00,1
2010-07-12 00:00:00,2010-07-12 00:00:00,71.25,2010-07-12 00:00:00,71,71.25,16,17500,1246825,2010-07-12 00:00:00,1
2010-07-13 00:00:00,2010-07-13 00:00:00,77,2010-07-13 00:00:00,72,76.25,55,348400,26105575,2010-07-13 00:00:00,1
2010-07-14 00:00:00,2010-07-14 00:00:00,77,2010-07-14 00:00:00,76,77,31,37500,2874700,2010-07-14 00:00:00,1
2010-07-15 00:00:00,2010-07-15 00:00:00,77,2010-07-15 00:00:00,75.5,76,20,132200,10128150,2010-07-15 00:00:00,1
2010-07-16 00:00:00,2010-07-16 00:00:00,77,2010-07-16 00:00:00,75,75.5,22,44400,3341850,2010-07-16 00:00:00,1
2010-07-19 00:00:00,2010-07-19 00:00:00,76.75,2010-07-19 00:00:00,75.5,75.5,39,58500,4447975,2010-07-19 00:00:00,1
2010-07-20 00:00:00,2010-07-20 00:00:00,76.5,2010-07-20 00:00:00,75.75,76.25,20,65900,5018675,2010-07-20 00:00:00,1
2010-07-21 00:00:00,2010-07-21 00:00:00,79,2010-07-21 00:00:00,76,78.75,87,276400,21600950,2010-07-21 00:00:00,1
2010-07-22 00:00:00,2010-07-22 00:00:00,82.75,2010-07-22 00:00:00,79,81.75,171,757100,60885125,2010-07-22 00:00:00,1
2010-07-23 00:00:00,2010-07-23 00:00:00,88.75,2010-07-23 00:00:00,83,87,332,1277100,109798525,2010-07-23 00:00:00,1
2010-07-26 00:00:00,2010-07-26 00:00:00,92.5,2010-07-26 00:00:00,88,89.25,248,698700,62731400,2010-07-26 00:00:00,1
2010-07-27 00:00:00,2010-07-27 00:00:00,91,2010-07-27 00:00:00,88,90,162,486400,43631700,2010-07-27 00:00:00,1
2010-07-28 00:00:00,2010-07-28 00:00:00,97,2010-07-28 00:00:00,90,95,257,1131000,104701650,2010-07-28 00:00:00,1
2010-07-29 00:00:00,2010-07-29 00:00:00,98,2010-07-29 00:00:00,90,94.25,111,125000,11814425,2010-07-29 00:00:00,1
2010-07-30 00:00:00,2010-07-30 00:00:00,95,2010-07-30 00:00:00,92,93,57,116500,10879050,2010-07-30 00:00:00,1
2010-08-02 00:00:00,2010-08-02 00:00:00,94,2010-08-02 00:00:00,93.1,93.9,38,76000,7123030,2010-08-02 00:00:00,1
2010-08-03 00:00:00,2010-08-03 00:00:00,95,2010-08-03 00:00:00,92,92.9,35,147000,13673150,2010-08-03 00:00:00,1
2010-08-04 00:00:00,2010-08-04 00:00:00,93,2010-08-04 00:00:00,90,92.5,24,37200,3427330,2010-08-04 00:00:00,1
2010-08-05 00:00:00,2010-08-05 00:00:00,91,2010-08-05 00:00:00,87,90.3,69,373300,32648560,2010-08-05 00:00:00,1
2010-08-06 00:00:00,2010-08-06 00:00:00,91,2010-08-06 00:00:00,90,90.6,57,364800,32873850,2010-08-06 00:00:00,1
2010-08-09 00:00:00,2010-08-09 00:00:00,90.5,2010-08-09 00:00:00,85,86.6,50,102600,8822990,2010-08-09 00:00:00,1
2010-08-10 00:00:00,2010-08-10 00:00:00,94,2010-08-10 00:00:00,82.1,93,116,224700,20181820,2010-08-10 00:00:00,1
2010-08-11 00:00:00,2010-08-11 00:00:00,96,2010-08-11 00:00:00,93,93.1,85,412600,38632370,2010-08-11 00:00:00,1
2010-08-12 00:00:00,2010-08-12 00:00:00,93.4,2010-08-12 00:00:00,92,92.6,15,32600,3013920,2010-08-12 00:00:00,1
2010-08-13 00:00:00,2010-08-13 00:00:00,96.5,2010-08-13 00:00:00,93,96,67,278900,26504780,2010-08-13 00:00:00,1
2010-08-16 00:00:00,2010-08-16 00:00:00,98,2010-08-16 00:00:00,92,95,19,38500,3669060,2010-08-16 00:00:00,1
2010-08-17 00:00:00,2010-08-17 00:00:00,95,2010-08-17 00:00:00,94,95,15,14000,1329600,2010-08-17 00:00:00,1
2010-08-18 00:00:00,2010-08-18 00:00:00,96.9,2010-08-18 00:00:00,93,93,12,28000,2649400,2010-08-18 00:00:00,1
2010-08-19 00:00:00,2010-08-19 00:00:00,93.9,2010-08-19 00:00:00,92.5,93.5,18,34000,3164600,2010-08-19 00:00:00,1
2010-08-20 00:00:00,2010-08-20 00:00:00,94.7,2010-08-20 00:00:00,93.5,93.8,36,255900,24025690,2010-08-20 00:00:00,1
2010-08-23 00:00:00,2010-08-23 00:00:00,96,2010-08-23 00:00:00,93,95.2,29,75400,7083170,2010-08-23 00:00:00,1
2010-08-25 00:00:00,2010-08-25 00:00:00,97.1,2010-08-25 00:00:00,95.1,96.5,59,96400,9275480,2010-08-25 00:00:00,1
2010-08-26 00:00:00,2010-08-26 00:00:00,97,2010-08-26 00:00:00,95.5,95.8,24,26200,2529080,2010-08-26 00:00:00,1
2010-08-27 00:00:00,2010-08-27 00:00:00,101,2010-08-27 00:00:00,96.5,99.3,215,373600,37210650,2010-08-27 00:00:00,1
2010-08-30 00:00:00,2010-08-30 00:00:00,100,2010-08-30 00:00:00,98,98.4,53,86300,8544240,2010-08-30 00:00:00,1
2010-08-31 00:00:00,2010-08-31 00:00:00,98.5,2010-08-31 00:00:00,95,97.3,17,9000,870430,2010-08-31 00:00:00,1
2010-09-01 00:00:00,2010-09-01 00:00:00,97.5,2010-09-01 00:00:00,95.2,96.2,18,14000,1354170,2010-09-01 00:00:00,1
2010-09-02 00:00:00,2010-09-02 00:00:00,97.4,2010-09-02 00:00:00,95,97.1,26,41200,3950750,2010-09-02 00:00:00,1
2010-09-03 00:00:00,2010-09-03 00:00:00,101,2010-09-03 00:00:00,98,99.1,119,377800,37750710,2010-09-03 00:00:00,1
2010-09-06 00:00:00,2010-09-06 00:00:00,100,2010-09-06 00:00:00,97.5,98,32,39200,3899180,2010-09-06 00:00:00,1
2010-09-07 00:00:00,2010-09-07 00:00:00,100,2010-09-07 00:00:00,97,99.9,51,232100,23122420,2010-09-07 00:00:00,1
2010-09-08 00:00:00,2010-09-08 00:00:00,109.8,2010-09-08 00:00:00,99,106.7,213,689500,71731050,2010-09-08 00:00:00,1
2010-09-09 00:00:00,2010-09-09 00:00:00,117.3,2010-09-09 00:00:00,112,113.6,269,430300,49189930,2010-09-09 00:00:00,1
2010-09-13 00:00:00,2010-09-13 00:00:00,122,2010-09-13 00:00:00,116,122,292,670600,80052770,2010-09-13 00:00:00,1
2010-09-14 00:00:00,2010-09-14 00:00:00,127,2010-09-14 00:00:00,119,124.5,357,778700,96120800,2010-09-14 00:00:00,1
2010-09-15 00:00:00,2010-09-15 00:00:00,128.5,2010-09-15 00:00:00,117,121.7,166,300300,36770360,2010-09-15 00:00:00,1
2010-09-16 00:00:00,2010-09-16 00:00:00,124.9,2010-09-16 00:00:00,121,121.8,66,85700,10517440,2010-09-16 00:00:00,1
2010-09-17 00:00:00,2010-09-17 00:00:00,125.5,2010-09-17 00:00:00,122,124.5,110,157700,19572510,2010-09-17 00:00:00,1
2010-09-20 00:00:00,2010-09-20 00:00:00,127.5,2010-09-20 00:00:00,121.2,122.3,58,247100,30320800,2010-09-20 00:00:00,1
2010-09-21 00:00:00,2010-09-21 00:00:00,150,2010-09-21 00:00:00,124,147.9,458,762200,105039360,2010-09-21 00:00:00,1
2010-09-23 00:00:00,2010-09-23 00:00:00,150,2010-09-23 00:00:00,140,145.3,222,369900,53434390,2010-09-23 00:00:00,1
2010-09-24 00:00:00,2010-09-24 00:00:00,145.9,2010-09-24 00:00:00,125.9,141.8,116,190300,26835510,2010-09-24 00:00:00,1
2010-09-27 00:00:00,2010-09-27 00:00:00,143.5,2010-09-27 00:00:00,136.5,138.3,85,120700,16842420,2010-09-27 00:00:00,1
2010-09-28 00:00:00,2010-09-28 00:00:00,140,2010-09-28 00:00:00,135,137.2,72,100400,13745100,2010-09-28 00:00:00,1
2010-09-29 00:00:00,2010-09-29 00:00:00,139.2,2010-09-29 00:00:00,132,137.5,63,79100,10822030,2010-09-29 00:00:00,1
2010-09-30 00:00:00,2010-09-30 00:00:00,149,2010-09-30 00:00:00,137,145.9,240,663500,94871710,2010-09-30 00:00:00,1
2010-10-01 00:00:00,2010-10-01 00:00:00,147,2010-10-01 00:00:00,140.1,145.6,101,114600,16624330,2010-10-01 00:00:00,1
2010-10-04 00:00:00,2010-10-04 00:00:00,149.9,2010-10-04 00:00:00,144,146.9,153,374300,55310000,2010-10-04 00:00:00,1
2010-10-05 00:00:00,2010-10-05 00:00:00,146,2010-10-05 00:00:00,140.1,142,36,35300,5054530,2010-10-05 00:00:00,1
2010-10-06 00:00:00,2010-10-06 00:00:00,142,2010-10-06 00:00:00,134,134.9,74,85800,11745950,2010-10-06 00:00:00,1
2010-10-07 00:00:00,2010-10-07 00:00:00,139,2010-10-07 00:00:00,128,134.9,94,97700,13262780,2010-10-07 00:00:00,1
2010-10-08 00:00:00,2010-10-08 00:00:00,140,2010-10-08 00:00:00,128,138.8,126,162100,21866460,2010-10-08 00:00:00,1
2010-10-11 00:00:00,2010-10-11 00:00:00,144,2010-10-11 00:00:00,136,138,54,66600,9237740,2010-10-11 00:00:00,1
2010-10-12 00:00:00,2010-10-12 00:00:00,135,2010-10-12 00:00:00,126,127.5,89,101600,13098250,2010-10-12 00:00:00,1
2010-10-13 00:00:00,2010-10-13 00:00:00,132,2010-10-13 00:00:00,120,130.1,140,149200,18901310,2010-10-13 00:00:00,1
2010-10-14 00:00:00,2010-10-14 00:00:00,131,2010-10-14 00:00:00,130,130,66,94800,12330450,2010-10-14 00:00:00,1
2010-10-15 00:00:00,2010-10-15 00:00:00,130,2010-10-15 00:00:00,126.5,129.7,34,120800,15669870,2010-10-15 00:00:00,1
2010-10-18 00:00:00,2010-10-18 00:00:00,130,2010-10-18 00:00:00,127,128.4,26,44000,5697020,2010-10-18 00:00:00,1
2010-10-19 00:00:00,2010-10-19 00:00:00,132,2010-10-19 00:00:00,129.1,130.6,69,117300,15248420,2010-10-19 00:00:00,1
2010-10-20 00:00:00,2010-10-20 00:00:00,137,2010-10-20 00:00:00,130,130.7,51,37300,4939750,2010-10-20 00:00:00,1
2010-10-21 00:00:00,2010-10-21 00:00:00,143,2010-10-21 00:00:00,130.6,139.5,217,258600,35663800,2010-10-21 00:00:00,1
2010-10-25 00:00:00,2010-10-25 00:00:00,140.1,2010-10-25 00:00:00,134,134.7,38,45100,6165050,2010-10-25 00:00:00,1
2010-10-26 00:00:00,2010-10-26 00:00:00,139.9,2010-10-26 00:00:00,130,130.7,41,52200,6933080,2010-10-26 00:00:00,1
2010-10-27 00:00:00,2010-10-27 00:00:00,135,2010-10-27 00:00:00,130,132.2,75,110800,14610550,2010-10-27 00:00:00,1
2010-10-28 00:00:00,2010-10-28 00:00:00,132.1,2010-10-28 00:00:00,130.5,130.8,34,31200,4109270,2010-10-28 00:00:00,1
2010-10-29 00:00:00,2010-10-29 00:00:00,132.5,2010-10-29 00:00:00,130.1,132,30,18000,2371370,2010-10-29 00:00:00,1
2010-11-01 00:00:00,2010-11-01 00:00:00,142,2010-11-01 00:00:00,133,133.4,106,169900,23113690,2010-11-01 00:00:00,1
2010-11-02 00:00:00,2010-11-02 00:00:00,134.9,2010-11-02 00:00:00,132,132,22,35700,4714200,2010-11-02 00:00:00,1
2010-11-03 00:00:00,2010-11-03 00:00:00,131,2010-11-03 00:00:00,130,130.6,29,55600,7238460,2010-11-03 00:00:00,1
2010-11-04 00:00:00,2010-11-04 00:00:00,131,2010-11-04 00:00:00,129,130,26,31500,4093950,2010-11-04 00:00:00,1
2010-11-08 00:00:00,2010-11-08 00:00:00,130,2010-11-08 00:00:00,128.8,129.9,10,6300,818870,2010-11-08 00:00:00,1
2010-11-09 00:00:00,2010-11-09 00:00:00,132.5,2010-11-09 00:00:00,128,128,20,16200,2082220,2010-11-09 00:00:00,1
2010-11-10 00:00:00,2010-11-10 00:00:00,127.8,2010-11-10 00:00:00,127.1,127.5,9,2700,343820,2010-11-10 00:00:00,1
2010-11-11 00:00:00,2010-11-11 00:00:00,129.9,2010-11-11 00:00:00,126,129.3,21,36400,4665530,2010-11-11 00:00:00,1
2010-11-12 00:00:00,2010-11-12 00:00:00,134,2010-11-12 00:00:00,129,133.4,73,287000,37934350,2010-11-12 00:00:00,1
2010-11-15 00:00:00,2010-11-15 00:00:00,133,2010-11-15 00:00:00,132,132.4,65,162900,21620340,2010-11-15 00:00:00,1
2010-11-16 00:00:00,2010-11-16 00:00:00,133,2010-11-16 00:00:00,131,132.9,65,241500,32085880,2010-11-16 00:00:00,1
2010-11-18 00:00:00,2010-11-18 00:00:00,134,2010-11-18 00:00:00,129.3,133.8,28,42900,5707780,2010-11-18 00:00:00,1
2010-11-22 00:00:00,2010-11-22 00:00:00,135,2010-11-22 00:00:00,130.1,134.7,28,21300,2864550,2010-11-22 00:00:00,1
2010-11-23 00:00:00,2010-11-23 00:00:00,136,2010-11-23 00:00:00,134,135,86,320100,43162240,2010-11-23 00:00:00,1
2010-11-24 00:00:00,2010-11-24 00:00:00,136.1,2010-11-24 00:00:00,135,136,60,288100,39113990,2010-11-24 00:00:00,1
2010-11-25 00:00:00,2010-11-25 00:00:00,136.1,2010-11-25 00:00:00,136,136,44,158000,21488080,2010-11-25 00:00:00,1
2010-11-26 00:00:00,2010-11-26 00:00:00,136,2010-11-26 00:00:00,135,135.5,12,13600,1842700,2010-11-26 00:00:00,1
2010-11-29 00:00:00,2010-11-29 00:00:00,132,2010-11-29 00:00:00,129,129.1,23,41700,5442400,2010-11-29 00:00:00,1
2010-11-30 00:00:00,2010-11-30 00:00:00,136,2010-11-30 00:00:00,132,134.9,31,76600,10340660,2010-11-30 00:00:00,1
2010-12-01 00:00:00,2010-12-01 00:00:00,138.5,2010-12-01 00:00:00,135,138.3,35,34900,4769090,2010-12-01 00:00:00,1
2010-12-02 00:00:00,2010-12-02 00:00:00,138,2010-12-02 00:00:00,134.9,135.8,31,290800,39264160,2010-12-02 00:00:00,1
2010-12-03 00:00:00,2010-12-03 00:00:00,137.4,2010-12-03 00:00:00,135,135,25,58100,7859270,2010-12-03 00:00:00,1
2010-12-06 00:00:00,2010-12-06 00:00:00,135,2010-12-06 00:00:00,130.1,130.3,21,395600,52890320,2010-12-06 00:00:00,1
2010-12-07 00:00:00,2010-12-07 00:00:00,131,2010-12-07 00:00:00,130,130.5,18,9600,1252540,2010-12-07 00:00:00,1
2010-12-08 00:00:00,2010-12-08 00:00:00,135,2010-12-08 00:00:00,130,132.3,32,73200,9646290,2010-12-08 00:00:00,1
2010-12-09 00:00:00,2010-12-09 00:00:00,133,2010-12-09 00:00:00,131,131.4,6,11500,1513660,2010-12-09 00:00:00,1
2010-12-10 00:00:00,2010-12-10 00:00:00,134.9,2010-12-10 00:00:00,132,132.5,23,35400,4707490,2010-12-10 00:00:00,1
2010-12-13 00:00:00,2010-12-13 00:00:00,130.8,2010-12-13 00:00:00,130.7,130.8,3,1200,156860,2010-12-13 00:00:00,1
2010-12-14 00:00:00,2010-12-14 00:00:00,131,2010-12-14 00:00:00,130.5,130.9,17,61600,8058240,2010-12-14 00:00:00,1
2010-12-15 00:00:00,2010-12-15 00:00:00,136.5,2010-12-15 00:00:00,130.5,135.7,49,185600,25148270,2010-12-15 00:00:00,1
2010-12-16 00:00:00,2010-12-16 00:00:00,137,2010-12-16 00:00:00,136,136,27,150500,20471040,2010-12-16 00:00:00,1
2010-12-17 00:00:00,2010-12-17 00:00:00,136,2010-12-17 00:00:00,135,136,27,48800,6633540,2010-12-17 00:00:00,1
2010-12-21 00:00:00,2010-12-21 00:00:00,137.9,2010-12-21 00:00:00,136,136.1,8,12500,1702000,2010-12-21 00:00:00,1
2010-12-22 00:00:00,2010-12-22 00:00:00,137,2010-12-22 00:00:00,136.5,136.7,16,38500,5260250,2010-12-22 00:00:00,1
2010-12-23 00:00:00,2010-12-23 00:00:00,137,2010-12-23 00:00:00,135,137,16,13300,1811700,2010-12-23 00:00:00,1
2010-12-24 00:00:00,2010-12-24 00:00:00,137,2010-12-24 00:00:00,137,137,5,13400,1835800,2010-12-24 00:00:00,1
2010-12-27 00:00:00,2010-12-27 00:00:00,138,2010-12-27 00:00:00,137,137.8,18,43200,5951400,2010-12-27 00:00:00,1
2010-12-28 00:00:00,2010-12-28 00:00:00,140,2010-12-28 00:00:00,138,138,13,106000,14828000,2010-12-28 00:00:00,1
2010-12-29 00:00:00,2010-12-29 00:00:00,139,2010-12-29 00:00:00,136.5,137.7,18,26900,3701700,2010-12-29 00:00:00,1
2010-12-30 00:00:00,2010-12-30 00:00:00,139.5,2010-12-30 00:00:00,135,138.7,14,5900,806350,2010-12-30 00:00:00,1
2010-12-31 00:00:00,2010-12-31 00:00:00,142,2010-12-31 00:00:00,134,140.7,40,132300,18559950,2010-12-31 00:00:00,1
Company Id :  CIC,,Security Type :  X,,Sub Type :  0000,,,,,,
Short Name :  CIC,,,,,,,,,,
Day,Date High,High,Date Low,Low,Closing,No. of Trades,No. of Shares,Turnover,Last Traded,Days Traded
2010-01-04 00:00:00,2010-01-04 00:00:00,39.75,2010-01-04 00:00:00,39,39.75,32,66900,2619150,2010-01-04 00:00:00,1
2010-01-05 00:00:00,2010-01-05 00:00:00,41,2010-01-05 00:00:00,40,40.5,132,259000,10447625,2010-01-05 00:00:00,1
2010-01-06 00:00:00,2010-01-06 00:00:00,40.5,2010-01-06 00:00:00,38.75,39,53,120100,4740550,2010-01-06 00:00:00,1
2010-01-07 00:00:00,2010-01-07 00:00:00,39,2010-01-07 00:00:00,38,39,26,63400,2449400,2010-01-07 00:00:00,1
2010-01-08 00:00:00,2010-01-08 00:00:00,39.25,2010-01-08 00:00:00,38.75,39,22,69900,2720150,2010-01-08 00:00:00,1
2010-01-11 00:00:00,2010-01-11 00:00:00,39,2010-01-11 00:00:00,38,39,34,48600,1885525,2010-01-11 00:00:00,1
2010-01-12 00:00:00,2010-01-12 00:00:00,39.5,2010-01-12 00:00:00,38,39,23,33700,1300025,2010-01-12 00:00:00,1
2010-01-13 00:00:00,2010-01-13 00:00:00,39.5,2010-01-13 00:00:00,38,38.5,28,54500,2091150,2010-01-13 00:00:00,1
2010-01-15 00:00:00,2010-01-15 00:00:00,39,2010-01-15 00:00:00,38.5,38.5,17,28200,1086950,2010-01-15 00:00:00,1
2010-01-18 00:00:00,2010-01-18 00:00:00,38.75,2010-01-18 00:00:00,38.5,38.5,30,60700,2337450,2010-01-18 00:00:00,1
2010-01-19 00:00:00,2010-01-19 00:00:00,38.5,2010-01-19 00:00:00,37.75,38,29,35200,1342250,2010-01-19 00:00:00,1
2010-01-20 00:00:00,2010-01-20 00:00:00,38.25,2010-01-20 00:00:00,37.75,38,45,71500,2718775,2010-01-20 00:00:00,1
2010-01-21 00:00:00,2010-01-21 00:00:00,38.5,2010-01-21 00:00:00,38,38,31,51600,1961000,2010-01-21 00:00:00,1
2010-01-22 00:00:00,2010-01-22 00:00:00,38.25,2010-01-22 00:00:00,38,38.25,12,10600,404300,2010-01-22 00:00:00,1
2010-01-25 00:00:00,2010-01-25 00:00:00,41.25,2010-01-25 00:00:00,38,38.25,17,18300,706150,2010-01-25 00:00:00,1
2010-01-26 00:00:00,2010-01-26 00:00:00,40,2010-01-26 00:00:00,38.25,39.25,20,14500,569725,2010-01-26 00:00:00,1
2010-01-28 00:00:00,2010-01-28 00:00:00,41,2010-01-28 00:00:00,39.25,40,21,16400,652750,2010-01-28 00:00:00,1
2010-02-01 00:00:00,2010-02-01 00:00:00,41.75,2010-02-01 00:00:00,40.25,40.5,80,149500,6105500,2010-02-01 00:00:00,1
2010-02-02 00:00:00,2010-02-02 00:00:00,42,2010-02-02 00:00:00,41,41.5,175,576600,23853625,2010-02-02 00:00:00,1
2010-02-03 00:00:00,2010-02-03 00:00:00,41.75,2010-02-03 00:00:00,41,41.5,47,97200,4023000,2010-02-03 00:00:00,1
2010-02-05 00:00:00,2010-02-05 00:00:00,41.75,2010-02-05 00:00:00,40.5,41.5,46,69600,2883725,2010-02-05 00:00:00,1
2010-02-08 00:00:00,2010-02-08 00:00:00,44,2010-02-08 00:00:00,41.75,43.5,261,827400,35642875,2010-02-08 00:00:00,1
2010-02-09 00:00:00,2010-02-09 00:00:00,43.5,2010-02-09 00:00:00,42.5,43.25,138,302400,12985750,2010-02-09 00:00:00,1
2010-02-10 00:00:00,2010-02-10 00:00:00,44,2010-02-10 00:00:00,43.25,43.5,143,405800,17730925,2010-02-10 00:00:00,1
2010-02-11 00:00:00,2010-02-11 00:00:00,43.75,2010-02-11 00:00:00,41,41.25,43,92800,3964000,2010-02-11 00:00:00,1
2010-02-12 00:00:00,2010-02-12 00:00:00,41.75,2010-02-12 00:00:00,41,41.25,41,95800,3946200,2010-02-12 00:00:00,1
2010-02-15 00:00:00,2010-02-15 00:00:00,43,2010-02-15 00:00:00,40.75,41.25,17,17800,736900,2010-02-15 00:00:00,1
2010-02-16 00:00:00,2010-02-16 00:00:00,41.75,2010-02-16 00:00:00,41,41.25,21,21100,870775,2010-02-16 00:00:00,1
2010-02-17 00:00:00,2010-02-17 00:00:00,41.5,2010-02-17 00:00:00,41,41.5,25,51100,2109025,2010-02-17 00:00:00,1
2010-02-18 00:00:00,2010-02-18 00:00:00,42.75,2010-02-18 00:00:00,41.5,42,97,213200,8993275,2010-02-18 00:00:00,1
2010-02-19 00:00:00,2010-02-19 00:00:00,42.25,2010-02-19 00:00:00,41.25,41.75,15,25600,1064975,2010-02-19 00:00:00,1
2010-02-22 00:00:00,2010-02-22 00:00:00,43,2010-02-22 00:00:00,42,42.75,82,282500,11959350,2010-02-22 00:00:00,1
2010-02-23 00:00:00,2010-02-23 00:00:00,42.75,2010-02-23 00:00:00,42.5,42.5,36,59800,2543225,2010-02-23 00:00:00,1
2010-02-24 00:00:00,2010-02-24 00:00:00,42.75,2010-02-24 00:00:00,42.5,42.5,37,109300,4645800,2010-02-24 00:00:00,1
2010-02-25 00:00:00,2010-02-25 00:00:00,42.75,2010-02-25 00:00:00,42.5,42.75,38,87400,3722450,2010-02-25 00:00:00,1
2010-02-26 00:00:00,2010-02-26 00:00:00,43,2010-02-26 00:00:00,42.5,42.5,9,8700,369925,2010-02-26 00:00:00,1
2010-03-01 00:00:00,2010-03-01 00:00:00,42.75,2010-03-01 00:00:00,42.5,42.5,31,77800,3308300,2010-03-01 00:00:00,1
2010-03-02 00:00:00,2010-03-02 00:00:00,43.75,2010-03-02 00:00:00,42.5,43.25,83,182300,7837050,2010-03-02 00:00:00,1
2010-03-03 00:00:00,2010-03-03 00:00:00,43.5,2010-03-03 00:00:00,43,43.25,46,72400,3140250,2010-03-03 00:00:00,1
2010-03-04 00:00:00,2010-03-04 00:00:00,44,2010-03-04 00:00:00,42.5,44,88,250700,10976525,2010-03-04 00:00:00,1
2010-03-05 00:00:00,2010-03-05 00:00:00,44.25,2010-03-05 00:00:00,43.5,44,32,49400,2172950,2010-03-05 00:00:00,1
2010-03-08 00:00:00,2010-03-08 00:00:00,44,2010-03-08 00:00:00,43.5,43.75,37,70100,3069100,2010-03-08 00:00:00,1
2010-03-09 00:00:00,2010-03-09 00:00:00,44.25,2010-03-09 00:00:00,43.5,44,68,267900,11780050,2010-03-09 00:00:00,1
2010-03-10 00:00:00,2010-03-10 00:00:00,45.5,2010-03-10 00:00:00,44.25,45,218,365200,16421400,2010-03-10 00:00:00,1
2010-03-11 00:00:00,2010-03-11 00:00:00,47,2010-03-11 00:00:00,45,46.25,172,376400,17395800,2010-03-11 00:00:00,1
2010-03-12 00:00:00,2010-03-12 00:00:00,47,2010-03-12 00:00:00,46,46.5,64,82500,3825725,2010-03-12 00:00:00,1
2010-03-15 00:00:00,2010-03-15 00:00:00,46.25,2010-03-15 00:00:00,45.75,46,71,124400,5725300,2010-03-15 00:00:00,1
2010-03-16 00:00:00,2010-03-16 00:00:00,46,2010-03-16 00:00:00,45,45.25,58,159500,7277950,2010-03-16 00:00:00,1
2010-03-17 00:00:00,2010-03-17 00:00:00,46,2010-03-17 00:00:00,44.25,45,21,15500,698825,2010-03-17 00:00:00,1
2010-03-18 00:00:00,2010-03-18 00:00:00,45.75,2010-03-18 00:00:00,44,45,13,43400,1952575,2010-03-18 00:00:00,1
2010-03-19 00:00:00,2010-03-19 00:00:00,45,2010-03-19 00:00:00,44.25,44.75,11,16000,714050,2010-03-19 00:00:00,1
2010-03-22 00:00:00,2010-03-22 00:00:00,44.75,2010-03-22 00:00:00,43.5,43.75,39,64500,2833850,2010-03-22 00:00:00,1
2010-03-23 00:00:00,2010-03-23 00:00:00,45,2010-03-23 00:00:00,43.25,44,36,43100,1907425,2010-03-23 00:00:00,1
2010-03-24 00:00:00,2010-03-24 00:00:00,44,2010-03-24 00:00:00,43,44,19,24200,1055825,2010-03-24 00:00:00,1
2010-03-25 00:00:00,2010-03-25 00:00:00,44.5,2010-03-25 00:00:00,43.25,44,14,29200,1284550,2010-03-25 00:00:00,1
2010-03-26 00:00:00,2010-03-26 00:00:00,45,2010-03-26 00:00:00,44,44,12,8500,379400,2010-03-26 00:00:00,1
2010-03-30 00:00:00,2010-03-30 00:00:00,44.5,2010-03-30 00:00:00,44,44,12,7400,325750,2010-03-30 00:00:00,1
2010-03-31 00:00:00,2010-03-31 00:00:00,44,2010-03-31 00:00:00,43,43.5,12,4700,204350,2010-03-31 00:00:00,1
2010-04-01 00:00:00,2010-04-01 00:00:00,44,2010-04-01 00:00:00,43.5,43.75,10,22700,998725,2010-04-01 00:00:00,1
2010-04-05 00:00:00,2010-04-05 00:00:00,43.75,2010-04-05 00:00:00,43,43.5,21,13900,604325,2010-04-05 00:00:00,1
2010-04-06 00:00:00,2010-04-06 00:00:00,44.5,2010-04-06 00:00:00,43.5,44,28,65600,2872650,2010-04-06 00:00:00,1
2010-04-07 00:00:00,2010-04-07 00:00:00,45.75,2010-04-07 00:00:00,44,44,45,106100,4699850,2010-04-07 00:00:00,1
2010-04-08 00:00:00,2010-04-08 00:00:00,45,2010-04-08 00:00:00,43.75,44.5,27,42000,1863800,2010-04-08 00:00:00,1
2010-04-12 00:00:00,2010-04-12 00:00:00,45,2010-04-12 00:00:00,44,44,36,62100,2788675,2010-04-12 00:00:00,1
2010-04-15 00:00:00,2010-04-15 00:00:00,45,2010-04-15 00:00:00,44.25,44.75,21,41300,1848900,2010-04-15 00:00:00,1
2010-04-16 00:00:00,2010-04-16 00:00:00,45,2010-04-16 00:00:00,44.25,45,31,66600,2985975,2010-04-16 00:00:00,1
2010-04-19 00:00:00,2010-04-19 00:00:00,45.5,2010-04-19 00:00:00,44.5,45,36,75000,3376400,2010-04-19 00:00:00,1
2010-04-20 00:00:00,2010-04-20 00:00:00,45.5,2010-04-20 00:00:00,44.5,45,33,294900,13405225,2010-04-20 00:00:00,1
2010-04-21 00:00:00,2010-04-21 00:00:00,45.5,2010-04-21 00:00:00,45,45.5,46,79400,3596875,2010-04-21 00:00:00,1
2010-04-22 00:00:00,2010-04-22 00:00:00,45.25,2010-04-22 00:00:00,45,45.25,12,8200,370550,2010-04-22 00:00:00,1
2010-04-23 00:00:00,2010-04-23 00:00:00,46.25,2010-04-23 00:00:00,45,46,50,70700,3226225,2010-04-23 00:00:00,1
2010-04-26 00:00:00,2010-04-26 00:00:00,46,2010-04-26 00:00:00,45.5,46,43,46200,2113875,2010-04-26 00:00:00,1
2010-04-27 00:00:00,2010-04-27 00:00:00,46.25,2010-04-27 00:00:00,45.5,45.5,35,46300,2118900,2010-04-27 00:00:00,1
2010-04-29 00:00:00,2010-04-29 00:00:00,49,2010-04-29 00:00:00,46,47.75,167,557200,26538500,2010-04-29 00:00:00,1
2010-04-30 00:00:00,2010-04-30 00:00:00,48.75,2010-04-30 00:00:00,47,47,21,30300,1448325,2010-04-30 00:00:00,1
2010-05-03 00:00:00,2010-05-03 00:00:00,47.5,2010-05-03 00:00:00,47,47.25,38,48900,2312375,2010-05-03 00:00:00,1
2010-05-04 00:00:00,2010-05-04 00:00:00,47.5,2010-05-04 00:00:00,46.5,47,28,36900,1731125,2010-05-04 00:00:00,1
2010-05-05 00:00:00,2010-05-05 00:00:00,48,2010-05-05 00:00:00,46.25,47,26,92000,4319975,2010-05-05 00:00:00,1
2010-05-06 00:00:00,2010-05-06 00:00:00,47.5,2010-05-06 00:00:00,47,47.25,34,185400,8751750,2010-05-06 00:00:00,1
2010-05-07 00:00:00,2010-05-07 00:00:00,47.5,2010-05-07 00:00:00,46.75,47,32,147300,6911050,2010-05-07 00:00:00,1
2010-05-10 00:00:00,2010-05-10 00:00:00,47.5,2010-05-10 00:00:00,47,47,29,176200,8290950,2010-05-10 00:00:00,1
2010-05-11 00:00:00,2010-05-11 00:00:00,47,2010-05-11 00:00:00,46.5,46.75,28,26000,1216550,2010-05-11 00:00:00,1
2010-05-12 00:00:00,2010-05-12 00:00:00,47,2010-05-12 00:00:00,46.5,46.5,18,52400,2452475,2010-05-12 00:00:00,1
2010-05-13 00:00:00,2010-05-13 00:00:00,46.5,2010-05-13 00:00:00,46.25,46.5,22,52000,2413925,2010-05-13 00:00:00,1
2010-05-14 00:00:00,2010-05-14 00:00:00,47.5,2010-05-14 00:00:00,46.25,47,38,69900,3276025,2010-05-14 00:00:00,1
2010-05-17 00:00:00,2010-05-17 00:00:00,47.5,2010-05-17 00:00:00,46.75,46.75,14,19100,898050,2010-05-17 00:00:00,1
2010-05-18 00:00:00,2010-05-18 00:00:00,46.75,2010-05-18 00:00:00,46.5,46.5,16,23500,1094225,2010-05-18 00:00:00,1
2010-05-19 00:00:00,2010-05-19 00:00:00,46.5,2010-05-19 00:00:00,45.5,46,20,30100,1387350,2010-05-19 00:00:00,1
2010-05-20 00:00:00,2010-05-20 00:00:00,45.5,2010-05-20 00:00:00,45,45.5,13,36100,1632825,2010-05-20 00:00:00,1
2010-05-21 00:00:00,2010-05-21 00:00:00,45.5,2010-05-21 00:00:00,45.5,45.5,3,3800,172900,2010-05-21 00:00:00,1
2010-05-24 00:00:00,2010-05-24 00:00:00,46.25,2010-05-24 00:00:00,45.5,45.5,34,54000,2472200,2010-05-24 00:00:00,1
2010-05-25 00:00:00,2010-05-25 00:00:00,45.75,2010-05-25 00:00:00,45.25,45.5,18,21000,954575,2010-05-25 00:00:00,1
2010-05-26 00:00:00,2010-05-26 00:00:00,46,2010-05-26 00:00:00,45.25,45.75,13,19700,899775,2010-05-26 00:00:00,1
2010-05-31 00:00:00,2010-05-31 00:00:00,46.75,2010-05-31 00:00:00,45.75,46.5,20,33800,1566125,2010-05-31 00:00:00,1
2010-06-01 00:00:00,2010-06-01 00:00:00,47.5,2010-06-01 00:00:00,46.75,46.75,12,25700,1208075,2010-06-01 00:00:00,1
2010-06-02 00:00:00,2010-06-02 00:00:00,46.75,2010-06-02 00:00:00,45.5,46,17,13900,639675,2010-06-02 00:00:00,1
2010-06-03 00:00:00,2010-06-03 00:00:00,47.25,2010-06-03 00:00:00,46.5,46.5,73,241500,11338450,2010-06-03 00:00:00,1
2010-06-04 00:00:00,2010-06-04 00:00:00,47,2010-06-04 00:00:00,46.5,46.5,15,25300,1177875,2010-06-04 00:00:00,1
2010-06-07 00:00:00,2010-06-07 00:00:00,46.75,2010-06-07 00:00:00,46.25,46.5,22,54400,2530875,2010-06-07 00:00:00,1
2010-06-08 00:00:00,2010-06-08 00:00:00,46.5,2010-06-08 00:00:00,46,46,32,54100,2503825,2010-06-08 00:00:00,1
2010-06-09 00:00:00,2010-06-09 00:00:00,48.75,2010-06-09 00:00:00,45.75,47.75,233,403000,19038600,2010-06-09 00:00:00,1
2010-06-10 00:00:00,2010-06-10 00:00:00,48,2010-06-10 00:00:00,46.75,46.75,42,48200,2277000,2010-06-10 00:00:00,1
2010-06-11 00:00:00,2010-06-11 00:00:00,48.5,2010-06-11 00:00:00,46.75,48.25,127,612700,29407525,2010-06-11 00:00:00,1
2010-06-14 00:00:00,2010-06-14 00:00:00,52.25,2010-06-14 00:00:00,48.5,51.5,436,1305600,66591175,2010-06-14 00:00:00,1
2010-06-15 00:00:00,2010-06-15 00:00:00,52.75,2010-06-15 00:00:00,50.75,51.75,191,477900,24561600,2010-06-15 00:00:00,1
2010-06-16 00:00:00,2010-06-16 00:00:00,51.25,2010-06-16 00:00:00,50.75,51,54,112300,5727225,2010-06-16 00:00:00,1
2010-06-17 00:00:00,2010-06-17 00:00:00,51,2010-06-17 00:00:00,49.5,50,98,305600,15311900,2010-06-17 00:00:00,1
2010-06-21 00:00:00,2010-06-21 00:00:00,51,2010-06-21 00:00:00,50,50,43,117200,5906800,2010-06-21 00:00:00,1
2010-06-22 00:00:00,2010-06-22 00:00:00,51.25,2010-06-22 00:00:00,49.75,50,59,115000,5785750,2010-06-22 00:00:00,1
2010-06-23 00:00:00,2010-06-23 00:00:00,50.5,2010-06-23 00:00:00,49.5,50.25,46,98700,4934950,2010-06-23 00:00:00,1
2010-06-24 00:00:00,2010-06-24 00:00:00,50.5,2010-06-24 00:00:00,49.75,50,34,46200,2313350,2010-06-24 00:00:00,1
2010-06-28 00:00:00,2010-06-28 00:00:00,50.5,2010-06-28 00:00:00,50,50.25,47,172300,8674550,2010-06-28 00:00:00,1
2010-06-29 00:00:00,2010-06-29 00:00:00,50.5,2010-06-29 00:00:00,50,50.5,40,93700,4704950,2010-06-29 00:00:00,1
2010-06-30 00:00:00,2010-06-30 00:00:00,52,2010-06-30 00:00:00,49.5,50.5,63,214200,10794225,2010-06-30 00:00:00,1
2010-07-01 00:00:00,2010-07-01 00:00:00,50.75,2010-07-01 00:00:00,50,50,56,182000,9171425,2010-07-01 00:00:00,1
2010-07-02 00:00:00,2010-07-02 00:00:00,50,2010-07-02 00:00:00,47,49,39,59600,2972675,2010-07-02 00:00:00,1
2010-07-05 00:00:00,2010-07-05 00:00:00,50,2010-07-05 00:00:00,48.5,49,13,49100,2405200,2010-07-05 00:00:00,1
2010-07-06 00:00:00,2010-07-06 00:00:00,49.5,2010-07-06 00:00:00,49,49,37,86900,4258600,2010-07-06 00:00:00,1
2010-07-07 00:00:00,2010-07-07 00:00:00,49,2010-07-07 00:00:00,48,48.75,36,130200,6326375,2010-07-07 00:00:00,1
2010-07-08 00:00:00,2010-07-08 00:00:00,50,2010-07-08 00:00:00,48.75,49.5,24,50600,2510725,2010-07-08 00:00:00,1
2010-07-09 00:00:00,2010-07-09 00:00:00,49,2010-07-09 00:00:00,48.75,49,29,108600,5299575,2010-07-09 00:00:00,1
2010-07-12 00:00:00,2010-07-12 00:00:00,49,2010-07-12 00:00:00,48.75,49,52,71800,3518050,2010-07-12 00:00:00,1
2010-07-13 00:00:00,2010-07-13 00:00:00,52.75,2010-07-13 00:00:00,49.5,51.5,188,379500,19385275,2010-07-13 00:00:00,1
2010-07-14 00:00:00,2010-07-14 00:00:00,51.5,2010-07-14 00:00:00,51,51.25,24,25500,1312025,2010-07-14 00:00:00,1
2010-07-15 00:00:00,2010-07-15 00:00:00,52,2010-07-15 00:00:00,51.25,51.5,27,42500,2196325,2010-07-15 00:00:00,1
2010-07-16 00:00:00,2010-07-16 00:00:00,52.25,2010-07-16 00:00:00,51.25,52,83,138500,7181625,2010-07-16 00:00:00,1
2010-07-19 00:00:00,2010-07-19 00:00:00,54,2010-07-19 00:00:00,52.5,53.75,138,233800,12539750,2010-07-19 00:00:00,1
2010-07-20 00:00:00,2010-07-20 00:00:00,54,2010-07-20 00:00:00,53.5,53.75,61,81000,4358275,2010-07-20 00:00:00,1
2010-07-21 00:00:00,2010-07-21 00:00:00,56,2010-07-21 00:00:00,53.25,55,163,320600,17500675,2010-07-21 00:00:00,1
2010-07-22 00:00:00,2010-07-22 00:00:00,58.75,2010-07-22 00:00:00,56,58.5,225,456300,26428450,2010-07-22 00:00:00,1
2010-07-23 00:00:00,2010-07-23 00:00:00,64.5,2010-07-23 00:00:00,58.75,63.25,402,985400,60974525,2010-07-23 00:00:00,1
2010-07-26 00:00:00,2010-07-26 00:00:00,67.5,2010-07-26 00:00:00,62.5,63.75,261,335200,21494550,2010-07-26 00:00:00,1
2010-07-27 00:00:00,2010-07-27 00:00:00,64,2010-07-27 00:00:00,61,62.75,148,166800,10386175,2010-07-27 00:00:00,1
2010-07-28 00:00:00,2010-07-28 00:00:00,66.5,2010-07-28 00:00:00,62,65.25,188,594900,38302425,2010-07-28 00:00:00,1
2010-07-29 00:00:00,2010-07-29 00:00:00,66.5,2010-07-29 00:00:00,62.75,63.25,84,152400,9706300,2010-07-29 00:00:00,1
2010-07-30 00:00:00,2010-07-30 00:00:00,65,2010-07-30 00:00:00,61.75,63,55,77100,4950725,2010-07-30 00:00:00,1
2010-08-02 00:00:00,2010-08-02 00:00:00,63.5,2010-08-02 00:00:00,61.8,61.9,42,28100,1744070,2010-08-02 00:00:00,1
2010-08-03 00:00:00,2010-08-03 00:00:00,62.1,2010-08-03 00:00:00,60,60.8,56,81200,4964670,2010-08-03 00:00:00,1
2010-08-04 00:00:00,2010-08-04 00:00:00,61,2010-08-04 00:00:00,59.9,60.1,51,47900,2875600,2010-08-04 00:00:00,1
2010-08-05 00:00:00,2010-08-05 00:00:00,61,2010-08-05 00:00:00,55.1,59.8,60,62500,3698070,2010-08-05 00:00:00,1
2010-08-06 00:00:00,2010-08-06 00:00:00,61,2010-08-06 00:00:00,59,59.8,102,205200,12254210,2010-08-06 00:00:00,1
2010-08-09 00:00:00,2010-08-09 00:00:00,64,2010-08-09 00:00:00,55,56.7,82,97500,5466150,2010-08-09 00:00:00,1
2010-08-10 00:00:00,2010-08-10 00:00:00,62.3,2010-08-10 00:00:00,54.1,62.3,96,250500,15313260,2010-08-10 00:00:00,1
2010-08-11 00:00:00,2010-08-11 00:00:00,65,2010-08-11 00:00:00,62.4,64.7,228,915800,58992040,2010-08-11 00:00:00,1
2010-08-12 00:00:00,2010-08-12 00:00:00,65.5,2010-08-12 00:00:00,61.2,64.9,47,111000,7185100,2010-08-12 00:00:00,1
2010-08-13 00:00:00,2010-08-13 00:00:00,66,2010-08-13 00:00:00,62.9,65.2,78,211900,13784440,2010-08-13 00:00:00,1
2010-08-16 00:00:00,2010-08-16 00:00:00,65.2,2010-08-16 00:00:00,63.5,63.8,30,24900,1596930,2010-08-16 00:00:00,1
2010-08-17 00:00:00,2010-08-17 00:00:00,64,2010-08-17 00:00:00,63,63.2,19,25100,1584380,2010-08-17 00:00:00,1
2010-08-18 00:00:00,2010-08-18 00:00:00,64,2010-08-18 00:00:00,62.5,63.6,22,17300,1101020,2010-08-18 00:00:00,1
2010-08-19 00:00:00,2010-08-19 00:00:00,64,2010-08-19 00:00:00,63,64,31,70800,4511260,2010-08-19 00:00:00,1
2010-08-20 00:00:00,2010-08-20 00:00:00,64.5,2010-08-20 00:00:00,63,64.2,24,45700,2922970,2010-08-20 00:00:00,1
2010-08-23 00:00:00,2010-08-23 00:00:00,64.8,2010-08-23 00:00:00,64.2,64.7,19,15500,1001140,2010-08-23 00:00:00,1
2010-08-25 00:00:00,2010-08-25 00:00:00,65.4,2010-08-25 00:00:00,64,64.2,41,48600,3135870,2010-08-25 00:00:00,1
2010-08-26 00:00:00,2010-08-26 00:00:00,65.4,2010-08-26 00:00:00,63.2,64.8,20,24600,1583750,2010-08-26 00:00:00,1
2010-08-27 00:00:00,2010-08-27 00:00:00,68.5,2010-08-27 00:00:00,66,67.5,166,243200,16443400,2010-08-27 00:00:00,1
2010-08-30 00:00:00,2010-08-30 00:00:00,67,2010-08-30 00:00:00,65,65.6,33,60700,4046120,2010-08-30 00:00:00,1
2010-08-31 00:00:00,2010-08-31 00:00:00,65.7,2010-08-31 00:00:00,65,65.3,32,30800,2012120,2010-08-31 00:00:00,1
2010-09-01 00:00:00,2010-09-01 00:00:00,65,2010-09-01 00:00:00,64.5,64.8,31,36800,2388720,2010-09-01 00:00:00,1
2010-09-02 00:00:00,2010-09-02 00:00:00,65.4,2010-09-02 00:00:00,64.7,65,41,64600,4197140,2010-09-02 00:00:00,1
2010-09-03 00:00:00,2010-09-03 00:00:00,69.5,2010-09-03 00:00:00,66,67.7,79,470500,31209310,2010-09-03 00:00:00,1
2010-09-06 00:00:00,2010-09-06 00:00:00,68,2010-09-06 00:00:00,66,66.1,32,54600,3659590,2010-09-06 00:00:00,1
2010-09-07 00:00:00,2010-09-07 00:00:00,67.5,2010-09-07 00:00:00,66,67,38,99100,6598290,2010-09-07 00:00:00,1
2010-09-08 00:00:00,2010-09-08 00:00:00,73.7,2010-09-08 00:00:00,67,73.2,270,442500,31188580,2010-09-08 00:00:00,1
2010-09-09 00:00:00,2010-09-09 00:00:00,79,2010-09-09 00:00:00,74,76.8,264,348600,26933710,2010-09-09 00:00:00,1
2010-09-13 00:00:00,2010-09-13 00:00:00,84.4,2010-09-13 00:00:00,76,83.6,376,605200,49194800,2010-09-13 00:00:00,1
2010-09-14 00:00:00,2010-09-14 00:00:00,88.5,2010-09-14 00:00:00,80.1,85.3,333,530400,45456810,2010-09-14 00:00:00,1
2010-09-15 00:00:00,2010-09-15 00:00:00,86.1,2010-09-15 00:00:00,80,84.6,120,179800,15167640,2010-09-15 00:00:00,1
2010-09-16 00:00:00,2010-09-16 00:00:00,87,2010-09-16 00:00:00,82,83,66,64500,5416280,2010-09-16 00:00:00,1
2010-09-17 00:00:00,2010-09-17 00:00:00,86,2010-09-17 00:00:00,82,84.3,73,135700,11445410,2010-09-17 00:00:00,1
2010-09-20 00:00:00,2010-09-20 00:00:00,90,2010-09-20 00:00:00,83.9,84.9,64,64000,5421130,2010-09-20 00:00:00,1
2010-09-21 00:00:00,2010-09-21 00:00:00,109.9,2010-09-21 00:00:00,85,105.5,618,1188700,113100780,2010-09-21 00:00:00,1
2010-09-23 00:00:00,2010-09-23 00:00:00,109,2010-09-23 00:00:00,99,101.8,160,183900,18638120,2010-09-23 00:00:00,1
2010-09-24 00:00:00,2010-09-24 00:00:00,100.1,2010-09-24 00:00:00,95.3,96,157,173400,16751360,2010-09-24 00:00:00,1
2010-09-27 00:00:00,2010-09-27 00:00:00,98,2010-09-27 00:00:00,93,95,119,208000,19728780,2010-09-27 00:00:00,1
2010-09-28 00:00:00,2010-09-28 00:00:00,94,2010-09-28 00:00:00,92,92.2,62,145900,13556820,2010-09-28 00:00:00,1
2010-09-29 00:00:00,2010-09-29 00:00:00,92.5,2010-09-29 00:00:00,90,91.1,61,65200,5920560,2010-09-29 00:00:00,1
2010-09-30 00:00:00,2010-09-30 00:00:00,103.5,2010-09-30 00:00:00,91,100.3,275,366700,35963710,2010-09-30 00:00:00,1
2010-10-01 00:00:00,2010-10-01 00:00:00,103,2010-10-01 00:00:00,98,99.8,83,109500,10907310,2010-10-01 00:00:00,1
2010-10-04 00:00:00,2010-10-04 00:00:00,101,2010-10-04 00:00:00,97,99.5,98,95600,9556300,2010-10-04 00:00:00,1
2010-10-05 00:00:00,2010-10-05 00:00:00,98.9,2010-10-05 00:00:00,95,95.3,57,56800,5424570,2010-10-05 00:00:00,1
2010-10-06 00:00:00,2010-10-06 00:00:00,96,2010-10-06 00:00:00,91.1,92.2,74,82300,7646060,2010-10-06 00:00:00,1
2010-10-07 00:00:00,2010-10-07 00:00:00,95,2010-10-07 00:00:00,90,90.3,95,111800,10295060,2010-10-07 00:00:00,1
2010-10-08 00:00:00,2010-10-08 00:00:00,94,2010-10-08 00:00:00,90,93.6,90,122900,11163680,2010-10-08 00:00:00,1
2010-10-11 00:00:00,2010-10-11 00:00:00,95,2010-10-11 00:00:00,90,90.2,134,107100,9738910,2010-10-11 00:00:00,1
2010-10-12 00:00:00,2010-10-12 00:00:00,90,2010-10-12 00:00:00,88.5,88.8,79,172400,15377290,2010-10-12 00:00:00,1
2010-10-13 00:00:00,2010-10-13 00:00:00,92,2010-10-13 00:00:00,80,89.8,149,170300,14649740,2010-10-13 00:00:00,1
2010-10-14 00:00:00,2010-10-14 00:00:00,92,2010-10-14 00:00:00,86.4,86.5,41,24400,2158640,2010-10-14 00:00:00,1
2010-10-15 00:00:00,2010-10-15 00:00:00,88,2010-10-15 00:00:00,86,87.7,25,28000,2419520,2010-10-15 00:00:00,1
2010-10-18 00:00:00,2010-10-18 00:00:00,86.7,2010-10-18 00:00:00,85.6,86.4,20,11200,965540,2010-10-18 00:00:00,1
2010-10-19 00:00:00,2010-10-19 00:00:00,89.9,2010-10-19 00:00:00,86.2,87.6,12,6600,581910,2010-10-19 00:00:00,1
2010-10-20 00:00:00,2010-10-20 00:00:00,90,2010-10-20 00:00:00,88,89.8,70,148400,13341960,2010-10-20 00:00:00,1
2010-10-21 00:00:00,2010-10-21 00:00:00,95,2010-10-21 00:00:00,90,92.7,161,137700,12749800,2010-10-21 00:00:00,1
2010-10-25 00:00:00,2010-10-25 00:00:00,91,2010-10-25 00:00:00,89,89.4,34,18700,1683040,2010-10-25 00:00:00,1
2010-10-26 00:00:00,2010-10-26 00:00:00,89.5,2010-10-26 00:00:00,86.5,87.4,28,18300,1603050,2010-10-26 00:00:00,1
2010-10-27 00:00:00,2010-10-27 00:00:00,88.5,2010-10-27 00:00:00,85.5,88,37,41600,3610450,2010-10-27 00:00:00,1
2010-10-28 00:00:00,2010-10-28 00:00:00,89.9,2010-10-28 00:00:00,87.5,88,39,39000,3442990,2010-10-28 00:00:00,1
2010-10-29 00:00:00,2010-10-29 00:00:00,90,2010-10-29 00:00:00,87,89,19,24200,2157740,2010-10-29 00:00:00,1
2010-11-01 00:00:00,2010-11-01 00:00:00,92,2010-11-01 00:00:00,88,89.9,70,116000,10568010,2010-11-01 00:00:00,1
2010-11-02 00:00:00,2010-11-02 00:00:00,94.5,2010-11-02 00:00:00,89.5,91.7,35,57600,5244640,2010-11-02 00:00:00,1
2010-11-03 00:00:00,2010-11-03 00:00:00,90,2010-11-03 00:00:00,88.1,88.4,10,8500,754920,2010-11-03 00:00:00,1
2010-11-04 00:00:00,2010-11-04 00:00:00,90,2010-11-04 00:00:00,88,90,30,29600,2657320,2010-11-04 00:00:00,1
2010-11-08 00:00:00,2010-11-08 00:00:00,90,2010-11-08 00:00:00,89,89,5,7500,668350,2010-11-08 00:00:00,1
2010-11-09 00:00:00,2010-11-09 00:00:00,89.9,2010-11-09 00:00:00,87.7,88,27,78000,6906970,2010-11-09 00:00:00,1
2010-11-10 00:00:00,2010-11-10 00:00:00,88,2010-11-10 00:00:00,86.1,86.6,46,89900,7823340,2010-11-10 00:00:00,1
2010-11-11 00:00:00,2010-11-11 00:00:00,90.1,2010-11-11 00:00:00,86.9,89.3,44,81200,7188230,2010-11-11 00:00:00,1
2010-11-12 00:00:00,2010-11-12 00:00:00,91,2010-11-12 00:00:00,89.1,90.1,23,41600,3745270,2010-11-12 00:00:00,1
2010-11-15 00:00:00,2010-11-15 00:00:00,90.5,2010-11-15 00:00:00,86.4,89.6,40,68200,6108340,2010-11-15 00:00:00,1
2010-11-16 00:00:00,2010-11-16 00:00:00,89,2010-11-16 00:00:00,88.1,89,24,38600,3427570,2010-11-16 00:00:00,1
2010-11-18 00:00:00,2010-11-18 00:00:00,93.3,2010-11-18 00:00:00,88.5,93,102,127300,11828860,2010-11-18 00:00:00,1
2010-11-22 00:00:00,2010-11-22 00:00:00,95.1,2010-11-22 00:00:00,92,94.3,65,97400,9134840,2010-11-22 00:00:00,1
2010-11-23 00:00:00,2010-11-23 00:00:00,95.5,2010-11-23 00:00:00,90.2,95,150,280000,26568390,2010-11-23 00:00:00,1
2010-11-24 00:00:00,2010-11-24 00:00:00,95.5,2010-11-24 00:00:00,95,95,38,55900,5312940,2010-11-24 00:00:00,1
2010-11-25 00:00:00,2010-11-25 00:00:00,95,2010-11-25 00:00:00,93,93,21,122700,11655190,2010-11-25 00:00:00,1
2010-11-26 00:00:00,2010-11-26 00:00:00,93,2010-11-26 00:00:00,91.6,91.9,5,2400,221920,2010-11-26 00:00:00,1
2010-11-29 00:00:00,2010-11-29 00:00:00,91.6,2010-11-29 00:00:00,90.3,90.3,35,39700,3611420,2010-11-29 00:00:00,1
2010-11-30 00:00:00,2010-11-30 00:00:00,93,2010-11-30 00:00:00,90.9,93,58,89300,8263280,2010-11-30 00:00:00,1
2010-12-01 00:00:00,2010-12-01 00:00:00,98.9,2010-12-01 00:00:00,94.4,98.3,92,199800,19506460,2010-12-01 00:00:00,1
2010-12-02 00:00:00,2010-12-02 00:00:00,99,2010-12-02 00:00:00,95.7,97.5,68,166900,16317680,2010-12-02 00:00:00,1
2010-12-03 00:00:00,2010-12-03 00:00:00,98,2010-12-03 00:00:00,96,96,25,20700,2007600,2010-12-03 00:00:00,1
2010-12-06 00:00:00,2010-12-06 00:00:00,96.9,2010-12-06 00:00:00,94,95,12,5200,495410,2010-12-06 00:00:00,1
2010-12-07 00:00:00,2010-12-07 00:00:00,93,2010-12-07 00:00:00,92,93,11,6800,626550,2010-12-07 00:00:00,1
2010-12-08 00:00:00,2010-12-08 00:00:00,95,2010-12-08 00:00:00,92.2,93,18,17500,1645200,2010-12-08 00:00:00,1
2010-12-09 00:00:00,2010-12-09 00:00:00,93,2010-12-09 00:00:00,92,92,23,23200,2150870,2010-12-09 00:00:00,1
2010-12-10 00:00:00,2010-12-10 00:00:00,93.5,2010-12-10 00:00:00,93,93,12,20300,1888150,2010-12-10 00:00:00,1
2010-12-13 00:00:00,2010-12-13 00:00:00,93,2010-12-13 00:00:00,91,91.1,13,3400,310290,2010-12-13 00:00:00,1
2010-12-14 00:00:00,2010-12-14 00:00:00,91,2010-12-14 00:00:00,90.5,90.6,16,20500,1856430,2010-12-14 00:00:00,1
2010-12-15 00:00:00,2010-12-15 00:00:00,95,2010-12-15 00:00:00,92,94.8,24,57500,5452700,2010-12-15 00:00:00,1
2010-12-16 00:00:00,2010-12-16 00:00:00,94,2010-12-16 00:00:00,91.5,94,17,78600,7383250,2010-12-16 00:00:00,1
2010-12-17 00:00:00,2010-12-17 00:00:00,95,2010-12-17 00:00:00,94,94.6,20,22500,2119100,2010-12-17 00:00:00,1
2010-12-21 00:00:00,2010-12-21 00:00:00,95,2010-12-21 00:00:00,95,95,12,18900,1795500,2010-12-21 00:00:00,1
2010-12-22 00:00:00,2010-12-22 00:00:00,96,2010-12-22 00:00:00,95,95.9,12,8700,828420,2010-12-22 00:00:00,1
2010-12-23 00:00:00,2010-12-23 00:00:00,97.9,2010-12-23 00:00:00,96,97.2,13,41800,4016500,2010-12-23 00:00:00,1
2010-12-24 00:00:00,2010-12-24 00:00:00,96.1,2010-12-24 00:00:00,96,96,5,6100,585710,2010-12-24 00:00:00,1
2010-12-27 00:00:00,2010-12-27 00:00:00,97.5,2010-12-27 00:00:00,96,97.4,50,240300,23418570,2010-12-27 00:00:00,1
2010-12-28 00:00:00,2010-12-28 00:00:00,98,2010-12-28 00:00:00,96.1,96.4,23,10800,1044460,2010-12-28 00:00:00,1
2010-12-29 00:00:00,2010-12-29 00:00:00,97.5,2010-12-29 00:00:00,92.1,97,41,42000,4026000,2010-12-29 00:00:00,1
2010-12-30 00:00:00,2010-12-30 00:00:00,96.9,2010-12-30 00:00:00,92.2,95.1,22,12400,1173930,2010-12-30 00:00:00,1
2010-12-31 00:00:00,2010-12-31 00:00:00,101,2010-12-31 00:00:00,97.1,99.9,76,126200,12590410,2010-12-31 00:00:00,1
Company Id :  CIND,,Security Type :  N,,Sub Type :  0000,,,,,,
Short Name :  CENTRAL IND.,,,,,,,,,,
Day,Date High,High,Date Low,Low,Closing,No. of Trades,No. of Shares,Turnover,Last Traded,Days Traded
2010-01-12 00:00:00,2010-01-12 00:00:00,155,2010-01-12 00:00:00,155,155,1,100,15500,2010-01-12 00:00:00,1
2010-01-13 00:00:00,2010-01-13 00:00:00,152.5,2010-01-13 00:00:00,152.5,152.5,1,800,122000,2010-01-13 00:00:00,1
2010-01-18 00:00:00,2010-01-18 00:00:00,163,2010-01-18 00:00:00,160,161,2,300,48300,2010-01-18 00:00:00,1
2010-01-19 00:00:00,2010-01-19 00:00:00,150,2010-01-19 00:00:00,150,150,1,100,15000,2010-01-19 00:00:00,1
2010-01-20 00:00:00,2010-01-20 00:00:00,163,2010-01-20 00:00:00,163,163,1,100,16300,2010-01-20 00:00:00,1
2010-02-05 00:00:00,2010-02-05 00:00:00,165,2010-02-05 00:00:00,165,165,1,800,132000,2010-02-05 00:00:00,1
2010-02-08 00:00:00,2010-02-08 00:00:00,175,2010-02-08 00:00:00,175,175,2,300,52500,2010-02-08 00:00:00,1
2010-02-09 00:00:00,2010-02-09 00:00:00,170,2010-02-09 00:00:00,165,170,3,400,66500,2010-02-09 00:00:00,1
2010-02-11 00:00:00,2010-02-11 00:00:00,180,2010-02-11 00:00:00,170,172.75,5,1600,276200,2010-02-11 00:00:00,1
2010-02-15 00:00:00,2010-02-15 00:00:00,175.25,2010-02-15 00:00:00,175.25,175.25,1,100,17525,2010-02-15 00:00:00,1
2010-02-16 00:00:00,2010-02-16 00:00:00,175,2010-02-16 00:00:00,174,174.5,2,200,34900,2010-02-16 00:00:00,1
2010-02-17 00:00:00,2010-02-17 00:00:00,195,2010-02-17 00:00:00,180,190,7,800,151025,2010-02-17 00:00:00,1
2010-02-18 00:00:00,2010-02-18 00:00:00,250,2010-02-18 00:00:00,199.75,230,53,672900,154743275,2010-02-18 00:00:00,1
2010-02-19 00:00:00,2010-02-19 00:00:00,245,2010-02-19 00:00:00,230,230,5,1000,234500,2010-02-19 00:00:00,1
2010-02-22 00:00:00,2010-02-22 00:00:00,230,2010-02-22 00:00:00,230,230,4,1800,414000,2010-02-22 00:00:00,1
2010-02-23 00:00:00,2010-02-23 00:00:00,239.5,2010-02-23 00:00:00,239.5,239.5,3,1100,263450,2010-02-23 00:00:00,1
2010-03-01 00:00:00,2010-03-01 00:00:00,230,2010-03-01 00:00:00,230,230,2,600,138000,2010-03-01 00:00:00,1
2010-03-02 00:00:00,2010-03-02 00:00:00,239,2010-03-02 00:00:00,239,239,2,1000,239000,2010-03-02 00:00:00,1
2010-03-08 00:00:00,2010-03-08 00:00:00,235,2010-03-08 00:00:00,235,235,1,1000,235000,2010-03-08 00:00:00,1
2010-03-10 00:00:00,2010-03-10 00:00:00,218,2010-03-10 00:00:00,218,218,1,100,21800,2010-03-10 00:00:00,1
2010-03-11 00:00:00,2010-03-11 00:00:00,218,2010-03-11 00:00:00,218,218,2,400,87200,2010-03-11 00:00:00,1
2010-03-18 00:00:00,2010-03-18 00:00:00,218,2010-03-18 00:00:00,218,218,1,100,21800,2010-03-18 00:00:00,1
2010-03-22 00:00:00,2010-03-22 00:00:00,218,2010-03-22 00:00:00,218,218,1,100,21800,2010-03-22 00:00:00,1
2010-03-23 00:00:00,2010-03-23 00:00:00,218,2010-03-23 00:00:00,218,218,4,700,152600,2010-03-23 00:00:00,1
2010-03-30 00:00:00,2010-03-30 00:00:00,240,2010-03-30 00:00:00,218,234.25,6,1700,398300,2010-03-30 00:00:00,1
2010-03-31 00:00:00,2010-03-31 00:00:00,235,2010-03-31 00:00:00,220,220,5,3000,688000,2010-03-31 00:00:00,1
2010-04-06 00:00:00,2010-04-06 00:00:00,220,2010-04-06 00:00:00,220,220,1,200,44000,2010-04-06 00:00:00,1
2010-04-07 00:00:00,2010-04-07 00:00:00,230,2010-04-07 00:00:00,230,230,2,200,46000,2010-04-07 00:00:00,1
2010-04-08 00:00:00,2010-04-08 00:00:00,230,2010-04-08 00:00:00,230,230,2,1800,414000,2010-04-08 00:00:00,1
2010-04-12 00:00:00,2010-04-12 00:00:00,237.75,2010-04-12 00:00:00,235,235,6,2300,541325,2010-04-12 00:00:00,1
2010-04-16 00:00:00,2010-04-16 00:00:00,237.75,2010-04-16 00:00:00,237.75,237.75,1,100,23775,2010-04-16 00:00:00,1
2010-04-22 00:00:00,2010-04-22 00:00:00,245,2010-04-22 00:00:00,239,241.75,4,1500,362750,2010-04-22 00:00:00,1
2010-05-03 00:00:00,2010-05-03 00:00:00,240.25,2010-05-03 00:00:00,240.25,240.25,1,900,216225,2010-05-03 00:00:00,1
2010-05-05 00:00:00,2010-05-05 00:00:00,240,2010-05-05 00:00:00,240,240,1,100,24000,2010-05-05 00:00:00,1
2010-05-06 00:00:00,2010-05-06 00:00:00,210.75,2010-05-06 00:00:00,210.75,210.75,1,100,21075,2010-05-06 00:00:00,1
2010-05-07 00:00:00,2010-05-07 00:00:00,240,2010-05-07 00:00:00,240,240,5,2900,696000,2010-05-07 00:00:00,1
2010-05-19 00:00:00,2010-05-19 00:00:00,240.25,2010-05-19 00:00:00,240,240,3,4300,1032075,2010-05-19 00:00:00,1
2010-06-01 00:00:00,2010-06-01 00:00:00,240,2010-06-01 00:00:00,240,240,1,1000,240000,2010-06-01 00:00:00,1
2010-06-07 00:00:00,2010-06-07 00:00:00,240,2010-06-07 00:00:00,238,239.25,2,1500,359000,2010-06-07 00:00:00,1
2010-06-10 00:00:00,2010-06-10 00:00:00,239.25,2010-06-10 00:00:00,235,239.25,2,3600,857050,2010-06-10 00:00:00,1
2010-06-11 00:00:00,2010-06-11 00:00:00,240,2010-06-11 00:00:00,235,239,3,600,143500,2010-06-11 00:00:00,1
2010-06-14 00:00:00,2010-06-14 00:00:00,269,2010-06-14 00:00:00,240,252.5,16,7500,1841100,2010-06-14 00:00:00,1
2010-06-15 00:00:00,2010-06-15 00:00:00,300,2010-06-15 00:00:00,260,265,24,20200,5446600,2010-06-15 00:00:00,1
2010-06-21 00:00:00,2010-06-21 00:00:00,270,2010-06-21 00:00:00,270,270,1,15000,4050000,2010-06-21 00:00:00,1
2010-06-22 00:00:00,2010-06-22 00:00:00,267,2010-06-22 00:00:00,267,267,1,500,133500,2010-06-22 00:00:00,1
2010-06-23 00:00:00,2010-06-23 00:00:00,270,2010-06-23 00:00:00,270,270,1,2500,675000,2010-06-23 00:00:00,1
2010-06-24 00:00:00,2010-06-24 00:00:00,270,2010-06-24 00:00:00,270,270,1,2500,675000,2010-06-24 00:00:00,1
2010-06-28 00:00:00,2010-06-28 00:00:00,270,2010-06-28 00:00:00,270,270,7,7200,1944000,2010-06-28 00:00:00,1
2010-06-29 00:00:00,2010-06-29 00:00:00,300,2010-06-29 00:00:00,270,282,7,39700,10873000,2010-06-29 00:00:00,1
2010-06-30 00:00:00,2010-06-30 00:00:00,300,2010-06-30 00:00:00,280,287.5,2,800,230000,2010-06-30 00:00:00,1
2010-07-01 00:00:00,2010-07-01 00:00:00,280,2010-07-01 00:00:00,280,280,1,100,28000,2010-07-01 00:00:00,1
2010-07-02 00:00:00,2010-07-02 00:00:00,281,2010-07-02 00:00:00,280,280,2,300,84100,2010-07-02 00:00:00,1
2010-07-07 00:00:00,2010-07-07 00:00:00,285,2010-07-07 00:00:00,271.5,280,9,22300,6260425,2010-07-07 00:00:00,1
2010-07-15 00:00:00,2010-07-15 00:00:00,275,2010-07-15 00:00:00,275,275,2,1000,275000,2010-07-15 00:00:00,1
2010-07-20 00:00:00,2010-07-20 00:00:00,269,2010-07-20 00:00:00,269,269,1,200,53800,2010-07-20 00:00:00,1
2010-07-21 00:00:00,2010-07-21 00:00:00,280,2010-07-21 00:00:00,275,276.75,2,5500,1522500,2010-07-21 00:00:00,1
2010-07-23 00:00:00,2010-07-23 00:00:00,270,2010-07-23 00:00:00,270,270,1,100,27000,2010-07-23 00:00:00,1
2010-07-26 00:00:00,2010-07-26 00:00:00,280,2010-07-26 00:00:00,275,275,10,20100,5549850,2010-07-26 00:00:00,1
2010-07-27 00:00:00,2010-07-27 00:00:00,275,2010-07-27 00:00:00,274.75,275,2,200,54975,2010-07-27 00:00:00,1
2010-07-28 00:00:00,2010-07-28 00:00:00,290,2010-07-28 00:00:00,275,275,4,5100,1443000,2010-07-28 00:00:00,1
2010-07-29 00:00:00,2010-07-29 00:00:00,280,2010-07-29 00:00:00,275,280,7,9700,2715500,2010-07-29 00:00:00,1
2010-07-30 00:00:00,2010-07-30 00:00:00,310,2010-07-30 00:00:00,290.25,301.25,27,49000,14671375,2010-07-30 00:00:00,1
2010-08-02 00:00:00,2010-08-02 00:00:00,349,2010-08-02 00:00:00,318,325.2,28,20900,6805700,2010-08-02 00:00:00,1
2010-08-03 00:00:00,2010-08-03 00:00:00,350,2010-08-03 00:00:00,340,349.8,46,26800,9355600,2010-08-03 00:00:00,1
2010-08-04 00:00:00,2010-08-04 00:00:00,385,2010-08-04 00:00:00,345,358.9,80,23600,8611720,2010-08-04 00:00:00,1
2010-08-05 00:00:00,2010-08-05 00:00:00,360,2010-08-05 00:00:00,324,344.2,57,39200,13343200,2010-08-05 00:00:00,1
2010-08-06 00:00:00,2010-08-06 00:00:00,360,2010-08-06 00:00:00,350,350.1,19,8100,2848380,2010-08-06 00:00:00,1
2010-08-09 00:00:00,2010-08-09 00:00:00,340,2010-08-09 00:00:00,330,333.1,16,3600,1204900,2010-08-09 00:00:00,1
2010-08-10 00:00:00,2010-08-10 00:00:00,349.9,2010-08-10 00:00:00,325.1,349.9,11,1300,434320,2010-08-10 00:00:00,1
2010-08-11 00:00:00,2010-08-11 00:00:00,350,2010-08-11 00:00:00,336,336,3,1200,405990,2010-08-11 00:00:00,1
2010-08-12 00:00:00,2010-08-12 00:00:00,336,2010-08-12 00:00:00,319.9,320,29,4700,1511990,2010-08-12 00:00:00,1
2010-08-13 00:00:00,2010-08-13 00:00:00,315,2010-08-13 00:00:00,315,315,36,9000,2835000,2010-08-13 00:00:00,1
2010-08-16 00:00:00,2010-08-16 00:00:00,316,2010-08-16 00:00:00,315,315.8,4,600,189500,2010-08-16 00:00:00,1
2010-08-17 00:00:00,2010-08-17 00:00:00,315.1,2010-08-17 00:00:00,315,315.1,8,1800,567020,2010-08-17 00:00:00,1
2010-08-18 00:00:00,2010-08-18 00:00:00,339.5,2010-08-18 00:00:00,334,334.9,7,900,301840,2010-08-18 00:00:00,1
2010-08-19 00:00:00,2010-08-19 00:00:00,340,2010-08-19 00:00:00,339,339.3,4,400,135700,2010-08-19 00:00:00,1
2010-08-23 00:00:00,2010-08-23 00:00:00,345,2010-08-23 00:00:00,307.2,307.2,2,300,95940,2010-08-23 00:00:00,1
2010-08-26 00:00:00,2010-08-26 00:00:00,307,2010-08-26 00:00:00,300,300,5,1700,510730,2010-08-26 00:00:00,1
2010-08-27 00:00:00,2010-08-27 00:00:00,329,2010-08-27 00:00:00,329,329,1,200,65800,2010-08-27 00:00:00,1
2010-08-30 00:00:00,2010-08-30 00:00:00,329,2010-08-30 00:00:00,315,322,2,200,64400,2010-08-30 00:00:00,1
2010-08-31 00:00:00,2010-08-31 00:00:00,330,2010-08-31 00:00:00,327,328.9,5,2800,920800,2010-08-31 00:00:00,1
2010-09-01 00:00:00,2010-09-01 00:00:00,315,2010-09-01 00:00:00,315,315,1,100,31500,2010-09-01 00:00:00,1
2010-09-02 00:00:00,2010-09-02 00:00:00,315,2010-09-02 00:00:00,315,315,2,500,157500,2010-09-02 00:00:00,1
2010-09-03 00:00:00,2010-09-03 00:00:00,330,2010-09-03 00:00:00,330,330,1,100,33000,2010-09-03 00:00:00,1
2010-09-06 00:00:00,2010-09-06 00:00:00,339,2010-09-06 00:00:00,338,338,4,700,236800,2010-09-06 00:00:00,1
2010-09-07 00:00:00,2010-09-07 00:00:00,340,2010-09-07 00:00:00,339.9,340,2,300,101990,2010-09-07 00:00:00,1
2010-09-08 00:00:00,2010-09-08 00:00:00,350,2010-09-08 00:00:00,348,348.9,5,600,209490,2010-09-08 00:00:00,1
2010-09-09 00:00:00,2010-09-09 00:00:00,340,2010-09-09 00:00:00,340,340,2,300,102000,2010-09-09 00:00:00,1
2010-09-15 00:00:00,2010-09-15 00:00:00,349,2010-09-15 00:00:00,340,340,5,500,170900,2010-09-15 00:00:00,1
2010-09-16 00:00:00,2010-09-16 00:00:00,360,2010-09-16 00:00:00,350,350.7,4,2900,1017000,2010-09-16 00:00:00,1
2010-09-17 00:00:00,2010-09-17 00:00:00,357,2010-09-17 00:00:00,354,355.4,3,500,177700,2010-09-17 00:00:00,1
2010-09-20 00:00:00,2010-09-20 00:00:00,340,2010-09-20 00:00:00,340,340,1,100,34000,2010-09-20 00:00:00,1
2010-09-21 00:00:00,2010-09-21 00:00:00,340,2010-09-21 00:00:00,340,340,2,200,68000,2010-09-21 00:00:00,1
2010-09-23 00:00:00,2010-09-23 00:00:00,345,2010-09-23 00:00:00,335.1,335.1,2,300,101520,2010-09-23 00:00:00,1
2010-09-24 00:00:00,2010-09-24 00:00:00,370,2010-09-24 00:00:00,353,369,15,5200,1872400,2010-09-24 00:00:00,1
2010-09-27 00:00:00,2010-09-27 00:00:00,360,2010-09-27 00:00:00,351.1,355.9,19,4700,1683760,2010-09-27 00:00:00,1
2010-09-28 00:00:00,2010-09-28 00:00:00,370,2010-09-28 00:00:00,340,356.3,17,3500,1260000,2010-09-28 00:00:00,1
2010-09-29 00:00:00,2010-09-29 00:00:00,345.2,2010-09-29 00:00:00,345,345.1,5,2500,862940,2010-09-29 00:00:00,1
2010-09-30 00:00:00,2010-09-30 00:00:00,355,2010-09-30 00:00:00,355,355,2,200,71000,2010-09-30 00:00:00,1
2010-10-01 00:00:00,2010-10-01 00:00:00,360,2010-10-01 00:00:00,355,355,3,800,287500,2010-10-01 00:00:00,1
2010-10-04 00:00:00,2010-10-04 00:00:00,360,2010-10-04 00:00:00,355,360,4,1700,610500,2010-10-04 00:00:00,1
2010-10-05 00:00:00,2010-10-05 00:00:00,365,2010-10-05 00:00:00,350,352.1,8,10600,3715490,2010-10-05 00:00:00,1
2010-10-06 00:00:00,2010-10-06 00:00:00,369,2010-10-06 00:00:00,364,364.3,2,1900,692100,2010-10-06 00:00:00,1
2010-10-07 00:00:00,2010-10-07 00:00:00,360,2010-10-07 00:00:00,335,359.4,4,7800,2803000,2010-10-07 00:00:00,1
2010-10-08 00:00:00,2010-10-08 00:00:00,350,2010-10-08 00:00:00,350,350,1,10000,3500000,2010-10-08 00:00:00,1
2010-10-11 00:00:00,2010-10-11 00:00:00,380,2010-10-11 00:00:00,375,377,5,700,264500,2010-10-11 00:00:00,1
2010-10-12 00:00:00,2010-10-12 00:00:00,330,2010-10-12 00:00:00,330,330,1,200,66000,2010-10-12 00:00:00,1
2010-10-13 00:00:00,2010-10-13 00:00:00,350,2010-10-13 00:00:00,311,337,2,300,101100,2010-10-13 00:00:00,1
2010-10-14 00:00:00,2010-10-14 00:00:00,365,2010-10-14 00:00:00,340,340,3,400,142500,2010-10-14 00:00:00,1
2010-10-15 00:00:00,2010-10-15 00:00:00,325,2010-10-15 00:00:00,325,325,1,400,130000,2010-10-15 00:00:00,1
2010-10-18 00:00:00,2010-10-18 00:00:00,340,2010-10-18 00:00:00,340,340,1,300,102000,2010-10-18 00:00:00,1
2010-10-19 00:00:00,2010-10-19 00:00:00,340,2010-10-19 00:00:00,335,335,2,300,101000,2010-10-19 00:00:00,1
2010-10-20 00:00:00,2010-10-20 00:00:00,320,2010-10-20 00:00:00,320,320,1,100,32000,2010-10-20 00:00:00,1
2010-10-21 00:00:00,2010-10-21 00:00:00,330,2010-10-21 00:00:00,324,330,2,400,131400,2010-10-21 00:00:00,1
2010-10-28 00:00:00,2010-10-28 00:00:00,110,2010-10-28 00:00:00,110,110,2,200,22000,2010-10-28 00:00:00,1
2010-10-29 00:00:00,2010-10-29 00:00:00,110,2010-10-29 00:00:00,110,110,8,1400,154000,2010-10-29 00:00:00,1
2010-11-01 00:00:00,2010-11-01 00:00:00,109.5,2010-11-01 00:00:00,106,109,9,1800,191450,2010-11-01 00:00:00,1
2010-11-02 00:00:00,2010-11-02 00:00:00,109,2010-11-02 00:00:00,107.5,108,5,1300,140700,2010-11-02 00:00:00,1
2010-11-04 00:00:00,2010-11-04 00:00:00,108,2010-11-04 00:00:00,108,108,1,300,32400,2010-11-04 00:00:00,1
2010-11-08 00:00:00,2010-11-08 00:00:00,106,2010-11-08 00:00:00,105,105,3,500,52600,2010-11-08 00:00:00,1
2010-11-09 00:00:00,2010-11-09 00:00:00,105,2010-11-09 00:00:00,105,105,2,700,73500,2010-11-09 00:00:00,1
2010-11-15 00:00:00,2010-11-15 00:00:00,97,2010-11-15 00:00:00,97,97,1,1000,97000,2010-11-15 00:00:00,1
2010-11-16 00:00:00,2010-11-16 00:00:00,95,2010-11-16 00:00:00,95,95,1,200,19000,2010-11-16 00:00:00,1
2010-11-18 00:00:00,2010-11-18 00:00:00,95,2010-11-18 00:00:00,95,95,1,200,19000,2010-11-18 00:00:00,1
2010-11-22 00:00:00,2010-11-22 00:00:00,99,2010-11-22 00:00:00,94.9,97,3,900,86670,2010-11-22 00:00:00,1
2010-11-24 00:00:00,2010-11-24 00:00:00,95,2010-11-24 00:00:00,92.1,93.6,2,200,18710,2010-11-24 00:00:00,1
2010-11-25 00:00:00,2010-11-25 00:00:00,99,2010-11-25 00:00:00,97,97,3,1000,97200,2010-11-25 00:00:00,1
2010-11-26 00:00:00,2010-11-26 00:00:00,93,2010-11-26 00:00:00,85,90.1,3,800,72100,2010-11-26 00:00:00,1
2010-11-30 00:00:00,2010-11-30 00:00:00,90,2010-11-30 00:00:00,88.5,88.9,2,1200,106650,2010-11-30 00:00:00,1
2010-12-01 00:00:00,2010-12-01 00:00:00,93,2010-12-01 00:00:00,93,93,2,400,37200,2010-12-01 00:00:00,1
2010-12-02 00:00:00,2010-12-02 00:00:00,95,2010-12-02 00:00:00,90,95,6,3400,318100,2010-12-02 00:00:00,1
2010-12-03 00:00:00,2010-12-03 00:00:00,90.1,2010-12-03 00:00:00,90,90,4,2600,234010,2010-12-03 00:00:00,1
2010-12-06 00:00:00,2010-12-06 00:00:00,92,2010-12-06 00:00:00,92,92,1,500,46000,2010-12-06 00:00:00,1
2010-12-07 00:00:00,2010-12-07 00:00:00,92,2010-12-07 00:00:00,92,92,1,200,18400,2010-12-07 00:00:00,1
2010-12-10 00:00:00,2010-12-10 00:00:00,91,2010-12-10 00:00:00,91,91,1,200,18200,2010-12-10 00:00:00,1
2010-12-13 00:00:00,2010-12-13 00:00:00,90,2010-12-13 00:00:00,65.3,90,6,1500,120850,2010-12-13 00:00:00,1
2010-12-15 00:00:00,2010-12-15 00:00:00,90,2010-12-15 00:00:00,90,90,1,500,45000,2010-12-15 00:00:00,1
2010-12-21 00:00:00,2010-12-21 00:00:00,88,2010-12-21 00:00:00,88,88,1,500,44000,2010-12-21 00:00:00,1
2010-12-22 00:00:00,2010-12-22 00:00:00,85,2010-12-22 00:00:00,85,85,2,300,25500,2010-12-22 00:00:00,1
2010-12-23 00:00:00,2010-12-23 00:00:00,86,2010-12-23 00:00:00,86,86,2,2000,172000,2010-12-23 00:00:00,1
2010-12-24 00:00:00,2010-12-24 00:00:00,90,2010-12-24 00:00:00,90,90,3,900,81000,2010-12-24 00:00:00,1
2010-12-27 00:00:00,2010-12-27 00:00:00,90.1,2010-12-27 00:00:00,90,90.1,2,300,27020,2010-12-27 00:00:00,1
2010-12-28 00:00:00,2010-12-28 00:00:00,95,2010-12-28 00:00:00,90.3,95,2,1600,151530,2010-12-28 00:00:00,1
2010-12-31 00:00:00,2010-12-31 00:00:00,90,2010-12-31 00:00:00,90,90,3,1300,117000,2010-12-31 00:00:00,1
Company Id :  CINS,,Security Type :  N,,Sub Type :  0000,,,,,,
Short Name :  CEYLINCOINS.,,,,,,,,,,
Day,Date High,High,Date Low,Low,Closing,No. of Trades,No. of Shares,Turnover,Last Traded,Days Traded
2010-01-04 00:00:00,2010-01-04 00:00:00,214.5,2010-01-04 00:00:00,214.5,214.5,1,500,107250,2010-01-04 00:00:00,1
2010-01-05 00:00:00,2010-01-05 00:00:00,214.5,2010-01-05 00:00:00,214.5,214.5,1,500,107250,2010-01-05 00:00:00,1
2010-01-06 00:00:00,2010-01-06 00:00:00,215,2010-01-06 00:00:00,213.75,214.25,6,10900,2342525,2010-01-06 00:00:00,1
2010-01-07 00:00:00,2010-01-07 00:00:00,215,2010-01-07 00:00:00,214.75,215,4,6300,1354425,2010-01-07 00:00:00,1
2010-01-11 00:00:00,2010-01-11 00:00:00,215.25,2010-01-11 00:00:00,215.25,215.25,1,500,107625,2010-01-11 00:00:00,1
2010-01-12 00:00:00,2010-01-12 00:00:00,217,2010-01-12 00:00:00,215.5,217,8,10500,2264650,2010-01-12 00:00:00,1
2010-01-13 00:00:00,2010-01-13 00:00:00,230,2010-01-13 00:00:00,220,225.25,10,10900,2480500,2010-01-13 00:00:00,1
2010-01-15 00:00:00,2010-01-15 00:00:00,230,2010-01-15 00:00:00,230,230,4,7000,1610000,2010-01-15 00:00:00,1
2010-01-18 00:00:00,2010-01-18 00:00:00,230,2010-01-18 00:00:00,215,215,26,494700,106478600,2010-01-18 00:00:00,1
2010-01-19 00:00:00,2010-01-19 00:00:00,215,2010-01-19 00:00:00,215,215,5,2300,494500,2010-01-19 00:00:00,1
2010-01-20 00:00:00,2010-01-20 00:00:00,220,2010-01-20 00:00:00,220,220,1,100,22000,2010-01-20 00:00:00,1
2010-01-22 00:00:00,2010-01-22 00:00:00,220,2010-01-22 00:00:00,216,220,3,800,173200,2010-01-22 00:00:00,1
2010-01-25 00:00:00,2010-01-25 00:00:00,220.75,2010-01-25 00:00:00,220,220.5,4,1800,396375,2010-01-25 00:00:00,1
2010-01-28 00:00:00,2010-01-28 00:00:00,225,2010-01-28 00:00:00,215,215,27,525400,113016100,2010-01-28 00:00:00,1
2010-02-01 00:00:00,2010-02-01 00:00:00,225,2010-02-01 00:00:00,215,220,33,531500,114340725,2010-02-01 00:00:00,1
2010-02-02 00:00:00,2010-02-02 00:00:00,225,2010-02-02 00:00:00,217,225,7,24600,5342100,2010-02-02 00:00:00,1
2010-02-03 00:00:00,2010-02-03 00:00:00,240,2010-02-03 00:00:00,230,238.75,38,66400,15501700,2010-02-03 00:00:00,1
2010-02-05 00:00:00,2010-02-05 00:00:00,240,2010-02-05 00:00:00,238.75,240,12,7600,1823875,2010-02-05 00:00:00,1
2010-02-08 00:00:00,2010-02-08 00:00:00,250,2010-02-08 00:00:00,240,246,36,49000,11905000,2010-02-08 00:00:00,1
2010-02-09 00:00:00,2010-02-09 00:00:00,246,2010-02-09 00:00:00,213,243.75,13,20500,4804000,2010-02-09 00:00:00,1
2010-02-10 00:00:00,2010-02-10 00:00:00,245,2010-02-10 00:00:00,244,245,3,3100,757400,2010-02-10 00:00:00,1
2010-02-11 00:00:00,2010-02-11 00:00:00,235,2010-02-11 00:00:00,235,235,3,500,117500,2010-02-11 00:00:00,1
2010-02-12 00:00:00,2010-02-12 00:00:00,235,2010-02-12 00:00:00,230,234.25,3,3600,839000,2010-02-12 00:00:00,1
2010-02-16 00:00:00,2010-02-16 00:00:00,240,2010-02-16 00:00:00,235,240,13,8300,1977700,2010-02-16 00:00:00,1
2010-02-17 00:00:00,2010-02-17 00:00:00,240,2010-02-17 00:00:00,235,240,9,25400,6094500,2010-02-17 00:00:00,1
2010-02-18 00:00:00,2010-02-18 00:00:00,240,2010-02-18 00:00:00,240,240,2,1900,456000,2010-02-18 00:00:00,1
2010-02-19 00:00:00,2010-02-19 00:00:00,245,2010-02-19 00:00:00,242,245,13,58500,14261500,2010-02-19 00:00:00,1
2010-02-22 00:00:00,2010-02-22 00:00:00,248,2010-02-22 00:00:00,245,245,12,75100,18399800,2010-02-22 00:00:00,1
2010-02-23 00:00:00,2010-02-23 00:00:00,248,2010-02-23 00:00:00,248,248,1,400,99200,2010-02-23 00:00:00,1
2010-02-24 00:00:00,2010-02-24 00:00:00,260,2010-02-24 00:00:00,245,260,33,53100,13356700,2010-02-24 00:00:00,1
2010-02-25 00:00:00,2010-02-25 00:00:00,265,2010-02-25 00:00:00,259,265,41,86600,22595075,2010-02-25 00:00:00,1
2010-02-26 00:00:00,2010-02-26 00:00:00,270,2010-02-26 00:00:00,269,270,10,16600,4481000,2010-02-26 00:00:00,1
2010-03-01 00:00:00,2010-03-01 00:00:00,265,2010-03-01 00:00:00,265,265,3,4000,1060000,2010-03-01 00:00:00,1
2010-03-02 00:00:00,2010-03-02 00:00:00,270,2010-03-02 00:00:00,264,265,7,62000,16730000,2010-03-02 00:00:00,1
2010-03-03 00:00:00,2010-03-03 00:00:00,270,2010-03-03 00:00:00,270,270,15,20800,5616000,2010-03-03 00:00:00,1
2010-03-04 00:00:00,2010-03-04 00:00:00,274,2010-03-04 00:00:00,270.5,274,6,5800,1585050,2010-03-04 00:00:00,1
2010-03-05 00:00:00,2010-03-05 00:00:00,275,2010-03-05 00:00:00,272,272,2,600,164700,2010-03-05 00:00:00,1
2010-03-08 00:00:00,2010-03-08 00:00:00,280,2010-03-08 00:00:00,275,275.5,23,89500,24727375,2010-03-08 00:00:00,1
2010-03-09 00:00:00,2010-03-09 00:00:00,275.5,2010-03-09 00:00:00,275,275,6,18400,5060500,2010-03-09 00:00:00,1
2010-03-10 00:00:00,2010-03-10 00:00:00,275,2010-03-10 00:00:00,270.25,270.25,2,2000,545250,2010-03-10 00:00:00,1
2010-03-12 00:00:00,2010-03-12 00:00:00,270.25,2010-03-12 00:00:00,270.25,270.25,1,300,81075,2010-03-12 00:00:00,1
2010-03-18 00:00:00,2010-03-18 00:00:00,270.25,2010-03-18 00:00:00,267.5,267.5,6,6600,1779550,2010-03-18 00:00:00,1
2010-03-19 00:00:00,2010-03-19 00:00:00,267,2010-03-19 00:00:00,266.75,267,3,1000,266975,2010-03-19 00:00:00,1
2010-03-22 00:00:00,2010-03-22 00:00:00,264,2010-03-22 00:00:00,264,264,1,100,26400,2010-03-22 00:00:00,1
2010-03-23 00:00:00,2010-03-23 00:00:00,259.5,2010-03-23 00:00:00,259.5,259.5,1,12500,3243750,2010-03-23 00:00:00,1
2010-03-24 00:00:00,2010-03-24 00:00:00,255,2010-03-24 00:00:00,250,250.5,5,700,175775,2010-03-24 00:00:00,1
2010-03-25 00:00:00,2010-03-25 00:00:00,254,2010-03-25 00:00:00,221,250.5,9,21800,5451250,2010-03-25 00:00:00,1
2010-03-26 00:00:00,2010-03-26 00:00:00,254,2010-03-26 00:00:00,254,254,4,7500,1905000,2010-03-26 00:00:00,1
2010-03-30 00:00:00,2010-03-30 00:00:00,255,2010-03-30 00:00:00,225,226.5,22,106200,24105800,2010-03-30 00:00:00,1
2010-03-31 00:00:00,2010-03-31 00:00:00,232,2010-03-31 00:00:00,230,231,5,11200,2588300,2010-03-31 00:00:00,1
2010-04-06 00:00:00,2010-04-06 00:00:00,243,2010-04-06 00:00:00,240,240.25,9,9900,2382600,2010-04-06 00:00:00,1
2010-04-07 00:00:00,2010-04-07 00:00:00,254,2010-04-07 00:00:00,243,250,5,1400,344775,2010-04-07 00:00:00,1
2010-04-12 00:00:00,2010-04-12 00:00:00,250,2010-04-12 00:00:00,250,250,4,1200,300000,2010-04-12 00:00:00,1
2010-04-15 00:00:00,2010-04-15 00:00:00,258.75,2010-04-15 00:00:00,251,251,9,8600,2161800,2010-04-15 00:00:00,1
2010-04-16 00:00:00,2010-04-16 00:00:00,250,2010-04-16 00:00:00,250,250,2,1100,275000,2010-04-16 00:00:00,1
2010-04-21 00:00:00,2010-04-21 00:00:00,249.75,2010-04-21 00:00:00,249.75,249.75,1,100,24975,2010-04-21 00:00:00,1
2010-04-22 00:00:00,2010-04-22 00:00:00,248.5,2010-04-22 00:00:00,248.5,248.5,3,2300,571550,2010-04-22 00:00:00,1
2010-04-23 00:00:00,2010-04-23 00:00:00,249,2010-04-23 00:00:00,245,249,7,2700,668300,2010-04-23 00:00:00,1
2010-04-27 00:00:00,2010-04-27 00:00:00,248,2010-04-27 00:00:00,223.25,248,3,1400,344725,2010-04-27 00:00:00,1
2010-04-29 00:00:00,2010-04-29 00:00:00,250,2010-04-29 00:00:00,249,249.25,11,10800,2691700,2010-04-29 00:00:00,1
2010-04-30 00:00:00,2010-04-30 00:00:00,254,2010-04-30 00:00:00,250,250.25,5,2100,525400,2010-04-30 00:00:00,1
2010-05-03 00:00:00,2010-05-03 00:00:00,247,2010-05-03 00:00:00,240,247,4,52600,12991500,2010-05-03 00:00:00,1
2010-05-05 00:00:00,2010-05-05 00:00:00,247,2010-05-05 00:00:00,246,246.5,6,42100,10375450,2010-05-05 00:00:00,1
2010-05-06 00:00:00,2010-05-06 00:00:00,247,2010-05-06 00:00:00,247,247,1,500,123500,2010-05-06 00:00:00,1
2010-05-07 00:00:00,2010-05-07 00:00:00,247,2010-05-07 00:00:00,247,247,4,9100,2247700,2010-05-07 00:00:00,1
2010-05-10 00:00:00,2010-05-10 00:00:00,278,2010-05-10 00:00:00,200,250,15,9200,2295850,2010-05-10 00:00:00,1
2010-05-17 00:00:00,2010-05-17 00:00:00,272,2010-05-17 00:00:00,249.5,260.25,8,6700,1744200,2010-05-17 00:00:00,1
2010-05-19 00:00:00,2010-05-19 00:00:00,254.75,2010-05-19 00:00:00,250,252.5,2,200,50475,2010-05-19 00:00:00,1
2010-05-21 00:00:00,2010-05-21 00:00:00,263,2010-05-21 00:00:00,259.75,263,29,109000,28352875,2010-05-21 00:00:00,1
2010-05-24 00:00:00,2010-05-24 00:00:00,270,2010-05-24 00:00:00,260,270,24,84900,22892250,2010-05-24 00:00:00,1
2010-05-25 00:00:00,2010-05-25 00:00:00,270,2010-05-25 00:00:00,265,269.75,2,4700,1267500,2010-05-25 00:00:00,1
2010-05-26 00:00:00,2010-05-26 00:00:00,270,2010-05-26 00:00:00,270,270,13,27400,7398000,2010-05-26 00:00:00,1
2010-05-31 00:00:00,2010-05-31 00:00:00,265,2010-05-31 00:00:00,265,265,8,66600,17649000,2010-05-31 00:00:00,1
2010-06-01 00:00:00,2010-06-01 00:00:00,265,2010-06-01 00:00:00,265,265,2,5000,1325000,2010-06-01 00:00:00,1
2010-06-02 00:00:00,2010-06-02 00:00:00,275,2010-06-02 00:00:00,269,269,7,1100,301550,2010-06-02 00:00:00,1
2010-06-03 00:00:00,2010-06-03 00:00:00,260,2010-06-03 00:00:00,260,260,1,100,26000,2010-06-03 00:00:00,1
2010-06-04 00:00:00,2010-06-04 00:00:00,269.75,2010-06-04 00:00:00,260,266.25,3,300,79875,2010-06-04 00:00:00,1
2010-06-07 00:00:00,2010-06-07 00:00:00,270,2010-06-07 00:00:00,270,270,10,108900,29403000,2010-06-07 00:00:00,1
2010-06-08 00:00:00,2010-06-08 00:00:00,275,2010-06-08 00:00:00,270,272.5,3,3100,845000,2010-06-08 00:00:00,1
2010-06-10 00:00:00,2010-06-10 00:00:00,275,2010-06-10 00:00:00,275,275,8,7300,2007500,2010-06-10 00:00:00,1
2010-06-14 00:00:00,2010-06-14 00:00:00,275,2010-06-14 00:00:00,271,275,6,17600,4791000,2010-06-14 00:00:00,1
2010-06-15 00:00:00,2010-06-15 00:00:00,275,2010-06-15 00:00:00,270,270.75,6,2800,758500,2010-06-15 00:00:00,1
2010-06-17 00:00:00,2010-06-17 00:00:00,270.75,2010-06-17 00:00:00,270.75,270.75,1,5000,1353750,2010-06-17 00:00:00,1
2010-06-22 00:00:00,2010-06-22 00:00:00,273,2010-06-22 00:00:00,270,270,5,9100,2466000,2010-06-22 00:00:00,1
2010-06-28 00:00:00,2010-06-28 00:00:00,270,2010-06-28 00:00:00,270,270,4,1300,351000,2010-06-28 00:00:00,1
2010-06-29 00:00:00,2010-06-29 00:00:00,270,2010-06-29 00:00:00,270,270,7,4000,1080000,2010-06-29 00:00:00,1
2010-07-01 00:00:00,2010-07-01 00:00:00,275.25,2010-07-01 00:00:00,270,275.25,10,36100,9920350,2010-07-01 00:00:00,1
2010-07-05 00:00:00,2010-07-05 00:00:00,275,2010-07-05 00:00:00,275,275,1,200,55000,2010-07-05 00:00:00,1
2010-07-06 00:00:00,2010-07-06 00:00:00,275,2010-07-06 00:00:00,275,275,3,2500,687500,2010-07-06 00:00:00,1
2010-07-07 00:00:00,2010-07-07 00:00:00,275.5,2010-07-07 00:00:00,270,275,11,12200,3330050,2010-07-07 00:00:00,1
2010-07-08 00:00:00,2010-07-08 00:00:00,275,2010-07-08 00:00:00,275,275,1,7400,2035000,2010-07-08 00:00:00,1
2010-07-09 00:00:00,2010-07-09 00:00:00,275,2010-07-09 00:00:00,275,275,2,5000,1375000,2010-07-09 00:00:00,1
2010-07-12 00:00:00,2010-07-12 00:00:00,270,2010-07-12 00:00:00,270,270,1,100,27000,2010-07-12 00:00:00,1
2010-07-13 00:00:00,2010-07-13 00:00:00,275,2010-07-13 00:00:00,275,275,2,200,55000,2010-07-13 00:00:00,1
2010-07-14 00:00:00,2010-07-14 00:00:00,279.75,2010-07-14 00:00:00,275,275.75,3,1100,303450,2010-07-14 00:00:00,1
2010-07-15 00:00:00,2010-07-15 00:00:00,270.25,2010-07-15 00:00:00,270,270,2,500,135050,2010-07-15 00:00:00,1
2010-07-19 00:00:00,2010-07-19 00:00:00,270,2010-07-19 00:00:00,270,270,2,300,81000,2010-07-19 00:00:00,1
2010-07-20 00:00:00,2010-07-20 00:00:00,275,2010-07-20 00:00:00,273.75,275,3,2700,742275,2010-07-20 00:00:00,1
2010-07-21 00:00:00,2010-07-21 00:00:00,270,2010-07-21 00:00:00,270,270,1,1000,270000,2010-07-21 00:00:00,1
2010-07-22 00:00:00,2010-07-22 00:00:00,277,2010-07-22 00:00:00,277,277,2,200,55400,2010-07-22 00:00:00,1
2010-07-23 00:00:00,2010-07-23 00:00:00,275,2010-07-23 00:00:00,275,275,1,10000,2750000,2010-07-23 00:00:00,1
2010-07-26 00:00:00,2010-07-26 00:00:00,279.5,2010-07-26 00:00:00,275,275,2,17100,4702950,2010-07-26 00:00:00,1
2010-07-27 00:00:00,2010-07-27 00:00:00,280,2010-07-27 00:00:00,275,278.75,5,4700,1310550,2010-07-27 00:00:00,1
2010-07-28 00:00:00,2010-07-28 00:00:00,285,2010-07-28 00:00:00,280,282,5,4800,1351300,2010-07-28 00:00:00,1
2010-07-29 00:00:00,2010-07-29 00:00:00,282,2010-07-29 00:00:00,282,282,3,2600,733200,2010-07-29 00:00:00,1
2010-07-30 00:00:00,2010-07-30 00:00:00,295,2010-07-30 00:00:00,289.5,295,12,21700,6371900,2010-07-30 00:00:00,1
2010-08-03 00:00:00,2010-08-03 00:00:00,295,2010-08-03 00:00:00,295,295,2,1000,295000,2010-08-03 00:00:00,1
2010-08-04 00:00:00,2010-08-04 00:00:00,300,2010-08-04 00:00:00,300,300,3,6100,1830000,2010-08-04 00:00:00,1
2010-08-05 00:00:00,2010-08-05 00:00:00,300,2010-08-05 00:00:00,290,298,8,21300,6347320,2010-08-05 00:00:00,1
2010-08-09 00:00:00,2010-08-09 00:00:00,300,2010-08-09 00:00:00,275,290,6,2700,785500,2010-08-09 00:00:00,1
2010-08-10 00:00:00,2010-08-10 00:00:00,300,2010-08-10 00:00:00,290,300,5,2500,726000,2010-08-10 00:00:00,1
2010-08-11 00:00:00,2010-08-11 00:00:00,300,2010-08-11 00:00:00,290.1,290.1,7,2200,645160,2010-08-11 00:00:00,1
2010-08-12 00:00:00,2010-08-12 00:00:00,305,2010-08-12 00:00:00,295,305,5,110200,33609500,2010-08-12 00:00:00,1
2010-08-13 00:00:00,2010-08-13 00:00:00,300,2010-08-13 00:00:00,300,300,1,100,30000,2010-08-13 00:00:00,1
2010-08-16 00:00:00,2010-08-16 00:00:00,300,2010-08-16 00:00:00,300,300,2,50400,15120000,2010-08-16 00:00:00,1
2010-08-18 00:00:00,2010-08-18 00:00:00,300,2010-08-18 00:00:00,298,300,10,15700,4703200,2010-08-18 00:00:00,1
2010-08-19 00:00:00,2010-08-19 00:00:00,300,2010-08-19 00:00:00,275.1,300,5,6900,2057550,2010-08-19 00:00:00,1
2010-08-20 00:00:00,2010-08-20 00:00:00,306,2010-08-20 00:00:00,300,305.5,13,51000,15472000,2010-08-20 00:00:00,1
2010-08-23 00:00:00,2010-08-23 00:00:00,305.5,2010-08-23 00:00:00,305.5,305.5,1,700,213850,2010-08-23 00:00:00,1
2010-08-25 00:00:00,2010-08-25 00:00:00,329.9,2010-08-25 00:00:00,310,323.1,5,28300,9143490,2010-08-25 00:00:00,1
2010-08-26 00:00:00,2010-08-26 00:00:00,325,2010-08-26 00:00:00,325,325,1,100,32500,2010-08-26 00:00:00,1
2010-08-30 00:00:00,2010-08-30 00:00:00,320,2010-08-30 00:00:00,300,300.1,6,22400,7088200,2010-08-30 00:00:00,1
2010-09-01 00:00:00,2010-09-01 00:00:00,310,2010-09-01 00:00:00,310,310,3,25000,7750000,2010-09-01 00:00:00,1
2010-09-02 00:00:00,2010-09-02 00:00:00,325,2010-09-02 00:00:00,310,318.3,67,542800,172441200,2010-09-02 00:00:00,1
2010-09-03 00:00:00,2010-09-03 00:00:00,340,2010-09-03 00:00:00,325,339.9,17,84000,27737430,2010-09-03 00:00:00,1
2010-09-06 00:00:00,2010-09-06 00:00:00,365,2010-09-06 00:00:00,349,354.9,16,3700,1322000,2010-09-06 00:00:00,1
2010-09-07 00:00:00,2010-09-07 00:00:00,340.1,2010-09-07 00:00:00,340.1,340.1,1,100,34010,2010-09-07 00:00:00,1
2010-09-08 00:00:00,2010-09-08 00:00:00,360,2010-09-08 00:00:00,350,350,2,2600,911000,2010-09-08 00:00:00,1
2010-09-09 00:00:00,2010-09-09 00:00:00,360,2010-09-09 00:00:00,336.2,343.7,9,5500,1913010,2010-09-09 00:00:00,1
2010-09-13 00:00:00,2010-09-13 00:00:00,369.9,2010-09-13 00:00:00,349.9,350.2,13,47900,16774820,2010-09-13 00:00:00,1
2010-09-14 00:00:00,2010-09-14 00:00:00,369,2010-09-14 00:00:00,350,350,4,3300,1156900,2010-09-14 00:00:00,1
2010-09-15 00:00:00,2010-09-15 00:00:00,367.8,2010-09-15 00:00:00,350,353.5,36,58200,20450090,2010-09-15 00:00:00,1
2010-09-16 00:00:00,2010-09-16 00:00:00,359.5,2010-09-16 00:00:00,350,351.6,4,1300,457500,2010-09-16 00:00:00,1
2010-09-17 00:00:00,2010-09-17 00:00:00,370,2010-09-17 00:00:00,351.5,370,11,167300,59023990,2010-09-17 00:00:00,1
2010-09-20 00:00:00,2010-09-20 00:00:00,440,2010-09-20 00:00:00,370,434.7,47,52800,20703220,2010-09-20 00:00:00,1
2010-09-21 00:00:00,2010-09-21 00:00:00,525,2010-09-21 00:00:00,440,500,160,121100,59605040,2010-09-21 00:00:00,1
2010-09-23 00:00:00,2010-09-23 00:00:00,680,2010-09-23 00:00:00,505,596,311,168400,99135320,2010-09-23 00:00:00,1
2010-09-24 00:00:00,2010-09-24 00:00:00,605,2010-09-24 00:00:00,542,559.5,71,26300,15045500,2010-09-24 00:00:00,1
2010-09-27 00:00:00,2010-09-27 00:00:00,559.5,2010-09-27 00:00:00,490,498.6,59,35300,17709310,2010-09-27 00:00:00,1
2010-09-28 00:00:00,2010-09-28 00:00:00,534,2010-09-28 00:00:00,485.2,485.5,5,900,463040,2010-09-28 00:00:00,1
2010-09-29 00:00:00,2010-09-29 00:00:00,500,2010-09-29 00:00:00,420.1,440.4,15,59700,26376210,2010-09-29 00:00:00,1
2010-09-30 00:00:00,2010-09-30 00:00:00,500,2010-09-30 00:00:00,440,458,23,8500,3957000,2010-09-30 00:00:00,1
2010-10-01 00:00:00,2010-10-01 00:00:00,470,2010-10-01 00:00:00,460,467.7,5,5500,2564800,2010-10-01 00:00:00,1
2010-10-04 00:00:00,2010-10-04 00:00:00,467.7,2010-10-04 00:00:00,440,440,15,59600,26249750,2010-10-04 00:00:00,1
2010-10-05 00:00:00,2010-10-05 00:00:00,462,2010-10-05 00:00:00,440,444,67,390300,171993560,2010-10-05 00:00:00,1
2010-10-06 00:00:00,2010-10-06 00:00:00,484,2010-10-06 00:00:00,430,434.6,19,8200,3666500,2010-10-06 00:00:00,1
2010-10-07 00:00:00,2010-10-07 00:00:00,459.9,2010-10-07 00:00:00,420,450,8,3400,1468130,2010-10-07 00:00:00,1
2010-10-08 00:00:00,2010-10-08 00:00:00,458.9,2010-10-08 00:00:00,435,441.6,17,21200,9339280,2010-10-08 00:00:00,1
2010-10-11 00:00:00,2010-10-11 00:00:00,440,2010-10-11 00:00:00,400,436.5,16,14200,6229060,2010-10-11 00:00:00,1
2010-10-12 00:00:00,2010-10-12 00:00:00,400.1,2010-10-12 00:00:00,400,400,9,14500,5800010,2010-10-12 00:00:00,1
2010-10-13 00:00:00,2010-10-13 00:00:00,429.5,2010-10-13 00:00:00,380,400,6,3400,1368900,2010-10-13 00:00:00,1
2010-10-14 00:00:00,2010-10-14 00:00:00,400,2010-10-14 00:00:00,385,390.8,4,1200,468500,2010-10-14 00:00:00,1
2010-10-15 00:00:00,2010-10-15 00:00:00,424,2010-10-15 00:00:00,385,424,2,300,123300,2010-10-15 00:00:00,1
2010-10-18 00:00:00,2010-10-18 00:00:00,424,2010-10-18 00:00:00,424,424,1,1500,636000,2010-10-18 00:00:00,1
2010-10-19 00:00:00,2010-10-19 00:00:00,420,2010-10-19 00:00:00,400,418.4,4,900,372900,2010-10-19 00:00:00,1
2010-10-20 00:00:00,2010-10-20 00:00:00,422.9,2010-10-20 00:00:00,404.5,411,11,6000,2461700,2010-10-20 00:00:00,1
2010-10-21 00:00:00,2010-10-21 00:00:00,469,2010-10-21 00:00:00,401.5,410,27,21200,9530650,2010-10-21 00:00:00,1
2010-10-25 00:00:00,2010-10-25 00:00:00,410,2010-10-25 00:00:00,410,410,3,1500,615000,2010-10-25 00:00:00,1
2010-10-26 00:00:00,2010-10-26 00:00:00,400,2010-10-26 00:00:00,400,400,2,200,80000,2010-10-26 00:00:00,1
2010-10-27 00:00:00,2010-10-27 00:00:00,400,2010-10-27 00:00:00,400,400,5,2500,1000000,2010-10-27 00:00:00,1
2010-10-28 00:00:00,2010-10-28 00:00:00,400,2010-10-28 00:00:00,380.1,400,8,4500,1796020,2010-10-28 00:00:00,1
2010-10-29 00:00:00,2010-10-29 00:00:00,404.5,2010-10-29 00:00:00,383,395.5,16,23400,9270000,2010-10-29 00:00:00,1
2010-11-01 00:00:00,2010-11-01 00:00:00,400,2010-11-01 00:00:00,395.5,400,7,61000,24396320,2010-11-01 00:00:00,1
2010-11-02 00:00:00,2010-11-02 00:00:00,420,2010-11-02 00:00:00,403.9,403.9,20,17100,6993100,2010-11-02 00:00:00,1
2010-11-03 00:00:00,2010-11-03 00:00:00,403.9,2010-11-03 00:00:00,380.2,403.9,7,52600,20777420,2010-11-03 00:00:00,1
2010-11-04 00:00:00,2010-11-04 00:00:00,399,2010-11-04 00:00:00,399,399,3,5700,2274300,2010-11-04 00:00:00,1
2010-11-08 00:00:00,2010-11-08 00:00:00,399.9,2010-11-08 00:00:00,399,399.4,3,2200,878700,2010-11-08 00:00:00,1
2010-11-09 00:00:00,2010-11-09 00:00:00,400,2010-11-09 00:00:00,399.8,400,7,57000,22799790,2010-11-09 00:00:00,1
2010-11-15 00:00:00,2010-11-15 00:00:00,400,2010-11-15 00:00:00,399.9,399.9,3,900,359940,2010-11-15 00:00:00,1
2010-11-16 00:00:00,2010-11-16 00:00:00,375,2010-11-16 00:00:00,350,355.2,6,4400,1562800,2010-11-16 00:00:00,1
2010-11-18 00:00:00,2010-11-18 00:00:00,409.9,2010-11-18 00:00:00,398,398,5,1300,528310,2010-11-18 00:00:00,1
2010-11-22 00:00:00,2010-11-22 00:00:00,400,2010-11-22 00:00:00,397.9,399,14,15600,6223780,2010-11-22 00:00:00,1
2010-11-23 00:00:00,2010-11-23 00:00:00,395,2010-11-23 00:00:00,395,395,2,1000,395000,2010-11-23 00:00:00,1
2010-11-24 00:00:00,2010-11-24 00:00:00,395,2010-11-24 00:00:00,360.2,389.1,12,13100,5155010,2010-11-24 00:00:00,1
2010-11-25 00:00:00,2010-11-25 00:00:00,365,2010-11-25 00:00:00,365,365,1,100,36500,2010-11-25 00:00:00,1
2010-11-26 00:00:00,2010-11-26 00:00:00,365,2010-11-26 00:00:00,360,362.7,14,17900,6483800,2010-11-26 00:00:00,1
2010-11-29 00:00:00,2010-11-29 00:00:00,398,2010-11-29 00:00:00,360,368.1,13,4100,1501840,2010-11-29 00:00:00,1
2010-11-30 00:00:00,2010-11-30 00:00:00,370,2010-11-30 00:00:00,370,370,6,2100,777000,2010-11-30 00:00:00,1
2010-12-02 00:00:00,2010-12-02 00:00:00,370,2010-12-02 00:00:00,370,370,2,1300,481000,2010-12-02 00:00:00,1
2010-12-06 00:00:00,2010-12-06 00:00:00,370,2010-12-06 00:00:00,370,370,1,2000,740000,2010-12-06 00:00:00,1
2010-12-08 00:00:00,2010-12-08 00:00:00,370,2010-12-08 00:00:00,370,370,4,102700,37999000,2010-12-08 00:00:00,1
2010-12-09 00:00:00,2010-12-09 00:00:00,375,2010-12-09 00:00:00,370,370,13,141500,52361000,2010-12-09 00:00:00,1
2010-12-10 00:00:00,2010-12-10 00:00:00,362.1,2010-12-10 00:00:00,362.1,362.1,2,200100,74036210,2010-12-10 00:00:00,1
2010-12-13 00:00:00,2010-12-13 00:00:00,389,2010-12-13 00:00:00,361.5,365,10,32600,11913960,2010-12-13 00:00:00,1
2010-12-14 00:00:00,2010-12-14 00:00:00,361.4,2010-12-14 00:00:00,361,361.1,4,700,252740,2010-12-14 00:00:00,1
2010-12-15 00:00:00,2010-12-15 00:00:00,360.1,2010-12-15 00:00:00,360,360,8,3500,1260100,2010-12-15 00:00:00,1
2010-12-16 00:00:00,2010-12-16 00:00:00,369.9,2010-12-16 00:00:00,369.9,369.9,3,151000,52869900,2010-12-16 00:00:00,1
2010-12-22 00:00:00,2010-12-22 00:00:00,355,2010-12-22 00:00:00,345.1,355,3,300,104520,2010-12-22 00:00:00,1
2010-12-23 00:00:00,2010-12-23 00:00:00,374.9,2010-12-23 00:00:00,350,358,15,3800,1360540,2010-12-23 00:00:00,1
2010-12-24 00:00:00,2010-12-24 00:00:00,360,2010-12-24 00:00:00,360,360,1,600,216000,2010-12-24 00:00:00,1
2010-12-27 00:00:00,2010-12-27 00:00:00,380,2010-12-27 00:00:00,365,374.5,8,8600,3220790,2010-12-27 00:00:00,1
2010-12-28 00:00:00,2010-12-28 00:00:00,380,2010-12-28 00:00:00,365,380,2,200,74500,2010-12-28 00:00:00,1
2010-12-29 00:00:00,2010-12-29 00:00:00,400,2010-12-29 00:00:00,378,395,11,10200,4028900,2010-12-29 00:00:00,1
2010-12-30 00:00:00,2010-12-30 00:00:00,375.2,2010-12-30 00:00:00,370,375.1,9,4800,1783640,2010-12-30 00:00:00,1
2010-12-31 00:00:00,2010-12-31 00:00:00,381,2010-12-31 00:00:00,380,381,11,57800,21974100,2010-12-31 00:00:00,1
Company Id :  CINS,,Security Type :  X,,Sub Type :  0000,,,,,,
Short Name :  CEYLINCOINS.,,,,,,,,,,
Day,Date High,High,Date Low,Low,Closing,No. of Trades,No. of Shares,Turnover,Last Traded,Days Traded
2010-01-04 00:00:00,2010-01-04 00:00:00,132,2010-01-04 00:00:00,132,132,3,4600,607200,2010-01-04 00:00:00,1
2010-01-05 00:00:00,2010-01-05 00:00:00,135,2010-01-05 00:00:00,134.25,135,6,269100,37653350,2010-01-05 00:00:00,1
2010-01-06 00:00:00,2010-01-06 00:00:00,137,2010-01-06 00:00:00,135,135,17,257100,34709100,2010-01-06 00:00:00,1
2010-01-07 00:00:00,2010-01-07 00:00:00,140,2010-01-07 00:00:00,135,135,37,487800,65877375,2010-01-07 00:00:00,1
2010-01-08 00:00:00,2010-01-08 00:00:00,140,2010-01-08 00:00:00,138,139,2,200,27800,2010-01-08 00:00:00,1
2010-01-11 00:00:00,2010-01-11 00:00:00,136,2010-01-11 00:00:00,136,136,1,100,13600,2010-01-11 00:00:00,1
2010-01-12 00:00:00,2010-01-12 00:00:00,140,2010-01-12 00:00:00,140,140,1,100,14000,2010-01-12 00:00:00,1
2010-01-13 00:00:00,2010-01-13 00:00:00,155,2010-01-13 00:00:00,141,152.75,50,121200,18172175,2010-01-13 00:00:00,1
2010-01-15 00:00:00,2010-01-15 00:00:00,151,2010-01-15 00:00:00,150,150,5,7600,1141700,2010-01-15 00:00:00,1
2010-01-18 00:00:00,2010-01-18 00:00:00,150.25,2010-01-18 00:00:00,150,150,7,34500,5181500,2010-01-18 00:00:00,1
2010-01-19 00:00:00,2010-01-19 00:00:00,150,2010-01-19 00:00:00,150,150,2,11000,1650000,2010-01-19 00:00:00,1
2010-01-20 00:00:00,2010-01-20 00:00:00,150,2010-01-20 00:00:00,150,150,1,200,30000,2010-01-20 00:00:00,1
2010-01-22 00:00:00,2010-01-22 00:00:00,148,2010-01-22 00:00:00,146,148,5,1000,147000,2010-01-22 00:00:00,1
2010-01-28 00:00:00,2010-01-28 00:00:00,145,2010-01-28 00:00:00,142,142.5,5,3100,442550,2010-01-28 00:00:00,1
2010-02-01 00:00:00,2010-02-01 00:00:00,150,2010-02-01 00:00:00,149,149.75,3,800,119800,2010-02-01 00:00:00,1
2010-02-03 00:00:00,2010-02-03 00:00:00,150,2010-02-03 00:00:00,150,150,2,500,75000,2010-02-03 00:00:00,1
2010-02-05 00:00:00,2010-02-05 00:00:00,150,2010-02-05 00:00:00,142,144.5,9,6300,911025,2010-02-05 00:00:00,1
2010-02-08 00:00:00,2010-02-08 00:00:00,150,2010-02-08 00:00:00,145,150,5,2200,329500,2010-02-08 00:00:00,1
2010-02-09 00:00:00,2010-02-09 00:00:00,146.25,2010-02-09 00:00:00,145,146.25,2,500,72750,2010-02-09 00:00:00,1
2010-02-10 00:00:00,2010-02-10 00:00:00,150,2010-02-10 00:00:00,145,150,11,4100,614050,2010-02-10 00:00:00,1
2010-02-12 00:00:00,2010-02-12 00:00:00,150,2010-02-12 00:00:00,148,148,3,1400,209400,2010-02-12 00:00:00,1
2010-02-17 00:00:00,2010-02-17 00:00:00,147,2010-02-17 00:00:00,146.5,146.5,2,5100,747200,2010-02-17 00:00:00,1
2010-02-19 00:00:00,2010-02-19 00:00:00,152.25,2010-02-19 00:00:00,150,150.5,6,7500,1128825,2010-02-19 00:00:00,1
2010-02-22 00:00:00,2010-02-22 00:00:00,150,2010-02-22 00:00:00,149.75,150,6,3500,524750,2010-02-22 00:00:00,1
2010-02-23 00:00:00,2010-02-23 00:00:00,150,2010-02-23 00:00:00,150,150,7,9300,1395000,2010-02-23 00:00:00,1
2010-02-24 00:00:00,2010-02-24 00:00:00,150,2010-02-24 00:00:00,148,150,7,8900,1334800,2010-02-24 00:00:00,1
2010-02-25 00:00:00,2010-02-25 00:00:00,150,2010-02-25 00:00:00,150,150,6,2800,420000,2010-02-25 00:00:00,1
2010-03-01 00:00:00,2010-03-01 00:00:00,150,2010-03-01 00:00:00,150,150,4,6000,900000,2010-03-01 00:00:00,1
2010-03-02 00:00:00,2010-03-02 00:00:00,160,2010-03-02 00:00:00,150,160,27,72700,11607750,2010-03-02 00:00:00,1
2010-03-03 00:00:00,2010-03-03 00:00:00,165,2010-03-03 00:00:00,160,164.5,9,10100,1662200,2010-03-03 00:00:00,1
2010-03-04 00:00:00,2010-03-04 00:00:00,165,2010-03-04 00:00:00,160.5,165,8,7800,1286100,2010-03-04 00:00:00,1
2010-03-05 00:00:00,2010-03-05 00:00:00,165,2010-03-05 00:00:00,165,165,1,1000,165000,2010-03-05 00:00:00,1
2010-03-08 00:00:00,2010-03-08 00:00:00,165,2010-03-08 00:00:00,160.25,165,2,5300,873075,2010-03-08 00:00:00,1
2010-03-09 00:00:00,2010-03-09 00:00:00,160.5,2010-03-09 00:00:00,160.5,160.5,1,200,32100,2010-03-09 00:00:00,1
2010-03-12 00:00:00,2010-03-12 00:00:00,164.5,2010-03-12 00:00:00,150,162.75,14,2900,458825,2010-03-12 00:00:00,1
2010-03-16 00:00:00,2010-03-16 00:00:00,162.75,2010-03-16 00:00:00,162.75,162.75,1,2000,325500,2010-03-16 00:00:00,1
2010-03-17 00:00:00,2010-03-17 00:00:00,175,2010-03-17 00:00:00,153.25,165.5,10,8400,1386050,2010-03-17 00:00:00,1
2010-03-18 00:00:00,2010-03-18 00:00:00,161,2010-03-18 00:00:00,161,161,1,50000,8050000,2010-03-18 00:00:00,1
2010-03-19 00:00:00,2010-03-19 00:00:00,156.75,2010-03-19 00:00:00,156.5,156.5,3,400,62650,2010-03-19 00:00:00,1
2010-03-22 00:00:00,2010-03-22 00:00:00,160,2010-03-22 00:00:00,160,160,3,2700,432000,2010-03-22 00:00:00,1
2010-03-23 00:00:00,2010-03-23 00:00:00,160,2010-03-23 00:00:00,160,160,1,100,16000,2010-03-23 00:00:00,1
2010-03-26 00:00:00,2010-03-26 00:00:00,163,2010-03-26 00:00:00,160,163,6,5900,953000,2010-03-26 00:00:00,1
2010-04-01 00:00:00,2010-04-01 00:00:00,160,2010-04-01 00:00:00,151.5,160,5,2600,415150,2010-04-01 00:00:00,1
2010-04-05 00:00:00,2010-04-05 00:00:00,160,2010-04-05 00:00:00,160,160,2,700,112000,2010-04-05 00:00:00,1
2010-04-06 00:00:00,2010-04-06 00:00:00,155,2010-04-06 00:00:00,155,155,1,69500,10772500,2010-04-06 00:00:00,1
2010-04-07 00:00:00,2010-04-07 00:00:00,160,2010-04-07 00:00:00,155,160,3,300,47500,2010-04-07 00:00:00,1
2010-04-08 00:00:00,2010-04-08 00:00:00,160,2010-04-08 00:00:00,160,160,7,8600,1376000,2010-04-08 00:00:00,1
2010-04-12 00:00:00,2010-04-12 00:00:00,160,2010-04-12 00:00:00,160,160,1,100,16000,2010-04-12 00:00:00,1
2010-04-15 00:00:00,2010-04-15 00:00:00,163,2010-04-15 00:00:00,163,163,3,3200,521600,2010-04-15 00:00:00,1
2010-04-16 00:00:00,2010-04-16 00:00:00,163,2010-04-16 00:00:00,163,163,5,1800,293400,2010-04-16 00:00:00,1
2010-04-19 00:00:00,2010-04-19 00:00:00,165,2010-04-19 00:00:00,165,165,3,1900,313500,2010-04-19 00:00:00,1
2010-04-20 00:00:00,2010-04-20 00:00:00,163,2010-04-20 00:00:00,160,163,10,11200,1825300,2010-04-20 00:00:00,1
2010-04-21 00:00:00,2010-04-21 00:00:00,165,2010-04-21 00:00:00,160,160,12,20700,3313500,2010-04-21 00:00:00,1
2010-04-23 00:00:00,2010-04-23 00:00:00,165,2010-04-23 00:00:00,165,165,13,46000,7590000,2010-04-23 00:00:00,1
2010-04-27 00:00:00,2010-04-27 00:00:00,165,2010-04-27 00:00:00,164.75,164.75,5,600,98950,2010-04-27 00:00:00,1
2010-04-29 00:00:00,2010-04-29 00:00:00,163,2010-04-29 00:00:00,163,163,2,1000,163000,2010-04-29 00:00:00,1
2010-04-30 00:00:00,2010-04-30 00:00:00,165,2010-04-30 00:00:00,160.25,164,7,1600,262225,2010-04-30 00:00:00,1
2010-05-03 00:00:00,2010-05-03 00:00:00,165,2010-05-03 00:00:00,162,162,5,10200,1679100,2010-05-03 00:00:00,1
2010-05-04 00:00:00,2010-05-04 00:00:00,165.25,2010-05-04 00:00:00,165,165.25,9,35600,5874250,2010-05-04 00:00:00,1
2010-05-05 00:00:00,2010-05-05 00:00:00,165.5,2010-05-05 00:00:00,165.25,165.25,5,8800,1454250,2010-05-05 00:00:00,1
2010-05-06 00:00:00,2010-05-06 00:00:00,165.5,2010-05-06 00:00:00,165.25,165.25,3,1300,215075,2010-05-06 00:00:00,1
2010-05-07 00:00:00,2010-05-07 00:00:00,165.25,2010-05-07 00:00:00,165,165,7,3400,561425,2010-05-07 00:00:00,1
2010-05-11 00:00:00,2010-05-11 00:00:00,165.25,2010-05-11 00:00:00,165.25,165.25,2,1500,247875,2010-05-11 00:00:00,1
2010-05-12 00:00:00,2010-05-12 00:00:00,165.25,2010-05-12 00:00:00,165.25,165.25,6,5800,958450,2010-05-12 00:00:00,1
2010-05-13 00:00:00,2010-05-13 00:00:00,168.5,2010-05-13 00:00:00,163,168.5,4,1500,245050,2010-05-13 00:00:00,1
2010-05-14 00:00:00,2010-05-14 00:00:00,169,2010-05-14 00:00:00,169,169,4,4800,811200,2010-05-14 00:00:00,1
2010-05-17 00:00:00,2010-05-17 00:00:00,174.75,2010-05-17 00:00:00,172.75,172.75,11,2300,400075,2010-05-17 00:00:00,1
2010-05-18 00:00:00,2010-05-18 00:00:00,170.25,2010-05-18 00:00:00,170.25,170.25,3,1000,170250,2010-05-18 00:00:00,1
2010-05-19 00:00:00,2010-05-19 00:00:00,169.75,2010-05-19 00:00:00,169.75,169.75,1,100,16975,2010-05-19 00:00:00,1
2010-05-20 00:00:00,2010-05-20 00:00:00,170,2010-05-20 00:00:00,165,170,13,20800,3522800,2010-05-20 00:00:00,1
2010-05-21 00:00:00,2010-05-21 00:00:00,175,2010-05-21 00:00:00,169.75,170,14,130500,22926425,2010-05-21 00:00:00,1
2010-05-24 00:00:00,2010-05-24 00:00:00,175,2010-05-24 00:00:00,172,175,16,53900,9431900,2010-05-24 00:00:00,1
2010-05-25 00:00:00,2010-05-25 00:00:00,177.25,2010-05-25 00:00:00,176,176,5,3000,528875,2010-05-25 00:00:00,1
2010-05-26 00:00:00,2010-05-26 00:00:00,176,2010-05-26 00:00:00,168.25,168.25,2,1100,192825,2010-05-26 00:00:00,1
2010-05-31 00:00:00,2010-05-31 00:00:00,168,2010-05-31 00:00:00,168,168,4,1100,184800,2010-05-31 00:00:00,1
2010-06-01 00:00:00,2010-06-01 00:00:00,168,2010-06-01 00:00:00,168,168,3,1400,235200,2010-06-01 00:00:00,1
2010-06-02 00:00:00,2010-06-02 00:00:00,169,2010-06-02 00:00:00,168,169,5,26400,4460200,2010-06-02 00:00:00,1
2010-06-03 00:00:00,2010-06-03 00:00:00,170,2010-06-03 00:00:00,168,169.75,14,15300,2597600,2010-06-03 00:00:00,1
2010-06-04 00:00:00,2010-06-04 00:00:00,171,2010-06-04 00:00:00,170,171,10,7700,1316100,2010-06-04 00:00:00,1
2010-06-07 00:00:00,2010-06-07 00:00:00,171,2010-06-07 00:00:00,171,171,2,200,34200,2010-06-07 00:00:00,1
2010-06-08 00:00:00,2010-06-08 00:00:00,200,2010-06-08 00:00:00,173,191,32,23000,4296600,2010-06-08 00:00:00,1
2010-06-09 00:00:00,2010-06-09 00:00:00,198.25,2010-06-09 00:00:00,190,190,11,2900,553625,2010-06-09 00:00:00,1
2010-06-10 00:00:00,2010-06-10 00:00:00,190,2010-06-10 00:00:00,190,190,1,100,19000,2010-06-10 00:00:00,1
2010-06-11 00:00:00,2010-06-11 00:00:00,190.25,2010-06-11 00:00:00,190,190,15,12600,2394025,2010-06-11 00:00:00,1
2010-06-14 00:00:00,2010-06-14 00:00:00,191,2010-06-14 00:00:00,190,191,18,23300,4428600,2010-06-14 00:00:00,1
2010-06-15 00:00:00,2010-06-15 00:00:00,191.25,2010-06-15 00:00:00,190,191.25,7,10700,2038475,2010-06-15 00:00:00,1
2010-06-16 00:00:00,2010-06-16 00:00:00,192.5,2010-06-16 00:00:00,191,192,13,8900,1704725,2010-06-16 00:00:00,1
2010-06-17 00:00:00,2010-06-17 00:00:00,192,2010-06-17 00:00:00,190,191,8,2600,496825,2010-06-17 00:00:00,1
2010-06-21 00:00:00,2010-06-21 00:00:00,191.25,2010-06-21 00:00:00,190,190,8,5700,1083625,2010-06-21 00:00:00,1
2010-06-22 00:00:00,2010-06-22 00:00:00,190,2010-06-22 00:00:00,190,190,11,13200,2508000,2010-06-22 00:00:00,1
2010-06-23 00:00:00,2010-06-23 00:00:00,190,2010-06-23 00:00:00,190,190,11,12200,2318000,2010-06-23 00:00:00,1
2010-06-24 00:00:00,2010-06-24 00:00:00,190,2010-06-24 00:00:00,190,190,7,2400,456000,2010-06-24 00:00:00,1
2010-06-28 00:00:00,2010-06-28 00:00:00,190,2010-06-28 00:00:00,190,190,6,4000,760000,2010-06-28 00:00:00,1
2010-06-29 00:00:00,2010-06-29 00:00:00,190,2010-06-29 00:00:00,185,190,7,4200,796500,2010-06-29 00:00:00,1
2010-06-30 00:00:00,2010-06-30 00:00:00,190,2010-06-30 00:00:00,190,190,3,900,171000,2010-06-30 00:00:00,1
2010-07-01 00:00:00,2010-07-01 00:00:00,190,2010-07-01 00:00:00,190,190,9,13700,2603000,2010-07-01 00:00:00,1
2010-07-02 00:00:00,2010-07-02 00:00:00,200,2010-07-02 00:00:00,190,199.5,7,4700,914325,2010-07-02 00:00:00,1
2010-07-05 00:00:00,2010-07-05 00:00:00,205,2010-07-05 00:00:00,199.5,205,10,15100,3077975,2010-07-05 00:00:00,1
2010-07-06 00:00:00,2010-07-06 00:00:00,190.25,2010-07-06 00:00:00,190,190,2,500,95025,2010-07-06 00:00:00,1
2010-07-07 00:00:00,2010-07-07 00:00:00,190.25,2010-07-07 00:00:00,190,190,4,2300,437075,2010-07-07 00:00:00,1
2010-07-08 00:00:00,2010-07-08 00:00:00,190,2010-07-08 00:00:00,189,190,4,2800,531900,2010-07-08 00:00:00,1
2010-07-09 00:00:00,2010-07-09 00:00:00,190,2010-07-09 00:00:00,190,190,7,10000,1900000,2010-07-09 00:00:00,1
2010-07-12 00:00:00,2010-07-12 00:00:00,190,2010-07-12 00:00:00,190,190,6,3100,589000,2010-07-12 00:00:00,1
2010-07-13 00:00:00,2010-07-13 00:00:00,193.5,2010-07-13 00:00:00,190.25,191,9,4800,917375,2010-07-13 00:00:00,1
2010-07-14 00:00:00,2010-07-14 00:00:00,191,2010-07-14 00:00:00,190.25,190.25,5,3000,572400,2010-07-14 00:00:00,1
2010-07-15 00:00:00,2010-07-15 00:00:00,190.5,2010-07-15 00:00:00,190.5,190.5,5,700,133350,2010-07-15 00:00:00,1
2010-07-19 00:00:00,2010-07-19 00:00:00,195.5,2010-07-19 00:00:00,190.5,191.25,7,4400,839200,2010-07-19 00:00:00,1
2010-07-20 00:00:00,2010-07-20 00:00:00,191.5,2010-07-20 00:00:00,191,191,5,3400,649525,2010-07-20 00:00:00,1
2010-07-21 00:00:00,2010-07-21 00:00:00,200,2010-07-21 00:00:00,191.5,200,13,6700,1328050,2010-07-21 00:00:00,1
2010-07-22 00:00:00,2010-07-22 00:00:00,200,2010-07-22 00:00:00,200,200,15,4200,840000,2010-07-22 00:00:00,1
2010-07-23 00:00:00,2010-07-23 00:00:00,200,2010-07-23 00:00:00,200,200,4,1000,200000,2010-07-23 00:00:00,1
2010-07-26 00:00:00,2010-07-26 00:00:00,200.25,2010-07-26 00:00:00,200,200.25,3,1600,320250,2010-07-26 00:00:00,1
2010-07-27 00:00:00,2010-07-27 00:00:00,200.25,2010-07-27 00:00:00,200,200,13,5500,1100675,2010-07-27 00:00:00,1
2010-07-28 00:00:00,2010-07-28 00:00:00,205,2010-07-28 00:00:00,200,200,5,10300,2104750,2010-07-28 00:00:00,1
2010-07-29 00:00:00,2010-07-29 00:00:00,205,2010-07-29 00:00:00,200,200,3,400,81000,2010-07-29 00:00:00,1
2010-07-30 00:00:00,2010-07-30 00:00:00,230.25,2010-07-30 00:00:00,200,200,11,4700,950100,2010-07-30 00:00:00,1
2010-08-02 00:00:00,2010-08-02 00:00:00,205,2010-08-02 00:00:00,200,201.3,10,1700,341890,2010-08-02 00:00:00,1
2010-08-03 00:00:00,2010-08-03 00:00:00,201.2,2010-08-03 00:00:00,200,200,4,7300,1462640,2010-08-03 00:00:00,1
2010-08-04 00:00:00,2010-08-04 00:00:00,198,2010-08-04 00:00:00,198,198,1,100,19800,2010-08-04 00:00:00,1
2010-08-05 00:00:00,2010-08-05 00:00:00,200,2010-08-05 00:00:00,198,199.5,6,9600,1915600,2010-08-05 00:00:00,1
2010-08-06 00:00:00,2010-08-06 00:00:00,200,2010-08-06 00:00:00,200,200,3,700,140000,2010-08-06 00:00:00,1
2010-08-09 00:00:00,2010-08-09 00:00:00,189,2010-08-09 00:00:00,180,187,3,300,55400,2010-08-09 00:00:00,1
2010-08-10 00:00:00,2010-08-10 00:00:00,190,2010-08-10 00:00:00,187,190,8,4600,870500,2010-08-10 00:00:00,1
2010-08-11 00:00:00,2010-08-11 00:00:00,185.1,2010-08-11 00:00:00,185,185.1,2,200,37010,2010-08-11 00:00:00,1
2010-08-12 00:00:00,2010-08-12 00:00:00,185,2010-08-12 00:00:00,180.1,184.6,16,6600,1218060,2010-08-12 00:00:00,1
2010-08-16 00:00:00,2010-08-16 00:00:00,190,2010-08-16 00:00:00,190,190,1,500,95000,2010-08-16 00:00:00,1
2010-08-17 00:00:00,2010-08-17 00:00:00,185,2010-08-17 00:00:00,185,185,1,100,18500,2010-08-17 00:00:00,1
2010-08-18 00:00:00,2010-08-18 00:00:00,190,2010-08-18 00:00:00,190,190,8,2300,437000,2010-08-18 00:00:00,1
2010-08-19 00:00:00,2010-08-19 00:00:00,200,2010-08-19 00:00:00,195.1,198.5,8,3400,674780,2010-08-19 00:00:00,1
2010-08-20 00:00:00,2010-08-20 00:00:00,195,2010-08-20 00:00:00,190,191.9,6,10200,1963000,2010-08-20 00:00:00,1
2010-08-25 00:00:00,2010-08-25 00:00:00,200,2010-08-25 00:00:00,190,199,11,6100,1185230,2010-08-25 00:00:00,1
2010-08-26 00:00:00,2010-08-26 00:00:00,198.1,2010-08-26 00:00:00,195.1,195.1,5,3000,592600,2010-08-26 00:00:00,1
2010-08-27 00:00:00,2010-08-27 00:00:00,198,2010-08-27 00:00:00,195,198,4,1700,331800,2010-08-27 00:00:00,1
2010-08-31 00:00:00,2010-08-31 00:00:00,205,2010-08-31 00:00:00,200,205,3,1300,265490,2010-08-31 00:00:00,1
2010-09-01 00:00:00,2010-09-01 00:00:00,205,2010-09-01 00:00:00,205,205,3,800,164000,2010-09-01 00:00:00,1
2010-09-02 00:00:00,2010-09-02 00:00:00,205,2010-09-02 00:00:00,195.1,200,19,39700,7962860,2010-09-02 00:00:00,1
2010-09-03 00:00:00,2010-09-03 00:00:00,220,2010-09-03 00:00:00,205,219.9,23,74200,16120850,2010-09-03 00:00:00,1
2010-09-06 00:00:00,2010-09-06 00:00:00,240,2010-09-06 00:00:00,230,230.1,16,17400,4004910,2010-09-06 00:00:00,1
2010-09-07 00:00:00,2010-09-07 00:00:00,230,2010-09-07 00:00:00,230,230,1,1000,230000,2010-09-07 00:00:00,1
2010-09-08 00:00:00,2010-09-08 00:00:00,235,2010-09-08 00:00:00,230,230,2,200,46500,2010-09-08 00:00:00,1
2010-09-09 00:00:00,2010-09-09 00:00:00,231,2010-09-09 00:00:00,227.7,227.7,4,1600,368070,2010-09-09 00:00:00,1
2010-09-13 00:00:00,2010-09-13 00:00:00,239,2010-09-13 00:00:00,220,235,22,30600,7164880,2010-09-13 00:00:00,1
2010-09-14 00:00:00,2010-09-14 00:00:00,239.9,2010-09-14 00:00:00,230,237.8,35,35100,8136030,2010-09-14 00:00:00,1
2010-09-15 00:00:00,2010-09-15 00:00:00,244,2010-09-15 00:00:00,235,235,2,700,165400,2010-09-15 00:00:00,1
2010-09-16 00:00:00,2010-09-16 00:00:00,235,2010-09-16 00:00:00,235,235,8,3900,916500,2010-09-16 00:00:00,1
2010-09-17 00:00:00,2010-09-17 00:00:00,240,2010-09-17 00:00:00,235,236,6,3200,752700,2010-09-17 00:00:00,1
2010-09-20 00:00:00,2010-09-20 00:00:00,299,2010-09-20 00:00:00,237,290.5,58,32800,8895400,2010-09-20 00:00:00,1
2010-09-21 00:00:00,2010-09-21 00:00:00,395,2010-09-21 00:00:00,295,350.9,46,27000,9063690,2010-09-21 00:00:00,1
2010-09-23 00:00:00,2010-09-23 00:00:00,475,2010-09-23 00:00:00,350,442.4,108,43600,18049800,2010-09-23 00:00:00,1
2010-09-24 00:00:00,2010-09-24 00:00:00,450,2010-09-24 00:00:00,438.8,439.4,21,6100,2717140,2010-09-24 00:00:00,1
2010-09-27 00:00:00,2010-09-27 00:00:00,400,2010-09-27 00:00:00,360,372.7,8,1700,645250,2010-09-27 00:00:00,1
2010-09-28 00:00:00,2010-09-28 00:00:00,350,2010-09-28 00:00:00,299.9,313.3,17,6500,2170400,2010-09-28 00:00:00,1
2010-09-29 00:00:00,2010-09-29 00:00:00,360,2010-09-29 00:00:00,320,320.7,5,600,204130,2010-09-29 00:00:00,1
2010-09-30 00:00:00,2010-09-30 00:00:00,339,2010-09-30 00:00:00,300,303.9,24,5800,1801050,2010-09-30 00:00:00,1
2010-10-01 00:00:00,2010-10-01 00:00:00,325,2010-10-01 00:00:00,325,325,2,2100,682500,2010-10-01 00:00:00,1
2010-10-04 00:00:00,2010-10-04 00:00:00,300,2010-10-04 00:00:00,300,300,2,500,150000,2010-10-04 00:00:00,1
2010-10-05 00:00:00,2010-10-05 00:00:00,324.5,2010-10-05 00:00:00,285,303,19,3500,1040030,2010-10-05 00:00:00,1
2010-10-06 00:00:00,2010-10-06 00:00:00,325,2010-10-06 00:00:00,300,300,9,2500,782760,2010-10-06 00:00:00,1
2010-10-07 00:00:00,2010-10-07 00:00:00,295,2010-10-07 00:00:00,290,290.5,7,1800,525610,2010-10-07 00:00:00,1
2010-10-11 00:00:00,2010-10-11 00:00:00,318.5,2010-10-11 00:00:00,299.9,300,11,4300,1291890,2010-10-11 00:00:00,1
2010-10-13 00:00:00,2010-10-13 00:00:00,275,2010-10-13 00:00:00,275,275,5,1200,330000,2010-10-13 00:00:00,1
2010-10-14 00:00:00,2010-10-14 00:00:00,300,2010-10-14 00:00:00,252,283.7,8,3000,850200,2010-10-14 00:00:00,1
2010-10-18 00:00:00,2010-10-18 00:00:00,294.9,2010-10-18 00:00:00,275,275,2,800,225970,2010-10-18 00:00:00,1
2010-10-19 00:00:00,2010-10-19 00:00:00,289.7,2010-10-19 00:00:00,220,275.1,8,2600,725670,2010-10-19 00:00:00,1
2010-10-20 00:00:00,2010-10-20 00:00:00,285,2010-10-20 00:00:00,275,285,5,1600,442950,2010-10-20 00:00:00,1
2010-10-21 00:00:00,2010-10-21 00:00:00,300,2010-10-21 00:00:00,290,292.4,6,2800,818700,2010-10-21 00:00:00,1
2010-10-25 00:00:00,2010-10-25 00:00:00,275,2010-10-25 00:00:00,230,270,10,5800,1472850,2010-10-25 00:00:00,1
2010-10-26 00:00:00,2010-10-26 00:00:00,270,2010-10-26 00:00:00,245.6,267.5,8,6600,1763590,2010-10-26 00:00:00,1
2010-10-27 00:00:00,2010-10-27 00:00:00,270,2010-10-27 00:00:00,260,260.1,4,700,184010,2010-10-27 00:00:00,1
2010-10-29 00:00:00,2010-10-29 00:00:00,246.1,2010-10-29 00:00:00,245.5,245.9,4,700,172120,2010-10-29 00:00:00,1
2010-11-01 00:00:00,2010-11-01 00:00:00,295,2010-11-01 00:00:00,270,288.8,5,800,231000,2010-11-01 00:00:00,1
2010-11-02 00:00:00,2010-11-02 00:00:00,289.9,2010-11-02 00:00:00,289.9,289.9,1,100,28990,2010-11-02 00:00:00,1
2010-11-08 00:00:00,2010-11-08 00:00:00,275,2010-11-08 00:00:00,275,275,1,100,27500,2010-11-08 00:00:00,1
2010-11-10 00:00:00,2010-11-10 00:00:00,275,2010-11-10 00:00:00,260,274.9,11,16200,4452500,2010-11-10 00:00:00,1
2010-11-12 00:00:00,2010-11-12 00:00:00,275,2010-11-12 00:00:00,270,275,4,3700,1007000,2010-11-12 00:00:00,1
2010-11-15 00:00:00,2010-11-15 00:00:00,289,2010-11-15 00:00:00,240,255.1,8,10500,2770410,2010-11-15 00:00:00,1
2010-11-16 00:00:00,2010-11-16 00:00:00,255,2010-11-16 00:00:00,255,255,1,100,25500,2010-11-16 00:00:00,1
2010-11-18 00:00:00,2010-11-18 00:00:00,299.9,2010-11-18 00:00:00,237,276.8,21,16900,4640860,2010-11-18 00:00:00,1
2010-11-22 00:00:00,2010-11-22 00:00:00,297.7,2010-11-22 00:00:00,275,286.8,10,2800,797050,2010-11-22 00:00:00,1
2010-11-23 00:00:00,2010-11-23 00:00:00,270,2010-11-23 00:00:00,244.1,270,19,8900,2400410,2010-11-23 00:00:00,1
2010-11-24 00:00:00,2010-11-24 00:00:00,285,2010-11-24 00:00:00,275,275,25,26000,7198760,2010-11-24 00:00:00,1
2010-11-26 00:00:00,2010-11-26 00:00:00,270,2010-11-26 00:00:00,270,270,2,2000,540000,2010-11-26 00:00:00,1
2010-11-29 00:00:00,2010-11-29 00:00:00,270,2010-11-29 00:00:00,270,270,6,5900,1593000,2010-11-29 00:00:00,1
2010-11-30 00:00:00,2010-11-30 00:00:00,299.5,2010-11-30 00:00:00,270,275.5,16,7700,2144700,2010-11-30 00:00:00,1
2010-12-01 00:00:00,2010-12-01 00:00:00,275,2010-12-01 00:00:00,275,275,1,100,27500,2010-12-01 00:00:00,1
2010-12-02 00:00:00,2010-12-02 00:00:00,275,2010-12-02 00:00:00,275,275,1,1000,275000,2010-12-02 00:00:00,1
2010-12-06 00:00:00,2010-12-06 00:00:00,298.9,2010-12-06 00:00:00,275,286.3,5,1100,314950,2010-12-06 00:00:00,1
2010-12-08 00:00:00,2010-12-08 00:00:00,285.9,2010-12-08 00:00:00,270,275,12,2800,773300,2010-12-08 00:00:00,1
2010-12-09 00:00:00,2010-12-09 00:00:00,270,2010-12-09 00:00:00,270,270,1,1400,378000,2010-12-09 00:00:00,1
2010-12-10 00:00:00,2010-12-10 00:00:00,271,2010-12-10 00:00:00,270,270.2,5,1500,405100,2010-12-10 00:00:00,1
2010-12-13 00:00:00,2010-12-13 00:00:00,291.5,2010-12-13 00:00:00,250,262.9,22,8500,2367400,2010-12-13 00:00:00,1
2010-12-14 00:00:00,2010-12-14 00:00:00,265,2010-12-14 00:00:00,260,265,6,700,185000,2010-12-14 00:00:00,1
2010-12-15 00:00:00,2010-12-15 00:00:00,255.8,2010-12-15 00:00:00,255.8,255.8,1,100,25580,2010-12-15 00:00:00,1
2010-12-16 00:00:00,2010-12-16 00:00:00,265,2010-12-16 00:00:00,265,265,4,1500,397500,2010-12-16 00:00:00,1
2010-12-17 00:00:00,2010-12-17 00:00:00,255,2010-12-17 00:00:00,255,255,1,300,76500,2010-12-17 00:00:00,1
2010-12-21 00:00:00,2010-12-21 00:00:00,260,2010-12-21 00:00:00,260,260,1,200,52000,2010-12-21 00:00:00,1
2010-12-22 00:00:00,2010-12-22 00:00:00,255,2010-12-22 00:00:00,255,255,1,200,51000,2010-12-22 00:00:00,1
2010-12-27 00:00:00,2010-12-27 00:00:00,289.5,2010-12-27 00:00:00,255,277.9,12,4300,1181260,2010-12-27 00:00:00,1
2010-12-29 00:00:00,2010-12-29 00:00:00,280,2010-12-29 00:00:00,257,279.7,12,4100,1112560,2010-12-29 00:00:00,1
2010-12-30 00:00:00,2010-12-30 00:00:00,280,2010-12-30 00:00:00,253,263,9,1900,493330,2010-12-30 00:00:00,1
2010-12-31 00:00:00,2010-12-31 00:00:00,270,2010-12-31 00:00:00,270,270,7,11600,3132000,2010-12-31 00:00:00,1
Company Id,:  CINV,Security Type :N,,Sub Type : 0000,,,,,,
Short Name,:  CEYLON INV.,,,,,,,,,
Day,Date High,High,Date Low,Low,Closing,No. of Trades,No. of Shares,Turnover,Last Traded,Days Traded
2010-01-04 00:00:00,2010-01-04 00:00:00,315,2010-01-04 00:00:00,250,300.5,86,35200,10002700,2010-01-04 00:00:00,1
2010-01-05 00:00:00,2010-01-05 00:00:00,335,2010-01-05 00:00:00,282.5,308.75,72,18500,5792600,2010-01-05 00:00:00,1
2010-01-06 00:00:00,2010-01-06 00:00:00,300,2010-01-06 00:00:00,282,287,39,12700,3671750,2010-01-06 00:00:00,1
2010-01-07 00:00:00,2010-01-07 00:00:00,285,2010-01-07 00:00:00,265,282.75,50,11800,3261250,2010-01-07 00:00:00,1
2010-01-08 00:00:00,2010-01-08 00:00:00,285,2010-01-08 00:00:00,279,280.5,30,11800,3312075,2010-01-08 00:00:00,1
2010-01-11 00:00:00,2010-01-11 00:00:00,280,2010-01-11 00:00:00,264,264.75,22,5700,1525450,2010-01-11 00:00:00,1
2010-01-12 00:00:00,2010-01-12 00:00:00,273,2010-01-12 00:00:00,252,268.25,71,37100,9801525,2010-01-12 00:00:00,1
2010-01-13 00:00:00,2010-01-13 00:00:00,270,2010-01-13 00:00:00,265,267.75,4,400,106525,2010-01-13 00:00:00,1
2010-01-15 00:00:00,2010-01-15 00:00:00,268,2010-01-15 00:00:00,265,265,4,2300,610000,2010-01-15 00:00:00,1
2010-01-18 00:00:00,2010-01-18 00:00:00,266,2010-01-18 00:00:00,260,260.5,13,5400,1423300,2010-01-18 00:00:00,1
2010-01-19 00:00:00,2010-01-19 00:00:00,255,2010-01-19 00:00:00,250,250.5,27,10500,2641825,2010-01-19 00:00:00,1
2010-01-20 00:00:00,2010-01-20 00:00:00,256,2010-01-20 00:00:00,250,255.25,4,800,202300,2010-01-20 00:00:00,1
2010-01-21 00:00:00,2010-01-21 00:00:00,250,2010-01-21 00:00:00,250,250,2,5500,1375000,2010-01-21 00:00:00,1
2010-01-22 00:00:00,2010-01-22 00:00:00,251,2010-01-22 00:00:00,251,251,1,3000,753000,2010-01-22 00:00:00,1
2010-01-25 00:00:00,2010-01-25 00:00:00,274.75,2010-01-25 00:00:00,255,265.25,17,10600,2774725,2010-01-25 00:00:00,1
2010-01-26 00:00:00,2010-01-26 00:00:00,278.75,2010-01-26 00:00:00,266,275,17,7100,1943150,2010-01-26 00:00:00,1
2010-01-28 00:00:00,2010-01-28 00:00:00,280,2010-01-28 00:00:00,250,278.75,31,16500,4482325,2010-01-28 00:00:00,1
2010-02-01 00:00:00,2010-02-01 00:00:00,280.25,2010-02-01 00:00:00,275,279.75,40,34600,9631375,2010-02-01 00:00:00,1
2010-02-02 00:00:00,2010-02-02 00:00:00,281,2010-02-02 00:00:00,275,275,19,10000,2789500,2010-02-02 00:00:00,1
2010-02-03 00:00:00,2010-02-03 00:00:00,280,2010-02-03 00:00:00,275,275,13,11600,3207500,2010-02-03 00:00:00,1
2010-02-05 00:00:00,2010-02-05 00:00:00,285,2010-02-05 00:00:00,275,275.5,24,12400,3478200,2010-02-05 00:00:00,1
2010-02-08 00:00:00,2010-02-08 00:00:00,276,2010-02-08 00:00:00,270.25,274.5,10,8300,2286575,2010-02-08 00:00:00,1
2010-02-09 00:00:00,2010-02-09 00:00:00,270,2010-02-09 00:00:00,263,263.25,8,1400,375075,2010-02-09 00:00:00,1
2010-02-10 00:00:00,2010-02-10 00:00:00,263.25,2010-02-10 00:00:00,263.25,263.25,1,100,26325,2010-02-10 00:00:00,1
2010-02-11 00:00:00,2010-02-11 00:00:00,261.25,2010-02-11 00:00:00,255,257.5,5,600,155625,2010-02-11 00:00:00,1
2010-02-12 00:00:00,2010-02-12 00:00:00,260,2010-02-12 00:00:00,250,251.25,10,2600,656100,2010-02-12 00:00:00,1
2010-02-15 00:00:00,2010-02-15 00:00:00,275,2010-02-15 00:00:00,260,274.75,16,14200,3884400,2010-02-15 00:00:00,1
2010-02-16 00:00:00,2010-02-16 00:00:00,275,2010-02-16 00:00:00,260,260,12,5700,1541000,2010-02-16 00:00:00,1
2010-02-17 00:00:00,2010-02-17 00:00:00,267,2010-02-17 00:00:00,265,266.25,2,300,79900,2010-02-17 00:00:00,1
2010-02-18 00:00:00,2010-02-18 00:00:00,290,2010-02-18 00:00:00,265.25,279.5,45,23200,6508275,2010-02-18 00:00:00,1
2010-02-19 00:00:00,2010-02-19 00:00:00,271,2010-02-19 00:00:00,260,270,6,2200,586225,2010-02-19 00:00:00,1
2010-02-22 00:00:00,2010-02-22 00:00:00,271,2010-02-22 00:00:00,271,271,1,100,27100,2010-02-22 00:00:00,1
2010-02-23 00:00:00,2010-02-23 00:00:00,272,2010-02-23 00:00:00,271,271.25,4,900,244200,2010-02-23 00:00:00,1
2010-02-24 00:00:00,2010-02-24 00:00:00,290,2010-02-24 00:00:00,266,270.25,19,6400,1804300,2010-02-24 00:00:00,1
2010-02-26 00:00:00,2010-02-26 00:00:00,285,2010-02-26 00:00:00,280,284,4,500,142000,2010-02-26 00:00:00,1
2010-03-01 00:00:00,2010-03-01 00:00:00,289.5,2010-03-01 00:00:00,289,289.25,5,600,173625,2010-03-01 00:00:00,1
2010-03-02 00:00:00,2010-03-02 00:00:00,288,2010-03-02 00:00:00,285,287.75,8,6500,1866375,2010-03-02 00:00:00,1
2010-03-03 00:00:00,2010-03-03 00:00:00,288.5,2010-03-03 00:00:00,188,277,11,3700,907700,2010-03-03 00:00:00,1
2010-03-04 00:00:00,2010-03-04 00:00:00,277,2010-03-04 00:00:00,277,277,1,400,110800,2010-03-04 00:00:00,1
2010-03-05 00:00:00,2010-03-05 00:00:00,287,2010-03-05 00:00:00,280,280,4,2900,814800,2010-03-05 00:00:00,1
2010-03-08 00:00:00,2010-03-08 00:00:00,295,2010-03-08 00:00:00,285,285,24,9500,2755200,2010-03-08 00:00:00,1
2010-03-09 00:00:00,2010-03-09 00:00:00,285,2010-03-09 00:00:00,270,277.5,6,1800,505500,2010-03-09 00:00:00,1
2010-03-10 00:00:00,2010-03-10 00:00:00,284.75,2010-03-10 00:00:00,275,276.75,9,1700,468475,2010-03-10 00:00:00,1
2010-03-11 00:00:00,2010-03-11 00:00:00,275,2010-03-11 00:00:00,275,275,2,200,55000,2010-03-11 00:00:00,1
2010-03-12 00:00:00,2010-03-12 00:00:00,275.25,2010-03-12 00:00:00,275,275.25,5,700,192575,2010-03-12 00:00:00,1
2010-03-15 00:00:00,2010-03-15 00:00:00,280,2010-03-15 00:00:00,275.25,280,5,1700,475050,2010-03-15 00:00:00,1
2010-03-16 00:00:00,2010-03-16 00:00:00,275,2010-03-16 00:00:00,275,275,3,400,110000,2010-03-16 00:00:00,1
2010-03-19 00:00:00,2010-03-19 00:00:00,275,2010-03-19 00:00:00,273,274.5,6,1800,494800,2010-03-19 00:00:00,1
2010-03-22 00:00:00,2010-03-22 00:00:00,275,2010-03-22 00:00:00,270,271.5,6,4700,1276500,2010-03-22 00:00:00,1
2010-03-23 00:00:00,2010-03-23 00:00:00,271,2010-03-23 00:00:00,270,270.25,5,4200,1134800,2010-03-23 00:00:00,1
2010-03-24 00:00:00,2010-03-24 00:00:00,270,2010-03-24 00:00:00,270,270,6,18800,5076000,2010-03-24 00:00:00,1
2010-03-25 00:00:00,2010-03-25 00:00:00,273.75,2010-03-25 00:00:00,272,273.25,2,300,81950,2010-03-25 00:00:00,1
2010-03-26 00:00:00,2010-03-26 00:00:00,278,2010-03-26 00:00:00,275,277.25,4,800,221800,2010-03-26 00:00:00,1
2010-03-30 00:00:00,2010-03-30 00:00:00,280,2010-03-30 00:00:00,280,280,1,100,28000,2010-03-30 00:00:00,1
2010-03-31 00:00:00,2010-03-31 00:00:00,271,2010-03-31 00:00:00,271,271,2,700,189700,2010-03-31 00:00:00,1
2010-04-06 00:00:00,2010-04-06 00:00:00,290,2010-04-06 00:00:00,280,290,15,6400,1835575,2010-04-06 00:00:00,1
2010-04-07 00:00:00,2010-04-07 00:00:00,290,2010-04-07 00:00:00,290,290,7,6200,1798000,2010-04-07 00:00:00,1
2010-04-08 00:00:00,2010-04-08 00:00:00,294.75,2010-04-08 00:00:00,290,292.75,6,1400,408575,2010-04-08 00:00:00,1
2010-04-12 00:00:00,2010-04-12 00:00:00,295,2010-04-12 00:00:00,281,291.5,4,400,116600,2010-04-12 00:00:00,1
2010-04-15 00:00:00,2010-04-15 00:00:00,296.75,2010-04-15 00:00:00,292,295.75,6,1700,503450,2010-04-15 00:00:00,1
2010-04-16 00:00:00,2010-04-16 00:00:00,297,2010-04-16 00:00:00,281.25,282,7,1200,346925,2010-04-16 00:00:00,1
2010-04-19 00:00:00,2010-04-19 00:00:00,297,2010-04-19 00:00:00,296.75,296.75,7,3500,1039175,2010-04-19 00:00:00,1
2010-04-20 00:00:00,2010-04-20 00:00:00,298,2010-04-20 00:00:00,295,297,7,2200,652550,2010-04-20 00:00:00,1
2010-04-21 00:00:00,2010-04-21 00:00:00,300,2010-04-21 00:00:00,298,299,8,1900,568675,2010-04-21 00:00:00,1
2010-04-22 00:00:00,2010-04-22 00:00:00,298,2010-04-22 00:00:00,295,298,9,3600,1069400,2010-04-22 00:00:00,1
2010-04-23 00:00:00,2010-04-23 00:00:00,295,2010-04-23 00:00:00,295,295,1,400,118000,2010-04-23 00:00:00,1
2010-04-26 00:00:00,2010-04-26 00:00:00,296,2010-04-26 00:00:00,295,296,6,1900,561000,2010-04-26 00:00:00,1
2010-04-27 00:00:00,2010-04-27 00:00:00,292.5,2010-04-27 00:00:00,292.5,292.5,1,200,58500,2010-04-27 00:00:00,1
2010-04-29 00:00:00,2010-04-29 00:00:00,300,2010-04-29 00:00:00,299,299.25,7,4000,1197000,2010-04-29 00:00:00,1
2010-04-30 00:00:00,2010-04-30 00:00:00,325,2010-04-30 00:00:00,300,319,28,9900,3037800,2010-04-30 00:00:00,1
2010-05-03 00:00:00,2010-05-03 00:00:00,340,2010-05-03 00:00:00,319,334,26,16000,5173725,2010-05-03 00:00:00,1
2010-05-04 00:00:00,2010-05-04 00:00:00,334,2010-05-04 00:00:00,330,330,5,2100,696200,2010-05-04 00:00:00,1
2010-05-05 00:00:00,2010-05-05 00:00:00,325,2010-05-05 00:00:00,325,325,8,2000,650000,2010-05-05 00:00:00,1
2010-05-06 00:00:00,2010-05-06 00:00:00,325,2010-05-06 00:00:00,325,325,1,1000,325000,2010-05-06 00:00:00,1
2010-05-07 00:00:00,2010-05-07 00:00:00,325,2010-05-07 00:00:00,315,315,3,400,128900,2010-05-07 00:00:00,1
2010-05-10 00:00:00,2010-05-10 00:00:00,315,2010-05-10 00:00:00,315,315,10,2500,787500,2010-05-10 00:00:00,1
2010-05-11 00:00:00,2010-05-11 00:00:00,324,2010-05-11 00:00:00,320,320,5,700,224400,2010-05-11 00:00:00,1
2010-05-12 00:00:00,2010-05-12 00:00:00,320,2010-05-12 00:00:00,320,320,6,1900,608000,2010-05-12 00:00:00,1
2010-05-14 00:00:00,2010-05-14 00:00:00,307,2010-05-14 00:00:00,307,307,1,100,30700,2010-05-14 00:00:00,1
2010-05-17 00:00:00,2010-05-17 00:00:00,301,2010-05-17 00:00:00,301,301,1,100,30100,2010-05-17 00:00:00,1
2010-05-18 00:00:00,2010-05-18 00:00:00,300.5,2010-05-18 00:00:00,300.5,300.5,1,200,60100,2010-05-18 00:00:00,1
2010-05-19 00:00:00,2010-05-19 00:00:00,309,2010-05-19 00:00:00,309,309,1,100,30900,2010-05-19 00:00:00,1
2010-05-20 00:00:00,2010-05-20 00:00:00,309,2010-05-20 00:00:00,309,309,1,100,30900,2010-05-20 00:00:00,1
2010-05-21 00:00:00,2010-05-21 00:00:00,309,2010-05-21 00:00:00,300,300.25,15,5500,1653800,2010-05-21 00:00:00,1
2010-05-24 00:00:00,2010-05-24 00:00:00,300.5,2010-05-24 00:00:00,300,300,5,10900,3275025,2010-05-24 00:00:00,1
2010-05-25 00:00:00,2010-05-25 00:00:00,300,2010-05-25 00:00:00,300,300,2,200,60000,2010-05-25 00:00:00,1
2010-05-31 00:00:00,2010-05-31 00:00:00,300,2010-05-31 00:00:00,300,300,3,300,90000,2010-05-31 00:00:00,1
2010-06-01 00:00:00,2010-06-01 00:00:00,300,2010-06-01 00:00:00,298.25,300,4,1000,299300,2010-06-01 00:00:00,1
2010-06-02 00:00:00,2010-06-02 00:00:00,299,2010-06-02 00:00:00,296,298.5,3,1300,388100,2010-06-02 00:00:00,1
2010-06-03 00:00:00,2010-06-03 00:00:00,310,2010-06-03 00:00:00,300,300.75,6,4800,1443900,2010-06-03 00:00:00,1
2010-06-04 00:00:00,2010-06-04 00:00:00,305,2010-06-04 00:00:00,300,301.5,8,1700,513325,2010-06-04 00:00:00,1
2010-06-07 00:00:00,2010-06-07 00:00:00,305,2010-06-07 00:00:00,300,301.5,8,3500,1052500,2010-06-07 00:00:00,1
2010-06-08 00:00:00,2010-06-08 00:00:00,302,2010-06-08 00:00:00,301.5,301.5,6,4100,1236250,2010-06-08 00:00:00,1
2010-06-09 00:00:00,2010-06-09 00:00:00,300,2010-06-09 00:00:00,300,300,1,100,30000,2010-06-09 00:00:00,1
2010-06-10 00:00:00,2010-06-10 00:00:00,305,2010-06-10 00:00:00,297.5,305,3,700,211250,2010-06-10 00:00:00,1
2010-06-11 00:00:00,2010-06-11 00:00:00,320,2010-06-11 00:00:00,314.5,316.25,8,4100,1296250,2010-06-11 00:00:00,1
2010-06-14 00:00:00,2010-06-14 00:00:00,335,2010-06-14 00:00:00,324,324.75,10,5200,1699100,2010-06-14 00:00:00,1
2010-06-15 00:00:00,2010-06-15 00:00:00,322,2010-06-15 00:00:00,320,321,3,800,256800,2010-06-15 00:00:00,1
2010-06-21 00:00:00,2010-06-21 00:00:00,315,2010-06-21 00:00:00,315,315,4,400,126000,2010-06-21 00:00:00,1
2010-06-22 00:00:00,2010-06-22 00:00:00,315,2010-06-22 00:00:00,315,315,2,200,63000,2010-06-22 00:00:00,1
2010-06-23 00:00:00,2010-06-23 00:00:00,315,2010-06-23 00:00:00,305,305,2,200,62000,2010-06-23 00:00:00,1
2010-06-24 00:00:00,2010-06-24 00:00:00,310,2010-06-24 00:00:00,305,308.75,5,1400,429500,2010-06-24 00:00:00,1
2010-06-28 00:00:00,2010-06-28 00:00:00,300,2010-06-28 00:00:00,300,300,1,100,30000,2010-06-28 00:00:00,1
2010-06-29 00:00:00,2010-06-29 00:00:00,305,2010-06-29 00:00:00,300,305,5,4900,1491000,2010-06-29 00:00:00,1
2010-06-30 00:00:00,2010-06-30 00:00:00,300.5,2010-06-30 00:00:00,300,300.5,3,2500,750100,2010-06-30 00:00:00,1
2010-07-01 00:00:00,2010-07-01 00:00:00,300,2010-07-01 00:00:00,300,300,2,700,210000,2010-07-01 00:00:00,1
2010-07-02 00:00:00,2010-07-02 00:00:00,300,2010-07-02 00:00:00,300,300,1,500,150000,2010-07-02 00:00:00,1
2010-07-05 00:00:00,2010-07-05 00:00:00,300,2010-07-05 00:00:00,295,295,3,3200,952450,2010-07-05 00:00:00,1
2010-07-07 00:00:00,2010-07-07 00:00:00,285,2010-07-07 00:00:00,275,285,5,4400,1215950,2010-07-07 00:00:00,1
2010-07-08 00:00:00,2010-07-08 00:00:00,299.75,2010-07-08 00:00:00,299.75,299.75,1,100,29975,2010-07-08 00:00:00,1
2010-07-09 00:00:00,2010-07-09 00:00:00,295,2010-07-09 00:00:00,295,295,1,200,59000,2010-07-09 00:00:00,1
2010-07-13 00:00:00,2010-07-13 00:00:00,300,2010-07-13 00:00:00,280.25,293.25,4,500,146000,2010-07-13 00:00:00,1
2010-07-14 00:00:00,2010-07-14 00:00:00,300,2010-07-14 00:00:00,300,300,3,1600,480000,2010-07-14 00:00:00,1
2010-07-15 00:00:00,2010-07-15 00:00:00,310,2010-07-15 00:00:00,300,308.5,7,5500,1687800,2010-07-15 00:00:00,1
2010-07-16 00:00:00,2010-07-16 00:00:00,310,2010-07-16 00:00:00,305,310,3,14100,4302500,2010-07-16 00:00:00,1
2010-07-19 00:00:00,2010-07-19 00:00:00,360,2010-07-19 00:00:00,314.75,353,66,34500,11744175,2010-07-19 00:00:00,1
2010-07-20 00:00:00,2010-07-20 00:00:00,403,2010-07-20 00:00:00,360,399.75,68,36200,14084200,2010-07-20 00:00:00,1
2010-07-21 00:00:00,2010-07-21 00:00:00,402,2010-07-21 00:00:00,365,400.25,21,10600,4220200,2010-07-21 00:00:00,1
2010-07-22 00:00:00,2010-07-22 00:00:00,415,2010-07-22 00:00:00,405,408,39,30800,12615300,2010-07-22 00:00:00,1
2010-07-23 00:00:00,2010-07-23 00:00:00,428,2010-07-23 00:00:00,410,420,45,43400,18208475,2010-07-23 00:00:00,1
2010-07-26 00:00:00,2010-07-26 00:00:00,425,2010-07-26 00:00:00,424,425,25,26700,11345950,2010-07-26 00:00:00,1
2010-07-27 00:00:00,2010-07-27 00:00:00,425,2010-07-27 00:00:00,420,423,22,15000,6354300,2010-07-27 00:00:00,1
2010-07-28 00:00:00,2010-07-28 00:00:00,430,2010-07-28 00:00:00,424,428.5,33,43600,18697500,2010-07-28 00:00:00,1
2010-07-29 00:00:00,2010-07-29 00:00:00,440,2010-07-29 00:00:00,414,427.75,19,6000,2599900,2010-07-29 00:00:00,1
2010-08-02 00:00:00,2010-08-02 00:00:00,429,2010-08-02 00:00:00,427,427,15,6300,2702090,2010-08-02 00:00:00,1
2010-08-03 00:00:00,2010-08-03 00:00:00,430,2010-08-03 00:00:00,410,420.7,7,9400,3997000,2010-08-03 00:00:00,1
2010-08-04 00:00:00,2010-08-04 00:00:00,410,2010-08-04 00:00:00,400,410,10,3300,1346300,2010-08-04 00:00:00,1
2010-08-05 00:00:00,2010-08-05 00:00:00,415,2010-08-05 00:00:00,390,393.8,23,6900,2755450,2010-08-05 00:00:00,1
2010-08-06 00:00:00,2010-08-06 00:00:00,425,2010-08-06 00:00:00,400,400,9,4000,1667500,2010-08-06 00:00:00,1
2010-08-09 00:00:00,2010-08-09 00:00:00,390,2010-08-09 00:00:00,375,380.5,26,6900,2643220,2010-08-09 00:00:00,1
2010-08-10 00:00:00,2010-08-10 00:00:00,415,2010-08-10 00:00:00,345,410,20,5500,2097100,2010-08-10 00:00:00,1
2010-08-11 00:00:00,2010-08-11 00:00:00,400,2010-08-11 00:00:00,389,389.9,13,2300,904400,2010-08-11 00:00:00,1
2010-08-12 00:00:00,2010-08-12 00:00:00,381.2,2010-08-12 00:00:00,380.1,381.2,3,1100,419100,2010-08-12 00:00:00,1
2010-08-13 00:00:00,2010-08-13 00:00:00,419.3,2010-08-13 00:00:00,419.3,419.3,1,100,41930,2010-08-13 00:00:00,1
2010-08-16 00:00:00,2010-08-16 00:00:00,461.2,2010-08-16 00:00:00,461.2,461.2,22,9300,4289160,2010-08-16 00:00:00,1
2010-08-17 00:00:00,2010-08-17 00:00:00,507.3,2010-08-17 00:00:00,489,494.2,214,68100,33734110,2010-08-17 00:00:00,1
2010-08-18 00:00:00,2010-08-18 00:00:00,500,2010-08-18 00:00:00,490,499.9,72,"2,086,500    1",",022,702,410.00",2010-08-18 00:00:00,1
2010-08-19 00:00:00,2010-08-19 00:00:00,525,2010-08-19 00:00:00,500,500,56,27600,13937780,2010-08-19 00:00:00,1
2010-08-20 00:00:00,2010-08-20 00:00:00,506,2010-08-20 00:00:00,490,493,29,8400,4176100,2010-08-20 00:00:00,1
2010-08-23 00:00:00,2010-08-23 00:00:00,491,2010-08-23 00:00:00,491,491,2,200,98200,2010-08-23 00:00:00,1
2010-08-25 00:00:00,2010-08-25 00:00:00,500,2010-08-25 00:00:00,485,485,13,7200,3591240,2010-08-25 00:00:00,1
2010-08-26 00:00:00,2010-08-26 00:00:00,494.9,2010-08-26 00:00:00,455,490,9,1800,875330,2010-08-26 00:00:00,1
2010-08-27 00:00:00,2010-08-27 00:00:00,489.9,2010-08-27 00:00:00,485,486.4,5,1400,680960,2010-08-27 00:00:00,1
2010-08-30 00:00:00,2010-08-30 00:00:00,495,2010-08-30 00:00:00,495,495,1,100,49500,2010-08-30 00:00:00,1
2010-08-31 00:00:00,2010-08-31 00:00:00,495,2010-08-31 00:00:00,458,485.3,28,5100,2426600,2010-08-31 00:00:00,1
2010-09-01 00:00:00,2010-09-01 00:00:00,500,2010-09-01 00:00:00,480,497.3,14,5700,2816000,2010-09-01 00:00:00,1
2010-09-02 00:00:00,2010-09-02 00:00:00,490,2010-09-02 00:00:00,480,489,9,1900,917500,2010-09-02 00:00:00,1
2010-09-03 00:00:00,2010-09-03 00:00:00,489.9,2010-09-03 00:00:00,480,480,16,13700,6585060,2010-09-03 00:00:00,1
2010-09-07 00:00:00,2010-09-07 00:00:00,490,2010-09-07 00:00:00,470,488.6,18,9500,4612950,2010-09-07 00:00:00,1
2010-09-08 00:00:00,2010-09-08 00:00:00,500,2010-09-08 00:00:00,480,485,15,3900,1892500,2010-09-08 00:00:00,1
2010-09-09 00:00:00,2010-09-09 00:00:00,500,2010-09-09 00:00:00,485,493.4,13,6700,3305500,2010-09-09 00:00:00,1
2010-09-13 00:00:00,2010-09-13 00:00:00,495,2010-09-13 00:00:00,490,490.1,14,13500,6660810,2010-09-13 00:00:00,1
2010-09-14 00:00:00,2010-09-14 00:00:00,490,2010-09-14 00:00:00,485,490,15,10800,5278500,2010-09-14 00:00:00,1
2010-09-15 00:00:00,2010-09-15 00:00:00,490,2010-09-15 00:00:00,447.5,480,14,5900,2855540,2010-09-15 00:00:00,1
2010-09-16 00:00:00,2010-09-16 00:00:00,500,2010-09-16 00:00:00,483,499.9,18,10500,5165210,2010-09-16 00:00:00,1
2010-09-17 00:00:00,2010-09-17 00:00:00,525,2010-09-17 00:00:00,500,513.9,64,57600,29873010,2010-09-17 00:00:00,1
2010-09-20 00:00:00,2010-09-20 00:00:00,550,2010-09-20 00:00:00,520,544,64,35500,18950040,2010-09-20 00:00:00,1
2010-09-21 00:00:00,2010-09-21 00:00:00,590,2010-09-21 00:00:00,569,581.7,41,5300,3074480,2010-09-21 00:00:00,1
2010-09-23 00:00:00,2010-09-23 00:00:00,640,2010-09-23 00:00:00,561.1,615,110,27100,16599120,2010-09-23 00:00:00,1
2010-09-24 00:00:00,2010-09-24 00:00:00,651,2010-09-24 00:00:00,630,634.7,90,22300,14312720,2010-09-24 00:00:00,1
2010-09-27 00:00:00,2010-09-27 00:00:00,660,2010-09-27 00:00:00,628,647.7,54,30200,19220780,2010-09-27 00:00:00,1
2010-09-28 00:00:00,2010-09-28 00:00:00,639.9,2010-09-28 00:00:00,620,630.9,27,29100,18390400,2010-09-28 00:00:00,1
2010-09-29 00:00:00,2010-09-29 00:00:00,625,2010-09-29 00:00:00,620.1,624.9,16,2300,1436760,2010-09-29 00:00:00,1
2010-09-30 00:00:00,2010-09-30 00:00:00,640,2010-09-30 00:00:00,610,611.2,17,5000,3073890,2010-09-30 00:00:00,1
2010-10-01 00:00:00,2010-10-01 00:00:00,640,2010-10-01 00:00:00,624.9,632,17,6100,3830600,2010-10-01 00:00:00,1
2010-10-04 00:00:00,2010-10-04 00:00:00,644,2010-10-04 00:00:00,625,628.8,20,13600,8584600,2010-10-04 00:00:00,1
2010-10-05 00:00:00,2010-10-05 00:00:00,630,2010-10-05 00:00:00,618,620.8,32,6900,4282280,2010-10-05 00:00:00,1
2010-10-06 00:00:00,2010-10-06 00:00:00,625,2010-10-06 00:00:00,620,620.7,24,5500,3418700,2010-10-06 00:00:00,1
2010-10-07 00:00:00,2010-10-07 00:00:00,630,2010-10-07 00:00:00,600,610,43,14700,8851970,2010-10-07 00:00:00,1
2010-10-08 00:00:00,2010-10-08 00:00:00,610,2010-10-08 00:00:00,550.1,601.1,13,2500,1491110,2010-10-08 00:00:00,1
2010-10-11 00:00:00,2010-10-11 00:00:00,627,2010-10-11 00:00:00,601.1,606.6,25,6000,3668910,2010-10-11 00:00:00,1
2010-10-12 00:00:00,2010-10-12 00:00:00,603,2010-10-12 00:00:00,575.1,585,24,19900,11770800,2010-10-12 00:00:00,1
2010-10-13 00:00:00,2010-10-13 00:00:00,590,2010-10-13 00:00:00,565,582.8,39,14500,8343880,2010-10-13 00:00:00,1
2010-10-14 00:00:00,2010-10-14 00:00:00,610,2010-10-14 00:00:00,580,581.2,29,14300,8364120,2010-10-14 00:00:00,1
2010-10-15 00:00:00,2010-10-15 00:00:00,590,2010-10-15 00:00:00,589,590,11,2600,1533900,2010-10-15 00:00:00,1
2010-10-18 00:00:00,2010-10-18 00:00:00,600,2010-10-18 00:00:00,580,582,17,3100,1848160,2010-10-18 00:00:00,1
2010-10-19 00:00:00,2010-10-19 00:00:00,600.1,2010-10-19 00:00:00,580,599.6,22,6900,4132690,2010-10-19 00:00:00,1
2010-10-26 00:00:00,2010-10-26 00:00:00,111,2010-10-26 00:00:00,82,109,28,11700,1253910,2010-10-26 00:00:00,1
2010-10-27 00:00:00,2010-10-27 00:00:00,110,2010-10-27 00:00:00,105,109,33,24300,2612480,2010-10-27 00:00:00,1
2010-10-28 00:00:00,2010-10-28 00:00:00,126,2010-10-28 00:00:00,109,119,145,74800,8913840,2010-10-28 00:00:00,1
2010-10-29 00:00:00,2010-10-29 00:00:00,129.9,2010-10-29 00:00:00,122,123.2,114,70400,8858580,2010-10-29 00:00:00,1
2010-11-01 00:00:00,2010-11-01 00:00:00,128,2010-11-01 00:00:00,124,124.8,63,33000,4161660,2010-11-01 00:00:00,1
2010-11-02 00:00:00,2010-11-02 00:00:00,125,2010-11-02 00:00:00,116,117.6,81,31000,3711350,2010-11-02 00:00:00,1
2010-11-03 00:00:00,2010-11-03 00:00:00,120,2010-11-03 00:00:00,115.8,116.4,39,12000,1400470,2010-11-03 00:00:00,1
2010-11-04 00:00:00,2010-11-04 00:00:00,119.9,2010-11-04 00:00:00,116.6,116.9,12,6300,740160,2010-11-04 00:00:00,1
2010-11-08 00:00:00,2010-11-08 00:00:00,117.5,2010-11-08 00:00:00,116,116,34,6700,780990,2010-11-08 00:00:00,1
2010-11-09 00:00:00,2010-11-09 00:00:00,116,2010-11-09 00:00:00,113.5,113.5,20,9800,1127720,2010-11-09 00:00:00,1
2010-11-10 00:00:00,2010-11-10 00:00:00,115,2010-11-10 00:00:00,113,113.1,10,5700,647890,2010-11-10 00:00:00,1
2010-11-11 00:00:00,2010-11-11 00:00:00,117,2010-11-11 00:00:00,113,116.1,11,2900,335100,2010-11-11 00:00:00,1
2010-11-12 00:00:00,2010-11-12 00:00:00,125,2010-11-12 00:00:00,119,119.9,59,52700,6500310,2010-11-12 00:00:00,1
2010-11-15 00:00:00,2010-11-15 00:00:00,125,2010-11-15 00:00:00,115,115.8,52,30500,3674780,2010-11-15 00:00:00,1
2010-11-16 00:00:00,2010-11-16 00:00:00,119.9,2010-11-16 00:00:00,115,117.4,36,15400,1791520,2010-11-16 00:00:00,1
2010-11-18 00:00:00,2010-11-18 00:00:00,120.5,2010-11-18 00:00:00,116.2,120,31,17300,2051660,2010-11-18 00:00:00,1
2010-11-22 00:00:00,2010-11-22 00:00:00,119,2010-11-22 00:00:00,115,117,28,19100,2231110,2010-11-22 00:00:00,1
2010-11-23 00:00:00,2010-11-23 00:00:00,115,2010-11-23 00:00:00,113,113.4,33,14000,1596480,2010-11-23 00:00:00,1
2010-11-24 00:00:00,2010-11-24 00:00:00,116,2010-11-24 00:00:00,115,115,21,20300,2341950,2010-11-24 00:00:00,1
2010-11-25 00:00:00,2010-11-25 00:00:00,115,2010-11-25 00:00:00,110.3,114,22,8200,934400,2010-11-25 00:00:00,1
2010-11-26 00:00:00,2010-11-26 00:00:00,113,2010-11-26 00:00:00,111,112.9,28,19200,2155230,2010-11-26 00:00:00,1
2010-11-29 00:00:00,2010-11-29 00:00:00,115,2010-11-29 00:00:00,109,109.3,28,16200,1785760,2010-11-29 00:00:00,1
2010-11-30 00:00:00,2010-11-30 00:00:00,120,2010-11-30 00:00:00,115,116,64,52500,6136850,2010-11-30 00:00:00,1
2010-12-01 00:00:00,2010-12-01 00:00:00,119,2010-12-01 00:00:00,116.1,117.1,30,17100,2006110,2010-12-01 00:00:00,1
2010-12-02 00:00:00,2010-12-02 00:00:00,122,2010-12-02 00:00:00,116.2,117.4,41,30600,3642610,2010-12-02 00:00:00,1
2010-12-03 00:00:00,2010-12-03 00:00:00,122.8,2010-12-03 00:00:00,118.4,119.4,20,8100,978200,2010-12-03 00:00:00,1
2010-12-06 00:00:00,2010-12-06 00:00:00,117,2010-12-06 00:00:00,116,116,14,9500,1102230,2010-12-06 00:00:00,1
2010-12-07 00:00:00,2010-12-07 00:00:00,115,2010-12-07 00:00:00,114.5,114.6,24,10600,1216710,2010-12-07 00:00:00,1
2010-12-08 00:00:00,2010-12-08 00:00:00,113.1,2010-12-08 00:00:00,113,113,28,15800,1785450,2010-12-08 00:00:00,1
2010-12-09 00:00:00,2010-12-09 00:00:00,113,2010-12-09 00:00:00,111,112,26,25600,2857500,2010-12-09 00:00:00,1
2010-12-10 00:00:00,2010-12-10 00:00:00,115,2010-12-10 00:00:00,112,113,3,600,67800,2010-12-10 00:00:00,1
2010-12-13 00:00:00,2010-12-13 00:00:00,113,2010-12-13 00:00:00,112.2,112.3,20,7200,809860,2010-12-13 00:00:00,1
2010-12-14 00:00:00,2010-12-14 00:00:00,113,2010-12-14 00:00:00,112.9,113,13,5200,587590,2010-12-14 00:00:00,1
2010-12-15 00:00:00,2010-12-15 00:00:00,114.9,2010-12-15 00:00:00,112.7,114.4,11,4200,480560,2010-12-15 00:00:00,1
2010-12-16 00:00:00,2010-12-16 00:00:00,112.1,2010-12-16 00:00:00,112.1,112.1,4,500,56050,2010-12-16 00:00:00,1
2010-12-17 00:00:00,2010-12-17 00:00:00,114.4,2010-12-17 00:00:00,112,112.9,27,17400,1963130,2010-12-17 00:00:00,1
2010-12-21 00:00:00,2010-12-21 00:00:00,113.5,2010-12-21 00:00:00,112,113.4,15,4700,532520,2010-12-21 00:00:00,1
2010-12-22 00:00:00,2010-12-22 00:00:00,114.8,2010-12-22 00:00:00,113,113,15,6500,736120,2010-12-22 00:00:00,1
2010-12-23 00:00:00,2010-12-23 00:00:00,116,2010-12-23 00:00:00,112,115.1,52,33200,3744230,2010-12-23 00:00:00,1
2010-12-24 00:00:00,2010-12-24 00:00:00,117.9,2010-12-24 00:00:00,115,116.9,19,19900,2313840,2010-12-24 00:00:00,1
2010-12-27 00:00:00,2010-12-27 00:00:00,123,2010-12-27 00:00:00,118,120.7,72,30400,3688910,2010-12-27 00:00:00,1
2010-12-28 00:00:00,2010-12-28 00:00:00,120.5,2010-12-28 00:00:00,118,119.3,19,10200,1217090,2010-12-28 00:00:00,1
2010-12-29 00:00:00,2010-12-29 00:00:00,124.4,2010-12-29 00:00:00,120,123,69,33500,4100230,2010-12-29 00:00:00,1
2010-12-30 00:00:00,2010-12-30 00:00:00,123,2010-12-30 00:00:00,117,121.2,35,17200,2065110,2010-12-30 00:00:00,1
2010-12-31 00:00:00,2010-12-31 00:00:00,123.5,2010-12-31 00:00:00,121.5,121.8,30,17100,2086950,2010-12-31 00:00:00,1
Company Id :  CIT,,Security Type :  N,,Sub Type :  0000,,,,,,
Short Name :  CIT,,,,,,,,,,
Day,Date High,High,Date Low,Low,Closing,No. of Trades,No. of Shares,Turnover,Last Traded,Days Traded
2010-01-04 00:00:00,2010-01-04 00:00:00,36,2010-01-04 00:00:00,36,36,1,200,7200,2010-01-04 00:00:00,1
2010-01-05 00:00:00,2010-01-05 00:00:00,38,2010-01-05 00:00:00,38,38,2,2000,76000,2010-01-05 00:00:00,1
2010-01-06 00:00:00,2010-01-06 00:00:00,35,2010-01-06 00:00:00,35,35,1,100,3500,2010-01-06 00:00:00,1
2010-01-07 00:00:00,2010-01-07 00:00:00,38.25,2010-01-07 00:00:00,36,36.25,6,2700,99175,2010-01-07 00:00:00,1
2010-01-11 00:00:00,2010-01-11 00:00:00,36.25,2010-01-11 00:00:00,36.25,36.25,2,200,7250,2010-01-11 00:00:00,1
2010-01-18 00:00:00,2010-01-18 00:00:00,35.25,2010-01-18 00:00:00,35.25,35.25,1,1500,52875,2010-01-18 00:00:00,1
2010-01-19 00:00:00,2010-01-19 00:00:00,35.25,2010-01-19 00:00:00,35.25,35.25,1,3300,116325,2010-01-19 00:00:00,1
2010-01-22 00:00:00,2010-01-22 00:00:00,35.5,2010-01-22 00:00:00,35.25,35.5,3,300,10600,2010-01-22 00:00:00,1
2010-01-25 00:00:00,2010-01-25 00:00:00,34.75,2010-01-25 00:00:00,34.75,34.75,1,300,10425,2010-01-25 00:00:00,1
2010-01-26 00:00:00,2010-01-26 00:00:00,34.75,2010-01-26 00:00:00,34.75,34.75,1,200,6950,2010-01-26 00:00:00,1
2010-02-02 00:00:00,2010-02-02 00:00:00,36,2010-02-02 00:00:00,36,36,1,600,21600,2010-02-02 00:00:00,1
2010-02-05 00:00:00,2010-02-05 00:00:00,40,2010-02-05 00:00:00,39,39.75,9,4600,182225,2010-02-05 00:00:00,1
2010-02-08 00:00:00,2010-02-08 00:00:00,40,2010-02-08 00:00:00,40,40,4,900,36000,2010-02-08 00:00:00,1
2010-02-09 00:00:00,2010-02-09 00:00:00,40,2010-02-09 00:00:00,40,40,1,2000,80000,2010-02-09 00:00:00,1
2010-02-11 00:00:00,2010-02-11 00:00:00,46,2010-02-11 00:00:00,40,45.5,62,27200,1187125,2010-02-11 00:00:00,1
2010-02-12 00:00:00,2010-02-12 00:00:00,47,2010-02-12 00:00:00,47,47,1,5000,235000,2010-02-12 00:00:00,1
2010-02-15 00:00:00,2010-02-15 00:00:00,49,2010-02-15 00:00:00,47,49,5,1500,73075,2010-02-15 00:00:00,1
2010-02-16 00:00:00,2010-02-16 00:00:00,53.75,2010-02-16 00:00:00,48.75,49,49,16100,808275,2010-02-16 00:00:00,1
2010-02-17 00:00:00,2010-02-17 00:00:00,45.25,2010-02-17 00:00:00,44,45,12,12100,535000,2010-02-17 00:00:00,1
2010-02-18 00:00:00,2010-02-18 00:00:00,60,2010-02-18 00:00:00,49.75,59,100,60100,3227000,2010-02-18 00:00:00,1
2010-02-19 00:00:00,2010-02-19 00:00:00,69,2010-02-19 00:00:00,60,61.75,49,49700,3138850,2010-02-19 00:00:00,1
2010-02-22 00:00:00,2010-02-22 00:00:00,62,2010-02-22 00:00:00,61,61,5,1600,98050,2010-02-22 00:00:00,1
2010-02-23 00:00:00,2010-02-23 00:00:00,61,2010-02-23 00:00:00,61,61,2,200,12200,2010-02-23 00:00:00,1
2010-02-24 00:00:00,2010-02-24 00:00:00,61,2010-02-24 00:00:00,60,60.5,8,7400,450000,2010-02-24 00:00:00,1
2010-02-26 00:00:00,2010-02-26 00:00:00,58.25,2010-02-26 00:00:00,58.25,58.25,1,300,17475,2010-02-26 00:00:00,1
2010-03-01 00:00:00,2010-03-01 00:00:00,61,2010-03-01 00:00:00,61,61,1,500,30500,2010-03-01 00:00:00,1
2010-03-02 00:00:00,2010-03-02 00:00:00,60,2010-03-02 00:00:00,60,60,3,2000,120000,2010-03-02 00:00:00,1
2010-03-03 00:00:00,2010-03-03 00:00:00,60,2010-03-03 00:00:00,60,60,1,100,6000,2010-03-03 00:00:00,1
2010-03-04 00:00:00,2010-03-04 00:00:00,60,2010-03-04 00:00:00,60,60,1,10000,600000,2010-03-04 00:00:00,1
2010-03-09 00:00:00,2010-03-09 00:00:00,57.5,2010-03-09 00:00:00,57.5,57.5,1,100,5750,2010-03-09 00:00:00,1
2010-03-10 00:00:00,2010-03-10 00:00:00,63.75,2010-03-10 00:00:00,60,62,11,3500,213800,2010-03-10 00:00:00,1
2010-03-11 00:00:00,2010-03-11 00:00:00,78,2010-03-11 00:00:00,61,72.75,76,34400,2451375,2010-03-11 00:00:00,1
2010-03-12 00:00:00,2010-03-12 00:00:00,79.75,2010-03-12 00:00:00,73.5,74,18,4600,350850,2010-03-12 00:00:00,1
2010-03-15 00:00:00,2010-03-15 00:00:00,77.5,2010-03-15 00:00:00,73.5,76.5,9,6900,523050,2010-03-15 00:00:00,1
2010-03-16 00:00:00,2010-03-16 00:00:00,76,2010-03-16 00:00:00,75,75,4,2000,151000,2010-03-16 00:00:00,1
2010-03-17 00:00:00,2010-03-17 00:00:00,80,2010-03-17 00:00:00,76,76.5,10,5900,457175,2010-03-17 00:00:00,1
2010-03-18 00:00:00,2010-03-18 00:00:00,73,2010-03-18 00:00:00,65,72.75,10,6800,490850,2010-03-18 00:00:00,1
2010-03-24 00:00:00,2010-03-24 00:00:00,70,2010-03-24 00:00:00,70,70,3,5500,385000,2010-03-24 00:00:00,1
2010-03-25 00:00:00,2010-03-25 00:00:00,73,2010-03-25 00:00:00,70,70.5,3,5000,353000,2010-03-25 00:00:00,1
2010-03-26 00:00:00,2010-03-26 00:00:00,75,2010-03-26 00:00:00,74,74.75,4,4700,351800,2010-03-26 00:00:00,1
2010-03-31 00:00:00,2010-03-31 00:00:00,75.5,2010-03-31 00:00:00,75.5,75.5,2,200200,14965100,2010-03-31 00:00:00,1
2010-04-01 00:00:00,2010-04-01 00:00:00,77.75,2010-04-01 00:00:00,70,71.5,9,7600,542975,2010-04-01 00:00:00,1
2010-04-06 00:00:00,2010-04-06 00:00:00,77,2010-04-06 00:00:00,72,72.5,6,5500,399200,2010-04-06 00:00:00,1
2010-04-07 00:00:00,2010-04-07 00:00:00,73,2010-04-07 00:00:00,73,73,3,5000,365000,2010-04-07 00:00:00,1
2010-04-08 00:00:00,2010-04-08 00:00:00,77,2010-04-08 00:00:00,77,77,1,2500,192500,2010-04-08 00:00:00,1
2010-04-12 00:00:00,2010-04-12 00:00:00,80,2010-04-12 00:00:00,80,80,1,100,8000,2010-04-12 00:00:00,1
2010-04-15 00:00:00,2010-04-15 00:00:00,83,2010-04-15 00:00:00,80,83,11,5900,483775,2010-04-15 00:00:00,1
2010-04-19 00:00:00,2010-04-19 00:00:00,81,2010-04-19 00:00:00,80,80.25,3,300,24100,2010-04-19 00:00:00,1
2010-04-20 00:00:00,2010-04-20 00:00:00,85,2010-04-20 00:00:00,80,85,7,4100,343000,2010-04-20 00:00:00,1
2010-04-21 00:00:00,2010-04-21 00:00:00,89,2010-04-21 00:00:00,84.75,85.25,7,1500,127800,2010-04-21 00:00:00,1
2010-04-22 00:00:00,2010-04-22 00:00:00,85,2010-04-22 00:00:00,83,83.75,4,900,75300,2010-04-22 00:00:00,1
2010-04-27 00:00:00,2010-04-27 00:00:00,89,2010-04-27 00:00:00,82,83,7,3700,308125,2010-04-27 00:00:00,1
2010-04-29 00:00:00,2010-04-29 00:00:00,96,2010-04-29 00:00:00,90,93,2,200,18600,2010-04-29 00:00:00,1
2010-05-03 00:00:00,2010-05-03 00:00:00,86,2010-05-03 00:00:00,85,85,6,1400,119600,2010-05-03 00:00:00,1
2010-05-04 00:00:00,2010-05-04 00:00:00,83.25,2010-05-04 00:00:00,82,82.5,3,400,33025,2010-05-04 00:00:00,1
2010-05-05 00:00:00,2010-05-05 00:00:00,82,2010-05-05 00:00:00,82,82,3,700,57400,2010-05-05 00:00:00,1
2010-05-06 00:00:00,2010-05-06 00:00:00,89.75,2010-05-06 00:00:00,77.25,86,3,2600,223600,2010-05-06 00:00:00,1
2010-05-07 00:00:00,2010-05-07 00:00:00,87.75,2010-05-07 00:00:00,76.25,78,5,1200,93550,2010-05-07 00:00:00,1
2010-05-10 00:00:00,2010-05-10 00:00:00,78,2010-05-10 00:00:00,77,77.5,2,2000,155000,2010-05-10 00:00:00,1
2010-05-11 00:00:00,2010-05-11 00:00:00,77,2010-05-11 00:00:00,75,75.75,6,3700,280650,2010-05-11 00:00:00,1
2010-05-13 00:00:00,2010-05-13 00:00:00,78,2010-05-13 00:00:00,76,76.25,2,2000,152400,2010-05-13 00:00:00,1
2010-05-18 00:00:00,2010-05-18 00:00:00,76.25,2010-05-18 00:00:00,76,76.25,2,600,45700,2010-05-18 00:00:00,1
2010-05-21 00:00:00,2010-05-21 00:00:00,84.75,2010-05-21 00:00:00,84.75,84.75,1,100,8475,2010-05-21 00:00:00,1
2010-05-24 00:00:00,2010-05-24 00:00:00,85,2010-05-24 00:00:00,85,85,1,1000,85000,2010-05-24 00:00:00,1
2010-06-01 00:00:00,2010-06-01 00:00:00,85,2010-06-01 00:00:00,85,85,1,500,42500,2010-06-01 00:00:00,1
2010-06-03 00:00:00,2010-06-03 00:00:00,88,2010-06-03 00:00:00,88,88,7,2200,193600,2010-06-03 00:00:00,1
2010-06-07 00:00:00,2010-06-07 00:00:00,88.25,2010-06-07 00:00:00,87.75,88.25,3,1200,105800,2010-06-07 00:00:00,1
2010-06-08 00:00:00,2010-06-08 00:00:00,87.5,2010-06-08 00:00:00,87.5,87.5,1,100,8750,2010-06-08 00:00:00,1
2010-06-09 00:00:00,2010-06-09 00:00:00,88,2010-06-09 00:00:00,88,88,1,200,17600,2010-06-09 00:00:00,1
2010-06-10 00:00:00,2010-06-10 00:00:00,92,2010-06-10 00:00:00,89.25,90.5,2,1200,108475,2010-06-10 00:00:00,1
2010-06-15 00:00:00,2010-06-15 00:00:00,90,2010-06-15 00:00:00,90,90,2,10100,909000,2010-06-15 00:00:00,1
2010-06-16 00:00:00,2010-06-16 00:00:00,100,2010-06-16 00:00:00,98,98.75,2,300,29600,2010-06-16 00:00:00,1
2010-06-21 00:00:00,2010-06-21 00:00:00,100,2010-06-21 00:00:00,95,100,8,4900,487750,2010-06-21 00:00:00,1
2010-06-23 00:00:00,2010-06-23 00:00:00,120,2010-06-23 00:00:00,110,119.75,3,3300,370825,2010-06-23 00:00:00,1
2010-06-30 00:00:00,2010-06-30 00:00:00,115,2010-06-30 00:00:00,114,115,6,1600,183900,2010-06-30 00:00:00,1
2010-07-01 00:00:00,2010-07-01 00:00:00,119,2010-07-01 00:00:00,119,119,2,1700,202300,2010-07-01 00:00:00,1
2010-07-02 00:00:00,2010-07-02 00:00:00,115,2010-07-02 00:00:00,115,115,1,100,11500,2010-07-02 00:00:00,1
2010-07-05 00:00:00,2010-07-05 00:00:00,115,2010-07-05 00:00:00,115,115,1,100,11500,2010-07-05 00:00:00,1
2010-07-07 00:00:00,2010-07-07 00:00:00,111.25,2010-07-07 00:00:00,111,111,2,500,55525,2010-07-07 00:00:00,1
2010-07-08 00:00:00,2010-07-08 00:00:00,111.25,2010-07-08 00:00:00,111,111.25,2,200,22225,2010-07-08 00:00:00,1
2010-07-13 00:00:00,2010-07-13 00:00:00,115,2010-07-13 00:00:00,115,115,1,100,11500,2010-07-13 00:00:00,1
2010-07-14 00:00:00,2010-07-14 00:00:00,124,2010-07-14 00:00:00,115,116,6,1300,151525,2010-07-14 00:00:00,1
2010-07-15 00:00:00,2010-07-15 00:00:00,116,2010-07-15 00:00:00,116,116,1,100,11600,2010-07-15 00:00:00,1
2010-07-16 00:00:00,2010-07-16 00:00:00,116,2010-07-16 00:00:00,116,116,2,2900,336400,2010-07-16 00:00:00,1
2010-07-19 00:00:00,2010-07-19 00:00:00,116,2010-07-19 00:00:00,116,116,1,100,11600,2010-07-19 00:00:00,1
2010-07-20 00:00:00,2010-07-20 00:00:00,125,2010-07-20 00:00:00,125,125,2,200,25000,2010-07-20 00:00:00,1
2010-07-21 00:00:00,2010-07-21 00:00:00,125,2010-07-21 00:00:00,125,125,1,100,12500,2010-07-21 00:00:00,1
2010-07-27 00:00:00,2010-07-27 00:00:00,135,2010-07-27 00:00:00,125,128.25,6,1500,192500,2010-07-27 00:00:00,1
2010-07-28 00:00:00,2010-07-28 00:00:00,130,2010-07-28 00:00:00,130,130,1,100,13000,2010-07-28 00:00:00,1
2010-08-02 00:00:00,2010-08-02 00:00:00,140,2010-08-02 00:00:00,140,140,1,100,14000,2010-08-02 00:00:00,1
2010-08-04 00:00:00,2010-08-04 00:00:00,130,2010-08-04 00:00:00,130,130,1,2000,260000,2010-08-04 00:00:00,1
2010-08-05 00:00:00,2010-08-05 00:00:00,135,2010-08-05 00:00:00,135,135,3,600,81000,2010-08-05 00:00:00,1
2010-08-13 00:00:00,2010-08-13 00:00:00,121.6,2010-08-13 00:00:00,121.5,121.5,6,2000,243010,2010-08-13 00:00:00,1
2010-08-16 00:00:00,2010-08-16 00:00:00,121.5,2010-08-16 00:00:00,121.5,121.5,1,100,12150,2010-08-16 00:00:00,1
2010-08-17 00:00:00,2010-08-17 00:00:00,110,2010-08-17 00:00:00,110,110,1,100,11000,2010-08-17 00:00:00,1
2010-08-25 00:00:00,2010-08-25 00:00:00,120,2010-08-25 00:00:00,120,120,1,100,12000,2010-08-25 00:00:00,1
2010-08-26 00:00:00,2010-08-26 00:00:00,132,2010-08-26 00:00:00,130,131.5,3,400,52600,2010-08-26 00:00:00,1
2010-08-27 00:00:00,2010-08-27 00:00:00,140,2010-08-27 00:00:00,137,138.2,2,1300,179600,2010-08-27 00:00:00,1
2010-08-31 00:00:00,2010-08-31 00:00:00,142,2010-08-31 00:00:00,138,142,6,1000,141020,2010-08-31 00:00:00,1
2010-09-02 00:00:00,2010-09-02 00:00:00,155,2010-09-02 00:00:00,145,145,2,600,88000,2010-09-02 00:00:00,1
2010-09-09 00:00:00,2010-09-09 00:00:00,159,2010-09-09 00:00:00,159,159,1,100,15900,2010-09-09 00:00:00,1
2010-09-13 00:00:00,2010-09-13 00:00:00,174.9,2010-09-13 00:00:00,174.9,174.9,1,100,17490,2010-09-13 00:00:00,1
2010-09-17 00:00:00,2010-09-17 00:00:00,192,2010-09-17 00:00:00,192,192,1,100,19200,2010-09-17 00:00:00,1
2010-09-21 00:00:00,2010-09-21 00:00:00,290,2010-09-21 00:00:00,290,290,2,200,58000,2010-09-21 00:00:00,1
2010-10-01 00:00:00,2010-10-01 00:00:00,174,2010-10-01 00:00:00,172.1,172.3,2,1000,172290,2010-10-01 00:00:00,1
2010-10-05 00:00:00,2010-10-05 00:00:00,172.5,2010-10-05 00:00:00,171,171.2,5,5000,855910,2010-10-05 00:00:00,1
2010-10-11 00:00:00,2010-10-11 00:00:00,172,2010-10-11 00:00:00,172,172,2,500,86000,2010-10-11 00:00:00,1
2010-10-12 00:00:00,2010-10-12 00:00:00,174,2010-10-12 00:00:00,174,174,3,1100,191400,2010-10-12 00:00:00,1
2010-10-13 00:00:00,2010-10-13 00:00:00,174,2010-10-13 00:00:00,174,174,1,100,17400,2010-10-13 00:00:00,1
2010-10-15 00:00:00,2010-10-15 00:00:00,195,2010-10-15 00:00:00,195,195,1,1000,195000,2010-10-15 00:00:00,1
2010-10-21 00:00:00,2010-10-21 00:00:00,195,2010-10-21 00:00:00,195,195,2,300,58500,2010-10-21 00:00:00,1
2010-11-10 00:00:00,2010-11-10 00:00:00,248,2010-11-10 00:00:00,247.5,247.8,2,200,49550,2010-11-10 00:00:00,1
2010-12-07 00:00:00,2010-12-07 00:00:00,210,2010-12-07 00:00:00,210,210,1,100,21000,2010-12-07 00:00:00,1
2010-12-09 00:00:00,2010-12-09 00:00:00,190,2010-12-09 00:00:00,190,190,1,300,57000,2010-12-09 00:00:00,1
2010-12-10 00:00:00,2010-12-10 00:00:00,190,2010-12-10 00:00:00,190,190,1,200,38000,2010-12-10 00:00:00,1
2010-12-14 00:00:00,2010-12-14 00:00:00,190,2010-12-14 00:00:00,190,190,1,1000,190000,2010-12-14 00:00:00,1
2010-12-15 00:00:00,2010-12-15 00:00:00,210,2010-12-15 00:00:00,210,210,2,300,63000,2010-12-15 00:00:00,1
2010-12-16 00:00:00,2010-12-16 00:00:00,211,2010-12-16 00:00:00,210,210.8,2,400,84300,2010-12-16 00:00:00,1
2010-12-21 00:00:00,2010-12-21 00:00:00,205,2010-12-21 00:00:00,176,186,3,300,57700,2010-12-21 00:00:00,1
2010-12-22 00:00:00,2010-12-22 00:00:00,176,2010-12-22 00:00:00,175,176,2,600,105100,2010-12-22 00:00:00,1
2010-12-27 00:00:00,2010-12-27 00:00:00,199,2010-12-27 00:00:00,199,199,1,100,19900,2010-12-27 00:00:00,1
2010-12-31 00:00:00,2010-12-31 00:00:00,225,2010-12-31 00:00:00,200,205,7,3200,656000,2010-12-31 00:00:00,1
Company Id :  CLND,,Security Type :  N,,Sub Type :  0000,,,,,,
Short Name :  COLOMBO LAND,,,,,,,,,,
Day,Date High,High,Date Low,Low,Closing,No. of Trades,No. of Shares,Turnover,Last Traded,Days Traded
2010-01-04 00:00:00,2010-01-04 00:00:00,6.5,2010-01-04 00:00:00,6.5,6.5,7,13000,84500,2010-01-04 00:00:00,1
2010-01-05 00:00:00,2010-01-05 00:00:00,6.5,2010-01-05 00:00:00,6.25,6.25,20,64000,408775,2010-01-05 00:00:00,1
2010-01-06 00:00:00,2010-01-06 00:00:00,6.5,2010-01-06 00:00:00,6.25,6.25,30,100100,631450,2010-01-06 00:00:00,1
2010-01-07 00:00:00,2010-01-07 00:00:00,6.75,2010-01-07 00:00:00,6.25,6.5,38,300400,1971250,2010-01-07 00:00:00,1
2010-01-08 00:00:00,2010-01-08 00:00:00,7.25,2010-01-08 00:00:00,6.5,7,290,2688500,18615550,2010-01-08 00:00:00,1
2010-01-11 00:00:00,2010-01-11 00:00:00,7.25,2010-01-11 00:00:00,6.75,7,126,834600,5851525,2010-01-11 00:00:00,1
2010-01-12 00:00:00,2010-01-12 00:00:00,7,2010-01-12 00:00:00,6.75,7,48,255700,1788900,2010-01-12 00:00:00,1
2010-01-13 00:00:00,2010-01-13 00:00:00,7,2010-01-13 00:00:00,6.75,6.75,100,750600,5197050,2010-01-13 00:00:00,1
2010-01-15 00:00:00,2010-01-15 00:00:00,7,2010-01-15 00:00:00,6.75,6.75,30,142600,963875,2010-01-15 00:00:00,1
2010-01-18 00:00:00,2010-01-18 00:00:00,6.75,2010-01-18 00:00:00,6.5,6.5,56,416700,2720875,2010-01-18 00:00:00,1
2010-01-19 00:00:00,2010-01-19 00:00:00,6.5,2010-01-19 00:00:00,6.25,6.25,117,609000,3822125,2010-01-19 00:00:00,1
2010-01-20 00:00:00,2010-01-20 00:00:00,6.75,2010-01-20 00:00:00,6.25,6.5,63,232400,1510575,2010-01-20 00:00:00,1
2010-01-21 00:00:00,2010-01-21 00:00:00,6.5,2010-01-21 00:00:00,6.5,6.5,56,243500,1582750,2010-01-21 00:00:00,1
2010-01-22 00:00:00,2010-01-22 00:00:00,6.75,2010-01-22 00:00:00,6.5,6.5,17,58800,382500,2010-01-22 00:00:00,1
2010-01-25 00:00:00,2010-01-25 00:00:00,6.75,2010-01-25 00:00:00,6.5,6.5,38,94500,614375,2010-01-25 00:00:00,1
2010-01-26 00:00:00,2010-01-26 00:00:00,6.75,2010-01-26 00:00:00,6.5,6.5,16,45100,295975,2010-01-26 00:00:00,1
2010-01-28 00:00:00,2010-01-28 00:00:00,6.75,2010-01-28 00:00:00,6.25,6.5,65,181300,1172375,2010-01-28 00:00:00,1
2010-02-01 00:00:00,2010-02-01 00:00:00,6.75,2010-02-01 00:00:00,6.5,6.5,24,30600,206300,2010-02-01 00:00:00,1
2010-02-02 00:00:00,2010-02-02 00:00:00,6.75,2010-02-02 00:00:00,6.25,6.5,48,160600,1044675,2010-02-02 00:00:00,1
2010-02-03 00:00:00,2010-02-03 00:00:00,7.25,2010-02-03 00:00:00,6.75,6.75,276,2886600,20167475,2010-02-03 00:00:00,1
2010-02-05 00:00:00,2010-02-05 00:00:00,7,2010-02-05 00:00:00,6.75,6.75,49,207900,1406075,2010-02-05 00:00:00,1
2010-02-08 00:00:00,2010-02-08 00:00:00,7,2010-02-08 00:00:00,6.5,6.75,54,275000,1828000,2010-02-08 00:00:00,1
2010-02-09 00:00:00,2010-02-09 00:00:00,6.75,2010-02-09 00:00:00,6.5,6.5,31,65900,428850,2010-02-09 00:00:00,1
2010-02-10 00:00:00,2010-02-10 00:00:00,6.75,2010-02-10 00:00:00,6.5,6.5,71,518200,3379325,2010-02-10 00:00:00,1
2010-02-11 00:00:00,2010-02-11 00:00:00,8.5,2010-02-11 00:00:00,6.25,6.25,40,120700,784500,2010-02-11 00:00:00,1
2010-02-12 00:00:00,2010-02-12 00:00:00,6.25,2010-02-12 00:00:00,6.25,6.25,57,391400,2446250,2010-02-12 00:00:00,1
2010-02-15 00:00:00,2010-02-15 00:00:00,6.75,2010-02-15 00:00:00,6.25,6.25,50,296900,1882550,2010-02-15 00:00:00,1
2010-02-16 00:00:00,2010-02-16 00:00:00,6.75,2010-02-16 00:00:00,6.5,6.5,53,282600,1885000,2010-02-16 00:00:00,1
2010-02-17 00:00:00,2010-02-17 00:00:00,6.5,2010-02-17 00:00:00,6.25,6.5,27,74900,486100,2010-02-17 00:00:00,1
2010-02-18 00:00:00,2010-02-18 00:00:00,6.75,2010-02-18 00:00:00,6.25,6.75,25,83500,553275,2010-02-18 00:00:00,1
2010-02-19 00:00:00,2010-02-19 00:00:00,6.75,2010-02-19 00:00:00,6.5,6.5,31,80800,525250,2010-02-19 00:00:00,1
2010-02-22 00:00:00,2010-02-22 00:00:00,6.75,2010-02-22 00:00:00,6.25,6.5,17,61500,401750,2010-02-22 00:00:00,1
2010-02-23 00:00:00,2010-02-23 00:00:00,6.5,2010-02-23 00:00:00,6.5,6.5,25,50700,329550,2010-02-23 00:00:00,1
2010-02-24 00:00:00,2010-02-24 00:00:00,7,2010-02-24 00:00:00,6.5,6.75,66,281900,1873225,2010-02-24 00:00:00,1
2010-02-25 00:00:00,2010-02-25 00:00:00,6.75,2010-02-25 00:00:00,6.5,6.75,10,18600,125525,2010-02-25 00:00:00,1
2010-02-26 00:00:00,2010-02-26 00:00:00,6.75,2010-02-26 00:00:00,6.5,6.75,4,3300,22150,2010-02-26 00:00:00,1
2010-03-01 00:00:00,2010-03-01 00:00:00,6.75,2010-03-01 00:00:00,6.5,6.75,25,159000,1059425,2010-03-01 00:00:00,1
2010-03-02 00:00:00,2010-03-02 00:00:00,7,2010-03-02 00:00:00,6.5,6.75,27,332200,2184275,2010-03-02 00:00:00,1
2010-03-03 00:00:00,2010-03-03 00:00:00,7,2010-03-03 00:00:00,6.5,6.5,21,145800,978575,2010-03-03 00:00:00,1
2010-03-04 00:00:00,2010-03-04 00:00:00,6.75,2010-03-04 00:00:00,6.5,6.5,12,51800,337950,2010-03-04 00:00:00,1
2010-03-05 00:00:00,2010-03-05 00:00:00,6.75,2010-03-05 00:00:00,6.5,6.5,36,343900,2235375,2010-03-05 00:00:00,1
2010-03-08 00:00:00,2010-03-08 00:00:00,6.5,2010-03-08 00:00:00,6.5,6.5,25,64700,420550,2010-03-08 00:00:00,1
2010-03-09 00:00:00,2010-03-09 00:00:00,6.5,2010-03-09 00:00:00,6.5,6.5,9,200000,1300000,2010-03-09 00:00:00,1
2010-03-10 00:00:00,2010-03-10 00:00:00,6.5,2010-03-10 00:00:00,6.5,6.5,21,149500,971750,2010-03-10 00:00:00,1
2010-03-11 00:00:00,2010-03-11 00:00:00,6.75,2010-03-11 00:00:00,6.5,6.5,32,201300,1308800,2010-03-11 00:00:00,1
2010-03-12 00:00:00,2010-03-12 00:00:00,7,2010-03-12 00:00:00,6.75,6.75,86,700100,4742275,2010-03-12 00:00:00,1
2010-03-15 00:00:00,2010-03-15 00:00:00,7,2010-03-15 00:00:00,6.75,6.75,32,261900,1773025,2010-03-15 00:00:00,1
2010-03-16 00:00:00,2010-03-16 00:00:00,7.5,2010-03-16 00:00:00,7,7,324,2874500,20505875,2010-03-16 00:00:00,1
2010-03-17 00:00:00,2010-03-17 00:00:00,7.25,2010-03-17 00:00:00,7,7,46,191100,1353275,2010-03-17 00:00:00,1
2010-03-18 00:00:00,2010-03-18 00:00:00,7.25,2010-03-18 00:00:00,6.75,7,18,146100,1002500,2010-03-18 00:00:00,1
2010-03-19 00:00:00,2010-03-19 00:00:00,7.25,2010-03-19 00:00:00,6.75,7,79,480100,3354300,2010-03-19 00:00:00,1
2010-03-22 00:00:00,2010-03-22 00:00:00,7.5,2010-03-22 00:00:00,7,7.25,134,1570800,11224400,2010-03-22 00:00:00,1
2010-03-23 00:00:00,2010-03-23 00:00:00,7.25,2010-03-23 00:00:00,7,7,55,173000,1211025,2010-03-23 00:00:00,1
2010-03-24 00:00:00,2010-03-24 00:00:00,7.75,2010-03-24 00:00:00,7,7.5,346,2396900,17820725,2010-03-24 00:00:00,1
2010-03-25 00:00:00,2010-03-25 00:00:00,7.5,2010-03-25 00:00:00,7.25,7.25,92,551700,4093375,2010-03-25 00:00:00,1
2010-03-26 00:00:00,2010-03-26 00:00:00,8,2010-03-26 00:00:00,7.25,7.75,309,2272100,17507900,2010-03-26 00:00:00,1
2010-03-30 00:00:00,2010-03-30 00:00:00,7.75,2010-03-30 00:00:00,7.25,7.5,109,770200,5786650,2010-03-30 00:00:00,1
2010-03-31 00:00:00,2010-03-31 00:00:00,7.5,2010-03-31 00:00:00,7.25,7.5,30,172000,1255800,2010-03-31 00:00:00,1
2010-04-01 00:00:00,2010-04-01 00:00:00,7.5,2010-04-01 00:00:00,7.25,7.25,28,145400,1060475,2010-04-01 00:00:00,1
2010-04-05 00:00:00,2010-04-05 00:00:00,8,2010-04-05 00:00:00,7.25,7.75,208,1385700,10693450,2010-04-05 00:00:00,1
2010-04-06 00:00:00,2010-04-06 00:00:00,8,2010-04-06 00:00:00,7.75,7.75,195,559900,4365500,2010-04-06 00:00:00,1
2010-04-07 00:00:00,2010-04-07 00:00:00,8.5,2010-04-07 00:00:00,8,8.25,422,4160700,34001600,2010-04-07 00:00:00,1
2010-04-08 00:00:00,2010-04-08 00:00:00,8.5,2010-04-08 00:00:00,8,8,56,576200,4626425,2010-04-08 00:00:00,1
2010-04-12 00:00:00,2010-04-12 00:00:00,8.5,2010-04-12 00:00:00,8.25,8.25,217,1796200,15137275,2010-04-12 00:00:00,1
2010-04-15 00:00:00,2010-04-15 00:00:00,8.25,2010-04-15 00:00:00,8,8.25,60,229100,1886500,2010-04-15 00:00:00,1
2010-04-16 00:00:00,2010-04-16 00:00:00,8.25,2010-04-16 00:00:00,8,8,48,232100,1865050,2010-04-16 00:00:00,1
2010-04-19 00:00:00,2010-04-19 00:00:00,8.25,2010-04-19 00:00:00,8,8,108,1052100,8427400,2010-04-19 00:00:00,1
2010-04-20 00:00:00,2010-04-20 00:00:00,8.25,2010-04-20 00:00:00,7.75,8,91,475600,3810175,2010-04-20 00:00:00,1
2010-04-21 00:00:00,2010-04-21 00:00:00,8,2010-04-21 00:00:00,7.75,7.75,68,522000,4164075,2010-04-21 00:00:00,1
2010-04-22 00:00:00,2010-04-22 00:00:00,8,2010-04-22 00:00:00,7.75,7.75,56,177000,1397000,2010-04-22 00:00:00,1
2010-04-23 00:00:00,2010-04-23 00:00:00,8,2010-04-23 00:00:00,8,8,121,432400,3459200,2010-04-23 00:00:00,1
2010-04-26 00:00:00,2010-04-26 00:00:00,8,2010-04-26 00:00:00,8,8,98,856500,6852000,2010-04-26 00:00:00,1
2010-04-27 00:00:00,2010-04-27 00:00:00,9.75,2010-04-27 00:00:00,8.25,9.25,860,8032500,72978275,2010-04-27 00:00:00,1
2010-04-29 00:00:00,2010-04-29 00:00:00,11.5,2010-04-29 00:00:00,9.5,11.25,1230,8661400,92297700,2010-04-29 00:00:00,1
2010-04-30 00:00:00,2010-04-30 00:00:00,11.5,2010-04-30 00:00:00,10.5,10.75,452,2583800,28693175,2010-04-30 00:00:00,1
2010-05-03 00:00:00,2010-05-03 00:00:00,11,2010-05-03 00:00:00,10.25,10.25,365,1620500,17066450,2010-05-03 00:00:00,1
2010-05-04 00:00:00,2010-05-04 00:00:00,10.75,2010-05-04 00:00:00,10,10.5,193,795500,8254300,2010-05-04 00:00:00,1
2010-05-05 00:00:00,2010-05-05 00:00:00,11.25,2010-05-05 00:00:00,10.5,11,345,1668600,18311675,2010-05-05 00:00:00,1
2010-05-06 00:00:00,2010-05-06 00:00:00,11.25,2010-05-06 00:00:00,10.25,10.25,192,1032600,10791975,2010-05-06 00:00:00,1
2010-05-07 00:00:00,2010-05-07 00:00:00,11,2010-05-07 00:00:00,10.25,10.75,248,1942200,20550450,2010-05-07 00:00:00,1
2010-05-10 00:00:00,2010-05-10 00:00:00,11,2010-05-10 00:00:00,10.5,10.5,118,441500,4701950,2010-05-10 00:00:00,1
2010-05-11 00:00:00,2010-05-11 00:00:00,10.75,2010-05-11 00:00:00,10.25,10.5,100,635100,6684350,2010-05-11 00:00:00,1
2010-05-12 00:00:00,2010-05-12 00:00:00,10.75,2010-05-12 00:00:00,10,10.25,138,671800,6880775,2010-05-12 00:00:00,1
2010-05-13 00:00:00,2010-05-13 00:00:00,10.5,2010-05-13 00:00:00,9.5,10,445,2260600,22513350,2010-05-13 00:00:00,1
2010-05-14 00:00:00,2010-05-14 00:00:00,10.75,2010-05-14 00:00:00,10,10.5,153,1338900,14032000,2010-05-14 00:00:00,1
2010-05-17 00:00:00,2010-05-17 00:00:00,10.75,2010-05-17 00:00:00,10.25,10.5,84,615700,6464600,2010-05-17 00:00:00,1
2010-05-18 00:00:00,2010-05-18 00:00:00,10.75,2010-05-18 00:00:00,10.25,10.5,75,405400,4280975,2010-05-18 00:00:00,1
2010-05-19 00:00:00,2010-05-19 00:00:00,10.5,2010-05-19 00:00:00,10.25,10.25,73,729600,7538050,2010-05-19 00:00:00,1
2010-05-20 00:00:00,2010-05-20 00:00:00,10.5,2010-05-20 00:00:00,10.25,10.25,45,405800,4165975,2010-05-20 00:00:00,1
2010-05-21 00:00:00,2010-05-21 00:00:00,10.25,2010-05-21 00:00:00,10,10,69,347300,3524925,2010-05-21 00:00:00,1
2010-05-24 00:00:00,2010-05-24 00:00:00,10.25,2010-05-24 00:00:00,9.75,10,75,196900,1961150,2010-05-24 00:00:00,1
2010-05-25 00:00:00,2010-05-25 00:00:00,10.25,2010-05-25 00:00:00,9.75,10,36,104600,1039625,2010-05-25 00:00:00,1
2010-05-26 00:00:00,2010-05-26 00:00:00,10,2010-05-26 00:00:00,9.75,10,76,175100,1745500,2010-05-26 00:00:00,1
2010-05-31 00:00:00,2010-05-31 00:00:00,10.5,2010-05-31 00:00:00,10,10.25,34,131000,1342250,2010-05-31 00:00:00,1
2010-06-01 00:00:00,2010-06-01 00:00:00,10.25,2010-06-01 00:00:00,10,10.25,52,241700,2476175,2010-06-01 00:00:00,1
2010-06-02 00:00:00,2010-06-02 00:00:00,10.75,2010-06-02 00:00:00,10.25,10.5,131,972100,10212000,2010-06-02 00:00:00,1
2010-06-03 00:00:00,2010-06-03 00:00:00,10.75,2010-06-03 00:00:00,10.25,10.25,75,357000,3734175,2010-06-03 00:00:00,1
2010-06-04 00:00:00,2010-06-04 00:00:00,10.5,2010-06-04 00:00:00,10,10.25,73,196700,1997300,2010-06-04 00:00:00,1
2010-06-07 00:00:00,2010-06-07 00:00:00,10.5,2010-06-07 00:00:00,10,10.25,56,143500,1457275,2010-06-07 00:00:00,1
2010-06-08 00:00:00,2010-06-08 00:00:00,10.25,2010-06-08 00:00:00,10,10,41,122600,1241775,2010-06-08 00:00:00,1
2010-06-09 00:00:00,2010-06-09 00:00:00,10.25,2010-06-09 00:00:00,10,10.25,70,334900,3398050,2010-06-09 00:00:00,1
2010-06-10 00:00:00,2010-06-10 00:00:00,10.25,2010-06-10 00:00:00,10,10.25,33,106300,1084825,2010-06-10 00:00:00,1
2010-06-11 00:00:00,2010-06-11 00:00:00,10,2010-06-11 00:00:00,9.75,10,72,218700,2179700,2010-06-11 00:00:00,1
2010-06-14 00:00:00,2010-06-14 00:00:00,10.25,2010-06-14 00:00:00,9.75,10.25,54,161000,1632575,2010-06-14 00:00:00,1
2010-06-15 00:00:00,2010-06-15 00:00:00,10.75,2010-06-15 00:00:00,10.25,10.5,149,630600,6622900,2010-06-15 00:00:00,1
2010-06-16 00:00:00,2010-06-16 00:00:00,11.5,2010-06-16 00:00:00,10.25,11.25,540,3854700,42731200,2010-06-16 00:00:00,1
2010-06-17 00:00:00,2010-06-17 00:00:00,13.5,2010-06-17 00:00:00,11.75,13,1347,9258400,118463575,2010-06-17 00:00:00,1
2010-06-21 00:00:00,2010-06-21 00:00:00,13.75,2010-06-21 00:00:00,13,13.25,291,1604300,21240875,2010-06-21 00:00:00,1
2010-06-22 00:00:00,2010-06-22 00:00:00,13.25,2010-06-22 00:00:00,12.75,12.75,206,942900,12124100,2010-06-22 00:00:00,1
2010-06-23 00:00:00,2010-06-23 00:00:00,13,2010-06-23 00:00:00,12.5,12.75,146,890500,11365425,2010-06-23 00:00:00,1
2010-06-24 00:00:00,2010-06-24 00:00:00,13,2010-06-24 00:00:00,12.25,12.75,117,810400,10239625,2010-06-24 00:00:00,1
2010-06-28 00:00:00,2010-06-28 00:00:00,12.75,2010-06-28 00:00:00,12.25,12.25,101,330400,4103775,2010-06-28 00:00:00,1
2010-06-29 00:00:00,2010-06-29 00:00:00,13.75,2010-06-29 00:00:00,12.5,13,230,1368600,17920075,2010-06-29 00:00:00,1
2010-06-30 00:00:00,2010-06-30 00:00:00,15,2010-06-30 00:00:00,13.25,14.25,904,5142300,74454000,2010-06-30 00:00:00,1
2010-07-01 00:00:00,2010-07-01 00:00:00,15,2010-07-01 00:00:00,14.25,14.5,342,1834800,27236775,2010-07-01 00:00:00,1
2010-07-02 00:00:00,2010-07-02 00:00:00,14.75,2010-07-02 00:00:00,13.75,14,103,269000,3807675,2010-07-02 00:00:00,1
2010-07-05 00:00:00,2010-07-05 00:00:00,14.5,2010-07-05 00:00:00,13.5,13.5,92,516000,7096200,2010-07-05 00:00:00,1
2010-07-06 00:00:00,2010-07-06 00:00:00,13.75,2010-07-06 00:00:00,13,13,78,212800,2844825,2010-07-06 00:00:00,1
2010-07-07 00:00:00,2010-07-07 00:00:00,13,2010-07-07 00:00:00,12.25,12.5,142,477400,6001825,2010-07-07 00:00:00,1
2010-07-08 00:00:00,2010-07-08 00:00:00,13.5,2010-07-08 00:00:00,12.75,13.25,116,380800,5023325,2010-07-08 00:00:00,1
2010-07-09 00:00:00,2010-07-09 00:00:00,13.25,2010-07-09 00:00:00,12.75,13,104,413900,5371900,2010-07-09 00:00:00,1
2010-07-12 00:00:00,2010-07-12 00:00:00,13,2010-07-12 00:00:00,12.5,12.5,49,87300,1115950,2010-07-12 00:00:00,1
2010-07-13 00:00:00,2010-07-13 00:00:00,13.5,2010-07-13 00:00:00,12.75,13,72,206500,2685175,2010-07-13 00:00:00,1
2010-07-14 00:00:00,2010-07-14 00:00:00,14.25,2010-07-14 00:00:00,13.25,14,392,1917100,26813425,2010-07-14 00:00:00,1
2010-07-15 00:00:00,2010-07-15 00:00:00,14,2010-07-15 00:00:00,13.75,13.75,48,258100,3578250,2010-07-15 00:00:00,1
2010-07-16 00:00:00,2010-07-16 00:00:00,14,2010-07-16 00:00:00,13.5,13.5,83,265900,3616900,2010-07-16 00:00:00,1
2010-07-19 00:00:00,2010-07-19 00:00:00,14,2010-07-19 00:00:00,13.5,13.75,44,127300,1738400,2010-07-19 00:00:00,1
2010-07-20 00:00:00,2010-07-20 00:00:00,14,2010-07-20 00:00:00,13.5,13.5,44,72400,987025,2010-07-20 00:00:00,1
2010-07-21 00:00:00,2010-07-21 00:00:00,14,2010-07-21 00:00:00,13.5,13.75,72,195300,2676400,2010-07-21 00:00:00,1
2010-07-22 00:00:00,2010-07-22 00:00:00,14,2010-07-22 00:00:00,13.5,13.5,31,233900,3194375,2010-07-22 00:00:00,1
2010-07-23 00:00:00,2010-07-23 00:00:00,14.5,2010-07-23 00:00:00,13.5,13.75,132,452600,6321800,2010-07-23 00:00:00,1
2010-07-26 00:00:00,2010-07-26 00:00:00,14.5,2010-07-26 00:00:00,13.75,14,66,182400,2581550,2010-07-26 00:00:00,1
2010-07-27 00:00:00,2010-07-27 00:00:00,14.25,2010-07-27 00:00:00,13.75,14,77,276400,3850975,2010-07-27 00:00:00,1
2010-07-28 00:00:00,2010-07-28 00:00:00,15.5,2010-07-28 00:00:00,13.75,14.25,181,692500,9948150,2010-07-28 00:00:00,1
2010-07-29 00:00:00,2010-07-29 00:00:00,14.5,2010-07-29 00:00:00,13.75,13.75,122,319800,4549350,2010-07-29 00:00:00,1
2010-07-30 00:00:00,2010-07-30 00:00:00,15,2010-07-30 00:00:00,13.5,14.75,296,2071500,30077525,2010-07-30 00:00:00,1
2010-08-02 00:00:00,2010-08-02 00:00:00,15.5,2010-08-02 00:00:00,14.6,14.9,199,1833300,27513140,2010-08-02 00:00:00,1
2010-08-03 00:00:00,2010-08-03 00:00:00,15.5,2010-08-03 00:00:00,14.3,14.5,114,1016500,15218650,2010-08-03 00:00:00,1
2010-08-04 00:00:00,2010-08-04 00:00:00,14.9,2010-08-04 00:00:00,14,14.7,87,209000,3037890,2010-08-04 00:00:00,1
2010-08-05 00:00:00,2010-08-05 00:00:00,14.8,2010-08-05 00:00:00,13.4,14.2,135,537500,7452380,2010-08-05 00:00:00,1
2010-08-06 00:00:00,2010-08-06 00:00:00,13.8,2010-08-06 00:00:00,13.4,13.5,106,198000,2686720,2010-08-06 00:00:00,1
2010-08-09 00:00:00,2010-08-09 00:00:00,13.5,2010-08-09 00:00:00,12.2,12.2,204,1225800,14980040,2010-08-09 00:00:00,1
2010-08-10 00:00:00,2010-08-10 00:00:00,13.4,2010-08-10 00:00:00,11.5,13.4,179,725300,9335890,2010-08-10 00:00:00,1
2010-08-11 00:00:00,2010-08-11 00:00:00,14.5,2010-08-11 00:00:00,13,13.4,145,473900,6525100,2010-08-11 00:00:00,1
2010-08-12 00:00:00,2010-08-12 00:00:00,13.3,2010-08-12 00:00:00,13,13.2,55,330900,4333870,2010-08-12 00:00:00,1
2010-08-13 00:00:00,2010-08-13 00:00:00,14,2010-08-13 00:00:00,13,13.6,49,171600,2305230,2010-08-13 00:00:00,1
2010-08-16 00:00:00,2010-08-16 00:00:00,13.8,2010-08-16 00:00:00,13.2,13.4,48,185800,2467800,2010-08-16 00:00:00,1
2010-08-17 00:00:00,2010-08-17 00:00:00,13.7,2010-08-17 00:00:00,13.2,13.5,31,48500,651290,2010-08-17 00:00:00,1
2010-08-18 00:00:00,2010-08-18 00:00:00,14.1,2010-08-18 00:00:00,13.6,13.7,114,284600,3913070,2010-08-18 00:00:00,1
2010-08-19 00:00:00,2010-08-19 00:00:00,14,2010-08-19 00:00:00,13.3,13.8,137,596500,8215030,2010-08-19 00:00:00,1
2010-08-20 00:00:00,2010-08-20 00:00:00,14,2010-08-20 00:00:00,13.6,13.7,77,132500,1821880,2010-08-20 00:00:00,1
2010-08-23 00:00:00,2010-08-23 00:00:00,13.9,2010-08-23 00:00:00,13.5,13.6,27,52700,725340,2010-08-23 00:00:00,1
2010-08-25 00:00:00,2010-08-25 00:00:00,13.8,2010-08-25 00:00:00,13.6,13.7,77,518100,7110550,2010-08-25 00:00:00,1
2010-08-26 00:00:00,2010-08-26 00:00:00,13.8,2010-08-26 00:00:00,13.5,13.5,25,100700,1364940,2010-08-26 00:00:00,1
2010-08-27 00:00:00,2010-08-27 00:00:00,13.5,2010-08-27 00:00:00,13,13.1,73,332800,4400800,2010-08-27 00:00:00,1
2010-08-30 00:00:00,2010-08-30 00:00:00,13.7,2010-08-30 00:00:00,13.4,13.4,45,93600,1262420,2010-08-30 00:00:00,1
2010-08-31 00:00:00,2010-08-31 00:00:00,13.7,2010-08-31 00:00:00,13.3,13.4,40,314300,4237790,2010-08-31 00:00:00,1
2010-09-01 00:00:00,2010-09-01 00:00:00,14,2010-09-01 00:00:00,13.3,13.8,99,440600,6039420,2010-09-01 00:00:00,1
2010-09-02 00:00:00,2010-09-02 00:00:00,14.2,2010-09-02 00:00:00,13.7,14.1,136,637100,8909590,2010-09-02 00:00:00,1
2010-09-03 00:00:00,2010-09-03 00:00:00,14.8,2010-09-03 00:00:00,14,14.5,251,1535500,22294300,2010-09-03 00:00:00,1
2010-09-06 00:00:00,2010-09-06 00:00:00,14.7,2010-09-06 00:00:00,13.8,14.2,62,105700,1493650,2010-09-06 00:00:00,1
2010-09-07 00:00:00,2010-09-07 00:00:00,14.8,2010-09-07 00:00:00,14,14.5,90,659900,9563660,2010-09-07 00:00:00,1
2010-09-08 00:00:00,2010-09-08 00:00:00,14.5,2010-09-08 00:00:00,14,14.2,73,474700,6733450,2010-09-08 00:00:00,1
2010-09-09 00:00:00,2010-09-09 00:00:00,14.7,2010-09-09 00:00:00,14,14.5,181,919500,13304250,2010-09-09 00:00:00,1
2010-09-13 00:00:00,2010-09-13 00:00:00,15.3,2010-09-13 00:00:00,14.5,15.1,360,2411600,36366090,2010-09-13 00:00:00,1
2010-09-14 00:00:00,2010-09-14 00:00:00,15.5,2010-09-14 00:00:00,14.5,15,151,457200,6895220,2010-09-14 00:00:00,1
2010-09-15 00:00:00,2010-09-15 00:00:00,15.3,2010-09-15 00:00:00,14.4,14.7,90,273100,4045090,2010-09-15 00:00:00,1
2010-09-16 00:00:00,2010-09-16 00:00:00,15,2010-09-16 00:00:00,14.6,14.7,42,75800,1122220,2010-09-16 00:00:00,1
2010-09-17 00:00:00,2010-09-17 00:00:00,16.1,2010-09-17 00:00:00,15,16,619,3641700,57710790,2010-09-17 00:00:00,1
2010-09-20 00:00:00,2010-09-20 00:00:00,16.9,2010-09-20 00:00:00,15.8,16.2,380,2030300,33156340,2010-09-20 00:00:00,1
2010-09-21 00:00:00,2010-09-21 00:00:00,16.5,2010-09-21 00:00:00,16,16.1,177,557500,9001830,2010-09-21 00:00:00,1
2010-09-23 00:00:00,2010-09-23 00:00:00,16.3,2010-09-23 00:00:00,15.5,16.1,136,348900,5598220,2010-09-23 00:00:00,1
2010-09-24 00:00:00,2010-09-24 00:00:00,17.3,2010-09-24 00:00:00,15.8,17,532,2546900,42125950,2010-09-24 00:00:00,1
2010-09-27 00:00:00,2010-09-27 00:00:00,17.5,2010-09-27 00:00:00,16.4,17,214,848200,14237020,2010-09-27 00:00:00,1
2010-09-28 00:00:00,2010-09-28 00:00:00,24.6,2010-09-28 00:00:00,17.2,23.3,3033,12729000,267727510,2010-09-28 00:00:00,1
2010-09-29 00:00:00,2010-09-29 00:00:00,29,2010-09-29 00:00:00,23.4,23.9,2606,10658800,277900980,2010-09-29 00:00:00,1
2010-09-30 00:00:00,2010-09-30 00:00:00,25,2010-09-30 00:00:00,21.5,23.7,511,1323800,31767840,2010-09-30 00:00:00,1
2010-10-01 00:00:00,2010-10-01 00:00:00,23.5,2010-10-01 00:00:00,19,21.7,489,1214100,26004380,2010-10-01 00:00:00,1
2010-10-04 00:00:00,2010-10-04 00:00:00,23,2010-10-04 00:00:00,21,21.4,182,341400,7286550,2010-10-04 00:00:00,1
2010-10-05 00:00:00,2010-10-05 00:00:00,24.5,2010-10-05 00:00:00,20.2,23.7,476,1023700,23636100,2010-10-05 00:00:00,1
2010-10-06 00:00:00,2010-10-06 00:00:00,26.5,2010-10-06 00:00:00,24.5,25.3,1671,5031400,129742510,2010-10-06 00:00:00,1
2010-10-07 00:00:00,2010-10-07 00:00:00,26,2010-10-07 00:00:00,23.2,24.7,701,1867100,46255840,2010-10-07 00:00:00,1
2010-10-08 00:00:00,2010-10-08 00:00:00,25.8,2010-10-08 00:00:00,24.5,25.3,268,494300,12456790,2010-10-08 00:00:00,1
2010-10-11 00:00:00,2010-10-11 00:00:00,25.9,2010-10-11 00:00:00,24.4,24.7,224,708900,17728250,2010-10-11 00:00:00,1
2010-10-12 00:00:00,2010-10-12 00:00:00,25,2010-10-12 00:00:00,23,23.3,221,482700,11413350,2010-10-12 00:00:00,1
2010-10-13 00:00:00,2010-10-13 00:00:00,25,2010-10-13 00:00:00,21,23.5,306,661000,15027970,2010-10-13 00:00:00,1
2010-10-14 00:00:00,2010-10-14 00:00:00,24.9,2010-10-14 00:00:00,22.6,23,134,327000,7634410,2010-10-14 00:00:00,1
2010-10-15 00:00:00,2010-10-15 00:00:00,23.9,2010-10-15 00:00:00,22.6,23.6,146,222500,5171570,2010-10-15 00:00:00,1
2010-10-18 00:00:00,2010-10-18 00:00:00,23.9,2010-10-18 00:00:00,22,22.3,140,316500,7162680,2010-10-18 00:00:00,1
2010-10-19 00:00:00,2010-10-19 00:00:00,23.2,2010-10-19 00:00:00,22,22.5,178,416000,9289520,2010-10-19 00:00:00,1
2010-10-20 00:00:00,2010-10-20 00:00:00,23.1,2010-10-20 00:00:00,22.3,22.5,123,299900,6768060,2010-10-20 00:00:00,1
2010-10-21 00:00:00,2010-10-21 00:00:00,22.5,2010-10-21 00:00:00,21,21.4,124,227900,4973520,2010-10-21 00:00:00,1
2010-10-25 00:00:00,2010-10-25 00:00:00,22.7,2010-10-25 00:00:00,21,21.2,84,116400,2478550,2010-10-25 00:00:00,1
2010-10-26 00:00:00,2010-10-26 00:00:00,21.9,2010-10-26 00:00:00,20,20.1,127,222500,4521790,2010-10-26 00:00:00,1
2010-10-27 00:00:00,2010-10-27 00:00:00,20.4,2010-10-27 00:00:00,19.1,20,110,198700,3980290,2010-10-27 00:00:00,1
2010-10-28 00:00:00,2010-10-28 00:00:00,20.4,2010-10-28 00:00:00,19.6,19.7,88,117700,2355140,2010-10-28 00:00:00,1
2010-10-29 00:00:00,2010-10-29 00:00:00,22.7,2010-10-29 00:00:00,19.5,22,488,2031100,44029650,2010-10-29 00:00:00,1
2010-11-01 00:00:00,2010-11-01 00:00:00,23.5,2010-11-01 00:00:00,22.1,22.3,153,314400,7118000,2010-11-01 00:00:00,1
2010-11-02 00:00:00,2010-11-02 00:00:00,22.5,2010-11-02 00:00:00,21.8,22,120,301000,6631790,2010-11-02 00:00:00,1
2010-11-03 00:00:00,2010-11-03 00:00:00,22.9,2010-11-03 00:00:00,21,21.2,133,256800,5516210,2010-11-03 00:00:00,1
2010-11-04 00:00:00,2010-11-04 00:00:00,21.5,2010-11-04 00:00:00,20.6,21,56,106900,2246970,2010-11-04 00:00:00,1
2010-11-08 00:00:00,2010-11-08 00:00:00,21.7,2010-11-08 00:00:00,20.5,20.5,86,169100,3490050,2010-11-08 00:00:00,1
2010-11-09 00:00:00,2010-11-09 00:00:00,20.5,2010-11-09 00:00:00,20,20,103,132000,2659220,2010-11-09 00:00:00,1
2010-11-10 00:00:00,2010-11-10 00:00:00,21.3,2010-11-10 00:00:00,20,20,228,407700,8291650,2010-11-10 00:00:00,1
2010-11-11 00:00:00,2010-11-11 00:00:00,20.4,2010-11-11 00:00:00,19.8,20.3,75,107900,2177090,2010-11-11 00:00:00,1
2010-11-12 00:00:00,2010-11-12 00:00:00,20.5,2010-11-12 00:00:00,19.8,19.9,140,206100,4116190,2010-11-12 00:00:00,1
2010-11-15 00:00:00,2010-11-15 00:00:00,20.3,2010-11-15 00:00:00,19,19.1,151,201300,3900210,2010-11-15 00:00:00,1
2010-11-16 00:00:00,2010-11-16 00:00:00,19.5,2010-11-16 00:00:00,18.5,18.8,221,590600,11028130,2010-11-16 00:00:00,1
2010-11-18 00:00:00,2010-11-18 00:00:00,19.8,2010-11-18 00:00:00,18.2,19.5,149,317600,6207370,2010-11-18 00:00:00,1
2010-11-22 00:00:00,2010-11-22 00:00:00,19.9,2010-11-22 00:00:00,18.2,19,80,75200,1445980,2010-11-22 00:00:00,1
2010-11-23 00:00:00,2010-11-23 00:00:00,19,2010-11-23 00:00:00,17.9,18,99,104900,1898650,2010-11-23 00:00:00,1
2010-11-24 00:00:00,2010-11-24 00:00:00,20.8,2010-11-24 00:00:00,18,20.1,500,991700,19813150,2010-11-24 00:00:00,1
2010-11-25 00:00:00,2010-11-25 00:00:00,20.8,2010-11-25 00:00:00,19,19.2,127,241000,4750320,2010-11-25 00:00:00,1
2010-11-26 00:00:00,2010-11-26 00:00:00,19.5,2010-11-26 00:00:00,19,19.1,51,91600,1755710,2010-11-26 00:00:00,1
2010-11-29 00:00:00,2010-11-29 00:00:00,19.3,2010-11-29 00:00:00,18.1,18.5,64,86500,1614990,2010-11-29 00:00:00,1
2010-11-30 00:00:00,2010-11-30 00:00:00,21.5,2010-11-30 00:00:00,19.1,20.4,257,795000,16465540,2010-11-30 00:00:00,1
2010-12-01 00:00:00,2010-12-01 00:00:00,21.5,2010-12-01 00:00:00,20.4,20.6,151,340100,7020790,2010-12-01 00:00:00,1
2010-12-02 00:00:00,2010-12-02 00:00:00,21.1,2010-12-02 00:00:00,20,20,130,242700,4940610,2010-12-02 00:00:00,1
2010-12-03 00:00:00,2010-12-03 00:00:00,20.5,2010-12-03 00:00:00,19.8,20,23,17600,350900,2010-12-03 00:00:00,1
2010-12-06 00:00:00,2010-12-06 00:00:00,20.7,2010-12-06 00:00:00,19.6,19.7,42,41400,820600,2010-12-06 00:00:00,1
2010-12-07 00:00:00,2010-12-07 00:00:00,20.5,2010-12-07 00:00:00,19.5,19.8,53,99500,1946150,2010-12-07 00:00:00,1
2010-12-08 00:00:00,2010-12-08 00:00:00,19.8,2010-12-08 00:00:00,19.5,19.6,37,54100,1057860,2010-12-08 00:00:00,1
2010-12-09 00:00:00,2010-12-09 00:00:00,19.5,2010-12-09 00:00:00,19,19.3,49,91400,1753400,2010-12-09 00:00:00,1
2010-12-10 00:00:00,2010-12-10 00:00:00,19.5,2010-12-10 00:00:00,19,19,47,113400,2168120,2010-12-10 00:00:00,1
2010-12-13 00:00:00,2010-12-13 00:00:00,19.7,2010-12-13 00:00:00,18.7,18.9,85,108400,2057910,2010-12-13 00:00:00,1
2010-12-14 00:00:00,2010-12-14 00:00:00,18.9,2010-12-14 00:00:00,18,18.4,142,265000,4830620,2010-12-14 00:00:00,1
2010-12-15 00:00:00,2010-12-15 00:00:00,18.5,2010-12-15 00:00:00,18.2,18.4,15,19000,347800,2010-12-15 00:00:00,1
2010-12-16 00:00:00,2010-12-16 00:00:00,18.9,2010-12-16 00:00:00,18.5,18.5,73,231300,4286710,2010-12-16 00:00:00,1
2010-12-17 00:00:00,2010-12-17 00:00:00,18.7,2010-12-17 00:00:00,18.5,18.5,42,122600,2270210,2010-12-17 00:00:00,1
2010-12-21 00:00:00,2010-12-21 00:00:00,19.2,2010-12-21 00:00:00,18.4,18.6,70,162300,3016390,2010-12-21 00:00:00,1
2010-12-22 00:00:00,2010-12-22 00:00:00,19.5,2010-12-22 00:00:00,18.4,19,85,140000,2670650,2010-12-22 00:00:00,1
2010-12-23 00:00:00,2010-12-23 00:00:00,19.6,2010-12-23 00:00:00,19.3,19.4,72,166100,3217150,2010-12-23 00:00:00,1
2010-12-24 00:00:00,2010-12-24 00:00:00,19.7,2010-12-24 00:00:00,19,19.5,15,10900,211870,2010-12-24 00:00:00,1
2010-12-27 00:00:00,2010-12-27 00:00:00,19.8,2010-12-27 00:00:00,19.3,19.4,47,40800,795150,2010-12-27 00:00:00,1
2010-12-28 00:00:00,2010-12-28 00:00:00,19.8,2010-12-28 00:00:00,19.2,19.3,64,99000,1923770,2010-12-28 00:00:00,1
2010-12-29 00:00:00,2010-12-29 00:00:00,19.3,2010-12-29 00:00:00,18.9,18.9,63,101500,1927730,2010-12-29 00:00:00,1
2010-12-30 00:00:00,2010-12-30 00:00:00,19.2,2010-12-30 00:00:00,18.1,19,80,187200,3500510,2010-12-30 00:00:00,1
2010-12-31 00:00:00,2010-12-31 00:00:00,19.5,2010-12-31 00:00:00,18.9,19.4,53,138800,2649500,2010-12-31 00:00:00,1
Company Id :  CLND,,Security Type :  W,,Sub Type :  0005,,,,,,
Short Name :  COLOMBO LAND,,,,,,,,,,
Day,Date High,High,Date Low,Low,Closing,No. of Trades,No. of Shares,Turnover,Last Traded,Days Traded
2010-01-04 00:00:00,2010-01-04 00:00:00,3.8,2010-01-04 00:00:00,3.8,3.8,6,157700,599260,2010-01-04 00:00:00,1
2010-01-05 00:00:00,2010-01-05 00:00:00,3.9,2010-01-05 00:00:00,3.8,3.8,4,23200,90410,2010-01-05 00:00:00,1
2010-01-06 00:00:00,2010-01-06 00:00:00,3.9,2010-01-06 00:00:00,3.8,3.8,3,3500,13450,2010-01-06 00:00:00,1
2010-01-07 00:00:00,2010-01-07 00:00:00,4,2010-01-07 00:00:00,3.8,4,11,120600,480000,2010-01-07 00:00:00,1
2010-01-08 00:00:00,2010-01-08 00:00:00,4.3,2010-01-08 00:00:00,4,4.2,76,533800,2233540,2010-01-08 00:00:00,1
2010-01-11 00:00:00,2010-01-11 00:00:00,4.2,2010-01-11 00:00:00,4.1,4.1,12,72600,298280,2010-01-11 00:00:00,1
2010-01-12 00:00:00,2010-01-12 00:00:00,4.1,2010-01-12 00:00:00,4,4,6,36000,146100,2010-01-12 00:00:00,1
2010-01-13 00:00:00,2010-01-13 00:00:00,4,2010-01-13 00:00:00,3.9,3.9,12,16200,63410,2010-01-13 00:00:00,1
2010-01-15 00:00:00,2010-01-15 00:00:00,3.9,2010-01-15 00:00:00,3.8,3.8,12,92700,355620,2010-01-15 00:00:00,1
2010-01-18 00:00:00,2010-01-18 00:00:00,3.9,2010-01-18 00:00:00,3.8,3.8,3,22200,84410,2010-01-18 00:00:00,1
2010-01-19 00:00:00,2010-01-19 00:00:00,3.8,2010-01-19 00:00:00,3.7,3.7,16,122500,464500,2010-01-19 00:00:00,1
2010-01-20 00:00:00,2010-01-20 00:00:00,3.8,2010-01-20 00:00:00,3.8,3.8,3,5400,20520,2010-01-20 00:00:00,1
2010-01-21 00:00:00,2010-01-21 00:00:00,3.9,2010-01-21 00:00:00,3.8,3.9,4,9900,37650,2010-01-21 00:00:00,1
2010-01-22 00:00:00,2010-01-22 00:00:00,3.9,2010-01-22 00:00:00,3.8,3.9,9,62800,238820,2010-01-22 00:00:00,1
2010-01-25 00:00:00,2010-01-25 00:00:00,3.8,2010-01-25 00:00:00,3.7,3.7,15,231400,868180,2010-01-25 00:00:00,1
2010-01-26 00:00:00,2010-01-26 00:00:00,3.8,2010-01-26 00:00:00,3.7,3.7,9,47000,174600,2010-01-26 00:00:00,1
2010-01-28 00:00:00,2010-01-28 00:00:00,3.9,2010-01-28 00:00:00,3.8,3.8,6,34100,130580,2010-01-28 00:00:00,1
2010-02-01 00:00:00,2010-02-01 00:00:00,3.9,2010-02-01 00:00:00,3.9,3.9,1,2000,7800,2010-02-01 00:00:00,1
2010-02-02 00:00:00,2010-02-02 00:00:00,3.9,2010-02-02 00:00:00,3.7,3.7,16,80000,304910,2010-02-02 00:00:00,1
2010-02-03 00:00:00,2010-02-03 00:00:00,4.2,2010-02-03 00:00:00,3.8,4,94,851700,3440900,2010-02-03 00:00:00,1
2010-02-05 00:00:00,2010-02-05 00:00:00,3.8,2010-02-05 00:00:00,3.8,3.8,1,200,760,2010-02-05 00:00:00,1
2010-02-08 00:00:00,2010-02-08 00:00:00,4,2010-02-08 00:00:00,3.8,3.8,22,187200,712670,2010-02-08 00:00:00,1
2010-02-09 00:00:00,2010-02-09 00:00:00,3.8,2010-02-09 00:00:00,3.8,3.8,9,236100,897180,2010-02-09 00:00:00,1
2010-02-10 00:00:00,2010-02-10 00:00:00,3.8,2010-02-10 00:00:00,3.8,3.8,8,65000,247000,2010-02-10 00:00:00,1
2010-02-11 00:00:00,2010-02-11 00:00:00,3.8,2010-02-11 00:00:00,3.7,3.7,6,28100,104070,2010-02-11 00:00:00,1
2010-02-12 00:00:00,2010-02-12 00:00:00,3.7,2010-02-12 00:00:00,3.7,3.7,4,133600,494320,2010-02-12 00:00:00,1
2010-02-16 00:00:00,2010-02-16 00:00:00,3.8,2010-02-16 00:00:00,3.8,3.8,4,52000,197600,2010-02-16 00:00:00,1
2010-02-17 00:00:00,2010-02-17 00:00:00,3.7,2010-02-17 00:00:00,3.7,3.7,7,60200,222740,2010-02-17 00:00:00,1
2010-02-18 00:00:00,2010-02-18 00:00:00,3.8,2010-02-18 00:00:00,3.7,3.8,4,13200,50060,2010-02-18 00:00:00,1
2010-02-19 00:00:00,2010-02-19 00:00:00,3.8,2010-02-19 00:00:00,3.7,3.7,6,30500,113850,2010-02-19 00:00:00,1
2010-02-22 00:00:00,2010-02-22 00:00:00,3.7,2010-02-22 00:00:00,3.7,3.7,3,3000,11100,2010-02-22 00:00:00,1
2010-02-23 00:00:00,2010-02-23 00:00:00,3.7,2010-02-23 00:00:00,3.7,3.7,1,100,370,2010-02-23 00:00:00,1
2010-02-24 00:00:00,2010-02-24 00:00:00,3.8,2010-02-24 00:00:00,3.7,3.8,13,57100,214980,2010-02-24 00:00:00,1
2010-02-25 00:00:00,2010-02-25 00:00:00,3.8,2010-02-25 00:00:00,3.7,3.7,10,36900,136540,2010-02-25 00:00:00,1
2010-02-26 00:00:00,2010-02-26 00:00:00,3.7,2010-02-26 00:00:00,3.7,3.7,3,6500,24050,2010-02-26 00:00:00,1
2010-03-01 00:00:00,2010-03-01 00:00:00,3.7,2010-03-01 00:00:00,3.6,3.6,11,31200,114390,2010-03-01 00:00:00,1
2010-03-02 00:00:00,2010-03-02 00:00:00,3.6,2010-03-02 00:00:00,3.6,3.6,14,65500,235800,2010-03-02 00:00:00,1
2010-03-03 00:00:00,2010-03-03 00:00:00,3.6,2010-03-03 00:00:00,3.5,3.5,9,42800,151690,2010-03-03 00:00:00,1
2010-03-04 00:00:00,2010-03-04 00:00:00,3.6,2010-03-04 00:00:00,3.5,3.6,20,101200,358920,2010-03-04 00:00:00,1
2010-03-05 00:00:00,2010-03-05 00:00:00,3.7,2010-03-05 00:00:00,3.6,3.6,5,64800,234310,2010-03-05 00:00:00,1
2010-03-08 00:00:00,2010-03-08 00:00:00,3.7,2010-03-08 00:00:00,3.7,3.7,5,35500,131350,2010-03-08 00:00:00,1
2010-03-09 00:00:00,2010-03-09 00:00:00,3.7,2010-03-09 00:00:00,3.6,3.7,2,4500,16350,2010-03-09 00:00:00,1
2010-03-10 00:00:00,2010-03-10 00:00:00,3.7,2010-03-10 00:00:00,3.7,3.7,3,16200,59940,2010-03-10 00:00:00,1
2010-03-11 00:00:00,2010-03-11 00:00:00,3.7,2010-03-11 00:00:00,3.6,3.6,9,34300,124860,2010-03-11 00:00:00,1
2010-03-12 00:00:00,2010-03-12 00:00:00,3.9,2010-03-12 00:00:00,3.6,3.8,37,319900,1214210,2010-03-12 00:00:00,1
2010-03-15 00:00:00,2010-03-15 00:00:00,3.8,2010-03-15 00:00:00,3.8,3.8,3,21500,81700,2010-03-15 00:00:00,1
2010-03-16 00:00:00,2010-03-16 00:00:00,4,2010-03-16 00:00:00,3.7,3.8,31,223400,869470,2010-03-16 00:00:00,1
2010-03-17 00:00:00,2010-03-17 00:00:00,3.9,2010-03-17 00:00:00,3.7,3.8,16,114600,424500,2010-03-17 00:00:00,1
2010-03-18 00:00:00,2010-03-18 00:00:00,3.7,2010-03-18 00:00:00,3.7,3.7,9,24700,91390,2010-03-18 00:00:00,1
2010-03-19 00:00:00,2010-03-19 00:00:00,3.7,2010-03-19 00:00:00,3.6,3.7,23,108900,400330,2010-03-19 00:00:00,1
2010-03-22 00:00:00,2010-03-22 00:00:00,3.8,2010-03-22 00:00:00,3.7,3.8,22,145300,551840,2010-03-22 00:00:00,1
2010-03-23 00:00:00,2010-03-23 00:00:00,3.8,2010-03-23 00:00:00,3.7,3.7,6,48800,184790,2010-03-23 00:00:00,1
2010-03-24 00:00:00,2010-03-24 00:00:00,4.1,2010-03-24 00:00:00,3.8,4,86,689000,2739310,2010-03-24 00:00:00,1
2010-03-25 00:00:00,2010-03-25 00:00:00,4.1,2010-03-25 00:00:00,3.9,4,23,284500,1147950,2010-03-25 00:00:00,1
2010-03-26 00:00:00,2010-03-26 00:00:00,4.4,2010-03-26 00:00:00,4,4.2,162,1449400,6153720,2010-03-26 00:00:00,1
2010-03-30 00:00:00,2010-03-30 00:00:00,4.3,2010-03-30 00:00:00,4,4,11,106900,436510,2010-03-30 00:00:00,1
2010-03-31 00:00:00,2010-03-31 00:00:00,4.1,2010-03-31 00:00:00,4,4,12,32500,130350,2010-03-31 00:00:00,1
2010-04-01 00:00:00,2010-04-01 00:00:00,3.9,2010-04-01 00:00:00,3.9,3.9,8,72200,281580,2010-04-01 00:00:00,1
2010-04-05 00:00:00,2010-04-05 00:00:00,4.5,2010-04-05 00:00:00,4.1,4.5,139,1057600,4647740,2010-04-05 00:00:00,1
2010-04-06 00:00:00,2010-04-06 00:00:00,4.6,2010-04-06 00:00:00,4.4,4.6,70,364200,1645110,2010-04-06 00:00:00,1
2010-04-07 00:00:00,2010-04-07 00:00:00,5.5,2010-04-07 00:00:00,4.5,5.25,297,2529900,12842030,2010-04-07 00:00:00,1
2010-04-08 00:00:00,2010-04-08 00:00:00,5.25,2010-04-08 00:00:00,5,5.25,20,119900,620750,2010-04-08 00:00:00,1
2010-04-12 00:00:00,2010-04-12 00:00:00,5.5,2010-04-12 00:00:00,5.25,5.5,84,769500,4231000,2010-04-12 00:00:00,1
2010-04-15 00:00:00,2010-04-15 00:00:00,5.5,2010-04-15 00:00:00,5.25,5.25,29,166200,882050,2010-04-15 00:00:00,1
2010-04-16 00:00:00,2010-04-16 00:00:00,5.5,2010-04-16 00:00:00,5.25,5.25,17,95800,503000,2010-04-16 00:00:00,1
2010-04-19 00:00:00,2010-04-19 00:00:00,5.25,2010-04-19 00:00:00,4.9,5,45,413300,2047440,2010-04-19 00:00:00,1
2010-04-20 00:00:00,2010-04-20 00:00:00,5.25,2010-04-20 00:00:00,4.9,4.9,54,359700,1816655,2010-04-20 00:00:00,1
2010-04-21 00:00:00,2010-04-21 00:00:00,5,2010-04-21 00:00:00,4.9,4.9,25,193900,968780,2010-04-21 00:00:00,1
2010-04-22 00:00:00,2010-04-22 00:00:00,5,2010-04-22 00:00:00,4.9,5,45,257500,1285200,2010-04-22 00:00:00,1
2010-04-23 00:00:00,2010-04-23 00:00:00,5.25,2010-04-23 00:00:00,5,5,11,21900,110250,2010-04-23 00:00:00,1
2010-04-26 00:00:00,2010-04-26 00:00:00,5.25,2010-04-26 00:00:00,5,5.25,37,300100,1572525,2010-04-26 00:00:00,1
2010-04-27 00:00:00,2010-04-27 00:00:00,6.75,2010-04-27 00:00:00,5.25,6.5,432,3162900,19734000,2010-04-27 00:00:00,1
2010-04-29 00:00:00,2010-04-29 00:00:00,9.5,2010-04-29 00:00:00,7,9.25,686,4895500,40935400,2010-04-29 00:00:00,1
2010-04-30 00:00:00,2010-04-30 00:00:00,9.5,2010-04-30 00:00:00,8.5,8.75,171,1242400,11261800,2010-04-30 00:00:00,1
2010-05-03 00:00:00,2010-05-03 00:00:00,9,2010-05-03 00:00:00,8,8,97,394200,3282725,2010-05-03 00:00:00,1
2010-05-04 00:00:00,2010-05-04 00:00:00,8.5,2010-05-04 00:00:00,7.75,8.25,93,352500,2835750,2010-05-04 00:00:00,1
2010-05-05 00:00:00,2010-05-05 00:00:00,9.25,2010-05-05 00:00:00,8.5,8.75,155,665400,5954850,2010-05-05 00:00:00,1
2010-05-06 00:00:00,2010-05-06 00:00:00,8.5,2010-05-06 00:00:00,8.25,8.25,27,99200,829225,2010-05-06 00:00:00,1
2010-05-07 00:00:00,2010-05-07 00:00:00,8.5,2010-05-07 00:00:00,8.25,8.5,46,108500,904925,2010-05-07 00:00:00,1
2010-05-10 00:00:00,2010-05-10 00:00:00,8.75,2010-05-10 00:00:00,8.25,8.25,39,91000,767875,2010-05-10 00:00:00,1
2010-05-11 00:00:00,2010-05-11 00:00:00,8.25,2010-05-11 00:00:00,8,8.25,28,38600,317650,2010-05-11 00:00:00,1
2010-05-12 00:00:00,2010-05-12 00:00:00,8.25,2010-05-12 00:00:00,8,8.25,30,62700,516075,2010-05-12 00:00:00,1
2010-05-13 00:00:00,2010-05-13 00:00:00,8.5,2010-05-13 00:00:00,7.5,7.75,124,572300,4525475,2010-05-13 00:00:00,1
2010-05-14 00:00:00,2010-05-14 00:00:00,8.5,2010-05-14 00:00:00,8,8.25,57,276400,2295450,2010-05-14 00:00:00,1
2010-05-17 00:00:00,2010-05-17 00:00:00,8,2010-05-17 00:00:00,7.75,8,26,159900,1248175,2010-05-17 00:00:00,1
2010-05-18 00:00:00,2010-05-18 00:00:00,8,2010-05-18 00:00:00,7.75,8,24,76300,607900,2010-05-18 00:00:00,1
2010-05-19 00:00:00,2010-05-19 00:00:00,7.75,2010-05-19 00:00:00,7.5,7.75,17,75200,579675,2010-05-19 00:00:00,1
2010-05-20 00:00:00,2010-05-20 00:00:00,7.75,2010-05-20 00:00:00,7.25,7.5,60,370000,2776400,2010-05-20 00:00:00,1
2010-05-21 00:00:00,2010-05-21 00:00:00,7.5,2010-05-21 00:00:00,7,7,68,322800,2291375,2010-05-21 00:00:00,1
2010-05-24 00:00:00,2010-05-24 00:00:00,7.25,2010-05-24 00:00:00,6.75,7,38,107600,752475,2010-05-24 00:00:00,1
2010-05-25 00:00:00,2010-05-25 00:00:00,7,2010-05-25 00:00:00,6.75,7,16,27000,187500,2010-05-25 00:00:00,1
2010-05-26 00:00:00,2010-05-26 00:00:00,7.25,2010-05-26 00:00:00,6.75,7,25,71000,499375,2010-05-26 00:00:00,1
2010-05-31 00:00:00,2010-05-31 00:00:00,7.5,2010-05-31 00:00:00,7.25,7.5,56,144200,1068575,2010-05-31 00:00:00,1
2010-06-01 00:00:00,2010-06-01 00:00:00,7.5,2010-06-01 00:00:00,7.25,7.25,12,12100,88500,2010-06-01 00:00:00,1
2010-06-02 00:00:00,2010-06-02 00:00:00,7.75,2010-06-02 00:00:00,7.25,7.75,76,342600,2638475,2010-06-02 00:00:00,1
2010-06-03 00:00:00,2010-06-03 00:00:00,8,2010-06-03 00:00:00,7.5,7.75,8,15500,119600,2010-06-03 00:00:00,1
2010-06-04 00:00:00,2010-06-04 00:00:00,7.75,2010-06-04 00:00:00,7.25,7.5,18,45100,333325,2010-06-04 00:00:00,1
2010-06-07 00:00:00,2010-06-07 00:00:00,7.5,2010-06-07 00:00:00,7.25,7.25,17,53600,389000,2010-06-07 00:00:00,1
2010-06-08 00:00:00,2010-06-08 00:00:00,7.75,2010-06-08 00:00:00,7.5,7.5,18,58500,440750,2010-06-08 00:00:00,1
2010-06-09 00:00:00,2010-06-09 00:00:00,7.5,2010-06-09 00:00:00,7.25,7.5,25,74800,557250,2010-06-09 00:00:00,1
2010-06-10 00:00:00,2010-06-10 00:00:00,7.5,2010-06-10 00:00:00,7.25,7.25,21,74100,547250,2010-06-10 00:00:00,1
2010-06-11 00:00:00,2010-06-11 00:00:00,7.25,2010-06-11 00:00:00,7.25,7.25,2,4000,29000,2010-06-11 00:00:00,1
2010-06-14 00:00:00,2010-06-14 00:00:00,7.5,2010-06-14 00:00:00,7,7.5,24,60300,448925,2010-06-14 00:00:00,1
2010-06-15 00:00:00,2010-06-15 00:00:00,8.25,2010-06-15 00:00:00,7.75,8.25,93,621900,5028425,2010-06-15 00:00:00,1
2010-06-16 00:00:00,2010-06-16 00:00:00,9.5,2010-06-16 00:00:00,8.25,9.25,335,1840000,16609025,2010-06-16 00:00:00,1
2010-06-17 00:00:00,2010-06-17 00:00:00,11.25,2010-06-17 00:00:00,9.5,11,966,5862600,61635275,2010-06-17 00:00:00,1
2010-06-21 00:00:00,2010-06-21 00:00:00,11.5,2010-06-21 00:00:00,10.75,11,281,1349600,15006875,2010-06-21 00:00:00,1
2010-06-22 00:00:00,2010-06-22 00:00:00,11.25,2010-06-22 00:00:00,10.25,10.5,112,532000,5598450,2010-06-22 00:00:00,1
2010-06-23 00:00:00,2010-06-23 00:00:00,10.75,2010-06-23 00:00:00,10.25,10.25,61,282000,2927500,2010-06-23 00:00:00,1
2010-06-24 00:00:00,2010-06-24 00:00:00,10.75,2010-06-24 00:00:00,9.75,10.5,72,277100,2851425,2010-06-24 00:00:00,1
2010-06-28 00:00:00,2010-06-28 00:00:00,10.5,2010-06-28 00:00:00,9.75,10,31,98700,1002475,2010-06-28 00:00:00,1
2010-06-29 00:00:00,2010-06-29 00:00:00,11.5,2010-06-29 00:00:00,10,11,223,1091300,12190000,2010-06-29 00:00:00,1
2010-06-30 00:00:00,2010-06-30 00:00:00,13,2010-06-30 00:00:00,11.25,12,554,2628000,32287100,2010-06-30 00:00:00,1
2010-07-01 00:00:00,2010-07-01 00:00:00,13.25,2010-07-01 00:00:00,12.25,12.5,229,1619300,20737300,2010-07-01 00:00:00,1
2010-07-02 00:00:00,2010-07-02 00:00:00,12.75,2010-07-02 00:00:00,11.75,12,53,201900,2522750,2010-07-02 00:00:00,1
2010-07-05 00:00:00,2010-07-05 00:00:00,12.5,2010-07-05 00:00:00,11.5,11.75,12,15300,178600,2010-07-05 00:00:00,1
2010-07-06 00:00:00,2010-07-06 00:00:00,11.75,2010-07-06 00:00:00,11.5,11.5,22,56300,647475,2010-07-06 00:00:00,1
2010-07-07 00:00:00,2010-07-07 00:00:00,11.5,2010-07-07 00:00:00,11,11,27,134000,1487150,2010-07-07 00:00:00,1
2010-07-08 00:00:00,2010-07-08 00:00:00,11.75,2010-07-08 00:00:00,11.5,11.75,47,127100,1479825,2010-07-08 00:00:00,1
2010-07-09 00:00:00,2010-07-09 00:00:00,12,2010-07-09 00:00:00,11.25,11.5,21,19500,224875,2010-07-09 00:00:00,1
2010-07-12 00:00:00,2010-07-12 00:00:00,11.5,2010-07-12 00:00:00,11,11,25,35100,397475,2010-07-12 00:00:00,1
2010-07-13 00:00:00,2010-07-13 00:00:00,11.75,2010-07-13 00:00:00,11.25,11.25,38,60800,688850,2010-07-13 00:00:00,1
2010-07-14 00:00:00,2010-07-14 00:00:00,12.5,2010-07-14 00:00:00,11.5,12,129,308000,3717050,2010-07-14 00:00:00,1
2010-07-15 00:00:00,2010-07-15 00:00:00,12,2010-07-15 00:00:00,11.5,11.5,13,12000,139025,2010-07-15 00:00:00,1
2010-07-16 00:00:00,2010-07-16 00:00:00,11.5,2010-07-16 00:00:00,11,11,35,124500,1382425,2010-07-16 00:00:00,1
2010-07-19 00:00:00,2010-07-19 00:00:00,11.25,2010-07-19 00:00:00,11,11,30,108900,1218500,2010-07-19 00:00:00,1
2010-07-20 00:00:00,2010-07-20 00:00:00,11.5,2010-07-20 00:00:00,11.5,11.5,27,461200,5303800,2010-07-20 00:00:00,1
2010-07-21 00:00:00,2010-07-21 00:00:00,11.75,2010-07-21 00:00:00,11.5,11.75,19,92000,1077900,2010-07-21 00:00:00,1
2010-07-22 00:00:00,2010-07-22 00:00:00,11.75,2010-07-22 00:00:00,11.5,11.5,8,14400,166125,2010-07-22 00:00:00,1
2010-07-23 00:00:00,2010-07-23 00:00:00,12.25,2010-07-23 00:00:00,11.5,11.75,72,307700,3722525,2010-07-23 00:00:00,1
2010-07-26 00:00:00,2010-07-26 00:00:00,12.25,2010-07-26 00:00:00,11.5,12,30,131300,1561025,2010-07-26 00:00:00,1
2010-07-27 00:00:00,2010-07-27 00:00:00,12.25,2010-07-27 00:00:00,11.75,11.75,19,38500,461150,2010-07-27 00:00:00,1
2010-07-28 00:00:00,2010-07-28 00:00:00,12.25,2010-07-28 00:00:00,12,12,37,180200,2174200,2010-07-28 00:00:00,1
2010-07-29 00:00:00,2010-07-29 00:00:00,13,2010-07-29 00:00:00,12.25,12.5,84,641100,8231875,2010-07-29 00:00:00,1
2010-07-30 00:00:00,2010-07-30 00:00:00,12.75,2010-07-30 00:00:00,12,12.5,45,828500,10233750,2010-07-30 00:00:00,1
2010-08-02 00:00:00,2010-08-02 00:00:00,13.1,2010-08-02 00:00:00,12.2,12.4,39,104800,1314020,2010-08-02 00:00:00,1
2010-08-03 00:00:00,2010-08-03 00:00:00,12.5,2010-08-03 00:00:00,11.5,12,16,131300,1587010,2010-08-03 00:00:00,1
2010-08-04 00:00:00,2010-08-04 00:00:00,12.5,2010-08-04 00:00:00,12.1,12.1,8,12700,154250,2010-08-04 00:00:00,1
2010-08-05 00:00:00,2010-08-05 00:00:00,11.9,2010-08-05 00:00:00,10.8,11.8,37,68400,770000,2010-08-05 00:00:00,1
2010-08-06 00:00:00,2010-08-06 00:00:00,11.9,2010-08-06 00:00:00,11,11.1,20,25800,288100,2010-08-06 00:00:00,1
2010-08-09 00:00:00,2010-08-09 00:00:00,10.8,2010-08-09 00:00:00,10,10,90,272200,2740650,2010-08-09 00:00:00,1
2010-08-10 00:00:00,2010-08-10 00:00:00,11,2010-08-10 00:00:00,9.3,11,49,88200,953670,2010-08-10 00:00:00,1
2010-08-11 00:00:00,2010-08-11 00:00:00,12.1,2010-08-11 00:00:00,11,11.5,62,290500,3382760,2010-08-11 00:00:00,1
2010-08-12 00:00:00,2010-08-12 00:00:00,11.8,2010-08-12 00:00:00,10.6,11.6,38,45000,490190,2010-08-12 00:00:00,1
2010-08-13 00:00:00,2010-08-13 00:00:00,11.6,2010-08-13 00:00:00,11,11.6,7,10800,124580,2010-08-13 00:00:00,1
2010-08-16 00:00:00,2010-08-16 00:00:00,12.7,2010-08-16 00:00:00,11.1,11.2,33,47600,542680,2010-08-16 00:00:00,1
2010-08-17 00:00:00,2010-08-17 00:00:00,11.6,2010-08-17 00:00:00,11.2,11.4,11,16300,187040,2010-08-17 00:00:00,1
2010-08-18 00:00:00,2010-08-18 00:00:00,12,2010-08-18 00:00:00,11.5,11.7,21,35200,408880,2010-08-18 00:00:00,1
2010-08-19 00:00:00,2010-08-19 00:00:00,12.2,2010-08-19 00:00:00,11.7,11.7,35,90400,1074400,2010-08-19 00:00:00,1
2010-08-20 00:00:00,2010-08-20 00:00:00,11.9,2010-08-20 00:00:00,11.5,11.5,15,25000,288820,2010-08-20 00:00:00,1
2010-08-23 00:00:00,2010-08-23 00:00:00,11.8,2010-08-23 00:00:00,11.5,11.5,16,33400,386770,2010-08-23 00:00:00,1
2010-08-25 00:00:00,2010-08-25 00:00:00,11.5,2010-08-25 00:00:00,11.1,11.2,18,37200,417790,2010-08-25 00:00:00,1
2010-08-26 00:00:00,2010-08-26 00:00:00,11.3,2010-08-26 00:00:00,11.3,11.3,3,1800,20340,2010-08-26 00:00:00,1
2010-08-27 00:00:00,2010-08-27 00:00:00,11.5,2010-08-27 00:00:00,11,11.1,6,6900,76950,2010-08-27 00:00:00,1
2010-08-30 00:00:00,2010-08-30 00:00:00,11.1,2010-08-30 00:00:00,11,11,16,34500,379770,2010-08-30 00:00:00,1
2010-08-31 00:00:00,2010-08-31 00:00:00,11.5,2010-08-31 00:00:00,10.5,10.6,6,15700,170500,2010-08-31 00:00:00,1
2010-09-01 00:00:00,2010-09-01 00:00:00,11.5,2010-09-01 00:00:00,10.5,11.3,45,147000,1643000,2010-09-01 00:00:00,1
2010-09-02 00:00:00,2010-09-02 00:00:00,11.6,2010-09-02 00:00:00,11,11.5,53,365900,4113020,2010-09-02 00:00:00,1
2010-09-03 00:00:00,2010-09-03 00:00:00,12.2,2010-09-03 00:00:00,11.6,12,139,471500,5658400,2010-09-03 00:00:00,1
2010-09-06 00:00:00,2010-09-06 00:00:00,12,2010-09-06 00:00:00,11.6,11.9,5,9000,105700,2010-09-06 00:00:00,1
2010-09-07 00:00:00,2010-09-07 00:00:00,12,2010-09-07 00:00:00,11.7,12,14,32800,387950,2010-09-07 00:00:00,1
2010-09-08 00:00:00,2010-09-08 00:00:00,12.4,2010-09-08 00:00:00,11.9,12,12,33000,396350,2010-09-08 00:00:00,1
2010-09-09 00:00:00,2010-09-09 00:00:00,12.3,2010-09-09 00:00:00,11.5,12.2,17,58200,689410,2010-09-09 00:00:00,1
2010-09-13 00:00:00,2010-09-13 00:00:00,12.5,2010-09-13 00:00:00,12.1,12.2,73,270700,3360720,2010-09-13 00:00:00,1
2010-09-14 00:00:00,2010-09-14 00:00:00,12.5,2010-09-14 00:00:00,11.7,11.8,18,32400,396750,2010-09-14 00:00:00,1
2010-09-15 00:00:00,2010-09-15 00:00:00,12,2010-09-15 00:00:00,11.7,11.7,4,1200,14120,2010-09-15 00:00:00,1
2010-09-16 00:00:00,2010-09-16 00:00:00,11.8,2010-09-16 00:00:00,11.6,11.8,8,9800,114680,2010-09-16 00:00:00,1
2010-09-17 00:00:00,2010-09-17 00:00:00,12.9,2010-09-17 00:00:00,11.9,12.9,126,533700,6834360,2010-09-17 00:00:00,1
2010-09-20 00:00:00,2010-09-20 00:00:00,13.7,2010-09-20 00:00:00,12.5,13,119,314500,4161260,2010-09-20 00:00:00,1
2010-09-21 00:00:00,2010-09-21 00:00:00,13.3,2010-09-21 00:00:00,12.7,12.8,13,40200,518730,2010-09-21 00:00:00,1
2010-09-23 00:00:00,2010-09-23 00:00:00,12.8,2010-09-23 00:00:00,12,12.4,39,103500,1291110,2010-09-23 00:00:00,1
2010-09-24 00:00:00,2010-09-24 00:00:00,13.6,2010-09-24 00:00:00,12.2,13.1,139,743900,9799510,2010-09-24 00:00:00,1
2010-09-27 00:00:00,2010-09-27 00:00:00,13.5,2010-09-27 00:00:00,12.7,12.8,35,118000,1513700,2010-09-27 00:00:00,1
2010-09-28 00:00:00,2010-09-28 00:00:00,22.9,2010-09-28 00:00:00,13,20.7,1269,6572200,112968340,2010-09-28 00:00:00,1
2010-09-29 00:00:00,2010-09-29 00:00:00,24.5,2010-09-29 00:00:00,18,19.2,817,3241400,71071920,2010-09-29 00:00:00,1
2010-09-30 00:00:00,2010-09-30 00:00:00,21.5,2010-09-30 00:00:00,17.9,19.5,217,736900,14788170,2010-09-30 00:00:00,1
2010-10-01 00:00:00,2010-10-01 00:00:00,19,2010-10-01 00:00:00,17.6,17.6,70,224900,3980180,2010-10-01 00:00:00,1
2010-10-04 00:00:00,2010-10-04 00:00:00,16.5,2010-10-04 00:00:00,15.9,16,44,88600,1436650,2010-10-04 00:00:00,1
2010-10-05 00:00:00,2010-10-05 00:00:00,17.6,2010-10-05 00:00:00,15.5,17.6,67,130200,2183530,2010-10-05 00:00:00,1
2010-10-06 00:00:00,2010-10-06 00:00:00,19.3,2010-10-06 00:00:00,18.2,19.3,64,186500,3590580,2010-10-06 00:00:00,1
2010-10-07 00:00:00,2010-10-07 00:00:00,21.1,2010-10-07 00:00:00,18.2,19.8,123,307100,5955720,2010-10-07 00:00:00,1
2010-10-08 00:00:00,2010-10-08 00:00:00,20.5,2010-10-08 00:00:00,19.5,20,55,121900,2434830,2010-10-08 00:00:00,1
2010-10-11 00:00:00,2010-10-11 00:00:00,21,2010-10-11 00:00:00,19.5,20.3,51,114000,2317570,2010-10-11 00:00:00,1
2010-10-12 00:00:00,2010-10-12 00:00:00,20.8,2010-10-12 00:00:00,18.5,18.9,16,55600,1039170,2010-10-12 00:00:00,1
2010-10-13 00:00:00,2010-10-13 00:00:00,18.9,2010-10-13 00:00:00,17.1,17.9,48,130900,2281850,2010-10-13 00:00:00,1
2010-10-14 00:00:00,2010-10-14 00:00:00,19.5,2010-10-14 00:00:00,17.5,18.4,46,76200,1463500,2010-10-14 00:00:00,1
2010-10-15 00:00:00,2010-10-15 00:00:00,19.4,2010-10-15 00:00:00,18,18.7,31,40000,740790,2010-10-15 00:00:00,1
2010-10-18 00:00:00,2010-10-18 00:00:00,19.3,2010-10-18 00:00:00,18,18.1,20,57200,1039030,2010-10-18 00:00:00,1
2010-10-19 00:00:00,2010-10-19 00:00:00,18.8,2010-10-19 00:00:00,17.5,18,18,18100,322250,2010-10-19 00:00:00,1
2010-10-20 00:00:00,2010-10-20 00:00:00,19.5,2010-10-20 00:00:00,17.5,18.1,33,90600,1628490,2010-10-20 00:00:00,1
2010-10-21 00:00:00,2010-10-21 00:00:00,18.5,2010-10-21 00:00:00,17.4,18,12,6900,123600,2010-10-21 00:00:00,1
2010-10-25 00:00:00,2010-10-25 00:00:00,18.5,2010-10-25 00:00:00,17,17.5,33,49200,869630,2010-10-25 00:00:00,1
2010-10-26 00:00:00,2010-10-26 00:00:00,17.8,2010-10-26 00:00:00,16.8,17.2,5,16400,282420,2010-10-26 00:00:00,1
2010-10-27 00:00:00,2010-10-27 00:00:00,17,2010-10-27 00:00:00,15,17,16,14100,231320,2010-10-27 00:00:00,1
2010-10-28 00:00:00,2010-10-28 00:00:00,17.7,2010-10-28 00:00:00,16.1,17,7,5300,90840,2010-10-28 00:00:00,1
2010-10-29 00:00:00,2010-10-29 00:00:00,19.2,2010-10-29 00:00:00,17,17.8,146,378200,6828380,2010-10-29 00:00:00,1
2010-11-01 00:00:00,2010-11-01 00:00:00,18.7,2010-11-01 00:00:00,17.9,17.9,51,165900,3012960,2010-11-01 00:00:00,1
2010-11-02 00:00:00,2010-11-02 00:00:00,19,2010-11-02 00:00:00,16.8,17.4,12,9800,169340,2010-11-02 00:00:00,1
2010-11-03 00:00:00,2010-11-03 00:00:00,17.5,2010-11-03 00:00:00,17,17,14,26800,457470,2010-11-03 00:00:00,1
2010-11-04 00:00:00,2010-11-04 00:00:00,17.3,2010-11-04 00:00:00,17,17.3,5,1600,27540,2010-11-04 00:00:00,1
2010-11-08 00:00:00,2010-11-08 00:00:00,17,2010-11-08 00:00:00,15.5,16.9,29,31500,522650,2010-11-08 00:00:00,1
2010-11-09 00:00:00,2010-11-09 00:00:00,17.3,2010-11-09 00:00:00,16.5,16.7,8,9400,157690,2010-11-09 00:00:00,1
2010-11-10 00:00:00,2010-11-10 00:00:00,18.1,2010-11-10 00:00:00,16.2,16.7,28,31100,541960,2010-11-10 00:00:00,1
2010-11-11 00:00:00,2010-11-11 00:00:00,17.1,2010-11-11 00:00:00,16.4,17,11,23400,397940,2010-11-11 00:00:00,1
2010-11-12 00:00:00,2010-11-12 00:00:00,17,2010-11-12 00:00:00,16.5,16.5,11,26900,445860,2010-11-12 00:00:00,1
2010-11-15 00:00:00,2010-11-15 00:00:00,16.1,2010-11-15 00:00:00,15,15.4,19,18100,283800,2010-11-15 00:00:00,1
2010-11-16 00:00:00,2010-11-16 00:00:00,15.9,2010-11-16 00:00:00,15,15.7,38,78300,1193300,2010-11-16 00:00:00,1
2010-11-18 00:00:00,2010-11-18 00:00:00,16.9,2010-11-18 00:00:00,16.1,16.3,98,203100,3352650,2010-11-18 00:00:00,1
2010-11-22 00:00:00,2010-11-22 00:00:00,16.5,2010-11-22 00:00:00,15.5,15.9,31,46500,744790,2010-11-22 00:00:00,1
2010-11-23 00:00:00,2010-11-23 00:00:00,15.9,2010-11-23 00:00:00,14.9,15,28,90100,1364260,2010-11-23 00:00:00,1
2010-11-24 00:00:00,2010-11-24 00:00:00,17.3,2010-11-24 00:00:00,15,17,198,409100,6786400,2010-11-24 00:00:00,1
2010-11-25 00:00:00,2010-11-25 00:00:00,17.3,2010-11-25 00:00:00,16.1,16.2,40,180800,3055130,2010-11-25 00:00:00,1
2010-11-26 00:00:00,2010-11-26 00:00:00,17,2010-11-26 00:00:00,16,16.3,25,4600,75530,2010-11-26 00:00:00,1
2010-11-29 00:00:00,2010-11-29 00:00:00,16.8,2010-11-29 00:00:00,15.1,15.2,27,82800,1260880,2010-11-29 00:00:00,1
2010-11-30 00:00:00,2010-11-30 00:00:00,17.5,2010-11-30 00:00:00,16,16.9,63,217000,3721060,2010-11-30 00:00:00,1
2010-12-01 00:00:00,2010-12-01 00:00:00,17.1,2010-12-01 00:00:00,16.6,17,31,50300,852090,2010-12-01 00:00:00,1
2010-12-02 00:00:00,2010-12-02 00:00:00,17.1,2010-12-02 00:00:00,16.6,16.8,16,54600,917860,2010-12-02 00:00:00,1
2010-12-03 00:00:00,2010-12-03 00:00:00,17,2010-12-03 00:00:00,16.8,16.9,10,68900,1163440,2010-12-03 00:00:00,1
2010-12-06 00:00:00,2010-12-06 00:00:00,16.8,2010-12-06 00:00:00,16.4,16.4,7,14800,243800,2010-12-06 00:00:00,1
2010-12-07 00:00:00,2010-12-07 00:00:00,16.7,2010-12-07 00:00:00,16,16,9,13300,213890,2010-12-07 00:00:00,1
2010-12-08 00:00:00,2010-12-08 00:00:00,16.3,2010-12-08 00:00:00,15,15.2,59,235000,3623850,2010-12-08 00:00:00,1
2010-12-09 00:00:00,2010-12-09 00:00:00,15.5,2010-12-09 00:00:00,15.3,15.5,11,7000,108480,2010-12-09 00:00:00,1
2010-12-10 00:00:00,2010-12-10 00:00:00,15.9,2010-12-10 00:00:00,15.3,15.3,11,25200,392140,2010-12-10 00:00:00,1
2010-12-13 00:00:00,2010-12-13 00:00:00,15.8,2010-12-13 00:00:00,14.5,14.5,92,161200,2383940,2010-12-13 00:00:00,1
2010-12-14 00:00:00,2010-12-14 00:00:00,14.5,2010-12-14 00:00:00,13.9,14.2,63,143000,2004560,2010-12-14 00:00:00,1
2010-12-15 00:00:00,2010-12-15 00:00:00,14.5,2010-12-15 00:00:00,14.2,14.3,8,3100,44690,2010-12-15 00:00:00,1
2010-12-16 00:00:00,2010-12-16 00:00:00,14.9,2010-12-16 00:00:00,14.4,14.5,66,53700,781960,2010-12-16 00:00:00,1
2010-12-17 00:00:00,2010-12-17 00:00:00,14.5,2010-12-17 00:00:00,14,14.1,43,38900,550150,2010-12-17 00:00:00,1
2010-12-21 00:00:00,2010-12-21 00:00:00,15,2010-12-21 00:00:00,14,14.4,120,215900,3129040,2010-12-21 00:00:00,1
2010-12-22 00:00:00,2010-12-22 00:00:00,15.7,2010-12-22 00:00:00,14.3,14.6,236,311700,4584220,2010-12-22 00:00:00,1
Company Id :  CLPL,,Security Type :  N,,Sub Type :  0000,,,,,,
Short Name :  CEYLON LEATHER,,,,,,,,,,
Day,Date High,High,Date Low,Low,Closing,No. of Trades,No. of Shares,Turnover,Last Traded,Days Traded
2010-01-04 00:00:00,2010-01-04 00:00:00,57,2010-01-04 00:00:00,56,57,13,5200,295900,2010-01-04 00:00:00,1
2010-01-05 00:00:00,2010-01-05 00:00:00,57,2010-01-05 00:00:00,55.75,57,12,12200,690000,2010-01-05 00:00:00,1
2010-01-06 00:00:00,2010-01-06 00:00:00,57,2010-01-06 00:00:00,56,56,7,16200,908800,2010-01-06 00:00:00,1
2010-01-07 00:00:00,2010-01-07 00:00:00,56,2010-01-07 00:00:00,55.5,56,11,8500,475725,2010-01-07 00:00:00,1
2010-01-08 00:00:00,2010-01-08 00:00:00,56,2010-01-08 00:00:00,56,56,4,7000,392000,2010-01-08 00:00:00,1
2010-01-11 00:00:00,2010-01-11 00:00:00,56,2010-01-11 00:00:00,55.5,56,6,4300,239550,2010-01-11 00:00:00,1
2010-01-12 00:00:00,2010-01-12 00:00:00,77.5,2010-01-12 00:00:00,57,73.5,630,554900,38805225,2010-01-12 00:00:00,1
2010-01-13 00:00:00,2010-01-13 00:00:00,125,2010-01-13 00:00:00,77,113,1904,1992500,212321075,2010-01-13 00:00:00,1
2010-01-15 00:00:00,2010-01-15 00:00:00,133,2010-01-15 00:00:00,107,109.75,1144,1306700,160405575,2010-01-15 00:00:00,1
2010-01-18 00:00:00,2010-01-18 00:00:00,114,2010-01-18 00:00:00,92.5,98.75,428,215300,21729225,2010-01-18 00:00:00,1
2010-01-19 00:00:00,2010-01-19 00:00:00,100,2010-01-19 00:00:00,88,92,183,91200,8433675,2010-01-19 00:00:00,1
2010-01-20 00:00:00,2010-01-20 00:00:00,99.25,2010-01-20 00:00:00,92,95.25,169,100800,9798975,2010-01-20 00:00:00,1
2010-01-21 00:00:00,2010-01-21 00:00:00,99,2010-01-21 00:00:00,93.25,95.25,78,65200,6246275,2010-01-21 00:00:00,1
2010-01-22 00:00:00,2010-01-22 00:00:00,96,2010-01-22 00:00:00,92.25,92.75,33,16200,1512325,2010-01-22 00:00:00,1
2010-01-25 00:00:00,2010-01-25 00:00:00,97.25,2010-01-25 00:00:00,91,92,61,77400,7230550,2010-01-25 00:00:00,1
2010-01-26 00:00:00,2010-01-26 00:00:00,94,2010-01-26 00:00:00,90.25,92.5,26,22300,2051925,2010-01-26 00:00:00,1
2010-01-28 00:00:00,2010-01-28 00:00:00,98,2010-01-28 00:00:00,87,96,174,175100,16812725,2010-01-28 00:00:00,1
2010-02-01 00:00:00,2010-02-01 00:00:00,104,2010-02-01 00:00:00,96.25,98.25,111,74200,7369625,2010-02-01 00:00:00,1
2010-02-02 00:00:00,2010-02-02 00:00:00,100,2010-02-02 00:00:00,92,93.5,40,13800,1295200,2010-02-02 00:00:00,1
2010-02-03 00:00:00,2010-02-03 00:00:00,94,2010-02-03 00:00:00,91.25,92.25,29,6100,564850,2010-02-03 00:00:00,1
2010-02-05 00:00:00,2010-02-05 00:00:00,90,2010-02-05 00:00:00,80.25,85,303,146700,12577825,2010-02-05 00:00:00,1
2010-02-08 00:00:00,2010-02-08 00:00:00,97,2010-02-08 00:00:00,85,95,232,160200,14603875,2010-02-08 00:00:00,1
2010-02-09 00:00:00,2010-02-09 00:00:00,105,2010-02-09 00:00:00,95,99.75,301,231300,23101800,2010-02-09 00:00:00,1
2010-02-10 00:00:00,2010-02-10 00:00:00,111.25,2010-02-10 00:00:00,98,100,234,222400,23911625,2010-02-10 00:00:00,1
2010-02-11 00:00:00,2010-02-11 00:00:00,104.5,2010-02-11 00:00:00,97,97.25,45,28300,2822025,2010-02-11 00:00:00,1
2010-02-12 00:00:00,2010-02-12 00:00:00,97,2010-02-12 00:00:00,83.25,94.75,48,17200,1557950,2010-02-12 00:00:00,1
2010-02-15 00:00:00,2010-02-15 00:00:00,95,2010-02-15 00:00:00,86.5,88.5,20,8000,710375,2010-02-15 00:00:00,1
2010-02-16 00:00:00,2010-02-16 00:00:00,90,2010-02-16 00:00:00,85.25,86,23,8300,718125,2010-02-16 00:00:00,1
2010-02-17 00:00:00,2010-02-17 00:00:00,97,2010-02-17 00:00:00,82.25,90.5,214,131700,11922425,2010-02-17 00:00:00,1
2010-02-18 00:00:00,2010-02-18 00:00:00,97,2010-02-18 00:00:00,86,87.5,89,83100,7547825,2010-02-18 00:00:00,1
2010-02-19 00:00:00,2010-02-19 00:00:00,93,2010-02-19 00:00:00,89.75,91.25,34,88600,7977225,2010-02-19 00:00:00,1
2010-02-22 00:00:00,2010-02-22 00:00:00,92,2010-02-22 00:00:00,91.75,91.75,2,1300,119525,2010-02-22 00:00:00,1
2010-02-23 00:00:00,2010-02-23 00:00:00,92,2010-02-23 00:00:00,86.25,87,26,41100,3588075,2010-02-23 00:00:00,1
2010-02-24 00:00:00,2010-02-24 00:00:00,92,2010-02-24 00:00:00,87,89.5,24,14800,1333025,2010-02-24 00:00:00,1
2010-02-25 00:00:00,2010-02-25 00:00:00,90,2010-02-25 00:00:00,89,89,9,5500,493250,2010-02-25 00:00:00,1
2010-02-26 00:00:00,2010-02-26 00:00:00,93,2010-02-26 00:00:00,90,91.5,24,10900,1001150,2010-02-26 00:00:00,1
2010-03-01 00:00:00,2010-03-01 00:00:00,92,2010-03-01 00:00:00,90,90.5,8,12500,1132625,2010-03-01 00:00:00,1
2010-03-02 00:00:00,2010-03-02 00:00:00,89,2010-03-02 00:00:00,87.75,88,26,9700,857575,2010-03-02 00:00:00,1
2010-03-03 00:00:00,2010-03-03 00:00:00,89,2010-03-03 00:00:00,86,86.75,15,7200,626500,2010-03-03 00:00:00,1
2010-03-04 00:00:00,2010-03-04 00:00:00,90,2010-03-04 00:00:00,88,89.5,15,12100,1084500,2010-03-04 00:00:00,1
2010-03-05 00:00:00,2010-03-05 00:00:00,90,2010-03-05 00:00:00,88,88,8,2100,185925,2010-03-05 00:00:00,1
2010-03-08 00:00:00,2010-03-08 00:00:00,90,2010-03-08 00:00:00,88,89,36,38500,3413700,2010-03-08 00:00:00,1
2010-03-09 00:00:00,2010-03-09 00:00:00,89.5,2010-03-09 00:00:00,87.25,87.75,7,3800,334150,2010-03-09 00:00:00,1
2010-03-10 00:00:00,2010-03-10 00:00:00,90,2010-03-10 00:00:00,87,89.25,15,13600,1205875,2010-03-10 00:00:00,1
2010-03-11 00:00:00,2010-03-11 00:00:00,88,2010-03-11 00:00:00,88,88,4,1400,123200,2010-03-11 00:00:00,1
2010-03-12 00:00:00,2010-03-12 00:00:00,88,2010-03-12 00:00:00,86.5,86.5,10,7900,692250,2010-03-12 00:00:00,1
2010-03-15 00:00:00,2010-03-15 00:00:00,91,2010-03-15 00:00:00,86.75,88,19,13600,1219575,2010-03-15 00:00:00,1
2010-03-16 00:00:00,2010-03-16 00:00:00,88,2010-03-16 00:00:00,87,88,7,4400,385400,2010-03-16 00:00:00,1
2010-03-17 00:00:00,2010-03-17 00:00:00,98,2010-03-17 00:00:00,89.75,96,289,202300,18940250,2010-03-17 00:00:00,1
2010-03-18 00:00:00,2010-03-18 00:00:00,103,2010-03-18 00:00:00,94,95.5,224,180100,17885125,2010-03-18 00:00:00,1
2010-03-19 00:00:00,2010-03-19 00:00:00,98.5,2010-03-19 00:00:00,94,94,15,18400,1752650,2010-03-19 00:00:00,1
2010-03-22 00:00:00,2010-03-22 00:00:00,98,2010-03-22 00:00:00,93,93.25,12,2000,188800,2010-03-22 00:00:00,1
2010-03-23 00:00:00,2010-03-23 00:00:00,92.75,2010-03-23 00:00:00,89,89.25,34,14100,1269875,2010-03-23 00:00:00,1
2010-03-24 00:00:00,2010-03-24 00:00:00,90,2010-03-24 00:00:00,89,89.75,33,20300,1818650,2010-03-24 00:00:00,1
2010-03-25 00:00:00,2010-03-25 00:00:00,89.25,2010-03-25 00:00:00,88,88,8,3900,344850,2010-03-25 00:00:00,1
2010-03-26 00:00:00,2010-03-26 00:00:00,94,2010-03-26 00:00:00,90,90,43,48300,4357125,2010-03-26 00:00:00,1
2010-03-30 00:00:00,2010-03-30 00:00:00,90,2010-03-30 00:00:00,86,88,33,19000,1664650,2010-03-30 00:00:00,1
2010-03-31 00:00:00,2010-03-31 00:00:00,89,2010-03-31 00:00:00,87,87.75,13,5100,447525,2010-03-31 00:00:00,1
2010-04-01 00:00:00,2010-04-01 00:00:00,88.25,2010-04-01 00:00:00,85,87.75,86,83100,7173175,2010-04-01 00:00:00,1
2010-04-05 00:00:00,2010-04-05 00:00:00,88,2010-04-05 00:00:00,87.25,87.75,4,5500,482375,2010-04-05 00:00:00,1
2010-04-06 00:00:00,2010-04-06 00:00:00,90,2010-04-06 00:00:00,88.25,89.5,11,3900,348650,2010-04-06 00:00:00,1
2010-04-07 00:00:00,2010-04-07 00:00:00,91,2010-04-07 00:00:00,88,88.5,21,14000,1249900,2010-04-07 00:00:00,1
2010-04-08 00:00:00,2010-04-08 00:00:00,90,2010-04-08 00:00:00,88,88.5,6,1800,159200,2010-04-08 00:00:00,1
2010-04-12 00:00:00,2010-04-12 00:00:00,93,2010-04-12 00:00:00,88.25,88.5,16,6800,604575,2010-04-12 00:00:00,1
2010-04-15 00:00:00,2010-04-15 00:00:00,90.75,2010-04-15 00:00:00,88.25,88.75,11,3300,293925,2010-04-15 00:00:00,1
2010-04-16 00:00:00,2010-04-16 00:00:00,88.5,2010-04-16 00:00:00,87.25,87.75,14,7300,641100,2010-04-16 00:00:00,1
2010-04-19 00:00:00,2010-04-19 00:00:00,92,2010-04-19 00:00:00,88,90.25,34,30100,2715900,2010-04-19 00:00:00,1
2010-04-20 00:00:00,2010-04-20 00:00:00,93,2010-04-20 00:00:00,90,90.5,19,14700,1352400,2010-04-20 00:00:00,1
2010-04-21 00:00:00,2010-04-21 00:00:00,93,2010-04-21 00:00:00,88.5,92,49,50600,4662925,2010-04-21 00:00:00,1
2010-04-22 00:00:00,2010-04-22 00:00:00,91.5,2010-04-22 00:00:00,90,91,18,5400,490475,2010-04-22 00:00:00,1
2010-04-23 00:00:00,2010-04-23 00:00:00,91.75,2010-04-23 00:00:00,89,89,13,7400,665825,2010-04-23 00:00:00,1
2010-04-26 00:00:00,2010-04-26 00:00:00,126,2010-04-26 00:00:00,89.75,114,1106,921500,100615200,2010-04-26 00:00:00,1
2010-04-27 00:00:00,2010-04-27 00:00:00,136,2010-04-27 00:00:00,117.5,123.25,937,964200,122565325,2010-04-27 00:00:00,1
2010-04-29 00:00:00,2010-04-29 00:00:00,124.75,2010-04-29 00:00:00,110,114.75,140,72800,8502625,2010-04-29 00:00:00,1
2010-04-30 00:00:00,2010-04-30 00:00:00,124.5,2010-04-30 00:00:00,112,120.75,98,62500,7452175,2010-04-30 00:00:00,1
2010-05-03 00:00:00,2010-05-03 00:00:00,124,2010-05-03 00:00:00,120,120.25,101,69300,8460125,2010-05-03 00:00:00,1
2010-05-04 00:00:00,2010-05-04 00:00:00,120.5,2010-05-04 00:00:00,119,120,75,101200,12159550,2010-05-04 00:00:00,1
2010-05-05 00:00:00,2010-05-05 00:00:00,124,2010-05-05 00:00:00,118,120.75,228,328100,39576525,2010-05-05 00:00:00,1
2010-05-06 00:00:00,2010-05-06 00:00:00,141,2010-05-06 00:00:00,124.75,138.5,1411,4221000,529774300,2010-05-06 00:00:00,1
2010-05-07 00:00:00,2010-05-07 00:00:00,144.75,2010-05-07 00:00:00,134,143.25,512,453700,63381350,2010-05-07 00:00:00,1
2010-05-10 00:00:00,2010-05-10 00:00:00,144,2010-05-10 00:00:00,139,139.5,84,61700,8700275,2010-05-10 00:00:00,1
2010-05-11 00:00:00,2010-05-11 00:00:00,141,2010-05-11 00:00:00,136,136.75,114,81700,11221825,2010-05-11 00:00:00,1
2010-05-12 00:00:00,2010-05-12 00:00:00,142.75,2010-05-12 00:00:00,137,138.75,109,67800,9504975,2010-05-12 00:00:00,1
2010-05-13 00:00:00,2010-05-13 00:00:00,145.75,2010-05-13 00:00:00,137,144.25,263,211600,30180475,2010-05-13 00:00:00,1
2010-05-14 00:00:00,2010-05-14 00:00:00,148,2010-05-14 00:00:00,142.25,143.5,102,72500,10521500,2010-05-14 00:00:00,1
2010-05-17 00:00:00,2010-05-17 00:00:00,145,2010-05-17 00:00:00,141.5,144.5,64,34200,4929750,2010-05-17 00:00:00,1
2010-05-18 00:00:00,2010-05-18 00:00:00,164.5,2010-05-18 00:00:00,143,159.75,705,716400,110414825,2010-05-18 00:00:00,1
2010-05-19 00:00:00,2010-05-19 00:00:00,174.5,2010-05-19 00:00:00,162.25,168.25,815,689500,116191050,2010-05-19 00:00:00,1
2010-05-20 00:00:00,2010-05-20 00:00:00,187.5,2010-05-20 00:00:00,169,180.25,870,710900,124613600,2010-05-20 00:00:00,1
2010-05-21 00:00:00,2010-05-21 00:00:00,196.5,2010-05-21 00:00:00,172.25,179.25,1582,1239700,232530075,2010-05-21 00:00:00,1
2010-05-24 00:00:00,2010-05-24 00:00:00,190,2010-05-24 00:00:00,180,189.25,435,309500,58097850,2010-05-24 00:00:00,1
2010-05-25 00:00:00,2010-05-25 00:00:00,190,2010-05-25 00:00:00,182.5,184.25,83,66100,12314450,2010-05-25 00:00:00,1
2010-05-26 00:00:00,2010-05-26 00:00:00,183.5,2010-05-26 00:00:00,177,181.25,143,67300,12152500,2010-05-26 00:00:00,1
2010-05-31 00:00:00,2010-05-31 00:00:00,180.25,2010-05-31 00:00:00,175.25,176,84,44000,7776950,2010-05-31 00:00:00,1
2010-06-01 00:00:00,2010-06-01 00:00:00,179,2010-06-01 00:00:00,172.5,175,78,31900,5560575,2010-06-01 00:00:00,1
2010-06-02 00:00:00,2010-06-02 00:00:00,173.5,2010-06-02 00:00:00,170,171.25,38,16600,2833250,2010-06-02 00:00:00,1
2010-06-03 00:00:00,2010-06-03 00:00:00,214.5,2010-06-03 00:00:00,174,210,1376,903900,179860200,2010-06-03 00:00:00,1
2010-06-04 00:00:00,2010-06-04 00:00:00,219.5,2010-06-04 00:00:00,200,207.25,827,569500,119764775,2010-06-04 00:00:00,1
2010-06-07 00:00:00,2010-06-07 00:00:00,209.5,2010-06-07 00:00:00,202,203,100,84400,17296050,2010-06-07 00:00:00,1
2010-06-08 00:00:00,2010-06-08 00:00:00,208,2010-06-08 00:00:00,190,204,120,90000,17986475,2010-06-08 00:00:00,1
2010-06-09 00:00:00,2010-06-09 00:00:00,244,2010-06-09 00:00:00,195.5,239.25,1105,694400,159285850,2010-06-09 00:00:00,1
2010-06-10 00:00:00,2010-06-10 00:00:00,247,2010-06-10 00:00:00,235,240.75,398,276300,67249725,2010-06-10 00:00:00,1
2010-06-11 00:00:00,2010-06-11 00:00:00,239,2010-06-11 00:00:00,198,230.5,149,65400,15062500,2010-06-11 00:00:00,1
2010-06-14 00:00:00,2010-06-14 00:00:00,242,2010-06-14 00:00:00,231,240,106,47800,11419525,2010-06-14 00:00:00,1
2010-06-15 00:00:00,2010-06-15 00:00:00,247,2010-06-15 00:00:00,240,240.25,93,67900,16475075,2010-06-15 00:00:00,1
2010-06-16 00:00:00,2010-06-16 00:00:00,250,2010-06-16 00:00:00,231.5,246.75,188,105100,25717950,2010-06-16 00:00:00,1
2010-06-17 00:00:00,2010-06-17 00:00:00,249.25,2010-06-17 00:00:00,240,245.75,85,45500,11148475,2010-06-17 00:00:00,1
2010-06-21 00:00:00,2010-06-21 00:00:00,247,2010-06-21 00:00:00,240,241.5,32,11900,2890275,2010-06-21 00:00:00,1
2010-06-22 00:00:00,2010-06-22 00:00:00,241.75,2010-06-22 00:00:00,230,233.25,42,32900,7795125,2010-06-22 00:00:00,1
2010-06-23 00:00:00,2010-06-23 00:00:00,268,2010-06-23 00:00:00,229,232.75,967,645900,158398825,2010-06-23 00:00:00,1
2010-06-24 00:00:00,2010-06-24 00:00:00,238.75,2010-06-24 00:00:00,217,235,227,100900,23289325,2010-06-24 00:00:00,1
2010-06-28 00:00:00,2010-06-28 00:00:00,243,2010-06-28 00:00:00,230,233,69,38200,8992250,2010-06-28 00:00:00,1
2010-06-29 00:00:00,2010-06-29 00:00:00,244,2010-06-29 00:00:00,235,236.25,67,55700,13258500,2010-06-29 00:00:00,1
2010-06-30 00:00:00,2010-06-30 00:00:00,238,2010-06-30 00:00:00,230,234,31,18800,4426450,2010-06-30 00:00:00,1
2010-07-01 00:00:00,2010-07-01 00:00:00,238,2010-07-01 00:00:00,220,223.25,29,9900,2215950,2010-07-01 00:00:00,1
2010-07-02 00:00:00,2010-07-02 00:00:00,226,2010-07-02 00:00:00,218,218.5,37,34400,7601350,2010-07-02 00:00:00,1
2010-07-05 00:00:00,2010-07-05 00:00:00,218.5,2010-07-05 00:00:00,210,211,76,45300,9605125,2010-07-05 00:00:00,1
2010-07-06 00:00:00,2010-07-06 00:00:00,218,2010-07-06 00:00:00,209,209.25,95,101200,21307350,2010-07-06 00:00:00,1
2010-07-07 00:00:00,2010-07-07 00:00:00,210,2010-07-07 00:00:00,195,202.75,116,62500,12714425,2010-07-07 00:00:00,1
2010-07-08 00:00:00,2010-07-08 00:00:00,214.5,2010-07-08 00:00:00,200,213,144,141100,29259225,2010-07-08 00:00:00,1
2010-07-09 00:00:00,2010-07-09 00:00:00,222,2010-07-09 00:00:00,210,214,100,44500,9632950,2010-07-09 00:00:00,1
2010-07-12 00:00:00,2010-07-12 00:00:00,235,2010-07-12 00:00:00,214,227.75,335,165600,37749075,2010-07-12 00:00:00,1
2010-07-13 00:00:00,2010-07-13 00:00:00,234,2010-07-13 00:00:00,225,228.25,117,90000,20785950,2010-07-13 00:00:00,1
2010-07-14 00:00:00,2010-07-14 00:00:00,232,2010-07-14 00:00:00,220,221.25,79,45400,10231250,2010-07-14 00:00:00,1
2010-07-15 00:00:00,2010-07-15 00:00:00,220.25,2010-07-15 00:00:00,217,219.5,74,37500,8236850,2010-07-15 00:00:00,1
2010-07-16 00:00:00,2010-07-16 00:00:00,225,2010-07-16 00:00:00,216.25,221.25,109,102500,22641975,2010-07-16 00:00:00,1
2010-07-19 00:00:00,2010-07-19 00:00:00,237,2010-07-19 00:00:00,228,228.5,175,151400,35045525,2010-07-19 00:00:00,1
2010-07-20 00:00:00,2010-07-20 00:00:00,235,2010-07-20 00:00:00,229.5,233.5,147,127400,29491075,2010-07-20 00:00:00,1
2010-07-21 00:00:00,2010-07-21 00:00:00,240.25,2010-07-21 00:00:00,233.5,234.5,60,28200,6627875,2010-07-21 00:00:00,1
2010-07-22 00:00:00,2010-07-22 00:00:00,240,2010-07-22 00:00:00,235,236,114,47600,11290075,2010-07-22 00:00:00,1
2010-07-23 00:00:00,2010-07-23 00:00:00,235,2010-07-23 00:00:00,228,231.25,91,53300,12314325,2010-07-23 00:00:00,1
2010-07-26 00:00:00,2010-07-26 00:00:00,234,2010-07-26 00:00:00,229,230,78,45200,10401750,2010-07-26 00:00:00,1
2010-07-27 00:00:00,2010-07-27 00:00:00,232.5,2010-07-27 00:00:00,228.5,229.5,49,35400,8139875,2010-07-27 00:00:00,1
2010-07-28 00:00:00,2010-07-28 00:00:00,238,2010-07-28 00:00:00,228,230.75,78,106700,24588950,2010-07-28 00:00:00,1
2010-07-29 00:00:00,2010-07-29 00:00:00,240,2010-07-29 00:00:00,230,234.75,207,145200,34024475,2010-07-29 00:00:00,1
2010-07-30 00:00:00,2010-07-30 00:00:00,259,2010-07-30 00:00:00,236,256.75,428,270600,67881200,2010-07-30 00:00:00,1
2010-08-02 00:00:00,2010-08-02 00:00:00,272,2010-08-02 00:00:00,260,268.1,286,330300,88447750,2010-08-02 00:00:00,1
2010-08-03 00:00:00,2010-08-03 00:00:00,275,2010-08-03 00:00:00,240,252.1,228,281700,74391310,2010-08-03 00:00:00,1
2010-08-04 00:00:00,2010-08-04 00:00:00,256,2010-08-04 00:00:00,239,251.1,89,61200,15232910,2010-08-04 00:00:00,1
2010-08-05 00:00:00,2010-08-05 00:00:00,251,2010-08-05 00:00:00,225.9,239,118,73200,17277760,2010-08-05 00:00:00,1
2010-08-06 00:00:00,2010-08-06 00:00:00,240.1,2010-08-06 00:00:00,218,221.3,90,37000,8263520,2010-08-06 00:00:00,1
2010-08-09 00:00:00,2010-08-09 00:00:00,218,2010-08-09 00:00:00,199.2,199.2,76,21600,4321320,2010-08-09 00:00:00,1
2010-08-10 00:00:00,2010-08-10 00:00:00,219.1,2010-08-10 00:00:00,179.3,219.1,149,79800,15821790,2010-08-10 00:00:00,1
2010-08-11 00:00:00,2010-08-11 00:00:00,238,2010-08-11 00:00:00,197.2,197.7,227,143300,30075710,2010-08-11 00:00:00,1
2010-08-12 00:00:00,2010-08-12 00:00:00,212,2010-08-12 00:00:00,198,207.8,70,25800,5274960,2010-08-12 00:00:00,1
2010-08-13 00:00:00,2010-08-13 00:00:00,220,2010-08-13 00:00:00,210,211.3,101,51000,10894720,2010-08-13 00:00:00,1
2010-08-16 00:00:00,2010-08-16 00:00:00,215,2010-08-16 00:00:00,209,210,33,20700,4367590,2010-08-16 00:00:00,1
2010-08-17 00:00:00,2010-08-17 00:00:00,231,2010-08-17 00:00:00,206,229.4,217,112400,24920370,2010-08-17 00:00:00,1
2010-08-18 00:00:00,2010-08-18 00:00:00,248.9,2010-08-18 00:00:00,232.4,244.5,145,111800,27046930,2010-08-18 00:00:00,1
2010-08-19 00:00:00,2010-08-19 00:00:00,268.9,2010-08-19 00:00:00,250,268.5,482,337500,88799270,2010-08-19 00:00:00,1
2010-08-20 00:00:00,2010-08-20 00:00:00,275,2010-08-20 00:00:00,265,267.8,232,141000,38115910,2010-08-20 00:00:00,1
2010-08-23 00:00:00,2010-08-23 00:00:00,270,2010-08-23 00:00:00,246.1,256.5,343,305800,78675720,2010-08-23 00:00:00,1
2010-08-25 00:00:00,2010-08-25 00:00:00,259,2010-08-25 00:00:00,230.9,233.6,561,259800,62315550,2010-08-25 00:00:00,1
2010-08-26 00:00:00,2010-08-26 00:00:00,138,2010-08-26 00:00:00,138,138,25,11200,1545600,2010-08-26 00:00:00,1
2010-08-27 00:00:00,2010-08-27 00:00:00,124.2,2010-08-27 00:00:00,124.2,124.2,22,18500,2297700,2010-08-27 00:00:00,1
2010-08-30 00:00:00,2010-08-30 00:00:00,128.9,2010-08-30 00:00:00,111.8,118.8,130,139600,16081110,2010-08-30 00:00:00,1
2010-08-31 00:00:00,2010-08-31 00:00:00,130.5,2010-08-31 00:00:00,122,129.2,155,171500,21519610,2010-08-31 00:00:00,1
2010-09-01 00:00:00,2010-09-01 00:00:00,142.1,2010-09-01 00:00:00,138,139.8,207,120100,16897860,2010-09-01 00:00:00,1
2010-09-02 00:00:00,2010-09-02 00:00:00,145,2010-09-02 00:00:00,136.5,137.3,99,59400,8279320,2010-09-02 00:00:00,1
2010-09-03 00:00:00,2010-09-03 00:00:00,141,2010-09-03 00:00:00,130.1,138.8,66,67800,9438640,2010-09-03 00:00:00,1
2010-09-06 00:00:00,2010-09-06 00:00:00,140,2010-09-06 00:00:00,133.1,136.9,54,23200,3192740,2010-09-06 00:00:00,1
2010-09-07 00:00:00,2010-09-07 00:00:00,150,2010-09-07 00:00:00,130,130.3,203,139500,19499650,2010-09-07 00:00:00,1
2010-09-08 00:00:00,2010-09-08 00:00:00,136,2010-09-08 00:00:00,125.4,126.2,68,56800,7403170,2010-09-08 00:00:00,1
2010-09-09 00:00:00,2010-09-09 00:00:00,130.1,2010-09-09 00:00:00,120.5,129.3,134,117300,14969920,2010-09-09 00:00:00,1
2010-09-13 00:00:00,2010-09-13 00:00:00,135,2010-09-13 00:00:00,123,124.2,66,80300,10076580,2010-09-13 00:00:00,1
2010-09-14 00:00:00,2010-09-14 00:00:00,132,2010-09-14 00:00:00,122.6,131,110,111800,14424610,2010-09-14 00:00:00,1
2010-09-15 00:00:00,2010-09-15 00:00:00,144.1,2010-09-15 00:00:00,132,141.9,356,311600,43560100,2010-09-15 00:00:00,1
2010-09-16 00:00:00,2010-09-16 00:00:00,145,2010-09-16 00:00:00,137,139.2,72,41100,5808850,2010-09-16 00:00:00,1
2010-09-17 00:00:00,2010-09-17 00:00:00,145,2010-09-17 00:00:00,137,143.9,62,40600,5838930,2010-09-17 00:00:00,1
2010-09-20 00:00:00,2010-09-20 00:00:00,149,2010-09-20 00:00:00,140,141.2,36,17000,2432760,2010-09-20 00:00:00,1
2010-09-21 00:00:00,2010-09-21 00:00:00,140,2010-09-21 00:00:00,133,134.5,31,7800,1057270,2010-09-21 00:00:00,1
2010-09-23 00:00:00,2010-09-23 00:00:00,138,2010-09-23 00:00:00,130,130.3,44,43900,5880900,2010-09-23 00:00:00,1
2010-09-24 00:00:00,2010-09-24 00:00:00,136,2010-09-24 00:00:00,128,128.8,41,17800,2299260,2010-09-24 00:00:00,1
2010-09-27 00:00:00,2010-09-27 00:00:00,139,2010-09-27 00:00:00,130,131.8,53,29700,3984830,2010-09-27 00:00:00,1
2010-09-28 00:00:00,2010-09-28 00:00:00,139,2010-09-28 00:00:00,127,128.9,24,19500,2552080,2010-09-28 00:00:00,1
2010-09-29 00:00:00,2010-09-29 00:00:00,130,2010-09-29 00:00:00,125,129.2,25,14200,1812660,2010-09-29 00:00:00,1
2010-09-30 00:00:00,2010-09-30 00:00:00,126.5,2010-09-30 00:00:00,120.1,123.9,86,56700,7007450,2010-09-30 00:00:00,1
2010-10-01 00:00:00,2010-10-01 00:00:00,126,2010-10-01 00:00:00,120,120.6,39,28200,3430090,2010-10-01 00:00:00,1
2010-10-04 00:00:00,2010-10-04 00:00:00,120.6,2010-10-04 00:00:00,115,119.9,60,30400,3623110,2010-10-04 00:00:00,1
2010-10-05 00:00:00,2010-10-05 00:00:00,119.9,2010-10-05 00:00:00,115,115,32,26900,3120000,2010-10-05 00:00:00,1
2010-10-06 00:00:00,2010-10-06 00:00:00,115.1,2010-10-06 00:00:00,109.1,111.1,41,35200,3961060,2010-10-06 00:00:00,1
2010-10-07 00:00:00,2010-10-07 00:00:00,110,2010-10-07 00:00:00,85,99.6,288,220300,21941250,2010-10-07 00:00:00,1
2010-10-08 00:00:00,2010-10-08 00:00:00,114.9,2010-10-08 00:00:00,99,109.4,359,245700,26362900,2010-10-08 00:00:00,1
2010-10-11 00:00:00,2010-10-11 00:00:00,115,2010-10-11 00:00:00,100,102.3,172,146000,15136030,2010-10-11 00:00:00,1
2010-10-12 00:00:00,2010-10-12 00:00:00,110,2010-10-12 00:00:00,91.8,93.8,105,83100,8280660,2010-10-12 00:00:00,1
2010-10-13 00:00:00,2010-10-13 00:00:00,98,2010-10-13 00:00:00,85,95.7,75,76300,7041770,2010-10-13 00:00:00,1
2010-10-14 00:00:00,2010-10-14 00:00:00,100,2010-10-14 00:00:00,90,92.7,50,19700,1887360,2010-10-14 00:00:00,1
2010-10-15 00:00:00,2010-10-15 00:00:00,95,2010-10-15 00:00:00,88,93.3,56,50500,4562860,2010-10-15 00:00:00,1
2010-10-18 00:00:00,2010-10-18 00:00:00,104,2010-10-18 00:00:00,94.2,97.3,108,69400,6852650,2010-10-18 00:00:00,1
2010-10-19 00:00:00,2010-10-19 00:00:00,102.5,2010-10-19 00:00:00,96.1,98.6,104,69800,6996790,2010-10-19 00:00:00,1
2010-10-20 00:00:00,2010-10-20 00:00:00,99.8,2010-10-20 00:00:00,95,95.2,52,42900,4105580,2010-10-20 00:00:00,1
2010-10-21 00:00:00,2010-10-21 00:00:00,97,2010-10-21 00:00:00,91.6,92.8,27,27200,2557360,2010-10-21 00:00:00,1
2010-10-25 00:00:00,2010-10-25 00:00:00,99,2010-10-25 00:00:00,90,90.2,35,30300,2791220,2010-10-25 00:00:00,1
2010-10-26 00:00:00,2010-10-26 00:00:00,89.9,2010-10-26 00:00:00,85.1,85.9,51,129500,11106640,2010-10-26 00:00:00,1
2010-10-27 00:00:00,2010-10-27 00:00:00,90.5,2010-10-27 00:00:00,85,87.7,42,52000,4559610,2010-10-27 00:00:00,1
2010-10-28 00:00:00,2010-10-28 00:00:00,91,2010-10-28 00:00:00,86.7,88.8,27,16800,1498060,2010-10-28 00:00:00,1
2010-10-29 00:00:00,2010-10-29 00:00:00,94,2010-10-29 00:00:00,87,90.1,73,64100,5780830,2010-10-29 00:00:00,1
2010-11-01 00:00:00,2010-11-01 00:00:00,93,2010-11-01 00:00:00,88,89.1,19,5700,515830,2010-11-01 00:00:00,1
2010-11-02 00:00:00,2010-11-02 00:00:00,90,2010-11-02 00:00:00,88.1,89.1,28,23300,2074300,2010-11-02 00:00:00,1
2010-11-03 00:00:00,2010-11-03 00:00:00,90,2010-11-03 00:00:00,86,90,17,13000,1148660,2010-11-03 00:00:00,1
2010-11-04 00:00:00,2010-11-04 00:00:00,87,2010-11-04 00:00:00,87,87,2,1100,95700,2010-11-04 00:00:00,1
2010-11-08 00:00:00,2010-11-08 00:00:00,87.1,2010-11-08 00:00:00,85.6,86.7,7,1900,165180,2010-11-08 00:00:00,1
2010-11-09 00:00:00,2010-11-09 00:00:00,86,2010-11-09 00:00:00,84,84.7,18,43800,3721600,2010-11-09 00:00:00,1
2010-11-10 00:00:00,2010-11-10 00:00:00,87.5,2010-11-10 00:00:00,85,85.1,21,8900,760330,2010-11-10 00:00:00,1
2010-11-11 00:00:00,2010-11-11 00:00:00,91,2010-11-11 00:00:00,84,89.2,26,23600,2102780,2010-11-11 00:00:00,1
2010-11-12 00:00:00,2010-11-12 00:00:00,94,2010-11-12 00:00:00,86.2,89.8,95,57700,5205720,2010-11-12 00:00:00,1
2010-11-15 00:00:00,2010-11-15 00:00:00,91,2010-11-15 00:00:00,87.5,87.6,41,27500,2461570,2010-11-15 00:00:00,1
2010-11-16 00:00:00,2010-11-16 00:00:00,89,2010-11-16 00:00:00,86,86.8,39,60800,5267360,2010-11-16 00:00:00,1
2010-11-18 00:00:00,2010-11-18 00:00:00,88.9,2010-11-18 00:00:00,85,86.3,21,9200,805580,2010-11-18 00:00:00,1
2010-11-22 00:00:00,2010-11-22 00:00:00,86,2010-11-22 00:00:00,85,85.2,7,10200,871080,2010-11-22 00:00:00,1
2010-11-23 00:00:00,2010-11-23 00:00:00,87.5,2010-11-23 00:00:00,83.2,84.3,20,12800,1096530,2010-11-23 00:00:00,1
2010-11-24 00:00:00,2010-11-24 00:00:00,88,2010-11-24 00:00:00,82,82.5,20,22500,1908360,2010-11-24 00:00:00,1
2010-11-25 00:00:00,2010-11-25 00:00:00,84,2010-11-25 00:00:00,82,82,18,22900,1896880,2010-11-25 00:00:00,1
2010-11-26 00:00:00,2010-11-26 00:00:00,85,2010-11-26 00:00:00,82,82,20,7400,612930,2010-11-26 00:00:00,1
2010-11-29 00:00:00,2010-11-29 00:00:00,82,2010-11-29 00:00:00,78.9,78.9,46,28000,2247140,2010-11-29 00:00:00,1
2010-11-30 00:00:00,2010-11-30 00:00:00,88,2010-11-30 00:00:00,83.6,83.8,53,78500,6663420,2010-11-30 00:00:00,1
2010-12-01 00:00:00,2010-12-01 00:00:00,89,2010-12-01 00:00:00,85,86.2,75,98600,8560320,2010-12-01 00:00:00,1
2010-12-02 00:00:00,2010-12-02 00:00:00,86.5,2010-12-02 00:00:00,84,84.3,11,4700,402260,2010-12-02 00:00:00,1
2010-12-03 00:00:00,2010-12-03 00:00:00,85,2010-12-03 00:00:00,83,83.9,13,9000,755700,2010-12-03 00:00:00,1
2010-12-06 00:00:00,2010-12-06 00:00:00,93,2010-12-06 00:00:00,82,89.2,144,133500,11837540,2010-12-06 00:00:00,1
2010-12-07 00:00:00,2010-12-07 00:00:00,91.5,2010-12-07 00:00:00,86,86.7,29,29500,2618660,2010-12-07 00:00:00,1
2010-12-08 00:00:00,2010-12-08 00:00:00,89,2010-12-08 00:00:00,85.4,86.2,31,42900,3765710,2010-12-08 00:00:00,1
2010-12-09 00:00:00,2010-12-09 00:00:00,93,2010-12-09 00:00:00,86,90.9,84,90300,8192620,2010-12-09 00:00:00,1
2010-12-10 00:00:00,2010-12-10 00:00:00,94.3,2010-12-10 00:00:00,89,90,151,218400,20110890,2010-12-10 00:00:00,1
2010-12-13 00:00:00,2010-12-13 00:00:00,91.9,2010-12-13 00:00:00,88.1,89.3,14,4400,395630,2010-12-13 00:00:00,1
2010-12-14 00:00:00,2010-12-14 00:00:00,89,2010-12-14 00:00:00,85,85.7,25,14000,1203080,2010-12-14 00:00:00,1
2010-12-15 00:00:00,2010-12-15 00:00:00,91,2010-12-15 00:00:00,87,87,16,6300,554340,2010-12-15 00:00:00,1
2010-12-16 00:00:00,2010-12-16 00:00:00,89.9,2010-12-16 00:00:00,87,87.9,6,4700,413250,2010-12-16 00:00:00,1
2010-12-17 00:00:00,2010-12-17 00:00:00,89.9,2010-12-17 00:00:00,87,87,17,16700,1463080,2010-12-17 00:00:00,1
2010-12-21 00:00:00,2010-12-21 00:00:00,90,2010-12-21 00:00:00,87,87,29,22600,1989790,2010-12-21 00:00:00,1
2010-12-22 00:00:00,2010-12-22 00:00:00,90,2010-12-22 00:00:00,88,88.3,27,33900,3045200,2010-12-22 00:00:00,1
2010-12-23 00:00:00,2010-12-23 00:00:00,94,2010-12-23 00:00:00,90,92.6,78,131200,12114960,2010-12-23 00:00:00,1
2010-12-24 00:00:00,2010-12-24 00:00:00,92.7,2010-12-24 00:00:00,92.5,92.6,6,2500,231550,2010-12-24 00:00:00,1
2010-12-27 00:00:00,2010-12-27 00:00:00,95,2010-12-27 00:00:00,92.6,93.8,63,66000,6192670,2010-12-27 00:00:00,1
2010-12-28 00:00:00,2010-12-28 00:00:00,96,2010-12-28 00:00:00,95,95.4,68,124300,11832960,2010-12-28 00:00:00,1
2010-12-29 00:00:00,2010-12-29 00:00:00,96.9,2010-12-29 00:00:00,93.1,94.5,20,36300,3454930,2010-12-29 00:00:00,1
2010-12-30 00:00:00,2010-12-30 00:00:00,95,2010-12-30 00:00:00,88,93.4,93,101300,9170540,2010-12-30 00:00:00,1
2010-12-31 00:00:00,2010-12-31 00:00:00,94,2010-12-31 00:00:00,90.5,92.6,52,41800,3884500,2010-12-31 00:00:00,1
Company Id :  CLPL,,Security Type :  R,,Sub Type :  0000,,,,,,
Short Name :  CEYLON LEATHER,,,,,,,,,,
Day,Date High,High,Date Low,Low,Closing,No. of Trades,No. of Shares,Turnover,Last Traded,Days Traded
2010-09-07 00:00:00,2010-09-07 00:00:00,260,2010-09-07 00:00:00,152.1,206.3,220,199700,44671610,2010-09-07 00:00:00,1
2010-09-08 00:00:00,2010-09-08 00:00:00,205,2010-09-08 00:00:00,196,197.5,66,41700,8342350,2010-09-08 00:00:00,1
2010-09-09 00:00:00,2010-09-09 00:00:00,217.2,2010-09-09 00:00:00,177.8,196.4,139,140900,27579900,2010-09-09 00:00:00,1
2010-09-13 00:00:00,2010-09-13 00:00:00,194.5,2010-09-13 00:00:00,177.1,178.5,71,98800,18051430,2010-09-13 00:00:00,1
2010-09-14 00:00:00,2010-09-14 00:00:00,196.3,2010-09-14 00:00:00,171,192.8,111,133800,25774730,2010-09-14 00:00:00,1
2010-09-15 00:00:00,2010-09-15 00:00:00,200,2010-09-15 00:00:00,177.2,182.9,229,241900,44440070,2010-09-15 00:00:00,1
Company Id :  CLPL,,Security Type :  W,,Sub Type :  0012,,,,,,
Short Name :  CEYLON LEATHER,,,,,,,,,,
Day,Date High,High,Date Low,Low,Closing,No. of Trades,No. of Shares,Turnover,Last Traded,Days Traded
2010-10-11 00:00:00,2010-10-11 00:00:00,39,2010-10-11 00:00:00,20,29.2,486,617800,19598810,2010-10-11 00:00:00,1
2010-10-12 00:00:00,2010-10-12 00:00:00,33,2010-10-12 00:00:00,26,26.3,76,68200,1975530,2010-10-12 00:00:00,1
2010-10-13 00:00:00,2010-10-13 00:00:00,29.5,2010-10-13 00:00:00,22,26.2,35,32200,857770,2010-10-13 00:00:00,1
2010-10-14 00:00:00,2010-10-14 00:00:00,30.2,2010-10-14 00:00:00,27,29.2,46,44100,1278460,2010-10-14 00:00:00,1
2010-10-15 00:00:00,2010-10-15 00:00:00,29,2010-10-15 00:00:00,23.5,28.9,12,48200,1288300,2010-10-15 00:00:00,1
2010-10-18 00:00:00,2010-10-18 00:00:00,34.4,2010-10-18 00:00:00,29.9,31.7,175,190300,5990830,2010-10-18 00:00:00,1
2010-10-19 00:00:00,2010-10-19 00:00:00,37,2010-10-19 00:00:00,32.9,34.7,176,168100,5894090,2010-10-19 00:00:00,1
2010-10-20 00:00:00,2010-10-20 00:00:00,34.8,2010-10-20 00:00:00,32.1,34,11,6800,227380,2010-10-20 00:00:00,1
2010-10-21 00:00:00,2010-10-21 00:00:00,33,2010-10-21 00:00:00,32.5,32.8,23,12100,397670,2010-10-21 00:00:00,1
2010-10-25 00:00:00,2010-10-25 00:00:00,33.7,2010-10-25 00:00:00,30,30.2,23,9100,290390,2010-10-25 00:00:00,1
2010-10-26 00:00:00,2010-10-26 00:00:00,32.9,2010-10-26 00:00:00,26,30.8,14,6600,190270,2010-10-26 00:00:00,1
2010-10-27 00:00:00,2010-10-27 00:00:00,29,2010-10-27 00:00:00,28.7,29,7,1900,55060,2010-10-27 00:00:00,1
2010-10-28 00:00:00,2010-10-28 00:00:00,31.9,2010-10-28 00:00:00,29.3,29.9,8,7400,223040,2010-10-28 00:00:00,1
2010-10-29 00:00:00,2010-10-29 00:00:00,33,2010-10-29 00:00:00,29.9,33,33,22700,739860,2010-10-29 00:00:00,1
2010-11-01 00:00:00,2010-11-01 00:00:00,33.7,2010-11-01 00:00:00,33,33.7,20,53100,1787400,2010-11-01 00:00:00,1
2010-11-02 00:00:00,2010-11-02 00:00:00,33,2010-11-02 00:00:00,30.6,31.8,3,1400,44620,2010-11-02 00:00:00,1
2010-11-03 00:00:00,2010-11-03 00:00:00,33,2010-11-03 00:00:00,29.1,31,10,8100,241820,2010-11-03 00:00:00,1
2010-11-04 00:00:00,2010-11-04 00:00:00,30,2010-11-04 00:00:00,29.3,30,4,3400,99760,2010-11-04 00:00:00,1
2010-11-08 00:00:00,2010-11-08 00:00:00,29,2010-11-08 00:00:00,28.5,28.5,7,6500,185350,2010-11-08 00:00:00,1
2010-11-09 00:00:00,2010-11-09 00:00:00,33.5,2010-11-09 00:00:00,28,30,10,26900,878180,2010-11-09 00:00:00,1
2010-11-10 00:00:00,2010-11-10 00:00:00,29,2010-11-10 00:00:00,29,29,3,2000,58000,2010-11-10 00:00:00,1
2010-11-11 00:00:00,2010-11-11 00:00:00,32,2010-11-11 00:00:00,28.9,30.9,15,20300,622300,2010-11-11 00:00:00,1
2010-11-12 00:00:00,2010-11-12 00:00:00,33.5,2010-11-12 00:00:00,29.9,30.1,41,35300,1099300,2010-11-12 00:00:00,1
2010-11-15 00:00:00,2010-11-15 00:00:00,29.3,2010-11-15 00:00:00,29,29,3,5100,147990,2010-11-15 00:00:00,1
2010-11-16 00:00:00,2010-11-16 00:00:00,27.8,2010-11-16 00:00:00,27.7,27.8,3,1500,41560,2010-11-16 00:00:00,1
2010-11-18 00:00:00,2010-11-18 00:00:00,29.8,2010-11-18 00:00:00,28.1,29.1,26,28600,828150,2010-11-18 00:00:00,1
2010-11-22 00:00:00,2010-11-22 00:00:00,31.3,2010-11-22 00:00:00,29,29,7,1500,44870,2010-11-22 00:00:00,1
2010-11-23 00:00:00,2010-11-23 00:00:00,29.9,2010-11-23 00:00:00,26,27,25,24900,686310,2010-11-23 00:00:00,1
2010-11-24 00:00:00,2010-11-24 00:00:00,28.9,2010-11-24 00:00:00,26.1,26.9,20,25900,708540,2010-11-24 00:00:00,1
2010-11-25 00:00:00,2010-11-25 00:00:00,28.5,2010-11-25 00:00:00,26.2,27.4,26,17600,470130,2010-11-25 00:00:00,1
2010-11-26 00:00:00,2010-11-26 00:00:00,27.4,2010-11-26 00:00:00,26.4,27,7,3600,96730,2010-11-26 00:00:00,1
2010-11-29 00:00:00,2010-11-29 00:00:00,29,2010-11-29 00:00:00,26,26,8,5300,139200,2010-11-29 00:00:00,1
2010-11-30 00:00:00,2010-11-30 00:00:00,28,2010-11-30 00:00:00,26,27.2,47,56800,1519360,2010-11-30 00:00:00,1
2010-12-01 00:00:00,2010-12-01 00:00:00,29,2010-12-01 00:00:00,27.1,27.2,21,43700,1219090,2010-12-01 00:00:00,1
2010-12-02 00:00:00,2010-12-02 00:00:00,27.9,2010-12-02 00:00:00,26.2,27.9,11,37100,975450,2010-12-02 00:00:00,1
2010-12-03 00:00:00,2010-12-03 00:00:00,26.3,2010-12-03 00:00:00,26.2,26.3,3,700,18390,2010-12-03 00:00:00,1
2010-12-06 00:00:00,2010-12-06 00:00:00,29,2010-12-06 00:00:00,26.1,28.4,43,53400,1484340,2010-12-06 00:00:00,1
2010-12-07 00:00:00,2010-12-07 00:00:00,28.9,2010-12-07 00:00:00,26.4,26.4,7,4500,124120,2010-12-07 00:00:00,1
2010-12-08 00:00:00,2010-12-08 00:00:00,26.1,2010-12-08 00:00:00,26.1,26.1,3,900,23490,2010-12-08 00:00:00,1
2010-12-09 00:00:00,2010-12-09 00:00:00,27.5,2010-12-09 00:00:00,25,27.1,29,38400,1027760,2010-12-09 00:00:00,1
2010-12-10 00:00:00,2010-12-10 00:00:00,28.4,2010-12-10 00:00:00,26.8,26.8,12,11900,321910,2010-12-10 00:00:00,1
2010-12-13 00:00:00,2010-12-13 00:00:00,26.1,2010-12-13 00:00:00,26,26.1,9,1300,33920,2010-12-13 00:00:00,1
2010-12-14 00:00:00,2010-12-14 00:00:00,26,2010-12-14 00:00:00,26,26,3,1500,39000,2010-12-14 00:00:00,1
2010-12-15 00:00:00,2010-12-15 00:00:00,25.8,2010-12-15 00:00:00,25.8,25.8,1,100,2580,2010-12-15 00:00:00,1
2010-12-16 00:00:00,2010-12-16 00:00:00,27,2010-12-16 00:00:00,25.2,26.4,6,4800,126020,2010-12-16 00:00:00,1
2010-12-17 00:00:00,2010-12-17 00:00:00,26.9,2010-12-17 00:00:00,25,26,5,2700,71580,2010-12-17 00:00:00,1
2010-12-21 00:00:00,2010-12-21 00:00:00,26.5,2010-12-21 00:00:00,26,26,6,6600,171950,2010-12-21 00:00:00,1
2010-12-22 00:00:00,2010-12-22 00:00:00,26.9,2010-12-22 00:00:00,25.6,26.6,5,1800,47620,2010-12-22 00:00:00,1
2010-12-23 00:00:00,2010-12-23 00:00:00,27.5,2010-12-23 00:00:00,26,27,44,67500,1814760,2010-12-23 00:00:00,1
2010-12-24 00:00:00,2010-12-24 00:00:00,25.6,2010-12-24 00:00:00,25.6,25.6,1,2000,51200,2010-12-24 00:00:00,1
2010-12-27 00:00:00,2010-12-27 00:00:00,25.5,2010-12-27 00:00:00,25.5,25.5,6,2300,58650,2010-12-27 00:00:00,1
2010-12-28 00:00:00,2010-12-28 00:00:00,27.6,2010-12-28 00:00:00,26,26.9,12,10200,268270,2010-12-28 00:00:00,1
2010-12-29 00:00:00,2010-12-29 00:00:00,26.5,2010-12-29 00:00:00,26,26.5,6,3800,99800,2010-12-29 00:00:00,1
2010-12-30 00:00:00,2010-12-30 00:00:00,27,2010-12-30 00:00:00,25.2,25.3,4,4000,101060,2010-12-30 00:00:00,1
2010-12-31 00:00:00,2010-12-31 00:00:00,26,2010-12-31 00:00:00,25.3,25.5,6,4100,104630,2010-12-31 00:00:00,1
Company Id :  CLPL,,Security Type :  W,,Sub Type :  0013,,,,,,
Short Name :  CEYLON LEATHER,,,,,,,,,,
Day,Date High,High,Date Low,Low,Closing,No. of Trades,No. of Shares,Turnover,Last Traded,Days Traded
2010-10-11 00:00:00,2010-10-11 00:00:00,35,2010-10-11 00:00:00,19.5,20.1,512,1103800,26546290,2010-10-11 00:00:00,1
2010-10-12 00:00:00,2010-10-12 00:00:00,20.8,2010-10-12 00:00:00,16.1,16.7,54,33300,599960,2010-10-12 00:00:00,1
2010-10-13 00:00:00,2010-10-13 00:00:00,20,2010-10-13 00:00:00,14.9,19,69,99300,1775440,2010-10-13 00:00:00,1
2010-10-14 00:00:00,2010-10-14 00:00:00,22.5,2010-10-14 00:00:00,19.1,19.9,73,128200,2626930,2010-10-14 00:00:00,1
2010-10-15 00:00:00,2010-10-15 00:00:00,19.9,2010-10-15 00:00:00,17.8,19.4,46,86800,1596920,2010-10-15 00:00:00,1
2010-10-18 00:00:00,2010-10-18 00:00:00,24.5,2010-10-18 00:00:00,19.6,22.9,218,506400,11209250,2010-10-18 00:00:00,1
2010-10-19 00:00:00,2010-10-19 00:00:00,26.1,2010-10-19 00:00:00,23,24.8,479,619300,15644870,2010-10-19 00:00:00,1
2010-10-20 00:00:00,2010-10-20 00:00:00,25.9,2010-10-20 00:00:00,23.4,23.5,65,119200,2840440,2010-10-20 00:00:00,1
2010-10-21 00:00:00,2010-10-21 00:00:00,23.5,2010-10-21 00:00:00,22.5,23,33,16700,389610,2010-10-21 00:00:00,1
2010-10-25 00:00:00,2010-10-25 00:00:00,23.3,2010-10-25 00:00:00,21.6,21.9,19,14600,329670,2010-10-25 00:00:00,1
2010-10-26 00:00:00,2010-10-26 00:00:00,22,2010-10-26 00:00:00,20,20.1,36,70700,1433320,2010-10-26 00:00:00,1
2010-10-27 00:00:00,2010-10-27 00:00:00,20.1,2010-10-27 00:00:00,19,20.1,8,7600,150290,2010-10-27 00:00:00,1
2010-10-28 00:00:00,2010-10-28 00:00:00,20.5,2010-10-28 00:00:00,20,20.1,21,10200,205200,2010-10-28 00:00:00,1
2010-10-29 00:00:00,2010-10-29 00:00:00,24,2010-10-29 00:00:00,20.1,22,89,80900,1828650,2010-10-29 00:00:00,1
2010-11-01 00:00:00,2010-11-01 00:00:00,23.4,2010-11-01 00:00:00,22.5,22.6,30,44900,1028930,2010-11-01 00:00:00,1
2010-11-02 00:00:00,2010-11-02 00:00:00,21.3,2010-11-02 00:00:00,21.2,21.2,5,800,16970,2010-11-02 00:00:00,1
2010-11-03 00:00:00,2010-11-03 00:00:00,22.9,2010-11-03 00:00:00,20.6,20.7,9,3500,73730,2010-11-03 00:00:00,1
2010-11-04 00:00:00,2010-11-04 00:00:00,21.5,2010-11-04 00:00:00,20.6,20.8,6,7500,155520,2010-11-04 00:00:00,1
2010-11-08 00:00:00,2010-11-08 00:00:00,21.4,2010-11-08 00:00:00,20.5,21,11,7800,161580,2010-11-08 00:00:00,1
2010-11-09 00:00:00,2010-11-09 00:00:00,21,2010-11-09 00:00:00,20.2,20.9,9,9900,207020,2010-11-09 00:00:00,1
2010-11-10 00:00:00,2010-11-10 00:00:00,20.2,2010-11-10 00:00:00,20,20,13,15700,315740,2010-11-10 00:00:00,1
2010-11-11 00:00:00,2010-11-11 00:00:00,21.9,2010-11-11 00:00:00,20,21,10,16000,336370,2010-11-11 00:00:00,1
2010-11-12 00:00:00,2010-11-12 00:00:00,22.5,2010-11-12 00:00:00,20.9,20.9,24,31100,676560,2010-11-12 00:00:00,1
2010-11-15 00:00:00,2010-11-15 00:00:00,20.6,2010-11-15 00:00:00,19.7,20,21,16100,323170,2010-11-15 00:00:00,1
2010-11-16 00:00:00,2010-11-16 00:00:00,20.1,2010-11-16 00:00:00,18,19,20,19600,360770,2010-11-16 00:00:00,1
2010-11-18 00:00:00,2010-11-18 00:00:00,21.5,2010-11-18 00:00:00,19,20.5,16,15200,308960,2010-11-18 00:00:00,1
2010-11-22 00:00:00,2010-11-22 00:00:00,21.3,2010-11-22 00:00:00,19.1,19.6,16,28900,580010,2010-11-22 00:00:00,1
2010-11-23 00:00:00,2010-11-23 00:00:00,20,2010-11-23 00:00:00,18.6,19.3,17,32800,636720,2010-11-23 00:00:00,1
2010-11-24 00:00:00,2010-11-24 00:00:00,20,2010-11-24 00:00:00,18.5,18.5,33,45300,860400,2010-11-24 00:00:00,1
2010-11-25 00:00:00,2010-11-25 00:00:00,18.7,2010-11-25 00:00:00,18.2,18.6,16,19300,358260,2010-11-25 00:00:00,1
2010-11-26 00:00:00,2010-11-26 00:00:00,19.5,2010-11-26 00:00:00,18.5,18.9,14,24600,461400,2010-11-26 00:00:00,1
2010-11-29 00:00:00,2010-11-29 00:00:00,19.6,2010-11-29 00:00:00,18.1,18.1,14,21800,410890,2010-11-29 00:00:00,1
2010-11-30 00:00:00,2010-11-30 00:00:00,19.9,2010-11-30 00:00:00,19,19.6,31,89600,1739770,2010-11-30 00:00:00,1
2010-12-01 00:00:00,2010-12-01 00:00:00,20.3,2010-12-01 00:00:00,19,19.4,47,80300,1588570,2010-12-01 00:00:00,1
2010-12-02 00:00:00,2010-12-02 00:00:00,20,2010-12-02 00:00:00,19.1,19.2,9,13400,260410,2010-12-02 00:00:00,1
2010-12-03 00:00:00,2010-12-03 00:00:00,18.3,2010-12-03 00:00:00,18.3,18.3,2,300,5490,2010-12-03 00:00:00,1
2010-12-06 00:00:00,2010-12-06 00:00:00,21,2010-12-06 00:00:00,18.2,20.1,100,149500,2983000,2010-12-06 00:00:00,1
2010-12-07 00:00:00,2010-12-07 00:00:00,20,2010-12-07 00:00:00,18.5,18.6,4,4700,92730,2010-12-07 00:00:00,1
2010-12-08 00:00:00,2010-12-08 00:00:00,19.7,2010-12-08 00:00:00,17.7,19.7,10,9100,164300,2010-12-08 00:00:00,1
2010-12-09 00:00:00,2010-12-09 00:00:00,20.1,2010-12-09 00:00:00,18.5,19.6,17,13400,262730,2010-12-09 00:00:00,1
2010-12-10 00:00:00,2010-12-10 00:00:00,20.3,2010-12-10 00:00:00,19,19,17,16900,329500,2010-12-10 00:00:00,1
2010-12-13 00:00:00,2010-12-13 00:00:00,19.9,2010-12-13 00:00:00,18.5,18.5,11,12100,227130,2010-12-13 00:00:00,1
2010-12-14 00:00:00,2010-12-14 00:00:00,18.8,2010-12-14 00:00:00,18.1,18.8,3,1000,18520,2010-12-14 00:00:00,1
2010-12-15 00:00:00,2010-12-15 00:00:00,18.9,2010-12-15 00:00:00,18,18.1,14,20800,377740,2010-12-15 00:00:00,1
2010-12-16 00:00:00,2010-12-16 00:00:00,18.5,2010-12-16 00:00:00,18.5,18.5,12,17700,327450,2010-12-16 00:00:00,1
2010-12-17 00:00:00,2010-12-17 00:00:00,19,2010-12-17 00:00:00,18.1,18.9,20,11900,224360,2010-12-17 00:00:00,1
2010-12-21 00:00:00,2010-12-21 00:00:00,18.9,2010-12-21 00:00:00,18,18.8,12,30100,555830,2010-12-21 00:00:00,1
2010-12-22 00:00:00,2010-12-22 00:00:00,19.3,2010-12-22 00:00:00,18.9,19.2,9,18400,351300,2010-12-22 00:00:00,1
2010-12-23 00:00:00,2010-12-23 00:00:00,21,2010-12-23 00:00:00,19.1,20,49,125700,2522560,2010-12-23 00:00:00,1
2010-12-24 00:00:00,2010-12-24 00:00:00,20,2010-12-24 00:00:00,19,19.1,7,6000,114660,2010-12-24 00:00:00,1
2010-12-27 00:00:00,2010-12-27 00:00:00,20,2010-12-27 00:00:00,19,19.7,18,28900,572370,2010-12-27 00:00:00,1
2010-12-28 00:00:00,2010-12-28 00:00:00,20.6,2010-12-28 00:00:00,19.4,20.1,12,20000,409700,2010-12-28 00:00:00,1
2010-12-29 00:00:00,2010-12-29 00:00:00,19.8,2010-12-29 00:00:00,19,19.2,16,7000,133790,2010-12-29 00:00:00,1
2010-12-30 00:00:00,2010-12-30 00:00:00,19.8,2010-12-30 00:00:00,18.5,19.4,11,25900,484330,2010-12-30 00:00:00,1
2010-12-31 00:00:00,2010-12-31 00:00:00,20.3,2010-12-31 00:00:00,18.5,19,18,46400,915430,2010-12-31 00:00:00,1
Company Id:  CLPL,,Security Type :  W,,Sub Type :  0014,,,,,,
Short Name :  CEYLON LEATHER,,,,,,,,,,
Day,Date High,High,Date Low,Low,Closing,No. of Trades,No. of Shares,Turnover,Last Traded,Days Traded
2010-10-11 00:00:00,2010-10-11 00:00:00,30,2010-10-11 00:00:00,18.2,19.1,510,865500,18121920,2010-10-11 00:00:00,1
2010-10-12 00:00:00,2010-10-12 00:00:00,20.5,2010-10-12 00:00:00,15,16.1,62,125100,2194760,2010-10-12 00:00:00,1
2010-10-13 00:00:00,2010-10-13 00:00:00,20,2010-10-13 00:00:00,15,19.8,75,141300,2647190,2010-10-13 00:00:00,1
2010-10-14 00:00:00,2010-10-14 00:00:00,20.9,2010-10-14 00:00:00,18.7,19.2,60,76600,1512000,2010-10-14 00:00:00,1
2010-10-15 00:00:00,2010-10-15 00:00:00,19.4,2010-10-15 00:00:00,17,19.1,27,102400,1807790,2010-10-15 00:00:00,1
2010-10-18 00:00:00,2010-10-18 00:00:00,24,2010-10-18 00:00:00,18.1,21.8,344,565800,12211780,2010-10-18 00:00:00,1
2010-10-19 00:00:00,2010-10-19 00:00:00,26,2010-10-19 00:00:00,22.5,24.8,410,650800,16313670,2010-10-19 00:00:00,1
2010-10-20 00:00:00,2010-10-20 00:00:00,26.8,2010-10-20 00:00:00,22.7,23.3,97,152400,3619840,2010-10-20 00:00:00,1
2010-10-21 00:00:00,2010-10-21 00:00:00,23.5,2010-10-21 00:00:00,22.6,22.7,26,28400,654700,2010-10-21 00:00:00,1
2010-10-25 00:00:00,2010-10-25 00:00:00,24.3,2010-10-25 00:00:00,21.6,21.6,30,20500,465570,2010-10-25 00:00:00,1
2010-10-26 00:00:00,2010-10-26 00:00:00,20.6,2010-10-26 00:00:00,19.8,20.1,43,77500,1564880,2010-10-26 00:00:00,1
2010-10-27 00:00:00,2010-10-27 00:00:00,21.5,2010-10-27 00:00:00,19,19.2,26,48800,965880,2010-10-27 00:00:00,1
2010-10-28 00:00:00,2010-10-28 00:00:00,21.4,2010-10-28 00:00:00,20,20,43,59200,1190620,2010-10-28 00:00:00,1
2010-10-29 00:00:00,2010-10-29 00:00:00,25,2010-10-29 00:00:00,20,21.1,102,101200,2262730,2010-10-29 00:00:00,1
2010-11-01 00:00:00,2010-11-01 00:00:00,23,2010-11-01 00:00:00,21.5,22,37,65200,1440220,2010-11-01 00:00:00,1
2010-11-02 00:00:00,2010-11-02 00:00:00,21.1,2010-11-02 00:00:00,20.9,21,9,12800,268940,2010-11-02 00:00:00,1
2010-11-03 00:00:00,2010-11-03 00:00:00,21.7,2010-11-03 00:00:00,20,20.2,13,13300,267680,2010-11-03 00:00:00,1
2010-11-04 00:00:00,2010-11-04 00:00:00,21,2010-11-04 00:00:00,20.2,21,8,6100,127520,2010-11-04 00:00:00,1
2010-11-08 00:00:00,2010-11-08 00:00:00,20.5,2010-11-08 00:00:00,20.1,20.4,12,5200,105380,2010-11-08 00:00:00,1
2010-11-09 00:00:00,2010-11-09 00:00:00,20.5,2010-11-09 00:00:00,20.2,20.4,16,14800,302020,2010-11-09 00:00:00,1
2010-11-10 00:00:00,2010-11-10 00:00:00,20.5,2010-11-10 00:00:00,20.5,20.5,14,5500,112750,2010-11-10 00:00:00,1
2010-11-11 00:00:00,2010-11-11 00:00:00,21.5,2010-11-11 00:00:00,20,21,39,32000,669860,2010-11-11 00:00:00,1
2010-11-12 00:00:00,2010-11-12 00:00:00,23,2010-11-12 00:00:00,20.6,20.7,33,61800,1353390,2010-11-12 00:00:00,1
2010-11-15 00:00:00,2010-11-15 00:00:00,21,2010-11-15 00:00:00,19.6,19.9,18,13700,273420,2010-11-15 00:00:00,1
2010-11-16 00:00:00,2010-11-16 00:00:00,19.2,2010-11-16 00:00:00,18.5,18.9,27,27600,516840,2010-11-16 00:00:00,1
2010-11-18 00:00:00,2010-11-18 00:00:00,20.9,2010-11-18 00:00:00,19.7,20.3,22,35000,706010,2010-11-18 00:00:00,1
2010-11-22 00:00:00,2010-11-22 00:00:00,21.6,2010-11-22 00:00:00,19,19.1,25,23600,457450,2010-11-22 00:00:00,1
2010-11-23 00:00:00,2010-11-23 00:00:00,20.2,2010-11-23 00:00:00,18.1,18.7,18,27300,521900,2010-11-23 00:00:00,1
2010-11-24 00:00:00,2010-11-24 00:00:00,19.9,2010-11-24 00:00:00,18.2,18.4,31,51300,950760,2010-11-24 00:00:00,1
2010-11-25 00:00:00,2010-11-25 00:00:00,19.3,2010-11-25 00:00:00,18,18.9,7,2900,53720,2010-11-25 00:00:00,1
2010-11-26 00:00:00,2010-11-26 00:00:00,19.3,2010-11-26 00:00:00,18.2,18.8,26,27800,519380,2010-11-26 00:00:00,1
2010-11-29 00:00:00,2010-11-29 00:00:00,19,2010-11-29 00:00:00,18,18,17,9100,165530,2010-11-29 00:00:00,1
2010-11-30 00:00:00,2010-11-30 00:00:00,19.8,2010-11-30 00:00:00,18.2,19.2,84,123800,2356810,2010-11-30 00:00:00,1
2010-12-01 00:00:00,2010-12-01 00:00:00,20,2010-12-01 00:00:00,19,19.1,35,36900,723140,2010-12-01 00:00:00,1
2010-12-02 00:00:00,2010-12-02 00:00:00,19.9,2010-12-02 00:00:00,19.1,19.4,19,20000,388290,2010-12-02 00:00:00,1
2010-12-03 00:00:00,2010-12-03 00:00:00,18.9,2010-12-03 00:00:00,18.8,18.8,5,4800,90290,2010-12-03 00:00:00,1
2010-12-06 00:00:00,2010-12-06 00:00:00,21.3,2010-12-06 00:00:00,18.4,19.9,103,189900,3783150,2010-12-06 00:00:00,1
2010-12-07 00:00:00,2010-12-07 00:00:00,20,2010-12-07 00:00:00,19,19,10,7700,151800,2010-12-07 00:00:00,1
2010-12-08 00:00:00,2010-12-08 00:00:00,19.7,2010-12-08 00:00:00,18.9,19,15,13300,252760,2010-12-08 00:00:00,1
2010-12-09 00:00:00,2010-12-09 00:00:00,19.9,2010-12-09 00:00:00,18,19.1,72,200600,3708220,2010-12-09 00:00:00,1
2010-12-10 00:00:00,2010-12-10 00:00:00,20.3,2010-12-10 00:00:00,18.5,18.8,45,72100,1404050,2010-12-10 00:00:00,1
2010-12-13 00:00:00,2010-12-13 00:00:00,18.8,2010-12-13 00:00:00,18.5,18.8,18,18200,338360,2010-12-13 00:00:00,1
2010-12-14 00:00:00,2010-12-14 00:00:00,18.6,2010-12-14 00:00:00,18.5,18.5,10,8900,164750,2010-12-14 00:00:00,1
2010-12-15 00:00:00,2010-12-15 00:00:00,18.9,2010-12-15 00:00:00,18,18,7,3300,60930,2010-12-15 00:00:00,1
2010-12-16 00:00:00,2010-12-16 00:00:00,18.5,2010-12-16 00:00:00,17.9,18.5,4,5400,99700,2010-12-16 00:00:00,1
2010-12-17 00:00:00,2010-12-17 00:00:00,19,2010-12-17 00:00:00,18.2,19,15,12100,228730,2010-12-17 00:00:00,1
2010-12-21 00:00:00,2010-12-21 00:00:00,19,2010-12-21 00:00:00,18.2,18.6,10,18700,348050,2010-12-21 00:00:00,1
2010-12-22 00:00:00,2010-12-22 00:00:00,19.3,2010-12-22 00:00:00,18.9,19.3,21,39600,758630,2010-12-22 00:00:00,1
2010-12-23 00:00:00,2010-12-23 00:00:00,20.9,2010-12-23 00:00:00,19.4,20,54,133600,2677740,2010-12-23 00:00:00,1
2010-12-24 00:00:00,2010-12-24 00:00:00,20,2010-12-24 00:00:00,19,19,6,2700,53260,2010-12-24 00:00:00,1
2010-12-27 00:00:00,2010-12-27 00:00:00,20.1,2010-12-27 00:00:00,19.2,19.6,10,17900,356900,2010-12-27 00:00:00,1
2010-12-28 00:00:00,2010-12-28 00:00:00,20.7,2010-12-28 00:00:00,19.5,19.5,23,22100,438570,2010-12-28 00:00:00,1
2010-12-29 00:00:00,2010-12-29 00:00:00,20.2,2010-12-29 00:00:00,19.3,20.2,14,33600,657940,2010-12-29 00:00:00,1
2010-12-30 00:00:00,2010-12-30 00:00:00,19.3,2010-12-30 00:00:00,18,19.1,25,71500,1317990,2010-12-30 00:00:00,1
2010-12-31 00:00:00,2010-12-31 00:00:00,20.3,2010-12-31 00:00:00,19,19,33,149300,2867760,2010-12-31 00:00:00,1
Company Id :  COCO,,Security Type :  N,,Sub Type :  0000,,,,,,
Short Name :  COCO LANKA,,,,,,,,,,
Day,Date High,High,Date Low,Low,Closing,No. of Trades,No. of Shares,Turnover,Last Traded,Days Traded
2010-01-04 00:00:00,2010-01-04 00:00:00,51,2010-01-04 00:00:00,47.5,48.25,85,69500,3422450,2010-01-04 00:00:00,1
2010-01-05 00:00:00,2010-01-05 00:00:00,49.5,2010-01-05 00:00:00,46.75,46.75,63,33800,1588950,2010-01-05 00:00:00,1
2010-01-06 00:00:00,2010-01-06 00:00:00,47,2010-01-06 00:00:00,46,46,57,48900,2261175,2010-01-06 00:00:00,1
2010-01-07 00:00:00,2010-01-07 00:00:00,46,2010-01-07 00:00:00,45,45,76,53900,2437275,2010-01-07 00:00:00,1
2010-01-08 00:00:00,2010-01-08 00:00:00,46.5,2010-01-08 00:00:00,44.5,45,22,12500,566975,2010-01-08 00:00:00,1
2010-01-11 00:00:00,2010-01-11 00:00:00,45.75,2010-01-11 00:00:00,44.5,44.75,32,15700,706575,2010-01-11 00:00:00,1
2010-01-12 00:00:00,2010-01-12 00:00:00,45,2010-01-12 00:00:00,44,44.5,44,20500,911400,2010-01-12 00:00:00,1
2010-01-13 00:00:00,2010-01-13 00:00:00,45,2010-01-13 00:00:00,42.5,43.5,71,29900,1298375,2010-01-13 00:00:00,1
2010-01-15 00:00:00,2010-01-15 00:00:00,43,2010-01-15 00:00:00,42.5,43,50,20300,868750,2010-01-15 00:00:00,1
2010-01-18 00:00:00,2010-01-18 00:00:00,44,2010-01-18 00:00:00,40.75,41.25,92,61600,2576250,2010-01-18 00:00:00,1
2010-01-19 00:00:00,2010-01-19 00:00:00,41.5,2010-01-19 00:00:00,41,41.5,24,11600,479400,2010-01-19 00:00:00,1
2010-01-20 00:00:00,2010-01-20 00:00:00,43,2010-01-20 00:00:00,41.25,42.25,23,16200,679150,2010-01-20 00:00:00,1
2010-01-21 00:00:00,2010-01-21 00:00:00,44.75,2010-01-21 00:00:00,43,43.25,47,48600,2127175,2010-01-21 00:00:00,1
2010-01-22 00:00:00,2010-01-22 00:00:00,45,2010-01-22 00:00:00,44,44.25,59,63200,2826900,2010-01-22 00:00:00,1
2010-01-25 00:00:00,2010-01-25 00:00:00,45.5,2010-01-25 00:00:00,44,44.25,95,149600,6663450,2010-01-25 00:00:00,1
2010-01-26 00:00:00,2010-01-26 00:00:00,41,2010-01-26 00:00:00,39.5,39.75,80,68400,2757150,2010-01-26 00:00:00,1
2010-01-28 00:00:00,2010-01-28 00:00:00,42,2010-01-28 00:00:00,39.5,41,131,181200,7364825,2010-01-28 00:00:00,1
2010-02-01 00:00:00,2010-02-01 00:00:00,42.25,2010-02-01 00:00:00,41,42,62,106300,4454100,2010-02-01 00:00:00,1
2010-02-02 00:00:00,2010-02-02 00:00:00,43,2010-02-02 00:00:00,41,41.75,57,69400,2917550,2010-02-02 00:00:00,1
2010-02-03 00:00:00,2010-02-03 00:00:00,42,2010-02-03 00:00:00,41.5,41.75,29,44800,1868600,2010-02-03 00:00:00,1
2010-02-05 00:00:00,2010-02-05 00:00:00,41.5,2010-02-05 00:00:00,41,41.5,14,20800,857925,2010-02-05 00:00:00,1
2010-02-08 00:00:00,2010-02-08 00:00:00,41,2010-02-08 00:00:00,40.25,41,24,13500,551050,2010-02-08 00:00:00,1
2010-02-09 00:00:00,2010-02-09 00:00:00,40.5,2010-02-09 00:00:00,39,40,20,21200,849900,2010-02-09 00:00:00,1
2010-02-10 00:00:00,2010-02-10 00:00:00,40,2010-02-10 00:00:00,38.25,40,30,41200,1626775,2010-02-10 00:00:00,1
2010-02-11 00:00:00,2010-02-11 00:00:00,41,2010-02-11 00:00:00,39,39.75,87,61000,2475325,2010-02-11 00:00:00,1
2010-02-12 00:00:00,2010-02-12 00:00:00,40,2010-02-12 00:00:00,38.5,40,23,21500,844550,2010-02-12 00:00:00,1
2010-02-15 00:00:00,2010-02-15 00:00:00,39,2010-02-15 00:00:00,38.25,38.5,11,7400,286125,2010-02-15 00:00:00,1
2010-02-16 00:00:00,2010-02-16 00:00:00,41.5,2010-02-16 00:00:00,39,40.5,61,83000,3356450,2010-02-16 00:00:00,1
2010-02-17 00:00:00,2010-02-17 00:00:00,41.5,2010-02-17 00:00:00,39.5,39.75,66,171700,6883125,2010-02-17 00:00:00,1
2010-02-18 00:00:00,2010-02-18 00:00:00,42.5,2010-02-18 00:00:00,41,42,67,58600,2454025,2010-02-18 00:00:00,1
2010-02-19 00:00:00,2010-02-19 00:00:00,43.5,2010-02-19 00:00:00,42.75,43,176,246100,10583600,2010-02-19 00:00:00,1
2010-02-22 00:00:00,2010-02-22 00:00:00,43.5,2010-02-22 00:00:00,42.5,42.5,44,48100,2069850,2010-02-22 00:00:00,1
2010-02-23 00:00:00,2010-02-23 00:00:00,43,2010-02-23 00:00:00,41.75,42,23,40400,1697375,2010-02-23 00:00:00,1
2010-02-24 00:00:00,2010-02-24 00:00:00,42.75,2010-02-24 00:00:00,41.75,42,18,33900,1423675,2010-02-24 00:00:00,1
2010-02-25 00:00:00,2010-02-25 00:00:00,42.5,2010-02-25 00:00:00,41.75,42,23,33200,1393200,2010-02-25 00:00:00,1
2010-02-26 00:00:00,2010-02-26 00:00:00,42,2010-02-26 00:00:00,41.75,42,13,6700,281225,2010-02-26 00:00:00,1
2010-03-01 00:00:00,2010-03-01 00:00:00,43,2010-03-01 00:00:00,41.5,42,80,100100,4198750,2010-03-01 00:00:00,1
2010-03-02 00:00:00,2010-03-02 00:00:00,41.75,2010-03-02 00:00:00,40.25,41.75,25,69700,2840375,2010-03-02 00:00:00,1
2010-03-03 00:00:00,2010-03-03 00:00:00,41.75,2010-03-03 00:00:00,40,41.5,31,23000,940475,2010-03-03 00:00:00,1
2010-03-04 00:00:00,2010-03-04 00:00:00,41.75,2010-03-04 00:00:00,40.5,40.75,37,31100,1280375,2010-03-04 00:00:00,1
2010-03-05 00:00:00,2010-03-05 00:00:00,41,2010-03-05 00:00:00,40.25,40.5,14,15500,635375,2010-03-05 00:00:00,1
2010-03-08 00:00:00,2010-03-08 00:00:00,41,2010-03-08 00:00:00,38.5,40,231,520000,20776825,2010-03-08 00:00:00,1
2010-03-09 00:00:00,2010-03-09 00:00:00,40.75,2010-03-09 00:00:00,39.75,40,82,104600,4190175,2010-03-09 00:00:00,1
2010-03-10 00:00:00,2010-03-10 00:00:00,40.75,2010-03-10 00:00:00,40,40.25,70,45800,1846475,2010-03-10 00:00:00,1
2010-03-11 00:00:00,2010-03-11 00:00:00,43,2010-03-11 00:00:00,40.75,42.5,184,238100,10055875,2010-03-11 00:00:00,1
2010-03-12 00:00:00,2010-03-12 00:00:00,44,2010-03-12 00:00:00,42,43,150,119400,5149375,2010-03-12 00:00:00,1
2010-03-15 00:00:00,2010-03-15 00:00:00,43.75,2010-03-15 00:00:00,42.75,43,69,88200,3791975,2010-03-15 00:00:00,1
2010-03-16 00:00:00,2010-03-16 00:00:00,43,2010-03-16 00:00:00,42.5,42.75,45,89600,3831250,2010-03-16 00:00:00,1
2010-03-17 00:00:00,2010-03-17 00:00:00,43,2010-03-17 00:00:00,42.5,42.75,68,85500,3651100,2010-03-17 00:00:00,1
2010-03-18 00:00:00,2010-03-18 00:00:00,43,2010-03-18 00:00:00,42.5,42.5,28,66000,2806900,2010-03-18 00:00:00,1
2010-03-19 00:00:00,2010-03-19 00:00:00,42.5,2010-03-19 00:00:00,41.5,42,22,42200,1765425,2010-03-19 00:00:00,1
2010-03-22 00:00:00,2010-03-22 00:00:00,42,2010-03-22 00:00:00,41.25,41.5,35,49100,2037150,2010-03-22 00:00:00,1
2010-03-23 00:00:00,2010-03-23 00:00:00,41.5,2010-03-23 00:00:00,41,41.5,12,11700,484300,2010-03-23 00:00:00,1
2010-03-24 00:00:00,2010-03-24 00:00:00,41.5,2010-03-24 00:00:00,40.25,41,23,25100,1024325,2010-03-24 00:00:00,1
2010-03-25 00:00:00,2010-03-25 00:00:00,41.5,2010-03-25 00:00:00,40.75,41,26,14900,610850,2010-03-25 00:00:00,1
2010-03-26 00:00:00,2010-03-26 00:00:00,41.5,2010-03-26 00:00:00,41,41,23,57000,2338650,2010-03-26 00:00:00,1
2010-03-30 00:00:00,2010-03-30 00:00:00,42,2010-03-30 00:00:00,40.5,41.75,19,35500,1457650,2010-03-30 00:00:00,1
2010-03-31 00:00:00,2010-03-31 00:00:00,41.5,2010-03-31 00:00:00,40.5,41,26,18600,762725,2010-03-31 00:00:00,1
2010-04-01 00:00:00,2010-04-01 00:00:00,41.5,2010-04-01 00:00:00,41,41.5,19,10500,434000,2010-04-01 00:00:00,1
2010-04-05 00:00:00,2010-04-05 00:00:00,43.5,2010-04-05 00:00:00,41.5,43,66,65100,2779425,2010-04-05 00:00:00,1
2010-04-06 00:00:00,2010-04-06 00:00:00,45.75,2010-04-06 00:00:00,43.5,45.5,247,368600,16630825,2010-04-06 00:00:00,1
2010-04-07 00:00:00,2010-04-07 00:00:00,46,2010-04-07 00:00:00,45,45,107,119400,5444625,2010-04-07 00:00:00,1
2010-04-08 00:00:00,2010-04-08 00:00:00,46,2010-04-08 00:00:00,45,45.25,35,28200,1279325,2010-04-08 00:00:00,1
2010-04-12 00:00:00,2010-04-12 00:00:00,46.25,2010-04-12 00:00:00,45,45.25,54,61500,2807250,2010-04-12 00:00:00,1
2010-04-15 00:00:00,2010-04-15 00:00:00,45.75,2010-04-15 00:00:00,45,45.25,33,42000,1900300,2010-04-15 00:00:00,1
2010-04-16 00:00:00,2010-04-16 00:00:00,46,2010-04-16 00:00:00,44.5,45.5,69,71700,3236600,2010-04-16 00:00:00,1
2010-04-19 00:00:00,2010-04-19 00:00:00,46,2010-04-19 00:00:00,45,45.5,36,51300,2329775,2010-04-19 00:00:00,1
2010-04-20 00:00:00,2010-04-20 00:00:00,46.25,2010-04-20 00:00:00,45.5,45.75,50,55100,2533175,2010-04-20 00:00:00,1
2010-04-21 00:00:00,2010-04-21 00:00:00,46,2010-04-21 00:00:00,44.5,45,31,41700,1885275,2010-04-21 00:00:00,1
2010-04-22 00:00:00,2010-04-22 00:00:00,45.25,2010-04-22 00:00:00,44.5,45,25,22100,994600,2010-04-22 00:00:00,1
2010-04-23 00:00:00,2010-04-23 00:00:00,45.5,2010-04-23 00:00:00,45,45,42,41100,1863250,2010-04-23 00:00:00,1
2010-04-26 00:00:00,2010-04-26 00:00:00,45.25,2010-04-26 00:00:00,44.75,45,40,166700,7500925,2010-04-26 00:00:00,1
2010-04-27 00:00:00,2010-04-27 00:00:00,45,2010-04-27 00:00:00,44.5,44.75,17,13400,600025,2010-04-27 00:00:00,1
2010-04-29 00:00:00,2010-04-29 00:00:00,45,2010-04-29 00:00:00,44.25,44.5,24,13800,615525,2010-04-29 00:00:00,1
2010-04-30 00:00:00,2010-04-30 00:00:00,44.75,2010-04-30 00:00:00,44.25,44.5,14,51500,2293050,2010-04-30 00:00:00,1
2010-05-03 00:00:00,2010-05-03 00:00:00,44,2010-05-03 00:00:00,43,43,11,4400,191100,2010-05-03 00:00:00,1
2010-05-04 00:00:00,2010-05-04 00:00:00,43.75,2010-05-04 00:00:00,43,43.5,12,6000,259750,2010-05-04 00:00:00,1
2010-05-05 00:00:00,2010-05-05 00:00:00,44,2010-05-05 00:00:00,42.5,42.75,17,16400,707800,2010-05-05 00:00:00,1
2010-05-06 00:00:00,2010-05-06 00:00:00,43,2010-05-06 00:00:00,41,42.25,23,38500,1624950,2010-05-06 00:00:00,1
2010-05-07 00:00:00,2010-05-07 00:00:00,42.5,2010-05-07 00:00:00,42,42.5,7,1300,55000,2010-05-07 00:00:00,1
2010-05-10 00:00:00,2010-05-10 00:00:00,44.75,2010-05-10 00:00:00,41,44.25,75,97400,4262775,2010-05-10 00:00:00,1
2010-05-11 00:00:00,2010-05-11 00:00:00,47.5,2010-05-11 00:00:00,44.5,45.25,168,262800,12110800,2010-05-11 00:00:00,1
2010-05-12 00:00:00,2010-05-12 00:00:00,46,2010-05-12 00:00:00,45,45.5,22,13000,592575,2010-05-12 00:00:00,1
2010-05-13 00:00:00,2010-05-13 00:00:00,45.5,2010-05-13 00:00:00,44.5,45.5,34,28900,1308225,2010-05-13 00:00:00,1
2010-05-14 00:00:00,2010-05-14 00:00:00,45.5,2010-05-14 00:00:00,44.25,44.5,18,18100,810000,2010-05-14 00:00:00,1
2010-05-17 00:00:00,2010-05-17 00:00:00,45,2010-05-17 00:00:00,44,44.5,31,22500,1002125,2010-05-17 00:00:00,1
2010-05-18 00:00:00,2010-05-18 00:00:00,45,2010-05-18 00:00:00,44,44,27,49000,2173475,2010-05-18 00:00:00,1
2010-05-19 00:00:00,2010-05-19 00:00:00,44.25,2010-05-19 00:00:00,43.75,43.75,15,11800,518075,2010-05-19 00:00:00,1
2010-05-20 00:00:00,2010-05-20 00:00:00,43.75,2010-05-20 00:00:00,43.5,43.5,11,13200,574325,2010-05-20 00:00:00,1
2010-05-21 00:00:00,2010-05-21 00:00:00,44,2010-05-21 00:00:00,43,43.25,12,11200,485500,2010-05-21 00:00:00,1
2010-05-24 00:00:00,2010-05-24 00:00:00,43.25,2010-05-24 00:00:00,42.25,42.25,14,21600,918450,2010-05-24 00:00:00,1
2010-05-25 00:00:00,2010-05-25 00:00:00,42,2010-05-25 00:00:00,42,42,8,8000,336000,2010-05-25 00:00:00,1
2010-05-26 00:00:00,2010-05-26 00:00:00,45,2010-05-26 00:00:00,41.5,43.5,128,293900,12719250,2010-05-26 00:00:00,1
2010-05-31 00:00:00,2010-05-31 00:00:00,44.5,2010-05-31 00:00:00,42,42,67,196300,8299925,2010-05-31 00:00:00,1
2010-06-01 00:00:00,2010-06-01 00:00:00,43,2010-06-01 00:00:00,41.75,42,38,157400,6611600,2010-06-01 00:00:00,1
2010-06-02 00:00:00,2010-06-02 00:00:00,42.75,2010-06-02 00:00:00,41.5,42.25,23,21000,887250,2010-06-02 00:00:00,1
2010-06-03 00:00:00,2010-06-03 00:00:00,43,2010-06-03 00:00:00,41.5,43,26,34600,1470225,2010-06-03 00:00:00,1
2010-06-04 00:00:00,2010-06-04 00:00:00,44.75,2010-06-04 00:00:00,42.5,43.5,101,193200,8470100,2010-06-04 00:00:00,1
2010-06-07 00:00:00,2010-06-07 00:00:00,44.25,2010-06-07 00:00:00,43.25,44,46,86500,3803075,2010-06-07 00:00:00,1
2010-06-08 00:00:00,2010-06-08 00:00:00,44,2010-06-08 00:00:00,43.25,43.5,20,24600,1072075,2010-06-08 00:00:00,1
2010-06-09 00:00:00,2010-06-09 00:00:00,44,2010-06-09 00:00:00,43,43.75,13,10500,455075,2010-06-09 00:00:00,1
2010-06-10 00:00:00,2010-06-10 00:00:00,43.75,2010-06-10 00:00:00,43,43.5,15,4900,212925,2010-06-10 00:00:00,1
2010-06-11 00:00:00,2010-06-11 00:00:00,43.5,2010-06-11 00:00:00,42.5,43.25,69,143700,6191250,2010-06-11 00:00:00,1
2010-06-14 00:00:00,2010-06-14 00:00:00,45.5,2010-06-14 00:00:00,43.75,44.75,98,180400,8001575,2010-06-14 00:00:00,1
2010-06-15 00:00:00,2010-06-15 00:00:00,46,2010-06-15 00:00:00,44.5,44.75,44,46500,2113525,2010-06-15 00:00:00,1
2010-06-16 00:00:00,2010-06-16 00:00:00,46,2010-06-16 00:00:00,45,45.25,61,145100,6556600,2010-06-16 00:00:00,1
2010-06-17 00:00:00,2010-06-17 00:00:00,46.5,2010-06-17 00:00:00,46,46.25,112,141500,6532875,2010-06-17 00:00:00,1
2010-06-21 00:00:00,2010-06-21 00:00:00,46.5,2010-06-21 00:00:00,45,45.25,42,112200,5075425,2010-06-21 00:00:00,1
2010-06-22 00:00:00,2010-06-22 00:00:00,45,2010-06-22 00:00:00,44.5,44.5,20,35900,1613300,2010-06-22 00:00:00,1
2010-06-23 00:00:00,2010-06-23 00:00:00,45,2010-06-23 00:00:00,43.5,43.5,12,8000,352775,2010-06-23 00:00:00,1
2010-06-24 00:00:00,2010-06-24 00:00:00,45,2010-06-24 00:00:00,42.5,45,20,14500,623600,2010-06-24 00:00:00,1
2010-06-28 00:00:00,2010-06-28 00:00:00,44.75,2010-06-28 00:00:00,42.5,44.5,6,3500,155575,2010-06-28 00:00:00,1
2010-06-29 00:00:00,2010-06-29 00:00:00,44,2010-06-29 00:00:00,43.5,44,8,14300,628700,2010-06-29 00:00:00,1
2010-06-30 00:00:00,2010-06-30 00:00:00,44,2010-06-30 00:00:00,43,43.25,24,7400,323500,2010-06-30 00:00:00,1
2010-07-01 00:00:00,2010-07-01 00:00:00,43,2010-07-01 00:00:00,42,42.25,49,65500,2761000,2010-07-01 00:00:00,1
2010-07-02 00:00:00,2010-07-02 00:00:00,42.75,2010-07-02 00:00:00,42,42.5,27,193000,8116425,2010-07-02 00:00:00,1
2010-07-05 00:00:00,2010-07-05 00:00:00,44,2010-07-05 00:00:00,42.25,42.5,19,19200,822900,2010-07-05 00:00:00,1
2010-07-06 00:00:00,2010-07-06 00:00:00,42.75,2010-07-06 00:00:00,42,42.25,12,6300,265900,2010-07-06 00:00:00,1
2010-07-07 00:00:00,2010-07-07 00:00:00,42,2010-07-07 00:00:00,40,40.25,64,85300,3443100,2010-07-07 00:00:00,1
2010-07-08 00:00:00,2010-07-08 00:00:00,40.75,2010-07-08 00:00:00,40.5,40.75,6,3000,121650,2010-07-08 00:00:00,1
2010-07-09 00:00:00,2010-07-09 00:00:00,41,2010-07-09 00:00:00,40.5,40.5,12,130600,5292800,2010-07-09 00:00:00,1
2010-07-12 00:00:00,2010-07-12 00:00:00,40.5,2010-07-12 00:00:00,40.5,40.5,3,1300,52650,2010-07-12 00:00:00,1
2010-07-13 00:00:00,2010-07-13 00:00:00,41.75,2010-07-13 00:00:00,40.25,41,22,11800,480800,2010-07-13 00:00:00,1
2010-07-14 00:00:00,2010-07-14 00:00:00,41.5,2010-07-14 00:00:00,40.5,41,15,11300,462225,2010-07-14 00:00:00,1
2010-07-15 00:00:00,2010-07-15 00:00:00,43.75,2010-07-15 00:00:00,41.5,43,14,25400,1083425,2010-07-15 00:00:00,1
2010-07-16 00:00:00,2010-07-16 00:00:00,42,2010-07-16 00:00:00,41,41,33,43600,1791700,2010-07-16 00:00:00,1
2010-07-19 00:00:00,2010-07-19 00:00:00,41,2010-07-19 00:00:00,40.75,41,39,95300,3907225,2010-07-19 00:00:00,1
2010-07-20 00:00:00,2010-07-20 00:00:00,41.75,2010-07-20 00:00:00,40.75,41,36,85200,3485800,2010-07-20 00:00:00,1
2010-07-21 00:00:00,2010-07-21 00:00:00,41,2010-07-21 00:00:00,40.5,41,16,35600,1459550,2010-07-21 00:00:00,1
2010-07-22 00:00:00,2010-07-22 00:00:00,41.25,2010-07-22 00:00:00,40.5,41,35,76500,3135250,2010-07-22 00:00:00,1
2010-07-23 00:00:00,2010-07-23 00:00:00,41,2010-07-23 00:00:00,40.5,41,27,18800,768750,2010-07-23 00:00:00,1
2010-07-26 00:00:00,2010-07-26 00:00:00,42,2010-07-26 00:00:00,40.5,41,65,83700,3457250,2010-07-26 00:00:00,1
2010-07-27 00:00:00,2010-07-27 00:00:00,42,2010-07-27 00:00:00,41.25,41.5,37,66200,2769800,2010-07-27 00:00:00,1
2010-07-28 00:00:00,2010-07-28 00:00:00,41.75,2010-07-28 00:00:00,41,41.25,36,46800,1932800,2010-07-28 00:00:00,1
2010-07-29 00:00:00,2010-07-29 00:00:00,41.5,2010-07-29 00:00:00,40.5,40.75,37,62400,2559425,2010-07-29 00:00:00,1
2010-07-30 00:00:00,2010-07-30 00:00:00,41,2010-07-30 00:00:00,40.25,40.5,61,109700,4464025,2010-07-30 00:00:00,1
2010-08-02 00:00:00,2010-08-02 00:00:00,42.5,2010-08-02 00:00:00,40,40.2,48,64100,2612620,2010-08-02 00:00:00,1
2010-08-03 00:00:00,2010-08-03 00:00:00,40.5,2010-08-03 00:00:00,40,40,29,29600,1184700,2010-08-03 00:00:00,1
2010-08-04 00:00:00,2010-08-04 00:00:00,41.9,2010-08-04 00:00:00,40.2,40.9,11,17900,737620,2010-08-04 00:00:00,1
2010-08-05 00:00:00,2010-08-05 00:00:00,40.2,2010-08-05 00:00:00,38.3,40,22,17200,687580,2010-08-05 00:00:00,1
2010-08-06 00:00:00,2010-08-06 00:00:00,40,2010-08-06 00:00:00,38,39.3,16,5600,220410,2010-08-06 00:00:00,1
2010-08-09 00:00:00,2010-08-09 00:00:00,38,2010-08-09 00:00:00,35.5,37.1,25,27700,1032990,2010-08-09 00:00:00,1
2010-08-10 00:00:00,2010-08-10 00:00:00,40.7,2010-08-10 00:00:00,33.7,40.1,51,53200,2008780,2010-08-10 00:00:00,1
2010-08-11 00:00:00,2010-08-11 00:00:00,42,2010-08-11 00:00:00,39.5,39.5,20,22100,889100,2010-08-11 00:00:00,1
2010-08-12 00:00:00,2010-08-12 00:00:00,41,2010-08-12 00:00:00,38,40.3,25,28600,1129550,2010-08-12 00:00:00,1
2010-08-13 00:00:00,2010-08-13 00:00:00,42.1,2010-08-13 00:00:00,41,41.1,73,122700,5078270,2010-08-13 00:00:00,1
2010-08-16 00:00:00,2010-08-16 00:00:00,41.5,2010-08-16 00:00:00,40,40.2,20,7800,314210,2010-08-16 00:00:00,1
2010-08-17 00:00:00,2010-08-17 00:00:00,40.1,2010-08-17 00:00:00,39.5,39.6,10,12100,483650,2010-08-17 00:00:00,1
2010-08-18 00:00:00,2010-08-18 00:00:00,43.5,2010-08-18 00:00:00,41.1,42.4,113,248200,10534360,2010-08-18 00:00:00,1
2010-08-19 00:00:00,2010-08-19 00:00:00,43,2010-08-19 00:00:00,41,42.1,37,49200,2086200,2010-08-19 00:00:00,1
2010-08-20 00:00:00,2010-08-20 00:00:00,44.5,2010-08-20 00:00:00,41.5,42.7,118,187000,8063660,2010-08-20 00:00:00,1
2010-08-23 00:00:00,2010-08-23 00:00:00,41.6,2010-08-23 00:00:00,41,41.2,11,4900,202370,2010-08-23 00:00:00,1
2010-08-25 00:00:00,2010-08-25 00:00:00,41.5,2010-08-25 00:00:00,41,41,30,50000,2051600,2010-08-25 00:00:00,1
2010-08-26 00:00:00,2010-08-26 00:00:00,41,2010-08-26 00:00:00,39.7,40,55,69300,2777750,2010-08-26 00:00:00,1
2010-08-27 00:00:00,2010-08-27 00:00:00,40,2010-08-27 00:00:00,39.6,40,11,11400,454880,2010-08-27 00:00:00,1
2010-08-30 00:00:00,2010-08-30 00:00:00,40.1,2010-08-30 00:00:00,39.6,39.8,10,4200,167410,2010-08-30 00:00:00,1
2010-08-31 00:00:00,2010-08-31 00:00:00,41.7,2010-08-31 00:00:00,39,39.1,15,18200,712270,2010-08-31 00:00:00,1
2010-09-01 00:00:00,2010-09-01 00:00:00,43,2010-09-01 00:00:00,40,40.7,17,12800,514120,2010-09-01 00:00:00,1
2010-09-02 00:00:00,2010-09-02 00:00:00,42,2010-09-02 00:00:00,39.9,40,34,105300,4214050,2010-09-02 00:00:00,1
2010-09-03 00:00:00,2010-09-03 00:00:00,42.5,2010-09-03 00:00:00,39.9,41.9,188,439000,18099570,2010-09-03 00:00:00,1
2010-09-06 00:00:00,2010-09-06 00:00:00,46,2010-09-06 00:00:00,44,46,388,745600,33910510,2010-09-06 00:00:00,1
2010-09-07 00:00:00,2010-09-07 00:00:00,49.5,2010-09-07 00:00:00,46,47.6,1068,1919300,92300610,2010-09-07 00:00:00,1
2010-09-08 00:00:00,2010-09-08 00:00:00,48.4,2010-09-08 00:00:00,46.5,47.3,297,483300,22798720,2010-09-08 00:00:00,1
2010-09-09 00:00:00,2010-09-09 00:00:00,47.5,2010-09-09 00:00:00,45,45.2,150,98000,4481980,2010-09-09 00:00:00,1
2010-09-13 00:00:00,2010-09-13 00:00:00,47,2010-09-13 00:00:00,44.5,44.8,177,271000,12264100,2010-09-13 00:00:00,1
2010-09-14 00:00:00,2010-09-14 00:00:00,46.2,2010-09-14 00:00:00,44.4,44.6,61,39100,1772250,2010-09-14 00:00:00,1
2010-09-15 00:00:00,2010-09-15 00:00:00,45,2010-09-15 00:00:00,42.6,44,102,129700,5700570,2010-09-15 00:00:00,1
2010-09-16 00:00:00,2010-09-16 00:00:00,45,2010-09-16 00:00:00,43.9,44.2,67,64700,2859810,2010-09-16 00:00:00,1
2010-09-17 00:00:00,2010-09-17 00:00:00,45.9,2010-09-17 00:00:00,43.1,45,114,155800,6963710,2010-09-17 00:00:00,1
2010-09-20 00:00:00,2010-09-20 00:00:00,46,2010-09-20 00:00:00,45,45.2,88,53700,2434040,2010-09-20 00:00:00,1
2010-09-21 00:00:00,2010-09-21 00:00:00,45.9,2010-09-21 00:00:00,45,45.5,126,183500,8294740,2010-09-21 00:00:00,1
2010-09-23 00:00:00,2010-09-23 00:00:00,46.5,2010-09-23 00:00:00,45.1,45.8,141,167800,7729760,2010-09-23 00:00:00,1
2010-09-24 00:00:00,2010-09-24 00:00:00,48.1,2010-09-24 00:00:00,45.5,47.7,352,606300,28460070,2010-09-24 00:00:00,1
2010-09-27 00:00:00,2010-09-27 00:00:00,48.7,2010-09-27 00:00:00,46,47.1,176,288200,13832860,2010-09-27 00:00:00,1
2010-09-28 00:00:00,2010-09-28 00:00:00,47.6,2010-09-28 00:00:00,45.1,46.4,120,169100,7862940,2010-09-28 00:00:00,1
2010-09-29 00:00:00,2010-09-29 00:00:00,56.1,2010-09-29 00:00:00,46,52.8,1377,2002400,103006140,2010-09-29 00:00:00,1
2010-09-30 00:00:00,2010-09-30 00:00:00,52.5,2010-09-30 00:00:00,46.2,50.3,313,490500,24541910,2010-09-30 00:00:00,1
2010-10-01 00:00:00,2010-10-01 00:00:00,52.2,2010-10-01 00:00:00,49.5,51,249,397400,20422810,2010-10-01 00:00:00,1
2010-10-04 00:00:00,2010-10-04 00:00:00,53,2010-10-04 00:00:00,50,50.2,204,225000,11623010,2010-10-04 00:00:00,1
2010-10-05 00:00:00,2010-10-05 00:00:00,51.2,2010-10-05 00:00:00,50,50.3,108,165600,8343850,2010-10-05 00:00:00,1
2010-10-06 00:00:00,2010-10-06 00:00:00,51.5,2010-10-06 00:00:00,48.6,49.2,76,104100,5265010,2010-10-06 00:00:00,1
2010-10-07 00:00:00,2010-10-07 00:00:00,49.6,2010-10-07 00:00:00,47.2,48,67,116700,5637430,2010-10-07 00:00:00,1
2010-10-08 00:00:00,2010-10-08 00:00:00,49.2,2010-10-08 00:00:00,46,48.9,80,84800,4036730,2010-10-08 00:00:00,1
2010-10-11 00:00:00,2010-10-11 00:00:00,53.9,2010-10-11 00:00:00,48,51.6,303,319700,16590020,2010-10-11 00:00:00,1
2010-10-12 00:00:00,2010-10-12 00:00:00,51.6,2010-10-12 00:00:00,48,48.8,155,241000,11965590,2010-10-12 00:00:00,1
2010-10-13 00:00:00,2010-10-13 00:00:00,50,2010-10-13 00:00:00,46.1,49.8,166,150900,7302040,2010-10-13 00:00:00,1
2010-10-14 00:00:00,2010-10-14 00:00:00,52.5,2010-10-14 00:00:00,49,49.9,215,227700,11586160,2010-10-14 00:00:00,1
2010-10-15 00:00:00,2010-10-15 00:00:00,50,2010-10-15 00:00:00,48.1,49,52,61900,3045150,2010-10-15 00:00:00,1
2010-10-18 00:00:00,2010-10-18 00:00:00,49.9,2010-10-18 00:00:00,48,48.9,61,79800,3889280,2010-10-18 00:00:00,1
2010-10-19 00:00:00,2010-10-19 00:00:00,49.7,2010-10-19 00:00:00,48.4,48.9,41,38600,1888060,2010-10-19 00:00:00,1
2010-10-20 00:00:00,2010-10-20 00:00:00,52.5,2010-10-20 00:00:00,48.6,49.7,38,29400,1467230,2010-10-20 00:00:00,1
2010-10-21 00:00:00,2010-10-21 00:00:00,49.9,2010-10-21 00:00:00,48.5,48.7,45,40000,1945850,2010-10-21 00:00:00,1
2010-10-25 00:00:00,2010-10-25 00:00:00,49,2010-10-25 00:00:00,48.4,48.6,25,31300,1523940,2010-10-25 00:00:00,1
2010-10-26 00:00:00,2010-10-26 00:00:00,48.6,2010-10-26 00:00:00,46.9,47.2,50,37800,1802260,2010-10-26 00:00:00,1
2010-10-27 00:00:00,2010-10-27 00:00:00,47.9,2010-10-27 00:00:00,46,46.4,38,17700,831860,2010-10-27 00:00:00,1
2010-10-28 00:00:00,2010-10-28 00:00:00,46.5,2010-10-28 00:00:00,45.5,46.1,20,11300,519750,2010-10-28 00:00:00,1
2010-10-29 00:00:00,2010-10-29 00:00:00,50.1,2010-10-29 00:00:00,47,50,190,266500,13265030,2010-10-29 00:00:00,1
2010-11-01 00:00:00,2010-11-01 00:00:00,51,2010-11-01 00:00:00,49.9,50,49,56700,2843670,2010-11-01 00:00:00,1
2010-11-02 00:00:00,2010-11-02 00:00:00,50,2010-11-02 00:00:00,48,50,64,74700,3734530,2010-11-02 00:00:00,1
2010-11-03 00:00:00,2010-11-03 00:00:00,50.3,2010-11-03 00:00:00,48.1,49.9,50,55300,2760770,2010-11-03 00:00:00,1
2010-11-04 00:00:00,2010-11-04 00:00:00,52,2010-11-04 00:00:00,48.2,51,179,159300,8040900,2010-11-04 00:00:00,1
2010-11-08 00:00:00,2010-11-08 00:00:00,50.1,2010-11-08 00:00:00,49.5,50,64,132100,6604600,2010-11-08 00:00:00,1
2010-11-09 00:00:00,2010-11-09 00:00:00,49.5,2010-11-09 00:00:00,48.1,48.4,10,6000,291870,2010-11-09 00:00:00,1
2010-11-10 00:00:00,2010-11-10 00:00:00,48.9,2010-11-10 00:00:00,48.5,48.9,30,77200,3763070,2010-11-10 00:00:00,1
2010-11-11 00:00:00,2010-11-11 00:00:00,52,2010-11-11 00:00:00,49.8,51.8,164,154500,7837710,2010-11-11 00:00:00,1
2010-11-12 00:00:00,2010-11-12 00:00:00,53,2010-11-12 00:00:00,51,51.2,179,224700,11724320,2010-11-12 00:00:00,1
2010-11-15 00:00:00,2010-11-15 00:00:00,51,2010-11-15 00:00:00,50,50,53,96600,4848050,2010-11-15 00:00:00,1
2010-11-16 00:00:00,2010-11-16 00:00:00,50,2010-11-16 00:00:00,49,49.8,28,26300,1311390,2010-11-16 00:00:00,1
2010-11-18 00:00:00,2010-11-18 00:00:00,51,2010-11-18 00:00:00,49.8,50.2,29,19800,994970,2010-11-18 00:00:00,1
2010-11-22 00:00:00,2010-11-22 00:00:00,51,2010-11-22 00:00:00,48.1,49.7,23,17100,850750,2010-11-22 00:00:00,1
2010-11-23 00:00:00,2010-11-23 00:00:00,50.1,2010-11-23 00:00:00,49,50,115,175100,8725880,2010-11-23 00:00:00,1
2010-11-24 00:00:00,2010-11-24 00:00:00,51.6,2010-11-24 00:00:00,50,50,69,82300,4161450,2010-11-24 00:00:00,1
2010-11-25 00:00:00,2010-11-25 00:00:00,51,2010-11-25 00:00:00,50,50,35,51700,2586870,2010-11-25 00:00:00,1
2010-11-26 00:00:00,2010-11-26 00:00:00,50.5,2010-11-26 00:00:00,49,49.1,25,26400,1312600,2010-11-26 00:00:00,1
2010-11-29 00:00:00,2010-11-29 00:00:00,50,2010-11-29 00:00:00,49,49,41,287400,14125610,2010-11-29 00:00:00,1
2010-11-30 00:00:00,2010-11-30 00:00:00,55,2010-11-30 00:00:00,50.1,54.3,416,723800,38386090,2010-11-30 00:00:00,1
2010-12-01 00:00:00,2010-12-01 00:00:00,57,2010-12-01 00:00:00,54.9,55.6,240,372100,20880020,2010-12-01 00:00:00,1
2010-12-02 00:00:00,2010-12-02 00:00:00,56.6,2010-12-02 00:00:00,53,53.8,78,71400,3879950,2010-12-02 00:00:00,1
2010-12-03 00:00:00,2010-12-03 00:00:00,56.9,2010-12-03 00:00:00,52,56.2,265,328700,18337820,2010-12-03 00:00:00,1
2010-12-06 00:00:00,2010-12-06 00:00:00,57.4,2010-12-06 00:00:00,55,55.4,96,113300,6367710,2010-12-06 00:00:00,1
2010-12-07 00:00:00,2010-12-07 00:00:00,56,2010-12-07 00:00:00,55,55,28,37300,2059100,2010-12-07 00:00:00,1
2010-12-08 00:00:00,2010-12-08 00:00:00,54.5,2010-12-08 00:00:00,53.1,53.7,25,15500,831780,2010-12-08 00:00:00,1
2010-12-09 00:00:00,2010-12-09 00:00:00,53.8,2010-12-09 00:00:00,52,53.2,45,82200,4358930,2010-12-09 00:00:00,1
2010-12-10 00:00:00,2010-12-10 00:00:00,53.8,2010-12-10 00:00:00,52.8,53.5,32,50400,2679790,2010-12-10 00:00:00,1
2010-12-13 00:00:00,2010-12-13 00:00:00,53.9,2010-12-13 00:00:00,53,53.9,9,16800,905300,2010-12-13 00:00:00,1
2010-12-14 00:00:00,2010-12-14 00:00:00,53.1,2010-12-14 00:00:00,52.4,53,10,9300,492400,2010-12-14 00:00:00,1
2010-12-15 00:00:00,2010-12-15 00:00:00,52.5,2010-12-15 00:00:00,51.8,51.9,11,16300,853050,2010-12-15 00:00:00,1
2010-12-16 00:00:00,2010-12-16 00:00:00,52.8,2010-12-16 00:00:00,52,52.3,21,19100,999380,2010-12-16 00:00:00,1
2010-12-17 00:00:00,2010-12-17 00:00:00,52,2010-12-17 00:00:00,51.5,52,23,17300,898150,2010-12-17 00:00:00,1
2010-12-21 00:00:00,2010-12-21 00:00:00,53.5,2010-12-21 00:00:00,52,53.2,81,65700,3477300,2010-12-21 00:00:00,1
2010-12-22 00:00:00,2010-12-22 00:00:00,55.3,2010-12-22 00:00:00,53.5,54.8,130,118300,6463580,2010-12-22 00:00:00,1
2010-12-23 00:00:00,2010-12-23 00:00:00,56.5,2010-12-23 00:00:00,54.1,56,133,158600,8779910,2010-12-23 00:00:00,1
2010-12-24 00:00:00,2010-12-24 00:00:00,61.9,2010-12-24 00:00:00,56.5,61.4,596,876800,52626720,2010-12-24 00:00:00,1
2010-12-27 00:00:00,2010-12-27 00:00:00,62.9,2010-12-27 00:00:00,61,61.7,249,257400,15912730,2010-12-27 00:00:00,1
2010-12-28 00:00:00,2010-12-28 00:00:00,61,2010-12-28 00:00:00,59.5,59.7,75,55700,3346090,2010-12-28 00:00:00,1
2010-12-29 00:00:00,2010-12-29 00:00:00,59.8,2010-12-29 00:00:00,58.5,58.8,59,44800,2652180,2010-12-29 00:00:00,1
2010-12-30 00:00:00,2010-12-30 00:00:00,61.2,2010-12-30 00:00:00,58,60.5,148,212100,12689410,2010-12-30 00:00:00,1
2010-12-31 00:00:00,2010-12-31 00:00:00,65.5,2010-12-31 00:00:00,61.5,64.4,439,656200,41841290,2010-12-31 00:00:00,1
Company Id :  COCO,,Security Type :  R,,Sub Type :  0000,,,,,,
Short Name :  COCO LANKA,,,,,,,,,,
Day,Date High,High,Date Low,Low,Closing,No. of Trades,No. of Shares,Turnover,Last Traded,Days Traded
2010-02-12 00:00:00,2010-02-12 00:00:00,3.6,2010-02-12 00:00:00,1,3.5,36,48800,129110,2010-02-12 00:00:00,1
2010-02-15 00:00:00,2010-02-15 00:00:00,3.5,2010-02-15 00:00:00,2,2.1,57,116500,258130,2010-02-15 00:00:00,1
2010-02-16 00:00:00,2010-02-16 00:00:00,3.1,2010-02-16 00:00:00,2,2.4,123,214400,468710,2010-02-16 00:00:00,1
Company Id :  COCO,,Security Type :  R,,Sub Type :  0001,,,,,,
Short Name :  COCO LANKA,,,,,,,,,,
Day,Date High,High,Date Low,Low,Closing,No. of Trades,No. of Shares,Turnover,Last Traded,Days Traded
2010-02-12 00:00:00,2010-02-12 00:00:00,0.3,2010-02-12 00:00:00,0.3,0.3,1,800,240,2010-02-12 00:00:00,1
2010-02-15 00:00:00,2010-02-15 00:00:00,2.2,2010-02-15 00:00:00,0.3,2.1,17,37600,76510,2010-02-15 00:00:00,1
2010-02-16 00:00:00,2010-02-16 00:00:00,2.9,2010-02-16 00:00:00,1.9,2.3,58,26400,58220,2010-02-16 00:00:00,1
Company Id :  COCO,,Security Type :  X,,Sub Type :  0000,,,,,,
Short Name :  COCO LANKA,,,,,,,,,,
Day,Date High,High,Date Low,Low,Closing,No. of Trades,No. of Shares,Turnover,Last Traded,Days Traded
2010-03-08 00:00:00,2010-03-08 00:00:00,33,2010-03-08 00:00:00,29.5,30,127,102700,3188475,2010-03-08 00:00:00,1
2010-03-09 00:00:00,2010-03-09 00:00:00,31,2010-03-09 00:00:00,29,30.75,36,38200,1151050,2010-03-09 00:00:00,1
2010-03-10 00:00:00,2010-03-10 00:00:00,31.5,2010-03-10 00:00:00,30.5,31.5,45,31900,995825,2010-03-10 00:00:00,1
2010-03-11 00:00:00,2010-03-11 00:00:00,35,2010-03-11 00:00:00,31.5,33.75,144,155200,5283025,2010-03-11 00:00:00,1
2010-03-12 00:00:00,2010-03-12 00:00:00,35.5,2010-03-12 00:00:00,34,34.5,96,103900,3626400,2010-03-12 00:00:00,1
2010-03-15 00:00:00,2010-03-15 00:00:00,35,2010-03-15 00:00:00,33.75,33.75,15,13100,444750,2010-03-15 00:00:00,1
2010-03-16 00:00:00,2010-03-16 00:00:00,35.5,2010-03-16 00:00:00,34,35.25,24,29200,1028875,2010-03-16 00:00:00,1
2010-03-17 00:00:00,2010-03-17 00:00:00,35.25,2010-03-17 00:00:00,35,35,2,600,21025,2010-03-17 00:00:00,1
2010-03-18 00:00:00,2010-03-18 00:00:00,33.75,2010-03-18 00:00:00,33.75,33.75,10,5000,168750,2010-03-18 00:00:00,1
2010-03-19 00:00:00,2010-03-19 00:00:00,33.75,2010-03-19 00:00:00,32,33,8,2200,72275,2010-03-19 00:00:00,1
2010-03-22 00:00:00,2010-03-22 00:00:00,32.5,2010-03-22 00:00:00,32.5,32.5,1,100,3250,2010-03-22 00:00:00,1
2010-03-23 00:00:00,2010-03-23 00:00:00,33.5,2010-03-23 00:00:00,33.5,33.5,1,100,3350,2010-03-23 00:00:00,1
2010-03-30 00:00:00,2010-03-30 00:00:00,33.5,2010-03-30 00:00:00,31.25,33.25,8,7700,254925,2010-03-30 00:00:00,1
2010-03-31 00:00:00,2010-03-31 00:00:00,31.5,2010-03-31 00:00:00,31.25,31.5,4,1300,40900,2010-03-31 00:00:00,1
2010-04-01 00:00:00,2010-04-01 00:00:00,33.25,2010-04-01 00:00:00,33.25,33.25,3,300,9975,2010-04-01 00:00:00,1
2010-04-05 00:00:00,2010-04-05 00:00:00,35,2010-04-05 00:00:00,33.5,34.75,27,9700,333725,2010-04-05 00:00:00,1
2010-04-06 00:00:00,2010-04-06 00:00:00,37,2010-04-06 00:00:00,35,35.25,48,29500,1040075,2010-04-06 00:00:00,1
2010-04-07 00:00:00,2010-04-07 00:00:00,37,2010-04-07 00:00:00,35,35,35,57800,2095500,2010-04-07 00:00:00,1
2010-04-08 00:00:00,2010-04-08 00:00:00,36.5,2010-04-08 00:00:00,36.5,36.5,1,500,18250,2010-04-08 00:00:00,1
2010-04-12 00:00:00,2010-04-12 00:00:00,37.5,2010-04-12 00:00:00,34,34,5,11400,425275,2010-04-12 00:00:00,1
2010-04-15 00:00:00,2010-04-15 00:00:00,35,2010-04-15 00:00:00,34,34,4,2200,75150,2010-04-15 00:00:00,1
2010-04-16 00:00:00,2010-04-16 00:00:00,36.5,2010-04-16 00:00:00,33,34,17,48800,1663775,2010-04-16 00:00:00,1
2010-04-19 00:00:00,2010-04-19 00:00:00,36.5,2010-04-19 00:00:00,36,36.25,15,20600,743875,2010-04-19 00:00:00,1
2010-04-20 00:00:00,2010-04-20 00:00:00,36.5,2010-04-20 00:00:00,35.25,35.25,13,22600,808925,2010-04-20 00:00:00,1
2010-04-21 00:00:00,2010-04-21 00:00:00,36,2010-04-21 00:00:00,36,36,1,1500,54000,2010-04-21 00:00:00,1
2010-04-22 00:00:00,2010-04-22 00:00:00,36.75,2010-04-22 00:00:00,34.5,36.75,8,20200,741375,2010-04-22 00:00:00,1
2010-04-23 00:00:00,2010-04-23 00:00:00,35.5,2010-04-23 00:00:00,35.5,35.5,1,2000,71000,2010-04-23 00:00:00,1
2010-04-26 00:00:00,2010-04-26 00:00:00,34.75,2010-04-26 00:00:00,34.75,34.75,3,700,24325,2010-04-26 00:00:00,1
2010-04-27 00:00:00,2010-04-27 00:00:00,34.75,2010-04-27 00:00:00,34.25,34.75,3,5500,190625,2010-04-27 00:00:00,1
2010-04-29 00:00:00,2010-04-29 00:00:00,36,2010-04-29 00:00:00,35,35,11,23200,823200,2010-04-29 00:00:00,1
2010-04-30 00:00:00,2010-04-30 00:00:00,34,2010-04-30 00:00:00,34,34,1,2000,68000,2010-04-30 00:00:00,1
2010-05-03 00:00:00,2010-05-03 00:00:00,34.75,2010-05-03 00:00:00,33.5,33.5,8,1900,64375,2010-05-03 00:00:00,1
2010-05-04 00:00:00,2010-05-04 00:00:00,33,2010-05-04 00:00:00,32.75,32.75,10,9100,298900,2010-05-04 00:00:00,1
2010-05-05 00:00:00,2010-05-05 00:00:00,32.75,2010-05-05 00:00:00,32.75,32.75,3,700,22925,2010-05-05 00:00:00,1
2010-05-06 00:00:00,2010-05-06 00:00:00,33,2010-05-06 00:00:00,32.5,32.5,3,1300,42350,2010-05-06 00:00:00,1
2010-05-07 00:00:00,2010-05-07 00:00:00,32.5,2010-05-07 00:00:00,32.5,32.5,4,10800,351000,2010-05-07 00:00:00,1
2010-05-10 00:00:00,2010-05-10 00:00:00,34.75,2010-05-10 00:00:00,34,34.25,19,19900,681475,2010-05-10 00:00:00,1
2010-05-11 00:00:00,2010-05-11 00:00:00,36,2010-05-11 00:00:00,34,34.5,27,34400,1223900,2010-05-11 00:00:00,1
2010-05-12 00:00:00,2010-05-12 00:00:00,34,2010-05-12 00:00:00,33.5,33.5,3,2500,84750,2010-05-12 00:00:00,1
2010-05-13 00:00:00,2010-05-13 00:00:00,33.5,2010-05-13 00:00:00,33.5,33.5,1,100,3350,2010-05-13 00:00:00,1
2010-05-14 00:00:00,2010-05-14 00:00:00,34,2010-05-14 00:00:00,33.25,33.25,8,5700,190075,2010-05-14 00:00:00,1
2010-05-17 00:00:00,2010-05-17 00:00:00,33.5,2010-05-17 00:00:00,33.25,33.25,3,4200,140025,2010-05-17 00:00:00,1
2010-05-18 00:00:00,2010-05-18 00:00:00,33,2010-05-18 00:00:00,33,33,1,100,3300,2010-05-18 00:00:00,1
2010-05-19 00:00:00,2010-05-19 00:00:00,33,2010-05-19 00:00:00,33,33,4,1500,49500,2010-05-19 00:00:00,1
2010-05-20 00:00:00,2010-05-20 00:00:00,33,2010-05-20 00:00:00,33,33,3,1200,39600,2010-05-20 00:00:00,1
2010-05-21 00:00:00,2010-05-21 00:00:00,33,2010-05-21 00:00:00,33,33,1,300,9900,2010-05-21 00:00:00,1
2010-05-24 00:00:00,2010-05-24 00:00:00,33,2010-05-24 00:00:00,33,33,1,100,3300,2010-05-24 00:00:00,1
2010-05-26 00:00:00,2010-05-26 00:00:00,35.5,2010-05-26 00:00:00,32,34.75,14,8100,280675,2010-05-26 00:00:00,1
2010-05-31 00:00:00,2010-05-31 00:00:00,34,2010-05-31 00:00:00,31.75,32,14,15500,498425,2010-05-31 00:00:00,1
2010-06-01 00:00:00,2010-06-01 00:00:00,32,2010-06-01 00:00:00,32,32,3,1200,38400,2010-06-01 00:00:00,1
2010-06-02 00:00:00,2010-06-02 00:00:00,32,2010-06-02 00:00:00,32,32,1,400,12800,2010-06-02 00:00:00,1
2010-06-03 00:00:00,2010-06-03 00:00:00,33.5,2010-06-03 00:00:00,32,32.5,7,1400,45825,2010-06-03 00:00:00,1
2010-06-04 00:00:00,2010-06-04 00:00:00,34,2010-06-04 00:00:00,34,34,4,900,30600,2010-06-04 00:00:00,1
2010-06-07 00:00:00,2010-06-07 00:00:00,34,2010-06-07 00:00:00,34,34,1,100,3400,2010-06-07 00:00:00,1
2010-06-08 00:00:00,2010-06-08 00:00:00,32.5,2010-06-08 00:00:00,32.5,32.5,1,200,6500,2010-06-08 00:00:00,1
2010-06-09 00:00:00,2010-06-09 00:00:00,33,2010-06-09 00:00:00,32.5,32.5,3,400,13075,2010-06-09 00:00:00,1
2010-06-10 00:00:00,2010-06-10 00:00:00,33,2010-06-10 00:00:00,33,33,3,8000,264000,2010-06-10 00:00:00,1
2010-06-11 00:00:00,2010-06-11 00:00:00,33.25,2010-06-11 00:00:00,33,33,7,5000,165275,2010-06-11 00:00:00,1
2010-06-14 00:00:00,2010-06-14 00:00:00,34,2010-06-14 00:00:00,33,33,8,3300,111100,2010-06-14 00:00:00,1
2010-06-15 00:00:00,2010-06-15 00:00:00,34.5,2010-06-15 00:00:00,34.5,34.5,3,700,24150,2010-06-15 00:00:00,1
2010-06-16 00:00:00,2010-06-16 00:00:00,35.5,2010-06-16 00:00:00,34.5,35.5,23,31900,1117325,2010-06-16 00:00:00,1
2010-06-17 00:00:00,2010-06-17 00:00:00,36,2010-06-17 00:00:00,35,35,21,35100,1251325,2010-06-17 00:00:00,1
2010-06-21 00:00:00,2010-06-21 00:00:00,35,2010-06-21 00:00:00,35,35,4,4700,164500,2010-06-21 00:00:00,1
2010-06-22 00:00:00,2010-06-22 00:00:00,34.5,2010-06-22 00:00:00,34.5,34.5,1,2200,75900,2010-06-22 00:00:00,1
2010-06-23 00:00:00,2010-06-23 00:00:00,36,2010-06-23 00:00:00,34.5,35.75,4,3000,107050,2010-06-23 00:00:00,1
2010-06-28 00:00:00,2010-06-28 00:00:00,35.5,2010-06-28 00:00:00,35.25,35.25,3,8800,312150,2010-06-28 00:00:00,1
2010-06-29 00:00:00,2010-06-29 00:00:00,34.5,2010-06-29 00:00:00,34.5,34.5,2,900,31050,2010-06-29 00:00:00,1
2010-06-30 00:00:00,2010-06-30 00:00:00,32.75,2010-06-30 00:00:00,32.75,32.75,1,5000,163750,2010-06-30 00:00:00,1
2010-07-05 00:00:00,2010-07-05 00:00:00,32.75,2010-07-05 00:00:00,32.5,32.5,3,3000,98000,2010-07-05 00:00:00,1
2010-07-06 00:00:00,2010-07-06 00:00:00,32,2010-07-06 00:00:00,32,32,2,800,25600,2010-07-06 00:00:00,1
2010-07-07 00:00:00,2010-07-07 00:00:00,32,2010-07-07 00:00:00,30.25,30.5,10,9000,276025,2010-07-07 00:00:00,1
2010-07-08 00:00:00,2010-07-08 00:00:00,32,2010-07-08 00:00:00,31,31,10,15700,487750,2010-07-08 00:00:00,1
2010-07-14 00:00:00,2010-07-14 00:00:00,31,2010-07-14 00:00:00,31,31,1,100,3100,2010-07-14 00:00:00,1
2010-07-15 00:00:00,2010-07-15 00:00:00,35,2010-07-15 00:00:00,34,34.75,10,6000,207225,2010-07-15 00:00:00,1
2010-07-16 00:00:00,2010-07-16 00:00:00,34.75,2010-07-16 00:00:00,34.5,34.5,2,1000,34550,2010-07-16 00:00:00,1
2010-07-19 00:00:00,2010-07-19 00:00:00,33,2010-07-19 00:00:00,32.5,33,4,1900,62475,2010-07-19 00:00:00,1
2010-07-20 00:00:00,2010-07-20 00:00:00,35,2010-07-20 00:00:00,34.75,35,2,200,6975,2010-07-20 00:00:00,1
2010-07-21 00:00:00,2010-07-21 00:00:00,32.5,2010-07-21 00:00:00,32.5,32.5,3,1100,35750,2010-07-21 00:00:00,1
2010-07-22 00:00:00,2010-07-22 00:00:00,32.5,2010-07-22 00:00:00,32.5,32.5,9,4100,133250,2010-07-22 00:00:00,1
2010-07-23 00:00:00,2010-07-23 00:00:00,32.5,2010-07-23 00:00:00,32.5,32.5,1,700,22750,2010-07-23 00:00:00,1
2010-07-26 00:00:00,2010-07-26 00:00:00,33,2010-07-26 00:00:00,33,33,6,3400,112200,2010-07-26 00:00:00,1
2010-07-27 00:00:00,2010-07-27 00:00:00,33.75,2010-07-27 00:00:00,33.5,33.75,6,7800,263225,2010-07-27 00:00:00,1
2010-07-28 00:00:00,2010-07-28 00:00:00,35,2010-07-28 00:00:00,33.75,34.75,14,47800,1666125,2010-07-28 00:00:00,1
2010-07-29 00:00:00,2010-07-29 00:00:00,34.75,2010-07-29 00:00:00,33,34.5,7,2100,72275,2010-07-29 00:00:00,1
2010-07-30 00:00:00,2010-07-30 00:00:00,34.5,2010-07-30 00:00:00,34.5,34.5,14,8600,296700,2010-07-30 00:00:00,1
2010-08-02 00:00:00,2010-08-02 00:00:00,33,2010-08-02 00:00:00,33,33,2,900,29700,2010-08-02 00:00:00,1
2010-08-03 00:00:00,2010-08-03 00:00:00,33,2010-08-03 00:00:00,31.6,33,4,5900,190500,2010-08-03 00:00:00,1
2010-08-04 00:00:00,2010-08-04 00:00:00,34.5,2010-08-04 00:00:00,32.1,33.4,4,4900,166250,2010-08-04 00:00:00,1
2010-08-09 00:00:00,2010-08-09 00:00:00,30.5,2010-08-09 00:00:00,30.5,30.5,6,4300,131150,2010-08-09 00:00:00,1
2010-08-10 00:00:00,2010-08-10 00:00:00,30,2010-08-10 00:00:00,27.5,27.5,7,8800,242280,2010-08-10 00:00:00,1
2010-08-11 00:00:00,2010-08-11 00:00:00,30,2010-08-11 00:00:00,29,30,6,2600,76800,2010-08-11 00:00:00,1
2010-08-12 00:00:00,2010-08-12 00:00:00,32.9,2010-08-12 00:00:00,30,32.9,2,200,6290,2010-08-12 00:00:00,1
2010-08-13 00:00:00,2010-08-13 00:00:00,30.1,2010-08-13 00:00:00,30.1,30.1,1,100,3010,2010-08-13 00:00:00,1
2010-08-16 00:00:00,2010-08-16 00:00:00,33,2010-08-16 00:00:00,32.5,33,9,4300,141850,2010-08-16 00:00:00,1
2010-08-17 00:00:00,2010-08-17 00:00:00,36,2010-08-17 00:00:00,30.2,31.1,28,31700,971680,2010-08-17 00:00:00,1
2010-08-18 00:00:00,2010-08-18 00:00:00,33.4,2010-08-18 00:00:00,32,33,35,19600,643870,2010-08-18 00:00:00,1
2010-08-20 00:00:00,2010-08-20 00:00:00,34.9,2010-08-20 00:00:00,33,33,47,38400,1306710,2010-08-20 00:00:00,1
2010-08-23 00:00:00,2010-08-23 00:00:00,32,2010-08-23 00:00:00,32,32,1,100,3200,2010-08-23 00:00:00,1
2010-08-25 00:00:00,2010-08-25 00:00:00,35,2010-08-25 00:00:00,34.9,35,2,200,6990,2010-08-25 00:00:00,1
2010-08-26 00:00:00,2010-08-26 00:00:00,34,2010-08-26 00:00:00,32,33.1,25,14300,463960,2010-08-26 00:00:00,1
2010-08-27 00:00:00,2010-08-27 00:00:00,33,2010-08-27 00:00:00,32.2,32.3,5,2500,80740,2010-08-27 00:00:00,1
2010-08-30 00:00:00,2010-08-30 00:00:00,32,2010-08-30 00:00:00,32,32,2,2500,80000,2010-08-30 00:00:00,1
2010-08-31 00:00:00,2010-08-31 00:00:00,32,2010-08-31 00:00:00,31.1,31.3,8,3400,106540,2010-08-31 00:00:00,1
2010-09-01 00:00:00,2010-09-01 00:00:00,34,2010-09-01 00:00:00,33.7,33.7,3,1600,54230,2010-09-01 00:00:00,1
2010-09-02 00:00:00,2010-09-02 00:00:00,33.8,2010-09-02 00:00:00,33.5,33.7,11,4400,148140,2010-09-02 00:00:00,1
2010-09-03 00:00:00,2010-09-03 00:00:00,34.1,2010-09-03 00:00:00,33.7,34,30,13600,461920,2010-09-03 00:00:00,1
2010-09-06 00:00:00,2010-09-06 00:00:00,37.4,2010-09-06 00:00:00,34,37.4,130,174800,6389960,2010-09-06 00:00:00,1
2010-09-07 00:00:00,2010-09-07 00:00:00,41.1,2010-09-07 00:00:00,36.4,39.5,168,265700,10416220,2010-09-07 00:00:00,1
2010-09-08 00:00:00,2010-09-08 00:00:00,40.9,2010-09-08 00:00:00,38,38.3,32,31500,1225480,2010-09-08 00:00:00,1
2010-09-09 00:00:00,2010-09-09 00:00:00,37.7,2010-09-09 00:00:00,36.7,37.6,25,30000,1107600,2010-09-09 00:00:00,1
2010-09-13 00:00:00,2010-09-13 00:00:00,41,2010-09-13 00:00:00,38,38.7,33,58200,2307200,2010-09-13 00:00:00,1
2010-09-14 00:00:00,2010-09-14 00:00:00,38.9,2010-09-14 00:00:00,37,37.5,4,900,33990,2010-09-14 00:00:00,1
2010-09-15 00:00:00,2010-09-15 00:00:00,37,2010-09-15 00:00:00,36.5,37,12,6800,249300,2010-09-15 00:00:00,1
2010-09-16 00:00:00,2010-09-16 00:00:00,40.7,2010-09-16 00:00:00,37.1,39.9,24,56500,2227510,2010-09-16 00:00:00,1
2010-09-17 00:00:00,2010-09-17 00:00:00,41,2010-09-17 00:00:00,37.6,39.9,20,8900,362340,2010-09-17 00:00:00,1
2010-09-20 00:00:00,2010-09-20 00:00:00,40.7,2010-09-20 00:00:00,39.8,39.8,31,28600,1144900,2010-09-20 00:00:00,1
2010-09-21 00:00:00,2010-09-21 00:00:00,40,2010-09-21 00:00:00,39.8,39.8,27,31300,1247680,2010-09-21 00:00:00,1
2010-09-23 00:00:00,2010-09-23 00:00:00,40.9,2010-09-23 00:00:00,40.9,40.9,2,700,28630,2010-09-23 00:00:00,1
2010-09-24 00:00:00,2010-09-24 00:00:00,41.5,2010-09-24 00:00:00,40,40.7,39,96800,3967510,2010-09-24 00:00:00,1
2010-09-27 00:00:00,2010-09-27 00:00:00,41.9,2010-09-27 00:00:00,39.5,39.8,26,22200,916380,2010-09-27 00:00:00,1
2010-09-28 00:00:00,2010-09-28 00:00:00,40,2010-09-28 00:00:00,39.9,40,15,11500,459970,2010-09-28 00:00:00,1
2010-09-29 00:00:00,2010-09-29 00:00:00,50,2010-09-29 00:00:00,40.2,45.9,281,410600,18876930,2010-09-29 00:00:00,1
2010-09-30 00:00:00,2010-09-30 00:00:00,45,2010-09-30 00:00:00,41.4,42.6,53,57200,2443980,2010-09-30 00:00:00,1
2010-10-01 00:00:00,2010-10-01 00:00:00,45,2010-10-01 00:00:00,42,44,20,17800,788180,2010-10-01 00:00:00,1
2010-10-04 00:00:00,2010-10-04 00:00:00,48,2010-10-04 00:00:00,43,43,5,10200,449100,2010-10-04 00:00:00,1
2010-10-05 00:00:00,2010-10-05 00:00:00,41.5,2010-10-05 00:00:00,40.5,40.5,2,1100,45550,2010-10-05 00:00:00,1
2010-10-06 00:00:00,2010-10-06 00:00:00,40.7,2010-10-06 00:00:00,40,40.5,6,3500,141810,2010-10-06 00:00:00,1
2010-10-07 00:00:00,2010-10-07 00:00:00,39,2010-10-07 00:00:00,36.5,36.6,14,20000,731970,2010-10-07 00:00:00,1
2010-10-11 00:00:00,2010-10-11 00:00:00,40.1,2010-10-11 00:00:00,39,40.1,8,4700,188250,2010-10-11 00:00:00,1
2010-10-12 00:00:00,2010-10-12 00:00:00,40.5,2010-10-12 00:00:00,39.2,39.9,13,9600,385240,2010-10-12 00:00:00,1
2010-10-14 00:00:00,2010-10-14 00:00:00,40.1,2010-10-14 00:00:00,40,40,5,1700,68050,2010-10-14 00:00:00,1
2010-10-15 00:00:00,2010-10-15 00:00:00,40.5,2010-10-15 00:00:00,40,40.2,4,700,28110,2010-10-15 00:00:00,1
2010-10-21 00:00:00,2010-10-21 00:00:00,46.9,2010-10-21 00:00:00,40.2,40.2,4,4500,204740,2010-10-21 00:00:00,1
2010-10-25 00:00:00,2010-10-25 00:00:00,40.2,2010-10-25 00:00:00,40.2,40.2,2,300,12060,2010-10-25 00:00:00,1
2010-10-27 00:00:00,2010-10-27 00:00:00,42,2010-10-27 00:00:00,37.1,40.1,13,4500,177740,2010-10-27 00:00:00,1
2010-10-29 00:00:00,2010-10-29 00:00:00,41.8,2010-10-29 00:00:00,38,41.1,4,9800,398120,2010-10-29 00:00:00,1
2010-11-01 00:00:00,2010-11-01 00:00:00,42,2010-11-01 00:00:00,41.1,41.3,6,6500,268370,2010-11-01 00:00:00,1
2010-11-02 00:00:00,2010-11-02 00:00:00,38,2010-11-02 00:00:00,38,38,1,300,11400,2010-11-02 00:00:00,1
2010-11-03 00:00:00,2010-11-03 00:00:00,41,2010-11-03 00:00:00,41,41,6,5000,205000,2010-11-03 00:00:00,1
2010-11-04 00:00:00,2010-11-04 00:00:00,42.4,2010-11-04 00:00:00,39.1,41.6,19,13400,557310,2010-11-04 00:00:00,1
2010-11-08 00:00:00,2010-11-08 00:00:00,40.5,2010-11-08 00:00:00,40,40.3,4,4000,160500,2010-11-08 00:00:00,1
2010-11-09 00:00:00,2010-11-09 00:00:00,40,2010-11-09 00:00:00,40,40,3,1800,72000,2010-11-09 00:00:00,1
2010-11-10 00:00:00,2010-11-10 00:00:00,40,2010-11-10 00:00:00,39,39.5,11,5500,218750,2010-11-10 00:00:00,1
2010-11-11 00:00:00,2010-11-11 00:00:00,42.9,2010-11-11 00:00:00,36.5,42.6,45,46400,1962470,2010-11-11 00:00:00,1
2010-11-12 00:00:00,2010-11-12 00:00:00,45,2010-11-12 00:00:00,42.9,43.9,83,140200,6195700,2010-11-12 00:00:00,1
2010-11-15 00:00:00,2010-11-15 00:00:00,42.9,2010-11-15 00:00:00,42.9,42.9,8,9500,407550,2010-11-15 00:00:00,1
2010-11-16 00:00:00,2010-11-16 00:00:00,41,2010-11-16 00:00:00,40.6,41,5,12000,487320,2010-11-16 00:00:00,1
2010-11-18 00:00:00,2010-11-18 00:00:00,41,2010-11-18 00:00:00,40.9,41,5,2000,81990,2010-11-18 00:00:00,1
2010-11-22 00:00:00,2010-11-22 00:00:00,42,2010-11-22 00:00:00,42,42,4,5000,210000,2010-11-22 00:00:00,1
2010-11-23 00:00:00,2010-11-23 00:00:00,42,2010-11-23 00:00:00,42,42,13,20100,844200,2010-11-23 00:00:00,1
2010-11-24 00:00:00,2010-11-24 00:00:00,43,2010-11-24 00:00:00,42,42.5,4,3000,127500,2010-11-24 00:00:00,1
2010-11-25 00:00:00,2010-11-25 00:00:00,40.1,2010-11-25 00:00:00,40.1,40.1,4,2400,96240,2010-11-25 00:00:00,1
2010-11-29 00:00:00,2010-11-29 00:00:00,42,2010-11-29 00:00:00,39,39,5,800,32300,2010-11-29 00:00:00,1
2010-11-30 00:00:00,2010-11-30 00:00:00,44.9,2010-11-30 00:00:00,41,44.5,21,17200,739750,2010-11-30 00:00:00,1
2010-12-01 00:00:00,2010-12-01 00:00:00,45.9,2010-12-01 00:00:00,45,45,11,6800,307890,2010-12-01 00:00:00,1
2010-12-02 00:00:00,2010-12-02 00:00:00,43,2010-12-02 00:00:00,43,43,4,1600,68800,2010-12-02 00:00:00,1
2010-12-03 00:00:00,2010-12-03 00:00:00,45.5,2010-12-03 00:00:00,42.2,44.6,21,15700,691940,2010-12-03 00:00:00,1
2010-12-06 00:00:00,2010-12-06 00:00:00,47,2010-12-06 00:00:00,43.6,43.6,11,8600,396110,2010-12-06 00:00:00,1
2010-12-09 00:00:00,2010-12-09 00:00:00,43,2010-12-09 00:00:00,43,43,4,2100,90300,2010-12-09 00:00:00,1
2010-12-13 00:00:00,2010-12-13 00:00:00,40.5,2010-12-13 00:00:00,40.5,40.5,1,200,8100,2010-12-13 00:00:00,1
2010-12-14 00:00:00,2010-12-14 00:00:00,40.8,2010-12-14 00:00:00,40.7,40.8,2,2000,81500,2010-12-14 00:00:00,1
2010-12-17 00:00:00,2010-12-17 00:00:00,41.3,2010-12-17 00:00:00,41.3,41.3,12,22900,945770,2010-12-17 00:00:00,1
2010-12-21 00:00:00,2010-12-21 00:00:00,43.5,2010-12-21 00:00:00,42.5,43.1,3,2800,120000,2010-12-21 00:00:00,1
2010-12-22 00:00:00,2010-12-22 00:00:00,45,2010-12-22 00:00:00,43,44,9,11100,496600,2010-12-22 00:00:00,1
2010-12-23 00:00:00,2010-12-23 00:00:00,45.5,2010-12-23 00:00:00,44.9,45.1,19,13800,621560,2010-12-23 00:00:00,1
2010-12-24 00:00:00,2010-12-24 00:00:00,54,2010-12-24 00:00:00,46,50.9,236,227100,11372800,2010-12-24 00:00:00,1
2010-12-27 00:00:00,2010-12-27 00:00:00,53,2010-12-27 00:00:00,49,49.5,111,84800,4332200,2010-12-27 00:00:00,1
2010-12-28 00:00:00,2010-12-28 00:00:00,51,2010-12-28 00:00:00,49,49.2,18,12200,607100,2010-12-28 00:00:00,1
2010-12-29 00:00:00,2010-12-29 00:00:00,49.2,2010-12-29 00:00:00,47,48.6,16,16800,795220,2010-12-29 00:00:00,1
2010-12-30 00:00:00,2010-12-30 00:00:00,49.9,2010-12-30 00:00:00,47,48.1,21,9600,462930,2010-12-30 00:00:00,1
2010-12-31 00:00:00,2010-12-31 00:00:00,53.5,2010-12-31 00:00:00,49.9,51.9,123,99900,5168020,2010-12-31 00:00:00,1
Company Id :  COLO,,Security Type :  N,,Sub Type :  0000,,,,,,
Short Name :  COLONIALMTR,,,,,,,,,,
Day,Date High,High,Date Low,Low,Closing,No. of Trades,No. of Shares,Turnover,Last Traded,Days Traded
2010-01-04 00:00:00,2010-01-04 00:00:00,45,2010-01-04 00:00:00,43,43,21,51100,2283525,2010-01-04 00:00:00,1
2010-01-05 00:00:00,2010-01-05 00:00:00,43,2010-01-05 00:00:00,42.75,43,2,9700,417075,2010-01-05 00:00:00,1
2010-01-06 00:00:00,2010-01-06 00:00:00,41.5,2010-01-06 00:00:00,41.5,41.5,1,500,20750,2010-01-06 00:00:00,1
2010-01-13 00:00:00,2010-01-13 00:00:00,41,2010-01-13 00:00:00,41,41,1,500,20500,2010-01-13 00:00:00,1
2010-01-18 00:00:00,2010-01-18 00:00:00,42.25,2010-01-18 00:00:00,40,40,11,4500,181175,2010-01-18 00:00:00,1
2010-01-22 00:00:00,2010-01-22 00:00:00,43,2010-01-22 00:00:00,40.25,40.25,3,700,28450,2010-01-22 00:00:00,1
2010-01-26 00:00:00,2010-01-26 00:00:00,43,2010-01-26 00:00:00,43,43,1,100,4300,2010-01-26 00:00:00,1
2010-02-01 00:00:00,2010-02-01 00:00:00,44,2010-02-01 00:00:00,41,43.5,6,29500,1271900,2010-02-01 00:00:00,1
2010-02-02 00:00:00,2010-02-02 00:00:00,47,2010-02-02 00:00:00,43,46,74,130100,5867400,2010-02-02 00:00:00,1
2010-02-03 00:00:00,2010-02-03 00:00:00,51.75,2010-02-03 00:00:00,46,50.75,115,128000,6315300,2010-02-03 00:00:00,1
2010-02-05 00:00:00,2010-02-05 00:00:00,50,2010-02-05 00:00:00,49,49.25,15,7600,374025,2010-02-05 00:00:00,1
2010-02-08 00:00:00,2010-02-08 00:00:00,49,2010-02-08 00:00:00,47.5,47.5,10,18700,910225,2010-02-08 00:00:00,1
2010-02-09 00:00:00,2010-02-09 00:00:00,47.5,2010-02-09 00:00:00,45,46,4,10800,497500,2010-02-09 00:00:00,1
2010-02-10 00:00:00,2010-02-10 00:00:00,47,2010-02-10 00:00:00,46,47,13,45000,2093625,2010-02-10 00:00:00,1
2010-02-11 00:00:00,2010-02-11 00:00:00,47,2010-02-11 00:00:00,45,47,9,21800,1021800,2010-02-11 00:00:00,1
2010-02-12 00:00:00,2010-02-12 00:00:00,45,2010-02-12 00:00:00,45,45,5,2200,99000,2010-02-12 00:00:00,1
2010-02-16 00:00:00,2010-02-16 00:00:00,47,2010-02-16 00:00:00,45,46.75,14,32500,1503700,2010-02-16 00:00:00,1
2010-02-17 00:00:00,2010-02-17 00:00:00,49.25,2010-02-17 00:00:00,46.75,48.25,34,131500,6325175,2010-02-17 00:00:00,1
2010-02-18 00:00:00,2010-02-18 00:00:00,53,2010-02-18 00:00:00,48.5,51.25,48,45200,2315650,2010-02-18 00:00:00,1
2010-02-19 00:00:00,2010-02-19 00:00:00,57,2010-02-19 00:00:00,51,54,178,334100,18425175,2010-02-19 00:00:00,1
2010-02-22 00:00:00,2010-02-22 00:00:00,55,2010-02-22 00:00:00,54,54,51,105400,5704900,2010-02-22 00:00:00,1
2010-02-23 00:00:00,2010-02-23 00:00:00,63.5,2010-02-23 00:00:00,54,62,193,295200,17704075,2010-02-23 00:00:00,1
2010-02-24 00:00:00,2010-02-24 00:00:00,75,2010-02-24 00:00:00,64,72.25,403,1124700,79008825,2010-02-24 00:00:00,1
2010-02-25 00:00:00,2010-02-25 00:00:00,81.5,2010-02-25 00:00:00,73.5,76.5,358,218900,17172200,2010-02-25 00:00:00,1
2010-02-26 00:00:00,2010-02-26 00:00:00,82,2010-02-26 00:00:00,77,80,116,78300,6237425,2010-02-26 00:00:00,1
2010-03-01 00:00:00,2010-03-01 00:00:00,84.75,2010-03-01 00:00:00,79,79.75,93,60900,4949000,2010-03-01 00:00:00,1
2010-03-02 00:00:00,2010-03-02 00:00:00,78,2010-03-02 00:00:00,74.5,75,51,24300,1849675,2010-03-02 00:00:00,1
2010-03-03 00:00:00,2010-03-03 00:00:00,81,2010-03-03 00:00:00,75,79.5,37,53400,4211400,2010-03-03 00:00:00,1
2010-03-04 00:00:00,2010-03-04 00:00:00,78,2010-03-04 00:00:00,76.5,76.75,19,22200,1704475,2010-03-04 00:00:00,1
2010-03-05 00:00:00,2010-03-05 00:00:00,77,2010-03-05 00:00:00,76,77,14,20200,1555275,2010-03-05 00:00:00,1
2010-03-08 00:00:00,2010-03-08 00:00:00,79.5,2010-03-08 00:00:00,78,79,8,14200,1123000,2010-03-08 00:00:00,1
2010-03-09 00:00:00,2010-03-09 00:00:00,79.25,2010-03-09 00:00:00,76.5,76.5,4,6600,521675,2010-03-09 00:00:00,1
2010-03-10 00:00:00,2010-03-10 00:00:00,75,2010-03-10 00:00:00,75,75,3,9600,720000,2010-03-10 00:00:00,1
2010-03-11 00:00:00,2010-03-11 00:00:00,78.5,2010-03-11 00:00:00,77.75,77.75,2,300,23475,2010-03-11 00:00:00,1
2010-03-12 00:00:00,2010-03-12 00:00:00,77.5,2010-03-12 00:00:00,77,77.5,3,2100,162700,2010-03-12 00:00:00,1
2010-03-16 00:00:00,2010-03-16 00:00:00,71.25,2010-03-16 00:00:00,68.5,69.75,11,12400,866350,2010-03-16 00:00:00,1
2010-03-17 00:00:00,2010-03-17 00:00:00,76,2010-03-17 00:00:00,74.75,75.25,2,300,22550,2010-03-17 00:00:00,1
2010-03-19 00:00:00,2010-03-19 00:00:00,70.25,2010-03-19 00:00:00,70,70,22,77800,5447300,2010-03-19 00:00:00,1
2010-03-22 00:00:00,2010-03-22 00:00:00,70,2010-03-22 00:00:00,70,70,2,10800,756000,2010-03-22 00:00:00,1
2010-03-23 00:00:00,2010-03-23 00:00:00,73.5,2010-03-23 00:00:00,70,70,3,300,21650,2010-03-23 00:00:00,1
2010-03-24 00:00:00,2010-03-24 00:00:00,66.25,2010-03-24 00:00:00,66.25,66.25,2,1500,99375,2010-03-24 00:00:00,1
2010-03-25 00:00:00,2010-03-25 00:00:00,73,2010-03-25 00:00:00,69.75,70,12,2100,147450,2010-03-25 00:00:00,1
2010-03-26 00:00:00,2010-03-26 00:00:00,70,2010-03-26 00:00:00,70,70,7,1300,91000,2010-03-26 00:00:00,1
2010-03-30 00:00:00,2010-03-30 00:00:00,70.25,2010-03-30 00:00:00,68,68.25,26,18000,1259075,2010-03-30 00:00:00,1
2010-03-31 00:00:00,2010-03-31 00:00:00,68,2010-03-31 00:00:00,66.25,66.25,2,1500,99725,2010-03-31 00:00:00,1
2010-04-01 00:00:00,2010-04-01 00:00:00,70.25,2010-04-01 00:00:00,70,70.25,3,2400,168025,2010-04-01 00:00:00,1
2010-04-05 00:00:00,2010-04-05 00:00:00,70.25,2010-04-05 00:00:00,70,70,9,8900,623500,2010-04-05 00:00:00,1
2010-04-06 00:00:00,2010-04-06 00:00:00,76,2010-04-06 00:00:00,70.25,75,47,44000,3248750,2010-04-06 00:00:00,1
2010-04-07 00:00:00,2010-04-07 00:00:00,80,2010-04-07 00:00:00,75,78.5,5,1100,85200,2010-04-07 00:00:00,1
2010-04-08 00:00:00,2010-04-08 00:00:00,78,2010-04-08 00:00:00,78,78,1,100,7800,2010-04-08 00:00:00,1
2010-04-12 00:00:00,2010-04-12 00:00:00,79.75,2010-04-12 00:00:00,78,79.5,3,1500,119325,2010-04-12 00:00:00,1
2010-04-15 00:00:00,2010-04-15 00:00:00,80,2010-04-15 00:00:00,76,76,16,6000,477150,2010-04-15 00:00:00,1
2010-04-16 00:00:00,2010-04-16 00:00:00,80,2010-04-16 00:00:00,79,79.5,10,9900,787850,2010-04-16 00:00:00,1
2010-04-19 00:00:00,2010-04-19 00:00:00,80,2010-04-19 00:00:00,80,80,2,2500,200000,2010-04-19 00:00:00,1
2010-04-20 00:00:00,2010-04-20 00:00:00,79.5,2010-04-20 00:00:00,79,79.25,3,1400,110800,2010-04-20 00:00:00,1
2010-04-21 00:00:00,2010-04-21 00:00:00,73,2010-04-21 00:00:00,73,73,1,500,36500,2010-04-21 00:00:00,1
2010-04-22 00:00:00,2010-04-22 00:00:00,73.5,2010-04-22 00:00:00,71,72,8,7900,570600,2010-04-22 00:00:00,1
2010-04-23 00:00:00,2010-04-23 00:00:00,73.5,2010-04-23 00:00:00,73.5,73.5,12,7500,551250,2010-04-23 00:00:00,1
2010-04-26 00:00:00,2010-04-26 00:00:00,73.25,2010-04-26 00:00:00,71,72.75,7,5600,408050,2010-04-26 00:00:00,1
2010-04-27 00:00:00,2010-04-27 00:00:00,72,2010-04-27 00:00:00,71,72,6,1600,114600,2010-04-27 00:00:00,1
2010-04-29 00:00:00,2010-04-29 00:00:00,72.75,2010-04-29 00:00:00,72.25,72.5,3,1400,101400,2010-04-29 00:00:00,1
2010-05-03 00:00:00,2010-05-03 00:00:00,72.25,2010-05-03 00:00:00,72,72.25,5,4900,353700,2010-05-03 00:00:00,1
2010-05-04 00:00:00,2010-05-04 00:00:00,70.25,2010-05-04 00:00:00,70.25,70.25,2,500,35125,2010-05-04 00:00:00,1
2010-05-05 00:00:00,2010-05-05 00:00:00,72,2010-05-05 00:00:00,70,70.25,13,19400,1374200,2010-05-05 00:00:00,1
2010-05-06 00:00:00,2010-05-06 00:00:00,72,2010-05-06 00:00:00,69.75,70,6,5100,357450,2010-05-06 00:00:00,1
2010-05-07 00:00:00,2010-05-07 00:00:00,70,2010-05-07 00:00:00,69.75,70,3,300,20975,2010-05-07 00:00:00,1
2010-05-12 00:00:00,2010-05-12 00:00:00,77.5,2010-05-12 00:00:00,70,76,14,30500,2302750,2010-05-12 00:00:00,1
2010-05-14 00:00:00,2010-05-14 00:00:00,80,2010-05-14 00:00:00,75,75.75,36,14400,1116150,2010-05-14 00:00:00,1
2010-05-17 00:00:00,2010-05-17 00:00:00,75,2010-05-17 00:00:00,71,71,5,600,43750,2010-05-17 00:00:00,1
2010-05-18 00:00:00,2010-05-18 00:00:00,71,2010-05-18 00:00:00,70,71,2,1100,78000,2010-05-18 00:00:00,1
2010-05-19 00:00:00,2010-05-19 00:00:00,71,2010-05-19 00:00:00,71,71,9,8600,610600,2010-05-19 00:00:00,1
2010-05-20 00:00:00,2010-05-20 00:00:00,75,2010-05-20 00:00:00,72.5,74.25,23,18600,1381800,2010-05-20 00:00:00,1
2010-05-21 00:00:00,2010-05-21 00:00:00,75,2010-05-21 00:00:00,75,75,4,400,30000,2010-05-21 00:00:00,1
2010-05-24 00:00:00,2010-05-24 00:00:00,78.25,2010-05-24 00:00:00,75,77,10,6700,510400,2010-05-24 00:00:00,1
2010-05-25 00:00:00,2010-05-25 00:00:00,80,2010-05-25 00:00:00,77.5,79.25,52,53700,4255600,2010-05-25 00:00:00,1
2010-05-26 00:00:00,2010-05-26 00:00:00,93.5,2010-05-26 00:00:00,80,91.75,181,214700,18568450,2010-05-26 00:00:00,1
2010-05-31 00:00:00,2010-05-31 00:00:00,111,2010-05-31 00:00:00,93.5,107.5,308,454100,44653725,2010-05-31 00:00:00,1
2010-06-01 00:00:00,2010-06-01 00:00:00,119.5,2010-06-01 00:00:00,110,116.5,179,130500,15012625,2010-06-01 00:00:00,1
2010-06-02 00:00:00,2010-06-02 00:00:00,126.25,2010-06-02 00:00:00,109,110.25,236,181800,21313550,2010-06-02 00:00:00,1
2010-06-03 00:00:00,2010-06-03 00:00:00,113,2010-06-03 00:00:00,109,109,12,12200,1361350,2010-06-03 00:00:00,1
2010-06-04 00:00:00,2010-06-04 00:00:00,113,2010-06-04 00:00:00,109.75,112.5,39,40600,4487025,2010-06-04 00:00:00,1
2010-06-07 00:00:00,2010-06-07 00:00:00,119.75,2010-06-07 00:00:00,112,118,53,64900,7444200,2010-06-07 00:00:00,1
2010-06-08 00:00:00,2010-06-08 00:00:00,118,2010-06-08 00:00:00,114,115.75,23,24800,2879600,2010-06-08 00:00:00,1
2010-06-09 00:00:00,2010-06-09 00:00:00,122,2010-06-09 00:00:00,118,119.75,36,34200,4097725,2010-06-09 00:00:00,1
2010-06-10 00:00:00,2010-06-10 00:00:00,119.75,2010-06-10 00:00:00,116.25,118,9,9000,1069875,2010-06-10 00:00:00,1
2010-06-11 00:00:00,2010-06-11 00:00:00,116.5,2010-06-11 00:00:00,116,116.5,4,4000,465750,2010-06-11 00:00:00,1
2010-06-14 00:00:00,2010-06-14 00:00:00,115.5,2010-06-14 00:00:00,112.25,112.25,9,4300,494925,2010-06-14 00:00:00,1
2010-06-15 00:00:00,2010-06-15 00:00:00,113,2010-06-15 00:00:00,112.25,112.25,11,2500,281325,2010-06-15 00:00:00,1
2010-06-16 00:00:00,2010-06-16 00:00:00,115.75,2010-06-16 00:00:00,112.5,115.75,4,2000,225950,2010-06-16 00:00:00,1
2010-06-21 00:00:00,2010-06-21 00:00:00,113,2010-06-21 00:00:00,113,113,1,300,33900,2010-06-21 00:00:00,1
2010-06-22 00:00:00,2010-06-22 00:00:00,111,2010-06-22 00:00:00,107.25,107.25,3,400,43650,2010-06-22 00:00:00,1
2010-06-23 00:00:00,2010-06-23 00:00:00,110,2010-06-23 00:00:00,106.5,108.25,5,500,54150,2010-06-23 00:00:00,1
2010-06-24 00:00:00,2010-06-24 00:00:00,110,2010-06-24 00:00:00,109,110,11,4000,438900,2010-06-24 00:00:00,1
2010-06-28 00:00:00,2010-06-28 00:00:00,109,2010-06-28 00:00:00,106.5,108.25,4,400,43150,2010-06-28 00:00:00,1
2010-06-29 00:00:00,2010-06-29 00:00:00,103,2010-06-29 00:00:00,95.25,99,22,11500,1138150,2010-06-29 00:00:00,1
2010-06-30 00:00:00,2010-06-30 00:00:00,95,2010-06-30 00:00:00,90.25,92,8,2500,232425,2010-06-30 00:00:00,1
2010-07-01 00:00:00,2010-07-01 00:00:00,95,2010-07-01 00:00:00,93,94.25,3,500,47100,2010-07-01 00:00:00,1
2010-07-02 00:00:00,2010-07-02 00:00:00,105,2010-07-02 00:00:00,99,100,8,10200,1020000,2010-07-02 00:00:00,1
2010-07-06 00:00:00,2010-07-06 00:00:00,110,2010-07-06 00:00:00,96,96,5,3000,316600,2010-07-06 00:00:00,1
2010-07-07 00:00:00,2010-07-07 00:00:00,95,2010-07-07 00:00:00,95,95,1,5000,475000,2010-07-07 00:00:00,1
2010-07-08 00:00:00,2010-07-08 00:00:00,92,2010-07-08 00:00:00,91,92,4,400,36700,2010-07-08 00:00:00,1
2010-07-09 00:00:00,2010-07-09 00:00:00,92,2010-07-09 00:00:00,90,90.5,10,8400,762400,2010-07-09 00:00:00,1
2010-07-12 00:00:00,2010-07-12 00:00:00,90,2010-07-12 00:00:00,90,90,3,5200,468000,2010-07-12 00:00:00,1
2010-07-13 00:00:00,2010-07-13 00:00:00,90,2010-07-13 00:00:00,90,90,1,100,9000,2010-07-13 00:00:00,1
2010-07-14 00:00:00,2010-07-14 00:00:00,95,2010-07-14 00:00:00,95,95,1,500,47500,2010-07-14 00:00:00,1
2010-07-15 00:00:00,2010-07-15 00:00:00,97,2010-07-15 00:00:00,97,97,1,200,19400,2010-07-15 00:00:00,1
2010-07-16 00:00:00,2010-07-16 00:00:00,100,2010-07-16 00:00:00,100,100,1,200,20000,2010-07-16 00:00:00,1
2010-07-19 00:00:00,2010-07-19 00:00:00,91.25,2010-07-19 00:00:00,91,91,6,2500,227600,2010-07-19 00:00:00,1
2010-07-21 00:00:00,2010-07-21 00:00:00,104,2010-07-21 00:00:00,100,100,12,4300,436825,2010-07-21 00:00:00,1
2010-07-22 00:00:00,2010-07-22 00:00:00,100,2010-07-22 00:00:00,100,100,4,1000,100000,2010-07-22 00:00:00,1
2010-07-27 00:00:00,2010-07-27 00:00:00,100,2010-07-27 00:00:00,100,100,3,300,30000,2010-07-27 00:00:00,1
2010-07-29 00:00:00,2010-07-29 00:00:00,110,2010-07-29 00:00:00,100,105,19,9800,1037275,2010-07-29 00:00:00,1
2010-07-30 00:00:00,2010-07-30 00:00:00,105,2010-07-30 00:00:00,105,105,2,2000,210000,2010-07-30 00:00:00,1
2010-08-03 00:00:00,2010-08-03 00:00:00,105,2010-08-03 00:00:00,105,105,4,1100,115500,2010-08-03 00:00:00,1
2010-08-04 00:00:00,2010-08-04 00:00:00,105,2010-08-04 00:00:00,104.9,105,2,200,20990,2010-08-04 00:00:00,1
2010-08-05 00:00:00,2010-08-05 00:00:00,105,2010-08-05 00:00:00,105,105,4,700,73500,2010-08-05 00:00:00,1
2010-08-06 00:00:00,2010-08-06 00:00:00,100,2010-08-06 00:00:00,94.5,94.8,7,10500,1024000,2010-08-06 00:00:00,1
2010-08-10 00:00:00,2010-08-10 00:00:00,100,2010-08-10 00:00:00,90,96.2,12,7800,743480,2010-08-10 00:00:00,1
2010-08-11 00:00:00,2010-08-11 00:00:00,100,2010-08-11 00:00:00,95,95.4,4,12000,1169750,2010-08-11 00:00:00,1
2010-08-12 00:00:00,2010-08-12 00:00:00,92,2010-08-12 00:00:00,92,92,1,100,9200,2010-08-12 00:00:00,1
2010-08-13 00:00:00,2010-08-13 00:00:00,101,2010-08-13 00:00:00,99,100.1,5,11200,1121130,2010-08-13 00:00:00,1
2010-08-16 00:00:00,2010-08-16 00:00:00,103,2010-08-16 00:00:00,100.9,101.4,6,3100,314170,2010-08-16 00:00:00,1
2010-08-17 00:00:00,2010-08-17 00:00:00,110,2010-08-17 00:00:00,103,108.5,7,3800,395900,2010-08-17 00:00:00,1
2010-08-18 00:00:00,2010-08-18 00:00:00,119.2,2010-08-18 00:00:00,108,119,57,22800,2690720,2010-08-18 00:00:00,1
2010-08-19 00:00:00,2010-08-19 00:00:00,124.9,2010-08-19 00:00:00,123,124,31,10700,1328080,2010-08-19 00:00:00,1
2010-08-20 00:00:00,2010-08-20 00:00:00,124,2010-08-20 00:00:00,123,123.9,43,32900,4072350,2010-08-20 00:00:00,1
2010-08-23 00:00:00,2010-08-23 00:00:00,128,2010-08-23 00:00:00,124,127.8,13,4100,518380,2010-08-23 00:00:00,1
2010-08-25 00:00:00,2010-08-25 00:00:00,140.5,2010-08-25 00:00:00,132,139.7,77,31300,4321950,2010-08-25 00:00:00,1
2010-08-26 00:00:00,2010-08-26 00:00:00,153.6,2010-08-26 00:00:00,140.5,151.8,84,38000,5576250,2010-08-26 00:00:00,1
2010-08-27 00:00:00,2010-08-27 00:00:00,166.9,2010-08-27 00:00:00,158,166.9,200,113900,18853110,2010-08-27 00:00:00,1
2010-08-30 00:00:00,2010-08-30 00:00:00,183.5,2010-08-30 00:00:00,180,180.9,170,62600,11375810,2010-08-30 00:00:00,1
2010-08-31 00:00:00,2010-08-31 00:00:00,185,2010-08-31 00:00:00,165,171.5,68,19600,3390480,2010-08-31 00:00:00,1
2010-09-01 00:00:00,2010-09-01 00:00:00,176,2010-09-01 00:00:00,166,166.9,25,7200,1226740,2010-09-01 00:00:00,1
2010-09-02 00:00:00,2010-09-02 00:00:00,165,2010-09-02 00:00:00,158,159.1,37,25500,4071670,2010-09-02 00:00:00,1
2010-09-03 00:00:00,2010-09-03 00:00:00,164.9,2010-09-03 00:00:00,150.1,159.7,29,11700,1832520,2010-09-03 00:00:00,1
2010-09-06 00:00:00,2010-09-06 00:00:00,160,2010-09-06 00:00:00,154,154.3,17,12600,1983180,2010-09-06 00:00:00,1
2010-09-07 00:00:00,2010-09-07 00:00:00,162.9,2010-09-07 00:00:00,156,161.3,24,13500,2144870,2010-09-07 00:00:00,1
2010-09-08 00:00:00,2010-09-08 00:00:00,169,2010-09-08 00:00:00,163,163.3,34,22100,3634480,2010-09-08 00:00:00,1
2010-09-09 00:00:00,2010-09-09 00:00:00,160,2010-09-09 00:00:00,160,160,11,4200,672000,2010-09-09 00:00:00,1
2010-09-13 00:00:00,2010-09-13 00:00:00,161,2010-09-13 00:00:00,156,158.5,33,20400,3203270,2010-09-13 00:00:00,1
2010-09-14 00:00:00,2010-09-14 00:00:00,157.9,2010-09-14 00:00:00,150,157.9,14,5900,906750,2010-09-14 00:00:00,1
2010-09-15 00:00:00,2010-09-15 00:00:00,160,2010-09-15 00:00:00,150,151.2,14,3200,501200,2010-09-15 00:00:00,1
2010-09-16 00:00:00,2010-09-16 00:00:00,166.3,2010-09-16 00:00:00,142,166.3,48,31300,5134850,2010-09-16 00:00:00,1
2010-09-17 00:00:00,2010-09-17 00:00:00,178,2010-09-17 00:00:00,170,171,50,35800,6283610,2010-09-17 00:00:00,1
2010-09-20 00:00:00,2010-09-20 00:00:00,175,2010-09-20 00:00:00,163,173.1,19,6000,1033500,2010-09-20 00:00:00,1
2010-09-21 00:00:00,2010-09-21 00:00:00,174,2010-09-21 00:00:00,169,170.3,19,13800,2352590,2010-09-21 00:00:00,1
2010-09-23 00:00:00,2010-09-23 00:00:00,165,2010-09-23 00:00:00,160,164.3,5,1800,296500,2010-09-23 00:00:00,1
2010-09-24 00:00:00,2010-09-24 00:00:00,169.9,2010-09-24 00:00:00,160,166,6,3000,496930,2010-09-24 00:00:00,1
2010-09-27 00:00:00,2010-09-27 00:00:00,165,2010-09-27 00:00:00,160,162.7,13,5400,885280,2010-09-27 00:00:00,1
2010-09-28 00:00:00,2010-09-28 00:00:00,160,2010-09-28 00:00:00,160,160,7,2300,368000,2010-09-28 00:00:00,1
2010-09-29 00:00:00,2010-09-29 00:00:00,165,2010-09-29 00:00:00,162,164.8,13,14300,2344950,2010-09-29 00:00:00,1
2010-09-30 00:00:00,2010-09-30 00:00:00,180,2010-09-30 00:00:00,85,170.3,68,38000,6440210,2010-09-30 00:00:00,1
2010-10-01 00:00:00,2010-10-01 00:00:00,188,2010-10-01 00:00:00,173.5,185.3,74,40200,7322680,2010-10-01 00:00:00,1
2010-10-04 00:00:00,2010-10-04 00:00:00,200.7,2010-10-04 00:00:00,180,198.7,60,44900,8751940,2010-10-04 00:00:00,1
2010-10-05 00:00:00,2010-10-05 00:00:00,217,2010-10-05 00:00:00,197.1,211.9,120,79200,16330280,2010-10-05 00:00:00,1
2010-10-06 00:00:00,2010-10-06 00:00:00,218.9,2010-10-06 00:00:00,212,216.4,47,44400,9639790,2010-10-06 00:00:00,1
2010-10-07 00:00:00,2010-10-07 00:00:00,217.9,2010-10-07 00:00:00,205,215.6,65,55600,11835940,2010-10-07 00:00:00,1
2010-10-08 00:00:00,2010-10-08 00:00:00,248,2010-10-08 00:00:00,215,240.4,85,44200,10338600,2010-10-08 00:00:00,1
2010-10-11 00:00:00,2010-10-11 00:00:00,280,2010-10-11 00:00:00,250,264.1,107,69900,18456940,2010-10-11 00:00:00,1
2010-10-12 00:00:00,2010-10-12 00:00:00,264,2010-10-12 00:00:00,225,231.4,53,23200,5412770,2010-10-12 00:00:00,1
2010-10-13 00:00:00,2010-10-13 00:00:00,245,2010-10-13 00:00:00,210,232.4,59,33700,7753140,2010-10-13 00:00:00,1
2010-10-14 00:00:00,2010-10-14 00:00:00,270,2010-10-14 00:00:00,235,240.5,29,14600,3675590,2010-10-14 00:00:00,1
2010-10-15 00:00:00,2010-10-15 00:00:00,255,2010-10-15 00:00:00,235,248.6,17,12200,2949510,2010-10-15 00:00:00,1
2010-10-18 00:00:00,2010-10-18 00:00:00,250,2010-10-18 00:00:00,245,248.3,46,33900,8428290,2010-10-18 00:00:00,1
2010-10-19 00:00:00,2010-10-19 00:00:00,258,2010-10-19 00:00:00,253.9,255.5,19,9500,2423870,2010-10-19 00:00:00,1
2010-10-20 00:00:00,2010-10-20 00:00:00,288.5,2010-10-20 00:00:00,255,277.1,70,39500,10944730,2010-10-20 00:00:00,1
2010-10-21 00:00:00,2010-10-21 00:00:00,302,2010-10-21 00:00:00,280,297.6,70,63400,18721330,2010-10-21 00:00:00,1
2010-10-25 00:00:00,2010-10-25 00:00:00,300,2010-10-25 00:00:00,275,296.9,75,63400,18756450,2010-10-25 00:00:00,1
2010-10-26 00:00:00,2010-10-26 00:00:00,304,2010-10-26 00:00:00,290,300.2,53,40700,12212650,2010-10-26 00:00:00,1
2010-10-27 00:00:00,2010-10-27 00:00:00,299,2010-10-27 00:00:00,299,299,3,1400,418600,2010-10-27 00:00:00,1
2010-10-29 00:00:00,2010-10-29 00:00:00,290,2010-10-29 00:00:00,280,286.6,29,24800,7090660,2010-10-29 00:00:00,1
2010-11-01 00:00:00,2010-11-01 00:00:00,295,2010-11-01 00:00:00,288,292.5,8,3800,1099000,2010-11-01 00:00:00,1
2010-11-02 00:00:00,2010-11-02 00:00:00,290,2010-11-02 00:00:00,290,290,2,300,87000,2010-11-02 00:00:00,1
2010-11-03 00:00:00,2010-11-03 00:00:00,285,2010-11-03 00:00:00,284.9,284.9,2,600,170950,2010-11-03 00:00:00,1
2010-11-04 00:00:00,2010-11-04 00:00:00,280,2010-11-04 00:00:00,280,280,1,100,28000,2010-11-04 00:00:00,1
2010-11-08 00:00:00,2010-11-08 00:00:00,270,2010-11-08 00:00:00,270,270,1,100,27000,2010-11-08 00:00:00,1
2010-11-09 00:00:00,2010-11-09 00:00:00,269,2010-11-09 00:00:00,260,264.5,2,200,52900,2010-11-09 00:00:00,1
2010-11-10 00:00:00,2010-11-10 00:00:00,267.9,2010-11-10 00:00:00,245,245,13,6100,1537410,2010-11-10 00:00:00,1
2010-11-11 00:00:00,2010-11-11 00:00:00,259,2010-11-11 00:00:00,250,258.9,16,6400,1629500,2010-11-11 00:00:00,1
2010-11-12 00:00:00,2010-11-12 00:00:00,260,2010-11-12 00:00:00,250,258.1,7,3100,795000,2010-11-12 00:00:00,1
2010-11-15 00:00:00,2010-11-15 00:00:00,279,2010-11-15 00:00:00,262.5,274.9,7,2200,588340,2010-11-15 00:00:00,1
2010-11-16 00:00:00,2010-11-16 00:00:00,260,2010-11-16 00:00:00,240,242.7,19,8800,2158270,2010-11-16 00:00:00,1
2010-11-18 00:00:00,2010-11-18 00:00:00,238,2010-11-18 00:00:00,230,235,17,6700,1571550,2010-11-18 00:00:00,1
2010-11-22 00:00:00,2010-11-22 00:00:00,235,2010-11-22 00:00:00,230,235,5,6800,1574100,2010-11-22 00:00:00,1
2010-11-23 00:00:00,2010-11-23 00:00:00,230,2010-11-23 00:00:00,220,225,5,1900,425600,2010-11-23 00:00:00,1
2010-11-24 00:00:00,2010-11-24 00:00:00,225,2010-11-24 00:00:00,225,225,1,400,90000,2010-11-24 00:00:00,1
2010-11-25 00:00:00,2010-11-25 00:00:00,220,2010-11-25 00:00:00,205,210,2,300,63000,2010-11-25 00:00:00,1
2010-11-26 00:00:00,2010-11-26 00:00:00,208,2010-11-26 00:00:00,204,204.9,5,4300,881500,2010-11-26 00:00:00,1
2010-11-29 00:00:00,2010-11-29 00:00:00,200,2010-11-29 00:00:00,198,200,5,900,179000,2010-11-29 00:00:00,1
2010-11-30 00:00:00,2010-11-30 00:00:00,240,2010-11-30 00:00:00,208,230.8,90,78700,17962650,2010-11-30 00:00:00,1
2010-12-01 00:00:00,2010-12-01 00:00:00,247.9,2010-12-01 00:00:00,234,241,13,5300,1284200,2010-12-01 00:00:00,1
2010-12-02 00:00:00,2010-12-02 00:00:00,238,2010-12-02 00:00:00,230,230,7,1700,397600,2010-12-02 00:00:00,1
2010-12-03 00:00:00,2010-12-03 00:00:00,227,2010-12-03 00:00:00,227,227,3,2000,454000,2010-12-03 00:00:00,1
2010-12-06 00:00:00,2010-12-06 00:00:00,225,2010-12-06 00:00:00,225,225,4,900,202500,2010-12-06 00:00:00,1
2010-12-07 00:00:00,2010-12-07 00:00:00,230,2010-12-07 00:00:00,225,225.2,2,5200,1171000,2010-12-07 00:00:00,1
2010-12-08 00:00:00,2010-12-08 00:00:00,231,2010-12-08 00:00:00,229.9,230,16,13900,3197070,2010-12-08 00:00:00,1
2010-12-13 00:00:00,2010-12-13 00:00:00,240,2010-12-13 00:00:00,230,239,17,14000,3339100,2010-12-13 00:00:00,1
2010-12-14 00:00:00,2010-12-14 00:00:00,230,2010-12-14 00:00:00,230,230,2,200,46000,2010-12-14 00:00:00,1
2010-12-21 00:00:00,2010-12-21 00:00:00,230,2010-12-21 00:00:00,229,230,3,2800,641490,2010-12-21 00:00:00,1
2010-12-22 00:00:00,2010-12-22 00:00:00,247.5,2010-12-22 00:00:00,235,240,7,1000,240000,2010-12-22 00:00:00,1
2010-12-23 00:00:00,2010-12-23 00:00:00,244,2010-12-23 00:00:00,240,242,2,200,48400,2010-12-23 00:00:00,1
2010-12-27 00:00:00,2010-12-27 00:00:00,245,2010-12-27 00:00:00,245,245,2,600,147000,2010-12-27 00:00:00,1
2010-12-30 00:00:00,2010-12-30 00:00:00,230,2010-12-30 00:00:00,230,230,1,100,23000,2010-12-30 00:00:00,1
2010-12-31 00:00:00,2010-12-31 00:00:00,230,2010-12-31 00:00:00,229,229.9,3,2500,574750,2010-12-31 00:00:00,1
Company Id :  COLO,,Security Type :  R,,Sub Type :  0000,,,,,,
Short Name :  COLONIALMTR,,,,,,,,,,
Day,Date High,High,Date Low,Low,Closing,No. of Trades,No. of Shares,Turnover,Last Traded,Days Traded
2010-07-14 00:00:00,2010-07-14 00:00:00,40,2010-07-14 00:00:00,40,40,1,100,4000,2010-07-14 00:00:00,1
2010-07-16 00:00:00,2010-07-16 00:00:00,40.25,2010-07-16 00:00:00,40,40,3,300,12025,2010-07-16 00:00:00,1
2010-07-19 00:00:00,2010-07-19 00:00:00,40,2010-07-19 00:00:00,40,40,2,700,28000,2010-07-19 00:00:00,1
Company Id :  COMB,,Security Type :  N,,Sub Type :  0000,,,,,,
Short Name :  COMMERCIAL BANK,,,,,,,,,,
Day,Date High,High,Date Low,Low,Closing,No. of Trades,No. of Shares,Turnover,Last Traded,Days Traded
2010-01-04 00:00:00,2010-01-04 00:00:00,192,2010-01-04 00:00:00,190,190.75,42,61700,11727450,2010-01-04 00:00:00,1
2010-01-05 00:00:00,2010-01-05 00:00:00,193.5,2010-01-05 00:00:00,191.5,193,86,293200,56376500,2010-01-05 00:00:00,1
2010-01-06 00:00:00,2010-01-06 00:00:00,198,2010-01-06 00:00:00,194,197,133,457300,89809725,2010-01-06 00:00:00,1
2010-01-07 00:00:00,2010-01-07 00:00:00,199,2010-01-07 00:00:00,195,196.75,58,164800,32309275,2010-01-07 00:00:00,1
2010-01-08 00:00:00,2010-01-08 00:00:00,198,2010-01-08 00:00:00,197,197.25,20,16600,3275350,2010-01-08 00:00:00,1
2010-01-11 00:00:00,2010-01-11 00:00:00,198,2010-01-11 00:00:00,195,196,36,51300,10094900,2010-01-11 00:00:00,1
2010-01-12 00:00:00,2010-01-12 00:00:00,196,2010-01-12 00:00:00,194.75,194.75,23,40600,7916850,2010-01-12 00:00:00,1
2010-01-13 00:00:00,2010-01-13 00:00:00,195,2010-01-13 00:00:00,190,192,40,35100,6747300,2010-01-13 00:00:00,1
2010-01-15 00:00:00,2010-01-15 00:00:00,195,2010-01-15 00:00:00,192,193,43,113600,21910600,2010-01-15 00:00:00,1
2010-01-18 00:00:00,2010-01-18 00:00:00,196,2010-01-18 00:00:00,189,190.5,15,48700,9320700,2010-01-18 00:00:00,1
2010-01-19 00:00:00,2010-01-19 00:00:00,191,2010-01-19 00:00:00,187,188,33,32200,6031875,2010-01-19 00:00:00,1
2010-01-20 00:00:00,2010-01-20 00:00:00,190,2010-01-20 00:00:00,188,189,46,261000,49549350,2010-01-20 00:00:00,1
2010-01-21 00:00:00,2010-01-21 00:00:00,189,2010-01-21 00:00:00,188.5,188.75,17,21400,4041050,2010-01-21 00:00:00,1
2010-01-22 00:00:00,2010-01-22 00:00:00,189,2010-01-22 00:00:00,185,185,44,24200,4513200,2010-01-22 00:00:00,1
2010-01-25 00:00:00,2010-01-25 00:00:00,189,2010-01-25 00:00:00,185,185.25,81,1642800,304105100,2010-01-25 00:00:00,1
2010-01-26 00:00:00,2010-01-26 00:00:00,195,2010-01-26 00:00:00,188,189.75,42,69100,13105475,2010-01-26 00:00:00,1
2010-01-28 00:00:00,2010-01-28 00:00:00,195,2010-01-28 00:00:00,185.25,190.25,71,141300,26787775,2010-01-28 00:00:00,1
2010-02-01 00:00:00,2010-02-01 00:00:00,197,2010-02-01 00:00:00,194,195.25,45,33500,6565100,2010-02-01 00:00:00,1
2010-02-02 00:00:00,2010-02-02 00:00:00,196,2010-02-02 00:00:00,194.5,195,51,122600,23910375,2010-02-02 00:00:00,1
2010-02-03 00:00:00,2010-02-03 00:00:00,196,2010-02-03 00:00:00,195,195.5,53,264900,51713275,2010-02-03 00:00:00,1
2010-02-05 00:00:00,2010-02-05 00:00:00,195.5,2010-02-05 00:00:00,195,195,16,33700,6578125,2010-02-05 00:00:00,1
2010-02-08 00:00:00,2010-02-08 00:00:00,195.5,2010-02-08 00:00:00,195,195,23,570700,111302400,2010-02-08 00:00:00,1
2010-02-09 00:00:00,2010-02-09 00:00:00,194,2010-02-09 00:00:00,193,193.25,24,190900,36871125,2010-02-09 00:00:00,1
2010-02-10 00:00:00,2010-02-10 00:00:00,193,2010-02-10 00:00:00,191.25,191.5,22,127400,24585725,2010-02-10 00:00:00,1
2010-02-11 00:00:00,2010-02-11 00:00:00,190,2010-02-11 00:00:00,188,190,21,517600,98339675,2010-02-11 00:00:00,1
2010-02-12 00:00:00,2010-02-12 00:00:00,190,2010-02-12 00:00:00,188,188,8,15700,2982400,2010-02-12 00:00:00,1
2010-02-15 00:00:00,2010-02-15 00:00:00,190,2010-02-15 00:00:00,187.5,188,25,222500,41830425,2010-02-15 00:00:00,1
2010-02-16 00:00:00,2010-02-16 00:00:00,189.75,2010-02-16 00:00:00,186.25,187.5,10,3400,635600,2010-02-16 00:00:00,1
2010-02-17 00:00:00,2010-02-17 00:00:00,187.5,2010-02-17 00:00:00,186.75,187,9,18900,3534425,2010-02-17 00:00:00,1
2010-02-18 00:00:00,2010-02-18 00:00:00,190,2010-02-18 00:00:00,187,188,9,17400,3302200,2010-02-18 00:00:00,1
2010-02-19 00:00:00,2010-02-19 00:00:00,190.5,2010-02-19 00:00:00,189,190,48,335500,63750550,2010-02-19 00:00:00,1
2010-02-22 00:00:00,2010-02-22 00:00:00,194,2010-02-22 00:00:00,191,193.75,83,187800,36291125,2010-02-22 00:00:00,1
2010-02-23 00:00:00,2010-02-23 00:00:00,200,2010-02-23 00:00:00,195,197.75,273,333000,66231850,2010-02-23 00:00:00,1
2010-02-24 00:00:00,2010-02-24 00:00:00,200,2010-02-24 00:00:00,198,198,87,114700,22851650,2010-02-24 00:00:00,1
2010-02-25 00:00:00,2010-02-25 00:00:00,198.75,2010-02-25 00:00:00,195,198.5,70,137800,27009025,2010-02-25 00:00:00,1
2010-02-26 00:00:00,2010-02-26 00:00:00,198,2010-02-26 00:00:00,197.25,197.75,11,7300,1443800,2010-02-26 00:00:00,1
2010-03-01 00:00:00,2010-03-01 00:00:00,197,2010-03-01 00:00:00,195,197,21,12400,2440350,2010-03-01 00:00:00,1
2010-03-02 00:00:00,2010-03-02 00:00:00,195.25,2010-03-02 00:00:00,194.25,195,36,87800,17115575,2010-03-02 00:00:00,1
2010-03-03 00:00:00,2010-03-03 00:00:00,194.75,2010-03-03 00:00:00,194,194.25,45,355400,69124975,2010-03-03 00:00:00,1
2010-03-04 00:00:00,2010-03-04 00:00:00,193,2010-03-04 00:00:00,191.5,192,28,33400,6414900,2010-03-04 00:00:00,1
2010-03-05 00:00:00,2010-03-05 00:00:00,192.5,2010-03-05 00:00:00,191.75,192.25,48,179300,34424900,2010-03-05 00:00:00,1
2010-03-08 00:00:00,2010-03-08 00:00:00,192,2010-03-08 00:00:00,191.75,191.75,13,10200,1957350,2010-03-08 00:00:00,1
2010-03-09 00:00:00,2010-03-09 00:00:00,192.5,2010-03-09 00:00:00,191,192,25,41200,7884550,2010-03-09 00:00:00,1
2010-03-10 00:00:00,2010-03-10 00:00:00,193,2010-03-10 00:00:00,192,193,24,36100,6957750,2010-03-10 00:00:00,1
2010-03-11 00:00:00,2010-03-11 00:00:00,194,2010-03-11 00:00:00,193,193.75,28,590900,114077550,2010-03-11 00:00:00,1
2010-03-12 00:00:00,2010-03-12 00:00:00,193.75,2010-03-12 00:00:00,192,193,23,40000,7719725,2010-03-12 00:00:00,1
2010-03-15 00:00:00,2010-03-15 00:00:00,192.75,2010-03-15 00:00:00,192.5,192.5,11,14600,2810800,2010-03-15 00:00:00,1
2010-03-16 00:00:00,2010-03-16 00:00:00,193,2010-03-16 00:00:00,192,192.25,12,6100,1172950,2010-03-16 00:00:00,1
2010-03-17 00:00:00,2010-03-17 00:00:00,193,2010-03-17 00:00:00,191,192.75,15,11800,2272000,2010-03-17 00:00:00,1
2010-03-18 00:00:00,2010-03-18 00:00:00,193,2010-03-18 00:00:00,191.5,192,23,51200,9860550,2010-03-18 00:00:00,1
2010-03-19 00:00:00,2010-03-19 00:00:00,192,2010-03-19 00:00:00,191,191.5,18,21000,4025000,2010-03-19 00:00:00,1
2010-03-22 00:00:00,2010-03-22 00:00:00,190.25,2010-03-22 00:00:00,190,190.25,5,2200,418175,2010-03-22 00:00:00,1
2010-03-23 00:00:00,2010-03-23 00:00:00,192,2010-03-23 00:00:00,188,191.5,53,123900,23691200,2010-03-23 00:00:00,1
2010-03-24 00:00:00,2010-03-24 00:00:00,195,2010-03-24 00:00:00,191.5,195,55,303800,58799925,2010-03-24 00:00:00,1
2010-03-25 00:00:00,2010-03-25 00:00:00,195,2010-03-25 00:00:00,194.75,195,61,1221700,238231325,2010-03-25 00:00:00,1
2010-03-26 00:00:00,2010-03-26 00:00:00,200,2010-03-26 00:00:00,195,198.75,55,61100,12114225,2010-03-26 00:00:00,1
2010-03-30 00:00:00,2010-03-30 00:00:00,202,2010-03-30 00:00:00,196,201.75,103,933600,187701700,2010-03-30 00:00:00,1
2010-03-31 00:00:00,2010-03-31 00:00:00,203,2010-03-31 00:00:00,199.75,201.75,151,523400,105630025,2010-03-31 00:00:00,1
2010-04-01 00:00:00,2010-04-01 00:00:00,220,2010-04-01 00:00:00,210,214.75,278,278200,59800525,2010-04-01 00:00:00,1
2010-04-05 00:00:00,2010-04-05 00:00:00,220,2010-04-05 00:00:00,214.75,219,181,169000,36659650,2010-04-05 00:00:00,1
2010-04-06 00:00:00,2010-04-06 00:00:00,227.5,2010-04-06 00:00:00,219.5,227,174,175400,39388925,2010-04-06 00:00:00,1
2010-04-07 00:00:00,2010-04-07 00:00:00,228,2010-04-07 00:00:00,224,225,98,132500,30023675,2010-04-07 00:00:00,1
2010-04-08 00:00:00,2010-04-08 00:00:00,229,2010-04-08 00:00:00,226,227.75,65,160100,36449475,2010-04-08 00:00:00,1
2010-04-12 00:00:00,2010-04-12 00:00:00,235,2010-04-12 00:00:00,230,231.25,93,150500,34801850,2010-04-12 00:00:00,1
2010-04-15 00:00:00,2010-04-15 00:00:00,235,2010-04-15 00:00:00,232,234,38,24600,5733350,2010-04-15 00:00:00,1
2010-04-16 00:00:00,2010-04-16 00:00:00,237,2010-04-16 00:00:00,233.5,234,47,64400,15127075,2010-04-16 00:00:00,1
2010-04-19 00:00:00,2010-04-19 00:00:00,234,2010-04-19 00:00:00,232,232.75,85,49300,11484900,2010-04-19 00:00:00,1
2010-04-20 00:00:00,2010-04-20 00:00:00,235,2010-04-20 00:00:00,232,232.25,88,83000,19332700,2010-04-20 00:00:00,1
2010-04-21 00:00:00,2010-04-21 00:00:00,239,2010-04-21 00:00:00,232.5,238,97,314400,74061000,2010-04-21 00:00:00,1
2010-04-22 00:00:00,2010-04-22 00:00:00,245,2010-04-22 00:00:00,239,245,133,148700,35926725,2010-04-22 00:00:00,1
2010-04-23 00:00:00,2010-04-23 00:00:00,249,2010-04-23 00:00:00,245,248.75,108,111800,27786000,2010-04-23 00:00:00,1
2010-04-26 00:00:00,2010-04-26 00:00:00,249.25,2010-04-26 00:00:00,245,245,52,61200,15056625,2010-04-26 00:00:00,1
2010-04-27 00:00:00,2010-04-27 00:00:00,245,2010-04-27 00:00:00,240,241.25,50,86300,21121200,2010-04-27 00:00:00,1
2010-04-29 00:00:00,2010-04-29 00:00:00,240.25,2010-04-29 00:00:00,237,239,32,20500,4895575,2010-04-29 00:00:00,1
2010-04-30 00:00:00,2010-04-30 00:00:00,240,2010-04-30 00:00:00,239,239.5,32,15200,3641025,2010-04-30 00:00:00,1
2010-05-03 00:00:00,2010-05-03 00:00:00,243,2010-05-03 00:00:00,239.5,240,57,"5,057,700    1",",213,872,125.00",2010-05-03 00:00:00,1
2010-05-04 00:00:00,2010-05-04 00:00:00,240,2010-05-04 00:00:00,238,239,73,132100,31678450,2010-05-04 00:00:00,1
2010-05-05 00:00:00,2010-05-05 00:00:00,239.75,2010-05-05 00:00:00,237,237.25,42,41200,9813375,2010-05-05 00:00:00,1
2010-05-06 00:00:00,2010-05-06 00:00:00,244.75,2010-05-06 00:00:00,237,241.25,134,119800,28919275,2010-05-06 00:00:00,1
2010-05-07 00:00:00,2010-05-07 00:00:00,245,2010-05-07 00:00:00,241,241.5,48,33600,8134825,2010-05-07 00:00:00,1
2010-05-10 00:00:00,2010-05-10 00:00:00,244,2010-05-10 00:00:00,242,242,83,124200,30068400,2010-05-10 00:00:00,1
2010-05-11 00:00:00,2010-05-11 00:00:00,242.25,2010-05-11 00:00:00,240,242,45,90000,21773050,2010-05-11 00:00:00,1
2010-05-12 00:00:00,2010-05-12 00:00:00,242.5,2010-05-12 00:00:00,240,242,41,84000,20323600,2010-05-12 00:00:00,1
2010-05-13 00:00:00,2010-05-13 00:00:00,243,2010-05-13 00:00:00,242,242,61,78300,18958550,2010-05-13 00:00:00,1
2010-05-14 00:00:00,2010-05-14 00:00:00,243,2010-05-14 00:00:00,242,242,25,28200,6828550,2010-05-14 00:00:00,1
2010-05-17 00:00:00,2010-05-17 00:00:00,246,2010-05-17 00:00:00,242,246,58,139900,34070250,2010-05-17 00:00:00,1
2010-05-18 00:00:00,2010-05-18 00:00:00,248,2010-05-18 00:00:00,246,247.75,47,3063000,753578825,2010-05-18 00:00:00,1
2010-05-19 00:00:00,2010-05-19 00:00:00,250,2010-05-19 00:00:00,248,248.75,63,59200,14746225,2010-05-19 00:00:00,1
2010-05-20 00:00:00,2010-05-20 00:00:00,249.25,2010-05-20 00:00:00,248.25,249,50,801100,199471200,2010-05-20 00:00:00,1
2010-05-21 00:00:00,2010-05-21 00:00:00,249.75,2010-05-21 00:00:00,248,248.5,49,396200,98627425,2010-05-21 00:00:00,1
2010-05-24 00:00:00,2010-05-24 00:00:00,249,2010-05-24 00:00:00,247.5,249,92,562000,139893000,2010-05-24 00:00:00,1
2010-05-25 00:00:00,2010-05-25 00:00:00,249.5,2010-05-25 00:00:00,249,249,102,3257000,810993425,2010-05-25 00:00:00,1
2010-05-26 00:00:00,2010-05-26 00:00:00,250,2010-05-26 00:00:00,248.75,249.25,50,51800,12924350,2010-05-26 00:00:00,1
2010-05-31 00:00:00,2010-05-31 00:00:00,250,2010-05-31 00:00:00,247,248.75,60,419400,104430975,2010-05-31 00:00:00,1
2010-06-01 00:00:00,2010-06-01 00:00:00,250.25,2010-06-01 00:00:00,248.75,249.25,69,220200,55032075,2010-06-01 00:00:00,1
2010-06-02 00:00:00,2010-06-02 00:00:00,255,2010-06-02 00:00:00,249.25,254.5,94,"23,667,885    5",",917,143,925.00",2010-06-02 00:00:00,1
2010-06-03 00:00:00,2010-06-03 00:00:00,268,2010-06-03 00:00:00,259.75,267,109,86200,22738550,2010-06-03 00:00:00,1
2010-06-04 00:00:00,2010-06-04 00:00:00,272,2010-06-04 00:00:00,265,266.75,110,117700,31617950,2010-06-04 00:00:00,1
2010-06-07 00:00:00,2010-06-07 00:00:00,273,2010-06-07 00:00:00,265,272.25,186,247100,66801600,2010-06-07 00:00:00,1
2010-06-08 00:00:00,2010-06-08 00:00:00,272.25,2010-06-08 00:00:00,269,272,193,739000,200524525,2010-06-08 00:00:00,1
2010-06-09 00:00:00,2010-06-09 00:00:00,278,2010-06-09 00:00:00,270,278,41,25600,6996450,2010-06-09 00:00:00,1
2010-06-10 00:00:00,2010-06-10 00:00:00,281,2010-06-10 00:00:00,278,279.25,76,3355600,939509300,2010-06-10 00:00:00,1
2010-06-11 00:00:00,2010-06-11 00:00:00,284.75,2010-06-11 00:00:00,279.5,280,64,613446,173181595,2010-06-11 00:00:00,1
2010-06-14 00:00:00,2010-06-14 00:00:00,282,2010-06-14 00:00:00,275,277.75,46,36400,10198475,2010-06-14 00:00:00,1
2010-06-15 00:00:00,2010-06-15 00:00:00,285,2010-06-15 00:00:00,278,283,182,316700,88912650,2010-06-15 00:00:00,1
2010-06-21 00:00:00,2010-06-21 00:00:00,205,2010-06-21 00:00:00,190,194.25,338,307100,60724400,2010-06-21 00:00:00,1
2010-06-22 00:00:00,2010-06-22 00:00:00,195,2010-06-22 00:00:00,191,192.25,110,115600,22350950,2010-06-22 00:00:00,1
2010-06-23 00:00:00,2010-06-23 00:00:00,193,2010-06-23 00:00:00,185,186.25,112,79100,14937800,2010-06-23 00:00:00,1
2010-06-24 00:00:00,2010-06-24 00:00:00,186,2010-06-24 00:00:00,181,184.5,102,122000,22521250,2010-06-24 00:00:00,1
2010-06-28 00:00:00,2010-06-28 00:00:00,184.5,2010-06-28 00:00:00,178,179.75,116,163700,29558450,2010-06-28 00:00:00,1
2010-06-29 00:00:00,2010-06-29 00:00:00,183.5,2010-06-29 00:00:00,179.5,181,109,396300,71480400,2010-06-29 00:00:00,1
2010-06-30 00:00:00,2010-06-30 00:00:00,182,2010-06-30 00:00:00,178,178.5,100,2103000,383513950,2010-06-30 00:00:00,1
2010-07-01 00:00:00,2010-07-01 00:00:00,182,2010-07-01 00:00:00,178.5,181,38,237500,42798650,2010-07-01 00:00:00,1
2010-07-02 00:00:00,2010-07-02 00:00:00,182,2010-07-02 00:00:00,179.5,179.75,62,153000,27565500,2010-07-02 00:00:00,1
2010-07-05 00:00:00,2010-07-05 00:00:00,181.25,2010-07-05 00:00:00,178,178.25,61,144700,26009225,2010-07-05 00:00:00,1
2010-07-06 00:00:00,2010-07-06 00:00:00,182,2010-07-06 00:00:00,179.5,182,116,2846600,517355575,2010-07-06 00:00:00,1
2010-07-07 00:00:00,2010-07-07 00:00:00,182,2010-07-07 00:00:00,175,178,75,1033200,187269625,2010-07-07 00:00:00,1
2010-07-08 00:00:00,2010-07-08 00:00:00,180.5,2010-07-08 00:00:00,176,179.5,61,71800,12904650,2010-07-08 00:00:00,1
2010-07-09 00:00:00,2010-07-09 00:00:00,180,2010-07-09 00:00:00,179,179,47,152400,27354225,2010-07-09 00:00:00,1
2010-07-12 00:00:00,2010-07-12 00:00:00,180.75,2010-07-12 00:00:00,178,178,47,48500,8648775,2010-07-12 00:00:00,1
2010-07-13 00:00:00,2010-07-13 00:00:00,180,2010-07-13 00:00:00,178.25,178.75,41,59100,10572400,2010-07-13 00:00:00,1
2010-07-14 00:00:00,2010-07-14 00:00:00,178.75,2010-07-14 00:00:00,178,178,43,58800,10476425,2010-07-14 00:00:00,1
2010-07-15 00:00:00,2010-07-15 00:00:00,179.5,2010-07-15 00:00:00,178,179,52,403300,71828225,2010-07-15 00:00:00,1
2010-07-16 00:00:00,2010-07-16 00:00:00,180,2010-07-16 00:00:00,179,179.5,28,159000,28389300,2010-07-16 00:00:00,1
2010-07-19 00:00:00,2010-07-19 00:00:00,180,2010-07-19 00:00:00,178,178,56,99200,17718500,2010-07-19 00:00:00,1
2010-07-20 00:00:00,2010-07-20 00:00:00,180.5,2010-07-20 00:00:00,178,180,60,192400,34593625,2010-07-20 00:00:00,1
2010-07-21 00:00:00,2010-07-21 00:00:00,180.25,2010-07-21 00:00:00,178.5,180,77,318800,57136000,2010-07-21 00:00:00,1
2010-07-22 00:00:00,2010-07-22 00:00:00,180.25,2010-07-22 00:00:00,179.75,180,67,77600,13968325,2010-07-22 00:00:00,1
2010-07-23 00:00:00,2010-07-23 00:00:00,184,2010-07-23 00:00:00,180,180.25,101,294100,52948150,2010-07-23 00:00:00,1
2010-07-26 00:00:00,2010-07-26 00:00:00,181.75,2010-07-26 00:00:00,180,180.75,52,241400,43425500,2010-07-26 00:00:00,1
2010-07-27 00:00:00,2010-07-27 00:00:00,183,2010-07-27 00:00:00,180,182,74,353400,63809925,2010-07-27 00:00:00,1
2010-07-28 00:00:00,2010-07-28 00:00:00,184,2010-07-28 00:00:00,181.5,183.25,70,202700,36865075,2010-07-28 00:00:00,1
2010-07-29 00:00:00,2010-07-29 00:00:00,188,2010-07-29 00:00:00,184.75,187,103,139000,25941125,2010-07-29 00:00:00,1
2010-07-30 00:00:00,2010-07-30 00:00:00,190,2010-07-30 00:00:00,184,190,79,181700,34343550,2010-07-30 00:00:00,1
2010-08-02 00:00:00,2010-08-02 00:00:00,196,2010-08-02 00:00:00,190,193.7,99,804800,154331860,2010-08-02 00:00:00,1
2010-08-03 00:00:00,2010-08-03 00:00:00,199,2010-08-03 00:00:00,188,195.1,127,170700,33650070,2010-08-03 00:00:00,1
2010-08-04 00:00:00,2010-08-04 00:00:00,197.5,2010-08-04 00:00:00,194.5,196.5,50,64400,12567450,2010-08-04 00:00:00,1
2010-08-05 00:00:00,2010-08-05 00:00:00,198,2010-08-05 00:00:00,189.8,193,104,199200,38050780,2010-08-05 00:00:00,1
2010-08-06 00:00:00,2010-08-06 00:00:00,193,2010-08-06 00:00:00,190,190,128,"7,267,300    1",",380,878,280.00",2010-08-06 00:00:00,1
2010-08-09 00:00:00,2010-08-09 00:00:00,192,2010-08-09 00:00:00,182,182.8,126,1656700,306372010,2010-08-09 00:00:00,1
2010-08-10 00:00:00,2010-08-10 00:00:00,192,2010-08-10 00:00:00,175.1,192,137,2930000,550737710,2010-08-10 00:00:00,1
2010-08-11 00:00:00,2010-08-11 00:00:00,198,2010-08-11 00:00:00,195,196,134,226000,44274020,2010-08-11 00:00:00,1
2010-08-12 00:00:00,2010-08-12 00:00:00,196.5,2010-08-12 00:00:00,194,194.8,88,94000,18377980,2010-08-12 00:00:00,1
2010-08-13 00:00:00,2010-08-13 00:00:00,195,2010-08-13 00:00:00,192,194.6,60,71200,13836630,2010-08-13 00:00:00,1
2010-08-16 00:00:00,2010-08-16 00:00:00,196,2010-08-16 00:00:00,194,195.4,52,52200,10179250,2010-08-16 00:00:00,1
2010-08-17 00:00:00,2010-08-17 00:00:00,195.4,2010-08-17 00:00:00,194,194.1,35,83500,16281060,2010-08-17 00:00:00,1
2010-08-18 00:00:00,2010-08-18 00:00:00,195,2010-08-18 00:00:00,194,194.1,37,61300,11941030,2010-08-18 00:00:00,1
2010-08-19 00:00:00,2010-08-19 00:00:00,194.6,2010-08-19 00:00:00,190.1,191.6,69,59900,11504910,2010-08-19 00:00:00,1
2010-08-20 00:00:00,2010-08-20 00:00:00,194.9,2010-08-20 00:00:00,190.5,191,24,27500,5260420,2010-08-20 00:00:00,1
2010-08-23 00:00:00,2010-08-23 00:00:00,196,2010-08-23 00:00:00,192.1,193,27,29100,5656360,2010-08-23 00:00:00,1
2010-08-25 00:00:00,2010-08-25 00:00:00,196,2010-08-25 00:00:00,191,191.2,59,46400,8912080,2010-08-25 00:00:00,1
2010-08-26 00:00:00,2010-08-26 00:00:00,192,2010-08-26 00:00:00,190,192,57,85900,16455430,2010-08-26 00:00:00,1
2010-08-27 00:00:00,2010-08-27 00:00:00,191.9,2010-08-27 00:00:00,190,190.5,58,568100,108438980,2010-08-27 00:00:00,1
2010-08-30 00:00:00,2010-08-30 00:00:00,191,2010-08-30 00:00:00,188,189.6,49,35300,6690890,2010-08-30 00:00:00,1
2010-08-31 00:00:00,2010-08-31 00:00:00,190,2010-08-31 00:00:00,188,188.5,57,69200,13068250,2010-08-31 00:00:00,1
2010-09-01 00:00:00,2010-09-01 00:00:00,190,2010-09-01 00:00:00,187,188.6,43,113900,21449630,2010-09-01 00:00:00,1
2010-09-02 00:00:00,2010-09-02 00:00:00,189,2010-09-02 00:00:00,187,187.7,91,235200,44088230,2010-09-02 00:00:00,1
2010-09-03 00:00:00,2010-09-03 00:00:00,195,2010-09-03 00:00:00,188,194.1,80,98900,18795030,2010-09-03 00:00:00,1
2010-09-06 00:00:00,2010-09-06 00:00:00,194.1,2010-09-06 00:00:00,191,194,65,72500,14047100,2010-09-06 00:00:00,1
2010-09-07 00:00:00,2010-09-07 00:00:00,193,2010-09-07 00:00:00,188.5,190.5,50,64700,12264920,2010-09-07 00:00:00,1
2010-09-08 00:00:00,2010-09-08 00:00:00,195,2010-09-08 00:00:00,188.6,194.8,94,424200,82448930,2010-09-08 00:00:00,1
2010-09-09 00:00:00,2010-09-09 00:00:00,197,2010-09-09 00:00:00,194,195,127,302700,59328280,2010-09-09 00:00:00,1
2010-09-13 00:00:00,2010-09-13 00:00:00,203,2010-09-13 00:00:00,194.5,200,245,1833600,365775660,2010-09-13 00:00:00,1
2010-09-14 00:00:00,2010-09-14 00:00:00,210,2010-09-14 00:00:00,200,208.8,245,262200,54287710,2010-09-14 00:00:00,1
2010-09-15 00:00:00,2010-09-15 00:00:00,220,2010-09-15 00:00:00,210,218.5,302,1008500,216936220,2010-09-15 00:00:00,1
2010-09-16 00:00:00,2010-09-16 00:00:00,239,2010-09-16 00:00:00,226,236.3,370,737200,170921540,2010-09-16 00:00:00,1
2010-09-17 00:00:00,2010-09-17 00:00:00,259,2010-09-17 00:00:00,240,246.6,331,218600,54727530,2010-09-17 00:00:00,1
2010-09-20 00:00:00,2010-09-20 00:00:00,251,2010-09-20 00:00:00,240,244.9,202,152600,37532420,2010-09-20 00:00:00,1
2010-09-21 00:00:00,2010-09-21 00:00:00,251,2010-09-21 00:00:00,241.1,250.4,192,408700,101860830,2010-09-21 00:00:00,1
2010-09-23 00:00:00,2010-09-23 00:00:00,270,2010-09-23 00:00:00,250.4,267.1,305,900500,231974660,2010-09-23 00:00:00,1
2010-09-24 00:00:00,2010-09-24 00:00:00,289.9,2010-09-24 00:00:00,270,285.4,383,546900,155305160,2010-09-24 00:00:00,1
2010-09-27 00:00:00,2010-09-27 00:00:00,295,2010-09-27 00:00:00,275,280.6,353,641700,182771580,2010-09-27 00:00:00,1
2010-09-28 00:00:00,2010-09-28 00:00:00,285,2010-09-28 00:00:00,273,276.2,145,104300,28913500,2010-09-28 00:00:00,1
2010-09-29 00:00:00,2010-09-29 00:00:00,279,2010-09-29 00:00:00,270,275.4,160,153100,41968940,2010-09-29 00:00:00,1
2010-09-30 00:00:00,2010-09-30 00:00:00,285,2010-09-30 00:00:00,275,283.5,243,478400,134503730,2010-09-30 00:00:00,1
2010-10-01 00:00:00,2010-10-01 00:00:00,295,2010-10-01 00:00:00,285,294.5,223,1658700,483449780,2010-10-01 00:00:00,1
2010-10-04 00:00:00,2010-10-04 00:00:00,295,2010-10-04 00:00:00,288,288.7,109,54600,15870790,2010-10-04 00:00:00,1
2010-10-05 00:00:00,2010-10-05 00:00:00,290,2010-10-05 00:00:00,276,280,145,236900,66450400,2010-10-05 00:00:00,1
2010-10-06 00:00:00,2010-10-06 00:00:00,287,2010-10-06 00:00:00,273.1,273.9,122,138600,38162910,2010-10-06 00:00:00,1
2010-10-07 00:00:00,2010-10-07 00:00:00,275.6,2010-10-07 00:00:00,269,271.4,160,665100,180116810,2010-10-07 00:00:00,1
2010-10-08 00:00:00,2010-10-08 00:00:00,275,2010-10-08 00:00:00,270,274.8,116,666300,180443520,2010-10-08 00:00:00,1
2010-10-11 00:00:00,2010-10-11 00:00:00,280,2010-10-11 00:00:00,271,272.1,117,315600,87681160,2010-10-11 00:00:00,1
2010-10-12 00:00:00,2010-10-12 00:00:00,273.1,2010-10-12 00:00:00,260,260.2,130,83300,21954250,2010-10-12 00:00:00,1
2010-10-13 00:00:00,2010-10-13 00:00:00,260,2010-10-13 00:00:00,225,255.1,207,184100,45930200,2010-10-13 00:00:00,1
2010-10-14 00:00:00,2010-10-14 00:00:00,260,2010-10-14 00:00:00,248,259.6,103,239900,61442570,2010-10-14 00:00:00,1
2010-10-15 00:00:00,2010-10-15 00:00:00,260,2010-10-15 00:00:00,250,260,72,194900,50114550,2010-10-15 00:00:00,1
2010-10-18 00:00:00,2010-10-18 00:00:00,263,2010-10-18 00:00:00,258,261.9,103,411300,107258000,2010-10-18 00:00:00,1
2010-10-19 00:00:00,2010-10-19 00:00:00,271,2010-10-19 00:00:00,260,265.2,197,1773300,467086950,2010-10-19 00:00:00,1
2010-10-20 00:00:00,2010-10-20 00:00:00,270,2010-10-20 00:00:00,264,265.4,101,324000,86123080,2010-10-20 00:00:00,1
2010-10-21 00:00:00,2010-10-21 00:00:00,280,2010-10-21 00:00:00,265,271,99,661300,178817930,2010-10-21 00:00:00,1
2010-10-25 00:00:00,2010-10-25 00:00:00,270,2010-10-25 00:00:00,265,265.1,75,880500,233819720,2010-10-25 00:00:00,1
2010-10-26 00:00:00,2010-10-26 00:00:00,263,2010-10-26 00:00:00,256,260,65,401000,106052180,2010-10-26 00:00:00,1
2010-10-27 00:00:00,2010-10-27 00:00:00,257,2010-10-27 00:00:00,250,253.6,124,810100,206502800,2010-10-27 00:00:00,1
2010-10-28 00:00:00,2010-10-28 00:00:00,260,2010-10-28 00:00:00,254,258.6,123,964300,246337300,2010-10-28 00:00:00,1
2010-10-29 00:00:00,2010-10-29 00:00:00,268.9,2010-10-29 00:00:00,262,266.4,92,666000,176948220,2010-10-29 00:00:00,1
2010-11-01 00:00:00,2010-11-01 00:00:00,275,2010-11-01 00:00:00,263,274.1,180,728800,197151220,2010-11-01 00:00:00,1
2010-11-02 00:00:00,2010-11-02 00:00:00,279.9,2010-11-02 00:00:00,275,276.4,139,283300,78386530,2010-11-02 00:00:00,1
2010-11-03 00:00:00,2010-11-03 00:00:00,279.8,2010-11-03 00:00:00,276.1,276.8,115,125000,34723000,2010-11-03 00:00:00,1
2010-11-04 00:00:00,2010-11-04 00:00:00,277,2010-11-04 00:00:00,274,274.9,180,1055500,290431030,2010-11-04 00:00:00,1
2010-11-08 00:00:00,2010-11-08 00:00:00,280,2010-11-08 00:00:00,274.5,276,78,705900,196849460,2010-11-08 00:00:00,1
2010-11-09 00:00:00,2010-11-09 00:00:00,276,2010-11-09 00:00:00,274,275,66,475300,130681020,2010-11-09 00:00:00,1
2010-11-10 00:00:00,2010-11-10 00:00:00,276,2010-11-10 00:00:00,270,271.9,49,45800,12443120,2010-11-10 00:00:00,1
2010-11-11 00:00:00,2010-11-11 00:00:00,274.8,2010-11-11 00:00:00,270,273.9,47,85600,23252490,2010-11-11 00:00:00,1
2010-11-12 00:00:00,2010-11-12 00:00:00,274.5,2010-11-12 00:00:00,273,274,64,156200,42795620,2010-11-12 00:00:00,1
2010-11-15 00:00:00,2010-11-15 00:00:00,273.5,2010-11-15 00:00:00,265,265.5,48,58300,15665890,2010-11-15 00:00:00,1
2010-11-16 00:00:00,2010-11-16 00:00:00,269.7,2010-11-16 00:00:00,263,265.3,28,12100,3206880,2010-11-16 00:00:00,1
2010-11-18 00:00:00,2010-11-18 00:00:00,273.4,2010-11-18 00:00:00,265.1,271.7,95,168800,45261970,2010-11-18 00:00:00,1
2010-11-22 00:00:00,2010-11-22 00:00:00,274.9,2010-11-22 00:00:00,272,273.8,61,48400,13230730,2010-11-22 00:00:00,1
2010-11-23 00:00:00,2010-11-23 00:00:00,276,2010-11-23 00:00:00,270,270,140,676300,185595300,2010-11-23 00:00:00,1
2010-11-24 00:00:00,2010-11-24 00:00:00,275,2010-11-24 00:00:00,270,274,104,1146200,313985520,2010-11-24 00:00:00,1
2010-11-25 00:00:00,2010-11-25 00:00:00,275,2010-11-25 00:00:00,270,271,56,522400,143545060,2010-11-25 00:00:00,1
2010-11-26 00:00:00,2010-11-26 00:00:00,272,2010-11-26 00:00:00,271,271.3,37,46100,12511300,2010-11-26 00:00:00,1
2010-11-29 00:00:00,2010-11-29 00:00:00,270.1,2010-11-29 00:00:00,260,263.2,75,48600,12884170,2010-11-29 00:00:00,1
2010-11-30 00:00:00,2010-11-30 00:00:00,269.9,2010-11-30 00:00:00,264,267.5,86,112100,29876880,2010-11-30 00:00:00,1
2010-12-01 00:00:00,2010-12-01 00:00:00,290,2010-12-01 00:00:00,269,272.1,101,177300,47885530,2010-12-01 00:00:00,1
2010-12-02 00:00:00,2010-12-02 00:00:00,274.7,2010-12-02 00:00:00,250,270.7,63,59600,16060370,2010-12-02 00:00:00,1
2010-12-03 00:00:00,2010-12-03 00:00:00,273.9,2010-12-03 00:00:00,266,270.5,27,62900,16994360,2010-12-03 00:00:00,1
2010-12-06 00:00:00,2010-12-06 00:00:00,272.5,2010-12-06 00:00:00,267,269.9,25,50200,13552750,2010-12-06 00:00:00,1
2010-12-07 00:00:00,2010-12-07 00:00:00,268.5,2010-12-07 00:00:00,265,268.1,39,72700,19392250,2010-12-07 00:00:00,1
2010-12-08 00:00:00,2010-12-08 00:00:00,267,2010-12-08 00:00:00,265,266.5,36,21200,5628060,2010-12-08 00:00:00,1
2010-12-09 00:00:00,2010-12-09 00:00:00,269,2010-12-09 00:00:00,264,264,15,7900,2094420,2010-12-09 00:00:00,1
2010-12-10 00:00:00,2010-12-10 00:00:00,264,2010-12-10 00:00:00,261,261.9,45,30700,8039920,2010-12-10 00:00:00,1
2010-12-13 00:00:00,2010-12-13 00:00:00,263,2010-12-13 00:00:00,261,261.1,35,45400,11925520,2010-12-13 00:00:00,1
2010-12-14 00:00:00,2010-12-14 00:00:00,262.9,2010-12-14 00:00:00,260,260.1,46,62600,16332940,2010-12-14 00:00:00,1
2010-12-15 00:00:00,2010-12-15 00:00:00,260,2010-12-15 00:00:00,259,260,40,67200,17469640,2010-12-15 00:00:00,1
2010-12-16 00:00:00,2010-12-16 00:00:00,260,2010-12-16 00:00:00,259,259.1,44,86700,22498800,2010-12-16 00:00:00,1
2010-12-17 00:00:00,2010-12-17 00:00:00,259,2010-12-17 00:00:00,255,258.6,27,9900,2532550,2010-12-17 00:00:00,1
2010-12-21 00:00:00,2010-12-21 00:00:00,259,2010-12-21 00:00:00,255,255.4,55,1027700,263736990,2010-12-21 00:00:00,1
2010-12-22 00:00:00,2010-12-22 00:00:00,258,2010-12-22 00:00:00,255.1,257.7,64,92500,23775940,2010-12-22 00:00:00,1
2010-12-23 00:00:00,2010-12-23 00:00:00,261,2010-12-23 00:00:00,259.5,260.1,41,316534,82219503,2010-12-23 00:00:00,1
2010-12-24 00:00:00,2010-12-24 00:00:00,261.4,2010-12-24 00:00:00,260,260.9,10,3200,833600,2010-12-24 00:00:00,1
2010-12-27 00:00:00,2010-12-27 00:00:00,263.9,2010-12-27 00:00:00,260,262,16,7600,1983400,2010-12-27 00:00:00,1
2010-12-28 00:00:00,2010-12-28 00:00:00,263,2010-12-28 00:00:00,261,261.1,31,293200,76551810,2010-12-28 00:00:00,1
2010-12-29 00:00:00,2010-12-29 00:00:00,264.7,2010-12-29 00:00:00,260.1,262.5,44,205200,51507090,2010-12-29 00:00:00,1
2010-12-30 00:00:00,2010-12-30 00:00:00,261,2010-12-30 00:00:00,258,260.5,65,1178000,306340390,2010-12-30 00:00:00,1
2010-12-31 00:00:00,2010-12-31 00:00:00,261,2010-12-31 00:00:00,259,259.9,48,151300,39376460,2010-12-31 00:00:00,1
Company Id :  COMB,,Security Type :  X,,Sub Type :  0000,,,,,,
Short Name :  COMMERCIA L BANK,,,,,,,,,,
Day,Date High,High,Date Low,Low,Closing,No. of Trades,No. of Shares,Turnover,Last Traded,Days Traded
2010-01-04 00:00:00,2010-01-04 00:00:00,126,2010-01-04 00:00:00,125,125.75,10,5900,742750,2010-01-04 00:00:00,1
2010-01-05 00:00:00,2010-01-05 00:00:00,128,2010-01-05 00:00:00,126.5,127.25,15,7300,927950,2010-01-05 00:00:00,1
2010-01-06 00:00:00,2010-01-06 00:00:00,131.75,2010-01-06 00:00:00,127.5,129.75,33,24600,3182825,2010-01-06 00:00:00,1
2010-01-07 00:00:00,2010-01-07 00:00:00,129.5,2010-01-07 00:00:00,128.25,129.5,15,24400,3137125,2010-01-07 00:00:00,1
2010-01-08 00:00:00,2010-01-08 00:00:00,129,2010-01-08 00:00:00,127,127.5,6,1500,192050,2010-01-08 00:00:00,1
2010-01-11 00:00:00,2010-01-11 00:00:00,129.75,2010-01-11 00:00:00,127,127.25,24,42600,5456500,2010-01-11 00:00:00,1
2010-01-12 00:00:00,2010-01-12 00:00:00,127,2010-01-12 00:00:00,127,127,11,17500,2222500,2010-01-12 00:00:00,1
2010-01-13 00:00:00,2010-01-13 00:00:00,128,2010-01-13 00:00:00,127,127.5,8,26300,3347525,2010-01-13 00:00:00,1
2010-01-15 00:00:00,2010-01-15 00:00:00,128,2010-01-15 00:00:00,125,126.5,19,15500,1979925,2010-01-15 00:00:00,1
2010-01-18 00:00:00,2010-01-18 00:00:00,126.25,2010-01-18 00:00:00,123,124.75,13,12800,1608300,2010-01-18 00:00:00,1
2010-01-19 00:00:00,2010-01-19 00:00:00,123,2010-01-19 00:00:00,121.25,122.25,15,11000,1345850,2010-01-19 00:00:00,1
2010-01-20 00:00:00,2010-01-20 00:00:00,125,2010-01-20 00:00:00,122.5,125,16,97000,12059250,2010-01-20 00:00:00,1
2010-01-21 00:00:00,2010-01-21 00:00:00,125.5,2010-01-21 00:00:00,125,125.25,7,1400,175350,2010-01-21 00:00:00,1
2010-01-22 00:00:00,2010-01-22 00:00:00,126.25,2010-01-22 00:00:00,125.5,126,19,7200,905625,2010-01-22 00:00:00,1
2010-01-25 00:00:00,2010-01-25 00:00:00,126,2010-01-25 00:00:00,126,126,4,10500,1323000,2010-01-25 00:00:00,1
2010-01-26 00:00:00,2010-01-26 00:00:00,129,2010-01-26 00:00:00,126,127.25,3,2600,328900,2010-01-26 00:00:00,1
2010-01-28 00:00:00,2010-01-28 00:00:00,130,2010-01-28 00:00:00,125,128.75,29,26400,3390775,2010-01-28 00:00:00,1
2010-02-01 00:00:00,2010-02-01 00:00:00,135,2010-02-01 00:00:00,130,135,24,64000,8425100,2010-02-01 00:00:00,1
2010-02-02 00:00:00,2010-02-02 00:00:00,137,2010-02-02 00:00:00,135,136.5,39,21900,2977125,2010-02-02 00:00:00,1
2010-02-03 00:00:00,2010-02-03 00:00:00,140,2010-02-03 00:00:00,135,139.75,31,62100,8583975,2010-02-03 00:00:00,1
2010-02-05 00:00:00,2010-02-05 00:00:00,138.5,2010-02-05 00:00:00,136,138.5,13,5400,744175,2010-02-05 00:00:00,1
2010-02-08 00:00:00,2010-02-08 00:00:00,141,2010-02-08 00:00:00,139,139.75,43,37600,5254725,2010-02-08 00:00:00,1
2010-02-09 00:00:00,2010-02-09 00:00:00,140,2010-02-09 00:00:00,136,139.75,23,22200,3068575,2010-02-09 00:00:00,1
2010-02-10 00:00:00,2010-02-10 00:00:00,140,2010-02-10 00:00:00,137,140,9,6900,963350,2010-02-10 00:00:00,1
2010-02-11 00:00:00,2010-02-11 00:00:00,137,2010-02-11 00:00:00,135,135.25,14,4400,594600,2010-02-11 00:00:00,1
2010-02-12 00:00:00,2010-02-12 00:00:00,135,2010-02-12 00:00:00,133.5,134,14,7100,954975,2010-02-12 00:00:00,1
2010-02-15 00:00:00,2010-02-15 00:00:00,133.25,2010-02-15 00:00:00,132.25,132.5,16,4300,571725,2010-02-15 00:00:00,1
2010-02-16 00:00:00,2010-02-16 00:00:00,132.25,2010-02-16 00:00:00,131,131,4,800,105675,2010-02-16 00:00:00,1
2010-02-17 00:00:00,2010-02-17 00:00:00,131.5,2010-02-17 00:00:00,130,130.75,18,5900,767750,2010-02-17 00:00:00,1
2010-02-18 00:00:00,2010-02-18 00:00:00,133,2010-02-18 00:00:00,131.5,133,2,2800,372250,2010-02-18 00:00:00,1
2010-02-19 00:00:00,2010-02-19 00:00:00,135,2010-02-19 00:00:00,134.5,135,7,4300,579400,2010-02-19 00:00:00,1
2010-02-22 00:00:00,2010-02-22 00:00:00,138,2010-02-22 00:00:00,136,137.25,9,4900,671775,2010-02-22 00:00:00,1
2010-02-23 00:00:00,2010-02-23 00:00:00,145,2010-02-23 00:00:00,140,143,73,70100,10043575,2010-02-23 00:00:00,1
2010-02-24 00:00:00,2010-02-24 00:00:00,144.5,2010-02-24 00:00:00,143.5,144,51,21000,3029175,2010-02-24 00:00:00,1
2010-02-25 00:00:00,2010-02-25 00:00:00,143,2010-02-25 00:00:00,141,142,21,18800,2669550,2010-02-25 00:00:00,1
2010-02-26 00:00:00,2010-02-26 00:00:00,142,2010-02-26 00:00:00,142,142,3,700,99400,2010-02-26 00:00:00,1
2010-03-01 00:00:00,2010-03-01 00:00:00,141,2010-03-01 00:00:00,140,140,26,29100,4077975,2010-03-01 00:00:00,1
2010-03-02 00:00:00,2010-03-02 00:00:00,140,2010-03-02 00:00:00,138.25,138.5,18,7600,1056450,2010-03-02 00:00:00,1
2010-03-03 00:00:00,2010-03-03 00:00:00,138.5,2010-03-03 00:00:00,138,138,20,16300,2250250,2010-03-03 00:00:00,1
2010-03-04 00:00:00,2010-03-04 00:00:00,140,2010-03-04 00:00:00,138,139.75,20,5100,712425,2010-03-04 00:00:00,1
2010-03-05 00:00:00,2010-03-05 00:00:00,145,2010-03-05 00:00:00,140,141,12,4400,617600,2010-03-05 00:00:00,1
2010-03-08 00:00:00,2010-03-08 00:00:00,141,2010-03-08 00:00:00,140,140,19,181700,25439400,2010-03-08 00:00:00,1
2010-03-09 00:00:00,2010-03-09 00:00:00,140,2010-03-09 00:00:00,138.5,140,14,118900,16645850,2010-03-09 00:00:00,1
2010-03-10 00:00:00,2010-03-10 00:00:00,141.5,2010-03-10 00:00:00,140,140,8,99300,13902275,2010-03-10 00:00:00,1
2010-03-11 00:00:00,2010-03-11 00:00:00,140,2010-03-11 00:00:00,138.5,139,18,12800,1781650,2010-03-11 00:00:00,1
2010-03-12 00:00:00,2010-03-12 00:00:00,140,2010-03-12 00:00:00,138,139.25,6,1600,222125,2010-03-12 00:00:00,1
2010-03-15 00:00:00,2010-03-15 00:00:00,141,2010-03-15 00:00:00,139,139,11,7300,1017375,2010-03-15 00:00:00,1
2010-03-16 00:00:00,2010-03-16 00:00:00,139,2010-03-16 00:00:00,138.75,139,2,2000,277875,2010-03-16 00:00:00,1
2010-03-17 00:00:00,2010-03-17 00:00:00,142,2010-03-17 00:00:00,138,138,3,400,55950,2010-03-17 00:00:00,1
2010-03-18 00:00:00,2010-03-18 00:00:00,138.5,2010-03-18 00:00:00,138.5,138.5,1,500,69250,2010-03-18 00:00:00,1
2010-03-19 00:00:00,2010-03-19 00:00:00,138.5,2010-03-19 00:00:00,137,137,3,300,41250,2010-03-19 00:00:00,1
2010-03-22 00:00:00,2010-03-22 00:00:00,138,2010-03-22 00:00:00,137,137.75,5,1500,206000,2010-03-22 00:00:00,1
2010-03-23 00:00:00,2010-03-23 00:00:00,138.25,2010-03-23 00:00:00,137.5,138,13,6800,937775,2010-03-23 00:00:00,1
2010-03-24 00:00:00,2010-03-24 00:00:00,138.75,2010-03-24 00:00:00,138,138,11,11600,1601075,2010-03-24 00:00:00,1
2010-03-25 00:00:00,2010-03-25 00:00:00,138.5,2010-03-25 00:00:00,137.5,138,7,7200,994800,2010-03-25 00:00:00,1
2010-03-26 00:00:00,2010-03-26 00:00:00,144,2010-03-26 00:00:00,140,143,25,33700,4794650,2010-03-26 00:00:00,1
2010-03-30 00:00:00,2010-03-30 00:00:00,145,2010-03-30 00:00:00,143,145,39,38400,5562600,2010-03-30 00:00:00,1
2010-03-31 00:00:00,2010-03-31 00:00:00,146,2010-03-31 00:00:00,145,145.75,24,40700,5922950,2010-03-31 00:00:00,1
2010-04-01 00:00:00,2010-04-01 00:00:00,162,2010-04-01 00:00:00,152,158,156,69000,10832075,2010-04-01 00:00:00,1
2010-04-05 00:00:00,2010-04-05 00:00:00,172,2010-04-05 00:00:00,159.75,170.25,124,75100,12440325,2010-04-05 00:00:00,1
2010-04-06 00:00:00,2010-04-06 00:00:00,190,2010-04-06 00:00:00,175,188.25,137,83700,15553625,2010-04-06 00:00:00,1
2010-04-07 00:00:00,2010-04-07 00:00:00,192,2010-04-07 00:00:00,182,189,75,62300,11734675,2010-04-07 00:00:00,1
2010-04-08 00:00:00,2010-04-08 00:00:00,200,2010-04-08 00:00:00,190,193.25,40,13900,2672350,2010-04-08 00:00:00,1
2010-04-12 00:00:00,2010-04-12 00:00:00,204,2010-04-12 00:00:00,195,201,46,14900,2989875,2010-04-12 00:00:00,1
2010-04-15 00:00:00,2010-04-15 00:00:00,201,2010-04-15 00:00:00,196,200.75,18,8200,1635350,2010-04-15 00:00:00,1
2010-04-16 00:00:00,2010-04-16 00:00:00,203,2010-04-16 00:00:00,200,201.5,30,26800,5377475,2010-04-16 00:00:00,1
2010-04-19 00:00:00,2010-04-19 00:00:00,208.25,2010-04-19 00:00:00,201,206.75,31,18300,3737500,2010-04-19 00:00:00,1
2010-04-20 00:00:00,2010-04-20 00:00:00,209,2010-04-20 00:00:00,205,205,14,4800,992000,2010-04-20 00:00:00,1
2010-04-21 00:00:00,2010-04-21 00:00:00,206.25,2010-04-21 00:00:00,204.5,206,29,37500,7682800,2010-04-21 00:00:00,1
2010-04-22 00:00:00,2010-04-22 00:00:00,209,2010-04-22 00:00:00,205,208.25,35,46000,9435975,2010-04-22 00:00:00,1
2010-04-23 00:00:00,2010-04-23 00:00:00,214.5,2010-04-23 00:00:00,209,210.5,26,7800,1639925,2010-04-23 00:00:00,1
2010-04-26 00:00:00,2010-04-26 00:00:00,214.75,2010-04-26 00:00:00,209,214,21,4200,890125,2010-04-26 00:00:00,1
2010-04-27 00:00:00,2010-04-27 00:00:00,214.5,2010-04-27 00:00:00,212,214,31,80800,17286925,2010-04-27 00:00:00,1
2010-04-29 00:00:00,2010-04-29 00:00:00,214.25,2010-04-29 00:00:00,213,214,19,42500,9091500,2010-04-29 00:00:00,1
2010-04-30 00:00:00,2010-04-30 00:00:00,214.5,2010-04-30 00:00:00,214,214.5,12,10400,2229450,2010-04-30 00:00:00,1
2010-05-03 00:00:00,2010-05-03 00:00:00,214,2010-05-03 00:00:00,213,213,23,15800,3370725,2010-05-03 00:00:00,1
2010-05-04 00:00:00,2010-05-04 00:00:00,214.25,2010-05-04 00:00:00,214,214,20,142800,30559250,2010-05-04 00:00:00,1
2010-05-05 00:00:00,2010-05-05 00:00:00,215,2010-05-05 00:00:00,214,214.5,17,32400,6951775,2010-05-05 00:00:00,1
2010-05-06 00:00:00,2010-05-06 00:00:00,214,2010-05-06 00:00:00,212.5,214,33,26300,5626150,2010-05-06 00:00:00,1
2010-05-07 00:00:00,2010-05-07 00:00:00,214.5,2010-05-07 00:00:00,212,213,20,14200,3025925,2010-05-07 00:00:00,1
2010-05-10 00:00:00,2010-05-10 00:00:00,212,2010-05-10 00:00:00,210,210,16,4000,842250,2010-05-10 00:00:00,1
2010-05-11 00:00:00,2010-05-11 00:00:00,209.75,2010-05-11 00:00:00,208,208.75,13,3100,648700,2010-05-11 00:00:00,1
2010-05-12 00:00:00,2010-05-12 00:00:00,210,2010-05-12 00:00:00,208,208.25,16,3600,751975,2010-05-12 00:00:00,1
2010-05-13 00:00:00,2010-05-13 00:00:00,208.5,2010-05-13 00:00:00,206,206,18,72200,14877575,2010-05-13 00:00:00,1
2010-05-14 00:00:00,2010-05-14 00:00:00,209,2010-05-14 00:00:00,205,207,2,200,41400,2010-05-14 00:00:00,1
2010-05-17 00:00:00,2010-05-17 00:00:00,210.25,2010-05-17 00:00:00,208.75,210.25,13,5300,1109225,2010-05-17 00:00:00,1
2010-05-18 00:00:00,2010-05-18 00:00:00,213.25,2010-05-18 00:00:00,210,212.5,20,12400,2629150,2010-05-18 00:00:00,1
2010-05-19 00:00:00,2010-05-19 00:00:00,212,2010-05-19 00:00:00,212,212,3,1100,233200,2010-05-19 00:00:00,1
2010-05-20 00:00:00,2010-05-20 00:00:00,212.25,2010-05-20 00:00:00,212,212,9,5300,1123800,2010-05-20 00:00:00,1
2010-05-21 00:00:00,2010-05-21 00:00:00,212,2010-05-21 00:00:00,210,210,16,5500,1157400,2010-05-21 00:00:00,1
2010-05-24 00:00:00,2010-05-24 00:00:00,214.25,2010-05-24 00:00:00,211,212,14,7400,1569175,2010-05-24 00:00:00,1
2010-05-25 00:00:00,2010-05-25 00:00:00,212,2010-05-25 00:00:00,210,212,19,30800,6524100,2010-05-25 00:00:00,1
2010-05-26 00:00:00,2010-05-26 00:00:00,212,2010-05-26 00:00:00,210,210,15,5200,1098400,2010-05-26 00:00:00,1
2010-05-31 00:00:00,2010-05-31 00:00:00,210,2010-05-31 00:00:00,208,210,5,1700,356600,2010-05-31 00:00:00,1
2010-06-01 00:00:00,2010-06-01 00:00:00,214,2010-06-01 00:00:00,210,213,18,5900,1251200,2010-06-01 00:00:00,1
2010-06-02 00:00:00,2010-06-02 00:00:00,214,2010-06-02 00:00:00,212,213.5,29,31400,6689500,2010-06-02 00:00:00,1
2010-06-03 00:00:00,2010-06-03 00:00:00,220,2010-06-03 00:00:00,214,219.75,47,36800,7960050,2010-06-03 00:00:00,1
2010-06-04 00:00:00,2010-06-04 00:00:00,225,2010-06-04 00:00:00,219,220,31,12200,2697325,2010-06-04 00:00:00,1
2010-06-07 00:00:00,2010-06-07 00:00:00,225,2010-06-07 00:00:00,220,221.75,57,33000,7358350,2010-06-07 00:00:00,1
2010-06-08 00:00:00,2010-06-08 00:00:00,224,2010-06-08 00:00:00,220,220.5,37,23500,5191275,2010-06-08 00:00:00,1
2010-06-09 00:00:00,2010-06-09 00:00:00,225,2010-06-09 00:00:00,221.25,221.5,16,7300,1616475,2010-06-09 00:00:00,1
2010-06-10 00:00:00,2010-06-10 00:00:00,224,2010-06-10 00:00:00,221.5,224,39,60500,13490225,2010-06-10 00:00:00,1
2010-06-11 00:00:00,2010-06-11 00:00:00,224,2010-06-11 00:00:00,222,222.5,25,41600,9254600,2010-06-11 00:00:00,1
2010-06-14 00:00:00,2010-06-14 00:00:00,222,2010-06-14 00:00:00,220,220,23,13300,2928025,2010-06-14 00:00:00,1
2010-06-15 00:00:00,2010-06-15 00:00:00,226,2010-06-15 00:00:00,220,221,95,67900,14970200,2010-06-15 00:00:00,1
2010-06-21 00:00:00,2010-06-21 00:00:00,217,2010-06-21 00:00:00,154,154.25,163,88300,14261000,2010-06-21 00:00:00,1
2010-06-22 00:00:00,2010-06-22 00:00:00,155.5,2010-06-22 00:00:00,154,154.5,61,61000,9453500,2010-06-22 00:00:00,1
2010-06-23 00:00:00,2010-06-23 00:00:00,155,2010-06-23 00:00:00,148,149.75,37,28600,4293075,2010-06-23 00:00:00,1
2010-06-24 00:00:00,2010-06-24 00:00:00,148,2010-06-24 00:00:00,143.25,146.25,37,15800,2310150,2010-06-24 00:00:00,1
2010-06-28 00:00:00,2010-06-28 00:00:00,146.5,2010-06-28 00:00:00,142.5,143,35,12600,1816800,2010-06-28 00:00:00,1
2010-06-29 00:00:00,2010-06-29 00:00:00,148.75,2010-06-29 00:00:00,138,140,80,51700,7341100,2010-06-29 00:00:00,1
2010-06-30 00:00:00,2010-06-30 00:00:00,140.25,2010-06-30 00:00:00,137.5,138,32,14600,2021575,2010-06-30 00:00:00,1
2010-07-01 00:00:00,2010-07-01 00:00:00,144.75,2010-07-01 00:00:00,138,140,43,22400,3148575,2010-07-01 00:00:00,1
2010-07-02 00:00:00,2010-07-02 00:00:00,145,2010-07-02 00:00:00,142,142.5,41,37700,5376850,2010-07-02 00:00:00,1
2010-07-05 00:00:00,2010-07-05 00:00:00,145,2010-07-05 00:00:00,138,138.5,24,6600,920350,2010-07-05 00:00:00,1
2010-07-06 00:00:00,2010-07-06 00:00:00,140,2010-07-06 00:00:00,139,139,43,42200,5867650,2010-07-06 00:00:00,1
2010-07-07 00:00:00,2010-07-07 00:00:00,138.75,2010-07-07 00:00:00,136,136.5,13,3600,494300,2010-07-07 00:00:00,1
2010-07-08 00:00:00,2010-07-08 00:00:00,140,2010-07-08 00:00:00,138,140,15,13400,1869775,2010-07-08 00:00:00,1
2010-07-09 00:00:00,2010-07-09 00:00:00,139.75,2010-07-09 00:00:00,139,139,16,13300,1850325,2010-07-09 00:00:00,1
2010-07-12 00:00:00,2010-07-12 00:00:00,139,2010-07-12 00:00:00,137.5,138,9,2400,331700,2010-07-12 00:00:00,1
2010-07-13 00:00:00,2010-07-13 00:00:00,139,2010-07-13 00:00:00,138,139,30,42600,5909000,2010-07-13 00:00:00,1
2010-07-14 00:00:00,2010-07-14 00:00:00,140,2010-07-14 00:00:00,138,139,8,1900,263475,2010-07-14 00:00:00,1
2010-07-15 00:00:00,2010-07-15 00:00:00,139.75,2010-07-15 00:00:00,139,139,8,8900,1240100,2010-07-15 00:00:00,1
2010-07-16 00:00:00,2010-07-16 00:00:00,140,2010-07-16 00:00:00,139.5,139.75,23,60000,8378275,2010-07-16 00:00:00,1
2010-07-19 00:00:00,2010-07-19 00:00:00,142.75,2010-07-19 00:00:00,139,140,5,1000,141750,2010-07-19 00:00:00,1
2010-07-20 00:00:00,2010-07-20 00:00:00,143,2010-07-20 00:00:00,140,141.25,50,164000,23028025,2010-07-20 00:00:00,1
2010-07-21 00:00:00,2010-07-21 00:00:00,142.5,2010-07-21 00:00:00,140.5,141.25,27,50100,7075150,2010-07-21 00:00:00,1
2010-07-22 00:00:00,2010-07-22 00:00:00,142,2010-07-22 00:00:00,141,141,16,29600,4176325,2010-07-22 00:00:00,1
2010-07-23 00:00:00,2010-07-23 00:00:00,141.5,2010-07-23 00:00:00,141.25,141.5,24,29300,4143350,2010-07-23 00:00:00,1
2010-07-26 00:00:00,2010-07-26 00:00:00,142.25,2010-07-26 00:00:00,141,141,22,23000,3243275,2010-07-26 00:00:00,1
2010-07-27 00:00:00,2010-07-27 00:00:00,142.25,2010-07-27 00:00:00,141,142.25,36,16500,2345125,2010-07-27 00:00:00,1
2010-07-28 00:00:00,2010-07-28 00:00:00,147.75,2010-07-28 00:00:00,143,145,43,64200,9300825,2010-07-28 00:00:00,1
2010-07-29 00:00:00,2010-07-29 00:00:00,150,2010-07-29 00:00:00,145,145,29,19600,2871725,2010-07-29 00:00:00,1
2010-07-30 00:00:00,2010-07-30 00:00:00,145,2010-07-30 00:00:00,143,144.25,6,2200,316475,2010-07-30 00:00:00,1
2010-08-02 00:00:00,2010-08-02 00:00:00,150,2010-08-02 00:00:00,145,148.7,46,72300,10638830,2010-08-02 00:00:00,1
2010-08-03 00:00:00,2010-08-03 00:00:00,150.5,2010-08-03 00:00:00,148,149.3,49,174000,25996110,2010-08-03 00:00:00,1
2010-08-04 00:00:00,2010-08-04 00:00:00,150.8,2010-08-04 00:00:00,148,150.8,42,195500,29309240,2010-08-04 00:00:00,1
2010-08-05 00:00:00,2010-08-05 00:00:00,151,2010-08-05 00:00:00,145,146.3,45,71000,10490150,2010-08-05 00:00:00,1
2010-08-06 00:00:00,2010-08-06 00:00:00,150,2010-08-06 00:00:00,143.1,147,13,15100,2217240,2010-08-06 00:00:00,1
2010-08-09 00:00:00,2010-08-09 00:00:00,149.9,2010-08-09 00:00:00,138,139.9,66,24600,3447820,2010-08-09 00:00:00,1
2010-08-10 00:00:00,2010-08-10 00:00:00,147,2010-08-10 00:00:00,132,143.1,125,120000,16826600,2010-08-10 00:00:00,1
2010-08-11 00:00:00,2010-08-11 00:00:00,150,2010-08-11 00:00:00,144,145.4,87,126400,18520680,2010-08-11 00:00:00,1
2010-08-12 00:00:00,2010-08-12 00:00:00,150,2010-08-12 00:00:00,140.2,143.9,32,24500,3513030,2010-08-12 00:00:00,1
2010-08-13 00:00:00,2010-08-13 00:00:00,144,2010-08-13 00:00:00,142.5,144,19,38100,5482150,2010-08-13 00:00:00,1
2010-08-16 00:00:00,2010-08-16 00:00:00,149.9,2010-08-16 00:00:00,142.5,143.5,23,19600,2814160,2010-08-16 00:00:00,1
2010-08-17 00:00:00,2010-08-17 00:00:00,146,2010-08-17 00:00:00,143,143.9,19,14900,2145470,2010-08-17 00:00:00,1
2010-08-18 00:00:00,2010-08-18 00:00:00,147.9,2010-08-18 00:00:00,142,142.3,35,19800,2822520,2010-08-18 00:00:00,1
2010-08-19 00:00:00,2010-08-19 00:00:00,145,2010-08-19 00:00:00,142,143.2,16,8600,1228100,2010-08-19 00:00:00,1
2010-08-20 00:00:00,2010-08-20 00:00:00,143.5,2010-08-20 00:00:00,142,142,35,92600,13152460,2010-08-20 00:00:00,1
2010-08-23 00:00:00,2010-08-23 00:00:00,148,2010-08-23 00:00:00,144,144.4,14,11800,1713680,2010-08-23 00:00:00,1
2010-08-25 00:00:00,2010-08-25 00:00:00,145,2010-08-25 00:00:00,142,143.5,14,38800,5576350,2010-08-25 00:00:00,1
2010-08-26 00:00:00,2010-08-26 00:00:00,148,2010-08-26 00:00:00,144,144.6,21,13000,1881960,2010-08-26 00:00:00,1
2010-08-27 00:00:00,2010-08-27 00:00:00,145.9,2010-08-27 00:00:00,143,144,18,24300,3504760,2010-08-27 00:00:00,1
2010-08-30 00:00:00,2010-08-30 00:00:00,145,2010-08-30 00:00:00,143,143.2,27,183600,26139300,2010-08-30 00:00:00,1
2010-08-31 00:00:00,2010-08-31 00:00:00,143,2010-08-31 00:00:00,142,142,39,82300,11693100,2010-08-31 00:00:00,1
2010-09-01 00:00:00,2010-09-01 00:00:00,145,2010-09-01 00:00:00,142,144,56,289100,41616120,2010-09-01 00:00:00,1
2010-09-02 00:00:00,2010-09-02 00:00:00,144,2010-09-02 00:00:00,143,143.1,17,7700,1102660,2010-09-02 00:00:00,1
2010-09-03 00:00:00,2010-09-03 00:00:00,145,2010-09-03 00:00:00,143,145,46,380000,54736060,2010-09-03 00:00:00,1
2010-09-06 00:00:00,2010-09-06 00:00:00,146.9,2010-09-06 00:00:00,142.2,142.6,17,14800,2145050,2010-09-06 00:00:00,1
2010-09-07 00:00:00,2010-09-07 00:00:00,145,2010-09-07 00:00:00,144,144.8,22,21300,3077420,2010-09-07 00:00:00,1
2010-09-08 00:00:00,2010-09-08 00:00:00,146,2010-09-08 00:00:00,142.5,144.6,22,65300,9391570,2010-09-08 00:00:00,1
2010-09-09 00:00:00,2010-09-09 00:00:00,145,2010-09-09 00:00:00,143.5,143.8,45,76700,11020380,2010-09-09 00:00:00,1
2010-09-13 00:00:00,2010-09-13 00:00:00,149.9,2010-09-13 00:00:00,143.6,145.2,141,701800,101818870,2010-09-13 00:00:00,1
2010-09-14 00:00:00,2010-09-14 00:00:00,153,2010-09-14 00:00:00,145.5,147.6,85,88200,13034350,2010-09-14 00:00:00,1
2010-09-15 00:00:00,2010-09-15 00:00:00,150,2010-09-15 00:00:00,143.5,149.6,95,183100,27157060,2010-09-15 00:00:00,1
2010-09-16 00:00:00,2010-09-16 00:00:00,164.5,2010-09-16 00:00:00,152,163.8,353,379000,60867330,2010-09-16 00:00:00,1
2010-09-17 00:00:00,2010-09-17 00:00:00,179.5,2010-09-17 00:00:00,170,177.4,348,316300,55821820,2010-09-17 00:00:00,1
2010-09-20 00:00:00,2010-09-20 00:00:00,196.9,2010-09-20 00:00:00,164,174.7,154,82700,14478070,2010-09-20 00:00:00,1
2010-09-21 00:00:00,2010-09-21 00:00:00,178,2010-09-21 00:00:00,75,175.1,126,126300,21598350,2010-09-21 00:00:00,1
2010-09-23 00:00:00,2010-09-23 00:00:00,180,2010-09-23 00:00:00,174,175.6,119,123000,21724600,2010-09-23 00:00:00,1
2010-09-24 00:00:00,2010-09-24 00:00:00,184.9,2010-09-24 00:00:00,176,182,219,189000,34292340,2010-09-24 00:00:00,1
2010-09-27 00:00:00,2010-09-27 00:00:00,187,2010-09-27 00:00:00,175,180.4,132,61500,11277270,2010-09-27 00:00:00,1
2010-09-28 00:00:00,2010-09-28 00:00:00,180,2010-09-28 00:00:00,174,175.1,71,26900,4723070,2010-09-28 00:00:00,1
2010-09-29 00:00:00,2010-09-29 00:00:00,175,2010-09-29 00:00:00,173.1,173.6,50,20100,3493950,2010-09-29 00:00:00,1
2010-09-30 00:00:00,2010-09-30 00:00:00,180,2010-09-30 00:00:00,172.6,174.7,94,54100,9466010,2010-09-30 00:00:00,1
2010-10-01 00:00:00,2010-10-01 00:00:00,180,2010-10-01 00:00:00,175,176.9,88,59900,10668170,2010-10-01 00:00:00,1
2010-10-04 00:00:00,2010-10-04 00:00:00,180,2010-10-04 00:00:00,175,176.1,81,73600,13124930,2010-10-04 00:00:00,1
2010-10-05 00:00:00,2010-10-05 00:00:00,180,2010-10-05 00:00:00,170,171.8,76,25400,4385300,2010-10-05 00:00:00,1
2010-10-06 00:00:00,2010-10-06 00:00:00,175,2010-10-06 00:00:00,168,169.2,54,22300,3816260,2010-10-06 00:00:00,1
2010-10-07 00:00:00,2010-10-07 00:00:00,175,2010-10-07 00:00:00,160.1,168.1,66,21700,3651110,2010-10-07 00:00:00,1
2010-10-08 00:00:00,2010-10-08 00:00:00,169.5,2010-10-08 00:00:00,156,168.9,46,21800,3652360,2010-10-08 00:00:00,1
2010-10-11 00:00:00,2010-10-11 00:00:00,170.7,2010-10-11 00:00:00,168,168.4,49,26100,4413650,2010-10-11 00:00:00,1
2010-10-12 00:00:00,2010-10-12 00:00:00,166,2010-10-12 00:00:00,157,160.2,47,25800,4212820,2010-10-12 00:00:00,1
2010-10-13 00:00:00,2010-10-13 00:00:00,160,2010-10-13 00:00:00,140,157.1,115,78800,12188210,2010-10-13 00:00:00,1
2010-10-14 00:00:00,2010-10-14 00:00:00,159.9,2010-10-14 00:00:00,152,154.7,58,35800,5559630,2010-10-14 00:00:00,1
2010-10-15 00:00:00,2010-10-15 00:00:00,160,2010-10-15 00:00:00,154,155.8,37,27400,4293580,2010-10-15 00:00:00,1
2010-10-18 00:00:00,2010-10-18 00:00:00,160,2010-10-18 00:00:00,155,155.8,28,11800,1839740,2010-10-18 00:00:00,1
2010-10-19 00:00:00,2010-10-19 00:00:00,161,2010-10-19 00:00:00,155,160.6,81,51100,8118040,2010-10-19 00:00:00,1
2010-10-20 00:00:00,2010-10-20 00:00:00,166.9,2010-10-20 00:00:00,160.1,161,54,26900,4364890,2010-10-20 00:00:00,1
2010-10-21 00:00:00,2010-10-21 00:00:00,161,2010-10-21 00:00:00,159,159,43,19500,3117570,2010-10-21 00:00:00,1
2010-10-25 00:00:00,2010-10-25 00:00:00,159,2010-10-25 00:00:00,157,157.3,16,4200,664470,2010-10-25 00:00:00,1
2010-10-26 00:00:00,2010-10-26 00:00:00,155,2010-10-26 00:00:00,152,155,46,45000,6965350,2010-10-26 00:00:00,1
2010-10-27 00:00:00,2010-10-27 00:00:00,157,2010-10-27 00:00:00,150,150.7,23,7800,1185550,2010-10-27 00:00:00,1
2010-10-28 00:00:00,2010-10-28 00:00:00,156.8,2010-10-28 00:00:00,152,155,31,24800,3843470,2010-10-28 00:00:00,1
2010-10-29 00:00:00,2010-10-29 00:00:00,162,2010-10-29 00:00:00,155,158.5,37,20400,3236920,2010-10-29 00:00:00,1
2010-11-01 00:00:00,2010-11-01 00:00:00,165,2010-11-01 00:00:00,161,163.2,63,71600,11751490,2010-11-01 00:00:00,1
2010-11-02 00:00:00,2010-11-02 00:00:00,168,2010-11-02 00:00:00,165,167.1,107,94700,15783700,2010-11-02 00:00:00,1
2010-11-03 00:00:00,2010-11-03 00:00:00,169,2010-11-03 00:00:00,165,166.8,21,28800,4823400,2010-11-03 00:00:00,1
2010-11-04 00:00:00,2010-11-04 00:00:00,166.8,2010-11-04 00:00:00,164.3,164.7,13,10800,1794410,2010-11-04 00:00:00,1
2010-11-08 00:00:00,2010-11-08 00:00:00,168,2010-11-08 00:00:00,161.1,162,13,5400,887720,2010-11-08 00:00:00,1
2010-11-09 00:00:00,2010-11-09 00:00:00,164,2010-11-09 00:00:00,162,163.6,19,15900,2593460,2010-11-09 00:00:00,1
2010-11-10 00:00:00,2010-11-10 00:00:00,164,2010-11-10 00:00:00,161.3,161.3,18,37600,6158630,2010-11-10 00:00:00,1
2010-11-11 00:00:00,2010-11-11 00:00:00,161.3,2010-11-11 00:00:00,160.5,160.7,18,7500,1207110,2010-11-11 00:00:00,1
2010-11-12 00:00:00,2010-11-12 00:00:00,162.5,2010-11-12 00:00:00,160.5,162.2,18,14600,2366500,2010-11-12 00:00:00,1
2010-11-15 00:00:00,2010-11-15 00:00:00,162,2010-11-15 00:00:00,159.5,160.9,19,8100,1307000,2010-11-15 00:00:00,1
2010-11-16 00:00:00,2010-11-16 00:00:00,161,2010-11-16 00:00:00,158,158.8,31,39800,6354720,2010-11-16 00:00:00,1
2010-11-18 00:00:00,2010-11-18 00:00:00,161,2010-11-18 00:00:00,159,160,12,20200,3221960,2010-11-18 00:00:00,1
2010-11-22 00:00:00,2010-11-22 00:00:00,161,2010-11-22 00:00:00,160,160.9,21,20700,3327510,2010-11-22 00:00:00,1
2010-11-23 00:00:00,2010-11-23 00:00:00,164,2010-11-23 00:00:00,161,161,57,36400,5881850,2010-11-23 00:00:00,1
2010-11-24 00:00:00,2010-11-24 00:00:00,165,2010-11-24 00:00:00,160,162.1,59,69300,11231490,2010-11-24 00:00:00,1
2010-11-25 00:00:00,2010-11-25 00:00:00,163,2010-11-25 00:00:00,160,160.5,25,15200,2439710,2010-11-25 00:00:00,1
2010-11-26 00:00:00,2010-11-26 00:00:00,160.5,2010-11-26 00:00:00,160,160.1,24,30700,4916760,2010-11-26 00:00:00,1
2010-11-29 00:00:00,2010-11-29 00:00:00,162,2010-11-29 00:00:00,155.5,155.9,27,13600,2136450,2010-11-29 00:00:00,1
2010-11-30 00:00:00,2010-11-30 00:00:00,164,2010-11-30 00:00:00,159,161,63,58800,9569280,2010-11-30 00:00:00,1
2010-12-01 00:00:00,2010-12-01 00:00:00,162,2010-12-01 00:00:00,161.5,162,86,145000,23488790,2010-12-01 00:00:00,1
2010-12-02 00:00:00,2010-12-02 00:00:00,165,2010-12-02 00:00:00,159,162.2,29,9200,1493800,2010-12-02 00:00:00,1
2010-12-03 00:00:00,2010-12-03 00:00:00,162,2010-12-03 00:00:00,161,162,17,111500,18061200,2010-12-03 00:00:00,1
2010-12-06 00:00:00,2010-12-06 00:00:00,161.5,2010-12-06 00:00:00,160,160.1,6,4000,640160,2010-12-06 00:00:00,1
2010-12-07 00:00:00,2010-12-07 00:00:00,161.5,2010-12-07 00:00:00,160,160.2,10,4000,641760,2010-12-07 00:00:00,1
2010-12-08 00:00:00,2010-12-08 00:00:00,160,2010-12-08 00:00:00,159.9,160,13,6900,1103990,2010-12-08 00:00:00,1
2010-12-09 00:00:00,2010-12-09 00:00:00,160,2010-12-09 00:00:00,158.5,159,9,5000,795350,2010-12-09 00:00:00,1
2010-12-10 00:00:00,2010-12-10 00:00:00,159.9,2010-12-10 00:00:00,158,158.1,22,18000,2852480,2010-12-10 00:00:00,1
2010-12-13 00:00:00,2010-12-13 00:00:00,163,2010-12-13 00:00:00,159,159.5,18,7700,1231210,2010-12-13 00:00:00,1
2010-12-14 00:00:00,2010-12-14 00:00:00,158.5,2010-12-14 00:00:00,157,157.8,13,4700,742400,2010-12-14 00:00:00,1
2010-12-15 00:00:00,2010-12-15 00:00:00,158.3,2010-12-15 00:00:00,158.3,158.3,1,200,31660,2010-12-15 00:00:00,1
2010-12-16 00:00:00,2010-12-16 00:00:00,163,2010-12-16 00:00:00,156,156.2,12,5600,878980,2010-12-16 00:00:00,1
2010-12-17 00:00:00,2010-12-17 00:00:00,156.5,2010-12-17 00:00:00,156.2,156.5,5,900,140760,2010-12-17 00:00:00,1
2010-12-21 00:00:00,2010-12-21 00:00:00,156,2010-12-21 00:00:00,155,156,24,6900,1075870,2010-12-21 00:00:00,1
2010-12-22 00:00:00,2010-12-22 00:00:00,164,2010-12-22 00:00:00,155,159.5,21,5000,788960,2010-12-22 00:00:00,1
2010-12-23 00:00:00,2010-12-23 00:00:00,160,2010-12-23 00:00:00,158.1,160,11,6600,1053410,2010-12-23 00:00:00,1
2010-12-24 00:00:00,2010-12-24 00:00:00,160,2010-12-24 00:00:00,159.5,160,8,3000,479850,2010-12-24 00:00:00,1
2010-12-27 00:00:00,2010-12-27 00:00:00,161,2010-12-27 00:00:00,159.5,160.3,13,9100,1458450,2010-12-27 00:00:00,1
2010-12-28 00:00:00,2010-12-28 00:00:00,162,2010-12-28 00:00:00,160,160.9,19,13000,2087340,2010-12-28 00:00:00,1
2010-12-29 00:00:00,2010-12-29 00:00:00,162,2010-12-29 00:00:00,160.5,161.6,15,4800,773200,2010-12-29 00:00:00,1
2010-12-30 00:00:00,2010-12-30 00:00:00,162,2010-12-30 00:00:00,160,161.3,24,10300,1654500,2010-12-30 00:00:00,1
2010-12-31 00:00:00,2010-12-31 00:00:00,165,2010-12-31 00:00:00,160.4,162,42,27900,4574340,2010-12-31 00:00:00,1
Company Id :  COMD,,Security Type :  N,,Sub Type :  0000,,,,,,
Short Name :  COMMERCIAL DEV.,,,,,,,,,,
Day,Date High,High,Date Low,Low,Closing,No. of Trades,No. of Shares,Turnover,Last Traded,Days Traded
2010-01-04 00:00:00,2010-01-04 00:00:00,51.25,2010-01-04 00:00:00,51,51,5,2400,122500,2010-01-04 00:00:00,1
2010-01-06 00:00:00,2010-01-06 00:00:00,51,2010-01-06 00:00:00,51,51,1,100,5100,2010-01-06 00:00:00,1
2010-01-08 00:00:00,2010-01-08 00:00:00,58,2010-01-08 00:00:00,50.5,55,29,23100,1267875,2010-01-08 00:00:00,1
2010-01-13 00:00:00,2010-01-13 00:00:00,51.75,2010-01-13 00:00:00,51.75,51.75,1,100,5175,2010-01-13 00:00:00,1
2010-01-15 00:00:00,2010-01-15 00:00:00,51.75,2010-01-15 00:00:00,51.75,51.75,1,400,20700,2010-01-15 00:00:00,1
2010-01-19 00:00:00,2010-01-19 00:00:00,50,2010-01-19 00:00:00,50,50,2,1800,90000,2010-01-19 00:00:00,1
2010-01-20 00:00:00,2010-01-20 00:00:00,56.5,2010-01-20 00:00:00,52,54,9,4100,221450,2010-01-20 00:00:00,1
2010-01-22 00:00:00,2010-01-22 00:00:00,52,2010-01-22 00:00:00,52,52,1,1000,52000,2010-01-22 00:00:00,1
2010-01-25 00:00:00,2010-01-25 00:00:00,54,2010-01-25 00:00:00,51,52.5,16,7600,396700,2010-01-25 00:00:00,1
2010-01-26 00:00:00,2010-01-26 00:00:00,55,2010-01-26 00:00:00,41,47.5,44,24100,1144525,2010-01-26 00:00:00,1
2010-01-28 00:00:00,2010-01-28 00:00:00,50,2010-01-28 00:00:00,49.75,50,8,2700,134850,2010-01-28 00:00:00,1
2010-02-01 00:00:00,2010-02-01 00:00:00,51,2010-02-01 00:00:00,51,51,1,200,10200,2010-02-01 00:00:00,1
2010-02-02 00:00:00,2010-02-02 00:00:00,51.75,2010-02-02 00:00:00,51.25,51.25,4,700,35925,2010-02-02 00:00:00,1
2010-02-03 00:00:00,2010-02-03 00:00:00,51,2010-02-03 00:00:00,50,50.25,3,500,25200,2010-02-03 00:00:00,1
2010-02-08 00:00:00,2010-02-08 00:00:00,50,2010-02-08 00:00:00,50,50,1,1000,50000,2010-02-08 00:00:00,1
2010-02-09 00:00:00,2010-02-09 00:00:00,51,2010-02-09 00:00:00,50,50.75,4,700,35525,2010-02-09 00:00:00,1
2010-02-12 00:00:00,2010-02-12 00:00:00,50,2010-02-12 00:00:00,50,50,1,400,20000,2010-02-12 00:00:00,1
2010-02-15 00:00:00,2010-02-15 00:00:00,51,2010-02-15 00:00:00,51,51,1,200,10200,2010-02-15 00:00:00,1
2010-02-16 00:00:00,2010-02-16 00:00:00,48,2010-02-16 00:00:00,48,48,1,200,9600,2010-02-16 00:00:00,1
2010-02-17 00:00:00,2010-02-17 00:00:00,50,2010-02-17 00:00:00,50,50,4,4000,200000,2010-02-17 00:00:00,1
2010-02-19 00:00:00,2010-02-19 00:00:00,50,2010-02-19 00:00:00,50,50,1,300,15000,2010-02-19 00:00:00,1
2010-02-22 00:00:00,2010-02-22 00:00:00,50.5,2010-02-22 00:00:00,50,50.25,2,3000,151000,2010-02-22 00:00:00,1
2010-02-23 00:00:00,2010-02-23 00:00:00,50,2010-02-23 00:00:00,48,49.5,2,2100,104000,2010-02-23 00:00:00,1
2010-02-24 00:00:00,2010-02-24 00:00:00,55,2010-02-24 00:00:00,51.25,53.25,2,400,21250,2010-02-24 00:00:00,1
2010-02-26 00:00:00,2010-02-26 00:00:00,52.75,2010-02-26 00:00:00,52.75,52.75,1,200,10550,2010-02-26 00:00:00,1
2010-03-02 00:00:00,2010-03-02 00:00:00,52.5,2010-03-02 00:00:00,52.5,52.5,1,100,5250,2010-03-02 00:00:00,1
2010-03-03 00:00:00,2010-03-03 00:00:00,49.5,2010-03-03 00:00:00,49.5,49.5,1,500,24750,2010-03-03 00:00:00,1
2010-03-05 00:00:00,2010-03-05 00:00:00,52,2010-03-05 00:00:00,50,50,7,1900,96900,2010-03-05 00:00:00,1
2010-03-08 00:00:00,2010-03-08 00:00:00,51.75,2010-03-08 00:00:00,51,51.75,4,2200,113700,2010-03-08 00:00:00,1
2010-03-19 00:00:00,2010-03-19 00:00:00,45,2010-03-19 00:00:00,45,45,1,300,13500,2010-03-19 00:00:00,1
2010-03-25 00:00:00,2010-03-25 00:00:00,51,2010-03-25 00:00:00,51,51,1,100,5100,2010-03-25 00:00:00,1
2010-04-05 00:00:00,2010-04-05 00:00:00,51,2010-04-05 00:00:00,50.75,51,4,1200,61175,2010-04-05 00:00:00,1
2010-04-08 00:00:00,2010-04-08 00:00:00,52,2010-04-08 00:00:00,52,52,1,2000,104000,2010-04-08 00:00:00,1
2010-04-12 00:00:00,2010-04-12 00:00:00,53,2010-04-12 00:00:00,51,52.5,3,700,36800,2010-04-12 00:00:00,1
2010-04-15 00:00:00,2010-04-15 00:00:00,52.75,2010-04-15 00:00:00,48.25,52.5,7,1900,96425,2010-04-15 00:00:00,1
2010-04-20 00:00:00,2010-04-20 00:00:00,50.25,2010-04-20 00:00:00,50,50.25,3,1000,50075,2010-04-20 00:00:00,1
2010-04-21 00:00:00,2010-04-21 00:00:00,53.5,2010-04-21 00:00:00,50,51,5,1200,61225,2010-04-21 00:00:00,1
2010-04-23 00:00:00,2010-04-23 00:00:00,50,2010-04-23 00:00:00,50,50,1,100,5000,2010-04-23 00:00:00,1
2010-04-27 00:00:00,2010-04-27 00:00:00,57.75,2010-04-27 00:00:00,53,55.25,27,27900,1536625,2010-04-27 00:00:00,1
2010-04-29 00:00:00,2010-04-29 00:00:00,57.75,2010-04-29 00:00:00,50,57.5,3,2700,151600,2010-04-29 00:00:00,1
2010-05-03 00:00:00,2010-05-03 00:00:00,58,2010-05-03 00:00:00,55,58,6,7000,402750,2010-05-03 00:00:00,1
2010-05-10 00:00:00,2010-05-10 00:00:00,54.5,2010-05-10 00:00:00,51.5,52,4,600,31200,2010-05-10 00:00:00,1
2010-05-11 00:00:00,2010-05-11 00:00:00,55,2010-05-11 00:00:00,52,54.75,23,8500,457750,2010-05-11 00:00:00,1
2010-05-12 00:00:00,2010-05-12 00:00:00,54,2010-05-12 00:00:00,54,54,2,400,21600,2010-05-12 00:00:00,1
2010-05-18 00:00:00,2010-05-18 00:00:00,54,2010-05-18 00:00:00,54,54,2,1000,54000,2010-05-18 00:00:00,1
2010-05-19 00:00:00,2010-05-19 00:00:00,55,2010-05-19 00:00:00,54,54.75,7,1600,87625,2010-05-19 00:00:00,1
2010-05-21 00:00:00,2010-05-21 00:00:00,52,2010-05-21 00:00:00,52,52,1,300,15600,2010-05-21 00:00:00,1
2010-05-25 00:00:00,2010-05-25 00:00:00,52,2010-05-25 00:00:00,52,52,1,2000,104000,2010-05-25 00:00:00,1
2010-05-31 00:00:00,2010-05-31 00:00:00,53.75,2010-05-31 00:00:00,53.75,53.75,1,100,5375,2010-05-31 00:00:00,1
2010-06-02 00:00:00,2010-06-02 00:00:00,49.5,2010-06-02 00:00:00,49.5,49.5,1,200,9900,2010-06-02 00:00:00,1
2010-06-03 00:00:00,2010-06-03 00:00:00,51,2010-06-03 00:00:00,51,51,1,100,5100,2010-06-03 00:00:00,1
2010-06-04 00:00:00,2010-06-04 00:00:00,51,2010-06-04 00:00:00,51,51,1,100,5100,2010-06-04 00:00:00,1
2010-06-07 00:00:00,2010-06-07 00:00:00,52,2010-06-07 00:00:00,52,52,1,400,20800,2010-06-07 00:00:00,1
2010-06-08 00:00:00,2010-06-08 00:00:00,50,2010-06-08 00:00:00,50,50,1,100,5000,2010-06-08 00:00:00,1
2010-06-10 00:00:00,2010-06-10 00:00:00,50,2010-06-10 00:00:00,50,50,1,700,35000,2010-06-10 00:00:00,1
2010-06-15 00:00:00,2010-06-15 00:00:00,51,2010-06-15 00:00:00,51,51,1,500,25500,2010-06-15 00:00:00,1
2010-06-17 00:00:00,2010-06-17 00:00:00,54.5,2010-06-17 00:00:00,52,52,2,200,10650,2010-06-17 00:00:00,1
2010-06-23 00:00:00,2010-06-23 00:00:00,53,2010-06-23 00:00:00,51.75,52,3,500,26050,2010-06-23 00:00:00,1
2010-06-24 00:00:00,2010-06-24 00:00:00,51.75,2010-06-24 00:00:00,46.25,50,2,300,14975,2010-06-24 00:00:00,1
2010-06-29 00:00:00,2010-06-29 00:00:00,57.5,2010-06-29 00:00:00,50,56.25,35,14400,787350,2010-06-29 00:00:00,1
2010-07-01 00:00:00,2010-07-01 00:00:00,50.25,2010-07-01 00:00:00,50,50.25,2,200,10025,2010-07-01 00:00:00,1
2010-07-06 00:00:00,2010-07-06 00:00:00,50.25,2010-07-06 00:00:00,50.25,50.25,1,100,5025,2010-07-06 00:00:00,1
2010-07-14 00:00:00,2010-07-14 00:00:00,53,2010-07-14 00:00:00,53,53,1,200,10600,2010-07-14 00:00:00,1
2010-07-15 00:00:00,2010-07-15 00:00:00,53,2010-07-15 00:00:00,53,53,1,300,15900,2010-07-15 00:00:00,1
2010-07-19 00:00:00,2010-07-19 00:00:00,54,2010-07-19 00:00:00,54,54,1,2000,108000,2010-07-19 00:00:00,1
2010-07-21 00:00:00,2010-07-21 00:00:00,57.5,2010-07-21 00:00:00,54,57.25,11,6700,376300,2010-07-21 00:00:00,1
2010-07-22 00:00:00,2010-07-22 00:00:00,57.75,2010-07-22 00:00:00,57,57,3,500,28800,2010-07-22 00:00:00,1
2010-07-27 00:00:00,2010-07-27 00:00:00,63,2010-07-27 00:00:00,56.5,59.75,15,12000,736450,2010-07-27 00:00:00,1
2010-07-28 00:00:00,2010-07-28 00:00:00,61.75,2010-07-28 00:00:00,59,59,2,3100,183175,2010-07-28 00:00:00,1
2010-07-29 00:00:00,2010-07-29 00:00:00,58,2010-07-29 00:00:00,58,58,1,100,5800,2010-07-29 00:00:00,1
2010-07-30 00:00:00,2010-07-30 00:00:00,59,2010-07-30 00:00:00,52.5,58.25,3,500,28700,2010-07-30 00:00:00,1
2010-08-02 00:00:00,2010-08-02 00:00:00,61,2010-08-02 00:00:00,61,61,1,1000,61000,2010-08-02 00:00:00,1
2010-08-05 00:00:00,2010-08-05 00:00:00,61,2010-08-05 00:00:00,54.9,55.2,2,2000,110410,2010-08-05 00:00:00,1
2010-08-06 00:00:00,2010-08-06 00:00:00,58.9,2010-08-06 00:00:00,55,55.4,4,900,49890,2010-08-06 00:00:00,1
2010-08-10 00:00:00,2010-08-10 00:00:00,56.5,2010-08-10 00:00:00,50,56.2,6,3000,159250,2010-08-10 00:00:00,1
2010-08-26 00:00:00,2010-08-26 00:00:00,52,2010-08-26 00:00:00,52,52,1,100,5200,2010-08-26 00:00:00,1
2010-08-27 00:00:00,2010-08-27 00:00:00,55.5,2010-08-27 00:00:00,51,55.5,2,1600,85200,2010-08-27 00:00:00,1
2010-08-30 00:00:00,2010-08-30 00:00:00,56.5,2010-08-30 00:00:00,56.5,56.5,2,900,50850,2010-08-30 00:00:00,1
2010-09-01 00:00:00,2010-09-01 00:00:00,56,2010-09-01 00:00:00,56,56,1,1000,56000,2010-09-01 00:00:00,1
2010-09-02 00:00:00,2010-09-02 00:00:00,60,2010-09-02 00:00:00,60,60,1,100,6000,2010-09-02 00:00:00,1
2010-09-03 00:00:00,2010-09-03 00:00:00,54,2010-09-03 00:00:00,54,54,2,1400,75600,2010-09-03 00:00:00,1
2010-09-06 00:00:00,2010-09-06 00:00:00,54.1,2010-09-06 00:00:00,54,54,5,2900,156670,2010-09-06 00:00:00,1
2010-09-09 00:00:00,2010-09-09 00:00:00,56.4,2010-09-09 00:00:00,54,54,6,1600,86750,2010-09-09 00:00:00,1
2010-09-13 00:00:00,2010-09-13 00:00:00,54,2010-09-13 00:00:00,54,54,2,1600,86400,2010-09-13 00:00:00,1
2010-09-14 00:00:00,2010-09-14 00:00:00,56,2010-09-14 00:00:00,54,56,3,800,43400,2010-09-14 00:00:00,1
2010-09-15 00:00:00,2010-09-15 00:00:00,54,2010-09-15 00:00:00,54,54,1,800,43200,2010-09-15 00:00:00,1
2010-09-16 00:00:00,2010-09-16 00:00:00,52.5,2010-09-16 00:00:00,52.5,52.5,1,100,5250,2010-09-16 00:00:00,1
2010-09-17 00:00:00,2010-09-17 00:00:00,53.5,2010-09-17 00:00:00,53,53.1,4,2700,143450,2010-09-17 00:00:00,1
2010-09-20 00:00:00,2010-09-20 00:00:00,57,2010-09-20 00:00:00,56,56.8,9,1900,107690,2010-09-20 00:00:00,1
2010-09-21 00:00:00,2010-09-21 00:00:00,75,2010-09-21 00:00:00,59.8,68.8,33,14200,961970,2010-09-21 00:00:00,1
2010-09-23 00:00:00,2010-09-23 00:00:00,72.5,2010-09-23 00:00:00,64.8,68.1,17,11900,832160,2010-09-23 00:00:00,1
2010-09-24 00:00:00,2010-09-24 00:00:00,68,2010-09-24 00:00:00,60,64.4,5,1300,84400,2010-09-24 00:00:00,1
2010-09-27 00:00:00,2010-09-27 00:00:00,68,2010-09-27 00:00:00,59,62.5,8,1000,60600,2010-09-27 00:00:00,1
2010-09-29 00:00:00,2010-09-29 00:00:00,65,2010-09-29 00:00:00,62,65,3,400,25400,2010-09-29 00:00:00,1
2010-09-30 00:00:00,2010-09-30 00:00:00,62.5,2010-09-30 00:00:00,62.5,62.5,3,2100,131250,2010-09-30 00:00:00,1
2010-10-04 00:00:00,2010-10-04 00:00:00,61,2010-10-04 00:00:00,61,61,1,1000,61000,2010-10-04 00:00:00,1
2010-10-06 00:00:00,2010-10-06 00:00:00,62,2010-10-06 00:00:00,56.1,58.8,3,1000,58750,2010-10-06 00:00:00,1
2010-10-07 00:00:00,2010-10-07 00:00:00,56,2010-10-07 00:00:00,56,56,3,400,22400,2010-10-07 00:00:00,1
2010-10-11 00:00:00,2010-10-11 00:00:00,54.7,2010-10-11 00:00:00,54.6,54.7,3,300,16390,2010-10-11 00:00:00,1
2010-10-19 00:00:00,2010-10-19 00:00:00,51,2010-10-19 00:00:00,51,51,1,100,5100,2010-10-19 00:00:00,1
2010-10-20 00:00:00,2010-10-20 00:00:00,54,2010-10-20 00:00:00,53,54,3,400,21300,2010-10-20 00:00:00,1
2010-10-21 00:00:00,2010-10-21 00:00:00,52.1,2010-10-21 00:00:00,52.1,52.1,1,1000,52100,2010-10-21 00:00:00,1
2010-10-28 00:00:00,2010-10-28 00:00:00,63.9,2010-10-28 00:00:00,60,61.9,7,2600,160700,2010-10-28 00:00:00,1
2010-11-04 00:00:00,2010-11-04 00:00:00,55,2010-11-04 00:00:00,55,55,1,300,16500,2010-11-04 00:00:00,1
2010-11-08 00:00:00,2010-11-08 00:00:00,55.1,2010-11-08 00:00:00,55.1,55.1,1,100,5510,2010-11-08 00:00:00,1
2010-11-09 00:00:00,2010-11-09 00:00:00,55,2010-11-09 00:00:00,55,55,2,400,22000,2010-11-09 00:00:00,1
2010-11-10 00:00:00,2010-11-10 00:00:00,55.5,2010-11-10 00:00:00,55,55.2,5,1000,55120,2010-11-10 00:00:00,1
2010-11-12 00:00:00,2010-11-12 00:00:00,59,2010-11-12 00:00:00,55,57.4,8,1300,74650,2010-11-12 00:00:00,1
2010-11-15 00:00:00,2010-11-15 00:00:00,62,2010-11-15 00:00:00,59,61.4,6,1500,92050,2010-11-15 00:00:00,1
2010-11-16 00:00:00,2010-11-16 00:00:00,58.1,2010-11-16 00:00:00,58.1,58.1,1,200,11620,2010-11-16 00:00:00,1
2010-11-23 00:00:00,2010-11-23 00:00:00,58,2010-11-23 00:00:00,55,56.5,2,200,11300,2010-11-23 00:00:00,1
2010-11-24 00:00:00,2010-11-24 00:00:00,58,2010-11-24 00:00:00,55,56.5,2,3000,169500,2010-11-24 00:00:00,1
2010-11-25 00:00:00,2010-11-25 00:00:00,49.8,2010-11-25 00:00:00,49.8,49.8,1,1300,64740,2010-11-25 00:00:00,1
2010-12-09 00:00:00,2010-12-09 00:00:00,52,2010-12-09 00:00:00,50.5,52,2,300,15450,2010-12-09 00:00:00,1
2010-12-13 00:00:00,2010-12-13 00:00:00,56,2010-12-13 00:00:00,56,56,1,100,5600,2010-12-13 00:00:00,1
2010-12-16 00:00:00,2010-12-16 00:00:00,52,2010-12-16 00:00:00,52,52,1,500,26000,2010-12-16 00:00:00,1
2010-12-21 00:00:00,2010-12-21 00:00:00,56,2010-12-21 00:00:00,56,56,1,200,11200,2010-12-21 00:00:00,1
2010-12-23 00:00:00,2010-12-23 00:00:00,55,2010-12-23 00:00:00,55,55,1,100,5500,2010-12-23 00:00:00,1
2010-12-27 00:00:00,2010-12-27 00:00:00,52.3,2010-12-27 00:00:00,52.3,52.3,1,100,5230,2010-12-27 00:00:00,1
2010-12-28 00:00:00,2010-12-28 00:00:00,52.3,2010-12-28 00:00:00,52.3,52.3,2,1900,99370,2010-12-28 00:00:00,1
2010-12-29 00:00:00,2010-12-29 00:00:00,54,2010-12-29 00:00:00,48.1,54,4,1200,61520,2010-12-29 00:00:00,1
Company Id :  CONN,,Security Type :  N,,Sub Type :  0000,,,,,,
Short Name,:  AMAYA LEISURE,,,,,,,,,
Day,Date High,High,Date Low,Low,Closing,No. of Trades,No. of Shares,Turnover,Last Traded,Days Traded
2010-01-04 00:00:00,2010-01-04 00:00:00,63.5,2010-01-04 00:00:00,59.25,61.75,32,33600,2058050,2010-01-04 00:00:00,1
2010-01-05 00:00:00,2010-01-05 00:00:00,62.5,2010-01-05 00:00:00,59.5,61,23,10700,653700,2010-01-05 00:00:00,1
2010-01-06 00:00:00,2010-01-06 00:00:00,63.5,2010-01-06 00:00:00,61,62,19,16500,1028175,2010-01-06 00:00:00,1
2010-01-07 00:00:00,2010-01-07 00:00:00,60,2010-01-07 00:00:00,58.5,59.5,7,2600,153650,2010-01-07 00:00:00,1
2010-01-08 00:00:00,2010-01-08 00:00:00,62,2010-01-08 00:00:00,60,60,8,7100,426200,2010-01-08 00:00:00,1
2010-01-11 00:00:00,2010-01-11 00:00:00,62,2010-01-11 00:00:00,60,60.75,5,4500,273400,2010-01-11 00:00:00,1
2010-01-12 00:00:00,2010-01-12 00:00:00,60,2010-01-12 00:00:00,58,59.75,3,1400,83550,2010-01-12 00:00:00,1
2010-01-13 00:00:00,2010-01-13 00:00:00,60,2010-01-13 00:00:00,58.25,58.5,8,16000,934175,2010-01-13 00:00:00,1
2010-01-15 00:00:00,2010-01-15 00:00:00,64,2010-01-15 00:00:00,60,62.75,20,21100,1323400,2010-01-15 00:00:00,1
2010-01-18 00:00:00,2010-01-18 00:00:00,68,2010-01-18 00:00:00,62,65,50,40400,2646725,2010-01-18 00:00:00,1
2010-01-19 00:00:00,2010-01-19 00:00:00,64,2010-01-19 00:00:00,61,62.25,11,12000,744500,2010-01-19 00:00:00,1
2010-01-20 00:00:00,2010-01-20 00:00:00,69,2010-01-20 00:00:00,63.75,65,20,12200,801975,2010-01-20 00:00:00,1
2010-01-21 00:00:00,2010-01-21 00:00:00,65,2010-01-21 00:00:00,61.25,63.5,28,20200,1267100,2010-01-21 00:00:00,1
2010-01-22 00:00:00,2010-01-22 00:00:00,64.75,2010-01-22 00:00:00,63,63.5,17,9600,609175,2010-01-22 00:00:00,1
2010-01-25 00:00:00,2010-01-25 00:00:00,65,2010-01-25 00:00:00,61.5,62.5,16,10900,688475,2010-01-25 00:00:00,1
2010-01-26 00:00:00,2010-01-26 00:00:00,64,2010-01-26 00:00:00,64,64,1,300,19200,2010-01-26 00:00:00,1
2010-01-28 00:00:00,2010-01-28 00:00:00,65,2010-01-28 00:00:00,63,64,13,26000,1666675,2010-01-28 00:00:00,1
2010-02-01 00:00:00,2010-02-01 00:00:00,64,2010-02-01 00:00:00,63.5,64,4,1400,89500,2010-02-01 00:00:00,1
2010-02-02 00:00:00,2010-02-02 00:00:00,64.75,2010-02-02 00:00:00,62,64,9,8400,537525,2010-02-02 00:00:00,1
2010-02-03 00:00:00,2010-02-03 00:00:00,64.75,2010-02-03 00:00:00,62,63.25,10,26300,1664575,2010-02-03 00:00:00,1
2010-02-05 00:00:00,2010-02-05 00:00:00,64,2010-02-05 00:00:00,63,63.5,6,2500,158150,2010-02-05 00:00:00,1
2010-02-08 00:00:00,2010-02-08 00:00:00,66,2010-02-08 00:00:00,64,66,26,20800,1353550,2010-02-08 00:00:00,1
2010-02-09 00:00:00,2010-02-09 00:00:00,72.25,2010-02-09 00:00:00,64,67.25,50,100800,6879675,2010-02-09 00:00:00,1
2010-02-10 00:00:00,2010-02-10 00:00:00,68.75,2010-02-10 00:00:00,65,67.25,7,4200,279275,2010-02-10 00:00:00,1
2010-02-15 00:00:00,2010-02-15 00:00:00,69,2010-02-15 00:00:00,61.25,65.25,11,8600,565500,2010-02-15 00:00:00,1
2010-02-16 00:00:00,2010-02-16 00:00:00,67.75,2010-02-16 00:00:00,67.75,67.75,1,500,33875,2010-02-16 00:00:00,1
2010-02-17 00:00:00,2010-02-17 00:00:00,67.75,2010-02-17 00:00:00,66,66.75,6,2600,173500,2010-02-17 00:00:00,1
2010-02-18 00:00:00,2010-02-18 00:00:00,69,2010-02-18 00:00:00,66.75,68,11,9600,648950,2010-02-18 00:00:00,1
2010-02-19 00:00:00,2010-02-19 00:00:00,69,2010-02-19 00:00:00,61,67,6,5100,341550,2010-02-19 00:00:00,1
2010-02-22 00:00:00,2010-02-22 00:00:00,72,2010-02-22 00:00:00,69,69.5,36,50700,3545375,2010-02-22 00:00:00,1
2010-02-23 00:00:00,2010-02-23 00:00:00,69.5,2010-02-23 00:00:00,68,69,13,8200,568400,2010-02-23 00:00:00,1
2010-02-24 00:00:00,2010-02-24 00:00:00,69,2010-02-24 00:00:00,68,68,2,600,41200,2010-02-24 00:00:00,1
2010-02-25 00:00:00,2010-02-25 00:00:00,70,2010-02-25 00:00:00,69.75,69.75,3,2500,174750,2010-02-25 00:00:00,1
2010-02-26 00:00:00,2010-02-26 00:00:00,69.5,2010-02-26 00:00:00,69.5,69.5,2,600,41700,2010-02-26 00:00:00,1
2010-03-01 00:00:00,2010-03-01 00:00:00,69.5,2010-03-01 00:00:00,69.25,69.5,9,10700,742400,2010-03-01 00:00:00,1
2010-03-02 00:00:00,2010-03-02 00:00:00,72,2010-03-02 00:00:00,68,71,81,136300,9606600,2010-03-02 00:00:00,1
2010-03-03 00:00:00,2010-03-03 00:00:00,75,2010-03-03 00:00:00,70,71.5,73,2011600,140982250,2010-03-03 00:00:00,1
2010-03-04 00:00:00,2010-03-04 00:00:00,73,2010-03-04 00:00:00,72,73,2,700,50900,2010-03-04 00:00:00,1
2010-03-05 00:00:00,2010-03-05 00:00:00,76.75,2010-03-05 00:00:00,74,75,99,228100,17120875,2010-03-05 00:00:00,1
2010-03-08 00:00:00,2010-03-08 00:00:00,77,2010-03-08 00:00:00,75,76.25,92,218200,16505775,2010-03-08 00:00:00,1
2010-03-09 00:00:00,2010-03-09 00:00:00,78,2010-03-09 00:00:00,74.5,76,62,187400,14183725,2010-03-09 00:00:00,1
2010-03-10 00:00:00,2010-03-10 00:00:00,79,2010-03-10 00:00:00,75.5,76,15,23200,1762000,2010-03-10 00:00:00,1
2010-03-11 00:00:00,2010-03-11 00:00:00,77,2010-03-11 00:00:00,76.5,76.5,16,8900,682925,2010-03-11 00:00:00,1
2010-03-12 00:00:00,2010-03-12 00:00:00,77,2010-03-12 00:00:00,76,76.5,21,31600,2417200,2010-03-12 00:00:00,1
2010-03-15 00:00:00,2010-03-15 00:00:00,77,2010-03-15 00:00:00,76,76,10,10100,772325,2010-03-15 00:00:00,1
2010-03-16 00:00:00,2010-03-16 00:00:00,75,2010-03-16 00:00:00,74.5,74.5,4,4000,299500,2010-03-16 00:00:00,1
2010-03-17 00:00:00,2010-03-17 00:00:00,74.5,2010-03-17 00:00:00,70,71,10,4600,328775,2010-03-17 00:00:00,1
2010-03-18 00:00:00,2010-03-18 00:00:00,72,2010-03-18 00:00:00,70,71.25,19,19200,1363575,2010-03-18 00:00:00,1
2010-03-19 00:00:00,2010-03-19 00:00:00,73.75,2010-03-19 00:00:00,70,70.5,4,2100,149575,2010-03-19 00:00:00,1
2010-03-22 00:00:00,2010-03-22 00:00:00,73.25,2010-03-22 00:00:00,70,70.25,3,3100,217825,2010-03-22 00:00:00,1
2010-03-23 00:00:00,2010-03-23 00:00:00,73.75,2010-03-23 00:00:00,70.25,70.25,5,6900,486125,2010-03-23 00:00:00,1
2010-03-24 00:00:00,2010-03-24 00:00:00,73,2010-03-24 00:00:00,70,72.25,11,5600,396750,2010-03-24 00:00:00,1
2010-03-25 00:00:00,2010-03-25 00:00:00,72,2010-03-25 00:00:00,72,72,1,400,28800,2010-03-25 00:00:00,1
2010-03-26 00:00:00,2010-03-26 00:00:00,72,2010-03-26 00:00:00,72,72,4,1200,86400,2010-03-26 00:00:00,1
2010-03-30 00:00:00,2010-03-30 00:00:00,73.25,2010-03-30 00:00:00,72,73,5,2600,188250,2010-03-30 00:00:00,1
2010-03-31 00:00:00,2010-03-31 00:00:00,73,2010-03-31 00:00:00,73,73,10,6400,467200,2010-03-31 00:00:00,1
2010-04-01 00:00:00,2010-04-01 00:00:00,73.5,2010-04-01 00:00:00,73,73.5,3,2400,175900,2010-04-01 00:00:00,1
2010-04-05 00:00:00,2010-04-05 00:00:00,74,2010-04-05 00:00:00,73.5,73.5,11,3300,242650,2010-04-05 00:00:00,1
2010-04-06 00:00:00,2010-04-06 00:00:00,77.5,2010-04-06 00:00:00,74,74.25,17,22700,1692475,2010-04-06 00:00:00,1
2010-04-07 00:00:00,2010-04-07 00:00:00,77,2010-04-07 00:00:00,75,75.75,26,17000,1287900,2010-04-07 00:00:00,1
2010-04-08 00:00:00,2010-04-08 00:00:00,76.75,2010-04-08 00:00:00,76.5,76.5,4,1200,92000,2010-04-08 00:00:00,1
2010-04-12 00:00:00,2010-04-12 00:00:00,77.5,2010-04-12 00:00:00,76,77,28,56300,4321850,2010-04-12 00:00:00,1
2010-04-15 00:00:00,2010-04-15 00:00:00,77.5,2010-04-15 00:00:00,77,77,4,3900,300800,2010-04-15 00:00:00,1
2010-04-16 00:00:00,2010-04-16 00:00:00,78,2010-04-16 00:00:00,77,77.75,26,19600,1515750,2010-04-16 00:00:00,1
2010-04-19 00:00:00,2010-04-19 00:00:00,84,2010-04-19 00:00:00,79,82,64,189600,15175675,2010-04-19 00:00:00,1
2010-04-20 00:00:00,2010-04-20 00:00:00,86,2010-04-20 00:00:00,83.5,85,83,109400,9259000,2010-04-20 00:00:00,1
2010-04-21 00:00:00,2010-04-21 00:00:00,88.5,2010-04-21 00:00:00,84.75,86,35,156000,13535075,2010-04-21 00:00:00,1
2010-04-22 00:00:00,2010-04-22 00:00:00,86.75,2010-04-22 00:00:00,84,85.25,17,49100,4175850,2010-04-22 00:00:00,1
2010-04-23 00:00:00,2010-04-23 00:00:00,88.5,2010-04-23 00:00:00,86,86,8,1800,158150,2010-04-23 00:00:00,1
2010-04-26 00:00:00,2010-04-26 00:00:00,90,2010-04-26 00:00:00,87.75,88.5,18,10100,894225,2010-04-26 00:00:00,1
2010-04-27 00:00:00,2010-04-27 00:00:00,89.75,2010-04-27 00:00:00,88,88.5,12,7200,642750,2010-04-27 00:00:00,1
2010-04-29 00:00:00,2010-04-29 00:00:00,90,2010-04-29 00:00:00,88,89,11,7700,686125,2010-04-29 00:00:00,1
2010-04-30 00:00:00,2010-04-30 00:00:00,93.5,2010-04-30 00:00:00,90,93,37,32400,2973975,2010-04-30 00:00:00,1
2010-05-03 00:00:00,2010-05-03 00:00:00,97,2010-05-03 00:00:00,93,93.25,36,39700,3712950,2010-05-03 00:00:00,1
2010-05-04 00:00:00,2010-05-04 00:00:00,96,2010-05-04 00:00:00,93,93.5,34,57300,5370300,2010-05-04 00:00:00,1
2010-05-05 00:00:00,2010-05-05 00:00:00,94.75,2010-05-05 00:00:00,92,93,13,4200,392450,2010-05-05 00:00:00,1
2010-05-07 00:00:00,2010-05-07 00:00:00,93,2010-05-07 00:00:00,93,93,3,2100,195300,2010-05-07 00:00:00,1
2010-05-10 00:00:00,2010-05-10 00:00:00,95,2010-05-10 00:00:00,91,91,8,16600,1514575,2010-05-10 00:00:00,1
2010-05-11 00:00:00,2010-05-11 00:00:00,90,2010-05-11 00:00:00,87,88.75,11,53800,4831900,2010-05-11 00:00:00,1
2010-05-12 00:00:00,2010-05-12 00:00:00,90,2010-05-12 00:00:00,87,87,14,45700,3977450,2010-05-12 00:00:00,1
2010-05-13 00:00:00,2010-05-13 00:00:00,87,2010-05-13 00:00:00,85,86.25,12,34800,3001100,2010-05-13 00:00:00,1
2010-05-14 00:00:00,2010-05-14 00:00:00,90,2010-05-14 00:00:00,86.75,89.25,11,6900,602100,2010-05-14 00:00:00,1
2010-05-17 00:00:00,2010-05-17 00:00:00,87,2010-05-17 00:00:00,86,86,6,3100,266800,2010-05-17 00:00:00,1
2010-05-18 00:00:00,2010-05-18 00:00:00,87,2010-05-18 00:00:00,86.25,86.5,7,6300,545850,2010-05-18 00:00:00,1
2010-05-19 00:00:00,2010-05-19 00:00:00,86.5,2010-05-19 00:00:00,85.25,86.5,14,21600,1863150,2010-05-19 00:00:00,1
2010-05-20 00:00:00,2010-05-20 00:00:00,85.25,2010-05-20 00:00:00,85.25,85.25,1,1000,85250,2010-05-20 00:00:00,1
2010-05-21 00:00:00,2010-05-21 00:00:00,85,2010-05-21 00:00:00,85,85,1,100,8500,2010-05-21 00:00:00,1
2010-05-24 00:00:00,2010-05-24 00:00:00,84,2010-05-24 00:00:00,83,83.25,8,3300,275300,2010-05-24 00:00:00,1
2010-05-25 00:00:00,2010-05-25 00:00:00,86,2010-05-25 00:00:00,83.75,84,19,33100,2781650,2010-05-25 00:00:00,1
2010-05-26 00:00:00,2010-05-26 00:00:00,84,2010-05-26 00:00:00,81,82.5,17,26600,2190400,2010-05-26 00:00:00,1
2010-05-31 00:00:00,2010-05-31 00:00:00,84.5,2010-05-31 00:00:00,82.5,83.75,6,1600,133100,2010-05-31 00:00:00,1
2010-06-01 00:00:00,2010-06-01 00:00:00,84,2010-06-01 00:00:00,82,82.25,5,1400,115200,2010-06-01 00:00:00,1
2010-06-02 00:00:00,2010-06-02 00:00:00,84.5,2010-06-02 00:00:00,84,84.5,9,101800,8600350,2010-06-02 00:00:00,1
2010-06-03 00:00:00,2010-06-03 00:00:00,89,2010-06-03 00:00:00,85,86.25,30,19300,1663000,2010-06-03 00:00:00,1
2010-06-04 00:00:00,2010-06-04 00:00:00,90,2010-06-04 00:00:00,85,89.25,32,41000,3674850,2010-06-04 00:00:00,1
2010-06-07 00:00:00,2010-06-07 00:00:00,93,2010-06-07 00:00:00,89,90.5,23,24800,2268700,2010-06-07 00:00:00,1
2010-06-08 00:00:00,2010-06-08 00:00:00,93,2010-06-08 00:00:00,90,91.25,6,4000,364500,2010-06-08 00:00:00,1
2010-06-09 00:00:00,2010-06-09 00:00:00,94,2010-06-09 00:00:00,92,93.75,48,41700,3902900,2010-06-09 00:00:00,1
2010-06-10 00:00:00,2010-06-10 00:00:00,93.75,2010-06-10 00:00:00,89,89.75,16,9700,881075,2010-06-10 00:00:00,1
2010-06-11 00:00:00,2010-06-11 00:00:00,92.25,2010-06-11 00:00:00,89,90,7,13500,1207450,2010-06-11 00:00:00,1
2010-06-14 00:00:00,2010-06-14 00:00:00,92.25,2010-06-14 00:00:00,89,90,17,17700,1593400,2010-06-14 00:00:00,1
2010-06-15 00:00:00,2010-06-15 00:00:00,92.5,2010-06-15 00:00:00,89,90.25,4,2000,181400,2010-06-15 00:00:00,1
2010-06-16 00:00:00,2010-06-16 00:00:00,89.75,2010-06-16 00:00:00,89,89.75,4,1300,116075,2010-06-16 00:00:00,1
2010-06-17 00:00:00,2010-06-17 00:00:00,90,2010-06-17 00:00:00,88.25,89.5,11,16000,1433250,2010-06-17 00:00:00,1
2010-06-21 00:00:00,2010-06-21 00:00:00,90,2010-06-21 00:00:00,88,88,10,3400,300000,2010-06-21 00:00:00,1
2010-06-22 00:00:00,2010-06-22 00:00:00,92.5,2010-06-22 00:00:00,88,88.5,75,67000,6031500,2010-06-22 00:00:00,1
2010-06-23 00:00:00,2010-06-23 00:00:00,89,2010-06-23 00:00:00,88,88,13,21900,1930750,2010-06-23 00:00:00,1
2010-06-24 00:00:00,2010-06-24 00:00:00,88,2010-06-24 00:00:00,87,87.5,3,1400,122500,2010-06-24 00:00:00,1
2010-06-28 00:00:00,2010-06-28 00:00:00,90,2010-06-28 00:00:00,87,90,32,120900,10767200,2010-06-28 00:00:00,1
2010-06-29 00:00:00,2010-06-29 00:00:00,91.75,2010-06-29 00:00:00,89,89,12,44900,4001000,2010-06-29 00:00:00,1
2010-06-30 00:00:00,2010-06-30 00:00:00,89,2010-06-30 00:00:00,87,87.25,6,11200,978100,2010-06-30 00:00:00,1
2010-07-01 00:00:00,2010-07-01 00:00:00,91.5,2010-07-01 00:00:00,87,87.5,20,30400,2682325,2010-07-01 00:00:00,1
2010-07-02 00:00:00,2010-07-02 00:00:00,90,2010-07-02 00:00:00,87,89.5,22,1398900,125875275,2010-07-02 00:00:00,1
2010-07-05 00:00:00,2010-07-05 00:00:00,91,2010-07-05 00:00:00,87,88.25,26,12600,1112525,2010-07-05 00:00:00,1
2010-07-06 00:00:00,2010-07-06 00:00:00,89.75,2010-07-06 00:00:00,88,88.75,8,5900,523625,2010-07-06 00:00:00,1
2010-07-07 00:00:00,2010-07-07 00:00:00,89.5,2010-07-07 00:00:00,87.25,87.25,10,4300,378000,2010-07-07 00:00:00,1
2010-07-08 00:00:00,2010-07-08 00:00:00,89.5,2010-07-08 00:00:00,87,87.25,14,5700,497300,2010-07-08 00:00:00,1
2010-07-09 00:00:00,2010-07-09 00:00:00,89.75,2010-07-09 00:00:00,87,87.25,12,10100,881075,2010-07-09 00:00:00,1
2010-07-12 00:00:00,2010-07-12 00:00:00,87,2010-07-12 00:00:00,87,87,5,17000,1479000,2010-07-12 00:00:00,1
2010-07-13 00:00:00,2010-07-13 00:00:00,91,2010-07-13 00:00:00,87.25,88.5,2,300,26550,2010-07-13 00:00:00,1
2010-07-14 00:00:00,2010-07-14 00:00:00,91.75,2010-07-14 00:00:00,89.75,90,19,548100,49331175,2010-07-14 00:00:00,1
2010-07-15 00:00:00,2010-07-15 00:00:00,92,2010-07-15 00:00:00,89.75,90,49,93000,8371675,2010-07-15 00:00:00,1
2010-07-16 00:00:00,2010-07-16 00:00:00,92,2010-07-16 00:00:00,90,90,42,84000,7589050,2010-07-16 00:00:00,1
2010-07-19 00:00:00,2010-07-19 00:00:00,92,2010-07-19 00:00:00,88.75,89.75,11,4300,386900,2010-07-19 00:00:00,1
2010-07-20 00:00:00,2010-07-20 00:00:00,94,2010-07-20 00:00:00,90,90,46,95500,8610825,2010-07-20 00:00:00,1
2010-07-21 00:00:00,2010-07-21 00:00:00,93.5,2010-07-21 00:00:00,87.25,89.75,24,16500,1479925,2010-07-21 00:00:00,1
2010-07-22 00:00:00,2010-07-22 00:00:00,99.75,2010-07-22 00:00:00,90,93.5,96,121200,11528225,2010-07-22 00:00:00,1
2010-07-23 00:00:00,2010-07-23 00:00:00,94,2010-07-23 00:00:00,90,90,19,17500,1584425,2010-07-23 00:00:00,1
2010-07-26 00:00:00,2010-07-26 00:00:00,90.5,2010-07-26 00:00:00,90,90,9,10500,945100,2010-07-26 00:00:00,1
2010-07-27 00:00:00,2010-07-27 00:00:00,93,2010-07-27 00:00:00,89,92.5,27,10300,951875,2010-07-27 00:00:00,1
2010-07-28 00:00:00,2010-07-28 00:00:00,91.5,2010-07-28 00:00:00,88.75,90,38,33800,3032300,2010-07-28 00:00:00,1
2010-07-29 00:00:00,2010-07-29 00:00:00,90,2010-07-29 00:00:00,85.25,86,17,3800,331200,2010-07-29 00:00:00,1
2010-07-30 00:00:00,2010-07-30 00:00:00,86.5,2010-07-30 00:00:00,86,86,10,3200,275750,2010-07-30 00:00:00,1
2010-08-02 00:00:00,2010-08-02 00:00:00,90,2010-08-02 00:00:00,86,87.2,10,3600,312150,2010-08-02 00:00:00,1
2010-08-03 00:00:00,2010-08-03 00:00:00,85.5,2010-08-03 00:00:00,85.5,85.5,5,5600,478800,2010-08-03 00:00:00,1
2010-08-04 00:00:00,2010-08-04 00:00:00,86,2010-08-04 00:00:00,86,86,1,200,17200,2010-08-04 00:00:00,1
2010-08-05 00:00:00,2010-08-05 00:00:00,88,2010-08-05 00:00:00,82,85,13,31600,2730700,2010-08-05 00:00:00,1
2010-08-06 00:00:00,2010-08-06 00:00:00,85,2010-08-06 00:00:00,82,82.7,4,1600,133200,2010-08-06 00:00:00,1
2010-08-09 00:00:00,2010-08-09 00:00:00,82,2010-08-09 00:00:00,77,77.1,28,40300,3132080,2010-08-09 00:00:00,1
2010-08-10 00:00:00,2010-08-10 00:00:00,83,2010-08-10 00:00:00,70,83,32,29700,2428100,2010-08-10 00:00:00,1
2010-08-11 00:00:00,2010-08-11 00:00:00,88.1,2010-08-11 00:00:00,82,84.9,12,4300,369690,2010-08-11 00:00:00,1
2010-08-12 00:00:00,2010-08-12 00:00:00,85,2010-08-12 00:00:00,77,84.7,16,7200,593400,2010-08-12 00:00:00,1
2010-08-13 00:00:00,2010-08-13 00:00:00,84.9,2010-08-13 00:00:00,84,84.9,2,1100,93300,2010-08-13 00:00:00,1
2010-08-16 00:00:00,2010-08-16 00:00:00,85.8,2010-08-16 00:00:00,80,84.8,7,1600,130960,2010-08-16 00:00:00,1
2010-08-17 00:00:00,2010-08-17 00:00:00,84.6,2010-08-17 00:00:00,80.1,84.5,7,6400,539490,2010-08-17 00:00:00,1
2010-08-18 00:00:00,2010-08-18 00:00:00,85,2010-08-18 00:00:00,82,84.8,15,37300,3160900,2010-08-18 00:00:00,1
2010-08-19 00:00:00,2010-08-19 00:00:00,93.2,2010-08-19 00:00:00,85.9,93.2,111,260700,23690000,2010-08-19 00:00:00,1
2010-08-20 00:00:00,2010-08-20 00:00:00,98.9,2010-08-20 00:00:00,91,94.5,41,29300,2796520,2010-08-20 00:00:00,1
2010-08-23 00:00:00,2010-08-23 00:00:00,95,2010-08-23 00:00:00,93,93.8,30,42600,4029040,2010-08-23 00:00:00,1
2010-08-25 00:00:00,2010-08-25 00:00:00,94,2010-08-25 00:00:00,90,92.9,27,19200,1780670,2010-08-25 00:00:00,1
2010-08-26 00:00:00,2010-08-26 00:00:00,92.8,2010-08-26 00:00:00,88.1,90,15,86500,7715450,2010-08-26 00:00:00,1
2010-08-27 00:00:00,2010-08-27 00:00:00,95,2010-08-27 00:00:00,90,93,43,55800,5231210,2010-08-27 00:00:00,1
2010-08-30 00:00:00,2010-08-30 00:00:00,98,2010-08-30 00:00:00,91,96.3,166,209100,20054480,2010-08-30 00:00:00,1
2010-08-31 00:00:00,2010-08-31 00:00:00,98,2010-08-31 00:00:00,93.1,96.1,25,25700,2465140,2010-08-31 00:00:00,1
2010-09-01 00:00:00,2010-09-01 00:00:00,98,2010-09-01 00:00:00,95,95.8,39,20100,1932850,2010-09-01 00:00:00,1
2010-09-02 00:00:00,2010-09-02 00:00:00,99.5,2010-09-02 00:00:00,95,95,20,59700,5718180,2010-09-02 00:00:00,1
2010-09-03 00:00:00,2010-09-03 00:00:00,100,2010-09-03 00:00:00,95,95.8,54,61400,5923320,2010-09-03 00:00:00,1
2010-09-06 00:00:00,2010-09-06 00:00:00,98.3,2010-09-06 00:00:00,95,95,18,12300,1196680,2010-09-06 00:00:00,1
2010-09-07 00:00:00,2010-09-07 00:00:00,98,2010-09-07 00:00:00,94.9,97.6,22,14500,1386010,2010-09-07 00:00:00,1
2010-09-08 00:00:00,2010-09-08 00:00:00,103.2,2010-09-08 00:00:00,97.5,101.5,163,368600,37138350,2010-09-08 00:00:00,1
2010-09-09 00:00:00,2010-09-09 00:00:00,105,2010-09-09 00:00:00,100,101.6,31,30000,3098630,2010-09-09 00:00:00,1
2010-09-13 00:00:00,2010-09-13 00:00:00,105,2010-09-13 00:00:00,94,102.7,36,44000,4574040,2010-09-13 00:00:00,1
2010-09-14 00:00:00,2010-09-14 00:00:00,110,2010-09-14 00:00:00,99,100.1,23,41800,4308700,2010-09-14 00:00:00,1
2010-09-15 00:00:00,2010-09-15 00:00:00,104.9,2010-09-15 00:00:00,98.9,99.6,12,9200,924190,2010-09-15 00:00:00,1
2010-09-16 00:00:00,2010-09-16 00:00:00,103,2010-09-16 00:00:00,96,100.3,22,14600,1457560,2010-09-16 00:00:00,1
2010-09-17 00:00:00,2010-09-17 00:00:00,108,2010-09-17 00:00:00,102.5,104.7,51,62800,6592390,2010-09-17 00:00:00,1
2010-09-20 00:00:00,2010-09-20 00:00:00,107,2010-09-20 00:00:00,100,104.4,20,67000,6884510,2010-09-20 00:00:00,1
2010-09-21 00:00:00,2010-09-21 00:00:00,110,2010-09-21 00:00:00,104.4,104.6,25,76300,8162240,2010-09-21 00:00:00,1
2010-09-23 00:00:00,2010-09-23 00:00:00,107,2010-09-23 00:00:00,102,103.1,35,58900,6130210,2010-09-23 00:00:00,1
2010-09-24 00:00:00,2010-09-24 00:00:00,105,2010-09-24 00:00:00,98,104.3,23,14500,1479170,2010-09-24 00:00:00,1
2010-09-27 00:00:00,2010-09-27 00:00:00,107,2010-09-27 00:00:00,104.9,105,9,9900,1041250,2010-09-27 00:00:00,1
2010-09-28 00:00:00,2010-09-28 00:00:00,104.4,2010-09-28 00:00:00,98.1,101.5,9,2500,252720,2010-09-28 00:00:00,1
2010-09-29 00:00:00,2010-09-29 00:00:00,102,2010-09-29 00:00:00,102,102,1,500,51000,2010-09-29 00:00:00,1
2010-09-30 00:00:00,2010-09-30 00:00:00,104,2010-09-30 00:00:00,100,102.6,14,34200,3508730,2010-09-30 00:00:00,1
2010-10-01 00:00:00,2010-10-01 00:00:00,103.5,2010-10-01 00:00:00,100,102.8,11,2700,273530,2010-10-01 00:00:00,1
2010-10-04 00:00:00,2010-10-04 00:00:00,103,2010-10-04 00:00:00,98.3,100.3,21,6700,674390,2010-10-04 00:00:00,1
2010-10-05 00:00:00,2010-10-05 00:00:00,100,2010-10-05 00:00:00,97,100,16,15400,1532840,2010-10-05 00:00:00,1
2010-10-06 00:00:00,2010-10-06 00:00:00,100,2010-10-06 00:00:00,97,97,11,7000,682600,2010-10-06 00:00:00,1
2010-10-07 00:00:00,2010-10-07 00:00:00,97,2010-10-07 00:00:00,95,97,11,3700,357500,2010-10-07 00:00:00,1
2010-10-08 00:00:00,2010-10-08 00:00:00,100,2010-10-08 00:00:00,94,99.6,20,17900,1722770,2010-10-08 00:00:00,1
2010-10-11 00:00:00,2010-10-11 00:00:00,100,2010-10-11 00:00:00,100,100,1,100,10000,2010-10-11 00:00:00,1
2010-10-12 00:00:00,2010-10-12 00:00:00,97.9,2010-10-12 00:00:00,88,91,14,38800,3530050,2010-10-12 00:00:00,1
2010-10-13 00:00:00,2010-10-13 00:00:00,97.5,2010-10-13 00:00:00,80,95.2,12,6600,577220,2010-10-13 00:00:00,1
2010-10-14 00:00:00,2010-10-14 00:00:00,97.4,2010-10-14 00:00:00,86,86.5,39,69800,6183560,2010-10-14 00:00:00,1
2010-10-15 00:00:00,2010-10-15 00:00:00,89.8,2010-10-15 00:00:00,85.9,86.9,6,10400,914020,2010-10-15 00:00:00,1
2010-10-18 00:00:00,2010-10-18 00:00:00,90,2010-10-18 00:00:00,90,90,1,500,45000,2010-10-18 00:00:00,1
2010-10-19 00:00:00,2010-10-19 00:00:00,90,2010-10-19 00:00:00,90,90,3,5200,468000,2010-10-19 00:00:00,1
2010-10-20 00:00:00,2010-10-20 00:00:00,90,2010-10-20 00:00:00,86.1,88.6,10,10900,959730,2010-10-20 00:00:00,1
2010-10-21 00:00:00,2010-10-21 00:00:00,94,2010-10-21 00:00:00,86,87.3,42,39200,3483750,2010-10-21 00:00:00,1
2010-10-25 00:00:00,2010-10-25 00:00:00,89,2010-10-25 00:00:00,85.2,86.2,9,4600,404340,2010-10-25 00:00:00,1
2010-10-27 00:00:00,2010-10-27 00:00:00,92,2010-10-27 00:00:00,85,88.5,3,3700,327520,2010-10-27 00:00:00,1
2010-10-28 00:00:00,2010-10-28 00:00:00,91.9,2010-10-28 00:00:00,86,89,6,900,78000,2010-10-28 00:00:00,1
2010-10-29 00:00:00,2010-10-29 00:00:00,90,2010-10-29 00:00:00,88.3,88.3,4,1100,98660,2010-10-29 00:00:00,1
2010-11-01 00:00:00,2010-11-01 00:00:00,89.9,2010-11-01 00:00:00,89.9,89.9,2,2800,251720,2010-11-01 00:00:00,1
2010-11-02 00:00:00,2010-11-02 00:00:00,89.2,2010-11-02 00:00:00,89,89.1,10,8200,730970,2010-11-02 00:00:00,1
2010-11-03 00:00:00,2010-11-03 00:00:00,89,2010-11-03 00:00:00,89,89,4,1900,169100,2010-11-03 00:00:00,1
2010-11-08 00:00:00,2010-11-08 00:00:00,90,2010-11-08 00:00:00,87,89.2,7,1500,133860,2010-11-08 00:00:00,1
2010-11-09 00:00:00,2010-11-09 00:00:00,90,2010-11-09 00:00:00,88.5,88.9,19,8600,770540,2010-11-09 00:00:00,1
2010-11-10 00:00:00,2010-11-10 00:00:00,89,2010-11-10 00:00:00,87.1,87.2,6,1900,166810,2010-11-10 00:00:00,1
2010-11-11 00:00:00,2010-11-11 00:00:00,87.2,2010-11-11 00:00:00,84.8,87.2,9,132700,11280180,2010-11-11 00:00:00,1
2010-11-12 00:00:00,2010-11-12 00:00:00,87.5,2010-11-12 00:00:00,85,86.9,27,8900,768900,2010-11-12 00:00:00,1
2010-11-15 00:00:00,2010-11-15 00:00:00,88,2010-11-15 00:00:00,85,85.6,10,4900,421870,2010-11-15 00:00:00,1
2010-11-16 00:00:00,2010-11-16 00:00:00,86.8,2010-11-16 00:00:00,80,81,30,33100,2694710,2010-11-16 00:00:00,1
2010-11-18 00:00:00,2010-11-18 00:00:00,87,2010-11-18 00:00:00,83.9,85.9,11,6600,565910,2010-11-18 00:00:00,1
2010-11-22 00:00:00,2010-11-22 00:00:00,89.5,2010-11-22 00:00:00,87.2,87.2,15,21900,1946370,2010-11-22 00:00:00,1
2010-11-23 00:00:00,2010-11-23 00:00:00,88,2010-11-23 00:00:00,88,88,2,5500,484000,2010-11-23 00:00:00,1
2010-11-24 00:00:00,2010-11-24 00:00:00,87.9,2010-11-24 00:00:00,85,87.5,6,22300,1898290,2010-11-24 00:00:00,1
2010-11-25 00:00:00,2010-11-25 00:00:00,87.3,2010-11-25 00:00:00,81.8,87.2,7,20400,1777950,2010-11-25 00:00:00,1
2010-11-26 00:00:00,2010-11-26 00:00:00,84,2010-11-26 00:00:00,82,84,5,6200,514800,2010-11-26 00:00:00,1
2010-11-30 00:00:00,2010-11-30 00:00:00,88.9,2010-11-30 00:00:00,83.9,88.3,20,21000,1834040,2010-11-30 00:00:00,1
2010-12-01 00:00:00,2010-12-01 00:00:00,91,2010-12-01 00:00:00,88,88.4,23,29100,2580120,2010-12-01 00:00:00,1
2010-12-02 00:00:00,2010-12-02 00:00:00,92,2010-12-02 00:00:00,88,89.9,18,16100,1430460,2010-12-02 00:00:00,1
2010-12-03 00:00:00,2010-12-03 00:00:00,91.9,2010-12-03 00:00:00,90,90,3,40900,3681390,2010-12-03 00:00:00,1
2010-12-06 00:00:00,2010-12-06 00:00:00,91.5,2010-12-06 00:00:00,91,91.1,3,2000,182250,2010-12-06 00:00:00,1
2010-12-08 00:00:00,2010-12-08 00:00:00,90,2010-12-08 00:00:00,88.8,89.9,4,5000,449250,2010-12-08 00:00:00,1
2010-12-13 00:00:00,2010-12-13 00:00:00,90.5,2010-12-13 00:00:00,86,87,13,11200,988890,2010-12-13 00:00:00,1
2010-12-15 00:00:00,2010-12-15 00:00:00,89.5,2010-12-15 00:00:00,89.5,89.5,1,100,8950,2010-12-15 00:00:00,1
2010-12-17 00:00:00,2010-12-17 00:00:00,89,2010-12-17 00:00:00,88,89,7,6400,569100,2010-12-17 00:00:00,1
2010-12-21 00:00:00,2010-12-21 00:00:00,90.5,2010-12-21 00:00:00,89,89.6,33,45000,4032110,2010-12-21 00:00:00,1
2010-12-22 00:00:00,2010-12-22 00:00:00,93,2010-12-22 00:00:00,90,91.5,55,81500,7462200,2010-12-22 00:00:00,1
2010-12-23 00:00:00,2010-12-23 00:00:00,95.4,2010-12-23 00:00:00,93.5,93.5,41,36800,3480590,2010-12-23 00:00:00,1
2010-12-24 00:00:00,2010-12-24 00:00:00,96,2010-12-24 00:00:00,94,95.7,9,2800,267330,2010-12-24 00:00:00,1
2010-12-27 00:00:00,2010-12-27 00:00:00,94,2010-12-27 00:00:00,92,92,18,17300,1619060,2010-12-27 00:00:00,1
2010-12-28 00:00:00,2010-12-28 00:00:00,93,2010-12-28 00:00:00,90,91,12,18000,1647440,2010-12-28 00:00:00,1
2010-12-29 00:00:00,2010-12-29 00:00:00,94.9,2010-12-29 00:00:00,93,93,18,12900,1218430,2010-12-29 00:00:00,1
2010-12-30 00:00:00,2010-12-30 00:00:00,93,2010-12-30 00:00:00,90.2,90.6,10,5300,484620,2010-12-30 00:00:00,1
2010-12-31 00:00:00,2010-12-31 00:00:00,93.9,2010-12-31 00:00:00,91,91,10,5500,507380,2010-12-31 00:00:00,1
Company Id :  CPRT,,Security Type :  N,,Sub Type :  0000,,,,,,
Short Name :  CEYLON PRINTERS,,,,,,,,,,
Day,Date High,High,Date Low,Low,Closing,No. of Trades,No. of Shares,Turnover,Last Traded,Days Traded
2010-07-12 00:00:00,2010-07-12 00:00:00,100,2010-07-12 00:00:00,100,100,1,100,10000,2010-07-12 00:00:00,1
Company Id :  CRL,,Security Type :  N,,Sub Type :  0000,,,,,,
Short Name :  SOFTLOGIC FIN,,,,,,,,,,
Day,Date High,High,Date Low,Low,Closing,No. of Trades,No. of Shares,Turnover,Last Traded,Days Traded
2010-01-04 00:00:00,2010-01-04 00:00:00,13.5,2010-01-04 00:00:00,13.5,13.5,3,5100,68850,2010-01-04 00:00:00,1
2010-01-05 00:00:00,2010-01-05 00:00:00,13.5,2010-01-05 00:00:00,13.25,13.5,4,3300,44300,2010-01-05 00:00:00,1
2010-01-06 00:00:00,2010-01-06 00:00:00,14,2010-01-06 00:00:00,13.25,13.25,10,8200,113425,2010-01-06 00:00:00,1
2010-01-07 00:00:00,2010-01-07 00:00:00,13.25,2010-01-07 00:00:00,13.25,13.25,1,1500,19875,2010-01-07 00:00:00,1
2010-01-08 00:00:00,2010-01-08 00:00:00,14.25,2010-01-08 00:00:00,13.25,14.25,48,101200,1394925,2010-01-08 00:00:00,1
2010-01-11 00:00:00,2010-01-11 00:00:00,14.5,2010-01-11 00:00:00,13,13.25,31,323300,4490875,2010-01-11 00:00:00,1
2010-01-13 00:00:00,2010-01-13 00:00:00,14.75,2010-01-13 00:00:00,14,14,48,290000,4159725,2010-01-13 00:00:00,1
2010-01-15 00:00:00,2010-01-15 00:00:00,14.5,2010-01-15 00:00:00,14.5,14.5,6,16900,245050,2010-01-15 00:00:00,1
2010-01-20 00:00:00,2010-01-20 00:00:00,14,2010-01-20 00:00:00,13.5,13.75,3,3000,41000,2010-01-20 00:00:00,1
2010-01-22 00:00:00,2010-01-22 00:00:00,14,2010-01-22 00:00:00,13.5,13.5,6,4500,61750,2010-01-22 00:00:00,1
2010-01-25 00:00:00,2010-01-25 00:00:00,14,2010-01-25 00:00:00,13.25,13.25,5,10100,134525,2010-01-25 00:00:00,1
2010-01-28 00:00:00,2010-01-28 00:00:00,13.75,2010-01-28 00:00:00,12.75,13.5,23,38000,500175,2010-01-28 00:00:00,1
2010-02-01 00:00:00,2010-02-01 00:00:00,14.5,2010-02-01 00:00:00,13.5,14,55,107700,1514325,2010-02-01 00:00:00,1
2010-02-02 00:00:00,2010-02-02 00:00:00,14.25,2010-02-02 00:00:00,14,14,24,37400,528825,2010-02-02 00:00:00,1
2010-02-03 00:00:00,2010-02-03 00:00:00,15.75,2010-02-03 00:00:00,13.75,15.25,110,209000,3095875,2010-02-03 00:00:00,1
2010-02-05 00:00:00,2010-02-05 00:00:00,18,2010-02-05 00:00:00,15.75,17,729,1368600,23646525,2010-02-05 00:00:00,1
2010-02-08 00:00:00,2010-02-08 00:00:00,17.5,2010-02-08 00:00:00,16.25,16.5,24,48700,799625,2010-02-08 00:00:00,1
2010-02-09 00:00:00,2010-02-09 00:00:00,16,2010-02-09 00:00:00,15,15.5,10,18000,283000,2010-02-09 00:00:00,1
2010-02-10 00:00:00,2010-02-10 00:00:00,17,2010-02-10 00:00:00,15.25,15.5,25,33500,541025,2010-02-10 00:00:00,1
2010-02-11 00:00:00,2010-02-11 00:00:00,15.75,2010-02-11 00:00:00,15,15.75,4,3500,54250,2010-02-11 00:00:00,1
2010-02-12 00:00:00,2010-02-12 00:00:00,16.75,2010-02-12 00:00:00,15.25,15.75,23,36200,572750,2010-02-12 00:00:00,1
2010-02-15 00:00:00,2010-02-15 00:00:00,15.75,2010-02-15 00:00:00,15,15.75,6,3500,53400,2010-02-15 00:00:00,1
2010-02-16 00:00:00,2010-02-16 00:00:00,16,2010-02-16 00:00:00,14.75,15.5,6,6400,99075,2010-02-16 00:00:00,1
2010-02-17 00:00:00,2010-02-17 00:00:00,15.5,2010-02-17 00:00:00,15.5,15.5,1,100,1550,2010-02-17 00:00:00,1
2010-02-18 00:00:00,2010-02-18 00:00:00,14.75,2010-02-18 00:00:00,14.75,14.75,1,500,7375,2010-02-18 00:00:00,1
2010-02-19 00:00:00,2010-02-19 00:00:00,15.75,2010-02-19 00:00:00,15.75,15.75,3,600,9450,2010-02-19 00:00:00,1
2010-02-22 00:00:00,2010-02-22 00:00:00,16.25,2010-02-22 00:00:00,15,15.5,13,17100,264475,2010-02-22 00:00:00,1
2010-02-23 00:00:00,2010-02-23 00:00:00,16,2010-02-23 00:00:00,15.25,15.25,5,3800,58550,2010-02-23 00:00:00,1
2010-02-25 00:00:00,2010-02-25 00:00:00,15.25,2010-02-25 00:00:00,15,15.25,4,1400,21175,2010-02-25 00:00:00,1
2010-02-26 00:00:00,2010-02-26 00:00:00,15.75,2010-02-26 00:00:00,15.25,15.5,4,5000,77200,2010-02-26 00:00:00,1
2010-03-01 00:00:00,2010-03-01 00:00:00,16.25,2010-03-01 00:00:00,15.25,15.5,12,10300,160925,2010-03-01 00:00:00,1
2010-03-02 00:00:00,2010-03-02 00:00:00,15.5,2010-03-02 00:00:00,15.25,15.25,7,7700,118050,2010-03-02 00:00:00,1
2010-03-03 00:00:00,2010-03-03 00:00:00,15.5,2010-03-03 00:00:00,14.75,15.5,12,12100,185900,2010-03-03 00:00:00,1
2010-03-05 00:00:00,2010-03-05 00:00:00,16,2010-03-05 00:00:00,15.5,16,10,6600,104650,2010-03-05 00:00:00,1
2010-03-09 00:00:00,2010-03-09 00:00:00,15.25,2010-03-09 00:00:00,15,15,6,7500,114000,2010-03-09 00:00:00,1
2010-03-10 00:00:00,2010-03-10 00:00:00,16,2010-03-10 00:00:00,15,15.5,5,2400,37150,2010-03-10 00:00:00,1
2010-03-11 00:00:00,2010-03-11 00:00:00,15.5,2010-03-11 00:00:00,15,15,4,3000,46025,2010-03-11 00:00:00,1
2010-03-12 00:00:00,2010-03-12 00:00:00,15.5,2010-03-12 00:00:00,15.25,15.5,6,6000,92875,2010-03-12 00:00:00,1
2010-03-15 00:00:00,2010-03-15 00:00:00,15.75,2010-03-15 00:00:00,15,15,7,2600,39225,2010-03-15 00:00:00,1
2010-03-16 00:00:00,2010-03-16 00:00:00,15,2010-03-16 00:00:00,14.75,15,7,4400,65725,2010-03-16 00:00:00,1
2010-03-17 00:00:00,2010-03-17 00:00:00,16.5,2010-03-17 00:00:00,15,16,83,84200,1350650,2010-03-17 00:00:00,1
2010-03-18 00:00:00,2010-03-18 00:00:00,16,2010-03-18 00:00:00,16,16,1,100,1600,2010-03-18 00:00:00,1
2010-03-19 00:00:00,2010-03-19 00:00:00,16.5,2010-03-19 00:00:00,15.75,16,19,69400,1119250,2010-03-19 00:00:00,1
2010-03-22 00:00:00,2010-03-22 00:00:00,16.25,2010-03-22 00:00:00,15.75,16,13,12100,193375,2010-03-22 00:00:00,1
2010-03-23 00:00:00,2010-03-23 00:00:00,16,2010-03-23 00:00:00,15,15,13,14000,210350,2010-03-23 00:00:00,1
2010-03-24 00:00:00,2010-03-24 00:00:00,16,2010-03-24 00:00:00,15.5,15.75,7,20100,315325,2010-03-24 00:00:00,1
2010-03-25 00:00:00,2010-03-25 00:00:00,16,2010-03-25 00:00:00,15.75,16,7,3000,47750,2010-03-25 00:00:00,1
2010-03-26 00:00:00,2010-03-26 00:00:00,16,2010-03-26 00:00:00,15.5,15.5,6,10000,156125,2010-03-26 00:00:00,1
2010-03-30 00:00:00,2010-03-30 00:00:00,15.25,2010-03-30 00:00:00,15.25,15.25,4,2000,30500,2010-03-30 00:00:00,1
2010-03-31 00:00:00,2010-03-31 00:00:00,15.25,2010-03-31 00:00:00,15,15,3,2400,36175,2010-03-31 00:00:00,1
2010-04-01 00:00:00,2010-04-01 00:00:00,15.25,2010-04-01 00:00:00,14.75,14.75,6,1000,14950,2010-04-01 00:00:00,1
2010-04-06 00:00:00,2010-04-06 00:00:00,15.5,2010-04-06 00:00:00,15.5,15.5,1,1000,15500,2010-04-06 00:00:00,1
2010-04-07 00:00:00,2010-04-07 00:00:00,16,2010-04-07 00:00:00,15.25,15.5,21,41600,641675,2010-04-07 00:00:00,1
2010-04-08 00:00:00,2010-04-08 00:00:00,15.5,2010-04-08 00:00:00,15.25,15.5,2,1500,23125,2010-04-08 00:00:00,1
2010-04-12 00:00:00,2010-04-12 00:00:00,15.5,2010-04-12 00:00:00,15.5,15.5,9,22500,348750,2010-04-12 00:00:00,1
2010-04-16 00:00:00,2010-04-16 00:00:00,16,2010-04-16 00:00:00,15.25,15.5,10,13500,209850,2010-04-16 00:00:00,1
2010-04-19 00:00:00,2010-04-19 00:00:00,16,2010-04-19 00:00:00,15.5,16,16,44100,694400,2010-04-19 00:00:00,1
2010-04-20 00:00:00,2010-04-20 00:00:00,16.25,2010-04-20 00:00:00,16,16,20,45700,733850,2010-04-20 00:00:00,1
2010-04-21 00:00:00,2010-04-21 00:00:00,16.5,2010-04-21 00:00:00,15.25,16.25,15,26800,429125,2010-04-21 00:00:00,1
2010-04-22 00:00:00,2010-04-22 00:00:00,16.5,2010-04-22 00:00:00,16,16.25,5,3200,51600,2010-04-22 00:00:00,1
2010-04-23 00:00:00,2010-04-23 00:00:00,17,2010-04-23 00:00:00,16,16.5,120,242300,4044275,2010-04-23 00:00:00,1
2010-04-26 00:00:00,2010-04-26 00:00:00,16.5,2010-04-26 00:00:00,16.5,16.5,6,7200,118800,2010-04-26 00:00:00,1
2010-04-27 00:00:00,2010-04-27 00:00:00,19.75,2010-04-27 00:00:00,16.5,18.5,385,840200,15513800,2010-04-27 00:00:00,1
2010-04-29 00:00:00,2010-04-29 00:00:00,19,2010-04-29 00:00:00,18,18,24,27600,505825,2010-04-29 00:00:00,1
2010-04-30 00:00:00,2010-04-30 00:00:00,17.75,2010-04-30 00:00:00,17.75,17.75,1,9500,168625,2010-04-30 00:00:00,1
2010-05-03 00:00:00,2010-05-03 00:00:00,18.25,2010-05-03 00:00:00,17.25,17.75,42,76300,1359825,2010-05-03 00:00:00,1
2010-05-04 00:00:00,2010-05-04 00:00:00,17.75,2010-05-04 00:00:00,16.75,17,18,20600,351250,2010-05-04 00:00:00,1
2010-05-06 00:00:00,2010-05-06 00:00:00,21.25,2010-05-06 00:00:00,17,20.75,325,630400,12749200,2010-05-06 00:00:00,1
2010-05-07 00:00:00,2010-05-07 00:00:00,24.75,2010-05-07 00:00:00,21,23.75,507,977000,22990175,2010-05-07 00:00:00,1
2010-05-10 00:00:00,2010-05-10 00:00:00,26,2010-05-10 00:00:00,23.5,24,171,350400,8758175,2010-05-10 00:00:00,1
2010-05-11 00:00:00,2010-05-11 00:00:00,26.25,2010-05-11 00:00:00,23.75,25,206,345600,8800500,2010-05-11 00:00:00,1
2010-05-12 00:00:00,2010-05-12 00:00:00,25.5,2010-05-12 00:00:00,23.25,24,43,50600,1211100,2010-05-12 00:00:00,1
2010-05-13 00:00:00,2010-05-13 00:00:00,25.25,2010-05-13 00:00:00,24,24.25,155,173000,4262000,2010-05-13 00:00:00,1
2010-05-14 00:00:00,2010-05-14 00:00:00,25.5,2010-05-14 00:00:00,23.75,24,73,84000,2085700,2010-05-14 00:00:00,1
2010-05-17 00:00:00,2010-05-17 00:00:00,24,2010-05-17 00:00:00,23.25,23.25,9,7600,179500,2010-05-17 00:00:00,1
2010-05-18 00:00:00,2010-05-18 00:00:00,24,2010-05-18 00:00:00,23,23.25,26,26800,629175,2010-05-18 00:00:00,1
2010-05-19 00:00:00,2010-05-19 00:00:00,24,2010-05-19 00:00:00,22.75,23,55,63500,1485275,2010-05-19 00:00:00,1
2010-05-20 00:00:00,2010-05-20 00:00:00,23.5,2010-05-20 00:00:00,22,22,23,40500,915675,2010-05-20 00:00:00,1
2010-05-21 00:00:00,2010-05-21 00:00:00,23,2010-05-21 00:00:00,21.5,21.5,31,68200,1500050,2010-05-21 00:00:00,1
2010-05-24 00:00:00,2010-05-24 00:00:00,22.25,2010-05-24 00:00:00,21.5,22,32,53300,1164550,2010-05-24 00:00:00,1
2010-05-25 00:00:00,2010-05-25 00:00:00,25.25,2010-05-25 00:00:00,21.75,24.75,228,401600,9722725,2010-05-25 00:00:00,1
2010-05-26 00:00:00,2010-05-26 00:00:00,25.75,2010-05-26 00:00:00,24.5,25.5,238,645300,16401000,2010-05-26 00:00:00,1
2010-05-31 00:00:00,2010-05-31 00:00:00,26.5,2010-05-31 00:00:00,25.5,26.25,177,273900,7138200,2010-05-31 00:00:00,1
2010-06-01 00:00:00,2010-06-01 00:00:00,26.5,2010-06-01 00:00:00,25.5,26,125,246800,6494350,2010-06-01 00:00:00,1
2010-06-02 00:00:00,2010-06-02 00:00:00,26.25,2010-06-02 00:00:00,25.25,25.75,59,139700,3633050,2010-06-02 00:00:00,1
2010-06-03 00:00:00,2010-06-03 00:00:00,27.25,2010-06-03 00:00:00,25.5,26.75,171,471400,12567475,2010-06-03 00:00:00,1
2010-06-04 00:00:00,2010-06-04 00:00:00,26.75,2010-06-04 00:00:00,26.25,26.25,18,25900,685150,2010-06-04 00:00:00,1
2010-06-07 00:00:00,2010-06-07 00:00:00,29,2010-06-07 00:00:00,26.25,28.5,239,484100,13682500,2010-06-07 00:00:00,1
2010-06-08 00:00:00,2010-06-08 00:00:00,29,2010-06-08 00:00:00,26.75,27.25,90,129600,3586500,2010-06-08 00:00:00,1
2010-06-09 00:00:00,2010-06-09 00:00:00,28.5,2010-06-09 00:00:00,27.25,27.5,50,103000,2867225,2010-06-09 00:00:00,1
2010-06-10 00:00:00,2010-06-10 00:00:00,29,2010-06-10 00:00:00,28,28.25,63,182000,5238100,2010-06-10 00:00:00,1
2010-06-11 00:00:00,2010-06-11 00:00:00,31,2010-06-11 00:00:00,28.75,30,246,449700,13390250,2010-06-11 00:00:00,1
2010-06-14 00:00:00,2010-06-14 00:00:00,31,2010-06-14 00:00:00,29.25,29.5,82,122300,3696750,2010-06-14 00:00:00,1
2010-06-15 00:00:00,2010-06-15 00:00:00,30,2010-06-15 00:00:00,28.25,29.75,44,83100,2453725,2010-06-15 00:00:00,1
2010-06-16 00:00:00,2010-06-16 00:00:00,30,2010-06-16 00:00:00,29.25,29.5,18,17600,519300,2010-06-16 00:00:00,1
2010-06-17 00:00:00,2010-06-17 00:00:00,30.5,2010-06-17 00:00:00,29.25,29.75,39,77200,2316500,2010-06-17 00:00:00,1
2010-06-21 00:00:00,2010-06-21 00:00:00,32.25,2010-06-21 00:00:00,29.75,31.25,135,201000,6290075,2010-06-21 00:00:00,1
2010-06-22 00:00:00,2010-06-22 00:00:00,32.5,2010-06-22 00:00:00,29.5,30.25,28,60200,1832675,2010-06-22 00:00:00,1
2010-06-23 00:00:00,2010-06-23 00:00:00,30,2010-06-23 00:00:00,29,29.25,31,63600,1877325,2010-06-23 00:00:00,1
2010-06-24 00:00:00,2010-06-24 00:00:00,30,2010-06-24 00:00:00,29,29.75,18,31300,931675,2010-06-24 00:00:00,1
2010-06-28 00:00:00,2010-06-28 00:00:00,29.5,2010-06-28 00:00:00,27,27.25,39,86000,2401600,2010-06-28 00:00:00,1
2010-06-29 00:00:00,2010-06-29 00:00:00,30.25,2010-06-29 00:00:00,28,28.75,43,84200,2454775,2010-06-29 00:00:00,1
2010-06-30 00:00:00,2010-06-30 00:00:00,30.5,2010-06-30 00:00:00,28.5,29.5,27,41900,1238825,2010-06-30 00:00:00,1
2010-07-01 00:00:00,2010-07-01 00:00:00,30.5,2010-07-01 00:00:00,29,29.5,11,13300,400450,2010-07-01 00:00:00,1
2010-07-02 00:00:00,2010-07-02 00:00:00,29.75,2010-07-02 00:00:00,29,29,13,24300,705450,2010-07-02 00:00:00,1
2010-07-05 00:00:00,2010-07-05 00:00:00,28.75,2010-07-05 00:00:00,28.75,28.75,5,8400,241500,2010-07-05 00:00:00,1
2010-07-06 00:00:00,2010-07-06 00:00:00,29,2010-07-06 00:00:00,28.5,29,12,33100,955700,2010-07-06 00:00:00,1
2010-07-07 00:00:00,2010-07-07 00:00:00,28.75,2010-07-07 00:00:00,27.5,28.25,26,61400,1729550,2010-07-07 00:00:00,1
2010-07-08 00:00:00,2010-07-08 00:00:00,28.75,2010-07-08 00:00:00,28,28.25,10,24300,685625,2010-07-08 00:00:00,1
2010-07-09 00:00:00,2010-07-09 00:00:00,30,2010-07-09 00:00:00,29,29.25,16,30100,884250,2010-07-09 00:00:00,1
2010-07-12 00:00:00,2010-07-12 00:00:00,30,2010-07-12 00:00:00,29,29.25,5,17700,517800,2010-07-12 00:00:00,1
2010-07-13 00:00:00,2010-07-13 00:00:00,34.75,2010-07-13 00:00:00,29.25,32.25,322,525800,17112325,2010-07-13 00:00:00,1
2010-07-14 00:00:00,2010-07-14 00:00:00,38.75,2010-07-14 00:00:00,33.5,35.5,587,989800,36022825,2010-07-14 00:00:00,1
2010-07-15 00:00:00,2010-07-15 00:00:00,38,2010-07-15 00:00:00,34,37,238,416600,15380300,2010-07-15 00:00:00,1
2010-07-16 00:00:00,2010-07-16 00:00:00,38,2010-07-16 00:00:00,35,35.25,71,81000,2914175,2010-07-16 00:00:00,1
2010-07-19 00:00:00,2010-07-19 00:00:00,36.75,2010-07-19 00:00:00,35,36,53,99500,3583350,2010-07-19 00:00:00,1
2010-07-20 00:00:00,2010-07-20 00:00:00,36.25,2010-07-20 00:00:00,35.25,35.5,20,21800,778300,2010-07-20 00:00:00,1
2010-07-21 00:00:00,2010-07-21 00:00:00,36,2010-07-21 00:00:00,34.5,35.25,34,33000,1160050,2010-07-21 00:00:00,1
2010-07-22 00:00:00,2010-07-22 00:00:00,35.25,2010-07-22 00:00:00,33.75,34.25,35,49900,1707575,2010-07-22 00:00:00,1
2010-07-23 00:00:00,2010-07-23 00:00:00,36,2010-07-23 00:00:00,34.5,34.75,49,28300,991825,2010-07-23 00:00:00,1
2010-07-26 00:00:00,2010-07-26 00:00:00,36,2010-07-26 00:00:00,34.5,34.5,32,25800,895450,2010-07-26 00:00:00,1
2010-07-27 00:00:00,2010-07-27 00:00:00,36.5,2010-07-27 00:00:00,34.25,36.25,64,95700,3444775,2010-07-27 00:00:00,1
2010-07-28 00:00:00,2010-07-28 00:00:00,36.75,2010-07-28 00:00:00,35.75,36.25,23,43900,1599725,2010-07-28 00:00:00,1
2010-07-29 00:00:00,2010-07-29 00:00:00,37.25,2010-07-29 00:00:00,36,36.25,66,82100,3027500,2010-07-29 00:00:00,1
2010-07-30 00:00:00,2010-07-30 00:00:00,36,2010-07-30 00:00:00,35.5,35.75,9,6300,225000,2010-07-30 00:00:00,1
2010-08-02 00:00:00,2010-08-02 00:00:00,39,2010-08-02 00:00:00,35.5,37.5,134,190200,7058190,2010-08-02 00:00:00,1
2010-08-03 00:00:00,2010-08-03 00:00:00,52,2010-08-03 00:00:00,38,48.6,653,1264700,57863160,2010-08-03 00:00:00,1
2010-08-04 00:00:00,2010-08-04 00:00:00,61.1,2010-08-04 00:00:00,47.5,59.6,777,1148800,65115670,2010-08-04 00:00:00,1
2010-08-05 00:00:00,2010-08-05 00:00:00,61.3,2010-08-05 00:00:00,53.6,59.4,318,419600,23932870,2010-08-05 00:00:00,1
2010-08-06 00:00:00,2010-08-06 00:00:00,59,2010-08-06 00:00:00,53.5,54.1,172,266900,14504040,2010-08-06 00:00:00,1
2010-08-09 00:00:00,2010-08-09 00:00:00,51,2010-08-09 00:00:00,48.7,48.7,84,101100,5004570,2010-08-09 00:00:00,1
2010-08-10 00:00:00,2010-08-10 00:00:00,53.5,2010-08-10 00:00:00,44,53.3,199,408700,20659810,2010-08-10 00:00:00,1
2010-08-11 00:00:00,2010-08-11 00:00:00,58.5,2010-08-11 00:00:00,50,52.5,158,207200,11238080,2010-08-11 00:00:00,1
2010-08-12 00:00:00,2010-08-12 00:00:00,54.9,2010-08-12 00:00:00,51,52.4,35,58700,3054810,2010-08-12 00:00:00,1
2010-08-13 00:00:00,2010-08-13 00:00:00,55,2010-08-13 00:00:00,53,54.7,64,75700,4137040,2010-08-13 00:00:00,1
2010-08-16 00:00:00,2010-08-16 00:00:00,56,2010-08-16 00:00:00,52,52,40,34100,1784620,2010-08-16 00:00:00,1
2010-08-17 00:00:00,2010-08-17 00:00:00,54,2010-08-17 00:00:00,51.2,53.2,33,26900,1406550,2010-08-17 00:00:00,1
2010-08-18 00:00:00,2010-08-18 00:00:00,55,2010-08-18 00:00:00,51.6,52.3,49,39100,2063360,2010-08-18 00:00:00,1
2010-08-19 00:00:00,2010-08-19 00:00:00,56.6,2010-08-19 00:00:00,52.9,55,220,313400,17261450,2010-08-19 00:00:00,1
2010-08-20 00:00:00,2010-08-20 00:00:00,57,2010-08-20 00:00:00,53.8,54.2,67,58700,3250210,2010-08-20 00:00:00,1
2010-08-23 00:00:00,2010-08-23 00:00:00,54,2010-08-23 00:00:00,50,51.1,146,168700,8646430,2010-08-23 00:00:00,1
2010-08-25 00:00:00,2010-08-25 00:00:00,51.8,2010-08-25 00:00:00,50,50.4,78,45400,2293070,2010-08-25 00:00:00,1
2010-08-26 00:00:00,2010-08-26 00:00:00,53,2010-08-26 00:00:00,47.1,51.4,30,16400,794520,2010-08-26 00:00:00,1
2010-08-27 00:00:00,2010-08-27 00:00:00,52,2010-08-27 00:00:00,49,49.4,15,6000,300200,2010-08-27 00:00:00,1
2010-08-30 00:00:00,2010-08-30 00:00:00,53,2010-08-30 00:00:00,47.4,50.6,159,154700,7798580,2010-08-30 00:00:00,1
2010-08-31 00:00:00,2010-08-31 00:00:00,53.4,2010-08-31 00:00:00,49.7,52.9,158,157100,8230120,2010-08-31 00:00:00,1
2010-09-01 00:00:00,2010-09-01 00:00:00,53.4,2010-09-01 00:00:00,50.1,52.4,59,65200,3399370,2010-09-01 00:00:00,1
2010-09-02 00:00:00,2010-09-02 00:00:00,54,2010-09-02 00:00:00,52.5,52.8,109,105600,5612670,2010-09-02 00:00:00,1
2010-09-03 00:00:00,2010-09-03 00:00:00,53.9,2010-09-03 00:00:00,50,50.8,42,48800,2522650,2010-09-03 00:00:00,1
2010-09-06 00:00:00,2010-09-06 00:00:00,51.5,2010-09-06 00:00:00,50,50.7,27,18800,957270,2010-09-06 00:00:00,1
2010-09-07 00:00:00,2010-09-07 00:00:00,52.5,2010-09-07 00:00:00,50,50,65,87400,4411880,2010-09-07 00:00:00,1
2010-09-08 00:00:00,2010-09-08 00:00:00,52.4,2010-09-08 00:00:00,50.2,50.9,42,51100,2639830,2010-09-08 00:00:00,1
2010-09-09 00:00:00,2010-09-09 00:00:00,50.8,2010-09-09 00:00:00,49.1,50,35,27300,1356430,2010-09-09 00:00:00,1
2010-09-13 00:00:00,2010-09-13 00:00:00,51.5,2010-09-13 00:00:00,50,50.9,20,16100,812110,2010-09-13 00:00:00,1
2010-09-14 00:00:00,2010-09-14 00:00:00,51.5,2010-09-14 00:00:00,49.1,50.2,37,68200,3406010,2010-09-14 00:00:00,1
2010-09-15 00:00:00,2010-09-15 00:00:00,53,2010-09-15 00:00:00,50.3,51,70,79900,4105630,2010-09-15 00:00:00,1
2010-09-16 00:00:00,2010-09-16 00:00:00,53.4,2010-09-16 00:00:00,51.3,52.8,93,107700,5649480,2010-09-16 00:00:00,1
2010-09-17 00:00:00,2010-09-17 00:00:00,56,2010-09-17 00:00:00,52.5,53.1,173,253700,13731700,2010-09-17 00:00:00,1
2010-09-20 00:00:00,2010-09-20 00:00:00,55,2010-09-20 00:00:00,51.9,54.3,226,500500,27118810,2010-09-20 00:00:00,1
2010-09-21 00:00:00,2010-09-21 00:00:00,58.5,2010-09-21 00:00:00,51,52.7,354,420900,23204330,2010-09-21 00:00:00,1
2010-09-23 00:00:00,2010-09-23 00:00:00,54,2010-09-23 00:00:00,51.2,51.4,64,43100,2277210,2010-09-23 00:00:00,1
2010-09-24 00:00:00,2010-09-24 00:00:00,52,2010-09-24 00:00:00,49,49.7,62,52500,2634270,2010-09-24 00:00:00,1
2010-09-27 00:00:00,2010-09-27 00:00:00,51.8,2010-09-27 00:00:00,48,48.3,71,87400,4281720,2010-09-27 00:00:00,1
2010-09-28 00:00:00,2010-09-28 00:00:00,49.9,2010-09-28 00:00:00,44.1,47.5,48,38600,1841330,2010-09-28 00:00:00,1
2010-09-29 00:00:00,2010-09-29 00:00:00,47.8,2010-09-29 00:00:00,45.5,46,40,12800,599450,2010-09-29 00:00:00,1
2010-09-30 00:00:00,2010-09-30 00:00:00,48,2010-09-30 00:00:00,47,47.5,31,38600,1835380,2010-09-30 00:00:00,1
2010-10-01 00:00:00,2010-10-01 00:00:00,48,2010-10-01 00:00:00,45.3,45.7,47,27900,1293180,2010-10-01 00:00:00,1
2010-10-04 00:00:00,2010-10-04 00:00:00,45.3,2010-10-04 00:00:00,43.2,43.6,52,51800,2271150,2010-10-04 00:00:00,1
2010-10-05 00:00:00,2010-10-05 00:00:00,43.8,2010-10-05 00:00:00,40,40.7,111,254800,10438680,2010-10-05 00:00:00,1
2010-10-06 00:00:00,2010-10-06 00:00:00,42,2010-10-06 00:00:00,40.7,41,44,38000,1560020,2010-10-06 00:00:00,1
2010-10-07 00:00:00,2010-10-07 00:00:00,41.6,2010-10-07 00:00:00,39,40.1,42,33000,1335970,2010-10-07 00:00:00,1
2010-10-08 00:00:00,2010-10-08 00:00:00,41,2010-10-08 00:00:00,40,40.1,18,77600,3122150,2010-10-08 00:00:00,1
2010-10-11 00:00:00,2010-10-11 00:00:00,42,2010-10-11 00:00:00,40.5,41.2,17,4500,187980,2010-10-11 00:00:00,1
2010-10-12 00:00:00,2010-10-12 00:00:00,41,2010-10-12 00:00:00,39,39.1,20,10900,435500,2010-10-12 00:00:00,1
2010-10-13 00:00:00,2010-10-13 00:00:00,42,2010-10-13 00:00:00,35.1,40.3,56,56000,2208580,2010-10-13 00:00:00,1
2010-10-14 00:00:00,2010-10-14 00:00:00,40,2010-10-14 00:00:00,37.5,38.1,73,102600,3921240,2010-10-14 00:00:00,1
2010-10-15 00:00:00,2010-10-15 00:00:00,39,2010-10-15 00:00:00,37.5,38,22,25100,956000,2010-10-15 00:00:00,1
2010-10-18 00:00:00,2010-10-18 00:00:00,39,2010-10-18 00:00:00,37,37,39,33600,1264700,2010-10-18 00:00:00,1
2010-10-19 00:00:00,2010-10-19 00:00:00,38,2010-10-19 00:00:00,37.8,38,10,5900,223760,2010-10-19 00:00:00,1
2010-10-20 00:00:00,2010-10-20 00:00:00,38.5,2010-10-20 00:00:00,37.9,38,11,7600,289140,2010-10-20 00:00:00,1
2010-10-21 00:00:00,2010-10-21 00:00:00,38,2010-10-21 00:00:00,35,35.1,222,564100,19925390,2010-10-21 00:00:00,1
2010-10-25 00:00:00,2010-10-25 00:00:00,36.4,2010-10-25 00:00:00,35,36,13,7800,278680,2010-10-25 00:00:00,1
2010-10-26 00:00:00,2010-10-26 00:00:00,36.5,2010-10-26 00:00:00,35,36.2,36,27600,991650,2010-10-26 00:00:00,1
2010-10-27 00:00:00,2010-10-27 00:00:00,35.2,2010-10-27 00:00:00,35,35,23,26300,921500,2010-10-27 00:00:00,1
2010-10-28 00:00:00,2010-10-28 00:00:00,36,2010-10-28 00:00:00,35,35.3,17,11300,399880,2010-10-28 00:00:00,1
2010-10-29 00:00:00,2010-10-29 00:00:00,40,2010-10-29 00:00:00,37.3,39.2,109,155500,5914490,2010-10-29 00:00:00,1
2010-11-01 00:00:00,2010-11-01 00:00:00,40,2010-11-01 00:00:00,38.1,38.4,18,10800,419540,2010-11-01 00:00:00,1
2010-11-02 00:00:00,2010-11-02 00:00:00,40,2010-11-02 00:00:00,37.6,38,9,12000,458040,2010-11-02 00:00:00,1
2010-11-03 00:00:00,2010-11-03 00:00:00,39.8,2010-11-03 00:00:00,36.5,36.7,34,49800,1845350,2010-11-03 00:00:00,1
2010-11-04 00:00:00,2010-11-04 00:00:00,39.7,2010-11-04 00:00:00,38,39,119,154200,6054990,2010-11-04 00:00:00,1
2010-11-08 00:00:00,2010-11-08 00:00:00,39.5,2010-11-08 00:00:00,38,38.1,13,22800,875110,2010-11-08 00:00:00,1
2010-11-09 00:00:00,2010-11-09 00:00:00,39.5,2010-11-09 00:00:00,37,38,35,23800,900950,2010-11-09 00:00:00,1
2010-11-10 00:00:00,2010-11-10 00:00:00,39.9,2010-11-10 00:00:00,38,38.5,13,16700,660640,2010-11-10 00:00:00,1
2010-11-12 00:00:00,2010-11-12 00:00:00,39,2010-11-12 00:00:00,37,38.7,15,6700,255280,2010-11-12 00:00:00,1
2010-11-15 00:00:00,2010-11-15 00:00:00,38.7,2010-11-15 00:00:00,38,38.5,30,27200,1046610,2010-11-15 00:00:00,1
2010-11-16 00:00:00,2010-11-16 00:00:00,38.5,2010-11-16 00:00:00,37,38,33,45000,1689300,2010-11-16 00:00:00,1
2010-11-18 00:00:00,2010-11-18 00:00:00,40,2010-11-18 00:00:00,37.6,40,62,78400,3115940,2010-11-18 00:00:00,1
2010-11-22 00:00:00,2010-11-22 00:00:00,40.8,2010-11-22 00:00:00,40,40,34,47200,1891080,2010-11-22 00:00:00,1
2010-11-23 00:00:00,2010-11-23 00:00:00,41,2010-11-23 00:00:00,38.1,39,59,138000,5523850,2010-11-23 00:00:00,1
2010-11-24 00:00:00,2010-11-24 00:00:00,40,2010-11-24 00:00:00,39.1,40,36,37300,1479370,2010-11-24 00:00:00,1
2010-11-25 00:00:00,2010-11-25 00:00:00,40.5,2010-11-25 00:00:00,39.9,40,25,82400,3295350,2010-11-25 00:00:00,1
2010-11-26 00:00:00,2010-11-26 00:00:00,40.4,2010-11-26 00:00:00,39.5,40,39,68400,2733260,2010-11-26 00:00:00,1
2010-11-29 00:00:00,2010-11-29 00:00:00,39.9,2010-11-29 00:00:00,38.8,39,35,35500,1390870,2010-11-29 00:00:00,1
2010-11-30 00:00:00,2010-11-30 00:00:00,40.4,2010-11-30 00:00:00,39,39.9,16,19000,757100,2010-11-30 00:00:00,1
2010-12-01 00:00:00,2010-12-01 00:00:00,42.3,2010-12-01 00:00:00,40.7,41.6,44,46300,1930270,2010-12-01 00:00:00,1
2010-12-02 00:00:00,2010-12-02 00:00:00,43.5,2010-12-02 00:00:00,41,43,36,28200,1188510,2010-12-02 00:00:00,1
2010-12-03 00:00:00,2010-12-03 00:00:00,43,2010-12-03 00:00:00,42.1,43,27,22800,979150,2010-12-03 00:00:00,1
2010-12-06 00:00:00,2010-12-06 00:00:00,43,2010-12-06 00:00:00,42,43,29,38200,1612330,2010-12-06 00:00:00,1
2010-12-07 00:00:00,2010-12-07 00:00:00,43.5,2010-12-07 00:00:00,42.2,42.9,14,6200,265740,2010-12-07 00:00:00,1
2010-12-08 00:00:00,2010-12-08 00:00:00,43.5,2010-12-08 00:00:00,42.5,43.2,26,36300,1568070,2010-12-08 00:00:00,1
2010-12-09 00:00:00,2010-12-09 00:00:00,43.2,2010-12-09 00:00:00,42.2,42.4,9,27600,1173620,2010-12-09 00:00:00,1
2010-12-10 00:00:00,2010-12-10 00:00:00,43.5,2010-12-10 00:00:00,42.2,43,13,28300,1221400,2010-12-10 00:00:00,1
2010-12-13 00:00:00,2010-12-13 00:00:00,42.9,2010-12-13 00:00:00,42,42.5,14,12100,514840,2010-12-13 00:00:00,1
2010-12-14 00:00:00,2010-12-14 00:00:00,42.5,2010-12-14 00:00:00,40,40.1,15,15600,637510,2010-12-14 00:00:00,1
2010-12-15 00:00:00,2010-12-15 00:00:00,42.5,2010-12-15 00:00:00,40,40.2,7,2100,84810,2010-12-15 00:00:00,1
2010-12-16 00:00:00,2010-12-16 00:00:00,41.1,2010-12-16 00:00:00,40,41,17,18900,761500,2010-12-16 00:00:00,1
2010-12-17 00:00:00,2010-12-17 00:00:00,41,2010-12-17 00:00:00,40,40,4,1600,64300,2010-12-17 00:00:00,1
2010-12-21 00:00:00,2010-12-21 00:00:00,42,2010-12-21 00:00:00,38.1,41.9,27,30300,1237500,2010-12-21 00:00:00,1
2010-12-22 00:00:00,2010-12-22 00:00:00,43.5,2010-12-22 00:00:00,40,43.1,35,23900,1022060,2010-12-22 00:00:00,1
2010-12-23 00:00:00,2010-12-23 00:00:00,43.1,2010-12-23 00:00:00,42.5,42.5,17,8300,357260,2010-12-23 00:00:00,1
2010-12-24 00:00:00,2010-12-24 00:00:00,46.4,2010-12-24 00:00:00,43,45.7,98,92400,4148370,2010-12-24 00:00:00,1
2010-12-27 00:00:00,2010-12-27 00:00:00,48.4,2010-12-27 00:00:00,46,46,123,135100,6391490,2010-12-27 00:00:00,1
2010-12-28 00:00:00,2010-12-28 00:00:00,47.5,2010-12-28 00:00:00,44.5,44.6,67,74800,3420640,2010-12-28 00:00:00,1
2010-12-29 00:00:00,2010-12-29 00:00:00,47,2010-12-29 00:00:00,44.5,45.1,33,23000,1034700,2010-12-29 00:00:00,1
2010-12-30 00:00:00,2010-12-30 00:00:00,46,2010-12-30 00:00:00,42.1,44.9,24,27300,1214290,2010-12-30 00:00:00,1
2010-12-31 00:00:00,2010-12-31 00:00:00,46.8,2010-12-31 00:00:00,44.5,44.6,38,26300,1205920,2010-12-31 00:00:00,1
Company Id :  CRL,,Security Type :  R,,Sub Type :  0000,,,,,,
Short Name :  SOFTLOGIC FIN,,,,,,,,,,
Day,Date High,High,Date Low,Low,Closing,No. of Trades,No. of Shares,Turnover,Last Traded,Days Traded
2010-11-22 00:00:00,2010-11-22 00:00:00,0.9,2010-11-22 00:00:00,0.6,0.8,12,9800,6970,2010-11-22 00:00:00,1
2010-11-23 00:00:00,2010-11-23 00:00:00,1.5,2010-11-23 00:00:00,0.8,1.2,130,182300,221350,2010-11-23 00:00:00,1
2010-11-24 00:00:00,2010-11-24 00:00:00,1.4,2010-11-24 00:00:00,1,1.3,94,287000,344990,2010-11-24 00:00:00,1
2010-11-25 00:00:00,2010-11-25 00:00:00,1.3,2010-11-25 00:00:00,0.9,1,52,404200,430340,2010-11-25 00:00:00,1
2010-11-26 00:00:00,2010-11-26 00:00:00,1,2010-11-26 00:00:00,0.7,0.8,79,1758000,1723290,2010-11-26 00:00:00,1
2010-11-29 00:00:00,2010-11-29 00:00:00,0.9,2010-11-29 00:00:00,0.1,0.2,85,468000,193490,2010-11-29 00:00:00,1
Company Id :  CSD,,Security Type :  N,,Sub Type :  0000,,,,,,
Short Name :  SEYLAN DEVTS,,,,,,,,,,
Day,Date High,High,Date Low,Low,Closing,No. of Trades,No. of Shares,Turnover,Last Traded,Days Traded
2010-01-04 00:00:00,2010-01-04 00:00:00,9.5,2010-01-04 00:00:00,9.25,9.25,24,46600,435125,2010-01-04 00:00:00,1
2010-01-05 00:00:00,2010-01-05 00:00:00,10,2010-01-05 00:00:00,9.25,10,48,90100,879400,2010-01-05 00:00:00,1
2010-01-06 00:00:00,2010-01-06 00:00:00,11,2010-01-06 00:00:00,10,10.5,90,222900,2309700,2010-01-06 00:00:00,1
2010-01-07 00:00:00,2010-01-07 00:00:00,10.75,2010-01-07 00:00:00,10,10.5,20,48900,512575,2010-01-07 00:00:00,1
2010-01-08 00:00:00,2010-01-08 00:00:00,10.75,2010-01-08 00:00:00,10.5,10.5,31,153800,1617450,2010-01-08 00:00:00,1
2010-01-11 00:00:00,2010-01-11 00:00:00,11,2010-01-11 00:00:00,10.5,10.75,41,101000,1087500,2010-01-11 00:00:00,1
2010-01-12 00:00:00,2010-01-12 00:00:00,10.5,2010-01-12 00:00:00,10.25,10.5,22,58100,608750,2010-01-12 00:00:00,1
2010-01-13 00:00:00,2010-01-13 00:00:00,11,2010-01-13 00:00:00,10.25,10.75,53,260700,2794825,2010-01-13 00:00:00,1
2010-01-15 00:00:00,2010-01-15 00:00:00,10.75,2010-01-15 00:00:00,10.5,10.5,11,17800,187375,2010-01-15 00:00:00,1
2010-01-18 00:00:00,2010-01-18 00:00:00,10.5,2010-01-18 00:00:00,9.75,10,19,56500,566250,2010-01-18 00:00:00,1
2010-01-19 00:00:00,2010-01-19 00:00:00,10.25,2010-01-19 00:00:00,9.75,10,7,48800,487825,2010-01-19 00:00:00,1
2010-01-20 00:00:00,2010-01-20 00:00:00,10.75,2010-01-20 00:00:00,10,10.5,42,109500,1155300,2010-01-20 00:00:00,1
2010-01-21 00:00:00,2010-01-21 00:00:00,11,2010-01-21 00:00:00,10,10.5,72,346800,3565525,2010-01-21 00:00:00,1
2010-01-22 00:00:00,2010-01-22 00:00:00,10.5,2010-01-22 00:00:00,10,10,33,121000,1211375,2010-01-22 00:00:00,1
2010-01-25 00:00:00,2010-01-25 00:00:00,10.5,2010-01-25 00:00:00,10,10,20,62600,630025,2010-01-25 00:00:00,1
2010-01-26 00:00:00,2010-01-26 00:00:00,10.75,2010-01-26 00:00:00,10.25,10.5,30,152300,1593675,2010-01-26 00:00:00,1
2010-01-28 00:00:00,2010-01-28 00:00:00,10.5,2010-01-28 00:00:00,9.75,10.25,91,583100,5857350,2010-01-28 00:00:00,1
2010-02-01 00:00:00,2010-02-01 00:00:00,11.25,2010-02-01 00:00:00,10.75,11,104,555400,6102700,2010-02-01 00:00:00,1
2010-02-02 00:00:00,2010-02-02 00:00:00,11.5,2010-02-02 00:00:00,11,11.25,73,278300,3168950,2010-02-02 00:00:00,1
2010-02-03 00:00:00,2010-02-03 00:00:00,11.5,2010-02-03 00:00:00,10.5,10.75,29,39000,426800,2010-02-03 00:00:00,1
2010-02-05 00:00:00,2010-02-05 00:00:00,11.25,2010-02-05 00:00:00,10.75,11.25,45,167200,1838875,2010-02-05 00:00:00,1
2010-02-08 00:00:00,2010-02-08 00:00:00,11.25,2010-02-08 00:00:00,11,11.25,65,277900,3106500,2010-02-08 00:00:00,1
2010-02-09 00:00:00,2010-02-09 00:00:00,11,2010-02-09 00:00:00,10.5,11,42,93800,1008950,2010-02-09 00:00:00,1
2010-02-10 00:00:00,2010-02-10 00:00:00,11.25,2010-02-10 00:00:00,10.75,11,71,365300,4020675,2010-02-10 00:00:00,1
2010-02-11 00:00:00,2010-02-11 00:00:00,11,2010-02-11 00:00:00,10.75,10.75,24,141500,1526175,2010-02-11 00:00:00,1
2010-02-12 00:00:00,2010-02-12 00:00:00,10.75,2010-02-12 00:00:00,10.5,10.75,13,48000,512425,2010-02-12 00:00:00,1
2010-02-15 00:00:00,2010-02-15 00:00:00,11,2010-02-15 00:00:00,10.5,10.5,22,97000,1026250,2010-02-15 00:00:00,1
2010-02-16 00:00:00,2010-02-16 00:00:00,10.5,2010-02-16 00:00:00,10.25,10.25,18,65200,668450,2010-02-16 00:00:00,1
2010-02-17 00:00:00,2010-02-17 00:00:00,10.75,2010-02-17 00:00:00,10.5,10.5,18,60300,633200,2010-02-17 00:00:00,1
2010-02-18 00:00:00,2010-02-18 00:00:00,10.75,2010-02-18 00:00:00,10.5,10.75,6,7100,75550,2010-02-18 00:00:00,1
2010-02-19 00:00:00,2010-02-19 00:00:00,10.75,2010-02-19 00:00:00,10.5,10.75,13,20900,219875,2010-02-19 00:00:00,1
2010-02-22 00:00:00,2010-02-22 00:00:00,11,2010-02-22 00:00:00,10.5,10.5,18,42500,452550,2010-02-22 00:00:00,1
2010-02-23 00:00:00,2010-02-23 00:00:00,11,2010-02-23 00:00:00,10.25,10.5,18,28700,300750,2010-02-23 00:00:00,1
2010-02-24 00:00:00,2010-02-24 00:00:00,10.25,2010-02-24 00:00:00,10.25,10.25,20,86100,882525,2010-02-24 00:00:00,1
2010-02-25 00:00:00,2010-02-25 00:00:00,10.75,2010-02-25 00:00:00,10,10.25,22,79800,818500,2010-02-25 00:00:00,1
2010-02-26 00:00:00,2010-02-26 00:00:00,10.5,2010-02-26 00:00:00,10.5,10.5,1,5000,52500,2010-02-26 00:00:00,1
2010-03-01 00:00:00,2010-03-01 00:00:00,10.5,2010-03-01 00:00:00,10.25,10.25,19,69200,709350,2010-03-01 00:00:00,1
2010-03-02 00:00:00,2010-03-02 00:00:00,10.75,2010-03-02 00:00:00,10.25,10.75,41,891800,9270350,2010-03-02 00:00:00,1
2010-03-03 00:00:00,2010-03-03 00:00:00,10.75,2010-03-03 00:00:00,10.5,10.5,18,57700,606250,2010-03-03 00:00:00,1
2010-03-04 00:00:00,2010-03-04 00:00:00,10.5,2010-03-04 00:00:00,10.25,10.5,16,216000,2267250,2010-03-04 00:00:00,1
2010-03-05 00:00:00,2010-03-05 00:00:00,11.25,2010-03-05 00:00:00,10.25,11,76,467800,4991850,2010-03-05 00:00:00,1
2010-03-08 00:00:00,2010-03-08 00:00:00,11.75,2010-03-08 00:00:00,11.25,11.5,164,1303500,14900975,2010-03-08 00:00:00,1
2010-03-09 00:00:00,2010-03-09 00:00:00,11.5,2010-03-09 00:00:00,10.75,10.75,40,251400,2797425,2010-03-09 00:00:00,1
2010-03-10 00:00:00,2010-03-10 00:00:00,11,2010-03-10 00:00:00,10.75,10.75,14,43900,479975,2010-03-10 00:00:00,1
2010-03-11 00:00:00,2010-03-11 00:00:00,11.25,2010-03-11 00:00:00,10.75,11,19,70500,773200,2010-03-11 00:00:00,1
2010-03-12 00:00:00,2010-03-12 00:00:00,11.25,2010-03-12 00:00:00,10.75,11,28,101300,1113750,2010-03-12 00:00:00,1
2010-03-15 00:00:00,2010-03-15 00:00:00,11,2010-03-15 00:00:00,10.75,10.75,18,162900,1766625,2010-03-15 00:00:00,1
2010-03-16 00:00:00,2010-03-16 00:00:00,11,2010-03-16 00:00:00,10.75,10.75,15,14200,154775,2010-03-16 00:00:00,1
2010-03-17 00:00:00,2010-03-17 00:00:00,11,2010-03-17 00:00:00,10.75,10.75,12,74400,816525,2010-03-17 00:00:00,1
2010-03-18 00:00:00,2010-03-18 00:00:00,11,2010-03-18 00:00:00,10.75,10.75,19,123800,1351975,2010-03-18 00:00:00,1
2010-03-19 00:00:00,2010-03-19 00:00:00,10.5,2010-03-19 00:00:00,10.5,10.5,9,35400,371700,2010-03-19 00:00:00,1
2010-03-22 00:00:00,2010-03-22 00:00:00,10.5,2010-03-22 00:00:00,10.5,10.5,5,24500,257250,2010-03-22 00:00:00,1
2010-03-23 00:00:00,2010-03-23 00:00:00,10.5,2010-03-23 00:00:00,10.25,10.25,3,5000,51650,2010-03-23 00:00:00,1
2010-03-24 00:00:00,2010-03-24 00:00:00,10.5,2010-03-24 00:00:00,10.25,10.5,13,526600,5526950,2010-03-24 00:00:00,1
2010-03-25 00:00:00,2010-03-25 00:00:00,11,2010-03-25 00:00:00,10.25,10.75,5,2800,29850,2010-03-25 00:00:00,1
2010-03-26 00:00:00,2010-03-26 00:00:00,10.75,2010-03-26 00:00:00,10.5,10.5,12,106200,1115175,2010-03-26 00:00:00,1
2010-03-30 00:00:00,2010-03-30 00:00:00,10.5,2010-03-30 00:00:00,10.5,10.5,13,27800,291900,2010-03-30 00:00:00,1
2010-03-31 00:00:00,2010-03-31 00:00:00,10.5,2010-03-31 00:00:00,10.25,10.25,10,38200,396100,2010-03-31 00:00:00,1
2010-04-01 00:00:00,2010-04-01 00:00:00,10.5,2010-04-01 00:00:00,10.25,10.25,10,41600,427650,2010-04-01 00:00:00,1
2010-04-05 00:00:00,2010-04-05 00:00:00,10.25,2010-04-05 00:00:00,10,10.25,13,35800,366200,2010-04-05 00:00:00,1
2010-04-06 00:00:00,2010-04-06 00:00:00,10.75,2010-04-06 00:00:00,10.5,10.75,54,236100,2512075,2010-04-06 00:00:00,1
2010-04-07 00:00:00,2010-04-07 00:00:00,11,2010-04-07 00:00:00,10.75,10.75,18,84900,929650,2010-04-07 00:00:00,1
2010-04-08 00:00:00,2010-04-08 00:00:00,11,2010-04-08 00:00:00,10.5,10.75,9,6100,65575,2010-04-08 00:00:00,1
2010-04-12 00:00:00,2010-04-12 00:00:00,11,2010-04-12 00:00:00,10.75,10.75,11,79000,868750,2010-04-12 00:00:00,1
2010-04-15 00:00:00,2010-04-15 00:00:00,11,2010-04-15 00:00:00,10.75,11,2,6000,65750,2010-04-15 00:00:00,1
2010-04-16 00:00:00,2010-04-16 00:00:00,11,2010-04-16 00:00:00,10.75,11,14,26900,292925,2010-04-16 00:00:00,1
2010-04-19 00:00:00,2010-04-19 00:00:00,11.25,2010-04-19 00:00:00,10.75,11,31,79400,877825,2010-04-19 00:00:00,1
2010-04-20 00:00:00,2010-04-20 00:00:00,11.5,2010-04-20 00:00:00,11,11,41,224600,2491150,2010-04-20 00:00:00,1
2010-04-21 00:00:00,2010-04-21 00:00:00,11,2010-04-21 00:00:00,11,11,29,87900,966900,2010-04-21 00:00:00,1
2010-04-22 00:00:00,2010-04-22 00:00:00,11.25,2010-04-22 00:00:00,11,11,5,12000,132250,2010-04-22 00:00:00,1
2010-04-23 00:00:00,2010-04-23 00:00:00,11.25,2010-04-23 00:00:00,11,11,15,82200,904225,2010-04-23 00:00:00,1
2010-04-26 00:00:00,2010-04-26 00:00:00,11.25,2010-04-26 00:00:00,10.75,11,31,176100,1946375,2010-04-26 00:00:00,1
2010-04-27 00:00:00,2010-04-27 00:00:00,11.75,2010-04-27 00:00:00,11.25,11.25,104,378300,4372225,2010-04-27 00:00:00,1
2010-04-29 00:00:00,2010-04-29 00:00:00,12,2010-04-29 00:00:00,11.25,11.75,100,680600,7966075,2010-04-29 00:00:00,1
2010-04-30 00:00:00,2010-04-30 00:00:00,12,2010-04-30 00:00:00,11.5,11.75,37,103900,1217075,2010-04-30 00:00:00,1
2010-05-03 00:00:00,2010-05-03 00:00:00,11.75,2010-05-03 00:00:00,11.25,11.5,20,53800,621750,2010-05-03 00:00:00,1
2010-05-04 00:00:00,2010-05-04 00:00:00,11.25,2010-05-04 00:00:00,11,11.25,7,31700,356525,2010-05-04 00:00:00,1
2010-05-05 00:00:00,2010-05-05 00:00:00,11.75,2010-05-05 00:00:00,11,11,21,174500,1977175,2010-05-05 00:00:00,1
2010-05-06 00:00:00,2010-05-06 00:00:00,11.75,2010-05-06 00:00:00,11,11.25,47,101400,1135550,2010-05-06 00:00:00,1
2010-05-07 00:00:00,2010-05-07 00:00:00,12,2010-05-07 00:00:00,11.5,11.5,69,240400,2825675,2010-05-07 00:00:00,1
2010-05-10 00:00:00,2010-05-10 00:00:00,11.75,2010-05-10 00:00:00,11.5,11.5,22,49300,573025,2010-05-10 00:00:00,1
2010-05-11 00:00:00,2010-05-11 00:00:00,11.5,2010-05-11 00:00:00,11.25,11.25,20,36800,416650,2010-05-11 00:00:00,1
2010-05-12 00:00:00,2010-05-12 00:00:00,11.5,2010-05-12 00:00:00,11.25,11.5,2,4000,45250,2010-05-12 00:00:00,1
2010-05-13 00:00:00,2010-05-13 00:00:00,11.25,2010-05-13 00:00:00,11,11.25,13,18400,203775,2010-05-13 00:00:00,1
2010-05-14 00:00:00,2010-05-14 00:00:00,11.75,2010-05-14 00:00:00,11.25,11.5,22,81900,933350,2010-05-14 00:00:00,1
2010-05-17 00:00:00,2010-05-17 00:00:00,11.75,2010-05-17 00:00:00,11.25,11.25,12,27400,311500,2010-05-17 00:00:00,1
2010-05-18 00:00:00,2010-05-18 00:00:00,11.5,2010-05-18 00:00:00,11.25,11.25,26,51600,583000,2010-05-18 00:00:00,1
2010-05-19 00:00:00,2010-05-19 00:00:00,11.5,2010-05-19 00:00:00,11,11,27,41600,458225,2010-05-19 00:00:00,1
2010-05-20 00:00:00,2010-05-20 00:00:00,11,2010-05-20 00:00:00,10.75,10.75,11,22500,244375,2010-05-20 00:00:00,1
2010-05-21 00:00:00,2010-05-21 00:00:00,11.5,2010-05-21 00:00:00,11,11,34,367100,4045250,2010-05-21 00:00:00,1
2010-05-24 00:00:00,2010-05-24 00:00:00,11.25,2010-05-24 00:00:00,11,11,9,13600,150225,2010-05-24 00:00:00,1
2010-05-25 00:00:00,2010-05-25 00:00:00,11,2010-05-25 00:00:00,10.75,10.75,6,2500,27400,2010-05-25 00:00:00,1
2010-05-26 00:00:00,2010-05-26 00:00:00,11,2010-05-26 00:00:00,11,11,15,27400,301400,2010-05-26 00:00:00,1
2010-05-31 00:00:00,2010-05-31 00:00:00,11.25,2010-05-31 00:00:00,11,11.25,19,156700,1738750,2010-05-31 00:00:00,1
2010-06-01 00:00:00,2010-06-01 00:00:00,11.25,2010-06-01 00:00:00,11,11.25,4,5300,59600,2010-06-01 00:00:00,1
2010-06-02 00:00:00,2010-06-02 00:00:00,12.25,2010-06-02 00:00:00,11,12,138,731300,8728475,2010-06-02 00:00:00,1
2010-06-03 00:00:00,2010-06-03 00:00:00,12.25,2010-06-03 00:00:00,12,12.25,67,270600,3275225,2010-06-03 00:00:00,1
2010-06-04 00:00:00,2010-06-04 00:00:00,12.5,2010-06-04 00:00:00,11.75,12,52,233900,2833325,2010-06-04 00:00:00,1
2010-06-07 00:00:00,2010-06-07 00:00:00,12.25,2010-06-07 00:00:00,11.75,12,19,26700,320275,2010-06-07 00:00:00,1
2010-06-08 00:00:00,2010-06-08 00:00:00,13.5,2010-06-08 00:00:00,12,13,376,2014900,26126300,2010-06-08 00:00:00,1
2010-06-09 00:00:00,2010-06-09 00:00:00,13,2010-06-09 00:00:00,12.5,12.5,124,473800,6046350,2010-06-09 00:00:00,1
2010-06-10 00:00:00,2010-06-10 00:00:00,12.5,2010-06-10 00:00:00,12.25,12.25,14,66100,812850,2010-06-10 00:00:00,1
2010-06-11 00:00:00,2010-06-11 00:00:00,12.5,2010-06-11 00:00:00,12,12.25,53,130600,1608800,2010-06-11 00:00:00,1
2010-06-14 00:00:00,2010-06-14 00:00:00,12.75,2010-06-14 00:00:00,12.5,12.5,60,196400,2455575,2010-06-14 00:00:00,1
2010-06-15 00:00:00,2010-06-15 00:00:00,13.25,2010-06-15 00:00:00,12.5,12.75,70,334600,4302975,2010-06-15 00:00:00,1
2010-06-16 00:00:00,2010-06-16 00:00:00,13.25,2010-06-16 00:00:00,12.75,12.75,64,315600,4089075,2010-06-16 00:00:00,1
2010-06-17 00:00:00,2010-06-17 00:00:00,13.25,2010-06-17 00:00:00,12.75,13,60,126800,1651700,2010-06-17 00:00:00,1
2010-06-21 00:00:00,2010-06-21 00:00:00,13.25,2010-06-21 00:00:00,12.75,13,71,280300,3641650,2010-06-21 00:00:00,1
2010-06-22 00:00:00,2010-06-22 00:00:00,13.5,2010-06-22 00:00:00,13,13,103,462800,6085125,2010-06-22 00:00:00,1
2010-06-23 00:00:00,2010-06-23 00:00:00,13.25,2010-06-23 00:00:00,12.75,13,18,38700,502525,2010-06-23 00:00:00,1
2010-06-24 00:00:00,2010-06-24 00:00:00,13,2010-06-24 00:00:00,12.5,12.5,18,23400,296375,2010-06-24 00:00:00,1
2010-06-28 00:00:00,2010-06-28 00:00:00,13,2010-06-28 00:00:00,12,12.75,33,58900,737650,2010-06-28 00:00:00,1
2010-06-29 00:00:00,2010-06-29 00:00:00,14.5,2010-06-29 00:00:00,12.75,14.25,380,2171500,29972550,2010-06-29 00:00:00,1
2010-06-30 00:00:00,2010-06-30 00:00:00,15.75,2010-06-30 00:00:00,14.5,15,430,2481200,37188300,2010-06-30 00:00:00,1
2010-07-01 00:00:00,2010-07-01 00:00:00,15.5,2010-07-01 00:00:00,14.75,15,76,161100,2440950,2010-07-01 00:00:00,1
2010-07-02 00:00:00,2010-07-02 00:00:00,15,2010-07-02 00:00:00,14.25,14.25,67,290600,4197400,2010-07-02 00:00:00,1
2010-07-05 00:00:00,2010-07-05 00:00:00,14.75,2010-07-05 00:00:00,13.75,14,37,146300,2067550,2010-07-05 00:00:00,1
2010-07-06 00:00:00,2010-07-06 00:00:00,14.25,2010-07-06 00:00:00,14,14.25,43,287500,4045000,2010-07-06 00:00:00,1
2010-07-07 00:00:00,2010-07-07 00:00:00,14,2010-07-07 00:00:00,13.25,13.5,53,112600,1540200,2010-07-07 00:00:00,1
2010-07-08 00:00:00,2010-07-08 00:00:00,13.75,2010-07-08 00:00:00,13.5,13.75,11,11100,151950,2010-07-08 00:00:00,1
2010-07-09 00:00:00,2010-07-09 00:00:00,13.5,2010-07-09 00:00:00,13.5,13.5,3,15000,202500,2010-07-09 00:00:00,1
2010-07-12 00:00:00,2010-07-12 00:00:00,13.5,2010-07-12 00:00:00,12.5,12.5,42,136400,1759400,2010-07-12 00:00:00,1
2010-07-13 00:00:00,2010-07-13 00:00:00,14.5,2010-07-13 00:00:00,12.5,14,61,229700,3154025,2010-07-13 00:00:00,1
2010-07-14 00:00:00,2010-07-14 00:00:00,14.5,2010-07-14 00:00:00,14,14.25,30,53000,751900,2010-07-14 00:00:00,1
2010-07-15 00:00:00,2010-07-15 00:00:00,14.25,2010-07-15 00:00:00,14,14,29,65800,934150,2010-07-15 00:00:00,1
2010-07-16 00:00:00,2010-07-16 00:00:00,15.5,2010-07-16 00:00:00,14.5,15.25,167,1058000,15928250,2010-07-16 00:00:00,1
2010-07-19 00:00:00,2010-07-19 00:00:00,15.75,2010-07-19 00:00:00,14.75,15.5,71,191600,2930425,2010-07-19 00:00:00,1
2010-07-20 00:00:00,2010-07-20 00:00:00,16,2010-07-20 00:00:00,15.5,15.5,54,108900,1710700,2010-07-20 00:00:00,1
2010-07-21 00:00:00,2010-07-21 00:00:00,16,2010-07-21 00:00:00,15,15.75,47,94800,1465475,2010-07-21 00:00:00,1
2010-07-22 00:00:00,2010-07-22 00:00:00,16,2010-07-22 00:00:00,15.5,15.75,69,630000,9861825,2010-07-22 00:00:00,1
2010-07-23 00:00:00,2010-07-23 00:00:00,18.5,2010-07-23 00:00:00,15.5,16.75,542,2529200,43008025,2010-07-23 00:00:00,1
2010-07-26 00:00:00,2010-07-26 00:00:00,17.5,2010-07-26 00:00:00,16,16.75,137,863800,14308900,2010-07-26 00:00:00,1
2010-07-27 00:00:00,2010-07-27 00:00:00,16.75,2010-07-27 00:00:00,16.25,16.5,33,80600,1337975,2010-07-27 00:00:00,1
2010-07-28 00:00:00,2010-07-28 00:00:00,17.25,2010-07-28 00:00:00,16.5,17.25,116,866800,14890250,2010-07-28 00:00:00,1
2010-07-29 00:00:00,2010-07-29 00:00:00,17.25,2010-07-29 00:00:00,17,17.25,79,692500,11828775,2010-07-29 00:00:00,1
2010-07-30 00:00:00,2010-07-30 00:00:00,17.25,2010-07-30 00:00:00,17,17.25,45,694500,11971675,2010-07-30 00:00:00,1
2010-08-02 00:00:00,2010-08-02 00:00:00,17.5,2010-08-02 00:00:00,16,17.3,94,504000,8779820,2010-08-02 00:00:00,1
2010-08-03 00:00:00,2010-08-03 00:00:00,18,2010-08-03 00:00:00,16.9,17.2,111,509300,8908750,2010-08-03 00:00:00,1
2010-08-04 00:00:00,2010-08-04 00:00:00,17.5,2010-08-04 00:00:00,17,17,42,723700,12303870,2010-08-04 00:00:00,1
2010-08-05 00:00:00,2010-08-05 00:00:00,17.6,2010-08-05 00:00:00,16,16.5,31,107700,1773750,2010-08-05 00:00:00,1
2010-08-06 00:00:00,2010-08-06 00:00:00,16.5,2010-08-06 00:00:00,16,16,52,259800,4162060,2010-08-06 00:00:00,1
2010-08-09 00:00:00,2010-08-09 00:00:00,15,2010-08-09 00:00:00,14.5,14.5,73,509800,7607980,2010-08-09 00:00:00,1
2010-08-10 00:00:00,2010-08-10 00:00:00,15.9,2010-08-10 00:00:00,14.5,15.8,48,5354400,82979500,2010-08-10 00:00:00,1
2010-08-11 00:00:00,2010-08-11 00:00:00,17.3,2010-08-11 00:00:00,16.2,16.5,58,249800,4284530,2010-08-11 00:00:00,1
2010-08-12 00:00:00,2010-08-12 00:00:00,17.4,2010-08-12 00:00:00,16,16.5,12,18200,296900,2010-08-12 00:00:00,1
2010-08-13 00:00:00,2010-08-13 00:00:00,17.3,2010-08-13 00:00:00,16.4,17.1,40,121800,2044490,2010-08-13 00:00:00,1
2010-08-16 00:00:00,2010-08-16 00:00:00,17.3,2010-08-16 00:00:00,17,17,3,800,13680,2010-08-16 00:00:00,1
2010-08-17 00:00:00,2010-08-17 00:00:00,17,2010-08-17 00:00:00,16.1,16.3,30,72000,1163750,2010-08-17 00:00:00,1
2010-08-18 00:00:00,2010-08-18 00:00:00,16.5,2010-08-18 00:00:00,16,16.3,55,507600,8215870,2010-08-18 00:00:00,1
2010-08-19 00:00:00,2010-08-19 00:00:00,16.5,2010-08-19 00:00:00,16.1,16.4,28,62500,1015900,2010-08-19 00:00:00,1
2010-08-20 00:00:00,2010-08-20 00:00:00,16.6,2010-08-20 00:00:00,16.2,16.5,47,583800,9627470,2010-08-20 00:00:00,1
2010-08-23 00:00:00,2010-08-23 00:00:00,16.6,2010-08-23 00:00:00,16.1,16.2,13,14200,231770,2010-08-23 00:00:00,1
2010-08-25 00:00:00,2010-08-25 00:00:00,16.5,2010-08-25 00:00:00,16.2,16.3,12,13300,215860,2010-08-25 00:00:00,1
2010-08-26 00:00:00,2010-08-26 00:00:00,16.4,2010-08-26 00:00:00,15.3,16.4,2,300,4700,2010-08-26 00:00:00,1
2010-08-27 00:00:00,2010-08-27 00:00:00,16.8,2010-08-27 00:00:00,15.4,16.1,19,66100,1058340,2010-08-27 00:00:00,1
2010-08-30 00:00:00,2010-08-30 00:00:00,16.5,2010-08-30 00:00:00,16.1,16.5,19,166300,2737350,2010-08-30 00:00:00,1
2010-08-31 00:00:00,2010-08-31 00:00:00,17.5,2010-08-31 00:00:00,16.2,17.3,138,2083900,35302420,2010-08-31 00:00:00,1
2010-09-01 00:00:00,2010-09-01 00:00:00,18,2010-09-01 00:00:00,17.2,17.3,51,630900,10915230,2010-09-01 00:00:00,1
2010-09-02 00:00:00,2010-09-02 00:00:00,17.4,2010-09-02 00:00:00,16.7,17,58,151900,2568560,2010-09-02 00:00:00,1
2010-09-03 00:00:00,2010-09-03 00:00:00,18.7,2010-09-03 00:00:00,17.2,18.7,684,7921200,141847800,2010-09-03 00:00:00,1
2010-09-06 00:00:00,2010-09-06 00:00:00,19.5,2010-09-06 00:00:00,17.8,18.1,236,895100,16618450,2010-09-06 00:00:00,1
2010-09-07 00:00:00,2010-09-07 00:00:00,18.2,2010-09-07 00:00:00,17.5,17.9,45,84000,1506080,2010-09-07 00:00:00,1
2010-09-08 00:00:00,2010-09-08 00:00:00,19.5,2010-09-08 00:00:00,17.8,18,141,1018100,18338720,2010-09-08 00:00:00,1
2010-09-09 00:00:00,2010-09-09 00:00:00,18.2,2010-09-09 00:00:00,17.5,18,48,313400,5639960,2010-09-09 00:00:00,1
2010-09-13 00:00:00,2010-09-13 00:00:00,18.6,2010-09-13 00:00:00,17.7,17.8,108,499600,9163380,2010-09-13 00:00:00,1
2010-09-14 00:00:00,2010-09-14 00:00:00,18,2010-09-14 00:00:00,17.7,17.8,60,202600,3614500,2010-09-14 00:00:00,1
2010-09-15 00:00:00,2010-09-15 00:00:00,18.3,2010-09-15 00:00:00,17,18,100,1183800,21387900,2010-09-15 00:00:00,1
2010-09-16 00:00:00,2010-09-16 00:00:00,18.4,2010-09-16 00:00:00,17.8,18.2,74,986200,17897760,2010-09-16 00:00:00,1
2010-09-17 00:00:00,2010-09-17 00:00:00,19.9,2010-09-17 00:00:00,18.5,19,366,2072700,39577210,2010-09-17 00:00:00,1
2010-09-20 00:00:00,2010-09-20 00:00:00,20.8,2010-09-20 00:00:00,18.9,20,352,1900400,37640780,2010-09-20 00:00:00,1
2010-09-21 00:00:00,2010-09-21 00:00:00,20.5,2010-09-21 00:00:00,19.5,20,191,1098800,21920060,2010-09-21 00:00:00,1
2010-09-23 00:00:00,2010-09-23 00:00:00,20.2,2010-09-23 00:00:00,19.2,19.5,97,628300,12467000,2010-09-23 00:00:00,1
2010-09-24 00:00:00,2010-09-24 00:00:00,20,2010-09-24 00:00:00,19,19.5,62,338700,6600270,2010-09-24 00:00:00,1
2010-09-27 00:00:00,2010-09-27 00:00:00,21.5,2010-09-27 00:00:00,19.3,20.6,263,1492300,30105210,2010-09-27 00:00:00,1
2010-09-28 00:00:00,2010-09-28 00:00:00,22.2,2010-09-28 00:00:00,20,21.8,355,1713800,36918000,2010-09-28 00:00:00,1
2010-09-29 00:00:00,2010-09-29 00:00:00,23.9,2010-09-29 00:00:00,21.5,21.9,327,1720500,38339670,2010-09-29 00:00:00,1
2010-09-30 00:00:00,2010-09-30 00:00:00,22,2010-09-30 00:00:00,20.3,21.1,102,390300,8203810,2010-09-30 00:00:00,1
2010-10-01 00:00:00,2010-10-01 00:00:00,22.1,2010-10-01 00:00:00,21,21,42,313900,6595350,2010-10-01 00:00:00,1
2010-10-04 00:00:00,2010-10-04 00:00:00,21,2010-10-04 00:00:00,20,20.9,63,276400,5712260,2010-10-04 00:00:00,1
2010-10-05 00:00:00,2010-10-05 00:00:00,20.8,2010-10-05 00:00:00,19.5,20.1,143,1167700,23422730,2010-10-05 00:00:00,1
2010-10-06 00:00:00,2010-10-06 00:00:00,20.8,2010-10-06 00:00:00,19,19.2,42,92500,1811380,2010-10-06 00:00:00,1
2010-10-07 00:00:00,2010-10-07 00:00:00,20,2010-10-07 00:00:00,18.6,18.9,46,224800,4339230,2010-10-07 00:00:00,1
2010-10-08 00:00:00,2010-10-08 00:00:00,19.5,2010-10-08 00:00:00,18.5,19.4,39,293000,5494060,2010-10-08 00:00:00,1
2010-10-11 00:00:00,2010-10-11 00:00:00,20.1,2010-10-11 00:00:00,19.2,19.2,58,167500,3320990,2010-10-11 00:00:00,1
2010-10-12 00:00:00,2010-10-12 00:00:00,19,2010-10-12 00:00:00,17.2,17.5,31,83700,1482830,2010-10-12 00:00:00,1
2010-10-13 00:00:00,2010-10-13 00:00:00,17.9,2010-10-13 00:00:00,16,17.7,43,254900,4258640,2010-10-13 00:00:00,1
2010-10-14 00:00:00,2010-10-14 00:00:00,18,2010-10-14 00:00:00,17.1,17.3,34,57200,1015810,2010-10-14 00:00:00,1
2010-10-15 00:00:00,2010-10-15 00:00:00,17.9,2010-10-15 00:00:00,17,17.1,8,5900,103220,2010-10-15 00:00:00,1
2010-10-18 00:00:00,2010-10-18 00:00:00,17.2,2010-10-18 00:00:00,17.1,17.2,3,400,6860,2010-10-18 00:00:00,1
2010-10-19 00:00:00,2010-10-19 00:00:00,19,2010-10-19 00:00:00,17,18.3,18,32900,580410,2010-10-19 00:00:00,1
2010-10-20 00:00:00,2010-10-20 00:00:00,18.4,2010-10-20 00:00:00,17.5,17.8,9,6000,106220,2010-10-20 00:00:00,1
2010-10-21 00:00:00,2010-10-21 00:00:00,18,2010-10-21 00:00:00,17.8,18,5,12500,224400,2010-10-21 00:00:00,1
2010-10-25 00:00:00,2010-10-25 00:00:00,18,2010-10-25 00:00:00,17.5,17.7,24,263500,4731560,2010-10-25 00:00:00,1
2010-10-26 00:00:00,2010-10-26 00:00:00,17.5,2010-10-26 00:00:00,17,17,19,52100,902220,2010-10-26 00:00:00,1
2010-10-27 00:00:00,2010-10-27 00:00:00,16.8,2010-10-27 00:00:00,16.5,16.5,6,6600,109050,2010-10-27 00:00:00,1
2010-10-28 00:00:00,2010-10-28 00:00:00,17.6,2010-10-28 00:00:00,17.2,17.2,19,39400,687860,2010-10-28 00:00:00,1
2010-10-29 00:00:00,2010-10-29 00:00:00,18.5,2010-10-29 00:00:00,17,17.8,29,86700,1565770,2010-10-29 00:00:00,1
2010-11-01 00:00:00,2010-11-01 00:00:00,19,2010-11-01 00:00:00,17.5,18.1,15,13200,243700,2010-11-01 00:00:00,1
2010-11-02 00:00:00,2010-11-02 00:00:00,18,2010-11-02 00:00:00,17.5,18,15,54300,976650,2010-11-02 00:00:00,1
2010-11-03 00:00:00,2010-11-03 00:00:00,18,2010-11-03 00:00:00,17.5,17.6,8,17500,306310,2010-11-03 00:00:00,1
2010-11-04 00:00:00,2010-11-04 00:00:00,18,2010-11-04 00:00:00,17.5,18,20,86900,1548310,2010-11-04 00:00:00,1
2010-11-08 00:00:00,2010-11-08 00:00:00,18.5,2010-11-08 00:00:00,18,18,10,14100,258900,2010-11-08 00:00:00,1
2010-11-09 00:00:00,2010-11-09 00:00:00,17.7,2010-11-09 00:00:00,17.5,17.5,10,70600,1244400,2010-11-09 00:00:00,1
2010-11-10 00:00:00,2010-11-10 00:00:00,17.1,2010-11-10 00:00:00,17,17,9,3800,64710,2010-11-10 00:00:00,1
2010-11-11 00:00:00,2010-11-11 00:00:00,17,2010-11-11 00:00:00,17,17,1,500,8500,2010-11-11 00:00:00,1
2010-11-12 00:00:00,2010-11-12 00:00:00,17.8,2010-11-12 00:00:00,17,17.5,14,22300,384250,2010-11-12 00:00:00,1
2010-11-15 00:00:00,2010-11-15 00:00:00,17.1,2010-11-15 00:00:00,17,17,11,91500,1555570,2010-11-15 00:00:00,1
2010-11-16 00:00:00,2010-11-16 00:00:00,17,2010-11-16 00:00:00,16.5,16.8,12,15700,263530,2010-11-16 00:00:00,1
2010-11-18 00:00:00,2010-11-18 00:00:00,17.1,2010-11-18 00:00:00,17,17.1,2,400,6820,2010-11-18 00:00:00,1
2010-11-22 00:00:00,2010-11-22 00:00:00,17,2010-11-22 00:00:00,16.5,17,9,29200,495180,2010-11-22 00:00:00,1
2010-11-23 00:00:00,2010-11-23 00:00:00,16.8,2010-11-23 00:00:00,16.5,16.8,14,21600,359450,2010-11-23 00:00:00,1
2010-11-24 00:00:00,2010-11-24 00:00:00,17,2010-11-24 00:00:00,16.8,16.9,6,4100,69510,2010-11-24 00:00:00,1
2010-11-25 00:00:00,2010-11-25 00:00:00,16.5,2010-11-25 00:00:00,16.5,16.5,1,5000,82500,2010-11-25 00:00:00,1
2010-11-26 00:00:00,2010-11-26 00:00:00,16.5,2010-11-26 00:00:00,16.1,16.2,13,90300,1472380,2010-11-26 00:00:00,1
2010-11-29 00:00:00,2010-11-29 00:00:00,15.7,2010-11-29 00:00:00,15,15.1,8,17400,262360,2010-11-29 00:00:00,1
2010-11-30 00:00:00,2010-11-30 00:00:00,17.5,2010-11-30 00:00:00,15.6,17,32,64400,1080590,2010-11-30 00:00:00,1
2010-12-01 00:00:00,2010-12-01 00:00:00,18,2010-12-01 00:00:00,17,17.7,53,129500,2291540,2010-12-01 00:00:00,1
2010-12-02 00:00:00,2010-12-02 00:00:00,17,2010-12-02 00:00:00,16.3,17,12,16500,278350,2010-12-02 00:00:00,1
2010-12-03 00:00:00,2010-12-03 00:00:00,17.8,2010-12-03 00:00:00,16.5,17.6,7,6500,113620,2010-12-03 00:00:00,1
2010-12-06 00:00:00,2010-12-06 00:00:00,17,2010-12-06 00:00:00,17,17,12,23100,392700,2010-12-06 00:00:00,1
2010-12-07 00:00:00,2010-12-07 00:00:00,17,2010-12-07 00:00:00,16.5,16.7,4,3000,49980,2010-12-07 00:00:00,1
2010-12-08 00:00:00,2010-12-08 00:00:00,17.9,2010-12-08 00:00:00,16.5,17.8,6,2900,49370,2010-12-08 00:00:00,1
2010-12-09 00:00:00,2010-12-09 00:00:00,18,2010-12-09 00:00:00,17,17.1,24,37700,650440,2010-12-09 00:00:00,1
2010-12-10 00:00:00,2010-12-10 00:00:00,17.9,2010-12-10 00:00:00,17,17.5,13,15400,263370,2010-12-10 00:00:00,1
2010-12-13 00:00:00,2010-12-13 00:00:00,17.5,2010-12-13 00:00:00,17.1,17.1,8,25000,429300,2010-12-13 00:00:00,1
2010-12-14 00:00:00,2010-12-14 00:00:00,17,2010-12-14 00:00:00,16.5,16.5,16,136300,2268560,2010-12-14 00:00:00,1
2010-12-15 00:00:00,2010-12-15 00:00:00,17,2010-12-15 00:00:00,16.5,16.5,26,39000,655600,2010-12-15 00:00:00,1
2010-12-16 00:00:00,2010-12-16 00:00:00,17,2010-12-16 00:00:00,16,16.9,7,14000,233550,2010-12-16 00:00:00,1
2010-12-17 00:00:00,2010-12-17 00:00:00,16.3,2010-12-17 00:00:00,16.2,16.3,5,5600,91220,2010-12-17 00:00:00,1
2010-12-21 00:00:00,2010-12-21 00:00:00,16.4,2010-12-21 00:00:00,16.4,16.4,1,5000,82000,2010-12-21 00:00:00,1
2010-12-22 00:00:00,2010-12-22 00:00:00,17,2010-12-22 00:00:00,16.5,16.9,12,93700,1583550,2010-12-22 00:00:00,1
2010-12-23 00:00:00,2010-12-23 00:00:00,17,2010-12-23 00:00:00,16.7,17,6,5300,89610,2010-12-23 00:00:00,1
2010-12-24 00:00:00,2010-12-24 00:00:00,17.4,2010-12-24 00:00:00,17.3,17.4,17,7400,128720,2010-12-24 00:00:00,1
2010-12-27 00:00:00,2010-12-27 00:00:00,18,2010-12-27 00:00:00,17.4,17.8,17,17400,307120,2010-12-27 00:00:00,1
2010-12-28 00:00:00,2010-12-28 00:00:00,17.9,2010-12-28 00:00:00,17.4,17.4,3,1200,20940,2010-12-28 00:00:00,1
2010-12-29 00:00:00,2010-12-29 00:00:00,17,2010-12-29 00:00:00,17,17,9,15000,255000,2010-12-29 00:00:00,1
2010-12-30 00:00:00,2010-12-30 00:00:00,17,2010-12-30 00:00:00,16.6,17,7,50300,847780,2010-12-30 00:00:00,1
2010-12-31 00:00:00,2010-12-31 00:00:00,17,2010-12-31 00:00:00,16.6,16.8,16,84800,1431140,2010-12-31 00:00:00,1
Company Id :  CSEC,,Security Type :  N,,Sub Type :  0000,,,,,,
Short Name :  DUNAMIS CAPITAL,,,,,,,,,,
Day,Date High,High,Date Low,Low,Closing,No. of Trades,No. of Shares,Turnover,Last Traded,Days Traded
2010-01-04 00:00:00,2010-01-04 00:00:00,6.75,2010-01-04 00:00:00,6.5,6.5,36,347500,2259000,2010-01-04 00:00:00,1
2010-01-05 00:00:00,2010-01-05 00:00:00,6.5,2010-01-05 00:00:00,6.5,6.5,43,584900,3801850,2010-01-05 00:00:00,1
2010-01-06 00:00:00,2010-01-06 00:00:00,6.5,2010-01-06 00:00:00,6.25,6.5,33,203200,1320050,2010-01-06 00:00:00,1
2010-01-07 00:00:00,2010-01-07 00:00:00,6.5,2010-01-07 00:00:00,6.25,6.5,38,286700,1816425,2010-01-07 00:00:00,1
2010-01-08 00:00:00,2010-01-08 00:00:00,7,2010-01-08 00:00:00,6.75,7,179,1338800,9159525,2010-01-08 00:00:00,1
2010-01-11 00:00:00,2010-01-11 00:00:00,7.25,2010-01-11 00:00:00,7,7,78,473200,3312425,2010-01-11 00:00:00,1
2010-01-12 00:00:00,2010-01-12 00:00:00,7.75,2010-01-12 00:00:00,7,7,535,5481800,40142775,2010-01-12 00:00:00,1
2010-01-13 00:00:00,2010-01-13 00:00:00,7.5,2010-01-13 00:00:00,7,7.25,120,1202700,8714575,2010-01-13 00:00:00,1
2010-01-15 00:00:00,2010-01-15 00:00:00,8.75,2010-01-15 00:00:00,7.5,8.25,748,5291800,43642450,2010-01-15 00:00:00,1
2010-01-18 00:00:00,2010-01-18 00:00:00,8.75,2010-01-18 00:00:00,7.75,7.75,228,1695800,13912800,2010-01-18 00:00:00,1
2010-01-19 00:00:00,2010-01-19 00:00:00,8,2010-01-19 00:00:00,7.25,7.5,93,438400,3333550,2010-01-19 00:00:00,1
2010-01-20 00:00:00,2010-01-20 00:00:00,8,2010-01-20 00:00:00,7.75,7.75,27,101400,800900,2010-01-20 00:00:00,1
2010-01-21 00:00:00,2010-01-21 00:00:00,8,2010-01-21 00:00:00,7.75,7.75,244,2079400,16503400,2010-01-21 00:00:00,1
2010-01-22 00:00:00,2010-01-22 00:00:00,8.25,2010-01-22 00:00:00,7.75,8,522,4218100,33847125,2010-01-22 00:00:00,1
2010-01-25 00:00:00,2010-01-25 00:00:00,9,2010-01-25 00:00:00,8,8.75,604,6378900,54675025,2010-01-25 00:00:00,1
2010-01-26 00:00:00,2010-01-26 00:00:00,9,2010-01-26 00:00:00,8.5,8.5,147,1417300,12271750,2010-01-26 00:00:00,1
2010-01-28 00:00:00,2010-01-28 00:00:00,9,2010-01-28 00:00:00,8.25,8.75,382,2813700,23932725,2010-01-28 00:00:00,1
2010-02-01 00:00:00,2010-02-01 00:00:00,9.25,2010-02-01 00:00:00,9,9,503,5002900,45633575,2010-02-01 00:00:00,1
2010-02-02 00:00:00,2010-02-02 00:00:00,9.25,2010-02-02 00:00:00,8.75,9,123,712600,6402125,2010-02-02 00:00:00,1
2010-02-03 00:00:00,2010-02-03 00:00:00,9,2010-02-03 00:00:00,8.5,8.75,122,901000,7924875,2010-02-03 00:00:00,1
2010-02-05 00:00:00,2010-02-05 00:00:00,9,2010-02-05 00:00:00,8.5,8.75,112,573900,4984500,2010-02-05 00:00:00,1
2010-02-08 00:00:00,2010-02-08 00:00:00,9.25,2010-02-08 00:00:00,8.75,9.25,311,3472900,31933925,2010-02-08 00:00:00,1
2010-02-09 00:00:00,2010-02-09 00:00:00,9.25,2010-02-09 00:00:00,9,9,156,1302500,11789200,2010-02-09 00:00:00,1
2010-02-10 00:00:00,2010-02-10 00:00:00,12.25,2010-02-10 00:00:00,9.5,11.5,3133,41258700,445419900,2010-02-10 00:00:00,1
2010-02-11 00:00:00,2010-02-11 00:00:00,12.75,2010-02-11 00:00:00,10.75,11,1592,15239500,178472250,2010-02-11 00:00:00,1
2010-02-12 00:00:00,2010-02-12 00:00:00,11.75,2010-02-12 00:00:00,10.5,11.25,517,3946400,43718850,2010-02-12 00:00:00,1
2010-02-15 00:00:00,2010-02-15 00:00:00,12.75,2010-02-15 00:00:00,11.5,12.5,1263,13038900,156684675,2010-02-15 00:00:00,1
2010-02-16 00:00:00,2010-02-16 00:00:00,12.75,2010-02-16 00:00:00,12,12.25,655,4510100,55414825,2010-02-16 00:00:00,1
2010-02-17 00:00:00,2010-02-17 00:00:00,12.25,2010-02-17 00:00:00,11.5,11.75,437,2847800,33652325,2010-02-17 00:00:00,1
2010-02-18 00:00:00,2010-02-18 00:00:00,12,2010-02-18 00:00:00,11.5,11.75,292,1455000,17380500,2010-02-18 00:00:00,1
2010-02-19 00:00:00,2010-02-19 00:00:00,12,2010-02-19 00:00:00,11.5,11.5,124,595500,6990500,2010-02-19 00:00:00,1
2010-02-22 00:00:00,2010-02-22 00:00:00,11.75,2010-02-22 00:00:00,11.5,11.5,153,652100,7597250,2010-02-22 00:00:00,1
2010-02-23 00:00:00,2010-02-23 00:00:00,11.75,2010-02-23 00:00:00,11.25,11.25,102,236200,2700550,2010-02-23 00:00:00,1
2010-02-24 00:00:00,2010-02-24 00:00:00,11.25,2010-02-24 00:00:00,11.25,11.25,166,944700,10627875,2010-02-24 00:00:00,1
2010-02-25 00:00:00,2010-02-25 00:00:00,11.5,2010-02-25 00:00:00,10.75,11,229,998400,10921375,2010-02-25 00:00:00,1
2010-02-26 00:00:00,2010-02-26 00:00:00,11.25,2010-02-26 00:00:00,11,11,55,255600,2822275,2010-02-26 00:00:00,1
2010-03-01 00:00:00,2010-03-01 00:00:00,11.75,2010-03-01 00:00:00,11.25,11.5,156,645700,7417300,2010-03-01 00:00:00,1
2010-03-02 00:00:00,2010-03-02 00:00:00,11.5,2010-03-02 00:00:00,11,11,107,373100,4127775,2010-03-02 00:00:00,1
2010-03-03 00:00:00,2010-03-03 00:00:00,11,2010-03-03 00:00:00,10.75,11,124,395100,4284600,2010-03-03 00:00:00,1
2010-03-04 00:00:00,2010-03-04 00:00:00,11.25,2010-03-04 00:00:00,11,11,58,227600,2544525,2010-03-04 00:00:00,1
2010-03-05 00:00:00,2010-03-05 00:00:00,11.25,2010-03-05 00:00:00,11,11,43,57800,646450,2010-03-05 00:00:00,1
2010-03-08 00:00:00,2010-03-08 00:00:00,11,2010-03-08 00:00:00,10.75,11,66,156600,1719450,2010-03-08 00:00:00,1
2010-03-09 00:00:00,2010-03-09 00:00:00,11,2010-03-09 00:00:00,10.5,10.5,203,817600,8722175,2010-03-09 00:00:00,1
2010-03-10 00:00:00,2010-03-10 00:00:00,11.5,2010-03-10 00:00:00,10.5,10.5,65,226600,2413875,2010-03-10 00:00:00,1
2010-03-11 00:00:00,2010-03-11 00:00:00,11.5,2010-03-11 00:00:00,10.75,11.25,250,1296400,14337675,2010-03-11 00:00:00,1
2010-03-12 00:00:00,2010-03-12 00:00:00,11.5,2010-03-12 00:00:00,11,11,140,469000,5208575,2010-03-12 00:00:00,1
2010-03-15 00:00:00,2010-03-15 00:00:00,11.25,2010-03-15 00:00:00,10.75,11,68,173000,1903050,2010-03-15 00:00:00,1
2010-03-16 00:00:00,2010-03-16 00:00:00,11.25,2010-03-16 00:00:00,10.5,11,112,1389200,15205750,2010-03-16 00:00:00,1
2010-03-17 00:00:00,2010-03-17 00:00:00,11,2010-03-17 00:00:00,10.5,10.75,27,137700,1467525,2010-03-17 00:00:00,1
2010-03-18 00:00:00,2010-03-18 00:00:00,10.75,2010-03-18 00:00:00,10.5,10.5,66,224000,2371400,2010-03-18 00:00:00,1
2010-03-19 00:00:00,2010-03-19 00:00:00,11.25,2010-03-19 00:00:00,10.5,10.5,268,1969500,21453950,2010-03-19 00:00:00,1
2010-03-22 00:00:00,2010-03-22 00:00:00,11,2010-03-22 00:00:00,10.5,10.5,52,132300,1413200,2010-03-22 00:00:00,1
2010-03-23 00:00:00,2010-03-23 00:00:00,10.75,2010-03-23 00:00:00,10.5,10.5,88,324500,3421375,2010-03-23 00:00:00,1
2010-03-24 00:00:00,2010-03-24 00:00:00,10.75,2010-03-24 00:00:00,10.25,10.5,61,159900,1679200,2010-03-24 00:00:00,1
2010-03-25 00:00:00,2010-03-25 00:00:00,10.5,2010-03-25 00:00:00,10.25,10.25,125,632200,6517600,2010-03-25 00:00:00,1
2010-03-26 00:00:00,2010-03-26 00:00:00,10.5,2010-03-26 00:00:00,10.25,10.25,77,320800,3302525,2010-03-26 00:00:00,1
2010-03-30 00:00:00,2010-03-30 00:00:00,10.5,2010-03-30 00:00:00,10.25,10.25,101,333200,3494325,2010-03-30 00:00:00,1
2010-03-31 00:00:00,2010-03-31 00:00:00,10.5,2010-03-31 00:00:00,10.25,10.25,57,261500,2681850,2010-03-31 00:00:00,1
2010-04-01 00:00:00,2010-04-01 00:00:00,10.75,2010-04-01 00:00:00,10.25,10.5,77,213300,2226875,2010-04-01 00:00:00,1
2010-04-05 00:00:00,2010-04-05 00:00:00,10.75,2010-04-05 00:00:00,10.25,10.75,78,440600,4685025,2010-04-05 00:00:00,1
2010-04-06 00:00:00,2010-04-06 00:00:00,11,2010-04-06 00:00:00,10.5,10.75,57,91500,977725,2010-04-06 00:00:00,1
2010-04-07 00:00:00,2010-04-07 00:00:00,11,2010-04-07 00:00:00,10.5,10.75,92,321200,3465400,2010-04-07 00:00:00,1
2010-04-08 00:00:00,2010-04-08 00:00:00,10.75,2010-04-08 00:00:00,10.75,10.75,57,189400,2036050,2010-04-08 00:00:00,1
2010-04-12 00:00:00,2010-04-12 00:00:00,12,2010-04-12 00:00:00,10.75,11.75,346,3493000,39326425,2010-04-12 00:00:00,1
2010-04-15 00:00:00,2010-04-15 00:00:00,12,2010-04-15 00:00:00,11.25,11.5,155,412300,4845675,2010-04-15 00:00:00,1
2010-04-16 00:00:00,2010-04-16 00:00:00,12,2010-04-16 00:00:00,11.5,11.75,211,1281300,15056875,2010-04-16 00:00:00,1
2010-04-19 00:00:00,2010-04-19 00:00:00,12.25,2010-04-19 00:00:00,11.75,11.75,169,953500,11404600,2010-04-19 00:00:00,1
2010-04-20 00:00:00,2010-04-20 00:00:00,11.75,2010-04-20 00:00:00,11.25,11.5,91,260200,3002950,2010-04-20 00:00:00,1
2010-04-21 00:00:00,2010-04-21 00:00:00,11.75,2010-04-21 00:00:00,11.25,11.25,67,1278600,14434400,2010-04-21 00:00:00,1
2010-04-22 00:00:00,2010-04-22 00:00:00,11.75,2010-04-22 00:00:00,10.75,11,120,609900,6766875,2010-04-22 00:00:00,1
2010-04-23 00:00:00,2010-04-23 00:00:00,11,2010-04-23 00:00:00,10.75,10.75,68,219300,2383525,2010-04-23 00:00:00,1
2010-04-26 00:00:00,2010-04-26 00:00:00,11.25,2010-04-26 00:00:00,10.75,11,49,244400,2674650,2010-04-26 00:00:00,1
2010-04-27 00:00:00,2010-04-27 00:00:00,11.25,2010-04-27 00:00:00,11,11,75,327900,3647200,2010-04-27 00:00:00,1
2010-04-29 00:00:00,2010-04-29 00:00:00,12,2010-04-29 00:00:00,11,11.5,190,1299600,15133575,2010-04-29 00:00:00,1
2010-04-30 00:00:00,2010-04-30 00:00:00,12,2010-04-30 00:00:00,11.75,12,101,401100,4730725,2010-04-30 00:00:00,1
2010-05-03 00:00:00,2010-05-03 00:00:00,12,2010-05-03 00:00:00,11.5,11.5,118,364700,4244250,2010-05-03 00:00:00,1
2010-05-04 00:00:00,2010-05-04 00:00:00,11.75,2010-05-04 00:00:00,11.5,11.5,51,630800,7300800,2010-05-04 00:00:00,1
2010-05-05 00:00:00,2010-05-05 00:00:00,12,2010-05-05 00:00:00,11.5,11.75,125,1583000,18622125,2010-05-05 00:00:00,1
2010-05-06 00:00:00,2010-05-06 00:00:00,12,2010-05-06 00:00:00,11.5,11.75,67,968100,11380025,2010-05-06 00:00:00,1
2010-05-07 00:00:00,2010-05-07 00:00:00,11.75,2010-05-07 00:00:00,11.5,11.5,94,1200300,13906525,2010-05-07 00:00:00,1
2010-05-10 00:00:00,2010-05-10 00:00:00,11.5,2010-05-10 00:00:00,11.25,11.5,36,65500,751750,2010-05-10 00:00:00,1
2010-05-11 00:00:00,2010-05-11 00:00:00,11.75,2010-05-11 00:00:00,11.25,11.5,59,206400,2381525,2010-05-11 00:00:00,1
2010-05-12 00:00:00,2010-05-12 00:00:00,11.5,2010-05-12 00:00:00,11.25,11.25,39,56400,637375,2010-05-12 00:00:00,1
2010-05-13 00:00:00,2010-05-13 00:00:00,11.5,2010-05-13 00:00:00,11,11.25,49,101300,1139500,2010-05-13 00:00:00,1
2010-05-14 00:00:00,2010-05-14 00:00:00,11.25,2010-05-14 00:00:00,11,11,51,151600,1677175,2010-05-14 00:00:00,1
2010-05-17 00:00:00,2010-05-17 00:00:00,11.25,2010-05-17 00:00:00,11,11.25,29,61100,686875,2010-05-17 00:00:00,1
2010-05-18 00:00:00,2010-05-18 00:00:00,11.25,2010-05-18 00:00:00,11,11,24,28100,314375,2010-05-18 00:00:00,1
2010-05-19 00:00:00,2010-05-19 00:00:00,11.25,2010-05-19 00:00:00,11,11,63,347500,3827425,2010-05-19 00:00:00,1
2010-05-20 00:00:00,2010-05-20 00:00:00,11.25,2010-05-20 00:00:00,10.75,11,37,248900,2732925,2010-05-20 00:00:00,1
2010-05-21 00:00:00,2010-05-21 00:00:00,11,2010-05-21 00:00:00,10.75,10.75,37,80100,862600,2010-05-21 00:00:00,1
2010-05-24 00:00:00,2010-05-24 00:00:00,11,2010-05-24 00:00:00,10.5,10.75,48,181900,1947800,2010-05-24 00:00:00,1
2010-05-25 00:00:00,2010-05-25 00:00:00,10.75,2010-05-25 00:00:00,10.75,10.75,12,74600,801950,2010-05-25 00:00:00,1
2010-05-26 00:00:00,2010-05-26 00:00:00,10.75,2010-05-26 00:00:00,10.5,10.5,112,924500,9720950,2010-05-26 00:00:00,1
2010-05-31 00:00:00,2010-05-31 00:00:00,10.5,2010-05-31 00:00:00,10.25,10.5,40,70200,735175,2010-05-31 00:00:00,1
2010-06-01 00:00:00,2010-06-01 00:00:00,11,2010-06-01 00:00:00,10.25,10.5,221,2250300,23749950,2010-06-01 00:00:00,1
2010-06-02 00:00:00,2010-06-02 00:00:00,11.25,2010-06-02 00:00:00,10.5,11,116,684400,7423925,2010-06-02 00:00:00,1
2010-06-03 00:00:00,2010-06-03 00:00:00,11.5,2010-06-03 00:00:00,10.75,11,118,924800,10246400,2010-06-03 00:00:00,1
2010-06-04 00:00:00,2010-06-04 00:00:00,11,2010-06-04 00:00:00,10.5,10.75,44,164000,1767175,2010-06-04 00:00:00,1
2010-06-07 00:00:00,2010-06-07 00:00:00,11,2010-06-07 00:00:00,10.75,10.75,39,99600,1090925,2010-06-07 00:00:00,1
2010-06-08 00:00:00,2010-06-08 00:00:00,11,2010-06-08 00:00:00,10.75,10.75,37,51900,559425,2010-06-08 00:00:00,1
2010-06-09 00:00:00,2010-06-09 00:00:00,12,2010-06-09 00:00:00,10.75,10.75,95,413100,4502225,2010-06-09 00:00:00,1
2010-06-10 00:00:00,2010-06-10 00:00:00,11.25,2010-06-10 00:00:00,10.75,11,123,617400,6786025,2010-06-10 00:00:00,1
2010-06-11 00:00:00,2010-06-11 00:00:00,11.25,2010-06-11 00:00:00,10.75,10.75,87,365200,4005425,2010-06-11 00:00:00,1
2010-06-14 00:00:00,2010-06-14 00:00:00,11,2010-06-14 00:00:00,10.5,10.75,60,213400,2308925,2010-06-14 00:00:00,1
2010-06-15 00:00:00,2010-06-15 00:00:00,11,2010-06-15 00:00:00,10.75,10.75,66,464800,5102700,2010-06-15 00:00:00,1
2010-06-16 00:00:00,2010-06-16 00:00:00,11.75,2010-06-16 00:00:00,11,11.5,221,1347500,15299375,2010-06-16 00:00:00,1
2010-06-17 00:00:00,2010-06-17 00:00:00,11.75,2010-06-17 00:00:00,11.25,11.5,99,659900,7585800,2010-06-17 00:00:00,1
2010-06-21 00:00:00,2010-06-21 00:00:00,11.5,2010-06-21 00:00:00,11.25,11.25,58,586200,6715000,2010-06-21 00:00:00,1
2010-06-22 00:00:00,2010-06-22 00:00:00,11.25,2010-06-22 00:00:00,11,11.25,60,134400,1496275,2010-06-22 00:00:00,1
2010-06-23 00:00:00,2010-06-23 00:00:00,11.25,2010-06-23 00:00:00,10.75,10.75,50,132200,1430000,2010-06-23 00:00:00,1
2010-06-24 00:00:00,2010-06-24 00:00:00,11,2010-06-24 00:00:00,10.75,10.75,19,16400,176350,2010-06-24 00:00:00,1
2010-06-28 00:00:00,2010-06-28 00:00:00,10.75,2010-06-28 00:00:00,10.5,10.75,34,122600,1317900,2010-06-28 00:00:00,1
2010-06-29 00:00:00,2010-06-29 00:00:00,11,2010-06-29 00:00:00,10.5,10.75,70,135000,1442325,2010-06-29 00:00:00,1
2010-06-30 00:00:00,2010-06-30 00:00:00,11.25,2010-06-30 00:00:00,10.75,10.75,106,356300,3882675,2010-06-30 00:00:00,1
2010-07-01 00:00:00,2010-07-01 00:00:00,11.25,2010-07-01 00:00:00,10.75,11.25,101,438300,4809625,2010-07-01 00:00:00,1
2010-07-02 00:00:00,2010-07-02 00:00:00,11.5,2010-07-02 00:00:00,11,11.25,147,1437200,16406225,2010-07-02 00:00:00,1
2010-07-05 00:00:00,2010-07-05 00:00:00,11.5,2010-07-05 00:00:00,11,11,34,95600,1065625,2010-07-05 00:00:00,1
2010-07-06 00:00:00,2010-07-06 00:00:00,11.25,2010-07-06 00:00:00,10.75,11,57,105900,1151800,2010-07-06 00:00:00,1
2010-07-07 00:00:00,2010-07-07 00:00:00,10.75,2010-07-07 00:00:00,10.5,10.5,78,299000,3161200,2010-07-07 00:00:00,1
2010-07-08 00:00:00,2010-07-08 00:00:00,11.75,2010-07-08 00:00:00,10.25,11.25,290,2152800,24453900,2010-07-08 00:00:00,1
2010-07-09 00:00:00,2010-07-09 00:00:00,11.25,2010-07-09 00:00:00,10.75,10.75,67,315900,3500475,2010-07-09 00:00:00,1
2010-07-12 00:00:00,2010-07-12 00:00:00,11,2010-07-12 00:00:00,10.75,11,39,74100,812350,2010-07-12 00:00:00,1
2010-07-13 00:00:00,2010-07-13 00:00:00,11.25,2010-07-13 00:00:00,10.75,10.75,38,95500,1043150,2010-07-13 00:00:00,1
2010-07-14 00:00:00,2010-07-14 00:00:00,11.25,2010-07-14 00:00:00,10.75,11,50,105200,1155300,2010-07-14 00:00:00,1
2010-07-15 00:00:00,2010-07-15 00:00:00,11.25,2010-07-15 00:00:00,10.75,11,47,275200,2988100,2010-07-15 00:00:00,1
2010-07-16 00:00:00,2010-07-16 00:00:00,11.25,2010-07-16 00:00:00,10.75,11,53,241400,2643750,2010-07-16 00:00:00,1
2010-07-19 00:00:00,2010-07-19 00:00:00,11,2010-07-19 00:00:00,10.75,11,43,164400,1792775,2010-07-19 00:00:00,1
2010-07-20 00:00:00,2010-07-20 00:00:00,11.25,2010-07-20 00:00:00,10.75,11.25,113,591500,6581525,2010-07-20 00:00:00,1
2010-07-21 00:00:00,2010-07-21 00:00:00,12.75,2010-07-21 00:00:00,11.5,12.5,1089,8721500,106373725,2010-07-21 00:00:00,1
2010-07-22 00:00:00,2010-07-22 00:00:00,12.75,2010-07-22 00:00:00,12,12,263,1480600,18231875,2010-07-22 00:00:00,1
2010-07-23 00:00:00,2010-07-23 00:00:00,12.25,2010-07-23 00:00:00,11.75,12,64,418600,4997675,2010-07-23 00:00:00,1
2010-07-26 00:00:00,2010-07-26 00:00:00,12.25,2010-07-26 00:00:00,12,12,86,456200,5535125,2010-07-26 00:00:00,1
2010-07-27 00:00:00,2010-07-27 00:00:00,13.25,2010-07-27 00:00:00,12,13,596,4354100,55453075,2010-07-27 00:00:00,1
2010-07-28 00:00:00,2010-07-28 00:00:00,13.5,2010-07-28 00:00:00,13,13,416,2873800,38128975,2010-07-28 00:00:00,1
2010-07-29 00:00:00,2010-07-29 00:00:00,13.25,2010-07-29 00:00:00,12.5,12.75,127,1070500,13857300,2010-07-29 00:00:00,1
2010-07-30 00:00:00,2010-07-30 00:00:00,13,2010-07-30 00:00:00,12.5,12.75,53,191500,2436450,2010-07-30 00:00:00,1
2010-08-02 00:00:00,2010-08-02 00:00:00,13,2010-08-02 00:00:00,12.1,12.4,83,305100,3815230,2010-08-02 00:00:00,1
2010-08-03 00:00:00,2010-08-03 00:00:00,12.5,2010-08-03 00:00:00,11.6,12.1,76,278100,3405510,2010-08-03 00:00:00,1
2010-08-04 00:00:00,2010-08-04 00:00:00,12.5,2010-08-04 00:00:00,11.8,12,48,320400,3855020,2010-08-04 00:00:00,1
2010-08-05 00:00:00,2010-08-05 00:00:00,12.3,2010-08-05 00:00:00,11,11.7,81,351700,4046940,2010-08-05 00:00:00,1
2010-08-06 00:00:00,2010-08-06 00:00:00,12.2,2010-08-06 00:00:00,11.2,11.4,43,172200,1971660,2010-08-06 00:00:00,1
2010-08-09 00:00:00,2010-08-09 00:00:00,11,2010-08-09 00:00:00,10.5,10.6,118,395500,4193430,2010-08-09 00:00:00,1
2010-08-10 00:00:00,2010-08-10 00:00:00,11.6,2010-08-10 00:00:00,10,11.6,194,1049000,11627430,2010-08-10 00:00:00,1
2010-08-11 00:00:00,2010-08-11 00:00:00,12.3,2010-08-11 00:00:00,11.2,11.3,148,670400,7971590,2010-08-11 00:00:00,1
2010-08-12 00:00:00,2010-08-12 00:00:00,12,2010-08-12 00:00:00,11.1,11.9,64,236100,2716760,2010-08-12 00:00:00,1
2010-08-13 00:00:00,2010-08-13 00:00:00,12.5,2010-08-13 00:00:00,11.7,12,66,251400,3019490,2010-08-13 00:00:00,1
2010-08-16 00:00:00,2010-08-16 00:00:00,11.9,2010-08-16 00:00:00,11.6,11.7,64,562700,6591840,2010-08-16 00:00:00,1
2010-08-17 00:00:00,2010-08-17 00:00:00,12,2010-08-17 00:00:00,11.7,12,57,384100,4575760,2010-08-17 00:00:00,1
2010-08-18 00:00:00,2010-08-18 00:00:00,12,2010-08-18 00:00:00,11.7,11.8,44,313000,3718310,2010-08-18 00:00:00,1
2010-08-19 00:00:00,2010-08-19 00:00:00,12.1,2010-08-19 00:00:00,11.7,11.8,118,939300,11241080,2010-08-19 00:00:00,1
2010-08-20 00:00:00,2010-08-20 00:00:00,11.8,2010-08-20 00:00:00,11.7,11.7,21,63600,746030,2010-08-20 00:00:00,1
2010-08-23 00:00:00,2010-08-23 00:00:00,12.7,2010-08-23 00:00:00,11.8,12.6,323,2085900,25478260,2010-08-23 00:00:00,1
2010-08-25 00:00:00,2010-08-25 00:00:00,13,2010-08-25 00:00:00,12,12.5,237,1628600,20753870,2010-08-25 00:00:00,1
2010-08-26 00:00:00,2010-08-26 00:00:00,13,2010-08-26 00:00:00,12.2,12.8,147,1168600,14972210,2010-08-26 00:00:00,1
2010-08-27 00:00:00,2010-08-27 00:00:00,14,2010-08-27 00:00:00,12.8,14,973,6400100,87016380,2010-08-27 00:00:00,1
2010-08-30 00:00:00,2010-08-30 00:00:00,15.3,2010-08-30 00:00:00,14.2,14.4,680,3828400,55794820,2010-08-30 00:00:00,1
2010-08-31 00:00:00,2010-08-31 00:00:00,14.8,2010-08-31 00:00:00,13.8,14,221,1316000,18591920,2010-08-31 00:00:00,1
2010-09-01 00:00:00,2010-09-01 00:00:00,14.3,2010-09-01 00:00:00,13.6,13.8,127,663400,9198770,2010-09-01 00:00:00,1
2010-09-02 00:00:00,2010-09-02 00:00:00,14,2010-09-02 00:00:00,12.8,13.5,105,421900,5799450,2010-09-02 00:00:00,1
2010-09-03 00:00:00,2010-09-03 00:00:00,14.6,2010-09-03 00:00:00,13.6,14.5,411,3263100,46782020,2010-09-03 00:00:00,1
2010-09-06 00:00:00,2010-09-06 00:00:00,15,2010-09-06 00:00:00,14,14,103,514200,7296430,2010-09-06 00:00:00,1
2010-09-07 00:00:00,2010-09-07 00:00:00,14.1,2010-09-07 00:00:00,13.8,13.9,67,361600,5023960,2010-09-07 00:00:00,1
2010-09-08 00:00:00,2010-09-08 00:00:00,14.1,2010-09-08 00:00:00,13.5,13.6,138,423500,5833790,2010-09-08 00:00:00,1
2010-09-09 00:00:00,2010-09-09 00:00:00,14.1,2010-09-09 00:00:00,13.5,13.5,74,204500,2792450,2010-09-09 00:00:00,1
2010-09-13 00:00:00,2010-09-13 00:00:00,14.1,2010-09-13 00:00:00,13.2,13.6,125,653100,8923820,2010-09-13 00:00:00,1
2010-09-14 00:00:00,2010-09-14 00:00:00,13.6,2010-09-14 00:00:00,13.2,13.3,94,327400,4371370,2010-09-14 00:00:00,1
2010-09-15 00:00:00,2010-09-15 00:00:00,13.6,2010-09-15 00:00:00,12.9,13.3,72,262200,3482620,2010-09-15 00:00:00,1
2010-09-16 00:00:00,2010-09-16 00:00:00,13.7,2010-09-16 00:00:00,13.1,13.3,68,229400,3042170,2010-09-16 00:00:00,1
2010-09-17 00:00:00,2010-09-17 00:00:00,14.6,2010-09-17 00:00:00,13.1,14.3,394,2527300,36089370,2010-09-17 00:00:00,1
2010-09-20 00:00:00,2010-09-20 00:00:00,15,2010-09-20 00:00:00,13.6,13.7,121,423400,5893120,2010-09-20 00:00:00,1
2010-09-21 00:00:00,2010-09-21 00:00:00,14.2,2010-09-21 00:00:00,13.6,13.9,135,687400,9609270,2010-09-21 00:00:00,1
2010-09-23 00:00:00,2010-09-23 00:00:00,13.7,2010-09-23 00:00:00,13.3,13.4,104,326100,4391160,2010-09-23 00:00:00,1
2010-09-24 00:00:00,2010-09-24 00:00:00,13.5,2010-09-24 00:00:00,13,13.1,160,1275500,16734160,2010-09-24 00:00:00,1
2010-09-27 00:00:00,2010-09-27 00:00:00,13.3,2010-09-27 00:00:00,12.7,12.9,133,682700,8833520,2010-09-27 00:00:00,1
2010-09-28 00:00:00,2010-09-28 00:00:00,13.4,2010-09-28 00:00:00,13,13.2,112,549500,7217110,2010-09-28 00:00:00,1
2010-09-29 00:00:00,2010-09-29 00:00:00,14.4,2010-09-29 00:00:00,13.3,14,395,2433300,33948370,2010-09-29 00:00:00,1
2010-09-30 00:00:00,2010-09-30 00:00:00,14.7,2010-09-30 00:00:00,14.1,14.6,537,3154300,45691470,2010-09-30 00:00:00,1
2010-10-01 00:00:00,2010-10-01 00:00:00,14.8,2010-10-01 00:00:00,14.3,14.5,221,1475400,21435710,2010-10-01 00:00:00,1
2010-10-04 00:00:00,2010-10-04 00:00:00,14.6,2010-10-04 00:00:00,13.3,13.7,106,390900,5440870,2010-10-04 00:00:00,1
2010-10-05 00:00:00,2010-10-05 00:00:00,14,2010-10-05 00:00:00,13.4,13.7,51,139000,1904540,2010-10-05 00:00:00,1
2010-10-06 00:00:00,2010-10-06 00:00:00,13.9,2010-10-06 00:00:00,13.1,13.2,61,223300,2988600,2010-10-06 00:00:00,1
2010-10-07 00:00:00,2010-10-07 00:00:00,13.4,2010-10-07 00:00:00,12.8,13,112,515800,6712500,2010-10-07 00:00:00,1
2010-10-08 00:00:00,2010-10-08 00:00:00,13.5,2010-10-08 00:00:00,12.9,13.4,40,96700,1269940,2010-10-08 00:00:00,1
2010-10-11 00:00:00,2010-10-11 00:00:00,13.4,2010-10-11 00:00:00,12.8,12.9,62,230000,2987760,2010-10-11 00:00:00,1
2010-10-12 00:00:00,2010-10-12 00:00:00,13,2010-10-12 00:00:00,12.3,12.5,95,524200,6650530,2010-10-12 00:00:00,1
2010-10-13 00:00:00,2010-10-13 00:00:00,12.7,2010-10-13 00:00:00,11.8,12.6,131,551200,6746780,2010-10-13 00:00:00,1
2010-10-14 00:00:00,2010-10-14 00:00:00,12.7,2010-10-14 00:00:00,11.9,12,98,1775200,21313790,2010-10-14 00:00:00,1
2010-10-15 00:00:00,2010-10-15 00:00:00,12.5,2010-10-15 00:00:00,12,12.3,35,50500,616720,2010-10-15 00:00:00,1
2010-10-18 00:00:00,2010-10-18 00:00:00,12.4,2010-10-18 00:00:00,12,12,51,98200,1182870,2010-10-18 00:00:00,1
2010-10-19 00:00:00,2010-10-19 00:00:00,12.4,2010-10-19 00:00:00,11.8,12.2,35,58000,697310,2010-10-19 00:00:00,1
2010-10-20 00:00:00,2010-10-20 00:00:00,12.2,2010-10-20 00:00:00,11.9,12.1,25,103400,1247940,2010-10-20 00:00:00,1
2010-10-21 00:00:00,2010-10-21 00:00:00,12.1,2010-10-21 00:00:00,11.9,12,31,54200,649410,2010-10-21 00:00:00,1
2010-10-25 00:00:00,2010-10-25 00:00:00,12.2,2010-10-25 00:00:00,11.8,11.9,36,176500,2110730,2010-10-25 00:00:00,1
2010-10-26 00:00:00,2010-10-26 00:00:00,12.7,2010-10-26 00:00:00,11.6,12.5,151,2185100,27189750,2010-10-26 00:00:00,1
2010-10-27 00:00:00,2010-10-27 00:00:00,12.6,2010-10-27 00:00:00,12,12.5,40,341900,4266050,2010-10-27 00:00:00,1
2010-10-28 00:00:00,2010-10-28 00:00:00,12.5,2010-10-28 00:00:00,12.3,12.5,62,448500,5602250,2010-10-28 00:00:00,1
2010-10-29 00:00:00,2010-10-29 00:00:00,12.8,2010-10-29 00:00:00,12.5,12.8,43,153400,1943110,2010-10-29 00:00:00,1
2010-11-01 00:00:00,2010-11-01 00:00:00,13.1,2010-11-01 00:00:00,12.8,13,93,407000,5290420,2010-11-01 00:00:00,1
2010-11-02 00:00:00,2010-11-02 00:00:00,13.7,2010-11-02 00:00:00,13,13.1,151,564600,7561820,2010-11-02 00:00:00,1
2010-11-03 00:00:00,2010-11-03 00:00:00,16,2010-11-03 00:00:00,13.1,15.6,2147,14606900,220183310,2010-11-03 00:00:00,1
2010-11-04 00:00:00,2010-11-04 00:00:00,16.9,2010-11-04 00:00:00,14.8,15.1,1347,8382700,131773240,2010-11-04 00:00:00,1
2010-11-08 00:00:00,2010-11-08 00:00:00,16.2,2010-11-08 00:00:00,15.1,15.8,815,7558900,119436760,2010-11-08 00:00:00,1
2010-11-09 00:00:00,2010-11-09 00:00:00,16.1,2010-11-09 00:00:00,15.3,15.4,210,762500,11967720,2010-11-09 00:00:00,1
2010-11-10 00:00:00,2010-11-10 00:00:00,15.4,2010-11-10 00:00:00,14.6,14.7,130,492300,7361110,2010-11-10 00:00:00,1
2010-11-11 00:00:00,2010-11-11 00:00:00,15.1,2010-11-11 00:00:00,14.4,15,161,648800,9589290,2010-11-11 00:00:00,1
2010-11-12 00:00:00,2010-11-12 00:00:00,15.2,2010-11-12 00:00:00,14.8,15,117,256000,3842320,2010-11-12 00:00:00,1
2010-11-15 00:00:00,2010-11-15 00:00:00,15.2,2010-11-15 00:00:00,14.6,14.6,55,89300,1315220,2010-11-15 00:00:00,1
2010-11-16 00:00:00,2010-11-16 00:00:00,14.7,2010-11-16 00:00:00,13.7,13.9,156,642800,9012400,2010-11-16 00:00:00,1
2010-11-18 00:00:00,2010-11-18 00:00:00,14.9,2010-11-18 00:00:00,13.8,14.7,130,385100,5605210,2010-11-18 00:00:00,1
2010-11-22 00:00:00,2010-11-22 00:00:00,15.1,2010-11-22 00:00:00,14.8,14.8,123,725700,10853690,2010-11-22 00:00:00,1
2010-11-23 00:00:00,2010-11-23 00:00:00,14.7,2010-11-23 00:00:00,14.1,14.3,56,91500,1306330,2010-11-23 00:00:00,1
2010-11-24 00:00:00,2010-11-24 00:00:00,14.6,2010-11-24 00:00:00,14.2,14.3,57,146000,2110100,2010-11-24 00:00:00,1
2010-11-25 00:00:00,2010-11-25 00:00:00,14.4,2010-11-25 00:00:00,13.9,14,49,116900,1644080,2010-11-25 00:00:00,1
2010-11-26 00:00:00,2010-11-26 00:00:00,14,2010-11-26 00:00:00,13.7,13.8,46,240400,3320580,2010-11-26 00:00:00,1
2010-11-29 00:00:00,2010-11-29 00:00:00,13.9,2010-11-29 00:00:00,13.2,13.4,61,89100,1212170,2010-11-29 00:00:00,1
2010-11-30 00:00:00,2010-11-30 00:00:00,14.5,2010-11-30 00:00:00,13.8,14,161,401200,5700940,2010-11-30 00:00:00,1
2010-12-01 00:00:00,2010-12-01 00:00:00,14.5,2010-12-01 00:00:00,14.1,14.2,73,152900,2175970,2010-12-01 00:00:00,1
2010-12-02 00:00:00,2010-12-02 00:00:00,14.4,2010-12-02 00:00:00,14,14.2,53,138300,1958580,2010-12-02 00:00:00,1
2010-12-03 00:00:00,2010-12-03 00:00:00,14.5,2010-12-03 00:00:00,13.4,13.5,240,402000,5510790,2010-12-03 00:00:00,1
2010-12-06 00:00:00,2010-12-06 00:00:00,13.5,2010-12-06 00:00:00,13.1,13.1,61,104300,1384810,2010-12-06 00:00:00,1
2010-12-07 00:00:00,2010-12-07 00:00:00,13,2010-12-07 00:00:00,12.7,12.8,85,273600,3517130,2010-12-07 00:00:00,1
2010-12-08 00:00:00,2010-12-08 00:00:00,12.9,2010-12-08 00:00:00,12.5,12.5,59,306700,3854530,2010-12-08 00:00:00,1
2010-12-09 00:00:00,2010-12-09 00:00:00,13,2010-12-09 00:00:00,12.5,13,57,361000,4600380,2010-12-09 00:00:00,1
2010-12-10 00:00:00,2010-12-10 00:00:00,13.2,2010-12-10 00:00:00,12.9,13.1,47,122900,1600830,2010-12-10 00:00:00,1
2010-12-13 00:00:00,2010-12-13 00:00:00,13.2,2010-12-13 00:00:00,12.8,12.9,31,59700,772980,2010-12-13 00:00:00,1
2010-12-14 00:00:00,2010-12-14 00:00:00,13.1,2010-12-14 00:00:00,12.8,12.9,21,55300,710380,2010-12-14 00:00:00,1
2010-12-15 00:00:00,2010-12-15 00:00:00,13.4,2010-12-15 00:00:00,12.8,13.2,81,519400,6782830,2010-12-15 00:00:00,1
2010-12-16 00:00:00,2010-12-16 00:00:00,13.3,2010-12-16 00:00:00,13.2,13.2,45,328900,4341590,2010-12-16 00:00:00,1
2010-12-17 00:00:00,2010-12-17 00:00:00,13.3,2010-12-17 00:00:00,13.2,13.2,22,76200,1005870,2010-12-17 00:00:00,1
2010-12-21 00:00:00,2010-12-21 00:00:00,13.5,2010-12-21 00:00:00,13,13.2,41,128700,1703890,2010-12-21 00:00:00,1
2010-12-22 00:00:00,2010-12-22 00:00:00,14,2010-12-22 00:00:00,13.2,13.6,75,725400,9815810,2010-12-22 00:00:00,1
2010-12-23 00:00:00,2010-12-23 00:00:00,14.6,2010-12-23 00:00:00,14,14.1,90,367200,5190590,2010-12-23 00:00:00,1
2010-12-24 00:00:00,2010-12-24 00:00:00,14.2,2010-12-24 00:00:00,14,14,11,22600,316520,2010-12-24 00:00:00,1
2010-12-27 00:00:00,2010-12-27 00:00:00,14.3,2010-12-27 00:00:00,14,14,62,293000,4106900,2010-12-27 00:00:00,1
2010-12-28 00:00:00,2010-12-28 00:00:00,14.2,2010-12-28 00:00:00,14,14,31,326700,4574890,2010-12-28 00:00:00,1
2010-12-29 00:00:00,2010-12-29 00:00:00,14.2,2010-12-29 00:00:00,14,14,20,194100,2719360,2010-12-29 00:00:00,1
2010-12-30 00:00:00,2010-12-30 00:00:00,15.2,2010-12-30 00:00:00,12.5,15,405,4229700,63183560,2010-12-30 00:00:00,1
2010-12-31 00:00:00,2010-12-31 00:00:00,15.8,2010-12-31 00:00:00,15.1,15.2,452,2011900,31107580,2010-12-31 00:00:00,1
Company Id :  CSF,,Security Type :  N,,Sub Type :  0000,,,,,,
Short Name :  NATION LANKA,,,,,,,,,,
Day,Date High,High,Date Low,Low,Closing,No. of Trades,No. of Shares,Turnover,Last Traded,Days Traded
2010-01-04 00:00:00,2010-01-04 00:00:00,14.75,2010-01-04 00:00:00,14.5,14.5,10,4700,68175,2010-01-04 00:00:00,1
2010-01-05 00:00:00,2010-01-05 00:00:00,14.5,2010-01-05 00:00:00,14.25,14.5,14,25200,365350,2010-01-05 00:00:00,1
2010-01-06 00:00:00,2010-01-06 00:00:00,14.5,2010-01-06 00:00:00,14,14,27,29800,419725,2010-01-06 00:00:00,1
2010-01-07 00:00:00,2010-01-07 00:00:00,14,2010-01-07 00:00:00,13.75,14,7,6400,88100,2010-01-07 00:00:00,1
2010-01-08 00:00:00,2010-01-08 00:00:00,14.25,2010-01-08 00:00:00,13.75,14,27,24200,339550,2010-01-08 00:00:00,1
2010-01-11 00:00:00,2010-01-11 00:00:00,17.5,2010-01-11 00:00:00,14.5,16,393,600200,9629875,2010-01-11 00:00:00,1
2010-01-12 00:00:00,2010-01-12 00:00:00,17.5,2010-01-12 00:00:00,15.75,17.25,138,263900,4484950,2010-01-12 00:00:00,1
2010-01-13 00:00:00,2010-01-13 00:00:00,20,2010-01-13 00:00:00,17,19.25,345,658600,12415225,2010-01-13 00:00:00,1
2010-01-15 00:00:00,2010-01-15 00:00:00,21.75,2010-01-15 00:00:00,19,19.75,358,562200,11452800,2010-01-15 00:00:00,1
2010-01-18 00:00:00,2010-01-18 00:00:00,18.5,2010-01-18 00:00:00,16,16.5,656,1807800,30356650,2010-01-18 00:00:00,1
2010-01-19 00:00:00,2010-01-19 00:00:00,17,2010-01-19 00:00:00,14.75,15.75,188,380800,5895000,2010-01-19 00:00:00,1
2010-01-20 00:00:00,2010-01-20 00:00:00,16.5,2010-01-20 00:00:00,15.5,16,262,553300,8878250,2010-01-20 00:00:00,1
2010-01-21 00:00:00,2010-01-21 00:00:00,16.5,2010-01-21 00:00:00,15.75,16,78,154200,2467850,2010-01-21 00:00:00,1
2010-01-22 00:00:00,2010-01-22 00:00:00,16.25,2010-01-22 00:00:00,15.75,16,83,164100,2613800,2010-01-22 00:00:00,1
2010-01-25 00:00:00,2010-01-25 00:00:00,16,2010-01-25 00:00:00,15.5,15.5,54,65700,1031950,2010-01-25 00:00:00,1
2010-01-26 00:00:00,2010-01-26 00:00:00,16,2010-01-26 00:00:00,15.5,16,78,215900,3436250,2010-01-26 00:00:00,1
2010-01-28 00:00:00,2010-01-28 00:00:00,16.75,2010-01-28 00:00:00,15.25,16.5,232,1704000,27207925,2010-01-28 00:00:00,1
2010-02-01 00:00:00,2010-02-01 00:00:00,17,2010-02-01 00:00:00,16,16.25,111,244000,4028325,2010-02-01 00:00:00,1
2010-02-02 00:00:00,2010-02-02 00:00:00,17.25,2010-02-02 00:00:00,16,17,427,1355500,22702475,2010-02-02 00:00:00,1
2010-02-03 00:00:00,2010-02-03 00:00:00,17.5,2010-02-03 00:00:00,16.25,16.5,258,527200,8821775,2010-02-03 00:00:00,1
2010-02-05 00:00:00,2010-02-05 00:00:00,17,2010-02-05 00:00:00,16,16,122,335800,5464125,2010-02-05 00:00:00,1
2010-02-08 00:00:00,2010-02-08 00:00:00,16.75,2010-02-08 00:00:00,16,16.25,195,2726900,44125500,2010-02-08 00:00:00,1
2010-02-09 00:00:00,2010-02-09 00:00:00,16.5,2010-02-09 00:00:00,16,16.25,136,681700,11077050,2010-02-09 00:00:00,1
2010-02-10 00:00:00,2010-02-10 00:00:00,16.75,2010-02-10 00:00:00,16.25,16.25,94,423900,6948550,2010-02-10 00:00:00,1
2010-02-11 00:00:00,2010-02-11 00:00:00,17.25,2010-02-11 00:00:00,16.25,16.75,248,802400,13480750,2010-02-11 00:00:00,1
2010-02-12 00:00:00,2010-02-12 00:00:00,16.75,2010-02-12 00:00:00,16,16.5,99,358200,5812375,2010-02-12 00:00:00,1
2010-02-15 00:00:00,2010-02-15 00:00:00,16.75,2010-02-15 00:00:00,16,16,59,85700,1386775,2010-02-15 00:00:00,1
2010-02-16 00:00:00,2010-02-16 00:00:00,16,2010-02-16 00:00:00,15.75,15.75,87,157700,2507375,2010-02-16 00:00:00,1
2010-02-17 00:00:00,2010-02-17 00:00:00,16,2010-02-17 00:00:00,15.75,15.75,28,76200,1202750,2010-02-17 00:00:00,1
2010-02-18 00:00:00,2010-02-18 00:00:00,16,2010-02-18 00:00:00,15.5,15.5,36,82200,1280625,2010-02-18 00:00:00,1
2010-02-19 00:00:00,2010-02-19 00:00:00,15.75,2010-02-19 00:00:00,15.5,15.75,88,173900,2715525,2010-02-19 00:00:00,1
2010-02-22 00:00:00,2010-02-22 00:00:00,16.25,2010-02-22 00:00:00,15.25,15.5,155,261100,4063500,2010-02-22 00:00:00,1
2010-02-23 00:00:00,2010-02-23 00:00:00,15.75,2010-02-23 00:00:00,15.5,15.5,38,54100,839675,2010-02-23 00:00:00,1
2010-02-24 00:00:00,2010-02-24 00:00:00,16,2010-02-24 00:00:00,15.5,15.75,21,54400,848875,2010-02-24 00:00:00,1
2010-02-25 00:00:00,2010-02-25 00:00:00,15.75,2010-02-25 00:00:00,15.5,15.5,51,158400,2459475,2010-02-25 00:00:00,1
2010-02-26 00:00:00,2010-02-26 00:00:00,15.75,2010-02-26 00:00:00,15.25,15.5,39,116400,1804500,2010-02-26 00:00:00,1
2010-03-01 00:00:00,2010-03-01 00:00:00,15.75,2010-03-01 00:00:00,15.5,15.5,68,162700,2537250,2010-03-01 00:00:00,1
2010-03-02 00:00:00,2010-03-02 00:00:00,16.25,2010-03-02 00:00:00,15.25,15.5,385,4936900,75819525,2010-03-02 00:00:00,1
2010-03-03 00:00:00,2010-03-03 00:00:00,15.75,2010-03-03 00:00:00,15.25,15.25,57,79300,1227175,2010-03-03 00:00:00,1
2010-03-04 00:00:00,2010-03-04 00:00:00,15.5,2010-03-04 00:00:00,15.25,15.25,57,88300,1347525,2010-03-04 00:00:00,1
2010-03-05 00:00:00,2010-03-05 00:00:00,15.75,2010-03-05 00:00:00,15,15.5,50,92200,1422075,2010-03-05 00:00:00,1
2010-03-08 00:00:00,2010-03-08 00:00:00,15.75,2010-03-08 00:00:00,15.25,15.25,36,56600,883200,2010-03-08 00:00:00,1
2010-03-09 00:00:00,2010-03-09 00:00:00,15.5,2010-03-09 00:00:00,15,15.5,66,179600,2727825,2010-03-09 00:00:00,1
2010-03-10 00:00:00,2010-03-10 00:00:00,15.5,2010-03-10 00:00:00,15,15.5,58,118600,1811025,2010-03-10 00:00:00,1
2010-03-11 00:00:00,2010-03-11 00:00:00,15.25,2010-03-11 00:00:00,15,15,97,179100,2699950,2010-03-11 00:00:00,1
2010-03-12 00:00:00,2010-03-12 00:00:00,15.5,2010-03-12 00:00:00,14.75,15,117,240400,3603800,2010-03-12 00:00:00,1
2010-03-15 00:00:00,2010-03-15 00:00:00,15.25,2010-03-15 00:00:00,14.75,14.75,55,178700,2651750,2010-03-15 00:00:00,1
2010-03-16 00:00:00,2010-03-16 00:00:00,14.75,2010-03-16 00:00:00,14.25,14.5,62,128200,1859025,2010-03-16 00:00:00,1
2010-03-17 00:00:00,2010-03-17 00:00:00,14.5,2010-03-17 00:00:00,14,14,40,44000,625200,2010-03-17 00:00:00,1
2010-03-18 00:00:00,2010-03-18 00:00:00,14.5,2010-03-18 00:00:00,14,14,87,268800,3790300,2010-03-18 00:00:00,1
2010-03-19 00:00:00,2010-03-19 00:00:00,14.5,2010-03-19 00:00:00,13.75,14,52,67200,933050,2010-03-19 00:00:00,1
2010-03-22 00:00:00,2010-03-22 00:00:00,14.25,2010-03-22 00:00:00,13.75,13.75,33,149800,2093175,2010-03-22 00:00:00,1
2010-03-23 00:00:00,2010-03-23 00:00:00,14.5,2010-03-23 00:00:00,14,14,27,49100,688275,2010-03-23 00:00:00,1
2010-03-24 00:00:00,2010-03-24 00:00:00,14,2010-03-24 00:00:00,13.5,13.5,40,97800,1336150,2010-03-24 00:00:00,1
2010-03-25 00:00:00,2010-03-25 00:00:00,14,2010-03-25 00:00:00,13.25,13.5,51,60000,804925,2010-03-25 00:00:00,1
2010-03-26 00:00:00,2010-03-26 00:00:00,14,2010-03-26 00:00:00,13.75,13.75,7,5300,72900,2010-03-26 00:00:00,1
2010-03-30 00:00:00,2010-03-30 00:00:00,13.75,2010-03-30 00:00:00,13,13.25,64,139300,1859475,2010-03-30 00:00:00,1
2010-03-31 00:00:00,2010-03-31 00:00:00,13.5,2010-03-31 00:00:00,13,13,76,99300,1292050,2010-03-31 00:00:00,1
2010-04-01 00:00:00,2010-04-01 00:00:00,13,2010-04-01 00:00:00,12.75,12.75,21,30500,391100,2010-04-01 00:00:00,1
2010-04-05 00:00:00,2010-04-05 00:00:00,13.75,2010-04-05 00:00:00,13,13.5,61,93600,1256000,2010-04-05 00:00:00,1
2010-04-06 00:00:00,2010-04-06 00:00:00,14,2010-04-06 00:00:00,13.5,14,103,242800,3367275,2010-04-06 00:00:00,1
2010-04-07 00:00:00,2010-04-07 00:00:00,14.5,2010-04-07 00:00:00,13.75,13.75,81,187500,2630675,2010-04-07 00:00:00,1
2010-04-08 00:00:00,2010-04-08 00:00:00,14.25,2010-04-08 00:00:00,14,14,32,86700,1213825,2010-04-08 00:00:00,1
2010-04-12 00:00:00,2010-04-12 00:00:00,14.5,2010-04-12 00:00:00,13.75,14,130,635800,8901100,2010-04-12 00:00:00,1
2010-04-15 00:00:00,2010-04-15 00:00:00,15.75,2010-04-15 00:00:00,14.25,15.25,348,2056500,30482550,2010-04-15 00:00:00,1
2010-04-16 00:00:00,2010-04-16 00:00:00,16,2010-04-16 00:00:00,15.5,15.75,245,896000,14087925,2010-04-16 00:00:00,1
2010-04-19 00:00:00,2010-04-19 00:00:00,15.75,2010-04-19 00:00:00,15,15,129,602100,9321775,2010-04-19 00:00:00,1
2010-04-20 00:00:00,2010-04-20 00:00:00,15,2010-04-20 00:00:00,14.5,14.5,43,98400,1439725,2010-04-20 00:00:00,1
2010-04-21 00:00:00,2010-04-21 00:00:00,15,2010-04-21 00:00:00,14.5,14.75,43,101800,1489350,2010-04-21 00:00:00,1
2010-04-22 00:00:00,2010-04-22 00:00:00,14.75,2010-04-22 00:00:00,14.25,14.25,70,170600,2449075,2010-04-22 00:00:00,1
2010-04-23 00:00:00,2010-04-23 00:00:00,14.25,2010-04-23 00:00:00,14,14,52,100300,1416450,2010-04-23 00:00:00,1
2010-04-26 00:00:00,2010-04-26 00:00:00,15,2010-04-26 00:00:00,14,14.75,80,160500,2312900,2010-04-26 00:00:00,1
2010-04-27 00:00:00,2010-04-27 00:00:00,15.25,2010-04-27 00:00:00,14.75,15,96,230500,3484025,2010-04-27 00:00:00,1
2010-04-29 00:00:00,2010-04-29 00:00:00,15,2010-04-29 00:00:00,14.5,14.75,48,81000,1195425,2010-04-29 00:00:00,1
2010-04-30 00:00:00,2010-04-30 00:00:00,15,2010-04-30 00:00:00,14.75,14.75,34,95400,1424675,2010-04-30 00:00:00,1
2010-05-03 00:00:00,2010-05-03 00:00:00,15,2010-05-03 00:00:00,14.25,14.75,56,122000,1784250,2010-05-03 00:00:00,1
2010-05-04 00:00:00,2010-05-04 00:00:00,15.25,2010-05-04 00:00:00,14.25,14.5,169,639200,9475325,2010-05-04 00:00:00,1
2010-05-05 00:00:00,2010-05-05 00:00:00,15,2010-05-05 00:00:00,14.75,15,128,543900,8150950,2010-05-05 00:00:00,1
2010-05-06 00:00:00,2010-05-06 00:00:00,15,2010-05-06 00:00:00,14.5,14.75,97,358300,5355450,2010-05-06 00:00:00,1
2010-05-07 00:00:00,2010-05-07 00:00:00,15,2010-05-07 00:00:00,14.75,14.75,54,112000,1655275,2010-05-07 00:00:00,1
2010-05-10 00:00:00,2010-05-10 00:00:00,14.75,2010-05-10 00:00:00,14.5,14.5,15,22900,332300,2010-05-10 00:00:00,1
2010-05-11 00:00:00,2010-05-11 00:00:00,15,2010-05-11 00:00:00,14.5,14.75,61,82100,1209875,2010-05-11 00:00:00,1
2010-05-12 00:00:00,2010-05-12 00:00:00,14.75,2010-05-12 00:00:00,14.25,14.5,45,65900,953525,2010-05-12 00:00:00,1
2010-05-13 00:00:00,2010-05-13 00:00:00,14.25,2010-05-13 00:00:00,14,14.25,64,126700,1787550,2010-05-13 00:00:00,1
2010-05-14 00:00:00,2010-05-14 00:00:00,14.75,2010-05-14 00:00:00,14.25,14.75,28,32800,479075,2010-05-14 00:00:00,1
2010-05-17 00:00:00,2010-05-17 00:00:00,14.5,2010-05-17 00:00:00,14.25,14.5,27,58600,846400,2010-05-17 00:00:00,1
2010-05-18 00:00:00,2010-05-18 00:00:00,14.5,2010-05-18 00:00:00,14,14,78,220400,3119900,2010-05-18 00:00:00,1
2010-05-19 00:00:00,2010-05-19 00:00:00,14,2010-05-19 00:00:00,13.75,14,69,339500,4745325,2010-05-19 00:00:00,1
2010-05-20 00:00:00,2010-05-20 00:00:00,14,2010-05-20 00:00:00,14,14,52,187700,2627800,2010-05-20 00:00:00,1
2010-05-21 00:00:00,2010-05-21 00:00:00,14.5,2010-05-21 00:00:00,14,14,44,133700,1888475,2010-05-21 00:00:00,1
2010-05-24 00:00:00,2010-05-24 00:00:00,14.25,2010-05-24 00:00:00,13.75,13.75,29,151900,2111325,2010-05-24 00:00:00,1
2010-05-25 00:00:00,2010-05-25 00:00:00,14,2010-05-25 00:00:00,13.75,14,36,180800,2510175,2010-05-25 00:00:00,1
2010-05-26 00:00:00,2010-05-26 00:00:00,14.5,2010-05-26 00:00:00,14,14.25,50,169000,2400275,2010-05-26 00:00:00,1
2010-05-31 00:00:00,2010-05-31 00:00:00,14.25,2010-05-31 00:00:00,14,14,24,40300,567625,2010-05-31 00:00:00,1
2010-06-01 00:00:00,2010-06-01 00:00:00,14.25,2010-06-01 00:00:00,13.75,13.75,17,36600,510225,2010-06-01 00:00:00,1
2010-06-02 00:00:00,2010-06-02 00:00:00,14.25,2010-06-02 00:00:00,13.75,14,51,136900,1902375,2010-06-02 00:00:00,1
2010-06-03 00:00:00,2010-06-03 00:00:00,14.25,2010-06-03 00:00:00,14,14,64,132000,1872850,2010-06-03 00:00:00,1
2010-06-04 00:00:00,2010-06-04 00:00:00,14,2010-06-04 00:00:00,13.75,13.75,17,35500,490725,2010-06-04 00:00:00,1
2010-06-07 00:00:00,2010-06-07 00:00:00,15.25,2010-06-07 00:00:00,14,14.5,218,947400,13760200,2010-06-07 00:00:00,1
2010-06-08 00:00:00,2010-06-08 00:00:00,15,2010-06-08 00:00:00,14.25,14.25,98,369800,5350400,2010-06-08 00:00:00,1
2010-06-09 00:00:00,2010-06-09 00:00:00,14.5,2010-06-09 00:00:00,14,14.25,37,165700,2372850,2010-06-09 00:00:00,1
2010-06-10 00:00:00,2010-06-10 00:00:00,14.25,2010-06-10 00:00:00,14,14,21,70900,993925,2010-06-10 00:00:00,1
2010-06-11 00:00:00,2010-06-11 00:00:00,13.75,2010-06-11 00:00:00,13.25,13.5,211,458500,6208650,2010-06-11 00:00:00,1
2010-06-14 00:00:00,2010-06-14 00:00:00,13.5,2010-06-14 00:00:00,12.5,12.75,189,434800,5538525,2010-06-14 00:00:00,1
2010-06-15 00:00:00,2010-06-15 00:00:00,12.75,2010-06-15 00:00:00,12,12.5,180,481300,5873150,2010-06-15 00:00:00,1
2010-06-16 00:00:00,2010-06-16 00:00:00,13.5,2010-06-16 00:00:00,12.75,13.25,145,423400,5600600,2010-06-16 00:00:00,1
2010-06-17 00:00:00,2010-06-17 00:00:00,16.25,2010-06-17 00:00:00,13.5,15.5,1000,4175700,63331825,2010-06-17 00:00:00,1
2010-06-21 00:00:00,2010-06-21 00:00:00,18.5,2010-06-21 00:00:00,16.5,18,1863,6687400,117686500,2010-06-21 00:00:00,1
2010-06-22 00:00:00,2010-06-22 00:00:00,18.5,2010-06-22 00:00:00,16,16.25,873,2566900,43498175,2010-06-22 00:00:00,1
2010-06-23 00:00:00,2010-06-23 00:00:00,16.5,2010-06-23 00:00:00,15.25,15.5,245,521300,8177000,2010-06-23 00:00:00,1
2010-06-24 00:00:00,2010-06-24 00:00:00,15.5,2010-06-24 00:00:00,14.25,15,218,626800,9386900,2010-06-24 00:00:00,1
2010-06-28 00:00:00,2010-06-28 00:00:00,15.25,2010-06-28 00:00:00,14.25,14.5,85,249100,3651200,2010-06-28 00:00:00,1
2010-06-29 00:00:00,2010-06-29 00:00:00,17.75,2010-06-29 00:00:00,14.5,16.75,815,2533900,42887600,2010-06-29 00:00:00,1
2010-06-30 00:00:00,2010-06-30 00:00:00,17.5,2010-06-30 00:00:00,16,16.25,247,478300,8020025,2010-06-30 00:00:00,1
2010-07-01 00:00:00,2010-07-01 00:00:00,16.75,2010-07-01 00:00:00,16,16.25,100,159300,2606125,2010-07-01 00:00:00,1
2010-07-02 00:00:00,2010-07-02 00:00:00,17,2010-07-02 00:00:00,15.75,16,81,202400,3261650,2010-07-02 00:00:00,1
2010-07-05 00:00:00,2010-07-05 00:00:00,16,2010-07-05 00:00:00,14.75,15.5,67,150000,2284350,2010-07-05 00:00:00,1
2010-07-06 00:00:00,2010-07-06 00:00:00,16,2010-07-06 00:00:00,15,15.25,71,173900,2697500,2010-07-06 00:00:00,1
2010-07-07 00:00:00,2010-07-07 00:00:00,15,2010-07-07 00:00:00,14.5,14.75,105,192300,2825550,2010-07-07 00:00:00,1
2010-07-08 00:00:00,2010-07-08 00:00:00,15.75,2010-07-08 00:00:00,14,15,61,139800,2091775,2010-07-08 00:00:00,1
2010-07-09 00:00:00,2010-07-09 00:00:00,15.5,2010-07-09 00:00:00,15,15,57,87900,1320025,2010-07-09 00:00:00,1
2010-07-12 00:00:00,2010-07-12 00:00:00,15.25,2010-07-12 00:00:00,14.5,15,29,42000,628125,2010-07-12 00:00:00,1
2010-07-13 00:00:00,2010-07-13 00:00:00,16.25,2010-07-13 00:00:00,14.5,15.25,135,380100,5942875,2010-07-13 00:00:00,1
2010-07-14 00:00:00,2010-07-14 00:00:00,15.75,2010-07-14 00:00:00,15.25,15.5,68,157400,2437900,2010-07-14 00:00:00,1
2010-07-15 00:00:00,2010-07-15 00:00:00,16.25,2010-07-15 00:00:00,15.75,15.75,98,385000,6107900,2010-07-15 00:00:00,1
2010-07-16 00:00:00,2010-07-16 00:00:00,16.5,2010-07-16 00:00:00,15.75,16,140,579800,9238600,2010-07-16 00:00:00,1
2010-07-19 00:00:00,2010-07-19 00:00:00,18.25,2010-07-19 00:00:00,16,17.25,858,4020000,69598425,2010-07-19 00:00:00,1
2010-07-20 00:00:00,2010-07-20 00:00:00,17.75,2010-07-20 00:00:00,17,17,204,511700,8796225,2010-07-20 00:00:00,1
2010-07-21 00:00:00,2010-07-21 00:00:00,17.25,2010-07-21 00:00:00,16.5,17,115,475900,7996400,2010-07-21 00:00:00,1
2010-07-22 00:00:00,2010-07-22 00:00:00,16.75,2010-07-22 00:00:00,16.25,16.5,52,113600,1873750,2010-07-22 00:00:00,1
2010-07-23 00:00:00,2010-07-23 00:00:00,16.75,2010-07-23 00:00:00,15.5,15.75,100,255300,4047450,2010-07-23 00:00:00,1
2010-07-26 00:00:00,2010-07-26 00:00:00,16.5,2010-07-26 00:00:00,15.75,16.25,38,81900,1305350,2010-07-26 00:00:00,1
2010-07-27 00:00:00,2010-07-27 00:00:00,16.25,2010-07-27 00:00:00,15.75,16,59,187400,2987525,2010-07-27 00:00:00,1
2010-07-28 00:00:00,2010-07-28 00:00:00,16,2010-07-28 00:00:00,15.5,15.75,59,145000,2272975,2010-07-28 00:00:00,1
2010-07-29 00:00:00,2010-07-29 00:00:00,16,2010-07-29 00:00:00,15.25,15.5,91,204000,3149725,2010-07-29 00:00:00,1
2010-07-30 00:00:00,2010-07-30 00:00:00,16.75,2010-07-30 00:00:00,15,16.25,193,606000,9559475,2010-07-30 00:00:00,1
2010-08-02 00:00:00,2010-08-02 00:00:00,17.5,2010-08-02 00:00:00,16.5,17,398,2354700,40196540,2010-08-02 00:00:00,1
2010-08-03 00:00:00,2010-08-03 00:00:00,24.2,2010-08-03 00:00:00,17.2,20.4,3036,13724300,285446160,2010-08-03 00:00:00,1
2010-08-04 00:00:00,2010-08-04 00:00:00,22.5,2010-08-04 00:00:00,18.5,21,917,2605900,54696830,2010-08-04 00:00:00,1
2010-08-05 00:00:00,2010-08-05 00:00:00,22,2010-08-05 00:00:00,18.9,19.6,769,2142200,41533840,2010-08-05 00:00:00,1
2010-08-06 00:00:00,2010-08-06 00:00:00,20.5,2010-08-06 00:00:00,19,19.3,431,1021500,20035960,2010-08-06 00:00:00,1
2010-08-09 00:00:00,2010-08-09 00:00:00,19.3,2010-08-09 00:00:00,17.4,17.4,339,1118200,19672300,2010-08-09 00:00:00,1
2010-08-10 00:00:00,2010-08-10 00:00:00,19.1,2010-08-10 00:00:00,15.7,19.1,437,1598100,28034390,2010-08-10 00:00:00,1
2010-08-11 00:00:00,2010-08-11 00:00:00,21,2010-08-11 00:00:00,19,19.2,905,2284700,46286600,2010-08-11 00:00:00,1
2010-08-12 00:00:00,2010-08-12 00:00:00,19.9,2010-08-12 00:00:00,18.9,19.4,176,286800,5512390,2010-08-12 00:00:00,1
2010-08-13 00:00:00,2010-08-13 00:00:00,20.5,2010-08-13 00:00:00,19.1,20.1,394,1107300,22039830,2010-08-13 00:00:00,1
2010-08-16 00:00:00,2010-08-16 00:00:00,20.8,2010-08-16 00:00:00,19.5,19.9,194,446300,8909720,2010-08-16 00:00:00,1
2010-08-17 00:00:00,2010-08-17 00:00:00,20.2,2010-08-17 00:00:00,19.9,20,253,552900,11065320,2010-08-17 00:00:00,1
2010-08-18 00:00:00,2010-08-18 00:00:00,20.1,2010-08-18 00:00:00,19.5,19.7,258,625400,12434410,2010-08-18 00:00:00,1
2010-08-19 00:00:00,2010-08-19 00:00:00,20.8,2010-08-19 00:00:00,19.5,19.8,294,623400,12410170,2010-08-19 00:00:00,1
2010-08-20 00:00:00,2010-08-20 00:00:00,20,2010-08-20 00:00:00,19,19.5,169,350600,6809610,2010-08-20 00:00:00,1
2010-08-23 00:00:00,2010-08-23 00:00:00,19.2,2010-08-23 00:00:00,18.8,19,285,734900,13934870,2010-08-23 00:00:00,1
2010-08-25 00:00:00,2010-08-25 00:00:00,19.6,2010-08-25 00:00:00,18.7,19.3,260,648600,12455710,2010-08-25 00:00:00,1
2010-08-26 00:00:00,2010-08-26 00:00:00,19.5,2010-08-26 00:00:00,18.9,18.9,90,153700,2916920,2010-08-26 00:00:00,1
2010-08-27 00:00:00,2010-08-27 00:00:00,19.6,2010-08-27 00:00:00,18.7,19,169,356200,6833010,2010-08-27 00:00:00,1
2010-08-30 00:00:00,2010-08-30 00:00:00,20,2010-08-30 00:00:00,18.9,19,170,376600,7163890,2010-08-30 00:00:00,1
2010-08-31 00:00:00,2010-08-31 00:00:00,19.5,2010-08-31 00:00:00,18.7,18.9,124,271700,5146820,2010-08-31 00:00:00,1
2010-09-01 00:00:00,2010-09-01 00:00:00,20,2010-09-01 00:00:00,18.9,19.6,349,1023100,20071430,2010-09-01 00:00:00,1
2010-09-02 00:00:00,2010-09-02 00:00:00,21.5,2010-09-02 00:00:00,19.6,21.5,702,2237600,47292790,2010-09-02 00:00:00,1
2010-09-03 00:00:00,2010-09-03 00:00:00,23.6,2010-09-03 00:00:00,23,23.6,727,2346300,55277720,2010-09-03 00:00:00,1
2010-09-06 00:00:00,2010-09-06 00:00:00,25.9,2010-09-06 00:00:00,22.5,23,1102,3067600,72752590,2010-09-06 00:00:00,1
2010-09-07 00:00:00,2010-09-07 00:00:00,23.5,2010-09-07 00:00:00,22,22.7,293,625400,14229980,2010-09-07 00:00:00,1
2010-09-08 00:00:00,2010-09-08 00:00:00,24.3,2010-09-08 00:00:00,22.7,23.5,578,1578900,37033960,2010-09-08 00:00:00,1
2010-09-09 00:00:00,2010-09-09 00:00:00,24.2,2010-09-09 00:00:00,22.9,23.5,297,868700,20351090,2010-09-09 00:00:00,1
2010-09-13 00:00:00,2010-09-13 00:00:00,24.2,2010-09-13 00:00:00,23,23.1,244,641000,14945290,2010-09-13 00:00:00,1
2010-09-14 00:00:00,2010-09-14 00:00:00,23.4,2010-09-14 00:00:00,22,22.6,204,516300,11693730,2010-09-14 00:00:00,1
2010-09-15 00:00:00,2010-09-15 00:00:00,23.3,2010-09-15 00:00:00,22,23,278,818600,18654140,2010-09-15 00:00:00,1
2010-09-16 00:00:00,2010-09-16 00:00:00,23.5,2010-09-16 00:00:00,22.7,23,124,359200,8281070,2010-09-16 00:00:00,1
2010-09-17 00:00:00,2010-09-17 00:00:00,23.7,2010-09-17 00:00:00,22.9,23.2,189,468700,10930410,2010-09-17 00:00:00,1
2010-09-20 00:00:00,2010-09-20 00:00:00,23.4,2010-09-20 00:00:00,22.3,22.6,112,358700,8174920,2010-09-20 00:00:00,1
2010-09-21 00:00:00,2010-09-21 00:00:00,23.6,2010-09-21 00:00:00,22.3,22.9,259,929600,21454860,2010-09-21 00:00:00,1
2010-09-23 00:00:00,2010-09-23 00:00:00,23.7,2010-09-23 00:00:00,22.8,23,231,677300,15703840,2010-09-23 00:00:00,1
2010-09-24 00:00:00,2010-09-24 00:00:00,23.5,2010-09-24 00:00:00,22.6,22.9,132,360700,8252240,2010-09-24 00:00:00,1
2010-09-27 00:00:00,2010-09-27 00:00:00,23.2,2010-09-27 00:00:00,22.4,22.6,149,286500,6534080,2010-09-27 00:00:00,1
2010-09-28 00:00:00,2010-09-28 00:00:00,23.3,2010-09-28 00:00:00,22,23,152,621000,14212900,2010-09-28 00:00:00,1
2010-09-29 00:00:00,2010-09-29 00:00:00,23.8,2010-09-29 00:00:00,22.5,22.7,121,286400,6613310,2010-09-29 00:00:00,1
2010-09-30 00:00:00,2010-09-30 00:00:00,23,2010-09-30 00:00:00,22.4,22.5,79,123900,2804830,2010-09-30 00:00:00,1
2010-10-01 00:00:00,2010-10-01 00:00:00,23,2010-10-01 00:00:00,22,22.3,181,263700,5870580,2010-10-01 00:00:00,1
2010-10-04 00:00:00,2010-10-04 00:00:00,22.5,2010-10-04 00:00:00,21,21.1,131,314400,6650520,2010-10-04 00:00:00,1
2010-10-05 00:00:00,2010-10-05 00:00:00,21,2010-10-05 00:00:00,20,20.6,95,192600,3978810,2010-10-05 00:00:00,1
2010-10-06 00:00:00,2010-10-06 00:00:00,20.5,2010-10-06 00:00:00,19.1,20,159,538900,10688830,2010-10-06 00:00:00,1
2010-10-07 00:00:00,2010-10-07 00:00:00,20.4,2010-10-07 00:00:00,18.1,18.9,117,179100,3434320,2010-10-07 00:00:00,1
2010-10-08 00:00:00,2010-10-08 00:00:00,19.8,2010-10-08 00:00:00,18,19.5,176,272800,5154690,2010-10-08 00:00:00,1
2010-10-11 00:00:00,2010-10-11 00:00:00,19.6,2010-10-11 00:00:00,18.7,18.8,53,102600,1953360,2010-10-11 00:00:00,1
2010-10-12 00:00:00,2010-10-12 00:00:00,18.4,2010-10-12 00:00:00,16,16.3,145,334100,5750950,2010-10-12 00:00:00,1
2010-10-13 00:00:00,2010-10-13 00:00:00,17.1,2010-10-13 00:00:00,15.1,17,143,348200,5726000,2010-10-13 00:00:00,1
2010-10-14 00:00:00,2010-10-14 00:00:00,17.9,2010-10-14 00:00:00,16.9,17.1,132,180200,3110410,2010-10-14 00:00:00,1
2010-10-15 00:00:00,2010-10-15 00:00:00,17.2,2010-10-15 00:00:00,15.8,16.6,95,135700,2225900,2010-10-15 00:00:00,1
2010-10-18 00:00:00,2010-10-18 00:00:00,17,2010-10-18 00:00:00,15.9,16.1,73,99800,1613010,2010-10-18 00:00:00,1
2010-10-19 00:00:00,2010-10-19 00:00:00,17.2,2010-10-19 00:00:00,16.1,16.6,64,105000,1734440,2010-10-19 00:00:00,1
2010-10-20 00:00:00,2010-10-20 00:00:00,17.4,2010-10-20 00:00:00,16.1,16.5,29,47500,788420,2010-10-20 00:00:00,1
2010-10-21 00:00:00,2010-10-21 00:00:00,16.9,2010-10-21 00:00:00,15.9,16,63,142200,2289960,2010-10-21 00:00:00,1
2010-10-25 00:00:00,2010-10-25 00:00:00,16.8,2010-10-25 00:00:00,15.9,15.9,35,51200,824120,2010-10-25 00:00:00,1
2010-10-26 00:00:00,2010-10-26 00:00:00,16,2010-10-26 00:00:00,15.8,15.9,42,54100,860740,2010-10-26 00:00:00,1
2010-10-27 00:00:00,2010-10-27 00:00:00,16,2010-10-27 00:00:00,15.1,15.3,55,152800,2364770,2010-10-27 00:00:00,1
2010-10-28 00:00:00,2010-10-28 00:00:00,15.9,2010-10-28 00:00:00,15,15.1,42,57600,872090,2010-10-28 00:00:00,1
2010-10-29 00:00:00,2010-10-29 00:00:00,16,2010-10-29 00:00:00,15,15.6,42,76100,1191110,2010-10-29 00:00:00,1
2010-11-01 00:00:00,2010-11-01 00:00:00,17.9,2010-11-01 00:00:00,15,16.7,253,672300,11131020,2010-11-01 00:00:00,1
2010-11-02 00:00:00,2010-11-02 00:00:00,17.3,2010-11-02 00:00:00,16.9,17.1,134,227900,3891540,2010-11-02 00:00:00,1
2010-11-03 00:00:00,2010-11-03 00:00:00,19,2010-11-03 00:00:00,17.5,17.7,464,974500,17735870,2010-11-03 00:00:00,1
2010-11-04 00:00:00,2010-11-04 00:00:00,17.6,2010-11-04 00:00:00,17,17.1,61,66700,1142890,2010-11-04 00:00:00,1
2010-11-08 00:00:00,2010-11-08 00:00:00,17.4,2010-11-08 00:00:00,16.8,17,47,72600,1239140,2010-11-08 00:00:00,1
2010-11-09 00:00:00,2010-11-09 00:00:00,17,2010-11-09 00:00:00,16.5,16.5,34,35500,589380,2010-11-09 00:00:00,1
2010-11-10 00:00:00,2010-11-10 00:00:00,17,2010-11-10 00:00:00,16,16.3,38,55900,914030,2010-11-10 00:00:00,1
2010-11-11 00:00:00,2010-11-11 00:00:00,16.5,2010-11-11 00:00:00,16.5,16.5,5,4800,79200,2010-11-11 00:00:00,1
2010-11-12 00:00:00,2010-11-12 00:00:00,17,2010-11-12 00:00:00,16.5,16.5,27,26000,431920,2010-11-12 00:00:00,1
2010-11-15 00:00:00,2010-11-15 00:00:00,16.7,2010-11-15 00:00:00,15.5,15.6,57,118800,1880360,2010-11-15 00:00:00,1
2010-11-16 00:00:00,2010-11-16 00:00:00,15.6,2010-11-16 00:00:00,15.3,15.5,26,62400,964400,2010-11-16 00:00:00,1
2010-11-18 00:00:00,2010-11-18 00:00:00,17.5,2010-11-18 00:00:00,16,16.6,18,28500,469190,2010-11-18 00:00:00,1
2010-11-22 00:00:00,2010-11-22 00:00:00,19.1,2010-11-22 00:00:00,16.5,18.5,372,975200,18011120,2010-11-22 00:00:00,1
2010-11-23 00:00:00,2010-11-23 00:00:00,19,2010-11-23 00:00:00,17,17.5,132,369600,6531830,2010-11-23 00:00:00,1
2010-11-24 00:00:00,2010-11-24 00:00:00,18.7,2010-11-24 00:00:00,17.3,17.5,111,187000,3349700,2010-11-24 00:00:00,1
2010-11-25 00:00:00,2010-11-25 00:00:00,17.8,2010-11-25 00:00:00,17,17,39,94200,1611420,2010-11-25 00:00:00,1
2010-11-26 00:00:00,2010-11-26 00:00:00,18,2010-11-26 00:00:00,17,17.2,77,181800,3185580,2010-11-26 00:00:00,1
2010-11-29 00:00:00,2010-11-29 00:00:00,17.7,2010-11-29 00:00:00,17,17.2,24,64200,1110290,2010-11-29 00:00:00,1
2010-11-30 00:00:00,2010-11-30 00:00:00,18.2,2010-11-30 00:00:00,17.4,17.7,77,149800,2655040,2010-11-30 00:00:00,1
2010-12-01 00:00:00,2010-12-01 00:00:00,18.5,2010-12-01 00:00:00,18,18.3,84,106500,1938230,2010-12-01 00:00:00,1
2010-12-02 00:00:00,2010-12-02 00:00:00,18.5,2010-12-02 00:00:00,17.7,18,37,61500,1120540,2010-12-02 00:00:00,1
2010-12-03 00:00:00,2010-12-03 00:00:00,18.4,2010-12-03 00:00:00,17.8,18.3,88,230600,4180830,2010-12-03 00:00:00,1
2010-12-06 00:00:00,2010-12-06 00:00:00,17.9,2010-12-06 00:00:00,17.8,17.9,20,17400,311250,2010-12-06 00:00:00,1
2010-12-07 00:00:00,2010-12-07 00:00:00,18.6,2010-12-07 00:00:00,17.8,18.2,25,47800,873280,2010-12-07 00:00:00,1
2010-12-08 00:00:00,2010-12-08 00:00:00,19.3,2010-12-08 00:00:00,17.5,18.9,200,577400,10753070,2010-12-08 00:00:00,1
2010-12-09 00:00:00,2010-12-09 00:00:00,23.1,2010-12-09 00:00:00,19,22.8,1898,4802300,105703590,2010-12-09 00:00:00,1
2010-12-10 00:00:00,2010-12-10 00:00:00,23.5,2010-12-10 00:00:00,21.1,21.5,879,2140400,48157470,2010-12-10 00:00:00,1
2010-12-13 00:00:00,2010-12-13 00:00:00,22.5,2010-12-13 00:00:00,21.1,21.4,207,514300,11132860,2010-12-13 00:00:00,1
2010-12-14 00:00:00,2010-12-14 00:00:00,22.6,2010-12-14 00:00:00,20.5,22.2,465,820500,18009280,2010-12-14 00:00:00,1
2010-12-15 00:00:00,2010-12-15 00:00:00,23.4,2010-12-15 00:00:00,22.3,23.2,959,2134000,49171920,2010-12-15 00:00:00,1
2010-12-16 00:00:00,2010-12-16 00:00:00,23.4,2010-12-16 00:00:00,17.2,19.1,1491,3798500,76733910,2010-12-16 00:00:00,1
2010-12-17 00:00:00,2010-12-17 00:00:00,18.5,2010-12-17 00:00:00,16.6,18.3,748,1320000,23073380,2010-12-17 00:00:00,1
2010-12-21 00:00:00,2010-12-21 00:00:00,18.9,2010-12-21 00:00:00,17.6,18.4,296,394200,7242540,2010-12-21 00:00:00,1
2010-12-22 00:00:00,2010-12-22 00:00:00,18.5,2010-12-22 00:00:00,17.5,17.7,168,323300,5755550,2010-12-22 00:00:00,1
2010-12-23 00:00:00,2010-12-23 00:00:00,18,2010-12-23 00:00:00,17.4,17.5,210,405700,7175940,2010-12-23 00:00:00,1
2010-12-24 00:00:00,2010-12-24 00:00:00,17.9,2010-12-24 00:00:00,17.5,17.5,34,63800,1118320,2010-12-24 00:00:00,1
2010-12-27 00:00:00,2010-12-27 00:00:00,18,2010-12-27 00:00:00,17.5,17.6,83,119700,2115770,2010-12-27 00:00:00,1
2010-12-28 00:00:00,2010-12-28 00:00:00,18,2010-12-28 00:00:00,17.3,17.4,82,222000,3877380,2010-12-28 00:00:00,1
2010-12-29 00:00:00,2010-12-29 00:00:00,17.9,2010-12-29 00:00:00,17.2,17.2,114,152300,2633830,2010-12-29 00:00:00,1
2010-12-30 00:00:00,2010-12-30 00:00:00,18,2010-12-30 00:00:00,16.6,17.7,117,276400,4782770,2010-12-30 00:00:00,1
2010-12-31 00:00:00,2010-12-31 00:00:00,17.5,2010-12-31 00:00:00,16.8,17.3,104,152000,2610990,2010-12-31 00:00:00,1
Company Id :  CTBL,,Security Type :  N,,Sub Type :  0000,,,,,,
Short Name :  CEYLON TEA BRKRS,,,,,,,,,,
Day,Date High,High,Date Low,Low,Closing,No. of Trades,No. of Shares,Turnover,Last Traded,Days Traded
2010-03-16 00:00:00,2010-03-16 00:00:00,5.25,2010-03-16 00:00:00,3.2,4.5,4055,18544900,85339425,2010-03-16 00:00:00,1
2010-03-17 00:00:00,2010-03-17 00:00:00,4.8,2010-03-17 00:00:00,4.2,4.3,492,2391800,10726980,2010-03-17 00:00:00,1
2010-03-18 00:00:00,2010-03-18 00:00:00,4.3,2010-03-18 00:00:00,3.8,3.9,250,723500,2884010,2010-03-18 00:00:00,1
2010-03-19 00:00:00,2010-03-19 00:00:00,3.9,2010-03-19 00:00:00,3.7,3.9,73,136200,520310,2010-03-19 00:00:00,1
2010-03-22 00:00:00,2010-03-22 00:00:00,3.8,2010-03-22 00:00:00,3.6,3.6,97,277500,1002380,2010-03-22 00:00:00,1
2010-03-23 00:00:00,2010-03-23 00:00:00,4,2010-03-23 00:00:00,3.6,3.6,55,97100,350520,2010-03-23 00:00:00,1
2010-03-24 00:00:00,2010-03-24 00:00:00,3.7,2010-03-24 00:00:00,3.6,3.6,34,85000,306110,2010-03-24 00:00:00,1
2010-03-25 00:00:00,2010-03-25 00:00:00,3.7,2010-03-25 00:00:00,3.5,3.5,30,85700,306030,2010-03-25 00:00:00,1
2010-03-26 00:00:00,2010-03-26 00:00:00,4,2010-03-26 00:00:00,3.5,3.9,165,1044600,3999130,2010-03-26 00:00:00,1
2010-03-30 00:00:00,2010-03-30 00:00:00,3.8,2010-03-30 00:00:00,3.7,3.7,15,38900,144600,2010-03-30 00:00:00,1
2010-03-31 00:00:00,2010-03-31 00:00:00,3.8,2010-03-31 00:00:00,3.7,3.7,13,28100,105970,2010-03-31 00:00:00,1
2010-04-01 00:00:00,2010-04-01 00:00:00,3.8,2010-04-01 00:00:00,3.7,3.7,22,21300,79460,2010-04-01 00:00:00,1
2010-04-05 00:00:00,2010-04-05 00:00:00,3.8,2010-04-05 00:00:00,3.6,3.8,46,129200,481740,2010-04-05 00:00:00,1
2010-04-06 00:00:00,2010-04-06 00:00:00,3.8,2010-04-06 00:00:00,3.7,3.7,42,122200,457030,2010-04-06 00:00:00,1
2010-04-07 00:00:00,2010-04-07 00:00:00,3.9,2010-04-07 00:00:00,3.8,3.8,47,110300,420020,2010-04-07 00:00:00,1
2010-04-08 00:00:00,2010-04-08 00:00:00,3.9,2010-04-08 00:00:00,3.7,3.8,20,29900,113840,2010-04-08 00:00:00,1
2010-04-12 00:00:00,2010-04-12 00:00:00,4.2,2010-04-12 00:00:00,3.9,3.9,134,477600,1930670,2010-04-12 00:00:00,1
2010-04-15 00:00:00,2010-04-15 00:00:00,4,2010-04-15 00:00:00,3.8,3.8,14,55300,215360,2010-04-15 00:00:00,1
2010-04-16 00:00:00,2010-04-16 00:00:00,3.9,2010-04-16 00:00:00,3.9,3.9,16,106300,414570,2010-04-16 00:00:00,1
2010-04-19 00:00:00,2010-04-19 00:00:00,4.5,2010-04-19 00:00:00,4,4.1,228,900500,3789050,2010-04-19 00:00:00,1
2010-04-20 00:00:00,2010-04-20 00:00:00,4.5,2010-04-20 00:00:00,4.1,4.2,170,962000,4149450,2010-04-20 00:00:00,1
2010-04-21 00:00:00,2010-04-21 00:00:00,4.2,2010-04-21 00:00:00,4.1,4.2,18,39100,160670,2010-04-21 00:00:00,1
2010-04-22 00:00:00,2010-04-22 00:00:00,4.3,2010-04-22 00:00:00,4.1,4.1,26,83800,350480,2010-04-22 00:00:00,1
2010-04-23 00:00:00,2010-04-23 00:00:00,4.2,2010-04-23 00:00:00,4.1,4.1,35,76200,315480,2010-04-23 00:00:00,1
2010-04-26 00:00:00,2010-04-26 00:00:00,4.3,2010-04-26 00:00:00,4.1,4.1,31,88900,370470,2010-04-26 00:00:00,1
2010-04-27 00:00:00,2010-04-27 00:00:00,4.2,2010-04-27 00:00:00,4.1,4.1,42,110000,451110,2010-04-27 00:00:00,1
2010-04-29 00:00:00,2010-04-29 00:00:00,4.4,2010-04-29 00:00:00,4.1,4.4,101,531100,2272240,2010-04-29 00:00:00,1
2010-04-30 00:00:00,2010-04-30 00:00:00,4.3,2010-04-30 00:00:00,4.2,4.2,32,49700,209940,2010-04-30 00:00:00,1
2010-05-03 00:00:00,2010-05-03 00:00:00,4.3,2010-05-03 00:00:00,4.2,4.2,39,145600,611870,2010-05-03 00:00:00,1
2010-05-04 00:00:00,2010-05-04 00:00:00,4.2,2010-05-04 00:00:00,4.1,4.1,45,160700,659220,2010-05-04 00:00:00,1
2010-05-05 00:00:00,2010-05-05 00:00:00,4.2,2010-05-05 00:00:00,4,4.1,41,121900,499730,2010-05-05 00:00:00,1
2010-05-06 00:00:00,2010-05-06 00:00:00,4.1,2010-05-06 00:00:00,4,4,53,166200,668910,2010-05-06 00:00:00,1
2010-05-07 00:00:00,2010-05-07 00:00:00,4.7,2010-05-07 00:00:00,4,4.5,268,2269800,10128520,2010-05-07 00:00:00,1
2010-05-10 00:00:00,2010-05-10 00:00:00,4.5,2010-05-10 00:00:00,4.3,4.3,23,45800,203940,2010-05-10 00:00:00,1
2010-05-11 00:00:00,2010-05-11 00:00:00,4.4,2010-05-11 00:00:00,4.3,4.3,35,68600,298530,2010-05-11 00:00:00,1
2010-05-12 00:00:00,2010-05-12 00:00:00,4.4,2010-05-12 00:00:00,4.3,4.3,46,50900,219050,2010-05-12 00:00:00,1
2010-05-13 00:00:00,2010-05-13 00:00:00,4.4,2010-05-13 00:00:00,4.2,4.2,40,198800,850730,2010-05-13 00:00:00,1
2010-05-14 00:00:00,2010-05-14 00:00:00,4.4,2010-05-14 00:00:00,4.3,4.3,23,352400,1546830,2010-05-14 00:00:00,1
2010-05-17 00:00:00,2010-05-17 00:00:00,4.4,2010-05-17 00:00:00,4.3,4.3,25,78300,344340,2010-05-17 00:00:00,1
2010-05-18 00:00:00,2010-05-18 00:00:00,4.7,2010-05-18 00:00:00,4.4,4.5,164,1819600,8206050,2010-05-18 00:00:00,1
2010-05-19 00:00:00,2010-05-19 00:00:00,4.6,2010-05-19 00:00:00,4.4,4.4,44,118800,528280,2010-05-19 00:00:00,1
2010-05-20 00:00:00,2010-05-20 00:00:00,4.5,2010-05-20 00:00:00,4.4,4.4,23,43600,191890,2010-05-20 00:00:00,1
2010-05-21 00:00:00,2010-05-21 00:00:00,4.4,2010-05-21 00:00:00,4.4,4.4,6,3700,16280,2010-05-21 00:00:00,1
2010-05-24 00:00:00,2010-05-24 00:00:00,4.4,2010-05-24 00:00:00,4.3,4.3,16,129400,557920,2010-05-24 00:00:00,1
2010-05-25 00:00:00,2010-05-25 00:00:00,4.4,2010-05-25 00:00:00,4.2,4.2,23,62800,265040,2010-05-25 00:00:00,1
2010-05-26 00:00:00,2010-05-26 00:00:00,4.3,2010-05-26 00:00:00,4.2,4.2,13,15100,63730,2010-05-26 00:00:00,1
2010-05-31 00:00:00,2010-05-31 00:00:00,4.3,2010-05-31 00:00:00,4.2,4.2,15,24700,104950,2010-05-31 00:00:00,1
2010-06-01 00:00:00,2010-06-01 00:00:00,4.3,2010-06-01 00:00:00,4.2,4.2,17,39300,165150,2010-06-01 00:00:00,1
2010-06-02 00:00:00,2010-06-02 00:00:00,4.2,2010-06-02 00:00:00,4.2,4.2,9,23400,98280,2010-06-02 00:00:00,1
2010-06-03 00:00:00,2010-06-03 00:00:00,4.3,2010-06-03 00:00:00,4.2,4.3,23,36500,154350,2010-06-03 00:00:00,1
2010-06-04 00:00:00,2010-06-04 00:00:00,4.3,2010-06-04 00:00:00,4.2,4.2,13,106300,446470,2010-06-04 00:00:00,1
2010-06-07 00:00:00,2010-06-07 00:00:00,4.3,2010-06-07 00:00:00,4.1,4.3,28,83200,350250,2010-06-07 00:00:00,1
2010-06-08 00:00:00,2010-06-08 00:00:00,4.3,2010-06-08 00:00:00,4.2,4.3,20,39500,169830,2010-06-08 00:00:00,1
2010-06-09 00:00:00,2010-06-09 00:00:00,4.4,2010-06-09 00:00:00,4.2,4.2,30,109300,459740,2010-06-09 00:00:00,1
2010-06-10 00:00:00,2010-06-10 00:00:00,4.3,2010-06-10 00:00:00,4.2,4.2,17,41200,173270,2010-06-10 00:00:00,1
2010-06-11 00:00:00,2010-06-11 00:00:00,4.2,2010-06-11 00:00:00,4.1,4.2,30,61000,256000,2010-06-11 00:00:00,1
2010-06-14 00:00:00,2010-06-14 00:00:00,4.3,2010-06-14 00:00:00,4.1,4.2,20,34100,143260,2010-06-14 00:00:00,1
2010-06-15 00:00:00,2010-06-15 00:00:00,4.2,2010-06-15 00:00:00,4.2,4.2,7,9500,39900,2010-06-15 00:00:00,1
2010-06-16 00:00:00,2010-06-16 00:00:00,4.3,2010-06-16 00:00:00,4.2,4.2,19,94900,400080,2010-06-16 00:00:00,1
2010-06-17 00:00:00,2010-06-17 00:00:00,4.2,2010-06-17 00:00:00,4.2,4.2,12,12100,50820,2010-06-17 00:00:00,1
2010-06-21 00:00:00,2010-06-21 00:00:00,4.2,2010-06-21 00:00:00,4.2,4.2,19,27600,115920,2010-06-21 00:00:00,1
2010-06-22 00:00:00,2010-06-22 00:00:00,4.3,2010-06-22 00:00:00,4,4,86,513800,2085010,2010-06-22 00:00:00,1
2010-06-23 00:00:00,2010-06-23 00:00:00,4.2,2010-06-23 00:00:00,4.1,4.1,12,24000,99440,2010-06-23 00:00:00,1
2010-06-24 00:00:00,2010-06-24 00:00:00,4.2,2010-06-24 00:00:00,4.1,4.2,8,9500,39350,2010-06-24 00:00:00,1
2010-06-28 00:00:00,2010-06-28 00:00:00,4.1,2010-06-28 00:00:00,4,4.1,20,23500,96200,2010-06-28 00:00:00,1
2010-06-29 00:00:00,2010-06-29 00:00:00,4.3,2010-06-29 00:00:00,4.1,4.1,25,113500,474880,2010-06-29 00:00:00,1
2010-06-30 00:00:00,2010-06-30 00:00:00,4.3,2010-06-30 00:00:00,4.1,4.2,27,40600,170550,2010-06-30 00:00:00,1
2010-07-01 00:00:00,2010-07-01 00:00:00,4.3,2010-07-01 00:00:00,4.2,4.2,9,18700,78940,2010-07-01 00:00:00,1
2010-07-02 00:00:00,2010-07-02 00:00:00,4.6,2010-07-02 00:00:00,4.2,4.4,174,984400,4354250,2010-07-02 00:00:00,1
2010-07-05 00:00:00,2010-07-05 00:00:00,4.5,2010-07-05 00:00:00,4.3,4.4,39,168900,736190,2010-07-05 00:00:00,1
2010-07-06 00:00:00,2010-07-06 00:00:00,4.5,2010-07-06 00:00:00,4.3,4.3,34,131300,578700,2010-07-06 00:00:00,1
2010-07-07 00:00:00,2010-07-07 00:00:00,4.3,2010-07-07 00:00:00,4.2,4.2,19,131000,554000,2010-07-07 00:00:00,1
2010-07-08 00:00:00,2010-07-08 00:00:00,4.1,2010-07-08 00:00:00,4.1,4.1,2,200,820,2010-07-08 00:00:00,1
2010-07-09 00:00:00,2010-07-09 00:00:00,4.3,2010-07-09 00:00:00,4.1,4.1,22,492300,2115780,2010-07-09 00:00:00,1
2010-07-12 00:00:00,2010-07-12 00:00:00,4.3,2010-07-12 00:00:00,4.1,4.2,13,14300,59940,2010-07-12 00:00:00,1
2010-07-13 00:00:00,2010-07-13 00:00:00,4.3,2010-07-13 00:00:00,4.1,4.2,11,23800,99350,2010-07-13 00:00:00,1
2010-07-14 00:00:00,2010-07-14 00:00:00,4.4,2010-07-14 00:00:00,4.2,4.3,22,62400,268170,2010-07-14 00:00:00,1
2010-07-15 00:00:00,2010-07-15 00:00:00,4.3,2010-07-15 00:00:00,4.2,4.2,15,88400,371330,2010-07-15 00:00:00,1
2010-07-16 00:00:00,2010-07-16 00:00:00,4.4,2010-07-16 00:00:00,4.1,4.3,30,192900,831270,2010-07-16 00:00:00,1
2010-07-19 00:00:00,2010-07-19 00:00:00,4.4,2010-07-19 00:00:00,4.1,4.2,29,87500,368480,2010-07-19 00:00:00,1
2010-07-20 00:00:00,2010-07-20 00:00:00,4.3,2010-07-20 00:00:00,4.2,4.3,9,11800,49630,2010-07-20 00:00:00,1
2010-07-21 00:00:00,2010-07-21 00:00:00,4.3,2010-07-21 00:00:00,4.2,4.3,24,94100,403810,2010-07-21 00:00:00,1
2010-07-22 00:00:00,2010-07-22 00:00:00,4.3,2010-07-22 00:00:00,4.2,4.2,11,108900,458170,2010-07-22 00:00:00,1
2010-07-23 00:00:00,2010-07-23 00:00:00,4.3,2010-07-23 00:00:00,4.1,4.2,34,93400,389960,2010-07-23 00:00:00,1
2010-07-26 00:00:00,2010-07-26 00:00:00,4.4,2010-07-26 00:00:00,4.2,4.3,100,427100,1847140,2010-07-26 00:00:00,1
2010-07-27 00:00:00,2010-07-27 00:00:00,4.3,2010-07-27 00:00:00,4.2,4.2,28,120100,505290,2010-07-27 00:00:00,1
2010-07-28 00:00:00,2010-07-28 00:00:00,4.2,2010-07-28 00:00:00,4.1,4.2,13,42200,177160,2010-07-28 00:00:00,1
2010-07-29 00:00:00,2010-07-29 00:00:00,4.3,2010-07-29 00:00:00,4.1,4.2,21,80700,339130,2010-07-29 00:00:00,1
2010-07-30 00:00:00,2010-07-30 00:00:00,4.3,2010-07-30 00:00:00,4.1,4.2,11,18700,78400,2010-07-30 00:00:00,1
2010-08-02 00:00:00,2010-08-02 00:00:00,4.2,2010-08-02 00:00:00,4.1,4.2,48,367600,1514860,2010-08-02 00:00:00,1
2010-08-03 00:00:00,2010-08-03 00:00:00,4.2,2010-08-03 00:00:00,4.1,4.2,17,24900,104300,2010-08-03 00:00:00,1
2010-08-04 00:00:00,2010-08-04 00:00:00,4.2,2010-08-04 00:00:00,4.1,4.1,11,66500,275110,2010-08-04 00:00:00,1
2010-08-05 00:00:00,2010-08-05 00:00:00,4.3,2010-08-05 00:00:00,4.1,4.1,29,144100,594210,2010-08-05 00:00:00,1
2010-08-06 00:00:00,2010-08-06 00:00:00,4.2,2010-08-06 00:00:00,4.1,4.1,21,52100,214620,2010-08-06 00:00:00,1
2010-08-09 00:00:00,2010-08-09 00:00:00,4,2010-08-09 00:00:00,3.8,3.9,35,88400,346620,2010-08-09 00:00:00,1
2010-08-10 00:00:00,2010-08-10 00:00:00,4.2,2010-08-10 00:00:00,3.7,4.2,38,76200,300910,2010-08-10 00:00:00,1
2010-08-11 00:00:00,2010-08-11 00:00:00,4.2,2010-08-11 00:00:00,4,4,27,65600,266570,2010-08-11 00:00:00,1
2010-08-12 00:00:00,2010-08-12 00:00:00,4.1,2010-08-12 00:00:00,3.9,4,23,44700,178000,2010-08-12 00:00:00,1
2010-08-13 00:00:00,2010-08-13 00:00:00,4.1,2010-08-13 00:00:00,4,4,31,80800,323720,2010-08-13 00:00:00,1
2010-08-16 00:00:00,2010-08-16 00:00:00,4.2,2010-08-16 00:00:00,4.1,4.1,7,16300,66850,2010-08-16 00:00:00,1
2010-08-17 00:00:00,2010-08-17 00:00:00,4.2,2010-08-17 00:00:00,4,4.1,7,19300,79010,2010-08-17 00:00:00,1
2010-08-18 00:00:00,2010-08-18 00:00:00,4.1,2010-08-18 00:00:00,4,4.1,14,22600,92560,2010-08-18 00:00:00,1
2010-08-19 00:00:00,2010-08-19 00:00:00,4.2,2010-08-19 00:00:00,4,4,15,53600,215970,2010-08-19 00:00:00,1
2010-08-20 00:00:00,2010-08-20 00:00:00,4.3,2010-08-20 00:00:00,4.1,4.2,67,262200,1104330,2010-08-20 00:00:00,1
2010-08-23 00:00:00,2010-08-23 00:00:00,4.3,2010-08-23 00:00:00,4.1,4.1,20,27100,114950,2010-08-23 00:00:00,1
2010-08-25 00:00:00,2010-08-25 00:00:00,4.3,2010-08-25 00:00:00,4.1,4.2,29,105600,443520,2010-08-25 00:00:00,1
2010-08-26 00:00:00,2010-08-26 00:00:00,4.2,2010-08-26 00:00:00,4.2,4.2,21,56300,236460,2010-08-26 00:00:00,1
2010-08-27 00:00:00,2010-08-27 00:00:00,4.2,2010-08-27 00:00:00,4.2,4.2,14,20000,84000,2010-08-27 00:00:00,1
2010-08-30 00:00:00,2010-08-30 00:00:00,4.3,2010-08-30 00:00:00,4.2,4.3,29,147000,627590,2010-08-30 00:00:00,1
2010-08-31 00:00:00,2010-08-31 00:00:00,4.3,2010-08-31 00:00:00,4.2,4.2,15,102300,429780,2010-08-31 00:00:00,1
2010-09-01 00:00:00,2010-09-01 00:00:00,4.2,2010-09-01 00:00:00,4.1,4.1,14,110500,458150,2010-09-01 00:00:00,1
2010-09-02 00:00:00,2010-09-02 00:00:00,4.1,2010-09-02 00:00:00,4,4,9,9400,38130,2010-09-02 00:00:00,1
2010-09-03 00:00:00,2010-09-03 00:00:00,4.3,2010-09-03 00:00:00,4.1,4.2,31,248500,1043480,2010-09-03 00:00:00,1
2010-09-06 00:00:00,2010-09-06 00:00:00,4.2,2010-09-06 00:00:00,4.1,4.1,23,21500,88240,2010-09-06 00:00:00,1
2010-09-07 00:00:00,2010-09-07 00:00:00,4.2,2010-09-07 00:00:00,4.1,4.2,33,95800,399700,2010-09-07 00:00:00,1
2010-09-08 00:00:00,2010-09-08 00:00:00,4.3,2010-09-08 00:00:00,4.1,4.2,39,238300,999530,2010-09-08 00:00:00,1
2010-09-09 00:00:00,2010-09-09 00:00:00,4.3,2010-09-09 00:00:00,4.1,4.2,13,28000,117460,2010-09-09 00:00:00,1
2010-09-13 00:00:00,2010-09-13 00:00:00,4.4,2010-09-13 00:00:00,4.1,4.2,35,158700,678290,2010-09-13 00:00:00,1
2010-09-14 00:00:00,2010-09-14 00:00:00,4.2,2010-09-14 00:00:00,4.1,4.1,27,83700,343820,2010-09-14 00:00:00,1
2010-09-15 00:00:00,2010-09-15 00:00:00,4.4,2010-09-15 00:00:00,4.2,4.2,35,204500,878850,2010-09-15 00:00:00,1
2010-09-16 00:00:00,2010-09-16 00:00:00,4.3,2010-09-16 00:00:00,4.2,4.3,19,169100,724350,2010-09-16 00:00:00,1
2010-09-17 00:00:00,2010-09-17 00:00:00,4.5,2010-09-17 00:00:00,4.3,4.4,76,729500,3228590,2010-09-17 00:00:00,1
2010-09-20 00:00:00,2010-09-20 00:00:00,4.4,2010-09-20 00:00:00,4.3,4.4,36,126800,553030,2010-09-20 00:00:00,1
2010-09-21 00:00:00,2010-09-21 00:00:00,4.4,2010-09-21 00:00:00,4.2,4.4,32,262700,1119920,2010-09-21 00:00:00,1
2010-09-23 00:00:00,2010-09-23 00:00:00,4.4,2010-09-23 00:00:00,4.2,4.2,21,91500,391580,2010-09-23 00:00:00,1
2010-09-24 00:00:00,2010-09-24 00:00:00,4.4,2010-09-24 00:00:00,4.2,4.3,26,111000,477470,2010-09-24 00:00:00,1
2010-09-27 00:00:00,2010-09-27 00:00:00,4.4,2010-09-27 00:00:00,4,4.1,56,229400,952410,2010-09-27 00:00:00,1
2010-09-28 00:00:00,2010-09-28 00:00:00,4.3,2010-09-28 00:00:00,4.1,4.1,14,34700,144790,2010-09-28 00:00:00,1
2010-09-29 00:00:00,2010-09-29 00:00:00,4.7,2010-09-29 00:00:00,4.2,4.5,178,1916200,8624450,2010-09-29 00:00:00,1
2010-09-30 00:00:00,2010-09-30 00:00:00,4.7,2010-09-30 00:00:00,4.1,4.3,136,583000,2584860,2010-09-30 00:00:00,1
2010-10-01 00:00:00,2010-10-01 00:00:00,4.6,2010-10-01 00:00:00,4.4,4.5,104,420900,1896670,2010-10-01 00:00:00,1
2010-10-04 00:00:00,2010-10-04 00:00:00,6.1,2010-10-04 00:00:00,4.6,5.8,1066,5809600,31831170,2010-10-04 00:00:00,1
2010-10-05 00:00:00,2010-10-05 00:00:00,5.3,2010-10-05 00:00:00,5.3,5.3,35,108500,575050,2010-10-05 00:00:00,1
2010-10-06 00:00:00,2010-10-06 00:00:00,4.8,2010-10-06 00:00:00,4.8,4.8,3,35400,169920,2010-10-06 00:00:00,1
2010-10-07 00:00:00,2010-10-07 00:00:00,4.7,2010-10-07 00:00:00,4.4,4.4,79,390100,1719740,2010-10-07 00:00:00,1
2010-10-08 00:00:00,2010-10-08 00:00:00,4.8,2010-10-08 00:00:00,4,4.8,64,400400,1840300,2010-10-08 00:00:00,1
2010-10-11 00:00:00,2010-10-11 00:00:00,5.2,2010-10-11 00:00:00,4.5,4.6,59,175800,835740,2010-10-11 00:00:00,1
2010-10-12 00:00:00,2010-10-12 00:00:00,4.8,2010-10-12 00:00:00,4.5,4.5,27,73600,331880,2010-10-12 00:00:00,1
2010-10-13 00:00:00,2010-10-13 00:00:00,4.6,2010-10-13 00:00:00,4.2,4.5,38,187100,808290,2010-10-13 00:00:00,1
2010-10-14 00:00:00,2010-10-14 00:00:00,4.8,2010-10-14 00:00:00,4.4,4.5,20,67400,299830,2010-10-14 00:00:00,1
2010-10-15 00:00:00,2010-10-15 00:00:00,4.7,2010-10-15 00:00:00,4.4,4.5,9,19000,84250,2010-10-15 00:00:00,1
2010-10-18 00:00:00,2010-10-18 00:00:00,4.6,2010-10-18 00:00:00,4.4,4.4,30,185000,833860,2010-10-18 00:00:00,1
2010-10-19 00:00:00,2010-10-19 00:00:00,4.6,2010-10-19 00:00:00,4.3,4.5,22,77500,348410,2010-10-19 00:00:00,1
2010-10-20 00:00:00,2010-10-20 00:00:00,4.6,2010-10-20 00:00:00,4.4,4.4,27,144700,644450,2010-10-20 00:00:00,1
2010-10-21 00:00:00,2010-10-21 00:00:00,4.5,2010-10-21 00:00:00,4.4,4.4,16,77900,342980,2010-10-21 00:00:00,1
2010-10-25 00:00:00,2010-10-25 00:00:00,4.5,2010-10-25 00:00:00,4.4,4.4,17,40300,177810,2010-10-25 00:00:00,1
2010-10-26 00:00:00,2010-10-26 00:00:00,4.4,2010-10-26 00:00:00,4.3,4.3,7,51800,222870,2010-10-26 00:00:00,1
2010-10-27 00:00:00,2010-10-27 00:00:00,4.3,2010-10-27 00:00:00,4.2,4.3,12,11500,49430,2010-10-27 00:00:00,1
2010-10-28 00:00:00,2010-10-28 00:00:00,4.3,2010-10-28 00:00:00,4.2,4.3,21,35900,152560,2010-10-28 00:00:00,1
2010-10-29 00:00:00,2010-10-29 00:00:00,4.4,2010-10-29 00:00:00,4.2,4.4,19,23800,101920,2010-10-29 00:00:00,1
2010-11-01 00:00:00,2010-11-01 00:00:00,4.7,2010-11-01 00:00:00,4.3,4.4,26,272400,1193470,2010-11-01 00:00:00,1
2010-11-02 00:00:00,2010-11-02 00:00:00,4.8,2010-11-02 00:00:00,4.4,4.4,13,38300,177280,2010-11-02 00:00:00,1
2010-11-03 00:00:00,2010-11-03 00:00:00,4.7,2010-11-03 00:00:00,4.5,4.6,72,169400,773650,2010-11-03 00:00:00,1
2010-11-04 00:00:00,2010-11-04 00:00:00,4.6,2010-11-04 00:00:00,4.4,4.6,18,25900,117960,2010-11-04 00:00:00,1
2010-11-08 00:00:00,2010-11-08 00:00:00,4.5,2010-11-08 00:00:00,4.4,4.4,14,31700,140400,2010-11-08 00:00:00,1
2010-11-09 00:00:00,2010-11-09 00:00:00,4.5,2010-11-09 00:00:00,4.4,4.5,58,214400,957990,2010-11-09 00:00:00,1
2010-11-10 00:00:00,2010-11-10 00:00:00,4.5,2010-11-10 00:00:00,4.3,4.4,16,67200,295680,2010-11-10 00:00:00,1
2010-11-11 00:00:00,2010-11-11 00:00:00,4.4,2010-11-11 00:00:00,4.4,4.4,6,7800,34320,2010-11-11 00:00:00,1
2010-11-12 00:00:00,2010-11-12 00:00:00,4.5,2010-11-12 00:00:00,4.3,4.3,21,60200,262200,2010-11-12 00:00:00,1
2010-11-15 00:00:00,2010-11-15 00:00:00,4.6,2010-11-15 00:00:00,4.2,4.4,36,116300,512340,2010-11-15 00:00:00,1
2010-11-16 00:00:00,2010-11-16 00:00:00,4.7,2010-11-16 00:00:00,4.4,4.4,71,393400,1816250,2010-11-16 00:00:00,1
2010-11-18 00:00:00,2010-11-18 00:00:00,4.6,2010-11-18 00:00:00,4.4,4.6,34,62600,281700,2010-11-18 00:00:00,1
2010-11-22 00:00:00,2010-11-22 00:00:00,4.5,2010-11-22 00:00:00,4.4,4.4,38,91900,408520,2010-11-22 00:00:00,1
2010-11-23 00:00:00,2010-11-23 00:00:00,4.3,2010-11-23 00:00:00,4.2,4.3,22,32000,137550,2010-11-23 00:00:00,1
2010-11-24 00:00:00,2010-11-24 00:00:00,4.5,2010-11-24 00:00:00,4.3,4.3,16,60900,265870,2010-11-24 00:00:00,1
2010-11-25 00:00:00,2010-11-25 00:00:00,4.3,2010-11-25 00:00:00,4.2,4.3,14,272300,1163810,2010-11-25 00:00:00,1
2010-11-26 00:00:00,2010-11-26 00:00:00,4.3,2010-11-26 00:00:00,4.2,4.2,17,63400,267120,2010-11-26 00:00:00,1
2010-11-29 00:00:00,2010-11-29 00:00:00,4.2,2010-11-29 00:00:00,4.1,4.2,17,22400,93330,2010-11-29 00:00:00,1
2010-11-30 00:00:00,2010-11-30 00:00:00,4.4,2010-11-30 00:00:00,4.2,4.4,60,659100,2844040,2010-11-30 00:00:00,1
2010-12-01 00:00:00,2010-12-01 00:00:00,5.2,2010-12-01 00:00:00,4.4,4.9,281,1648600,8074530,2010-12-01 00:00:00,1
2010-12-02 00:00:00,2010-12-02 00:00:00,5.1,2010-12-02 00:00:00,4.7,4.8,70,395300,1941420,2010-12-02 00:00:00,1
2010-12-03 00:00:00,2010-12-03 00:00:00,5,2010-12-03 00:00:00,4.7,4.8,47,107200,525300,2010-12-03 00:00:00,1
2010-12-06 00:00:00,2010-12-06 00:00:00,4.8,2010-12-06 00:00:00,4.6,4.7,30,124700,584920,2010-12-06 00:00:00,1
2010-12-07 00:00:00,2010-12-07 00:00:00,4.7,2010-12-07 00:00:00,4.5,4.6,16,42200,192740,2010-12-07 00:00:00,1
2010-12-08 00:00:00,2010-12-08 00:00:00,4.7,2010-12-08 00:00:00,4.5,4.7,25,126300,590560,2010-12-08 00:00:00,1
2010-12-09 00:00:00,2010-12-09 00:00:00,4.7,2010-12-09 00:00:00,4.4,4.5,14,26900,121420,2010-12-09 00:00:00,1
2010-12-10 00:00:00,2010-12-10 00:00:00,4.9,2010-12-10 00:00:00,4.6,4.7,89,295400,1419610,2010-12-10 00:00:00,1
2010-12-13 00:00:00,2010-12-13 00:00:00,4.9,2010-12-13 00:00:00,4.6,4.6,24,95300,446350,2010-12-13 00:00:00,1
2010-12-14 00:00:00,2010-12-14 00:00:00,4.6,2010-12-14 00:00:00,4.5,4.5,26,61100,276950,2010-12-14 00:00:00,1
2010-12-15 00:00:00,2010-12-15 00:00:00,4.7,2010-12-15 00:00:00,4.5,4.6,13,19900,91630,2010-12-15 00:00:00,1
2010-12-16 00:00:00,2010-12-16 00:00:00,4.6,2010-12-16 00:00:00,4.5,4.5,21,45000,204320,2010-12-16 00:00:00,1
2010-12-17 00:00:00,2010-12-17 00:00:00,4.7,2010-12-17 00:00:00,4.4,4.6,25,53000,241130,2010-12-17 00:00:00,1
2010-12-21 00:00:00,2010-12-21 00:00:00,4.9,2010-12-21 00:00:00,4.6,4.8,85,247700,1189360,2010-12-21 00:00:00,1
2010-12-22 00:00:00,2010-12-22 00:00:00,5,2010-12-22 00:00:00,4.7,4.9,66,138500,678180,2010-12-22 00:00:00,1
2010-12-23 00:00:00,2010-12-23 00:00:00,4.9,2010-12-23 00:00:00,4.7,4.8,30,70200,337470,2010-12-23 00:00:00,1
2010-12-24 00:00:00,2010-12-24 00:00:00,4.8,2010-12-24 00:00:00,4.7,4.7,10,13000,62000,2010-12-24 00:00:00,1
2010-12-27 00:00:00,2010-12-27 00:00:00,4.9,2010-12-27 00:00:00,4.7,4.8,12,27000,129650,2010-12-27 00:00:00,1
2010-12-28 00:00:00,2010-12-28 00:00:00,4.8,2010-12-28 00:00:00,4.6,4.6,41,311200,1442510,2010-12-28 00:00:00,1
2010-12-29 00:00:00,2010-12-29 00:00:00,4.8,2010-12-29 00:00:00,4.7,4.8,42,158500,757460,2010-12-29 00:00:00,1
2010-12-30 00:00:00,2010-12-30 00:00:00,4.8,2010-12-30 00:00:00,4.6,4.7,35,178800,839910,2010-12-30 00:00:00,1
2010-12-31 00:00:00,2010-12-31 00:00:00,4.7,2010-12-31 00:00:00,4.6,4.6,26,227900,1061430,2010-12-31 00:00:00,1
Company Id :  CTC,,Security Type :  N,,Sub Type :  0000,,,,,,
Short Name :  CEYLON TOBACCO,,,,,,,,,,
Day,Date High,High,Date Low,Low,Closing,No. of Trades,No. of Shares,Turnover,Last Traded,Days Traded
2010-01-04 00:00:00,2010-01-04 00:00:00,201,2010-01-04 00:00:00,191,200,57,21000,4131725,2010-01-04 00:00:00,1
2010-01-05 00:00:00,2010-01-05 00:00:00,216,2010-01-05 00:00:00,202,209.75,61,20700,4328875,2010-01-05 00:00:00,1
2010-01-06 00:00:00,2010-01-06 00:00:00,210,2010-01-06 00:00:00,209,209.25,15,12600,2634600,2010-01-06 00:00:00,1
2010-01-07 00:00:00,2010-01-07 00:00:00,206,2010-01-07 00:00:00,205,205.25,7,6300,1292550,2010-01-07 00:00:00,1
2010-01-08 00:00:00,2010-01-08 00:00:00,210,2010-01-08 00:00:00,204.5,206.5,14,14700,3027025,2010-01-08 00:00:00,1
2010-01-11 00:00:00,2010-01-11 00:00:00,209.75,2010-01-11 00:00:00,205,205.75,23,18200,3744950,2010-01-11 00:00:00,1
2010-01-12 00:00:00,2010-01-12 00:00:00,200,2010-01-12 00:00:00,199,199.75,16,10400,2079400,2010-01-12 00:00:00,1
2010-01-13 00:00:00,2010-01-13 00:00:00,200,2010-01-13 00:00:00,199,200,10,8300,1658550,2010-01-13 00:00:00,1
2010-01-18 00:00:00,2010-01-18 00:00:00,203.5,2010-01-18 00:00:00,200,201,8,4500,906050,2010-01-18 00:00:00,1
2010-01-19 00:00:00,2010-01-19 00:00:00,200,2010-01-19 00:00:00,200,200,21,10400,2080000,2010-01-19 00:00:00,1
2010-01-20 00:00:00,2010-01-20 00:00:00,200.5,2010-01-20 00:00:00,200,200.5,3,1400,280550,2010-01-20 00:00:00,1
2010-01-21 00:00:00,2010-01-21 00:00:00,202,2010-01-21 00:00:00,200,201,7,3400,682650,2010-01-21 00:00:00,1
2010-01-22 00:00:00,2010-01-22 00:00:00,203.5,2010-01-22 00:00:00,200.75,201.5,17,10300,2083550,2010-01-22 00:00:00,1
2010-01-25 00:00:00,2010-01-25 00:00:00,203,2010-01-25 00:00:00,200,202,14,3600,722450,2010-01-25 00:00:00,1
2010-01-26 00:00:00,2010-01-26 00:00:00,205,2010-01-26 00:00:00,203,204.25,4,1500,306500,2010-01-26 00:00:00,1
2010-01-28 00:00:00,2010-01-28 00:00:00,202,2010-01-28 00:00:00,200,201.5,13,9800,1970850,2010-01-28 00:00:00,1
2010-02-01 00:00:00,2010-02-01 00:00:00,201.5,2010-02-01 00:00:00,200,201,8,6300,1265100,2010-02-01 00:00:00,1
2010-02-02 00:00:00,2010-02-02 00:00:00,222,2010-02-02 00:00:00,212,216.25,39,40300,8721425,2010-02-02 00:00:00,1
2010-02-03 00:00:00,2010-02-03 00:00:00,220,2010-02-03 00:00:00,218,219.25,9,4500,988400,2010-02-03 00:00:00,1
2010-02-05 00:00:00,2010-02-05 00:00:00,220,2010-02-05 00:00:00,219.25,220,13,7100,1558975,2010-02-05 00:00:00,1
2010-02-08 00:00:00,2010-02-08 00:00:00,270,2010-02-08 00:00:00,220,265.75,44,27800,6915250,2010-02-08 00:00:00,1
2010-02-09 00:00:00,2010-02-09 00:00:00,269.75,2010-02-09 00:00:00,250,255,38,13800,3558175,2010-02-09 00:00:00,1
2010-02-10 00:00:00,2010-02-10 00:00:00,265,2010-02-10 00:00:00,257,259,24,16500,4293050,2010-02-10 00:00:00,1
2010-02-11 00:00:00,2010-02-11 00:00:00,259,2010-02-11 00:00:00,250,250,11,3300,830725,2010-02-11 00:00:00,1
2010-02-12 00:00:00,2010-02-12 00:00:00,251,2010-02-12 00:00:00,245,245,13,4400,1095800,2010-02-12 00:00:00,1
2010-02-15 00:00:00,2010-02-15 00:00:00,245.25,2010-02-15 00:00:00,243,244,25,6100,1490825,2010-02-15 00:00:00,1
2010-02-16 00:00:00,2010-02-16 00:00:00,242,2010-02-16 00:00:00,236,236,10,8300,1991850,2010-02-16 00:00:00,1
2010-02-17 00:00:00,2010-02-17 00:00:00,240,2010-02-17 00:00:00,235,235,8,2100,496700,2010-02-17 00:00:00,1
2010-02-18 00:00:00,2010-02-18 00:00:00,240,2010-02-18 00:00:00,237,238.25,8,1800,428950,2010-02-18 00:00:00,1
2010-02-19 00:00:00,2010-02-19 00:00:00,239.75,2010-02-19 00:00:00,239,239.5,5,5900,1412650,2010-02-19 00:00:00,1
2010-02-22 00:00:00,2010-02-22 00:00:00,243,2010-02-22 00:00:00,230,240.25,20,4600,1082250,2010-02-22 00:00:00,1
2010-02-23 00:00:00,2010-02-23 00:00:00,239.25,2010-02-23 00:00:00,239.25,239.25,4,5700,1363725,2010-02-23 00:00:00,1
2010-02-24 00:00:00,2010-02-24 00:00:00,240,2010-02-24 00:00:00,240,240,11,7500,1800000,2010-02-24 00:00:00,1
2010-02-25 00:00:00,2010-02-25 00:00:00,240,2010-02-25 00:00:00,240,240,3,300,72000,2010-02-25 00:00:00,1
2010-02-26 00:00:00,2010-02-26 00:00:00,240,2010-02-26 00:00:00,239,240,3,1400,335000,2010-02-26 00:00:00,1
2010-03-01 00:00:00,2010-03-01 00:00:00,242,2010-03-01 00:00:00,240,241,7,16100,3878900,2010-03-01 00:00:00,1
2010-03-02 00:00:00,2010-03-02 00:00:00,241.25,2010-03-02 00:00:00,241,241,4,3700,891950,2010-03-02 00:00:00,1
2010-03-03 00:00:00,2010-03-03 00:00:00,241,2010-03-03 00:00:00,240,240.25,7,1100,264550,2010-03-03 00:00:00,1
2010-03-04 00:00:00,2010-03-04 00:00:00,241,2010-03-04 00:00:00,241,241,4,1300,313300,2010-03-04 00:00:00,1
2010-03-05 00:00:00,2010-03-05 00:00:00,242,2010-03-05 00:00:00,240.25,242,4,2400,580525,2010-03-05 00:00:00,1
2010-03-08 00:00:00,2010-03-08 00:00:00,250,2010-03-08 00:00:00,240,243.25,27,4900,1188900,2010-03-08 00:00:00,1
2010-03-09 00:00:00,2010-03-09 00:00:00,249,2010-03-09 00:00:00,245,245,5,1800,446350,2010-03-09 00:00:00,1
2010-03-10 00:00:00,2010-03-10 00:00:00,245,2010-03-10 00:00:00,243,245,4,700,170300,2010-03-10 00:00:00,1
2010-03-11 00:00:00,2010-03-11 00:00:00,245.25,2010-03-11 00:00:00,245,245.25,3,2200,539025,2010-03-11 00:00:00,1
2010-03-12 00:00:00,2010-03-12 00:00:00,249,2010-03-12 00:00:00,249,249,3,400,99600,2010-03-12 00:00:00,1
2010-03-15 00:00:00,2010-03-15 00:00:00,245,2010-03-15 00:00:00,241,245,2,200,48600,2010-03-15 00:00:00,1
2010-03-16 00:00:00,2010-03-16 00:00:00,240,2010-03-16 00:00:00,240,240,2,50000,12000000,2010-03-16 00:00:00,1
2010-03-17 00:00:00,2010-03-17 00:00:00,248,2010-03-17 00:00:00,245,248,9,2900,716100,2010-03-17 00:00:00,1
2010-03-18 00:00:00,2010-03-18 00:00:00,249,2010-03-18 00:00:00,245,245.75,5,2700,667600,2010-03-18 00:00:00,1
2010-03-19 00:00:00,2010-03-19 00:00:00,245,2010-03-19 00:00:00,242,243.25,5,800,194800,2010-03-19 00:00:00,1
2010-03-22 00:00:00,2010-03-22 00:00:00,241,2010-03-22 00:00:00,240,240,3,800,192500,2010-03-22 00:00:00,1
2010-03-23 00:00:00,2010-03-23 00:00:00,245,2010-03-23 00:00:00,245,245,13,7600,1862000,2010-03-23 00:00:00,1
2010-03-24 00:00:00,2010-03-24 00:00:00,246,2010-03-24 00:00:00,245,245.75,8,5800,1423000,2010-03-24 00:00:00,1
2010-03-25 00:00:00,2010-03-25 00:00:00,245,2010-03-25 00:00:00,245,245,1,2000,490000,2010-03-25 00:00:00,1
2010-03-26 00:00:00,2010-03-26 00:00:00,245,2010-03-26 00:00:00,245,245,5,2000,490000,2010-03-26 00:00:00,1
2010-03-30 00:00:00,2010-03-30 00:00:00,250,2010-03-30 00:00:00,241,250,32,149000,37231525,2010-03-30 00:00:00,1
2010-03-31 00:00:00,2010-03-31 00:00:00,251,2010-03-31 00:00:00,250,250,8,26700,6675450,2010-03-31 00:00:00,1
2010-04-01 00:00:00,2010-04-01 00:00:00,253,2010-04-01 00:00:00,250,250.25,22,44100,11029325,2010-04-01 00:00:00,1
2010-04-05 00:00:00,2010-04-05 00:00:00,250,2010-04-05 00:00:00,249,249.75,9,2000,499500,2010-04-05 00:00:00,1
2010-04-06 00:00:00,2010-04-06 00:00:00,254.5,2010-04-06 00:00:00,250.25,250.25,3,6100,1527550,2010-04-06 00:00:00,1
2010-04-07 00:00:00,2010-04-07 00:00:00,257.25,2010-04-07 00:00:00,251,254.25,3,1000,254125,2010-04-07 00:00:00,1
2010-04-08 00:00:00,2010-04-08 00:00:00,257.25,2010-04-08 00:00:00,257,257,2,1200,308450,2010-04-08 00:00:00,1
2010-04-12 00:00:00,2010-04-12 00:00:00,261.25,2010-04-12 00:00:00,258.5,261.25,5,2200,569225,2010-04-12 00:00:00,1
2010-04-15 00:00:00,2010-04-15 00:00:00,258,2010-04-15 00:00:00,258,258,1,200,51600,2010-04-15 00:00:00,1
2010-04-16 00:00:00,2010-04-16 00:00:00,253,2010-04-16 00:00:00,253,253,2,1000,253000,2010-04-16 00:00:00,1
2010-04-19 00:00:00,2010-04-19 00:00:00,258,2010-04-19 00:00:00,253,257.5,9,27400,7055150,2010-04-19 00:00:00,1
2010-04-20 00:00:00,2010-04-20 00:00:00,272,2010-04-20 00:00:00,262.5,269,17,44100,11713775,2010-04-20 00:00:00,1
2010-04-21 00:00:00,2010-04-21 00:00:00,274,2010-04-21 00:00:00,272,274,7,3400,925100,2010-04-21 00:00:00,1
2010-04-22 00:00:00,2010-04-22 00:00:00,335,2010-04-22 00:00:00,279.75,319.75,81,35400,11317325,2010-04-22 00:00:00,1
2010-04-23 00:00:00,2010-04-23 00:00:00,329.5,2010-04-23 00:00:00,311,315,28,9500,3072625,2010-04-23 00:00:00,1
2010-04-26 00:00:00,2010-04-26 00:00:00,317.75,2010-04-26 00:00:00,312,315.25,5,500,158150,2010-04-26 00:00:00,1
2010-04-27 00:00:00,2010-04-27 00:00:00,315.75,2010-04-27 00:00:00,309,310,19,3000,932975,2010-04-27 00:00:00,1
2010-04-29 00:00:00,2010-04-29 00:00:00,310,2010-04-29 00:00:00,310,310,5,1700,527000,2010-04-29 00:00:00,1
2010-04-30 00:00:00,2010-04-30 00:00:00,310.25,2010-04-30 00:00:00,310,310.25,3,1200,372050,2010-04-30 00:00:00,1
2010-05-03 00:00:00,2010-05-03 00:00:00,316,2010-05-03 00:00:00,310,316,13,7600,2375350,2010-05-03 00:00:00,1
2010-05-04 00:00:00,2010-05-04 00:00:00,310,2010-05-04 00:00:00,306,307,5,2300,705800,2010-05-04 00:00:00,1
2010-05-05 00:00:00,2010-05-05 00:00:00,310,2010-05-05 00:00:00,310,310,3,1600,496000,2010-05-05 00:00:00,1
2010-05-06 00:00:00,2010-05-06 00:00:00,310,2010-05-06 00:00:00,310,310,6,1300,403000,2010-05-06 00:00:00,1
2010-05-07 00:00:00,2010-05-07 00:00:00,317.75,2010-05-07 00:00:00,310,312.25,6,3500,1087675,2010-05-07 00:00:00,1
2010-05-10 00:00:00,2010-05-10 00:00:00,315,2010-05-10 00:00:00,315,315,2,300,94500,2010-05-10 00:00:00,1
2010-05-11 00:00:00,2010-05-11 00:00:00,314,2010-05-11 00:00:00,312.25,312.25,3,1000,312425,2010-05-11 00:00:00,1
2010-05-12 00:00:00,2010-05-12 00:00:00,315,2010-05-12 00:00:00,314,314,4,3000,944000,2010-05-12 00:00:00,1
2010-05-13 00:00:00,2010-05-13 00:00:00,314,2010-05-13 00:00:00,314,314,5,1600,502400,2010-05-13 00:00:00,1
2010-05-14 00:00:00,2010-05-14 00:00:00,311.5,2010-05-14 00:00:00,311,311.25,2,300,93350,2010-05-14 00:00:00,1
2010-05-17 00:00:00,2010-05-17 00:00:00,310,2010-05-17 00:00:00,310,310,3,1100,341000,2010-05-17 00:00:00,1
2010-05-18 00:00:00,2010-05-18 00:00:00,315,2010-05-18 00:00:00,310,314.5,19,18600,5848100,2010-05-18 00:00:00,1
2010-05-19 00:00:00,2010-05-19 00:00:00,312,2010-05-19 00:00:00,310,310.25,9,8000,2481450,2010-05-19 00:00:00,1
2010-05-20 00:00:00,2010-05-20 00:00:00,310.25,2010-05-20 00:00:00,310,310,3,400,124025,2010-05-20 00:00:00,1
2010-05-21 00:00:00,2010-05-21 00:00:00,314,2010-05-21 00:00:00,310,310,7,1300,403800,2010-05-21 00:00:00,1
2010-05-24 00:00:00,2010-05-24 00:00:00,310,2010-05-24 00:00:00,310,310,9,8200,2542000,2010-05-24 00:00:00,1
2010-05-25 00:00:00,2010-05-25 00:00:00,310,2010-05-25 00:00:00,306.5,308.25,2,400,123300,2010-05-25 00:00:00,1
2010-05-26 00:00:00,2010-05-26 00:00:00,311,2010-05-26 00:00:00,308,310.75,12,6400,1985500,2010-05-26 00:00:00,1
2010-05-31 00:00:00,2010-05-31 00:00:00,312,2010-05-31 00:00:00,310,310.5,7,1100,341800,2010-05-31 00:00:00,1
2010-06-01 00:00:00,2010-06-01 00:00:00,310,2010-06-01 00:00:00,310,310,5,113500,35298000,2010-06-01 00:00:00,1
2010-06-02 00:00:00,2010-06-02 00:00:00,310,2010-06-02 00:00:00,305,305.25,6,3000,923300,2010-06-02 00:00:00,1
2010-06-03 00:00:00,2010-06-03 00:00:00,310,2010-06-03 00:00:00,310,310,2,1000,310000,2010-06-03 00:00:00,1
2010-06-04 00:00:00,2010-06-04 00:00:00,308,2010-06-04 00:00:00,305,305,4,1100,336700,2010-06-04 00:00:00,1
2010-06-07 00:00:00,2010-06-07 00:00:00,304,2010-06-07 00:00:00,304,304,2,2100,638400,2010-06-07 00:00:00,1
2010-06-08 00:00:00,2010-06-08 00:00:00,300,2010-06-08 00:00:00,295,297,10,2900,862000,2010-06-08 00:00:00,1
2010-06-09 00:00:00,2010-06-09 00:00:00,296.5,2010-06-09 00:00:00,295,296,10,3500,1033575,2010-06-09 00:00:00,1
2010-06-10 00:00:00,2010-06-10 00:00:00,300,2010-06-10 00:00:00,296.5,300,9,4400,1319050,2010-06-10 00:00:00,1
2010-06-11 00:00:00,2010-06-11 00:00:00,300,2010-06-11 00:00:00,300,300,3,1200,360000,2010-06-11 00:00:00,1
2010-06-14 00:00:00,2010-06-14 00:00:00,310,2010-06-14 00:00:00,310,310,1,100,31000,2010-06-14 00:00:00,1
2010-06-17 00:00:00,2010-06-17 00:00:00,300,2010-06-17 00:00:00,300,300,2,300,90000,2010-06-17 00:00:00,1
2010-06-21 00:00:00,2010-06-21 00:00:00,300,2010-06-21 00:00:00,300,300,2,500,150000,2010-06-21 00:00:00,1
2010-06-22 00:00:00,2010-06-22 00:00:00,301.25,2010-06-22 00:00:00,301,301,4,1100,331225,2010-06-22 00:00:00,1
2010-06-23 00:00:00,2010-06-23 00:00:00,301.25,2010-06-23 00:00:00,301.25,301.25,2,2100,632625,2010-06-23 00:00:00,1
2010-06-24 00:00:00,2010-06-24 00:00:00,310,2010-06-24 00:00:00,302,310,12,7800,2397000,2010-06-24 00:00:00,1
2010-06-28 00:00:00,2010-06-28 00:00:00,310.5,2010-06-28 00:00:00,310,310.5,10,12400,3846600,2010-06-28 00:00:00,1
2010-06-29 00:00:00,2010-06-29 00:00:00,302.75,2010-06-29 00:00:00,302.75,302.75,1,10000,3027500,2010-06-29 00:00:00,1
2010-06-30 00:00:00,2010-06-30 00:00:00,302.75,2010-06-30 00:00:00,302.75,302.75,1,200,60550,2010-06-30 00:00:00,1
2010-07-01 00:00:00,2010-07-01 00:00:00,310,2010-07-01 00:00:00,305,310,9,4700,1456000,2010-07-01 00:00:00,1
2010-07-02 00:00:00,2010-07-02 00:00:00,310.25,2010-07-02 00:00:00,310.25,310.25,4,3200,992800,2010-07-02 00:00:00,1
2010-07-05 00:00:00,2010-07-05 00:00:00,305,2010-07-05 00:00:00,305,305,1,1000,305000,2010-07-05 00:00:00,1
2010-07-06 00:00:00,2010-07-06 00:00:00,305.5,2010-07-06 00:00:00,305.5,305.5,2,700,213850,2010-07-06 00:00:00,1
2010-07-07 00:00:00,2010-07-07 00:00:00,306.5,2010-07-07 00:00:00,305,305.25,15,10600,3234800,2010-07-07 00:00:00,1
2010-07-08 00:00:00,2010-07-08 00:00:00,305,2010-07-08 00:00:00,300,305,4,500,151000,2010-07-08 00:00:00,1
2010-07-09 00:00:00,2010-07-09 00:00:00,305,2010-07-09 00:00:00,304.75,305,7,12600,3842975,2010-07-09 00:00:00,1
2010-07-12 00:00:00,2010-07-12 00:00:00,310,2010-07-12 00:00:00,300,310,7,5700,1745500,2010-07-12 00:00:00,1
2010-07-13 00:00:00,2010-07-13 00:00:00,310,2010-07-13 00:00:00,307,307,2,200,61700,2010-07-13 00:00:00,1
2010-07-14 00:00:00,2010-07-14 00:00:00,315,2010-07-14 00:00:00,306,314.25,8,15200,4776800,2010-07-14 00:00:00,1
2010-07-15 00:00:00,2010-07-15 00:00:00,327.5,2010-07-15 00:00:00,320,325,6,103600,33669750,2010-07-15 00:00:00,1
2010-07-16 00:00:00,2010-07-16 00:00:00,325,2010-07-16 00:00:00,320,321,10,19500,6261800,2010-07-16 00:00:00,1
2010-07-19 00:00:00,2010-07-19 00:00:00,320,2010-07-19 00:00:00,320,320,5,4500,1440000,2010-07-19 00:00:00,1
2010-07-20 00:00:00,2010-07-20 00:00:00,321,2010-07-20 00:00:00,321,321,1,100,32100,2010-07-20 00:00:00,1
2010-07-22 00:00:00,2010-07-22 00:00:00,310,2010-07-22 00:00:00,310,310,2,2100,651000,2010-07-22 00:00:00,1
2010-07-23 00:00:00,2010-07-23 00:00:00,324.75,2010-07-23 00:00:00,312.5,318.75,2,400,127450,2010-07-23 00:00:00,1
2010-07-26 00:00:00,2010-07-26 00:00:00,320.5,2010-07-26 00:00:00,319,320.5,4,1300,415950,2010-07-26 00:00:00,1
2010-07-27 00:00:00,2010-07-27 00:00:00,321.25,2010-07-27 00:00:00,321.25,321.25,1,100,32125,2010-07-27 00:00:00,1
2010-07-28 00:00:00,2010-07-28 00:00:00,330,2010-07-28 00:00:00,320,328.5,20,20600,6762100,2010-07-28 00:00:00,1
2010-07-29 00:00:00,2010-07-29 00:00:00,327.5,2010-07-29 00:00:00,325,326,6,5000,1626000,2010-07-29 00:00:00,1
2010-08-02 00:00:00,2010-08-02 00:00:00,326,2010-08-02 00:00:00,325,325.1,6,2100,682770,2010-08-02 00:00:00,1
2010-08-03 00:00:00,2010-08-03 00:00:00,329.5,2010-08-03 00:00:00,329.5,329.5,4,400,131800,2010-08-03 00:00:00,1
2010-08-05 00:00:00,2010-08-05 00:00:00,325,2010-08-05 00:00:00,310,325,8,8400,2674640,2010-08-05 00:00:00,1
2010-08-09 00:00:00,2010-08-09 00:00:00,325,2010-08-09 00:00:00,315,325,6,1300,411120,2010-08-09 00:00:00,1
2010-08-10 00:00:00,2010-08-10 00:00:00,329.8,2010-08-10 00:00:00,320,329.8,13,33200,10785520,2010-08-10 00:00:00,1
2010-08-11 00:00:00,2010-08-11 00:00:00,335,2010-08-11 00:00:00,329,329,5,1800,598800,2010-08-11 00:00:00,1
2010-08-12 00:00:00,2010-08-12 00:00:00,325,2010-08-12 00:00:00,325,325,2,700,227500,2010-08-12 00:00:00,1
2010-08-13 00:00:00,2010-08-13 00:00:00,325,2010-08-13 00:00:00,322,325,5,1200,389700,2010-08-13 00:00:00,1
2010-08-16 00:00:00,2010-08-16 00:00:00,330,2010-08-16 00:00:00,330,330,3,400,132000,2010-08-16 00:00:00,1
2010-08-17 00:00:00,2010-08-17 00:00:00,327,2010-08-17 00:00:00,320,327,3,300,96850,2010-08-17 00:00:00,1
2010-08-18 00:00:00,2010-08-18 00:00:00,330,2010-08-18 00:00:00,329.9,330,6,2200,725970,2010-08-18 00:00:00,1
2010-08-19 00:00:00,2010-08-19 00:00:00,337,2010-08-19 00:00:00,330,336.2,13,5100,1690470,2010-08-19 00:00:00,1
2010-08-20 00:00:00,2010-08-20 00:00:00,339,2010-08-20 00:00:00,330,336,3,400,134520,2010-08-20 00:00:00,1
2010-08-25 00:00:00,2010-08-25 00:00:00,336,2010-08-25 00:00:00,330,331.8,13,10600,3516910,2010-08-25 00:00:00,1
2010-08-26 00:00:00,2010-08-26 00:00:00,340,2010-08-26 00:00:00,331.9,340,6,5100,1730760,2010-08-26 00:00:00,1
2010-08-27 00:00:00,2010-08-27 00:00:00,335,2010-08-27 00:00:00,330,335,6,8700,2871500,2010-08-27 00:00:00,1
2010-08-30 00:00:00,2010-08-30 00:00:00,342,2010-08-30 00:00:00,330,340,18,15800,5357660,2010-08-30 00:00:00,1
2010-08-31 00:00:00,2010-08-31 00:00:00,350,2010-08-31 00:00:00,350,350,13,105400,36890000,2010-08-31 00:00:00,1
2010-09-01 00:00:00,2010-09-01 00:00:00,380,2010-09-01 00:00:00,359.9,380,14,21200,7766990,2010-09-01 00:00:00,1
2010-09-02 00:00:00,2010-09-02 00:00:00,399.9,2010-09-02 00:00:00,380,397,9,5700,2258960,2010-09-02 00:00:00,1
2010-09-03 00:00:00,2010-09-03 00:00:00,390,2010-09-03 00:00:00,390,390,1,100,39000,2010-09-03 00:00:00,1
2010-09-06 00:00:00,2010-09-06 00:00:00,390,2010-09-06 00:00:00,389,389.6,4,1000,389600,2010-09-06 00:00:00,1
2010-09-07 00:00:00,2010-09-07 00:00:00,389,2010-09-07 00:00:00,389,389,1,100,38900,2010-09-07 00:00:00,1
2010-09-08 00:00:00,2010-09-08 00:00:00,376,2010-09-08 00:00:00,375,375.5,2,200,75100,2010-09-08 00:00:00,1
2010-09-09 00:00:00,2010-09-09 00:00:00,377,2010-09-09 00:00:00,375,375,13,8100,3051810,2010-09-09 00:00:00,1
2010-09-15 00:00:00,2010-09-15 00:00:00,380,2010-09-15 00:00:00,375,380,4,400,150500,2010-09-15 00:00:00,1
2010-09-17 00:00:00,2010-09-17 00:00:00,380,2010-09-17 00:00:00,380,380,2,1300,494000,2010-09-17 00:00:00,1
2010-09-20 00:00:00,2010-09-20 00:00:00,372,2010-09-20 00:00:00,370,370,6,1200,444460,2010-09-20 00:00:00,1
2010-09-21 00:00:00,2010-09-21 00:00:00,370,2010-09-21 00:00:00,365,370,7,5400,1995270,2010-09-21 00:00:00,1
2010-09-23 00:00:00,2010-09-23 00:00:00,385,2010-09-23 00:00:00,375,375,4,3800,1429000,2010-09-23 00:00:00,1
2010-09-24 00:00:00,2010-09-24 00:00:00,375,2010-09-24 00:00:00,372,373.7,5,1300,486300,2010-09-24 00:00:00,1
2010-09-27 00:00:00,2010-09-27 00:00:00,373,2010-09-27 00:00:00,357,364.4,8,1800,654410,2010-09-27 00:00:00,1
2010-09-28 00:00:00,2010-09-28 00:00:00,360.5,2010-09-28 00:00:00,356,360.1,7,1100,394470,2010-09-28 00:00:00,1
2010-09-29 00:00:00,2010-09-29 00:00:00,379.9,2010-09-29 00:00:00,361,361.6,4,1100,399600,2010-09-29 00:00:00,1
2010-09-30 00:00:00,2010-09-30 00:00:00,361,2010-09-30 00:00:00,360,361,5,600,216500,2010-09-30 00:00:00,1
2010-10-01 00:00:00,2010-10-01 00:00:00,368,2010-10-01 00:00:00,361,363.5,6,1600,580200,2010-10-01 00:00:00,1
2010-10-04 00:00:00,2010-10-04 00:00:00,365,2010-10-04 00:00:00,365,365,4,400,146000,2010-10-04 00:00:00,1
2010-10-05 00:00:00,2010-10-05 00:00:00,375,2010-10-05 00:00:00,365,374.8,9,25600,9595900,2010-10-05 00:00:00,1
2010-10-06 00:00:00,2010-10-06 00:00:00,375,2010-10-06 00:00:00,375,375,10,16000,6000000,2010-10-06 00:00:00,1
2010-10-07 00:00:00,2010-10-07 00:00:00,370,2010-10-07 00:00:00,369,369.9,4,1200,443900,2010-10-07 00:00:00,1
2010-10-08 00:00:00,2010-10-08 00:00:00,370,2010-10-08 00:00:00,368,370,5,1800,663400,2010-10-08 00:00:00,1
2010-10-11 00:00:00,2010-10-11 00:00:00,379,2010-10-11 00:00:00,370,370,4,5300,1961900,2010-10-11 00:00:00,1
2010-10-12 00:00:00,2010-10-12 00:00:00,370,2010-10-12 00:00:00,360,360,3,1400,505000,2010-10-12 00:00:00,1
2010-10-13 00:00:00,2010-10-13 00:00:00,370,2010-10-13 00:00:00,360,360,16,11600,4230150,2010-10-13 00:00:00,1
2010-10-14 00:00:00,2010-10-14 00:00:00,360,2010-10-14 00:00:00,360,360,4,2800,1008000,2010-10-14 00:00:00,1
2010-10-18 00:00:00,2010-10-18 00:00:00,360,2010-10-18 00:00:00,360,360,3,1200,432000,2010-10-18 00:00:00,1
2010-10-19 00:00:00,2010-10-19 00:00:00,360.1,2010-10-19 00:00:00,360,360.1,3,500,180020,2010-10-19 00:00:00,1
2010-10-21 00:00:00,2010-10-21 00:00:00,360.5,2010-10-21 00:00:00,360,360.5,3,400,144100,2010-10-21 00:00:00,1
2010-10-25 00:00:00,2010-10-25 00:00:00,365,2010-10-25 00:00:00,365,365,3,500,182500,2010-10-25 00:00:00,1
2010-10-26 00:00:00,2010-10-26 00:00:00,361,2010-10-26 00:00:00,360,360.3,8,900,324250,2010-10-26 00:00:00,1
2010-10-27 00:00:00,2010-10-27 00:00:00,370,2010-10-27 00:00:00,368,368,3,500,184400,2010-10-27 00:00:00,1
2010-10-28 00:00:00,2010-10-28 00:00:00,368,2010-10-28 00:00:00,368,368,4,2500,920000,2010-10-28 00:00:00,1
2010-10-29 00:00:00,2010-10-29 00:00:00,368,2010-10-29 00:00:00,365,365,11,11300,4156600,2010-10-29 00:00:00,1
2010-11-02 00:00:00,2010-11-02 00:00:00,368,2010-11-02 00:00:00,365,368,9,21000,7727700,2010-11-02 00:00:00,1
2010-11-04 00:00:00,2010-11-04 00:00:00,368,2010-11-04 00:00:00,365,366.9,4,3300,1210800,2010-11-04 00:00:00,1
2010-11-08 00:00:00,2010-11-08 00:00:00,368,2010-11-08 00:00:00,365,368,7,12200,4480310,2010-11-08 00:00:00,1
2010-11-09 00:00:00,2010-11-09 00:00:00,370,2010-11-09 00:00:00,368,368.7,11,44900,16554800,2010-11-09 00:00:00,1
2010-11-10 00:00:00,2010-11-10 00:00:00,370,2010-11-10 00:00:00,368,368,5,2500,922000,2010-11-10 00:00:00,1
2010-11-11 00:00:00,2010-11-11 00:00:00,365,2010-11-11 00:00:00,365,365,1,100,36500,2010-11-11 00:00:00,1
2010-11-12 00:00:00,2010-11-12 00:00:00,368,2010-11-12 00:00:00,366.1,368,3,700,257410,2010-11-12 00:00:00,1
2010-11-16 00:00:00,2010-11-16 00:00:00,368,2010-11-16 00:00:00,368,368,2,400,147200,2010-11-16 00:00:00,1
2010-11-22 00:00:00,2010-11-22 00:00:00,370,2010-11-22 00:00:00,272,327.2,9,2000,654420,2010-11-22 00:00:00,1
2010-11-23 00:00:00,2010-11-23 00:00:00,358.2,2010-11-23 00:00:00,350,350.6,4,2800,981640,2010-11-23 00:00:00,1
2010-11-26 00:00:00,2010-11-26 00:00:00,340,2010-11-26 00:00:00,340,340,1,300,102000,2010-11-26 00:00:00,1
2010-11-29 00:00:00,2010-11-29 00:00:00,350,2010-11-29 00:00:00,329.9,350,20,10600,3665340,2010-11-29 00:00:00,1
2010-11-30 00:00:00,2010-11-30 00:00:00,355,2010-11-30 00:00:00,355,355,1,300,106500,2010-11-30 00:00:00,1
2010-12-01 00:00:00,2010-12-01 00:00:00,355,2010-12-01 00:00:00,352,353,2,300,105900,2010-12-01 00:00:00,1
2010-12-06 00:00:00,2010-12-06 00:00:00,360,2010-12-06 00:00:00,354,360,9,20700,7444100,2010-12-06 00:00:00,1
2010-12-07 00:00:00,2010-12-07 00:00:00,360,2010-12-07 00:00:00,360,360,3,2300,828000,2010-12-07 00:00:00,1
2010-12-08 00:00:00,2010-12-08 00:00:00,360,2010-12-08 00:00:00,360,360,2,101200,36932000,2010-12-08 00:00:00,1
2010-12-09 00:00:00,2010-12-09 00:00:00,361.5,2010-12-09 00:00:00,360,361.5,4,1700,614100,2010-12-09 00:00:00,1
2010-12-10 00:00:00,2010-12-10 00:00:00,365,2010-12-10 00:00:00,365,365,5,4400,1606000,2010-12-10 00:00:00,1
2010-12-13 00:00:00,2010-12-13 00:00:00,365,2010-12-13 00:00:00,365,365,1,100,36500,2010-12-13 00:00:00,1
2010-12-14 00:00:00,2010-12-14 00:00:00,365,2010-12-14 00:00:00,365,365,1,1000,365000,2010-12-14 00:00:00,1
2010-12-15 00:00:00,2010-12-15 00:00:00,350.5,2010-12-15 00:00:00,350,350.4,10,2200,770560,2010-12-15 00:00:00,1
2010-12-16 00:00:00,2010-12-16 00:00:00,351,2010-12-16 00:00:00,351,351,1,1000,351000,2010-12-16 00:00:00,1
2010-12-21 00:00:00,2010-12-21 00:00:00,359,2010-12-21 00:00:00,359,359,1,100,35900,2010-12-21 00:00:00,1
2010-12-24 00:00:00,2010-12-24 00:00:00,360,2010-12-24 00:00:00,359.9,360,4,800,287970,2010-12-24 00:00:00,1
2010-12-27 00:00:00,2010-12-27 00:00:00,360,2010-12-27 00:00:00,350,359.9,3,10100,3635000,2010-12-27 00:00:00,1
2010-12-28 00:00:00,2010-12-28 00:00:00,355,2010-12-28 00:00:00,354,354.9,2,700,248400,2010-12-28 00:00:00,1
2010-12-29 00:00:00,2010-12-29 00:00:00,352,2010-12-29 00:00:00,352,352,1,100,35200,2010-12-29 00:00:00,1
2010-12-30 00:00:00,2010-12-30 00:00:00,359.9,2010-12-30 00:00:00,350.1,351.7,8,34600,12114440,2010-12-30 00:00:00,1
2010-12-31 00:00:00,2010-12-31 00:00:00,355,2010-12-31 00:00:00,350,355,3,1500,525500,2010-12-31 00:00:00,1
Company Id :  CTCE,,Security Type :  N,,Sub Type :  0000,,,,,,
Short Name :  AVIVA N D B,,,,,,,,,,
Day,Date High,High,Date Low,Low,Closing,No. of Trades,No. of Shares,Turnover,Last Traded,Days Traded
2010-01-04 00:00:00,2010-01-04 00:00:00,179,2010-01-04 00:00:00,165,174.25,5,600,104600,2010-01-04 00:00:00,1
2010-01-05 00:00:00,2010-01-05 00:00:00,178,2010-01-05 00:00:00,178,178,1,100,17800,2010-01-05 00:00:00,1
2010-01-06 00:00:00,2010-01-06 00:00:00,194,2010-01-06 00:00:00,180,182,6,3200,582800,2010-01-06 00:00:00,1
2010-01-07 00:00:00,2010-01-07 00:00:00,182,2010-01-07 00:00:00,179,179,2,1100,197200,2010-01-07 00:00:00,1
2010-01-08 00:00:00,2010-01-08 00:00:00,175,2010-01-08 00:00:00,170,174,6,1000,173000,2010-01-08 00:00:00,1
2010-01-11 00:00:00,2010-01-11 00:00:00,180,2010-01-11 00:00:00,175,175.5,3,1100,193000,2010-01-11 00:00:00,1
2010-01-12 00:00:00,2010-01-12 00:00:00,171,2010-01-12 00:00:00,168,170.25,16,13300,2262875,2010-01-12 00:00:00,1
2010-01-13 00:00:00,2010-01-13 00:00:00,175,2010-01-13 00:00:00,170.25,172,3,1600,275250,2010-01-13 00:00:00,1
2010-01-18 00:00:00,2010-01-18 00:00:00,172,2010-01-18 00:00:00,172,172,1,100,17200,2010-01-18 00:00:00,1
2010-01-19 00:00:00,2010-01-19 00:00:00,172.5,2010-01-19 00:00:00,172,172,7,3500,602250,2010-01-19 00:00:00,1
2010-01-20 00:00:00,2010-01-20 00:00:00,170,2010-01-20 00:00:00,168.25,168.75,5,4700,792700,2010-01-20 00:00:00,1
2010-01-25 00:00:00,2010-01-25 00:00:00,170,2010-01-25 00:00:00,170,170,1,100,17000,2010-01-25 00:00:00,1
2010-01-26 00:00:00,2010-01-26 00:00:00,173,2010-01-26 00:00:00,170.5,171,3,600,102550,2010-01-26 00:00:00,1
2010-01-28 00:00:00,2010-01-28 00:00:00,173,2010-01-28 00:00:00,170,170,11,11300,1924200,2010-01-28 00:00:00,1
2010-02-01 00:00:00,2010-02-01 00:00:00,175,2010-02-01 00:00:00,171,173.25,3,1500,259750,2010-02-01 00:00:00,1
2010-02-02 00:00:00,2010-02-02 00:00:00,180,2010-02-02 00:00:00,175,179.75,4,5600,1006400,2010-02-02 00:00:00,1
2010-02-03 00:00:00,2010-02-03 00:00:00,180,2010-02-03 00:00:00,180,180,4,1300,234000,2010-02-03 00:00:00,1
2010-02-05 00:00:00,2010-02-05 00:00:00,180,2010-02-05 00:00:00,180,180,1,800,144000,2010-02-05 00:00:00,1
2010-02-08 00:00:00,2010-02-08 00:00:00,220,2010-02-08 00:00:00,187,204.75,54,20400,4068800,2010-02-08 00:00:00,1
2010-02-09 00:00:00,2010-02-09 00:00:00,220,2010-02-09 00:00:00,219,219.25,2,400,87700,2010-02-09 00:00:00,1
2010-02-10 00:00:00,2010-02-10 00:00:00,220,2010-02-10 00:00:00,219,219.75,6,7400,1625300,2010-02-10 00:00:00,1
2010-02-11 00:00:00,2010-02-11 00:00:00,240,2010-02-11 00:00:00,210,210.5,28,11000,2512525,2010-02-11 00:00:00,1
2010-02-12 00:00:00,2010-02-12 00:00:00,228.5,2010-02-12 00:00:00,210,210,5,1300,274850,2010-02-12 00:00:00,1
2010-02-15 00:00:00,2010-02-15 00:00:00,211,2010-02-15 00:00:00,210,210.5,5,1700,357600,2010-02-15 00:00:00,1
2010-02-16 00:00:00,2010-02-16 00:00:00,220,2010-02-16 00:00:00,206,210,21,9900,2129025,2010-02-16 00:00:00,1
2010-02-17 00:00:00,2010-02-17 00:00:00,210,2010-02-17 00:00:00,210,210,3,400,84000,2010-02-17 00:00:00,1
2010-02-18 00:00:00,2010-02-18 00:00:00,220,2010-02-18 00:00:00,220,220,1,200,44000,2010-02-18 00:00:00,1
2010-02-19 00:00:00,2010-02-19 00:00:00,219.75,2010-02-19 00:00:00,205,205,2,600,130375,2010-02-19 00:00:00,1
2010-02-22 00:00:00,2010-02-22 00:00:00,220,2010-02-22 00:00:00,205,209.75,16,11800,2475875,2010-02-22 00:00:00,1
2010-02-23 00:00:00,2010-02-23 00:00:00,220,2010-02-23 00:00:00,210,220,8,19800,4254325,2010-02-23 00:00:00,1
2010-02-24 00:00:00,2010-02-24 00:00:00,220,2010-02-24 00:00:00,210,210,5,7700,1627550,2010-02-24 00:00:00,1
2010-03-01 00:00:00,2010-03-01 00:00:00,210,2010-03-01 00:00:00,205,205.75,7,1900,390800,2010-03-01 00:00:00,1
2010-03-02 00:00:00,2010-03-02 00:00:00,220,2010-03-02 00:00:00,210,210.25,6,10800,2271075,2010-03-02 00:00:00,1
2010-03-03 00:00:00,2010-03-03 00:00:00,211,2010-03-03 00:00:00,211,211,1,100,21100,2010-03-03 00:00:00,1
2010-03-04 00:00:00,2010-03-04 00:00:00,211,2010-03-04 00:00:00,210,210.25,6,8000,1682450,2010-03-04 00:00:00,1
2010-03-05 00:00:00,2010-03-05 00:00:00,210.25,2010-03-05 00:00:00,210,210,4,600,126050,2010-03-05 00:00:00,1
2010-03-08 00:00:00,2010-03-08 00:00:00,215,2010-03-08 00:00:00,210,211.5,10,4200,888800,2010-03-08 00:00:00,1
2010-03-09 00:00:00,2010-03-09 00:00:00,212,2010-03-09 00:00:00,210,211,10,8700,1832625,2010-03-09 00:00:00,1
2010-03-10 00:00:00,2010-03-10 00:00:00,215.5,2010-03-10 00:00:00,215.5,215.5,1,100,21550,2010-03-10 00:00:00,1
2010-03-11 00:00:00,2010-03-11 00:00:00,215,2010-03-11 00:00:00,215,215,2,200,43000,2010-03-11 00:00:00,1
2010-03-12 00:00:00,2010-03-12 00:00:00,214,2010-03-12 00:00:00,214,214,2,600,128400,2010-03-12 00:00:00,1
2010-03-15 00:00:00,2010-03-15 00:00:00,215,2010-03-15 00:00:00,215,215,1,1000,215000,2010-03-15 00:00:00,1
2010-03-16 00:00:00,2010-03-16 00:00:00,217,2010-03-16 00:00:00,216,216,3,2000,433000,2010-03-16 00:00:00,1
2010-03-17 00:00:00,2010-03-17 00:00:00,217,2010-03-17 00:00:00,216,216.5,3,1200,259300,2010-03-17 00:00:00,1
2010-03-18 00:00:00,2010-03-18 00:00:00,217,2010-03-18 00:00:00,215.5,215.5,4,2000,432250,2010-03-18 00:00:00,1
2010-03-19 00:00:00,2010-03-19 00:00:00,215,2010-03-19 00:00:00,214,214.5,5,2000,429000,2010-03-19 00:00:00,1
2010-03-22 00:00:00,2010-03-22 00:00:00,217.5,2010-03-22 00:00:00,216.75,217,4,400,86775,2010-03-22 00:00:00,1
2010-03-24 00:00:00,2010-03-24 00:00:00,208,2010-03-24 00:00:00,206,207.25,5,800,165600,2010-03-24 00:00:00,1
2010-03-25 00:00:00,2010-03-25 00:00:00,206,2010-03-25 00:00:00,206,206,3,400,82400,2010-03-25 00:00:00,1
2010-03-30 00:00:00,2010-03-30 00:00:00,207,2010-03-30 00:00:00,207,207,1,100,20700,2010-03-30 00:00:00,1
2010-03-31 00:00:00,2010-03-31 00:00:00,206.25,2010-03-31 00:00:00,206,206,2,800,164875,2010-03-31 00:00:00,1
2010-04-06 00:00:00,2010-04-06 00:00:00,209.5,2010-04-06 00:00:00,209.5,209.5,1,100,20950,2010-04-06 00:00:00,1
2010-04-08 00:00:00,2010-04-08 00:00:00,214.75,2010-04-08 00:00:00,214.75,214.75,1,600,128850,2010-04-08 00:00:00,1
2010-04-12 00:00:00,2010-04-12 00:00:00,213,2010-04-12 00:00:00,212.5,212.75,3,300,63850,2010-04-12 00:00:00,1
2010-04-16 00:00:00,2010-04-16 00:00:00,215.5,2010-04-16 00:00:00,210.5,211,3,1200,255400,2010-04-16 00:00:00,1
2010-04-19 00:00:00,2010-04-19 00:00:00,218,2010-04-19 00:00:00,217.75,218,4,8100,1765775,2010-04-19 00:00:00,1
2010-04-20 00:00:00,2010-04-20 00:00:00,217,2010-04-20 00:00:00,217,217,1,500,108500,2010-04-20 00:00:00,1
2010-04-21 00:00:00,2010-04-21 00:00:00,218,2010-04-21 00:00:00,217,217.5,6,4300,935250,2010-04-21 00:00:00,1
2010-04-23 00:00:00,2010-04-23 00:00:00,220,2010-04-23 00:00:00,217,220,12,9700,2130700,2010-04-23 00:00:00,1
2010-04-26 00:00:00,2010-04-26 00:00:00,220,2010-04-26 00:00:00,220,220,3,600,132000,2010-04-26 00:00:00,1
2010-04-27 00:00:00,2010-04-27 00:00:00,245,2010-04-27 00:00:00,227.75,233.25,8,1900,443275,2010-04-27 00:00:00,1
2010-04-30 00:00:00,2010-04-30 00:00:00,230,2010-04-30 00:00:00,230,230,1,100,23000,2010-04-30 00:00:00,1
2010-05-03 00:00:00,2010-05-03 00:00:00,230,2010-05-03 00:00:00,228,230,5,3000,687000,2010-05-03 00:00:00,1
2010-05-04 00:00:00,2010-05-04 00:00:00,229,2010-05-04 00:00:00,225,225,3,400,91200,2010-05-04 00:00:00,1
2010-05-05 00:00:00,2010-05-05 00:00:00,221.5,2010-05-05 00:00:00,221.5,221.5,1,1000,221500,2010-05-05 00:00:00,1
2010-05-06 00:00:00,2010-05-06 00:00:00,221,2010-05-06 00:00:00,210.25,211,6,1500,321150,2010-05-06 00:00:00,1
2010-05-10 00:00:00,2010-05-10 00:00:00,211,2010-05-10 00:00:00,211,211,2,200,42200,2010-05-10 00:00:00,1
2010-05-11 00:00:00,2010-05-11 00:00:00,211.5,2010-05-11 00:00:00,211,211,13,5000,1055275,2010-05-11 00:00:00,1
2010-05-14 00:00:00,2010-05-14 00:00:00,210,2010-05-14 00:00:00,210,210,1,100,21000,2010-05-14 00:00:00,1
2010-05-24 00:00:00,2010-05-24 00:00:00,210,2010-05-24 00:00:00,209,210,7,2800,587900,2010-05-24 00:00:00,1
2010-06-03 00:00:00,2010-06-03 00:00:00,225.5,2010-06-03 00:00:00,224,225.25,4,1800,405650,2010-06-03 00:00:00,1
2010-06-07 00:00:00,2010-06-07 00:00:00,210,2010-06-07 00:00:00,210,210,2,700,147000,2010-06-07 00:00:00,1
2010-06-09 00:00:00,2010-06-09 00:00:00,210,2010-06-09 00:00:00,210,210,7,7000,1470000,2010-06-09 00:00:00,1
2010-06-14 00:00:00,2010-06-14 00:00:00,215.25,2010-06-14 00:00:00,215.25,215.25,2,1200,258300,2010-06-14 00:00:00,1
2010-06-17 00:00:00,2010-06-17 00:00:00,215.25,2010-06-17 00:00:00,215.25,215.25,1,300,64575,2010-06-17 00:00:00,1
2010-06-22 00:00:00,2010-06-22 00:00:00,215.25,2010-06-22 00:00:00,215.25,215.25,4,3800,817950,2010-06-22 00:00:00,1
2010-06-23 00:00:00,2010-06-23 00:00:00,230,2010-06-23 00:00:00,215.25,228,13,3000,681325,2010-06-23 00:00:00,1
2010-06-24 00:00:00,2010-06-24 00:00:00,220,2010-06-24 00:00:00,220,220,1,100,22000,2010-06-24 00:00:00,1
2010-06-28 00:00:00,2010-06-28 00:00:00,220,2010-06-28 00:00:00,217,218.5,2,200,43700,2010-06-28 00:00:00,1
2010-07-01 00:00:00,2010-07-01 00:00:00,225,2010-07-01 00:00:00,225,225,1,200,45000,2010-07-01 00:00:00,1
2010-07-02 00:00:00,2010-07-02 00:00:00,228,2010-07-02 00:00:00,228,228,1,200,45600,2010-07-02 00:00:00,1
2010-07-05 00:00:00,2010-07-05 00:00:00,220.5,2010-07-05 00:00:00,220.5,220.5,1,200,44100,2010-07-05 00:00:00,1
2010-07-06 00:00:00,2010-07-06 00:00:00,220,2010-07-06 00:00:00,220,220,2,1000,220000,2010-07-06 00:00:00,1
2010-07-07 00:00:00,2010-07-07 00:00:00,220,2010-07-07 00:00:00,220,220,1,400,88000,2010-07-07 00:00:00,1
2010-07-08 00:00:00,2010-07-08 00:00:00,216,2010-07-08 00:00:00,215.25,216,3,500,107925,2010-07-08 00:00:00,1
2010-07-12 00:00:00,2010-07-12 00:00:00,220,2010-07-12 00:00:00,220,220,1,300,66000,2010-07-12 00:00:00,1
2010-07-15 00:00:00,2010-07-15 00:00:00,220,2010-07-15 00:00:00,220,220,1,500,110000,2010-07-15 00:00:00,1
2010-07-19 00:00:00,2010-07-19 00:00:00,220,2010-07-19 00:00:00,220,220,1,300,66000,2010-07-19 00:00:00,1
2010-07-20 00:00:00,2010-07-20 00:00:00,220,2010-07-20 00:00:00,220,220,1,100,22000,2010-07-20 00:00:00,1
2010-07-23 00:00:00,2010-07-23 00:00:00,227.5,2010-07-23 00:00:00,220,222.5,8,2000,448450,2010-07-23 00:00:00,1
2010-07-26 00:00:00,2010-07-26 00:00:00,223,2010-07-26 00:00:00,220,220,2,600,132300,2010-07-26 00:00:00,1
2010-07-27 00:00:00,2010-07-27 00:00:00,239,2010-07-27 00:00:00,229.5,237,14,4900,1137800,2010-07-27 00:00:00,1
2010-07-28 00:00:00,2010-07-28 00:00:00,325,2010-07-28 00:00:00,242,324.75,27,11900,3707750,2010-07-28 00:00:00,1
2010-07-29 00:00:00,2010-07-29 00:00:00,320,2010-07-29 00:00:00,300,319.5,15,4700,1494750,2010-07-29 00:00:00,1
2010-07-30 00:00:00,2010-07-30 00:00:00,300,2010-07-30 00:00:00,300,300,2,1100,330000,2010-07-30 00:00:00,1
2010-08-04 00:00:00,2010-08-04 00:00:00,310,2010-08-04 00:00:00,310,310,5,2400,744000,2010-08-04 00:00:00,1
2010-08-09 00:00:00,2010-08-09 00:00:00,280,2010-08-09 00:00:00,280,280,2,11900,3332000,2010-08-09 00:00:00,1
2010-08-10 00:00:00,2010-08-10 00:00:00,277,2010-08-10 00:00:00,255,275.5,5,700,188700,2010-08-10 00:00:00,1
2010-08-11 00:00:00,2010-08-11 00:00:00,277,2010-08-11 00:00:00,275.5,275.8,3,1000,275800,2010-08-11 00:00:00,1
2010-08-12 00:00:00,2010-08-12 00:00:00,275.8,2010-08-12 00:00:00,260.1,274,5,3700,1017110,2010-08-12 00:00:00,1
2010-08-13 00:00:00,2010-08-13 00:00:00,274,2010-08-13 00:00:00,260.5,265.5,3,300,79650,2010-08-13 00:00:00,1
2010-08-16 00:00:00,2010-08-16 00:00:00,247.1,2010-08-16 00:00:00,245,247.1,3,500,123330,2010-08-16 00:00:00,1
2010-08-17 00:00:00,2010-08-17 00:00:00,247,2010-08-17 00:00:00,245.1,246.5,3,400,98610,2010-08-17 00:00:00,1
2010-08-18 00:00:00,2010-08-18 00:00:00,260,2010-08-18 00:00:00,250.1,260,2,300,77010,2010-08-18 00:00:00,1
2010-08-19 00:00:00,2010-08-19 00:00:00,275,2010-08-19 00:00:00,275,275,2,200,55000,2010-08-19 00:00:00,1
2010-08-20 00:00:00,2010-08-20 00:00:00,275,2010-08-20 00:00:00,275,275,8,2000,550000,2010-08-20 00:00:00,1
2010-08-23 00:00:00,2010-08-23 00:00:00,275,2010-08-23 00:00:00,275,275,1,100,27500,2010-08-23 00:00:00,1
2010-08-25 00:00:00,2010-08-25 00:00:00,280,2010-08-25 00:00:00,275,275.1,4,5200,1430800,2010-08-25 00:00:00,1
2010-08-27 00:00:00,2010-08-27 00:00:00,260,2010-08-27 00:00:00,260,260,3,22000,5720000,2010-08-27 00:00:00,1
2010-08-30 00:00:00,2010-08-30 00:00:00,286,2010-08-30 00:00:00,279,285.1,9,5600,1578100,2010-08-30 00:00:00,1
2010-08-31 00:00:00,2010-08-31 00:00:00,290,2010-08-31 00:00:00,275,285,4,500,141500,2010-08-31 00:00:00,1
2010-09-01 00:00:00,2010-09-01 00:00:00,300,2010-09-01 00:00:00,280,295,4,2100,602500,2010-09-01 00:00:00,1
2010-09-02 00:00:00,2010-09-02 00:00:00,295,2010-09-02 00:00:00,276.5,293.3,3,1100,322650,2010-09-02 00:00:00,1
2010-09-06 00:00:00,2010-09-06 00:00:00,281,2010-09-06 00:00:00,281,281,1,200,56200,2010-09-06 00:00:00,1
2010-09-07 00:00:00,2010-09-07 00:00:00,285,2010-09-07 00:00:00,285,285,2,200,57000,2010-09-07 00:00:00,1
2010-09-08 00:00:00,2010-09-08 00:00:00,285,2010-09-08 00:00:00,285,285,5,1500,427500,2010-09-08 00:00:00,1
2010-09-09 00:00:00,2010-09-09 00:00:00,285,2010-09-09 00:00:00,285,285,2,1100,313500,2010-09-09 00:00:00,1
2010-09-13 00:00:00,2010-09-13 00:00:00,275,2010-09-13 00:00:00,260,272.3,3,1300,354000,2010-09-13 00:00:00,1
2010-09-14 00:00:00,2010-09-14 00:00:00,275,2010-09-14 00:00:00,245.1,269.8,4,1600,434310,2010-09-14 00:00:00,1
2010-09-16 00:00:00,2010-09-16 00:00:00,250,2010-09-16 00:00:00,250,250,1,100,25000,2010-09-16 00:00:00,1
2010-09-17 00:00:00,2010-09-17 00:00:00,275,2010-09-17 00:00:00,274.9,275,4,2600,714880,2010-09-17 00:00:00,1
2010-09-20 00:00:00,2010-09-20 00:00:00,300,2010-09-20 00:00:00,300,300,5,2500,750000,2010-09-20 00:00:00,1
2010-09-21 00:00:00,2010-09-21 00:00:00,305,2010-09-21 00:00:00,299.9,300.7,13,7700,2315430,2010-09-21 00:00:00,1
2010-09-23 00:00:00,2010-09-23 00:00:00,305,2010-09-23 00:00:00,302,302,6,1900,579200,2010-09-23 00:00:00,1
2010-09-24 00:00:00,2010-09-24 00:00:00,302.1,2010-09-24 00:00:00,295,301.8,16,13600,4089980,2010-09-24 00:00:00,1
2010-09-27 00:00:00,2010-09-27 00:00:00,303,2010-09-27 00:00:00,301.8,301.9,3,3200,966000,2010-09-27 00:00:00,1
2010-09-28 00:00:00,2010-09-28 00:00:00,305,2010-09-28 00:00:00,300,305,8,5900,1778430,2010-09-28 00:00:00,1
2010-10-01 00:00:00,2010-10-01 00:00:00,310,2010-10-01 00:00:00,305,305.9,3,1100,336500,2010-10-01 00:00:00,1
2010-10-04 00:00:00,2010-10-04 00:00:00,325,2010-10-04 00:00:00,306,324.4,5,600,190940,2010-10-04 00:00:00,1
2010-10-06 00:00:00,2010-10-06 00:00:00,301.2,2010-10-06 00:00:00,301.2,301.2,2,300,90360,2010-10-06 00:00:00,1
2010-10-07 00:00:00,2010-10-07 00:00:00,301,2010-10-07 00:00:00,290,300,6,1200,355100,2010-10-07 00:00:00,1
2010-10-08 00:00:00,2010-10-08 00:00:00,300,2010-10-08 00:00:00,300,300,1,1000,300000,2010-10-08 00:00:00,1
2010-10-11 00:00:00,2010-10-11 00:00:00,300.1,2010-10-11 00:00:00,300.1,300.1,2,400,120040,2010-10-11 00:00:00,1
2010-10-12 00:00:00,2010-10-12 00:00:00,300,2010-10-12 00:00:00,300,300,1,300,90000,2010-10-12 00:00:00,1
2010-10-13 00:00:00,2010-10-13 00:00:00,300,2010-10-13 00:00:00,275,300,6,1300,371500,2010-10-13 00:00:00,1
2010-10-15 00:00:00,2010-10-15 00:00:00,290,2010-10-15 00:00:00,290,290,1,500,145000,2010-10-15 00:00:00,1
2010-10-18 00:00:00,2010-10-18 00:00:00,300,2010-10-18 00:00:00,300,300,1,1000,300000,2010-10-18 00:00:00,1
2010-10-20 00:00:00,2010-10-20 00:00:00,300,2010-10-20 00:00:00,300,300,6,6300,1890000,2010-10-20 00:00:00,1
2010-10-26 00:00:00,2010-10-26 00:00:00,300,2010-10-26 00:00:00,300,300,1,500,150000,2010-10-26 00:00:00,1
2010-11-01 00:00:00,2010-11-01 00:00:00,300,2010-11-01 00:00:00,300,300,2,2100,630000,2010-11-01 00:00:00,1
2010-11-03 00:00:00,2010-11-03 00:00:00,300,2010-11-03 00:00:00,300,300,1,500,150000,2010-11-03 00:00:00,1
2010-11-04 00:00:00,2010-11-04 00:00:00,300,2010-11-04 00:00:00,300,300,2,1700,510000,2010-11-04 00:00:00,1
2010-11-10 00:00:00,2010-11-10 00:00:00,310,2010-11-10 00:00:00,310,310,1,100,31000,2010-11-10 00:00:00,1
2010-11-15 00:00:00,2010-11-15 00:00:00,280,2010-11-15 00:00:00,280,280,1,100,28000,2010-11-15 00:00:00,1
2010-11-18 00:00:00,2010-11-18 00:00:00,300,2010-11-18 00:00:00,300,300,2,600,180000,2010-11-18 00:00:00,1
2010-11-22 00:00:00,2010-11-22 00:00:00,284,2010-11-22 00:00:00,284,284,2,900,255600,2010-11-22 00:00:00,1
2010-11-23 00:00:00,2010-11-23 00:00:00,284,2010-11-23 00:00:00,275.5,275.5,8,4100,1150980,2010-11-23 00:00:00,1
2010-11-25 00:00:00,2010-11-25 00:00:00,275.1,2010-11-25 00:00:00,275.1,275.1,4,3500,962850,2010-11-25 00:00:00,1
2010-11-29 00:00:00,2010-11-29 00:00:00,270,2010-11-29 00:00:00,250.1,260,6,1800,468070,2010-11-29 00:00:00,1
2010-11-30 00:00:00,2010-11-30 00:00:00,260,2010-11-30 00:00:00,260,260,2,1500,390000,2010-11-30 00:00:00,1
2010-12-02 00:00:00,2010-12-02 00:00:00,285,2010-12-02 00:00:00,270,272.1,3,900,244500,2010-12-02 00:00:00,1
2010-12-03 00:00:00,2010-12-03 00:00:00,270,2010-12-03 00:00:00,270,270,1,200,54000,2010-12-03 00:00:00,1
2010-12-06 00:00:00,2010-12-06 00:00:00,270,2010-12-06 00:00:00,270,270,1,300,81000,2010-12-06 00:00:00,1
2010-12-13 00:00:00,2010-12-13 00:00:00,270,2010-12-13 00:00:00,270,270,2,200,54000,2010-12-13 00:00:00,1
2010-12-15 00:00:00,2010-12-15 00:00:00,270,2010-12-15 00:00:00,270,270,1,300,81000,2010-12-15 00:00:00,1
2010-12-16 00:00:00,2010-12-16 00:00:00,260,2010-12-16 00:00:00,255,260,3,400,102540,2010-12-16 00:00:00,1
2010-12-17 00:00:00,2010-12-17 00:00:00,267,2010-12-17 00:00:00,267,267,1,400,106800,2010-12-17 00:00:00,1
2010-12-21 00:00:00,2010-12-21 00:00:00,270,2010-12-21 00:00:00,270,270,2,400,108000,2010-12-21 00:00:00,1
2010-12-22 00:00:00,2010-12-22 00:00:00,270,2010-12-22 00:00:00,270,270,2,800,216000,2010-12-22 00:00:00,1
2010-12-28 00:00:00,2010-12-28 00:00:00,285,2010-12-28 00:00:00,285,285,1,100,28500,2010-12-28 00:00:00,1
2010-12-29 00:00:00,2010-12-29 00:00:00,280,2010-12-29 00:00:00,280,280,1,400,112000,2010-12-29 00:00:00,1
Company Id :  CTEA,,Security Type :  N,,Sub Type :  0000,,,,,,
Short Name :  TEA SERVICES,,,,,,,,,,
Day,Date High,High,Date Low,Low,Closing,No. of Trades,No. of Shares,Turnover,Last Traded,Days Traded
2010-01-05 00:00:00,2010-01-05 00:00:00,415,2010-01-05 00:00:00,400,405,3,300,121500,2010-01-05 00:00:00,1
2010-01-06 00:00:00,2010-01-06 00:00:00,420,2010-01-06 00:00:00,420,420,1,100,42000,2010-01-06 00:00:00,1
2010-01-07 00:00:00,2010-01-07 00:00:00,420,2010-01-07 00:00:00,419.75,420,2,400,167975,2010-01-07 00:00:00,1
2010-01-08 00:00:00,2010-01-08 00:00:00,420,2010-01-08 00:00:00,420,420,3,300,126000,2010-01-08 00:00:00,1
2010-01-11 00:00:00,2010-01-11 00:00:00,430,2010-01-11 00:00:00,420,420,2,200,85000,2010-01-11 00:00:00,1
2010-01-12 00:00:00,2010-01-12 00:00:00,440,2010-01-12 00:00:00,430,433.25,4,700,302000,2010-01-12 00:00:00,1
2010-01-13 00:00:00,2010-01-13 00:00:00,465,2010-01-13 00:00:00,440,450,8,1500,675000,2010-01-13 00:00:00,1
2010-01-20 00:00:00,2010-01-20 00:00:00,448,2010-01-20 00:00:00,448,448,1,500,224000,2010-01-20 00:00:00,1
2010-01-25 00:00:00,2010-01-25 00:00:00,450,2010-01-25 00:00:00,376,449.75,5,1900,840350,2010-01-25 00:00:00,1
2010-02-09 00:00:00,2010-02-09 00:00:00,450,2010-02-09 00:00:00,449.75,449.75,6,6000,2699200,2010-02-09 00:00:00,1
2010-02-17 00:00:00,2010-02-17 00:00:00,400,2010-02-17 00:00:00,400,400,2,200,80000,2010-02-17 00:00:00,1
2010-02-22 00:00:00,2010-02-22 00:00:00,450,2010-02-22 00:00:00,440,447.25,4,400,178900,2010-02-22 00:00:00,1
2010-02-23 00:00:00,2010-02-23 00:00:00,530,2010-02-23 00:00:00,449,530,18,4200,2060925,2010-02-23 00:00:00,1
2010-03-01 00:00:00,2010-03-01 00:00:00,550,2010-03-01 00:00:00,500,500,10,1700,893025,2010-03-01 00:00:00,1
2010-03-02 00:00:00,2010-03-02 00:00:00,490,2010-03-02 00:00:00,490,490,1,100,49000,2010-03-02 00:00:00,1
2010-03-03 00:00:00,2010-03-03 00:00:00,500,2010-03-03 00:00:00,495,495,4,400,198500,2010-03-03 00:00:00,1
2010-03-08 00:00:00,2010-03-08 00:00:00,500,2010-03-08 00:00:00,500,500,1,100,50000,2010-03-08 00:00:00,1
2010-03-22 00:00:00,2010-03-22 00:00:00,480,2010-03-22 00:00:00,480,480,2,200,96000,2010-03-22 00:00:00,1
2010-04-01 00:00:00,2010-04-01 00:00:00,480.25,2010-04-01 00:00:00,480,480.25,2,200,96025,2010-04-01 00:00:00,1
2010-04-08 00:00:00,2010-04-08 00:00:00,550,2010-04-08 00:00:00,517.5,539.25,2,300,161750,2010-04-08 00:00:00,1
2010-05-06 00:00:00,2010-05-06 00:00:00,520,2010-05-06 00:00:00,520,520,1,100,52000,2010-05-06 00:00:00,1
2010-05-11 00:00:00,2010-05-11 00:00:00,515,2010-05-11 00:00:00,515,515,1,100,51500,2010-05-11 00:00:00,1
2010-05-13 00:00:00,2010-05-13 00:00:00,575,2010-05-13 00:00:00,530,562.5,3,700,377500,2010-05-13 00:00:00,1
2010-05-14 00:00:00,2010-05-14 00:00:00,575,2010-05-14 00:00:00,574,574.75,5,500,287400,2010-05-14 00:00:00,1
2010-05-20 00:00:00,2010-05-20 00:00:00,540,2010-05-20 00:00:00,540,540,1,100,54000,2010-05-20 00:00:00,1
2010-05-24 00:00:00,2010-05-24 00:00:00,540,2010-05-24 00:00:00,540,540,4,500,270000,2010-05-24 00:00:00,1
2010-06-01 00:00:00,2010-06-01 00:00:00,550,2010-06-01 00:00:00,540,550,16,22600,12271500,2010-06-01 00:00:00,1
2010-06-03 00:00:00,2010-06-03 00:00:00,560,2010-06-03 00:00:00,550,558,2,500,279000,2010-06-03 00:00:00,1
2010-06-10 00:00:00,2010-06-10 00:00:00,540,2010-06-10 00:00:00,540,540,4,12200,6588000,2010-06-10 00:00:00,1
2010-06-11 00:00:00,2010-06-11 00:00:00,540,2010-06-11 00:00:00,540,540,4,8400,4536000,2010-06-11 00:00:00,1
2010-06-16 00:00:00,2010-06-16 00:00:00,550,2010-06-16 00:00:00,548.75,549.5,12,3200,1758750,2010-06-16 00:00:00,1
2010-06-21 00:00:00,2010-06-21 00:00:00,545.25,2010-06-21 00:00:00,545.25,545.25,1,100,54525,2010-06-21 00:00:00,1
2010-07-02 00:00:00,2010-07-02 00:00:00,535.25,2010-07-02 00:00:00,535.25,535.25,3,4000,2141000,2010-07-02 00:00:00,1
2010-07-08 00:00:00,2010-07-08 00:00:00,555.25,2010-07-08 00:00:00,555.25,555.25,1,100,55525,2010-07-08 00:00:00,1
2010-07-09 00:00:00,2010-07-09 00:00:00,560,2010-07-09 00:00:00,560,560,1,100,56000,2010-07-09 00:00:00,1
2010-07-12 00:00:00,2010-07-12 00:00:00,575,2010-07-12 00:00:00,575,575,1,100,57500,2010-07-12 00:00:00,1
2010-07-13 00:00:00,2010-07-13 00:00:00,576.5,2010-07-13 00:00:00,576.5,576.5,1,100,57650,2010-07-13 00:00:00,1
2010-07-14 00:00:00,2010-07-14 00:00:00,575,2010-07-14 00:00:00,575,575,2,1100,632500,2010-07-14 00:00:00,1
2010-07-15 00:00:00,2010-07-15 00:00:00,575,2010-07-15 00:00:00,574,575,2,2100,1207400,2010-07-15 00:00:00,1
2010-07-20 00:00:00,2010-07-20 00:00:00,585,2010-07-20 00:00:00,575,578.25,2,300,173500,2010-07-20 00:00:00,1
2010-07-23 00:00:00,2010-07-23 00:00:00,605,2010-07-23 00:00:00,590,598,6,800,478950,2010-07-23 00:00:00,1
2010-07-26 00:00:00,2010-07-26 00:00:00,600,2010-07-26 00:00:00,600,600,1,200,120000,2010-07-26 00:00:00,1
2010-07-27 00:00:00,2010-07-27 00:00:00,600,2010-07-27 00:00:00,600,600,1,100,60000,2010-07-27 00:00:00,1
2010-07-28 00:00:00,2010-07-28 00:00:00,600,2010-07-28 00:00:00,599.75,600,3,300,179975,2010-07-28 00:00:00,1
2010-07-30 00:00:00,2010-07-30 00:00:00,599.75,2010-07-30 00:00:00,599.5,599.75,2,200,119925,2010-07-30 00:00:00,1
2010-08-03 00:00:00,2010-08-03 00:00:00,610,2010-08-03 00:00:00,610,610,1,100,61000,2010-08-03 00:00:00,1
2010-08-06 00:00:00,2010-08-06 00:00:00,550,2010-08-06 00:00:00,550,550,1,100,55000,2010-08-06 00:00:00,1
2010-08-09 00:00:00,2010-08-09 00:00:00,535,2010-08-09 00:00:00,500.1,500.1,2,200,103510,2010-08-09 00:00:00,1
2010-08-10 00:00:00,2010-08-10 00:00:00,550,2010-08-10 00:00:00,550,550,2,400,220000,2010-08-10 00:00:00,1
2010-08-11 00:00:00,2010-08-11 00:00:00,550,2010-08-11 00:00:00,550,550,1,200,110000,2010-08-11 00:00:00,1
2010-08-13 00:00:00,2010-08-13 00:00:00,605,2010-08-13 00:00:00,605,605,6,1100,665500,2010-08-13 00:00:00,1
2010-08-17 00:00:00,2010-08-17 00:00:00,660,2010-08-17 00:00:00,659.5,660,4,500,329900,2010-08-17 00:00:00,1
2010-08-18 00:00:00,2010-08-18 00:00:00,725,2010-08-18 00:00:00,700,705.4,8,1100,775690,2010-08-18 00:00:00,1
2010-08-19 00:00:00,2010-08-19 00:00:00,775,2010-08-19 00:00:00,748.9,766.3,13,1700,1302780,2010-08-19 00:00:00,1
2010-08-23 00:00:00,2010-08-23 00:00:00,710,2010-08-23 00:00:00,695,698.2,4,1400,977500,2010-08-23 00:00:00,1
2010-08-25 00:00:00,2010-08-25 00:00:00,700,2010-08-25 00:00:00,700,700,1,100,70000,2010-08-25 00:00:00,1
2010-09-03 00:00:00,2010-09-03 00:00:00,700,2010-09-03 00:00:00,700,700,1,100,70000,2010-09-03 00:00:00,1
2010-09-06 00:00:00,2010-09-06 00:00:00,700,2010-09-06 00:00:00,700,700,1,100,70000,2010-09-06 00:00:00,1
2010-09-07 00:00:00,2010-09-07 00:00:00,700,2010-09-07 00:00:00,700,700,5,1400,980000,2010-09-07 00:00:00,1
2010-09-08 00:00:00,2010-09-08 00:00:00,700,2010-09-08 00:00:00,699,699.5,2,200,139900,2010-09-08 00:00:00,1
2010-09-14 00:00:00,2010-09-14 00:00:00,700,2010-09-14 00:00:00,700,700,1,100,70000,2010-09-14 00:00:00,1
2010-09-15 00:00:00,2010-09-15 00:00:00,700,2010-09-15 00:00:00,700,700,1,100,70000,2010-09-15 00:00:00,1
2010-09-16 00:00:00,2010-09-16 00:00:00,700,2010-09-16 00:00:00,700,700,1,100,70000,2010-09-16 00:00:00,1
2010-09-17 00:00:00,2010-09-17 00:00:00,700,2010-09-17 00:00:00,700,700,1,100,70000,2010-09-17 00:00:00,1
2010-09-23 00:00:00,2010-09-23 00:00:00,700,2010-09-23 00:00:00,700,700,1,100,70000,2010-09-23 00:00:00,1
2010-09-24 00:00:00,2010-09-24 00:00:00,770,2010-09-24 00:00:00,745,746.7,4,1500,1120000,2010-09-24 00:00:00,1
2010-09-27 00:00:00,2010-09-27 00:00:00,750,2010-09-27 00:00:00,750,750,1,500,375000,2010-09-27 00:00:00,1
2010-09-28 00:00:00,2010-09-28 00:00:00,800,2010-09-28 00:00:00,800,800,5,700,560000,2010-09-28 00:00:00,1
2010-09-29 00:00:00,2010-09-29 00:00:00,855,2010-09-29 00:00:00,855,855,1,100,85500,2010-09-29 00:00:00,1
2010-09-30 00:00:00,2010-09-30 00:00:00,800,2010-09-30 00:00:00,800,800,1,100,80000,2010-09-30 00:00:00,1
2010-10-07 00:00:00,2010-10-07 00:00:00,800,2010-10-07 00:00:00,800,800,1,100,80000,2010-10-07 00:00:00,1
2010-10-12 00:00:00,2010-10-12 00:00:00,900,2010-10-12 00:00:00,800,893.3,4,1500,1340000,2010-10-12 00:00:00,1
2010-10-13 00:00:00,2010-10-13 00:00:00,900,2010-10-13 00:00:00,890,896.7,6,1000,896660,2010-10-13 00:00:00,1
2010-10-14 00:00:00,2010-10-14 00:00:00,900,2010-10-14 00:00:00,850,868.8,2,800,695000,2010-10-14 00:00:00,1
2010-10-19 00:00:00,2010-10-19 00:00:00,900,2010-10-19 00:00:00,850,884.4,6,900,792500,2010-10-19 00:00:00,1
2010-10-26 00:00:00,2010-10-26 00:00:00,850,2010-10-26 00:00:00,826,850,2,200,167600,2010-10-26 00:00:00,1
2010-11-04 00:00:00,2010-11-04 00:00:00,850,2010-11-04 00:00:00,850,850,1,200,170000,2010-11-04 00:00:00,1
2010-11-09 00:00:00,2010-11-09 00:00:00,850.5,2010-11-09 00:00:00,850,850.3,2,200,170050,2010-11-09 00:00:00,1
2010-11-10 00:00:00,2010-11-10 00:00:00,800,2010-11-10 00:00:00,800,800,2,200,160000,2010-11-10 00:00:00,1
2010-11-11 00:00:00,2010-11-11 00:00:00,800,2010-11-11 00:00:00,800,800,2,1000,800000,2010-11-11 00:00:00,1
2010-11-12 00:00:00,2010-11-12 00:00:00,800,2010-11-12 00:00:00,800,800,1,100,80000,2010-11-12 00:00:00,1
2010-11-24 00:00:00,2010-11-24 00:00:00,725,2010-11-24 00:00:00,700,725,6,1400,989550,2010-11-24 00:00:00,1
2010-12-01 00:00:00,2010-12-01 00:00:00,730,2010-12-01 00:00:00,725,728,5,2000,1451500,2010-12-01 00:00:00,1
2010-12-02 00:00:00,2010-12-02 00:00:00,799,2010-12-02 00:00:00,775,787,2,200,157400,2010-12-02 00:00:00,1
2010-12-14 00:00:00,2010-12-14 00:00:00,760,2010-12-14 00:00:00,750,760,4,900,679000,2010-12-14 00:00:00,1
2010-12-21 00:00:00,2010-12-21 00:00:00,774,2010-12-21 00:00:00,774,774,1,100,77400,2010-12-21 00:00:00,1
2010-12-23 00:00:00,2010-12-23 00:00:00,700.1,2010-12-23 00:00:00,700.1,700.1,1,400,280040,2010-12-23 00:00:00,1
2010-12-30 00:00:00,2010-12-30 00:00:00,720,2010-12-30 00:00:00,712,713.9,5,1000,716950,2010-12-30 00:00:00,1
Company Id :  CTHR,,Security Type :  N,,Sub Type :  0000,,,,,,
Short Name :  C T HOLDINGS,,,,,,,,,,
Day,Date High,High,Date Low,Low,Closing,No. of Trades,No. of Shares,Turnover,Last Traded,Days Traded
2010-01-04 00:00:00,2010-01-04 00:00:00,55.5,2010-01-04 00:00:00,51.25,55,51,81000,4421375,2010-01-04 00:00:00,1
2010-01-05 00:00:00,2010-01-05 00:00:00,56.5,2010-01-05 00:00:00,55,56,76,105100,5833650,2010-01-05 00:00:00,1
2010-01-06 00:00:00,2010-01-06 00:00:00,57.75,2010-01-06 00:00:00,56,56.25,90,215500,12278850,2010-01-06 00:00:00,1
2010-01-07 00:00:00,2010-01-07 00:00:00,56,2010-01-07 00:00:00,55,55.5,31,41100,2267050,2010-01-07 00:00:00,1
2010-01-08 00:00:00,2010-01-08 00:00:00,55,2010-01-08 00:00:00,54.5,54.75,22,21300,1170775,2010-01-08 00:00:00,1
2010-01-11 00:00:00,2010-01-11 00:00:00,55.25,2010-01-11 00:00:00,55,55.25,17,26200,1441625,2010-01-11 00:00:00,1
2010-01-12 00:00:00,2010-01-12 00:00:00,55,2010-01-12 00:00:00,54,54.5,19,22100,1198225,2010-01-12 00:00:00,1
2010-01-13 00:00:00,2010-01-13 00:00:00,56,2010-01-13 00:00:00,54.5,55,25,21200,1171525,2010-01-13 00:00:00,1
2010-01-15 00:00:00,2010-01-15 00:00:00,56,2010-01-15 00:00:00,55,55,15,12100,667800,2010-01-15 00:00:00,1
2010-01-18 00:00:00,2010-01-18 00:00:00,55,2010-01-18 00:00:00,54,54,20,31300,1717850,2010-01-18 00:00:00,1
2010-01-19 00:00:00,2010-01-19 00:00:00,54,2010-01-19 00:00:00,53.25,53.5,12,14900,803125,2010-01-19 00:00:00,1
2010-01-20 00:00:00,2010-01-20 00:00:00,55.25,2010-01-20 00:00:00,53,55,24,32600,1782050,2010-01-20 00:00:00,1
2010-01-21 00:00:00,2010-01-21 00:00:00,55,2010-01-21 00:00:00,54.5,54.75,15,13000,711675,2010-01-21 00:00:00,1
2010-01-22 00:00:00,2010-01-22 00:00:00,54.25,2010-01-22 00:00:00,54,54,20,20300,1096525,2010-01-22 00:00:00,1
2010-01-25 00:00:00,2010-01-25 00:00:00,55.5,2010-01-25 00:00:00,54,55,33,33800,1843725,2010-01-25 00:00:00,1
2010-01-26 00:00:00,2010-01-26 00:00:00,56,2010-01-26 00:00:00,55,55.5,17,23500,1304925,2010-01-26 00:00:00,1
2010-01-28 00:00:00,2010-01-28 00:00:00,55,2010-01-28 00:00:00,54.25,55,21,21000,1151025,2010-01-28 00:00:00,1
2010-02-01 00:00:00,2010-02-01 00:00:00,55.75,2010-02-01 00:00:00,54.5,54.75,8,3200,175225,2010-02-01 00:00:00,1
2010-02-02 00:00:00,2010-02-02 00:00:00,55,2010-02-02 00:00:00,54.25,55,31,25600,1406450,2010-02-02 00:00:00,1
2010-02-03 00:00:00,2010-02-03 00:00:00,59,2010-02-03 00:00:00,54,55.25,207,280900,15913325,2010-02-03 00:00:00,1
2010-02-05 00:00:00,2010-02-05 00:00:00,56,2010-02-05 00:00:00,55,55.5,43,61900,3434000,2010-02-05 00:00:00,1
2010-02-08 00:00:00,2010-02-08 00:00:00,57.25,2010-02-08 00:00:00,55,55.75,33,31000,1739050,2010-02-08 00:00:00,1
2010-02-09 00:00:00,2010-02-09 00:00:00,56.5,2010-02-09 00:00:00,55,56.25,38,135300,7568300,2010-02-09 00:00:00,1
2010-02-10 00:00:00,2010-02-10 00:00:00,56,2010-02-10 00:00:00,54.5,55,20,13000,717825,2010-02-10 00:00:00,1
2010-02-11 00:00:00,2010-02-11 00:00:00,55,2010-02-11 00:00:00,52.25,53.25,13,5800,311900,2010-02-11 00:00:00,1
2010-02-12 00:00:00,2010-02-12 00:00:00,56.75,2010-02-12 00:00:00,54,54,7,15500,873875,2010-02-12 00:00:00,1
2010-02-15 00:00:00,2010-02-15 00:00:00,55.75,2010-02-15 00:00:00,54,55,10,4900,270050,2010-02-15 00:00:00,1
2010-02-16 00:00:00,2010-02-16 00:00:00,55,2010-02-16 00:00:00,54,54,16,21100,1150450,2010-02-16 00:00:00,1
2010-02-17 00:00:00,2010-02-17 00:00:00,55,2010-02-17 00:00:00,54,54.5,18,29000,1587250,2010-02-17 00:00:00,1
2010-02-18 00:00:00,2010-02-18 00:00:00,56.5,2010-02-18 00:00:00,55,55,13,12800,715100,2010-02-18 00:00:00,1
2010-02-19 00:00:00,2010-02-19 00:00:00,56,2010-02-19 00:00:00,55,55.5,10,4800,264925,2010-02-19 00:00:00,1
2010-02-22 00:00:00,2010-02-22 00:00:00,55.5,2010-02-22 00:00:00,55,55,23,26700,1478600,2010-02-22 00:00:00,1
2010-02-23 00:00:00,2010-02-23 00:00:00,55,2010-02-23 00:00:00,54.25,55,12,6500,357425,2010-02-23 00:00:00,1
2010-02-24 00:00:00,2010-02-24 00:00:00,55,2010-02-24 00:00:00,54.5,54.5,7,2800,153100,2010-02-24 00:00:00,1
2010-02-25 00:00:00,2010-02-25 00:00:00,54.25,2010-02-25 00:00:00,54,54,8,7600,410675,2010-02-25 00:00:00,1
2010-02-26 00:00:00,2010-02-26 00:00:00,53.25,2010-02-26 00:00:00,53,53,5,4400,233225,2010-02-26 00:00:00,1
2010-03-01 00:00:00,2010-03-01 00:00:00,57,2010-03-01 00:00:00,52,56,74,120600,6637775,2010-03-01 00:00:00,1
2010-03-02 00:00:00,2010-03-02 00:00:00,61.5,2010-03-02 00:00:00,55,58.25,503,969100,57309350,2010-03-02 00:00:00,1
2010-03-03 00:00:00,2010-03-03 00:00:00,58.75,2010-03-03 00:00:00,56,56.5,61,78000,4482900,2010-03-03 00:00:00,1
2010-03-04 00:00:00,2010-03-04 00:00:00,58,2010-03-04 00:00:00,54,57,145,3184200,172416525,2010-03-04 00:00:00,1
2010-03-05 00:00:00,2010-03-05 00:00:00,58.5,2010-03-05 00:00:00,56,56.5,39,29100,1674350,2010-03-05 00:00:00,1
2010-03-08 00:00:00,2010-03-08 00:00:00,57,2010-03-08 00:00:00,55,55.25,15,10200,566850,2010-03-08 00:00:00,1
2010-03-09 00:00:00,2010-03-09 00:00:00,57,2010-03-09 00:00:00,55,55.5,9,10000,558875,2010-03-09 00:00:00,1
2010-03-10 00:00:00,2010-03-10 00:00:00,55.25,2010-03-10 00:00:00,55,55,22,21700,1195250,2010-03-10 00:00:00,1
2010-03-11 00:00:00,2010-03-11 00:00:00,55.5,2010-03-11 00:00:00,54.5,55,16,33600,1847975,2010-03-11 00:00:00,1
2010-03-12 00:00:00,2010-03-12 00:00:00,56.5,2010-03-12 00:00:00,55.25,56.5,9,48400,2720725,2010-03-12 00:00:00,1
2010-03-15 00:00:00,2010-03-15 00:00:00,56,2010-03-15 00:00:00,55.25,55.5,9,4300,238375,2010-03-15 00:00:00,1
2010-03-16 00:00:00,2010-03-16 00:00:00,55,2010-03-16 00:00:00,55,55,4,2100,115500,2010-03-16 00:00:00,1
2010-03-17 00:00:00,2010-03-17 00:00:00,57,2010-03-17 00:00:00,55,55.75,42,5017980,281002680,2010-03-17 00:00:00,1
2010-03-18 00:00:00,2010-03-18 00:00:00,56,2010-03-18 00:00:00,54.5,54.5,12,6400,353825,2010-03-18 00:00:00,1
2010-03-19 00:00:00,2010-03-19 00:00:00,54.25,2010-03-19 00:00:00,54,54,9,45400,2451725,2010-03-19 00:00:00,1
2010-03-22 00:00:00,2010-03-22 00:00:00,53.25,2010-03-22 00:00:00,53.25,53.25,2,200,10650,2010-03-22 00:00:00,1
2010-03-23 00:00:00,2010-03-23 00:00:00,53.5,2010-03-23 00:00:00,53.5,53.5,4,4400,235400,2010-03-23 00:00:00,1
2010-03-24 00:00:00,2010-03-24 00:00:00,54,2010-03-24 00:00:00,53.5,53.5,9,13400,717500,2010-03-24 00:00:00,1
2010-03-25 00:00:00,2010-03-25 00:00:00,54,2010-03-25 00:00:00,54,54,15,21700,1171800,2010-03-25 00:00:00,1
2010-03-26 00:00:00,2010-03-26 00:00:00,54.5,2010-03-26 00:00:00,54,54.5,14,65300,3553750,2010-03-26 00:00:00,1
2010-03-30 00:00:00,2010-03-30 00:00:00,54.5,2010-03-30 00:00:00,54,54,14,10300,558825,2010-03-30 00:00:00,1
2010-03-31 00:00:00,2010-03-31 00:00:00,54,2010-03-31 00:00:00,54,54,13,29600,1598400,2010-03-31 00:00:00,1
2010-04-01 00:00:00,2010-04-01 00:00:00,54,2010-04-01 00:00:00,54,54,8,9600,518400,2010-04-01 00:00:00,1
2010-04-05 00:00:00,2010-04-05 00:00:00,54,2010-04-05 00:00:00,54,54,2,700,37800,2010-04-05 00:00:00,1
2010-04-06 00:00:00,2010-04-06 00:00:00,58,2010-04-06 00:00:00,54.5,56.75,34,17900,1009825,2010-04-06 00:00:00,1
2010-04-07 00:00:00,2010-04-07 00:00:00,58,2010-04-07 00:00:00,56,57,52,85500,4934825,2010-04-07 00:00:00,1
2010-04-08 00:00:00,2010-04-08 00:00:00,57,2010-04-08 00:00:00,56,56.5,5,2600,146600,2010-04-08 00:00:00,1
2010-04-12 00:00:00,2010-04-12 00:00:00,58.5,2010-04-12 00:00:00,58,58,42,298500,17314600,2010-04-12 00:00:00,1
2010-04-15 00:00:00,2010-04-15 00:00:00,58.5,2010-04-15 00:00:00,57,58.25,21,140300,8123175,2010-04-15 00:00:00,1
2010-04-16 00:00:00,2010-04-16 00:00:00,58.5,2010-04-16 00:00:00,58,58,20,22800,1325550,2010-04-16 00:00:00,1
2010-04-19 00:00:00,2010-04-19 00:00:00,58.5,2010-04-19 00:00:00,58,58.5,50,111200,6486875,2010-04-19 00:00:00,1
2010-04-20 00:00:00,2010-04-20 00:00:00,59,2010-04-20 00:00:00,58.25,58.25,27,57200,3337150,2010-04-20 00:00:00,1
2010-04-21 00:00:00,2010-04-21 00:00:00,62.25,2010-04-21 00:00:00,58.5,61.75,229,285300,17330950,2010-04-21 00:00:00,1
2010-04-22 00:00:00,2010-04-22 00:00:00,65.5,2010-04-22 00:00:00,61.75,64.25,228,551200,34530925,2010-04-22 00:00:00,1
2010-04-23 00:00:00,2010-04-23 00:00:00,69.75,2010-04-23 00:00:00,65,69,260,1086400,74475675,2010-04-23 00:00:00,1
2010-04-26 00:00:00,2010-04-26 00:00:00,71.75,2010-04-26 00:00:00,68,68,199,219700,15406075,2010-04-26 00:00:00,1
2010-04-27 00:00:00,2010-04-27 00:00:00,68,2010-04-27 00:00:00,65,66.75,55,81200,5371650,2010-04-27 00:00:00,1
2010-04-29 00:00:00,2010-04-29 00:00:00,70.5,2010-04-29 00:00:00,67,70,113,341200,23864150,2010-04-29 00:00:00,1
2010-04-30 00:00:00,2010-04-30 00:00:00,70,2010-04-30 00:00:00,69.25,69.75,27,23900,1666425,2010-04-30 00:00:00,1
2010-05-03 00:00:00,2010-05-03 00:00:00,70.5,2010-05-03 00:00:00,69.75,70.25,80,129400,9070525,2010-05-03 00:00:00,1
2010-05-04 00:00:00,2010-05-04 00:00:00,72,2010-05-04 00:00:00,70,70.5,44,54900,3875775,2010-05-04 00:00:00,1
2010-05-05 00:00:00,2010-05-05 00:00:00,70.25,2010-05-05 00:00:00,70,70,45,67900,4756650,2010-05-05 00:00:00,1
2010-05-06 00:00:00,2010-05-06 00:00:00,70,2010-05-06 00:00:00,69,70,21,37600,2614450,2010-05-06 00:00:00,1
2010-05-07 00:00:00,2010-05-07 00:00:00,70,2010-05-07 00:00:00,69,69.25,22,35800,2484975,2010-05-07 00:00:00,1
2010-05-10 00:00:00,2010-05-10 00:00:00,70,2010-05-10 00:00:00,69,70,30,70100,4900700,2010-05-10 00:00:00,1
2010-05-11 00:00:00,2010-05-11 00:00:00,70.25,2010-05-11 00:00:00,70,70,26,42000,2940250,2010-05-11 00:00:00,1
2010-05-12 00:00:00,2010-05-12 00:00:00,73,2010-05-12 00:00:00,71,72,46,126800,9129575,2010-05-12 00:00:00,1
2010-05-13 00:00:00,2010-05-13 00:00:00,73.5,2010-05-13 00:00:00,72,73,86,542500,39497600,2010-05-13 00:00:00,1
2010-05-14 00:00:00,2010-05-14 00:00:00,82.5,2010-05-14 00:00:00,73.5,81,457,877200,70185200,2010-05-14 00:00:00,1
2010-05-17 00:00:00,2010-05-17 00:00:00,87,2010-05-17 00:00:00,82.25,85,178,373000,31717000,2010-05-17 00:00:00,1
2010-05-18 00:00:00,2010-05-18 00:00:00,87,2010-05-18 00:00:00,85,86.25,123,318200,27304525,2010-05-18 00:00:00,1
2010-05-19 00:00:00,2010-05-19 00:00:00,86.5,2010-05-19 00:00:00,85,85.5,54,94500,8077325,2010-05-19 00:00:00,1
2010-05-20 00:00:00,2010-05-20 00:00:00,85.5,2010-05-20 00:00:00,84,85,103,219800,18692350,2010-05-20 00:00:00,1
2010-05-21 00:00:00,2010-05-21 00:00:00,85,2010-05-21 00:00:00,85,85,44,105600,8976000,2010-05-21 00:00:00,1
2010-05-24 00:00:00,2010-05-24 00:00:00,86,2010-05-24 00:00:00,85,85.5,43,70100,6002950,2010-05-24 00:00:00,1
2010-05-25 00:00:00,2010-05-25 00:00:00,85.75,2010-05-25 00:00:00,85,85,54,154000,13101625,2010-05-25 00:00:00,1
2010-05-26 00:00:00,2010-05-26 00:00:00,86,2010-05-26 00:00:00,85,85.25,34,56300,4808625,2010-05-26 00:00:00,1
2010-05-31 00:00:00,2010-05-31 00:00:00,85.75,2010-05-31 00:00:00,85,85,26,51500,4382725,2010-05-31 00:00:00,1
2010-06-01 00:00:00,2010-06-01 00:00:00,89,2010-06-01 00:00:00,85,87.25,139,333900,29011125,2010-06-01 00:00:00,1
2010-06-02 00:00:00,2010-06-02 00:00:00,89,2010-06-02 00:00:00,87,88,73,157100,13832750,2010-06-02 00:00:00,1
2010-06-03 00:00:00,2010-06-03 00:00:00,88.75,2010-06-03 00:00:00,88.25,88.5,24,35100,3107125,2010-06-03 00:00:00,1
2010-06-04 00:00:00,2010-06-04 00:00:00,89,2010-06-04 00:00:00,88,89,34,59900,5304575,2010-06-04 00:00:00,1
2010-06-07 00:00:00,2010-06-07 00:00:00,89,2010-06-07 00:00:00,88.25,88.5,37,41200,3645600,2010-06-07 00:00:00,1
2010-06-08 00:00:00,2010-06-08 00:00:00,89,2010-06-08 00:00:00,88,88,36,64200,5662900,2010-06-08 00:00:00,1
2010-06-09 00:00:00,2010-06-09 00:00:00,95,2010-06-09 00:00:00,88,92,211,250700,23260850,2010-06-09 00:00:00,1
2010-06-10 00:00:00,2010-06-10 00:00:00,100,2010-06-10 00:00:00,92.5,99,352,525900,51309900,2010-06-10 00:00:00,1
2010-06-11 00:00:00,2010-06-11 00:00:00,109.75,2010-06-11 00:00:00,100,104.25,507,663400,69607550,2010-06-11 00:00:00,1
2010-06-14 00:00:00,2010-06-14 00:00:00,107,2010-06-14 00:00:00,102,102.75,127,113200,11883875,2010-06-14 00:00:00,1
2010-06-15 00:00:00,2010-06-15 00:00:00,104,2010-06-15 00:00:00,99.5,100.25,145,320100,32133950,2010-06-15 00:00:00,1
2010-06-16 00:00:00,2010-06-16 00:00:00,100,2010-06-16 00:00:00,98,98.75,55,176300,17599900,2010-06-16 00:00:00,1
2010-06-17 00:00:00,2010-06-17 00:00:00,98,2010-06-17 00:00:00,96.5,97,30,138800,13498050,2010-06-17 00:00:00,1
2010-06-21 00:00:00,2010-06-21 00:00:00,99,2010-06-21 00:00:00,96,96.5,31,43300,4209400,2010-06-21 00:00:00,1
2010-06-22 00:00:00,2010-06-22 00:00:00,96,2010-06-22 00:00:00,93.5,93.75,57,66200,6272875,2010-06-22 00:00:00,1
2010-06-23 00:00:00,2010-06-23 00:00:00,93.75,2010-06-23 00:00:00,92,92.5,33,74000,6812950,2010-06-23 00:00:00,1
2010-06-24 00:00:00,2010-06-24 00:00:00,98,2010-06-24 00:00:00,92,92,24,25200,2319050,2010-06-24 00:00:00,1
2010-06-28 00:00:00,2010-06-28 00:00:00,92.25,2010-06-28 00:00:00,91.5,91.5,22,40300,3704900,2010-06-28 00:00:00,1
2010-06-29 00:00:00,2010-06-29 00:00:00,91.5,2010-06-29 00:00:00,88,89.5,37,45900,4119975,2010-06-29 00:00:00,1
2010-06-30 00:00:00,2010-06-30 00:00:00,91,2010-06-30 00:00:00,89.25,90,25,73500,6616400,2010-06-30 00:00:00,1
2010-07-01 00:00:00,2010-07-01 00:00:00,91,2010-07-01 00:00:00,89.25,89.25,28,29600,2651900,2010-07-01 00:00:00,1
2010-07-02 00:00:00,2010-07-02 00:00:00,90,2010-07-02 00:00:00,89,89.25,12,7800,699400,2010-07-02 00:00:00,1
2010-07-05 00:00:00,2010-07-05 00:00:00,89.5,2010-07-05 00:00:00,88.5,88.5,10,3100,275950,2010-07-05 00:00:00,1
2010-07-06 00:00:00,2010-07-06 00:00:00,95,2010-07-06 00:00:00,89,90.25,58,29400,2695050,2010-07-06 00:00:00,1
2010-07-07 00:00:00,2010-07-07 00:00:00,89,2010-07-07 00:00:00,86.5,89,17,5800,510400,2010-07-07 00:00:00,1
2010-07-08 00:00:00,2010-07-08 00:00:00,91.5,2010-07-08 00:00:00,87,87.5,13,12400,1105525,2010-07-08 00:00:00,1
2010-07-09 00:00:00,2010-07-09 00:00:00,88.25,2010-07-09 00:00:00,87.75,87.75,11,8500,747900,2010-07-09 00:00:00,1
2010-07-12 00:00:00,2010-07-12 00:00:00,90,2010-07-12 00:00:00,88,88,10,6700,594200,2010-07-12 00:00:00,1
2010-07-13 00:00:00,2010-07-13 00:00:00,90.25,2010-07-13 00:00:00,89.25,90,23,43400,3905925,2010-07-13 00:00:00,1
2010-07-14 00:00:00,2010-07-14 00:00:00,90.25,2010-07-14 00:00:00,90,90,15,31700,2853025,2010-07-14 00:00:00,1
2010-07-15 00:00:00,2010-07-15 00:00:00,90.5,2010-07-15 00:00:00,89,90,17,23700,2132425,2010-07-15 00:00:00,1
2010-07-16 00:00:00,2010-07-16 00:00:00,90,2010-07-16 00:00:00,88.75,89,17,7200,643625,2010-07-16 00:00:00,1
2010-07-19 00:00:00,2010-07-19 00:00:00,90.25,2010-07-19 00:00:00,88,90,18,14400,1290675,2010-07-19 00:00:00,1
2010-07-20 00:00:00,2010-07-20 00:00:00,91.75,2010-07-20 00:00:00,90,91.25,29,25600,2308375,2010-07-20 00:00:00,1
2010-07-21 00:00:00,2010-07-21 00:00:00,92,2010-07-21 00:00:00,91.25,92,14,7700,707350,2010-07-21 00:00:00,1
2010-07-22 00:00:00,2010-07-22 00:00:00,92,2010-07-22 00:00:00,90.25,92,14,34100,3132675,2010-07-22 00:00:00,1
2010-07-23 00:00:00,2010-07-23 00:00:00,98.25,2010-07-23 00:00:00,92,95,93,150000,14236450,2010-07-23 00:00:00,1
2010-07-26 00:00:00,2010-07-26 00:00:00,101.75,2010-07-26 00:00:00,95,100.25,143,131500,12984650,2010-07-26 00:00:00,1
2010-07-27 00:00:00,2010-07-27 00:00:00,102.25,2010-07-27 00:00:00,97,100,95,102400,10299200,2010-07-27 00:00:00,1
2010-07-28 00:00:00,2010-07-28 00:00:00,104,2010-07-28 00:00:00,100,103,128,279000,28591600,2010-07-28 00:00:00,1
2010-07-29 00:00:00,2010-07-29 00:00:00,103.25,2010-07-29 00:00:00,98,98.25,28,39200,3905450,2010-07-29 00:00:00,1
2010-07-30 00:00:00,2010-07-30 00:00:00,99,2010-07-30 00:00:00,96.75,97.75,16,6500,636275,2010-07-30 00:00:00,1
2010-08-02 00:00:00,2010-08-02 00:00:00,102,2010-08-02 00:00:00,96,100.4,9,9800,969090,2010-08-02 00:00:00,1
2010-08-03 00:00:00,2010-08-03 00:00:00,100,2010-08-03 00:00:00,97,98.6,20,42900,4228650,2010-08-03 00:00:00,1
2010-08-04 00:00:00,2010-08-04 00:00:00,98,2010-08-04 00:00:00,96,97,17,23900,2317500,2010-08-04 00:00:00,1
2010-08-05 00:00:00,2010-08-05 00:00:00,97,2010-08-05 00:00:00,90.1,96.1,22,30800,2938180,2010-08-05 00:00:00,1
2010-08-06 00:00:00,2010-08-06 00:00:00,97,2010-08-06 00:00:00,93,94.8,26,40700,3872550,2010-08-06 00:00:00,1
2010-08-09 00:00:00,2010-08-09 00:00:00,92,2010-08-09 00:00:00,90,90.3,55,59900,5444790,2010-08-09 00:00:00,1
2010-08-10 00:00:00,2010-08-10 00:00:00,97.5,2010-08-10 00:00:00,89,94,35,40900,3685800,2010-08-10 00:00:00,1
2010-08-11 00:00:00,2010-08-11 00:00:00,94.5,2010-08-11 00:00:00,92,93.8,16,13000,1209150,2010-08-11 00:00:00,1
2010-08-12 00:00:00,2010-08-12 00:00:00,95,2010-08-12 00:00:00,90,93,12,69000,6524480,2010-08-12 00:00:00,1
2010-08-13 00:00:00,2010-08-13 00:00:00,97,2010-08-13 00:00:00,93,93.2,10,10500,979650,2010-08-13 00:00:00,1
2010-08-16 00:00:00,2010-08-16 00:00:00,98.9,2010-08-16 00:00:00,94.9,95.1,35,32100,3064800,2010-08-16 00:00:00,1
2010-08-17 00:00:00,2010-08-17 00:00:00,102,2010-08-17 00:00:00,97,99.8,54,44600,4415320,2010-08-17 00:00:00,1
2010-08-18 00:00:00,2010-08-18 00:00:00,105.7,2010-08-18 00:00:00,102,103.3,141,184400,19279340,2010-08-18 00:00:00,1
2010-08-19 00:00:00,2010-08-19 00:00:00,104,2010-08-19 00:00:00,103,103,27,16200,1671820,2010-08-19 00:00:00,1
2010-08-20 00:00:00,2010-08-20 00:00:00,104.9,2010-08-20 00:00:00,100,101.3,23,11200,1137920,2010-08-20 00:00:00,1
2010-08-23 00:00:00,2010-08-23 00:00:00,100,2010-08-23 00:00:00,97,98.2,11,3800,376750,2010-08-23 00:00:00,1
2010-08-25 00:00:00,2010-08-25 00:00:00,100,2010-08-25 00:00:00,97.2,97.6,17,9400,920490,2010-08-25 00:00:00,1
2010-08-26 00:00:00,2010-08-26 00:00:00,101,2010-08-26 00:00:00,97.6,100,20,28100,2807480,2010-08-26 00:00:00,1
2010-08-27 00:00:00,2010-08-27 00:00:00,100,2010-08-27 00:00:00,98.1,98.3,18,13100,1304530,2010-08-27 00:00:00,1
2010-08-30 00:00:00,2010-08-30 00:00:00,100,2010-08-30 00:00:00,96,96.3,17,10000,971050,2010-08-30 00:00:00,1
2010-08-31 00:00:00,2010-08-31 00:00:00,100,2010-08-31 00:00:00,98,99.1,10,18700,1836500,2010-08-31 00:00:00,1
2010-09-01 00:00:00,2010-09-01 00:00:00,100,2010-09-01 00:00:00,99.1,99.1,18,10100,1008590,2010-09-01 00:00:00,1
2010-09-02 00:00:00,2010-09-02 00:00:00,100.4,2010-09-02 00:00:00,99.5,100,23,50100,5011010,2010-09-02 00:00:00,1
2010-09-03 00:00:00,2010-09-03 00:00:00,108,2010-09-03 00:00:00,100,101.2,29,40800,4228360,2010-09-03 00:00:00,1
2010-09-06 00:00:00,2010-09-06 00:00:00,101.5,2010-09-06 00:00:00,101,101.2,29,26200,2652350,2010-09-06 00:00:00,1
2010-09-07 00:00:00,2010-09-07 00:00:00,108,2010-09-07 00:00:00,101,106.5,96,453000,47324460,2010-09-07 00:00:00,1
2010-09-08 00:00:00,2010-09-08 00:00:00,107,2010-09-08 00:00:00,104,106.8,58,95500,10174880,2010-09-08 00:00:00,1
2010-09-09 00:00:00,2010-09-09 00:00:00,108.5,2010-09-09 00:00:00,103.5,107.9,76,164800,17696940,2010-09-09 00:00:00,1
2010-09-13 00:00:00,2010-09-13 00:00:00,118.6,2010-09-13 00:00:00,107,118.6,177,284900,32901370,2010-09-13 00:00:00,1
2010-09-14 00:00:00,2010-09-14 00:00:00,130.4,2010-09-14 00:00:00,121,129.8,365,412400,53158660,2010-09-14 00:00:00,1
2010-09-15 00:00:00,2010-09-15 00:00:00,142.7,2010-09-15 00:00:00,136,142.7,351,516800,73205570,2010-09-15 00:00:00,1
2010-09-16 00:00:00,2010-09-16 00:00:00,156.9,2010-09-16 00:00:00,148,156.9,216,247100,38644330,2010-09-16 00:00:00,1
2010-09-17 00:00:00,2010-09-17 00:00:00,172.5,2010-09-17 00:00:00,172,172.5,215,313900,54140730,2010-09-17 00:00:00,1
2010-09-20 00:00:00,2010-09-20 00:00:00,200,2010-09-20 00:00:00,174,193.6,346,238200,44629110,2010-09-20 00:00:00,1
2010-09-21 00:00:00,2010-09-21 00:00:00,205,2010-09-21 00:00:00,188,190.1,252,248600,48974980,2010-09-21 00:00:00,1
2010-09-23 00:00:00,2010-09-23 00:00:00,207,2010-09-23 00:00:00,180,202.7,409,458900,90070130,2010-09-23 00:00:00,1
2010-09-24 00:00:00,2010-09-24 00:00:00,230,2010-09-24 00:00:00,203,220,538,566600,120163200,2010-09-24 00:00:00,1
2010-09-27 00:00:00,2010-09-27 00:00:00,245.5,2010-09-27 00:00:00,222,241.5,554,393300,92277230,2010-09-27 00:00:00,1
2010-09-28 00:00:00,2010-09-28 00:00:00,242,2010-09-28 00:00:00,230,231.1,183,147500,34721310,2010-09-28 00:00:00,1
2010-09-29 00:00:00,2010-09-29 00:00:00,240,2010-09-29 00:00:00,227,228,109,63500,14652680,2010-09-29 00:00:00,1
2010-09-30 00:00:00,2010-09-30 00:00:00,235,2010-09-30 00:00:00,228,229.1,126,120600,27840110,2010-09-30 00:00:00,1
2010-10-01 00:00:00,2010-10-01 00:00:00,237,2010-10-01 00:00:00,225,228.7,165,147600,34318920,2010-10-01 00:00:00,1
2010-10-04 00:00:00,2010-10-04 00:00:00,234,2010-10-04 00:00:00,220,221.6,110,67800,15302880,2010-10-04 00:00:00,1
2010-10-05 00:00:00,2010-10-05 00:00:00,228,2010-10-05 00:00:00,215,220,65,60800,13183310,2010-10-05 00:00:00,1
2010-10-06 00:00:00,2010-10-06 00:00:00,220.5,2010-10-06 00:00:00,215,215.9,70,52300,11381100,2010-10-06 00:00:00,1
2010-10-07 00:00:00,2010-10-07 00:00:00,219,2010-10-07 00:00:00,200.1,209.9,112,60300,12765550,2010-10-07 00:00:00,1
2010-10-08 00:00:00,2010-10-08 00:00:00,214,2010-10-08 00:00:00,202,211.9,55,39200,8128860,2010-10-08 00:00:00,1
2010-10-11 00:00:00,2010-10-11 00:00:00,221,2010-10-11 00:00:00,214,215.1,75,56800,12302840,2010-10-11 00:00:00,1
2010-10-12 00:00:00,2010-10-12 00:00:00,214,2010-10-12 00:00:00,200,200.3,92,58900,12123410,2010-10-12 00:00:00,1
2010-10-13 00:00:00,2010-10-13 00:00:00,204,2010-10-13 00:00:00,186,189.9,307,897100,170583360,2010-10-13 00:00:00,1
2010-10-14 00:00:00,2010-10-14 00:00:00,198,2010-10-14 00:00:00,188,189.8,303,851400,162228030,2010-10-14 00:00:00,1
2010-10-15 00:00:00,2010-10-15 00:00:00,189,2010-10-15 00:00:00,183,189,26,17200,3206360,2010-10-15 00:00:00,1
2010-10-18 00:00:00,2010-10-18 00:00:00,190,2010-10-18 00:00:00,187,187.5,21,19400,3658000,2010-10-18 00:00:00,1
2010-10-19 00:00:00,2010-10-19 00:00:00,189.5,2010-10-19 00:00:00,188,189,26,12800,2416200,2010-10-19 00:00:00,1
2010-10-20 00:00:00,2010-10-20 00:00:00,194,2010-10-20 00:00:00,189,189.9,51,34200,6523770,2010-10-20 00:00:00,1
2010-10-21 00:00:00,2010-10-21 00:00:00,190,2010-10-21 00:00:00,187,187.6,29,9700,1830310,2010-10-21 00:00:00,1
2010-10-25 00:00:00,2010-10-25 00:00:00,190,2010-10-25 00:00:00,185,186.1,35,60500,11381850,2010-10-25 00:00:00,1
2010-10-26 00:00:00,2010-10-26 00:00:00,186,2010-10-26 00:00:00,180,180,27,25100,4563990,2010-10-26 00:00:00,1
2010-10-27 00:00:00,2010-10-27 00:00:00,179.9,2010-10-27 00:00:00,175,175.1,11,7500,1325250,2010-10-27 00:00:00,1
2010-10-28 00:00:00,2010-10-28 00:00:00,181.7,2010-10-28 00:00:00,179.9,180.2,74,71300,12839200,2010-10-28 00:00:00,1
2010-10-29 00:00:00,2010-10-29 00:00:00,184,2010-10-29 00:00:00,180,180.2,24,31500,5711460,2010-10-29 00:00:00,1
2010-11-01 00:00:00,2010-11-01 00:00:00,198.8,2010-11-01 00:00:00,183,188.6,10,22500,4170440,2010-11-01 00:00:00,1
2010-11-02 00:00:00,2010-11-02 00:00:00,194,2010-11-02 00:00:00,185.2,185.5,19,59500,11216620,2010-11-02 00:00:00,1
2010-11-03 00:00:00,2010-11-03 00:00:00,194.5,2010-11-03 00:00:00,185.1,193.5,46,43300,8331230,2010-11-03 00:00:00,1
2010-11-04 00:00:00,2010-11-04 00:00:00,196,2010-11-04 00:00:00,193,195.3,79,93100,18174990,2010-11-04 00:00:00,1
2010-11-08 00:00:00,2010-11-08 00:00:00,195,2010-11-08 00:00:00,193,194.8,19,15000,2920120,2010-11-08 00:00:00,1
2010-11-09 00:00:00,2010-11-09 00:00:00,194.8,2010-11-09 00:00:00,193,193.5,13,9200,1786100,2010-11-09 00:00:00,1
2010-11-10 00:00:00,2010-11-10 00:00:00,190,2010-11-10 00:00:00,185,186.1,41,26400,4931500,2010-11-10 00:00:00,1
2010-11-11 00:00:00,2010-11-11 00:00:00,191,2010-11-11 00:00:00,185,190,20,20100,3784830,2010-11-11 00:00:00,1
2010-11-12 00:00:00,2010-11-12 00:00:00,190,2010-11-12 00:00:00,186,188,15,15700,2970800,2010-11-12 00:00:00,1
2010-11-15 00:00:00,2010-11-15 00:00:00,188.1,2010-11-15 00:00:00,186,186.8,21,23300,4353700,2010-11-15 00:00:00,1
2010-11-16 00:00:00,2010-11-16 00:00:00,188,2010-11-16 00:00:00,183,185,26,16700,3096640,2010-11-16 00:00:00,1
2010-11-18 00:00:00,2010-11-18 00:00:00,190,2010-11-18 00:00:00,184.9,186.7,55,138100,25643890,2010-11-18 00:00:00,1
2010-11-22 00:00:00,2010-11-22 00:00:00,190,2010-11-22 00:00:00,187,190,15,10200,1934410,2010-11-22 00:00:00,1
2010-11-23 00:00:00,2010-11-23 00:00:00,185,2010-11-23 00:00:00,185,185,13,14700,2719500,2010-11-23 00:00:00,1
2010-11-24 00:00:00,2010-11-24 00:00:00,188,2010-11-24 00:00:00,185,187.3,8,5800,1085300,2010-11-24 00:00:00,1
2010-11-25 00:00:00,2010-11-25 00:00:00,186,2010-11-25 00:00:00,183,183,22,46000,8492030,2010-11-25 00:00:00,1
2010-11-26 00:00:00,2010-11-26 00:00:00,187,2010-11-26 00:00:00,182,183.9,22,19500,3601350,2010-11-26 00:00:00,1
2010-11-29 00:00:00,2010-11-29 00:00:00,180,2010-11-29 00:00:00,177,177.3,21,14000,2497270,2010-11-29 00:00:00,1
2010-11-30 00:00:00,2010-11-30 00:00:00,190,2010-11-30 00:00:00,180,190,64,162300,30431730,2010-11-30 00:00:00,1
2010-12-01 00:00:00,2010-12-01 00:00:00,195,2010-12-01 00:00:00,188.5,189.1,33,344700,65185320,2010-12-01 00:00:00,1
2010-12-02 00:00:00,2010-12-02 00:00:00,195,2010-12-02 00:00:00,189,190,50,45400,8742840,2010-12-02 00:00:00,1
2010-12-03 00:00:00,2010-12-03 00:00:00,189.9,2010-12-03 00:00:00,187,187.2,12,7800,1463390,2010-12-03 00:00:00,1
2010-12-06 00:00:00,2010-12-06 00:00:00,187.2,2010-12-06 00:00:00,185.5,186,11,7000,1304890,2010-12-06 00:00:00,1
2010-12-07 00:00:00,2010-12-07 00:00:00,186,2010-12-07 00:00:00,181,185.5,11,10600,1954040,2010-12-07 00:00:00,1
2010-12-08 00:00:00,2010-12-08 00:00:00,183.5,2010-12-08 00:00:00,181,181.2,12,7200,1304060,2010-12-08 00:00:00,1
2010-12-09 00:00:00,2010-12-09 00:00:00,185,2010-12-09 00:00:00,181,184,7,1300,236300,2010-12-09 00:00:00,1
2010-12-10 00:00:00,2010-12-10 00:00:00,181.1,2010-12-10 00:00:00,181,181,4,2000,362020,2010-12-10 00:00:00,1
2010-12-13 00:00:00,2010-12-13 00:00:00,181.1,2010-12-13 00:00:00,179.9,180,14,4900,884250,2010-12-13 00:00:00,1
2010-12-14 00:00:00,2010-12-14 00:00:00,180.1,2010-12-14 00:00:00,179,179.6,15,35000,6297200,2010-12-14 00:00:00,1
2010-12-15 00:00:00,2010-12-15 00:00:00,186,2010-12-15 00:00:00,180,182.7,58,128000,23087370,2010-12-15 00:00:00,1
2010-12-16 00:00:00,2010-12-16 00:00:00,184,2010-12-16 00:00:00,183,183.8,10,302900,55731860,2010-12-16 00:00:00,1
2010-12-17 00:00:00,2010-12-17 00:00:00,180.1,2010-12-17 00:00:00,180,180.1,13,64500,11613020,2010-12-17 00:00:00,1
2010-12-21 00:00:00,2010-12-21 00:00:00,184,2010-12-21 00:00:00,180,180.1,7,27000,4866910,2010-12-21 00:00:00,1
2010-12-22 00:00:00,2010-12-22 00:00:00,181.5,2010-12-22 00:00:00,181,181,13,26200,4742950,2010-12-22 00:00:00,1
2010-12-23 00:00:00,2010-12-23 00:00:00,186,2010-12-23 00:00:00,180,180,49,54500,9949220,2010-12-23 00:00:00,1
2010-12-24 00:00:00,2010-12-24 00:00:00,185,2010-12-24 00:00:00,180,180.2,4,3100,558500,2010-12-24 00:00:00,1
2010-12-27 00:00:00,2010-12-27 00:00:00,185,2010-12-27 00:00:00,181,185,9,121700,22394960,2010-12-27 00:00:00,1
2010-12-28 00:00:00,2010-12-28 00:00:00,183.5,2010-12-28 00:00:00,183.5,183.5,1,100,18350,2010-12-28 00:00:00,1
2010-12-29 00:00:00,2010-12-29 00:00:00,182.5,2010-12-29 00:00:00,182,182,19,10700,1948090,2010-12-29 00:00:00,1
2010-12-30 00:00:00,2010-12-30 00:00:00,185,2010-12-30 00:00:00,181,182.7,18,16400,2989550,2010-12-30 00:00:00,1
2010-12-31 00:00:00,2010-12-31 00:00:00,186,2010-12-31 00:00:00,182,182.7,44,26100,4821350,2010-12-31 00:00:00,1
Company Id :  CTLD,,Security Type :  N,,Sub Type :  0000,,,,,,
Short Name :  C T LAND,,,,,,,,,,
Day,Date High,High,Date Low,Low,Closing,No. of Trades,No. of Shares,Turnover,Last Traded,Days Traded
2010-01-04 00:00:00,2010-01-04 00:00:00,21.75,2010-01-04 00:00:00,21,21.5,7,10900,234225,2010-01-04 00:00:00,1
2010-01-05 00:00:00,2010-01-05 00:00:00,21.5,2010-01-05 00:00:00,20.75,21,17,70800,1486250,2010-01-05 00:00:00,1
2010-01-06 00:00:00,2010-01-06 00:00:00,21.75,2010-01-06 00:00:00,21,21.75,17,184900,3893050,2010-01-06 00:00:00,1
2010-01-07 00:00:00,2010-01-07 00:00:00,22.5,2010-01-07 00:00:00,21,21.5,31,106000,2263775,2010-01-07 00:00:00,1
2010-01-08 00:00:00,2010-01-08 00:00:00,23.5,2010-01-08 00:00:00,22,23.25,89,210500,4809850,2010-01-08 00:00:00,1
2010-01-11 00:00:00,2010-01-11 00:00:00,24,2010-01-11 00:00:00,23,23.75,53,98600,2329075,2010-01-11 00:00:00,1
2010-01-12 00:00:00,2010-01-12 00:00:00,23.5,2010-01-12 00:00:00,22.5,22.75,17,12800,293025,2010-01-12 00:00:00,1
2010-01-13 00:00:00,2010-01-13 00:00:00,23.75,2010-01-13 00:00:00,23,23.25,40,205800,4763200,2010-01-13 00:00:00,1
2010-01-15 00:00:00,2010-01-15 00:00:00,23.75,2010-01-15 00:00:00,23.5,23.5,2,3500,82500,2010-01-15 00:00:00,1
2010-01-18 00:00:00,2010-01-18 00:00:00,22.75,2010-01-18 00:00:00,21.5,22.5,12,20200,442325,2010-01-18 00:00:00,1
2010-01-19 00:00:00,2010-01-19 00:00:00,22.5,2010-01-19 00:00:00,21.5,21.5,16,28200,607950,2010-01-19 00:00:00,1
2010-01-20 00:00:00,2010-01-20 00:00:00,23,2010-01-20 00:00:00,21,21.75,17,51700,1122275,2010-01-20 00:00:00,1
2010-01-21 00:00:00,2010-01-21 00:00:00,23.25,2010-01-21 00:00:00,22.25,23,57,239800,5513550,2010-01-21 00:00:00,1
2010-01-22 00:00:00,2010-01-22 00:00:00,23,2010-01-22 00:00:00,22,22.5,8,7200,164100,2010-01-22 00:00:00,1
2010-01-25 00:00:00,2010-01-25 00:00:00,23,2010-01-25 00:00:00,22,22,9,12900,286650,2010-01-25 00:00:00,1
2010-01-26 00:00:00,2010-01-26 00:00:00,22.75,2010-01-26 00:00:00,22,22.75,7,16900,376975,2010-01-26 00:00:00,1
2010-01-28 00:00:00,2010-01-28 00:00:00,22.5,2010-01-28 00:00:00,22,22.5,13,45000,1011250,2010-01-28 00:00:00,1
2010-02-01 00:00:00,2010-02-01 00:00:00,23.25,2010-02-01 00:00:00,22.5,22.5,35,168400,3864375,2010-02-01 00:00:00,1
2010-02-02 00:00:00,2010-02-02 00:00:00,23,2010-02-02 00:00:00,22.5,23,15,14800,336375,2010-02-02 00:00:00,1
2010-02-03 00:00:00,2010-02-03 00:00:00,23,2010-02-03 00:00:00,21.5,22.75,50,72200,1593400,2010-02-03 00:00:00,1
2010-02-05 00:00:00,2010-02-05 00:00:00,23.25,2010-02-05 00:00:00,22.5,22.75,30,296200,6808950,2010-02-05 00:00:00,1
2010-02-08 00:00:00,2010-02-08 00:00:00,23.5,2010-02-08 00:00:00,22.5,22.5,34,94600,2170875,2010-02-08 00:00:00,1
2010-02-09 00:00:00,2010-02-09 00:00:00,22.75,2010-02-09 00:00:00,22,22.5,12,12200,273075,2010-02-09 00:00:00,1
2010-02-10 00:00:00,2010-02-10 00:00:00,22.5,2010-02-10 00:00:00,21.5,22,16,14400,312750,2010-02-10 00:00:00,1
2010-02-11 00:00:00,2010-02-11 00:00:00,22,2010-02-11 00:00:00,21.25,21.25,5,6000,128375,2010-02-11 00:00:00,1
2010-02-12 00:00:00,2010-02-12 00:00:00,21.5,2010-02-12 00:00:00,21.25,21.5,6,11800,252000,2010-02-12 00:00:00,1
2010-02-15 00:00:00,2010-02-15 00:00:00,22.5,2010-02-15 00:00:00,21.75,22.5,9,34000,748525,2010-02-15 00:00:00,1
2010-02-16 00:00:00,2010-02-16 00:00:00,22.75,2010-02-16 00:00:00,22,22.5,6,4000,89850,2010-02-16 00:00:00,1
2010-02-18 00:00:00,2010-02-18 00:00:00,22.75,2010-02-18 00:00:00,22.25,22.25,10,17200,385700,2010-02-18 00:00:00,1
2010-02-19 00:00:00,2010-02-19 00:00:00,22.75,2010-02-19 00:00:00,22,22.5,16,19200,429700,2010-02-19 00:00:00,1
2010-02-22 00:00:00,2010-02-22 00:00:00,22.5,2010-02-22 00:00:00,21.25,21.75,8,6400,139700,2010-02-22 00:00:00,1
2010-02-23 00:00:00,2010-02-23 00:00:00,21.5,2010-02-23 00:00:00,21.5,21.5,1,600,12900,2010-02-23 00:00:00,1
2010-02-24 00:00:00,2010-02-24 00:00:00,22,2010-02-24 00:00:00,22,22,4,3500,77000,2010-02-24 00:00:00,1
2010-02-25 00:00:00,2010-02-25 00:00:00,22,2010-02-25 00:00:00,21.5,21.75,7,2200,47975,2010-02-25 00:00:00,1
2010-03-01 00:00:00,2010-03-01 00:00:00,22.25,2010-03-01 00:00:00,21.75,22.25,6,3900,85950,2010-03-01 00:00:00,1
2010-03-02 00:00:00,2010-03-02 00:00:00,23,2010-03-02 00:00:00,21.25,22.25,58,129400,2882175,2010-03-02 00:00:00,1
2010-03-04 00:00:00,2010-03-04 00:00:00,22.5,2010-03-04 00:00:00,22,22,2,4000,88050,2010-03-04 00:00:00,1
2010-03-05 00:00:00,2010-03-05 00:00:00,21.75,2010-03-05 00:00:00,21,21.75,5,7100,153800,2010-03-05 00:00:00,1
2010-03-08 00:00:00,2010-03-08 00:00:00,21.25,2010-03-08 00:00:00,21,21.25,12,8300,175050,2010-03-08 00:00:00,1
2010-03-09 00:00:00,2010-03-09 00:00:00,21.25,2010-03-09 00:00:00,21,21.25,14,13400,284425,2010-03-09 00:00:00,1
2010-03-10 00:00:00,2010-03-10 00:00:00,21.5,2010-03-10 00:00:00,21,21.5,6,21700,465925,2010-03-10 00:00:00,1
2010-03-11 00:00:00,2010-03-11 00:00:00,21.5,2010-03-11 00:00:00,20.75,21,18,15200,319525,2010-03-11 00:00:00,1
2010-03-12 00:00:00,2010-03-12 00:00:00,21.5,2010-03-12 00:00:00,20.75,21,25,35500,745625,2010-03-12 00:00:00,1
2010-03-15 00:00:00,2010-03-15 00:00:00,21.5,2010-03-15 00:00:00,20.75,21.5,15,69000,1478500,2010-03-15 00:00:00,1
2010-03-16 00:00:00,2010-03-16 00:00:00,22.5,2010-03-16 00:00:00,21.5,21.5,54,193100,4287650,2010-03-16 00:00:00,1
2010-03-17 00:00:00,2010-03-17 00:00:00,22.5,2010-03-17 00:00:00,21.5,21.75,11,23100,509900,2010-03-17 00:00:00,1
2010-03-18 00:00:00,2010-03-18 00:00:00,21.75,2010-03-18 00:00:00,21.25,21.5,10,16400,351850,2010-03-18 00:00:00,1
2010-03-19 00:00:00,2010-03-19 00:00:00,21.75,2010-03-19 00:00:00,21,21.75,12,35200,761700,2010-03-19 00:00:00,1
2010-03-22 00:00:00,2010-03-22 00:00:00,22,2010-03-22 00:00:00,20.75,22,11,3300,71700,2010-03-22 00:00:00,1
2010-03-24 00:00:00,2010-03-24 00:00:00,21,2010-03-24 00:00:00,20.5,21,14,12400,259125,2010-03-24 00:00:00,1
2010-03-25 00:00:00,2010-03-25 00:00:00,21.5,2010-03-25 00:00:00,20.75,21.25,3,1400,29200,2010-03-25 00:00:00,1
2010-03-26 00:00:00,2010-03-26 00:00:00,21.5,2010-03-26 00:00:00,20.25,20.5,15,13000,272275,2010-03-26 00:00:00,1
2010-03-30 00:00:00,2010-03-30 00:00:00,21.5,2010-03-30 00:00:00,20.25,20.5,10,16500,338325,2010-03-30 00:00:00,1
2010-03-31 00:00:00,2010-03-31 00:00:00,21.5,2010-03-31 00:00:00,20.25,20.75,14,6700,138200,2010-03-31 00:00:00,1
2010-04-01 00:00:00,2010-04-01 00:00:00,20.75,2010-04-01 00:00:00,20.75,20.75,1,100,2075,2010-04-01 00:00:00,1
2010-04-05 00:00:00,2010-04-05 00:00:00,21.5,2010-04-05 00:00:00,20.75,21.5,2,4600,95825,2010-04-05 00:00:00,1
2010-04-06 00:00:00,2010-04-06 00:00:00,23,2010-04-06 00:00:00,21.5,22.5,54,87700,1959750,2010-04-06 00:00:00,1
2010-04-07 00:00:00,2010-04-07 00:00:00,23,2010-04-07 00:00:00,21.5,21.75,13,25000,543875,2010-04-07 00:00:00,1
2010-04-08 00:00:00,2010-04-08 00:00:00,22,2010-04-08 00:00:00,21.75,21.75,4,9100,199175,2010-04-08 00:00:00,1
2010-04-12 00:00:00,2010-04-12 00:00:00,22.5,2010-04-12 00:00:00,21.75,22,8,9300,206350,2010-04-12 00:00:00,1
2010-04-15 00:00:00,2010-04-15 00:00:00,21.75,2010-04-15 00:00:00,21.5,21.5,6,13200,284050,2010-04-15 00:00:00,1
2010-04-16 00:00:00,2010-04-16 00:00:00,22.5,2010-04-16 00:00:00,21.5,22,8,13100,287975,2010-04-16 00:00:00,1
2010-04-19 00:00:00,2010-04-19 00:00:00,22.5,2010-04-19 00:00:00,21.25,22,23,59500,1287725,2010-04-19 00:00:00,1
2010-04-20 00:00:00,2010-04-20 00:00:00,22.5,2010-04-20 00:00:00,22,22.5,18,35000,771375,2010-04-20 00:00:00,1
2010-04-21 00:00:00,2010-04-21 00:00:00,22.25,2010-04-21 00:00:00,22,22,18,19800,440350,2010-04-21 00:00:00,1
2010-04-22 00:00:00,2010-04-22 00:00:00,21.75,2010-04-22 00:00:00,21.5,21.5,13,8200,176625,2010-04-22 00:00:00,1
2010-04-23 00:00:00,2010-04-23 00:00:00,22.25,2010-04-23 00:00:00,21.5,22,20,18100,396450,2010-04-23 00:00:00,1
2010-04-26 00:00:00,2010-04-26 00:00:00,23.25,2010-04-26 00:00:00,21.5,21.75,45,122800,2750550,2010-04-26 00:00:00,1
2010-04-27 00:00:00,2010-04-27 00:00:00,23,2010-04-27 00:00:00,21.5,22.5,56,109700,2456850,2010-04-27 00:00:00,1
2010-04-29 00:00:00,2010-04-29 00:00:00,23,2010-04-29 00:00:00,22.25,22.75,59,126800,2868225,2010-04-29 00:00:00,1
2010-04-30 00:00:00,2010-04-30 00:00:00,25,2010-04-30 00:00:00,22.5,24.5,393,1463000,35095100,2010-04-30 00:00:00,1
2010-05-03 00:00:00,2010-05-03 00:00:00,25.75,2010-05-03 00:00:00,23.75,24,211,1012800,25343575,2010-05-03 00:00:00,1
2010-05-04 00:00:00,2010-05-04 00:00:00,24.5,2010-05-04 00:00:00,23.5,24,44,75100,1787300,2010-05-04 00:00:00,1
2010-05-05 00:00:00,2010-05-05 00:00:00,24.5,2010-05-05 00:00:00,23.5,23.5,25,41800,1004700,2010-05-05 00:00:00,1
2010-05-06 00:00:00,2010-05-06 00:00:00,23.75,2010-05-06 00:00:00,22.5,23.5,57,136200,3148625,2010-05-06 00:00:00,1
2010-05-07 00:00:00,2010-05-07 00:00:00,23.5,2010-05-07 00:00:00,22.5,23.5,41,139300,3202250,2010-05-07 00:00:00,1
2010-05-10 00:00:00,2010-05-10 00:00:00,22.75,2010-05-10 00:00:00,22.75,22.75,1,1000,22750,2010-05-10 00:00:00,1
2010-05-11 00:00:00,2010-05-11 00:00:00,23.25,2010-05-11 00:00:00,22.5,22.75,14,18400,418075,2010-05-11 00:00:00,1
2010-05-12 00:00:00,2010-05-12 00:00:00,23.5,2010-05-12 00:00:00,22.75,23.5,22,54200,1240025,2010-05-12 00:00:00,1
2010-05-13 00:00:00,2010-05-13 00:00:00,23,2010-05-13 00:00:00,22.5,23,13,27800,628100,2010-05-13 00:00:00,1
2010-05-14 00:00:00,2010-05-14 00:00:00,23.75,2010-05-14 00:00:00,23,23,25,67900,1562725,2010-05-14 00:00:00,1
2010-05-17 00:00:00,2010-05-17 00:00:00,23.75,2010-05-17 00:00:00,23,23,19,21500,506175,2010-05-17 00:00:00,1
2010-05-18 00:00:00,2010-05-18 00:00:00,23.5,2010-05-18 00:00:00,22.5,23,25,39200,900950,2010-05-18 00:00:00,1
2010-05-19 00:00:00,2010-05-19 00:00:00,23,2010-05-19 00:00:00,22.5,22.5,16,38600,871075,2010-05-19 00:00:00,1
2010-05-20 00:00:00,2010-05-20 00:00:00,22.5,2010-05-20 00:00:00,22.25,22.5,11,52900,1189700,2010-05-20 00:00:00,1
2010-05-21 00:00:00,2010-05-21 00:00:00,22.25,2010-05-21 00:00:00,22,22,14,27900,614000,2010-05-21 00:00:00,1
2010-05-24 00:00:00,2010-05-24 00:00:00,23,2010-05-24 00:00:00,22,22.75,13,15100,334275,2010-05-24 00:00:00,1
2010-05-25 00:00:00,2010-05-25 00:00:00,22.75,2010-05-25 00:00:00,22.25,22.5,3,4500,101500,2010-05-25 00:00:00,1
2010-05-26 00:00:00,2010-05-26 00:00:00,23.75,2010-05-26 00:00:00,22,23,48,98700,2272100,2010-05-26 00:00:00,1
2010-05-31 00:00:00,2010-05-31 00:00:00,23.75,2010-05-31 00:00:00,23,23.25,27,42700,999025,2010-05-31 00:00:00,1
2010-06-01 00:00:00,2010-06-01 00:00:00,25,2010-06-01 00:00:00,23.75,25,181,388700,9567950,2010-06-01 00:00:00,1
2010-06-02 00:00:00,2010-06-02 00:00:00,25.5,2010-06-02 00:00:00,24.25,24.25,19,33300,821450,2010-06-02 00:00:00,1
2010-06-03 00:00:00,2010-06-03 00:00:00,25,2010-06-03 00:00:00,23.75,23.75,11,13700,336175,2010-06-03 00:00:00,1
2010-06-04 00:00:00,2010-06-04 00:00:00,24,2010-06-04 00:00:00,23.75,23.75,2,2700,64550,2010-06-04 00:00:00,1
2010-06-07 00:00:00,2010-06-07 00:00:00,23.75,2010-06-07 00:00:00,23,23.25,27,50700,1180425,2010-06-07 00:00:00,1
2010-06-08 00:00:00,2010-06-08 00:00:00,23,2010-06-08 00:00:00,23,23,11,54600,1255800,2010-06-08 00:00:00,1
2010-06-09 00:00:00,2010-06-09 00:00:00,24.25,2010-06-09 00:00:00,23.5,23.75,35,65200,1565375,2010-06-09 00:00:00,1
2010-06-10 00:00:00,2010-06-10 00:00:00,24.25,2010-06-10 00:00:00,23.25,24,19,24500,587200,2010-06-10 00:00:00,1
2010-06-11 00:00:00,2010-06-11 00:00:00,24.5,2010-06-11 00:00:00,23.75,24,24,29000,698875,2010-06-11 00:00:00,1
2010-06-14 00:00:00,2010-06-14 00:00:00,24.75,2010-06-14 00:00:00,24.5,24.5,8,20500,502275,2010-06-14 00:00:00,1
2010-06-15 00:00:00,2010-06-15 00:00:00,26,2010-06-15 00:00:00,24.25,25.5,201,439700,11078700,2010-06-15 00:00:00,1
2010-06-16 00:00:00,2010-06-16 00:00:00,26,2010-06-16 00:00:00,24.75,24.75,22,49900,1264000,2010-06-16 00:00:00,1
2010-06-17 00:00:00,2010-06-17 00:00:00,25.5,2010-06-17 00:00:00,24.75,25,36,49000,1229650,2010-06-17 00:00:00,1
2010-06-21 00:00:00,2010-06-21 00:00:00,25.5,2010-06-21 00:00:00,24.75,25.25,64,129600,3264625,2010-06-21 00:00:00,1
2010-06-22 00:00:00,2010-06-22 00:00:00,25.25,2010-06-22 00:00:00,24.75,25,44,94000,2350025,2010-06-22 00:00:00,1
2010-06-23 00:00:00,2010-06-23 00:00:00,25,2010-06-23 00:00:00,23.75,24,10,11500,279250,2010-06-23 00:00:00,1
2010-06-24 00:00:00,2010-06-24 00:00:00,25,2010-06-24 00:00:00,25,25,8,16200,405000,2010-06-24 00:00:00,1
2010-06-28 00:00:00,2010-06-28 00:00:00,25.5,2010-06-28 00:00:00,25,25,6,12000,300500,2010-06-28 00:00:00,1
2010-06-29 00:00:00,2010-06-29 00:00:00,26.5,2010-06-29 00:00:00,25,26.5,164,435900,11328425,2010-06-29 00:00:00,1
2010-06-30 00:00:00,2010-06-30 00:00:00,29,2010-06-30 00:00:00,26.25,28.25,469,1400800,39014725,2010-06-30 00:00:00,1
2010-07-01 00:00:00,2010-07-01 00:00:00,29,2010-07-01 00:00:00,26.75,27.25,64,88900,2440450,2010-07-01 00:00:00,1
2010-07-02 00:00:00,2010-07-02 00:00:00,28.5,2010-07-02 00:00:00,26.5,27.5,39,122300,3348025,2010-07-02 00:00:00,1
2010-07-05 00:00:00,2010-07-05 00:00:00,28.5,2010-07-05 00:00:00,26,26.5,23,23400,629100,2010-07-05 00:00:00,1
2010-07-06 00:00:00,2010-07-06 00:00:00,26.25,2010-07-06 00:00:00,25.25,25.25,24,54900,1400625,2010-07-06 00:00:00,1
2010-07-07 00:00:00,2010-07-07 00:00:00,25.25,2010-07-07 00:00:00,23.75,24.25,29,63100,1540700,2010-07-07 00:00:00,1
2010-07-08 00:00:00,2010-07-08 00:00:00,26,2010-07-08 00:00:00,25,26,10,11400,296200,2010-07-08 00:00:00,1
2010-07-09 00:00:00,2010-07-09 00:00:00,26.25,2010-07-09 00:00:00,25,25,6,6500,167125,2010-07-09 00:00:00,1
2010-07-12 00:00:00,2010-07-12 00:00:00,25,2010-07-12 00:00:00,24.25,24.5,10,15500,378475,2010-07-12 00:00:00,1
2010-07-13 00:00:00,2010-07-13 00:00:00,27,2010-07-13 00:00:00,25,26.25,45,64200,1664225,2010-07-13 00:00:00,1
2010-07-14 00:00:00,2010-07-14 00:00:00,27,2010-07-14 00:00:00,25.5,25.5,14,19600,511150,2010-07-14 00:00:00,1
2010-07-15 00:00:00,2010-07-15 00:00:00,25.75,2010-07-15 00:00:00,25.25,25.5,15,39200,1005850,2010-07-15 00:00:00,1
2010-07-16 00:00:00,2010-07-16 00:00:00,25.5,2010-07-16 00:00:00,25,25.25,19,29900,751350,2010-07-16 00:00:00,1
2010-07-19 00:00:00,2010-07-19 00:00:00,25.5,2010-07-19 00:00:00,25,25,18,16700,417650,2010-07-19 00:00:00,1
2010-07-20 00:00:00,2010-07-20 00:00:00,26,2010-07-20 00:00:00,25.25,25.5,10,14600,372275,2010-07-20 00:00:00,1
2010-07-21 00:00:00,2010-07-21 00:00:00,26,2010-07-21 00:00:00,25.25,25.5,27,23600,600800,2010-07-21 00:00:00,1
2010-07-22 00:00:00,2010-07-22 00:00:00,26.5,2010-07-22 00:00:00,25.5,26,22,68500,1784550,2010-07-22 00:00:00,1
2010-07-23 00:00:00,2010-07-23 00:00:00,26.25,2010-07-23 00:00:00,25,26,29,30800,781875,2010-07-23 00:00:00,1
2010-07-26 00:00:00,2010-07-26 00:00:00,26,2010-07-26 00:00:00,25,25.75,21,18100,459325,2010-07-26 00:00:00,1
2010-07-27 00:00:00,2010-07-27 00:00:00,26.5,2010-07-27 00:00:00,25.5,26.25,51,72200,1880350,2010-07-27 00:00:00,1
2010-07-28 00:00:00,2010-07-28 00:00:00,27.25,2010-07-28 00:00:00,26.25,26.75,69,129500,3459225,2010-07-28 00:00:00,1
2010-07-29 00:00:00,2010-07-29 00:00:00,27.5,2010-07-29 00:00:00,26.5,26.5,23,47000,1249100,2010-07-29 00:00:00,1
2010-07-30 00:00:00,2010-07-30 00:00:00,27,2010-07-30 00:00:00,26,26.5,33,61400,1627875,2010-07-30 00:00:00,1
2010-08-02 00:00:00,2010-08-02 00:00:00,27,2010-08-02 00:00:00,26,26.4,25,49400,1290070,2010-08-02 00:00:00,1
2010-08-03 00:00:00,2010-08-03 00:00:00,26.9,2010-08-03 00:00:00,25.4,25.8,7,7200,185730,2010-08-03 00:00:00,1
2010-08-04 00:00:00,2010-08-04 00:00:00,26.5,2010-08-04 00:00:00,25,26.1,9,15200,388290,2010-08-04 00:00:00,1
2010-08-05 00:00:00,2010-08-05 00:00:00,26,2010-08-05 00:00:00,25,25.9,16,29100,738650,2010-08-05 00:00:00,1
2010-08-06 00:00:00,2010-08-06 00:00:00,25.5,2010-08-06 00:00:00,24.2,24.3,13,20400,494980,2010-08-06 00:00:00,1
2010-08-09 00:00:00,2010-08-09 00:00:00,24.3,2010-08-09 00:00:00,22,22.5,28,58700,1316090,2010-08-09 00:00:00,1
2010-08-10 00:00:00,2010-08-10 00:00:00,24.7,2010-08-10 00:00:00,22,24.5,27,61200,1468070,2010-08-10 00:00:00,1
2010-08-11 00:00:00,2010-08-11 00:00:00,25.4,2010-08-11 00:00:00,24.5,25,36,98200,2451560,2010-08-11 00:00:00,1
2010-08-12 00:00:00,2010-08-12 00:00:00,25,2010-08-12 00:00:00,25,25,1,10000,250000,2010-08-12 00:00:00,1
2010-08-13 00:00:00,2010-08-13 00:00:00,24.1,2010-08-13 00:00:00,24,24,3,1000,24040,2010-08-13 00:00:00,1
2010-08-16 00:00:00,2010-08-16 00:00:00,24.3,2010-08-16 00:00:00,24,24.2,5,5800,140400,2010-08-16 00:00:00,1
2010-08-17 00:00:00,2010-08-17 00:00:00,25,2010-08-17 00:00:00,24,24.1,4,3400,82000,2010-08-17 00:00:00,1
2010-08-18 00:00:00,2010-08-18 00:00:00,25.5,2010-08-18 00:00:00,24,25.5,6,126600,3052180,2010-08-18 00:00:00,1
2010-08-19 00:00:00,2010-08-19 00:00:00,26,2010-08-19 00:00:00,24.5,25.5,8,4200,105900,2010-08-19 00:00:00,1
2010-08-20 00:00:00,2010-08-20 00:00:00,25.9,2010-08-20 00:00:00,23.7,24.7,9,8700,219640,2010-08-20 00:00:00,1
2010-08-23 00:00:00,2010-08-23 00:00:00,25.2,2010-08-23 00:00:00,24.5,24.6,13,6000,147470,2010-08-23 00:00:00,1
2010-08-25 00:00:00,2010-08-25 00:00:00,25.6,2010-08-25 00:00:00,24.1,24.2,17,22200,538740,2010-08-25 00:00:00,1
2010-08-26 00:00:00,2010-08-26 00:00:00,25,2010-08-26 00:00:00,25,25,1,100,2500,2010-08-26 00:00:00,1
2010-08-27 00:00:00,2010-08-27 00:00:00,25,2010-08-27 00:00:00,24,24,18,25200,623680,2010-08-27 00:00:00,1
2010-08-30 00:00:00,2010-08-30 00:00:00,25,2010-08-30 00:00:00,24.2,24.3,7,14900,362230,2010-08-30 00:00:00,1
2010-08-31 00:00:00,2010-08-31 00:00:00,25,2010-08-31 00:00:00,24,24.9,3,6900,172000,2010-08-31 00:00:00,1
2010-09-01 00:00:00,2010-09-01 00:00:00,26,2010-09-01 00:00:00,24.1,25.2,22,71100,1768110,2010-09-01 00:00:00,1
2010-09-02 00:00:00,2010-09-02 00:00:00,26.4,2010-09-02 00:00:00,24,26.1,38,39200,1000680,2010-09-02 00:00:00,1
2010-09-03 00:00:00,2010-09-03 00:00:00,27.5,2010-09-03 00:00:00,24.5,26,27,40500,1066970,2010-09-03 00:00:00,1
2010-09-06 00:00:00,2010-09-06 00:00:00,26,2010-09-06 00:00:00,25,25.2,16,21300,535950,2010-09-06 00:00:00,1
2010-09-07 00:00:00,2010-09-07 00:00:00,25.6,2010-09-07 00:00:00,25.5,25.5,9,12500,318760,2010-09-07 00:00:00,1
2010-09-08 00:00:00,2010-09-08 00:00:00,28,2010-09-08 00:00:00,25,27.3,194,439100,11929650,2010-09-08 00:00:00,1
2010-09-09 00:00:00,2010-09-09 00:00:00,30,2010-09-09 00:00:00,28,29.9,250,1017900,30300350,2010-09-09 00:00:00,1
2010-09-13 00:00:00,2010-09-13 00:00:00,32.8,2010-09-13 00:00:00,28,29.7,149,344400,10605070,2010-09-13 00:00:00,1
2010-09-14 00:00:00,2010-09-14 00:00:00,30,2010-09-14 00:00:00,27.4,28.2,50,131900,3864600,2010-09-14 00:00:00,1
2010-09-15 00:00:00,2010-09-15 00:00:00,29.5,2010-09-15 00:00:00,27.3,28.7,26,74400,2114290,2010-09-15 00:00:00,1
2010-09-16 00:00:00,2010-09-16 00:00:00,30.2,2010-09-16 00:00:00,28.5,29.8,80,288600,8578350,2010-09-16 00:00:00,1
2010-09-17 00:00:00,2010-09-17 00:00:00,32.7,2010-09-17 00:00:00,30.9,32.7,209,975900,31594870,2010-09-17 00:00:00,1
2010-09-20 00:00:00,2010-09-20 00:00:00,40,2010-09-20 00:00:00,34,38.3,805,2257800,85859370,2010-09-20 00:00:00,1
2010-09-21 00:00:00,2010-09-21 00:00:00,39,2010-09-21 00:00:00,35,35.6,145,206900,7592860,2010-09-21 00:00:00,1
2010-09-23 00:00:00,2010-09-23 00:00:00,38.5,2010-09-23 00:00:00,33,33.8,95,206600,7161000,2010-09-23 00:00:00,1
2010-09-24 00:00:00,2010-09-24 00:00:00,37,2010-09-24 00:00:00,34,36,101,306200,10834970,2010-09-24 00:00:00,1
2010-09-27 00:00:00,2010-09-27 00:00:00,37.5,2010-09-27 00:00:00,35,36,100,227300,8197940,2010-09-27 00:00:00,1
2010-09-28 00:00:00,2010-09-28 00:00:00,38.4,2010-09-28 00:00:00,36,37.3,206,544400,20349780,2010-09-28 00:00:00,1
2010-09-29 00:00:00,2010-09-29 00:00:00,38.8,2010-09-29 00:00:00,35,35.3,83,159600,5811830,2010-09-29 00:00:00,1
2010-09-30 00:00:00,2010-09-30 00:00:00,36.8,2010-09-30 00:00:00,35,35.3,67,89200,3146350,2010-09-30 00:00:00,1
2010-10-01 00:00:00,2010-10-01 00:00:00,36.5,2010-10-01 00:00:00,33.7,33.9,32,44800,1549880,2010-10-01 00:00:00,1
2010-10-04 00:00:00,2010-10-04 00:00:00,34,2010-10-04 00:00:00,33.5,33.6,31,59500,2001280,2010-10-04 00:00:00,1
2010-10-05 00:00:00,2010-10-05 00:00:00,35.5,2010-10-05 00:00:00,32.5,34.9,85,161700,5548070,2010-10-05 00:00:00,1
2010-10-06 00:00:00,2010-10-06 00:00:00,36,2010-10-06 00:00:00,33.2,34.3,57,91200,3152810,2010-10-06 00:00:00,1
2010-10-07 00:00:00,2010-10-07 00:00:00,34.5,2010-10-07 00:00:00,31.1,32.9,54,130200,4263610,2010-10-07 00:00:00,1
2010-10-08 00:00:00,2010-10-08 00:00:00,34.4,2010-10-08 00:00:00,31.9,33.9,57,35800,1171460,2010-10-08 00:00:00,1
2010-10-11 00:00:00,2010-10-11 00:00:00,35,2010-10-11 00:00:00,33,33,41,82400,2811330,2010-10-11 00:00:00,1
2010-10-12 00:00:00,2010-10-12 00:00:00,33,2010-10-12 00:00:00,30,30.2,36,66800,2085860,2010-10-12 00:00:00,1
2010-10-13 00:00:00,2010-10-13 00:00:00,34,2010-10-13 00:00:00,27.5,32.8,51,57600,1821620,2010-10-13 00:00:00,1
2010-10-14 00:00:00,2010-10-14 00:00:00,33.9,2010-10-14 00:00:00,30,30.3,61,90700,2806270,2010-10-14 00:00:00,1
2010-10-15 00:00:00,2010-10-15 00:00:00,31,2010-10-15 00:00:00,29.6,30,13,11800,353660,2010-10-15 00:00:00,1
2010-10-18 00:00:00,2010-10-18 00:00:00,31.5,2010-10-18 00:00:00,30,30.1,24,46500,1397590,2010-10-18 00:00:00,1
2010-10-19 00:00:00,2010-10-19 00:00:00,31.3,2010-10-19 00:00:00,29.7,30.9,20,52500,1577010,2010-10-19 00:00:00,1
2010-10-20 00:00:00,2010-10-20 00:00:00,30.1,2010-10-20 00:00:00,30,30,7,3200,96120,2010-10-20 00:00:00,1
2010-10-21 00:00:00,2010-10-21 00:00:00,31.3,2010-10-21 00:00:00,29.8,30.9,25,36900,1136740,2010-10-21 00:00:00,1
2010-10-25 00:00:00,2010-10-25 00:00:00,30.9,2010-10-25 00:00:00,30,30.9,9,19000,571760,2010-10-25 00:00:00,1
2010-10-26 00:00:00,2010-10-26 00:00:00,30.1,2010-10-26 00:00:00,29,29.4,13,13700,403030,2010-10-26 00:00:00,1
2010-10-27 00:00:00,2010-10-27 00:00:00,30.4,2010-10-27 00:00:00,28.5,30.4,10,4300,123990,2010-10-27 00:00:00,1
2010-10-28 00:00:00,2010-10-28 00:00:00,31.5,2010-10-28 00:00:00,29,29.8,49,112600,3390170,2010-10-28 00:00:00,1
2010-10-29 00:00:00,2010-10-29 00:00:00,30.9,2010-10-29 00:00:00,29.5,30,32,50500,1518670,2010-10-29 00:00:00,1
2010-11-01 00:00:00,2010-11-01 00:00:00,31.5,2010-11-01 00:00:00,30,30.5,18,40200,1218990,2010-11-01 00:00:00,1
2010-11-02 00:00:00,2010-11-02 00:00:00,30.5,2010-11-02 00:00:00,29.8,29.9,9,14300,431270,2010-11-02 00:00:00,1
2010-11-03 00:00:00,2010-11-03 00:00:00,30.5,2010-11-03 00:00:00,29,29.5,19,24200,720020,2010-11-03 00:00:00,1
2010-11-04 00:00:00,2010-11-04 00:00:00,31,2010-11-04 00:00:00,29.1,29.3,13,10000,299100,2010-11-04 00:00:00,1
2010-11-08 00:00:00,2010-11-08 00:00:00,30.2,2010-11-08 00:00:00,30,30,14,40500,1217100,2010-11-08 00:00:00,1
2010-11-09 00:00:00,2010-11-09 00:00:00,30,2010-11-09 00:00:00,29.3,29.5,7,17200,505560,2010-11-09 00:00:00,1
2010-11-10 00:00:00,2010-11-10 00:00:00,29.3,2010-11-10 00:00:00,28.3,28.6,16,15300,444820,2010-11-10 00:00:00,1
2010-11-11 00:00:00,2010-11-11 00:00:00,29,2010-11-11 00:00:00,29,29,7,6500,188500,2010-11-11 00:00:00,1
2010-11-12 00:00:00,2010-11-12 00:00:00,30,2010-11-12 00:00:00,28.2,28.3,13,8900,258460,2010-11-12 00:00:00,1
2010-11-15 00:00:00,2010-11-15 00:00:00,29.9,2010-11-15 00:00:00,28,29.6,10,4600,132300,2010-11-15 00:00:00,1
2010-11-16 00:00:00,2010-11-16 00:00:00,28.5,2010-11-16 00:00:00,28.1,28.3,10,10500,295770,2010-11-16 00:00:00,1
2010-11-18 00:00:00,2010-11-18 00:00:00,30.1,2010-11-18 00:00:00,28.3,29,30,30000,897190,2010-11-18 00:00:00,1
2010-11-22 00:00:00,2010-11-22 00:00:00,30,2010-11-22 00:00:00,28.5,28.6,22,45300,1320430,2010-11-22 00:00:00,1
2010-11-23 00:00:00,2010-11-23 00:00:00,28.2,2010-11-23 00:00:00,27.7,27.9,28,29700,830000,2010-11-23 00:00:00,1
2010-11-24 00:00:00,2010-11-24 00:00:00,29.4,2010-11-24 00:00:00,27.7,28,29,26200,742580,2010-11-24 00:00:00,1
2010-11-25 00:00:00,2010-11-25 00:00:00,27.7,2010-11-25 00:00:00,27.3,27.5,14,35700,984010,2010-11-25 00:00:00,1
2010-11-26 00:00:00,2010-11-26 00:00:00,27.9,2010-11-26 00:00:00,26,27.7,10,6000,160760,2010-11-26 00:00:00,1
2010-11-29 00:00:00,2010-11-29 00:00:00,27,2010-11-29 00:00:00,26.5,26.9,8,24000,646250,2010-11-29 00:00:00,1
2010-11-30 00:00:00,2010-11-30 00:00:00,29.5,2010-11-30 00:00:00,28.2,29.1,48,141500,4103950,2010-11-30 00:00:00,1
2010-12-01 00:00:00,2010-12-01 00:00:00,30.7,2010-12-01 00:00:00,29,30,39,68200,2044460,2010-12-01 00:00:00,1
2010-12-02 00:00:00,2010-12-02 00:00:00,31,2010-12-02 00:00:00,29,29.3,11,8600,257830,2010-12-02 00:00:00,1
2010-12-03 00:00:00,2010-12-03 00:00:00,29.1,2010-12-03 00:00:00,28.5,28.5,9,7600,217150,2010-12-03 00:00:00,1
2010-12-06 00:00:00,2010-12-06 00:00:00,29,2010-12-06 00:00:00,28.2,28.2,5,5100,143900,2010-12-06 00:00:00,1
2010-12-07 00:00:00,2010-12-07 00:00:00,29.5,2010-12-07 00:00:00,28,28,13,11100,312150,2010-12-07 00:00:00,1
2010-12-08 00:00:00,2010-12-08 00:00:00,29,2010-12-08 00:00:00,28.5,28.8,2,1000,28750,2010-12-08 00:00:00,1
2010-12-09 00:00:00,2010-12-09 00:00:00,29,2010-12-09 00:00:00,27.7,28,3,2700,76040,2010-12-09 00:00:00,1
2010-12-10 00:00:00,2010-12-10 00:00:00,28,2010-12-10 00:00:00,27.5,27.6,10,8300,231030,2010-12-10 00:00:00,1
2010-12-13 00:00:00,2010-12-13 00:00:00,27.2,2010-12-13 00:00:00,27,27.2,8,11800,318920,2010-12-13 00:00:00,1
2010-12-14 00:00:00,2010-12-14 00:00:00,27,2010-12-14 00:00:00,26.6,27,3,2600,70160,2010-12-14 00:00:00,1
2010-12-15 00:00:00,2010-12-15 00:00:00,27.5,2010-12-15 00:00:00,27.2,27.2,2,600,16350,2010-12-15 00:00:00,1
2010-12-16 00:00:00,2010-12-16 00:00:00,27.5,2010-12-16 00:00:00,27.5,27.5,1,100,2750,2010-12-16 00:00:00,1
2010-12-17 00:00:00,2010-12-17 00:00:00,27,2010-12-17 00:00:00,27,27,1,1000,27000,2010-12-17 00:00:00,1
2010-12-21 00:00:00,2010-12-21 00:00:00,27.6,2010-12-21 00:00:00,27.5,27.5,3,5600,154010,2010-12-21 00:00:00,1
2010-12-22 00:00:00,2010-12-22 00:00:00,28,2010-12-22 00:00:00,27,27.5,14,6100,166190,2010-12-22 00:00:00,1
2010-12-23 00:00:00,2010-12-23 00:00:00,29.4,2010-12-23 00:00:00,29.4,29.4,1,100,2940,2010-12-23 00:00:00,1
2010-12-24 00:00:00,2010-12-24 00:00:00,29,2010-12-24 00:00:00,28,28.5,4,1200,34200,2010-12-24 00:00:00,1
2010-12-27 00:00:00,2010-12-27 00:00:00,29,2010-12-27 00:00:00,28,28.4,7,5700,161900,2010-12-27 00:00:00,1
2010-12-28 00:00:00,2010-12-28 00:00:00,28.4,2010-12-28 00:00:00,28.4,28.4,4,10000,284000,2010-12-28 00:00:00,1
2010-12-29 00:00:00,2010-12-29 00:00:00,28.7,2010-12-29 00:00:00,28,28.7,11,26400,747380,2010-12-29 00:00:00,1
2010-12-30 00:00:00,2010-12-30 00:00:00,29,2010-12-30 00:00:00,28,28.2,3,6500,183500,2010-12-30 00:00:00,1
2010-12-31 00:00:00,2010-12-31 00:00:00,28.1,2010-12-31 00:00:00,28,28,11,44500,1246010,2010-12-31 00:00:00,1
Company Id :  CWM,,Security Type :  N,,Sub Type :  0000,,,,,,
Short Name :  C.W.MACKIE,,,,,,,,,,
Day,Date High,High,Date Low,Low,Closing,No. of Trades,No. of Shares,Turnover,Last Traded,Days Traded
2010-01-04 00:00:00,2010-01-04 00:00:00,37.75,2010-01-04 00:00:00,36.5,37,122,237400,8820975,2010-01-04 00:00:00,1
2010-01-05 00:00:00,2010-01-05 00:00:00,37,2010-01-05 00:00:00,36,36.5,18,35300,1290875,2010-01-05 00:00:00,1
2010-01-06 00:00:00,2010-01-06 00:00:00,37,2010-01-06 00:00:00,36,36,20,43900,1603875,2010-01-06 00:00:00,1
2010-01-07 00:00:00,2010-01-07 00:00:00,36.75,2010-01-07 00:00:00,36,36,21,32400,1181800,2010-01-07 00:00:00,1
2010-01-08 00:00:00,2010-01-08 00:00:00,37,2010-01-08 00:00:00,36,36,9,2300,83550,2010-01-08 00:00:00,1
2010-01-11 00:00:00,2010-01-11 00:00:00,36,2010-01-11 00:00:00,35.25,36,12,8900,319450,2010-01-11 00:00:00,1
2010-01-12 00:00:00,2010-01-12 00:00:00,35,2010-01-12 00:00:00,35,35,12,26100,913500,2010-01-12 00:00:00,1
2010-01-13 00:00:00,2010-01-13 00:00:00,36.25,2010-01-13 00:00:00,35,35.5,32,69900,2489050,2010-01-13 00:00:00,1
2010-01-15 00:00:00,2010-01-15 00:00:00,36,2010-01-15 00:00:00,35,35.5,28,31900,1123775,2010-01-15 00:00:00,1
2010-01-18 00:00:00,2010-01-18 00:00:00,35,2010-01-18 00:00:00,34.25,34.25,38,54400,1875875,2010-01-18 00:00:00,1
2010-01-19 00:00:00,2010-01-19 00:00:00,35,2010-01-19 00:00:00,34,34,23,33700,1157650,2010-01-19 00:00:00,1
2010-01-20 00:00:00,2010-01-20 00:00:00,35.5,2010-01-20 00:00:00,34.25,35.25,29,29500,1027700,2010-01-20 00:00:00,1
2010-01-21 00:00:00,2010-01-21 00:00:00,35.5,2010-01-21 00:00:00,34.5,34.75,21,44200,1542150,2010-01-21 00:00:00,1
2010-01-22 00:00:00,2010-01-22 00:00:00,37,2010-01-22 00:00:00,33.25,35,417,21251359,744217990,2010-01-22 00:00:00,1
2010-01-25 00:00:00,2010-01-25 00:00:00,34.75,2010-01-25 00:00:00,33.5,33.75,51,69900,2367425,2010-01-25 00:00:00,1
2010-01-26 00:00:00,2010-01-26 00:00:00,34.5,2010-01-26 00:00:00,33.25,33.5,15,18800,631525,2010-01-26 00:00:00,1
2010-01-28 00:00:00,2010-01-28 00:00:00,34,2010-01-28 00:00:00,33.5,33.75,34,48700,1643425,2010-01-28 00:00:00,1
2010-02-01 00:00:00,2010-02-01 00:00:00,34,2010-02-01 00:00:00,33.5,33.75,40,99000,3336425,2010-02-01 00:00:00,1
2010-02-02 00:00:00,2010-02-02 00:00:00,33.5,2010-02-02 00:00:00,33.5,33.5,29,33300,1115550,2010-02-02 00:00:00,1
2010-02-03 00:00:00,2010-02-03 00:00:00,34.5,2010-02-03 00:00:00,33.25,34,37,85700,2900975,2010-02-03 00:00:00,1
2010-02-05 00:00:00,2010-02-05 00:00:00,34,2010-02-05 00:00:00,33.75,34,18,66000,2243125,2010-02-05 00:00:00,1
2010-02-08 00:00:00,2010-02-08 00:00:00,34,2010-02-08 00:00:00,33.5,34,21,42700,1449925,2010-02-08 00:00:00,1
2010-02-09 00:00:00,2010-02-09 00:00:00,33.75,2010-02-09 00:00:00,33.5,33.75,12,9600,323300,2010-02-09 00:00:00,1
2010-02-10 00:00:00,2010-02-10 00:00:00,34,2010-02-10 00:00:00,33.5,33.75,18,25200,849975,2010-02-10 00:00:00,1
2010-02-11 00:00:00,2010-02-11 00:00:00,33.5,2010-02-11 00:00:00,33.5,33.5,12,11600,388600,2010-02-11 00:00:00,1
2010-02-12 00:00:00,2010-02-12 00:00:00,33.5,2010-02-12 00:00:00,33.5,33.5,21,36600,1226100,2010-02-12 00:00:00,1
2010-02-15 00:00:00,2010-02-15 00:00:00,34,2010-02-15 00:00:00,33.5,33.5,41,83800,2842900,2010-02-15 00:00:00,1
2010-02-16 00:00:00,2010-02-16 00:00:00,33.5,2010-02-16 00:00:00,33.25,33.5,13,17200,576175,2010-02-16 00:00:00,1
2010-02-17 00:00:00,2010-02-17 00:00:00,33.75,2010-02-17 00:00:00,33.25,33.5,11,11300,378325,2010-02-17 00:00:00,1
2010-02-18 00:00:00,2010-02-18 00:00:00,33.5,2010-02-18 00:00:00,33.25,33.5,11,15900,531650,2010-02-18 00:00:00,1
2010-02-19 00:00:00,2010-02-19 00:00:00,43.25,2010-02-19 00:00:00,34,40.5,1949,14078475,509264050,2010-02-19 00:00:00,1
2010-02-22 00:00:00,2010-02-22 00:00:00,42.25,2010-02-22 00:00:00,39,41.75,576,1101800,45143000,2010-02-22 00:00:00,1
2010-02-23 00:00:00,2010-02-23 00:00:00,42.75,2010-02-23 00:00:00,39.5,39.75,142,128500,5212500,2010-02-23 00:00:00,1
2010-02-24 00:00:00,2010-02-24 00:00:00,39.75,2010-02-24 00:00:00,38,38.25,116,146400,5647075,2010-02-24 00:00:00,1
2010-02-25 00:00:00,2010-02-25 00:00:00,40.5,2010-02-25 00:00:00,36.5,38.75,101,127500,4962400,2010-02-25 00:00:00,1
2010-02-26 00:00:00,2010-02-26 00:00:00,39.5,2010-02-26 00:00:00,38,39.25,23,17900,700875,2010-02-26 00:00:00,1
2010-03-01 00:00:00,2010-03-01 00:00:00,39.75,2010-03-01 00:00:00,37.5,37.75,50,81900,3114850,2010-03-01 00:00:00,1
2010-03-02 00:00:00,2010-03-02 00:00:00,39.75,2010-03-02 00:00:00,38,39.25,97,170400,6635200,2010-03-02 00:00:00,1
2010-03-03 00:00:00,2010-03-03 00:00:00,40,2010-03-03 00:00:00,38,38.5,47,61400,2400500,2010-03-03 00:00:00,1
2010-03-04 00:00:00,2010-03-04 00:00:00,39.75,2010-03-04 00:00:00,37.5,38,16,15900,606325,2010-03-04 00:00:00,1
2010-03-05 00:00:00,2010-03-05 00:00:00,39,2010-03-05 00:00:00,38,38.75,38,50400,1931425,2010-03-05 00:00:00,1
2010-03-08 00:00:00,2010-03-08 00:00:00,38.25,2010-03-08 00:00:00,38,38,26,40300,1531950,2010-03-08 00:00:00,1
2010-03-09 00:00:00,2010-03-09 00:00:00,38,2010-03-09 00:00:00,37.5,38,17,10900,414150,2010-03-09 00:00:00,1
2010-03-10 00:00:00,2010-03-10 00:00:00,38,2010-03-10 00:00:00,37.25,37.5,29,23200,873375,2010-03-10 00:00:00,1
2010-03-11 00:00:00,2010-03-11 00:00:00,39,2010-03-11 00:00:00,37.5,38.75,36,29400,1118075,2010-03-11 00:00:00,1
2010-03-12 00:00:00,2010-03-12 00:00:00,40.5,2010-03-12 00:00:00,38.5,40,92,110900,4403725,2010-03-12 00:00:00,1
2010-03-15 00:00:00,2010-03-15 00:00:00,42,2010-03-15 00:00:00,40.5,41.25,119,138100,5692475,2010-03-15 00:00:00,1
2010-03-16 00:00:00,2010-03-16 00:00:00,42,2010-03-16 00:00:00,40.25,41.25,52,62400,2612350,2010-03-16 00:00:00,1
2010-03-17 00:00:00,2010-03-17 00:00:00,41.5,2010-03-17 00:00:00,40.5,40.5,45,52900,2156250,2010-03-17 00:00:00,1
2010-03-18 00:00:00,2010-03-18 00:00:00,41.5,2010-03-18 00:00:00,40,40,18,16600,674600,2010-03-18 00:00:00,1
2010-03-19 00:00:00,2010-03-19 00:00:00,40.25,2010-03-19 00:00:00,39.25,39.25,11,11800,467125,2010-03-19 00:00:00,1
2010-03-22 00:00:00,2010-03-22 00:00:00,39.5,2010-03-22 00:00:00,38.5,38.75,10,5800,224900,2010-03-22 00:00:00,1
2010-03-23 00:00:00,2010-03-23 00:00:00,40,2010-03-23 00:00:00,39,39,8,33000,1293400,2010-03-23 00:00:00,1
2010-03-24 00:00:00,2010-03-24 00:00:00,38.75,2010-03-24 00:00:00,38.25,38.75,8,10500,404475,2010-03-24 00:00:00,1
2010-03-25 00:00:00,2010-03-25 00:00:00,38.75,2010-03-25 00:00:00,38,38,20,34100,1297425,2010-03-25 00:00:00,1
2010-03-26 00:00:00,2010-03-26 00:00:00,38.75,2010-03-26 00:00:00,37.25,37.75,29,16300,614825,2010-03-26 00:00:00,1
2010-03-30 00:00:00,2010-03-30 00:00:00,38.5,2010-03-30 00:00:00,37.25,37.25,8,2700,100950,2010-03-30 00:00:00,1
2010-03-31 00:00:00,2010-03-31 00:00:00,39.5,2010-03-31 00:00:00,37,39,70,104000,4042550,2010-03-31 00:00:00,1
2010-04-01 00:00:00,2010-04-01 00:00:00,39.5,2010-04-01 00:00:00,38.5,38.75,16,22700,890525,2010-04-01 00:00:00,1
2010-04-05 00:00:00,2010-04-05 00:00:00,39,2010-04-05 00:00:00,38,38.5,7,3000,115100,2010-04-05 00:00:00,1
2010-04-06 00:00:00,2010-04-06 00:00:00,40.25,2010-04-06 00:00:00,38.5,39,21,28600,1125875,2010-04-06 00:00:00,1
2010-04-07 00:00:00,2010-04-07 00:00:00,40,2010-04-07 00:00:00,39,39.5,12,5900,231325,2010-04-07 00:00:00,1
2010-04-08 00:00:00,2010-04-08 00:00:00,39.5,2010-04-08 00:00:00,38.75,39,8,2000,78025,2010-04-08 00:00:00,1
2010-04-12 00:00:00,2010-04-12 00:00:00,40,2010-04-12 00:00:00,39,39,7,4800,191750,2010-04-12 00:00:00,1
2010-04-15 00:00:00,2010-04-15 00:00:00,42.5,2010-04-15 00:00:00,39,41.75,128,151200,6239675,2010-04-15 00:00:00,1
2010-04-16 00:00:00,2010-04-16 00:00:00,47,2010-04-16 00:00:00,42,45.75,594,823000,37191775,2010-04-16 00:00:00,1
2010-04-19 00:00:00,2010-04-19 00:00:00,46.75,2010-04-19 00:00:00,43,44.5,66,76000,3401625,2010-04-19 00:00:00,1
2010-04-20 00:00:00,2010-04-20 00:00:00,45.75,2010-04-20 00:00:00,43.5,44.25,44,71200,3194200,2010-04-20 00:00:00,1
2010-04-21 00:00:00,2010-04-21 00:00:00,44.75,2010-04-21 00:00:00,43,43,54,122000,5265050,2010-04-21 00:00:00,1
2010-04-22 00:00:00,2010-04-22 00:00:00,44,2010-04-22 00:00:00,43,43,52,77800,3346750,2010-04-22 00:00:00,1
2010-04-23 00:00:00,2010-04-23 00:00:00,44,2010-04-23 00:00:00,42.75,43,22,20600,887525,2010-04-23 00:00:00,1
2010-04-26 00:00:00,2010-04-26 00:00:00,43.5,2010-04-26 00:00:00,42,42.25,25,19500,830425,2010-04-26 00:00:00,1
2010-04-27 00:00:00,2010-04-27 00:00:00,42.5,2010-04-27 00:00:00,41.25,41.75,28,26600,1120725,2010-04-27 00:00:00,1
2010-04-29 00:00:00,2010-04-29 00:00:00,42.5,2010-04-29 00:00:00,41.25,41.75,17,9100,381700,2010-04-29 00:00:00,1
2010-04-30 00:00:00,2010-04-30 00:00:00,43.75,2010-04-30 00:00:00,42,42.75,58,152900,6495350,2010-04-30 00:00:00,1
2010-05-03 00:00:00,2010-05-03 00:00:00,43,2010-05-03 00:00:00,41,41.75,57,66900,2818250,2010-05-03 00:00:00,1
2010-05-04 00:00:00,2010-05-04 00:00:00,43,2010-05-04 00:00:00,41,41.75,16,11400,475125,2010-05-04 00:00:00,1
2010-05-05 00:00:00,2010-05-05 00:00:00,42.75,2010-05-05 00:00:00,41.5,41.5,31,32600,1359575,2010-05-05 00:00:00,1
2010-05-06 00:00:00,2010-05-06 00:00:00,43,2010-05-06 00:00:00,41.25,42.5,39,62600,2629800,2010-05-06 00:00:00,1
2010-05-07 00:00:00,2010-05-07 00:00:00,43,2010-05-07 00:00:00,42,42.25,28,39000,1657375,2010-05-07 00:00:00,1
2010-05-10 00:00:00,2010-05-10 00:00:00,42.75,2010-05-10 00:00:00,41.5,41.75,28,36900,1545750,2010-05-10 00:00:00,1
2010-05-11 00:00:00,2010-05-11 00:00:00,42.25,2010-05-11 00:00:00,41,41.5,55,55300,2305600,2010-05-11 00:00:00,1
2010-05-12 00:00:00,2010-05-12 00:00:00,42,2010-05-12 00:00:00,41.25,41.5,34,25800,1075675,2010-05-12 00:00:00,1
2010-05-13 00:00:00,2010-05-13 00:00:00,42,2010-05-13 00:00:00,41.25,42,19,17200,714125,2010-05-13 00:00:00,1
2010-05-14 00:00:00,2010-05-14 00:00:00,42.25,2010-05-14 00:00:00,41.25,42,32,28900,1205300,2010-05-14 00:00:00,1
2010-05-17 00:00:00,2010-05-17 00:00:00,43.75,2010-05-17 00:00:00,42.5,43,73,85400,3666125,2010-05-17 00:00:00,1
2010-05-18 00:00:00,2010-05-18 00:00:00,43.75,2010-05-18 00:00:00,42.75,43,53,39800,1716700,2010-05-18 00:00:00,1
2010-05-19 00:00:00,2010-05-19 00:00:00,43,2010-05-19 00:00:00,42,42,17,10900,467900,2010-05-19 00:00:00,1
2010-05-20 00:00:00,2010-05-20 00:00:00,43.5,2010-05-20 00:00:00,42,42.25,17,16600,708875,2010-05-20 00:00:00,1
2010-05-21 00:00:00,2010-05-21 00:00:00,43.5,2010-05-21 00:00:00,41.75,42,34,37100,1593675,2010-05-21 00:00:00,1
2010-05-24 00:00:00,2010-05-24 00:00:00,43.25,2010-05-24 00:00:00,42.5,43,39,38800,1668075,2010-05-24 00:00:00,1
2010-05-25 00:00:00,2010-05-25 00:00:00,43.25,2010-05-25 00:00:00,42.75,42.75,31,28400,1216800,2010-05-25 00:00:00,1
2010-05-26 00:00:00,2010-05-26 00:00:00,42,2010-05-26 00:00:00,42,42,2,1500,63000,2010-05-26 00:00:00,1
2010-05-31 00:00:00,2010-05-31 00:00:00,43.5,2010-05-31 00:00:00,43,43.25,65,73500,3172775,2010-05-31 00:00:00,1
2010-06-01 00:00:00,2010-06-01 00:00:00,46.75,2010-06-01 00:00:00,43.5,46.25,445,775800,35212200,2010-06-01 00:00:00,1
2010-06-02 00:00:00,2010-06-02 00:00:00,47.25,2010-06-02 00:00:00,44.5,44.75,113,143800,6592275,2010-06-02 00:00:00,1
2010-06-03 00:00:00,2010-06-03 00:00:00,47,2010-06-03 00:00:00,45,46.5,107,137600,6387550,2010-06-03 00:00:00,1
2010-06-04 00:00:00,2010-06-04 00:00:00,47,2010-06-04 00:00:00,45.75,45.75,44,28000,1302500,2010-06-04 00:00:00,1
2010-06-07 00:00:00,2010-06-07 00:00:00,46.75,2010-06-07 00:00:00,43,44,77,67400,2997650,2010-06-07 00:00:00,1
2010-06-08 00:00:00,2010-06-08 00:00:00,46.5,2010-06-08 00:00:00,44.25,44.75,47,45400,2043675,2010-06-08 00:00:00,1
2010-06-09 00:00:00,2010-06-09 00:00:00,46.5,2010-06-09 00:00:00,45.25,45.75,87,115800,5334475,2010-06-09 00:00:00,1
2010-06-10 00:00:00,2010-06-10 00:00:00,46.5,2010-06-10 00:00:00,45.5,45.75,43,32600,1498125,2010-06-10 00:00:00,1
2010-06-11 00:00:00,2010-06-11 00:00:00,46,2010-06-11 00:00:00,45.25,45.5,54,53000,2417150,2010-06-11 00:00:00,1
2010-06-14 00:00:00,2010-06-14 00:00:00,46.75,2010-06-14 00:00:00,45.5,46.5,112,110800,5105300,2010-06-14 00:00:00,1
2010-06-15 00:00:00,2010-06-15 00:00:00,47,2010-06-15 00:00:00,45.5,46,40,32600,1515325,2010-06-15 00:00:00,1
2010-06-16 00:00:00,2010-06-16 00:00:00,47,2010-06-16 00:00:00,45,45.25,50,51700,2363150,2010-06-16 00:00:00,1
2010-06-17 00:00:00,2010-06-17 00:00:00,46.75,2010-06-17 00:00:00,45.75,45.75,31,25200,1164025,2010-06-17 00:00:00,1
2010-06-21 00:00:00,2010-06-21 00:00:00,48.25,2010-06-21 00:00:00,46.5,48,126,185600,8762400,2010-06-21 00:00:00,1
2010-06-22 00:00:00,2010-06-22 00:00:00,52.75,2010-06-22 00:00:00,48,51.25,449,573400,29462975,2010-06-22 00:00:00,1
2010-06-23 00:00:00,2010-06-23 00:00:00,53.5,2010-06-23 00:00:00,50.5,50.75,112,145000,7585475,2010-06-23 00:00:00,1
2010-06-24 00:00:00,2010-06-24 00:00:00,52,2010-06-24 00:00:00,49,51,67,47800,2401100,2010-06-24 00:00:00,1
2010-06-28 00:00:00,2010-06-28 00:00:00,52,2010-06-28 00:00:00,48.25,49.25,50,40100,1992175,2010-06-28 00:00:00,1
2010-06-29 00:00:00,2010-06-29 00:00:00,51.75,2010-06-29 00:00:00,49.5,50.5,78,72600,3666250,2010-06-29 00:00:00,1
2010-06-30 00:00:00,2010-06-30 00:00:00,58.25,2010-06-30 00:00:00,50,57,446,599000,32832375,2010-06-30 00:00:00,1
2010-07-01 00:00:00,2010-07-01 00:00:00,59,2010-07-01 00:00:00,57.25,58.5,222,181300,10585175,2010-07-01 00:00:00,1
2010-07-02 00:00:00,2010-07-02 00:00:00,60,2010-07-02 00:00:00,56,57.25,94,122200,7182300,2010-07-02 00:00:00,1
2010-07-05 00:00:00,2010-07-05 00:00:00,58,2010-07-05 00:00:00,56.5,56.75,33,56600,3219800,2010-07-05 00:00:00,1
2010-07-06 00:00:00,2010-07-06 00:00:00,56,2010-07-06 00:00:00,55.5,55.5,16,10600,592500,2010-07-06 00:00:00,1
2010-07-07 00:00:00,2010-07-07 00:00:00,57.75,2010-07-07 00:00:00,50,53,63,47400,2534300,2010-07-07 00:00:00,1
2010-07-08 00:00:00,2010-07-08 00:00:00,57,2010-07-08 00:00:00,53,55.75,49,23500,1303925,2010-07-08 00:00:00,1
2010-07-09 00:00:00,2010-07-09 00:00:00,56,2010-07-09 00:00:00,54,54.5,53,46400,2540950,2010-07-09 00:00:00,1
2010-07-12 00:00:00,2010-07-12 00:00:00,55,2010-07-12 00:00:00,53,53.25,36,18300,983475,2010-07-12 00:00:00,1
2010-07-13 00:00:00,2010-07-13 00:00:00,54,2010-07-13 00:00:00,51,51.25,39,31400,1639375,2010-07-13 00:00:00,1
2010-07-14 00:00:00,2010-07-14 00:00:00,55,2010-07-14 00:00:00,51.75,53.25,51,34300,1817100,2010-07-14 00:00:00,1
2010-07-15 00:00:00,2010-07-15 00:00:00,55.25,2010-07-15 00:00:00,51,51.75,48,22400,1178400,2010-07-15 00:00:00,1
2010-07-16 00:00:00,2010-07-16 00:00:00,52.75,2010-07-16 00:00:00,50,51,31,24100,1229975,2010-07-16 00:00:00,1
2010-07-19 00:00:00,2010-07-19 00:00:00,54,2010-07-19 00:00:00,50.5,51.75,46,21600,1133550,2010-07-19 00:00:00,1
2010-07-20 00:00:00,2010-07-20 00:00:00,53,2010-07-20 00:00:00,51.5,52,84,67800,3538200,2010-07-20 00:00:00,1
2010-07-21 00:00:00,2010-07-21 00:00:00,53,2010-07-21 00:00:00,51.75,52,25,13500,701500,2010-07-21 00:00:00,1
2010-07-22 00:00:00,2010-07-22 00:00:00,52.75,2010-07-22 00:00:00,51,51.5,33,22800,1173800,2010-07-22 00:00:00,1
2010-07-23 00:00:00,2010-07-23 00:00:00,52.75,2010-07-23 00:00:00,50,52,40,63300,3254525,2010-07-23 00:00:00,1
2010-07-26 00:00:00,2010-07-26 00:00:00,53.5,2010-07-26 00:00:00,52,53.25,57,39100,2071375,2010-07-26 00:00:00,1
2010-07-27 00:00:00,2010-07-27 00:00:00,54,2010-07-27 00:00:00,52.75,53.75,69,59400,3189650,2010-07-27 00:00:00,1
2010-07-28 00:00:00,2010-07-28 00:00:00,54,2010-07-28 00:00:00,51,54,54,54200,2886700,2010-07-28 00:00:00,1
2010-07-29 00:00:00,2010-07-29 00:00:00,54.25,2010-07-29 00:00:00,51.5,53.5,50,43400,2312500,2010-07-29 00:00:00,1
2010-07-30 00:00:00,2010-07-30 00:00:00,54,2010-07-30 00:00:00,52.75,53.5,46,34500,1847025,2010-07-30 00:00:00,1
2010-08-02 00:00:00,2010-08-02 00:00:00,55.9,2010-08-02 00:00:00,52,54.7,48,33000,1791060,2010-08-02 00:00:00,1
2010-08-03 00:00:00,2010-08-03 00:00:00,57,2010-08-03 00:00:00,54,56.2,77,58200,3251710,2010-08-03 00:00:00,1
2010-08-04 00:00:00,2010-08-04 00:00:00,60,2010-08-04 00:00:00,54,58.4,150,174100,10058400,2010-08-04 00:00:00,1
2010-08-05 00:00:00,2010-08-05 00:00:00,60,2010-08-05 00:00:00,54.5,55.4,37,33300,1881740,2010-08-05 00:00:00,1
2010-08-06 00:00:00,2010-08-06 00:00:00,59,2010-08-06 00:00:00,52.5,52.8,15,11100,600220,2010-08-06 00:00:00,1
2010-08-09 00:00:00,2010-08-09 00:00:00,51,2010-08-09 00:00:00,48.5,48.7,39,16900,833330,2010-08-09 00:00:00,1
2010-08-10 00:00:00,2010-08-10 00:00:00,53.5,2010-08-10 00:00:00,46.2,53.4,40,18800,973740,2010-08-10 00:00:00,1
2010-08-11 00:00:00,2010-08-11 00:00:00,57.9,2010-08-11 00:00:00,52,52.5,32,56000,3010880,2010-08-11 00:00:00,1
2010-08-12 00:00:00,2010-08-12 00:00:00,54.9,2010-08-12 00:00:00,50.7,52.6,3,900,47570,2010-08-12 00:00:00,1
2010-08-13 00:00:00,2010-08-13 00:00:00,56.5,2010-08-13 00:00:00,53,54.8,20,9300,508980,2010-08-13 00:00:00,1
2010-08-16 00:00:00,2010-08-16 00:00:00,58,2010-08-16 00:00:00,53,54.8,21,16700,924190,2010-08-16 00:00:00,1
2010-08-17 00:00:00,2010-08-17 00:00:00,57,2010-08-17 00:00:00,52.8,55.6,80,60900,3369460,2010-08-17 00:00:00,1
2010-08-18 00:00:00,2010-08-18 00:00:00,58.8,2010-08-18 00:00:00,54,56,65,32100,1798920,2010-08-18 00:00:00,1
2010-08-19 00:00:00,2010-08-19 00:00:00,57.5,2010-08-19 00:00:00,55.1,57,59,50800,2888630,2010-08-19 00:00:00,1
2010-08-20 00:00:00,2010-08-20 00:00:00,57.4,2010-08-20 00:00:00,53.3,55.7,17,9100,502940,2010-08-20 00:00:00,1
2010-08-23 00:00:00,2010-08-23 00:00:00,56.4,2010-08-23 00:00:00,53,54.1,41,31500,1706020,2010-08-23 00:00:00,1
2010-08-25 00:00:00,2010-08-25 00:00:00,57,2010-08-25 00:00:00,54.3,54.9,65,35400,1984740,2010-08-25 00:00:00,1
2010-08-26 00:00:00,2010-08-26 00:00:00,55,2010-08-26 00:00:00,52.1,54.1,39,28200,1497180,2010-08-26 00:00:00,1
2010-08-27 00:00:00,2010-08-27 00:00:00,55.9,2010-08-27 00:00:00,53.5,54,61,47900,2600890,2010-08-27 00:00:00,1
2010-08-30 00:00:00,2010-08-30 00:00:00,55,2010-08-30 00:00:00,52,53.9,36,24700,1319450,2010-08-30 00:00:00,1
2010-08-31 00:00:00,2010-08-31 00:00:00,54,2010-08-31 00:00:00,53,54,25,14600,781250,2010-08-31 00:00:00,1
2010-09-01 00:00:00,2010-09-01 00:00:00,54,2010-09-01 00:00:00,52.6,53.1,56,55200,2934220,2010-09-01 00:00:00,1
2010-09-02 00:00:00,2010-09-02 00:00:00,57,2010-09-02 00:00:00,54,54.4,97,112100,6172890,2010-09-02 00:00:00,1
2010-09-03 00:00:00,2010-09-03 00:00:00,56.9,2010-09-03 00:00:00,55,56,73,95600,5341050,2010-09-03 00:00:00,1
2010-09-06 00:00:00,2010-09-06 00:00:00,61.6,2010-09-06 00:00:00,56,61.6,351,505200,30512160,2010-09-06 00:00:00,1
2010-09-07 00:00:00,2010-09-07 00:00:00,66.2,2010-09-07 00:00:00,58.3,59.8,226,222600,13941530,2010-09-07 00:00:00,1
2010-09-08 00:00:00,2010-09-08 00:00:00,63,2010-09-08 00:00:00,59.5,61.3,76,76700,4639380,2010-09-08 00:00:00,1
2010-09-09 00:00:00,2010-09-09 00:00:00,67.4,2010-09-09 00:00:00,61,67.4,383,652400,42884370,2010-09-09 00:00:00,1
2010-09-13 00:00:00,2010-09-13 00:00:00,70,2010-09-13 00:00:00,65,65.2,138,157600,10595440,2010-09-13 00:00:00,1
2010-09-14 00:00:00,2010-09-14 00:00:00,68.5,2010-09-14 00:00:00,63,65.2,57,85400,5527230,2010-09-14 00:00:00,1
2010-09-15 00:00:00,2010-09-15 00:00:00,67.5,2010-09-15 00:00:00,63,65.9,53,49900,3220060,2010-09-15 00:00:00,1
2010-09-16 00:00:00,2010-09-16 00:00:00,65.9,2010-09-16 00:00:00,62,63.4,15,34900,2189920,2010-09-16 00:00:00,1
2010-09-17 00:00:00,2010-09-17 00:00:00,67,2010-09-17 00:00:00,63.5,63.9,40,32600,2115290,2010-09-17 00:00:00,1
2010-09-20 00:00:00,2010-09-20 00:00:00,66.8,2010-09-20 00:00:00,63.1,65.5,70,108600,7001160,2010-09-20 00:00:00,1
2010-09-21 00:00:00,2010-09-21 00:00:00,68,2010-09-21 00:00:00,63,65.5,33,30300,1980490,2010-09-21 00:00:00,1
2010-09-23 00:00:00,2010-09-23 00:00:00,68,2010-09-23 00:00:00,63.5,63.8,45,68100,4354030,2010-09-23 00:00:00,1
2010-09-24 00:00:00,2010-09-24 00:00:00,68.8,2010-09-24 00:00:00,63.6,66,120,307600,20449040,2010-09-24 00:00:00,1
2010-09-27 00:00:00,2010-09-27 00:00:00,80,2010-09-27 00:00:00,67.9,79.2,715,1090300,81867320,2010-09-27 00:00:00,1
2010-09-28 00:00:00,2010-09-28 00:00:00,82,2010-09-28 00:00:00,76,76.8,205,200800,15829280,2010-09-28 00:00:00,1
2010-09-29 00:00:00,2010-09-29 00:00:00,79,2010-09-29 00:00:00,75,77.5,70,66700,5136380,2010-09-29 00:00:00,1
2010-09-30 00:00:00,2010-09-30 00:00:00,79,2010-09-30 00:00:00,72.5,74.7,43,55400,4144050,2010-09-30 00:00:00,1
2010-10-01 00:00:00,2010-10-01 00:00:00,81.5,2010-10-01 00:00:00,75,78.6,174,324200,25803820,2010-10-01 00:00:00,1
2010-10-04 00:00:00,2010-10-04 00:00:00,79,2010-10-04 00:00:00,75.5,76.3,30,43400,3366920,2010-10-04 00:00:00,1
2010-10-05 00:00:00,2010-10-05 00:00:00,78.9,2010-10-05 00:00:00,74,74.9,31,19900,1502390,2010-10-05 00:00:00,1
2010-10-06 00:00:00,2010-10-06 00:00:00,76.3,2010-10-06 00:00:00,72.3,73.9,22,22500,1646470,2010-10-06 00:00:00,1
2010-10-07 00:00:00,2010-10-07 00:00:00,74.5,2010-10-07 00:00:00,68.4,72,52,51700,3711800,2010-10-07 00:00:00,1
2010-10-08 00:00:00,2010-10-08 00:00:00,75,2010-10-08 00:00:00,70.2,74.9,55,41600,3041640,2010-10-08 00:00:00,1
2010-10-11 00:00:00,2010-10-11 00:00:00,76.3,2010-10-11 00:00:00,72,73,28,20700,1531100,2010-10-11 00:00:00,1
2010-10-12 00:00:00,2010-10-12 00:00:00,74,2010-10-12 00:00:00,68,69.1,62,83400,5807600,2010-10-12 00:00:00,1
2010-10-13 00:00:00,2010-10-13 00:00:00,74,2010-10-13 00:00:00,61,69.8,44,46200,3142090,2010-10-13 00:00:00,1
2010-10-14 00:00:00,2010-10-14 00:00:00,73,2010-10-14 00:00:00,67,68.3,16,12600,872500,2010-10-14 00:00:00,1
2010-10-15 00:00:00,2010-10-15 00:00:00,71.9,2010-10-15 00:00:00,67,68.2,9,4600,314330,2010-10-15 00:00:00,1
2010-10-18 00:00:00,2010-10-18 00:00:00,70.7,2010-10-18 00:00:00,68,68,13,3900,272780,2010-10-18 00:00:00,1
2010-10-19 00:00:00,2010-10-19 00:00:00,71.7,2010-10-19 00:00:00,69,70.8,31,18200,1284460,2010-10-19 00:00:00,1
2010-10-20 00:00:00,2010-10-20 00:00:00,70,2010-10-20 00:00:00,66.5,68.1,18,13100,893560,2010-10-20 00:00:00,1
2010-10-21 00:00:00,2010-10-21 00:00:00,70,2010-10-21 00:00:00,66.7,69.1,18,9000,617850,2010-10-21 00:00:00,1
2010-10-25 00:00:00,2010-10-25 00:00:00,70,2010-10-25 00:00:00,67,69.8,27,28900,2011170,2010-10-25 00:00:00,1
2010-10-26 00:00:00,2010-10-26 00:00:00,71,2010-10-26 00:00:00,66.1,67.4,34,33500,2275460,2010-10-26 00:00:00,1
2010-10-27 00:00:00,2010-10-27 00:00:00,71.9,2010-10-27 00:00:00,67,69.6,46,55500,3848840,2010-10-27 00:00:00,1
2010-10-28 00:00:00,2010-10-28 00:00:00,71.9,2010-10-28 00:00:00,68.5,68.8,28,12700,886270,2010-10-28 00:00:00,1
2010-10-29 00:00:00,2010-10-29 00:00:00,73.5,2010-10-29 00:00:00,69,71.5,44,33600,2368810,2010-10-29 00:00:00,1
2010-11-01 00:00:00,2010-11-01 00:00:00,75,2010-11-01 00:00:00,70,70.1,75,94600,6829630,2010-11-01 00:00:00,1
2010-11-02 00:00:00,2010-11-02 00:00:00,73.9,2010-11-02 00:00:00,70,71.1,32,54100,3799720,2010-11-02 00:00:00,1
2010-11-03 00:00:00,2010-11-03 00:00:00,73.3,2010-11-03 00:00:00,71.9,72.5,25,11900,861400,2010-11-03 00:00:00,1
2010-11-04 00:00:00,2010-11-04 00:00:00,74,2010-11-04 00:00:00,71.5,72.7,29,24300,1767190,2010-11-04 00:00:00,1
2010-11-08 00:00:00,2010-11-08 00:00:00,74.5,2010-11-08 00:00:00,72,72,15,8700,629570,2010-11-08 00:00:00,1
2010-11-09 00:00:00,2010-11-09 00:00:00,72,2010-11-09 00:00:00,72,72,13,7700,554400,2010-11-09 00:00:00,1
2010-11-10 00:00:00,2010-11-10 00:00:00,73.9,2010-11-10 00:00:00,70,70.9,4,4700,333160,2010-11-10 00:00:00,1
2010-11-11 00:00:00,2010-11-11 00:00:00,73.4,2010-11-11 00:00:00,68,72.9,26,14300,1038520,2010-11-11 00:00:00,1
2010-11-12 00:00:00,2010-11-12 00:00:00,74.8,2010-11-12 00:00:00,72,72,9,7000,512270,2010-11-12 00:00:00,1
2010-11-15 00:00:00,2010-11-15 00:00:00,73,2010-11-15 00:00:00,69,70.2,23,9900,708690,2010-11-15 00:00:00,1
2010-11-16 00:00:00,2010-11-16 00:00:00,72,2010-11-16 00:00:00,67,71.9,14,7300,505810,2010-11-16 00:00:00,1
2010-11-18 00:00:00,2010-11-18 00:00:00,72.8,2010-11-18 00:00:00,70,71.9,10,3900,278260,2010-11-18 00:00:00,1
2010-11-22 00:00:00,2010-11-22 00:00:00,73,2010-11-22 00:00:00,70.1,72.4,17,11700,845940,2010-11-22 00:00:00,1
2010-11-23 00:00:00,2010-11-23 00:00:00,69,2010-11-23 00:00:00,67,67.8,16,6800,458190,2010-11-23 00:00:00,1
2010-11-24 00:00:00,2010-11-24 00:00:00,70,2010-11-24 00:00:00,67.5,68.5,8,42700,2929670,2010-11-24 00:00:00,1
2010-11-25 00:00:00,2010-11-25 00:00:00,70,2010-11-25 00:00:00,68,69.8,14,7300,503600,2010-11-25 00:00:00,1
2010-11-26 00:00:00,2010-11-26 00:00:00,72,2010-11-26 00:00:00,67.6,68.4,10,8300,581570,2010-11-26 00:00:00,1
2010-11-29 00:00:00,2010-11-29 00:00:00,71.8,2010-11-29 00:00:00,66.1,66.7,19,12400,845910,2010-11-29 00:00:00,1
2010-11-30 00:00:00,2010-11-30 00:00:00,72,2010-11-30 00:00:00,68,71,34,11700,833790,2010-11-30 00:00:00,1
2010-12-01 00:00:00,2010-12-01 00:00:00,73,2010-12-01 00:00:00,70.5,72.2,42,47600,3428920,2010-12-01 00:00:00,1
2010-12-02 00:00:00,2010-12-02 00:00:00,78,2010-12-02 00:00:00,71.5,76,149,179300,13483540,2010-12-02 00:00:00,1
2010-12-03 00:00:00,2010-12-03 00:00:00,78,2010-12-03 00:00:00,73.5,76.7,97,100900,7771410,2010-12-03 00:00:00,1
2010-12-06 00:00:00,2010-12-06 00:00:00,78.4,2010-12-06 00:00:00,76.2,77.1,58,70900,5474800,2010-12-06 00:00:00,1
2010-12-07 00:00:00,2010-12-07 00:00:00,79,2010-12-07 00:00:00,75.5,76.3,9,2500,192420,2010-12-07 00:00:00,1
2010-12-08 00:00:00,2010-12-08 00:00:00,77,2010-12-08 00:00:00,75,76.8,8,5200,395500,2010-12-08 00:00:00,1
2010-12-09 00:00:00,2010-12-09 00:00:00,76.9,2010-12-09 00:00:00,73.8,74.5,19,22100,1663000,2010-12-09 00:00:00,1
2010-12-10 00:00:00,2010-12-10 00:00:00,77.9,2010-12-10 00:00:00,75.1,76,30,26600,2033810,2010-12-10 00:00:00,1
2010-12-13 00:00:00,2010-12-13 00:00:00,77.5,2010-12-13 00:00:00,75.1,75.4,4,1200,91400,2010-12-13 00:00:00,1
2010-12-14 00:00:00,2010-12-14 00:00:00,76.9,2010-12-14 00:00:00,73.6,73.7,3,1100,82620,2010-12-14 00:00:00,1
2010-12-15 00:00:00,2010-12-15 00:00:00,75.9,2010-12-15 00:00:00,73,74.9,10,4000,295200,2010-12-15 00:00:00,1
2010-12-16 00:00:00,2010-12-16 00:00:00,75,2010-12-16 00:00:00,75,75,13,13200,990000,2010-12-16 00:00:00,1
2010-12-17 00:00:00,2010-12-17 00:00:00,75,2010-12-17 00:00:00,72,74,23,37300,2758010,2010-12-17 00:00:00,1
2010-12-21 00:00:00,2010-12-21 00:00:00,83,2010-12-21 00:00:00,75,80.6,238,371000,29530900,2010-12-21 00:00:00,1
2010-12-22 00:00:00,2010-12-22 00:00:00,89.1,2010-12-22 00:00:00,82,86.7,527,742100,64794390,2010-12-22 00:00:00,1
2010-12-23 00:00:00,2010-12-23 00:00:00,87.5,2010-12-23 00:00:00,84,84.2,92,118300,10070960,2010-12-23 00:00:00,1
2010-12-24 00:00:00,2010-12-24 00:00:00,85.5,2010-12-24 00:00:00,81,84.9,20,6200,519830,2010-12-24 00:00:00,1
2010-12-27 00:00:00,2010-12-27 00:00:00,86.5,2010-12-27 00:00:00,80.7,84.5,38,54600,4596650,2010-12-27 00:00:00,1
2010-12-28 00:00:00,2010-12-28 00:00:00,85.4,2010-12-28 00:00:00,83.1,83.1,34,53300,4452870,2010-12-28 00:00:00,1
2010-12-29 00:00:00,2010-12-29 00:00:00,86.4,2010-12-29 00:00:00,84.5,85.8,94,123200,10503730,2010-12-29 00:00:00,1
2010-12-30 00:00:00,2010-12-30 00:00:00,86.3,2010-12-30 00:00:00,80,84.8,68,88700,7386340,2010-12-30 00:00:00,1
2010-12-31 00:00:00,2010-12-31 00:00:00,87,2010-12-31 00:00:00,84,85.1,85,104000,8960440,2010-12-31 00:00:00,1
Company Id :  DFCC,,Security Type :  N,,Sub Type :  0000,,,,,,
Short Name :  DFCC BANK,,,,,,,,,,
Day,Date High,High,Date Low,Low,Closing,No. of Trades,No. of Shares,Turnover,Last Traded,Days Traded
2010-01-04 00:00:00,2010-01-04 00:00:00,171.75,2010-01-04 00:00:00,167,170.5,141,226100,38279425,2010-01-04 00:00:00,1
2010-01-05 00:00:00,2010-01-05 00:00:00,177.5,2010-01-05 00:00:00,170,172.5,99,107000,18554350,2010-01-05 00:00:00,1
2010-01-06 00:00:00,2010-01-06 00:00:00,174,2010-01-06 00:00:00,170,171,54,81500,14014050,2010-01-06 00:00:00,1
2010-01-07 00:00:00,2010-01-07 00:00:00,170,2010-01-07 00:00:00,166.5,169.25,30,18300,3064450,2010-01-07 00:00:00,1
2010-01-08 00:00:00,2010-01-08 00:00:00,171.25,2010-01-08 00:00:00,169,171,34,70300,11946300,2010-01-08 00:00:00,1
2010-01-11 00:00:00,2010-01-11 00:00:00,172,2010-01-11 00:00:00,169.25,169.75,46,34500,5876700,2010-01-11 00:00:00,1
2010-01-12 00:00:00,2010-01-12 00:00:00,169.25,2010-01-12 00:00:00,165.5,168,32,42700,7194200,2010-01-12 00:00:00,1
2010-01-13 00:00:00,2010-01-13 00:00:00,169,2010-01-13 00:00:00,168,168,22,15200,2564225,2010-01-13 00:00:00,1
2010-01-15 00:00:00,2010-01-15 00:00:00,168,2010-01-15 00:00:00,167.5,167.5,31,37800,6341025,2010-01-15 00:00:00,1
2010-01-18 00:00:00,2010-01-18 00:00:00,168,2010-01-18 00:00:00,166,166.25,54,63400,10564125,2010-01-18 00:00:00,1
2010-01-19 00:00:00,2010-01-19 00:00:00,165,2010-01-19 00:00:00,164.5,165,52,47600,7853750,2010-01-19 00:00:00,1
2010-01-20 00:00:00,2010-01-20 00:00:00,168,2010-01-20 00:00:00,165.5,168,37,36300,6046700,2010-01-20 00:00:00,1
2010-01-21 00:00:00,2010-01-21 00:00:00,170.25,2010-01-21 00:00:00,167,167.75,25,27000,4574900,2010-01-21 00:00:00,1
2010-01-22 00:00:00,2010-01-22 00:00:00,168.25,2010-01-22 00:00:00,166.75,167,25,26600,4447650,2010-01-22 00:00:00,1
2010-01-25 00:00:00,2010-01-25 00:00:00,168,2010-01-25 00:00:00,166,167.25,83,94000,15677775,2010-01-25 00:00:00,1
2010-01-26 00:00:00,2010-01-26 00:00:00,172,2010-01-26 00:00:00,167,169.75,25,19600,3320775,2010-01-26 00:00:00,1
2010-01-28 00:00:00,2010-01-28 00:00:00,172,2010-01-28 00:00:00,167,171.75,94,213300,36315475,2010-01-28 00:00:00,1
2010-02-01 00:00:00,2010-02-01 00:00:00,176,2010-02-01 00:00:00,172.5,175,68,132100,23107500,2010-02-01 00:00:00,1
2010-02-02 00:00:00,2010-02-02 00:00:00,176,2010-02-02 00:00:00,174.25,175.25,70,286700,50193350,2010-02-02 00:00:00,1
2010-02-03 00:00:00,2010-02-03 00:00:00,178,2010-02-03 00:00:00,174.25,177,89,310400,54484575,2010-02-03 00:00:00,1
2010-02-05 00:00:00,2010-02-05 00:00:00,177,2010-02-05 00:00:00,175,175.25,19,17100,3000600,2010-02-05 00:00:00,1
2010-02-08 00:00:00,2010-02-08 00:00:00,176.5,2010-02-08 00:00:00,175,176,40,261000,45784850,2010-02-08 00:00:00,1
2010-02-09 00:00:00,2010-02-09 00:00:00,175,2010-02-09 00:00:00,170,175,23,50300,8728100,2010-02-09 00:00:00,1
2010-02-10 00:00:00,2010-02-10 00:00:00,175,2010-02-10 00:00:00,174,174.5,23,26500,4618200,2010-02-10 00:00:00,1
2010-02-11 00:00:00,2010-02-11 00:00:00,176,2010-02-11 00:00:00,170.25,175,76,516400,90676625,2010-02-11 00:00:00,1
2010-02-12 00:00:00,2010-02-12 00:00:00,176.5,2010-02-12 00:00:00,174,176.25,90,380000,66884450,2010-02-12 00:00:00,1
2010-02-15 00:00:00,2010-02-15 00:00:00,177,2010-02-15 00:00:00,174,176,62,150300,26415150,2010-02-15 00:00:00,1
2010-02-16 00:00:00,2010-02-16 00:00:00,176.25,2010-02-16 00:00:00,175,175.75,51,163100,28689075,2010-02-16 00:00:00,1
2010-02-17 00:00:00,2010-02-17 00:00:00,177,2010-02-17 00:00:00,176,177,37,64100,11307025,2010-02-17 00:00:00,1
2010-02-18 00:00:00,2010-02-18 00:00:00,177,2010-02-18 00:00:00,176,176,20,102700,18076050,2010-02-18 00:00:00,1
2010-02-19 00:00:00,2010-02-19 00:00:00,177.25,2010-02-19 00:00:00,176,177,22,43200,7618450,2010-02-19 00:00:00,1
2010-02-22 00:00:00,2010-02-22 00:00:00,177.25,2010-02-22 00:00:00,176,177,27,136300,24125200,2010-02-22 00:00:00,1
2010-02-23 00:00:00,2010-02-23 00:00:00,178.75,2010-02-23 00:00:00,177,178,48,34900,6198175,2010-02-23 00:00:00,1
2010-02-24 00:00:00,2010-02-24 00:00:00,178.5,2010-02-24 00:00:00,176,178.25,27,76600,13604900,2010-02-24 00:00:00,1
2010-02-25 00:00:00,2010-02-25 00:00:00,179,2010-02-25 00:00:00,176,178,29,83400,14775050,2010-02-25 00:00:00,1
2010-02-26 00:00:00,2010-02-26 00:00:00,178,2010-02-26 00:00:00,177,178,16,32900,5855000,2010-02-26 00:00:00,1
2010-03-01 00:00:00,2010-03-01 00:00:00,179,2010-03-01 00:00:00,177,178,28,39200,6975050,2010-03-01 00:00:00,1
2010-03-02 00:00:00,2010-03-02 00:00:00,179.5,2010-03-02 00:00:00,178,178.75,27,108400,19363875,2010-03-02 00:00:00,1
2010-03-03 00:00:00,2010-03-03 00:00:00,178.5,2010-03-03 00:00:00,178,178.25,21,57800,10296525,2010-03-03 00:00:00,1
2010-03-04 00:00:00,2010-03-04 00:00:00,183.5,2010-03-04 00:00:00,179,183.25,56,108200,19574225,2010-03-04 00:00:00,1
2010-03-05 00:00:00,2010-03-05 00:00:00,183,2010-03-05 00:00:00,180,180.25,15,8100,1460775,2010-03-05 00:00:00,1
2010-03-08 00:00:00,2010-03-08 00:00:00,181,2010-03-08 00:00:00,180,180,31,59600,10728475,2010-03-08 00:00:00,1
2010-03-09 00:00:00,2010-03-09 00:00:00,180,2010-03-09 00:00:00,179,180,26,58900,10601500,2010-03-09 00:00:00,1
2010-03-10 00:00:00,2010-03-10 00:00:00,180,2010-03-10 00:00:00,178,178.25,4,1100,196200,2010-03-10 00:00:00,1
2010-03-11 00:00:00,2010-03-11 00:00:00,181.5,2010-03-11 00:00:00,179,181.25,48,952100,170662475,2010-03-11 00:00:00,1
2010-03-12 00:00:00,2010-03-12 00:00:00,182,2010-03-12 00:00:00,180,181.75,27,20900,3789500,2010-03-12 00:00:00,1
2010-03-15 00:00:00,2010-03-15 00:00:00,182,2010-03-15 00:00:00,180,180.25,8,3500,631325,2010-03-15 00:00:00,1
2010-03-16 00:00:00,2010-03-16 00:00:00,181.75,2010-03-16 00:00:00,180.25,181.25,29,110000,19915000,2010-03-16 00:00:00,1
2010-03-17 00:00:00,2010-03-17 00:00:00,181.75,2010-03-17 00:00:00,181.5,181.5,47,271700,49313800,2010-03-17 00:00:00,1
2010-03-18 00:00:00,2010-03-18 00:00:00,181.25,2010-03-18 00:00:00,175,180.5,32,131900,23888325,2010-03-18 00:00:00,1
2010-03-19 00:00:00,2010-03-19 00:00:00,180.5,2010-03-19 00:00:00,180,180,27,92900,16750300,2010-03-19 00:00:00,1
2010-03-22 00:00:00,2010-03-22 00:00:00,180,2010-03-22 00:00:00,178.5,178.5,20,36200,6491800,2010-03-22 00:00:00,1
2010-03-23 00:00:00,2010-03-23 00:00:00,179.75,2010-03-23 00:00:00,178.5,178.5,12,14800,2642050,2010-03-23 00:00:00,1
2010-03-24 00:00:00,2010-03-24 00:00:00,178.5,2010-03-24 00:00:00,178,178,5,14700,2620400,2010-03-24 00:00:00,1
2010-03-25 00:00:00,2010-03-25 00:00:00,180,2010-03-25 00:00:00,179,179.75,15,8500,1527900,2010-03-25 00:00:00,1
2010-03-26 00:00:00,2010-03-26 00:00:00,181,2010-03-26 00:00:00,180,180,16,604800,109465950,2010-03-26 00:00:00,1
2010-03-30 00:00:00,2010-03-30 00:00:00,180,2010-03-30 00:00:00,180,180,6,112200,20196000,2010-03-30 00:00:00,1
2010-03-31 00:00:00,2010-03-31 00:00:00,181.5,2010-03-31 00:00:00,180.25,180.5,27,44400,8013550,2010-03-31 00:00:00,1
2010-04-01 00:00:00,2010-04-01 00:00:00,182.5,2010-04-01 00:00:00,180.25,182.5,17,236900,42687850,2010-04-01 00:00:00,1
2010-04-05 00:00:00,2010-04-05 00:00:00,183.75,2010-04-05 00:00:00,180.5,183.5,31,40000,7324825,2010-04-05 00:00:00,1
2010-04-06 00:00:00,2010-04-06 00:00:00,192,2010-04-06 00:00:00,184,191.75,79,38900,7226300,2010-04-06 00:00:00,1
2010-04-07 00:00:00,2010-04-07 00:00:00,200,2010-04-07 00:00:00,193,199,73,66100,12943650,2010-04-07 00:00:00,1
2010-04-08 00:00:00,2010-04-08 00:00:00,201,2010-04-08 00:00:00,200,200.25,33,17000,3401400,2010-04-08 00:00:00,1
2010-04-12 00:00:00,2010-04-12 00:00:00,206,2010-04-12 00:00:00,203,203,13,2400,489925,2010-04-12 00:00:00,1
2010-04-15 00:00:00,2010-04-15 00:00:00,200,2010-04-15 00:00:00,200,200,5,1100,220000,2010-04-15 00:00:00,1
2010-04-16 00:00:00,2010-04-16 00:00:00,200,2010-04-16 00:00:00,195,200,6,1100,219475,2010-04-16 00:00:00,1
2010-04-19 00:00:00,2010-04-19 00:00:00,205,2010-04-19 00:00:00,199,202,34,59800,12239450,2010-04-19 00:00:00,1
2010-04-20 00:00:00,2010-04-20 00:00:00,205.5,2010-04-20 00:00:00,202,202.5,54,125500,25716675,2010-04-20 00:00:00,1
2010-04-21 00:00:00,2010-04-21 00:00:00,204,2010-04-21 00:00:00,202,202,18,53900,10967500,2010-04-21 00:00:00,1
2010-04-22 00:00:00,2010-04-22 00:00:00,201,2010-04-22 00:00:00,199.75,200.75,23,73600,14721400,2010-04-22 00:00:00,1
2010-04-23 00:00:00,2010-04-23 00:00:00,205,2010-04-23 00:00:00,201.75,203.5,46,48800,9887300,2010-04-23 00:00:00,1
2010-04-26 00:00:00,2010-04-26 00:00:00,207,2010-04-26 00:00:00,204,207,75,238000,48931900,2010-04-26 00:00:00,1
2010-04-27 00:00:00,2010-04-27 00:00:00,207,2010-04-27 00:00:00,205,205.25,27,39400,8096000,2010-04-27 00:00:00,1
2010-04-29 00:00:00,2010-04-29 00:00:00,206,2010-04-29 00:00:00,204,204,11,12600,2589200,2010-04-29 00:00:00,1
2010-04-30 00:00:00,2010-04-30 00:00:00,205,2010-04-30 00:00:00,204,204.25,10,3800,776025,2010-04-30 00:00:00,1
2010-05-03 00:00:00,2010-05-03 00:00:00,206,2010-05-03 00:00:00,204,206,42,91900,18928200,2010-05-03 00:00:00,1
2010-05-04 00:00:00,2010-05-04 00:00:00,210,2010-05-04 00:00:00,204,206.25,50,123300,25299525,2010-05-04 00:00:00,1
2010-05-05 00:00:00,2010-05-05 00:00:00,210,2010-05-05 00:00:00,208,209.75,60,154300,32366900,2010-05-05 00:00:00,1
2010-05-06 00:00:00,2010-05-06 00:00:00,212,2010-05-06 00:00:00,209,209.75,67,67900,14278775,2010-05-06 00:00:00,1
2010-05-07 00:00:00,2010-05-07 00:00:00,210,2010-05-07 00:00:00,209.5,209.5,31,33700,7073675,2010-05-07 00:00:00,1
2010-05-10 00:00:00,2010-05-10 00:00:00,209,2010-05-10 00:00:00,205,206.25,20,15100,3117500,2010-05-10 00:00:00,1
2010-05-11 00:00:00,2010-05-11 00:00:00,208.75,2010-05-11 00:00:00,206.25,206.5,11,76900,15882125,2010-05-11 00:00:00,1
2010-05-12 00:00:00,2010-05-12 00:00:00,208,2010-05-12 00:00:00,206.25,206.75,23,74700,15440825,2010-05-12 00:00:00,1
2010-05-13 00:00:00,2010-05-13 00:00:00,209,2010-05-13 00:00:00,207,208,25,11400,2374300,2010-05-13 00:00:00,1
2010-05-14 00:00:00,2010-05-14 00:00:00,209,2010-05-14 00:00:00,207,207.25,10,2300,478400,2010-05-14 00:00:00,1
2010-05-17 00:00:00,2010-05-17 00:00:00,209.5,2010-05-17 00:00:00,206,207,9,14100,2916375,2010-05-17 00:00:00,1
2010-05-18 00:00:00,2010-05-18 00:00:00,209,2010-05-18 00:00:00,207.75,208,25,51700,10759525,2010-05-18 00:00:00,1
2010-05-19 00:00:00,2010-05-19 00:00:00,207.5,2010-05-19 00:00:00,206,206.25,19,40700,8412650,2010-05-19 00:00:00,1
2010-05-20 00:00:00,2010-05-20 00:00:00,207,2010-05-20 00:00:00,206.25,206.75,11,4100,846950,2010-05-20 00:00:00,1
2010-05-21 00:00:00,2010-05-21 00:00:00,206.5,2010-05-21 00:00:00,203.75,203.75,28,59700,12178400,2010-05-21 00:00:00,1
2010-05-24 00:00:00,2010-05-24 00:00:00,207,2010-05-24 00:00:00,204.25,204.5,18,70600,14445125,2010-05-24 00:00:00,1
2010-05-25 00:00:00,2010-05-25 00:00:00,204.5,2010-05-25 00:00:00,204,204,19,21700,4434650,2010-05-25 00:00:00,1
2010-05-26 00:00:00,2010-05-26 00:00:00,205,2010-05-26 00:00:00,203,203,22,313600,63673400,2010-05-26 00:00:00,1
2010-05-31 00:00:00,2010-05-31 00:00:00,205,2010-05-31 00:00:00,203.25,205,28,94700,19399875,2010-05-31 00:00:00,1
2010-06-01 00:00:00,2010-06-01 00:00:00,210,2010-06-01 00:00:00,206,208.5,19,61400,12877575,2010-06-01 00:00:00,1
2010-06-02 00:00:00,2010-06-02 00:00:00,325,2010-06-02 00:00:00,210,238.25,422,520700,123828850,2010-06-02 00:00:00,1
2010-06-03 00:00:00,2010-06-03 00:00:00,248,2010-06-03 00:00:00,240,247.75,276,408800,100522275,2010-06-03 00:00:00,1
2010-06-04 00:00:00,2010-06-04 00:00:00,251.5,2010-06-04 00:00:00,248.25,250,161,217600,54380875,2010-06-04 00:00:00,1
2010-06-07 00:00:00,2010-06-07 00:00:00,256,2010-06-07 00:00:00,253,255,90,70600,17963125,2010-06-07 00:00:00,1
2010-06-08 00:00:00,2010-06-08 00:00:00,255,2010-06-08 00:00:00,249,250.25,84,82700,20842175,2010-06-08 00:00:00,1
2010-06-09 00:00:00,2010-06-09 00:00:00,254,2010-06-09 00:00:00,252,253,52,251200,63570600,2010-06-09 00:00:00,1
2010-06-10 00:00:00,2010-06-10 00:00:00,259,2010-06-10 00:00:00,253,259,89,131000,33686575,2010-06-10 00:00:00,1
2010-06-11 00:00:00,2010-06-11 00:00:00,270,2010-06-11 00:00:00,259,265.25,103,128000,33773225,2010-06-11 00:00:00,1
2010-06-14 00:00:00,2010-06-14 00:00:00,275,2010-06-14 00:00:00,270,273.75,132,139700,38216450,2010-06-14 00:00:00,1
2010-06-15 00:00:00,2010-06-15 00:00:00,278.5,2010-06-15 00:00:00,273,274.75,50,54300,14936750,2010-06-15 00:00:00,1
2010-06-16 00:00:00,2010-06-16 00:00:00,273.5,2010-06-16 00:00:00,273,273,29,13800,3768175,2010-06-16 00:00:00,1
2010-06-17 00:00:00,2010-06-17 00:00:00,275,2010-06-17 00:00:00,270,270,39,66500,18132375,2010-06-17 00:00:00,1
2010-06-21 00:00:00,2010-06-21 00:00:00,270,2010-06-21 00:00:00,268,268.5,22,39400,10621475,2010-06-21 00:00:00,1
2010-06-22 00:00:00,2010-06-22 00:00:00,268.5,2010-06-22 00:00:00,260.25,260.5,51,55700,14637450,2010-06-22 00:00:00,1
2010-06-23 00:00:00,2010-06-23 00:00:00,265,2010-06-23 00:00:00,260,260.75,51,71700,18732975,2010-06-23 00:00:00,1
2010-06-24 00:00:00,2010-06-24 00:00:00,264,2010-06-24 00:00:00,258,260.5,61,466600,121524225,2010-06-24 00:00:00,1
2010-06-28 00:00:00,2010-06-28 00:00:00,264,2010-06-28 00:00:00,260.25,263,17,16000,4195875,2010-06-28 00:00:00,1
2010-06-29 00:00:00,2010-06-29 00:00:00,270,2010-06-29 00:00:00,263,268.5,54,63400,16946500,2010-06-29 00:00:00,1
2010-06-30 00:00:00,2010-06-30 00:00:00,270,2010-06-30 00:00:00,266,267.75,59,49500,13269525,2010-06-30 00:00:00,1
2010-07-01 00:00:00,2010-07-01 00:00:00,265,2010-07-01 00:00:00,260,260.25,22,21800,5679800,2010-07-01 00:00:00,1
2010-07-02 00:00:00,2010-07-02 00:00:00,260,2010-07-02 00:00:00,257,257,22,63800,16503225,2010-07-02 00:00:00,1
2010-07-05 00:00:00,2010-07-05 00:00:00,258,2010-07-05 00:00:00,253.5,254,54,56000,14231850,2010-07-05 00:00:00,1
2010-07-06 00:00:00,2010-07-06 00:00:00,257,2010-07-06 00:00:00,253,256.5,72,129600,32986875,2010-07-06 00:00:00,1
2010-07-07 00:00:00,2010-07-07 00:00:00,256,2010-07-07 00:00:00,245,246.5,73,151800,37585550,2010-07-07 00:00:00,1
2010-07-08 00:00:00,2010-07-08 00:00:00,254.75,2010-07-08 00:00:00,246,254.75,43,48000,12138175,2010-07-08 00:00:00,1
2010-07-09 00:00:00,2010-07-09 00:00:00,254,2010-07-09 00:00:00,249.75,250,31,35900,9000425,2010-07-09 00:00:00,1
2010-07-12 00:00:00,2010-07-12 00:00:00,250.25,2010-07-12 00:00:00,247,247,29,61400,15190425,2010-07-12 00:00:00,1
2010-07-13 00:00:00,2010-07-13 00:00:00,250,2010-07-13 00:00:00,246,246.75,21,17300,4278725,2010-07-13 00:00:00,1
2010-07-14 00:00:00,2010-07-14 00:00:00,250,2010-07-14 00:00:00,247,250,37,36600,9139325,2010-07-14 00:00:00,1
2010-07-15 00:00:00,2010-07-15 00:00:00,255,2010-07-15 00:00:00,250,254,46,79800,20192650,2010-07-15 00:00:00,1
2010-07-16 00:00:00,2010-07-16 00:00:00,261,2010-07-16 00:00:00,257.5,258.5,24,11300,2933675,2010-07-16 00:00:00,1
2010-07-19 00:00:00,2010-07-19 00:00:00,260,2010-07-19 00:00:00,255,255.5,12,9100,2343050,2010-07-19 00:00:00,1
2010-07-20 00:00:00,2010-07-20 00:00:00,258,2010-07-20 00:00:00,255,257.5,23,26700,6813825,2010-07-20 00:00:00,1
2010-07-21 00:00:00,2010-07-21 00:00:00,260,2010-07-21 00:00:00,257,258.25,37,98400,25181725,2010-07-21 00:00:00,1
2010-07-22 00:00:00,2010-07-22 00:00:00,258,2010-07-22 00:00:00,255,256.25,21,17500,4476900,2010-07-22 00:00:00,1
2010-07-23 00:00:00,2010-07-23 00:00:00,259.75,2010-07-23 00:00:00,256.5,258.75,23,21900,5664550,2010-07-23 00:00:00,1
2010-07-26 00:00:00,2010-07-26 00:00:00,259,2010-07-26 00:00:00,255,256.5,27,39300,10061550,2010-07-26 00:00:00,1
2010-07-27 00:00:00,2010-07-27 00:00:00,266,2010-07-27 00:00:00,258,261,74,113100,29434150,2010-07-27 00:00:00,1
2010-07-28 00:00:00,2010-07-28 00:00:00,271.5,2010-07-28 00:00:00,261,270,80,169000,45524250,2010-07-28 00:00:00,1
2010-07-29 00:00:00,2010-07-29 00:00:00,272.5,2010-07-29 00:00:00,269,269,47,35000,9432150,2010-07-29 00:00:00,1
2010-07-30 00:00:00,2010-07-30 00:00:00,271,2010-07-30 00:00:00,269,270,40,55400,14947275,2010-07-30 00:00:00,1
2010-08-02 00:00:00,2010-08-02 00:00:00,275,2010-08-02 00:00:00,270,273.8,73,131600,35906860,2010-08-02 00:00:00,1
2010-08-03 00:00:00,2010-08-03 00:00:00,275.5,2010-08-03 00:00:00,270,272.8,49,57200,15654500,2010-08-03 00:00:00,1
2010-08-04 00:00:00,2010-08-04 00:00:00,276,2010-08-04 00:00:00,270,275,41,108400,29806250,2010-08-04 00:00:00,1
2010-08-05 00:00:00,2010-08-05 00:00:00,280.1,2010-08-05 00:00:00,268,277.1,68,128900,35405170,2010-08-05 00:00:00,1
2010-08-06 00:00:00,2010-08-06 00:00:00,281,2010-08-06 00:00:00,272.5,280.1,65,100200,28014790,2010-08-06 00:00:00,1
2010-08-09 00:00:00,2010-08-09 00:00:00,280,2010-08-09 00:00:00,262,268.2,60,46500,12549040,2010-08-09 00:00:00,1
2010-08-10 00:00:00,2010-08-10 00:00:00,281,2010-08-10 00:00:00,265,279.9,100,178500,49187250,2010-08-10 00:00:00,1
2010-08-11 00:00:00,2010-08-11 00:00:00,289.8,2010-08-11 00:00:00,275.5,279.4,28,20700,5855160,2010-08-11 00:00:00,1
2010-08-12 00:00:00,2010-08-12 00:00:00,279.4,2010-08-12 00:00:00,275,278.5,23,10500,2907040,2010-08-12 00:00:00,1
2010-08-13 00:00:00,2010-08-13 00:00:00,279.9,2010-08-13 00:00:00,276.4,277.7,18,7800,2170410,2010-08-13 00:00:00,1
2010-08-16 00:00:00,2010-08-16 00:00:00,300,2010-08-16 00:00:00,280.2,289.8,64,42900,12591150,2010-08-16 00:00:00,1
2010-08-17 00:00:00,2010-08-17 00:00:00,300,2010-08-17 00:00:00,291,293.4,80,89100,26137770,2010-08-17 00:00:00,1
2010-08-18 00:00:00,2010-08-18 00:00:00,296,2010-08-18 00:00:00,293,294.9,91,267000,78748140,2010-08-18 00:00:00,1
2010-08-19 00:00:00,2010-08-19 00:00:00,295,2010-08-19 00:00:00,290,294.4,28,528300,150837050,2010-08-19 00:00:00,1
2010-08-20 00:00:00,2010-08-20 00:00:00,296,2010-08-20 00:00:00,290,294.9,70,631100,181103380,2010-08-20 00:00:00,1
2010-08-23 00:00:00,2010-08-23 00:00:00,296,2010-08-23 00:00:00,294.4,296,60,102200,30200950,2010-08-23 00:00:00,1
2010-08-25 00:00:00,2010-08-25 00:00:00,325.6,2010-08-25 00:00:00,300,325.6,381,729700,227033610,2010-08-25 00:00:00,1
2010-08-26 00:00:00,2010-08-26 00:00:00,340,2010-08-26 00:00:00,315,328.2,299,375700,121359190,2010-08-26 00:00:00,1
2010-08-27 00:00:00,2010-08-27 00:00:00,336,2010-08-27 00:00:00,330,332.7,205,224000,74720810,2010-08-27 00:00:00,1
2010-08-30 00:00:00,2010-08-30 00:00:00,335,2010-08-30 00:00:00,325,329.5,78,201700,67088440,2010-08-30 00:00:00,1
2010-08-31 00:00:00,2010-08-31 00:00:00,330,2010-08-31 00:00:00,325,325.7,61,685100,218290670,2010-08-31 00:00:00,1
2010-09-01 00:00:00,2010-09-01 00:00:00,330,2010-09-01 00:00:00,320,325,72,348362,110712670,2010-09-01 00:00:00,1
2010-09-02 00:00:00,2010-09-02 00:00:00,325,2010-09-02 00:00:00,320,324.9,60,95400,30974920,2010-09-02 00:00:00,1
2010-09-03 00:00:00,2010-09-03 00:00:00,326,2010-09-03 00:00:00,323,325.8,78,83400,27127510,2010-09-03 00:00:00,1
2010-09-06 00:00:00,2010-09-06 00:00:00,335,2010-09-06 00:00:00,320,323.5,33,13600,4441370,2010-09-06 00:00:00,1
2010-09-07 00:00:00,2010-09-07 00:00:00,325,2010-09-07 00:00:00,320.7,324.5,42,29300,9519840,2010-09-07 00:00:00,1
2010-09-08 00:00:00,2010-09-08 00:00:00,326,2010-09-08 00:00:00,323.5,325.3,68,53100,17261220,2010-09-08 00:00:00,1
2010-09-09 00:00:00,2010-09-09 00:00:00,333,2010-09-09 00:00:00,325.3,333,96,307400,101614210,2010-09-09 00:00:00,1
2010-09-13 00:00:00,2010-09-13 00:00:00,340,2010-09-13 00:00:00,330,331.2,66,71500,23758290,2010-09-13 00:00:00,1
2010-09-14 00:00:00,2010-09-14 00:00:00,336,2010-09-14 00:00:00,330,330.2,64,54900,18253680,2010-09-14 00:00:00,1
2010-09-15 00:00:00,2010-09-15 00:00:00,333.5,2010-09-15 00:00:00,325,330.8,94,268100,88588760,2010-09-15 00:00:00,1
2010-09-16 00:00:00,2010-09-16 00:00:00,345,2010-09-16 00:00:00,330,340.6,96,114000,38581190,2010-09-16 00:00:00,1
2010-09-17 00:00:00,2010-09-17 00:00:00,374,2010-09-17 00:00:00,342,354,185,260100,91976660,2010-09-17 00:00:00,1
2010-09-20 00:00:00,2010-09-20 00:00:00,378,2010-09-20 00:00:00,360,374,203,291400,108000800,2010-09-20 00:00:00,1
2010-09-21 00:00:00,2010-09-21 00:00:00,410,2010-09-21 00:00:00,380,407,261,307100,120940640,2010-09-21 00:00:00,1
2010-09-23 00:00:00,2010-09-23 00:00:00,460,2010-09-23 00:00:00,420,426,378,913400,390927140,2010-09-23 00:00:00,1
2010-09-24 00:00:00,2010-09-24 00:00:00,440,2010-09-24 00:00:00,427,434.8,211,208700,90128930,2010-09-24 00:00:00,1
2010-09-27 00:00:00,2010-09-27 00:00:00,440,2010-09-27 00:00:00,420,428.4,221,325300,138161280,2010-09-27 00:00:00,1
2010-09-28 00:00:00,2010-09-28 00:00:00,435,2010-09-28 00:00:00,415,420.1,93,100400,42243750,2010-09-28 00:00:00,1
2010-09-29 00:00:00,2010-09-29 00:00:00,440,2010-09-29 00:00:00,418,438.6,138,183800,78965480,2010-09-29 00:00:00,1
2010-09-30 00:00:00,2010-09-30 00:00:00,550,2010-09-30 00:00:00,485,494.1,1221,549300,276409850,2010-09-30 00:00:00,1
2010-10-01 00:00:00,2010-10-01 00:00:00,500,2010-10-01 00:00:00,488,491.8,312,169200,84150410,2010-10-01 00:00:00,1
2010-10-04 00:00:00,2010-10-04 00:00:00,499,2010-10-04 00:00:00,475,480.8,198,81100,39228420,2010-10-04 00:00:00,1
2010-10-05 00:00:00,2010-10-05 00:00:00,480,2010-10-05 00:00:00,468,472.4,178,108500,51288300,2010-10-05 00:00:00,1
2010-10-06 00:00:00,2010-10-06 00:00:00,475,2010-10-06 00:00:00,458,460,164,124100,57383650,2010-10-06 00:00:00,1
2010-10-07 00:00:00,2010-10-07 00:00:00,470,2010-10-07 00:00:00,451,459.6,199,126500,58354110,2010-10-07 00:00:00,1
2010-10-08 00:00:00,2010-10-08 00:00:00,466,2010-10-08 00:00:00,451.1,460.2,177,143200,65919540,2010-10-08 00:00:00,1
2010-10-11 00:00:00,2010-10-11 00:00:00,466.9,2010-10-11 00:00:00,458,459.9,104,122400,56373220,2010-10-11 00:00:00,1
2010-10-12 00:00:00,2010-10-12 00:00:00,460,2010-10-12 00:00:00,442,447.1,176,90600,40793120,2010-10-12 00:00:00,1
2010-10-13 00:00:00,2010-10-13 00:00:00,459,2010-10-13 00:00:00,400.1,451.5,340,202500,88671090,2010-10-13 00:00:00,1
2010-10-14 00:00:00,2010-10-14 00:00:00,459,2010-10-14 00:00:00,440.8,442,137,155200,69616670,2010-10-14 00:00:00,1
2010-10-15 00:00:00,2010-10-15 00:00:00,450,2010-10-15 00:00:00,440,440.8,89,112100,49486350,2010-10-15 00:00:00,1
2010-10-18 00:00:00,2010-10-18 00:00:00,450,2010-10-18 00:00:00,439,440,97,104300,45925160,2010-10-18 00:00:00,1
2010-10-19 00:00:00,2010-10-19 00:00:00,454,2010-10-19 00:00:00,438,449.3,94,52000,23148710,2010-10-19 00:00:00,1
2010-10-20 00:00:00,2010-10-20 00:00:00,458,2010-10-20 00:00:00,445,446.8,96,306000,136203400,2010-10-20 00:00:00,1
2010-10-21 00:00:00,2010-10-21 00:00:00,456,2010-10-21 00:00:00,445,445.7,42,43600,19489380,2010-10-21 00:00:00,1
2010-10-25 00:00:00,2010-10-25 00:00:00,454,2010-10-25 00:00:00,445,450.2,83,88300,39783450,2010-10-25 00:00:00,1
2010-10-26 00:00:00,2010-10-26 00:00:00,464,2010-10-26 00:00:00,440,459.5,273,134500,61179180,2010-10-26 00:00:00,1
2010-10-27 00:00:00,2010-10-27 00:00:00,462,2010-10-27 00:00:00,458.5,460.2,155,89900,41375680,2010-10-27 00:00:00,1
2010-10-28 00:00:00,2010-10-28 00:00:00,467,2010-10-28 00:00:00,460,462.3,142,306400,141188500,2010-10-28 00:00:00,1
2010-10-29 00:00:00,2010-10-29 00:00:00,470,2010-10-29 00:00:00,464,465.6,183,1277100,593956010,2010-10-29 00:00:00,1
2010-11-01 00:00:00,2010-11-01 00:00:00,470,2010-11-01 00:00:00,462,463.4,111,52100,24402640,2010-11-01 00:00:00,1
2010-11-02 00:00:00,2010-11-02 00:00:00,420,2010-11-02 00:00:00,224,229.8,98,26200,6320900,2010-11-02 00:00:00,1
2010-11-03 00:00:00,2010-11-03 00:00:00,230,2010-11-03 00:00:00,226.2,226.6,46,20000,4560070,2010-11-03 00:00:00,1
2010-11-04 00:00:00,2010-11-04 00:00:00,230,2010-11-04 00:00:00,224,224.1,43,17400,3911720,2010-11-04 00:00:00,1
2010-11-08 00:00:00,2010-11-08 00:00:00,225.9,2010-11-08 00:00:00,222,222.4,38,15500,3469300,2010-11-08 00:00:00,1
2010-11-09 00:00:00,2010-11-09 00:00:00,224.5,2010-11-09 00:00:00,217,218.4,62,26500,5829830,2010-11-09 00:00:00,1
2010-11-10 00:00:00,2010-11-10 00:00:00,220,2010-11-10 00:00:00,215,215,52,32500,7009820,2010-11-10 00:00:00,1
2010-11-11 00:00:00,2010-11-11 00:00:00,218,2010-11-11 00:00:00,204.9,215.6,112,50100,10602270,2010-11-11 00:00:00,1
2010-11-12 00:00:00,2010-11-12 00:00:00,220,2010-11-12 00:00:00,212,215.4,65,36300,7844310,2010-11-12 00:00:00,1
2010-11-15 00:00:00,2010-11-15 00:00:00,215,2010-11-15 00:00:00,203.5,204.1,139,72900,15018950,2010-11-15 00:00:00,1
2010-11-16 00:00:00,2010-11-16 00:00:00,206,2010-11-16 00:00:00,199,200.5,203,119300,24091080,2010-11-16 00:00:00,1
2010-11-18 00:00:00,2010-11-18 00:00:00,207.2,2010-11-18 00:00:00,200.1,205.5,126,108900,22114900,2010-11-18 00:00:00,1
2010-11-22 00:00:00,2010-11-22 00:00:00,214.9,2010-11-22 00:00:00,204.5,207.8,108,68400,14106160,2010-11-22 00:00:00,1
2010-11-23 00:00:00,2010-11-23 00:00:00,212.5,2010-11-23 00:00:00,200.1,200.8,77,45000,9191150,2010-11-23 00:00:00,1
2010-11-24 00:00:00,2010-11-24 00:00:00,206,2010-11-24 00:00:00,200.8,204.4,64,78000,15975010,2010-11-24 00:00:00,1
2010-11-25 00:00:00,2010-11-25 00:00:00,205,2010-11-25 00:00:00,201.5,201.5,43,50400,10172420,2010-11-25 00:00:00,1
2010-11-26 00:00:00,2010-11-26 00:00:00,202.5,2010-11-26 00:00:00,201,201.5,56,77600,15641380,2010-11-26 00:00:00,1
2010-11-29 00:00:00,2010-11-29 00:00:00,201,2010-11-29 00:00:00,190,196.8,294,299300,58182750,2010-11-29 00:00:00,1
2010-11-30 00:00:00,2010-11-30 00:00:00,208,2010-11-30 00:00:00,199,200,168,157100,31686320,2010-11-30 00:00:00,1
2010-12-01 00:00:00,2010-12-01 00:00:00,207,2010-12-01 00:00:00,200,205.9,113,65400,13394440,2010-12-01 00:00:00,1
2010-12-02 00:00:00,2010-12-02 00:00:00,207.5,2010-12-02 00:00:00,200.1,201.7,94,150900,30988080,2010-12-02 00:00:00,1
2010-12-03 00:00:00,2010-12-03 00:00:00,203.5,2010-12-03 00:00:00,198.6,200.5,44,15500,3108530,2010-12-03 00:00:00,1
2010-12-06 00:00:00,2010-12-06 00:00:00,201,2010-12-06 00:00:00,198,198,36,16000,3184330,2010-12-06 00:00:00,1
2010-12-07 00:00:00,2010-12-07 00:00:00,198,2010-12-07 00:00:00,195,195.3,46,13500,2635070,2010-12-07 00:00:00,1
2010-12-08 00:00:00,2010-12-08 00:00:00,195,2010-12-08 00:00:00,192,193,38,31500,6105560,2010-12-08 00:00:00,1
2010-12-09 00:00:00,2010-12-09 00:00:00,195,2010-12-09 00:00:00,192.6,193.1,33,10900,2104790,2010-12-09 00:00:00,1
2010-12-10 00:00:00,2010-12-10 00:00:00,193.9,2010-12-10 00:00:00,191,192.9,34,19500,3751360,2010-12-10 00:00:00,1
2010-12-13 00:00:00,2010-12-13 00:00:00,192.9,2010-12-13 00:00:00,191,191.7,65,63300,12129270,2010-12-13 00:00:00,1
2010-12-14 00:00:00,2010-12-14 00:00:00,191,2010-12-14 00:00:00,190,190.4,88,76000,14464780,2010-12-14 00:00:00,1
2010-12-15 00:00:00,2010-12-15 00:00:00,192,2010-12-15 00:00:00,189.5,189.6,38,11000,2091430,2010-12-15 00:00:00,1
2010-12-16 00:00:00,2010-12-16 00:00:00,190,2010-12-16 00:00:00,188.8,189,58,63100,11934220,2010-12-16 00:00:00,1
2010-12-17 00:00:00,2010-12-17 00:00:00,189,2010-12-17 00:00:00,188,188.5,49,28900,5447510,2010-12-17 00:00:00,1
2010-12-21 00:00:00,2010-12-21 00:00:00,189.5,2010-12-21 00:00:00,188,188,54,43400,8165280,2010-12-21 00:00:00,1
2010-12-22 00:00:00,2010-12-22 00:00:00,191,2010-12-22 00:00:00,188,190.3,68,52800,10023070,2010-12-22 00:00:00,1
2010-12-23 00:00:00,2010-12-23 00:00:00,200,2010-12-23 00:00:00,191,197.8,69,45400,8953720,2010-12-23 00:00:00,1
2010-12-24 00:00:00,2010-12-24 00:00:00,201.9,2010-12-24 00:00:00,199.8,200.6,80,67400,13489310,2010-12-24 00:00:00,1
2010-12-27 00:00:00,2010-12-27 00:00:00,202,2010-12-27 00:00:00,200,200.4,48,18400,3696090,2010-12-27 00:00:00,1
2010-12-28 00:00:00,2010-12-28 00:00:00,204.5,2010-12-28 00:00:00,202,202.2,38,113300,22890530,2010-12-28 00:00:00,1
2010-12-29 00:00:00,2010-12-29 00:00:00,202.9,2010-12-29 00:00:00,200,201.2,36,19500,3920250,2010-12-29 00:00:00,1
2010-12-30 00:00:00,2010-12-30 00:00:00,202,2010-12-30 00:00:00,195,200,72,47000,9390700,2010-12-30 00:00:00,1
2010-12-31 00:00:00,2010-12-31 00:00:00,201,2010-12-31 00:00:00,196.7,200.2,53,34000,6804970,2010-12-31 00:00:00,1
Company Id :  DIAL,,Security Type :  N,,Sub Type :  0000,,,,,,
Short Name :  DIALOG,,,,,,,,,,
Day,Date High,High,Date Low,Low,Closing,No. of Trades,No. of Shares,Turnover,Last Traded,Days Traded
2010-01-04 00:00:00,2010-01-04 00:00:00,7.5,2010-01-04 00:00:00,6.75,7,213,3803700,26724175,2010-01-04 00:00:00,1
2010-01-05 00:00:00,2010-01-05 00:00:00,7.25,2010-01-05 00:00:00,6.75,7,142,1805600,12638000,2010-01-05 00:00:00,1
2010-01-06 00:00:00,2010-01-06 00:00:00,7.25,2010-01-06 00:00:00,6.75,7,225,2792100,19155950,2010-01-06 00:00:00,1
2010-01-07 00:00:00,2010-01-07 00:00:00,7,2010-01-07 00:00:00,6.75,6.75,46,295200,2025650,2010-01-07 00:00:00,1
2010-01-08 00:00:00,2010-01-08 00:00:00,7.25,2010-01-08 00:00:00,6.75,7,85,248700,1740125,2010-01-08 00:00:00,1
2010-01-11 00:00:00,2010-01-11 00:00:00,7,2010-01-11 00:00:00,6.75,6.75,76,1527200,10351625,2010-01-11 00:00:00,1
2010-01-12 00:00:00,2010-01-12 00:00:00,7,2010-01-12 00:00:00,6.75,6.75,238,1917200,12941175,2010-01-12 00:00:00,1
2010-01-13 00:00:00,2010-01-13 00:00:00,7,2010-01-13 00:00:00,6.75,7,44,540900,3663075,2010-01-13 00:00:00,1
2010-01-15 00:00:00,2010-01-15 00:00:00,7,2010-01-15 00:00:00,6.75,6.75,47,272600,1843500,2010-01-15 00:00:00,1
2010-01-18 00:00:00,2010-01-18 00:00:00,7,2010-01-18 00:00:00,6.5,6.75,179,2006600,13546950,2010-01-18 00:00:00,1
2010-01-19 00:00:00,2010-01-19 00:00:00,7,2010-01-19 00:00:00,6.75,6.75,38,315000,2136600,2010-01-19 00:00:00,1
2010-01-20 00:00:00,2010-01-20 00:00:00,7,2010-01-20 00:00:00,6.75,7,28,117600,803125,2010-01-20 00:00:00,1
2010-01-21 00:00:00,2010-01-21 00:00:00,7,2010-01-21 00:00:00,6.75,6.75,111,940100,6347150,2010-01-21 00:00:00,1
2010-01-22 00:00:00,2010-01-22 00:00:00,7,2010-01-22 00:00:00,6.5,6.75,73,444500,3000475,2010-01-22 00:00:00,1
2010-01-25 00:00:00,2010-01-25 00:00:00,7,2010-01-25 00:00:00,6.5,6.75,96,520100,3508975,2010-01-25 00:00:00,1
2010-01-26 00:00:00,2010-01-26 00:00:00,7,2010-01-26 00:00:00,6.75,6.75,64,789000,5325775,2010-01-26 00:00:00,1
2010-01-28 00:00:00,2010-01-28 00:00:00,6.75,2010-01-28 00:00:00,6.5,6.75,183,2280400,15177250,2010-01-28 00:00:00,1
2010-02-01 00:00:00,2010-02-01 00:00:00,7,2010-02-01 00:00:00,6.75,6.75,122,1222000,8249900,2010-02-01 00:00:00,1
2010-02-02 00:00:00,2010-02-02 00:00:00,7,2010-02-02 00:00:00,6.75,7,50,660400,4516350,2010-02-02 00:00:00,1
2010-02-03 00:00:00,2010-02-03 00:00:00,7,2010-02-03 00:00:00,6.75,6.75,138,3637800,24563150,2010-02-03 00:00:00,1
2010-02-05 00:00:00,2010-02-05 00:00:00,7,2010-02-05 00:00:00,6.5,6.75,67,2129000,14372750,2010-02-05 00:00:00,1
2010-02-08 00:00:00,2010-02-08 00:00:00,7,2010-02-08 00:00:00,6.75,6.75,44,362800,2452925,2010-02-08 00:00:00,1
2010-02-09 00:00:00,2010-02-09 00:00:00,7,2010-02-09 00:00:00,6.75,6.75,111,1219900,8234725,2010-02-09 00:00:00,1
2010-02-10 00:00:00,2010-02-10 00:00:00,7,2010-02-10 00:00:00,6.75,6.75,47,514900,3476025,2010-02-10 00:00:00,1
2010-02-11 00:00:00,2010-02-11 00:00:00,7,2010-02-11 00:00:00,6.5,6.75,68,686100,4628150,2010-02-11 00:00:00,1
2010-02-12 00:00:00,2010-02-12 00:00:00,7,2010-02-12 00:00:00,6.75,6.75,50,2925300,19746025,2010-02-12 00:00:00,1
2010-02-15 00:00:00,2010-02-15 00:00:00,7,2010-02-15 00:00:00,6.75,6.75,87,596100,4023800,2010-02-15 00:00:00,1
2010-02-16 00:00:00,2010-02-16 00:00:00,7,2010-02-16 00:00:00,6.5,7,248,4432700,30417800,2010-02-16 00:00:00,1
2010-02-17 00:00:00,2010-02-17 00:00:00,7,2010-02-17 00:00:00,6.75,7,65,266800,1860650,2010-02-17 00:00:00,1
2010-02-18 00:00:00,2010-02-18 00:00:00,7,2010-02-18 00:00:00,6.75,6.75,27,51200,346875,2010-02-18 00:00:00,1
2010-02-19 00:00:00,2010-02-19 00:00:00,7.25,2010-02-19 00:00:00,6.75,7.25,144,1881500,13195150,2010-02-19 00:00:00,1
2010-02-22 00:00:00,2010-02-22 00:00:00,7.25,2010-02-22 00:00:00,6.75,7,83,1730900,12115075,2010-02-22 00:00:00,1
2010-02-23 00:00:00,2010-02-23 00:00:00,7.25,2010-02-23 00:00:00,7,7,46,201300,1415575,2010-02-23 00:00:00,1
2010-02-24 00:00:00,2010-02-24 00:00:00,7.25,2010-02-24 00:00:00,7,7,25,51200,362325,2010-02-24 00:00:00,1
2010-02-25 00:00:00,2010-02-25 00:00:00,7.25,2010-02-25 00:00:00,7,7,37,114500,815450,2010-02-25 00:00:00,1
2010-02-26 00:00:00,2010-02-26 00:00:00,7.25,2010-02-26 00:00:00,7,7,23,170400,1201400,2010-02-26 00:00:00,1
2010-03-01 00:00:00,2010-03-01 00:00:00,7.25,2010-03-01 00:00:00,7,7,51,92300,652750,2010-03-01 00:00:00,1
2010-03-02 00:00:00,2010-03-02 00:00:00,7.25,2010-03-02 00:00:00,7,7.25,59,540100,3793925,2010-03-02 00:00:00,1
2010-03-03 00:00:00,2010-03-03 00:00:00,7.25,2010-03-03 00:00:00,6.75,6.75,107,2753900,19280400,2010-03-03 00:00:00,1
2010-03-04 00:00:00,2010-03-04 00:00:00,7.25,2010-03-04 00:00:00,7,7,59,1114100,7799050,2010-03-04 00:00:00,1
2010-03-05 00:00:00,2010-03-05 00:00:00,7.25,2010-03-05 00:00:00,7,7,23,394800,2764900,2010-03-05 00:00:00,1
2010-03-08 00:00:00,2010-03-08 00:00:00,7,2010-03-08 00:00:00,6.75,7,18,13100,90750,2010-03-08 00:00:00,1
2010-03-09 00:00:00,2010-03-09 00:00:00,7,2010-03-09 00:00:00,7,7,11,598300,4188100,2010-03-09 00:00:00,1
2010-03-10 00:00:00,2010-03-10 00:00:00,7,2010-03-10 00:00:00,6.75,7,13,23500,161725,2010-03-10 00:00:00,1
2010-03-11 00:00:00,2010-03-11 00:00:00,7,2010-03-11 00:00:00,6.75,7,82,1107400,7488700,2010-03-11 00:00:00,1
2010-03-12 00:00:00,2010-03-12 00:00:00,7,2010-03-12 00:00:00,6.75,6.75,20,55400,375400,2010-03-12 00:00:00,1
2010-03-15 00:00:00,2010-03-15 00:00:00,7.75,2010-03-15 00:00:00,7,7.25,606,14389800,104072975,2010-03-15 00:00:00,1
2010-03-16 00:00:00,2010-03-16 00:00:00,7.5,2010-03-16 00:00:00,7,7,68,962600,6976025,2010-03-16 00:00:00,1
2010-03-17 00:00:00,2010-03-17 00:00:00,7.25,2010-03-17 00:00:00,7,7,22,82900,581275,2010-03-17 00:00:00,1
2010-03-18 00:00:00,2010-03-18 00:00:00,7.5,2010-03-18 00:00:00,7,7,66,396100,2850250,2010-03-18 00:00:00,1
2010-03-19 00:00:00,2010-03-19 00:00:00,7.25,2010-03-19 00:00:00,7,7,36,195100,1370100,2010-03-19 00:00:00,1
2010-03-22 00:00:00,2010-03-22 00:00:00,7.25,2010-03-22 00:00:00,7,7.25,68,305500,2209825,2010-03-22 00:00:00,1
2010-03-23 00:00:00,2010-03-23 00:00:00,7.25,2010-03-23 00:00:00,7,7.25,26,72700,513125,2010-03-23 00:00:00,1
2010-03-24 00:00:00,2010-03-24 00:00:00,7.25,2010-03-24 00:00:00,7,7,91,6799000,47594175,2010-03-24 00:00:00,1
2010-03-25 00:00:00,2010-03-25 00:00:00,7,2010-03-25 00:00:00,6.75,7,28,96100,669275,2010-03-25 00:00:00,1
2010-03-26 00:00:00,2010-03-26 00:00:00,7.25,2010-03-26 00:00:00,6.75,7,51,2751700,19264500,2010-03-26 00:00:00,1
2010-03-30 00:00:00,2010-03-30 00:00:00,7.25,2010-03-30 00:00:00,7,7,38,160300,1122850,2010-03-30 00:00:00,1
2010-03-31 00:00:00,2010-03-31 00:00:00,7,2010-03-31 00:00:00,6.75,6.75,21,100300,690875,2010-03-31 00:00:00,1
2010-04-01 00:00:00,2010-04-01 00:00:00,7,2010-04-01 00:00:00,6.75,7,49,783300,5478600,2010-04-01 00:00:00,1
2010-04-05 00:00:00,2010-04-05 00:00:00,7,2010-04-05 00:00:00,7,7,38,786100,5502700,2010-04-05 00:00:00,1
2010-04-06 00:00:00,2010-04-06 00:00:00,7,2010-04-06 00:00:00,6.75,7,50,666300,4648350,2010-04-06 00:00:00,1
2010-04-07 00:00:00,2010-04-07 00:00:00,7.25,2010-04-07 00:00:00,6.75,7,40,385400,2698175,2010-04-07 00:00:00,1
2010-04-08 00:00:00,2010-04-08 00:00:00,7.25,2010-04-08 00:00:00,6.75,7,41,98800,693350,2010-04-08 00:00:00,1
2010-04-12 00:00:00,2010-04-12 00:00:00,7.25,2010-04-12 00:00:00,7,7,97,1041300,7293375,2010-04-12 00:00:00,1
2010-04-15 00:00:00,2010-04-15 00:00:00,7.25,2010-04-15 00:00:00,7,7,81,1541700,10792400,2010-04-15 00:00:00,1
2010-04-16 00:00:00,2010-04-16 00:00:00,7.25,2010-04-16 00:00:00,7,7,77,2483900,17398700,2010-04-16 00:00:00,1
2010-04-19 00:00:00,2010-04-19 00:00:00,7.5,2010-04-19 00:00:00,7,7.25,247,5820900,42204700,2010-04-19 00:00:00,1
2010-04-20 00:00:00,2010-04-20 00:00:00,7.25,2010-04-20 00:00:00,7,7.25,93,2263400,16404700,2010-04-20 00:00:00,1
2010-04-21 00:00:00,2010-04-21 00:00:00,7.25,2010-04-21 00:00:00,7,7.25,52,1388300,10050400,2010-04-21 00:00:00,1
2010-04-22 00:00:00,2010-04-22 00:00:00,7.25,2010-04-22 00:00:00,7,7,27,113000,800600,2010-04-22 00:00:00,1
2010-04-23 00:00:00,2010-04-23 00:00:00,7.25,2010-04-23 00:00:00,7,7.25,76,2613800,18869225,2010-04-23 00:00:00,1
2010-04-26 00:00:00,2010-04-26 00:00:00,7.25,2010-04-26 00:00:00,7,7,54,460800,3332450,2010-04-26 00:00:00,1
2010-04-27 00:00:00,2010-04-27 00:00:00,7.25,2010-04-27 00:00:00,7,7,47,162300,1154650,2010-04-27 00:00:00,1
2010-04-29 00:00:00,2010-04-29 00:00:00,7.25,2010-04-29 00:00:00,7,7.25,140,1007500,7239350,2010-04-29 00:00:00,1
2010-04-30 00:00:00,2010-04-30 00:00:00,7.25,2010-04-30 00:00:00,7,7.25,41,364100,2614125,2010-04-30 00:00:00,1
2010-05-03 00:00:00,2010-05-03 00:00:00,7.25,2010-05-03 00:00:00,7,7.25,127,1795500,12989500,2010-05-03 00:00:00,1
2010-05-04 00:00:00,2010-05-04 00:00:00,8,2010-05-04 00:00:00,7,7.5,306,5281200,39520975,2010-05-04 00:00:00,1
2010-05-05 00:00:00,2010-05-05 00:00:00,8.75,2010-05-05 00:00:00,8,8.5,1186,23946900,202661650,2010-05-05 00:00:00,1
2010-05-06 00:00:00,2010-05-06 00:00:00,8.75,2010-05-06 00:00:00,8.25,8.25,415,11306100,97211275,2010-05-06 00:00:00,1
2010-05-07 00:00:00,2010-05-07 00:00:00,8.5,2010-05-07 00:00:00,8.25,8.25,182,10110000,84235300,2010-05-07 00:00:00,1
2010-05-10 00:00:00,2010-05-10 00:00:00,9,2010-05-10 00:00:00,8.25,8.5,632,9282800,81130950,2010-05-10 00:00:00,1
2010-05-11 00:00:00,2010-05-11 00:00:00,8.5,2010-05-11 00:00:00,8.25,8.25,169,5977700,50359875,2010-05-11 00:00:00,1
2010-05-12 00:00:00,2010-05-12 00:00:00,8.5,2010-05-12 00:00:00,8.25,8.25,146,940900,7767050,2010-05-12 00:00:00,1
2010-05-13 00:00:00,2010-05-13 00:00:00,8.75,2010-05-13 00:00:00,8,8.5,163,5726700,48598200,2010-05-13 00:00:00,1
2010-05-14 00:00:00,2010-05-14 00:00:00,9,2010-05-14 00:00:00,8.5,8.75,218,3136200,27441175,2010-05-14 00:00:00,1
2010-05-17 00:00:00,2010-05-17 00:00:00,9,2010-05-17 00:00:00,8.5,8.75,184,7394500,64720275,2010-05-17 00:00:00,1
2010-05-18 00:00:00,2010-05-18 00:00:00,8.75,2010-05-18 00:00:00,8.5,8.75,74,504100,4300800,2010-05-18 00:00:00,1
2010-05-19 00:00:00,2010-05-19 00:00:00,8.75,2010-05-19 00:00:00,8.5,8.5,145,2653200,22554850,2010-05-19 00:00:00,1
2010-05-20 00:00:00,2010-05-20 00:00:00,8.5,2010-05-20 00:00:00,8.25,8.5,40,191900,1629900,2010-05-20 00:00:00,1
2010-05-21 00:00:00,2010-05-21 00:00:00,8.5,2010-05-21 00:00:00,8.25,8.25,64,862000,7126900,2010-05-21 00:00:00,1
2010-05-24 00:00:00,2010-05-24 00:00:00,8.5,2010-05-24 00:00:00,8.25,8.25,52,434600,3590375,2010-05-24 00:00:00,1
2010-05-25 00:00:00,2010-05-25 00:00:00,8.25,2010-05-25 00:00:00,8,8.25,35,451700,3722300,2010-05-25 00:00:00,1
2010-05-26 00:00:00,2010-05-26 00:00:00,8.5,2010-05-26 00:00:00,8.25,8.25,51,364500,3007150,2010-05-26 00:00:00,1
2010-05-31 00:00:00,2010-05-31 00:00:00,8.25,2010-05-31 00:00:00,8,8,149,2379900,19054275,2010-05-31 00:00:00,1
2010-06-01 00:00:00,2010-06-01 00:00:00,8.25,2010-06-01 00:00:00,8,8,28,43200,347875,2010-06-01 00:00:00,1
2010-06-02 00:00:00,2010-06-02 00:00:00,8.25,2010-06-02 00:00:00,8,8,76,319700,2565425,2010-06-02 00:00:00,1
2010-06-03 00:00:00,2010-06-03 00:00:00,8.25,2010-06-03 00:00:00,8,8,55,237300,1902775,2010-06-03 00:00:00,1
2010-06-04 00:00:00,2010-06-04 00:00:00,8.75,2010-06-04 00:00:00,8,8.25,215,2858900,24028625,2010-06-04 00:00:00,1
2010-06-07 00:00:00,2010-06-07 00:00:00,9.25,2010-06-07 00:00:00,8.25,9,557,39770900,341743900,2010-06-07 00:00:00,1
2010-06-08 00:00:00,2010-06-08 00:00:00,9.25,2010-06-08 00:00:00,8.75,8.75,274,14160800,126551875,2010-06-08 00:00:00,1
2010-06-09 00:00:00,2010-06-09 00:00:00,9,2010-06-09 00:00:00,8.75,9,66,383300,3419500,2010-06-09 00:00:00,1
2010-06-10 00:00:00,2010-06-10 00:00:00,9,2010-06-10 00:00:00,8.75,8.75,104,2449900,21989125,2010-06-10 00:00:00,1
2010-06-11 00:00:00,2010-06-11 00:00:00,9,2010-06-11 00:00:00,8.75,8.75,125,2820200,25206050,2010-06-11 00:00:00,1
2010-06-14 00:00:00,2010-06-14 00:00:00,9,2010-06-14 00:00:00,8.75,9,140,4598000,41375925,2010-06-14 00:00:00,1
2010-06-15 00:00:00,2010-06-15 00:00:00,9.25,2010-06-15 00:00:00,8.75,9,115,5021400,45192175,2010-06-15 00:00:00,1
2010-06-16 00:00:00,2010-06-16 00:00:00,9.25,2010-06-16 00:00:00,9,9,267,34501900,310517825,2010-06-16 00:00:00,1
2010-06-17 00:00:00,2010-06-17 00:00:00,9.75,2010-06-17 00:00:00,9,9.25,586,36220000,331726725,2010-06-17 00:00:00,1
2010-06-21 00:00:00,2010-06-21 00:00:00,10.25,2010-06-21 00:00:00,9.5,10,692,15836900,156078925,2010-06-21 00:00:00,1
2010-06-22 00:00:00,2010-06-22 00:00:00,10.25,2010-06-22 00:00:00,9.75,9.75,440,11215900,111996700,2010-06-22 00:00:00,1
2010-06-23 00:00:00,2010-06-23 00:00:00,10,2010-06-23 00:00:00,9.5,9.75,227,13382700,131479325,2010-06-23 00:00:00,1
2010-06-24 00:00:00,2010-06-24 00:00:00,9.75,2010-06-24 00:00:00,9.5,9.75,186,2361000,22854450,2010-06-24 00:00:00,1
2010-06-28 00:00:00,2010-06-28 00:00:00,9.75,2010-06-28 00:00:00,9.5,9.5,140,2429900,23282500,2010-06-28 00:00:00,1
2010-06-29 00:00:00,2010-06-29 00:00:00,10,2010-06-29 00:00:00,9.5,9.75,220,9118300,88918450,2010-06-29 00:00:00,1
2010-06-30 00:00:00,2010-06-30 00:00:00,10,2010-06-30 00:00:00,9.5,9.75,176,3719900,36274200,2010-06-30 00:00:00,1
2010-07-01 00:00:00,2010-07-01 00:00:00,10,2010-07-01 00:00:00,9.5,9.75,111,5368600,52340125,2010-07-01 00:00:00,1
2010-07-02 00:00:00,2010-07-02 00:00:00,9.75,2010-07-02 00:00:00,9.5,9.75,111,2703500,26352350,2010-07-02 00:00:00,1
2010-07-05 00:00:00,2010-07-05 00:00:00,9.75,2010-07-05 00:00:00,9.25,9.5,183,2464600,23500200,2010-07-05 00:00:00,1
2010-07-06 00:00:00,2010-07-06 00:00:00,9.75,2010-07-06 00:00:00,9.5,9.5,77,3826500,36733300,2010-07-06 00:00:00,1
2010-07-07 00:00:00,2010-07-07 00:00:00,9.75,2010-07-07 00:00:00,9.25,9.25,234,3482000,32622925,2010-07-07 00:00:00,1
2010-07-08 00:00:00,2010-07-08 00:00:00,9.75,2010-07-08 00:00:00,9.25,9.5,99,550100,5212550,2010-07-08 00:00:00,1
2010-07-09 00:00:00,2010-07-09 00:00:00,9.75,2010-07-09 00:00:00,9.25,9.5,118,1109600,10534375,2010-07-09 00:00:00,1
2010-07-12 00:00:00,2010-07-12 00:00:00,9.75,2010-07-12 00:00:00,9.25,9.5,79,897300,8522200,2010-07-12 00:00:00,1
2010-07-13 00:00:00,2010-07-13 00:00:00,9.5,2010-07-13 00:00:00,9.25,9.5,92,843000,8006125,2010-07-13 00:00:00,1
2010-07-14 00:00:00,2010-07-14 00:00:00,9.75,2010-07-14 00:00:00,9.25,9.5,92,896700,8513725,2010-07-14 00:00:00,1
2010-07-15 00:00:00,2010-07-15 00:00:00,9.75,2010-07-15 00:00:00,9.25,9.5,160,3942600,37462650,2010-07-15 00:00:00,1
2010-07-16 00:00:00,2010-07-16 00:00:00,9.75,2010-07-16 00:00:00,9.25,9.5,171,2160500,20514575,2010-07-16 00:00:00,1
2010-07-19 00:00:00,2010-07-19 00:00:00,9.75,2010-07-19 00:00:00,9.25,9.5,111,1970400,18717650,2010-07-19 00:00:00,1
2010-07-20 00:00:00,2010-07-20 00:00:00,10,2010-07-20 00:00:00,9.25,9.75,216,8160800,79232725,2010-07-20 00:00:00,1
2010-07-21 00:00:00,2010-07-21 00:00:00,10.5,2010-07-21 00:00:00,9.75,10,566,15718200,158337675,2010-07-21 00:00:00,1
2010-07-22 00:00:00,2010-07-22 00:00:00,10.25,2010-07-22 00:00:00,9.75,10,174,5515700,55169375,2010-07-22 00:00:00,1
2010-07-23 00:00:00,2010-07-23 00:00:00,10.5,2010-07-23 00:00:00,10,10.25,271,13539200,137381675,2010-07-23 00:00:00,1
2010-07-26 00:00:00,2010-07-26 00:00:00,10.75,2010-07-26 00:00:00,10.25,10.5,452,13494900,141780850,2010-07-26 00:00:00,1
2010-07-27 00:00:00,2010-07-27 00:00:00,11,2010-07-27 00:00:00,10.5,10.5,701,16424200,176105400,2010-07-27 00:00:00,1
2010-07-28 00:00:00,2010-07-28 00:00:00,10.75,2010-07-28 00:00:00,10.25,10.5,429,17544200,184645350,2010-07-28 00:00:00,1
2010-07-29 00:00:00,2010-07-29 00:00:00,10.5,2010-07-29 00:00:00,10.25,10.25,162,1512500,15675875,2010-07-29 00:00:00,1
2010-07-30 00:00:00,2010-07-30 00:00:00,10.5,2010-07-30 00:00:00,10.25,10.25,163,7169900,73789950,2010-07-30 00:00:00,1
2010-08-02 00:00:00,2010-08-02 00:00:00,10.7,2010-08-02 00:00:00,10.4,10.5,308,13694200,143785650,2010-08-02 00:00:00,1
2010-08-03 00:00:00,2010-08-03 00:00:00,10.5,2010-08-03 00:00:00,10.2,10.4,119,2516700,26243520,2010-08-03 00:00:00,1
2010-08-04 00:00:00,2010-08-04 00:00:00,10.5,2010-08-04 00:00:00,10,10.4,144,1358800,13928460,2010-08-04 00:00:00,1
2010-08-05 00:00:00,2010-08-05 00:00:00,10.4,2010-08-05 00:00:00,9.7,10.1,295,6095700,60887170,2010-08-05 00:00:00,1
2010-08-06 00:00:00,2010-08-06 00:00:00,10.2,2010-08-06 00:00:00,10,10,187,1469300,14747580,2010-08-06 00:00:00,1
2010-08-09 00:00:00,2010-08-09 00:00:00,10,2010-08-09 00:00:00,9.3,9.9,298,2971300,29178810,2010-08-09 00:00:00,1
2010-08-10 00:00:00,2010-08-10 00:00:00,10.2,2010-08-10 00:00:00,9.4,10.1,292,4891700,48570510,2010-08-10 00:00:00,1
2010-08-11 00:00:00,2010-08-11 00:00:00,10.2,2010-08-11 00:00:00,9.9,10,246,20186100,201979460,2010-08-11 00:00:00,1
2010-08-12 00:00:00,2010-08-12 00:00:00,10,2010-08-12 00:00:00,9.8,9.9,102,7824500,77462950,2010-08-12 00:00:00,1
2010-08-13 00:00:00,2010-08-13 00:00:00,10.1,2010-08-13 00:00:00,9.9,10,138,6635200,66353150,2010-08-13 00:00:00,1
2010-08-16 00:00:00,2010-08-16 00:00:00,10,2010-08-16 00:00:00,9.9,9.9,91,451800,4477850,2010-08-16 00:00:00,1
2010-08-17 00:00:00,2010-08-17 00:00:00,10,2010-08-17 00:00:00,9.9,9.9,130,16392100,162285660,2010-08-17 00:00:00,1
2010-08-18 00:00:00,2010-08-18 00:00:00,10.2,2010-08-18 00:00:00,10,10.1,130,5547500,56360200,2010-08-18 00:00:00,1
2010-08-19 00:00:00,2010-08-19 00:00:00,10.2,2010-08-19 00:00:00,10.1,10.1,123,2648700,26880350,2010-08-19 00:00:00,1
2010-08-20 00:00:00,2010-08-20 00:00:00,10.2,2010-08-20 00:00:00,10,10.1,98,3371300,34029070,2010-08-20 00:00:00,1
2010-08-23 00:00:00,2010-08-23 00:00:00,10.1,2010-08-23 00:00:00,10,10.1,98,2421600,24435030,2010-08-23 00:00:00,1
2010-08-25 00:00:00,2010-08-25 00:00:00,10.1,2010-08-25 00:00:00,10,10,59,249000,2497150,2010-08-25 00:00:00,1
2010-08-26 00:00:00,2010-08-26 00:00:00,10.4,2010-08-26 00:00:00,9.9,10,170,12105300,121225040,2010-08-26 00:00:00,1
2010-08-27 00:00:00,2010-08-27 00:00:00,10.3,2010-08-27 00:00:00,10,10.1,69,1956500,19769140,2010-08-27 00:00:00,1
2010-08-30 00:00:00,2010-08-30 00:00:00,10.1,2010-08-30 00:00:00,9.9,10,76,815100,8149730,2010-08-30 00:00:00,1
2010-08-31 00:00:00,2010-08-31 00:00:00,10.1,2010-08-31 00:00:00,9.9,9.9,93,569900,5678260,2010-08-31 00:00:00,1
2010-09-01 00:00:00,2010-09-01 00:00:00,10.1,2010-09-01 00:00:00,9.9,10,87,551800,5507560,2010-09-01 00:00:00,1
2010-09-02 00:00:00,2010-09-02 00:00:00,10.2,2010-09-02 00:00:00,9.9,10.1,149,1744100,17490450,2010-09-02 00:00:00,1
2010-09-03 00:00:00,2010-09-03 00:00:00,10.2,2010-09-03 00:00:00,10,10.1,150,3968500,40136170,2010-09-03 00:00:00,1
2010-09-06 00:00:00,2010-09-06 00:00:00,10.2,2010-09-06 00:00:00,10.1,10.1,80,1884400,19032890,2010-09-06 00:00:00,1
2010-09-07 00:00:00,2010-09-07 00:00:00,10.2,2010-09-07 00:00:00,10,10.1,71,1218600,12309390,2010-09-07 00:00:00,1
2010-09-08 00:00:00,2010-09-08 00:00:00,10.2,2010-09-08 00:00:00,10.1,10.2,107,2128000,21531230,2010-09-08 00:00:00,1
2010-09-09 00:00:00,2010-09-09 00:00:00,10.5,2010-09-09 00:00:00,10.1,10.3,219,3111300,31934840,2010-09-09 00:00:00,1
2010-09-13 00:00:00,2010-09-13 00:00:00,10.3,2010-09-13 00:00:00,10.1,10.1,89,1617000,16388100,2010-09-13 00:00:00,1
2010-09-14 00:00:00,2010-09-14 00:00:00,10.9,2010-09-14 00:00:00,10.1,10.5,212,4516200,46501090,2010-09-14 00:00:00,1
2010-09-15 00:00:00,2010-09-15 00:00:00,10.9,2010-09-15 00:00:00,10.3,10.7,277,9034800,94811600,2010-09-15 00:00:00,1
2010-09-16 00:00:00,2010-09-16 00:00:00,10.9,2010-09-16 00:00:00,10.6,10.8,189,8392600,89934240,2010-09-16 00:00:00,1
2010-09-17 00:00:00,2010-09-17 00:00:00,11,2010-09-17 00:00:00,10.7,10.9,305,12912600,140700110,2010-09-17 00:00:00,1
2010-09-20 00:00:00,2010-09-20 00:00:00,11.4,2010-09-20 00:00:00,10.8,11.1,279,2721400,29991490,2010-09-20 00:00:00,1
2010-09-21 00:00:00,2010-09-21 00:00:00,11.8,2010-09-21 00:00:00,11.1,11.7,305,6347300,73380630,2010-09-21 00:00:00,1
2010-09-23 00:00:00,2010-09-23 00:00:00,12.5,2010-09-23 00:00:00,11.8,12,630,24845400,298003470,2010-09-23 00:00:00,1
2010-09-24 00:00:00,2010-09-24 00:00:00,12.4,2010-09-24 00:00:00,11.9,12,268,3810400,45728090,2010-09-24 00:00:00,1
2010-09-27 00:00:00,2010-09-27 00:00:00,12.2,2010-09-27 00:00:00,11.9,11.9,339,9833700,118401670,2010-09-27 00:00:00,1
2010-09-28 00:00:00,2010-09-28 00:00:00,12.1,2010-09-28 00:00:00,11.9,12,335,26394200,316742930,2010-09-28 00:00:00,1
2010-09-29 00:00:00,2010-09-29 00:00:00,12.5,2010-09-29 00:00:00,12,12.4,209,1276300,15671180,2010-09-29 00:00:00,1
2010-09-30 00:00:00,2010-09-30 00:00:00,12.7,2010-09-30 00:00:00,12.3,12.6,241,1801700,22492240,2010-09-30 00:00:00,1
2010-10-01 00:00:00,2010-10-01 00:00:00,13.8,2010-10-01 00:00:00,12.7,13.1,623,7865900,104018790,2010-10-01 00:00:00,1
2010-10-04 00:00:00,2010-10-04 00:00:00,13.7,2010-10-04 00:00:00,13,13.4,416,5464600,73023360,2010-10-04 00:00:00,1
2010-10-05 00:00:00,2010-10-05 00:00:00,13.5,2010-10-05 00:00:00,13.3,13.4,285,3944200,52865010,2010-10-05 00:00:00,1
2010-10-06 00:00:00,2010-10-06 00:00:00,13.5,2010-10-06 00:00:00,12.8,12.9,234,2975500,38955260,2010-10-06 00:00:00,1
2010-10-07 00:00:00,2010-10-07 00:00:00,13,2010-10-07 00:00:00,12.5,12.7,315,2906000,36978150,2010-10-07 00:00:00,1
2010-10-08 00:00:00,2010-10-08 00:00:00,12.9,2010-10-08 00:00:00,12.4,12.8,260,1604500,20338710,2010-10-08 00:00:00,1
2010-10-11 00:00:00,2010-10-11 00:00:00,13.3,2010-10-11 00:00:00,12.7,12.7,284,2664900,34588920,2010-10-11 00:00:00,1
2010-10-12 00:00:00,2010-10-12 00:00:00,12.9,2010-10-12 00:00:00,11.9,12,342,3229000,40119720,2010-10-12 00:00:00,1
2010-10-13 00:00:00,2010-10-13 00:00:00,12.3,2010-10-13 00:00:00,11,12,393,5912700,70914710,2010-10-13 00:00:00,1
2010-10-14 00:00:00,2010-10-14 00:00:00,12.5,2010-10-14 00:00:00,12,12.2,214,3234400,39017670,2010-10-14 00:00:00,1
2010-10-15 00:00:00,2010-10-15 00:00:00,12.5,2010-10-15 00:00:00,12,12.4,179,2786600,34144220,2010-10-15 00:00:00,1
2010-10-18 00:00:00,2010-10-18 00:00:00,12.5,2010-10-18 00:00:00,12.2,12.4,111,1443700,17856660,2010-10-18 00:00:00,1
2010-10-19 00:00:00,2010-10-19 00:00:00,12.7,2010-10-19 00:00:00,12.1,12.7,152,3162700,39534960,2010-10-19 00:00:00,1
2010-10-20 00:00:00,2010-10-20 00:00:00,12.7,2010-10-20 00:00:00,12.5,12.5,133,3329900,41711530,2010-10-20 00:00:00,1
2010-10-21 00:00:00,2010-10-21 00:00:00,12.6,2010-10-21 00:00:00,12.4,12.5,105,1749500,21863940,2010-10-21 00:00:00,1
2010-10-25 00:00:00,2010-10-25 00:00:00,12.6,2010-10-25 00:00:00,12.1,12.3,100,780600,9582130,2010-10-25 00:00:00,1
2010-10-26 00:00:00,2010-10-26 00:00:00,12.4,2010-10-26 00:00:00,12.1,12.2,91,836000,10224690,2010-10-26 00:00:00,1
2010-10-27 00:00:00,2010-10-27 00:00:00,12.4,2010-10-27 00:00:00,12.1,12.3,95,1057800,12992030,2010-10-27 00:00:00,1
2010-10-28 00:00:00,2010-10-28 00:00:00,12.6,2010-10-28 00:00:00,12.2,12.3,243,1881500,23216280,2010-10-28 00:00:00,1
2010-10-29 00:00:00,2010-10-29 00:00:00,12.3,2010-10-29 00:00:00,12.1,12.2,131,1577000,19324850,2010-10-29 00:00:00,1
2010-11-01 00:00:00,2010-11-01 00:00:00,12.3,2010-11-01 00:00:00,12.1,12.1,86,429900,5238760,2010-11-01 00:00:00,1
2010-11-02 00:00:00,2010-11-02 00:00:00,12.2,2010-11-02 00:00:00,12,12,107,1447500,17393260,2010-11-02 00:00:00,1
2010-11-03 00:00:00,2010-11-03 00:00:00,12.1,2010-11-03 00:00:00,11.9,12.1,110,290600,3491860,2010-11-03 00:00:00,1
2010-11-04 00:00:00,2010-11-04 00:00:00,12.4,2010-11-04 00:00:00,12,12.2,103,1419600,17307540,2010-11-04 00:00:00,1
2010-11-08 00:00:00,2010-11-08 00:00:00,12.5,2010-11-08 00:00:00,12.2,12.4,133,971800,11993560,2010-11-08 00:00:00,1
2010-11-09 00:00:00,2010-11-09 00:00:00,12.4,2010-11-09 00:00:00,12.2,12.3,78,597100,7333740,2010-11-09 00:00:00,1
2010-11-10 00:00:00,2010-11-10 00:00:00,12.4,2010-11-10 00:00:00,12.2,12.2,68,387100,4750280,2010-11-10 00:00:00,1
2010-11-11 00:00:00,2010-11-11 00:00:00,12.3,2010-11-11 00:00:00,12.1,12.2,23,50300,613780,2010-11-11 00:00:00,1
2010-11-12 00:00:00,2010-11-12 00:00:00,12.3,2010-11-12 00:00:00,12,12.2,85,365900,4462190,2010-11-12 00:00:00,1
2010-11-15 00:00:00,2010-11-15 00:00:00,12.2,2010-11-15 00:00:00,11.9,12,96,575500,6931430,2010-11-15 00:00:00,1
2010-11-16 00:00:00,2010-11-16 00:00:00,12.1,2010-11-16 00:00:00,12,12,121,2280800,27373010,2010-11-16 00:00:00,1
2010-11-18 00:00:00,2010-11-18 00:00:00,12.2,2010-11-18 00:00:00,12,12.2,64,773200,9390060,2010-11-18 00:00:00,1
2010-11-22 00:00:00,2010-11-22 00:00:00,12.3,2010-11-22 00:00:00,12.1,12.1,39,139000,1686980,2010-11-22 00:00:00,1
2010-11-23 00:00:00,2010-11-23 00:00:00,12.1,2010-11-23 00:00:00,12,12,86,1187700,14268090,2010-11-23 00:00:00,1
2010-11-24 00:00:00,2010-11-24 00:00:00,12.1,2010-11-24 00:00:00,12,12,79,2398700,28785540,2010-11-24 00:00:00,1
2010-11-25 00:00:00,2010-11-25 00:00:00,12.1,2010-11-25 00:00:00,11.9,12,73,1952700,23430780,2010-11-25 00:00:00,1
2010-11-26 00:00:00,2010-11-26 00:00:00,12.1,2010-11-26 00:00:00,11.8,11.9,71,403800,4808710,2010-11-26 00:00:00,1
2010-11-29 00:00:00,2010-11-29 00:00:00,12,2010-11-29 00:00:00,11.6,11.8,83,411800,4848900,2010-11-29 00:00:00,1
2010-11-30 00:00:00,2010-11-30 00:00:00,12,2010-11-30 00:00:00,11.8,11.8,146,3001500,35835860,2010-11-30 00:00:00,1
2010-12-01 00:00:00,2010-12-01 00:00:00,11.9,2010-12-01 00:00:00,11.7,11.9,100,1483200,17574000,2010-12-01 00:00:00,1
2010-12-02 00:00:00,2010-12-02 00:00:00,12,2010-12-02 00:00:00,11.8,11.9,39,98300,1169890,2010-12-02 00:00:00,1
2010-12-03 00:00:00,2010-12-03 00:00:00,11.9,2010-12-03 00:00:00,11.8,11.9,68,2876900,34096230,2010-12-03 00:00:00,1
2010-12-06 00:00:00,2010-12-06 00:00:00,11.8,2010-12-06 00:00:00,11.7,11.7,50,328700,3851030,2010-12-06 00:00:00,1
2010-12-07 00:00:00,2010-12-07 00:00:00,11.7,2010-12-07 00:00:00,11.6,11.6,66,291600,3390100,2010-12-07 00:00:00,1
2010-12-08 00:00:00,2010-12-08 00:00:00,12,2010-12-08 00:00:00,11.4,11.9,104,1688700,19920050,2010-12-08 00:00:00,1
2010-12-09 00:00:00,2010-12-09 00:00:00,12,2010-12-09 00:00:00,11.6,11.9,94,14365100,170926000,2010-12-09 00:00:00,1
2010-12-10 00:00:00,2010-12-10 00:00:00,12,2010-12-10 00:00:00,11.8,11.9,107,11771400,140908420,2010-12-10 00:00:00,1
2010-12-13 00:00:00,2010-12-13 00:00:00,11.9,2010-12-13 00:00:00,11.6,11.6,40,43100,503100,2010-12-13 00:00:00,1
2010-12-14 00:00:00,2010-12-14 00:00:00,11.6,2010-12-14 00:00:00,11.4,11.4,86,926400,10677710,2010-12-14 00:00:00,1
2010-12-15 00:00:00,2010-12-15 00:00:00,11.6,2010-12-15 00:00:00,11.4,11.4,59,431200,4933330,2010-12-15 00:00:00,1
2010-12-16 00:00:00,2010-12-16 00:00:00,11.4,2010-12-16 00:00:00,11.3,11.3,37,281500,3181640,2010-12-16 00:00:00,1
2010-12-17 00:00:00,2010-12-17 00:00:00,11.3,2010-12-17 00:00:00,11.2,11.3,39,354800,4002160,2010-12-17 00:00:00,1
2010-12-21 00:00:00,2010-12-21 00:00:00,11.4,2010-12-21 00:00:00,11.2,11.3,68,443400,4983470,2010-12-21 00:00:00,1
2010-12-22 00:00:00,2010-12-22 00:00:00,11.4,2010-12-22 00:00:00,11.2,11.3,64,393400,4466950,2010-12-22 00:00:00,1
2010-12-23 00:00:00,2010-12-23 00:00:00,11.4,2010-12-23 00:00:00,11.2,11.3,63,421900,4764310,2010-12-23 00:00:00,1
2010-12-24 00:00:00,2010-12-24 00:00:00,11.4,2010-12-24 00:00:00,11.2,11.2,63,446000,5003930,2010-12-24 00:00:00,1
2010-12-27 00:00:00,2010-12-27 00:00:00,11.5,2010-12-27 00:00:00,11.2,11.4,77,822000,9359390,2010-12-27 00:00:00,1
2010-12-28 00:00:00,2010-12-28 00:00:00,11.6,2010-12-28 00:00:00,11.5,11.6,100,549600,6326760,2010-12-28 00:00:00,1
2010-12-29 00:00:00,2010-12-29 00:00:00,12,2010-12-29 00:00:00,11.5,12,152,46572840,558672400,2010-12-29 00:00:00,1
2010-12-30 00:00:00,2010-12-30 00:00:00,12,2010-12-30 00:00:00,11.7,11.8,92,7290500,87429330,2010-12-30 00:00:00,1
2010-12-31 00:00:00,2010-12-31 00:00:00,12,2010-12-31 00:00:00,11.8,11.8,42,187200,2213830,2010-12-31 00:00:00,1
Company Id :  DIMO,,Security Type :  N,,Sub Type :  0000,,,,,,
Short Name :  DIMO,,,,,,,,,,
Day,Date High,High,Date Low,Low,Closing,No. of Trades,No. of Shares,Turnover,Last Traded,Days Traded
2010-01-04 00:00:00,2010-01-04 00:00:00,191.5,2010-01-04 00:00:00,183,188.25,35,22100,4135150,2010-01-04 00:00:00,1
2010-01-05 00:00:00,2010-01-05 00:00:00,200,2010-01-05 00:00:00,184,200,67,25500,4952550,2010-01-05 00:00:00,1
2010-01-06 00:00:00,2010-01-06 00:00:00,204.75,2010-01-06 00:00:00,191.5,204.75,10,5600,1104425,2010-01-06 00:00:00,1
2010-01-07 00:00:00,2010-01-07 00:00:00,209,2010-01-07 00:00:00,190,209,32,7500,1528300,2010-01-07 00:00:00,1
2010-01-08 00:00:00,2010-01-08 00:00:00,250,2010-01-08 00:00:00,210,245.25,102,31800,7115375,2010-01-08 00:00:00,1
2010-01-11 00:00:00,2010-01-11 00:00:00,290,2010-01-11 00:00:00,265,281,87,29600,8283475,2010-01-11 00:00:00,1
2010-01-12 00:00:00,2010-01-12 00:00:00,285,2010-01-12 00:00:00,275,275,24,11600,3268050,2010-01-12 00:00:00,1
2010-01-13 00:00:00,2010-01-13 00:00:00,275,2010-01-13 00:00:00,270,274.25,14,4400,1204700,2010-01-13 00:00:00,1
2010-01-15 00:00:00,2010-01-15 00:00:00,284,2010-01-15 00:00:00,260.5,272,7,3300,901725,2010-01-15 00:00:00,1
2010-01-18 00:00:00,2010-01-18 00:00:00,284,2010-01-18 00:00:00,279,280,22,7800,2189300,2010-01-18 00:00:00,1
2010-01-19 00:00:00,2010-01-19 00:00:00,283,2010-01-19 00:00:00,270,273.5,14,5700,1579400,2010-01-19 00:00:00,1
2010-01-21 00:00:00,2010-01-21 00:00:00,285.25,2010-01-21 00:00:00,270,281.25,24,12100,3360175,2010-01-21 00:00:00,1
2010-01-22 00:00:00,2010-01-22 00:00:00,280,2010-01-22 00:00:00,278.5,279.5,15,9700,2710700,2010-01-22 00:00:00,1
2010-01-25 00:00:00,2010-01-25 00:00:00,280,2010-01-25 00:00:00,280,280,1,200,56000,2010-01-25 00:00:00,1
2010-01-26 00:00:00,2010-01-26 00:00:00,278,2010-01-26 00:00:00,278,278,1,100,27800,2010-01-26 00:00:00,1
2010-01-28 00:00:00,2010-01-28 00:00:00,278,2010-01-28 00:00:00,260,271,26,11800,3181200,2010-01-28 00:00:00,1
2010-02-01 00:00:00,2010-02-01 00:00:00,294,2010-02-01 00:00:00,280,290,44,42700,12270975,2010-02-01 00:00:00,1
2010-02-02 00:00:00,2010-02-02 00:00:00,316,2010-02-02 00:00:00,292,305.5,73,42100,12809725,2010-02-02 00:00:00,1
2010-02-03 00:00:00,2010-02-03 00:00:00,310,2010-02-03 00:00:00,300,300.75,13,8400,2546650,2010-02-03 00:00:00,1
2010-02-08 00:00:00,2010-02-08 00:00:00,302,2010-02-08 00:00:00,295,296.25,24,14200,4246225,2010-02-08 00:00:00,1
2010-02-09 00:00:00,2010-02-09 00:00:00,306,2010-02-09 00:00:00,290,303.75,26,15800,4665600,2010-02-09 00:00:00,1
2010-02-10 00:00:00,2010-02-10 00:00:00,300,2010-02-10 00:00:00,295,295.25,16,16000,4734950,2010-02-10 00:00:00,1
2010-02-11 00:00:00,2010-02-11 00:00:00,300,2010-02-11 00:00:00,290,295,15,11200,3356700,2010-02-11 00:00:00,1
2010-02-12 00:00:00,2010-02-12 00:00:00,295,2010-02-12 00:00:00,295,295,5,2600,767000,2010-02-12 00:00:00,1
2010-02-15 00:00:00,2010-02-15 00:00:00,304.5,2010-02-15 00:00:00,298,302.25,20,12600,3780725,2010-02-15 00:00:00,1
2010-02-16 00:00:00,2010-02-16 00:00:00,320,2010-02-16 00:00:00,304.75,312.75,34,26200,8145325,2010-02-16 00:00:00,1
2010-02-17 00:00:00,2010-02-17 00:00:00,320.25,2010-02-17 00:00:00,310,319.75,42,19600,6220150,2010-02-17 00:00:00,1
2010-02-18 00:00:00,2010-02-18 00:00:00,324,2010-02-18 00:00:00,317,323,5,1500,484300,2010-02-18 00:00:00,1
2010-02-19 00:00:00,2010-02-19 00:00:00,324,2010-02-19 00:00:00,300,307,11,8800,2715625,2010-02-19 00:00:00,1
2010-02-22 00:00:00,2010-02-22 00:00:00,328,2010-02-22 00:00:00,320,326.5,42,20500,6661925,2010-02-22 00:00:00,1
2010-02-23 00:00:00,2010-02-23 00:00:00,340,2010-02-23 00:00:00,328,334,15,4700,1564800,2010-02-23 00:00:00,1
2010-02-24 00:00:00,2010-02-24 00:00:00,350,2010-02-24 00:00:00,330,332,13,8100,2698400,2010-02-24 00:00:00,1
2010-02-25 00:00:00,2010-02-25 00:00:00,388,2010-02-25 00:00:00,345,383.75,68,69700,25302850,2010-02-25 00:00:00,1
2010-02-26 00:00:00,2010-02-26 00:00:00,505,2010-02-26 00:00:00,386,462.25,170,28700,12848100,2010-02-26 00:00:00,1
2010-03-01 00:00:00,2010-03-01 00:00:00,500,2010-03-01 00:00:00,420,433.25,78,12400,5508775,2010-03-01 00:00:00,1
2010-03-02 00:00:00,2010-03-02 00:00:00,438,2010-03-02 00:00:00,416.5,429.5,23,27700,11892200,2010-03-02 00:00:00,1
2010-03-03 00:00:00,2010-03-03 00:00:00,449.5,2010-03-03 00:00:00,420,420,32,108100,47025650,2010-03-03 00:00:00,1
2010-03-04 00:00:00,2010-03-04 00:00:00,430,2010-03-04 00:00:00,420,429.25,3,700,299500,2010-03-04 00:00:00,1
2010-03-05 00:00:00,2010-03-05 00:00:00,438,2010-03-05 00:00:00,400,429.5,59,44900,18398875,2010-03-05 00:00:00,1
2010-03-08 00:00:00,2010-03-08 00:00:00,440,2010-03-08 00:00:00,429.75,430,29,111600,48489750,2010-03-08 00:00:00,1
2010-03-09 00:00:00,2010-03-09 00:00:00,435,2010-03-09 00:00:00,429,430.5,18,11500,4954275,2010-03-09 00:00:00,1
2010-03-10 00:00:00,2010-03-10 00:00:00,438,2010-03-10 00:00:00,430,435.25,13,4400,1914800,2010-03-10 00:00:00,1
2010-03-12 00:00:00,2010-03-12 00:00:00,434.75,2010-03-12 00:00:00,425,431.5,2,600,258900,2010-03-12 00:00:00,1
2010-03-15 00:00:00,2010-03-15 00:00:00,439.75,2010-03-15 00:00:00,405,430,11,2000,867750,2010-03-15 00:00:00,1
2010-03-18 00:00:00,2010-03-18 00:00:00,427.75,2010-03-18 00:00:00,408.25,418,2,200,83600,2010-03-18 00:00:00,1
2010-03-19 00:00:00,2010-03-19 00:00:00,419.5,2010-03-19 00:00:00,411,415.25,2,200,83050,2010-03-19 00:00:00,1
2010-03-22 00:00:00,2010-03-22 00:00:00,428.5,2010-03-22 00:00:00,400,428,9,3100,1281825,2010-03-22 00:00:00,1
2010-03-24 00:00:00,2010-03-24 00:00:00,438,2010-03-24 00:00:00,403.75,420,21,113900,49497475,2010-03-24 00:00:00,1
2010-03-26 00:00:00,2010-03-26 00:00:00,419.75,2010-03-26 00:00:00,405,417.25,2,600,250375,2010-03-26 00:00:00,1
2010-03-30 00:00:00,2010-03-30 00:00:00,425,2010-03-30 00:00:00,417,424.75,16,17000,7222350,2010-03-30 00:00:00,1
2010-04-05 00:00:00,2010-04-05 00:00:00,422.5,2010-04-05 00:00:00,410,413.25,2,1200,495750,2010-04-05 00:00:00,1
2010-04-06 00:00:00,2010-04-06 00:00:00,423,2010-04-06 00:00:00,420,422.75,5,700,295700,2010-04-06 00:00:00,1
2010-04-07 00:00:00,2010-04-07 00:00:00,435,2010-04-07 00:00:00,419.5,423.5,10,4500,1897175,2010-04-07 00:00:00,1
2010-04-08 00:00:00,2010-04-08 00:00:00,403,2010-04-08 00:00:00,401,401.5,10,2500,1003825,2010-04-08 00:00:00,1
2010-04-15 00:00:00,2010-04-15 00:00:00,424.75,2010-04-15 00:00:00,402.25,419.25,16,10000,4072000,2010-04-15 00:00:00,1
2010-04-16 00:00:00,2010-04-16 00:00:00,413.75,2010-04-16 00:00:00,404,405.75,22,11200,4529450,2010-04-16 00:00:00,1
2010-04-19 00:00:00,2010-04-19 00:00:00,420,2010-04-19 00:00:00,415,415,2,400,166500,2010-04-19 00:00:00,1
2010-04-20 00:00:00,2010-04-20 00:00:00,410,2010-04-20 00:00:00,405.5,405.5,25,8400,3407100,2010-04-20 00:00:00,1
2010-04-21 00:00:00,2010-04-21 00:00:00,414,2010-04-21 00:00:00,405,407.5,7,800,325825,2010-04-21 00:00:00,1
2010-04-22 00:00:00,2010-04-22 00:00:00,413,2010-04-22 00:00:00,403,412,4,2100,863300,2010-04-22 00:00:00,1
2010-04-23 00:00:00,2010-04-23 00:00:00,414.75,2010-04-23 00:00:00,410,414.75,2,400,164950,2010-04-23 00:00:00,1
2010-04-26 00:00:00,2010-04-26 00:00:00,425,2010-04-26 00:00:00,419,423,5,1700,718900,2010-04-26 00:00:00,1
2010-04-27 00:00:00,2010-04-27 00:00:00,425,2010-04-27 00:00:00,417,424,40,21900,9268950,2010-04-27 00:00:00,1
2010-04-29 00:00:00,2010-04-29 00:00:00,425,2010-04-29 00:00:00,425,425,2,600,255000,2010-04-29 00:00:00,1
2010-04-30 00:00:00,2010-04-30 00:00:00,425,2010-04-30 00:00:00,425,425,3,1000,425000,2010-04-30 00:00:00,1
2010-05-03 00:00:00,2010-05-03 00:00:00,425,2010-05-03 00:00:00,424,425,23,18600,7904875,2010-05-03 00:00:00,1
2010-05-05 00:00:00,2010-05-05 00:00:00,423,2010-05-05 00:00:00,410,414,17,8800,3648975,2010-05-05 00:00:00,1
2010-05-07 00:00:00,2010-05-07 00:00:00,421,2010-05-07 00:00:00,400,410,45,21500,8803625,2010-05-07 00:00:00,1
2010-05-10 00:00:00,2010-05-10 00:00:00,424,2010-05-10 00:00:00,420,420,4,1200,504400,2010-05-10 00:00:00,1
2010-05-11 00:00:00,2010-05-11 00:00:00,418.75,2010-05-11 00:00:00,402,418,4,2300,945250,2010-05-11 00:00:00,1
2010-05-13 00:00:00,2010-05-13 00:00:00,417.75,2010-05-13 00:00:00,402.25,403.75,4,1100,444150,2010-05-13 00:00:00,1
2010-05-14 00:00:00,2010-05-14 00:00:00,418,2010-05-14 00:00:00,417,417.75,3,1400,584800,2010-05-14 00:00:00,1
2010-05-17 00:00:00,2010-05-17 00:00:00,417,2010-05-17 00:00:00,417,417,2,1000,417000,2010-05-17 00:00:00,1
2010-05-18 00:00:00,2010-05-18 00:00:00,417,2010-05-18 00:00:00,417,417,2,300,125100,2010-05-18 00:00:00,1
2010-05-19 00:00:00,2010-05-19 00:00:00,420,2010-05-19 00:00:00,417,417.5,10,4700,1962000,2010-05-19 00:00:00,1
2010-05-20 00:00:00,2010-05-20 00:00:00,417,2010-05-20 00:00:00,414,416.25,4,2800,1163400,2010-05-20 00:00:00,1
2010-05-21 00:00:00,2010-05-21 00:00:00,414.75,2010-05-21 00:00:00,410,410.5,8,6700,2750325,2010-05-21 00:00:00,1
2010-05-24 00:00:00,2010-05-24 00:00:00,410.5,2010-05-24 00:00:00,410,410.5,4,600,246250,2010-05-24 00:00:00,1
2010-05-25 00:00:00,2010-05-25 00:00:00,410,2010-05-25 00:00:00,409,409.5,2,200,81900,2010-05-25 00:00:00,1
2010-05-26 00:00:00,2010-05-26 00:00:00,440,2010-05-26 00:00:00,415,433.75,53,48800,21096500,2010-05-26 00:00:00,1
2010-05-31 00:00:00,2010-05-31 00:00:00,450,2010-05-31 00:00:00,435,445.75,45,14400,6417350,2010-05-31 00:00:00,1
2010-06-01 00:00:00,2010-06-01 00:00:00,585,2010-06-01 00:00:00,476,550.75,335,168300,89850700,2010-06-01 00:00:00,1
2010-06-02 00:00:00,2010-06-02 00:00:00,650,2010-06-02 00:00:00,580,605.75,172,107600,68210800,2010-06-02 00:00:00,1
2010-06-03 00:00:00,2010-06-03 00:00:00,645,2010-06-03 00:00:00,520,606.5,61,18800,11642350,2010-06-03 00:00:00,1
2010-06-04 00:00:00,2010-06-04 00:00:00,642.75,2010-06-04 00:00:00,615,636.25,72,333800,212922725,2010-06-04 00:00:00,1
2010-06-07 00:00:00,2010-06-07 00:00:00,640,2010-06-07 00:00:00,610,610,15,3500,2199225,2010-06-07 00:00:00,1
2010-06-08 00:00:00,2010-06-08 00:00:00,630,2010-06-08 00:00:00,600,618.75,20,6600,4071900,2010-06-08 00:00:00,1
2010-06-09 00:00:00,2010-06-09 00:00:00,625,2010-06-09 00:00:00,602.25,624.75,7,3200,1997525,2010-06-09 00:00:00,1
2010-06-10 00:00:00,2010-06-10 00:00:00,620,2010-06-10 00:00:00,601,613.5,13,10000,6137725,2010-06-10 00:00:00,1
2010-06-11 00:00:00,2010-06-11 00:00:00,625,2010-06-11 00:00:00,625,625,3,1500,937500,2010-06-11 00:00:00,1
2010-06-14 00:00:00,2010-06-14 00:00:00,620,2010-06-14 00:00:00,620,620,5,3500,2170000,2010-06-14 00:00:00,1
2010-06-15 00:00:00,2010-06-15 00:00:00,620,2010-06-15 00:00:00,620,620,7,2300,1426000,2010-06-15 00:00:00,1
2010-06-16 00:00:00,2010-06-16 00:00:00,620,2010-06-16 00:00:00,620,620,6,1100,682000,2010-06-16 00:00:00,1
2010-06-17 00:00:00,2010-06-17 00:00:00,618,2010-06-17 00:00:00,618,618,1,100,61800,2010-06-17 00:00:00,1
2010-06-21 00:00:00,2010-06-21 00:00:00,620,2010-06-21 00:00:00,618.75,619.75,16,4900,3034750,2010-06-21 00:00:00,1
2010-06-22 00:00:00,2010-06-22 00:00:00,625,2010-06-22 00:00:00,620,624.25,16,5800,3621400,2010-06-22 00:00:00,1
2010-06-23 00:00:00,2010-06-23 00:00:00,625,2010-06-23 00:00:00,620,620.25,9,2600,1612500,2010-06-23 00:00:00,1
2010-06-24 00:00:00,2010-06-24 00:00:00,630,2010-06-24 00:00:00,625,625,4,700,439000,2010-06-24 00:00:00,1
2010-06-28 00:00:00,2010-06-28 00:00:00,630,2010-06-28 00:00:00,620,620.5,4,1100,684500,2010-06-28 00:00:00,1
2010-06-29 00:00:00,2010-06-29 00:00:00,621,2010-06-29 00:00:00,620,621,7,1800,1116325,2010-06-29 00:00:00,1
2010-06-30 00:00:00,2010-06-30 00:00:00,620,2010-06-30 00:00:00,620,620,5,900,558000,2010-06-30 00:00:00,1
2010-07-01 00:00:00,2010-07-01 00:00:00,630,2010-07-01 00:00:00,620,626.5,7,21800,13620500,2010-07-01 00:00:00,1
2010-07-02 00:00:00,2010-07-02 00:00:00,650,2010-07-02 00:00:00,620.25,650,33,15200,9741025,2010-07-02 00:00:00,1
2010-07-05 00:00:00,2010-07-05 00:00:00,699,2010-07-05 00:00:00,688,695.75,20,4500,3112200,2010-07-05 00:00:00,1
2010-07-06 00:00:00,2010-07-06 00:00:00,720,2010-07-06 00:00:00,675,701.25,28,10700,7510625,2010-07-06 00:00:00,1
2010-07-07 00:00:00,2010-07-07 00:00:00,725,2010-07-07 00:00:00,700,717.5,20,5200,3703500,2010-07-07 00:00:00,1
2010-07-08 00:00:00,2010-07-08 00:00:00,740,2010-07-08 00:00:00,725,725,12,1800,1307000,2010-07-08 00:00:00,1
2010-07-09 00:00:00,2010-07-09 00:00:00,725,2010-07-09 00:00:00,706,719.75,8,5800,4173100,2010-07-09 00:00:00,1
2010-07-12 00:00:00,2010-07-12 00:00:00,724,2010-07-12 00:00:00,710,711.5,33,21100,14997000,2010-07-12 00:00:00,1
2010-07-13 00:00:00,2010-07-13 00:00:00,720,2010-07-13 00:00:00,720,720,15,11000,7920000,2010-07-13 00:00:00,1
2010-07-14 00:00:00,2010-07-14 00:00:00,740,2010-07-14 00:00:00,720,730.75,21,12800,9293950,2010-07-14 00:00:00,1
2010-07-15 00:00:00,2010-07-15 00:00:00,800,2010-07-15 00:00:00,746,799.75,68,52200,40479700,2010-07-15 00:00:00,1
2010-07-16 00:00:00,2010-07-16 00:00:00,822,2010-07-16 00:00:00,801.5,806,18,6300,5082725,2010-07-16 00:00:00,1
2010-07-19 00:00:00,2010-07-19 00:00:00,827.25,2010-07-19 00:00:00,824,824.5,28,14500,11962975,2010-07-19 00:00:00,1
2010-07-20 00:00:00,2010-07-20 00:00:00,900,2010-07-20 00:00:00,824.75,890,29,7400,6458900,2010-07-20 00:00:00,1
2010-07-21 00:00:00,2010-07-21 00:00:00,890,2010-07-21 00:00:00,880,890,23,10300,9161000,2010-07-21 00:00:00,1
2010-07-22 00:00:00,2010-07-22 00:00:00,890,2010-07-22 00:00:00,872,875,9,1400,1239825,2010-07-22 00:00:00,1
2010-07-23 00:00:00,2010-07-23 00:00:00,875,2010-07-23 00:00:00,860,873.5,7,1100,955425,2010-07-23 00:00:00,1
2010-07-26 00:00:00,2010-07-26 00:00:00,870,2010-07-26 00:00:00,850,852.75,7,1300,1112800,2010-07-26 00:00:00,1
2010-07-27 00:00:00,2010-07-27 00:00:00,860,2010-07-27 00:00:00,850,850,16,5700,4846275,2010-07-27 00:00:00,1
2010-07-28 00:00:00,2010-07-28 00:00:00,850,2010-07-28 00:00:00,828,848,16,10300,8684300,2010-07-28 00:00:00,1
2010-07-29 00:00:00,2010-07-29 00:00:00,860,2010-07-29 00:00:00,845,845,7,3400,2922000,2010-07-29 00:00:00,1
2010-07-30 00:00:00,2010-07-30 00:00:00,850,2010-07-30 00:00:00,820,822.5,9,4500,3704000,2010-07-30 00:00:00,1
2010-08-02 00:00:00,2010-08-02 00:00:00,899,2010-08-02 00:00:00,850,889.5,8,1800,1577400,2010-08-02 00:00:00,1
2010-08-03 00:00:00,2010-08-03 00:00:00,900,2010-08-03 00:00:00,870,873.1,12,3700,3291890,2010-08-03 00:00:00,1
2010-08-04 00:00:00,2010-08-04 00:00:00,870,2010-08-04 00:00:00,870,870,5,1200,1044000,2010-08-04 00:00:00,1
2010-08-06 00:00:00,2010-08-06 00:00:00,850,2010-08-06 00:00:00,849,849.8,14,3000,2549600,2010-08-06 00:00:00,1
2010-08-09 00:00:00,2010-08-09 00:00:00,900,2010-08-09 00:00:00,800,819.4,15,1900,1578590,2010-08-09 00:00:00,1
2010-08-10 00:00:00,2010-08-10 00:00:00,870,2010-08-10 00:00:00,825,870,10,2600,2241490,2010-08-10 00:00:00,1
2010-08-11 00:00:00,2010-08-11 00:00:00,850,2010-08-11 00:00:00,850,850,5,900,765000,2010-08-11 00:00:00,1
2010-08-12 00:00:00,2010-08-12 00:00:00,855,2010-08-12 00:00:00,850,855,3,300,256000,2010-08-12 00:00:00,1
2010-08-13 00:00:00,2010-08-13 00:00:00,890,2010-08-13 00:00:00,850,878.4,16,6700,5814100,2010-08-13 00:00:00,1
2010-08-16 00:00:00,2010-08-16 00:00:00,899.9,2010-08-16 00:00:00,850,850.4,11,4700,4077090,2010-08-16 00:00:00,1
2010-08-17 00:00:00,2010-08-17 00:00:00,875,2010-08-17 00:00:00,850,850,13,6800,5786800,2010-08-17 00:00:00,1
2010-08-18 00:00:00,2010-08-18 00:00:00,890,2010-08-18 00:00:00,850,850,13,5400,4674000,2010-08-18 00:00:00,1
2010-08-19 00:00:00,2010-08-19 00:00:00,875,2010-08-19 00:00:00,850,850,5,1300,1107500,2010-08-19 00:00:00,1
2010-08-20 00:00:00,2010-08-20 00:00:00,900,2010-08-20 00:00:00,875,881.7,6,700,622500,2010-08-20 00:00:00,1
2010-08-23 00:00:00,2010-08-23 00:00:00,875,2010-08-23 00:00:00,860,870.6,12,2600,2248810,2010-08-23 00:00:00,1
2010-08-25 00:00:00,2010-08-25 00:00:00,874,2010-08-25 00:00:00,850,855.4,19,3200,2770000,2010-08-25 00:00:00,1
2010-08-26 00:00:00,2010-08-26 00:00:00,850,2010-08-26 00:00:00,835,835.9,13,3900,3271500,2010-08-26 00:00:00,1
2010-08-27 00:00:00,2010-08-27 00:00:00,898.9,2010-08-27 00:00:00,850,884.9,41,8600,7531360,2010-08-27 00:00:00,1
2010-08-30 00:00:00,2010-08-30 00:00:00,900,2010-08-30 00:00:00,861,880,17,7600,6703530,2010-08-30 00:00:00,1
2010-08-31 00:00:00,2010-08-31 00:00:00,899,2010-08-31 00:00:00,884,890,77,26000,23171890,2010-08-31 00:00:00,1
2010-09-01 00:00:00,2010-09-01 00:00:00,890,2010-09-01 00:00:00,830,887,17,3700,3282450,2010-09-01 00:00:00,1
2010-09-02 00:00:00,2010-09-02 00:00:00,890,2010-09-02 00:00:00,880,882.5,19,8200,7274000,2010-09-02 00:00:00,1
2010-09-03 00:00:00,2010-09-03 00:00:00,890,2010-09-03 00:00:00,880,880,8,2400,2117000,2010-09-03 00:00:00,1
2010-09-06 00:00:00,2010-09-06 00:00:00,895,2010-09-06 00:00:00,890,890,3,1300,1162500,2010-09-06 00:00:00,1
2010-09-07 00:00:00,2010-09-07 00:00:00,899,2010-09-07 00:00:00,860,899,4,400,351800,2010-09-07 00:00:00,1
2010-09-08 00:00:00,2010-09-08 00:00:00,900,2010-09-08 00:00:00,900,900,1,100,90000,2010-09-08 00:00:00,1
2010-09-09 00:00:00,2010-09-09 00:00:00,900,2010-09-09 00:00:00,860,863.3,9,2300,2044000,2010-09-09 00:00:00,1
2010-09-13 00:00:00,2010-09-13 00:00:00,864,2010-09-13 00:00:00,840,842.9,21,3600,3052680,2010-09-13 00:00:00,1
2010-09-14 00:00:00,2010-09-14 00:00:00,840,2010-09-14 00:00:00,835,835,12,4300,3591060,2010-09-14 00:00:00,1
2010-09-15 00:00:00,2010-09-15 00:00:00,850,2010-09-15 00:00:00,835,841,19,7100,5963050,2010-09-15 00:00:00,1
2010-09-16 00:00:00,2010-09-16 00:00:00,840,2010-09-16 00:00:00,837.5,838.6,28,21000,17631430,2010-09-16 00:00:00,1
2010-09-17 00:00:00,2010-09-17 00:00:00,860,2010-09-17 00:00:00,830,845.7,25,8900,7403950,2010-09-17 00:00:00,1
2010-09-20 00:00:00,2010-09-20 00:00:00,852,2010-09-20 00:00:00,830,851.6,7,2500,2095300,2010-09-20 00:00:00,1
2010-09-21 00:00:00,2010-09-21 00:00:00,880,2010-09-21 00:00:00,850,851.3,57,14300,12360000,2010-09-21 00:00:00,1
2010-09-23 00:00:00,2010-09-23 00:00:00,899.8,2010-09-23 00:00:00,850.2,889.9,33,10500,9329080,2010-09-23 00:00:00,1
2010-09-24 00:00:00,2010-09-24 00:00:00,890,2010-09-24 00:00:00,880,880,12,2400,2126000,2010-09-24 00:00:00,1
2010-09-27 00:00:00,2010-09-27 00:00:00,850.1,2010-09-27 00:00:00,850,850.1,23,4700,3995390,2010-09-27 00:00:00,1
2010-09-28 00:00:00,2010-09-28 00:00:00,894,2010-09-28 00:00:00,835,893.9,10,5600,4959100,2010-09-28 00:00:00,1
2010-09-29 00:00:00,2010-09-29 00:00:00,890,2010-09-29 00:00:00,890,890,6,1800,1602000,2010-09-29 00:00:00,1
2010-09-30 00:00:00,2010-09-30 00:00:00,900,2010-09-30 00:00:00,889.5,892.5,9,3300,2938250,2010-09-30 00:00:00,1
2010-10-01 00:00:00,2010-10-01 00:00:00,900,2010-10-01 00:00:00,895,900,32,36100,32487750,2010-10-01 00:00:00,1
2010-10-04 00:00:00,2010-10-04 00:00:00,900,2010-10-04 00:00:00,890,897.8,7,5700,5127540,2010-10-04 00:00:00,1
2010-10-05 00:00:00,2010-10-05 00:00:00,890,2010-10-05 00:00:00,889.9,889.9,2,2700,2402800,2010-10-05 00:00:00,1
2010-10-06 00:00:00,2010-10-06 00:00:00,885,2010-10-06 00:00:00,850.1,884.5,20,21200,18726380,2010-10-06 00:00:00,1
2010-10-07 00:00:00,2010-10-07 00:00:00,900,2010-10-07 00:00:00,875,895,11,2700,2406000,2010-10-07 00:00:00,1
2010-10-08 00:00:00,2010-10-08 00:00:00,930,2010-10-08 00:00:00,846,911.2,20,5000,4443100,2010-10-08 00:00:00,1
2010-10-11 00:00:00,2010-10-11 00:00:00,959,2010-10-11 00:00:00,920,948.2,27,506600,461740800,2010-10-11 00:00:00,1
2010-10-12 00:00:00,2010-10-12 00:00:00,940,2010-10-12 00:00:00,900,907.6,39,13900,12841740,2010-10-12 00:00:00,1
2010-10-13 00:00:00,2010-10-13 00:00:00,930,2010-10-13 00:00:00,850,922.5,49,20900,18847900,2010-10-13 00:00:00,1
2010-10-14 00:00:00,2010-10-14 00:00:00,970,2010-10-14 00:00:00,915.1,915.1,12,8000,7520610,2010-10-14 00:00:00,1
2010-10-15 00:00:00,2010-10-15 00:00:00,939.9,2010-10-15 00:00:00,920,920,25,163800,149428690,2010-10-15 00:00:00,1
2010-10-18 00:00:00,2010-10-18 00:00:00,930.1,2010-10-18 00:00:00,929,929.6,53,43900,40822630,2010-10-18 00:00:00,1
2010-10-19 00:00:00,2010-10-19 00:00:00,990,2010-10-19 00:00:00,926,979.3,41,26400,25617980,2010-10-19 00:00:00,1
2010-10-20 00:00:00,2010-10-20 00:00:00,970,2010-10-20 00:00:00,958,959.8,23,8000,7732600,2010-10-20 00:00:00,1
2010-10-21 00:00:00,2010-10-21 00:00:00,985,2010-10-21 00:00:00,960,970.6,21,22500,21830500,2010-10-21 00:00:00,1
2010-10-25 00:00:00,2010-10-25 00:00:00,1025,2010-10-25 00:00:00,990,1025,111,122300,122493770,2010-10-25 00:00:00,1
2010-10-26 00:00:00,2010-10-26 00:00:00,1180,2010-10-26 00:00:00,1025,1116.4,175,58900,64401550,2010-10-26 00:00:00,1
2010-10-27 00:00:00,2010-10-27 00:00:00,1175,2010-10-27 00:00:00,1000,1079.8,41,7100,7876320,2010-10-27 00:00:00,1
2010-10-28 00:00:00,2010-10-28 00:00:00,1070,2010-10-28 00:00:00,1025,1025,8,1000,1045000,2010-10-28 00:00:00,1
2010-10-29 00:00:00,2010-10-29 00:00:00,1100,2010-10-29 00:00:00,1000.2,1007.6,34,15000,15349290,2010-10-29 00:00:00,1
2010-11-01 00:00:00,2010-11-01 00:00:00,1100,2010-11-01 00:00:00,1050,1065,27,10700,11703320,2010-11-01 00:00:00,1
2010-11-02 00:00:00,2010-11-02 00:00:00,1098,2010-11-02 00:00:00,1050,1096,18,3000,3272480,2010-11-02 00:00:00,1
2010-11-03 00:00:00,2010-11-03 00:00:00,1089.9,2010-11-03 00:00:00,1025.6,1073.3,8,900,957080,2010-11-03 00:00:00,1
2010-11-04 00:00:00,2010-11-04 00:00:00,1079.8,2010-11-04 00:00:00,1020,1031.5,6,600,627930,2010-11-04 00:00:00,1
2010-11-08 00:00:00,2010-11-08 00:00:00,1040,2010-11-08 00:00:00,1039.5,1039.9,6,1100,1143950,2010-11-08 00:00:00,1
2010-11-09 00:00:00,2010-11-09 00:00:00,1049.9,2010-11-09 00:00:00,1020,1020,7,1300,1338460,2010-11-09 00:00:00,1
2010-11-10 00:00:00,2010-11-10 00:00:00,1020,2010-11-10 00:00:00,950,964.5,9,3100,3000030,2010-11-10 00:00:00,1
2010-11-11 00:00:00,2010-11-11 00:00:00,1029,2010-11-11 00:00:00,965,1003.5,7,1900,1898900,2010-11-11 00:00:00,1
2010-11-12 00:00:00,2010-11-12 00:00:00,1048,2010-11-12 00:00:00,1000,1003,16,7400,7429320,2010-11-12 00:00:00,1
2010-11-15 00:00:00,2010-11-15 00:00:00,1040,2010-11-15 00:00:00,1000,1000,22,6500,6550610,2010-11-15 00:00:00,1
2010-11-16 00:00:00,2010-11-16 00:00:00,1030,2010-11-16 00:00:00,990,999.2,32,24300,24299840,2010-11-16 00:00:00,1
2010-11-18 00:00:00,2010-11-18 00:00:00,1035,2010-11-18 00:00:00,1000,1031.9,39,6700,6779790,2010-11-18 00:00:00,1
2010-11-22 00:00:00,2010-11-22 00:00:00,1010,2010-11-22 00:00:00,985,998.4,35,23400,23393100,2010-11-22 00:00:00,1
2010-11-23 00:00:00,2010-11-23 00:00:00,1025,2010-11-23 00:00:00,999,1000,42,31300,31310300,2010-11-23 00:00:00,1
2010-11-24 00:00:00,2010-11-24 00:00:00,1000,2010-11-24 00:00:00,1000,1000,18,20700,20700000,2010-11-24 00:00:00,1
2010-11-25 00:00:00,2010-11-25 00:00:00,1000,2010-11-25 00:00:00,1000,1000,8,2400,2400000,2010-11-25 00:00:00,1
2010-11-26 00:00:00,2010-11-26 00:00:00,1000,2010-11-26 00:00:00,1000,1000,1,100,100000,2010-11-26 00:00:00,1
2010-11-29 00:00:00,2010-11-29 00:00:00,985,2010-11-29 00:00:00,920.2,950,5,600,574020,2010-11-29 00:00:00,1
2010-11-30 00:00:00,2010-11-30 00:00:00,1010,2010-11-30 00:00:00,980,995,27,15900,15789400,2010-11-30 00:00:00,1
2010-12-01 00:00:00,2010-12-01 00:00:00,1009.9,2010-12-01 00:00:00,999.9,1000.1,31,9600,9606370,2010-12-01 00:00:00,1
2010-12-02 00:00:00,2010-12-02 00:00:00,1010,2010-12-02 00:00:00,1000,1000,16,5500,5501000,2010-12-02 00:00:00,1
2010-12-03 00:00:00,2010-12-03 00:00:00,1010,2010-12-03 00:00:00,1000,1000,20,18100,18101000,2010-12-03 00:00:00,1
2010-12-06 00:00:00,2010-12-06 00:00:00,1000,2010-12-06 00:00:00,1000,1000,1,100,100000,2010-12-06 00:00:00,1
2010-12-08 00:00:00,2010-12-08 00:00:00,980,2010-12-08 00:00:00,980,980,1,100,98000,2010-12-08 00:00:00,1
2010-12-09 00:00:00,2010-12-09 00:00:00,986,2010-12-09 00:00:00,985,985,5,500,492600,2010-12-09 00:00:00,1
2010-12-10 00:00:00,2010-12-10 00:00:00,975,2010-12-10 00:00:00,975,975,1,100,97500,2010-12-10 00:00:00,1
2010-12-13 00:00:00,2010-12-13 00:00:00,975,2010-12-13 00:00:00,951.1,975,24,13900,13495650,2010-12-13 00:00:00,1
2010-12-14 00:00:00,2010-12-14 00:00:00,975.1,2010-12-14 00:00:00,975,975,21,59300,57817600,2010-12-14 00:00:00,1
2010-12-15 00:00:00,2010-12-15 00:00:00,975,2010-12-15 00:00:00,975,975,2,200,195000,2010-12-15 00:00:00,1
2010-12-16 00:00:00,2010-12-16 00:00:00,960,2010-12-16 00:00:00,945,947.4,14,2000,1902180,2010-12-16 00:00:00,1
2010-12-17 00:00:00,2010-12-17 00:00:00,975,2010-12-17 00:00:00,974,974.8,2,400,389900,2010-12-17 00:00:00,1
2010-12-21 00:00:00,2010-12-21 00:00:00,974.8,2010-12-21 00:00:00,950,950,3,700,677400,2010-12-21 00:00:00,1
2010-12-22 00:00:00,2010-12-22 00:00:00,975,2010-12-22 00:00:00,945,970.5,10,2300,2202000,2010-12-22 00:00:00,1
2010-12-23 00:00:00,2010-12-23 00:00:00,975,2010-12-23 00:00:00,950,955,12,2000,1918720,2010-12-23 00:00:00,1
2010-12-24 00:00:00,2010-12-24 00:00:00,974.9,2010-12-24 00:00:00,974.9,974.9,4,10000,9749000,2010-12-24 00:00:00,1
2010-12-27 00:00:00,2010-12-27 00:00:00,975,2010-12-27 00:00:00,955,959,12,2900,2811490,2010-12-27 00:00:00,1
2010-12-28 00:00:00,2010-12-28 00:00:00,975,2010-12-28 00:00:00,975,975,4,700,682500,2010-12-28 00:00:00,1
2010-12-29 00:00:00,2010-12-29 00:00:00,965.5,2010-12-29 00:00:00,965,965.3,2,200,193050,2010-12-29 00:00:00,1
2010-12-30 00:00:00,2010-12-30 00:00:00,960,2010-12-30 00:00:00,955,955,13,1800,1719520,2010-12-30 00:00:00,1
2010-12-31 00:00:00,2010-12-31 00:00:00,980,2010-12-31 00:00:00,965,973.5,8,2600,2529500,2010-12-31 00:00:00,1
Company Id :  DIPD,,Security Type :  N,,Sub Type :  0000,,,,,,
Short Name :  DIPPED PRODUCTS,,,,,,,,,,
Day,Date High,High,Date Low,Low,Closing,No. of Trades,No. of Shares,Turnover,Last Traded,Days Traded
2010-01-04 00:00:00,2010-01-04 00:00:00,91.25,2010-01-04 00:00:00,91.25,91.25,1,200,18250,2010-01-04 00:00:00,1
2010-01-05 00:00:00,2010-01-05 00:00:00,89,2010-01-05 00:00:00,88,88,11,3500,311200,2010-01-05 00:00:00,1
2010-01-06 00:00:00,2010-01-06 00:00:00,89,2010-01-06 00:00:00,88,88.25,13,4800,423400,2010-01-06 00:00:00,1
2010-01-07 00:00:00,2010-01-07 00:00:00,89,2010-01-07 00:00:00,88,89,5,2000,177900,2010-01-07 00:00:00,1
2010-01-08 00:00:00,2010-01-08 00:00:00,90,2010-01-08 00:00:00,89,89,6,2400,213825,2010-01-08 00:00:00,1
2010-01-11 00:00:00,2010-01-11 00:00:00,91,2010-01-11 00:00:00,89.75,90.5,28,13800,1247675,2010-01-11 00:00:00,1
2010-01-12 00:00:00,2010-01-12 00:00:00,90,2010-01-12 00:00:00,88.25,88.25,5,2000,179125,2010-01-12 00:00:00,1
2010-01-13 00:00:00,2010-01-13 00:00:00,90,2010-01-13 00:00:00,89,90,20,15600,1403600,2010-01-13 00:00:00,1
2010-01-15 00:00:00,2010-01-15 00:00:00,97,2010-01-15 00:00:00,90,91.25,110,105500,9749575,2010-01-15 00:00:00,1
2010-01-18 00:00:00,2010-01-18 00:00:00,93,2010-01-18 00:00:00,89,89.75,28,16300,1467275,2010-01-18 00:00:00,1
2010-01-19 00:00:00,2010-01-19 00:00:00,92,2010-01-19 00:00:00,88.25,89.5,25,10700,962900,2010-01-19 00:00:00,1
2010-01-20 00:00:00,2010-01-20 00:00:00,90,2010-01-20 00:00:00,89.5,90,16,12500,1124750,2010-01-20 00:00:00,1
2010-01-21 00:00:00,2010-01-21 00:00:00,90,2010-01-21 00:00:00,88.5,88.5,13,2800,249100,2010-01-21 00:00:00,1
2010-01-22 00:00:00,2010-01-22 00:00:00,90.75,2010-01-22 00:00:00,88.5,89.5,10,4300,385925,2010-01-22 00:00:00,1
2010-01-25 00:00:00,2010-01-25 00:00:00,89.75,2010-01-25 00:00:00,88.75,89.75,7,4200,375050,2010-01-25 00:00:00,1
2010-01-28 00:00:00,2010-01-28 00:00:00,90,2010-01-28 00:00:00,88,88.5,15,6300,562200,2010-01-28 00:00:00,1
2010-02-01 00:00:00,2010-02-01 00:00:00,91,2010-02-01 00:00:00,87.25,89.5,28,27900,2489475,2010-02-01 00:00:00,1
2010-02-02 00:00:00,2010-02-02 00:00:00,109.75,2010-02-02 00:00:00,93,105.5,468,371400,37741200,2010-02-02 00:00:00,1
2010-02-03 00:00:00,2010-02-03 00:00:00,115,2010-02-03 00:00:00,107,109.75,349,404800,44699900,2010-02-03 00:00:00,1
2010-02-05 00:00:00,2010-02-05 00:00:00,110,2010-02-05 00:00:00,105,105.5,36,15100,1624575,2010-02-05 00:00:00,1
2010-02-08 00:00:00,2010-02-08 00:00:00,107.5,2010-02-08 00:00:00,104.5,107,31,13200,1406475,2010-02-08 00:00:00,1
2010-02-09 00:00:00,2010-02-09 00:00:00,106,2010-02-09 00:00:00,102,103,37,20800,2183525,2010-02-09 00:00:00,1
2010-02-10 00:00:00,2010-02-10 00:00:00,104.75,2010-02-10 00:00:00,102.5,103.25,19,9800,1011650,2010-02-10 00:00:00,1
2010-02-11 00:00:00,2010-02-11 00:00:00,102,2010-02-11 00:00:00,101,101,23,28700,2921100,2010-02-11 00:00:00,1
2010-02-12 00:00:00,2010-02-12 00:00:00,102.75,2010-02-12 00:00:00,100,100.25,26,23800,2383950,2010-02-12 00:00:00,1
2010-02-15 00:00:00,2010-02-15 00:00:00,109.75,2010-02-15 00:00:00,103,106.5,5,800,85175,2010-02-15 00:00:00,1
2010-02-16 00:00:00,2010-02-16 00:00:00,102.25,2010-02-16 00:00:00,101,101,11,3900,395375,2010-02-16 00:00:00,1
2010-02-17 00:00:00,2010-02-17 00:00:00,104,2010-02-17 00:00:00,100.5,101,13,6600,668600,2010-02-17 00:00:00,1
2010-02-18 00:00:00,2010-02-18 00:00:00,104,2010-02-18 00:00:00,100.75,103.25,16,5500,568675,2010-02-18 00:00:00,1
2010-02-19 00:00:00,2010-02-19 00:00:00,103.5,2010-02-19 00:00:00,100,102,23,33700,3394250,2010-02-19 00:00:00,1
2010-02-22 00:00:00,2010-02-22 00:00:00,102.25,2010-02-22 00:00:00,102,102.25,8,5100,521225,2010-02-22 00:00:00,1
2010-02-23 00:00:00,2010-02-23 00:00:00,102.75,2010-02-23 00:00:00,102.5,102.5,7,3800,389625,2010-02-23 00:00:00,1
2010-02-24 00:00:00,2010-02-24 00:00:00,103.25,2010-02-24 00:00:00,102.75,102.75,8,7900,812650,2010-02-24 00:00:00,1
2010-02-25 00:00:00,2010-02-25 00:00:00,106,2010-02-25 00:00:00,102.5,105.5,39,36900,3804350,2010-02-25 00:00:00,1
2010-02-26 00:00:00,2010-02-26 00:00:00,105.5,2010-02-26 00:00:00,104.5,105,8,7200,755500,2010-02-26 00:00:00,1
2010-03-01 00:00:00,2010-03-01 00:00:00,106.75,2010-03-01 00:00:00,104.75,105,15,8100,855150,2010-03-01 00:00:00,1
2010-03-02 00:00:00,2010-03-02 00:00:00,106.5,2010-03-02 00:00:00,105,106,19,65200,6881925,2010-03-02 00:00:00,1
2010-03-03 00:00:00,2010-03-03 00:00:00,106.5,2010-03-03 00:00:00,105.25,105.25,18,84900,8959550,2010-03-03 00:00:00,1
2010-03-04 00:00:00,2010-03-04 00:00:00,106,2010-03-04 00:00:00,105,106,9,5800,611300,2010-03-04 00:00:00,1
2010-03-05 00:00:00,2010-03-05 00:00:00,105.25,2010-03-05 00:00:00,105,105.25,6,1500,157650,2010-03-05 00:00:00,1
2010-03-08 00:00:00,2010-03-08 00:00:00,105.5,2010-03-08 00:00:00,105.5,105.5,7,2600,274300,2010-03-08 00:00:00,1
2010-03-09 00:00:00,2010-03-09 00:00:00,105.5,2010-03-09 00:00:00,105,105.25,17,15500,1630575,2010-03-09 00:00:00,1
2010-03-10 00:00:00,2010-03-10 00:00:00,105,2010-03-10 00:00:00,102,104.75,6,3400,356700,2010-03-10 00:00:00,1
2010-03-11 00:00:00,2010-03-11 00:00:00,105,2010-03-11 00:00:00,104.75,105,9,8200,859375,2010-03-11 00:00:00,1
2010-03-12 00:00:00,2010-03-12 00:00:00,106,2010-03-12 00:00:00,105,105.5,13,5300,560550,2010-03-12 00:00:00,1
2010-03-15 00:00:00,2010-03-15 00:00:00,106.5,2010-03-15 00:00:00,105.5,106,2,200,21200,2010-03-15 00:00:00,1
2010-03-16 00:00:00,2010-03-16 00:00:00,105.5,2010-03-16 00:00:00,105.5,105.5,5,2000,211000,2010-03-16 00:00:00,1
2010-03-17 00:00:00,2010-03-17 00:00:00,106,2010-03-17 00:00:00,105,105.25,19,17900,1885200,2010-03-17 00:00:00,1
2010-03-18 00:00:00,2010-03-18 00:00:00,105,2010-03-18 00:00:00,105,105,7,2700,283500,2010-03-18 00:00:00,1
2010-03-19 00:00:00,2010-03-19 00:00:00,105,2010-03-19 00:00:00,105,105,10,8500,892500,2010-03-19 00:00:00,1
2010-03-22 00:00:00,2010-03-22 00:00:00,105,2010-03-22 00:00:00,105,105,3,800,84000,2010-03-22 00:00:00,1
2010-03-23 00:00:00,2010-03-23 00:00:00,105,2010-03-23 00:00:00,105,105,1,500,52500,2010-03-23 00:00:00,1
2010-03-24 00:00:00,2010-03-24 00:00:00,105,2010-03-24 00:00:00,104,104,23,21600,2266450,2010-03-24 00:00:00,1
2010-03-26 00:00:00,2010-03-26 00:00:00,104,2010-03-26 00:00:00,102,102.25,9,7100,726800,2010-03-26 00:00:00,1
2010-03-31 00:00:00,2010-03-31 00:00:00,103.75,2010-03-31 00:00:00,103.75,103.75,1,400,41500,2010-03-31 00:00:00,1
2010-04-01 00:00:00,2010-04-01 00:00:00,105,2010-04-01 00:00:00,103.75,104.5,5,5000,522450,2010-04-01 00:00:00,1
2010-04-06 00:00:00,2010-04-06 00:00:00,105,2010-04-06 00:00:00,104,105,8,17900,1877500,2010-04-06 00:00:00,1
2010-04-07 00:00:00,2010-04-07 00:00:00,108.5,2010-04-07 00:00:00,102.5,105,19,18300,1920875,2010-04-07 00:00:00,1
2010-04-08 00:00:00,2010-04-08 00:00:00,105,2010-04-08 00:00:00,105,105,4,2500,262500,2010-04-08 00:00:00,1
2010-04-12 00:00:00,2010-04-12 00:00:00,105,2010-04-12 00:00:00,105,105,1,100,10500,2010-04-12 00:00:00,1
2010-04-16 00:00:00,2010-04-16 00:00:00,105.25,2010-04-16 00:00:00,105,105,2,500,52550,2010-04-16 00:00:00,1
2010-04-19 00:00:00,2010-04-19 00:00:00,105,2010-04-19 00:00:00,105,105,6,4500,472500,2010-04-19 00:00:00,1
2010-04-20 00:00:00,2010-04-20 00:00:00,106,2010-04-20 00:00:00,105,105,21,22800,2394675,2010-04-20 00:00:00,1
2010-04-21 00:00:00,2010-04-21 00:00:00,105,2010-04-21 00:00:00,104,104.25,8,3600,375750,2010-04-21 00:00:00,1
2010-04-22 00:00:00,2010-04-22 00:00:00,108,2010-04-22 00:00:00,105,107,12,6000,641700,2010-04-22 00:00:00,1
2010-04-23 00:00:00,2010-04-23 00:00:00,110.5,2010-04-23 00:00:00,107.5,109.5,33,15100,1659325,2010-04-23 00:00:00,1
2010-04-26 00:00:00,2010-04-26 00:00:00,111,2010-04-26 00:00:00,109,110,13,4800,528000,2010-04-26 00:00:00,1
2010-04-27 00:00:00,2010-04-27 00:00:00,110,2010-04-27 00:00:00,109,109.5,5,2600,284700,2010-04-27 00:00:00,1
2010-04-29 00:00:00,2010-04-29 00:00:00,110,2010-04-29 00:00:00,109,109.25,16,13900,1521650,2010-04-29 00:00:00,1
2010-05-03 00:00:00,2010-05-03 00:00:00,114.5,2010-05-03 00:00:00,110,113.25,58,758000,84883775,2010-05-03 00:00:00,1
2010-05-04 00:00:00,2010-05-04 00:00:00,114.25,2010-05-04 00:00:00,112,112,11,11100,1248975,2010-05-04 00:00:00,1
2010-05-05 00:00:00,2010-05-05 00:00:00,112.25,2010-05-05 00:00:00,112,112,17,7900,885475,2010-05-05 00:00:00,1
2010-05-06 00:00:00,2010-05-06 00:00:00,125,2010-05-06 00:00:00,113,118.75,96,109300,12966925,2010-05-06 00:00:00,1
2010-05-07 00:00:00,2010-05-07 00:00:00,119,2010-05-07 00:00:00,115,115.75,10,5100,596850,2010-05-07 00:00:00,1
2010-05-10 00:00:00,2010-05-10 00:00:00,115,2010-05-10 00:00:00,114.5,114.75,10,10900,1252175,2010-05-10 00:00:00,1
2010-05-11 00:00:00,2010-05-11 00:00:00,115,2010-05-11 00:00:00,113,114.25,10,3400,387550,2010-05-11 00:00:00,1
2010-05-12 00:00:00,2010-05-12 00:00:00,118,2010-05-12 00:00:00,114,115,36,238244,27403110,2010-05-12 00:00:00,1
2010-05-13 00:00:00,2010-05-13 00:00:00,118,2010-05-13 00:00:00,115,115,21,10600,1233350,2010-05-13 00:00:00,1
2010-05-14 00:00:00,2010-05-14 00:00:00,117.25,2010-05-14 00:00:00,115.25,115.25,14,10800,1254050,2010-05-14 00:00:00,1
2010-05-17 00:00:00,2010-05-17 00:00:00,116,2010-05-17 00:00:00,115.5,116,10,4400,509675,2010-05-17 00:00:00,1
2010-05-18 00:00:00,2010-05-18 00:00:00,115,2010-05-18 00:00:00,114.5,114.75,5,3200,367425,2010-05-18 00:00:00,1
2010-05-19 00:00:00,2010-05-19 00:00:00,115.25,2010-05-19 00:00:00,115,115,8,2300,264750,2010-05-19 00:00:00,1
2010-05-20 00:00:00,2010-05-20 00:00:00,114.5,2010-05-20 00:00:00,114,114.5,2,600,68450,2010-05-20 00:00:00,1
2010-05-21 00:00:00,2010-05-21 00:00:00,114,2010-05-21 00:00:00,111,111.25,9,3600,400200,2010-05-21 00:00:00,1
2010-05-24 00:00:00,2010-05-24 00:00:00,112,2010-05-24 00:00:00,111.25,112,5,10900,1220725,2010-05-24 00:00:00,1
2010-05-25 00:00:00,2010-05-25 00:00:00,112,2010-05-25 00:00:00,112,112,1,500,56000,2010-05-25 00:00:00,1
2010-05-26 00:00:00,2010-05-26 00:00:00,114.75,2010-05-26 00:00:00,112,112,6,8200,918675,2010-05-26 00:00:00,1
2010-05-31 00:00:00,2010-05-31 00:00:00,114.5,2010-05-31 00:00:00,112,113.75,8,1600,182150,2010-05-31 00:00:00,1
2010-06-01 00:00:00,2010-06-01 00:00:00,114.5,2010-06-01 00:00:00,112,113.75,10,2700,307100,2010-06-01 00:00:00,1
2010-06-02 00:00:00,2010-06-02 00:00:00,113.5,2010-06-02 00:00:00,112.5,112.5,3,1300,146350,2010-06-02 00:00:00,1
2010-06-03 00:00:00,2010-06-03 00:00:00,112.75,2010-06-03 00:00:00,112.5,112.5,10,8000,900600,2010-06-03 00:00:00,1
2010-06-04 00:00:00,2010-06-04 00:00:00,115,2010-06-04 00:00:00,113,114,10,8100,922400,2010-06-04 00:00:00,1
2010-06-07 00:00:00,2010-06-07 00:00:00,113.5,2010-06-07 00:00:00,113,113.25,3,1200,135650,2010-06-07 00:00:00,1
2010-06-08 00:00:00,2010-06-08 00:00:00,115.75,2010-06-08 00:00:00,113.25,115,20,14000,1605450,2010-06-08 00:00:00,1
2010-06-09 00:00:00,2010-06-09 00:00:00,115,2010-06-09 00:00:00,114,115,12,13000,1494900,2010-06-09 00:00:00,1
2010-06-10 00:00:00,2010-06-10 00:00:00,115,2010-06-10 00:00:00,114,114,5,5700,654800,2010-06-10 00:00:00,1
2010-06-11 00:00:00,2010-06-11 00:00:00,116.75,2010-06-11 00:00:00,115,115.5,15,61300,7080250,2010-06-11 00:00:00,1
2010-06-14 00:00:00,2010-06-14 00:00:00,125,2010-06-14 00:00:00,116,124.75,64,73400,9044625,2010-06-14 00:00:00,1
2010-06-15 00:00:00,2010-06-15 00:00:00,125,2010-06-15 00:00:00,122,123,13,11600,1439650,2010-06-15 00:00:00,1
2010-06-16 00:00:00,2010-06-16 00:00:00,121.25,2010-06-16 00:00:00,120,120,9,9500,1140250,2010-06-16 00:00:00,1
2010-06-17 00:00:00,2010-06-17 00:00:00,123,2010-06-17 00:00:00,120,122,19,21700,2649525,2010-06-17 00:00:00,1
2010-06-21 00:00:00,2010-06-21 00:00:00,125,2010-06-21 00:00:00,122,122.5,18,4800,589775,2010-06-21 00:00:00,1
2010-06-22 00:00:00,2010-06-22 00:00:00,123,2010-06-22 00:00:00,123,123,32,31100,3825300,2010-06-22 00:00:00,1
2010-06-23 00:00:00,2010-06-23 00:00:00,123.25,2010-06-23 00:00:00,123,123,9,3200,393625,2010-06-23 00:00:00,1
2010-06-24 00:00:00,2010-06-24 00:00:00,125,2010-06-24 00:00:00,123,123.75,23,27300,3380100,2010-06-24 00:00:00,1
2010-06-28 00:00:00,2010-06-28 00:00:00,123.75,2010-06-28 00:00:00,123.75,123.75,2,500,61875,2010-06-28 00:00:00,1
2010-06-29 00:00:00,2010-06-29 00:00:00,125,2010-06-29 00:00:00,125,125,19,23900,2987500,2010-06-29 00:00:00,1
2010-06-30 00:00:00,2010-06-30 00:00:00,126,2010-06-30 00:00:00,124,125,31,84800,10601750,2010-06-30 00:00:00,1
2010-07-01 00:00:00,2010-07-01 00:00:00,127,2010-07-01 00:00:00,123.75,124.75,157,4085900,510741375,2010-07-01 00:00:00,1
2010-07-02 00:00:00,2010-07-02 00:00:00,131.75,2010-07-02 00:00:00,125,129.75,76,2508600,313761575,2010-07-02 00:00:00,1
2010-07-05 00:00:00,2010-07-05 00:00:00,130,2010-07-05 00:00:00,129.75,129.75,14,14200,1845400,2010-07-05 00:00:00,1
2010-07-06 00:00:00,2010-07-06 00:00:00,129.5,2010-07-06 00:00:00,126,126.25,8,2500,317400,2010-07-06 00:00:00,1
2010-07-07 00:00:00,2010-07-07 00:00:00,127.5,2010-07-07 00:00:00,125,125.25,10,4100,516450,2010-07-07 00:00:00,1
2010-07-08 00:00:00,2010-07-08 00:00:00,130,2010-07-08 00:00:00,125,126,8,3200,403075,2010-07-08 00:00:00,1
2010-07-09 00:00:00,2010-07-09 00:00:00,125,2010-07-09 00:00:00,124,125,12,7500,934800,2010-07-09 00:00:00,1
2010-07-12 00:00:00,2010-07-12 00:00:00,130,2010-07-12 00:00:00,125,127,13,6500,818625,2010-07-12 00:00:00,1
2010-07-13 00:00:00,2010-07-13 00:00:00,128,2010-07-13 00:00:00,127,128,6,2800,357950,2010-07-13 00:00:00,1
2010-07-14 00:00:00,2010-07-14 00:00:00,128,2010-07-14 00:00:00,127,127,6,5500,703400,2010-07-14 00:00:00,1
2010-07-15 00:00:00,2010-07-15 00:00:00,127,2010-07-15 00:00:00,125.5,127,6,1300,164950,2010-07-15 00:00:00,1
2010-07-16 00:00:00,2010-07-16 00:00:00,128,2010-07-16 00:00:00,127,127.25,8,4400,562300,2010-07-16 00:00:00,1
2010-07-19 00:00:00,2010-07-19 00:00:00,130,2010-07-19 00:00:00,127.25,127.75,10,10500,1361650,2010-07-19 00:00:00,1
2010-07-20 00:00:00,2010-07-20 00:00:00,128,2010-07-20 00:00:00,127.25,128,4,2700,343875,2010-07-20 00:00:00,1
2010-07-21 00:00:00,2010-07-21 00:00:00,130,2010-07-21 00:00:00,128,129.75,13,3400,441300,2010-07-21 00:00:00,1
2010-07-22 00:00:00,2010-07-22 00:00:00,130,2010-07-22 00:00:00,128,128,4,1300,166900,2010-07-22 00:00:00,1
2010-07-23 00:00:00,2010-07-23 00:00:00,127.5,2010-07-23 00:00:00,127,127.25,8,3500,445375,2010-07-23 00:00:00,1
2010-07-26 00:00:00,2010-07-26 00:00:00,129.75,2010-07-26 00:00:00,120,126,7,701300,84166250,2010-07-26 00:00:00,1
2010-07-27 00:00:00,2010-07-27 00:00:00,132,2010-07-27 00:00:00,128.5,131,42,27400,3561800,2010-07-27 00:00:00,1
2010-07-28 00:00:00,2010-07-28 00:00:00,134,2010-07-28 00:00:00,129,129,43,29500,3877200,2010-07-28 00:00:00,1
2010-07-29 00:00:00,2010-07-29 00:00:00,130,2010-07-29 00:00:00,127,128.5,20,20500,2648500,2010-07-29 00:00:00,1
2010-07-30 00:00:00,2010-07-30 00:00:00,132.5,2010-07-30 00:00:00,127,127.5,13,13800,1814450,2010-07-30 00:00:00,1
2010-08-02 00:00:00,2010-08-02 00:00:00,128,2010-08-02 00:00:00,127,127,4,1600,204300,2010-08-02 00:00:00,1
2010-08-03 00:00:00,2010-08-03 00:00:00,128,2010-08-03 00:00:00,120,123,16,14500,1786190,2010-08-03 00:00:00,1
2010-08-04 00:00:00,2010-08-04 00:00:00,126,2010-08-04 00:00:00,122.5,124,4,1400,173650,2010-08-04 00:00:00,1
2010-08-05 00:00:00,2010-08-05 00:00:00,123,2010-08-05 00:00:00,115,117.8,28,29600,3473500,2010-08-05 00:00:00,1
2010-08-06 00:00:00,2010-08-06 00:00:00,125,2010-08-06 00:00:00,120,122,6,1700,207450,2010-08-06 00:00:00,1
2010-08-09 00:00:00,2010-08-09 00:00:00,113.3,2010-08-09 00:00:00,110,113.2,4,1400,156890,2010-08-09 00:00:00,1
2010-08-10 00:00:00,2010-08-10 00:00:00,117.5,2010-08-10 00:00:00,114,117.5,7,1700,196650,2010-08-10 00:00:00,1
2010-08-11 00:00:00,2010-08-11 00:00:00,129,2010-08-11 00:00:00,118.5,121.1,31,2359500,293805660,2010-08-11 00:00:00,1
2010-08-12 00:00:00,2010-08-12 00:00:00,125,2010-08-12 00:00:00,120.5,124.1,4,800,99000,2010-08-12 00:00:00,1
2010-08-13 00:00:00,2010-08-13 00:00:00,122,2010-08-13 00:00:00,122,122,3,1200,146400,2010-08-13 00:00:00,1
2010-08-16 00:00:00,2010-08-16 00:00:00,123,2010-08-16 00:00:00,121,121,9,3800,461540,2010-08-16 00:00:00,1
2010-08-17 00:00:00,2010-08-17 00:00:00,121,2010-08-17 00:00:00,121,121,1,100,12100,2010-08-17 00:00:00,1
2010-08-18 00:00:00,2010-08-18 00:00:00,121,2010-08-18 00:00:00,120,120.6,10,6100,732950,2010-08-18 00:00:00,1
2010-08-19 00:00:00,2010-08-19 00:00:00,123,2010-08-19 00:00:00,121,123,11,13700,1677000,2010-08-19 00:00:00,1
2010-08-20 00:00:00,2010-08-20 00:00:00,123,2010-08-20 00:00:00,123,123,1,1000,123000,2010-08-20 00:00:00,1
2010-08-23 00:00:00,2010-08-23 00:00:00,120,2010-08-23 00:00:00,120,120,1,200,24000,2010-08-23 00:00:00,1
2010-08-25 00:00:00,2010-08-25 00:00:00,118,2010-08-25 00:00:00,118,118,2,1000,118000,2010-08-25 00:00:00,1
2010-08-26 00:00:00,2010-08-26 00:00:00,120,2010-08-26 00:00:00,118,119.8,11,21400,2526100,2010-08-26 00:00:00,1
2010-08-27 00:00:00,2010-08-27 00:00:00,122,2010-08-27 00:00:00,121,122,6,2900,352500,2010-08-27 00:00:00,1
2010-08-30 00:00:00,2010-08-30 00:00:00,120,2010-08-30 00:00:00,118,120,12,16700,2002200,2010-08-30 00:00:00,1
2010-08-31 00:00:00,2010-08-31 00:00:00,122,2010-08-31 00:00:00,118,118.3,7,3100,366610,2010-08-31 00:00:00,1
2010-09-01 00:00:00,2010-09-01 00:00:00,120,2010-09-01 00:00:00,119,120,5,4500,539500,2010-09-01 00:00:00,1
2010-09-02 00:00:00,2010-09-02 00:00:00,123,2010-09-02 00:00:00,121,122.5,7,2800,341500,2010-09-02 00:00:00,1
2010-09-03 00:00:00,2010-09-03 00:00:00,125,2010-09-03 00:00:00,123,123.4,41,171100,21262700,2010-09-03 00:00:00,1
2010-09-06 00:00:00,2010-09-06 00:00:00,121,2010-09-06 00:00:00,121,121,1,100,12100,2010-09-06 00:00:00,1
2010-09-07 00:00:00,2010-09-07 00:00:00,125,2010-09-07 00:00:00,120,124.8,15,19800,2472650,2010-09-07 00:00:00,1
2010-09-08 00:00:00,2010-09-08 00:00:00,121,2010-09-08 00:00:00,121,121,1,2000,242000,2010-09-08 00:00:00,1
2010-09-09 00:00:00,2010-09-09 00:00:00,125,2010-09-09 00:00:00,120,123.7,20,39000,4838200,2010-09-09 00:00:00,1
2010-09-13 00:00:00,2010-09-13 00:00:00,130,2010-09-13 00:00:00,124,125,45,195800,24451950,2010-09-13 00:00:00,1
2010-09-14 00:00:00,2010-09-14 00:00:00,128,2010-09-14 00:00:00,125,125.6,144,352600,44269840,2010-09-14 00:00:00,1
2010-09-15 00:00:00,2010-09-15 00:00:00,129.5,2010-09-15 00:00:00,125,125.8,72,227600,28594770,2010-09-15 00:00:00,1
2010-09-16 00:00:00,2010-09-16 00:00:00,125,2010-09-16 00:00:00,124.2,124.8,16,8800,1098330,2010-09-16 00:00:00,1
2010-09-17 00:00:00,2010-09-17 00:00:00,126,2010-09-17 00:00:00,123,124.5,25,38300,4777200,2010-09-17 00:00:00,1
2010-09-20 00:00:00,2010-09-20 00:00:00,124.9,2010-09-20 00:00:00,122,124.7,17,56700,6988710,2010-09-20 00:00:00,1
2010-09-21 00:00:00,2010-09-21 00:00:00,124,2010-09-21 00:00:00,123,124,9,5000,616000,2010-09-21 00:00:00,1
2010-09-23 00:00:00,2010-09-23 00:00:00,125,2010-09-23 00:00:00,123,123,17,11200,1394800,2010-09-23 00:00:00,1
2010-09-24 00:00:00,2010-09-24 00:00:00,124,2010-09-24 00:00:00,121.5,123.8,12,14400,1777550,2010-09-24 00:00:00,1
2010-09-27 00:00:00,2010-09-27 00:00:00,124.5,2010-09-27 00:00:00,122,122.1,16,22000,2711010,2010-09-27 00:00:00,1
2010-09-28 00:00:00,2010-09-28 00:00:00,140,2010-09-28 00:00:00,122.5,123.3,18,14600,1804380,2010-09-28 00:00:00,1
2010-09-29 00:00:00,2010-09-29 00:00:00,125,2010-09-29 00:00:00,122,122.3,14,8800,1082000,2010-09-29 00:00:00,1
2010-09-30 00:00:00,2010-09-30 00:00:00,122.5,2010-09-30 00:00:00,120,122,16,17800,2168240,2010-09-30 00:00:00,1
2010-10-01 00:00:00,2010-10-01 00:00:00,123,2010-10-01 00:00:00,120.5,122,15,371800,44672070,2010-10-01 00:00:00,1
2010-10-04 00:00:00,2010-10-04 00:00:00,124,2010-10-04 00:00:00,121.1,122,9,5700,694410,2010-10-04 00:00:00,1
2010-10-05 00:00:00,2010-10-05 00:00:00,124,2010-10-05 00:00:00,121,124,18,17600,2140120,2010-10-05 00:00:00,1
2010-10-06 00:00:00,2010-10-06 00:00:00,122,2010-10-06 00:00:00,117.2,117.4,13,109300,13118730,2010-10-06 00:00:00,1
2010-10-07 00:00:00,2010-10-07 00:00:00,120,2010-10-07 00:00:00,117,120,13,3500,412180,2010-10-07 00:00:00,1
2010-10-08 00:00:00,2010-10-08 00:00:00,118.1,2010-10-08 00:00:00,116.5,117.2,9,6400,745970,2010-10-08 00:00:00,1
2010-10-11 00:00:00,2010-10-11 00:00:00,119,2010-10-11 00:00:00,117,118.3,4,900,106500,2010-10-11 00:00:00,1
2010-10-12 00:00:00,2010-10-12 00:00:00,118,2010-10-12 00:00:00,116,117.3,7,3100,364430,2010-10-12 00:00:00,1
2010-10-13 00:00:00,2010-10-13 00:00:00,116,2010-10-13 00:00:00,115,115,4,1200,138200,2010-10-13 00:00:00,1
2010-10-14 00:00:00,2010-10-14 00:00:00,119.8,2010-10-14 00:00:00,115,117.1,6,2200,256690,2010-10-14 00:00:00,1
2010-10-15 00:00:00,2010-10-15 00:00:00,115.2,2010-10-15 00:00:00,115.1,115.2,3,300,34550,2010-10-15 00:00:00,1
2010-10-18 00:00:00,2010-10-18 00:00:00,119,2010-10-18 00:00:00,118,118.3,2,300,35500,2010-10-18 00:00:00,1
2010-10-19 00:00:00,2010-10-19 00:00:00,115,2010-10-19 00:00:00,115,115,7,3000,345000,2010-10-19 00:00:00,1
2010-10-20 00:00:00,2010-10-20 00:00:00,116,2010-10-20 00:00:00,116,116,3,1100,127600,2010-10-20 00:00:00,1
2010-10-21 00:00:00,2010-10-21 00:00:00,120,2010-10-21 00:00:00,116,118.3,23,23100,2729010,2010-10-21 00:00:00,1
2010-10-25 00:00:00,2010-10-25 00:00:00,122,2010-10-25 00:00:00,120.2,121.5,2,1000,121460,2010-10-25 00:00:00,1
2010-10-26 00:00:00,2010-10-26 00:00:00,115.2,2010-10-26 00:00:00,114,114.5,6,700,80240,2010-10-26 00:00:00,1
2010-10-27 00:00:00,2010-10-27 00:00:00,118,2010-10-27 00:00:00,118,118,1,100,11800,2010-10-27 00:00:00,1
2010-10-28 00:00:00,2010-10-28 00:00:00,119,2010-10-28 00:00:00,118,119,2,200,23700,2010-10-28 00:00:00,1
2010-10-29 00:00:00,2010-10-29 00:00:00,125,2010-10-29 00:00:00,117,120,65,133200,16023150,2010-10-29 00:00:00,1
2010-11-01 00:00:00,2010-11-01 00:00:00,120,2010-11-01 00:00:00,115.3,119.1,9,4100,488050,2010-11-01 00:00:00,1
2010-11-02 00:00:00,2010-11-02 00:00:00,120,2010-11-02 00:00:00,120,120,3,1500,180000,2010-11-02 00:00:00,1
2010-11-03 00:00:00,2010-11-03 00:00:00,120,2010-11-03 00:00:00,115.6,120,2,200,23560,2010-11-03 00:00:00,1
2010-11-04 00:00:00,2010-11-04 00:00:00,116,2010-11-04 00:00:00,115.5,116,5,1600,185100,2010-11-04 00:00:00,1
2010-11-08 00:00:00,2010-11-08 00:00:00,117,2010-11-08 00:00:00,116,117,5,4200,491300,2010-11-08 00:00:00,1
2010-11-09 00:00:00,2010-11-09 00:00:00,116.6,2010-11-09 00:00:00,115.1,116.6,10,10900,1270130,2010-11-09 00:00:00,1
2010-11-10 00:00:00,2010-11-10 00:00:00,118.1,2010-11-10 00:00:00,116.6,117,4,1400,163840,2010-11-10 00:00:00,1
2010-11-12 00:00:00,2010-11-12 00:00:00,117,2010-11-12 00:00:00,117,117,2,600,70200,2010-11-12 00:00:00,1
2010-11-15 00:00:00,2010-11-15 00:00:00,116,2010-11-15 00:00:00,116,116,1,500,58000,2010-11-15 00:00:00,1
2010-11-16 00:00:00,2010-11-16 00:00:00,118,2010-11-16 00:00:00,116,116.5,2,400,46600,2010-11-16 00:00:00,1
2010-11-18 00:00:00,2010-11-18 00:00:00,118,2010-11-18 00:00:00,117,118,9,4800,564600,2010-11-18 00:00:00,1
2010-11-22 00:00:00,2010-11-22 00:00:00,118.2,2010-11-22 00:00:00,117.9,118,12,6900,813720,2010-11-22 00:00:00,1
2010-11-23 00:00:00,2010-11-23 00:00:00,118.1,2010-11-23 00:00:00,118,118,32,46800,5522430,2010-11-23 00:00:00,1
2010-11-24 00:00:00,2010-11-24 00:00:00,118.1,2010-11-24 00:00:00,118,118,2,1200,141620,2010-11-24 00:00:00,1
2010-11-25 00:00:00,2010-11-25 00:00:00,115,2010-11-25 00:00:00,115,115,2,9600,1104000,2010-11-25 00:00:00,1
2010-11-26 00:00:00,2010-11-26 00:00:00,118,2010-11-26 00:00:00,118,118,1,100,11800,2010-11-26 00:00:00,1
2010-11-29 00:00:00,2010-11-29 00:00:00,117,2010-11-29 00:00:00,116,116.5,7,6100,710700,2010-11-29 00:00:00,1
2010-11-30 00:00:00,2010-11-30 00:00:00,120,2010-11-30 00:00:00,118,119.9,8,19000,2276020,2010-11-30 00:00:00,1
2010-12-01 00:00:00,2010-12-01 00:00:00,122,2010-12-01 00:00:00,119,119.9,14,126500,15164510,2010-12-01 00:00:00,1
2010-12-02 00:00:00,2010-12-02 00:00:00,120,2010-12-02 00:00:00,118.2,119,13,47200,5641280,2010-12-02 00:00:00,1
2010-12-03 00:00:00,2010-12-03 00:00:00,119,2010-12-03 00:00:00,118,118.8,33,31200,3706930,2010-12-03 00:00:00,1
2010-12-06 00:00:00,2010-12-06 00:00:00,119,2010-12-06 00:00:00,119,119,1,7700,916300,2010-12-06 00:00:00,1
2010-12-07 00:00:00,2010-12-07 00:00:00,118,2010-12-07 00:00:00,117.9,118,5,1000,117980,2010-12-07 00:00:00,1
2010-12-13 00:00:00,2010-12-13 00:00:00,118,2010-12-13 00:00:00,115,117,3,300,35000,2010-12-13 00:00:00,1
2010-12-14 00:00:00,2010-12-14 00:00:00,118,2010-12-14 00:00:00,115,116.5,2,200,23300,2010-12-14 00:00:00,1
2010-12-15 00:00:00,2010-12-15 00:00:00,118,2010-12-15 00:00:00,118,118,1,100,11800,2010-12-15 00:00:00,1
2010-12-17 00:00:00,2010-12-17 00:00:00,115,2010-12-17 00:00:00,115,115,1,100,11500,2010-12-17 00:00:00,1
2010-12-21 00:00:00,2010-12-21 00:00:00,117,2010-12-21 00:00:00,115,117,3,500,57900,2010-12-21 00:00:00,1
2010-12-23 00:00:00,2010-12-23 00:00:00,120,2010-12-23 00:00:00,116,119.8,17,38600,4613850,2010-12-23 00:00:00,1
2010-12-24 00:00:00,2010-12-24 00:00:00,116,2010-12-24 00:00:00,116,116,1,100,11600,2010-12-24 00:00:00,1
2010-12-27 00:00:00,2010-12-27 00:00:00,123,2010-12-27 00:00:00,115,117.2,16,7600,888700,2010-12-27 00:00:00,1
2010-12-28 00:00:00,2010-12-28 00:00:00,121,2010-12-28 00:00:00,117.6,117.6,7,4700,558680,2010-12-28 00:00:00,1
2010-12-30 00:00:00,2010-12-30 00:00:00,120,2010-12-30 00:00:00,115,120,6,332700,39912710,2010-12-30 00:00:00,1
2010-12-31 00:00:00,2010-12-31 00:00:00,120,2010-12-31 00:00:00,118,119.7,14,30300,3628250,2010-12-31 00:00:00,1
Company Id :  DIST,,Security Type :  N,,Sub Type :  0000,,,,,,
Short Name :  DISTILLERIES,,,,,,,,,,
Day,Date High,High,Date Low,Low,Closing,No. of Trades,No. of Shares,Turnover,Last Traded,Days Traded
2010-01-04 00:00:00,2010-01-04 00:00:00,111,2010-01-04 00:00:00,104,109.25,239,452600,48821575,2010-01-04 00:00:00,1
2010-01-05 00:00:00,2010-01-05 00:00:00,116.5,2010-01-05 00:00:00,108.5,114,585,1527600,171945800,2010-01-05 00:00:00,1
2010-01-06 00:00:00,2010-01-06 00:00:00,119,2010-01-06 00:00:00,115.5,116.5,396,861700,100803675,2010-01-06 00:00:00,1
2010-01-07 00:00:00,2010-01-07 00:00:00,117.75,2010-01-07 00:00:00,112.5,116,159,259800,30014225,2010-01-07 00:00:00,1
2010-01-08 00:00:00,2010-01-08 00:00:00,117.25,2010-01-08 00:00:00,116,117,124,227900,26606725,2010-01-08 00:00:00,1
2010-01-11 00:00:00,2010-01-11 00:00:00,117,2010-01-11 00:00:00,116.5,116.75,86,139600,16304025,2010-01-11 00:00:00,1
2010-01-12 00:00:00,2010-01-12 00:00:00,117.75,2010-01-12 00:00:00,115,117.5,157,250000,29218975,2010-01-12 00:00:00,1
2010-01-13 00:00:00,2010-01-13 00:00:00,121,2010-01-13 00:00:00,116,120,251,2945800,353283525,2010-01-13 00:00:00,1
2010-01-15 00:00:00,2010-01-15 00:00:00,122,2010-01-15 00:00:00,118,119.5,61,94900,11391075,2010-01-15 00:00:00,1
2010-01-18 00:00:00,2010-01-18 00:00:00,120,2010-01-18 00:00:00,117.5,117.5,66,72500,8562300,2010-01-18 00:00:00,1
2010-01-19 00:00:00,2010-01-19 00:00:00,117.25,2010-01-19 00:00:00,113,115.75,93,77300,8928925,2010-01-19 00:00:00,1
2010-01-20 00:00:00,2010-01-20 00:00:00,116.5,2010-01-20 00:00:00,115.5,116,40,45400,5264075,2010-01-20 00:00:00,1
2010-01-21 00:00:00,2010-01-21 00:00:00,116.5,2010-01-21 00:00:00,113,114.25,17,14600,1676800,2010-01-21 00:00:00,1
2010-01-22 00:00:00,2010-01-22 00:00:00,116,2010-01-22 00:00:00,114.25,115.75,76,116000,13362775,2010-01-22 00:00:00,1
2010-01-25 00:00:00,2010-01-25 00:00:00,118.5,2010-01-25 00:00:00,115,117.75,75,97900,11460075,2010-01-25 00:00:00,1
2010-01-26 00:00:00,2010-01-26 00:00:00,120,2010-01-26 00:00:00,117,119,44,94200,11187225,2010-01-26 00:00:00,1
2010-01-28 00:00:00,2010-01-28 00:00:00,118.75,2010-01-28 00:00:00,112,117.5,42,32800,3788300,2010-01-28 00:00:00,1
2010-02-01 00:00:00,2010-02-01 00:00:00,120,2010-02-01 00:00:00,118,120,98,88800,10586825,2010-02-01 00:00:00,1
2010-02-02 00:00:00,2010-02-02 00:00:00,120,2010-02-02 00:00:00,118,118,33,121700,14424900,2010-02-02 00:00:00,1
2010-02-03 00:00:00,2010-02-03 00:00:00,118.25,2010-02-03 00:00:00,115,116,32,47800,5549500,2010-02-03 00:00:00,1
2010-02-05 00:00:00,2010-02-05 00:00:00,115.75,2010-02-05 00:00:00,115,115.25,36,34200,3944475,2010-02-05 00:00:00,1
2010-02-08 00:00:00,2010-02-08 00:00:00,116.5,2010-02-08 00:00:00,115,116,48,50600,5852650,2010-02-08 00:00:00,1
2010-02-09 00:00:00,2010-02-09 00:00:00,116,2010-02-09 00:00:00,114.5,115.75,72,254800,29382225,2010-02-09 00:00:00,1
2010-02-10 00:00:00,2010-02-10 00:00:00,116.5,2010-02-10 00:00:00,114,116,51,132500,15305375,2010-02-10 00:00:00,1
2010-02-11 00:00:00,2010-02-11 00:00:00,116,2010-02-11 00:00:00,115,116,57,121400,14066875,2010-02-11 00:00:00,1
2010-02-12 00:00:00,2010-02-12 00:00:00,116,2010-02-12 00:00:00,114.5,115.75,37,120400,13951950,2010-02-12 00:00:00,1
2010-02-15 00:00:00,2010-02-15 00:00:00,116.5,2010-02-15 00:00:00,113.75,116,65,332500,38553800,2010-02-15 00:00:00,1
2010-02-16 00:00:00,2010-02-16 00:00:00,116.75,2010-02-16 00:00:00,114.5,115.75,55,155100,17979200,2010-02-16 00:00:00,1
2010-02-17 00:00:00,2010-02-17 00:00:00,119.75,2010-02-17 00:00:00,115,117,49,1539500,184538925,2010-02-17 00:00:00,1
2010-02-18 00:00:00,2010-02-18 00:00:00,115,2010-02-18 00:00:00,113,115,6,6900,792725,2010-02-18 00:00:00,1
2010-02-19 00:00:00,2010-02-19 00:00:00,117.25,2010-02-19 00:00:00,116,117,28,37700,4383250,2010-02-19 00:00:00,1
2010-02-22 00:00:00,2010-02-22 00:00:00,117.75,2010-02-22 00:00:00,116,117,32,95100,11125625,2010-02-22 00:00:00,1
2010-02-23 00:00:00,2010-02-23 00:00:00,117,2010-02-23 00:00:00,114.5,115,25,29900,3481175,2010-02-23 00:00:00,1
2010-02-24 00:00:00,2010-02-24 00:00:00,117.5,2010-02-24 00:00:00,115,117,24,26900,3137800,2010-02-24 00:00:00,1
2010-02-25 00:00:00,2010-02-25 00:00:00,117.25,2010-02-25 00:00:00,116,116.5,27,24400,2853625,2010-02-25 00:00:00,1
2010-02-26 00:00:00,2010-02-26 00:00:00,117.25,2010-02-26 00:00:00,116.5,116.5,12,12900,1506975,2010-02-26 00:00:00,1
2010-03-01 00:00:00,2010-03-01 00:00:00,118.5,2010-03-01 00:00:00,117,118,39,37700,4438625,2010-03-01 00:00:00,1
2010-03-02 00:00:00,2010-03-02 00:00:00,118.5,2010-03-02 00:00:00,118,118.25,49,80500,9524925,2010-03-02 00:00:00,1
2010-03-03 00:00:00,2010-03-03 00:00:00,118.25,2010-03-03 00:00:00,118,118.25,49,108700,12830650,2010-03-03 00:00:00,1
2010-03-04 00:00:00,2010-03-04 00:00:00,118.5,2010-03-04 00:00:00,118,118.25,39,112400,13292650,2010-03-04 00:00:00,1
2010-03-05 00:00:00,2010-03-05 00:00:00,119.5,2010-03-05 00:00:00,118,118,50,283600,33729950,2010-03-05 00:00:00,1
2010-03-08 00:00:00,2010-03-08 00:00:00,118,2010-03-08 00:00:00,117.5,118,12,20400,2407150,2010-03-08 00:00:00,1
2010-03-09 00:00:00,2010-03-09 00:00:00,119,2010-03-09 00:00:00,117,119,32,40800,4840675,2010-03-09 00:00:00,1
2010-03-10 00:00:00,2010-03-10 00:00:00,117.25,2010-03-10 00:00:00,115.25,116,10,8600,994225,2010-03-10 00:00:00,1
2010-03-11 00:00:00,2010-03-11 00:00:00,117,2010-03-11 00:00:00,116,117,25,137700,16097800,2010-03-11 00:00:00,1
2010-03-12 00:00:00,2010-03-12 00:00:00,117.5,2010-03-12 00:00:00,117,117,17,26900,3147400,2010-03-12 00:00:00,1
2010-03-15 00:00:00,2010-03-15 00:00:00,117.25,2010-03-15 00:00:00,115.75,117,18,47100,5511075,2010-03-15 00:00:00,1
2010-03-16 00:00:00,2010-03-16 00:00:00,117,2010-03-16 00:00:00,116.5,116.5,15,20700,2416650,2010-03-16 00:00:00,1
2010-03-17 00:00:00,2010-03-17 00:00:00,116.5,2010-03-17 00:00:00,115,115,13,14000,1625750,2010-03-17 00:00:00,1
2010-03-18 00:00:00,2010-03-18 00:00:00,114.5,2010-03-18 00:00:00,114.5,114.5,5,209700,24010650,2010-03-18 00:00:00,1
2010-03-19 00:00:00,2010-03-19 00:00:00,115,2010-03-19 00:00:00,114.5,115,9,3500,401350,2010-03-19 00:00:00,1
2010-03-22 00:00:00,2010-03-22 00:00:00,113.75,2010-03-22 00:00:00,113,113.75,4,1200,136350,2010-03-22 00:00:00,1
2010-03-23 00:00:00,2010-03-23 00:00:00,114,2010-03-23 00:00:00,112.5,112.75,8,6800,773050,2010-03-23 00:00:00,1
2010-03-24 00:00:00,2010-03-24 00:00:00,117.25,2010-03-24 00:00:00,113,117,79,3452600,412902800,2010-03-24 00:00:00,1
2010-03-25 00:00:00,2010-03-25 00:00:00,118,2010-03-25 00:00:00,117,117.5,28,1596600,191344825,2010-03-25 00:00:00,1
2010-03-26 00:00:00,2010-03-26 00:00:00,117,2010-03-26 00:00:00,117,117,18,35000,4095000,2010-03-26 00:00:00,1
2010-03-30 00:00:00,2010-03-30 00:00:00,117,2010-03-30 00:00:00,117,117,5,17600,2059200,2010-03-30 00:00:00,1
2010-03-31 00:00:00,2010-03-31 00:00:00,118,2010-03-31 00:00:00,117,118,32,47400,5584350,2010-03-31 00:00:00,1
2010-04-01 00:00:00,2010-04-01 00:00:00,118,2010-04-01 00:00:00,117,118,26,39300,4634400,2010-04-01 00:00:00,1
2010-04-05 00:00:00,2010-04-05 00:00:00,118,2010-04-05 00:00:00,117.75,118,10,10300,1215350,2010-04-05 00:00:00,1
2010-04-06 00:00:00,2010-04-06 00:00:00,122,2010-04-06 00:00:00,118,122,78,242600,29236750,2010-04-06 00:00:00,1
2010-04-07 00:00:00,2010-04-07 00:00:00,125.5,2010-04-07 00:00:00,122,123.25,99,3274500,409222150,2010-04-07 00:00:00,1
2010-04-08 00:00:00,2010-04-08 00:00:00,125,2010-04-08 00:00:00,122.5,124.75,22,924700,115583900,2010-04-08 00:00:00,1
2010-04-12 00:00:00,2010-04-12 00:00:00,126,2010-04-12 00:00:00,123.25,124.25,11,5200,646100,2010-04-12 00:00:00,1
2010-04-15 00:00:00,2010-04-15 00:00:00,123.25,2010-04-15 00:00:00,123,123.25,6,1600,196825,2010-04-15 00:00:00,1
2010-04-16 00:00:00,2010-04-16 00:00:00,122.75,2010-04-16 00:00:00,122,122.75,8,2200,268525,2010-04-16 00:00:00,1
2010-04-19 00:00:00,2010-04-19 00:00:00,126,2010-04-19 00:00:00,122.75,123,48,59400,7372025,2010-04-19 00:00:00,1
2010-04-20 00:00:00,2010-04-20 00:00:00,124,2010-04-20 00:00:00,121,122.25,17,7500,922225,2010-04-20 00:00:00,1
2010-04-21 00:00:00,2010-04-21 00:00:00,123.5,2010-04-21 00:00:00,122,123.25,20,17600,2164725,2010-04-21 00:00:00,1
2010-04-22 00:00:00,2010-04-22 00:00:00,123,2010-04-22 00:00:00,123,123,25,68600,8437800,2010-04-22 00:00:00,1
2010-04-23 00:00:00,2010-04-23 00:00:00,123.5,2010-04-23 00:00:00,123,123,17,17000,2091750,2010-04-23 00:00:00,1
2010-04-26 00:00:00,2010-04-26 00:00:00,123.5,2010-04-26 00:00:00,122.75,123,17,20100,2473000,2010-04-26 00:00:00,1
2010-04-27 00:00:00,2010-04-27 00:00:00,124,2010-04-27 00:00:00,122.25,123,30,64500,7928950,2010-04-27 00:00:00,1
2010-04-29 00:00:00,2010-04-29 00:00:00,123.25,2010-04-29 00:00:00,123,123.25,12,5000,615375,2010-04-29 00:00:00,1
2010-04-30 00:00:00,2010-04-30 00:00:00,125,2010-04-30 00:00:00,123.25,124.5,11,5700,708425,2010-04-30 00:00:00,1
2010-05-03 00:00:00,2010-05-03 00:00:00,126,2010-05-03 00:00:00,123,125,45,2027600,255466825,2010-05-03 00:00:00,1
2010-05-04 00:00:00,2010-05-04 00:00:00,126,2010-05-04 00:00:00,124,125.75,26,844000,107120700,2010-05-04 00:00:00,1
2010-05-05 00:00:00,2010-05-05 00:00:00,127.5,2010-05-05 00:00:00,125.5,126,23,85800,10891100,2010-05-05 00:00:00,1
2010-05-06 00:00:00,2010-05-06 00:00:00,126.5,2010-05-06 00:00:00,125.5,126,30,36100,4549100,2010-05-06 00:00:00,1
2010-05-07 00:00:00,2010-05-07 00:00:00,126.25,2010-05-07 00:00:00,125,125,21,1994400,251285350,2010-05-07 00:00:00,1
2010-05-10 00:00:00,2010-05-10 00:00:00,125,2010-05-10 00:00:00,123,123.75,25,110400,13793675,2010-05-10 00:00:00,1
2010-05-11 00:00:00,2010-05-11 00:00:00,124,2010-05-11 00:00:00,123,123,14,8700,1070300,2010-05-11 00:00:00,1
2010-05-12 00:00:00,2010-05-12 00:00:00,124,2010-05-12 00:00:00,123,123,30,70300,8652150,2010-05-12 00:00:00,1
2010-05-13 00:00:00,2010-05-13 00:00:00,125,2010-05-13 00:00:00,123,124,13,25000,3091775,2010-05-13 00:00:00,1
2010-05-14 00:00:00,2010-05-14 00:00:00,124,2010-05-14 00:00:00,121,123,5,10700,1316225,2010-05-14 00:00:00,1
2010-05-17 00:00:00,2010-05-17 00:00:00,125,2010-05-17 00:00:00,121,123,9,4000,491500,2010-05-17 00:00:00,1
2010-05-18 00:00:00,2010-05-18 00:00:00,123.75,2010-05-18 00:00:00,123,123.75,7,10900,1346075,2010-05-18 00:00:00,1
2010-05-19 00:00:00,2010-05-19 00:00:00,126,2010-05-19 00:00:00,123,125,28,1129700,142307525,2010-05-19 00:00:00,1
2010-05-20 00:00:00,2010-05-20 00:00:00,125,2010-05-20 00:00:00,124,124,7,2700,335000,2010-05-20 00:00:00,1
2010-05-21 00:00:00,2010-05-21 00:00:00,124.75,2010-05-21 00:00:00,123,123,17,17700,2188825,2010-05-21 00:00:00,1
2010-05-24 00:00:00,2010-05-24 00:00:00,124,2010-05-24 00:00:00,123,123,30,44800,5530500,2010-05-24 00:00:00,1
2010-05-25 00:00:00,2010-05-25 00:00:00,123,2010-05-25 00:00:00,122,122.25,6,3100,379550,2010-05-25 00:00:00,1
2010-05-26 00:00:00,2010-05-26 00:00:00,122.25,2010-05-26 00:00:00,122,122,7,5800,707850,2010-05-26 00:00:00,1
2010-05-31 00:00:00,2010-05-31 00:00:00,124,2010-05-31 00:00:00,122.5,123,17,18000,2217050,2010-05-31 00:00:00,1
2010-06-01 00:00:00,2010-06-01 00:00:00,123,2010-06-01 00:00:00,122,123,16,21400,2629700,2010-06-01 00:00:00,1
2010-06-02 00:00:00,2010-06-02 00:00:00,122.75,2010-06-02 00:00:00,122.5,122.75,16,38600,4737125,2010-06-02 00:00:00,1
2010-06-03 00:00:00,2010-06-03 00:00:00,122.75,2010-06-03 00:00:00,120.5,122,45,105500,12872775,2010-06-03 00:00:00,1
2010-06-04 00:00:00,2010-06-04 00:00:00,123,2010-06-04 00:00:00,122,122.5,24,65600,8038700,2010-06-04 00:00:00,1
2010-06-07 00:00:00,2010-06-07 00:00:00,127,2010-06-07 00:00:00,122,125.25,57,189800,23293325,2010-06-07 00:00:00,1
2010-06-08 00:00:00,2010-06-08 00:00:00,125,2010-06-08 00:00:00,123,123,20,178100,21944075,2010-06-08 00:00:00,1
2010-06-09 00:00:00,2010-06-09 00:00:00,123,2010-06-09 00:00:00,122.5,122.5,3,1200,147500,2010-06-09 00:00:00,1
2010-06-10 00:00:00,2010-06-10 00:00:00,123,2010-06-10 00:00:00,122.5,122.75,14,10500,1287300,2010-06-10 00:00:00,1
2010-06-11 00:00:00,2010-06-11 00:00:00,129,2010-06-11 00:00:00,123,127.5,95,2816900,354936425,2010-06-11 00:00:00,1
2010-06-14 00:00:00,2010-06-14 00:00:00,128,2010-06-14 00:00:00,126,127,58,56900,7230650,2010-06-14 00:00:00,1
2010-06-15 00:00:00,2010-06-15 00:00:00,128.75,2010-06-15 00:00:00,127,128.25,55,257900,32991400,2010-06-15 00:00:00,1
2010-06-16 00:00:00,2010-06-16 00:00:00,128.5,2010-06-16 00:00:00,127,128,24,28700,3675000,2010-06-16 00:00:00,1
2010-06-17 00:00:00,2010-06-17 00:00:00,128,2010-06-17 00:00:00,127,128,12,15700,2003425,2010-06-17 00:00:00,1
2010-06-21 00:00:00,2010-06-21 00:00:00,128.5,2010-06-21 00:00:00,128,128,41,78800,10092250,2010-06-21 00:00:00,1
2010-06-22 00:00:00,2010-06-22 00:00:00,128,2010-06-22 00:00:00,124,125,14,7300,916525,2010-06-22 00:00:00,1
2010-06-23 00:00:00,2010-06-23 00:00:00,125,2010-06-23 00:00:00,125,125,16,25700,3212500,2010-06-23 00:00:00,1
2010-06-24 00:00:00,2010-06-24 00:00:00,128,2010-06-24 00:00:00,124,127,43,2561200,320238025,2010-06-24 00:00:00,1
2010-06-28 00:00:00,2010-06-28 00:00:00,127.5,2010-06-28 00:00:00,124,127.25,18,2048800,260196575,2010-06-28 00:00:00,1
2010-06-29 00:00:00,2010-06-29 00:00:00,133,2010-06-29 00:00:00,127.5,130,46,45300,5855325,2010-06-29 00:00:00,1
2010-06-30 00:00:00,2010-06-30 00:00:00,130,2010-06-30 00:00:00,128,129.25,23,118600,15316200,2010-06-30 00:00:00,1
2010-07-01 00:00:00,2010-07-01 00:00:00,131,2010-07-01 00:00:00,129.25,130,80,4637700,602890475,2010-07-01 00:00:00,1
2010-07-02 00:00:00,2010-07-02 00:00:00,130,2010-07-02 00:00:00,129,129,41,850200,110504650,2010-07-02 00:00:00,1
2010-07-05 00:00:00,2010-07-05 00:00:00,130,2010-07-05 00:00:00,128,128.25,10,12100,1560750,2010-07-05 00:00:00,1
2010-07-06 00:00:00,2010-07-06 00:00:00,129,2010-07-06 00:00:00,126,126,16,68000,8660625,2010-07-06 00:00:00,1
2010-07-07 00:00:00,2010-07-07 00:00:00,128,2010-07-07 00:00:00,122.5,124.75,13,8700,1083250,2010-07-07 00:00:00,1
2010-07-08 00:00:00,2010-07-08 00:00:00,127.5,2010-07-08 00:00:00,123,126.5,12,12400,1562900,2010-07-08 00:00:00,1
2010-07-09 00:00:00,2010-07-09 00:00:00,127,2010-07-09 00:00:00,125,126,13,26100,3305725,2010-07-09 00:00:00,1
2010-07-12 00:00:00,2010-07-12 00:00:00,126,2010-07-12 00:00:00,126,126,8,5100,642600,2010-07-12 00:00:00,1
2010-07-13 00:00:00,2010-07-13 00:00:00,127,2010-07-13 00:00:00,125.75,126,37,52000,6554850,2010-07-13 00:00:00,1
2010-07-14 00:00:00,2010-07-14 00:00:00,127,2010-07-14 00:00:00,125.5,125.5,13,383400,48673200,2010-07-14 00:00:00,1
2010-07-15 00:00:00,2010-07-15 00:00:00,128,2010-07-15 00:00:00,125.25,125.5,10,6500,819200,2010-07-15 00:00:00,1
2010-07-16 00:00:00,2010-07-16 00:00:00,126,2010-07-16 00:00:00,125.25,125.25,15,9700,1215950,2010-07-16 00:00:00,1
2010-07-19 00:00:00,2010-07-19 00:00:00,127,2010-07-19 00:00:00,123,126.25,20,11300,1418725,2010-07-19 00:00:00,1
2010-07-20 00:00:00,2010-07-20 00:00:00,128,2010-07-20 00:00:00,123,125.75,30,56500,7131625,2010-07-20 00:00:00,1
2010-07-21 00:00:00,2010-07-21 00:00:00,126,2010-07-21 00:00:00,125.75,126,10,408300,51845150,2010-07-21 00:00:00,1
2010-07-22 00:00:00,2010-07-22 00:00:00,125.75,2010-07-22 00:00:00,125,125,9,20800,2600075,2010-07-22 00:00:00,1
2010-07-23 00:00:00,2010-07-23 00:00:00,126,2010-07-23 00:00:00,125,126,29,82500,10393200,2010-07-23 00:00:00,1
2010-07-26 00:00:00,2010-07-26 00:00:00,127,2010-07-26 00:00:00,126,126.25,19,68900,8697150,2010-07-26 00:00:00,1
2010-07-27 00:00:00,2010-07-27 00:00:00,128,2010-07-27 00:00:00,125,127.5,44,170300,21663100,2010-07-27 00:00:00,1
2010-07-28 00:00:00,2010-07-28 00:00:00,142,2010-07-28 00:00:00,127,136.75,296,1055800,142205550,2010-07-28 00:00:00,1
2010-07-29 00:00:00,2010-07-29 00:00:00,143,2010-07-29 00:00:00,134.75,135,174,556400,76261975,2010-07-29 00:00:00,1
2010-07-30 00:00:00,2010-07-30 00:00:00,139.75,2010-07-30 00:00:00,135,137.75,59,5471800,765201600,2010-07-30 00:00:00,1
2010-08-02 00:00:00,2010-08-02 00:00:00,137,2010-08-02 00:00:00,135,136,35,151300,20614360,2010-08-02 00:00:00,1
2010-08-03 00:00:00,2010-08-03 00:00:00,137,2010-08-03 00:00:00,135,136.2,34,92500,12658360,2010-08-03 00:00:00,1
2010-08-04 00:00:00,2010-08-04 00:00:00,138,2010-08-04 00:00:00,135,135.2,21,14900,2044350,2010-08-04 00:00:00,1
2010-08-05 00:00:00,2010-08-05 00:00:00,138.5,2010-08-05 00:00:00,130,135.8,32,65000,8766880,2010-08-05 00:00:00,1
2010-08-06 00:00:00,2010-08-06 00:00:00,136,2010-08-06 00:00:00,130,134.4,41,63200,8497030,2010-08-06 00:00:00,1
2010-08-09 00:00:00,2010-08-09 00:00:00,137,2010-08-09 00:00:00,128,129,32,23800,3094540,2010-08-09 00:00:00,1
2010-08-10 00:00:00,2010-08-10 00:00:00,135,2010-08-10 00:00:00,128,131.1,109,1291300,171174590,2010-08-10 00:00:00,1
2010-08-11 00:00:00,2010-08-11 00:00:00,132.5,2010-08-11 00:00:00,130,130.8,39,40900,5391970,2010-08-11 00:00:00,1
2010-08-12 00:00:00,2010-08-12 00:00:00,130,2010-08-12 00:00:00,128,130,15,32300,4196450,2010-08-12 00:00:00,1
2010-08-13 00:00:00,2010-08-13 00:00:00,132.5,2010-08-13 00:00:00,130,132.4,23,52900,6926880,2010-08-13 00:00:00,1
2010-08-16 00:00:00,2010-08-16 00:00:00,145.2,2010-08-16 00:00:00,134.5,143,271,343000,48136780,2010-08-16 00:00:00,1
2010-08-17 00:00:00,2010-08-17 00:00:00,150,2010-08-17 00:00:00,141.2,142,115,117200,16728380,2010-08-17 00:00:00,1
2010-08-18 00:00:00,2010-08-18 00:00:00,145,2010-08-18 00:00:00,142,143.5,128,1328800,192213490,2010-08-18 00:00:00,1
2010-08-19 00:00:00,2010-08-19 00:00:00,144.9,2010-08-19 00:00:00,143.1,143.7,104,352600,50854770,2010-08-19 00:00:00,1
2010-08-20 00:00:00,2010-08-20 00:00:00,143.7,2010-08-20 00:00:00,141.7,142,24,29000,4120880,2010-08-20 00:00:00,1
2010-08-23 00:00:00,2010-08-23 00:00:00,145,2010-08-23 00:00:00,135,140,39,481900,67493410,2010-08-23 00:00:00,1
2010-08-25 00:00:00,2010-08-25 00:00:00,142,2010-08-25 00:00:00,139,139.9,35,126800,17734760,2010-08-25 00:00:00,1
2010-08-26 00:00:00,2010-08-26 00:00:00,140.1,2010-08-26 00:00:00,133,139,22,21500,2982810,2010-08-26 00:00:00,1
2010-08-27 00:00:00,2010-08-27 00:00:00,140,2010-08-27 00:00:00,137.2,140,42,61700,8604970,2010-08-27 00:00:00,1
2010-08-30 00:00:00,2010-08-30 00:00:00,140,2010-08-30 00:00:00,139,139.8,20,44900,6270290,2010-08-30 00:00:00,1
2010-08-31 00:00:00,2010-08-31 00:00:00,146,2010-08-31 00:00:00,139,145.1,181,1104300,156159040,2010-08-31 00:00:00,1
2010-09-01 00:00:00,2010-09-01 00:00:00,149.9,2010-09-01 00:00:00,145,147,151,677600,99323560,2010-09-01 00:00:00,1
2010-09-02 00:00:00,2010-09-02 00:00:00,149,2010-09-02 00:00:00,146.5,148.4,125,258100,38309770,2010-09-02 00:00:00,1
2010-09-03 00:00:00,2010-09-03 00:00:00,163,2010-09-03 00:00:00,148.5,152.2,247,644800,98893530,2010-09-03 00:00:00,1
2010-09-06 00:00:00,2010-09-06 00:00:00,157,2010-09-06 00:00:00,150.5,151.1,83,122600,18608990,2010-09-06 00:00:00,1
2010-09-07 00:00:00,2010-09-07 00:00:00,155,2010-09-07 00:00:00,150.6,152.1,186,2382100,362010670,2010-09-07 00:00:00,1
2010-09-08 00:00:00,2010-09-08 00:00:00,162,2010-09-08 00:00:00,155,157,644,1876600,294290820,2010-09-08 00:00:00,1
2010-09-09 00:00:00,2010-09-09 00:00:00,172,2010-09-09 00:00:00,158.5,166.9,926,1247200,207423300,2010-09-09 00:00:00,1
2010-09-13 00:00:00,2010-09-13 00:00:00,183.5,2010-09-13 00:00:00,170,180.1,964,2746700,485923780,2010-09-13 00:00:00,1
2010-09-14 00:00:00,2010-09-14 00:00:00,194,2010-09-14 00:00:00,175,183.6,940,1434300,265241430,2010-09-14 00:00:00,1
2010-09-15 00:00:00,2010-09-15 00:00:00,187,2010-09-15 00:00:00,173,180.1,569,1042400,186331170,2010-09-15 00:00:00,1
2010-09-16 00:00:00,2010-09-16 00:00:00,181.9,2010-09-16 00:00:00,178,179.8,206,514700,92390420,2010-09-16 00:00:00,1
2010-09-17 00:00:00,2010-09-17 00:00:00,189.9,2010-09-17 00:00:00,178,186.5,290,529700,98120420,2010-09-17 00:00:00,1
2010-09-20 00:00:00,2010-09-20 00:00:00,195,2010-09-20 00:00:00,180,185.1,216,312700,58008280,2010-09-20 00:00:00,1
2010-09-21 00:00:00,2010-09-21 00:00:00,187,2010-09-21 00:00:00,180,185.2,250,528700,97140240,2010-09-21 00:00:00,1
2010-09-23 00:00:00,2010-09-23 00:00:00,185.5,2010-09-23 00:00:00,181.5,183,148,1350200,247908900,2010-09-23 00:00:00,1
2010-09-24 00:00:00,2010-09-24 00:00:00,183,2010-09-24 00:00:00,181,181.3,160,1813700,328503290,2010-09-24 00:00:00,1
2010-09-27 00:00:00,2010-09-27 00:00:00,182,2010-09-27 00:00:00,179,180,196,452300,81734260,2010-09-27 00:00:00,1
2010-09-28 00:00:00,2010-09-28 00:00:00,180.5,2010-09-28 00:00:00,176.1,178.5,108,136700,24321520,2010-09-28 00:00:00,1
2010-09-29 00:00:00,2010-09-29 00:00:00,180,2010-09-29 00:00:00,176,178.6,87,54400,9689960,2010-09-29 00:00:00,1
2010-09-30 00:00:00,2010-09-30 00:00:00,180,2010-09-30 00:00:00,178,179.6,101,213700,38280550,2010-09-30 00:00:00,1
2010-10-01 00:00:00,2010-10-01 00:00:00,182,2010-10-01 00:00:00,178,180.8,293,963800,174208960,2010-10-01 00:00:00,1
2010-10-04 00:00:00,2010-10-04 00:00:00,188,2010-10-04 00:00:00,181,184.9,360,734800,135231740,2010-10-04 00:00:00,1
2010-10-05 00:00:00,2010-10-05 00:00:00,187,2010-10-05 00:00:00,182,182.7,205,478100,87764610,2010-10-05 00:00:00,1
2010-10-06 00:00:00,2010-10-06 00:00:00,184,2010-10-06 00:00:00,178.5,179,122,117100,21103800,2010-10-06 00:00:00,1
2010-10-07 00:00:00,2010-10-07 00:00:00,180,2010-10-07 00:00:00,175,176.6,141,152300,26998490,2010-10-07 00:00:00,1
2010-10-08 00:00:00,2010-10-08 00:00:00,180,2010-10-08 00:00:00,173.5,178.7,90,135900,24158670,2010-10-08 00:00:00,1
2010-10-11 00:00:00,2010-10-11 00:00:00,180,2010-10-11 00:00:00,175.5,176.5,55,32500,5761820,2010-10-11 00:00:00,1
2010-10-12 00:00:00,2010-10-12 00:00:00,178,2010-10-12 00:00:00,170,171,241,973500,171824960,2010-10-12 00:00:00,1
2010-10-13 00:00:00,2010-10-13 00:00:00,176,2010-10-13 00:00:00,166,170.4,210,820900,139521470,2010-10-13 00:00:00,1
2010-10-14 00:00:00,2010-10-14 00:00:00,172,2010-10-14 00:00:00,166.6,169.2,58,143100,24278250,2010-10-14 00:00:00,1
2010-10-15 00:00:00,2010-10-15 00:00:00,174,2010-10-15 00:00:00,169,172.9,136,1964400,334329020,2010-10-15 00:00:00,1
2010-10-18 00:00:00,2010-10-18 00:00:00,186,2010-10-18 00:00:00,175,182.9,419,2499300,450852200,2010-10-18 00:00:00,1
2010-10-19 00:00:00,2010-10-19 00:00:00,186,2010-10-19 00:00:00,180,181.3,144,174400,31894850,2010-10-19 00:00:00,1
2010-10-20 00:00:00,2010-10-20 00:00:00,184,2010-10-20 00:00:00,181.3,182.9,134,3290800,599227900,2010-10-20 00:00:00,1
2010-10-21 00:00:00,2010-10-21 00:00:00,183,2010-10-21 00:00:00,180,180.9,77,2500400,450151230,2010-10-21 00:00:00,1
2010-10-25 00:00:00,2010-10-25 00:00:00,180,2010-10-25 00:00:00,177.5,179.4,62,98300,17635440,2010-10-25 00:00:00,1
2010-10-26 00:00:00,2010-10-26 00:00:00,178,2010-10-26 00:00:00,174,174.3,62,34600,6077110,2010-10-26 00:00:00,1
2010-10-27 00:00:00,2010-10-27 00:00:00,176,2010-10-27 00:00:00,170.1,174.8,51,31400,5424220,2010-10-27 00:00:00,1
2010-10-28 00:00:00,2010-10-28 00:00:00,174,2010-10-28 00:00:00,173,173.6,53,40400,7007070,2010-10-28 00:00:00,1
2010-10-29 00:00:00,2010-10-29 00:00:00,176.3,2010-10-29 00:00:00,173,173.1,90,2346100,406133870,2010-10-29 00:00:00,1
2010-11-01 00:00:00,2010-11-01 00:00:00,175.5,2010-11-01 00:00:00,173,173.6,86,395100,68624790,2010-11-01 00:00:00,1
2010-11-02 00:00:00,2010-11-02 00:00:00,175,2010-11-02 00:00:00,173,173.1,92,352900,61196580,2010-11-02 00:00:00,1
2010-11-03 00:00:00,2010-11-03 00:00:00,175,2010-11-03 00:00:00,172.1,172.1,91,340500,59024480,2010-11-03 00:00:00,1
2010-11-04 00:00:00,2010-11-04 00:00:00,172.1,2010-11-04 00:00:00,170,170,84,94600,16141360,2010-11-04 00:00:00,1
2010-11-08 00:00:00,2010-11-08 00:00:00,170.3,2010-11-08 00:00:00,169.2,170,47,86200,14647310,2010-11-08 00:00:00,1
2010-11-09 00:00:00,2010-11-09 00:00:00,177,2010-11-09 00:00:00,170.2,174,64,41500,7253470,2010-11-09 00:00:00,1
2010-11-10 00:00:00,2010-11-10 00:00:00,174,2010-11-10 00:00:00,170,171.9,74,287000,49041290,2010-11-10 00:00:00,1
2010-11-11 00:00:00,2010-11-11 00:00:00,172,2010-11-11 00:00:00,170.5,171.2,28,17500,2996650,2010-11-11 00:00:00,1
2010-11-12 00:00:00,2010-11-12 00:00:00,172.1,2010-11-12 00:00:00,171.3,171.7,31,63300,10886820,2010-11-12 00:00:00,1
2010-11-15 00:00:00,2010-11-15 00:00:00,171,2010-11-15 00:00:00,170,170.1,38,71600,12184990,2010-11-15 00:00:00,1
2010-11-16 00:00:00,2010-11-16 00:00:00,171,2010-11-16 00:00:00,168.5,169.4,52,82800,14065210,2010-11-16 00:00:00,1
2010-11-18 00:00:00,2010-11-18 00:00:00,172.5,2010-11-18 00:00:00,169.4,172.1,56,44700,7636630,2010-11-18 00:00:00,1
2010-11-22 00:00:00,2010-11-22 00:00:00,173.9,2010-11-22 00:00:00,170,170,39,32800,5616290,2010-11-22 00:00:00,1
2010-11-23 00:00:00,2010-11-23 00:00:00,169,2010-11-23 00:00:00,164,164.6,58,41800,6949340,2010-11-23 00:00:00,1
2010-11-24 00:00:00,2010-11-24 00:00:00,167.5,2010-11-24 00:00:00,164,164,52,57400,9463150,2010-11-24 00:00:00,1
2010-11-25 00:00:00,2010-11-25 00:00:00,164.5,2010-11-25 00:00:00,160,160,55,45800,7396880,2010-11-25 00:00:00,1
2010-11-26 00:00:00,2010-11-26 00:00:00,161.1,2010-11-26 00:00:00,160,161,27,17400,2798060,2010-11-26 00:00:00,1
2010-11-29 00:00:00,2010-11-29 00:00:00,160.4,2010-11-29 00:00:00,155,155.1,53,50200,7808540,2010-11-29 00:00:00,1
2010-11-30 00:00:00,2010-11-30 00:00:00,165,2010-11-30 00:00:00,159,162.6,98,83500,13508720,2010-11-30 00:00:00,1
2010-12-01 00:00:00,2010-12-01 00:00:00,171.1,2010-12-01 00:00:00,164,170.5,91,95900,16085690,2010-12-01 00:00:00,1
2010-12-02 00:00:00,2010-12-02 00:00:00,171,2010-12-02 00:00:00,166.1,169.4,63,336700,57498420,2010-12-02 00:00:00,1
2010-12-03 00:00:00,2010-12-03 00:00:00,167.5,2010-12-03 00:00:00,165,167.1,16,15700,2613000,2010-12-03 00:00:00,1
2010-12-06 00:00:00,2010-12-06 00:00:00,170,2010-12-06 00:00:00,165.1,167.5,64,334000,55927400,2010-12-06 00:00:00,1
2010-12-07 00:00:00,2010-12-07 00:00:00,169.3,2010-12-07 00:00:00,165.2,166.9,25,2307000,382985420,2010-12-07 00:00:00,1
2010-12-08 00:00:00,2010-12-08 00:00:00,166,2010-12-08 00:00:00,165,165.8,36,45500,7544940,2010-12-08 00:00:00,1
2010-12-09 00:00:00,2010-12-09 00:00:00,167,2010-12-09 00:00:00,165,167,30,58800,9750520,2010-12-09 00:00:00,1
2010-12-10 00:00:00,2010-12-10 00:00:00,166.1,2010-12-10 00:00:00,163.1,164.1,38,33600,5549440,2010-12-10 00:00:00,1
2010-12-13 00:00:00,2010-12-13 00:00:00,169,2010-12-13 00:00:00,163.1,164.2,30,31200,5141100,2010-12-13 00:00:00,1
2010-12-14 00:00:00,2010-12-14 00:00:00,165,2010-12-14 00:00:00,162.5,163.1,34,75200,12273810,2010-12-14 00:00:00,1
2010-12-15 00:00:00,2010-12-15 00:00:00,162,2010-12-15 00:00:00,160.1,161.1,47,31700,5125680,2010-12-15 00:00:00,1
2010-12-16 00:00:00,2010-12-16 00:00:00,162,2010-12-16 00:00:00,160.2,161,18,35700,5749090,2010-12-16 00:00:00,1
2010-12-17 00:00:00,2010-12-17 00:00:00,162,2010-12-17 00:00:00,160,161.4,22,19800,3178680,2010-12-17 00:00:00,1
2010-12-21 00:00:00,2010-12-21 00:00:00,164,2010-12-21 00:00:00,160.1,162,13,5400,873800,2010-12-21 00:00:00,1
2010-12-22 00:00:00,2010-12-22 00:00:00,167.9,2010-12-22 00:00:00,162,167.2,12,11900,1960180,2010-12-22 00:00:00,1
2010-12-23 00:00:00,2010-12-23 00:00:00,170.9,2010-12-23 00:00:00,161,169.8,53,53700,9103800,2010-12-23 00:00:00,1
2010-12-24 00:00:00,2010-12-24 00:00:00,170.3,2010-12-24 00:00:00,169.8,170,32,29900,5083690,2010-12-24 00:00:00,1
2010-12-27 00:00:00,2010-12-27 00:00:00,172,2010-12-27 00:00:00,170,171.1,20,18600,3186420,2010-12-27 00:00:00,1
2010-12-28 00:00:00,2010-12-28 00:00:00,173,2010-12-28 00:00:00,170,170.5,112,887900,151263610,2010-12-28 00:00:00,1
2010-12-29 00:00:00,2010-12-29 00:00:00,171.5,2010-12-29 00:00:00,170.2,171,50,42300,7230150,2010-12-29 00:00:00,1
2010-12-30 00:00:00,2010-12-30 00:00:00,179,2010-12-30 00:00:00,170.1,177.9,371,568600,99851500,2010-12-30 00:00:00,1
2010-12-31 00:00:00,2010-12-31 00:00:00,185,2010-12-31 00:00:00,177,177.9,531,478400,86293930,2010-12-31 00:00:00,1
Company Id :  DOCK,,Security Type :  N,,Sub Type :  0000,,,,,,
Short Name :  DOCKYARD,,,,,,,,,,
Day,Date High,High,Date Low,Low,Closing,No. of Trades,No. of Shares,Turnover,Last Traded,Days Traded
2010-01-04 00:00:00,2010-01-04 00:00:00,285,2010-01-04 00:00:00,249.75,283.5,399,284800,76188475,2010-01-04 00:00:00,1
2010-01-05 00:00:00,2010-01-05 00:00:00,300,2010-01-05 00:00:00,283.5,292,297,134800,39300475,2010-01-05 00:00:00,1
2010-01-06 00:00:00,2010-01-06 00:00:00,294,2010-01-06 00:00:00,284.5,288.25,69,43200,12552575,2010-01-06 00:00:00,1
2010-01-07 00:00:00,2010-01-07 00:00:00,288,2010-01-07 00:00:00,280,283,91,41900,11822950,2010-01-07 00:00:00,1
2010-01-08 00:00:00,2010-01-08 00:00:00,285,2010-01-08 00:00:00,279.75,280.25,40,17800,4999150,2010-01-08 00:00:00,1
2010-01-11 00:00:00,2010-01-11 00:00:00,285,2010-01-11 00:00:00,280,280.25,65,42500,11926975,2010-01-11 00:00:00,1
2010-01-12 00:00:00,2010-01-12 00:00:00,281,2010-01-12 00:00:00,275,275,59,30200,8340950,2010-01-12 00:00:00,1
2010-01-13 00:00:00,2010-01-13 00:00:00,279.75,2010-01-13 00:00:00,270,275.25,37,26800,7372450,2010-01-13 00:00:00,1
2010-01-15 00:00:00,2010-01-15 00:00:00,280,2010-01-15 00:00:00,275,279.5,43,33500,9246800,2010-01-15 00:00:00,1
2010-01-18 00:00:00,2010-01-18 00:00:00,286.5,2010-01-18 00:00:00,279,280.75,60,42000,11791950,2010-01-18 00:00:00,1
2010-01-19 00:00:00,2010-01-19 00:00:00,285,2010-01-19 00:00:00,278,280,43,37200,10438650,2010-01-19 00:00:00,1
2010-01-20 00:00:00,2010-01-20 00:00:00,295,2010-01-20 00:00:00,280,286,65,37400,10679200,2010-01-20 00:00:00,1
2010-01-21 00:00:00,2010-01-21 00:00:00,286,2010-01-21 00:00:00,283,284.25,19,14800,4206025,2010-01-21 00:00:00,1
2010-01-22 00:00:00,2010-01-22 00:00:00,287,2010-01-22 00:00:00,284,285.5,31,35300,10069375,2010-01-22 00:00:00,1
2010-01-25 00:00:00,2010-01-25 00:00:00,294,2010-01-25 00:00:00,287,292,84,66100,19289625,2010-01-25 00:00:00,1
2010-01-26 00:00:00,2010-01-26 00:00:00,305,2010-01-26 00:00:00,292,298.25,71,41400,12304975,2010-01-26 00:00:00,1
2010-01-28 00:00:00,2010-01-28 00:00:00,303.5,2010-01-28 00:00:00,285.25,300.25,108,72700,21838350,2010-01-28 00:00:00,1
2010-02-01 00:00:00,2010-02-01 00:00:00,304.75,2010-02-01 00:00:00,300,301.75,46,21900,6639600,2010-02-01 00:00:00,1
2010-02-02 00:00:00,2010-02-02 00:00:00,308.5,2010-02-02 00:00:00,300.5,305.75,64,53400,16305375,2010-02-02 00:00:00,1
2010-02-03 00:00:00,2010-02-03 00:00:00,305.75,2010-02-03 00:00:00,301,301.25,18,7300,2217875,2010-02-03 00:00:00,1
2010-02-05 00:00:00,2010-02-05 00:00:00,304,2010-02-05 00:00:00,301.25,303.5,42,19900,6027075,2010-02-05 00:00:00,1
2010-02-08 00:00:00,2010-02-08 00:00:00,306.75,2010-02-08 00:00:00,290.25,303,62,46000,13899450,2010-02-08 00:00:00,1
2010-02-09 00:00:00,2010-02-09 00:00:00,302,2010-02-09 00:00:00,296.25,300,48,30200,9058100,2010-02-09 00:00:00,1
2010-02-10 00:00:00,2010-02-10 00:00:00,305,2010-02-10 00:00:00,298,299.5,45,52400,15741600,2010-02-10 00:00:00,1
2010-02-11 00:00:00,2010-02-11 00:00:00,298.5,2010-02-11 00:00:00,291,293.75,23,10400,3061525,2010-02-11 00:00:00,1
2010-02-12 00:00:00,2010-02-12 00:00:00,295,2010-02-12 00:00:00,291.75,293.25,33,13000,3814175,2010-02-12 00:00:00,1
2010-02-15 00:00:00,2010-02-15 00:00:00,300,2010-02-15 00:00:00,295.75,297,23,5400,1611875,2010-02-15 00:00:00,1
2010-02-16 00:00:00,2010-02-16 00:00:00,300,2010-02-16 00:00:00,295.25,297,28,51400,15305875,2010-02-16 00:00:00,1
2010-02-17 00:00:00,2010-02-17 00:00:00,299.5,2010-02-17 00:00:00,295,299,16,5700,1701400,2010-02-17 00:00:00,1
2010-02-18 00:00:00,2010-02-18 00:00:00,320,2010-02-18 00:00:00,299,312.5,130,83700,25878775,2010-02-18 00:00:00,1
2010-02-19 00:00:00,2010-02-19 00:00:00,318,2010-02-19 00:00:00,315,315,32,6400,2025625,2010-02-19 00:00:00,1
2010-02-22 00:00:00,2010-02-22 00:00:00,315,2010-02-22 00:00:00,311,312.25,14,8800,2750650,2010-02-22 00:00:00,1
2010-02-23 00:00:00,2010-02-23 00:00:00,317.5,2010-02-23 00:00:00,312.25,313,34,20900,6610400,2010-02-23 00:00:00,1
2010-02-24 00:00:00,2010-02-24 00:00:00,316.75,2010-02-24 00:00:00,313,313.5,7,1000,314825,2010-02-24 00:00:00,1
2010-02-25 00:00:00,2010-02-25 00:00:00,315,2010-02-25 00:00:00,311,314,17,5100,1600600,2010-02-25 00:00:00,1
2010-02-26 00:00:00,2010-02-26 00:00:00,318,2010-02-26 00:00:00,314.75,315.5,53,78300,24688475,2010-02-26 00:00:00,1
2010-03-01 00:00:00,2010-03-01 00:00:00,320.25,2010-03-01 00:00:00,310,311.25,83,108200,33949400,2010-03-01 00:00:00,1
2010-03-02 00:00:00,2010-03-02 00:00:00,315,2010-03-02 00:00:00,300,303.75,73,38700,11854075,2010-03-02 00:00:00,1
2010-03-03 00:00:00,2010-03-03 00:00:00,303.75,2010-03-03 00:00:00,295,300,79,64900,19472450,2010-03-03 00:00:00,1
2010-03-04 00:00:00,2010-03-04 00:00:00,300,2010-03-04 00:00:00,295,298.75,30,12100,3594575,2010-03-04 00:00:00,1
2010-03-05 00:00:00,2010-03-05 00:00:00,300,2010-03-05 00:00:00,295.25,297.25,17,3700,1097150,2010-03-05 00:00:00,1
2010-03-08 00:00:00,2010-03-08 00:00:00,299,2010-03-08 00:00:00,294,294.25,40,20600,6102125,2010-03-08 00:00:00,1
2010-03-09 00:00:00,2010-03-09 00:00:00,295,2010-03-09 00:00:00,292.5,293,18,5400,1587025,2010-03-09 00:00:00,1
2010-03-10 00:00:00,2010-03-10 00:00:00,293,2010-03-10 00:00:00,287,288.5,47,32100,9306850,2010-03-10 00:00:00,1
2010-03-11 00:00:00,2010-03-11 00:00:00,295,2010-03-11 00:00:00,285,292.75,45,25600,7392500,2010-03-11 00:00:00,1
2010-03-12 00:00:00,2010-03-12 00:00:00,298.25,2010-03-12 00:00:00,294,295.25,36,65100,19219200,2010-03-12 00:00:00,1
2010-03-15 00:00:00,2010-03-15 00:00:00,296.5,2010-03-15 00:00:00,291,296,9,4100,1208300,2010-03-15 00:00:00,1
2010-03-16 00:00:00,2010-03-16 00:00:00,295,2010-03-16 00:00:00,291.25,294.5,21,13100,3859450,2010-03-16 00:00:00,1
2010-03-17 00:00:00,2010-03-17 00:00:00,292,2010-03-17 00:00:00,291,291,13,23900,6955500,2010-03-17 00:00:00,1
2010-03-18 00:00:00,2010-03-18 00:00:00,291,2010-03-18 00:00:00,290,290.25,6,1000,290300,2010-03-18 00:00:00,1
2010-03-19 00:00:00,2010-03-19 00:00:00,289,2010-03-19 00:00:00,285,286.25,12,3300,950150,2010-03-19 00:00:00,1
2010-03-22 00:00:00,2010-03-22 00:00:00,287,2010-03-22 00:00:00,282,284.25,34,43000,12254400,2010-03-22 00:00:00,1
2010-03-23 00:00:00,2010-03-23 00:00:00,285,2010-03-23 00:00:00,284,285,15,10800,3076000,2010-03-23 00:00:00,1
2010-03-24 00:00:00,2010-03-24 00:00:00,290,2010-03-24 00:00:00,287,287.75,43,21100,6100800,2010-03-24 00:00:00,1
2010-03-25 00:00:00,2010-03-25 00:00:00,285,2010-03-25 00:00:00,284,284.5,14,4300,1223800,2010-03-25 00:00:00,1
2010-03-26 00:00:00,2010-03-26 00:00:00,294.75,2010-03-26 00:00:00,281.25,284,47,45500,12991600,2010-03-26 00:00:00,1
2010-03-30 00:00:00,2010-03-30 00:00:00,285,2010-03-30 00:00:00,283,283,15,18000,5107500,2010-03-30 00:00:00,1
2010-03-31 00:00:00,2010-03-31 00:00:00,283,2010-03-31 00:00:00,280.5,281.75,22,16100,4536950,2010-03-31 00:00:00,1
2010-04-01 00:00:00,2010-04-01 00:00:00,284,2010-04-01 00:00:00,281,283.75,22,30700,8702375,2010-04-01 00:00:00,1
2010-04-05 00:00:00,2010-04-05 00:00:00,280,2010-04-05 00:00:00,276.5,277.25,25,24900,6914000,2010-04-05 00:00:00,1
2010-04-06 00:00:00,2010-04-06 00:00:00,280,2010-04-06 00:00:00,279,279.5,59,108600,30403675,2010-04-06 00:00:00,1
2010-04-07 00:00:00,2010-04-07 00:00:00,280.25,2010-04-07 00:00:00,279.25,280,34,69200,19375975,2010-04-07 00:00:00,1
2010-04-08 00:00:00,2010-04-08 00:00:00,281,2010-04-08 00:00:00,279,280,12,5500,1539475,2010-04-08 00:00:00,1
2010-04-12 00:00:00,2010-04-12 00:00:00,300,2010-04-12 00:00:00,283,292,10,3200,934125,2010-04-12 00:00:00,1
2010-04-15 00:00:00,2010-04-15 00:00:00,292,2010-04-15 00:00:00,285,288.75,8,2200,637000,2010-04-15 00:00:00,1
2010-04-16 00:00:00,2010-04-16 00:00:00,290,2010-04-16 00:00:00,285,289.75,9,4300,1238250,2010-04-16 00:00:00,1
2010-04-19 00:00:00,2010-04-19 00:00:00,292,2010-04-19 00:00:00,289,291,34,108500,31471300,2010-04-19 00:00:00,1
2010-04-20 00:00:00,2010-04-20 00:00:00,294,2010-04-20 00:00:00,292,292.25,25,18600,5446425,2010-04-20 00:00:00,1
2010-04-21 00:00:00,2010-04-21 00:00:00,292.5,2010-04-21 00:00:00,291,292,16,43000,12556325,2010-04-21 00:00:00,1
2010-04-22 00:00:00,2010-04-22 00:00:00,294,2010-04-22 00:00:00,292,292,25,26300,7682700,2010-04-22 00:00:00,1
2010-04-23 00:00:00,2010-04-23 00:00:00,300,2010-04-23 00:00:00,293,294,25,107800,31807775,2010-04-23 00:00:00,1
2010-04-26 00:00:00,2010-04-26 00:00:00,300,2010-04-26 00:00:00,293,297.5,19,15300,4503550,2010-04-26 00:00:00,1
2010-04-27 00:00:00,2010-04-27 00:00:00,304.75,2010-04-27 00:00:00,298,298,21,8200,2458825,2010-04-27 00:00:00,1
2010-04-29 00:00:00,2010-04-29 00:00:00,299,2010-04-29 00:00:00,295.5,295.75,9,2300,680300,2010-04-29 00:00:00,1
2010-04-30 00:00:00,2010-04-30 00:00:00,296,2010-04-30 00:00:00,292,292.5,7,1200,354425,2010-04-30 00:00:00,1
2010-05-03 00:00:00,2010-05-03 00:00:00,294,2010-05-03 00:00:00,292.5,293.25,26,9000,2636850,2010-05-03 00:00:00,1
2010-05-04 00:00:00,2010-05-04 00:00:00,293,2010-05-04 00:00:00,292,293,12,9100,2663850,2010-05-04 00:00:00,1
2010-05-05 00:00:00,2010-05-05 00:00:00,295,2010-05-05 00:00:00,292,293,7,6800,1994175,2010-05-05 00:00:00,1
2010-05-06 00:00:00,2010-05-06 00:00:00,296,2010-05-06 00:00:00,290,290,10,10300,2987800,2010-05-06 00:00:00,1
2010-05-07 00:00:00,2010-05-07 00:00:00,290.5,2010-05-07 00:00:00,289,290,11,6700,1943200,2010-05-07 00:00:00,1
2010-05-10 00:00:00,2010-05-10 00:00:00,290,2010-05-10 00:00:00,285,286.5,7,1700,487725,2010-05-10 00:00:00,1
2010-05-11 00:00:00,2010-05-11 00:00:00,290,2010-05-11 00:00:00,286,286.5,18,22800,6527125,2010-05-11 00:00:00,1
2010-05-12 00:00:00,2010-05-12 00:00:00,290,2010-05-12 00:00:00,285,286.75,9,1800,515300,2010-05-12 00:00:00,1
2010-05-13 00:00:00,2010-05-13 00:00:00,288,2010-05-13 00:00:00,286,286.5,20,14200,4063750,2010-05-13 00:00:00,1
2010-05-14 00:00:00,2010-05-14 00:00:00,288,2010-05-14 00:00:00,286,286,9,40100,11544600,2010-05-14 00:00:00,1
2010-05-17 00:00:00,2010-05-17 00:00:00,286,2010-05-17 00:00:00,276,276.25,23,5100,1420075,2010-05-17 00:00:00,1
2010-05-18 00:00:00,2010-05-18 00:00:00,281.75,2010-05-18 00:00:00,275,276,19,73500,20313800,2010-05-18 00:00:00,1
2010-05-19 00:00:00,2010-05-19 00:00:00,276,2010-05-19 00:00:00,270,270.75,33,172500,46655200,2010-05-19 00:00:00,1
2010-05-20 00:00:00,2010-05-20 00:00:00,270,2010-05-20 00:00:00,269,269.75,29,169200,45673550,2010-05-20 00:00:00,1
2010-05-21 00:00:00,2010-05-21 00:00:00,270,2010-05-21 00:00:00,267.5,267.75,31,55300,14896550,2010-05-21 00:00:00,1
2010-05-24 00:00:00,2010-05-24 00:00:00,267,2010-05-24 00:00:00,260.25,263.5,40,211400,55719075,2010-05-24 00:00:00,1
2010-05-25 00:00:00,2010-05-25 00:00:00,261,2010-05-25 00:00:00,253,254.25,63,446800,115473800,2010-05-25 00:00:00,1
2010-05-26 00:00:00,2010-05-26 00:00:00,260,2010-05-26 00:00:00,253,260,7,21500,5585550,2010-05-26 00:00:00,1
2010-05-31 00:00:00,2010-05-31 00:00:00,270,2010-05-31 00:00:00,260,265,12,4700,1233475,2010-05-31 00:00:00,1
2010-06-01 00:00:00,2010-06-01 00:00:00,268.75,2010-06-01 00:00:00,260,265.5,5,2700,706175,2010-06-01 00:00:00,1
2010-06-02 00:00:00,2010-06-02 00:00:00,265,2010-06-02 00:00:00,260,265,9,7100,1876100,2010-06-02 00:00:00,1
2010-06-03 00:00:00,2010-06-03 00:00:00,261,2010-06-03 00:00:00,260,261,9,1500,390525,2010-06-03 00:00:00,1
2010-06-04 00:00:00,2010-06-04 00:00:00,265,2010-06-04 00:00:00,260,265,7,3200,836400,2010-06-04 00:00:00,1
2010-06-07 00:00:00,2010-06-07 00:00:00,266,2010-06-07 00:00:00,263.75,265,16,103500,27426325,2010-06-07 00:00:00,1
2010-06-08 00:00:00,2010-06-08 00:00:00,265,2010-06-08 00:00:00,260,262,35,137200,35758125,2010-06-08 00:00:00,1
2010-06-09 00:00:00,2010-06-09 00:00:00,265,2010-06-09 00:00:00,260,260.5,15,34900,9079300,2010-06-09 00:00:00,1
2010-06-10 00:00:00,2010-06-10 00:00:00,261,2010-06-10 00:00:00,260,260,12,15500,4030200,2010-06-10 00:00:00,1
2010-06-11 00:00:00,2010-06-11 00:00:00,262,2010-06-11 00:00:00,260,260,22,150200,39052250,2010-06-11 00:00:00,1
2010-06-14 00:00:00,2010-06-14 00:00:00,272,2010-06-14 00:00:00,260,270,46,504900,136275700,2010-06-14 00:00:00,1
2010-06-15 00:00:00,2010-06-15 00:00:00,270,2010-06-15 00:00:00,269,270,8,1000,269800,2010-06-15 00:00:00,1
2010-06-16 00:00:00,2010-06-16 00:00:00,270,2010-06-16 00:00:00,267.5,270,5,3100,836750,2010-06-16 00:00:00,1
2010-06-17 00:00:00,2010-06-17 00:00:00,271,2010-06-17 00:00:00,270,270,14,7400,1999375,2010-06-17 00:00:00,1
2010-06-21 00:00:00,2010-06-21 00:00:00,270,2010-06-21 00:00:00,265,265.75,11,22800,6104700,2010-06-21 00:00:00,1
2010-06-22 00:00:00,2010-06-22 00:00:00,270,2010-06-22 00:00:00,261,265,5,75500,19633100,2010-06-22 00:00:00,1
2010-06-23 00:00:00,2010-06-23 00:00:00,265,2010-06-23 00:00:00,261,262.25,16,10300,2698325,2010-06-23 00:00:00,1
2010-06-24 00:00:00,2010-06-24 00:00:00,264,2010-06-24 00:00:00,262,262.5,10,3100,814600,2010-06-24 00:00:00,1
2010-06-28 00:00:00,2010-06-28 00:00:00,263,2010-06-28 00:00:00,262.5,263,13,4700,1236000,2010-06-28 00:00:00,1
2010-06-29 00:00:00,2010-06-29 00:00:00,280,2010-06-29 00:00:00,263,271.75,83,96700,26212725,2010-06-29 00:00:00,1
2010-06-30 00:00:00,2010-06-30 00:00:00,285,2010-06-30 00:00:00,275,278,48,"7,067,108    1",",978,686,715.00",2010-06-30 00:00:00,1
2010-07-01 00:00:00,2010-07-01 00:00:00,279,2010-07-01 00:00:00,278,278,8,4600,1282400,2010-07-01 00:00:00,1
2010-07-02 00:00:00,2010-07-02 00:00:00,275,2010-07-02 00:00:00,270,270,4,600,163500,2010-07-02 00:00:00,1
2010-07-05 00:00:00,2010-07-05 00:00:00,265.5,2010-07-05 00:00:00,261,262.75,8,4000,1051500,2010-07-05 00:00:00,1
2010-07-06 00:00:00,2010-07-06 00:00:00,262,2010-07-06 00:00:00,260,260,16,3900,1015175,2010-07-06 00:00:00,1
2010-07-07 00:00:00,2010-07-07 00:00:00,260.25,2010-07-07 00:00:00,260,260,11,1700,442050,2010-07-07 00:00:00,1
2010-07-08 00:00:00,2010-07-08 00:00:00,265,2010-07-08 00:00:00,260,265,6,4900,1274500,2010-07-08 00:00:00,1
2010-07-09 00:00:00,2010-07-09 00:00:00,260,2010-07-09 00:00:00,260,260,1,100,26000,2010-07-09 00:00:00,1
2010-07-12 00:00:00,2010-07-12 00:00:00,260.25,2010-07-12 00:00:00,260,260,14,30700,7982050,2010-07-12 00:00:00,1
2010-07-13 00:00:00,2010-07-13 00:00:00,262,2010-07-13 00:00:00,260,262,12,11900,3095600,2010-07-13 00:00:00,1
2010-07-14 00:00:00,2010-07-14 00:00:00,275,2010-07-14 00:00:00,265,265,5,1300,346700,2010-07-14 00:00:00,1
2010-07-15 00:00:00,2010-07-15 00:00:00,262,2010-07-15 00:00:00,260,261.5,7,2400,627800,2010-07-15 00:00:00,1
2010-07-16 00:00:00,2010-07-16 00:00:00,262,2010-07-16 00:00:00,260,260.5,11,7300,1899650,2010-07-16 00:00:00,1
2010-07-19 00:00:00,2010-07-19 00:00:00,265.25,2010-07-19 00:00:00,261,263.75,19,5800,1534625,2010-07-19 00:00:00,1
2010-07-20 00:00:00,2010-07-20 00:00:00,264,2010-07-20 00:00:00,260,264,8,2500,654150,2010-07-20 00:00:00,1
2010-07-21 00:00:00,2010-07-21 00:00:00,266,2010-07-21 00:00:00,264,265,21,14800,3919300,2010-07-21 00:00:00,1
2010-07-22 00:00:00,2010-07-22 00:00:00,269,2010-07-22 00:00:00,267.5,268.25,4,2400,643500,2010-07-22 00:00:00,1
2010-07-23 00:00:00,2010-07-23 00:00:00,269,2010-07-23 00:00:00,265.25,267,6,4600,1234025,2010-07-23 00:00:00,1
2010-07-26 00:00:00,2010-07-26 00:00:00,267,2010-07-26 00:00:00,264.5,264.5,3,1100,292450,2010-07-26 00:00:00,1
2010-07-27 00:00:00,2010-07-27 00:00:00,265,2010-07-27 00:00:00,263,265,13,6200,1642400,2010-07-27 00:00:00,1
2010-07-28 00:00:00,2010-07-28 00:00:00,278.5,2010-07-28 00:00:00,265,277.75,41,20200,5544600,2010-07-28 00:00:00,1
2010-07-29 00:00:00,2010-07-29 00:00:00,277,2010-07-29 00:00:00,275,275,5,2300,634700,2010-07-29 00:00:00,1
2010-07-30 00:00:00,2010-07-30 00:00:00,278,2010-07-30 00:00:00,275,275,3,900,249600,2010-07-30 00:00:00,1
2010-08-02 00:00:00,2010-08-02 00:00:00,278,2010-08-02 00:00:00,267.5,267.7,15,4800,1299680,2010-08-02 00:00:00,1
2010-08-03 00:00:00,2010-08-03 00:00:00,267,2010-08-03 00:00:00,258,261,5,700,182700,2010-08-03 00:00:00,1
2010-08-04 00:00:00,2010-08-04 00:00:00,260,2010-08-04 00:00:00,251,260,12,2800,723100,2010-08-04 00:00:00,1
2010-08-05 00:00:00,2010-08-05 00:00:00,278,2010-08-05 00:00:00,250.1,261,24,7300,1891720,2010-08-05 00:00:00,1
2010-08-06 00:00:00,2010-08-06 00:00:00,260,2010-08-06 00:00:00,256.5,259.8,7,2200,571600,2010-08-06 00:00:00,1
2010-08-09 00:00:00,2010-08-09 00:00:00,256,2010-08-09 00:00:00,246,248.1,44,67300,16818010,2010-08-09 00:00:00,1
2010-08-10 00:00:00,2010-08-10 00:00:00,255,2010-08-10 00:00:00,241,252.2,35,16400,4101350,2010-08-10 00:00:00,1
2010-08-11 00:00:00,2010-08-11 00:00:00,268,2010-08-11 00:00:00,253,254,8,4400,1119310,2010-08-11 00:00:00,1
2010-08-12 00:00:00,2010-08-12 00:00:00,253.2,2010-08-12 00:00:00,253.1,253.2,6,700,177220,2010-08-12 00:00:00,1
2010-08-13 00:00:00,2010-08-13 00:00:00,253.1,2010-08-13 00:00:00,248,248.5,30,16300,4057240,2010-08-13 00:00:00,1
2010-08-16 00:00:00,2010-08-16 00:00:00,260,2010-08-16 00:00:00,250.6,253.9,55,86600,22071430,2010-08-16 00:00:00,1
2010-08-17 00:00:00,2010-08-17 00:00:00,253.9,2010-08-17 00:00:00,251,252.9,14,9300,2358290,2010-08-17 00:00:00,1
2010-08-18 00:00:00,2010-08-18 00:00:00,253,2010-08-18 00:00:00,250,251.8,26,9300,2342420,2010-08-18 00:00:00,1
2010-08-19 00:00:00,2010-08-19 00:00:00,270,2010-08-19 00:00:00,253,255,21,10300,2647220,2010-08-19 00:00:00,1
2010-08-20 00:00:00,2010-08-20 00:00:00,257,2010-08-20 00:00:00,251,252.2,13,8900,2248240,2010-08-20 00:00:00,1
2010-08-23 00:00:00,2010-08-23 00:00:00,252.5,2010-08-23 00:00:00,251,252,7,11300,2852600,2010-08-23 00:00:00,1
2010-08-25 00:00:00,2010-08-25 00:00:00,255,2010-08-25 00:00:00,250,251.1,17,14400,3642950,2010-08-25 00:00:00,1
2010-08-26 00:00:00,2010-08-26 00:00:00,257,2010-08-26 00:00:00,242,254.4,16,18200,4630030,2010-08-26 00:00:00,1
2010-08-27 00:00:00,2010-08-27 00:00:00,256.9,2010-08-27 00:00:00,255,256.9,10,3200,820710,2010-08-27 00:00:00,1
2010-08-30 00:00:00,2010-08-30 00:00:00,256,2010-08-30 00:00:00,251,253,9,5900,1497400,2010-08-30 00:00:00,1
2010-08-31 00:00:00,2010-08-31 00:00:00,256,2010-08-31 00:00:00,253,253.1,29,23300,5917460,2010-08-31 00:00:00,1
2010-09-01 00:00:00,2010-09-01 00:00:00,252,2010-09-01 00:00:00,250,250.9,9,6000,1506000,2010-09-01 00:00:00,1
2010-09-02 00:00:00,2010-09-02 00:00:00,250,2010-09-02 00:00:00,247.5,247.6,25,21200,5287560,2010-09-02 00:00:00,1
2010-09-03 00:00:00,2010-09-03 00:00:00,258,2010-09-03 00:00:00,250,255.7,46,57600,14623800,2010-09-03 00:00:00,1
2010-09-06 00:00:00,2010-09-06 00:00:00,261,2010-09-06 00:00:00,256,259.4,23,9100,2360770,2010-09-06 00:00:00,1
2010-09-07 00:00:00,2010-09-07 00:00:00,259.9,2010-09-07 00:00:00,255,255.5,19,6100,1556620,2010-09-07 00:00:00,1
2010-09-08 00:00:00,2010-09-08 00:00:00,260,2010-09-08 00:00:00,252,256.7,17,34400,8832500,2010-09-08 00:00:00,1
2010-09-09 00:00:00,2010-09-09 00:00:00,256.7,2010-09-09 00:00:00,253,255.5,27,25800,6573480,2010-09-09 00:00:00,1
2010-09-13 00:00:00,2010-09-13 00:00:00,260,2010-09-13 00:00:00,253,255.6,18,9600,2452230,2010-09-13 00:00:00,1
2010-09-14 00:00:00,2010-09-14 00:00:00,260,2010-09-14 00:00:00,254,257,23,17100,4400760,2010-09-14 00:00:00,1
2010-09-15 00:00:00,2010-09-15 00:00:00,257,2010-09-15 00:00:00,254,255.1,28,19600,4993390,2010-09-15 00:00:00,1
2010-09-16 00:00:00,2010-09-16 00:00:00,258,2010-09-16 00:00:00,253,255.7,32,88300,22517410,2010-09-16 00:00:00,1
2010-09-17 00:00:00,2010-09-17 00:00:00,255.5,2010-09-17 00:00:00,255,255.2,26,37700,9620920,2010-09-17 00:00:00,1
2010-09-20 00:00:00,2010-09-20 00:00:00,270,2010-09-20 00:00:00,256.5,265.1,53,235200,61334910,2010-09-20 00:00:00,1
2010-09-21 00:00:00,2010-09-21 00:00:00,272,2010-09-21 00:00:00,260,271.9,42,24100,6495630,2010-09-21 00:00:00,1
2010-09-23 00:00:00,2010-09-23 00:00:00,285,2010-09-23 00:00:00,273,281.2,55,28300,7859550,2010-09-23 00:00:00,1
2010-09-24 00:00:00,2010-09-24 00:00:00,290,2010-09-24 00:00:00,280,281.9,44,10100,2869800,2010-09-24 00:00:00,1
2010-09-27 00:00:00,2010-09-27 00:00:00,285,2010-09-27 00:00:00,278,279.9,38,21100,5944210,2010-09-27 00:00:00,1
2010-09-28 00:00:00,2010-09-28 00:00:00,279.9,2010-09-28 00:00:00,274,275,18,3300,909470,2010-09-28 00:00:00,1
2010-09-29 00:00:00,2010-09-29 00:00:00,275,2010-09-29 00:00:00,269,270,20,11900,3216300,2010-09-29 00:00:00,1
2010-09-30 00:00:00,2010-09-30 00:00:00,272,2010-09-30 00:00:00,270,270,13,23700,6400000,2010-09-30 00:00:00,1
2010-10-01 00:00:00,2010-10-01 00:00:00,284.9,2010-10-01 00:00:00,265,281.2,67,"4,292,300    1",",159,233,300.00",2010-10-01 00:00:00,1
2010-10-04 00:00:00,2010-10-04 00:00:00,315,2010-10-04 00:00:00,275,288.2,507,"3,864,318    1",",061,740,370.00",2010-10-04 00:00:00,1
2010-10-05 00:00:00,2010-10-05 00:00:00,308.8,2010-10-05 00:00:00,289,294.7,85,41000,12197260,2010-10-05 00:00:00,1
2010-10-06 00:00:00,2010-10-06 00:00:00,308,2010-10-06 00:00:00,294,300.3,181,295800,88770960,2010-10-06 00:00:00,1
2010-10-07 00:00:00,2010-10-07 00:00:00,302,2010-10-07 00:00:00,280,290.3,74,36400,10684310,2010-10-07 00:00:00,1
2010-10-08 00:00:00,2010-10-08 00:00:00,299.9,2010-10-08 00:00:00,282,297.6,51,21900,6448100,2010-10-08 00:00:00,1
2010-10-11 00:00:00,2010-10-11 00:00:00,303.5,2010-10-11 00:00:00,295,295.8,63,103000,30907760,2010-10-11 00:00:00,1
2010-10-12 00:00:00,2010-10-12 00:00:00,286,2010-10-12 00:00:00,274,275.1,118,83800,23347930,2010-10-12 00:00:00,1
2010-10-13 00:00:00,2010-10-13 00:00:00,285,2010-10-13 00:00:00,260,275.4,204,94300,25867690,2010-10-13 00:00:00,1
2010-10-14 00:00:00,2010-10-14 00:00:00,272,2010-10-14 00:00:00,270,272,11,4400,1193500,2010-10-14 00:00:00,1
2010-10-15 00:00:00,2010-10-15 00:00:00,285,2010-10-15 00:00:00,269,272,15,3200,868000,2010-10-15 00:00:00,1
2010-10-18 00:00:00,2010-10-18 00:00:00,288,2010-10-18 00:00:00,272.5,282.5,63,478400,134021730,2010-10-18 00:00:00,1
2010-10-19 00:00:00,2010-10-19 00:00:00,298,2010-10-19 00:00:00,285,292.8,112,120900,35122760,2010-10-19 00:00:00,1
2010-10-20 00:00:00,2010-10-20 00:00:00,299.6,2010-10-20 00:00:00,284,285.2,33,114200,33090960,2010-10-20 00:00:00,1
2010-10-21 00:00:00,2010-10-21 00:00:00,289,2010-10-21 00:00:00,280,281,7,3000,843210,2010-10-21 00:00:00,1
2010-10-25 00:00:00,2010-10-25 00:00:00,293,2010-10-25 00:00:00,279,282.1,22,9500,2701820,2010-10-25 00:00:00,1
2010-10-26 00:00:00,2010-10-26 00:00:00,280,2010-10-26 00:00:00,271,273.5,17,18200,5007660,2010-10-26 00:00:00,1
2010-10-27 00:00:00,2010-10-27 00:00:00,277,2010-10-27 00:00:00,270,276.6,22,6300,1722500,2010-10-27 00:00:00,1
2010-10-28 00:00:00,2010-10-28 00:00:00,280,2010-10-28 00:00:00,272,274.2,22,5800,1595430,2010-10-28 00:00:00,1
2010-10-29 00:00:00,2010-10-29 00:00:00,292,2010-10-29 00:00:00,276,285.2,31,19700,5624930,2010-10-29 00:00:00,1
2010-11-01 00:00:00,2010-11-01 00:00:00,289,2010-11-01 00:00:00,286,286,13,2500,718310,2010-11-01 00:00:00,1
2010-11-02 00:00:00,2010-11-02 00:00:00,289,2010-11-02 00:00:00,284.2,285,11,10400,2965440,2010-11-02 00:00:00,1
2010-11-03 00:00:00,2010-11-03 00:00:00,291,2010-11-03 00:00:00,287.5,289.9,55,25400,7351430,2010-11-03 00:00:00,1
2010-11-04 00:00:00,2010-11-04 00:00:00,290,2010-11-04 00:00:00,283,290,17,10600,3055300,2010-11-04 00:00:00,1
2010-11-08 00:00:00,2010-11-08 00:00:00,296,2010-11-08 00:00:00,292,295,80,97700,28820910,2010-11-08 00:00:00,1
2010-11-09 00:00:00,2010-11-09 00:00:00,297.5,2010-11-09 00:00:00,290,294.7,22,8000,2353000,2010-11-09 00:00:00,1
2010-11-10 00:00:00,2010-11-10 00:00:00,297,2010-11-10 00:00:00,293.1,293.6,18,6000,1772100,2010-11-10 00:00:00,1
2010-11-11 00:00:00,2010-11-11 00:00:00,295,2010-11-11 00:00:00,293.5,294.6,7,1700,500770,2010-11-11 00:00:00,1
2010-11-12 00:00:00,2010-11-12 00:00:00,296.5,2010-11-12 00:00:00,291,295,28,27200,8020580,2010-11-12 00:00:00,1
2010-11-15 00:00:00,2010-11-15 00:00:00,295,2010-11-15 00:00:00,290.1,290.2,14,18800,5481120,2010-11-15 00:00:00,1
2010-11-16 00:00:00,2010-11-16 00:00:00,295,2010-11-16 00:00:00,285,292.7,33,49300,14312620,2010-11-16 00:00:00,1
2010-11-18 00:00:00,2010-11-18 00:00:00,298,2010-11-18 00:00:00,290,295,30,40900,12098310,2010-11-18 00:00:00,1
2010-11-22 00:00:00,2010-11-22 00:00:00,295,2010-11-22 00:00:00,291,294,6,2100,614800,2010-11-22 00:00:00,1
2010-11-23 00:00:00,2010-11-23 00:00:00,298.5,2010-11-23 00:00:00,286.5,289,27,14600,4257980,2010-11-23 00:00:00,1
2010-11-24 00:00:00,2010-11-24 00:00:00,295,2010-11-24 00:00:00,290,290,19,1010100,294945580,2010-11-24 00:00:00,1
2010-11-25 00:00:00,2010-11-25 00:00:00,291,2010-11-25 00:00:00,290,290,14,227630,66452560,2010-11-25 00:00:00,1
2010-11-26 00:00:00,2010-11-26 00:00:00,280,2010-11-26 00:00:00,280,280,1,400,112000,2010-11-26 00:00:00,1
2010-11-29 00:00:00,2010-11-29 00:00:00,280.5,2010-11-29 00:00:00,280,280,16,6700,1876230,2010-11-29 00:00:00,1
2010-11-30 00:00:00,2010-11-30 00:00:00,295,2010-11-30 00:00:00,280,280.1,24,54300,15467890,2010-11-30 00:00:00,1
2010-12-01 00:00:00,2010-12-01 00:00:00,288.9,2010-12-01 00:00:00,281,287.1,8,2000,571820,2010-12-01 00:00:00,1
2010-12-02 00:00:00,2010-12-02 00:00:00,283,2010-12-02 00:00:00,282.1,282.4,6,1400,395120,2010-12-02 00:00:00,1
2010-12-03 00:00:00,2010-12-03 00:00:00,289.9,2010-12-03 00:00:00,287,287.3,10,1800,517590,2010-12-03 00:00:00,1
2010-12-06 00:00:00,2010-12-06 00:00:00,285,2010-12-06 00:00:00,280,280,29,129400,36312940,2010-12-06 00:00:00,1
2010-12-07 00:00:00,2010-12-07 00:00:00,280,2010-12-07 00:00:00,280,280,2,1000,280000,2010-12-07 00:00:00,1
2010-12-08 00:00:00,2010-12-08 00:00:00,273.1,2010-12-08 00:00:00,270.2,273.1,6,1200,325760,2010-12-08 00:00:00,1
2010-12-09 00:00:00,2010-12-09 00:00:00,274,2010-12-09 00:00:00,271.1,273.9,9,2100,574720,2010-12-09 00:00:00,1
2010-12-10 00:00:00,2010-12-10 00:00:00,273,2010-12-10 00:00:00,270,270.1,20,14300,3864440,2010-12-10 00:00:00,1
2010-12-13 00:00:00,2010-12-13 00:00:00,270.1,2010-12-13 00:00:00,266.5,270,14,17500,4724370,2010-12-13 00:00:00,1
2010-12-15 00:00:00,2010-12-15 00:00:00,270,2010-12-15 00:00:00,268.9,268.9,11,4000,1076080,2010-12-15 00:00:00,1
2010-12-16 00:00:00,2010-12-16 00:00:00,269,2010-12-16 00:00:00,265,269,7,1200,318430,2010-12-16 00:00:00,1
2010-12-17 00:00:00,2010-12-17 00:00:00,270,2010-12-17 00:00:00,269,269,14,15400,4157800,2010-12-17 00:00:00,1
2010-12-21 00:00:00,2010-12-21 00:00:00,268,2010-12-21 00:00:00,266,268,6,6200,1659100,2010-12-21 00:00:00,1
2010-12-22 00:00:00,2010-12-22 00:00:00,268,2010-12-22 00:00:00,268,268,2,2400,643200,2010-12-22 00:00:00,1
2010-12-23 00:00:00,2010-12-23 00:00:00,270.5,2010-12-23 00:00:00,269.2,270.2,7,7400,1998930,2010-12-23 00:00:00,1
2010-12-24 00:00:00,2010-12-24 00:00:00,271,2010-12-24 00:00:00,270,270.5,3,2200,595000,2010-12-24 00:00:00,1
2010-12-27 00:00:00,2010-12-27 00:00:00,271.1,2010-12-27 00:00:00,270,271,5,5400,1463200,2010-12-27 00:00:00,1
2010-12-28 00:00:00,2010-12-28 00:00:00,278,2010-12-28 00:00:00,270.1,277,6,3400,921790,2010-12-28 00:00:00,1
2010-12-29 00:00:00,2010-12-29 00:00:00,275,2010-12-29 00:00:00,275,275,2,300,82500,2010-12-29 00:00:00,1
2010-12-30 00:00:00,2010-12-30 00:00:00,274,2010-12-30 00:00:00,272,272.6,11,3600,981250,2010-12-30 00:00:00,1
2010-12-31 00:00:00,2010-12-31 00:00:00,275,2010-12-31 00:00:00,272.2,275,9,1600,437200,2010-12-31 00:00:00,1
Company Id :  DPL,,Security Type :  N,,Sub Type :  0000,,,,,,
Short Name :  DANKOTUWA PORCEL,,,,,,,,,,
Day,Date High,High,Date Low,Low,Closing,No. of Trades,No. of Shares,Turnover,Last Traded,Days Traded
2010-01-04 00:00:00,2010-01-04 00:00:00,11.75,2010-01-04 00:00:00,11.5,11.5,55,186500,2164250,2010-01-04 00:00:00,1
2010-01-05 00:00:00,2010-01-05 00:00:00,11.75,2010-01-05 00:00:00,11.25,11.5,50,117700,1341475,2010-01-05 00:00:00,1
2010-01-06 00:00:00,2010-01-06 00:00:00,11.5,2010-01-06 00:00:00,11,11.25,29,40000,449250,2010-01-06 00:00:00,1
2010-01-07 00:00:00,2010-01-07 00:00:00,11.25,2010-01-07 00:00:00,10.75,11,76,196500,2181100,2010-01-07 00:00:00,1
2010-01-08 00:00:00,2010-01-08 00:00:00,11.75,2010-01-08 00:00:00,11,11.5,66,289900,3300725,2010-01-08 00:00:00,1
2010-01-11 00:00:00,2010-01-11 00:00:00,13.25,2010-01-11 00:00:00,11.5,13,355,1208200,15088425,2010-01-11 00:00:00,1
2010-01-12 00:00:00,2010-01-12 00:00:00,13.5,2010-01-12 00:00:00,12,12,135,420100,5376950,2010-01-12 00:00:00,1
2010-01-13 00:00:00,2010-01-13 00:00:00,12.5,2010-01-13 00:00:00,11.75,12,37,68300,821600,2010-01-13 00:00:00,1
2010-01-15 00:00:00,2010-01-15 00:00:00,12.25,2010-01-15 00:00:00,11.25,11.25,30,47700,552250,2010-01-15 00:00:00,1
2010-01-18 00:00:00,2010-01-18 00:00:00,12.5,2010-01-18 00:00:00,11.25,11.5,114,367100,4432200,2010-01-18 00:00:00,1
2010-01-19 00:00:00,2010-01-19 00:00:00,11.75,2010-01-19 00:00:00,11.25,11.5,23,41700,474325,2010-01-19 00:00:00,1
2010-01-20 00:00:00,2010-01-20 00:00:00,11.75,2010-01-20 00:00:00,11.5,11.5,18,30300,350025,2010-01-20 00:00:00,1
2010-01-21 00:00:00,2010-01-21 00:00:00,11.5,2010-01-21 00:00:00,11.25,11.25,8,8400,95350,2010-01-21 00:00:00,1
2010-01-22 00:00:00,2010-01-22 00:00:00,11.5,2010-01-22 00:00:00,11,11,31,89000,992800,2010-01-22 00:00:00,1
2010-01-25 00:00:00,2010-01-25 00:00:00,11.5,2010-01-25 00:00:00,10.75,11,45,59200,660000,2010-01-25 00:00:00,1
2010-01-26 00:00:00,2010-01-26 00:00:00,11.25,2010-01-26 00:00:00,11,11.25,11,119000,1334000,2010-01-26 00:00:00,1
2010-01-28 00:00:00,2010-01-28 00:00:00,11.5,2010-01-28 00:00:00,10.5,11,62,81600,908550,2010-01-28 00:00:00,1
2010-02-01 00:00:00,2010-02-01 00:00:00,11.25,2010-02-01 00:00:00,10.75,10.75,41,84900,926875,2010-02-01 00:00:00,1
2010-02-02 00:00:00,2010-02-02 00:00:00,11,2010-02-02 00:00:00,10.75,10.75,12,13300,143050,2010-02-02 00:00:00,1
2010-02-03 00:00:00,2010-02-03 00:00:00,12.5,2010-02-03 00:00:00,11,12.25,212,882900,10301800,2010-02-03 00:00:00,1
2010-02-05 00:00:00,2010-02-05 00:00:00,13,2010-02-05 00:00:00,11.75,12.25,78,135500,1684375,2010-02-05 00:00:00,1
2010-02-08 00:00:00,2010-02-08 00:00:00,12.75,2010-02-08 00:00:00,12.25,12.25,43,46700,580375,2010-02-08 00:00:00,1
2010-02-09 00:00:00,2010-02-09 00:00:00,12.5,2010-02-09 00:00:00,11.5,11.5,32,48500,566725,2010-02-09 00:00:00,1
2010-02-10 00:00:00,2010-02-10 00:00:00,11.75,2010-02-10 00:00:00,11.5,11.75,11,12600,147300,2010-02-10 00:00:00,1
2010-02-11 00:00:00,2010-02-11 00:00:00,11.5,2010-02-11 00:00:00,11.25,11.5,17,17400,197600,2010-02-11 00:00:00,1
2010-02-12 00:00:00,2010-02-12 00:00:00,11.5,2010-02-12 00:00:00,10.5,11,25,33400,372850,2010-02-12 00:00:00,1
2010-02-15 00:00:00,2010-02-15 00:00:00,11.75,2010-02-15 00:00:00,11.5,11.5,13,19600,227950,2010-02-15 00:00:00,1
2010-02-16 00:00:00,2010-02-16 00:00:00,11.5,2010-02-16 00:00:00,11,11,24,26300,292625,2010-02-16 00:00:00,1
2010-02-17 00:00:00,2010-02-17 00:00:00,11.5,2010-02-17 00:00:00,11,11,19,27100,302525,2010-02-17 00:00:00,1
2010-02-18 00:00:00,2010-02-18 00:00:00,11.25,2010-02-18 00:00:00,11,11,13,65900,728900,2010-02-18 00:00:00,1
2010-02-19 00:00:00,2010-02-19 00:00:00,11.5,2010-02-19 00:00:00,10.75,11.5,14,19400,221425,2010-02-19 00:00:00,1
2010-02-22 00:00:00,2010-02-22 00:00:00,11.5,2010-02-22 00:00:00,11.25,11.25,8,18700,212875,2010-02-22 00:00:00,1
2010-02-23 00:00:00,2010-02-23 00:00:00,11.25,2010-02-23 00:00:00,11,11.25,3,1200,13475,2010-02-23 00:00:00,1
2010-02-24 00:00:00,2010-02-24 00:00:00,11.5,2010-02-24 00:00:00,11,11.25,12,15700,174350,2010-02-24 00:00:00,1
2010-02-25 00:00:00,2010-02-25 00:00:00,11.5,2010-02-25 00:00:00,11.25,11.5,3,7600,86075,2010-02-25 00:00:00,1
2010-02-26 00:00:00,2010-02-26 00:00:00,11.5,2010-02-26 00:00:00,11.5,11.5,10,21400,246100,2010-02-26 00:00:00,1
2010-03-01 00:00:00,2010-03-01 00:00:00,11.75,2010-03-01 00:00:00,11.25,11.5,12,54900,627625,2010-03-01 00:00:00,1
2010-03-02 00:00:00,2010-03-02 00:00:00,12.5,2010-03-02 00:00:00,11.5,12.25,83,172300,2069575,2010-03-02 00:00:00,1
2010-03-03 00:00:00,2010-03-03 00:00:00,12.75,2010-03-03 00:00:00,12,12,43,76700,936525,2010-03-03 00:00:00,1
2010-03-04 00:00:00,2010-03-04 00:00:00,12.25,2010-03-04 00:00:00,11.75,11.75,20,34300,404825,2010-03-04 00:00:00,1
2010-03-05 00:00:00,2010-03-05 00:00:00,11.75,2010-03-05 00:00:00,11.75,11.75,11,16600,195050,2010-03-05 00:00:00,1
2010-03-08 00:00:00,2010-03-08 00:00:00,11.75,2010-03-08 00:00:00,11.5,11.5,2,6600,76300,2010-03-08 00:00:00,1
2010-03-09 00:00:00,2010-03-09 00:00:00,11.5,2010-03-09 00:00:00,11.25,11.25,19,41700,475825,2010-03-09 00:00:00,1
2010-03-10 00:00:00,2010-03-10 00:00:00,11.25,2010-03-10 00:00:00,11.25,11.25,18,57300,644625,2010-03-10 00:00:00,1
2010-03-11 00:00:00,2010-03-11 00:00:00,11.75,2010-03-11 00:00:00,11.25,11.5,19,27900,321050,2010-03-11 00:00:00,1
2010-03-12 00:00:00,2010-03-12 00:00:00,12,2010-03-12 00:00:00,11.75,12,27,32800,391550,2010-03-12 00:00:00,1
2010-03-15 00:00:00,2010-03-15 00:00:00,12,2010-03-15 00:00:00,11.75,11.75,23,49700,588600,2010-03-15 00:00:00,1
2010-03-16 00:00:00,2010-03-16 00:00:00,11.75,2010-03-16 00:00:00,11.25,11.5,13,49000,563250,2010-03-16 00:00:00,1
2010-03-17 00:00:00,2010-03-17 00:00:00,11.5,2010-03-17 00:00:00,11.25,11.5,3,3100,35500,2010-03-17 00:00:00,1
2010-03-18 00:00:00,2010-03-18 00:00:00,11.75,2010-03-18 00:00:00,11.5,11.5,9,21000,242500,2010-03-18 00:00:00,1
2010-03-19 00:00:00,2010-03-19 00:00:00,11.75,2010-03-19 00:00:00,11.25,11.25,13,45400,519100,2010-03-19 00:00:00,1
2010-03-22 00:00:00,2010-03-22 00:00:00,11.75,2010-03-22 00:00:00,11,11,28,106200,1182400,2010-03-22 00:00:00,1
2010-03-23 00:00:00,2010-03-23 00:00:00,11,2010-03-23 00:00:00,10.75,10.75,10,11300,122000,2010-03-23 00:00:00,1
2010-03-24 00:00:00,2010-03-24 00:00:00,11,2010-03-24 00:00:00,10.5,10.5,19,32300,342475,2010-03-24 00:00:00,1
2010-03-25 00:00:00,2010-03-25 00:00:00,10.75,2010-03-25 00:00:00,10.75,10.75,2,10000,107500,2010-03-25 00:00:00,1
2010-03-26 00:00:00,2010-03-26 00:00:00,11,2010-03-26 00:00:00,10.75,10.75,12,23700,257300,2010-03-26 00:00:00,1
2010-03-30 00:00:00,2010-03-30 00:00:00,10.75,2010-03-30 00:00:00,10,10,30,133800,1356050,2010-03-30 00:00:00,1
2010-03-31 00:00:00,2010-03-31 00:00:00,10.75,2010-03-31 00:00:00,10,10.5,32,55900,586225,2010-03-31 00:00:00,1
2010-04-01 00:00:00,2010-04-01 00:00:00,10.5,2010-04-01 00:00:00,10.25,10.5,10,13700,140725,2010-04-01 00:00:00,1
2010-04-05 00:00:00,2010-04-05 00:00:00,10.5,2010-04-05 00:00:00,10,10.25,32,70600,723425,2010-04-05 00:00:00,1
2010-04-06 00:00:00,2010-04-06 00:00:00,11,2010-04-06 00:00:00,10.5,11,72,145100,1565900,2010-04-06 00:00:00,1
2010-04-07 00:00:00,2010-04-07 00:00:00,11.5,2010-04-07 00:00:00,10.5,10.5,25,46600,512875,2010-04-07 00:00:00,1
2010-04-08 00:00:00,2010-04-08 00:00:00,11,2010-04-08 00:00:00,10.5,10.75,15,12500,135250,2010-04-08 00:00:00,1
2010-04-12 00:00:00,2010-04-12 00:00:00,11.25,2010-04-12 00:00:00,11,11,3,700,7750,2010-04-12 00:00:00,1
2010-04-15 00:00:00,2010-04-15 00:00:00,11,2010-04-15 00:00:00,10.75,10.75,20,61100,667100,2010-04-15 00:00:00,1
2010-04-16 00:00:00,2010-04-16 00:00:00,11.25,2010-04-16 00:00:00,10.75,11,14,22500,247850,2010-04-16 00:00:00,1
2010-04-19 00:00:00,2010-04-19 00:00:00,11,2010-04-19 00:00:00,10.75,11,16,25600,278950,2010-04-19 00:00:00,1
2010-04-20 00:00:00,2010-04-20 00:00:00,12.5,2010-04-20 00:00:00,11,11.75,143,663300,7713675,2010-04-20 00:00:00,1
2010-04-21 00:00:00,2010-04-21 00:00:00,12.5,2010-04-21 00:00:00,11.5,12.5,141,388100,4766350,2010-04-21 00:00:00,1
2010-04-22 00:00:00,2010-04-22 00:00:00,12.5,2010-04-22 00:00:00,12,12.25,51,94400,1160400,2010-04-22 00:00:00,1
2010-04-23 00:00:00,2010-04-23 00:00:00,15,2010-04-23 00:00:00,12.5,14.75,824,3595500,50828400,2010-04-23 00:00:00,1
2010-04-26 00:00:00,2010-04-26 00:00:00,15,2010-04-26 00:00:00,14.25,14.5,159,801300,11757000,2010-04-26 00:00:00,1
2010-04-27 00:00:00,2010-04-27 00:00:00,15,2010-04-27 00:00:00,14.5,14.75,75,331200,4823575,2010-04-27 00:00:00,1
2010-04-29 00:00:00,2010-04-29 00:00:00,15,2010-04-29 00:00:00,14.5,14.5,37,108800,1590200,2010-04-29 00:00:00,1
2010-04-30 00:00:00,2010-04-30 00:00:00,17.25,2010-04-30 00:00:00,15,16.75,563,2334800,38061825,2010-04-30 00:00:00,1
2010-05-03 00:00:00,2010-05-03 00:00:00,17.75,2010-05-03 00:00:00,16.25,16.5,230,624300,10579675,2010-05-03 00:00:00,1
2010-05-04 00:00:00,2010-05-04 00:00:00,16.5,2010-05-04 00:00:00,15.75,16.25,56,85500,1372800,2010-05-04 00:00:00,1
2010-05-05 00:00:00,2010-05-05 00:00:00,17,2010-05-05 00:00:00,16.25,16.5,97,256200,4274625,2010-05-05 00:00:00,1
2010-05-06 00:00:00,2010-05-06 00:00:00,16.5,2010-05-06 00:00:00,15,15.5,74,100700,1579625,2010-05-06 00:00:00,1
2010-05-07 00:00:00,2010-05-07 00:00:00,17.5,2010-05-07 00:00:00,15.75,17,412,1880300,31644925,2010-05-07 00:00:00,1
2010-05-10 00:00:00,2010-05-10 00:00:00,18,2010-05-10 00:00:00,16.5,16.5,323,1116800,19427475,2010-05-10 00:00:00,1
2010-05-11 00:00:00,2010-05-11 00:00:00,16.75,2010-05-11 00:00:00,15.75,16.25,198,390200,6255350,2010-05-11 00:00:00,1
2010-05-12 00:00:00,2010-05-12 00:00:00,18,2010-05-12 00:00:00,16.75,17,322,810200,14026325,2010-05-12 00:00:00,1
2010-05-13 00:00:00,2010-05-13 00:00:00,17.25,2010-05-13 00:00:00,16.5,16.75,53,120400,2020900,2010-05-13 00:00:00,1
2010-05-14 00:00:00,2010-05-14 00:00:00,16.75,2010-05-14 00:00:00,16.25,16.5,24,51900,855875,2010-05-14 00:00:00,1
2010-05-17 00:00:00,2010-05-17 00:00:00,16.25,2010-05-17 00:00:00,15.75,16,81,166000,2659200,2010-05-17 00:00:00,1
2010-05-18 00:00:00,2010-05-18 00:00:00,16,2010-05-18 00:00:00,15.75,15.75,76,135400,2155400,2010-05-18 00:00:00,1
2010-05-19 00:00:00,2010-05-19 00:00:00,16.75,2010-05-19 00:00:00,15.5,16,181,365900,5905900,2010-05-19 00:00:00,1
2010-05-20 00:00:00,2010-05-20 00:00:00,18,2010-05-20 00:00:00,16,17.25,1016,3549700,61701550,2010-05-20 00:00:00,1
2010-05-21 00:00:00,2010-05-21 00:00:00,17.75,2010-05-21 00:00:00,16.75,17,397,1110400,19235325,2010-05-21 00:00:00,1
2010-05-24 00:00:00,2010-05-24 00:00:00,17.75,2010-05-24 00:00:00,16.5,16.5,95,302800,5109675,2010-05-24 00:00:00,1
2010-05-25 00:00:00,2010-05-25 00:00:00,16.5,2010-05-25 00:00:00,15.75,16,188,605900,9713325,2010-05-25 00:00:00,1
2010-05-26 00:00:00,2010-05-26 00:00:00,17.25,2010-05-26 00:00:00,16,17,240,892600,14862000,2010-05-26 00:00:00,1
2010-05-31 00:00:00,2010-05-31 00:00:00,19,2010-05-31 00:00:00,17,18.5,775,2854500,51316600,2010-05-31 00:00:00,1
2010-06-01 00:00:00,2010-06-01 00:00:00,19.25,2010-06-01 00:00:00,17.75,17.75,549,1878400,34561775,2010-06-01 00:00:00,1
2010-06-02 00:00:00,2010-06-02 00:00:00,18,2010-06-02 00:00:00,17.25,17.25,105,170200,2970800,2010-06-02 00:00:00,1
2010-06-03 00:00:00,2010-06-03 00:00:00,18.5,2010-06-03 00:00:00,17.5,17.75,314,920700,16496300,2010-06-03 00:00:00,1
2010-06-04 00:00:00,2010-06-04 00:00:00,18.25,2010-06-04 00:00:00,17.25,17.75,343,891800,15834275,2010-06-04 00:00:00,1
2010-06-07 00:00:00,2010-06-07 00:00:00,18,2010-06-07 00:00:00,17,17.25,134,246100,4235250,2010-06-07 00:00:00,1
2010-06-08 00:00:00,2010-06-08 00:00:00,17.75,2010-06-08 00:00:00,17.25,17.5,77,215700,3773400,2010-06-08 00:00:00,1
2010-06-09 00:00:00,2010-06-09 00:00:00,17.5,2010-06-09 00:00:00,17,17.25,51,102200,1758950,2010-06-09 00:00:00,1
2010-06-11 00:00:00,2010-06-11 00:00:00,14.75,2010-06-11 00:00:00,9,13.75,1285,3551400,46821925,2010-06-11 00:00:00,1
2010-06-14 00:00:00,2010-06-14 00:00:00,14.25,2010-06-14 00:00:00,12.5,13.25,320,507500,6828725,2010-06-14 00:00:00,1
2010-06-15 00:00:00,2010-06-15 00:00:00,14,2010-06-15 00:00:00,13.25,13.25,224,448700,6087400,2010-06-15 00:00:00,1
2010-06-16 00:00:00,2010-06-16 00:00:00,18.5,2010-06-16 00:00:00,15,18,1413,4363600,74420950,2010-06-16 00:00:00,1
2010-06-17 00:00:00,2010-06-17 00:00:00,22.5,2010-06-17 00:00:00,20,20.5,1949,6262900,131988375,2010-06-17 00:00:00,1
2010-06-21 00:00:00,2010-06-21 00:00:00,21.75,2010-06-21 00:00:00,19.25,19.5,373,853000,17287650,2010-06-21 00:00:00,1
2010-06-22 00:00:00,2010-06-22 00:00:00,20,2010-06-22 00:00:00,17.5,17.75,230,387000,7089600,2010-06-22 00:00:00,1
2010-06-23 00:00:00,2010-06-23 00:00:00,18,2010-06-23 00:00:00,17.5,17.5,55,103400,1819775,2010-06-23 00:00:00,1
2010-06-24 00:00:00,2010-06-24 00:00:00,22.5,2010-06-24 00:00:00,17,21,819,2293300,48516975,2010-06-24 00:00:00,1
2010-06-28 00:00:00,2010-06-28 00:00:00,46.5,2010-06-28 00:00:00,24,39.5,7383,19579700,670248200,2010-06-28 00:00:00,1
2010-06-29 00:00:00,2010-06-29 00:00:00,49.25,2010-06-29 00:00:00,40,41.5,3587,8544000,387848975,2010-06-29 00:00:00,1
2010-06-30 00:00:00,2010-06-30 00:00:00,43,2010-06-30 00:00:00,37.5,38,867,1322000,52561125,2010-06-30 00:00:00,1
2010-07-01 00:00:00,2010-07-01 00:00:00,42,2010-07-01 00:00:00,37.5,39,390,649900,25970775,2010-07-01 00:00:00,1
2010-07-02 00:00:00,2010-07-02 00:00:00,40,2010-07-02 00:00:00,35.75,38.25,254,342900,12832050,2010-07-02 00:00:00,1
2010-07-05 00:00:00,2010-07-05 00:00:00,38.25,2010-07-05 00:00:00,36,37,128,164000,6006650,2010-07-05 00:00:00,1
2010-07-06 00:00:00,2010-07-06 00:00:00,41.5,2010-07-06 00:00:00,35.25,39.25,639,1024700,40268650,2010-07-06 00:00:00,1
2010-07-07 00:00:00,2010-07-07 00:00:00,42,2010-07-07 00:00:00,36.25,37,292,376700,14457000,2010-07-07 00:00:00,1
2010-07-08 00:00:00,2010-07-08 00:00:00,42.75,2010-07-08 00:00:00,37,38.75,175,227200,8849950,2010-07-08 00:00:00,1
2010-07-09 00:00:00,2010-07-09 00:00:00,39,2010-07-09 00:00:00,37.5,37.5,103,172600,6548625,2010-07-09 00:00:00,1
2010-07-12 00:00:00,2010-07-12 00:00:00,41,2010-07-12 00:00:00,37.5,39.75,278,394700,15380950,2010-07-12 00:00:00,1
2010-07-13 00:00:00,2010-07-13 00:00:00,43,2010-07-13 00:00:00,40.5,40.75,447,777800,32514175,2010-07-13 00:00:00,1
2010-07-14 00:00:00,2010-07-14 00:00:00,48.5,2010-07-14 00:00:00,41,47,2202,3887800,178666075,2010-07-14 00:00:00,1
2010-07-15 00:00:00,2010-07-15 00:00:00,51.75,2010-07-15 00:00:00,45,51,2172,3788900,186813200,2010-07-15 00:00:00,1
2010-07-16 00:00:00,2010-07-16 00:00:00,56.75,2010-07-16 00:00:00,51,52.5,3067,6425800,348337925,2010-07-16 00:00:00,1
2010-07-19 00:00:00,2010-07-19 00:00:00,57,2010-07-19 00:00:00,48.25,56,1393,2725200,149316425,2010-07-19 00:00:00,1
2010-07-20 00:00:00,2010-07-20 00:00:00,62,2010-07-20 00:00:00,56.5,58.5,2349,4981300,296633625,2010-07-20 00:00:00,1
2010-07-21 00:00:00,2010-07-21 00:00:00,60.5,2010-07-21 00:00:00,56,57.5,710,1035800,60260575,2010-07-21 00:00:00,1
2010-07-22 00:00:00,2010-07-22 00:00:00,58.75,2010-07-22 00:00:00,56.25,56.5,264,291600,16614000,2010-07-22 00:00:00,1
2010-07-23 00:00:00,2010-07-23 00:00:00,60,2010-07-23 00:00:00,57,58.25,338,454200,26608875,2010-07-23 00:00:00,1
2010-07-26 00:00:00,2010-07-26 00:00:00,59.25,2010-07-26 00:00:00,57.5,57.5,220,278100,16127400,2010-07-26 00:00:00,1
2010-07-27 00:00:00,2010-07-27 00:00:00,59.5,2010-07-27 00:00:00,57.25,58.5,180,261500,15202850,2010-07-27 00:00:00,1
2010-07-28 00:00:00,2010-07-28 00:00:00,61,2010-07-28 00:00:00,59,59.5,467,688000,41319325,2010-07-28 00:00:00,1
2010-07-29 00:00:00,2010-07-29 00:00:00,63.5,2010-07-29 00:00:00,59,62,901,1546700,94714375,2010-07-29 00:00:00,1
2010-07-30 00:00:00,2010-07-30 00:00:00,87,2010-07-30 00:00:00,65,83.25,5314,9896100,761231500,2010-07-30 00:00:00,1
2010-08-02 00:00:00,2010-08-02 00:00:00,124.8,2010-08-02 00:00:00,87,120.8,3644,5959300,661757000,2010-08-02 00:00:00,1
2010-08-03 00:00:00,2010-08-03 00:00:00,144,2010-08-03 00:00:00,90,123.8,2389,3911800,487649550,2010-08-03 00:00:00,1
2010-08-05 00:00:00,2010-08-05 00:00:00,111.4,2010-08-05 00:00:00,111.4,111.4,26,18900,2105460,2010-08-05 00:00:00,1
2010-08-06 00:00:00,2010-08-06 00:00:00,100.4,2010-08-06 00:00:00,100.3,100.3,12,3300,331060,2010-08-06 00:00:00,1
2010-08-09 00:00:00,2010-08-09 00:00:00,90.3,2010-08-09 00:00:00,90.3,90.3,4,20000,1806000,2010-08-09 00:00:00,1
2010-08-10 00:00:00,2010-08-10 00:00:00,81.3,2010-08-10 00:00:00,81.3,81.3,167,132200,10747860,2010-08-10 00:00:00,1
2010-08-11 00:00:00,2010-08-11 00:00:00,73.2,2010-08-11 00:00:00,73.2,73.2,76,80400,5885280,2010-08-11 00:00:00,1
2010-08-12 00:00:00,2010-08-12 00:00:00,65.9,2010-08-12 00:00:00,65.9,65.9,45,39400,2596460,2010-08-12 00:00:00,1
2010-08-13 00:00:00,2010-08-13 00:00:00,59.4,2010-08-13 00:00:00,59.4,59.4,75,14000,831600,2010-08-13 00:00:00,1
2010-08-16 00:00:00,2010-08-16 00:00:00,53.5,2010-08-16 00:00:00,53.5,53.5,51,10500,561750,2010-08-16 00:00:00,1
2010-08-17 00:00:00,2010-08-17 00:00:00,58.8,2010-08-17 00:00:00,48.2,52.3,433,777000,40595330,2010-08-17 00:00:00,1
2010-08-18 00:00:00,2010-08-18 00:00:00,57.5,2010-08-18 00:00:00,56.9,57.5,363,681500,39170750,2010-08-18 00:00:00,1
2010-08-19 00:00:00,2010-08-19 00:00:00,63.2,2010-08-19 00:00:00,63.2,63.2,46,60800,3842560,2010-08-19 00:00:00,1
2010-08-20 00:00:00,2010-08-20 00:00:00,69.5,2010-08-20 00:00:00,64,69.5,545,893200,61680530,2010-08-20 00:00:00,1
2010-08-23 00:00:00,2010-08-23 00:00:00,76.4,2010-08-23 00:00:00,73.5,76.4,469,496900,37653150,2010-08-23 00:00:00,1
2010-08-25 00:00:00,2010-08-25 00:00:00,84,2010-08-25 00:00:00,83,84,182,252500,21205840,2010-08-25 00:00:00,1
2010-08-26 00:00:00,2010-08-26 00:00:00,92.4,2010-08-26 00:00:00,75.6,82.3,1184,1055300,88563070,2010-08-26 00:00:00,1
2010-08-27 00:00:00,2010-08-27 00:00:00,84,2010-08-27 00:00:00,76,77.1,467,386000,30558310,2010-08-27 00:00:00,1
2010-08-30 00:00:00,2010-08-30 00:00:00,77,2010-08-30 00:00:00,69.4,69.5,406,331200,23249830,2010-08-30 00:00:00,1
2010-08-31 00:00:00,2010-08-31 00:00:00,76.4,2010-08-31 00:00:00,62.6,76,590,450500,31948080,2010-08-31 00:00:00,1
2010-09-01 00:00:00,2010-09-01 00:00:00,83.6,2010-09-01 00:00:00,74,77.8,411,442700,34746420,2010-09-01 00:00:00,1
2010-09-02 00:00:00,2010-09-02 00:00:00,78,2010-09-02 00:00:00,74.9,75.2,184,135600,10314720,2010-09-02 00:00:00,1
2010-09-03 00:00:00,2010-09-03 00:00:00,76.5,2010-09-03 00:00:00,72,72.7,86,60300,4409670,2010-09-03 00:00:00,1
2010-09-06 00:00:00,2010-09-06 00:00:00,79.9,2010-09-06 00:00:00,73,79.9,419,455500,35911470,2010-09-06 00:00:00,1
2010-09-07 00:00:00,2010-09-07 00:00:00,87.8,2010-09-07 00:00:00,82,87.8,821,967600,83183340,2010-09-07 00:00:00,1
2010-09-08 00:00:00,2010-09-08 00:00:00,96.5,2010-09-08 00:00:00,89.5,96.5,985,1309600,124186080,2010-09-08 00:00:00,1
2010-09-09 00:00:00,2010-09-09 00:00:00,103.9,2010-09-09 00:00:00,90.2,92.4,929,945700,92031880,2010-09-09 00:00:00,1
2010-09-13 00:00:00,2010-09-13 00:00:00,93,2010-09-13 00:00:00,84.9,87.8,404,409100,35931570,2010-09-13 00:00:00,1
2010-09-14 00:00:00,2010-09-14 00:00:00,90,2010-09-14 00:00:00,81.1,84.9,343,249900,20925960,2010-09-14 00:00:00,1
2010-09-15 00:00:00,2010-09-15 00:00:00,92,2010-09-15 00:00:00,82,86.9,511,430500,37213650,2010-09-15 00:00:00,1
2010-09-16 00:00:00,2010-09-16 00:00:00,88.5,2010-09-16 00:00:00,84.6,85.1,117,98400,8433660,2010-09-16 00:00:00,1
2010-09-17 00:00:00,2010-09-17 00:00:00,93.6,2010-09-17 00:00:00,84,93.1,762,704900,64999270,2010-09-17 00:00:00,1
2010-09-20 00:00:00,2010-09-20 00:00:00,98,2010-09-20 00:00:00,85.5,87.1,237,165400,14916360,2010-09-20 00:00:00,1
2010-09-21 00:00:00,2010-09-21 00:00:00,89.9,2010-09-21 00:00:00,80,81.7,263,234900,19762760,2010-09-21 00:00:00,1
2010-09-23 00:00:00,2010-09-23 00:00:00,84,2010-09-23 00:00:00,75.2,77.9,201,189900,15080750,2010-09-23 00:00:00,1
2010-09-24 00:00:00,2010-09-24 00:00:00,80,2010-09-24 00:00:00,69,70.9,366,295200,21713040,2010-09-24 00:00:00,1
2010-09-27 00:00:00,2010-09-27 00:00:00,77,2010-09-27 00:00:00,72,72.4,209,153800,11354920,2010-09-27 00:00:00,1
2010-09-28 00:00:00,2010-09-28 00:00:00,76.9,2010-09-28 00:00:00,70,72.3,252,191600,13862920,2010-09-28 00:00:00,1
2010-09-29 00:00:00,2010-09-29 00:00:00,75,2010-09-29 00:00:00,70,70.2,210,161900,11564080,2010-09-29 00:00:00,1
2010-09-30 00:00:00,2010-09-30 00:00:00,72.9,2010-09-30 00:00:00,68.1,68.4,134,135600,9441260,2010-09-30 00:00:00,1
2010-10-01 00:00:00,2010-10-01 00:00:00,72.6,2010-10-01 00:00:00,60,62.3,367,231800,15032140,2010-10-01 00:00:00,1
2010-10-04 00:00:00,2010-10-04 00:00:00,67,2010-10-04 00:00:00,55,60.6,387,297700,17881160,2010-10-04 00:00:00,1
2010-10-05 00:00:00,2010-10-05 00:00:00,64,2010-10-05 00:00:00,57,62.4,209,171800,10468780,2010-10-05 00:00:00,1
2010-10-06 00:00:00,2010-10-06 00:00:00,64.5,2010-10-06 00:00:00,60.1,61.7,163,117600,7421730,2010-10-06 00:00:00,1
2010-10-07 00:00:00,2010-10-07 00:00:00,63,2010-10-07 00:00:00,58,61.2,125,73400,4485780,2010-10-07 00:00:00,1
2010-10-08 00:00:00,2010-10-08 00:00:00,63.8,2010-10-08 00:00:00,58.5,62.8,132,108500,6659850,2010-10-08 00:00:00,1
2010-10-11 00:00:00,2010-10-11 00:00:00,65,2010-10-11 00:00:00,60,60.3,80,92900,5627530,2010-10-11 00:00:00,1
2010-10-12 00:00:00,2010-10-12 00:00:00,60,2010-10-12 00:00:00,57,58.1,100,62700,3666260,2010-10-12 00:00:00,1
2010-10-13 00:00:00,2010-10-13 00:00:00,58.5,2010-10-13 00:00:00,51,55.5,127,75200,4112570,2010-10-13 00:00:00,1
2010-10-14 00:00:00,2010-10-14 00:00:00,59,2010-10-14 00:00:00,54,54.9,63,44400,2450370,2010-10-14 00:00:00,1
2010-10-15 00:00:00,2010-10-15 00:00:00,59,2010-10-15 00:00:00,53,57.6,84,174700,9511110,2010-10-15 00:00:00,1
2010-10-18 00:00:00,2010-10-18 00:00:00,63,2010-10-18 00:00:00,57.1,57.9,78,38000,2293050,2010-10-18 00:00:00,1
2010-10-19 00:00:00,2010-10-19 00:00:00,61.4,2010-10-19 00:00:00,56,56.9,81,75900,4403800,2010-10-19 00:00:00,1
2010-10-20 00:00:00,2010-10-20 00:00:00,59,2010-10-20 00:00:00,56.5,57.4,38,20300,1156090,2010-10-20 00:00:00,1
2010-10-21 00:00:00,2010-10-21 00:00:00,58,2010-10-21 00:00:00,55.9,56.7,45,16700,941770,2010-10-21 00:00:00,1
2010-10-25 00:00:00,2010-10-25 00:00:00,56,2010-10-25 00:00:00,52.5,52.9,172,114400,6130280,2010-10-25 00:00:00,1
2010-10-26 00:00:00,2010-10-26 00:00:00,51.1,2010-10-26 00:00:00,48,48.3,90,69000,3414380,2010-10-26 00:00:00,1
2010-10-27 00:00:00,2010-10-27 00:00:00,48.3,2010-10-27 00:00:00,45,46.2,235,223900,10486230,2010-10-27 00:00:00,1
2010-10-28 00:00:00,2010-10-28 00:00:00,49,2010-10-28 00:00:00,45.2,47.2,129,114900,5488060,2010-10-28 00:00:00,1
2010-10-29 00:00:00,2010-10-29 00:00:00,51.8,2010-10-29 00:00:00,48,50.8,400,468200,23556980,2010-10-29 00:00:00,1
2010-11-01 00:00:00,2010-11-01 00:00:00,62.9,2010-11-01 00:00:00,51.1,60.5,818,634600,37097810,2010-11-01 00:00:00,1
2010-11-02 00:00:00,2010-11-02 00:00:00,65.4,2010-11-02 00:00:00,60,60.7,907,781500,48799240,2010-11-02 00:00:00,1
2010-11-03 00:00:00,2010-11-03 00:00:00,61.9,2010-11-03 00:00:00,57.3,58.2,141,109700,6468860,2010-11-03 00:00:00,1
2010-11-04 00:00:00,2010-11-04 00:00:00,60,2010-11-04 00:00:00,55.9,56.2,141,106200,6094230,2010-11-04 00:00:00,1
2010-11-08 00:00:00,2010-11-08 00:00:00,59.9,2010-11-08 00:00:00,55,55.6,46,31500,1762870,2010-11-08 00:00:00,1
2010-11-09 00:00:00,2010-11-09 00:00:00,55.6,2010-11-09 00:00:00,52,53.9,79,34000,1821130,2010-11-09 00:00:00,1
2010-11-10 00:00:00,2010-11-10 00:00:00,54.7,2010-11-10 00:00:00,50.1,50.9,69,43600,2243270,2010-11-10 00:00:00,1
2010-11-11 00:00:00,2010-11-11 00:00:00,56,2010-11-11 00:00:00,50.6,55.1,109,50800,2774200,2010-11-11 00:00:00,1
2010-11-12 00:00:00,2010-11-12 00:00:00,59.2,2010-11-12 00:00:00,54.9,55.7,187,99800,5711540,2010-11-12 00:00:00,1
2010-11-15 00:00:00,2010-11-15 00:00:00,57.8,2010-11-15 00:00:00,51.8,52.4,124,80800,4231710,2010-11-15 00:00:00,1
2010-11-16 00:00:00,2010-11-16 00:00:00,53,2010-11-16 00:00:00,50.5,52.2,116,80400,4101160,2010-11-16 00:00:00,1
2010-11-18 00:00:00,2010-11-18 00:00:00,54.8,2010-11-18 00:00:00,52,53.1,98,42100,2236200,2010-11-18 00:00:00,1
2010-11-22 00:00:00,2010-11-22 00:00:00,55.5,2010-11-22 00:00:00,52,52.3,98,54700,2918380,2010-11-22 00:00:00,1
2010-11-23 00:00:00,2010-11-23 00:00:00,53,2010-11-23 00:00:00,50,50.9,131,68400,3463980,2010-11-23 00:00:00,1
2010-11-24 00:00:00,2010-11-24 00:00:00,52,2010-11-24 00:00:00,50.1,50.4,84,46500,2371430,2010-11-24 00:00:00,1
2010-11-25 00:00:00,2010-11-25 00:00:00,52,2010-11-25 00:00:00,50,50.1,73,71200,3607840,2010-11-25 00:00:00,1
2010-11-26 00:00:00,2010-11-26 00:00:00,52.4,2010-11-26 00:00:00,50,50.7,103,73500,3745260,2010-11-26 00:00:00,1
2010-11-29 00:00:00,2010-11-29 00:00:00,53,2010-11-29 00:00:00,49.6,50,201,181300,9213000,2010-11-29 00:00:00,1
2010-11-30 00:00:00,2010-11-30 00:00:00,61.9,2010-11-30 00:00:00,52.9,58.7,636,639700,36026480,2010-11-30 00:00:00,1
2010-12-01 00:00:00,2010-12-01 00:00:00,65,2010-12-01 00:00:00,60.1,61.8,545,498900,31216840,2010-12-01 00:00:00,1
2010-12-02 00:00:00,2010-12-02 00:00:00,63,2010-12-02 00:00:00,57.6,60.3,216,153400,9199620,2010-12-02 00:00:00,1
2010-12-03 00:00:00,2010-12-03 00:00:00,62.9,2010-12-03 00:00:00,57.8,58.6,77,44100,2634770,2010-12-03 00:00:00,1
2010-12-06 00:00:00,2010-12-06 00:00:00,59.8,2010-12-06 00:00:00,56.5,57.3,71,40500,2329060,2010-12-06 00:00:00,1
2010-12-07 00:00:00,2010-12-07 00:00:00,59,2010-12-07 00:00:00,56.1,56.7,66,67200,3825700,2010-12-07 00:00:00,1
2010-12-08 00:00:00,2010-12-08 00:00:00,58,2010-12-08 00:00:00,55.5,55.8,58,22500,1261940,2010-12-08 00:00:00,1
2010-12-09 00:00:00,2010-12-09 00:00:00,58.8,2010-12-09 00:00:00,55.5,57.8,169,134300,7701030,2010-12-09 00:00:00,1
2010-12-10 00:00:00,2010-12-10 00:00:00,59,2010-12-10 00:00:00,56.6,56.8,82,73900,4247920,2010-12-10 00:00:00,1
2010-12-13 00:00:00,2010-12-13 00:00:00,57,2010-12-13 00:00:00,56.2,56.3,30,18800,1061060,2010-12-13 00:00:00,1
2010-12-14 00:00:00,2010-12-14 00:00:00,56.5,2010-12-14 00:00:00,55,55.1,58,35300,1948330,2010-12-14 00:00:00,1
2010-12-15 00:00:00,2010-12-15 00:00:00,56,2010-12-15 00:00:00,53.5,54.1,56,29200,1582550,2010-12-15 00:00:00,1
2010-12-16 00:00:00,2010-12-16 00:00:00,55.9,2010-12-16 00:00:00,52.6,52.8,59,26500,1418750,2010-12-16 00:00:00,1
2010-12-17 00:00:00,2010-12-17 00:00:00,54.4,2010-12-17 00:00:00,52.7,53.8,75,43800,2362160,2010-12-17 00:00:00,1
2010-12-21 00:00:00,2010-12-21 00:00:00,56,2010-12-21 00:00:00,53.6,53.9,105,62100,3388700,2010-12-21 00:00:00,1
2010-12-22 00:00:00,2010-12-22 00:00:00,56,2010-12-22 00:00:00,53.9,54.6,180,153100,8393700,2010-12-22 00:00:00,1
2010-12-23 00:00:00,2010-12-23 00:00:00,59.4,2010-12-23 00:00:00,54.5,58.8,349,280100,16189110,2010-12-23 00:00:00,1
2010-12-24 00:00:00,2010-12-24 00:00:00,59.8,2010-12-24 00:00:00,56,58,56,34900,2017570,2010-12-24 00:00:00,1
2010-12-27 00:00:00,2010-12-27 00:00:00,63.3,2010-12-27 00:00:00,57.5,62.5,509,405300,24643380,2010-12-27 00:00:00,1
2010-12-28 00:00:00,2010-12-28 00:00:00,68.1,2010-12-28 00:00:00,64,66.2,1021,964300,63527490,2010-12-28 00:00:00,1
2010-12-29 00:00:00,2010-12-29 00:00:00,66.5,2010-12-29 00:00:00,59.4,63.8,280,253100,16204430,2010-12-29 00:00:00,1
2010-12-30 00:00:00,2010-12-30 00:00:00,65,2010-12-30 00:00:00,57,61.9,357,465800,28181410,2010-12-30 00:00:00,1
2010-12-31 00:00:00,2010-12-31 00:00:00,65,2010-12-31 00:00:00,60.9,61.4,248,237400,15095610,2010-12-31 00:00:00,1
Company Id :  EAST,,Security Type :  N,,Sub Type :  0000,,,,,,
Short Name :  EAST WEST,,,,,,,,,,
Day,Date High,High,Date Low,Low,Closing,No. of Trades,No. of Shares,Turnover,Last Traded,Days Traded
2010-01-04 00:00:00,2010-01-04 00:00:00,8,2010-01-04 00:00:00,8,8,13,9300,74400,2010-01-04 00:00:00,1
2010-01-05 00:00:00,2010-01-05 00:00:00,8.25,2010-01-05 00:00:00,8,8.25,12,21000,171200,2010-01-05 00:00:00,1
2010-01-06 00:00:00,2010-01-06 00:00:00,9,2010-01-06 00:00:00,8,8.75,164,444900,3852175,2010-01-06 00:00:00,1
2010-01-07 00:00:00,2010-01-07 00:00:00,9.25,2010-01-07 00:00:00,8.5,9,155,411900,3676750,2010-01-07 00:00:00,1
2010-01-08 00:00:00,2010-01-08 00:00:00,9.5,2010-01-08 00:00:00,9,9.25,307,819600,7685550,2010-01-08 00:00:00,1
2010-01-11 00:00:00,2010-01-11 00:00:00,13.25,2010-01-11 00:00:00,9,12,1350,5703300,66200425,2010-01-11 00:00:00,1
2010-01-12 00:00:00,2010-01-12 00:00:00,12.75,2010-01-12 00:00:00,11,11.25,275,710800,8740225,2010-01-12 00:00:00,1
2010-01-13 00:00:00,2010-01-13 00:00:00,11.5,2010-01-13 00:00:00,10.25,10.5,73,123000,1336525,2010-01-13 00:00:00,1
2010-01-15 00:00:00,2010-01-15 00:00:00,11,2010-01-15 00:00:00,10.5,10.5,69,102800,1082875,2010-01-15 00:00:00,1
2010-01-18 00:00:00,2010-01-18 00:00:00,11.75,2010-01-18 00:00:00,10.25,11,135,509700,5656650,2010-01-18 00:00:00,1
2010-01-19 00:00:00,2010-01-19 00:00:00,11,2010-01-19 00:00:00,10.25,10.5,47,101800,1078250,2010-01-19 00:00:00,1
2010-01-20 00:00:00,2010-01-20 00:00:00,11,2010-01-20 00:00:00,10.25,10.75,11,34300,368225,2010-01-20 00:00:00,1
2010-01-21 00:00:00,2010-01-21 00:00:00,10.75,2010-01-21 00:00:00,10.5,10.5,15,20900,219525,2010-01-21 00:00:00,1
2010-01-22 00:00:00,2010-01-22 00:00:00,11.5,2010-01-22 00:00:00,10.75,11,62,246700,2715500,2010-01-22 00:00:00,1
2010-01-25 00:00:00,2010-01-25 00:00:00,11.25,2010-01-25 00:00:00,10.75,10.75,31,75000,816375,2010-01-25 00:00:00,1
2010-01-26 00:00:00,2010-01-26 00:00:00,11,2010-01-26 00:00:00,11,11,1,100,1100,2010-01-26 00:00:00,1
2010-01-28 00:00:00,2010-01-28 00:00:00,11,2010-01-28 00:00:00,10,10.75,36,115900,1224075,2010-01-28 00:00:00,1
2010-02-01 00:00:00,2010-02-01 00:00:00,11.5,2010-02-01 00:00:00,10.75,11.25,76,167800,1858750,2010-02-01 00:00:00,1
2010-02-02 00:00:00,2010-02-02 00:00:00,11.5,2010-02-02 00:00:00,10.75,11,26,84700,933325,2010-02-02 00:00:00,1
2010-02-03 00:00:00,2010-02-03 00:00:00,11.5,2010-02-03 00:00:00,10.75,11.25,63,151700,1681050,2010-02-03 00:00:00,1
2010-02-05 00:00:00,2010-02-05 00:00:00,12.75,2010-02-05 00:00:00,11.5,11.75,520,1986400,24041325,2010-02-05 00:00:00,1
2010-02-08 00:00:00,2010-02-08 00:00:00,12,2010-02-08 00:00:00,11.5,11.5,67,220500,2558950,2010-02-08 00:00:00,1
2010-02-09 00:00:00,2010-02-09 00:00:00,11.5,2010-02-09 00:00:00,11,11,73,139300,1539125,2010-02-09 00:00:00,1
2010-02-10 00:00:00,2010-02-10 00:00:00,11.5,2010-02-10 00:00:00,11,11,33,139100,1530950,2010-02-10 00:00:00,1
2010-02-11 00:00:00,2010-02-11 00:00:00,11.5,2010-02-11 00:00:00,10.75,11,14,13900,151575,2010-02-11 00:00:00,1
2010-02-12 00:00:00,2010-02-12 00:00:00,11.5,2010-02-12 00:00:00,10.75,10.75,20,45500,490400,2010-02-12 00:00:00,1
2010-02-15 00:00:00,2010-02-15 00:00:00,11.25,2010-02-15 00:00:00,10.5,10.75,16,13300,145425,2010-02-15 00:00:00,1
2010-02-16 00:00:00,2010-02-16 00:00:00,11,2010-02-16 00:00:00,10.75,10.75,15,18100,195225,2010-02-16 00:00:00,1
2010-02-17 00:00:00,2010-02-17 00:00:00,11,2010-02-17 00:00:00,10.75,10.75,11,7300,78825,2010-02-17 00:00:00,1
2010-02-18 00:00:00,2010-02-18 00:00:00,11,2010-02-18 00:00:00,10.5,10.5,9,3600,38500,2010-02-18 00:00:00,1
2010-02-19 00:00:00,2010-02-19 00:00:00,11,2010-02-19 00:00:00,10.25,10.5,40,63200,663125,2010-02-19 00:00:00,1
2010-02-22 00:00:00,2010-02-22 00:00:00,11.5,2010-02-22 00:00:00,10.5,11,39,74300,820600,2010-02-22 00:00:00,1
2010-02-23 00:00:00,2010-02-23 00:00:00,11.5,2010-02-23 00:00:00,11,11,13,34200,379825,2010-02-23 00:00:00,1
2010-02-24 00:00:00,2010-02-24 00:00:00,11.5,2010-02-24 00:00:00,10.5,11,13,33800,381500,2010-02-24 00:00:00,1
2010-02-25 00:00:00,2010-02-25 00:00:00,11.25,2010-02-25 00:00:00,11,11,4,1200,13250,2010-02-25 00:00:00,1
2010-02-26 00:00:00,2010-02-26 00:00:00,11,2010-02-26 00:00:00,10.75,11,2,200,2175,2010-02-26 00:00:00,1
2010-03-01 00:00:00,2010-03-01 00:00:00,11.25,2010-03-01 00:00:00,10.5,10.5,5,2800,30475,2010-03-01 00:00:00,1
2010-03-02 00:00:00,2010-03-02 00:00:00,10.5,2010-03-02 00:00:00,10.5,10.5,2,1700,17850,2010-03-02 00:00:00,1
2010-03-03 00:00:00,2010-03-03 00:00:00,11.25,2010-03-03 00:00:00,10.5,10.5,8,8500,89325,2010-03-03 00:00:00,1
2010-03-04 00:00:00,2010-03-04 00:00:00,10.5,2010-03-04 00:00:00,10.25,10.5,6,11000,114500,2010-03-04 00:00:00,1
2010-03-05 00:00:00,2010-03-05 00:00:00,10.75,2010-03-05 00:00:00,10.25,10.5,27,48300,500825,2010-03-05 00:00:00,1
2010-03-08 00:00:00,2010-03-08 00:00:00,11,2010-03-08 00:00:00,10.5,10.5,16,26500,282950,2010-03-08 00:00:00,1
2010-03-09 00:00:00,2010-03-09 00:00:00,11,2010-03-09 00:00:00,10.25,10.25,13,17600,182100,2010-03-09 00:00:00,1
2010-03-10 00:00:00,2010-03-10 00:00:00,11.75,2010-03-10 00:00:00,10.75,11,89,231900,2611075,2010-03-10 00:00:00,1
2010-03-11 00:00:00,2010-03-11 00:00:00,12.75,2010-03-11 00:00:00,11.5,12.25,440,2142900,26596750,2010-03-11 00:00:00,1
2010-03-12 00:00:00,2010-03-12 00:00:00,14,2010-03-12 00:00:00,12.5,13.25,858,5097300,67683300,2010-03-12 00:00:00,1
2010-03-15 00:00:00,2010-03-15 00:00:00,13.75,2010-03-15 00:00:00,12.75,13.5,221,1057100,14004500,2010-03-15 00:00:00,1
2010-03-16 00:00:00,2010-03-16 00:00:00,13.5,2010-03-16 00:00:00,13,13,63,217500,2887350,2010-03-16 00:00:00,1
2010-03-17 00:00:00,2010-03-17 00:00:00,13.25,2010-03-17 00:00:00,13,13,105,2632600,34242075,2010-03-17 00:00:00,1
2010-03-18 00:00:00,2010-03-18 00:00:00,14.5,2010-03-18 00:00:00,13.25,14.25,386,2036100,28334325,2010-03-18 00:00:00,1
2010-03-19 00:00:00,2010-03-19 00:00:00,14.5,2010-03-19 00:00:00,13.5,14,122,386700,5456300,2010-03-19 00:00:00,1
2010-03-22 00:00:00,2010-03-22 00:00:00,14.5,2010-03-22 00:00:00,13.5,13.5,165,617800,8748875,2010-03-22 00:00:00,1
2010-03-23 00:00:00,2010-03-23 00:00:00,13.75,2010-03-23 00:00:00,13.5,13.5,61,227900,3097450,2010-03-23 00:00:00,1
2010-03-24 00:00:00,2010-03-24 00:00:00,13.5,2010-03-24 00:00:00,13.25,13.25,43,77100,1023100,2010-03-24 00:00:00,1
2010-03-25 00:00:00,2010-03-25 00:00:00,14.25,2010-03-25 00:00:00,13.25,14,118,741300,10364950,2010-03-25 00:00:00,1
2010-03-26 00:00:00,2010-03-26 00:00:00,14.25,2010-03-26 00:00:00,13.75,14,173,1035900,14589125,2010-03-26 00:00:00,1
2010-03-30 00:00:00,2010-03-30 00:00:00,14,2010-03-30 00:00:00,13.5,13.75,26,96900,1330225,2010-03-30 00:00:00,1
2010-03-31 00:00:00,2010-03-31 00:00:00,13.75,2010-03-31 00:00:00,13.5,13.5,29,53200,718325,2010-03-31 00:00:00,1
2010-04-01 00:00:00,2010-04-01 00:00:00,14,2010-04-01 00:00:00,13.25,13.25,35,155500,2082375,2010-04-01 00:00:00,1
2010-04-05 00:00:00,2010-04-05 00:00:00,14,2010-04-05 00:00:00,13.25,13.75,33,109700,1492200,2010-04-05 00:00:00,1
2010-04-06 00:00:00,2010-04-06 00:00:00,14.25,2010-04-06 00:00:00,13.75,14,221,729300,10210825,2010-04-06 00:00:00,1
2010-04-07 00:00:00,2010-04-07 00:00:00,14.25,2010-04-07 00:00:00,13.75,14,82,181000,2530025,2010-04-07 00:00:00,1
2010-04-08 00:00:00,2010-04-08 00:00:00,14.25,2010-04-08 00:00:00,14,14.25,30,91800,1306550,2010-04-08 00:00:00,1
2010-04-12 00:00:00,2010-04-12 00:00:00,14.5,2010-04-12 00:00:00,14,14.25,61,151900,2158950,2010-04-12 00:00:00,1
2010-04-15 00:00:00,2010-04-15 00:00:00,14.5,2010-04-15 00:00:00,14.25,14.25,86,207400,2971700,2010-04-15 00:00:00,1
2010-04-16 00:00:00,2010-04-16 00:00:00,13.5,2010-04-16 00:00:00,13,13.25,150,292900,3870100,2010-04-16 00:00:00,1
2010-04-19 00:00:00,2010-04-19 00:00:00,13.25,2010-04-19 00:00:00,13,13,56,144700,1903275,2010-04-19 00:00:00,1
2010-04-20 00:00:00,2010-04-20 00:00:00,13,2010-04-20 00:00:00,12.75,12.75,42,85800,1095700,2010-04-20 00:00:00,1
2010-04-21 00:00:00,2010-04-21 00:00:00,13,2010-04-21 00:00:00,12.5,12.75,31,65600,838125,2010-04-21 00:00:00,1
2010-04-22 00:00:00,2010-04-22 00:00:00,12.75,2010-04-22 00:00:00,12.5,12.5,31,44000,555725,2010-04-22 00:00:00,1
2010-04-23 00:00:00,2010-04-23 00:00:00,13.25,2010-04-23 00:00:00,12.25,12.75,46,170000,2178100,2010-04-23 00:00:00,1
2010-04-27 00:00:00,2010-04-27 00:00:00,13.25,2010-04-27 00:00:00,12.75,12.75,57,173300,2222000,2010-04-27 00:00:00,1
2010-04-29 00:00:00,2010-04-29 00:00:00,13.25,2010-04-29 00:00:00,12.75,12.75,32,135300,1754575,2010-04-29 00:00:00,1
2010-04-30 00:00:00,2010-04-30 00:00:00,13,2010-04-30 00:00:00,13,13,33,66500,864500,2010-04-30 00:00:00,1
2010-05-03 00:00:00,2010-05-03 00:00:00,13,2010-05-03 00:00:00,13,13,21,23200,301600,2010-05-03 00:00:00,1
2010-05-04 00:00:00,2010-05-04 00:00:00,13,2010-05-04 00:00:00,12.5,12.5,46,46700,589900,2010-05-04 00:00:00,1
2010-05-05 00:00:00,2010-05-05 00:00:00,12.75,2010-05-05 00:00:00,12.5,12.5,37,102300,1284725,2010-05-05 00:00:00,1
2010-05-06 00:00:00,2010-05-06 00:00:00,12.75,2010-05-06 00:00:00,12.25,12.25,39,32700,406075,2010-05-06 00:00:00,1
2010-05-07 00:00:00,2010-05-07 00:00:00,13,2010-05-07 00:00:00,12.25,12.5,66,217600,2721450,2010-05-07 00:00:00,1
2010-05-10 00:00:00,2010-05-10 00:00:00,12.75,2010-05-10 00:00:00,12.5,12.5,27,34400,430775,2010-05-10 00:00:00,1
2010-05-11 00:00:00,2010-05-11 00:00:00,13.5,2010-05-11 00:00:00,12.5,12.75,393,1303900,17094825,2010-05-11 00:00:00,1
2010-05-12 00:00:00,2010-05-12 00:00:00,13,2010-05-12 00:00:00,12.75,12.75,41,93500,1202625,2010-05-12 00:00:00,1
2010-05-13 00:00:00,2010-05-13 00:00:00,13,2010-05-13 00:00:00,12.5,12.5,61,101600,1278275,2010-05-13 00:00:00,1
2010-05-14 00:00:00,2010-05-14 00:00:00,13,2010-05-14 00:00:00,12.5,12.5,26,62100,788100,2010-05-14 00:00:00,1
2010-05-17 00:00:00,2010-05-17 00:00:00,12.75,2010-05-17 00:00:00,12.5,12.5,33,27500,345175,2010-05-17 00:00:00,1
2010-05-18 00:00:00,2010-05-18 00:00:00,13,2010-05-18 00:00:00,12.5,12.75,30,69000,875475,2010-05-18 00:00:00,1
2010-05-19 00:00:00,2010-05-19 00:00:00,12.75,2010-05-19 00:00:00,12.25,12.5,27,29200,365650,2010-05-19 00:00:00,1
2010-05-20 00:00:00,2010-05-20 00:00:00,12.5,2010-05-20 00:00:00,12.25,12.25,11,13700,170075,2010-05-20 00:00:00,1
2010-05-21 00:00:00,2010-05-21 00:00:00,12.25,2010-05-21 00:00:00,12,12,94,134800,1625950,2010-05-21 00:00:00,1
2010-05-24 00:00:00,2010-05-24 00:00:00,12.25,2010-05-24 00:00:00,11.75,11.75,28,41100,488125,2010-05-24 00:00:00,1
2010-05-25 00:00:00,2010-05-25 00:00:00,12,2010-05-25 00:00:00,12,12,18,20300,243600,2010-05-25 00:00:00,1
2010-05-26 00:00:00,2010-05-26 00:00:00,12,2010-05-26 00:00:00,11.75,11.75,11,12300,144800,2010-05-26 00:00:00,1
2010-05-31 00:00:00,2010-05-31 00:00:00,12,2010-05-31 00:00:00,11.75,11.75,43,51800,609975,2010-05-31 00:00:00,1
2010-06-01 00:00:00,2010-06-01 00:00:00,11.75,2010-06-01 00:00:00,11.5,11.5,25,60600,709425,2010-06-01 00:00:00,1
2010-06-02 00:00:00,2010-06-02 00:00:00,12.5,2010-06-02 00:00:00,11.5,12,65,75900,903025,2010-06-02 00:00:00,1
2010-06-03 00:00:00,2010-06-03 00:00:00,12,2010-06-03 00:00:00,11.75,11.75,36,54000,636025,2010-06-03 00:00:00,1
2010-06-04 00:00:00,2010-06-04 00:00:00,12,2010-06-04 00:00:00,11.75,12,12,30400,359800,2010-06-04 00:00:00,1
2010-06-07 00:00:00,2010-06-07 00:00:00,12,2010-06-07 00:00:00,11.75,11.75,16,39300,462900,2010-06-07 00:00:00,1
2010-06-08 00:00:00,2010-06-08 00:00:00,12.75,2010-06-08 00:00:00,12,12.25,76,238200,2927225,2010-06-08 00:00:00,1
2010-06-09 00:00:00,2010-06-09 00:00:00,13.25,2010-06-09 00:00:00,12,12.25,171,958700,12426150,2010-06-09 00:00:00,1
2010-06-10 00:00:00,2010-06-10 00:00:00,12.75,2010-06-10 00:00:00,12,12.25,25,20400,251850,2010-06-10 00:00:00,1
2010-06-11 00:00:00,2010-06-11 00:00:00,12.25,2010-06-11 00:00:00,12,12.25,14,6000,73375,2010-06-11 00:00:00,1
2010-06-14 00:00:00,2010-06-14 00:00:00,12.5,2010-06-14 00:00:00,12,12,24,47000,567550,2010-06-14 00:00:00,1
2010-06-15 00:00:00,2010-06-15 00:00:00,12.75,2010-06-15 00:00:00,12.25,12.5,69,138400,1740600,2010-06-15 00:00:00,1
2010-06-16 00:00:00,2010-06-16 00:00:00,12.75,2010-06-16 00:00:00,12.5,12.5,40,45000,564775,2010-06-16 00:00:00,1
2010-06-17 00:00:00,2010-06-17 00:00:00,13,2010-06-17 00:00:00,12.5,12.75,130,397400,5054775,2010-06-17 00:00:00,1
2010-06-21 00:00:00,2010-06-21 00:00:00,13,2010-06-21 00:00:00,12.75,12.75,42,65900,842375,2010-06-21 00:00:00,1
2010-06-22 00:00:00,2010-06-22 00:00:00,12.75,2010-06-22 00:00:00,12.5,12.5,19,66200,832325,2010-06-22 00:00:00,1
2010-06-23 00:00:00,2010-06-23 00:00:00,12.5,2010-06-23 00:00:00,12.25,12.25,15,20900,259625,2010-06-23 00:00:00,1
2010-06-24 00:00:00,2010-06-24 00:00:00,12.5,2010-06-24 00:00:00,12.25,12.5,18,89400,1101525,2010-06-24 00:00:00,1
2010-06-28 00:00:00,2010-06-28 00:00:00,13.5,2010-06-28 00:00:00,12.25,13,117,2456600,31914075,2010-06-28 00:00:00,1
2010-06-29 00:00:00,2010-06-29 00:00:00,14.5,2010-06-29 00:00:00,13.5,14,735,3535600,50239425,2010-06-29 00:00:00,1
2010-06-30 00:00:00,2010-06-30 00:00:00,14.5,2010-06-30 00:00:00,13.75,13.75,266,929800,13170350,2010-06-30 00:00:00,1
2010-07-01 00:00:00,2010-07-01 00:00:00,14.25,2010-07-01 00:00:00,13.75,14,117,241800,3412125,2010-07-01 00:00:00,1
2010-07-02 00:00:00,2010-07-02 00:00:00,14.25,2010-07-02 00:00:00,13.75,13.75,85,380700,5278950,2010-07-02 00:00:00,1
2010-07-05 00:00:00,2010-07-05 00:00:00,14,2010-07-05 00:00:00,13.5,13.75,68,203100,2789075,2010-07-05 00:00:00,1
2010-07-06 00:00:00,2010-07-06 00:00:00,13.75,2010-07-06 00:00:00,13.5,13.75,69,210900,2897875,2010-07-06 00:00:00,1
2010-07-07 00:00:00,2010-07-07 00:00:00,13.75,2010-07-07 00:00:00,12.5,12.75,72,197200,2553250,2010-07-07 00:00:00,1
2010-07-08 00:00:00,2010-07-08 00:00:00,13.75,2010-07-08 00:00:00,13,13.25,37,80400,1056975,2010-07-08 00:00:00,1
2010-07-09 00:00:00,2010-07-09 00:00:00,13.25,2010-07-09 00:00:00,12.75,12.75,14,25800,335850,2010-07-09 00:00:00,1
2010-07-12 00:00:00,2010-07-12 00:00:00,13.5,2010-07-12 00:00:00,13,13,51,55900,731000,2010-07-12 00:00:00,1
2010-07-13 00:00:00,2010-07-13 00:00:00,13.25,2010-07-13 00:00:00,13,13.25,39,173000,2261825,2010-07-13 00:00:00,1
2010-07-14 00:00:00,2010-07-14 00:00:00,14,2010-07-14 00:00:00,13.5,13.75,97,242600,3339975,2010-07-14 00:00:00,1
2010-07-15 00:00:00,2010-07-15 00:00:00,14.25,2010-07-15 00:00:00,13.25,14,109,1588300,22179325,2010-07-15 00:00:00,1
2010-07-16 00:00:00,2010-07-16 00:00:00,14,2010-07-16 00:00:00,13.5,13.75,70,181200,2520175,2010-07-16 00:00:00,1
2010-07-19 00:00:00,2010-07-19 00:00:00,14.25,2010-07-19 00:00:00,14,14,143,327700,4616700,2010-07-19 00:00:00,1
2010-07-20 00:00:00,2010-07-20 00:00:00,14.25,2010-07-20 00:00:00,14,14,108,292600,4122150,2010-07-20 00:00:00,1
2010-07-21 00:00:00,2010-07-21 00:00:00,14.25,2010-07-21 00:00:00,14,14,116,263900,3703075,2010-07-21 00:00:00,1
2010-07-22 00:00:00,2010-07-22 00:00:00,14.25,2010-07-22 00:00:00,14,14,69,153900,2157225,2010-07-22 00:00:00,1
2010-07-23 00:00:00,2010-07-23 00:00:00,14.25,2010-07-23 00:00:00,13.75,14,57,108400,1517200,2010-07-23 00:00:00,1
2010-07-26 00:00:00,2010-07-26 00:00:00,14,2010-07-26 00:00:00,13.75,13.75,36,108000,1498025,2010-07-26 00:00:00,1
2010-07-27 00:00:00,2010-07-27 00:00:00,14,2010-07-27 00:00:00,13.75,13.75,17,63300,871100,2010-07-27 00:00:00,1
2010-07-28 00:00:00,2010-07-28 00:00:00,14,2010-07-28 00:00:00,13.75,13.75,18,96700,1332500,2010-07-28 00:00:00,1
2010-07-29 00:00:00,2010-07-29 00:00:00,14,2010-07-29 00:00:00,13.25,13.5,42,198500,2712800,2010-07-29 00:00:00,1
2010-07-30 00:00:00,2010-07-30 00:00:00,14.25,2010-07-30 00:00:00,13.75,14,88,539000,7523150,2010-07-30 00:00:00,1
2010-08-02 00:00:00,2010-08-02 00:00:00,14.5,2010-08-02 00:00:00,13.9,14.4,46,92100,1309860,2010-08-02 00:00:00,1
2010-08-03 00:00:00,2010-08-03 00:00:00,14.5,2010-08-03 00:00:00,13.9,14.2,91,303800,4334940,2010-08-03 00:00:00,1
2010-08-04 00:00:00,2010-08-04 00:00:00,14.4,2010-08-04 00:00:00,13.8,14.1,47,104500,1466730,2010-08-04 00:00:00,1
2010-08-05 00:00:00,2010-08-05 00:00:00,14,2010-08-05 00:00:00,13,14,44,183800,2443870,2010-08-05 00:00:00,1
2010-08-06 00:00:00,2010-08-06 00:00:00,14,2010-08-06 00:00:00,12.9,13.3,110,236700,3122990,2010-08-06 00:00:00,1
2010-08-09 00:00:00,2010-08-09 00:00:00,13.1,2010-08-09 00:00:00,12,12,71,257500,3154820,2010-08-09 00:00:00,1
2010-08-10 00:00:00,2010-08-10 00:00:00,13.1,2010-08-10 00:00:00,12,13,123,375700,4733040,2010-08-10 00:00:00,1
2010-08-11 00:00:00,2010-08-11 00:00:00,14,2010-08-11 00:00:00,13,13.1,46,156200,2050240,2010-08-11 00:00:00,1
2010-08-12 00:00:00,2010-08-12 00:00:00,13.3,2010-08-12 00:00:00,12.6,13.3,11,7800,99980,2010-08-12 00:00:00,1
2010-08-13 00:00:00,2010-08-13 00:00:00,13.5,2010-08-13 00:00:00,12.9,13.2,17,19600,259010,2010-08-13 00:00:00,1
2010-08-16 00:00:00,2010-08-16 00:00:00,13.2,2010-08-16 00:00:00,12.8,12.9,36,184100,2391610,2010-08-16 00:00:00,1
2010-08-17 00:00:00,2010-08-17 00:00:00,13.2,2010-08-17 00:00:00,13,13.2,12,45000,590130,2010-08-17 00:00:00,1
2010-08-18 00:00:00,2010-08-18 00:00:00,13.4,2010-08-18 00:00:00,13.1,13.4,19,52600,701430,2010-08-18 00:00:00,1
2010-08-19 00:00:00,2010-08-19 00:00:00,13.6,2010-08-19 00:00:00,13.2,13.3,28,50600,680220,2010-08-19 00:00:00,1
2010-08-20 00:00:00,2010-08-20 00:00:00,13.8,2010-08-20 00:00:00,13.1,13.2,27,67600,894310,2010-08-20 00:00:00,1
2010-08-23 00:00:00,2010-08-23 00:00:00,13.7,2010-08-23 00:00:00,13.4,13.5,17,45600,615620,2010-08-23 00:00:00,1
2010-08-25 00:00:00,2010-08-25 00:00:00,13.7,2010-08-25 00:00:00,13.2,13.4,39,82700,1119150,2010-08-25 00:00:00,1
2010-08-26 00:00:00,2010-08-26 00:00:00,13.4,2010-08-26 00:00:00,13.2,13.3,19,30500,403990,2010-08-26 00:00:00,1
2010-08-27 00:00:00,2010-08-27 00:00:00,13.2,2010-08-27 00:00:00,13,13.2,21,73900,973490,2010-08-27 00:00:00,1
2010-08-30 00:00:00,2010-08-30 00:00:00,14,2010-08-30 00:00:00,13.2,13.2,48,75800,1014350,2010-08-30 00:00:00,1
2010-08-31 00:00:00,2010-08-31 00:00:00,13.3,2010-08-31 00:00:00,13.1,13.2,30,42900,564980,2010-08-31 00:00:00,1
2010-09-01 00:00:00,2010-09-01 00:00:00,13.7,2010-09-01 00:00:00,13,13.2,21,39600,522130,2010-09-01 00:00:00,1
2010-09-02 00:00:00,2010-09-02 00:00:00,13.6,2010-09-02 00:00:00,13,13.2,16,13400,177150,2010-09-02 00:00:00,1
2010-09-03 00:00:00,2010-09-03 00:00:00,13.9,2010-09-03 00:00:00,13.3,13.7,48,99200,1359970,2010-09-03 00:00:00,1
2010-09-06 00:00:00,2010-09-06 00:00:00,13.5,2010-09-06 00:00:00,13.3,13.5,19,33600,452020,2010-09-06 00:00:00,1
2010-09-07 00:00:00,2010-09-07 00:00:00,13.5,2010-09-07 00:00:00,13.1,13.2,9,9000,119270,2010-09-07 00:00:00,1
2010-09-08 00:00:00,2010-09-08 00:00:00,13.9,2010-09-08 00:00:00,13.1,13.6,38,51100,696430,2010-09-08 00:00:00,1
2010-09-09 00:00:00,2010-09-09 00:00:00,13.7,2010-09-09 00:00:00,13,13.4,49,263200,3475850,2010-09-09 00:00:00,1
2010-09-13 00:00:00,2010-09-13 00:00:00,13.5,2010-09-13 00:00:00,13,13.1,33,30800,403640,2010-09-13 00:00:00,1
2010-09-14 00:00:00,2010-09-14 00:00:00,13.4,2010-09-14 00:00:00,12.9,13.2,52,139400,1835390,2010-09-14 00:00:00,1
2010-09-15 00:00:00,2010-09-15 00:00:00,13.5,2010-09-15 00:00:00,12.9,13.3,34,102500,1356450,2010-09-15 00:00:00,1
2010-09-16 00:00:00,2010-09-16 00:00:00,13.3,2010-09-16 00:00:00,13,13.1,52,77100,1012770,2010-09-16 00:00:00,1
2010-09-17 00:00:00,2010-09-17 00:00:00,14,2010-09-17 00:00:00,13.1,13.7,67,124400,1703580,2010-09-17 00:00:00,1
2010-09-20 00:00:00,2010-09-20 00:00:00,13.7,2010-09-20 00:00:00,13.3,13.7,12,27200,371400,2010-09-20 00:00:00,1
2010-09-21 00:00:00,2010-09-21 00:00:00,13.9,2010-09-21 00:00:00,13,13.6,46,186000,2539200,2010-09-21 00:00:00,1
2010-09-23 00:00:00,2010-09-23 00:00:00,13.7,2010-09-23 00:00:00,13.3,13.3,34,28000,375340,2010-09-23 00:00:00,1
2010-09-24 00:00:00,2010-09-24 00:00:00,13.3,2010-09-24 00:00:00,12.9,13,79,167000,2179690,2010-09-24 00:00:00,1
2010-09-27 00:00:00,2010-09-27 00:00:00,13.3,2010-09-27 00:00:00,12.8,13.1,57,156400,2030540,2010-09-27 00:00:00,1
2010-09-28 00:00:00,2010-09-28 00:00:00,17.4,2010-09-28 00:00:00,13.4,16.4,1342,4606200,70579670,2010-09-28 00:00:00,1
2010-09-29 00:00:00,2010-09-29 00:00:00,18,2010-09-29 00:00:00,16,16.1,828,2611600,44209680,2010-09-29 00:00:00,1
2010-09-30 00:00:00,2010-09-30 00:00:00,15.9,2010-09-30 00:00:00,14.5,15.1,241,748300,11170420,2010-09-30 00:00:00,1
2010-10-01 00:00:00,2010-10-01 00:00:00,15.5,2010-10-01 00:00:00,14.5,15,83,178100,2694410,2010-10-01 00:00:00,1
2010-10-04 00:00:00,2010-10-04 00:00:00,16,2010-10-04 00:00:00,14.5,14.8,30,123200,1900890,2010-10-04 00:00:00,1
2010-10-05 00:00:00,2010-10-05 00:00:00,15.1,2010-10-05 00:00:00,14,14.5,72,155700,2301330,2010-10-05 00:00:00,1
2010-10-06 00:00:00,2010-10-06 00:00:00,15.2,2010-10-06 00:00:00,14.5,14.5,76,250800,3681440,2010-10-06 00:00:00,1
2010-10-07 00:00:00,2010-10-07 00:00:00,15,2010-10-07 00:00:00,14.3,14.9,61,189900,2793310,2010-10-07 00:00:00,1
2010-10-08 00:00:00,2010-10-08 00:00:00,15,2010-10-08 00:00:00,14.6,14.8,57,145300,2149120,2010-10-08 00:00:00,1
2010-10-11 00:00:00,2010-10-11 00:00:00,16.2,2010-10-11 00:00:00,15,15,44,59100,894850,2010-10-11 00:00:00,1
2010-10-12 00:00:00,2010-10-12 00:00:00,14.5,2010-10-12 00:00:00,13.5,13.7,18,36700,504830,2010-10-12 00:00:00,1
2010-10-13 00:00:00,2010-10-13 00:00:00,14,2010-10-13 00:00:00,12.5,13.5,31,77200,1018490,2010-10-13 00:00:00,1
2010-10-14 00:00:00,2010-10-14 00:00:00,14,2010-10-14 00:00:00,13.5,13.6,16,27600,375790,2010-10-14 00:00:00,1
2010-10-15 00:00:00,2010-10-15 00:00:00,13.7,2010-10-15 00:00:00,13.5,13.7,7,2800,38210,2010-10-15 00:00:00,1
2010-10-18 00:00:00,2010-10-18 00:00:00,14,2010-10-18 00:00:00,13.9,13.9,6,13000,180800,2010-10-18 00:00:00,1
2010-10-19 00:00:00,2010-10-19 00:00:00,13.9,2010-10-19 00:00:00,13.5,13.6,19,12600,172390,2010-10-19 00:00:00,1
2010-10-20 00:00:00,2010-10-20 00:00:00,14,2010-10-20 00:00:00,13.6,13.6,6,5700,77800,2010-10-20 00:00:00,1
2010-10-21 00:00:00,2010-10-21 00:00:00,14.5,2010-10-21 00:00:00,13.9,13.9,28,45000,636110,2010-10-21 00:00:00,1
2010-10-25 00:00:00,2010-10-25 00:00:00,14,2010-10-25 00:00:00,13.2,13.3,32,52200,705270,2010-10-25 00:00:00,1
2010-10-26 00:00:00,2010-10-26 00:00:00,13.6,2010-10-26 00:00:00,13,13,24,53300,698360,2010-10-26 00:00:00,1
2010-10-27 00:00:00,2010-10-27 00:00:00,13.5,2010-10-27 00:00:00,12.9,12.9,29,52300,678210,2010-10-27 00:00:00,1
2010-10-28 00:00:00,2010-10-28 00:00:00,13.9,2010-10-28 00:00:00,13.2,13.8,49,438700,5857890,2010-10-28 00:00:00,1
2010-10-29 00:00:00,2010-10-29 00:00:00,14,2010-10-29 00:00:00,13.6,13.6,23,32200,439970,2010-10-29 00:00:00,1
2010-11-01 00:00:00,2010-11-01 00:00:00,14,2010-11-01 00:00:00,13.5,13.5,26,52300,715960,2010-11-01 00:00:00,1
2010-11-02 00:00:00,2010-11-02 00:00:00,13.6,2010-11-02 00:00:00,13.1,13.2,22,47000,632290,2010-11-02 00:00:00,1
2010-11-03 00:00:00,2010-11-03 00:00:00,13.8,2010-11-03 00:00:00,13.2,13.4,21,28300,380460,2010-11-03 00:00:00,1
2010-11-04 00:00:00,2010-11-04 00:00:00,14.9,2010-11-04 00:00:00,13.6,14.1,119,197100,2805680,2010-11-04 00:00:00,1
2010-11-08 00:00:00,2010-11-08 00:00:00,14.1,2010-11-08 00:00:00,13.9,13.9,36,38900,545210,2010-11-08 00:00:00,1
2010-11-09 00:00:00,2010-11-09 00:00:00,13.9,2010-11-09 00:00:00,13.7,13.7,17,15900,218190,2010-11-09 00:00:00,1
2010-11-10 00:00:00,2010-11-10 00:00:00,13.7,2010-11-10 00:00:00,13.3,13.6,19,30500,414990,2010-11-10 00:00:00,1
2010-11-11 00:00:00,2010-11-11 00:00:00,13.8,2010-11-11 00:00:00,13.3,13.8,10,11100,152550,2010-11-11 00:00:00,1
2010-11-12 00:00:00,2010-11-12 00:00:00,13.6,2010-11-12 00:00:00,13.4,13.4,13,27100,365680,2010-11-12 00:00:00,1
2010-11-15 00:00:00,2010-11-15 00:00:00,13.4,2010-11-15 00:00:00,13,13,80,200800,2621250,2010-11-15 00:00:00,1
2010-11-16 00:00:00,2010-11-16 00:00:00,13,2010-11-16 00:00:00,12.6,12.9,31,54400,695230,2010-11-16 00:00:00,1
2010-11-18 00:00:00,2010-11-18 00:00:00,13.2,2010-11-18 00:00:00,12.8,13.1,49,84900,1105430,2010-11-18 00:00:00,1
2010-11-22 00:00:00,2010-11-22 00:00:00,13,2010-11-22 00:00:00,12.9,12.9,28,46500,603250,2010-11-22 00:00:00,1
2010-11-23 00:00:00,2010-11-23 00:00:00,13,2010-11-23 00:00:00,12.5,12.5,43,71600,897010,2010-11-23 00:00:00,1
2010-11-24 00:00:00,2010-11-24 00:00:00,13,2010-11-24 00:00:00,12.5,12.5,71,99000,1251870,2010-11-24 00:00:00,1
2010-11-25 00:00:00,2010-11-25 00:00:00,12.5,2010-11-25 00:00:00,12.4,12.4,14,13600,169590,2010-11-25 00:00:00,1
2010-11-26 00:00:00,2010-11-26 00:00:00,12.7,2010-11-26 00:00:00,12,12.3,34,27000,332850,2010-11-26 00:00:00,1
2010-11-29 00:00:00,2010-11-29 00:00:00,12.1,2010-11-29 00:00:00,11.9,12,29,36700,441220,2010-11-29 00:00:00,1
2010-11-30 00:00:00,2010-11-30 00:00:00,13.2,2010-11-30 00:00:00,12.7,12.8,70,185000,2397730,2010-11-30 00:00:00,1
2010-12-01 00:00:00,2010-12-01 00:00:00,13.4,2010-12-01 00:00:00,12.9,13.1,76,128100,1685730,2010-12-01 00:00:00,1
2010-12-02 00:00:00,2010-12-02 00:00:00,13.1,2010-12-02 00:00:00,12.8,12.8,36,30800,399640,2010-12-02 00:00:00,1
2010-12-03 00:00:00,2010-12-03 00:00:00,12.9,2010-12-03 00:00:00,12.6,12.9,12,16000,205900,2010-12-03 00:00:00,1
2010-12-06 00:00:00,2010-12-06 00:00:00,13.1,2010-12-06 00:00:00,12.7,13,11,14400,187340,2010-12-06 00:00:00,1
2010-12-07 00:00:00,2010-12-07 00:00:00,12.9,2010-12-07 00:00:00,12.8,12.8,6,2200,28210,2010-12-07 00:00:00,1
2010-12-08 00:00:00,2010-12-08 00:00:00,12.8,2010-12-08 00:00:00,12.6,12.6,30,41700,527440,2010-12-08 00:00:00,1
2010-12-09 00:00:00,2010-12-09 00:00:00,12.9,2010-12-09 00:00:00,12.5,12.8,33,88800,1126250,2010-12-09 00:00:00,1
2010-12-10 00:00:00,2010-12-10 00:00:00,12.9,2010-12-10 00:00:00,12.3,12.7,9,60800,759840,2010-12-10 00:00:00,1
2010-12-13 00:00:00,2010-12-13 00:00:00,12.6,2010-12-13 00:00:00,12.6,12.6,5,7200,90720,2010-12-13 00:00:00,1
2010-12-14 00:00:00,2010-12-14 00:00:00,12.7,2010-12-14 00:00:00,12.3,12.6,19,63400,783930,2010-12-14 00:00:00,1
2010-12-15 00:00:00,2010-12-15 00:00:00,12.6,2010-12-15 00:00:00,12.2,12.4,9,43200,528130,2010-12-15 00:00:00,1
2010-12-16 00:00:00,2010-12-16 00:00:00,12.5,2010-12-16 00:00:00,12.3,12.4,3,1200,14850,2010-12-16 00:00:00,1
2010-12-17 00:00:00,2010-12-17 00:00:00,12.4,2010-12-17 00:00:00,12.4,12.4,3,1400,17360,2010-12-17 00:00:00,1
2010-12-21 00:00:00,2010-12-21 00:00:00,12.5,2010-12-21 00:00:00,12.4,12.5,10,19000,236740,2010-12-21 00:00:00,1
2010-12-22 00:00:00,2010-12-22 00:00:00,12.8,2010-12-22 00:00:00,12.4,12.6,31,62000,783350,2010-12-22 00:00:00,1
2010-12-23 00:00:00,2010-12-23 00:00:00,12.8,2010-12-23 00:00:00,12.7,12.8,21,51000,651700,2010-12-23 00:00:00,1
2010-12-24 00:00:00,2010-12-24 00:00:00,12.9,2010-12-24 00:00:00,12.6,12.8,11,6700,85780,2010-12-24 00:00:00,1
2010-12-27 00:00:00,2010-12-27 00:00:00,12.7,2010-12-27 00:00:00,12.7,12.7,14,16000,203200,2010-12-27 00:00:00,1
2010-12-28 00:00:00,2010-12-28 00:00:00,12.9,2010-12-28 00:00:00,12.6,12.8,24,36700,466580,2010-12-28 00:00:00,1
2010-12-29 00:00:00,2010-12-29 00:00:00,12.8,2010-12-29 00:00:00,12.6,12.6,17,6800,86660,2010-12-29 00:00:00,1
2010-12-30 00:00:00,2010-12-30 00:00:00,12.9,2010-12-30 00:00:00,12.4,12.6,27,63200,787800,2010-12-30 00:00:00,1
2010-12-31 00:00:00,2010-12-31 00:00:00,12.9,2010-12-31 00:00:00,12.6,12.9,4,4200,53310,2010-12-31 00:00:00,1
Company Id :  EBCR,,Security Type :  N,,Sub Type :  0000,,,,,,
Short Name :  E B CREASY,,,,,,,,,,
Day,Date High,High,Date Low,Low,Closing,No. of Trades,No. of Shares,Turnover,Last Traded,Days Traded
2010-01-19 00:00:00,2010-01-19 00:00:00,205.25,2010-01-19 00:00:00,205.25,205.25,2,300,61575,2010-01-19 00:00:00,1
2010-01-21 00:00:00,2010-01-21 00:00:00,205.25,2010-01-21 00:00:00,205.25,205.25,1,100,20525,2010-01-21 00:00:00,1
2010-01-22 00:00:00,2010-01-22 00:00:00,205.25,2010-01-22 00:00:00,205.25,205.25,1,300,61575,2010-01-22 00:00:00,1
2010-02-05 00:00:00,2010-02-05 00:00:00,230,2010-02-05 00:00:00,230,230,1,100,23000,2010-02-05 00:00:00,1
2010-02-11 00:00:00,2010-02-11 00:00:00,220,2010-02-11 00:00:00,220,220,1,300,66000,2010-02-11 00:00:00,1
2010-02-12 00:00:00,2010-02-12 00:00:00,228,2010-02-12 00:00:00,228,228,2,300,68400,2010-02-12 00:00:00,1
2010-02-15 00:00:00,2010-02-15 00:00:00,337.5,2010-02-15 00:00:00,245,299.25,70,13400,4110575,2010-02-15 00:00:00,1
2010-02-16 00:00:00,2010-02-16 00:00:00,282,2010-02-16 00:00:00,280,281,3,300,84325,2010-02-16 00:00:00,1
2010-02-18 00:00:00,2010-02-18 00:00:00,303,2010-02-18 00:00:00,303,303,1,100,30300,2010-02-18 00:00:00,1
2010-02-19 00:00:00,2010-02-19 00:00:00,330,2010-02-19 00:00:00,305,330,31,12400,3940725,2010-02-19 00:00:00,1
2010-02-22 00:00:00,2010-02-22 00:00:00,340,2010-02-22 00:00:00,330,336,4,1300,436900,2010-02-22 00:00:00,1
2010-02-24 00:00:00,2010-02-24 00:00:00,329.75,2010-02-24 00:00:00,325,326.5,2,300,97975,2010-02-24 00:00:00,1
2010-03-01 00:00:00,2010-03-01 00:00:00,340,2010-03-01 00:00:00,325,325,6,900,296150,2010-03-01 00:00:00,1
2010-03-02 00:00:00,2010-03-02 00:00:00,305,2010-03-02 00:00:00,305,305,1,100,30500,2010-03-02 00:00:00,1
2010-03-11 00:00:00,2010-03-11 00:00:00,330,2010-03-11 00:00:00,329.25,329.75,2,300,98925,2010-03-11 00:00:00,1
2010-03-16 00:00:00,2010-03-16 00:00:00,290,2010-03-16 00:00:00,275,276.5,14,3000,829450,2010-03-16 00:00:00,1
2010-03-18 00:00:00,2010-03-18 00:00:00,280,2010-03-18 00:00:00,280,280,1,100,28000,2010-03-18 00:00:00,1
2010-03-23 00:00:00,2010-03-23 00:00:00,280,2010-03-23 00:00:00,280,280,3,600,168000,2010-03-23 00:00:00,1
2010-03-30 00:00:00,2010-03-30 00:00:00,280.5,2010-03-30 00:00:00,280,280,4,1000,280100,2010-03-30 00:00:00,1
2010-04-07 00:00:00,2010-04-07 00:00:00,290,2010-04-07 00:00:00,290,290,1,100,29000,2010-04-07 00:00:00,1
2010-04-12 00:00:00,2010-04-12 00:00:00,300,2010-04-12 00:00:00,300,300,1,100,30000,2010-04-12 00:00:00,1
2010-04-15 00:00:00,2010-04-15 00:00:00,350,2010-04-15 00:00:00,325,349.75,8,1000,342350,2010-04-15 00:00:00,1
2010-04-16 00:00:00,2010-04-16 00:00:00,350,2010-04-16 00:00:00,349,349,5,600,209800,2010-04-16 00:00:00,1
2010-04-19 00:00:00,2010-04-19 00:00:00,345,2010-04-19 00:00:00,345,345,1,100,34500,2010-04-19 00:00:00,1
2010-04-20 00:00:00,2010-04-20 00:00:00,344,2010-04-20 00:00:00,343.5,343.5,2,300,103150,2010-04-20 00:00:00,1
2010-04-22 00:00:00,2010-04-22 00:00:00,343.75,2010-04-22 00:00:00,340,343.25,6,1100,377525,2010-04-22 00:00:00,1
2010-04-23 00:00:00,2010-04-23 00:00:00,350,2010-04-23 00:00:00,300,300,8,1000,344800,2010-04-23 00:00:00,1
2010-04-26 00:00:00,2010-04-26 00:00:00,350,2010-04-26 00:00:00,349.25,349.75,5,1100,384825,2010-04-26 00:00:00,1
2010-04-27 00:00:00,2010-04-27 00:00:00,350,2010-04-27 00:00:00,350,350,1,100,35000,2010-04-27 00:00:00,1
2010-04-30 00:00:00,2010-04-30 00:00:00,380,2010-04-30 00:00:00,350,352.5,9,1300,458000,2010-04-30 00:00:00,1
2010-05-04 00:00:00,2010-05-04 00:00:00,351.5,2010-05-04 00:00:00,351.5,351.5,1,200,70300,2010-05-04 00:00:00,1
2010-05-05 00:00:00,2010-05-05 00:00:00,350,2010-05-05 00:00:00,350,350,1,200,70000,2010-05-05 00:00:00,1
2010-05-06 00:00:00,2010-05-06 00:00:00,355,2010-05-06 00:00:00,354,354.75,5,900,319200,2010-05-06 00:00:00,1
2010-05-07 00:00:00,2010-05-07 00:00:00,360,2010-05-07 00:00:00,355,360,8,1400,502550,2010-05-07 00:00:00,1
2010-05-10 00:00:00,2010-05-10 00:00:00,358,2010-05-10 00:00:00,355,356.5,2,200,71300,2010-05-10 00:00:00,1
2010-05-11 00:00:00,2010-05-11 00:00:00,360,2010-05-11 00:00:00,360,360,3,900,324000,2010-05-11 00:00:00,1
2010-05-13 00:00:00,2010-05-13 00:00:00,360,2010-05-13 00:00:00,360,360,2,800,288000,2010-05-13 00:00:00,1
2010-05-14 00:00:00,2010-05-14 00:00:00,390,2010-05-14 00:00:00,360,380,12,5700,2149200,2010-05-14 00:00:00,1
2010-05-17 00:00:00,2010-05-17 00:00:00,395,2010-05-17 00:00:00,395,395,2,600,237000,2010-05-17 00:00:00,1
2010-05-18 00:00:00,2010-05-18 00:00:00,420,2010-05-18 00:00:00,400,420,20,3400,1406675,2010-05-18 00:00:00,1
2010-05-19 00:00:00,2010-05-19 00:00:00,420,2010-05-19 00:00:00,420,420,2,500,210000,2010-05-19 00:00:00,1
2010-05-20 00:00:00,2010-05-20 00:00:00,425,2010-05-20 00:00:00,420,425,3,1600,675000,2010-05-20 00:00:00,1
2010-05-21 00:00:00,2010-05-21 00:00:00,425,2010-05-21 00:00:00,420,425,2,600,252500,2010-05-21 00:00:00,1
2010-05-26 00:00:00,2010-05-26 00:00:00,420,2010-05-26 00:00:00,420,420,2,200,84000,2010-05-26 00:00:00,1
2010-05-31 00:00:00,2010-05-31 00:00:00,500.25,2010-05-31 00:00:00,500,500,8,900,450025,2010-05-31 00:00:00,1
2010-06-01 00:00:00,2010-06-01 00:00:00,590,2010-06-01 00:00:00,530,550,5,900,499500,2010-06-01 00:00:00,1
2010-06-02 00:00:00,2010-06-02 00:00:00,550,2010-06-02 00:00:00,550,550,5,500,275000,2010-06-02 00:00:00,1
2010-06-03 00:00:00,2010-06-03 00:00:00,575,2010-06-03 00:00:00,575,575,1,100,57500,2010-06-03 00:00:00,1
2010-06-04 00:00:00,2010-06-04 00:00:00,750,2010-06-04 00:00:00,750,750,1,100,75000,2010-06-04 00:00:00,1
2010-06-07 00:00:00,2010-06-07 00:00:00,750,2010-06-07 00:00:00,750,750,1,100,75000,2010-06-07 00:00:00,1
2010-06-22 00:00:00,2010-06-22 00:00:00,719.75,2010-06-22 00:00:00,699.75,717.5,3,300,213450,2010-06-22 00:00:00,1
2010-06-23 00:00:00,2010-06-23 00:00:00,750,2010-06-23 00:00:00,700,700,4,600,429000,2010-06-23 00:00:00,1
2010-07-16 00:00:00,2010-07-16 00:00:00,650,2010-07-16 00:00:00,640,645,2,200,129000,2010-07-16 00:00:00,1
2010-07-21 00:00:00,2010-07-21 00:00:00,650,2010-07-21 00:00:00,650,650,1,200,130000,2010-07-21 00:00:00,1
2010-07-23 00:00:00,2010-07-23 00:00:00,650,2010-07-23 00:00:00,600,616.75,3,400,245025,2010-07-23 00:00:00,1
2010-07-26 00:00:00,2010-07-26 00:00:00,685,2010-07-26 00:00:00,685,685,1,100,68500,2010-07-26 00:00:00,1
2010-07-28 00:00:00,2010-07-28 00:00:00,650,2010-07-28 00:00:00,600,607.25,3,700,425000,2010-07-28 00:00:00,1
2010-07-29 00:00:00,2010-07-29 00:00:00,607,2010-07-29 00:00:00,607,607,1,200,121400,2010-07-29 00:00:00,1
2010-07-30 00:00:00,2010-07-30 00:00:00,750,2010-07-30 00:00:00,650,687.5,5,25400,16525000,2010-07-30 00:00:00,1
2010-08-02 00:00:00,2010-08-02 00:00:00,687,2010-08-02 00:00:00,687,687,2,200,137400,2010-08-02 00:00:00,1
2010-08-05 00:00:00,2010-08-05 00:00:00,701,2010-08-05 00:00:00,701,701,2,300,210300,2010-08-05 00:00:00,1
2010-08-06 00:00:00,2010-08-06 00:00:00,710,2010-08-06 00:00:00,700.1,705.1,2,200,141010,2010-08-06 00:00:00,1
2010-08-09 00:00:00,2010-08-09 00:00:00,700.2,2010-08-09 00:00:00,700.1,700.1,6,1100,770120,2010-08-09 00:00:00,1
2010-08-10 00:00:00,2010-08-10 00:00:00,695,2010-08-10 00:00:00,695,695,2,400,278000,2010-08-10 00:00:00,1
2010-08-17 00:00:00,2010-08-17 00:00:00,739,2010-08-17 00:00:00,700,722.8,3,1200,867300,2010-08-17 00:00:00,1
2010-08-19 00:00:00,2010-08-19 00:00:00,795,2010-08-19 00:00:00,795,795,1,100,79500,2010-08-19 00:00:00,1
2010-08-20 00:00:00,2010-08-20 00:00:00,870,2010-08-20 00:00:00,795,870,10,1400,1144000,2010-08-20 00:00:00,1
2010-08-23 00:00:00,2010-08-23 00:00:00,957,2010-08-23 00:00:00,900,900,4,400,370200,2010-08-23 00:00:00,1
2010-08-25 00:00:00,2010-08-25 00:00:00,990,2010-08-25 00:00:00,970,970,6,600,590700,2010-08-25 00:00:00,1
2010-08-26 00:00:00,2010-08-26 00:00:00,875,2010-08-26 00:00:00,875,875,1,100,87500,2010-08-26 00:00:00,1
2010-09-01 00:00:00,2010-09-01 00:00:00,865,2010-09-01 00:00:00,860,862,3,300,258600,2010-09-01 00:00:00,1
2010-09-03 00:00:00,2010-09-03 00:00:00,900,2010-09-03 00:00:00,850,851.3,7,800,700510,2010-09-03 00:00:00,1
2010-09-08 00:00:00,2010-09-08 00:00:00,936.4,2010-09-08 00:00:00,850,927.2,21,3100,2839370,2010-09-08 00:00:00,1
2010-09-09 00:00:00,2010-09-09 00:00:00,924.9,2010-09-09 00:00:00,852.2,871.4,9,900,796690,2010-09-09 00:00:00,1
2010-09-13 00:00:00,2010-09-13 00:00:00,871.4,2010-09-13 00:00:00,870,870.7,2,200,174140,2010-09-13 00:00:00,1
2010-09-14 00:00:00,2010-09-14 00:00:00,935,2010-09-14 00:00:00,850,852,8,1200,1041400,2010-09-14 00:00:00,1
2010-09-15 00:00:00,2010-09-15 00:00:00,855,2010-09-15 00:00:00,855,855,2,400,342000,2010-09-15 00:00:00,1
2010-09-16 00:00:00,2010-09-16 00:00:00,856,2010-09-16 00:00:00,855,855.5,2,200,171100,2010-09-16 00:00:00,1
2010-09-17 00:00:00,2010-09-17 00:00:00,929,2010-09-17 00:00:00,929,929,1,100,92900,2010-09-17 00:00:00,1
2010-09-20 00:00:00,2010-09-20 00:00:00,900,2010-09-20 00:00:00,865,873.3,5,800,698000,2010-09-20 00:00:00,1
2010-09-21 00:00:00,2010-09-21 00:00:00,865,2010-09-21 00:00:00,865,865,2,300,259500,2010-09-21 00:00:00,1
2010-09-23 00:00:00,2010-09-23 00:00:00,975,2010-09-23 00:00:00,934,972,10,1000,955900,2010-09-23 00:00:00,1
2010-09-24 00:00:00,2010-09-24 00:00:00,972,2010-09-24 00:00:00,900,900,3,300,284400,2010-09-24 00:00:00,1
2010-09-27 00:00:00,2010-09-27 00:00:00,985,2010-09-27 00:00:00,985,985,3,400,394000,2010-09-27 00:00:00,1
2010-09-28 00:00:00,2010-09-28 00:00:00,974,2010-09-28 00:00:00,974,974,2,300,292200,2010-09-28 00:00:00,1
2010-09-29 00:00:00,2010-09-29 00:00:00,975,2010-09-29 00:00:00,975,975,1,100,97500,2010-09-29 00:00:00,1
2010-09-30 00:00:00,2010-09-30 00:00:00,1150,2010-09-30 00:00:00,1149,1149.5,2,200,229900,2010-09-30 00:00:00,1
2010-10-04 00:00:00,2010-10-04 00:00:00,1195,2010-10-04 00:00:00,1150,1170,6,700,819000,2010-10-04 00:00:00,1
2010-10-08 00:00:00,2010-10-08 00:00:00,1250,2010-10-08 00:00:00,1150,1250,3,400,470000,2010-10-08 00:00:00,1
2010-10-12 00:00:00,2010-10-12 00:00:00,1250,2010-10-12 00:00:00,1250,1250,1,200,250000,2010-10-12 00:00:00,1
2010-10-13 00:00:00,2010-10-13 00:00:00,1150,2010-10-13 00:00:00,1150,1150,3,600,690000,2010-10-13 00:00:00,1
2010-10-18 00:00:00,2010-10-18 00:00:00,1001,2010-10-18 00:00:00,1001,1001,1,100,100100,2010-10-18 00:00:00,1
2010-10-21 00:00:00,2010-10-21 00:00:00,1195,2010-10-21 00:00:00,1195,1195,1,100,119500,2010-10-21 00:00:00,1
2010-10-26 00:00:00,2010-10-26 00:00:00,1152,2010-10-26 00:00:00,1150,1151,2,200,230200,2010-10-26 00:00:00,1
2010-11-02 00:00:00,2010-11-02 00:00:00,1150,2010-11-02 00:00:00,1150,1150,1,100,115000,2010-11-02 00:00:00,1
2010-11-04 00:00:00,2010-11-04 00:00:00,1152,2010-11-04 00:00:00,1150,1152,2,200,230200,2010-11-04 00:00:00,1
2010-11-08 00:00:00,2010-11-08 00:00:00,1152,2010-11-08 00:00:00,1150,1150.7,2,300,345200,2010-11-08 00:00:00,1
2010-11-10 00:00:00,2010-11-10 00:00:00,1100,2010-11-10 00:00:00,1100,1100,1,100,110000,2010-11-10 00:00:00,1
2010-11-15 00:00:00,2010-11-15 00:00:00,990,2010-11-15 00:00:00,900,956,3,500,478000,2010-11-15 00:00:00,1
2010-11-16 00:00:00,2010-11-16 00:00:00,950,2010-11-16 00:00:00,905,931.3,6,800,743500,2010-11-16 00:00:00,1
2010-11-22 00:00:00,2010-11-22 00:00:00,905,2010-11-22 00:00:00,905,905,1,1100,995500,2010-11-22 00:00:00,1
2010-11-23 00:00:00,2010-11-23 00:00:00,910,2010-11-23 00:00:00,910,910,1,100,91000,2010-11-23 00:00:00,1
2010-11-26 00:00:00,2010-11-26 00:00:00,975,2010-11-26 00:00:00,925,953.9,3,1300,1240000,2010-11-26 00:00:00,1
2010-12-15 00:00:00,2010-12-15 00:00:00,905,2010-12-15 00:00:00,905,905,1,100,90500,2010-12-15 00:00:00,1
2010-12-16 00:00:00,2010-12-16 00:00:00,925,2010-12-16 00:00:00,925,925,1,100,92500,2010-12-16 00:00:00,1
2010-12-22 00:00:00,2010-12-22 00:00:00,960,2010-12-22 00:00:00,960,960,1,100,96000,2010-12-22 00:00:00,1
2010-12-23 00:00:00,2010-12-23 00:00:00,960,2010-12-23 00:00:00,960,960,1,100,96000,2010-12-23 00:00:00,1
2010-12-31 00:00:00,2010-12-31 00:00:00,1200,2010-12-31 00:00:00,1100,1100,2,300,340000,2010-12-31 00:00:00,1
Company Id :  ECL,,Security Type :  N,,Sub Type :  0000,,,,,,
Short Name :  E - CHANNELLING,,,,,,,,,,
Day,Date High,High,Date Low,Low,Closing,No. of Trades,No. of Shares,Turnover,Last Traded,Days Traded
2010-01-04 00:00:00,2010-01-04 00:00:00,10,2010-01-04 00:00:00,9.75,10,13,51400,512875,2010-01-04 00:00:00,1
2010-01-05 00:00:00,2010-01-05 00:00:00,9.75,2010-01-05 00:00:00,9.5,9.75,13,21000,203375,2010-01-05 00:00:00,1
2010-01-06 00:00:00,2010-01-06 00:00:00,9.75,2010-01-06 00:00:00,9.5,9.75,7,6600,63825,2010-01-06 00:00:00,1
2010-01-07 00:00:00,2010-01-07 00:00:00,10.25,2010-01-07 00:00:00,9.75,9.75,10,33900,331000,2010-01-07 00:00:00,1
2010-01-08 00:00:00,2010-01-08 00:00:00,11.25,2010-01-08 00:00:00,10,10.75,218,500600,5457925,2010-01-08 00:00:00,1
2010-01-11 00:00:00,2010-01-11 00:00:00,11,2010-01-11 00:00:00,10.75,10.75,38,43600,470000,2010-01-11 00:00:00,1
2010-01-12 00:00:00,2010-01-12 00:00:00,10.5,2010-01-12 00:00:00,10,10,7,21500,217825,2010-01-12 00:00:00,1
2010-01-13 00:00:00,2010-01-13 00:00:00,11.5,2010-01-13 00:00:00,10,10.75,141,488400,5395000,2010-01-13 00:00:00,1
2010-01-15 00:00:00,2010-01-15 00:00:00,11,2010-01-15 00:00:00,10,11,17,41600,438175,2010-01-15 00:00:00,1
2010-01-18 00:00:00,2010-01-18 00:00:00,10.5,2010-01-18 00:00:00,10.25,10.25,15,43000,441250,2010-01-18 00:00:00,1
2010-01-19 00:00:00,2010-01-19 00:00:00,10.5,2010-01-19 00:00:00,10,10,28,86700,873625,2010-01-19 00:00:00,1
2010-01-20 00:00:00,2010-01-20 00:00:00,10,2010-01-20 00:00:00,9.75,10,4,2100,20975,2010-01-20 00:00:00,1
2010-01-21 00:00:00,2010-01-21 00:00:00,10.5,2010-01-21 00:00:00,10,10,11,35600,368300,2010-01-21 00:00:00,1
2010-01-22 00:00:00,2010-01-22 00:00:00,10.25,2010-01-22 00:00:00,9.5,10,29,60300,584025,2010-01-22 00:00:00,1
2010-01-25 00:00:00,2010-01-25 00:00:00,10.25,2010-01-25 00:00:00,9.75,9.75,4,1500,14775,2010-01-25 00:00:00,1
2010-01-28 00:00:00,2010-01-28 00:00:00,10.25,2010-01-28 00:00:00,9.75,10.25,17,17200,169750,2010-01-28 00:00:00,1
2010-02-01 00:00:00,2010-02-01 00:00:00,11.25,2010-02-01 00:00:00,10.5,11.25,150,490800,5412600,2010-02-01 00:00:00,1
2010-02-02 00:00:00,2010-02-02 00:00:00,11.25,2010-02-02 00:00:00,11,11.25,45,62300,699375,2010-02-02 00:00:00,1
2010-02-03 00:00:00,2010-02-03 00:00:00,11.25,2010-02-03 00:00:00,10.25,10.75,12,18600,197800,2010-02-03 00:00:00,1
2010-02-05 00:00:00,2010-02-05 00:00:00,11,2010-02-05 00:00:00,10.5,11,10,31900,341525,2010-02-05 00:00:00,1
2010-02-08 00:00:00,2010-02-08 00:00:00,11,2010-02-08 00:00:00,10.25,11,16,19500,203950,2010-02-08 00:00:00,1
2010-02-09 00:00:00,2010-02-09 00:00:00,10.75,2010-02-09 00:00:00,10.5,10.75,7,11500,123400,2010-02-09 00:00:00,1
2010-02-10 00:00:00,2010-02-10 00:00:00,11,2010-02-10 00:00:00,10.25,10.5,20,73600,776225,2010-02-10 00:00:00,1
2010-02-11 00:00:00,2010-02-11 00:00:00,10.75,2010-02-11 00:00:00,10.25,10.75,12,28100,299075,2010-02-11 00:00:00,1
2010-02-12 00:00:00,2010-02-12 00:00:00,10.5,2010-02-12 00:00:00,10,10,14,28100,284025,2010-02-12 00:00:00,1
2010-02-15 00:00:00,2010-02-15 00:00:00,10.75,2010-02-15 00:00:00,10,10.5,24,108500,1124525,2010-02-15 00:00:00,1
2010-02-16 00:00:00,2010-02-16 00:00:00,11.25,2010-02-16 00:00:00,10.25,11,227,611400,6817800,2010-02-16 00:00:00,1
2010-02-17 00:00:00,2010-02-17 00:00:00,11.75,2010-02-17 00:00:00,11,11.25,99,287900,3291400,2010-02-17 00:00:00,1
2010-02-18 00:00:00,2010-02-18 00:00:00,11.25,2010-02-18 00:00:00,10.5,10.5,24,45800,493350,2010-02-18 00:00:00,1
2010-02-19 00:00:00,2010-02-19 00:00:00,10.75,2010-02-19 00:00:00,10.75,10.75,7,10300,110725,2010-02-19 00:00:00,1
2010-02-22 00:00:00,2010-02-22 00:00:00,10.5,2010-02-22 00:00:00,10.5,10.5,13,14500,152250,2010-02-22 00:00:00,1
2010-02-23 00:00:00,2010-02-23 00:00:00,10.5,2010-02-23 00:00:00,10.5,10.5,13,23100,242550,2010-02-23 00:00:00,1
2010-02-24 00:00:00,2010-02-24 00:00:00,11.25,2010-02-24 00:00:00,10.25,10.75,102,142100,1541050,2010-02-24 00:00:00,1
2010-02-25 00:00:00,2010-02-25 00:00:00,11.25,2010-02-25 00:00:00,10.5,11,57,137200,1506200,2010-02-25 00:00:00,1
2010-02-26 00:00:00,2010-02-26 00:00:00,11,2010-02-26 00:00:00,11,11,4,2900,31900,2010-02-26 00:00:00,1
2010-03-01 00:00:00,2010-03-01 00:00:00,10.75,2010-03-01 00:00:00,10.75,10.75,14,30900,332175,2010-03-01 00:00:00,1
2010-03-02 00:00:00,2010-03-02 00:00:00,10.75,2010-03-02 00:00:00,10.5,10.75,5,10700,113775,2010-03-02 00:00:00,1
2010-03-03 00:00:00,2010-03-03 00:00:00,10.5,2010-03-03 00:00:00,10.5,10.5,9,13000,136500,2010-03-03 00:00:00,1
2010-03-04 00:00:00,2010-03-04 00:00:00,10.5,2010-03-04 00:00:00,10.5,10.5,1,100,1050,2010-03-04 00:00:00,1
2010-03-05 00:00:00,2010-03-05 00:00:00,10.75,2010-03-05 00:00:00,10.5,10.75,5,3200,34250,2010-03-05 00:00:00,1
2010-03-08 00:00:00,2010-03-08 00:00:00,10.75,2010-03-08 00:00:00,10.5,10.5,19,38700,406550,2010-03-08 00:00:00,1
2010-03-09 00:00:00,2010-03-09 00:00:00,10.5,2010-03-09 00:00:00,10.5,10.5,5,12800,134400,2010-03-09 00:00:00,1
2010-03-10 00:00:00,2010-03-10 00:00:00,11,2010-03-10 00:00:00,10.5,10.75,24,27400,289000,2010-03-10 00:00:00,1
2010-03-11 00:00:00,2010-03-11 00:00:00,11,2010-03-11 00:00:00,10.75,10.75,4,600,6475,2010-03-11 00:00:00,1
2010-03-12 00:00:00,2010-03-12 00:00:00,11.5,2010-03-12 00:00:00,11,11.25,64,128200,1438825,2010-03-12 00:00:00,1
2010-03-15 00:00:00,2010-03-15 00:00:00,11.5,2010-03-15 00:00:00,11,11,14,44700,499300,2010-03-15 00:00:00,1
2010-03-16 00:00:00,2010-03-16 00:00:00,11.25,2010-03-16 00:00:00,11,11,12,13600,149650,2010-03-16 00:00:00,1
2010-03-17 00:00:00,2010-03-17 00:00:00,11,2010-03-17 00:00:00,10.75,11,5,4000,43375,2010-03-17 00:00:00,1
2010-03-18 00:00:00,2010-03-18 00:00:00,10.75,2010-03-18 00:00:00,10.75,10.75,7,19800,212850,2010-03-18 00:00:00,1
2010-03-19 00:00:00,2010-03-19 00:00:00,10.5,2010-03-19 00:00:00,10.5,10.5,3,2100,22050,2010-03-19 00:00:00,1
2010-03-22 00:00:00,2010-03-22 00:00:00,11,2010-03-22 00:00:00,10.5,10.5,2,1200,12700,2010-03-22 00:00:00,1
2010-03-23 00:00:00,2010-03-23 00:00:00,10.75,2010-03-23 00:00:00,10.5,10.5,12,9200,96625,2010-03-23 00:00:00,1
2010-03-24 00:00:00,2010-03-24 00:00:00,10.5,2010-03-24 00:00:00,10.25,10.5,6,3200,33550,2010-03-24 00:00:00,1
2010-03-25 00:00:00,2010-03-25 00:00:00,10.5,2010-03-25 00:00:00,10.5,10.5,3,10100,106050,2010-03-25 00:00:00,1
2010-03-26 00:00:00,2010-03-26 00:00:00,10.5,2010-03-26 00:00:00,10.25,10.25,15,28700,294975,2010-03-26 00:00:00,1
2010-03-30 00:00:00,2010-03-30 00:00:00,10.25,2010-03-30 00:00:00,10,10.25,7,7700,78675,2010-03-30 00:00:00,1
2010-03-31 00:00:00,2010-03-31 00:00:00,10.5,2010-03-31 00:00:00,10.25,10.25,6,4200,43100,2010-03-31 00:00:00,1
2010-04-01 00:00:00,2010-04-01 00:00:00,10.5,2010-04-01 00:00:00,10,10.5,5,3200,33350,2010-04-01 00:00:00,1
2010-04-05 00:00:00,2010-04-05 00:00:00,10.75,2010-04-05 00:00:00,10.5,10.75,8,4600,49400,2010-04-05 00:00:00,1
2010-04-06 00:00:00,2010-04-06 00:00:00,11.25,2010-04-06 00:00:00,10.5,11,26,88000,967100,2010-04-06 00:00:00,1
2010-04-07 00:00:00,2010-04-07 00:00:00,11.25,2010-04-07 00:00:00,10.5,10.75,7,5400,59050,2010-04-07 00:00:00,1
2010-04-08 00:00:00,2010-04-08 00:00:00,11,2010-04-08 00:00:00,10.75,11,3,1800,19600,2010-04-08 00:00:00,1
2010-04-15 00:00:00,2010-04-15 00:00:00,11,2010-04-15 00:00:00,11,11,4,1000,11000,2010-04-15 00:00:00,1
2010-04-16 00:00:00,2010-04-16 00:00:00,11,2010-04-16 00:00:00,10.75,11,13,93300,1025550,2010-04-16 00:00:00,1
2010-04-19 00:00:00,2010-04-19 00:00:00,11.25,2010-04-19 00:00:00,10.75,11,16,56100,619575,2010-04-19 00:00:00,1
2010-04-20 00:00:00,2010-04-20 00:00:00,11.5,2010-04-20 00:00:00,11.25,11.5,83,231100,2639050,2010-04-20 00:00:00,1
2010-04-21 00:00:00,2010-04-21 00:00:00,12,2010-04-21 00:00:00,11,12,181,453400,5388450,2010-04-21 00:00:00,1
2010-04-22 00:00:00,2010-04-22 00:00:00,12.5,2010-04-22 00:00:00,12,12,98,196900,2390175,2010-04-22 00:00:00,1
2010-04-23 00:00:00,2010-04-23 00:00:00,12.5,2010-04-23 00:00:00,12.25,12.25,47,120500,1480400,2010-04-23 00:00:00,1
2010-04-26 00:00:00,2010-04-26 00:00:00,12.5,2010-04-26 00:00:00,12.25,12.25,44,94500,1159375,2010-04-26 00:00:00,1
2010-04-27 00:00:00,2010-04-27 00:00:00,12.5,2010-04-27 00:00:00,12.25,12.5,99,264600,3271925,2010-04-27 00:00:00,1
2010-04-29 00:00:00,2010-04-29 00:00:00,14.25,2010-04-29 00:00:00,12.25,14,385,1499900,19926275,2010-04-29 00:00:00,1
2010-04-30 00:00:00,2010-04-30 00:00:00,14.5,2010-04-30 00:00:00,13.75,14,151,304100,4333200,2010-04-30 00:00:00,1
2010-05-03 00:00:00,2010-05-03 00:00:00,14,2010-05-03 00:00:00,13.25,13.5,55,87900,1201050,2010-05-03 00:00:00,1
2010-05-04 00:00:00,2010-05-04 00:00:00,13.25,2010-05-04 00:00:00,12.75,13,47,53600,696275,2010-05-04 00:00:00,1
2010-05-05 00:00:00,2010-05-05 00:00:00,14.5,2010-05-05 00:00:00,13,14,246,5222983,69844679,2010-05-05 00:00:00,1
2010-05-06 00:00:00,2010-05-06 00:00:00,19,2010-05-06 00:00:00,14.25,18.25,1192,4335900,74392675,2010-05-06 00:00:00,1
2010-05-07 00:00:00,2010-05-07 00:00:00,21,2010-05-07 00:00:00,18.5,18.75,931,4129500,81921725,2010-05-07 00:00:00,1
2010-05-10 00:00:00,2010-05-10 00:00:00,20.75,2010-05-10 00:00:00,19,20.25,368,1586000,31653850,2010-05-10 00:00:00,1
2010-05-11 00:00:00,2010-05-11 00:00:00,26,2010-05-11 00:00:00,21.5,25,1593,4702300,112884725,2010-05-11 00:00:00,1
2010-05-12 00:00:00,2010-05-12 00:00:00,26.75,2010-05-12 00:00:00,24.25,25,791,1821700,46678900,2010-05-12 00:00:00,1
2010-05-13 00:00:00,2010-05-13 00:00:00,26.25,2010-05-13 00:00:00,23.75,24.25,408,869800,21483025,2010-05-13 00:00:00,1
2010-05-14 00:00:00,2010-05-14 00:00:00,24.5,2010-05-14 00:00:00,22.5,23,130,282300,6544775,2010-05-14 00:00:00,1
2010-05-17 00:00:00,2010-05-17 00:00:00,24,2010-05-17 00:00:00,22.25,23.75,87,121600,2821325,2010-05-17 00:00:00,1
2010-05-18 00:00:00,2010-05-18 00:00:00,24,2010-05-18 00:00:00,23,23.5,80,193600,4597500,2010-05-18 00:00:00,1
2010-05-19 00:00:00,2010-05-19 00:00:00,23.5,2010-05-19 00:00:00,22.75,23,76,129100,2976300,2010-05-19 00:00:00,1
2010-05-20 00:00:00,2010-05-20 00:00:00,22.5,2010-05-20 00:00:00,21.75,22,63,117000,2591825,2010-05-20 00:00:00,1
2010-05-21 00:00:00,2010-05-21 00:00:00,22.5,2010-05-21 00:00:00,20,22,106,252100,5332375,2010-05-21 00:00:00,1
2010-05-24 00:00:00,2010-05-24 00:00:00,23,2010-05-24 00:00:00,21.75,21.75,26,41900,944150,2010-05-24 00:00:00,1
2010-05-25 00:00:00,2010-05-25 00:00:00,22.75,2010-05-25 00:00:00,20.25,20.5,67,130800,2749725,2010-05-25 00:00:00,1
2010-05-26 00:00:00,2010-05-26 00:00:00,22,2010-05-26 00:00:00,20.5,21.75,39,42300,895300,2010-05-26 00:00:00,1
2010-05-31 00:00:00,2010-05-31 00:00:00,22,2010-05-31 00:00:00,20.5,20.5,24,40500,844850,2010-05-31 00:00:00,1
2010-06-01 00:00:00,2010-06-01 00:00:00,22,2010-06-01 00:00:00,20.25,20.5,29,14300,297925,2010-06-01 00:00:00,1
2010-06-02 00:00:00,2010-06-02 00:00:00,21.5,2010-06-02 00:00:00,20.5,21,40,119800,2532025,2010-06-02 00:00:00,1
2010-06-03 00:00:00,2010-06-03 00:00:00,23,2010-06-03 00:00:00,21.25,22,103,287500,6408550,2010-06-03 00:00:00,1
2010-06-04 00:00:00,2010-06-04 00:00:00,21.5,2010-06-04 00:00:00,21,21.5,16,8900,190400,2010-06-04 00:00:00,1
2010-06-07 00:00:00,2010-06-07 00:00:00,21.25,2010-06-07 00:00:00,20.5,20.5,49,76600,1580725,2010-06-07 00:00:00,1
2010-06-08 00:00:00,2010-06-08 00:00:00,21,2010-06-08 00:00:00,20.5,20.75,22,41000,848400,2010-06-08 00:00:00,1
2010-06-09 00:00:00,2010-06-09 00:00:00,21.75,2010-06-09 00:00:00,20.25,20.5,41,103400,2127275,2010-06-09 00:00:00,1
2010-06-10 00:00:00,2010-06-10 00:00:00,20.5,2010-06-10 00:00:00,20,20,42,55600,1118725,2010-06-10 00:00:00,1
2010-06-11 00:00:00,2010-06-11 00:00:00,20.75,2010-06-11 00:00:00,19.75,20,12,6800,136250,2010-06-11 00:00:00,1
2010-06-14 00:00:00,2010-06-14 00:00:00,21,2010-06-14 00:00:00,20,20.25,17,17100,345675,2010-06-14 00:00:00,1
2010-06-15 00:00:00,2010-06-15 00:00:00,20.75,2010-06-15 00:00:00,20,20,21,22700,454825,2010-06-15 00:00:00,1
2010-06-16 00:00:00,2010-06-16 00:00:00,20,2010-06-16 00:00:00,19.75,20,44,83100,1658500,2010-06-16 00:00:00,1
2010-06-17 00:00:00,2010-06-17 00:00:00,21,2010-06-17 00:00:00,20,20.5,43,78900,1607200,2010-06-17 00:00:00,1
2010-06-21 00:00:00,2010-06-21 00:00:00,20.75,2010-06-21 00:00:00,20,20,8,5500,110800,2010-06-21 00:00:00,1
2010-06-22 00:00:00,2010-06-22 00:00:00,20.25,2010-06-22 00:00:00,19.75,19.75,7,6500,129750,2010-06-22 00:00:00,1
2010-06-23 00:00:00,2010-06-23 00:00:00,20,2010-06-23 00:00:00,19.75,19.75,11,9700,193325,2010-06-23 00:00:00,1
2010-06-24 00:00:00,2010-06-24 00:00:00,21,2010-06-24 00:00:00,19,20.5,44,87300,1779075,2010-06-24 00:00:00,1
2010-06-28 00:00:00,2010-06-28 00:00:00,20.75,2010-06-28 00:00:00,19.75,20,12,22200,438725,2010-06-28 00:00:00,1
2010-06-29 00:00:00,2010-06-29 00:00:00,21,2010-06-29 00:00:00,19.75,20.75,25,25800,538250,2010-06-29 00:00:00,1
2010-06-30 00:00:00,2010-06-30 00:00:00,20.75,2010-06-30 00:00:00,20,20,20,10200,204450,2010-06-30 00:00:00,1
2010-07-01 00:00:00,2010-07-01 00:00:00,23.25,2010-07-01 00:00:00,19.5,22,190,502900,10921875,2010-07-01 00:00:00,1
2010-07-02 00:00:00,2010-07-02 00:00:00,23.75,2010-07-02 00:00:00,21.5,22,113,175800,3988550,2010-07-02 00:00:00,1
2010-07-05 00:00:00,2010-07-05 00:00:00,22,2010-07-05 00:00:00,20.25,20.25,9,11200,230050,2010-07-05 00:00:00,1
2010-07-06 00:00:00,2010-07-06 00:00:00,22.5,2010-07-06 00:00:00,20,20,29,54300,1110375,2010-07-06 00:00:00,1
2010-07-07 00:00:00,2010-07-07 00:00:00,20.25,2010-07-07 00:00:00,19,19.25,30,33700,658900,2010-07-07 00:00:00,1
2010-07-08 00:00:00,2010-07-08 00:00:00,20,2010-07-08 00:00:00,19.25,20,5,9400,187775,2010-07-08 00:00:00,1
2010-07-12 00:00:00,2010-07-12 00:00:00,20,2010-07-12 00:00:00,19.5,19.5,7,3300,64425,2010-07-12 00:00:00,1
2010-07-13 00:00:00,2010-07-13 00:00:00,21,2010-07-13 00:00:00,19.75,20,30,13600,276275,2010-07-13 00:00:00,1
2010-07-14 00:00:00,2010-07-14 00:00:00,20.75,2010-07-14 00:00:00,19.75,19.75,27,48500,973200,2010-07-14 00:00:00,1
2010-07-15 00:00:00,2010-07-15 00:00:00,20.75,2010-07-15 00:00:00,20,20,34,40100,811300,2010-07-15 00:00:00,1
2010-07-16 00:00:00,2010-07-16 00:00:00,21.25,2010-07-16 00:00:00,20,20,49,58600,1189425,2010-07-16 00:00:00,1
2010-07-19 00:00:00,2010-07-19 00:00:00,21.5,2010-07-19 00:00:00,20,20.75,68,153400,3222125,2010-07-19 00:00:00,1
2010-07-20 00:00:00,2010-07-20 00:00:00,23.25,2010-07-20 00:00:00,20.5,22.75,334,998900,22517425,2010-07-20 00:00:00,1
2010-07-21 00:00:00,2010-07-21 00:00:00,22.75,2010-07-21 00:00:00,21.25,21.25,33,44800,968800,2010-07-21 00:00:00,1
2010-07-22 00:00:00,2010-07-22 00:00:00,21.75,2010-07-22 00:00:00,20.5,20.75,31,29300,611550,2010-07-22 00:00:00,1
2010-07-23 00:00:00,2010-07-23 00:00:00,21.25,2010-07-23 00:00:00,20.5,21,6,6400,134475,2010-07-23 00:00:00,1
2010-07-26 00:00:00,2010-07-26 00:00:00,21,2010-07-26 00:00:00,20.25,20.25,31,40500,831200,2010-07-26 00:00:00,1
2010-07-27 00:00:00,2010-07-27 00:00:00,21,2010-07-27 00:00:00,20,20.75,40,73200,1478125,2010-07-27 00:00:00,1
2010-07-28 00:00:00,2010-07-28 00:00:00,21,2010-07-28 00:00:00,20,20.25,67,136000,2774475,2010-07-28 00:00:00,1
2010-07-29 00:00:00,2010-07-29 00:00:00,20.5,2010-07-29 00:00:00,20.25,20.5,27,30400,619400,2010-07-29 00:00:00,1
2010-07-30 00:00:00,2010-07-30 00:00:00,20.5,2010-07-30 00:00:00,20,20,55,99900,2004100,2010-07-30 00:00:00,1
2010-08-02 00:00:00,2010-08-02 00:00:00,20.1,2010-08-02 00:00:00,20,20,47,50600,1012510,2010-08-02 00:00:00,1
2010-08-03 00:00:00,2010-08-03 00:00:00,22,2010-08-03 00:00:00,20,21,68,164800,3435590,2010-08-03 00:00:00,1
2010-08-04 00:00:00,2010-08-04 00:00:00,22.5,2010-08-04 00:00:00,21.5,22,99,331600,7383060,2010-08-04 00:00:00,1
2010-08-05 00:00:00,2010-08-05 00:00:00,22.5,2010-08-05 00:00:00,19.8,20.3,73,185500,3804890,2010-08-05 00:00:00,1
2010-08-06 00:00:00,2010-08-06 00:00:00,21.9,2010-08-06 00:00:00,19.7,20.9,13,9600,193800,2010-08-06 00:00:00,1
2010-08-09 00:00:00,2010-08-09 00:00:00,19.6,2010-08-09 00:00:00,18.9,19.1,42,71200,1356510,2010-08-09 00:00:00,1
2010-08-10 00:00:00,2010-08-10 00:00:00,20.9,2010-08-10 00:00:00,17.2,20.9,46,45800,930550,2010-08-10 00:00:00,1
2010-08-11 00:00:00,2010-08-11 00:00:00,22,2010-08-11 00:00:00,20,20,51,75200,1527420,2010-08-11 00:00:00,1
2010-08-12 00:00:00,2010-08-12 00:00:00,20,2010-08-12 00:00:00,20,20,1,300,6000,2010-08-12 00:00:00,1
2010-08-13 00:00:00,2010-08-13 00:00:00,21.8,2010-08-13 00:00:00,20,21.4,68,152300,3246690,2010-08-13 00:00:00,1
2010-08-16 00:00:00,2010-08-16 00:00:00,20.1,2010-08-16 00:00:00,20.1,20.1,1,3000,60300,2010-08-16 00:00:00,1
2010-08-17 00:00:00,2010-08-17 00:00:00,20.1,2010-08-17 00:00:00,19.9,20.1,14,20000,400150,2010-08-17 00:00:00,1
2010-08-18 00:00:00,2010-08-18 00:00:00,21,2010-08-18 00:00:00,20,21,19,18300,378370,2010-08-18 00:00:00,1
2010-08-19 00:00:00,2010-08-19 00:00:00,21,2010-08-19 00:00:00,20,20.9,39,111600,2319500,2010-08-19 00:00:00,1
2010-08-20 00:00:00,2010-08-20 00:00:00,20.9,2010-08-20 00:00:00,20.1,20.4,9,12600,256670,2010-08-20 00:00:00,1
2010-08-23 00:00:00,2010-08-23 00:00:00,20.5,2010-08-23 00:00:00,20.1,20.5,12,12100,244560,2010-08-23 00:00:00,1
2010-08-25 00:00:00,2010-08-25 00:00:00,20.9,2010-08-25 00:00:00,20.1,20.2,7,3700,74580,2010-08-25 00:00:00,1
2010-08-26 00:00:00,2010-08-26 00:00:00,20.6,2010-08-26 00:00:00,20,20,12,15700,314850,2010-08-26 00:00:00,1
2010-08-27 00:00:00,2010-08-27 00:00:00,20.5,2010-08-27 00:00:00,19.9,19.9,18,20000,399800,2010-08-27 00:00:00,1
2010-08-30 00:00:00,2010-08-30 00:00:00,20.5,2010-08-30 00:00:00,19.2,19.3,11,5900,116770,2010-08-30 00:00:00,1
2010-08-31 00:00:00,2010-08-31 00:00:00,20,2010-08-31 00:00:00,19.3,19.7,13,11600,229350,2010-08-31 00:00:00,1
2010-09-01 00:00:00,2010-09-01 00:00:00,20.2,2010-09-01 00:00:00,19.1,20,8,11600,231070,2010-09-01 00:00:00,1
2010-09-02 00:00:00,2010-09-02 00:00:00,21,2010-09-02 00:00:00,19.3,20.9,18,23800,484500,2010-09-02 00:00:00,1
2010-09-03 00:00:00,2010-09-03 00:00:00,20.2,2010-09-03 00:00:00,19.8,20.1,36,140500,2817670,2010-09-03 00:00:00,1
2010-09-06 00:00:00,2010-09-06 00:00:00,20.9,2010-09-06 00:00:00,19.6,20.3,28,22500,452900,2010-09-06 00:00:00,1
2010-09-07 00:00:00,2010-09-07 00:00:00,20.2,2010-09-07 00:00:00,20.1,20.2,2,500,10090,2010-09-07 00:00:00,1
2010-09-08 00:00:00,2010-09-08 00:00:00,20.4,2010-09-08 00:00:00,19.2,19.9,15,29200,574710,2010-09-08 00:00:00,1
2010-09-09 00:00:00,2010-09-09 00:00:00,20.3,2010-09-09 00:00:00,19.6,19.9,14,21800,436010,2010-09-09 00:00:00,1
2010-09-13 00:00:00,2010-09-13 00:00:00,20,2010-09-13 00:00:00,19.6,19.7,20,8100,160380,2010-09-13 00:00:00,1
2010-09-14 00:00:00,2010-09-14 00:00:00,19.7,2010-09-14 00:00:00,19.5,19.5,12,20900,409050,2010-09-14 00:00:00,1
2010-09-15 00:00:00,2010-09-15 00:00:00,19.3,2010-09-15 00:00:00,19.1,19.2,21,24400,468670,2010-09-15 00:00:00,1
2010-09-16 00:00:00,2010-09-16 00:00:00,19.3,2010-09-16 00:00:00,19.1,19.1,24,19800,379320,2010-09-16 00:00:00,1
2010-09-17 00:00:00,2010-09-17 00:00:00,21,2010-09-17 00:00:00,19.3,21,68,238200,4972860,2010-09-17 00:00:00,1
2010-09-20 00:00:00,2010-09-20 00:00:00,22,2010-09-20 00:00:00,20.8,20.8,26,21600,462330,2010-09-20 00:00:00,1
2010-09-21 00:00:00,2010-09-21 00:00:00,20.5,2010-09-21 00:00:00,20,20.1,15,19500,391020,2010-09-21 00:00:00,1
2010-09-23 00:00:00,2010-09-23 00:00:00,20.1,2010-09-23 00:00:00,20,20,4,1400,28120,2010-09-23 00:00:00,1
2010-09-24 00:00:00,2010-09-24 00:00:00,20.8,2010-09-24 00:00:00,19.3,19.4,34,71500,1392850,2010-09-24 00:00:00,1
2010-09-27 00:00:00,2010-09-27 00:00:00,19.9,2010-09-27 00:00:00,19.2,19.7,32,70000,1361280,2010-09-27 00:00:00,1
2010-09-28 00:00:00,2010-09-28 00:00:00,20.8,2010-09-28 00:00:00,19.6,19.7,37,69900,1400100,2010-09-28 00:00:00,1
2010-09-29 00:00:00,2010-09-29 00:00:00,20,2010-09-29 00:00:00,19.5,20,34,50000,992670,2010-09-29 00:00:00,1
2010-09-30 00:00:00,2010-09-30 00:00:00,19.6,2010-09-30 00:00:00,19.2,19.4,20,32900,640410,2010-09-30 00:00:00,1
2010-10-01 00:00:00,2010-10-01 00:00:00,20,2010-10-01 00:00:00,19.4,20,24,56300,1120810,2010-10-01 00:00:00,1
2010-10-04 00:00:00,2010-10-04 00:00:00,19.6,2010-10-04 00:00:00,19.4,19.5,6,1300,25340,2010-10-04 00:00:00,1
2010-10-05 00:00:00,2010-10-05 00:00:00,19.5,2010-10-05 00:00:00,19,19.3,25,32000,613380,2010-10-05 00:00:00,1
2010-10-06 00:00:00,2010-10-06 00:00:00,19.3,2010-10-06 00:00:00,19,19,27,29400,559940,2010-10-06 00:00:00,1
2010-10-07 00:00:00,2010-10-07 00:00:00,19.8,2010-10-07 00:00:00,18.2,18.5,21,23900,450990,2010-10-07 00:00:00,1
2010-10-08 00:00:00,2010-10-08 00:00:00,19.2,2010-10-08 00:00:00,18.1,18.2,8,9500,179040,2010-10-08 00:00:00,1
2010-10-11 00:00:00,2010-10-11 00:00:00,19,2010-10-11 00:00:00,18.4,18.7,8,3900,72390,2010-10-11 00:00:00,1
2010-10-12 00:00:00,2010-10-12 00:00:00,19.5,2010-10-12 00:00:00,17,18,21,12800,228480,2010-10-12 00:00:00,1
2010-10-13 00:00:00,2010-10-13 00:00:00,18,2010-10-13 00:00:00,16.5,16.6,8,4800,80760,2010-10-13 00:00:00,1
2010-10-14 00:00:00,2010-10-14 00:00:00,17,2010-10-14 00:00:00,17,17,2,1000,17000,2010-10-14 00:00:00,1
2010-10-15 00:00:00,2010-10-15 00:00:00,17,2010-10-15 00:00:00,17,17,7,1800,30600,2010-10-15 00:00:00,1
2010-10-18 00:00:00,2010-10-18 00:00:00,17,2010-10-18 00:00:00,17,17,1,500,8500,2010-10-18 00:00:00,1
2010-10-19 00:00:00,2010-10-19 00:00:00,17.4,2010-10-19 00:00:00,17,17.4,7,3200,54580,2010-10-19 00:00:00,1
2010-10-20 00:00:00,2010-10-20 00:00:00,17.4,2010-10-20 00:00:00,17.2,17.4,3,1800,31050,2010-10-20 00:00:00,1
2010-10-21 00:00:00,2010-10-21 00:00:00,17.4,2010-10-21 00:00:00,17.4,17.4,3,1700,29580,2010-10-21 00:00:00,1
2010-10-25 00:00:00,2010-10-25 00:00:00,16.6,2010-10-25 00:00:00,16.6,16.6,1,100,1660,2010-10-25 00:00:00,1
2010-10-27 00:00:00,2010-10-27 00:00:00,16.6,2010-10-27 00:00:00,16.6,16.6,1,600,9960,2010-10-27 00:00:00,1
2010-10-28 00:00:00,2010-10-28 00:00:00,16.5,2010-10-28 00:00:00,16.5,16.5,4,173600,2864400,2010-10-28 00:00:00,1
2010-10-29 00:00:00,2010-10-29 00:00:00,17.5,2010-10-29 00:00:00,16.8,16.9,23,84100,1434310,2010-10-29 00:00:00,1
2010-11-01 00:00:00,2010-11-01 00:00:00,17.1,2010-11-01 00:00:00,17,17.1,2,1600,27340,2010-11-01 00:00:00,1
2010-11-02 00:00:00,2010-11-02 00:00:00,17.7,2010-11-02 00:00:00,17,17.5,14,64700,1125350,2010-11-02 00:00:00,1
2010-11-03 00:00:00,2010-11-03 00:00:00,18.5,2010-11-03 00:00:00,17.7,18,22,114900,2063220,2010-11-03 00:00:00,1
2010-11-04 00:00:00,2010-11-04 00:00:00,18.1,2010-11-04 00:00:00,17.4,17.6,25,67600,1215250,2010-11-04 00:00:00,1
2010-11-08 00:00:00,2010-11-08 00:00:00,18.3,2010-11-08 00:00:00,17.3,18,33,147200,2649940,2010-11-08 00:00:00,1
2010-11-09 00:00:00,2010-11-09 00:00:00,18,2010-11-09 00:00:00,18,18,15,20300,365400,2010-11-09 00:00:00,1
2010-11-10 00:00:00,2010-11-10 00:00:00,18,2010-11-10 00:00:00,17,17.1,20,18000,311470,2010-11-10 00:00:00,1
2010-11-12 00:00:00,2010-11-12 00:00:00,18.2,2010-11-12 00:00:00,18.2,18.2,1,500,9100,2010-11-12 00:00:00,1
2010-11-15 00:00:00,2010-11-15 00:00:00,18,2010-11-15 00:00:00,16.2,17.2,3,2300,39500,2010-11-15 00:00:00,1
2010-11-18 00:00:00,2010-11-18 00:00:00,17.8,2010-11-18 00:00:00,17.8,17.8,10,11700,208260,2010-11-18 00:00:00,1
2010-11-22 00:00:00,2010-11-22 00:00:00,17.9,2010-11-22 00:00:00,16.4,17,3,1800,30930,2010-11-22 00:00:00,1
2010-11-23 00:00:00,2010-11-23 00:00:00,17.5,2010-11-23 00:00:00,16.5,17.5,25,27900,475720,2010-11-23 00:00:00,1
2010-11-24 00:00:00,2010-11-24 00:00:00,17.3,2010-11-24 00:00:00,16.5,17,9,16100,276570,2010-11-24 00:00:00,1
2010-11-25 00:00:00,2010-11-25 00:00:00,17.2,2010-11-25 00:00:00,16.5,16.5,15,17900,297100,2010-11-25 00:00:00,1
2010-11-26 00:00:00,2010-11-26 00:00:00,17,2010-11-26 00:00:00,17,17,7,3800,64600,2010-11-26 00:00:00,1
2010-11-29 00:00:00,2010-11-29 00:00:00,17.1,2010-11-29 00:00:00,16,16.1,8,33300,535580,2010-11-29 00:00:00,1
2010-11-30 00:00:00,2010-11-30 00:00:00,17.4,2010-11-30 00:00:00,17.3,17.3,5,3500,60670,2010-11-30 00:00:00,1
2010-12-01 00:00:00,2010-12-01 00:00:00,17.5,2010-12-01 00:00:00,17.3,17.5,17,29400,513700,2010-12-01 00:00:00,1
2010-12-02 00:00:00,2010-12-02 00:00:00,17.1,2010-12-02 00:00:00,17,17.1,3,1600,27300,2010-12-02 00:00:00,1
2010-12-03 00:00:00,2010-12-03 00:00:00,17.4,2010-12-03 00:00:00,17.4,17.4,4,1900,33060,2010-12-03 00:00:00,1
2010-12-06 00:00:00,2010-12-06 00:00:00,17.1,2010-12-06 00:00:00,16.5,16.5,2,14000,238800,2010-12-06 00:00:00,1
2010-12-07 00:00:00,2010-12-07 00:00:00,17.3,2010-12-07 00:00:00,16.4,16.8,2,4200,70680,2010-12-07 00:00:00,1
2010-12-08 00:00:00,2010-12-08 00:00:00,16.5,2010-12-08 00:00:00,16.3,16.4,4,2900,47480,2010-12-08 00:00:00,1
2010-12-10 00:00:00,2010-12-10 00:00:00,16.5,2010-12-10 00:00:00,16.4,16.5,3,1900,31340,2010-12-10 00:00:00,1
2010-12-13 00:00:00,2010-12-13 00:00:00,16.4,2010-12-13 00:00:00,16.4,16.4,1,100,1640,2010-12-13 00:00:00,1
2010-12-14 00:00:00,2010-12-14 00:00:00,16.2,2010-12-14 00:00:00,16,16.1,4,13900,223480,2010-12-14 00:00:00,1
2010-12-15 00:00:00,2010-12-15 00:00:00,17.3,2010-12-15 00:00:00,17.3,17.3,1,100,1730,2010-12-15 00:00:00,1
2010-12-16 00:00:00,2010-12-16 00:00:00,16.3,2010-12-16 00:00:00,16,16.2,26,17900,288130,2010-12-16 00:00:00,1
2010-12-17 00:00:00,2010-12-17 00:00:00,16.6,2010-12-17 00:00:00,16,16,17,180700,2895460,2010-12-17 00:00:00,1
2010-12-21 00:00:00,2010-12-21 00:00:00,16.7,2010-12-21 00:00:00,16.7,16.7,1,100,1670,2010-12-21 00:00:00,1
2010-12-22 00:00:00,2010-12-22 00:00:00,17.4,2010-12-22 00:00:00,16.5,17.3,34,295800,5118140,2010-12-22 00:00:00,1
2010-12-23 00:00:00,2010-12-23 00:00:00,18.3,2010-12-23 00:00:00,17.2,18.1,24,219400,3808960,2010-12-23 00:00:00,1
2010-12-24 00:00:00,2010-12-24 00:00:00,19,2010-12-24 00:00:00,17.6,18.9,56,84300,1581100,2010-12-24 00:00:00,1
2010-12-27 00:00:00,2010-12-27 00:00:00,19.6,2010-12-27 00:00:00,16.8,19.4,177,469000,8980760,2010-12-27 00:00:00,1
2010-12-28 00:00:00,2010-12-28 00:00:00,21.3,2010-12-28 00:00:00,19.4,20.6,292,645400,13071140,2010-12-28 00:00:00,1
2010-12-29 00:00:00,2010-12-29 00:00:00,22.2,2010-12-29 00:00:00,20.5,21.8,755,2275700,49576610,2010-12-29 00:00:00,1
2010-12-30 00:00:00,2010-12-30 00:00:00,22,2010-12-30 00:00:00,19.6,20.5,97,111000,2284460,2010-12-30 00:00:00,1
2010-12-31 00:00:00,2010-12-31 00:00:00,22.2,2010-12-31 00:00:00,21,22,207,320300,7042480,2010-12-31 00:00:00,1
Company Id :  EDEN,,Security Type :  N,,Sub Type :  0000,,,,,,
Short Name :  EDEN HOTEL LANKA,,,,,,,,,,
Day,Date High,High,Date Low,Low,Closing,No. of Trades,No. of Shares,Turnover,Last Traded,Days Traded
2010-01-04 00:00:00,2010-01-04 00:00:00,27,2010-01-04 00:00:00,25.5,26.5,64,101000,2643000,2010-01-04 00:00:00,1
2010-01-05 00:00:00,2010-01-05 00:00:00,27.5,2010-01-05 00:00:00,26.25,27,127,233100,6274650,2010-01-05 00:00:00,1
2010-01-06 00:00:00,2010-01-06 00:00:00,27.5,2010-01-06 00:00:00,27,27,31,22500,609925,2010-01-06 00:00:00,1
2010-01-07 00:00:00,2010-01-07 00:00:00,27,2010-01-07 00:00:00,26,26.25,18,18800,495025,2010-01-07 00:00:00,1
2010-01-08 00:00:00,2010-01-08 00:00:00,26.75,2010-01-08 00:00:00,26.5,26.75,25,40200,1070350,2010-01-08 00:00:00,1
2010-01-11 00:00:00,2010-01-11 00:00:00,27,2010-01-11 00:00:00,26,26.25,17,12600,328625,2010-01-11 00:00:00,1
2010-01-12 00:00:00,2010-01-12 00:00:00,26.25,2010-01-12 00:00:00,25.75,25.75,22,26000,676525,2010-01-12 00:00:00,1
2010-01-13 00:00:00,2010-01-13 00:00:00,27,2010-01-13 00:00:00,25.75,26.75,36,51500,1371200,2010-01-13 00:00:00,1
2010-01-15 00:00:00,2010-01-15 00:00:00,28.5,2010-01-15 00:00:00,27,28.25,160,357900,10032325,2010-01-15 00:00:00,1
2010-01-18 00:00:00,2010-01-18 00:00:00,29,2010-01-18 00:00:00,27.5,28.25,154,208600,5951550,2010-01-18 00:00:00,1
2010-01-19 00:00:00,2010-01-19 00:00:00,28,2010-01-19 00:00:00,26.5,27.5,52,56300,1528625,2010-01-19 00:00:00,1
2010-01-20 00:00:00,2010-01-20 00:00:00,28,2010-01-20 00:00:00,27.25,27.75,29,21800,604325,2010-01-20 00:00:00,1
2010-01-21 00:00:00,2010-01-21 00:00:00,27.75,2010-01-21 00:00:00,27,27,25,36000,986325,2010-01-21 00:00:00,1
2010-01-22 00:00:00,2010-01-22 00:00:00,27.25,2010-01-22 00:00:00,26.75,27.25,44,75200,2033725,2010-01-22 00:00:00,1
2010-01-25 00:00:00,2010-01-25 00:00:00,28,2010-01-25 00:00:00,27.25,27.25,19,9200,252375,2010-01-25 00:00:00,1
2010-01-26 00:00:00,2010-01-26 00:00:00,28,2010-01-26 00:00:00,27.5,28,29,28000,780800,2010-01-26 00:00:00,1
2010-01-28 00:00:00,2010-01-28 00:00:00,28,2010-01-28 00:00:00,26.5,28,41,31600,877350,2010-01-28 00:00:00,1
2010-02-01 00:00:00,2010-02-01 00:00:00,29,2010-02-01 00:00:00,28,28.75,72,117600,3360075,2010-02-01 00:00:00,1
2010-02-02 00:00:00,2010-02-02 00:00:00,29.5,2010-02-02 00:00:00,28.5,29.25,72,169300,4903825,2010-02-02 00:00:00,1
2010-02-03 00:00:00,2010-02-03 00:00:00,29.25,2010-02-03 00:00:00,28,28.75,20,11500,329000,2010-02-03 00:00:00,1
2010-02-05 00:00:00,2010-02-05 00:00:00,28.75,2010-02-05 00:00:00,28.5,28.5,26,33100,945900,2010-02-05 00:00:00,1
2010-02-08 00:00:00,2010-02-08 00:00:00,30,2010-02-08 00:00:00,29,29.75,81,154700,4567950,2010-02-08 00:00:00,1
2010-02-09 00:00:00,2010-02-09 00:00:00,29.5,2010-02-09 00:00:00,28.5,28.75,74,308600,8966600,2010-02-09 00:00:00,1
2010-02-10 00:00:00,2010-02-10 00:00:00,29,2010-02-10 00:00:00,28.5,28.75,15,11200,321550,2010-02-10 00:00:00,1
2010-02-11 00:00:00,2010-02-11 00:00:00,28.75,2010-02-11 00:00:00,28,28.25,46,79200,2235425,2010-02-11 00:00:00,1
2010-02-12 00:00:00,2010-02-12 00:00:00,27.75,2010-02-12 00:00:00,27,27.25,13,18500,508900,2010-02-12 00:00:00,1
2010-02-15 00:00:00,2010-02-15 00:00:00,28,2010-02-15 00:00:00,27.25,27.5,12,8300,231450,2010-02-15 00:00:00,1
2010-02-16 00:00:00,2010-02-16 00:00:00,27.5,2010-02-16 00:00:00,26.5,27,26,36100,970300,2010-02-16 00:00:00,1
2010-02-17 00:00:00,2010-02-17 00:00:00,26.75,2010-02-17 00:00:00,26.5,26.75,11,11000,293850,2010-02-17 00:00:00,1
2010-02-18 00:00:00,2010-02-18 00:00:00,27.75,2010-02-18 00:00:00,26.75,27,11,6300,169525,2010-02-18 00:00:00,1
2010-02-19 00:00:00,2010-02-19 00:00:00,27.25,2010-02-19 00:00:00,26.5,26.75,18,24700,657575,2010-02-19 00:00:00,1
2010-02-22 00:00:00,2010-02-22 00:00:00,27.75,2010-02-22 00:00:00,26.75,26.75,25,19100,516300,2010-02-22 00:00:00,1
2010-02-23 00:00:00,2010-02-23 00:00:00,27,2010-02-23 00:00:00,26.75,26.75,9,5700,153800,2010-02-23 00:00:00,1
2010-02-24 00:00:00,2010-02-24 00:00:00,27.25,2010-02-24 00:00:00,26.5,27,29,31900,852100,2010-02-24 00:00:00,1
2010-02-25 00:00:00,2010-02-25 00:00:00,28.5,2010-02-25 00:00:00,26.75,28,58,79000,2190700,2010-02-25 00:00:00,1
2010-02-26 00:00:00,2010-02-26 00:00:00,30.25,2010-02-26 00:00:00,27.75,29.75,157,232900,6880050,2010-02-26 00:00:00,1
2010-03-01 00:00:00,2010-03-01 00:00:00,30.5,2010-03-01 00:00:00,29.5,30,189,394800,11826800,2010-03-01 00:00:00,1
2010-03-02 00:00:00,2010-03-02 00:00:00,30,2010-03-02 00:00:00,29,29,87,171800,5088825,2010-03-02 00:00:00,1
2010-03-03 00:00:00,2010-03-03 00:00:00,29.5,2010-03-03 00:00:00,28.5,28.5,34,28600,835875,2010-03-03 00:00:00,1
2010-03-04 00:00:00,2010-03-04 00:00:00,29,2010-03-04 00:00:00,28.5,28.75,22,16800,481125,2010-03-04 00:00:00,1
2010-03-05 00:00:00,2010-03-05 00:00:00,31.75,2010-03-05 00:00:00,29,31.25,365,756700,23347650,2010-03-05 00:00:00,1
2010-03-08 00:00:00,2010-03-08 00:00:00,33,2010-03-08 00:00:00,32,32.5,281,569400,18456650,2010-03-08 00:00:00,1
2010-03-09 00:00:00,2010-03-09 00:00:00,34.5,2010-03-09 00:00:00,32.75,33,715,1483600,49989125,2010-03-09 00:00:00,1
2010-03-10 00:00:00,2010-03-10 00:00:00,33.5,2010-03-10 00:00:00,32.75,33.25,81,97100,3219825,2010-03-10 00:00:00,1
2010-03-11 00:00:00,2010-03-11 00:00:00,33.75,2010-03-11 00:00:00,33,33.75,62,104200,3499150,2010-03-11 00:00:00,1
2010-03-12 00:00:00,2010-03-12 00:00:00,34.75,2010-03-12 00:00:00,33.75,34.25,139,196200,6704875,2010-03-12 00:00:00,1
2010-03-15 00:00:00,2010-03-15 00:00:00,35,2010-03-15 00:00:00,34,34.75,88,111500,3827300,2010-03-15 00:00:00,1
2010-03-16 00:00:00,2010-03-16 00:00:00,34.75,2010-03-16 00:00:00,33.75,34,52,49800,1694050,2010-03-16 00:00:00,1
2010-03-17 00:00:00,2010-03-17 00:00:00,34.5,2010-03-17 00:00:00,34,34.25,59,182800,6235600,2010-03-17 00:00:00,1
2010-03-18 00:00:00,2010-03-18 00:00:00,34.25,2010-03-18 00:00:00,33.75,34,49,68900,2341775,2010-03-18 00:00:00,1
2010-03-19 00:00:00,2010-03-19 00:00:00,33.75,2010-03-19 00:00:00,33.75,33.75,7,5000,168750,2010-03-19 00:00:00,1
2010-03-22 00:00:00,2010-03-22 00:00:00,34.5,2010-03-22 00:00:00,33.25,33.5,45,70600,2393525,2010-03-22 00:00:00,1
2010-03-23 00:00:00,2010-03-23 00:00:00,33.5,2010-03-23 00:00:00,33,33,24,25800,853925,2010-03-23 00:00:00,1
2010-03-24 00:00:00,2010-03-24 00:00:00,33.25,2010-03-24 00:00:00,32.75,33,25,30500,1006425,2010-03-24 00:00:00,1
2010-03-25 00:00:00,2010-03-25 00:00:00,33,2010-03-25 00:00:00,32.75,32.75,22,15700,514425,2010-03-25 00:00:00,1
2010-03-26 00:00:00,2010-03-26 00:00:00,33.5,2010-03-26 00:00:00,33,33.25,32,35300,1176975,2010-03-26 00:00:00,1
2010-03-30 00:00:00,2010-03-30 00:00:00,34.5,2010-03-30 00:00:00,33.5,34,40,54700,1852825,2010-03-30 00:00:00,1
2010-03-31 00:00:00,2010-03-31 00:00:00,34.5,2010-03-31 00:00:00,33.75,33.75,52,75800,2571975,2010-03-31 00:00:00,1
2010-04-01 00:00:00,2010-04-01 00:00:00,35,2010-04-01 00:00:00,33.75,34.5,112,186400,6402625,2010-04-01 00:00:00,1
2010-04-05 00:00:00,2010-04-05 00:00:00,37.5,2010-04-05 00:00:00,34,35.75,155,194100,6899350,2010-04-05 00:00:00,1
2010-04-06 00:00:00,2010-04-06 00:00:00,38,2010-04-06 00:00:00,36,37.75,167,312700,11630550,2010-04-06 00:00:00,1
2010-04-07 00:00:00,2010-04-07 00:00:00,40.5,2010-04-07 00:00:00,37.25,39.5,300,563200,22329725,2010-04-07 00:00:00,1
2010-04-08 00:00:00,2010-04-08 00:00:00,40.25,2010-04-08 00:00:00,39,40,102,153100,6092800,2010-04-08 00:00:00,1
2010-04-12 00:00:00,2010-04-12 00:00:00,41,2010-04-12 00:00:00,38.75,39.5,94,110400,4401675,2010-04-12 00:00:00,1
2010-04-15 00:00:00,2010-04-15 00:00:00,39.75,2010-04-15 00:00:00,39,39,47,46800,1843200,2010-04-15 00:00:00,1
2010-04-16 00:00:00,2010-04-16 00:00:00,40,2010-04-16 00:00:00,39.25,40,75,170100,6783275,2010-04-16 00:00:00,1
2010-04-19 00:00:00,2010-04-19 00:00:00,43.5,2010-04-19 00:00:00,40,42.5,160,226500,9432625,2010-04-19 00:00:00,1
2010-04-20 00:00:00,2010-04-20 00:00:00,45.25,2010-04-20 00:00:00,42,42.5,256,422300,18611450,2010-04-20 00:00:00,1
2010-04-21 00:00:00,2010-04-21 00:00:00,43,2010-04-21 00:00:00,41.25,42,59,56800,2391500,2010-04-21 00:00:00,1
2010-04-22 00:00:00,2010-04-22 00:00:00,42.25,2010-04-22 00:00:00,41.75,41.75,52,44300,1853975,2010-04-22 00:00:00,1
2010-04-23 00:00:00,2010-04-23 00:00:00,44.5,2010-04-23 00:00:00,41.75,43.75,109,131700,5745450,2010-04-23 00:00:00,1
2010-04-26 00:00:00,2010-04-26 00:00:00,47,2010-04-26 00:00:00,44,45.5,243,316800,14329825,2010-04-26 00:00:00,1
2010-04-27 00:00:00,2010-04-27 00:00:00,46.5,2010-04-27 00:00:00,45,45.5,70,50700,2309850,2010-04-27 00:00:00,1
2010-04-29 00:00:00,2010-04-29 00:00:00,46,2010-04-29 00:00:00,44.5,45,36,31900,1436575,2010-04-29 00:00:00,1
2010-04-30 00:00:00,2010-04-30 00:00:00,45,2010-04-30 00:00:00,43.75,44.75,14,9100,401825,2010-04-30 00:00:00,1
2010-05-03 00:00:00,2010-05-03 00:00:00,45.25,2010-05-03 00:00:00,44,45,40,41300,1855475,2010-05-03 00:00:00,1
2010-05-04 00:00:00,2010-05-04 00:00:00,45,2010-05-04 00:00:00,44,44.5,54,49800,2214100,2010-05-04 00:00:00,1
2010-05-05 00:00:00,2010-05-05 00:00:00,45,2010-05-05 00:00:00,43.5,43.5,38,49400,2186100,2010-05-05 00:00:00,1
2010-05-06 00:00:00,2010-05-06 00:00:00,43.25,2010-05-06 00:00:00,42.25,42.25,27,18900,806850,2010-05-06 00:00:00,1
2010-05-07 00:00:00,2010-05-07 00:00:00,43,2010-05-07 00:00:00,41,41.25,65,113700,4748025,2010-05-07 00:00:00,1
2010-05-10 00:00:00,2010-05-10 00:00:00,43,2010-05-10 00:00:00,41.5,41.5,22,9400,391675,2010-05-10 00:00:00,1
2010-05-11 00:00:00,2010-05-11 00:00:00,43,2010-05-11 00:00:00,41,41.25,36,32900,1354000,2010-05-11 00:00:00,1
2010-05-12 00:00:00,2010-05-12 00:00:00,41.5,2010-05-12 00:00:00,40.5,41.5,26,23500,963925,2010-05-12 00:00:00,1
2010-05-13 00:00:00,2010-05-13 00:00:00,42,2010-05-13 00:00:00,40.75,41.5,36,48000,1982425,2010-05-13 00:00:00,1
2010-05-14 00:00:00,2010-05-14 00:00:00,43.5,2010-05-14 00:00:00,42,43,51,57600,2475875,2010-05-14 00:00:00,1
2010-05-17 00:00:00,2010-05-17 00:00:00,42.5,2010-05-17 00:00:00,42,42.25,16,14800,626500,2010-05-17 00:00:00,1
2010-05-18 00:00:00,2010-05-18 00:00:00,42.75,2010-05-18 00:00:00,42,42,44,42800,1800675,2010-05-18 00:00:00,1
2010-05-19 00:00:00,2010-05-19 00:00:00,42.25,2010-05-19 00:00:00,42,42,16,15400,646925,2010-05-19 00:00:00,1
2010-05-20 00:00:00,2010-05-20 00:00:00,44.75,2010-05-20 00:00:00,42.75,42.75,86,119900,5198675,2010-05-20 00:00:00,1
2010-05-21 00:00:00,2010-05-21 00:00:00,44.5,2010-05-21 00:00:00,42,43.25,68,76500,3331950,2010-05-21 00:00:00,1
2010-05-24 00:00:00,2010-05-24 00:00:00,43.5,2010-05-24 00:00:00,43,43,25,20300,873525,2010-05-24 00:00:00,1
2010-05-25 00:00:00,2010-05-25 00:00:00,46.25,2010-05-25 00:00:00,44,45,255,352100,15867700,2010-05-25 00:00:00,1
2010-05-26 00:00:00,2010-05-26 00:00:00,47,2010-05-26 00:00:00,44,44.75,241,423300,19064925,2010-05-26 00:00:00,1
2010-05-31 00:00:00,2010-05-31 00:00:00,46,2010-05-31 00:00:00,45,45.75,152,279400,12722600,2010-05-31 00:00:00,1
2010-06-01 00:00:00,2010-06-01 00:00:00,46.5,2010-06-01 00:00:00,45,45.5,77,93000,4258875,2010-06-01 00:00:00,1
2010-06-02 00:00:00,2010-06-02 00:00:00,45.5,2010-06-02 00:00:00,44.75,44.75,36,24600,1104300,2010-06-02 00:00:00,1
2010-06-03 00:00:00,2010-06-03 00:00:00,46,2010-06-03 00:00:00,45.25,45.5,75,426200,19304475,2010-06-03 00:00:00,1
2010-06-04 00:00:00,2010-06-04 00:00:00,47,2010-06-04 00:00:00,45.5,45.75,106,5379300,244849475,2010-06-04 00:00:00,1
2010-06-07 00:00:00,2010-06-07 00:00:00,46,2010-06-07 00:00:00,45,45.75,65,67600,3081600,2010-06-07 00:00:00,1
2010-06-08 00:00:00,2010-06-08 00:00:00,45.75,2010-06-08 00:00:00,44.5,45.25,30,59400,2682900,2010-06-08 00:00:00,1
2010-06-09 00:00:00,2010-06-09 00:00:00,44.5,2010-06-09 00:00:00,44,44,31,38100,1681400,2010-06-09 00:00:00,1
2010-06-10 00:00:00,2010-06-10 00:00:00,45,2010-06-10 00:00:00,44.5,44.75,16,20700,926125,2010-06-10 00:00:00,1
2010-06-11 00:00:00,2010-06-11 00:00:00,45.25,2010-06-11 00:00:00,44.75,45,45,149100,6689275,2010-06-11 00:00:00,1
2010-06-14 00:00:00,2010-06-14 00:00:00,45,2010-06-14 00:00:00,44,44,27,31300,1381825,2010-06-14 00:00:00,1
2010-06-15 00:00:00,2010-06-15 00:00:00,44.25,2010-06-15 00:00:00,43,43.5,35,130100,5671775,2010-06-15 00:00:00,1
2010-06-16 00:00:00,2010-06-16 00:00:00,44,2010-06-16 00:00:00,43,44,34,38300,1671375,2010-06-16 00:00:00,1
2010-06-17 00:00:00,2010-06-17 00:00:00,45,2010-06-17 00:00:00,43.5,44,16,28400,1244725,2010-06-17 00:00:00,1
2010-06-21 00:00:00,2010-06-21 00:00:00,44,2010-06-21 00:00:00,43.5,43.75,16,13900,607650,2010-06-21 00:00:00,1
2010-06-22 00:00:00,2010-06-22 00:00:00,43.75,2010-06-22 00:00:00,43,43.5,27,34600,1491550,2010-06-22 00:00:00,1
2010-06-23 00:00:00,2010-06-23 00:00:00,43,2010-06-23 00:00:00,42.5,42.75,17,20500,877225,2010-06-23 00:00:00,1
2010-06-24 00:00:00,2010-06-24 00:00:00,42.5,2010-06-24 00:00:00,42,42.5,27,65800,2776475,2010-06-24 00:00:00,1
2010-06-28 00:00:00,2010-06-28 00:00:00,42.25,2010-06-28 00:00:00,42,42,24,44500,1869750,2010-06-28 00:00:00,1
2010-06-29 00:00:00,2010-06-29 00:00:00,43,2010-06-29 00:00:00,41.5,42.25,36,35700,1498225,2010-06-29 00:00:00,1
2010-06-30 00:00:00,2010-06-30 00:00:00,42.25,2010-06-30 00:00:00,42,42,28,52000,2185525,2010-06-30 00:00:00,1
2010-07-01 00:00:00,2010-07-01 00:00:00,44,2010-07-01 00:00:00,42,43,35,146400,6410250,2010-07-01 00:00:00,1
2010-07-02 00:00:00,2010-07-02 00:00:00,42.25,2010-07-02 00:00:00,41,41.25,16,13100,547150,2010-07-02 00:00:00,1
2010-07-05 00:00:00,2010-07-05 00:00:00,42.5,2010-07-05 00:00:00,41.25,41.5,10,37500,1553550,2010-07-05 00:00:00,1
2010-07-06 00:00:00,2010-07-06 00:00:00,43,2010-07-06 00:00:00,41,42,18,24800,1047375,2010-07-06 00:00:00,1
2010-07-07 00:00:00,2010-07-07 00:00:00,42,2010-07-07 00:00:00,40,41,58,128300,5169600,2010-07-07 00:00:00,1
2010-07-08 00:00:00,2010-07-08 00:00:00,41,2010-07-08 00:00:00,40,41,11,12100,493600,2010-07-08 00:00:00,1
2010-07-09 00:00:00,2010-07-09 00:00:00,41.75,2010-07-09 00:00:00,40.5,40.5,15,16600,676975,2010-07-09 00:00:00,1
2010-07-12 00:00:00,2010-07-12 00:00:00,41,2010-07-12 00:00:00,40,40.25,41,36700,1473725,2010-07-12 00:00:00,1
2010-07-13 00:00:00,2010-07-13 00:00:00,43,2010-07-13 00:00:00,41,42,37,33300,1397250,2010-07-13 00:00:00,1
2010-07-14 00:00:00,2010-07-14 00:00:00,44,2010-07-14 00:00:00,42,42.5,27,17400,741000,2010-07-14 00:00:00,1
2010-07-15 00:00:00,2010-07-15 00:00:00,44.5,2010-07-15 00:00:00,43.25,44,19,14700,646050,2010-07-15 00:00:00,1
2010-07-16 00:00:00,2010-07-16 00:00:00,44.5,2010-07-16 00:00:00,42.5,44,39,39500,1720675,2010-07-16 00:00:00,1
2010-07-19 00:00:00,2010-07-19 00:00:00,44,2010-07-19 00:00:00,43,43.25,10,11000,477625,2010-07-19 00:00:00,1
2010-07-20 00:00:00,2010-07-20 00:00:00,45,2010-07-20 00:00:00,41,44.75,69,76100,3333850,2010-07-20 00:00:00,1
2010-07-21 00:00:00,2010-07-21 00:00:00,48.5,2010-07-21 00:00:00,44,47,207,348600,16371250,2010-07-21 00:00:00,1
2010-07-22 00:00:00,2010-07-22 00:00:00,48.5,2010-07-22 00:00:00,46.5,47,114,161100,7633350,2010-07-22 00:00:00,1
2010-07-23 00:00:00,2010-07-23 00:00:00,48,2010-07-23 00:00:00,46.5,47,55,64500,3050250,2010-07-23 00:00:00,1
2010-07-26 00:00:00,2010-07-26 00:00:00,48.25,2010-07-26 00:00:00,46.75,47.5,103,117800,5614150,2010-07-26 00:00:00,1
2010-07-27 00:00:00,2010-07-27 00:00:00,49,2010-07-27 00:00:00,47.25,47.5,55,52600,2507450,2010-07-27 00:00:00,1
2010-07-28 00:00:00,2010-07-28 00:00:00,49.75,2010-07-28 00:00:00,47.5,49.5,154,344800,16850575,2010-07-28 00:00:00,1
2010-07-29 00:00:00,2010-07-29 00:00:00,50,2010-07-29 00:00:00,48.25,48.5,74,114100,5595750,2010-07-29 00:00:00,1
2010-07-30 00:00:00,2010-07-30 00:00:00,51,2010-07-30 00:00:00,49,49,57,122500,6044275,2010-07-30 00:00:00,1
2010-08-02 00:00:00,2010-08-02 00:00:00,50,2010-08-02 00:00:00,48.5,49.3,26,25000,1229700,2010-08-02 00:00:00,1
2010-08-03 00:00:00,2010-08-03 00:00:00,49.5,2010-08-03 00:00:00,47,47.1,32,50800,2416580,2010-08-03 00:00:00,1
2010-08-04 00:00:00,2010-08-04 00:00:00,49,2010-08-04 00:00:00,45.2,48.6,27,16800,801510,2010-08-04 00:00:00,1
2010-08-05 00:00:00,2010-08-05 00:00:00,49.5,2010-08-05 00:00:00,45,48.3,31,33400,1561120,2010-08-05 00:00:00,1
2010-08-06 00:00:00,2010-08-06 00:00:00,50,2010-08-06 00:00:00,45.6,46.6,30,48500,2347570,2010-08-06 00:00:00,1
2010-08-09 00:00:00,2010-08-09 00:00:00,45,2010-08-09 00:00:00,43,44.2,49,53700,2324290,2010-08-09 00:00:00,1
2010-08-10 00:00:00,2010-08-10 00:00:00,48.5,2010-08-10 00:00:00,40,48.2,58,82800,3882640,2010-08-10 00:00:00,1
2010-08-11 00:00:00,2010-08-11 00:00:00,48,2010-08-11 00:00:00,46,46.7,15,10000,468970,2010-08-11 00:00:00,1
2010-08-12 00:00:00,2010-08-12 00:00:00,47.2,2010-08-12 00:00:00,45,47,8,10200,460690,2010-08-12 00:00:00,1
2010-08-13 00:00:00,2010-08-13 00:00:00,49,2010-08-13 00:00:00,47.8,48.3,32,124400,6055190,2010-08-13 00:00:00,1
2010-08-16 00:00:00,2010-08-16 00:00:00,49.9,2010-08-16 00:00:00,47,48,9,8400,401890,2010-08-16 00:00:00,1
2010-08-17 00:00:00,2010-08-17 00:00:00,49,2010-08-17 00:00:00,45.2,48.8,45,178100,8640380,2010-08-17 00:00:00,1
2010-08-18 00:00:00,2010-08-18 00:00:00,50.9,2010-08-18 00:00:00,49,49.9,142,340500,16995740,2010-08-18 00:00:00,1
2010-08-19 00:00:00,2010-08-19 00:00:00,54.8,2010-08-19 00:00:00,49,54.7,479,948700,50289360,2010-08-19 00:00:00,1
2010-08-20 00:00:00,2010-08-20 00:00:00,58,2010-08-20 00:00:00,52,55.1,260,331800,18409430,2010-08-20 00:00:00,1
2010-08-23 00:00:00,2010-08-23 00:00:00,57.5,2010-08-23 00:00:00,55,56.6,216,293500,16575440,2010-08-23 00:00:00,1
2010-08-25 00:00:00,2010-08-25 00:00:00,61,2010-08-25 00:00:00,56,56.5,210,273200,15641760,2010-08-25 00:00:00,1
2010-08-26 00:00:00,2010-08-26 00:00:00,58,2010-08-26 00:00:00,54,56,163,294500,16332330,2010-08-26 00:00:00,1
2010-08-27 00:00:00,2010-08-27 00:00:00,61.6,2010-08-27 00:00:00,56,60.8,826,1357900,80722510,2010-08-27 00:00:00,1
2010-08-30 00:00:00,2010-08-30 00:00:00,66.8,2010-08-30 00:00:00,61,66.8,763,1046100,67302360,2010-08-30 00:00:00,1
2010-08-31 00:00:00,2010-08-31 00:00:00,72,2010-08-31 00:00:00,63.5,64.4,684,743300,49762540,2010-08-31 00:00:00,1
2010-09-01 00:00:00,2010-09-01 00:00:00,69.7,2010-09-01 00:00:00,65,69.2,492,709000,48156700,2010-09-01 00:00:00,1
2010-09-02 00:00:00,2010-09-02 00:00:00,70,2010-09-02 00:00:00,65,65.9,327,238500,15897520,2010-09-02 00:00:00,1
2010-09-03 00:00:00,2010-09-03 00:00:00,67.2,2010-09-03 00:00:00,64,66.6,209,338000,22194710,2010-09-03 00:00:00,1
2010-09-06 00:00:00,2010-09-06 00:00:00,67,2010-09-06 00:00:00,65,65.1,113,227100,14803760,2010-09-06 00:00:00,1
2010-09-07 00:00:00,2010-09-07 00:00:00,66,2010-09-07 00:00:00,64,64.5,97,216700,14054830,2010-09-07 00:00:00,1
2010-09-08 00:00:00,2010-09-08 00:00:00,66,2010-09-08 00:00:00,64,64.9,85,175900,11300620,2010-09-08 00:00:00,1
2010-09-09 00:00:00,2010-09-09 00:00:00,64.9,2010-09-09 00:00:00,62,63.1,100,92900,5862220,2010-09-09 00:00:00,1
2010-09-13 00:00:00,2010-09-13 00:00:00,64,2010-09-13 00:00:00,61,61.6,111,114800,7042860,2010-09-13 00:00:00,1
2010-09-14 00:00:00,2010-09-14 00:00:00,62.4,2010-09-14 00:00:00,60,60.5,84,83100,5120620,2010-09-14 00:00:00,1
2010-09-15 00:00:00,2010-09-15 00:00:00,61.8,2010-09-15 00:00:00,58,60.7,68,50800,3061620,2010-09-15 00:00:00,1
2010-09-16 00:00:00,2010-09-16 00:00:00,65.9,2010-09-16 00:00:00,60,64.7,62,83200,5339060,2010-09-16 00:00:00,1
2010-09-17 00:00:00,2010-09-17 00:00:00,69.3,2010-09-17 00:00:00,65,67.9,257,412900,27918490,2010-09-17 00:00:00,1
2010-09-20 00:00:00,2010-09-20 00:00:00,69,2010-09-20 00:00:00,65,65.3,96,284900,18834600,2010-09-20 00:00:00,1
2010-09-21 00:00:00,2010-09-21 00:00:00,66.8,2010-09-21 00:00:00,64.5,65.6,106,120500,7903290,2010-09-21 00:00:00,1
2010-09-23 00:00:00,2010-09-23 00:00:00,71,2010-09-23 00:00:00,65,69.6,655,1434000,99789330,2010-09-23 00:00:00,1
2010-09-24 00:00:00,2010-09-24 00:00:00,70.9,2010-09-24 00:00:00,67,69,242,597300,41412760,2010-09-24 00:00:00,1
2010-09-27 00:00:00,2010-09-27 00:00:00,70.8,2010-09-27 00:00:00,66,67.1,130,141900,9699080,2010-09-27 00:00:00,1
2010-09-28 00:00:00,2010-09-28 00:00:00,69,2010-09-28 00:00:00,63.1,65.4,66,69100,4513080,2010-09-28 00:00:00,1
2010-09-29 00:00:00,2010-09-29 00:00:00,68,2010-09-29 00:00:00,65.5,67.1,54,60200,4057760,2010-09-29 00:00:00,1
2010-09-30 00:00:00,2010-09-30 00:00:00,67.9,2010-09-30 00:00:00,65.1,66.6,62,42700,2852730,2010-09-30 00:00:00,1
2010-10-01 00:00:00,2010-10-01 00:00:00,67.9,2010-10-01 00:00:00,66,66.8,53,53600,3599850,2010-10-01 00:00:00,1
2010-10-04 00:00:00,2010-10-04 00:00:00,67,2010-10-04 00:00:00,64.1,64.7,92,116200,7559490,2010-10-04 00:00:00,1
2010-10-05 00:00:00,2010-10-05 00:00:00,66.5,2010-10-05 00:00:00,63.4,66,88,124500,8134440,2010-10-05 00:00:00,1
2010-10-06 00:00:00,2010-10-06 00:00:00,65.9,2010-10-06 00:00:00,63.5,63.9,94,133000,8575720,2010-10-06 00:00:00,1
2010-10-07 00:00:00,2010-10-07 00:00:00,65,2010-10-07 00:00:00,62,62.1,124,129100,8118500,2010-10-07 00:00:00,1
2010-10-08 00:00:00,2010-10-08 00:00:00,64.5,2010-10-08 00:00:00,60,63.9,63,40300,2508590,2010-10-08 00:00:00,1
2010-10-11 00:00:00,2010-10-11 00:00:00,66.3,2010-10-11 00:00:00,61.3,62.3,32,17300,1089480,2010-10-11 00:00:00,1
2010-10-12 00:00:00,2010-10-12 00:00:00,63,2010-10-12 00:00:00,58.1,59.1,103,117200,6992370,2010-10-12 00:00:00,1
2010-10-13 00:00:00,2010-10-13 00:00:00,62,2010-10-13 00:00:00,53,60.2,78,45600,2615700,2010-10-13 00:00:00,1
2010-10-14 00:00:00,2010-10-14 00:00:00,62,2010-10-14 00:00:00,58.2,58.7,49,31400,1898830,2010-10-14 00:00:00,1
2010-10-15 00:00:00,2010-10-15 00:00:00,60.5,2010-10-15 00:00:00,58,59.7,59,46200,2731560,2010-10-15 00:00:00,1
2010-10-18 00:00:00,2010-10-18 00:00:00,64,2010-10-18 00:00:00,57,59.4,64,41200,2431740,2010-10-18 00:00:00,1
2010-10-19 00:00:00,2010-10-19 00:00:00,60,2010-10-19 00:00:00,59,59.8,25,13800,822280,2010-10-19 00:00:00,1
2010-10-20 00:00:00,2010-10-20 00:00:00,60,2010-10-20 00:00:00,59.4,59.6,22,12200,730960,2010-10-20 00:00:00,1
2010-10-21 00:00:00,2010-10-21 00:00:00,63,2010-10-21 00:00:00,59.8,62,139,124800,7701930,2010-10-21 00:00:00,1
2010-10-25 00:00:00,2010-10-25 00:00:00,61.8,2010-10-25 00:00:00,59.3,59.7,46,49200,2935480,2010-10-25 00:00:00,1
2010-10-26 00:00:00,2010-10-26 00:00:00,62,2010-10-26 00:00:00,58,58.2,36,44700,2624450,2010-10-26 00:00:00,1
2010-10-27 00:00:00,2010-10-27 00:00:00,60,2010-10-27 00:00:00,58,58.4,24,39500,2326550,2010-10-27 00:00:00,1
2010-10-28 00:00:00,2010-10-28 00:00:00,60,2010-10-28 00:00:00,58.5,58.6,40,37300,2201050,2010-10-28 00:00:00,1
2010-10-29 00:00:00,2010-10-29 00:00:00,61.9,2010-10-29 00:00:00,59,59,62,80800,4845350,2010-10-29 00:00:00,1
2010-11-01 00:00:00,2010-11-01 00:00:00,60,2010-11-01 00:00:00,59.5,59.7,22,22300,1336740,2010-11-01 00:00:00,1
2010-11-02 00:00:00,2010-11-02 00:00:00,60,2010-11-02 00:00:00,59.6,59.9,25,43400,2603090,2010-11-02 00:00:00,1
2010-11-03 00:00:00,2010-11-03 00:00:00,59.5,2010-11-03 00:00:00,59,59.3,30,13700,811500,2010-11-03 00:00:00,1
2010-11-04 00:00:00,2010-11-04 00:00:00,59.8,2010-11-04 00:00:00,58.1,58.8,39,54300,3236150,2010-11-04 00:00:00,1
2010-11-08 00:00:00,2010-11-08 00:00:00,58.5,2010-11-08 00:00:00,58.1,58.2,15,7100,413470,2010-11-08 00:00:00,1
2010-11-09 00:00:00,2010-11-09 00:00:00,58,2010-11-09 00:00:00,57.3,57.3,14,4300,248120,2010-11-09 00:00:00,1
2010-11-10 00:00:00,2010-11-10 00:00:00,57.5,2010-11-10 00:00:00,56.5,57,27,27000,1540310,2010-11-10 00:00:00,1
2010-11-11 00:00:00,2010-11-11 00:00:00,57,2010-11-11 00:00:00,56,56,12,8000,449760,2010-11-11 00:00:00,1
2010-11-12 00:00:00,2010-11-12 00:00:00,57,2010-11-12 00:00:00,56.5,56.8,18,13000,737650,2010-11-12 00:00:00,1
2010-11-15 00:00:00,2010-11-15 00:00:00,56.6,2010-11-15 00:00:00,54,54.2,61,62800,3465370,2010-11-15 00:00:00,1
2010-11-16 00:00:00,2010-11-16 00:00:00,54.6,2010-11-16 00:00:00,53.3,53.8,32,62500,3368510,2010-11-16 00:00:00,1
2010-11-18 00:00:00,2010-11-18 00:00:00,56,2010-11-18 00:00:00,54.2,54.8,50,43900,2422390,2010-11-18 00:00:00,1
2010-11-22 00:00:00,2010-11-22 00:00:00,56.5,2010-11-22 00:00:00,53.5,54.2,61,50200,2772120,2010-11-22 00:00:00,1
2010-11-23 00:00:00,2010-11-23 00:00:00,54.2,2010-11-23 00:00:00,52.7,52.9,48,34400,1826380,2010-11-23 00:00:00,1
2010-11-24 00:00:00,2010-11-24 00:00:00,55,2010-11-24 00:00:00,52,54,48,64000,3435280,2010-11-24 00:00:00,1
2010-11-25 00:00:00,2010-11-25 00:00:00,53.5,2010-11-25 00:00:00,52,52.1,28,27300,1438710,2010-11-25 00:00:00,1
2010-11-26 00:00:00,2010-11-26 00:00:00,52.7,2010-11-26 00:00:00,51.9,52,42,92200,4799150,2010-11-26 00:00:00,1
2010-11-29 00:00:00,2010-11-29 00:00:00,54.5,2010-11-29 00:00:00,50,50.1,45,39600,2001780,2010-11-29 00:00:00,1
2010-11-30 00:00:00,2010-11-30 00:00:00,56,2010-11-30 00:00:00,53,54.5,116,136300,7395480,2010-11-30 00:00:00,1
2010-12-01 00:00:00,2010-12-01 00:00:00,57.9,2010-12-01 00:00:00,55,57,100,89700,5070960,2010-12-01 00:00:00,1
2010-12-02 00:00:00,2010-12-02 00:00:00,58,2010-12-02 00:00:00,55,56.1,65,64800,3694240,2010-12-02 00:00:00,1
2010-12-03 00:00:00,2010-12-03 00:00:00,56,2010-12-03 00:00:00,53.5,53.9,52,41800,2264560,2010-12-03 00:00:00,1
2010-12-06 00:00:00,2010-12-06 00:00:00,54,2010-12-06 00:00:00,53.6,53.8,7,5700,306980,2010-12-06 00:00:00,1
2010-12-07 00:00:00,2010-12-07 00:00:00,55,2010-12-07 00:00:00,53,53.6,26,16100,865370,2010-12-07 00:00:00,1
2010-12-08 00:00:00,2010-12-08 00:00:00,54.5,2010-12-08 00:00:00,53.8,54.5,3,1900,102490,2010-12-08 00:00:00,1
2010-12-09 00:00:00,2010-12-09 00:00:00,54.7,2010-12-09 00:00:00,52.5,53.5,15,6300,334590,2010-12-09 00:00:00,1
2010-12-10 00:00:00,2010-12-10 00:00:00,53.6,2010-12-10 00:00:00,52.6,52.7,12,11200,591210,2010-12-10 00:00:00,1
2010-12-13 00:00:00,2010-12-13 00:00:00,53,2010-12-13 00:00:00,52,52.1,26,16600,870480,2010-12-13 00:00:00,1
2010-12-14 00:00:00,2010-12-14 00:00:00,53.5,2010-12-14 00:00:00,52,52,13,11200,585530,2010-12-14 00:00:00,1
2010-12-15 00:00:00,2010-12-15 00:00:00,53.5,2010-12-15 00:00:00,52,53,22,12700,671690,2010-12-15 00:00:00,1
2010-12-16 00:00:00,2010-12-16 00:00:00,53,2010-12-16 00:00:00,52,52.1,25,21100,1101680,2010-12-16 00:00:00,1
2010-12-17 00:00:00,2010-12-17 00:00:00,52.1,2010-12-17 00:00:00,52,52,20,12000,624020,2010-12-17 00:00:00,1
2010-12-21 00:00:00,2010-12-21 00:00:00,53.5,2010-12-21 00:00:00,52,53,24,23100,1214160,2010-12-21 00:00:00,1
2010-12-22 00:00:00,2010-12-22 00:00:00,54.1,2010-12-22 00:00:00,52.5,53.2,33,85500,4549310,2010-12-22 00:00:00,1
2010-12-23 00:00:00,2010-12-23 00:00:00,57.8,2010-12-23 00:00:00,53.2,56,122,164700,9235560,2010-12-23 00:00:00,1
2010-12-24 00:00:00,2010-12-24 00:00:00,57.9,2010-12-24 00:00:00,56.5,57.4,45,73500,4200760,2010-12-24 00:00:00,1
2010-12-27 00:00:00,2010-12-27 00:00:00,58,2010-12-27 00:00:00,57.5,57.7,34,18400,1062400,2010-12-27 00:00:00,1
2010-12-28 00:00:00,2010-12-28 00:00:00,58.6,2010-12-28 00:00:00,56.1,57,87,70900,4090880,2010-12-28 00:00:00,1
2010-12-29 00:00:00,2010-12-29 00:00:00,58,2010-12-29 00:00:00,57,57.1,33,26500,1516330,2010-12-29 00:00:00,1
2010-12-30 00:00:00,2010-12-30 00:00:00,57,2010-12-30 00:00:00,54,56.5,82,88200,4939350,2010-12-30 00:00:00,1
2010-12-31 00:00:00,2010-12-31 00:00:00,57.9,2010-12-31 00:00:00,55.8,57.6,47,33100,1898250,2010-12-31 00:00:00,1
Company Id :  ELPL,,Security Type :  N,,Sub Type :  0000,,,,,,
Short Name :  ELPITIYA,,,,,,,,,,
Day,Date High,High,Date Low,Low,Closing,No. of Trades,No. of Shares,Turnover,Last Traded,Days Traded
2010-01-04 00:00:00,2010-01-04 00:00:00,50.5,2010-01-04 00:00:00,48,50.5,5,1900,93700,2010-01-04 00:00:00,1
2010-01-05 00:00:00,2010-01-05 00:00:00,51.5,2010-01-05 00:00:00,50,51,28,6800,346950,2010-01-05 00:00:00,1
2010-01-06 00:00:00,2010-01-06 00:00:00,50,2010-01-06 00:00:00,50,50,11,1400,70000,2010-01-06 00:00:00,1
2010-01-07 00:00:00,2010-01-07 00:00:00,50,2010-01-07 00:00:00,48.25,48.25,5,700,34650,2010-01-07 00:00:00,1
2010-01-08 00:00:00,2010-01-08 00:00:00,52.75,2010-01-08 00:00:00,48,51.5,28,5600,285150,2010-01-08 00:00:00,1
2010-01-11 00:00:00,2010-01-11 00:00:00,53.5,2010-01-11 00:00:00,50,50.25,18,5800,303425,2010-01-11 00:00:00,1
2010-01-12 00:00:00,2010-01-12 00:00:00,50,2010-01-12 00:00:00,48.75,49.25,10,4700,232150,2010-01-12 00:00:00,1
2010-01-13 00:00:00,2010-01-13 00:00:00,50.5,2010-01-13 00:00:00,50,50.5,6,900,45100,2010-01-13 00:00:00,1
2010-01-15 00:00:00,2010-01-15 00:00:00,51.75,2010-01-15 00:00:00,50,50.25,13,2100,106400,2010-01-15 00:00:00,1
2010-01-18 00:00:00,2010-01-18 00:00:00,50,2010-01-18 00:00:00,49,49,22,12500,618475,2010-01-18 00:00:00,1
2010-01-19 00:00:00,2010-01-19 00:00:00,50,2010-01-19 00:00:00,49,49,10,2100,103150,2010-01-19 00:00:00,1
2010-01-20 00:00:00,2010-01-20 00:00:00,50.75,2010-01-20 00:00:00,49,49.5,34,7400,365575,2010-01-20 00:00:00,1
2010-01-21 00:00:00,2010-01-21 00:00:00,52,2010-01-21 00:00:00,50,51.25,11,1800,91950,2010-01-21 00:00:00,1
2010-01-22 00:00:00,2010-01-22 00:00:00,51.5,2010-01-22 00:00:00,49.25,50,18,3800,191875,2010-01-22 00:00:00,1
2010-01-25 00:00:00,2010-01-25 00:00:00,52,2010-01-25 00:00:00,49,51.5,18,2900,147550,2010-01-25 00:00:00,1
2010-01-26 00:00:00,2010-01-26 00:00:00,51.75,2010-01-26 00:00:00,51,51.5,14,6400,328950,2010-01-26 00:00:00,1
2010-01-28 00:00:00,2010-01-28 00:00:00,56,2010-01-28 00:00:00,51.5,53.25,58,19400,1023775,2010-01-28 00:00:00,1
2010-02-01 00:00:00,2010-02-01 00:00:00,51,2010-02-01 00:00:00,46.25,50,54,20200,984900,2010-02-01 00:00:00,1
2010-02-02 00:00:00,2010-02-02 00:00:00,54.75,2010-02-02 00:00:00,51.75,52.5,29,7300,384825,2010-02-02 00:00:00,1
2010-02-03 00:00:00,2010-02-03 00:00:00,52.75,2010-02-03 00:00:00,50.25,51.25,16,5900,308800,2010-02-03 00:00:00,1
2010-02-05 00:00:00,2010-02-05 00:00:00,50,2010-02-05 00:00:00,50,50,3,400,20000,2010-02-05 00:00:00,1
2010-02-08 00:00:00,2010-02-08 00:00:00,50,2010-02-08 00:00:00,48.25,50,23,4500,222600,2010-02-08 00:00:00,1
2010-02-09 00:00:00,2010-02-09 00:00:00,50,2010-02-09 00:00:00,48.5,49.5,11,5800,286600,2010-02-09 00:00:00,1
2010-02-10 00:00:00,2010-02-10 00:00:00,48.5,2010-02-10 00:00:00,48,48,4,3500,169700,2010-02-10 00:00:00,1
2010-02-11 00:00:00,2010-02-11 00:00:00,47.25,2010-02-11 00:00:00,46.5,47,9,6200,291225,2010-02-11 00:00:00,1
2010-02-12 00:00:00,2010-02-12 00:00:00,45.5,2010-02-12 00:00:00,45.5,45.5,5,1800,81900,2010-02-12 00:00:00,1
2010-02-15 00:00:00,2010-02-15 00:00:00,45.5,2010-02-15 00:00:00,45,45.25,5,2600,117925,2010-02-15 00:00:00,1
2010-02-16 00:00:00,2010-02-16 00:00:00,48,2010-02-16 00:00:00,45,47.25,6,1000,46600,2010-02-16 00:00:00,1
2010-02-17 00:00:00,2010-02-17 00:00:00,49.25,2010-02-17 00:00:00,45.5,45.5,7,6000,274875,2010-02-17 00:00:00,1
2010-02-18 00:00:00,2010-02-18 00:00:00,45.75,2010-02-18 00:00:00,36.5,44.5,14,3500,156350,2010-02-18 00:00:00,1
2010-02-19 00:00:00,2010-02-19 00:00:00,45,2010-02-19 00:00:00,40.25,44.75,14,2200,94550,2010-02-19 00:00:00,1
2010-02-22 00:00:00,2010-02-22 00:00:00,49,2010-02-22 00:00:00,44.5,45.5,20,4200,191575,2010-02-22 00:00:00,1
2010-02-23 00:00:00,2010-02-23 00:00:00,47.5,2010-02-23 00:00:00,45,45.25,6,16100,725450,2010-02-23 00:00:00,1
2010-02-24 00:00:00,2010-02-24 00:00:00,45.5,2010-02-24 00:00:00,45,45.5,2,200,9050,2010-02-24 00:00:00,1
2010-03-01 00:00:00,2010-03-01 00:00:00,45.5,2010-03-01 00:00:00,45,45,5,1400,63100,2010-03-01 00:00:00,1
2010-03-02 00:00:00,2010-03-02 00:00:00,45.75,2010-03-02 00:00:00,45,45.25,8,4000,180925,2010-03-02 00:00:00,1
2010-03-03 00:00:00,2010-03-03 00:00:00,45,2010-03-03 00:00:00,41.5,41.5,5,3500,155800,2010-03-03 00:00:00,1
2010-03-04 00:00:00,2010-03-04 00:00:00,45.75,2010-03-04 00:00:00,42,45,21,3000,131925,2010-03-04 00:00:00,1
2010-03-05 00:00:00,2010-03-05 00:00:00,45.75,2010-03-05 00:00:00,43,44,9,1100,48500,2010-03-05 00:00:00,1
2010-03-08 00:00:00,2010-03-08 00:00:00,44.5,2010-03-08 00:00:00,42.75,44.5,7,800,35000,2010-03-08 00:00:00,1
2010-03-09 00:00:00,2010-03-09 00:00:00,42.75,2010-03-09 00:00:00,42.75,42.75,1,100,4275,2010-03-09 00:00:00,1
2010-03-10 00:00:00,2010-03-10 00:00:00,47.5,2010-03-10 00:00:00,42.5,46.25,38,8500,384725,2010-03-10 00:00:00,1
2010-03-11 00:00:00,2010-03-11 00:00:00,49,2010-03-11 00:00:00,49,49,1,100,4900,2010-03-11 00:00:00,1
2010-03-12 00:00:00,2010-03-12 00:00:00,46.5,2010-03-12 00:00:00,45,45.5,16,5000,226300,2010-03-12 00:00:00,1
2010-03-15 00:00:00,2010-03-15 00:00:00,45,2010-03-15 00:00:00,44.75,45,9,2200,98950,2010-03-15 00:00:00,1
2010-03-16 00:00:00,2010-03-16 00:00:00,44.5,2010-03-16 00:00:00,44,44,8,3800,168325,2010-03-16 00:00:00,1
2010-03-17 00:00:00,2010-03-17 00:00:00,44,2010-03-17 00:00:00,44,44,3,2200,96800,2010-03-17 00:00:00,1
2010-03-18 00:00:00,2010-03-18 00:00:00,42.75,2010-03-18 00:00:00,42.75,42.75,2,300,12825,2010-03-18 00:00:00,1
2010-03-19 00:00:00,2010-03-19 00:00:00,42.5,2010-03-19 00:00:00,42.5,42.5,2,400,17000,2010-03-19 00:00:00,1
2010-03-22 00:00:00,2010-03-22 00:00:00,43.25,2010-03-22 00:00:00,41,41,12,2900,123600,2010-03-22 00:00:00,1
2010-03-23 00:00:00,2010-03-23 00:00:00,41.25,2010-03-23 00:00:00,41,41.25,8,1000,41225,2010-03-23 00:00:00,1
2010-03-24 00:00:00,2010-03-24 00:00:00,44.5,2010-03-24 00:00:00,40.25,43.75,8,1900,78775,2010-03-24 00:00:00,1
2010-03-25 00:00:00,2010-03-25 00:00:00,37.5,2010-03-25 00:00:00,33,33.75,154,138900,4775900,2010-03-25 00:00:00,1
2010-03-26 00:00:00,2010-03-26 00:00:00,34.25,2010-03-26 00:00:00,33.5,33.5,25,17200,581175,2010-03-26 00:00:00,1
2010-03-30 00:00:00,2010-03-30 00:00:00,34.5,2010-03-30 00:00:00,33.5,33.5,58,14200,480575,2010-03-30 00:00:00,1
2010-03-31 00:00:00,2010-03-31 00:00:00,34,2010-03-31 00:00:00,33.25,34,56,28600,962950,2010-03-31 00:00:00,1
2010-04-01 00:00:00,2010-04-01 00:00:00,33.5,2010-04-01 00:00:00,33,33,7,2800,92600,2010-04-01 00:00:00,1
2010-04-05 00:00:00,2010-04-05 00:00:00,35,2010-04-05 00:00:00,33,33.75,240,136800,4695125,2010-04-05 00:00:00,1
2010-04-06 00:00:00,2010-04-06 00:00:00,35,2010-04-06 00:00:00,33.5,34,40,28700,976150,2010-04-06 00:00:00,1
2010-04-07 00:00:00,2010-04-07 00:00:00,34,2010-04-07 00:00:00,34,34,14,20200,686800,2010-04-07 00:00:00,1
2010-04-08 00:00:00,2010-04-08 00:00:00,35.25,2010-04-08 00:00:00,34,34.75,65,130000,4529300,2010-04-08 00:00:00,1
2010-04-12 00:00:00,2010-04-12 00:00:00,34.75,2010-04-12 00:00:00,33.25,33.5,24,16900,565750,2010-04-12 00:00:00,1
2010-04-15 00:00:00,2010-04-15 00:00:00,34.5,2010-04-15 00:00:00,33,33.25,43,48200,1609325,2010-04-15 00:00:00,1
2010-04-16 00:00:00,2010-04-16 00:00:00,34,2010-04-16 00:00:00,33.25,33.5,7,41900,1403250,2010-04-16 00:00:00,1
2010-04-19 00:00:00,2010-04-19 00:00:00,33.75,2010-04-19 00:00:00,33.5,33.5,19,6100,204600,2010-04-19 00:00:00,1
2010-04-20 00:00:00,2010-04-20 00:00:00,35.5,2010-04-20 00:00:00,33.5,35,173,87400,3029450,2010-04-20 00:00:00,1
2010-04-21 00:00:00,2010-04-21 00:00:00,36.25,2010-04-21 00:00:00,35,35.25,39,32200,1147175,2010-04-21 00:00:00,1
2010-04-22 00:00:00,2010-04-22 00:00:00,36,2010-04-22 00:00:00,35,35,14,10500,373150,2010-04-22 00:00:00,1
2010-04-23 00:00:00,2010-04-23 00:00:00,36,2010-04-23 00:00:00,35,35,16,4600,163900,2010-04-23 00:00:00,1
2010-04-26 00:00:00,2010-04-26 00:00:00,36.25,2010-04-26 00:00:00,35,36.25,20,15200,547675,2010-04-26 00:00:00,1
2010-04-27 00:00:00,2010-04-27 00:00:00,41,2010-04-27 00:00:00,36.75,39.75,256,248900,9766625,2010-04-27 00:00:00,1
2010-04-29 00:00:00,2010-04-29 00:00:00,41,2010-04-29 00:00:00,38.75,40,57,56800,2276875,2010-04-29 00:00:00,1
2010-04-30 00:00:00,2010-04-30 00:00:00,39,2010-04-30 00:00:00,37,38,12,11100,418150,2010-04-30 00:00:00,1
2010-05-03 00:00:00,2010-05-03 00:00:00,39.75,2010-05-03 00:00:00,38,38,20,18800,728500,2010-05-03 00:00:00,1
2010-05-04 00:00:00,2010-05-04 00:00:00,36.75,2010-05-04 00:00:00,35.5,36,36,34300,1238400,2010-05-04 00:00:00,1
2010-05-05 00:00:00,2010-05-05 00:00:00,36,2010-05-05 00:00:00,35.75,36,17,9100,326875,2010-05-05 00:00:00,1
2010-05-06 00:00:00,2010-05-06 00:00:00,37.75,2010-05-06 00:00:00,35,35.5,56,70700,2481825,2010-05-06 00:00:00,1
2010-05-07 00:00:00,2010-05-07 00:00:00,37.75,2010-05-07 00:00:00,36,36.25,11,7700,280850,2010-05-07 00:00:00,1
2010-05-10 00:00:00,2010-05-10 00:00:00,39,2010-05-10 00:00:00,36.25,36.75,36,13800,511275,2010-05-10 00:00:00,1
2010-05-11 00:00:00,2010-05-11 00:00:00,38,2010-05-11 00:00:00,36.25,36.5,9,4600,169175,2010-05-11 00:00:00,1
2010-05-12 00:00:00,2010-05-12 00:00:00,37.5,2010-05-12 00:00:00,35,35,15,16700,589375,2010-05-12 00:00:00,1
2010-05-13 00:00:00,2010-05-13 00:00:00,37,2010-05-13 00:00:00,35.25,35.5,3,1100,39000,2010-05-13 00:00:00,1
2010-05-14 00:00:00,2010-05-14 00:00:00,35.5,2010-05-14 00:00:00,35.25,35.5,8,4400,156000,2010-05-14 00:00:00,1
2010-05-17 00:00:00,2010-05-17 00:00:00,37,2010-05-17 00:00:00,35.5,36,13,3800,136325,2010-05-17 00:00:00,1
2010-05-18 00:00:00,2010-05-18 00:00:00,36,2010-05-18 00:00:00,35.5,35.5,15,14700,524100,2010-05-18 00:00:00,1
2010-05-19 00:00:00,2010-05-19 00:00:00,37,2010-05-19 00:00:00,35,36.5,10,6200,218700,2010-05-19 00:00:00,1
2010-05-20 00:00:00,2010-05-20 00:00:00,35.5,2010-05-20 00:00:00,35,35.25,26,22000,776200,2010-05-20 00:00:00,1
2010-05-21 00:00:00,2010-05-21 00:00:00,34.75,2010-05-21 00:00:00,34.75,34.75,1,100,3475,2010-05-21 00:00:00,1
2010-05-24 00:00:00,2010-05-24 00:00:00,35,2010-05-24 00:00:00,34,34.25,12,4700,161850,2010-05-24 00:00:00,1
2010-05-25 00:00:00,2010-05-25 00:00:00,35,2010-05-25 00:00:00,34.25,34.75,8,2600,90025,2010-05-25 00:00:00,1
2010-05-26 00:00:00,2010-05-26 00:00:00,35,2010-05-26 00:00:00,34.75,35,8,4700,164000,2010-05-26 00:00:00,1
2010-05-31 00:00:00,2010-05-31 00:00:00,35,2010-05-31 00:00:00,34,34,16,5200,178750,2010-05-31 00:00:00,1
2010-06-01 00:00:00,2010-06-01 00:00:00,35,2010-06-01 00:00:00,35,35,7,9500,332500,2010-06-01 00:00:00,1
2010-06-02 00:00:00,2010-06-02 00:00:00,36,2010-06-02 00:00:00,35.5,35.75,2,200,7150,2010-06-02 00:00:00,1
2010-06-03 00:00:00,2010-06-03 00:00:00,36,2010-06-03 00:00:00,34,35,14,5500,191550,2010-06-03 00:00:00,1
2010-06-04 00:00:00,2010-06-04 00:00:00,36.25,2010-06-04 00:00:00,34.5,34.5,10,6700,236525,2010-06-04 00:00:00,1
2010-06-07 00:00:00,2010-06-07 00:00:00,36.5,2010-06-07 00:00:00,36.25,36.5,3,400,14550,2010-06-07 00:00:00,1
2010-06-08 00:00:00,2010-06-08 00:00:00,35,2010-06-08 00:00:00,35,35,6,2000,70000,2010-06-08 00:00:00,1
2010-06-09 00:00:00,2010-06-09 00:00:00,36.5,2010-06-09 00:00:00,36,36.25,24,11200,404550,2010-06-09 00:00:00,1
2010-06-10 00:00:00,2010-06-10 00:00:00,36.5,2010-06-10 00:00:00,36.5,36.5,1,100,3650,2010-06-10 00:00:00,1
2010-06-11 00:00:00,2010-06-11 00:00:00,35.5,2010-06-11 00:00:00,34,34.25,12,7400,253350,2010-06-11 00:00:00,1
2010-06-14 00:00:00,2010-06-14 00:00:00,34.75,2010-06-14 00:00:00,34.5,34.5,4,2000,69050,2010-06-14 00:00:00,1
2010-06-15 00:00:00,2010-06-15 00:00:00,34.75,2010-06-15 00:00:00,34,34.25,8,6200,212100,2010-06-15 00:00:00,1
2010-06-16 00:00:00,2010-06-16 00:00:00,35.25,2010-06-16 00:00:00,34.25,35,8,6200,218125,2010-06-16 00:00:00,1
2010-06-17 00:00:00,2010-06-17 00:00:00,36,2010-06-17 00:00:00,34,36,10,7800,271275,2010-06-17 00:00:00,1
2010-06-21 00:00:00,2010-06-21 00:00:00,36,2010-06-21 00:00:00,35,36,16,4900,174300,2010-06-21 00:00:00,1
2010-06-22 00:00:00,2010-06-22 00:00:00,36,2010-06-22 00:00:00,35.25,35.25,7,2100,75025,2010-06-22 00:00:00,1
2010-06-23 00:00:00,2010-06-23 00:00:00,35.5,2010-06-23 00:00:00,34.75,35.5,22,13000,455525,2010-06-23 00:00:00,1
2010-06-24 00:00:00,2010-06-24 00:00:00,36,2010-06-24 00:00:00,34.5,35.75,9,15300,537425,2010-06-24 00:00:00,1
2010-06-28 00:00:00,2010-06-28 00:00:00,35,2010-06-28 00:00:00,35,35,7,2600,91000,2010-06-28 00:00:00,1
2010-06-29 00:00:00,2010-06-29 00:00:00,35.5,2010-06-29 00:00:00,34,35,22,20800,711725,2010-06-29 00:00:00,1
2010-06-30 00:00:00,2010-06-30 00:00:00,38,2010-06-30 00:00:00,34.75,36.25,81,54500,2001900,2010-06-30 00:00:00,1
2010-07-01 00:00:00,2010-07-01 00:00:00,37,2010-07-01 00:00:00,35,35,14,6600,232300,2010-07-01 00:00:00,1
2010-07-02 00:00:00,2010-07-02 00:00:00,35.75,2010-07-02 00:00:00,34.75,35,14,10800,378825,2010-07-02 00:00:00,1
2010-07-05 00:00:00,2010-07-05 00:00:00,39.5,2010-07-05 00:00:00,36.5,38,171,204900,7864975,2010-07-05 00:00:00,1
2010-07-06 00:00:00,2010-07-06 00:00:00,39,2010-07-06 00:00:00,38,38,103,90500,3503175,2010-07-06 00:00:00,1
2010-07-07 00:00:00,2010-07-07 00:00:00,37,2010-07-07 00:00:00,34.5,36.5,15,16600,591450,2010-07-07 00:00:00,1
2010-07-08 00:00:00,2010-07-08 00:00:00,36.5,2010-07-08 00:00:00,35.5,35.5,6,2900,103550,2010-07-08 00:00:00,1
2010-07-09 00:00:00,2010-07-09 00:00:00,36,2010-07-09 00:00:00,35,35,17,7500,264750,2010-07-09 00:00:00,1
2010-07-12 00:00:00,2010-07-12 00:00:00,36,2010-07-12 00:00:00,35.25,35.5,10,3300,116475,2010-07-12 00:00:00,1
2010-07-13 00:00:00,2010-07-13 00:00:00,35,2010-07-13 00:00:00,35,35,4,3000,105000,2010-07-13 00:00:00,1
2010-07-14 00:00:00,2010-07-14 00:00:00,35.5,2010-07-14 00:00:00,35,35,10,8200,287050,2010-07-14 00:00:00,1
2010-07-15 00:00:00,2010-07-15 00:00:00,38.25,2010-07-15 00:00:00,34,35.5,35,28800,1025100,2010-07-15 00:00:00,1
2010-07-16 00:00:00,2010-07-16 00:00:00,35.5,2010-07-16 00:00:00,34.5,35.5,6,1000,34900,2010-07-16 00:00:00,1
2010-07-19 00:00:00,2010-07-19 00:00:00,38,2010-07-19 00:00:00,34.5,35,13,3700,131950,2010-07-19 00:00:00,1
2010-07-20 00:00:00,2010-07-20 00:00:00,35.25,2010-07-20 00:00:00,35,35,7,7700,269525,2010-07-20 00:00:00,1
2010-07-21 00:00:00,2010-07-21 00:00:00,36.5,2010-07-21 00:00:00,35,36,18,5000,179200,2010-07-21 00:00:00,1
2010-07-22 00:00:00,2010-07-22 00:00:00,37,2010-07-22 00:00:00,35.25,35.25,28,25700,938125,2010-07-22 00:00:00,1
2010-07-23 00:00:00,2010-07-23 00:00:00,36.75,2010-07-23 00:00:00,35,36.5,23,15400,562150,2010-07-23 00:00:00,1
2010-07-26 00:00:00,2010-07-26 00:00:00,47,2010-07-26 00:00:00,36.5,44.5,671,791900,33051175,2010-07-26 00:00:00,1
2010-07-27 00:00:00,2010-07-27 00:00:00,48,2010-07-27 00:00:00,42.25,44.5,348,534600,24731450,2010-07-27 00:00:00,1
2010-07-28 00:00:00,2010-07-28 00:00:00,46,2010-07-28 00:00:00,42,42.5,69,56400,2437800,2010-07-28 00:00:00,1
2010-07-29 00:00:00,2010-07-29 00:00:00,43,2010-07-29 00:00:00,41.5,42.5,37,26300,1108975,2010-07-29 00:00:00,1
2010-07-30 00:00:00,2010-07-30 00:00:00,41.25,2010-07-30 00:00:00,40.25,40.5,22,20200,825000,2010-07-30 00:00:00,1
2010-08-02 00:00:00,2010-08-02 00:00:00,42,2010-08-02 00:00:00,39.5,39.9,27,25500,1028300,2010-08-02 00:00:00,1
2010-08-03 00:00:00,2010-08-03 00:00:00,41,2010-08-03 00:00:00,39.5,40,24,9200,369290,2010-08-03 00:00:00,1
2010-08-04 00:00:00,2010-08-04 00:00:00,41.3,2010-08-04 00:00:00,39.5,39.5,12,10800,432290,2010-08-04 00:00:00,1
2010-08-05 00:00:00,2010-08-05 00:00:00,43,2010-08-05 00:00:00,37.1,39.6,35,24300,945060,2010-08-05 00:00:00,1
2010-08-06 00:00:00,2010-08-06 00:00:00,40,2010-08-06 00:00:00,38.5,38.5,15,5700,220960,2010-08-06 00:00:00,1
2010-08-09 00:00:00,2010-08-09 00:00:00,41,2010-08-09 00:00:00,36.5,37.4,23,18200,683750,2010-08-09 00:00:00,1
2010-08-10 00:00:00,2010-08-10 00:00:00,41,2010-08-10 00:00:00,34.1,40.2,31,28600,1142190,2010-08-10 00:00:00,1
2010-08-11 00:00:00,2010-08-11 00:00:00,40,2010-08-11 00:00:00,38,38.2,26,19300,760070,2010-08-11 00:00:00,1
2010-08-12 00:00:00,2010-08-12 00:00:00,39.7,2010-08-12 00:00:00,39.5,39.6,6,1700,67300,2010-08-12 00:00:00,1
2010-08-13 00:00:00,2010-08-13 00:00:00,40,2010-08-13 00:00:00,36.6,40,14,5700,222260,2010-08-13 00:00:00,1
2010-08-16 00:00:00,2010-08-16 00:00:00,37.8,2010-08-16 00:00:00,37.8,37.8,1,400,15120,2010-08-16 00:00:00,1
2010-08-17 00:00:00,2010-08-17 00:00:00,39.8,2010-08-17 00:00:00,38.5,38.7,9,2700,104760,2010-08-17 00:00:00,1
2010-08-18 00:00:00,2010-08-18 00:00:00,41.5,2010-08-18 00:00:00,38.6,38.8,19,5700,225030,2010-08-18 00:00:00,1
2010-08-19 00:00:00,2010-08-19 00:00:00,40.5,2010-08-19 00:00:00,40,40.2,29,16300,653230,2010-08-19 00:00:00,1
2010-08-20 00:00:00,2010-08-20 00:00:00,40,2010-08-20 00:00:00,40,40,2,600,24000,2010-08-20 00:00:00,1
2010-08-23 00:00:00,2010-08-23 00:00:00,41,2010-08-23 00:00:00,39.5,40.1,37,20900,833870,2010-08-23 00:00:00,1
2010-08-25 00:00:00,2010-08-25 00:00:00,40,2010-08-25 00:00:00,37.2,38.2,7,6500,249900,2010-08-25 00:00:00,1
2010-08-26 00:00:00,2010-08-26 00:00:00,38,2010-08-26 00:00:00,37.5,37.6,12,5500,207010,2010-08-26 00:00:00,1
2010-08-27 00:00:00,2010-08-27 00:00:00,39,2010-08-27 00:00:00,38,38.3,17,11300,431400,2010-08-27 00:00:00,1
2010-08-30 00:00:00,2010-08-30 00:00:00,42.1,2010-08-30 00:00:00,42.1,42.1,36,34900,1469290,2010-08-30 00:00:00,1
2010-08-31 00:00:00,2010-08-31 00:00:00,46.3,2010-08-31 00:00:00,46.3,46.3,66,32100,1486230,2010-08-31 00:00:00,1
2010-09-01 00:00:00,2010-09-01 00:00:00,50.9,2010-09-01 00:00:00,46.7,50.8,402,444500,22257870,2010-09-01 00:00:00,1
2010-09-02 00:00:00,2010-09-02 00:00:00,54,2010-09-02 00:00:00,50,52.5,257,279500,14596490,2010-09-02 00:00:00,1
2010-09-03 00:00:00,2010-09-03 00:00:00,53.4,2010-09-03 00:00:00,50.6,51,91,92500,4762510,2010-09-03 00:00:00,1
2010-09-06 00:00:00,2010-09-06 00:00:00,53,2010-09-06 00:00:00,50,50.4,63,76800,3881940,2010-09-06 00:00:00,1
2010-09-07 00:00:00,2010-09-07 00:00:00,51,2010-09-07 00:00:00,47,49.3,29,46900,2324890,2010-09-07 00:00:00,1
2010-09-08 00:00:00,2010-09-08 00:00:00,52,2010-09-08 00:00:00,47,50.9,64,56800,2861710,2010-09-08 00:00:00,1
2010-09-09 00:00:00,2010-09-09 00:00:00,52,2010-09-09 00:00:00,50,50,42,41000,2091450,2010-09-09 00:00:00,1
2010-09-13 00:00:00,2010-09-13 00:00:00,52,2010-09-13 00:00:00,49.5,50.5,89,111900,5784640,2010-09-13 00:00:00,1
2010-09-14 00:00:00,2010-09-14 00:00:00,51.5,2010-09-14 00:00:00,49,50.4,41,33900,1698270,2010-09-14 00:00:00,1
2010-09-15 00:00:00,2010-09-15 00:00:00,51.2,2010-09-15 00:00:00,49.3,49.6,33,20000,1003460,2010-09-15 00:00:00,1
2010-09-16 00:00:00,2010-09-16 00:00:00,51,2010-09-16 00:00:00,50,50.1,27,23400,1177610,2010-09-16 00:00:00,1
2010-09-17 00:00:00,2010-09-17 00:00:00,55,2010-09-17 00:00:00,50.2,51,54,37600,1929660,2010-09-17 00:00:00,1
2010-09-20 00:00:00,2010-09-20 00:00:00,52,2010-09-20 00:00:00,50,50.6,30,15400,787940,2010-09-20 00:00:00,1
2010-09-21 00:00:00,2010-09-21 00:00:00,50.1,2010-09-21 00:00:00,49.5,49.8,24,4100,204730,2010-09-21 00:00:00,1
2010-09-23 00:00:00,2010-09-23 00:00:00,50,2010-09-23 00:00:00,47.5,48.1,44,38900,1886230,2010-09-23 00:00:00,1
2010-09-24 00:00:00,2010-09-24 00:00:00,50.4,2010-09-24 00:00:00,48,48.1,41,47200,2286560,2010-09-24 00:00:00,1
2010-09-27 00:00:00,2010-09-27 00:00:00,48.5,2010-09-27 00:00:00,48,48.2,6,2700,130250,2010-09-27 00:00:00,1
2010-09-28 00:00:00,2010-09-28 00:00:00,50,2010-09-28 00:00:00,47,47.8,19,20700,1022040,2010-09-28 00:00:00,1
2010-09-29 00:00:00,2010-09-29 00:00:00,49,2010-09-29 00:00:00,47.5,48.1,7,2500,120440,2010-09-29 00:00:00,1
2010-09-30 00:00:00,2010-09-30 00:00:00,49,2010-09-30 00:00:00,48.2,48.9,25,6200,301190,2010-09-30 00:00:00,1
2010-10-01 00:00:00,2010-10-01 00:00:00,49,2010-10-01 00:00:00,48.2,48.7,17,8900,434310,2010-10-01 00:00:00,1
2010-10-04 00:00:00,2010-10-04 00:00:00,48.6,2010-10-04 00:00:00,48,48.4,27,7400,358090,2010-10-04 00:00:00,1
2010-10-05 00:00:00,2010-10-05 00:00:00,50,2010-10-05 00:00:00,49,49,25,10300,507200,2010-10-05 00:00:00,1
2010-10-06 00:00:00,2010-10-06 00:00:00,49.6,2010-10-06 00:00:00,48,48.1,22,7200,350100,2010-10-06 00:00:00,1
2010-10-07 00:00:00,2010-10-07 00:00:00,48,2010-10-07 00:00:00,44,45.2,14,7800,354880,2010-10-07 00:00:00,1
2010-10-08 00:00:00,2010-10-08 00:00:00,48,2010-10-08 00:00:00,46.4,47.9,10,2800,132040,2010-10-08 00:00:00,1
2010-10-11 00:00:00,2010-10-11 00:00:00,49,2010-10-11 00:00:00,47,47.2,18,10200,488000,2010-10-11 00:00:00,1
2010-10-12 00:00:00,2010-10-12 00:00:00,49.1,2010-10-12 00:00:00,47,47.1,18,9400,452050,2010-10-12 00:00:00,1
2010-10-13 00:00:00,2010-10-13 00:00:00,47,2010-10-13 00:00:00,41,46.9,21,11600,495400,2010-10-13 00:00:00,1
2010-10-14 00:00:00,2010-10-14 00:00:00,47,2010-10-14 00:00:00,45,46,7,1500,69030,2010-10-14 00:00:00,1
2010-10-15 00:00:00,2010-10-15 00:00:00,45.1,2010-10-15 00:00:00,45.1,45.1,4,800,36080,2010-10-15 00:00:00,1
2010-10-18 00:00:00,2010-10-18 00:00:00,46.5,2010-10-18 00:00:00,45.1,45.2,23,9700,443290,2010-10-18 00:00:00,1
2010-10-19 00:00:00,2010-10-19 00:00:00,47,2010-10-19 00:00:00,46,46.1,17,5700,266220,2010-10-19 00:00:00,1
2010-10-26 00:00:00,2010-10-26 00:00:00,45,2010-10-26 00:00:00,15,21.9,26,12500,297210,2010-10-26 00:00:00,1
2010-10-27 00:00:00,2010-10-27 00:00:00,21.5,2010-10-27 00:00:00,20.2,20.3,15,8500,173130,2010-10-27 00:00:00,1
2010-10-28 00:00:00,2010-10-28 00:00:00,22.6,2010-10-28 00:00:00,20.4,20.6,15,5300,113130,2010-10-28 00:00:00,1
2010-10-29 00:00:00,2010-10-29 00:00:00,22.6,2010-10-29 00:00:00,21,21.3,7,2600,55570,2010-10-29 00:00:00,1
2010-11-01 00:00:00,2010-11-01 00:00:00,24.9,2010-11-01 00:00:00,22.7,23.1,67,24300,585630,2010-11-01 00:00:00,1
2010-11-02 00:00:00,2010-11-02 00:00:00,24.4,2010-11-02 00:00:00,23.3,24.3,42,54400,1310910,2010-11-02 00:00:00,1
2010-11-03 00:00:00,2010-11-03 00:00:00,25.3,2010-11-03 00:00:00,24,24.9,33,19300,477260,2010-11-03 00:00:00,1
2010-11-04 00:00:00,2010-11-04 00:00:00,24.6,2010-11-04 00:00:00,22.7,24.5,12,5100,124310,2010-11-04 00:00:00,1
2010-11-08 00:00:00,2010-11-08 00:00:00,24.5,2010-11-08 00:00:00,23,24,15,10600,251070,2010-11-08 00:00:00,1
2010-11-09 00:00:00,2010-11-09 00:00:00,24.2,2010-11-09 00:00:00,24,24,29,20800,499860,2010-11-09 00:00:00,1
2010-11-10 00:00:00,2010-11-10 00:00:00,24,2010-11-10 00:00:00,23,23.9,13,17700,423950,2010-11-10 00:00:00,1
2010-11-11 00:00:00,2010-11-11 00:00:00,24,2010-11-11 00:00:00,23.9,23.9,5,4200,100460,2010-11-11 00:00:00,1
2010-11-12 00:00:00,2010-11-12 00:00:00,24.4,2010-11-12 00:00:00,23,23.7,19,21400,512360,2010-11-12 00:00:00,1
2010-11-15 00:00:00,2010-11-15 00:00:00,23.1,2010-11-15 00:00:00,23.1,23.1,2,2200,50820,2010-11-15 00:00:00,1
2010-11-16 00:00:00,2010-11-16 00:00:00,23.1,2010-11-16 00:00:00,22.7,22.7,8,3200,73000,2010-11-16 00:00:00,1
2010-11-18 00:00:00,2010-11-18 00:00:00,23,2010-11-18 00:00:00,22.5,23,12,18500,418970,2010-11-18 00:00:00,1
2010-11-22 00:00:00,2010-11-22 00:00:00,24,2010-11-22 00:00:00,23,23.5,8,8800,203990,2010-11-22 00:00:00,1
2010-11-23 00:00:00,2010-11-23 00:00:00,21.7,2010-11-23 00:00:00,21.6,21.7,6,3200,69210,2010-11-23 00:00:00,1
2010-11-24 00:00:00,2010-11-24 00:00:00,22,2010-11-24 00:00:00,21.6,21.7,9,2200,48080,2010-11-24 00:00:00,1
2010-11-25 00:00:00,2010-11-25 00:00:00,21.7,2010-11-25 00:00:00,21.3,21.5,6,10000,214740,2010-11-25 00:00:00,1
2010-11-26 00:00:00,2010-11-26 00:00:00,23,2010-11-26 00:00:00,22,22.4,4,6400,143800,2010-11-26 00:00:00,1
2010-11-29 00:00:00,2010-11-29 00:00:00,21.6,2010-11-29 00:00:00,21.6,21.6,6,9000,194400,2010-11-29 00:00:00,1
2010-11-30 00:00:00,2010-11-30 00:00:00,23.5,2010-11-30 00:00:00,21.9,22.9,19,20900,471010,2010-11-30 00:00:00,1
2010-12-01 00:00:00,2010-12-01 00:00:00,23.8,2010-12-01 00:00:00,23.4,23.6,21,23400,552800,2010-12-01 00:00:00,1
2010-12-02 00:00:00,2010-12-02 00:00:00,24.5,2010-12-02 00:00:00,22.5,22.5,21,11300,269110,2010-12-02 00:00:00,1
2010-12-03 00:00:00,2010-12-03 00:00:00,23.8,2010-12-03 00:00:00,23,23.6,3,3500,82450,2010-12-03 00:00:00,1
2010-12-06 00:00:00,2010-12-06 00:00:00,23.8,2010-12-06 00:00:00,22.5,23.8,14,7500,173590,2010-12-06 00:00:00,1
2010-12-07 00:00:00,2010-12-07 00:00:00,23.8,2010-12-07 00:00:00,23,23.4,22,11100,258060,2010-12-07 00:00:00,1
2010-12-08 00:00:00,2010-12-08 00:00:00,23.7,2010-12-08 00:00:00,23,23,12,15600,359380,2010-12-08 00:00:00,1
2010-12-09 00:00:00,2010-12-09 00:00:00,23.6,2010-12-09 00:00:00,23.5,23.5,11,6800,159870,2010-12-09 00:00:00,1
2010-12-10 00:00:00,2010-12-10 00:00:00,23.5,2010-12-10 00:00:00,23,23,9,5600,128920,2010-12-10 00:00:00,1
2010-12-13 00:00:00,2010-12-13 00:00:00,23.6,2010-12-13 00:00:00,22.7,22.7,19,21100,495780,2010-12-13 00:00:00,1
2010-12-14 00:00:00,2010-12-14 00:00:00,23.8,2010-12-14 00:00:00,22.7,22.7,5,600,13750,2010-12-14 00:00:00,1
2010-12-15 00:00:00,2010-12-15 00:00:00,22.9,2010-12-15 00:00:00,22.2,22.4,13,5400,121060,2010-12-15 00:00:00,1
2010-12-16 00:00:00,2010-12-16 00:00:00,23,2010-12-16 00:00:00,22,22.2,11,8100,179720,2010-12-16 00:00:00,1
2010-12-17 00:00:00,2010-12-17 00:00:00,22.5,2010-12-17 00:00:00,22.5,22.5,2,1300,29250,2010-12-17 00:00:00,1
2010-12-21 00:00:00,2010-12-21 00:00:00,22.1,2010-12-21 00:00:00,22,22.1,4,1600,35210,2010-12-21 00:00:00,1
2010-12-22 00:00:00,2010-12-22 00:00:00,23.9,2010-12-22 00:00:00,23,23,13,4200,98440,2010-12-22 00:00:00,1
2010-12-23 00:00:00,2010-12-23 00:00:00,23.2,2010-12-23 00:00:00,23,23,8,3900,89770,2010-12-23 00:00:00,1
2010-12-24 00:00:00,2010-12-24 00:00:00,23.8,2010-12-24 00:00:00,23.1,23.5,20,13300,313080,2010-12-24 00:00:00,1
2010-12-27 00:00:00,2010-12-27 00:00:00,26.2,2010-12-27 00:00:00,23.8,24.7,119,138600,3448110,2010-12-27 00:00:00,1
2010-12-28 00:00:00,2010-12-28 00:00:00,25.3,2010-12-28 00:00:00,24.2,25,22,15500,387130,2010-12-28 00:00:00,1
2010-12-29 00:00:00,2010-12-29 00:00:00,27.2,2010-12-29 00:00:00,24,27,334,470300,12426540,2010-12-29 00:00:00,1
2010-12-30 00:00:00,2010-12-30 00:00:00,27.4,2010-12-30 00:00:00,25,26.9,231,492900,13321380,2010-12-30 00:00:00,1
2010-12-31 00:00:00,2010-12-31 00:00:00,27.4,2010-12-31 00:00:00,26.4,27,127,385300,10406880,2010-12-31 00:00:00,1
Company Id :  ELPL,,Security Type :  R,,Sub Type :  0000,,,,,,
Short Name :  ELPITIYA,,,,,,,,,,
Day,Date High,High,Date Low,Low,Closing,No. of Trades,No. of Shares,Turnover,Last Traded,Days Traded
2010-02-18 00:00:00,2010-02-18 00:00:00,11,2010-02-18 00:00:00,10,11,11,5100,51500,2010-02-18 00:00:00,1
2010-02-19 00:00:00,2010-02-19 00:00:00,10,2010-02-19 00:00:00,10,10,2,700,7000,2010-02-19 00:00:00,1
2010-02-22 00:00:00,2010-02-22 00:00:00,10,2010-02-22 00:00:00,10,10,2,500,5000,2010-02-22 00:00:00,1
2010-02-23 00:00:00,2010-02-23 00:00:00,9.5,2010-02-23 00:00:00,9,9,12,6200,55975,2010-02-23 00:00:00,1
2010-02-24 00:00:00,2010-02-24 00:00:00,11,2010-02-24 00:00:00,10,10.75,6,700,7475,2010-02-24 00:00:00,1
2010-02-25 00:00:00,2010-02-25 00:00:00,10.25,2010-02-25 00:00:00,10,10.25,7,1200,12050,2010-02-25 00:00:00,1
2010-03-01 00:00:00,2010-03-01 00:00:00,10.25,2010-03-01 00:00:00,10,10,5,2100,21375,2010-03-01 00:00:00,1
2010-03-02 00:00:00,2010-03-02 00:00:00,10,2010-03-02 00:00:00,9.25,10,5,3600,35275,2010-03-02 00:00:00,1
2010-03-03 00:00:00,2010-03-03 00:00:00,10,2010-03-03 00:00:00,9.5,10,8,5600,55900,2010-03-03 00:00:00,1
2010-03-04 00:00:00,2010-03-04 00:00:00,10,2010-03-04 00:00:00,9.75,9.75,6,2600,25775,2010-03-04 00:00:00,1
2010-03-05 00:00:00,2010-03-05 00:00:00,10,2010-03-05 00:00:00,9.25,9.75,9,4200,41400,2010-03-05 00:00:00,1
Company Id :  EMER,,Security Type :  N,,Sub Type :  0000,,,,,,
Short Name :  EASTERN MERCHANT,,,,,,,,,,
Day,Date High,High,Date Low,Low,Closing,No. of Trades,No. of Shares,Turnover,Last Traded,Days Traded
2010-01-15 00:00:00,2010-01-15 00:00:00,170,2010-01-15 00:00:00,170,170,1,100,17000,2010-01-15 00:00:00,1
2010-01-22 00:00:00,2010-01-22 00:00:00,210,2010-01-22 00:00:00,190,200,3,300,60000,2010-01-22 00:00:00,1
2010-01-25 00:00:00,2010-01-25 00:00:00,245,2010-01-25 00:00:00,130,200,8,2800,586500,2010-01-25 00:00:00,1
2010-01-26 00:00:00,2010-01-26 00:00:00,210,2010-01-26 00:00:00,165,176.25,3,400,70500,2010-01-26 00:00:00,1
2010-02-01 00:00:00,2010-02-01 00:00:00,235,2010-02-01 00:00:00,210,222.5,2,200,44500,2010-02-01 00:00:00,1
2010-02-11 00:00:00,2010-02-11 00:00:00,220,2010-02-11 00:00:00,220,220,1,100,22000,2010-02-11 00:00:00,1
2010-02-15 00:00:00,2010-02-15 00:00:00,151,2010-02-15 00:00:00,151,151,1,100,15100,2010-02-15 00:00:00,1
2010-04-12 00:00:00,2010-04-12 00:00:00,205,2010-04-12 00:00:00,205,205,1,100,20500,2010-04-12 00:00:00,1
2010-04-15 00:00:00,2010-04-15 00:00:00,205,2010-04-15 00:00:00,205,205,1,400,82000,2010-04-15 00:00:00,1
2010-04-22 00:00:00,2010-04-22 00:00:00,250,2010-04-22 00:00:00,250,250,1,100,25000,2010-04-22 00:00:00,1
2010-04-27 00:00:00,2010-04-27 00:00:00,249.5,2010-04-27 00:00:00,249.5,249.5,1,200,49900,2010-04-27 00:00:00,1
2010-04-29 00:00:00,2010-04-29 00:00:00,235,2010-04-29 00:00:00,235,235,1,100,23500,2010-04-29 00:00:00,1
2010-05-11 00:00:00,2010-05-11 00:00:00,235.25,2010-05-11 00:00:00,235.25,235.25,1,300,70575,2010-05-11 00:00:00,1
2010-05-12 00:00:00,2010-05-12 00:00:00,233,2010-05-12 00:00:00,233,233,2,300,69900,2010-05-12 00:00:00,1
2010-05-13 00:00:00,2010-05-13 00:00:00,239,2010-05-13 00:00:00,235,239,2,300,71300,2010-05-13 00:00:00,1
2010-05-14 00:00:00,2010-05-14 00:00:00,230,2010-05-14 00:00:00,230,230,1,100,23000,2010-05-14 00:00:00,1
2010-05-19 00:00:00,2010-05-19 00:00:00,230,2010-05-19 00:00:00,229,229.5,2,200,45900,2010-05-19 00:00:00,1
2010-06-14 00:00:00,2010-06-14 00:00:00,235,2010-06-14 00:00:00,235,235,2,200,47000,2010-06-14 00:00:00,1
2010-07-09 00:00:00,2010-07-09 00:00:00,225,2010-07-09 00:00:00,225,225,1,100,22500,2010-07-09 00:00:00,1
2010-07-26 00:00:00,2010-07-26 00:00:00,225,2010-07-26 00:00:00,200,209.5,5,600,124700,2010-07-26 00:00:00,1
2010-07-29 00:00:00,2010-07-29 00:00:00,260,2010-07-29 00:00:00,225,245,9,3100,740000,2010-07-29 00:00:00,1
2010-09-13 00:00:00,2010-09-13 00:00:00,265,2010-09-13 00:00:00,235,250,4,2300,588500,2010-09-13 00:00:00,1
2010-09-16 00:00:00,2010-09-16 00:00:00,245,2010-09-16 00:00:00,245,245,1,300,73500,2010-09-16 00:00:00,1
2010-09-20 00:00:00,2010-09-20 00:00:00,285,2010-09-20 00:00:00,275,285,4,700,195500,2010-09-20 00:00:00,1
2010-09-21 00:00:00,2010-09-21 00:00:00,290,2010-09-21 00:00:00,285,290,7,1500,431500,2010-09-21 00:00:00,1
2010-09-23 00:00:00,2010-09-23 00:00:00,310,2010-09-23 00:00:00,290,298,3,600,178000,2010-09-23 00:00:00,1
2010-09-24 00:00:00,2010-09-24 00:00:00,400,2010-09-24 00:00:00,350,395,7,700,274000,2010-09-24 00:00:00,1
2010-09-28 00:00:00,2010-09-28 00:00:00,475,2010-09-28 00:00:00,390,475,4,500,218000,2010-09-28 00:00:00,1
2010-09-29 00:00:00,2010-09-29 00:00:00,600,2010-09-29 00:00:00,475,528.6,7,700,370000,2010-09-29 00:00:00,1
2010-09-30 00:00:00,2010-09-30 00:00:00,528,2010-09-30 00:00:00,528,528,1,200,105600,2010-09-30 00:00:00,1
2010-10-01 00:00:00,2010-10-01 00:00:00,560,2010-10-01 00:00:00,560,560,1,100,56000,2010-10-01 00:00:00,1
2010-10-05 00:00:00,2010-10-05 00:00:00,550,2010-10-05 00:00:00,530,550,3,500,269200,2010-10-05 00:00:00,1
2010-10-06 00:00:00,2010-10-06 00:00:00,550,2010-10-06 00:00:00,550,550,1,200,110000,2010-10-06 00:00:00,1
2010-10-20 00:00:00,2010-10-20 00:00:00,590,2010-10-20 00:00:00,590,590,1,100,59000,2010-10-20 00:00:00,1
2010-10-27 00:00:00,2010-10-27 00:00:00,600,2010-10-27 00:00:00,600,600,1,100,60000,2010-10-27 00:00:00,1
2010-12-02 00:00:00,2010-12-02 00:00:00,650,2010-12-02 00:00:00,650,650,1,200,130000,2010-12-02 00:00:00,1
2010-12-07 00:00:00,2010-12-07 00:00:00,599,2010-12-07 00:00:00,599,599,2,1100,658900,2010-12-07 00:00:00,1
Company Id :  EQIT,,Security Type :  N,,Sub Type :  0000,,,,,,
Short Name :  EQUITY,,,,,,,,,,
Day,Date High,High,Date Low,Low,Closing,No. of Trades,No. of Shares,Turnover,Last Traded,Days Traded
2010-01-04 00:00:00,2010-01-04 00:00:00,28,2010-01-04 00:00:00,26,26.5,64,45700,1205125,2010-01-04 00:00:00,1
2010-01-05 00:00:00,2010-01-05 00:00:00,28,2010-01-05 00:00:00,26,26,8,4700,124750,2010-01-05 00:00:00,1
2010-01-06 00:00:00,2010-01-06 00:00:00,27.5,2010-01-06 00:00:00,26,27.25,35,41600,1134450,2010-01-06 00:00:00,1
2010-01-07 00:00:00,2010-01-07 00:00:00,28.5,2010-01-07 00:00:00,27,28,110,59000,1640075,2010-01-07 00:00:00,1
2010-01-08 00:00:00,2010-01-08 00:00:00,28.5,2010-01-08 00:00:00,26.5,27.5,18,16300,451750,2010-01-08 00:00:00,1
2010-01-11 00:00:00,2010-01-11 00:00:00,28.25,2010-01-11 00:00:00,27.75,27.75,16,33000,923350,2010-01-11 00:00:00,1
2010-01-12 00:00:00,2010-01-12 00:00:00,28,2010-01-12 00:00:00,28,28,2,400,11200,2010-01-12 00:00:00,1
2010-01-13 00:00:00,2010-01-13 00:00:00,28,2010-01-13 00:00:00,27,27.75,16,22600,627050,2010-01-13 00:00:00,1
2010-01-18 00:00:00,2010-01-18 00:00:00,27,2010-01-18 00:00:00,25,25,34,52400,1328675,2010-01-18 00:00:00,1
2010-01-19 00:00:00,2010-01-19 00:00:00,25,2010-01-19 00:00:00,24.5,24.5,3,2800,68700,2010-01-19 00:00:00,1
2010-01-21 00:00:00,2010-01-21 00:00:00,27,2010-01-21 00:00:00,25,25,6,8600,224000,2010-01-21 00:00:00,1
2010-01-22 00:00:00,2010-01-22 00:00:00,26,2010-01-22 00:00:00,25,26,3,3100,78000,2010-01-22 00:00:00,1
2010-01-25 00:00:00,2010-01-25 00:00:00,25,2010-01-25 00:00:00,25,25,1,1000,25000,2010-01-25 00:00:00,1
2010-01-26 00:00:00,2010-01-26 00:00:00,27.5,2010-01-26 00:00:00,26,27.25,9,10500,285875,2010-01-26 00:00:00,1
2010-01-28 00:00:00,2010-01-28 00:00:00,28,2010-01-28 00:00:00,26,27.25,7,3000,81750,2010-01-28 00:00:00,1
2010-02-03 00:00:00,2010-02-03 00:00:00,27,2010-02-03 00:00:00,27,27,2,1500,40500,2010-02-03 00:00:00,1
2010-02-05 00:00:00,2010-02-05 00:00:00,26.25,2010-02-05 00:00:00,26,26.25,3,4000,104500,2010-02-05 00:00:00,1
2010-02-09 00:00:00,2010-02-09 00:00:00,25,2010-02-09 00:00:00,25,25,1,200,5000,2010-02-09 00:00:00,1
2010-02-10 00:00:00,2010-02-10 00:00:00,28,2010-02-10 00:00:00,27.75,28,36,6300,176275,2010-02-10 00:00:00,1
2010-02-12 00:00:00,2010-02-12 00:00:00,25.75,2010-02-12 00:00:00,25.5,25.75,3,2000,51375,2010-02-12 00:00:00,1
2010-02-15 00:00:00,2010-02-15 00:00:00,26,2010-02-15 00:00:00,26,26,2,3200,83200,2010-02-15 00:00:00,1
2010-02-16 00:00:00,2010-02-16 00:00:00,26.75,2010-02-16 00:00:00,25.25,25.25,10,16400,418700,2010-02-16 00:00:00,1
2010-02-18 00:00:00,2010-02-18 00:00:00,26,2010-02-18 00:00:00,26,26,1,100,2600,2010-02-18 00:00:00,1
2010-02-19 00:00:00,2010-02-19 00:00:00,26,2010-02-19 00:00:00,26,26,4,2500,65000,2010-02-19 00:00:00,1
2010-02-22 00:00:00,2010-02-22 00:00:00,24.75,2010-02-22 00:00:00,24.75,24.75,1,500,12375,2010-02-22 00:00:00,1
2010-03-01 00:00:00,2010-03-01 00:00:00,26,2010-03-01 00:00:00,25,25,3,5200,135000,2010-03-01 00:00:00,1
2010-03-02 00:00:00,2010-03-02 00:00:00,25,2010-03-02 00:00:00,25,25,5,4200,105000,2010-03-02 00:00:00,1
2010-03-03 00:00:00,2010-03-03 00:00:00,25,2010-03-03 00:00:00,25,25,2,1000,25000,2010-03-03 00:00:00,1
2010-03-04 00:00:00,2010-03-04 00:00:00,27,2010-03-04 00:00:00,27,27,3,4000,108000,2010-03-04 00:00:00,1
2010-03-05 00:00:00,2010-03-05 00:00:00,27,2010-03-05 00:00:00,26.5,26.75,2,15000,402500,2010-03-05 00:00:00,1
2010-03-09 00:00:00,2010-03-09 00:00:00,25.75,2010-03-09 00:00:00,25.75,25.75,1,100,2575,2010-03-09 00:00:00,1
2010-03-11 00:00:00,2010-03-11 00:00:00,25.5,2010-03-11 00:00:00,25.5,25.5,1,300,7650,2010-03-11 00:00:00,1
2010-03-12 00:00:00,2010-03-12 00:00:00,27.5,2010-03-12 00:00:00,26.5,27.5,2,300,8050,2010-03-12 00:00:00,1
2010-03-15 00:00:00,2010-03-15 00:00:00,26.5,2010-03-15 00:00:00,26,26.5,6,4600,119650,2010-03-15 00:00:00,1
2010-03-16 00:00:00,2010-03-16 00:00:00,26.5,2010-03-16 00:00:00,26.5,26.5,3,4300,113950,2010-03-16 00:00:00,1
2010-03-17 00:00:00,2010-03-17 00:00:00,26,2010-03-17 00:00:00,26,26,4,8200,213200,2010-03-17 00:00:00,1
2010-03-18 00:00:00,2010-03-18 00:00:00,25.75,2010-03-18 00:00:00,25.75,25.75,2,500,12875,2010-03-18 00:00:00,1
2010-03-19 00:00:00,2010-03-19 00:00:00,25.5,2010-03-19 00:00:00,25.5,25.5,1,100,2550,2010-03-19 00:00:00,1
2010-03-22 00:00:00,2010-03-22 00:00:00,25.25,2010-03-22 00:00:00,25.25,25.25,2,3000,75750,2010-03-22 00:00:00,1
2010-03-23 00:00:00,2010-03-23 00:00:00,25.5,2010-03-23 00:00:00,25,25,5,5400,137500,2010-03-23 00:00:00,1
2010-03-25 00:00:00,2010-03-25 00:00:00,24.75,2010-03-25 00:00:00,24.75,24.75,3,2000,49500,2010-03-25 00:00:00,1
2010-03-26 00:00:00,2010-03-26 00:00:00,25,2010-03-26 00:00:00,25,25,2,1100,27500,2010-03-26 00:00:00,1
2010-03-30 00:00:00,2010-03-30 00:00:00,24.75,2010-03-30 00:00:00,24.75,24.75,2,3000,74250,2010-03-30 00:00:00,1
2010-04-01 00:00:00,2010-04-01 00:00:00,26,2010-04-01 00:00:00,25,25,6,2700,67600,2010-04-01 00:00:00,1
2010-04-06 00:00:00,2010-04-06 00:00:00,27,2010-04-06 00:00:00,25,27,13,8600,219325,2010-04-06 00:00:00,1
2010-04-07 00:00:00,2010-04-07 00:00:00,27.5,2010-04-07 00:00:00,26,26,11,9000,238850,2010-04-07 00:00:00,1
2010-04-08 00:00:00,2010-04-08 00:00:00,26.5,2010-04-08 00:00:00,26.5,26.5,1,100,2650,2010-04-08 00:00:00,1
2010-04-12 00:00:00,2010-04-12 00:00:00,26.75,2010-04-12 00:00:00,26.5,26.5,15,5300,140550,2010-04-12 00:00:00,1
2010-04-19 00:00:00,2010-04-19 00:00:00,28.5,2010-04-19 00:00:00,26.5,27,34,27900,755275,2010-04-19 00:00:00,1
2010-04-20 00:00:00,2010-04-20 00:00:00,26.25,2010-04-20 00:00:00,26.25,26.25,1,100,2625,2010-04-20 00:00:00,1
2010-04-21 00:00:00,2010-04-21 00:00:00,26,2010-04-21 00:00:00,26,26,3,8000,208000,2010-04-21 00:00:00,1
2010-04-22 00:00:00,2010-04-22 00:00:00,28,2010-04-22 00:00:00,26,27.5,17,23000,628475,2010-04-22 00:00:00,1
2010-04-23 00:00:00,2010-04-23 00:00:00,28.25,2010-04-23 00:00:00,27.75,27.75,10,24500,681125,2010-04-23 00:00:00,1
2010-04-26 00:00:00,2010-04-26 00:00:00,26.25,2010-04-26 00:00:00,26.25,26.25,1,200,5250,2010-04-26 00:00:00,1
2010-04-27 00:00:00,2010-04-27 00:00:00,33.5,2010-04-27 00:00:00,27.75,32,219,252900,7682300,2010-04-27 00:00:00,1
2010-04-29 00:00:00,2010-04-29 00:00:00,34,2010-04-29 00:00:00,30.5,30.5,35,20300,668750,2010-04-29 00:00:00,1
2010-04-30 00:00:00,2010-04-30 00:00:00,30,2010-04-30 00:00:00,30,30,2,3000,90000,2010-04-30 00:00:00,1
2010-05-03 00:00:00,2010-05-03 00:00:00,30,2010-05-03 00:00:00,29.25,29.25,9,4500,132750,2010-05-03 00:00:00,1
2010-05-04 00:00:00,2010-05-04 00:00:00,29,2010-05-04 00:00:00,27.5,27.5,7,7000,194000,2010-05-04 00:00:00,1
2010-05-07 00:00:00,2010-05-07 00:00:00,27.5,2010-05-07 00:00:00,27.25,27.25,14,10600,289550,2010-05-07 00:00:00,1
2010-05-10 00:00:00,2010-05-10 00:00:00,27.5,2010-05-10 00:00:00,27.5,27.5,2,1800,49500,2010-05-10 00:00:00,1
2010-05-11 00:00:00,2010-05-11 00:00:00,27.5,2010-05-11 00:00:00,27.5,27.5,3,4300,118250,2010-05-11 00:00:00,1
2010-05-12 00:00:00,2010-05-12 00:00:00,27.5,2010-05-12 00:00:00,27.25,27.25,4,3200,87250,2010-05-12 00:00:00,1
2010-05-13 00:00:00,2010-05-13 00:00:00,27,2010-05-13 00:00:00,27,27,5,2400,64800,2010-05-13 00:00:00,1
2010-05-18 00:00:00,2010-05-18 00:00:00,27.5,2010-05-18 00:00:00,27.5,27.5,2,1500,41250,2010-05-18 00:00:00,1
2010-05-19 00:00:00,2010-05-19 00:00:00,28,2010-05-19 00:00:00,28,28,1,3500,98000,2010-05-19 00:00:00,1
2010-05-20 00:00:00,2010-05-20 00:00:00,31,2010-05-20 00:00:00,30,30.5,21,23900,731400,2010-05-20 00:00:00,1
2010-05-24 00:00:00,2010-05-24 00:00:00,30.25,2010-05-24 00:00:00,27.5,28.25,13,11100,320750,2010-05-24 00:00:00,1
2010-06-01 00:00:00,2010-06-01 00:00:00,28,2010-06-01 00:00:00,28,28,1,900,25200,2010-06-01 00:00:00,1
2010-06-03 00:00:00,2010-06-03 00:00:00,28,2010-06-03 00:00:00,28,28,4,5500,154000,2010-06-03 00:00:00,1
2010-06-04 00:00:00,2010-06-04 00:00:00,29.5,2010-06-04 00:00:00,28,29,2,1500,43500,2010-06-04 00:00:00,1
2010-06-07 00:00:00,2010-06-07 00:00:00,27.5,2010-06-07 00:00:00,27.5,27.5,1,300,8250,2010-06-07 00:00:00,1
2010-06-08 00:00:00,2010-06-08 00:00:00,27.5,2010-06-08 00:00:00,27.5,27.5,1,400,11000,2010-06-08 00:00:00,1
2010-06-14 00:00:00,2010-06-14 00:00:00,27.25,2010-06-14 00:00:00,27.25,27.25,3,7300,198925,2010-06-14 00:00:00,1
2010-06-15 00:00:00,2010-06-15 00:00:00,30.5,2010-06-15 00:00:00,28.75,30,33,59600,1763775,2010-06-15 00:00:00,1
2010-06-16 00:00:00,2010-06-16 00:00:00,32,2010-06-16 00:00:00,31,32,29,25900,822425,2010-06-16 00:00:00,1
2010-06-21 00:00:00,2010-06-21 00:00:00,42.5,2010-06-21 00:00:00,31.75,39.5,204,259900,10169900,2010-06-21 00:00:00,1
2010-06-22 00:00:00,2010-06-22 00:00:00,43,2010-06-22 00:00:00,39,39,34,31500,1287250,2010-06-22 00:00:00,1
2010-06-23 00:00:00,2010-06-23 00:00:00,39.5,2010-06-23 00:00:00,33.75,39.25,3,300,11225,2010-06-23 00:00:00,1
2010-06-24 00:00:00,2010-06-24 00:00:00,39,2010-06-24 00:00:00,35.5,39,7,4300,159300,2010-06-24 00:00:00,1
2010-06-28 00:00:00,2010-06-28 00:00:00,39.5,2010-06-28 00:00:00,36.25,37.75,42,45000,1692975,2010-06-28 00:00:00,1
2010-06-29 00:00:00,2010-06-29 00:00:00,64,2010-06-29 00:00:00,40,60.75,257,292300,16077825,2010-06-29 00:00:00,1
2010-06-30 00:00:00,2010-06-30 00:00:00,78,2010-06-30 00:00:00,65,72.25,240,370100,26375400,2010-06-30 00:00:00,1
2010-07-01 00:00:00,2010-07-01 00:00:00,75,2010-07-01 00:00:00,70,70.25,47,53900,3940050,2010-07-01 00:00:00,1
2010-07-02 00:00:00,2010-07-02 00:00:00,73,2010-07-02 00:00:00,70,71.75,45,56100,3993600,2010-07-02 00:00:00,1
2010-07-05 00:00:00,2010-07-05 00:00:00,85,2010-07-05 00:00:00,73.75,76.75,150,107600,8434275,2010-07-05 00:00:00,1
2010-07-06 00:00:00,2010-07-06 00:00:00,78,2010-07-06 00:00:00,76,76.25,29,29100,2238175,2010-07-06 00:00:00,1
2010-07-07 00:00:00,2010-07-07 00:00:00,75.5,2010-07-07 00:00:00,75,75,13,60100,4507550,2010-07-07 00:00:00,1
2010-07-08 00:00:00,2010-07-08 00:00:00,75.25,2010-07-08 00:00:00,75,75.25,17,10100,757700,2010-07-08 00:00:00,1
2010-07-09 00:00:00,2010-07-09 00:00:00,76,2010-07-09 00:00:00,70,74.75,36,90200,6385275,2010-07-09 00:00:00,1
2010-07-12 00:00:00,2010-07-12 00:00:00,77.75,2010-07-12 00:00:00,75,77.25,17,5800,442125,2010-07-12 00:00:00,1
2010-07-13 00:00:00,2010-07-13 00:00:00,82,2010-07-13 00:00:00,78.75,80,51,36500,2905625,2010-07-13 00:00:00,1
2010-07-14 00:00:00,2010-07-14 00:00:00,82.75,2010-07-14 00:00:00,80,80,36,62900,5142700,2010-07-14 00:00:00,1
2010-07-15 00:00:00,2010-07-15 00:00:00,82,2010-07-15 00:00:00,79,80.75,21,34700,2780200,2010-07-15 00:00:00,1
2010-07-16 00:00:00,2010-07-16 00:00:00,82,2010-07-16 00:00:00,78.5,78.75,14,6800,547700,2010-07-16 00:00:00,1
2010-07-19 00:00:00,2010-07-19 00:00:00,80.5,2010-07-19 00:00:00,75,75.75,8,5400,405600,2010-07-19 00:00:00,1
2010-07-20 00:00:00,2010-07-20 00:00:00,75,2010-07-20 00:00:00,74.75,74.75,2,3100,231850,2010-07-20 00:00:00,1
2010-07-22 00:00:00,2010-07-22 00:00:00,82,2010-07-22 00:00:00,73.25,78.75,27,27100,2131600,2010-07-22 00:00:00,1
2010-07-23 00:00:00,2010-07-23 00:00:00,80,2010-07-23 00:00:00,79,80,11,30000,2397075,2010-07-23 00:00:00,1
2010-07-26 00:00:00,2010-07-26 00:00:00,78.75,2010-07-26 00:00:00,78.75,78.75,1,1000,78750,2010-07-26 00:00:00,1
2010-07-27 00:00:00,2010-07-27 00:00:00,72.5,2010-07-27 00:00:00,70.25,72.25,7,3200,227475,2010-07-27 00:00:00,1
2010-07-28 00:00:00,2010-07-28 00:00:00,79,2010-07-28 00:00:00,73,78,2,600,46800,2010-07-28 00:00:00,1
2010-07-29 00:00:00,2010-07-29 00:00:00,79,2010-07-29 00:00:00,76.75,78.5,8,10600,832175,2010-07-29 00:00:00,1
2010-07-30 00:00:00,2010-07-30 00:00:00,77.25,2010-07-30 00:00:00,77.25,77.25,1,500,38625,2010-07-30 00:00:00,1
2010-08-02 00:00:00,2010-08-02 00:00:00,77.9,2010-08-02 00:00:00,76,77.8,4,5900,458850,2010-08-02 00:00:00,1
2010-08-03 00:00:00,2010-08-03 00:00:00,77.6,2010-08-03 00:00:00,77.6,77.6,1,500,38800,2010-08-03 00:00:00,1
2010-08-04 00:00:00,2010-08-04 00:00:00,77,2010-08-04 00:00:00,77,77,2,2400,184800,2010-08-04 00:00:00,1
2010-08-10 00:00:00,2010-08-10 00:00:00,76.5,2010-08-10 00:00:00,76.5,76.5,1,5800,443700,2010-08-10 00:00:00,1
2010-08-18 00:00:00,2010-08-18 00:00:00,71,2010-08-18 00:00:00,70,70.7,12,10900,768960,2010-08-18 00:00:00,1
2010-08-19 00:00:00,2010-08-19 00:00:00,70,2010-08-19 00:00:00,70,70,1,1000,70000,2010-08-19 00:00:00,1
2010-08-20 00:00:00,2010-08-20 00:00:00,70,2010-08-20 00:00:00,70,70,1,100,7000,2010-08-20 00:00:00,1
2010-08-25 00:00:00,2010-08-25 00:00:00,69,2010-08-25 00:00:00,69,69,2,600,41400,2010-08-25 00:00:00,1
2010-08-26 00:00:00,2010-08-26 00:00:00,75,2010-08-26 00:00:00,71,71.3,3,1600,114000,2010-08-26 00:00:00,1
2010-09-01 00:00:00,2010-09-01 00:00:00,70,2010-09-01 00:00:00,70,70,1,1000,70000,2010-09-01 00:00:00,1
2010-09-02 00:00:00,2010-09-02 00:00:00,75,2010-09-02 00:00:00,75,75,1,100,7500,2010-09-02 00:00:00,1
2010-09-03 00:00:00,2010-09-03 00:00:00,74,2010-09-03 00:00:00,70,70.5,4,3400,239960,2010-09-03 00:00:00,1
2010-09-06 00:00:00,2010-09-06 00:00:00,67,2010-09-06 00:00:00,67,67,2,300,20100,2010-09-06 00:00:00,1
2010-09-07 00:00:00,2010-09-07 00:00:00,70,2010-09-07 00:00:00,70,70,1,500,35000,2010-09-07 00:00:00,1
2010-09-08 00:00:00,2010-09-08 00:00:00,70,2010-09-08 00:00:00,70,70,1,100,7000,2010-09-08 00:00:00,1
2010-09-09 00:00:00,2010-09-09 00:00:00,66,2010-09-09 00:00:00,66,66,3,2100,138600,2010-09-09 00:00:00,1
2010-09-13 00:00:00,2010-09-13 00:00:00,69,2010-09-13 00:00:00,66,66,2,300,20100,2010-09-13 00:00:00,1
2010-09-14 00:00:00,2010-09-14 00:00:00,68,2010-09-14 00:00:00,68,68,1,100,6800,2010-09-14 00:00:00,1
2010-09-15 00:00:00,2010-09-15 00:00:00,64.1,2010-09-15 00:00:00,64,64.1,5,2500,160110,2010-09-15 00:00:00,1
2010-09-16 00:00:00,2010-09-16 00:00:00,64,2010-09-16 00:00:00,64,64,2,300,19200,2010-09-16 00:00:00,1
2010-09-17 00:00:00,2010-09-17 00:00:00,67.4,2010-09-17 00:00:00,64,67.1,3,1100,73800,2010-09-17 00:00:00,1
2010-09-20 00:00:00,2010-09-20 00:00:00,71.5,2010-09-20 00:00:00,70,70,9,6100,428500,2010-09-20 00:00:00,1
2010-09-21 00:00:00,2010-09-21 00:00:00,70,2010-09-21 00:00:00,70,70,2,1100,77000,2010-09-21 00:00:00,1
2010-09-24 00:00:00,2010-09-24 00:00:00,52.1,2010-09-24 00:00:00,52.1,52.1,1,200,10420,2010-09-24 00:00:00,1
2010-09-27 00:00:00,2010-09-27 00:00:00,57.2,2010-09-27 00:00:00,57.2,57.2,1,200,11440,2010-09-27 00:00:00,1
2010-09-28 00:00:00,2010-09-28 00:00:00,71.8,2010-09-28 00:00:00,59.1,70.7,32,20300,1412100,2010-09-28 00:00:00,1
2010-09-29 00:00:00,2010-09-29 00:00:00,72,2010-09-29 00:00:00,67,67,8,5300,365590,2010-09-29 00:00:00,1
2010-09-30 00:00:00,2010-09-30 00:00:00,66,2010-09-30 00:00:00,65,65.5,2,4000,262000,2010-09-30 00:00:00,1
2010-10-01 00:00:00,2010-10-01 00:00:00,63.3,2010-10-01 00:00:00,63.3,63.3,2,200,12660,2010-10-01 00:00:00,1
2010-10-05 00:00:00,2010-10-05 00:00:00,75,2010-10-05 00:00:00,65,69.9,35,18000,1270500,2010-10-05 00:00:00,1
2010-10-06 00:00:00,2010-10-06 00:00:00,65.1,2010-10-06 00:00:00,65,65,8,5300,344570,2010-10-06 00:00:00,1
2010-10-07 00:00:00,2010-10-07 00:00:00,65.1,2010-10-07 00:00:00,65,65,5,900,58530,2010-10-07 00:00:00,1
2010-10-08 00:00:00,2010-10-08 00:00:00,65,2010-10-08 00:00:00,55.1,61.7,4,600,37020,2010-10-08 00:00:00,1
2010-10-11 00:00:00,2010-10-11 00:00:00,65.1,2010-10-11 00:00:00,65.1,65.1,2,200,13020,2010-10-11 00:00:00,1
2010-10-12 00:00:00,2010-10-12 00:00:00,65.1,2010-10-12 00:00:00,65.1,65.1,2,400,26040,2010-10-12 00:00:00,1
2010-10-13 00:00:00,2010-10-13 00:00:00,63,2010-10-13 00:00:00,58.4,60.5,4,800,47980,2010-10-13 00:00:00,1
2010-10-18 00:00:00,2010-10-18 00:00:00,40,2010-10-18 00:00:00,40,40,1,100,4000,2010-10-18 00:00:00,1
2010-10-19 00:00:00,2010-10-19 00:00:00,51.6,2010-10-19 00:00:00,51.1,51.5,8,2300,117950,2010-10-19 00:00:00,1
2010-10-20 00:00:00,2010-10-20 00:00:00,55,2010-10-20 00:00:00,55,55,2,700,38500,2010-10-20 00:00:00,1
2010-10-21 00:00:00,2010-10-21 00:00:00,57.5,2010-10-21 00:00:00,55,55.3,7,5200,289500,2010-10-21 00:00:00,1
2010-10-25 00:00:00,2010-10-25 00:00:00,55,2010-10-25 00:00:00,55,55,2,200,11000,2010-10-25 00:00:00,1
2010-10-26 00:00:00,2010-10-26 00:00:00,52,2010-10-26 00:00:00,52,52,1,100,5200,2010-10-26 00:00:00,1
2010-10-27 00:00:00,2010-10-27 00:00:00,51,2010-10-27 00:00:00,51,51,3,1100,56100,2010-10-27 00:00:00,1
2010-10-29 00:00:00,2010-10-29 00:00:00,60,2010-10-29 00:00:00,43,59.7,20,6400,369000,2010-10-29 00:00:00,1
2010-11-01 00:00:00,2010-11-01 00:00:00,59.5,2010-11-01 00:00:00,57,57,3,1300,76350,2010-11-01 00:00:00,1
2010-11-02 00:00:00,2010-11-02 00:00:00,56.8,2010-11-02 00:00:00,56.8,56.8,1,500,28400,2010-11-02 00:00:00,1
2010-11-03 00:00:00,2010-11-03 00:00:00,52.4,2010-11-03 00:00:00,52.2,52.4,2,500,26120,2010-11-03 00:00:00,1
2010-11-04 00:00:00,2010-11-04 00:00:00,62.5,2010-11-04 00:00:00,55.4,55.4,13,6700,398650,2010-11-04 00:00:00,1
2010-11-08 00:00:00,2010-11-08 00:00:00,55.5,2010-11-08 00:00:00,52.1,52.1,3,1200,63200,2010-11-08 00:00:00,1
2010-11-10 00:00:00,2010-11-10 00:00:00,52,2010-11-10 00:00:00,51.3,51.3,2,2200,114260,2010-11-10 00:00:00,1
2010-11-11 00:00:00,2010-11-11 00:00:00,55,2010-11-11 00:00:00,48,53.4,6,2500,133500,2010-11-11 00:00:00,1
2010-11-12 00:00:00,2010-11-12 00:00:00,53.4,2010-11-12 00:00:00,49,52.2,40,39300,1977410,2010-11-12 00:00:00,1
2010-11-15 00:00:00,2010-11-15 00:00:00,52,2010-11-15 00:00:00,50.1,51.8,3,2600,134630,2010-11-15 00:00:00,1
2010-11-16 00:00:00,2010-11-16 00:00:00,53.5,2010-11-16 00:00:00,53.5,53.5,6,2000,107000,2010-11-16 00:00:00,1
2010-11-18 00:00:00,2010-11-18 00:00:00,55,2010-11-18 00:00:00,54.5,54.9,13,24700,1356790,2010-11-18 00:00:00,1
2010-11-22 00:00:00,2010-11-22 00:00:00,55,2010-11-22 00:00:00,50,50.2,10,29600,1481300,2010-11-22 00:00:00,1
2010-11-29 00:00:00,2010-11-29 00:00:00,42,2010-11-29 00:00:00,42,42,1,3600,151200,2010-11-29 00:00:00,1
2010-11-30 00:00:00,2010-11-30 00:00:00,53,2010-11-30 00:00:00,49.5,51.7,20,18000,910030,2010-11-30 00:00:00,1
2010-12-01 00:00:00,2010-12-01 00:00:00,53,2010-12-01 00:00:00,53,53,2,2100,111300,2010-12-01 00:00:00,1
2010-12-02 00:00:00,2010-12-02 00:00:00,52,2010-12-02 00:00:00,50,51,2,2000,102000,2010-12-02 00:00:00,1
2010-12-03 00:00:00,2010-12-03 00:00:00,52.5,2010-12-03 00:00:00,52.3,52.4,3,2500,131030,2010-12-03 00:00:00,1
2010-12-15 00:00:00,2010-12-15 00:00:00,51.5,2010-12-15 00:00:00,51,51,3,1300,66350,2010-12-15 00:00:00,1
2010-12-16 00:00:00,2010-12-16 00:00:00,49.6,2010-12-16 00:00:00,47.1,47.1,4,73300,3452930,2010-12-16 00:00:00,1
2010-12-17 00:00:00,2010-12-17 00:00:00,50,2010-12-17 00:00:00,50,50,1,400,20000,2010-12-17 00:00:00,1
2010-12-21 00:00:00,2010-12-21 00:00:00,55,2010-12-21 00:00:00,45,51,6,2500,126380,2010-12-21 00:00:00,1
2010-12-22 00:00:00,2010-12-22 00:00:00,63.2,2010-12-22 00:00:00,54,58.8,74,51600,3061850,2010-12-22 00:00:00,1
2010-12-23 00:00:00,2010-12-23 00:00:00,61,2010-12-23 00:00:00,58.5,60,32,33100,1951080,2010-12-23 00:00:00,1
2010-12-24 00:00:00,2010-12-24 00:00:00,59.5,2010-12-24 00:00:00,58,59.3,15,20500,1208380,2010-12-24 00:00:00,1
2010-12-27 00:00:00,2010-12-27 00:00:00,59.5,2010-12-27 00:00:00,55.3,55.3,6,8600,509180,2010-12-27 00:00:00,1
2010-12-28 00:00:00,2010-12-28 00:00:00,57.9,2010-12-28 00:00:00,54.2,57.9,8,9800,543200,2010-12-28 00:00:00,1
2010-12-29 00:00:00,2010-12-29 00:00:00,58,2010-12-29 00:00:00,56.4,57.6,7,1800,103130,2010-12-29 00:00:00,1
2010-12-30 00:00:00,2010-12-30 00:00:00,54.2,2010-12-30 00:00:00,53,53.6,35,27100,1451670,2010-12-30 00:00:00,1
2010-12-31 00:00:00,2010-12-31 00:00:00,56.5,2010-12-31 00:00:00,54,56,21,18500,1024340,2010-12-31 00:00:00,1
Company Id :  ETWO,,Security Type :  N,,Sub Type :  0000,,,,,,
Short Name :  EQUITY TWO PLC,,,,,,,,,,
Day,Date High,High,Date Low,Low,Closing,No. of Trades,No. of Shares,Turnover,Last Traded,Days Traded
2010-01-04 00:00:00,2010-01-04 00:00:00,17.5,2010-01-04 00:00:00,16.75,17.25,54,49100,840200,2010-01-04 00:00:00,1
2010-01-05 00:00:00,2010-01-05 00:00:00,17,2010-01-05 00:00:00,15.75,16,14,25100,404025,2010-01-05 00:00:00,1
2010-01-06 00:00:00,2010-01-06 00:00:00,17,2010-01-06 00:00:00,15.75,16.5,14,7600,123800,2010-01-06 00:00:00,1
2010-01-07 00:00:00,2010-01-07 00:00:00,17.5,2010-01-07 00:00:00,15.75,17.5,32,31300,532975,2010-01-07 00:00:00,1
2010-01-08 00:00:00,2010-01-08 00:00:00,17.25,2010-01-08 00:00:00,15.75,16,8,11500,183125,2010-01-08 00:00:00,1
2010-01-11 00:00:00,2010-01-11 00:00:00,17,2010-01-11 00:00:00,16.5,16.75,12,9600,160125,2010-01-11 00:00:00,1
2010-01-12 00:00:00,2010-01-12 00:00:00,17,2010-01-12 00:00:00,16,17,4,3100,50100,2010-01-12 00:00:00,1
2010-01-13 00:00:00,2010-01-13 00:00:00,17.5,2010-01-13 00:00:00,16,17.25,27,48700,829225,2010-01-13 00:00:00,1
2010-01-15 00:00:00,2010-01-15 00:00:00,17.5,2010-01-15 00:00:00,17.25,17.25,5,2300,39925,2010-01-15 00:00:00,1
2010-01-18 00:00:00,2010-01-18 00:00:00,16,2010-01-18 00:00:00,16,16,1,2300,36800,2010-01-18 00:00:00,1
2010-01-19 00:00:00,2010-01-19 00:00:00,15.75,2010-01-19 00:00:00,15,15.75,6,26900,422250,2010-01-19 00:00:00,1
2010-01-20 00:00:00,2010-01-20 00:00:00,17,2010-01-20 00:00:00,16,16.75,12,17600,286900,2010-01-20 00:00:00,1
2010-01-22 00:00:00,2010-01-22 00:00:00,16.5,2010-01-22 00:00:00,15.75,16.5,3,1200,19650,2010-01-22 00:00:00,1
2010-01-25 00:00:00,2010-01-25 00:00:00,17.5,2010-01-25 00:00:00,15.5,17,11,6900,115150,2010-01-25 00:00:00,1
2010-01-26 00:00:00,2010-01-26 00:00:00,19,2010-01-26 00:00:00,17,17.75,46,120400,2192725,2010-01-26 00:00:00,1
2010-01-28 00:00:00,2010-01-28 00:00:00,19,2010-01-28 00:00:00,17.75,19,47,68700,1271600,2010-01-28 00:00:00,1
2010-02-01 00:00:00,2010-02-01 00:00:00,19.5,2010-02-01 00:00:00,18.75,18.75,4,1500,28475,2010-02-01 00:00:00,1
2010-02-02 00:00:00,2010-02-02 00:00:00,19.25,2010-02-02 00:00:00,17.5,18.25,6,3300,61050,2010-02-02 00:00:00,1
2010-02-03 00:00:00,2010-02-03 00:00:00,19,2010-02-03 00:00:00,19,19,1,2000,38000,2010-02-03 00:00:00,1
2010-02-05 00:00:00,2010-02-05 00:00:00,18.75,2010-02-05 00:00:00,18,18,12,7800,144500,2010-02-05 00:00:00,1
2010-02-08 00:00:00,2010-02-08 00:00:00,18.75,2010-02-08 00:00:00,18.75,18.75,1,500,9375,2010-02-08 00:00:00,1
2010-02-09 00:00:00,2010-02-09 00:00:00,18.5,2010-02-09 00:00:00,16.75,17.25,14,14500,252225,2010-02-09 00:00:00,1
2010-02-10 00:00:00,2010-02-10 00:00:00,18.5,2010-02-10 00:00:00,17.25,17.75,13,7000,123825,2010-02-10 00:00:00,1
2010-02-11 00:00:00,2010-02-11 00:00:00,17.5,2010-02-11 00:00:00,17.5,17.5,1,100,1750,2010-02-11 00:00:00,1
2010-02-12 00:00:00,2010-02-12 00:00:00,17.75,2010-02-12 00:00:00,16.5,17.75,5,2600,45500,2010-02-12 00:00:00,1
2010-02-15 00:00:00,2010-02-15 00:00:00,17.5,2010-02-15 00:00:00,16.5,17.5,2,500,8350,2010-02-15 00:00:00,1
2010-02-16 00:00:00,2010-02-16 00:00:00,17.25,2010-02-16 00:00:00,17.25,17.25,1,300,5175,2010-02-16 00:00:00,1
2010-02-17 00:00:00,2010-02-17 00:00:00,16.5,2010-02-17 00:00:00,16,16.25,3,1000,16225,2010-02-17 00:00:00,1
2010-02-19 00:00:00,2010-02-19 00:00:00,16.25,2010-02-19 00:00:00,16,16.25,4,1200,19450,2010-02-19 00:00:00,1
2010-02-22 00:00:00,2010-02-22 00:00:00,17.25,2010-02-22 00:00:00,16,17.25,4,2400,39900,2010-02-22 00:00:00,1
2010-02-23 00:00:00,2010-02-23 00:00:00,17,2010-02-23 00:00:00,16,16.25,6,4400,71000,2010-02-23 00:00:00,1
2010-02-24 00:00:00,2010-02-24 00:00:00,17.5,2010-02-24 00:00:00,16.75,17,4,2100,35775,2010-02-24 00:00:00,1
2010-02-25 00:00:00,2010-02-25 00:00:00,17,2010-02-25 00:00:00,16.25,16.25,3,9900,161250,2010-02-25 00:00:00,1
2010-02-26 00:00:00,2010-02-26 00:00:00,17.5,2010-02-26 00:00:00,16.25,17.25,5,700,11875,2010-02-26 00:00:00,1
2010-03-01 00:00:00,2010-03-01 00:00:00,18,2010-03-01 00:00:00,17.5,18,16,18300,321675,2010-03-01 00:00:00,1
2010-03-02 00:00:00,2010-03-02 00:00:00,17.5,2010-03-02 00:00:00,17.5,17.5,4,2500,43750,2010-03-02 00:00:00,1
2010-03-04 00:00:00,2010-03-04 00:00:00,17,2010-03-04 00:00:00,17,17,1,300,5100,2010-03-04 00:00:00,1
2010-03-05 00:00:00,2010-03-05 00:00:00,16.75,2010-03-05 00:00:00,16.5,16.5,5,5900,97600,2010-03-05 00:00:00,1
2010-03-12 00:00:00,2010-03-12 00:00:00,17.5,2010-03-12 00:00:00,16.75,17.25,10,20200,346875,2010-03-12 00:00:00,1
2010-03-15 00:00:00,2010-03-15 00:00:00,16.5,2010-03-15 00:00:00,16.5,16.5,4,2500,41250,2010-03-15 00:00:00,1
2010-03-16 00:00:00,2010-03-16 00:00:00,17.25,2010-03-16 00:00:00,16.5,17.25,4,700,11925,2010-03-16 00:00:00,1
2010-03-19 00:00:00,2010-03-19 00:00:00,17.5,2010-03-19 00:00:00,16.5,17,6,1900,32400,2010-03-19 00:00:00,1
2010-03-22 00:00:00,2010-03-22 00:00:00,17.5,2010-03-22 00:00:00,17.5,17.5,2,1000,17500,2010-03-22 00:00:00,1
2010-03-25 00:00:00,2010-03-25 00:00:00,16.5,2010-03-25 00:00:00,16.25,16.5,3,1200,19675,2010-03-25 00:00:00,1
2010-03-26 00:00:00,2010-03-26 00:00:00,17,2010-03-26 00:00:00,16.5,16.5,4,5300,87550,2010-03-26 00:00:00,1
2010-03-31 00:00:00,2010-03-31 00:00:00,17,2010-03-31 00:00:00,16.25,16.5,11,15400,254875,2010-03-31 00:00:00,1
2010-04-05 00:00:00,2010-04-05 00:00:00,17.25,2010-04-05 00:00:00,17.25,17.25,1,2000,34500,2010-04-05 00:00:00,1
2010-04-06 00:00:00,2010-04-06 00:00:00,18.5,2010-04-06 00:00:00,16.25,18,14,13700,243975,2010-04-06 00:00:00,1
2010-04-07 00:00:00,2010-04-07 00:00:00,18.5,2010-04-07 00:00:00,18,18.5,3,4000,72375,2010-04-07 00:00:00,1
2010-04-08 00:00:00,2010-04-08 00:00:00,18,2010-04-08 00:00:00,17,17.75,5,1500,26750,2010-04-08 00:00:00,1
2010-04-16 00:00:00,2010-04-16 00:00:00,18.5,2010-04-16 00:00:00,17,18,5,2300,41200,2010-04-16 00:00:00,1
2010-04-19 00:00:00,2010-04-19 00:00:00,20.75,2010-04-19 00:00:00,18.5,20,93,100700,1988075,2010-04-19 00:00:00,1
2010-04-20 00:00:00,2010-04-20 00:00:00,22,2010-04-20 00:00:00,18.5,20,19,8600,174250,2010-04-20 00:00:00,1
2010-04-21 00:00:00,2010-04-21 00:00:00,21.5,2010-04-21 00:00:00,20,20.25,13,10300,209500,2010-04-21 00:00:00,1
2010-04-22 00:00:00,2010-04-22 00:00:00,21,2010-04-22 00:00:00,18.5,20.5,11,17400,348050,2010-04-22 00:00:00,1
2010-04-23 00:00:00,2010-04-23 00:00:00,20,2010-04-23 00:00:00,18.5,19.75,2,600,11850,2010-04-23 00:00:00,1
2010-04-26 00:00:00,2010-04-26 00:00:00,20.5,2010-04-26 00:00:00,19,20,6,4800,95600,2010-04-26 00:00:00,1
2010-04-27 00:00:00,2010-04-27 00:00:00,24,2010-04-27 00:00:00,18.5,23.5,271,458600,10212000,2010-04-27 00:00:00,1
2010-04-29 00:00:00,2010-04-29 00:00:00,25,2010-04-29 00:00:00,22.25,22.5,46,49900,1183375,2010-04-29 00:00:00,1
2010-04-30 00:00:00,2010-04-30 00:00:00,24,2010-04-30 00:00:00,22.5,22.5,10,29900,714100,2010-04-30 00:00:00,1
2010-05-03 00:00:00,2010-05-03 00:00:00,24.5,2010-05-03 00:00:00,22.75,23.5,4,1700,39700,2010-05-03 00:00:00,1
2010-05-04 00:00:00,2010-05-04 00:00:00,23,2010-05-04 00:00:00,22,23,8,5900,132750,2010-05-04 00:00:00,1
2010-05-05 00:00:00,2010-05-05 00:00:00,22,2010-05-05 00:00:00,20.75,21.25,22,22900,489700,2010-05-05 00:00:00,1
2010-05-06 00:00:00,2010-05-06 00:00:00,22.5,2010-05-06 00:00:00,21,21,18,42300,918350,2010-05-06 00:00:00,1
2010-05-07 00:00:00,2010-05-07 00:00:00,22.5,2010-05-07 00:00:00,21,22,5,2100,45700,2010-05-07 00:00:00,1
2010-05-10 00:00:00,2010-05-10 00:00:00,22.5,2010-05-10 00:00:00,20.5,20.75,40,140500,2928475,2010-05-10 00:00:00,1
2010-05-11 00:00:00,2010-05-11 00:00:00,21,2010-05-11 00:00:00,20.5,20.5,16,23200,475950,2010-05-11 00:00:00,1
2010-05-12 00:00:00,2010-05-12 00:00:00,20.5,2010-05-12 00:00:00,20.5,20.5,6,1600,32800,2010-05-12 00:00:00,1
2010-05-13 00:00:00,2010-05-13 00:00:00,21,2010-05-13 00:00:00,20.25,20.25,6,9800,202200,2010-05-13 00:00:00,1
2010-05-14 00:00:00,2010-05-14 00:00:00,20.5,2010-05-14 00:00:00,20.25,20.5,5,4500,92225,2010-05-14 00:00:00,1
2010-05-19 00:00:00,2010-05-19 00:00:00,20.25,2010-05-19 00:00:00,20.25,20.25,4,3800,76950,2010-05-19 00:00:00,1
2010-05-20 00:00:00,2010-05-20 00:00:00,21.75,2010-05-20 00:00:00,20.5,21,12,16600,350150,2010-05-20 00:00:00,1
2010-05-21 00:00:00,2010-05-21 00:00:00,20.75,2010-05-21 00:00:00,20.5,20.75,3,2000,41250,2010-05-21 00:00:00,1
2010-05-25 00:00:00,2010-05-25 00:00:00,20,2010-05-25 00:00:00,20,20,2,2200,44000,2010-05-25 00:00:00,1
2010-06-03 00:00:00,2010-06-03 00:00:00,20,2010-06-03 00:00:00,18.5,20,2,500,9550,2010-06-03 00:00:00,1
2010-06-04 00:00:00,2010-06-04 00:00:00,21.75,2010-06-04 00:00:00,20,20.75,7,8600,178650,2010-06-04 00:00:00,1
2010-06-07 00:00:00,2010-06-07 00:00:00,21.75,2010-06-07 00:00:00,21.75,21.75,1,200,4350,2010-06-07 00:00:00,1
2010-06-11 00:00:00,2010-06-11 00:00:00,21.5,2010-06-11 00:00:00,19.25,20.25,21,19800,392525,2010-06-11 00:00:00,1
2010-06-14 00:00:00,2010-06-14 00:00:00,21.75,2010-06-14 00:00:00,19.75,20,10,17800,361525,2010-06-14 00:00:00,1
2010-06-15 00:00:00,2010-06-15 00:00:00,22.25,2010-06-15 00:00:00,20.5,21.75,44,129800,2799500,2010-06-15 00:00:00,1
2010-06-16 00:00:00,2010-06-16 00:00:00,23.5,2010-06-16 00:00:00,22.25,23,188,251100,5784700,2010-06-16 00:00:00,1
2010-06-17 00:00:00,2010-06-17 00:00:00,24,2010-06-17 00:00:00,23,23.75,44,30300,710625,2010-06-17 00:00:00,1
2010-06-21 00:00:00,2010-06-21 00:00:00,26.25,2010-06-21 00:00:00,24,24.75,203,397100,10136950,2010-06-21 00:00:00,1
2010-06-22 00:00:00,2010-06-22 00:00:00,24.75,2010-06-22 00:00:00,23.75,24,15,19100,459800,2010-06-22 00:00:00,1
2010-06-23 00:00:00,2010-06-23 00:00:00,25.25,2010-06-23 00:00:00,23.25,23.25,22,39000,951875,2010-06-23 00:00:00,1
2010-06-24 00:00:00,2010-06-24 00:00:00,24.25,2010-06-24 00:00:00,22.5,22.5,6,7800,179875,2010-06-24 00:00:00,1
2010-06-28 00:00:00,2010-06-28 00:00:00,25,2010-06-28 00:00:00,22,22.5,8,7300,164850,2010-06-28 00:00:00,1
2010-06-29 00:00:00,2010-06-29 00:00:00,28.5,2010-06-29 00:00:00,23,27.75,452,851800,23078325,2010-06-29 00:00:00,1
2010-06-30 00:00:00,2010-06-30 00:00:00,34.5,2010-06-30 00:00:00,28,31.25,929,1695400,55218425,2010-06-30 00:00:00,1
2010-07-01 00:00:00,2010-07-01 00:00:00,32.75,2010-07-01 00:00:00,27.5,28.5,82,91100,2783925,2010-07-01 00:00:00,1
2010-07-02 00:00:00,2010-07-02 00:00:00,29.5,2010-07-02 00:00:00,26.25,28.5,91,106500,3005550,2010-07-02 00:00:00,1
2010-07-05 00:00:00,2010-07-05 00:00:00,33.25,2010-07-05 00:00:00,29,29.75,200,317700,9978550,2010-07-05 00:00:00,1
2010-07-06 00:00:00,2010-07-06 00:00:00,30.75,2010-07-06 00:00:00,28.5,29,44,71900,2127325,2010-07-06 00:00:00,1
2010-07-07 00:00:00,2010-07-07 00:00:00,29,2010-07-07 00:00:00,26.75,27,36,44100,1211375,2010-07-07 00:00:00,1
2010-07-08 00:00:00,2010-07-08 00:00:00,29.75,2010-07-08 00:00:00,27.5,28,69,73100,2058650,2010-07-08 00:00:00,1
2010-07-09 00:00:00,2010-07-09 00:00:00,28,2010-07-09 00:00:00,27.25,27.5,15,6600,181775,2010-07-09 00:00:00,1
2010-07-12 00:00:00,2010-07-12 00:00:00,29,2010-07-12 00:00:00,27,28,18,17700,503600,2010-07-12 00:00:00,1
2010-07-13 00:00:00,2010-07-13 00:00:00,29.5,2010-07-13 00:00:00,27,28.5,55,71700,2045250,2010-07-13 00:00:00,1
2010-07-14 00:00:00,2010-07-14 00:00:00,30,2010-07-14 00:00:00,28.75,28.75,59,92700,2724275,2010-07-14 00:00:00,1
2010-07-15 00:00:00,2010-07-15 00:00:00,29,2010-07-15 00:00:00,27.5,28.75,13,13800,396325,2010-07-15 00:00:00,1
2010-07-16 00:00:00,2010-07-16 00:00:00,29.75,2010-07-16 00:00:00,27.25,27.5,33,37000,1019925,2010-07-16 00:00:00,1
2010-07-19 00:00:00,2010-07-19 00:00:00,27.75,2010-07-19 00:00:00,26.75,27.25,39,59400,1618750,2010-07-19 00:00:00,1
2010-07-20 00:00:00,2010-07-20 00:00:00,29,2010-07-20 00:00:00,26.5,28.75,29,78300,2235750,2010-07-20 00:00:00,1
2010-07-21 00:00:00,2010-07-21 00:00:00,28.25,2010-07-21 00:00:00,27.5,28,14,18500,521000,2010-07-21 00:00:00,1
2010-07-22 00:00:00,2010-07-22 00:00:00,28.75,2010-07-22 00:00:00,27.5,28.5,41,42500,1200900,2010-07-22 00:00:00,1
2010-07-23 00:00:00,2010-07-23 00:00:00,29,2010-07-23 00:00:00,28,28,63,36500,1039500,2010-07-23 00:00:00,1
2010-07-26 00:00:00,2010-07-26 00:00:00,28,2010-07-26 00:00:00,27.75,27.75,7,5700,158350,2010-07-26 00:00:00,1
2010-07-27 00:00:00,2010-07-27 00:00:00,29,2010-07-27 00:00:00,28,28.25,26,41000,1164775,2010-07-27 00:00:00,1
2010-07-28 00:00:00,2010-07-28 00:00:00,28,2010-07-28 00:00:00,27.25,27.75,21,10900,300975,2010-07-28 00:00:00,1
2010-07-29 00:00:00,2010-07-29 00:00:00,28.5,2010-07-29 00:00:00,27,27,24,29700,808725,2010-07-29 00:00:00,1
2010-07-30 00:00:00,2010-07-30 00:00:00,28.5,2010-07-30 00:00:00,26.5,28,40,25700,711900,2010-07-30 00:00:00,1
2010-08-02 00:00:00,2010-08-02 00:00:00,28.5,2010-08-02 00:00:00,26.7,26.9,21,22300,616550,2010-08-02 00:00:00,1
2010-08-03 00:00:00,2010-08-03 00:00:00,27,2010-08-03 00:00:00,26.6,27,7,1400,37710,2010-08-03 00:00:00,1
2010-08-04 00:00:00,2010-08-04 00:00:00,27.8,2010-08-04 00:00:00,26.5,26.6,22,17400,468480,2010-08-04 00:00:00,1
2010-08-05 00:00:00,2010-08-05 00:00:00,28.4,2010-08-05 00:00:00,25,25.8,19,19500,494430,2010-08-05 00:00:00,1
2010-08-06 00:00:00,2010-08-06 00:00:00,25.1,2010-08-06 00:00:00,25,25,12,11700,292520,2010-08-06 00:00:00,1
2010-08-09 00:00:00,2010-08-09 00:00:00,25,2010-08-09 00:00:00,23,23.9,15,4400,101870,2010-08-09 00:00:00,1
2010-08-10 00:00:00,2010-08-10 00:00:00,26.2,2010-08-10 00:00:00,22,25,14,11400,284410,2010-08-10 00:00:00,1
2010-08-11 00:00:00,2010-08-11 00:00:00,24.3,2010-08-11 00:00:00,24,24.1,13,34000,817840,2010-08-11 00:00:00,1
2010-08-12 00:00:00,2010-08-12 00:00:00,24.9,2010-08-12 00:00:00,24,24.5,21,35900,864460,2010-08-12 00:00:00,1
2010-08-13 00:00:00,2010-08-13 00:00:00,26.7,2010-08-13 00:00:00,25,25,7,2600,67820,2010-08-13 00:00:00,1
2010-08-16 00:00:00,2010-08-16 00:00:00,25,2010-08-16 00:00:00,24.5,24.5,5,3400,84560,2010-08-16 00:00:00,1
2010-08-17 00:00:00,2010-08-17 00:00:00,25.2,2010-08-17 00:00:00,24,25.2,8,2000,49890,2010-08-17 00:00:00,1
2010-08-18 00:00:00,2010-08-18 00:00:00,25,2010-08-18 00:00:00,24.5,24.9,5,2600,64750,2010-08-18 00:00:00,1
2010-08-19 00:00:00,2010-08-19 00:00:00,26.5,2010-08-19 00:00:00,24.9,25.8,36,22300,579230,2010-08-19 00:00:00,1
2010-08-20 00:00:00,2010-08-20 00:00:00,26,2010-08-20 00:00:00,25.4,26,9,7600,196940,2010-08-20 00:00:00,1
2010-08-23 00:00:00,2010-08-23 00:00:00,27,2010-08-23 00:00:00,24,26.9,11,8800,233030,2010-08-23 00:00:00,1
2010-08-25 00:00:00,2010-08-25 00:00:00,26.8,2010-08-25 00:00:00,25.3,25.5,21,13000,339380,2010-08-25 00:00:00,1
2010-08-26 00:00:00,2010-08-26 00:00:00,26,2010-08-26 00:00:00,23.1,26,7,4500,111020,2010-08-26 00:00:00,1
2010-08-27 00:00:00,2010-08-27 00:00:00,25.5,2010-08-27 00:00:00,24.5,25.3,13,5400,133760,2010-08-27 00:00:00,1
2010-08-30 00:00:00,2010-08-30 00:00:00,25,2010-08-30 00:00:00,25,25,6,1200,30000,2010-08-30 00:00:00,1
2010-08-31 00:00:00,2010-08-31 00:00:00,25.1,2010-08-31 00:00:00,24.1,24.5,11,12500,302990,2010-08-31 00:00:00,1
2010-09-01 00:00:00,2010-09-01 00:00:00,26,2010-09-01 00:00:00,24.3,25.6,64,72500,1840320,2010-09-01 00:00:00,1
2010-09-02 00:00:00,2010-09-02 00:00:00,27.5,2010-09-02 00:00:00,25.5,26.7,51,62300,1654240,2010-09-02 00:00:00,1
2010-09-03 00:00:00,2010-09-03 00:00:00,28.2,2010-09-03 00:00:00,27,28,30,40000,1097120,2010-09-03 00:00:00,1
2010-09-06 00:00:00,2010-09-06 00:00:00,28.3,2010-09-06 00:00:00,27,27.4,11,6500,181180,2010-09-06 00:00:00,1
2010-09-07 00:00:00,2010-09-07 00:00:00,27.5,2010-09-07 00:00:00,26,26.2,14,6400,167150,2010-09-07 00:00:00,1
2010-09-08 00:00:00,2010-09-08 00:00:00,27.7,2010-09-08 00:00:00,27,27.5,17,8000,219280,2010-09-08 00:00:00,1
2010-09-09 00:00:00,2010-09-09 00:00:00,27,2010-09-09 00:00:00,26,26.1,15,13100,342560,2010-09-09 00:00:00,1
2010-09-13 00:00:00,2010-09-13 00:00:00,27.7,2010-09-13 00:00:00,26.5,26.6,10,6800,181350,2010-09-13 00:00:00,1
2010-09-14 00:00:00,2010-09-14 00:00:00,27.5,2010-09-14 00:00:00,26,27.2,9,5800,153590,2010-09-14 00:00:00,1
2010-09-15 00:00:00,2010-09-15 00:00:00,27.2,2010-09-15 00:00:00,24.6,25.3,7,7400,187220,2010-09-15 00:00:00,1
2010-09-16 00:00:00,2010-09-16 00:00:00,27.2,2010-09-16 00:00:00,26.5,26.8,30,24300,654680,2010-09-16 00:00:00,1
2010-09-17 00:00:00,2010-09-17 00:00:00,28.5,2010-09-17 00:00:00,27,27.6,59,74700,2069670,2010-09-17 00:00:00,1
2010-09-20 00:00:00,2010-09-20 00:00:00,29.5,2010-09-20 00:00:00,27.6,28.7,78,112500,3233620,2010-09-20 00:00:00,1
2010-09-21 00:00:00,2010-09-21 00:00:00,29.5,2010-09-21 00:00:00,25.5,28.9,21,23200,664470,2010-09-21 00:00:00,1
2010-09-23 00:00:00,2010-09-23 00:00:00,27.9,2010-09-23 00:00:00,26.5,26.6,9,16100,429550,2010-09-23 00:00:00,1
2010-09-24 00:00:00,2010-09-24 00:00:00,27.9,2010-09-24 00:00:00,25.7,26.1,25,23600,617220,2010-09-24 00:00:00,1
2010-09-27 00:00:00,2010-09-27 00:00:00,26,2010-09-27 00:00:00,26,26,1,1000,26000,2010-09-27 00:00:00,1
2010-09-28 00:00:00,2010-09-28 00:00:00,29,2010-09-28 00:00:00,26.1,28.3,85,129200,3640610,2010-09-28 00:00:00,1
2010-09-29 00:00:00,2010-09-29 00:00:00,29.9,2010-09-29 00:00:00,28,28,24,19500,567330,2010-09-29 00:00:00,1
2010-09-30 00:00:00,2010-09-30 00:00:00,28,2010-09-30 00:00:00,27.5,27.5,6,2600,71750,2010-09-30 00:00:00,1
2010-10-01 00:00:00,2010-10-01 00:00:00,27.7,2010-10-01 00:00:00,27,27.2,17,7600,207880,2010-10-01 00:00:00,1
2010-10-04 00:00:00,2010-10-04 00:00:00,27.2,2010-10-04 00:00:00,26.1,27,11,7400,197240,2010-10-04 00:00:00,1
2010-10-05 00:00:00,2010-10-05 00:00:00,28,2010-10-05 00:00:00,25.6,26.5,57,74500,1987210,2010-10-05 00:00:00,1
2010-10-06 00:00:00,2010-10-06 00:00:00,26,2010-10-06 00:00:00,25.7,25.7,11,11600,298510,2010-10-06 00:00:00,1
2010-10-07 00:00:00,2010-10-07 00:00:00,26,2010-10-07 00:00:00,25,25.1,27,50500,1272490,2010-10-07 00:00:00,1
2010-10-08 00:00:00,2010-10-08 00:00:00,26.7,2010-10-08 00:00:00,24.1,25.9,9,5400,138530,2010-10-08 00:00:00,1
2010-10-11 00:00:00,2010-10-11 00:00:00,27,2010-10-11 00:00:00,26,26,2,600,15700,2010-10-11 00:00:00,1
2010-10-12 00:00:00,2010-10-12 00:00:00,25.5,2010-10-12 00:00:00,23.5,23.7,5,1900,45760,2010-10-12 00:00:00,1
2010-10-13 00:00:00,2010-10-13 00:00:00,26.5,2010-10-13 00:00:00,23,24.3,8,4700,113200,2010-10-13 00:00:00,1
2010-10-14 00:00:00,2010-10-14 00:00:00,26.9,2010-10-14 00:00:00,23.3,25.5,18,16500,428650,2010-10-14 00:00:00,1
2010-10-15 00:00:00,2010-10-15 00:00:00,25,2010-10-15 00:00:00,24,24.9,14,3300,80360,2010-10-15 00:00:00,1
2010-10-18 00:00:00,2010-10-18 00:00:00,24.1,2010-10-18 00:00:00,24.1,24.1,5,500,12050,2010-10-18 00:00:00,1
2010-10-19 00:00:00,2010-10-19 00:00:00,24,2010-10-19 00:00:00,24,24,2,1000,24000,2010-10-19 00:00:00,1
2010-10-21 00:00:00,2010-10-21 00:00:00,26.1,2010-10-21 00:00:00,26.1,26.1,1,1000,26100,2010-10-21 00:00:00,1
2010-10-25 00:00:00,2010-10-25 00:00:00,25,2010-10-25 00:00:00,25,25,2,2000,50000,2010-10-25 00:00:00,1
2010-10-26 00:00:00,2010-10-26 00:00:00,24,2010-10-26 00:00:00,24,24,1,300,7200,2010-10-26 00:00:00,1
2010-10-27 00:00:00,2010-10-27 00:00:00,25,2010-10-27 00:00:00,24,25,7,3600,88900,2010-10-27 00:00:00,1
2010-10-29 00:00:00,2010-10-29 00:00:00,26,2010-10-29 00:00:00,24.1,24.5,11,2600,66510,2010-10-29 00:00:00,1
2010-11-02 00:00:00,2010-11-02 00:00:00,24.6,2010-11-02 00:00:00,24.5,24.5,5,3100,76110,2010-11-02 00:00:00,1
2010-11-03 00:00:00,2010-11-03 00:00:00,24.5,2010-11-03 00:00:00,24.5,24.5,6,1800,44100,2010-11-03 00:00:00,1
2010-11-04 00:00:00,2010-11-04 00:00:00,26.9,2010-11-04 00:00:00,25.1,26.5,20,15300,402830,2010-11-04 00:00:00,1
2010-11-10 00:00:00,2010-11-10 00:00:00,25.9,2010-11-10 00:00:00,24.7,24.7,2,300,7650,2010-11-10 00:00:00,1
2010-11-11 00:00:00,2010-11-11 00:00:00,24.7,2010-11-11 00:00:00,24.6,24.6,2,1000,24630,2010-11-11 00:00:00,1
2010-11-12 00:00:00,2010-11-12 00:00:00,24.6,2010-11-12 00:00:00,24.6,24.6,3,9100,223860,2010-11-12 00:00:00,1
2010-11-15 00:00:00,2010-11-15 00:00:00,24.6,2010-11-15 00:00:00,24.6,24.6,4,2700,66420,2010-11-15 00:00:00,1
2010-11-16 00:00:00,2010-11-16 00:00:00,25,2010-11-16 00:00:00,24.1,24.8,5,2300,56490,2010-11-16 00:00:00,1
2010-11-18 00:00:00,2010-11-18 00:00:00,25.8,2010-11-18 00:00:00,25,25.4,4,3500,89050,2010-11-18 00:00:00,1
2010-11-22 00:00:00,2010-11-22 00:00:00,25,2010-11-22 00:00:00,21.2,25,2,1100,27120,2010-11-22 00:00:00,1
2010-11-23 00:00:00,2010-11-23 00:00:00,24.5,2010-11-23 00:00:00,21.2,24.5,2,600,14370,2010-11-23 00:00:00,1
2010-11-25 00:00:00,2010-11-25 00:00:00,23.3,2010-11-25 00:00:00,23.1,23.2,4,1300,30160,2010-11-25 00:00:00,1
2010-11-29 00:00:00,2010-11-29 00:00:00,22.5,2010-11-29 00:00:00,22.5,22.5,1,1000,22500,2010-11-29 00:00:00,1
2010-11-30 00:00:00,2010-11-30 00:00:00,24.7,2010-11-30 00:00:00,23,24.4,19,11600,277930,2010-11-30 00:00:00,1
2010-12-01 00:00:00,2010-12-01 00:00:00,24.9,2010-12-01 00:00:00,23.5,24.2,11,9400,225460,2010-12-01 00:00:00,1
2010-12-02 00:00:00,2010-12-02 00:00:00,24,2010-12-02 00:00:00,24,24,4,3100,74400,2010-12-02 00:00:00,1
2010-12-03 00:00:00,2010-12-03 00:00:00,23.6,2010-12-03 00:00:00,23.6,23.6,1,1000,23600,2010-12-03 00:00:00,1
2010-12-06 00:00:00,2010-12-06 00:00:00,24,2010-12-06 00:00:00,23.8,24,5,1900,45380,2010-12-06 00:00:00,1
2010-12-07 00:00:00,2010-12-07 00:00:00,24.6,2010-12-07 00:00:00,23.6,24.6,6,2300,54570,2010-12-07 00:00:00,1
2010-12-08 00:00:00,2010-12-08 00:00:00,24.7,2010-12-08 00:00:00,24,24,5,5500,132100,2010-12-08 00:00:00,1
2010-12-09 00:00:00,2010-12-09 00:00:00,25.1,2010-12-09 00:00:00,22,22.4,23,9100,206790,2010-12-09 00:00:00,1
2010-12-10 00:00:00,2010-12-10 00:00:00,24.5,2010-12-10 00:00:00,24,24.3,9,2400,58450,2010-12-10 00:00:00,1
2010-12-14 00:00:00,2010-12-14 00:00:00,24,2010-12-14 00:00:00,24,24,1,4000,96000,2010-12-14 00:00:00,1
2010-12-15 00:00:00,2010-12-15 00:00:00,24,2010-12-15 00:00:00,24,24,1,500,12000,2010-12-15 00:00:00,1
2010-12-22 00:00:00,2010-12-22 00:00:00,26.5,2010-12-22 00:00:00,24.5,24.7,33,15700,403570,2010-12-22 00:00:00,1
2010-12-23 00:00:00,2010-12-23 00:00:00,25,2010-12-23 00:00:00,24.5,25,2,200,4950,2010-12-23 00:00:00,1
2010-12-24 00:00:00,2010-12-24 00:00:00,24.9,2010-12-24 00:00:00,24,24.4,10,3200,78060,2010-12-24 00:00:00,1
2010-12-27 00:00:00,2010-12-27 00:00:00,28.5,2010-12-27 00:00:00,23.5,25,15,6500,162310,2010-12-27 00:00:00,1
2010-12-28 00:00:00,2010-12-28 00:00:00,25,2010-12-28 00:00:00,24,24.6,12,9200,228570,2010-12-28 00:00:00,1
2010-12-29 00:00:00,2010-12-29 00:00:00,26,2010-12-29 00:00:00,25,25,3,1300,33500,2010-12-29 00:00:00,1
2010-12-30 00:00:00,2010-12-30 00:00:00,25.4,2010-12-30 00:00:00,24.1,24.6,17,10000,244920,2010-12-30 00:00:00,1
2010-12-31 00:00:00,2010-12-31 00:00:00,24.5,2010-12-31 00:00:00,24.1,24.3,4,900,21890,2010-12-31 00:00:00,1
Company Id :  GEST,,Security Type :  N,,Sub Type :  0000,,,,,,
Short Name :  GESTETNER,,,,,,,,,,
Day,Date High,High,Date Low,Low,Closing,No. of Trades,No. of Shares,Turnover,Last Traded,Days Traded
2010-01-12 00:00:00,2010-01-12 00:00:00,40,2010-01-12 00:00:00,35,38.5,5,1200,43950,2010-01-12 00:00:00,1
2010-01-13 00:00:00,2010-01-13 00:00:00,40,2010-01-13 00:00:00,40,40,1,200,8000,2010-01-13 00:00:00,1
2010-01-15 00:00:00,2010-01-15 00:00:00,40.25,2010-01-15 00:00:00,40,40,7,2900,116100,2010-01-15 00:00:00,1
2010-01-18 00:00:00,2010-01-18 00:00:00,40,2010-01-18 00:00:00,40,40,2,400,16000,2010-01-18 00:00:00,1
2010-02-03 00:00:00,2010-02-03 00:00:00,38.25,2010-02-03 00:00:00,38.25,38.25,5,700,26775,2010-02-03 00:00:00,1
2010-02-09 00:00:00,2010-02-09 00:00:00,43,2010-02-09 00:00:00,42.75,43,2,400,17175,2010-02-09 00:00:00,1
2010-02-10 00:00:00,2010-02-10 00:00:00,42,2010-02-10 00:00:00,40.25,41.25,3,6600,271425,2010-02-10 00:00:00,1
2010-02-12 00:00:00,2010-02-12 00:00:00,41.25,2010-02-12 00:00:00,41.25,41.25,1,200,8250,2010-02-12 00:00:00,1
2010-02-24 00:00:00,2010-02-24 00:00:00,37.25,2010-02-24 00:00:00,37.25,37.25,1,400,14900,2010-02-24 00:00:00,1
2010-02-26 00:00:00,2010-02-26 00:00:00,42.25,2010-02-26 00:00:00,42.25,42.25,1,400,16900,2010-02-26 00:00:00,1
2010-03-01 00:00:00,2010-03-01 00:00:00,73.75,2010-03-01 00:00:00,42,65.75,237,78500,4972125,2010-03-01 00:00:00,1
2010-03-02 00:00:00,2010-03-02 00:00:00,71.75,2010-03-02 00:00:00,62.25,63,18,3900,264100,2010-03-02 00:00:00,1
2010-03-03 00:00:00,2010-03-03 00:00:00,65,2010-03-03 00:00:00,62.25,62.5,8,900,57000,2010-03-03 00:00:00,1
2010-03-04 00:00:00,2010-03-04 00:00:00,65.25,2010-03-04 00:00:00,56,58.5,7,1300,77325,2010-03-04 00:00:00,1
2010-03-08 00:00:00,2010-03-08 00:00:00,60,2010-03-08 00:00:00,55.75,56.25,8,1700,95900,2010-03-08 00:00:00,1
2010-03-15 00:00:00,2010-03-15 00:00:00,50,2010-03-15 00:00:00,50,50,1,200,10000,2010-03-15 00:00:00,1
2010-03-16 00:00:00,2010-03-16 00:00:00,51,2010-03-16 00:00:00,48,49,6,1100,54150,2010-03-16 00:00:00,1
2010-03-17 00:00:00,2010-03-17 00:00:00,48.5,2010-03-17 00:00:00,48.25,48.5,3,400,19375,2010-03-17 00:00:00,1
2010-03-18 00:00:00,2010-03-18 00:00:00,48.75,2010-03-18 00:00:00,48.25,48.25,6,1000,48400,2010-03-18 00:00:00,1
2010-03-22 00:00:00,2010-03-22 00:00:00,47.5,2010-03-22 00:00:00,47.5,47.5,1,100,4750,2010-03-22 00:00:00,1
2010-03-24 00:00:00,2010-03-24 00:00:00,49.75,2010-03-24 00:00:00,49.75,49.75,2,200,9950,2010-03-24 00:00:00,1
2010-03-25 00:00:00,2010-03-25 00:00:00,48.25,2010-03-25 00:00:00,48,48.25,4,700,33700,2010-03-25 00:00:00,1
2010-03-26 00:00:00,2010-03-26 00:00:00,47,2010-03-26 00:00:00,45,45.5,17,6500,295675,2010-03-26 00:00:00,1
2010-03-30 00:00:00,2010-03-30 00:00:00,44.25,2010-03-30 00:00:00,42.25,43,6,1700,73125,2010-03-30 00:00:00,1
2010-03-31 00:00:00,2010-03-31 00:00:00,41.25,2010-03-31 00:00:00,41,41,3,500,20525,2010-03-31 00:00:00,1
2010-04-01 00:00:00,2010-04-01 00:00:00,42,2010-04-01 00:00:00,42,42,3,2700,113400,2010-04-01 00:00:00,1
2010-04-05 00:00:00,2010-04-05 00:00:00,48.5,2010-04-05 00:00:00,40.5,45.75,39,11800,510775,2010-04-05 00:00:00,1
2010-04-06 00:00:00,2010-04-06 00:00:00,49.5,2010-04-06 00:00:00,45.5,45.5,5,800,38050,2010-04-06 00:00:00,1
2010-04-07 00:00:00,2010-04-07 00:00:00,48,2010-04-07 00:00:00,48,48,1,100,4800,2010-04-07 00:00:00,1
2010-04-15 00:00:00,2010-04-15 00:00:00,49.75,2010-04-15 00:00:00,49.75,49.75,1,100,4975,2010-04-15 00:00:00,1
2010-04-16 00:00:00,2010-04-16 00:00:00,59.5,2010-04-16 00:00:00,49.75,56,46,63000,3394550,2010-04-16 00:00:00,1
2010-04-19 00:00:00,2010-04-19 00:00:00,58,2010-04-19 00:00:00,57,57,6,1000,57500,2010-04-19 00:00:00,1
2010-04-21 00:00:00,2010-04-21 00:00:00,55,2010-04-21 00:00:00,55,55,1,1000,55000,2010-04-21 00:00:00,1
2010-04-22 00:00:00,2010-04-22 00:00:00,56.5,2010-04-22 00:00:00,55,55.5,2,400,22150,2010-04-22 00:00:00,1
2010-04-29 00:00:00,2010-04-29 00:00:00,60,2010-04-29 00:00:00,56.75,56.75,4,2100,122750,2010-04-29 00:00:00,1
2010-05-07 00:00:00,2010-05-07 00:00:00,55,2010-05-07 00:00:00,55,55,1,1000,55000,2010-05-07 00:00:00,1
2010-05-10 00:00:00,2010-05-10 00:00:00,55,2010-05-10 00:00:00,55,55,4,400,22000,2010-05-10 00:00:00,1
2010-05-11 00:00:00,2010-05-11 00:00:00,53,2010-05-11 00:00:00,53,53,1,1000,53000,2010-05-11 00:00:00,1
2010-05-12 00:00:00,2010-05-12 00:00:00,60,2010-05-12 00:00:00,55,58.25,24,14500,843600,2010-05-12 00:00:00,1
2010-05-19 00:00:00,2010-05-19 00:00:00,56.75,2010-05-19 00:00:00,56.75,56.75,1,100,5675,2010-05-19 00:00:00,1
2010-05-21 00:00:00,2010-05-21 00:00:00,60,2010-05-21 00:00:00,57,57.75,14,3000,173375,2010-05-21 00:00:00,1
2010-05-31 00:00:00,2010-05-31 00:00:00,58.75,2010-05-31 00:00:00,55,57,2,1000,56875,2010-05-31 00:00:00,1
2010-06-21 00:00:00,2010-06-21 00:00:00,57.5,2010-06-21 00:00:00,55,55,11,3000,169150,2010-06-21 00:00:00,1
2010-06-29 00:00:00,2010-06-29 00:00:00,53,2010-06-29 00:00:00,53,53,1,300,15900,2010-06-29 00:00:00,1
2010-07-01 00:00:00,2010-07-01 00:00:00,53,2010-07-01 00:00:00,52,52,2,1100,58200,2010-07-01 00:00:00,1
2010-07-02 00:00:00,2010-07-02 00:00:00,52.5,2010-07-02 00:00:00,52.5,52.5,1,100,5250,2010-07-02 00:00:00,1
2010-07-05 00:00:00,2010-07-05 00:00:00,60,2010-07-05 00:00:00,55,59.25,8,2200,130075,2010-07-05 00:00:00,1
2010-07-07 00:00:00,2010-07-07 00:00:00,52.5,2010-07-07 00:00:00,52.5,52.5,1,100,5250,2010-07-07 00:00:00,1
2010-07-08 00:00:00,2010-07-08 00:00:00,52.5,2010-07-08 00:00:00,51,51.75,4,500,25850,2010-07-08 00:00:00,1
2010-07-09 00:00:00,2010-07-09 00:00:00,51.25,2010-07-09 00:00:00,51.25,51.25,1,100,5125,2010-07-09 00:00:00,1
2010-07-12 00:00:00,2010-07-12 00:00:00,52,2010-07-12 00:00:00,52,52,1,300,15600,2010-07-12 00:00:00,1
2010-07-22 00:00:00,2010-07-22 00:00:00,63,2010-07-22 00:00:00,52,59.5,57,45500,2765225,2010-07-22 00:00:00,1
2010-07-23 00:00:00,2010-07-23 00:00:00,69.75,2010-07-23 00:00:00,59.5,67.25,94,35800,2339325,2010-07-23 00:00:00,1
2010-07-26 00:00:00,2010-07-26 00:00:00,71,2010-07-26 00:00:00,69,69.75,34,11500,801600,2010-07-26 00:00:00,1
2010-07-27 00:00:00,2010-07-27 00:00:00,71,2010-07-27 00:00:00,57,65,21,4200,268275,2010-07-27 00:00:00,1
2010-07-28 00:00:00,2010-07-28 00:00:00,69,2010-07-28 00:00:00,65,69,5,2100,140800,2010-07-28 00:00:00,1
2010-07-29 00:00:00,2010-07-29 00:00:00,68,2010-07-29 00:00:00,68,68,1,1700,115600,2010-07-29 00:00:00,1
2010-07-30 00:00:00,2010-07-30 00:00:00,67,2010-07-30 00:00:00,64.75,66,8,11200,739075,2010-07-30 00:00:00,1
2010-08-05 00:00:00,2010-08-05 00:00:00,67.5,2010-08-05 00:00:00,67,67.4,12,4400,296450,2010-08-05 00:00:00,1
2010-08-06 00:00:00,2010-08-06 00:00:00,67,2010-08-06 00:00:00,66,66.5,2,1000,66500,2010-08-06 00:00:00,1
2010-08-12 00:00:00,2010-08-12 00:00:00,66,2010-08-12 00:00:00,63,63.6,3,1800,113700,2010-08-12 00:00:00,1
2010-08-13 00:00:00,2010-08-13 00:00:00,65,2010-08-13 00:00:00,65,65,3,1000,65000,2010-08-13 00:00:00,1
2010-08-16 00:00:00,2010-08-16 00:00:00,65,2010-08-16 00:00:00,65,65,3,1300,84500,2010-08-16 00:00:00,1
2010-08-17 00:00:00,2010-08-17 00:00:00,65.5,2010-08-17 00:00:00,65.5,65.5,1,500,32750,2010-08-17 00:00:00,1
2010-08-18 00:00:00,2010-08-18 00:00:00,65,2010-08-18 00:00:00,65,65,1,100,6500,2010-08-18 00:00:00,1
2010-08-19 00:00:00,2010-08-19 00:00:00,66.5,2010-08-19 00:00:00,66.5,66.5,2,1000,66500,2010-08-19 00:00:00,1
2010-08-20 00:00:00,2010-08-20 00:00:00,65,2010-08-20 00:00:00,65,65,7,2300,149500,2010-08-20 00:00:00,1
2010-08-25 00:00:00,2010-08-25 00:00:00,61,2010-08-25 00:00:00,61,61,1,700,42700,2010-08-25 00:00:00,1
2010-08-26 00:00:00,2010-08-26 00:00:00,65,2010-08-26 00:00:00,65,65,1,100,6500,2010-08-26 00:00:00,1
2010-08-27 00:00:00,2010-08-27 00:00:00,65,2010-08-27 00:00:00,62,62,4,1000,62300,2010-08-27 00:00:00,1
2010-08-30 00:00:00,2010-08-30 00:00:00,62,2010-08-30 00:00:00,62,62,1,100,6200,2010-08-30 00:00:00,1
2010-08-31 00:00:00,2010-08-31 00:00:00,60.5,2010-08-31 00:00:00,60,60.3,2,300,18100,2010-08-31 00:00:00,1
2010-09-03 00:00:00,2010-09-03 00:00:00,62,2010-09-03 00:00:00,62,62,1,1200,74400,2010-09-03 00:00:00,1
2010-09-14 00:00:00,2010-09-14 00:00:00,68.2,2010-09-14 00:00:00,68,68.2,9,2400,163570,2010-09-14 00:00:00,1
2010-09-15 00:00:00,2010-09-15 00:00:00,75,2010-09-15 00:00:00,72,75,23,7000,524430,2010-09-15 00:00:00,1
2010-09-16 00:00:00,2010-09-16 00:00:00,82.5,2010-09-16 00:00:00,69,70.2,10,3400,262780,2010-09-16 00:00:00,1
2010-09-17 00:00:00,2010-09-17 00:00:00,63.2,2010-09-17 00:00:00,63.2,63.2,1,200,12640,2010-09-17 00:00:00,1
2010-09-20 00:00:00,2010-09-20 00:00:00,64.5,2010-09-20 00:00:00,62,64.5,5,700,43850,2010-09-20 00:00:00,1
2010-09-21 00:00:00,2010-09-21 00:00:00,64,2010-09-21 00:00:00,64,64,1,100,6400,2010-09-21 00:00:00,1
2010-09-23 00:00:00,2010-09-23 00:00:00,70,2010-09-23 00:00:00,65,70,3,1200,79000,2010-09-23 00:00:00,1
2010-09-24 00:00:00,2010-09-24 00:00:00,70,2010-09-24 00:00:00,65.2,65.4,8,3000,198720,2010-09-24 00:00:00,1
2010-09-27 00:00:00,2010-09-27 00:00:00,66,2010-09-27 00:00:00,65,66,3,700,46000,2010-09-27 00:00:00,1
2010-09-30 00:00:00,2010-09-30 00:00:00,65,2010-09-30 00:00:00,65,65,2,500,32500,2010-09-30 00:00:00,1
2010-10-01 00:00:00,2010-10-01 00:00:00,63.1,2010-10-01 00:00:00,63,63.1,2,1000,63090,2010-10-01 00:00:00,1
2010-10-05 00:00:00,2010-10-05 00:00:00,69.9,2010-10-05 00:00:00,69.9,69.9,3,400,27960,2010-10-05 00:00:00,1
2010-10-07 00:00:00,2010-10-07 00:00:00,62.1,2010-10-07 00:00:00,62,62.1,5,1300,80630,2010-10-07 00:00:00,1
2010-10-12 00:00:00,2010-10-12 00:00:00,61,2010-10-12 00:00:00,61,61,1,100,6100,2010-10-12 00:00:00,1
2010-10-13 00:00:00,2010-10-13 00:00:00,60,2010-10-13 00:00:00,60,60,2,1200,72000,2010-10-13 00:00:00,1
2010-10-15 00:00:00,2010-10-15 00:00:00,60,2010-10-15 00:00:00,60,60,2,400,24000,2010-10-15 00:00:00,1
2010-10-26 00:00:00,2010-10-26 00:00:00,62,2010-10-26 00:00:00,60.5,60.5,2,200,12250,2010-10-26 00:00:00,1
2010-10-27 00:00:00,2010-10-27 00:00:00,62,2010-10-27 00:00:00,62,62,1,200,12400,2010-10-27 00:00:00,1
2010-10-28 00:00:00,2010-10-28 00:00:00,110,2010-10-28 00:00:00,63,102.8,515,130300,12028710,2010-10-28 00:00:00,1
2010-10-29 00:00:00,2010-10-29 00:00:00,135,2010-10-29 00:00:00,95.1,108.5,270,59700,7096000,2010-10-29 00:00:00,1
2010-11-01 00:00:00,2010-11-01 00:00:00,119,2010-11-01 00:00:00,101,106.7,34,9900,1037460,2010-11-01 00:00:00,1
2010-11-02 00:00:00,2010-11-02 00:00:00,109.4,2010-11-02 00:00:00,103.1,108.7,3,1600,173970,2010-11-02 00:00:00,1
2010-11-03 00:00:00,2010-11-03 00:00:00,100,2010-11-03 00:00:00,87,94.5,24,5200,494190,2010-11-03 00:00:00,1
2010-11-04 00:00:00,2010-11-04 00:00:00,119,2010-11-04 00:00:00,84,105.6,41,6400,656810,2010-11-04 00:00:00,1
2010-11-08 00:00:00,2010-11-08 00:00:00,128,2010-11-08 00:00:00,100,119.2,143,27500,3276400,2010-11-08 00:00:00,1
2010-11-09 00:00:00,2010-11-09 00:00:00,125,2010-11-09 00:00:00,114,115.2,40,8500,1021950,2010-11-09 00:00:00,1
2010-11-10 00:00:00,2010-11-10 00:00:00,123.9,2010-11-10 00:00:00,115,115.6,8,1700,202420,2010-11-10 00:00:00,1
2010-11-11 00:00:00,2010-11-11 00:00:00,122,2010-11-11 00:00:00,115.6,119.3,8,1400,167000,2010-11-11 00:00:00,1
2010-11-12 00:00:00,2010-11-12 00:00:00,115,2010-11-12 00:00:00,115,115,1,300,34500,2010-11-12 00:00:00,1
2010-11-15 00:00:00,2010-11-15 00:00:00,102.5,2010-11-15 00:00:00,100.3,102.5,4,400,40500,2010-11-15 00:00:00,1
2010-11-16 00:00:00,2010-11-16 00:00:00,100.1,2010-11-16 00:00:00,100,100,11,3200,320020,2010-11-16 00:00:00,1
2010-11-18 00:00:00,2010-11-18 00:00:00,108,2010-11-18 00:00:00,100,104,3,400,41600,2010-11-18 00:00:00,1
2010-11-22 00:00:00,2010-11-22 00:00:00,108,2010-11-22 00:00:00,100,100,2,300,30800,2010-11-22 00:00:00,1
2010-11-23 00:00:00,2010-11-23 00:00:00,100,2010-11-23 00:00:00,96.1,96.4,8,2200,213150,2010-11-23 00:00:00,1
2010-11-24 00:00:00,2010-11-24 00:00:00,102,2010-11-24 00:00:00,95.5,95.5,16,5400,533540,2010-11-24 00:00:00,1
2010-11-26 00:00:00,2010-11-26 00:00:00,96,2010-11-26 00:00:00,92,96,2,200,18800,2010-11-26 00:00:00,1
2010-11-29 00:00:00,2010-11-29 00:00:00,94,2010-11-29 00:00:00,93,93,2,200,18700,2010-11-29 00:00:00,1
2010-11-30 00:00:00,2010-11-30 00:00:00,102.1,2010-11-30 00:00:00,95,100.4,21,4000,399640,2010-11-30 00:00:00,1
2010-12-01 00:00:00,2010-12-01 00:00:00,114,2010-12-01 00:00:00,102,106.5,22,6000,646860,2010-12-01 00:00:00,1
2010-12-02 00:00:00,2010-12-02 00:00:00,105.1,2010-12-02 00:00:00,105.1,105.1,2,200,21020,2010-12-02 00:00:00,1
2010-12-07 00:00:00,2010-12-07 00:00:00,95.3,2010-12-07 00:00:00,95,95.1,6,3700,351760,2010-12-07 00:00:00,1
2010-12-08 00:00:00,2010-12-08 00:00:00,95.8,2010-12-08 00:00:00,95.6,95.8,7,1600,153230,2010-12-08 00:00:00,1
2010-12-09 00:00:00,2010-12-09 00:00:00,96,2010-12-09 00:00:00,96,96,1,100,9600,2010-12-09 00:00:00,1
2010-12-10 00:00:00,2010-12-10 00:00:00,96,2010-12-10 00:00:00,96,96,2,200,19200,2010-12-10 00:00:00,1
2010-12-13 00:00:00,2010-12-13 00:00:00,95.1,2010-12-13 00:00:00,95.1,95.1,3,400,38040,2010-12-13 00:00:00,1
2010-12-14 00:00:00,2010-12-14 00:00:00,95.1,2010-12-14 00:00:00,95,95,4,800,76010,2010-12-14 00:00:00,1
2010-12-15 00:00:00,2010-12-15 00:00:00,102.9,2010-12-15 00:00:00,95,95,6,1000,97290,2010-12-15 00:00:00,1
2010-12-17 00:00:00,2010-12-17 00:00:00,90,2010-12-17 00:00:00,90,90,2,1200,108000,2010-12-17 00:00:00,1
2010-12-21 00:00:00,2010-12-21 00:00:00,90,2010-12-21 00:00:00,90,90,2,200,18000,2010-12-21 00:00:00,1
2010-12-22 00:00:00,2010-12-22 00:00:00,100,2010-12-22 00:00:00,90,100,2,600,55000,2010-12-22 00:00:00,1
2010-12-23 00:00:00,2010-12-23 00:00:00,91,2010-12-23 00:00:00,91,91,1,200,18200,2010-12-23 00:00:00,1
2010-12-24 00:00:00,2010-12-24 00:00:00,91.6,2010-12-24 00:00:00,91.6,91.6,1,100,9160,2010-12-24 00:00:00,1
2010-12-29 00:00:00,2010-12-29 00:00:00,95.8,2010-12-29 00:00:00,91.1,91.4,5,700,64430,2010-12-29 00:00:00,1
2010-12-30 00:00:00,2010-12-30 00:00:00,100,2010-12-30 00:00:00,91,99.6,14,3200,305330,2010-12-30 00:00:00,1
Company Id :  GHLL,,Security Type :  N,,Sub Type :  0000,,,,,,
Short Name :  GALADARI,,,,,,,,,,
Day,Date High,High,Date Low,Low,Closing,No. of Trades,No. of Shares,Turnover,Last Traded,Days Traded
2010-01-04 00:00:00,2010-01-04 00:00:00,15.5,2010-01-04 00:00:00,14.75,15.5,56,72900,1120300,2010-01-04 00:00:00,1
2010-01-05 00:00:00,2010-01-05 00:00:00,16.75,2010-01-05 00:00:00,15.75,16.5,142,228700,3713400,2010-01-05 00:00:00,1
2010-01-06 00:00:00,2010-01-06 00:00:00,17,2010-01-06 00:00:00,16,16.75,119,162500,2728400,2010-01-06 00:00:00,1
2010-01-07 00:00:00,2010-01-07 00:00:00,16.75,2010-01-07 00:00:00,16,16.75,56,75800,1243400,2010-01-07 00:00:00,1
2010-01-08 00:00:00,2010-01-08 00:00:00,16.75,2010-01-08 00:00:00,16.25,16.5,44,44400,733450,2010-01-08 00:00:00,1
2010-01-11 00:00:00,2010-01-11 00:00:00,16.75,2010-01-11 00:00:00,16.25,16.5,28,15700,259100,2010-01-11 00:00:00,1
2010-01-12 00:00:00,2010-01-12 00:00:00,16.5,2010-01-12 00:00:00,15.75,16,24,17200,278925,2010-01-12 00:00:00,1
2010-01-13 00:00:00,2010-01-13 00:00:00,16.75,2010-01-13 00:00:00,16,16.25,51,72800,1208850,2010-01-13 00:00:00,1
2010-01-15 00:00:00,2010-01-15 00:00:00,17,2010-01-15 00:00:00,16.25,16.75,72,64600,1074750,2010-01-15 00:00:00,1
2010-01-18 00:00:00,2010-01-18 00:00:00,17,2010-01-18 00:00:00,16.5,16.75,80,136600,2304875,2010-01-18 00:00:00,1
2010-01-19 00:00:00,2010-01-19 00:00:00,16.5,2010-01-19 00:00:00,15.75,16,35,21600,345875,2010-01-19 00:00:00,1
2010-01-20 00:00:00,2010-01-20 00:00:00,16,2010-01-20 00:00:00,16,16,3,1600,25600,2010-01-20 00:00:00,1
2010-01-21 00:00:00,2010-01-21 00:00:00,16.5,2010-01-21 00:00:00,16,16,16,20200,325000,2010-01-21 00:00:00,1
2010-01-22 00:00:00,2010-01-22 00:00:00,16.5,2010-01-22 00:00:00,16,16.25,50,54900,897350,2010-01-22 00:00:00,1
2010-01-25 00:00:00,2010-01-25 00:00:00,16.75,2010-01-25 00:00:00,16.25,16.5,47,54200,894275,2010-01-25 00:00:00,1
2010-01-26 00:00:00,2010-01-26 00:00:00,17,2010-01-26 00:00:00,16.5,17,48,76800,1296975,2010-01-26 00:00:00,1
2010-01-28 00:00:00,2010-01-28 00:00:00,16.75,2010-01-28 00:00:00,16,16.5,48,51700,843625,2010-01-28 00:00:00,1
2010-02-01 00:00:00,2010-02-01 00:00:00,16.75,2010-02-01 00:00:00,16.25,16.25,25,12400,204500,2010-02-01 00:00:00,1
2010-02-02 00:00:00,2010-02-02 00:00:00,16.5,2010-02-02 00:00:00,16,16.25,33,39800,649100,2010-02-02 00:00:00,1
2010-02-03 00:00:00,2010-02-03 00:00:00,16.75,2010-02-03 00:00:00,16.25,16.5,42,142600,2352575,2010-02-03 00:00:00,1
2010-02-05 00:00:00,2010-02-05 00:00:00,17,2010-02-05 00:00:00,16.5,17,43,72700,1232875,2010-02-05 00:00:00,1
2010-02-08 00:00:00,2010-02-08 00:00:00,17.5,2010-02-08 00:00:00,17,17,73,88600,1532175,2010-02-08 00:00:00,1
2010-02-09 00:00:00,2010-02-09 00:00:00,17,2010-02-09 00:00:00,16.5,16.75,30,130600,2163575,2010-02-09 00:00:00,1
2010-02-10 00:00:00,2010-02-10 00:00:00,16.5,2010-02-10 00:00:00,16.25,16.25,24,40300,662500,2010-02-10 00:00:00,1
2010-02-11 00:00:00,2010-02-11 00:00:00,17,2010-02-11 00:00:00,16.25,16.75,23,19500,322650,2010-02-11 00:00:00,1
2010-02-12 00:00:00,2010-02-12 00:00:00,16.25,2010-02-12 00:00:00,16,16.25,12,12200,197600,2010-02-12 00:00:00,1
2010-02-15 00:00:00,2010-02-15 00:00:00,16.5,2010-02-15 00:00:00,16.25,16.5,8,9200,151400,2010-02-15 00:00:00,1
2010-02-16 00:00:00,2010-02-16 00:00:00,17,2010-02-16 00:00:00,16.5,16.5,39,58100,967125,2010-02-16 00:00:00,1
2010-02-17 00:00:00,2010-02-17 00:00:00,16.75,2010-02-17 00:00:00,16.5,16.5,8,2400,39900,2010-02-17 00:00:00,1
2010-02-18 00:00:00,2010-02-18 00:00:00,16.75,2010-02-18 00:00:00,16.5,16.5,12,4700,77625,2010-02-18 00:00:00,1
2010-02-19 00:00:00,2010-02-19 00:00:00,16.75,2010-02-19 00:00:00,16.25,16.25,19,11800,194400,2010-02-19 00:00:00,1
2010-02-22 00:00:00,2010-02-22 00:00:00,16.75,2010-02-22 00:00:00,16,16.5,25,29400,488750,2010-02-22 00:00:00,1
2010-02-23 00:00:00,2010-02-23 00:00:00,16.75,2010-02-23 00:00:00,16.25,16.5,29,19200,317650,2010-02-23 00:00:00,1
2010-02-24 00:00:00,2010-02-24 00:00:00,16.75,2010-02-24 00:00:00,16.5,16.5,9,1600,26475,2010-02-24 00:00:00,1
2010-02-25 00:00:00,2010-02-25 00:00:00,16.75,2010-02-25 00:00:00,16.25,16.25,18,8000,131150,2010-02-25 00:00:00,1
2010-02-26 00:00:00,2010-02-26 00:00:00,17.25,2010-02-26 00:00:00,16,17,85,129800,2172700,2010-02-26 00:00:00,1
2010-03-01 00:00:00,2010-03-01 00:00:00,19,2010-03-01 00:00:00,17,18,421,732400,13458150,2010-03-01 00:00:00,1
2010-03-02 00:00:00,2010-03-02 00:00:00,18.25,2010-03-02 00:00:00,17,17,89,149100,2629400,2010-03-02 00:00:00,1
2010-03-03 00:00:00,2010-03-03 00:00:00,17.75,2010-03-03 00:00:00,17.25,17.25,38,47400,821650,2010-03-03 00:00:00,1
2010-03-04 00:00:00,2010-03-04 00:00:00,18.75,2010-03-04 00:00:00,17.25,18.25,105,156700,2837725,2010-03-04 00:00:00,1
2010-03-05 00:00:00,2010-03-05 00:00:00,20,2010-03-05 00:00:00,18.75,19.75,510,1264000,24491725,2010-03-05 00:00:00,1
2010-03-08 00:00:00,2010-03-08 00:00:00,21.5,2010-03-08 00:00:00,20,21,646,1394600,29190850,2010-03-08 00:00:00,1
2010-03-09 00:00:00,2010-03-09 00:00:00,21.5,2010-03-09 00:00:00,19.75,20,271,337500,6882975,2010-03-09 00:00:00,1
2010-03-10 00:00:00,2010-03-10 00:00:00,20.5,2010-03-10 00:00:00,19.25,20,97,100400,1981700,2010-03-10 00:00:00,1
2010-03-11 00:00:00,2010-03-11 00:00:00,20.5,2010-03-11 00:00:00,20,20,40,25600,513325,2010-03-11 00:00:00,1
2010-03-12 00:00:00,2010-03-12 00:00:00,21,2010-03-12 00:00:00,19.75,20.5,123,180900,3672800,2010-03-12 00:00:00,1
2010-03-15 00:00:00,2010-03-15 00:00:00,21,2010-03-15 00:00:00,20.75,21,178,326200,6845825,2010-03-15 00:00:00,1
2010-03-16 00:00:00,2010-03-16 00:00:00,21,2010-03-16 00:00:00,20,20,65,90800,1849225,2010-03-16 00:00:00,1
2010-03-17 00:00:00,2010-03-17 00:00:00,20.5,2010-03-17 00:00:00,20,20.25,49,52700,1070775,2010-03-17 00:00:00,1
2010-03-18 00:00:00,2010-03-18 00:00:00,20.75,2010-03-18 00:00:00,20,20,53,57500,1158500,2010-03-18 00:00:00,1
2010-03-19 00:00:00,2010-03-19 00:00:00,20.25,2010-03-19 00:00:00,19.5,19.75,42,66800,1323200,2010-03-19 00:00:00,1
2010-03-22 00:00:00,2010-03-22 00:00:00,20,2010-03-22 00:00:00,19.5,19.5,17,10300,203850,2010-03-22 00:00:00,1
2010-03-23 00:00:00,2010-03-23 00:00:00,19.75,2010-03-23 00:00:00,19,19.25,31,25400,489825,2010-03-23 00:00:00,1
2010-03-24 00:00:00,2010-03-24 00:00:00,19.5,2010-03-24 00:00:00,19,19.5,21,21700,415925,2010-03-24 00:00:00,1
2010-03-25 00:00:00,2010-03-25 00:00:00,19.5,2010-03-25 00:00:00,19,19.25,26,16300,312850,2010-03-25 00:00:00,1
2010-03-26 00:00:00,2010-03-26 00:00:00,19.75,2010-03-26 00:00:00,19,19.5,30,47100,918850,2010-03-26 00:00:00,1
2010-03-30 00:00:00,2010-03-30 00:00:00,20.75,2010-03-30 00:00:00,19.25,20,108,244800,4886200,2010-03-30 00:00:00,1
2010-03-31 00:00:00,2010-03-31 00:00:00,22.25,2010-03-31 00:00:00,20,22,384,783000,16943575,2010-03-31 00:00:00,1
2010-04-01 00:00:00,2010-04-01 00:00:00,22.5,2010-04-01 00:00:00,20.25,20.75,104,121900,2605150,2010-04-01 00:00:00,1
2010-04-05 00:00:00,2010-04-05 00:00:00,21.75,2010-04-05 00:00:00,20.5,21,49,91400,1933250,2010-04-05 00:00:00,1
2010-04-06 00:00:00,2010-04-06 00:00:00,22.75,2010-04-06 00:00:00,21.5,22.75,214,377900,8364650,2010-04-06 00:00:00,1
2010-04-07 00:00:00,2010-04-07 00:00:00,24.25,2010-04-07 00:00:00,22.5,24,321,393500,9249550,2010-04-07 00:00:00,1
2010-04-08 00:00:00,2010-04-08 00:00:00,26.5,2010-04-08 00:00:00,24,26.25,275,508400,13100850,2010-04-08 00:00:00,1
2010-04-12 00:00:00,2010-04-12 00:00:00,26.75,2010-04-12 00:00:00,25,25.75,221,357100,9133575,2010-04-12 00:00:00,1
2010-04-15 00:00:00,2010-04-15 00:00:00,26,2010-04-15 00:00:00,25,25.75,62,83300,2144275,2010-04-15 00:00:00,1
2010-04-16 00:00:00,2010-04-16 00:00:00,26.75,2010-04-16 00:00:00,25.5,26.5,102,135400,3583250,2010-04-16 00:00:00,1
2010-04-19 00:00:00,2010-04-19 00:00:00,28.75,2010-04-19 00:00:00,26.5,28.25,338,600700,16833575,2010-04-19 00:00:00,1
2010-04-20 00:00:00,2010-04-20 00:00:00,29.75,2010-04-20 00:00:00,27.75,28,246,317300,9111500,2010-04-20 00:00:00,1
2010-04-21 00:00:00,2010-04-21 00:00:00,28.25,2010-04-21 00:00:00,26.75,27,198,168900,4624350,2010-04-21 00:00:00,1
2010-04-22 00:00:00,2010-04-22 00:00:00,28.75,2010-04-22 00:00:00,27.25,28.25,187,335100,9393850,2010-04-22 00:00:00,1
2010-04-23 00:00:00,2010-04-23 00:00:00,31.5,2010-04-23 00:00:00,28,30.5,548,923100,27501375,2010-04-23 00:00:00,1
2010-04-26 00:00:00,2010-04-26 00:00:00,39,2010-04-26 00:00:00,31.25,36,1187,1895800,68047925,2010-04-26 00:00:00,1
2010-04-27 00:00:00,2010-04-27 00:00:00,37.5,2010-04-27 00:00:00,34.25,35.25,282,345600,12250900,2010-04-27 00:00:00,1
2010-04-29 00:00:00,2010-04-29 00:00:00,35.5,2010-04-29 00:00:00,33.75,35,145,115500,3993825,2010-04-29 00:00:00,1
2010-04-30 00:00:00,2010-04-30 00:00:00,36,2010-04-30 00:00:00,34.5,35,71,156100,5467500,2010-04-30 00:00:00,1
2010-05-03 00:00:00,2010-05-03 00:00:00,37.5,2010-05-03 00:00:00,35,36.5,269,655600,24143925,2010-05-03 00:00:00,1
2010-05-04 00:00:00,2010-05-04 00:00:00,38.75,2010-05-04 00:00:00,35.75,38,494,739900,27676325,2010-05-04 00:00:00,1
2010-05-05 00:00:00,2010-05-05 00:00:00,39.75,2010-05-05 00:00:00,32.25,34,1428,15723000,538329125,2010-05-05 00:00:00,1
2010-05-06 00:00:00,2010-05-06 00:00:00,34.75,2010-05-06 00:00:00,32,32.75,514,1534000,50540025,2010-05-06 00:00:00,1
2010-05-07 00:00:00,2010-05-07 00:00:00,35.25,2010-05-07 00:00:00,33,34,242,4136000,140758050,2010-05-07 00:00:00,1
2010-05-10 00:00:00,2010-05-10 00:00:00,34.25,2010-05-10 00:00:00,33,33,103,62700,2099800,2010-05-10 00:00:00,1
2010-05-11 00:00:00,2010-05-11 00:00:00,33.75,2010-05-11 00:00:00,32,32,118,99600,3217500,2010-05-11 00:00:00,1
2010-05-12 00:00:00,2010-05-12 00:00:00,34,2010-05-12 00:00:00,31,32.25,208,23823700,809655725,2010-05-12 00:00:00,1
2010-05-13 00:00:00,2010-05-13 00:00:00,33.75,2010-05-13 00:00:00,32.5,32.75,38,17700,585975,2010-05-13 00:00:00,1
2010-05-14 00:00:00,2010-05-14 00:00:00,33.75,2010-05-14 00:00:00,32.5,33,57,49700,1641700,2010-05-14 00:00:00,1
2010-05-17 00:00:00,2010-05-17 00:00:00,33,2010-05-17 00:00:00,32.5,32.75,38,37700,1237325,2010-05-17 00:00:00,1
2010-05-18 00:00:00,2010-05-18 00:00:00,33.5,2010-05-18 00:00:00,32.5,32.75,40,33500,1103150,2010-05-18 00:00:00,1
2010-05-19 00:00:00,2010-05-19 00:00:00,33,2010-05-19 00:00:00,31.75,32,55,37800,1215100,2010-05-19 00:00:00,1
2010-05-20 00:00:00,2010-05-20 00:00:00,33,2010-05-20 00:00:00,31.5,32.75,87,63000,2050500,2010-05-20 00:00:00,1
2010-05-21 00:00:00,2010-05-21 00:00:00,33,2010-05-21 00:00:00,31,31.25,52,28700,913800,2010-05-21 00:00:00,1
2010-05-24 00:00:00,2010-05-24 00:00:00,32,2010-05-24 00:00:00,29.75,30,121,139900,4211625,2010-05-24 00:00:00,1
2010-05-25 00:00:00,2010-05-25 00:00:00,32,2010-05-25 00:00:00,30,30.5,72,71400,2203600,2010-05-25 00:00:00,1
2010-05-26 00:00:00,2010-05-26 00:00:00,33,2010-05-26 00:00:00,30.75,32.5,131,97800,3153025,2010-05-26 00:00:00,1
2010-05-31 00:00:00,2010-05-31 00:00:00,33.75,2010-05-31 00:00:00,32.5,32.75,146,3816200,129589025,2010-05-31 00:00:00,1
2010-06-01 00:00:00,2010-06-01 00:00:00,33,2010-06-01 00:00:00,32,32.5,44,22200,723350,2010-06-01 00:00:00,1
2010-06-02 00:00:00,2010-06-02 00:00:00,32.75,2010-06-02 00:00:00,32,32.25,40,29100,939350,2010-06-02 00:00:00,1
2010-06-03 00:00:00,2010-06-03 00:00:00,32.75,2010-06-03 00:00:00,32,32,51,39100,1254800,2010-06-03 00:00:00,1
2010-06-04 00:00:00,2010-06-04 00:00:00,32.25,2010-06-04 00:00:00,31.75,31.75,37,39800,1273475,2010-06-04 00:00:00,1
2010-06-07 00:00:00,2010-06-07 00:00:00,32,2010-06-07 00:00:00,30.5,31,63,65700,2033625,2010-06-07 00:00:00,1
2010-06-08 00:00:00,2010-06-08 00:00:00,32.25,2010-06-08 00:00:00,30.5,30.75,117,123100,3815050,2010-06-08 00:00:00,1
2010-06-09 00:00:00,2010-06-09 00:00:00,32,2010-06-09 00:00:00,30.5,31.5,59,57800,1800375,2010-06-09 00:00:00,1
2010-06-10 00:00:00,2010-06-10 00:00:00,31.5,2010-06-10 00:00:00,30.75,31.25,22,28500,885350,2010-06-10 00:00:00,1
2010-06-11 00:00:00,2010-06-11 00:00:00,31.5,2010-06-11 00:00:00,30.75,30.75,46,47700,1475600,2010-06-11 00:00:00,1
2010-06-14 00:00:00,2010-06-14 00:00:00,31,2010-06-14 00:00:00,30.25,30.5,54,31800,972825,2010-06-14 00:00:00,1
2010-06-15 00:00:00,2010-06-15 00:00:00,30.75,2010-06-15 00:00:00,30,30.25,65,43800,1327850,2010-06-15 00:00:00,1
2010-06-16 00:00:00,2010-06-16 00:00:00,31,2010-06-16 00:00:00,29.75,30.5,54,127000,3815800,2010-06-16 00:00:00,1
2010-06-17 00:00:00,2010-06-17 00:00:00,32.25,2010-06-17 00:00:00,30.5,31.75,103,187400,5927700,2010-06-17 00:00:00,1
2010-06-21 00:00:00,2010-06-21 00:00:00,31.75,2010-06-21 00:00:00,31,31.5,27,41100,1284050,2010-06-21 00:00:00,1
2010-06-22 00:00:00,2010-06-22 00:00:00,32,2010-06-22 00:00:00,31.25,31.75,55,40900,1292025,2010-06-22 00:00:00,1
2010-06-23 00:00:00,2010-06-23 00:00:00,31.25,2010-06-23 00:00:00,30.25,30.25,47,47300,1450200,2010-06-23 00:00:00,1
2010-06-24 00:00:00,2010-06-24 00:00:00,31,2010-06-24 00:00:00,29.75,29.75,56,30300,911600,2010-06-24 00:00:00,1
2010-06-28 00:00:00,2010-06-28 00:00:00,31,2010-06-28 00:00:00,28,29.5,46,39100,1131100,2010-06-28 00:00:00,1
2010-06-29 00:00:00,2010-06-29 00:00:00,30,2010-06-29 00:00:00,29,29.75,34,17100,503800,2010-06-29 00:00:00,1
2010-06-30 00:00:00,2010-06-30 00:00:00,29.75,2010-06-30 00:00:00,29,29,59,44700,1309225,2010-06-30 00:00:00,1
2010-07-01 00:00:00,2010-07-01 00:00:00,31,2010-07-01 00:00:00,29,29.25,75,73500,2194700,2010-07-01 00:00:00,1
2010-07-02 00:00:00,2010-07-02 00:00:00,29.5,2010-07-02 00:00:00,29,29.25,45,73500,2144250,2010-07-02 00:00:00,1
2010-07-05 00:00:00,2010-07-05 00:00:00,29.25,2010-07-05 00:00:00,28.75,28.75,34,36500,1057700,2010-07-05 00:00:00,1
2010-07-06 00:00:00,2010-07-06 00:00:00,29,2010-07-06 00:00:00,28.25,28.5,40,34900,998775,2010-07-06 00:00:00,1
2010-07-07 00:00:00,2010-07-07 00:00:00,28.75,2010-07-07 00:00:00,27.5,28,58,48700,1370600,2010-07-07 00:00:00,1
2010-07-08 00:00:00,2010-07-08 00:00:00,27.75,2010-07-08 00:00:00,27.25,27.75,51,32800,909175,2010-07-08 00:00:00,1
2010-07-09 00:00:00,2010-07-09 00:00:00,28,2010-07-09 00:00:00,27.25,27.5,46,41400,1146850,2010-07-09 00:00:00,1
2010-07-12 00:00:00,2010-07-12 00:00:00,27.5,2010-07-12 00:00:00,27.25,27.5,14,6100,167350,2010-07-12 00:00:00,1
2010-07-13 00:00:00,2010-07-13 00:00:00,29,2010-07-13 00:00:00,27.5,28,58,40800,1139400,2010-07-13 00:00:00,1
2010-07-14 00:00:00,2010-07-14 00:00:00,30.25,2010-07-14 00:00:00,28,30,120,138500,4110425,2010-07-14 00:00:00,1
2010-07-15 00:00:00,2010-07-15 00:00:00,31,2010-07-15 00:00:00,30,30,66,34700,1053450,2010-07-15 00:00:00,1
2010-07-16 00:00:00,2010-07-16 00:00:00,30,2010-07-16 00:00:00,29,29,48,49300,1440925,2010-07-16 00:00:00,1
2010-07-19 00:00:00,2010-07-19 00:00:00,29.5,2010-07-19 00:00:00,28.75,29,26,12100,350950,2010-07-19 00:00:00,1
2010-07-20 00:00:00,2010-07-20 00:00:00,32,2010-07-20 00:00:00,28.75,31,255,367800,11374150,2010-07-20 00:00:00,1
2010-07-21 00:00:00,2010-07-21 00:00:00,36.25,2010-07-21 00:00:00,31.5,35,909,1748900,60268825,2010-07-21 00:00:00,1
2010-07-22 00:00:00,2010-07-22 00:00:00,36.25,2010-07-22 00:00:00,34.25,34.75,334,531000,18835825,2010-07-22 00:00:00,1
2010-07-23 00:00:00,2010-07-23 00:00:00,35,2010-07-23 00:00:00,34,34.25,98,95700,3283750,2010-07-23 00:00:00,1
2010-07-26 00:00:00,2010-07-26 00:00:00,36,2010-07-26 00:00:00,34.25,34.5,96,149400,5193800,2010-07-26 00:00:00,1
2010-07-27 00:00:00,2010-07-27 00:00:00,34.5,2010-07-27 00:00:00,33.5,33.5,79,79200,2682625,2010-07-27 00:00:00,1
2010-07-28 00:00:00,2010-07-28 00:00:00,34.5,2010-07-28 00:00:00,33.25,33.5,81,96400,3258800,2010-07-28 00:00:00,1
2010-07-29 00:00:00,2010-07-29 00:00:00,34,2010-07-29 00:00:00,32.5,33,85,101500,3361575,2010-07-29 00:00:00,1
2010-07-30 00:00:00,2010-07-30 00:00:00,34,2010-07-30 00:00:00,32.5,33,52,70300,2337225,2010-07-30 00:00:00,1
2010-08-02 00:00:00,2010-08-02 00:00:00,34,2010-08-02 00:00:00,32,32.9,64,83500,2739470,2010-08-02 00:00:00,1
2010-08-03 00:00:00,2010-08-03 00:00:00,33,2010-08-03 00:00:00,32,32.1,32,31600,1023450,2010-08-03 00:00:00,1
2010-08-04 00:00:00,2010-08-04 00:00:00,34,2010-08-04 00:00:00,32,32.3,35,37000,1189210,2010-08-04 00:00:00,1
2010-08-05 00:00:00,2010-08-05 00:00:00,32.6,2010-08-05 00:00:00,29.7,32,64,63400,1955860,2010-08-05 00:00:00,1
2010-08-06 00:00:00,2010-08-06 00:00:00,31.5,2010-08-06 00:00:00,30,31,34,18000,549110,2010-08-06 00:00:00,1
2010-08-09 00:00:00,2010-08-09 00:00:00,30,2010-08-09 00:00:00,28.5,29.1,88,80600,2343860,2010-08-09 00:00:00,1
2010-08-10 00:00:00,2010-08-10 00:00:00,32,2010-08-10 00:00:00,26.4,32,131,158000,4711580,2010-08-10 00:00:00,1
2010-08-11 00:00:00,2010-08-11 00:00:00,33,2010-08-11 00:00:00,31,31.1,48,45600,1469090,2010-08-11 00:00:00,1
2010-08-12 00:00:00,2010-08-12 00:00:00,31,2010-08-12 00:00:00,29.9,30,36,21200,639110,2010-08-12 00:00:00,1
2010-08-13 00:00:00,2010-08-13 00:00:00,31,2010-08-13 00:00:00,30,31,40,33900,1040460,2010-08-13 00:00:00,1
2010-08-16 00:00:00,2010-08-16 00:00:00,31.4,2010-08-16 00:00:00,30.1,30.5,37,10600,328110,2010-08-16 00:00:00,1
2010-08-17 00:00:00,2010-08-17 00:00:00,32,2010-08-17 00:00:00,30.3,31.9,31,29800,939760,2010-08-17 00:00:00,1
2010-08-18 00:00:00,2010-08-18 00:00:00,31.5,2010-08-18 00:00:00,30.9,31,70,59800,1859270,2010-08-18 00:00:00,1
2010-08-19 00:00:00,2010-08-19 00:00:00,34.1,2010-08-19 00:00:00,31.1,34.1,232,345800,11631150,2010-08-19 00:00:00,1
2010-08-20 00:00:00,2010-08-20 00:00:00,37.5,2010-08-20 00:00:00,34,34.8,377,593900,20720390,2010-08-20 00:00:00,1
2010-08-23 00:00:00,2010-08-23 00:00:00,36,2010-08-23 00:00:00,35,35.4,113,155800,5559790,2010-08-23 00:00:00,1
2010-08-25 00:00:00,2010-08-25 00:00:00,36,2010-08-25 00:00:00,34.1,34.5,79,83200,2895500,2010-08-25 00:00:00,1
2010-08-26 00:00:00,2010-08-26 00:00:00,35.3,2010-08-26 00:00:00,33.5,34.9,132,180400,6259070,2010-08-26 00:00:00,1
2010-08-27 00:00:00,2010-08-27 00:00:00,38.3,2010-08-27 00:00:00,34.7,38,758,1063900,39651780,2010-08-27 00:00:00,1
2010-08-30 00:00:00,2010-08-30 00:00:00,39.9,2010-08-30 00:00:00,37.5,38.7,620,1022500,39535660,2010-08-30 00:00:00,1
2010-08-31 00:00:00,2010-08-31 00:00:00,38.6,2010-08-31 00:00:00,36.9,37.1,222,181200,6767380,2010-08-31 00:00:00,1
2010-09-01 00:00:00,2010-09-01 00:00:00,38.5,2010-09-01 00:00:00,37,37.5,225,355100,13365130,2010-09-01 00:00:00,1
2010-09-02 00:00:00,2010-09-02 00:00:00,39.2,2010-09-02 00:00:00,37.6,38.1,304,447700,17218320,2010-09-02 00:00:00,1
2010-09-03 00:00:00,2010-09-03 00:00:00,39,2010-09-03 00:00:00,37.1,37.5,155,200600,7566970,2010-09-03 00:00:00,1
2010-09-06 00:00:00,2010-09-06 00:00:00,40.5,2010-09-06 00:00:00,36.5,37.5,107,97900,3680890,2010-09-06 00:00:00,1
2010-09-07 00:00:00,2010-09-07 00:00:00,37.9,2010-09-07 00:00:00,35,37,49,35500,1313370,2010-09-07 00:00:00,1
2010-09-08 00:00:00,2010-09-08 00:00:00,38,2010-09-08 00:00:00,36.5,36.8,85,81100,2988360,2010-09-08 00:00:00,1
2010-09-09 00:00:00,2010-09-09 00:00:00,37,2010-09-09 00:00:00,35.2,35.9,96,81300,2923870,2010-09-09 00:00:00,1
2010-09-13 00:00:00,2010-09-13 00:00:00,37.5,2010-09-13 00:00:00,35.5,36.1,78,84200,3042020,2010-09-13 00:00:00,1
2010-09-14 00:00:00,2010-09-14 00:00:00,36,2010-09-14 00:00:00,35,35.3,95,78500,2768190,2010-09-14 00:00:00,1
2010-09-15 00:00:00,2010-09-15 00:00:00,35.9,2010-09-15 00:00:00,34,35,85,92100,3186900,2010-09-15 00:00:00,1
2010-09-16 00:00:00,2010-09-16 00:00:00,37.9,2010-09-16 00:00:00,34.9,36.1,152,140200,5086550,2010-09-16 00:00:00,1
2010-09-17 00:00:00,2010-09-17 00:00:00,37.8,2010-09-17 00:00:00,35.8,36.9,228,349100,12830520,2010-09-17 00:00:00,1
2010-09-20 00:00:00,2010-09-20 00:00:00,39.5,2010-09-20 00:00:00,37.5,38.3,271,637700,24318390,2010-09-20 00:00:00,1
2010-09-21 00:00:00,2010-09-21 00:00:00,41.5,2010-09-21 00:00:00,38,40.1,467,849500,33730740,2010-09-21 00:00:00,1
2010-09-23 00:00:00,2010-09-23 00:00:00,46,2010-09-23 00:00:00,41,43.5,1006,1478800,64435090,2010-09-23 00:00:00,1
2010-09-24 00:00:00,2010-09-24 00:00:00,44.9,2010-09-24 00:00:00,41,43,401,586100,25308060,2010-09-24 00:00:00,1
2010-09-27 00:00:00,2010-09-27 00:00:00,45.5,2010-09-27 00:00:00,41.2,42.6,257,305800,13462500,2010-09-27 00:00:00,1
2010-09-28 00:00:00,2010-09-28 00:00:00,44.5,2010-09-28 00:00:00,41,41.4,151,124500,5249950,2010-09-28 00:00:00,1
2010-09-29 00:00:00,2010-09-29 00:00:00,43,2010-09-29 00:00:00,40.8,41.3,152,164400,6854220,2010-09-29 00:00:00,1
2010-09-30 00:00:00,2010-09-30 00:00:00,42,2010-09-30 00:00:00,40,40.4,145,123100,5002760,2010-09-30 00:00:00,1
2010-10-01 00:00:00,2010-10-01 00:00:00,42,2010-10-01 00:00:00,39.6,40,157,208800,8463320,2010-10-01 00:00:00,1
2010-10-04 00:00:00,2010-10-04 00:00:00,41,2010-10-04 00:00:00,38.8,39,116,104700,4135140,2010-10-04 00:00:00,1
2010-10-05 00:00:00,2010-10-05 00:00:00,40.7,2010-10-05 00:00:00,38.7,40.1,103,73800,2944970,2010-10-05 00:00:00,1
2010-10-06 00:00:00,2010-10-06 00:00:00,41,2010-10-06 00:00:00,39,39,90,135200,5301310,2010-10-06 00:00:00,1
2010-10-07 00:00:00,2010-10-07 00:00:00,39.4,2010-10-07 00:00:00,37,38,158,151500,5744010,2010-10-07 00:00:00,1
2010-10-08 00:00:00,2010-10-08 00:00:00,39.9,2010-10-08 00:00:00,37,39.5,88,47600,1825890,2010-10-08 00:00:00,1
2010-10-11 00:00:00,2010-10-11 00:00:00,40,2010-10-11 00:00:00,39,39.2,63,37100,1466130,2010-10-11 00:00:00,1
2010-10-12 00:00:00,2010-10-12 00:00:00,39.4,2010-10-12 00:00:00,36,36.5,117,164600,6211900,2010-10-12 00:00:00,1
2010-10-13 00:00:00,2010-10-13 00:00:00,38.3,2010-10-13 00:00:00,34.2,36.5,101,82900,2949180,2010-10-13 00:00:00,1
2010-10-14 00:00:00,2010-10-14 00:00:00,39,2010-10-14 00:00:00,36.7,36.8,67,40100,1511270,2010-10-14 00:00:00,1
2010-10-15 00:00:00,2010-10-15 00:00:00,38.5,2010-10-15 00:00:00,37,37.2,61,88000,3281880,2010-10-15 00:00:00,1
2010-10-18 00:00:00,2010-10-18 00:00:00,38.1,2010-10-18 00:00:00,37,37.1,42,41600,1553300,2010-10-18 00:00:00,1
2010-10-19 00:00:00,2010-10-19 00:00:00,37,2010-10-19 00:00:00,36.7,36.9,39,11700,431510,2010-10-19 00:00:00,1
2010-10-20 00:00:00,2010-10-20 00:00:00,37.5,2010-10-20 00:00:00,36.7,37.1,37,19000,704530,2010-10-20 00:00:00,1
2010-10-21 00:00:00,2010-10-21 00:00:00,38.6,2010-10-21 00:00:00,37.1,37.5,231,203400,7695130,2010-10-21 00:00:00,1
2010-10-25 00:00:00,2010-10-25 00:00:00,37.5,2010-10-25 00:00:00,36.2,36.4,34,9200,338170,2010-10-25 00:00:00,1
2010-10-26 00:00:00,2010-10-26 00:00:00,36.7,2010-10-26 00:00:00,35.5,35.9,58,22400,810780,2010-10-26 00:00:00,1
2010-10-27 00:00:00,2010-10-27 00:00:00,36.5,2010-10-27 00:00:00,35.2,35.5,29,14400,508630,2010-10-27 00:00:00,1
2010-10-28 00:00:00,2010-10-28 00:00:00,36,2010-10-28 00:00:00,35.1,35.3,29,24600,867790,2010-10-28 00:00:00,1
2010-10-29 00:00:00,2010-10-29 00:00:00,37,2010-10-29 00:00:00,35.1,35.9,73,49800,1792810,2010-10-29 00:00:00,1
2010-11-01 00:00:00,2010-11-01 00:00:00,36.5,2010-11-01 00:00:00,35.5,35.9,43,24800,891020,2010-11-01 00:00:00,1
2010-11-02 00:00:00,2010-11-02 00:00:00,36.5,2010-11-02 00:00:00,35.7,36,24,9500,342210,2010-11-02 00:00:00,1
2010-11-03 00:00:00,2010-11-03 00:00:00,37,2010-11-03 00:00:00,35.6,36.5,38,22500,812620,2010-11-03 00:00:00,1
2010-11-04 00:00:00,2010-11-04 00:00:00,36.7,2010-11-04 00:00:00,35.6,36,29,13200,474570,2010-11-04 00:00:00,1
2010-11-08 00:00:00,2010-11-08 00:00:00,36,2010-11-08 00:00:00,35.5,35.5,40,26700,950780,2010-11-08 00:00:00,1
2010-11-09 00:00:00,2010-11-09 00:00:00,36,2010-11-09 00:00:00,35.3,35.3,21,30500,1081170,2010-11-09 00:00:00,1
2010-11-10 00:00:00,2010-11-10 00:00:00,35.4,2010-11-10 00:00:00,35.1,35.2,21,8500,299010,2010-11-10 00:00:00,1
2010-11-11 00:00:00,2010-11-11 00:00:00,36,2010-11-11 00:00:00,35.1,35.9,41,23900,854310,2010-11-11 00:00:00,1
2010-11-12 00:00:00,2010-11-12 00:00:00,36.7,2010-11-12 00:00:00,35.3,35.5,33,23000,818600,2010-11-12 00:00:00,1
2010-11-15 00:00:00,2010-11-15 00:00:00,36,2010-11-15 00:00:00,34.6,35,44,28100,984740,2010-11-15 00:00:00,1
2010-11-16 00:00:00,2010-11-16 00:00:00,36,2010-11-16 00:00:00,34.5,35,28,8600,301640,2010-11-16 00:00:00,1
2010-11-18 00:00:00,2010-11-18 00:00:00,36,2010-11-18 00:00:00,34.6,35,48,18800,664100,2010-11-18 00:00:00,1
2010-11-22 00:00:00,2010-11-22 00:00:00,36,2010-11-22 00:00:00,35,35.3,30,50300,1762910,2010-11-22 00:00:00,1
2010-11-23 00:00:00,2010-11-23 00:00:00,35,2010-11-23 00:00:00,34,34.1,36,21100,722280,2010-11-23 00:00:00,1
2010-11-24 00:00:00,2010-11-24 00:00:00,34.9,2010-11-24 00:00:00,33.5,33.9,33,10100,346770,2010-11-24 00:00:00,1
2010-11-25 00:00:00,2010-11-25 00:00:00,34,2010-11-25 00:00:00,33.1,33.5,16,4600,153860,2010-11-25 00:00:00,1
2010-11-26 00:00:00,2010-11-26 00:00:00,34.9,2010-11-26 00:00:00,33.1,33.5,29,31500,1072810,2010-11-26 00:00:00,1
2010-11-29 00:00:00,2010-11-29 00:00:00,33.4,2010-11-29 00:00:00,31,32.2,42,46200,1517900,2010-11-29 00:00:00,1
2010-11-30 00:00:00,2010-11-30 00:00:00,36.5,2010-11-30 00:00:00,33.8,36.2,133,213100,7667590,2010-11-30 00:00:00,1
2010-12-01 00:00:00,2010-12-01 00:00:00,38,2010-12-01 00:00:00,36.5,37.8,79,58200,2188510,2010-12-01 00:00:00,1
2010-12-02 00:00:00,2010-12-02 00:00:00,38.5,2010-12-02 00:00:00,36.4,36.7,57,53700,2025800,2010-12-02 00:00:00,1
2010-12-03 00:00:00,2010-12-03 00:00:00,37,2010-12-03 00:00:00,35.5,36.1,30,14900,536740,2010-12-03 00:00:00,1
2010-12-06 00:00:00,2010-12-06 00:00:00,37,2010-12-06 00:00:00,36.1,36.4,19,16900,615570,2010-12-06 00:00:00,1
2010-12-07 00:00:00,2010-12-07 00:00:00,36,2010-12-07 00:00:00,35.5,35.5,17,19500,693790,2010-12-07 00:00:00,1
2010-12-08 00:00:00,2010-12-08 00:00:00,35.5,2010-12-08 00:00:00,33.5,33.8,76,64100,2178690,2010-12-08 00:00:00,1
2010-12-09 00:00:00,2010-12-09 00:00:00,35,2010-12-09 00:00:00,33.9,34.1,12,9100,312190,2010-12-09 00:00:00,1
2010-12-10 00:00:00,2010-12-10 00:00:00,34.1,2010-12-10 00:00:00,34,34.1,9,2200,74910,2010-12-10 00:00:00,1
2010-12-13 00:00:00,2010-12-13 00:00:00,34.9,2010-12-13 00:00:00,33.9,34,23,9900,336590,2010-12-13 00:00:00,1
2010-12-14 00:00:00,2010-12-14 00:00:00,34.7,2010-12-14 00:00:00,33.7,34,25,9400,318380,2010-12-14 00:00:00,1
2010-12-15 00:00:00,2010-12-15 00:00:00,34.8,2010-12-15 00:00:00,33.6,34.5,17,8600,293730,2010-12-15 00:00:00,1
2010-12-16 00:00:00,2010-12-16 00:00:00,34.8,2010-12-16 00:00:00,34.5,34.5,19,6100,210600,2010-12-16 00:00:00,1
2010-12-17 00:00:00,2010-12-17 00:00:00,34.5,2010-12-17 00:00:00,34.1,34.3,6,2800,96050,2010-12-17 00:00:00,1
2010-12-21 00:00:00,2010-12-21 00:00:00,35.1,2010-12-21 00:00:00,34.5,34.6,22,5800,201640,2010-12-21 00:00:00,1
2010-12-22 00:00:00,2010-12-22 00:00:00,35.5,2010-12-22 00:00:00,34.2,35.4,36,18100,638890,2010-12-22 00:00:00,1
2010-12-23 00:00:00,2010-12-23 00:00:00,37.9,2010-12-23 00:00:00,35.5,37.3,123,98900,3660900,2010-12-23 00:00:00,1
2010-12-24 00:00:00,2010-12-24 00:00:00,37.9,2010-12-24 00:00:00,36,36.5,37,25000,920320,2010-12-24 00:00:00,1
2010-12-27 00:00:00,2010-12-27 00:00:00,38,2010-12-27 00:00:00,37,37.3,47,19200,717810,2010-12-27 00:00:00,1
2010-12-28 00:00:00,2010-12-28 00:00:00,38,2010-12-28 00:00:00,37.2,37.3,33,24300,910000,2010-12-28 00:00:00,1
2010-12-29 00:00:00,2010-12-29 00:00:00,37.3,2010-12-29 00:00:00,35.1,35.8,61,45400,1639870,2010-12-29 00:00:00,1
2010-12-30 00:00:00,2010-12-30 00:00:00,36.1,2010-12-30 00:00:00,35,35.8,43,25000,888040,2010-12-30 00:00:00,1
2010-12-31 00:00:00,2010-12-31 00:00:00,37,2010-12-31 00:00:00,35.5,35.8,52,27400,998930,2010-12-31 00:00:00,1
Company Id :  GLAS,,Security Type :  N,,Sub Type :  0000,,,,,,
Short Name :  PIRAMAL GLASS,,,,,,,,,,
Day,Date High,High,Date Low,Low,Closing,No. of Trades,No. of Shares,Turnover,Last Traded,Days Traded
2010-01-04 00:00:00,2010-01-04 00:00:00,2.2,2010-01-04 00:00:00,2.1,2.1,17,273100,594210,2010-01-04 00:00:00,1
2010-01-05 00:00:00,2010-01-05 00:00:00,2.2,2010-01-05 00:00:00,2.1,2.1,50,367900,807090,2010-01-05 00:00:00,1
2010-01-06 00:00:00,2010-01-06 00:00:00,2.2,2010-01-06 00:00:00,2.1,2.1,17,224700,482220,2010-01-06 00:00:00,1
2010-01-07 00:00:00,2010-01-07 00:00:00,2.2,2010-01-07 00:00:00,2.1,2.2,10,80900,173390,2010-01-07 00:00:00,1
2010-01-08 00:00:00,2010-01-08 00:00:00,2.1,2010-01-08 00:00:00,2.1,2.1,12,219400,460740,2010-01-08 00:00:00,1
2010-01-11 00:00:00,2010-01-11 00:00:00,2.2,2010-01-11 00:00:00,2.1,2.1,18,275500,578700,2010-01-11 00:00:00,1
2010-01-12 00:00:00,2010-01-12 00:00:00,2.2,2010-01-12 00:00:00,2.1,2.2,15,247700,520370,2010-01-12 00:00:00,1
2010-01-13 00:00:00,2010-01-13 00:00:00,2.2,2010-01-13 00:00:00,2.1,2.1,14,204800,430110,2010-01-13 00:00:00,1
2010-01-15 00:00:00,2010-01-15 00:00:00,2.2,2010-01-15 00:00:00,2.1,2.2,96,2489200,5447960,2010-01-15 00:00:00,1
2010-01-18 00:00:00,2010-01-18 00:00:00,2.2,2010-01-18 00:00:00,2.1,2.1,8,57000,120400,2010-01-18 00:00:00,1
2010-01-19 00:00:00,2010-01-19 00:00:00,2.1,2010-01-19 00:00:00,2.1,2.1,20,632800,1328880,2010-01-19 00:00:00,1
2010-01-20 00:00:00,2010-01-20 00:00:00,2.2,2010-01-20 00:00:00,2.1,2.1,10,127400,272540,2010-01-20 00:00:00,1
2010-01-21 00:00:00,2010-01-21 00:00:00,2.1,2010-01-21 00:00:00,2.1,2.1,19,976100,2049810,2010-01-21 00:00:00,1
2010-01-22 00:00:00,2010-01-22 00:00:00,2.2,2010-01-22 00:00:00,2.1,2.1,15,140200,294960,2010-01-22 00:00:00,1
2010-01-25 00:00:00,2010-01-25 00:00:00,2.3,2010-01-25 00:00:00,2.1,2.2,60,1073600,2359150,2010-01-25 00:00:00,1
2010-01-26 00:00:00,2010-01-26 00:00:00,2.3,2010-01-26 00:00:00,2.2,2.2,30,971600,2138120,2010-01-26 00:00:00,1
2010-01-28 00:00:00,2010-01-28 00:00:00,2.2,2010-01-28 00:00:00,2.1,2.2,53,558900,1215090,2010-01-28 00:00:00,1
2010-02-01 00:00:00,2010-02-01 00:00:00,2.2,2010-02-01 00:00:00,2.1,2.2,14,488000,1070340,2010-02-01 00:00:00,1
2010-02-02 00:00:00,2010-02-02 00:00:00,2.2,2010-02-02 00:00:00,2.1,2.1,8,23900,50690,2010-02-02 00:00:00,1
2010-02-03 00:00:00,2010-02-03 00:00:00,2.2,2010-02-03 00:00:00,2.1,2.2,43,567900,1249180,2010-02-03 00:00:00,1
2010-02-05 00:00:00,2010-02-05 00:00:00,2.2,2010-02-05 00:00:00,2.1,2.2,26,268200,589970,2010-02-05 00:00:00,1
2010-02-08 00:00:00,2010-02-08 00:00:00,2.4,2010-02-08 00:00:00,2.2,2.4,178,7801100,18381790,2010-02-08 00:00:00,1
2010-02-09 00:00:00,2010-02-09 00:00:00,2.5,2010-02-09 00:00:00,2.4,2.4,196,5679000,13631600,2010-02-09 00:00:00,1
2010-02-10 00:00:00,2010-02-10 00:00:00,2.5,2010-02-10 00:00:00,2.3,2.3,35,1217700,2814020,2010-02-10 00:00:00,1
2010-02-11 00:00:00,2010-02-11 00:00:00,2.3,2010-02-11 00:00:00,2.3,2.3,21,284000,653200,2010-02-11 00:00:00,1
2010-02-12 00:00:00,2010-02-12 00:00:00,2.3,2010-02-12 00:00:00,2.2,2.3,36,1281900,2948270,2010-02-12 00:00:00,1
2010-02-15 00:00:00,2010-02-15 00:00:00,2.4,2010-02-15 00:00:00,2.3,2.3,34,236900,545370,2010-02-15 00:00:00,1
2010-02-16 00:00:00,2010-02-16 00:00:00,2.3,2010-02-16 00:00:00,2.2,2.3,27,781500,1796920,2010-02-16 00:00:00,1
2010-02-17 00:00:00,2010-02-17 00:00:00,2.5,2010-02-17 00:00:00,2.3,2.5,211,7182600,17635570,2010-02-17 00:00:00,1
2010-02-18 00:00:00,2010-02-18 00:00:00,2.6,2010-02-18 00:00:00,2.4,2.5,63,1033900,2579850,2010-02-18 00:00:00,1
2010-02-19 00:00:00,2010-02-19 00:00:00,2.5,2010-02-19 00:00:00,2.4,2.4,50,547500,1345560,2010-02-19 00:00:00,1
2010-02-22 00:00:00,2010-02-22 00:00:00,2.5,2010-02-22 00:00:00,2.3,2.4,37,361200,867540,2010-02-22 00:00:00,1
2010-02-23 00:00:00,2010-02-23 00:00:00,2.4,2010-02-23 00:00:00,2.3,2.3,12,68600,159080,2010-02-23 00:00:00,1
2010-02-24 00:00:00,2010-02-24 00:00:00,2.5,2010-02-24 00:00:00,2.3,2.3,41,527300,1236960,2010-02-24 00:00:00,1
2010-02-25 00:00:00,2010-02-25 00:00:00,2.3,2010-02-25 00:00:00,2.3,2.3,2,7000,16100,2010-02-25 00:00:00,1
2010-02-26 00:00:00,2010-02-26 00:00:00,2.4,2010-02-26 00:00:00,2.3,2.4,3,27800,66440,2010-02-26 00:00:00,1
2010-03-01 00:00:00,2010-03-01 00:00:00,2.4,2010-03-01 00:00:00,2.3,2.3,17,232900,541420,2010-03-01 00:00:00,1
2010-03-02 00:00:00,2010-03-02 00:00:00,2.4,2010-03-02 00:00:00,2.3,2.3,6,8900,20770,2010-03-02 00:00:00,1
2010-03-03 00:00:00,2010-03-03 00:00:00,2.4,2010-03-03 00:00:00,2.3,2.4,30,317200,730710,2010-03-03 00:00:00,1
2010-03-04 00:00:00,2010-03-04 00:00:00,2.4,2010-03-04 00:00:00,2.3,2.4,43,454900,1047400,2010-03-04 00:00:00,1
2010-03-05 00:00:00,2010-03-05 00:00:00,2.4,2010-03-05 00:00:00,2.3,2.4,23,218000,520900,2010-03-05 00:00:00,1
2010-03-08 00:00:00,2010-03-08 00:00:00,2.4,2010-03-08 00:00:00,2.4,2.4,30,208000,499200,2010-03-08 00:00:00,1
2010-03-09 00:00:00,2010-03-09 00:00:00,2.4,2010-03-09 00:00:00,2.3,2.3,6,14800,34140,2010-03-09 00:00:00,1
2010-03-10 00:00:00,2010-03-10 00:00:00,2.3,2010-03-10 00:00:00,2.3,2.3,4,59700,137310,2010-03-10 00:00:00,1
2010-03-11 00:00:00,2010-03-11 00:00:00,2.4,2010-03-11 00:00:00,2.3,2.3,9,27100,62460,2010-03-11 00:00:00,1
2010-03-12 00:00:00,2010-03-12 00:00:00,2.3,2010-03-12 00:00:00,2.3,2.3,16,101200,232760,2010-03-12 00:00:00,1
2010-03-15 00:00:00,2010-03-15 00:00:00,2.4,2010-03-15 00:00:00,2.3,2.3,6,65600,150980,2010-03-15 00:00:00,1
2010-03-16 00:00:00,2010-03-16 00:00:00,2.3,2010-03-16 00:00:00,2.3,2.3,20,226100,520030,2010-03-16 00:00:00,1
2010-03-17 00:00:00,2010-03-17 00:00:00,2.3,2010-03-17 00:00:00,2.2,2.3,28,476900,1096640,2010-03-17 00:00:00,1
2010-03-18 00:00:00,2010-03-18 00:00:00,2.3,2010-03-18 00:00:00,2.3,2.3,3,2100,4830,2010-03-18 00:00:00,1
2010-03-19 00:00:00,2010-03-19 00:00:00,2.3,2010-03-19 00:00:00,2.2,2.2,5,2300,5180,2010-03-19 00:00:00,1
2010-03-22 00:00:00,2010-03-22 00:00:00,2.3,2010-03-22 00:00:00,2.2,2.2,10,80200,181540,2010-03-22 00:00:00,1
2010-03-23 00:00:00,2010-03-23 00:00:00,2.2,2010-03-23 00:00:00,2.2,2.2,8,46000,101200,2010-03-23 00:00:00,1
2010-03-24 00:00:00,2010-03-24 00:00:00,2.3,2010-03-24 00:00:00,2.2,2.2,7,22700,50210,2010-03-24 00:00:00,1
2010-03-25 00:00:00,2010-03-25 00:00:00,2.2,2010-03-25 00:00:00,2.2,2.2,9,24300,53460,2010-03-25 00:00:00,1
2010-03-26 00:00:00,2010-03-26 00:00:00,2.2,2010-03-26 00:00:00,2.2,2.2,32,396900,873180,2010-03-26 00:00:00,1
2010-03-30 00:00:00,2010-03-30 00:00:00,2.2,2010-03-30 00:00:00,2.2,2.2,9,63300,139260,2010-03-30 00:00:00,1
2010-03-31 00:00:00,2010-03-31 00:00:00,2.3,2010-03-31 00:00:00,2.2,2.2,10,81000,178210,2010-03-31 00:00:00,1
2010-04-01 00:00:00,2010-04-01 00:00:00,2.3,2010-04-01 00:00:00,2.2,2.2,6,5600,12580,2010-04-01 00:00:00,1
2010-04-05 00:00:00,2010-04-05 00:00:00,2.4,2010-04-05 00:00:00,2.2,2.3,27,350200,804270,2010-04-05 00:00:00,1
2010-04-06 00:00:00,2010-04-06 00:00:00,2.3,2010-04-06 00:00:00,2.3,2.3,10,100500,231150,2010-04-06 00:00:00,1
2010-04-07 00:00:00,2010-04-07 00:00:00,2.4,2010-04-07 00:00:00,2.3,2.3,16,141500,325470,2010-04-07 00:00:00,1
2010-04-08 00:00:00,2010-04-08 00:00:00,2.4,2010-04-08 00:00:00,2.3,2.4,8,68800,163240,2010-04-08 00:00:00,1
2010-04-12 00:00:00,2010-04-12 00:00:00,2.4,2010-04-12 00:00:00,2.3,2.3,5,21500,49950,2010-04-12 00:00:00,1
2010-04-15 00:00:00,2010-04-15 00:00:00,2.5,2010-04-15 00:00:00,2.3,2.4,68,654700,1575780,2010-04-15 00:00:00,1
2010-04-16 00:00:00,2010-04-16 00:00:00,2.4,2010-04-16 00:00:00,2.3,2.4,34,738800,1772920,2010-04-16 00:00:00,1
2010-04-19 00:00:00,2010-04-19 00:00:00,2.5,2010-04-19 00:00:00,2.4,2.5,62,1103200,2667690,2010-04-19 00:00:00,1
2010-04-20 00:00:00,2010-04-20 00:00:00,2.5,2010-04-20 00:00:00,2.4,2.4,59,787700,1896300,2010-04-20 00:00:00,1
2010-04-21 00:00:00,2010-04-21 00:00:00,2.5,2010-04-21 00:00:00,2.4,2.4,23,223400,537090,2010-04-21 00:00:00,1
2010-04-22 00:00:00,2010-04-22 00:00:00,2.4,2010-04-22 00:00:00,2.3,2.4,53,1153800,2768820,2010-04-22 00:00:00,1
2010-04-23 00:00:00,2010-04-23 00:00:00,2.4,2010-04-23 00:00:00,2.3,2.4,11,383500,919800,2010-04-23 00:00:00,1
2010-04-26 00:00:00,2010-04-26 00:00:00,2.4,2010-04-26 00:00:00,2.3,2.4,16,151400,363020,2010-04-26 00:00:00,1
2010-04-27 00:00:00,2010-04-27 00:00:00,2.4,2010-04-27 00:00:00,2.3,2.3,21,479100,1123390,2010-04-27 00:00:00,1
2010-04-29 00:00:00,2010-04-29 00:00:00,2.4,2010-04-29 00:00:00,2.3,2.4,30,901500,2150660,2010-04-29 00:00:00,1
2010-04-30 00:00:00,2010-04-30 00:00:00,2.4,2010-04-30 00:00:00,2.4,2.4,4,38600,92640,2010-04-30 00:00:00,1
2010-05-03 00:00:00,2010-05-03 00:00:00,2.6,2010-05-03 00:00:00,2.4,2.5,184,3586800,9167910,2010-05-03 00:00:00,1
2010-05-04 00:00:00,2010-05-04 00:00:00,2.5,2010-05-04 00:00:00,2.4,2.5,54,1400700,3437100,2010-05-04 00:00:00,1
2010-05-05 00:00:00,2010-05-05 00:00:00,2.6,2010-05-05 00:00:00,2.4,2.5,60,593900,1484670,2010-05-05 00:00:00,1
2010-05-06 00:00:00,2010-05-06 00:00:00,2.7,2010-05-06 00:00:00,2.5,2.6,143,3092600,8034670,2010-05-06 00:00:00,1
2010-05-07 00:00:00,2010-05-07 00:00:00,2.7,2010-05-07 00:00:00,2.5,2.6,64,507100,1318650,2010-05-07 00:00:00,1
2010-05-10 00:00:00,2010-05-10 00:00:00,2.7,2010-05-10 00:00:00,2.5,2.6,32,185800,483420,2010-05-10 00:00:00,1
2010-05-11 00:00:00,2010-05-11 00:00:00,2.7,2010-05-11 00:00:00,2.5,2.6,39,818600,2128460,2010-05-11 00:00:00,1
2010-05-12 00:00:00,2010-05-12 00:00:00,2.6,2010-05-12 00:00:00,2.5,2.6,56,946600,2422320,2010-05-12 00:00:00,1
2010-05-13 00:00:00,2010-05-13 00:00:00,2.6,2010-05-13 00:00:00,2.5,2.5,20,181300,470050,2010-05-13 00:00:00,1
2010-05-14 00:00:00,2010-05-14 00:00:00,2.6,2010-05-14 00:00:00,2.5,2.5,20,271100,684260,2010-05-14 00:00:00,1
2010-05-17 00:00:00,2010-05-17 00:00:00,2.6,2010-05-17 00:00:00,2.5,2.5,45,260600,652160,2010-05-17 00:00:00,1
2010-05-18 00:00:00,2010-05-18 00:00:00,2.6,2010-05-18 00:00:00,2.5,2.5,6,65700,166560,2010-05-18 00:00:00,1
2010-05-19 00:00:00,2010-05-19 00:00:00,2.7,2010-05-19 00:00:00,2.5,2.6,71,1617200,4202420,2010-05-19 00:00:00,1
2010-05-20 00:00:00,2010-05-20 00:00:00,2.7,2010-05-20 00:00:00,2.5,2.6,43,504000,1309920,2010-05-20 00:00:00,1
2010-05-21 00:00:00,2010-05-21 00:00:00,2.6,2010-05-21 00:00:00,2.6,2.6,39,666900,1733940,2010-05-21 00:00:00,1
2010-05-24 00:00:00,2010-05-24 00:00:00,2.6,2010-05-24 00:00:00,2.6,2.6,78,931600,2422160,2010-05-24 00:00:00,1
2010-05-25 00:00:00,2010-05-25 00:00:00,2.6,2010-05-25 00:00:00,2.6,2.6,22,75000,195000,2010-05-25 00:00:00,1
2010-05-26 00:00:00,2010-05-26 00:00:00,2.7,2010-05-26 00:00:00,2.5,2.6,38,424600,1104010,2010-05-26 00:00:00,1
2010-05-31 00:00:00,2010-05-31 00:00:00,2.7,2010-05-31 00:00:00,2.6,2.7,87,1430200,3851640,2010-05-31 00:00:00,1
2010-06-01 00:00:00,2010-06-01 00:00:00,2.7,2010-06-01 00:00:00,2.6,2.6,24,214100,565200,2010-06-01 00:00:00,1
2010-06-02 00:00:00,2010-06-02 00:00:00,2.6,2010-06-02 00:00:00,2.6,2.6,14,155800,405080,2010-06-02 00:00:00,1
2010-06-03 00:00:00,2010-06-03 00:00:00,2.6,2010-06-03 00:00:00,2.6,2.6,17,265500,690300,2010-06-03 00:00:00,1
2010-06-04 00:00:00,2010-06-04 00:00:00,2.6,2010-06-04 00:00:00,2.5,2.5,30,261800,677610,2010-06-04 00:00:00,1
2010-06-07 00:00:00,2010-06-07 00:00:00,2.7,2010-06-07 00:00:00,2.5,2.6,17,878500,2283250,2010-06-07 00:00:00,1
2010-06-08 00:00:00,2010-06-08 00:00:00,2.7,2010-06-08 00:00:00,2.6,2.6,15,225800,590160,2010-06-08 00:00:00,1
2010-06-09 00:00:00,2010-06-09 00:00:00,2.6,2010-06-09 00:00:00,2.6,2.6,19,340400,885040,2010-06-09 00:00:00,1
2010-06-10 00:00:00,2010-06-10 00:00:00,2.6,2010-06-10 00:00:00,2.5,2.6,18,123200,320280,2010-06-10 00:00:00,1
2010-06-11 00:00:00,2010-06-11 00:00:00,2.6,2010-06-11 00:00:00,2.4,2.6,71,10276600,24769100,2010-06-11 00:00:00,1
2010-06-14 00:00:00,2010-06-14 00:00:00,2.5,2010-06-14 00:00:00,2.5,2.5,2,10100,25250,2010-06-14 00:00:00,1
2010-06-15 00:00:00,2010-06-15 00:00:00,2.5,2010-06-15 00:00:00,2.5,2.5,3,14000,35000,2010-06-15 00:00:00,1
2010-06-16 00:00:00,2010-06-16 00:00:00,2.6,2010-06-16 00:00:00,2.5,2.5,26,272900,693350,2010-06-16 00:00:00,1
2010-06-17 00:00:00,2010-06-17 00:00:00,2.6,2010-06-17 00:00:00,2.5,2.5,26,607100,1530150,2010-06-17 00:00:00,1
2010-06-21 00:00:00,2010-06-21 00:00:00,2.6,2010-06-21 00:00:00,2.5,2.5,37,894300,2235840,2010-06-21 00:00:00,1
2010-06-22 00:00:00,2010-06-22 00:00:00,2.6,2010-06-22 00:00:00,2.5,2.6,9,112000,290700,2010-06-22 00:00:00,1
2010-06-23 00:00:00,2010-06-23 00:00:00,2.6,2010-06-23 00:00:00,2.5,2.5,35,168000,425000,2010-06-23 00:00:00,1
2010-06-24 00:00:00,2010-06-24 00:00:00,2.5,2010-06-24 00:00:00,2.5,2.5,44,280800,702000,2010-06-24 00:00:00,1
2010-06-28 00:00:00,2010-06-28 00:00:00,2.6,2010-06-28 00:00:00,2.5,2.5,16,121300,303300,2010-06-28 00:00:00,1
2010-06-29 00:00:00,2010-06-29 00:00:00,2.5,2010-06-29 00:00:00,2.5,2.5,54,938000,2345000,2010-06-29 00:00:00,1
2010-06-30 00:00:00,2010-06-30 00:00:00,2.8,2010-06-30 00:00:00,2.5,2.6,210,3352300,9006130,2010-06-30 00:00:00,1
2010-07-01 00:00:00,2010-07-01 00:00:00,2.9,2010-07-01 00:00:00,2.6,2.8,334,7308100,20208620,2010-07-01 00:00:00,1
2010-07-02 00:00:00,2010-07-02 00:00:00,3.3,2010-07-02 00:00:00,2.9,3,1076,34417600,107119910,2010-07-02 00:00:00,1
2010-07-05 00:00:00,2010-07-05 00:00:00,3.2,2010-07-05 00:00:00,2.9,3,221,4121900,12490850,2010-07-05 00:00:00,1
2010-07-06 00:00:00,2010-07-06 00:00:00,3.1,2010-07-06 00:00:00,2.9,2.9,170,4404800,12959430,2010-07-06 00:00:00,1
2010-07-07 00:00:00,2010-07-07 00:00:00,3,2010-07-07 00:00:00,2.7,2.8,104,2790600,7816920,2010-07-07 00:00:00,1
2010-07-08 00:00:00,2010-07-08 00:00:00,3,2010-07-08 00:00:00,2.7,2.9,88,1609500,4571900,2010-07-08 00:00:00,1
2010-07-09 00:00:00,2010-07-09 00:00:00,3,2010-07-09 00:00:00,2.8,2.9,53,639700,1860260,2010-07-09 00:00:00,1
2010-07-12 00:00:00,2010-07-12 00:00:00,2.9,2010-07-12 00:00:00,2.8,2.9,49,871000,2518430,2010-07-12 00:00:00,1
2010-07-13 00:00:00,2010-07-13 00:00:00,3,2010-07-13 00:00:00,2.8,2.9,49,1367200,4003010,2010-07-13 00:00:00,1
2010-07-14 00:00:00,2010-07-14 00:00:00,3.1,2010-07-14 00:00:00,3,3,176,4072700,12224140,2010-07-14 00:00:00,1
2010-07-15 00:00:00,2010-07-15 00:00:00,3.1,2010-07-15 00:00:00,3,3.1,269,6594500,20281970,2010-07-15 00:00:00,1
2010-07-16 00:00:00,2010-07-16 00:00:00,3.1,2010-07-16 00:00:00,3,3,95,3478200,10771320,2010-07-16 00:00:00,1
2010-07-19 00:00:00,2010-07-19 00:00:00,3.1,2010-07-19 00:00:00,3,3.1,61,2113300,6540210,2010-07-19 00:00:00,1
2010-07-20 00:00:00,2010-07-20 00:00:00,3.1,2010-07-20 00:00:00,3,3.1,114,2292700,7105590,2010-07-20 00:00:00,1
2010-07-21 00:00:00,2010-07-21 00:00:00,3.2,2010-07-21 00:00:00,3.1,3.1,117,2884900,8970010,2010-07-21 00:00:00,1
2010-07-22 00:00:00,2010-07-22 00:00:00,3.3,2010-07-22 00:00:00,3.1,3.2,259,4869500,15571150,2010-07-22 00:00:00,1
2010-07-23 00:00:00,2010-07-23 00:00:00,3.2,2010-07-23 00:00:00,3.1,3.2,72,1321300,4212310,2010-07-23 00:00:00,1
2010-07-26 00:00:00,2010-07-26 00:00:00,3.2,2010-07-26 00:00:00,3.1,3.2,68,712300,2271880,2010-07-26 00:00:00,1
2010-07-27 00:00:00,2010-07-27 00:00:00,3.2,2010-07-27 00:00:00,3.1,3.2,71,1534000,4906190,2010-07-27 00:00:00,1
2010-07-28 00:00:00,2010-07-28 00:00:00,3.3,2010-07-28 00:00:00,3.1,3.2,122,4901600,15682220,2010-07-28 00:00:00,1
2010-07-29 00:00:00,2010-07-29 00:00:00,3.3,2010-07-29 00:00:00,3.1,3.2,83,4995400,15637470,2010-07-29 00:00:00,1
2010-07-30 00:00:00,2010-07-30 00:00:00,3.3,2010-07-30 00:00:00,3.1,3.2,91,4601200,14729200,2010-07-30 00:00:00,1
2010-08-02 00:00:00,2010-08-02 00:00:00,3.3,2010-08-02 00:00:00,3.1,3.1,182,2487000,7804450,2010-08-02 00:00:00,1
2010-08-03 00:00:00,2010-08-03 00:00:00,3.5,2010-08-03 00:00:00,3.2,3.4,304,8268800,27460930,2010-08-03 00:00:00,1
2010-08-04 00:00:00,2010-08-04 00:00:00,3.4,2010-08-04 00:00:00,3.2,3.3,207,4528200,15031690,2010-08-04 00:00:00,1
2010-08-05 00:00:00,2010-08-05 00:00:00,3.4,2010-08-05 00:00:00,3.1,3.2,185,3380000,10850580,2010-08-05 00:00:00,1
2010-08-06 00:00:00,2010-08-06 00:00:00,3.3,2010-08-06 00:00:00,3.1,3.2,122,1680700,5390910,2010-08-06 00:00:00,1
2010-08-09 00:00:00,2010-08-09 00:00:00,3.2,2010-08-09 00:00:00,3,3.1,161,2395000,7467630,2010-08-09 00:00:00,1
2010-08-10 00:00:00,2010-08-10 00:00:00,3.3,2010-08-10 00:00:00,2.9,3.3,253,8069200,25034980,2010-08-10 00:00:00,1
2010-08-11 00:00:00,2010-08-11 00:00:00,3.4,2010-08-11 00:00:00,3.2,3.3,137,5444300,17962840,2010-08-11 00:00:00,1
2010-08-12 00:00:00,2010-08-12 00:00:00,3.3,2010-08-12 00:00:00,3.1,3.2,72,561700,1796670,2010-08-12 00:00:00,1
2010-08-13 00:00:00,2010-08-13 00:00:00,3.3,2010-08-13 00:00:00,3.1,3.3,86,1305300,4222010,2010-08-13 00:00:00,1
2010-08-16 00:00:00,2010-08-16 00:00:00,3.3,2010-08-16 00:00:00,3.2,3.3,102,2514000,8237310,2010-08-16 00:00:00,1
2010-08-17 00:00:00,2010-08-17 00:00:00,3.4,2010-08-17 00:00:00,3.2,3.3,131,5614900,18529360,2010-08-17 00:00:00,1
2010-08-18 00:00:00,2010-08-18 00:00:00,3.4,2010-08-18 00:00:00,3.3,3.3,187,5570300,18534100,2010-08-18 00:00:00,1
2010-08-19 00:00:00,2010-08-19 00:00:00,3.4,2010-08-19 00:00:00,3.3,3.3,154,3532800,11687640,2010-08-19 00:00:00,1
2010-08-20 00:00:00,2010-08-20 00:00:00,3.4,2010-08-20 00:00:00,3.3,3.3,96,1027500,3391680,2010-08-20 00:00:00,1
2010-08-23 00:00:00,2010-08-23 00:00:00,3.4,2010-08-23 00:00:00,3.2,3.3,34,355100,1160700,2010-08-23 00:00:00,1
2010-08-25 00:00:00,2010-08-25 00:00:00,3.3,2010-08-25 00:00:00,3.2,3.2,110,1789600,5733020,2010-08-25 00:00:00,1
2010-08-26 00:00:00,2010-08-26 00:00:00,3.3,2010-08-26 00:00:00,3.1,3.3,47,343200,1101480,2010-08-26 00:00:00,1
2010-08-27 00:00:00,2010-08-27 00:00:00,3.3,2010-08-27 00:00:00,3.2,3.2,33,501400,1610300,2010-08-27 00:00:00,1
2010-08-30 00:00:00,2010-08-30 00:00:00,3.3,2010-08-30 00:00:00,3.2,3.2,98,1645200,5273750,2010-08-30 00:00:00,1
2010-08-31 00:00:00,2010-08-31 00:00:00,3.3,2010-08-31 00:00:00,3.1,3.2,78,987900,3134130,2010-08-31 00:00:00,1
2010-09-01 00:00:00,2010-09-01 00:00:00,3.2,2010-09-01 00:00:00,3.1,3.1,24,296200,938040,2010-09-01 00:00:00,1
2010-09-02 00:00:00,2010-09-02 00:00:00,3.3,2010-09-02 00:00:00,3.2,3.3,64,740900,2378320,2010-09-02 00:00:00,1
2010-09-03 00:00:00,2010-09-03 00:00:00,3.4,2010-09-03 00:00:00,3.2,3.2,87,1150300,3688630,2010-09-03 00:00:00,1
2010-09-06 00:00:00,2010-09-06 00:00:00,3.3,2010-09-06 00:00:00,3.2,3.2,70,761300,2440330,2010-09-06 00:00:00,1
2010-09-07 00:00:00,2010-09-07 00:00:00,3.3,2010-09-07 00:00:00,3.2,3.2,99,2162400,7000240,2010-09-07 00:00:00,1
2010-09-08 00:00:00,2010-09-08 00:00:00,3.2,2010-09-08 00:00:00,3.1,3.2,71,1200600,3840920,2010-09-08 00:00:00,1
2010-09-09 00:00:00,2010-09-09 00:00:00,3.3,2010-09-09 00:00:00,3.1,3.2,90,2327700,7447740,2010-09-09 00:00:00,1
2010-09-13 00:00:00,2010-09-13 00:00:00,3.5,2010-09-13 00:00:00,3.2,3.3,127,8527300,27623290,2010-09-13 00:00:00,1
2010-09-14 00:00:00,2010-09-14 00:00:00,3.6,2010-09-14 00:00:00,3.2,3.6,616,22297700,77920230,2010-09-14 00:00:00,1
2010-09-15 00:00:00,2010-09-15 00:00:00,3.9,2010-09-15 00:00:00,3.7,3.9,1016,22091600,85386770,2010-09-15 00:00:00,1
2010-09-16 00:00:00,2010-09-16 00:00:00,4.1,2010-09-16 00:00:00,3.9,4,566,9685800,38592430,2010-09-16 00:00:00,1
2010-09-17 00:00:00,2010-09-17 00:00:00,4,2010-09-17 00:00:00,3.8,3.9,307,4355800,17019990,2010-09-17 00:00:00,1
2010-09-20 00:00:00,2010-09-20 00:00:00,4.1,2010-09-20 00:00:00,3.8,4,176,4607600,18096990,2010-09-20 00:00:00,1
2010-09-21 00:00:00,2010-09-21 00:00:00,4,2010-09-21 00:00:00,3.7,3.8,225,2217300,8444240,2010-09-21 00:00:00,1
2010-09-23 00:00:00,2010-09-23 00:00:00,3.9,2010-09-23 00:00:00,3.7,3.8,142,1919900,7316550,2010-09-23 00:00:00,1
2010-09-24 00:00:00,2010-09-24 00:00:00,4,2010-09-24 00:00:00,3.8,3.8,200,4696100,18141920,2010-09-24 00:00:00,1
2010-09-27 00:00:00,2010-09-27 00:00:00,3.9,2010-09-27 00:00:00,3.8,3.9,173,5562700,21546380,2010-09-27 00:00:00,1
2010-09-28 00:00:00,2010-09-28 00:00:00,4,2010-09-28 00:00:00,3.8,3.9,140,2692900,10492270,2010-09-28 00:00:00,1
2010-09-29 00:00:00,2010-09-29 00:00:00,4.1,2010-09-29 00:00:00,3.8,4.1,347,7374000,29502210,2010-09-29 00:00:00,1
2010-09-30 00:00:00,2010-09-30 00:00:00,4.3,2010-09-30 00:00:00,4,4.1,319,3454900,14364110,2010-09-30 00:00:00,1
2010-10-01 00:00:00,2010-10-01 00:00:00,4.2,2010-10-01 00:00:00,4,4.2,263,6210700,25917820,2010-10-01 00:00:00,1
2010-10-04 00:00:00,2010-10-04 00:00:00,4.2,2010-10-04 00:00:00,4,4,200,4102500,16639580,2010-10-04 00:00:00,1
2010-10-05 00:00:00,2010-10-05 00:00:00,4,2010-10-05 00:00:00,3.9,4,156,5151100,20598640,2010-10-05 00:00:00,1
2010-10-06 00:00:00,2010-10-06 00:00:00,4,2010-10-06 00:00:00,3.8,3.8,126,1258800,4900250,2010-10-06 00:00:00,1
2010-10-07 00:00:00,2010-10-07 00:00:00,3.9,2010-10-07 00:00:00,3.5,3.7,230,2833200,10658910,2010-10-07 00:00:00,1
2010-10-08 00:00:00,2010-10-08 00:00:00,3.9,2010-10-08 00:00:00,3.6,3.9,113,1162500,4288300,2010-10-08 00:00:00,1
2010-10-11 00:00:00,2010-10-11 00:00:00,4,2010-10-11 00:00:00,3.8,3.9,76,664100,2593780,2010-10-11 00:00:00,1
2010-10-12 00:00:00,2010-10-12 00:00:00,3.8,2010-10-12 00:00:00,3.5,3.6,197,4879400,18149940,2010-10-12 00:00:00,1
2010-10-13 00:00:00,2010-10-13 00:00:00,3.6,2010-10-13 00:00:00,3.3,3.6,195,2061800,7099000,2010-10-13 00:00:00,1
2010-10-14 00:00:00,2010-10-14 00:00:00,3.8,2010-10-14 00:00:00,3.6,3.6,101,766900,2809830,2010-10-14 00:00:00,1
2010-10-15 00:00:00,2010-10-15 00:00:00,3.8,2010-10-15 00:00:00,3.5,3.6,66,1557600,5636030,2010-10-15 00:00:00,1
2010-10-18 00:00:00,2010-10-18 00:00:00,3.8,2010-10-18 00:00:00,3.6,3.6,64,796200,2881980,2010-10-18 00:00:00,1
2010-10-19 00:00:00,2010-10-19 00:00:00,3.8,2010-10-19 00:00:00,3.6,3.7,104,1960600,7164770,2010-10-19 00:00:00,1
2010-10-20 00:00:00,2010-10-20 00:00:00,3.7,2010-10-20 00:00:00,3.6,3.6,58,852900,3081990,2010-10-20 00:00:00,1
2010-10-21 00:00:00,2010-10-21 00:00:00,3.7,2010-10-21 00:00:00,3.5,3.6,60,1345400,4844670,2010-10-21 00:00:00,1
2010-10-25 00:00:00,2010-10-25 00:00:00,3.6,2010-10-25 00:00:00,3.5,3.6,41,363400,1300410,2010-10-25 00:00:00,1
2010-10-26 00:00:00,2010-10-26 00:00:00,3.6,2010-10-26 00:00:00,3.5,3.5,37,256000,898580,2010-10-26 00:00:00,1
2010-10-27 00:00:00,2010-10-27 00:00:00,3.5,2010-10-27 00:00:00,3.4,3.4,43,287700,1004490,2010-10-27 00:00:00,1
2010-10-28 00:00:00,2010-10-28 00:00:00,3.6,2010-10-28 00:00:00,3.4,3.4,101,826600,2886270,2010-10-28 00:00:00,1
2010-10-29 00:00:00,2010-10-29 00:00:00,3.9,2010-10-29 00:00:00,3.4,3.8,235,4928500,18409250,2010-10-29 00:00:00,1
2010-11-01 00:00:00,2010-11-01 00:00:00,4,2010-11-01 00:00:00,3.8,3.8,126,1387800,5480000,2010-11-01 00:00:00,1
2010-11-02 00:00:00,2010-11-02 00:00:00,4.1,2010-11-02 00:00:00,3.9,4.1,464,9459100,37877260,2010-11-02 00:00:00,1
2010-11-03 00:00:00,2010-11-03 00:00:00,5.1,2010-11-03 00:00:00,4.1,4.8,1520,29787400,138062120,2010-11-03 00:00:00,1
2010-11-04 00:00:00,2010-11-04 00:00:00,5,2010-11-04 00:00:00,4.7,4.8,350,4702900,22834750,2010-11-04 00:00:00,1
2010-11-08 00:00:00,2010-11-08 00:00:00,4.8,2010-11-08 00:00:00,4.5,4.6,203,2744000,12702080,2010-11-08 00:00:00,1
2010-11-09 00:00:00,2010-11-09 00:00:00,4.6,2010-11-09 00:00:00,4.4,4.5,138,1027500,4622030,2010-11-09 00:00:00,1
2010-11-10 00:00:00,2010-11-10 00:00:00,4.6,2010-11-10 00:00:00,4.4,4.4,151,1681800,7493480,2010-11-10 00:00:00,1
2010-11-11 00:00:00,2010-11-11 00:00:00,4.6,2010-11-11 00:00:00,4.4,4.5,115,1042700,4668810,2010-11-11 00:00:00,1
2010-11-12 00:00:00,2010-11-12 00:00:00,4.8,2010-11-12 00:00:00,4.6,4.7,243,3323600,15515360,2010-11-12 00:00:00,1
2010-11-15 00:00:00,2010-11-15 00:00:00,4.8,2010-11-15 00:00:00,4.5,4.6,166,1511800,6985390,2010-11-15 00:00:00,1
2010-11-16 00:00:00,2010-11-16 00:00:00,4.7,2010-11-16 00:00:00,4.5,4.6,89,778100,3578410,2010-11-16 00:00:00,1
2010-11-18 00:00:00,2010-11-18 00:00:00,5.1,2010-11-18 00:00:00,4.6,5,558,12326300,60944300,2010-11-18 00:00:00,1
2010-11-22 00:00:00,2010-11-22 00:00:00,5.7,2010-11-22 00:00:00,5.1,5.6,981,14561900,79810650,2010-11-22 00:00:00,1
2010-11-23 00:00:00,2010-11-23 00:00:00,5.9,2010-11-23 00:00:00,5.5,5.6,377,4128500,23363050,2010-11-23 00:00:00,1
2010-11-24 00:00:00,2010-11-24 00:00:00,5.6,2010-11-24 00:00:00,5.4,5.5,212,2624900,14534470,2010-11-24 00:00:00,1
2010-11-25 00:00:00,2010-11-25 00:00:00,5.5,2010-11-25 00:00:00,5.3,5.4,137,907800,4904720,2010-11-25 00:00:00,1
2010-11-26 00:00:00,2010-11-26 00:00:00,5.6,2010-11-26 00:00:00,5.3,5.4,124,1052500,5792940,2010-11-26 00:00:00,1
2010-11-29 00:00:00,2010-11-29 00:00:00,5.5,2010-11-29 00:00:00,5,5.2,155,2310400,12013520,2010-11-29 00:00:00,1
2010-11-30 00:00:00,2010-11-30 00:00:00,6,2010-11-30 00:00:00,5.4,5.9,599,13114600,75413750,2010-11-30 00:00:00,1
2010-12-01 00:00:00,2010-12-01 00:00:00,6.8,2010-12-01 00:00:00,6,6.5,1266,23249800,151284070,2010-12-01 00:00:00,1
2010-12-02 00:00:00,2010-12-02 00:00:00,6.9,2010-12-02 00:00:00,6.4,6.7,433,6415900,42659550,2010-12-02 00:00:00,1
2010-12-03 00:00:00,2010-12-03 00:00:00,6.7,2010-12-03 00:00:00,6.4,6.6,161,1669900,10957540,2010-12-03 00:00:00,1
2010-12-06 00:00:00,2010-12-06 00:00:00,7.6,2010-12-06 00:00:00,6.6,7.5,1543,23966100,171968720,2010-12-06 00:00:00,1
2010-12-07 00:00:00,2010-12-07 00:00:00,8.7,2010-12-07 00:00:00,7.7,7.9,2183,36650300,296199420,2010-12-07 00:00:00,1
2010-12-08 00:00:00,2010-12-08 00:00:00,7.9,2010-12-08 00:00:00,7.5,7.6,402,4096500,31351340,2010-12-08 00:00:00,1
2010-12-09 00:00:00,2010-12-09 00:00:00,7.9,2010-12-09 00:00:00,7.4,7.8,418,2611500,19966160,2010-12-09 00:00:00,1
2010-12-10 00:00:00,2010-12-10 00:00:00,8.1,2010-12-10 00:00:00,7.7,7.7,420,3028600,23999820,2010-12-10 00:00:00,1
2010-12-13 00:00:00,2010-12-13 00:00:00,7.9,2010-12-13 00:00:00,7.6,7.7,212,1620200,12545660,2010-12-13 00:00:00,1
2010-12-14 00:00:00,2010-12-14 00:00:00,7.9,2010-12-14 00:00:00,7.6,7.6,132,886900,6789470,2010-12-14 00:00:00,1
2010-12-15 00:00:00,2010-12-15 00:00:00,7.8,2010-12-15 00:00:00,7.5,7.5,185,1134500,8562640,2010-12-15 00:00:00,1
2010-12-16 00:00:00,2010-12-16 00:00:00,7.6,2010-12-16 00:00:00,7.3,7.4,163,725600,5402930,2010-12-16 00:00:00,1
2010-12-17 00:00:00,2010-12-17 00:00:00,7.4,2010-12-17 00:00:00,7.2,7.3,126,709000,5158750,2010-12-17 00:00:00,1
2010-12-21 00:00:00,2010-12-21 00:00:00,7.7,2010-12-21 00:00:00,7.3,7.7,303,3248300,24690660,2010-12-21 00:00:00,1
2010-12-22 00:00:00,2010-12-22 00:00:00,8.3,2010-12-22 00:00:00,7.7,8,851,9039700,72748390,2010-12-22 00:00:00,1
2010-12-23 00:00:00,2010-12-23 00:00:00,8.2,2010-12-23 00:00:00,8,8,342,2794800,22448440,2010-12-23 00:00:00,1
2010-12-24 00:00:00,2010-12-24 00:00:00,8.1,2010-12-24 00:00:00,7.9,8,87,241600,1929240,2010-12-24 00:00:00,1
2010-12-27 00:00:00,2010-12-27 00:00:00,8.2,2010-12-27 00:00:00,7.9,8.1,230,2833100,22830490,2010-12-27 00:00:00,1
2010-12-28 00:00:00,2010-12-28 00:00:00,8.2,2010-12-28 00:00:00,7.9,8,171,1083800,8685140,2010-12-28 00:00:00,1
2010-12-29 00:00:00,2010-12-29 00:00:00,8,2010-12-29 00:00:00,7.9,7.9,146,710800,5633440,2010-12-29 00:00:00,1
2010-12-30 00:00:00,2010-12-30 00:00:00,7.9,2010-12-30 00:00:00,7.5,7.8,405,3724500,28837680,2010-12-30 00:00:00,1
2010-12-31 00:00:00,2010-12-31 00:00:00,7.9,2010-12-31 00:00:00,7.7,7.8,186,1144100,8925470,2010-12-31 00:00:00,1
Company Id :  GOOD,,Security Type :  N,,Sub Type :  0000,,,,,,
Short Name :  GOOD HOPE,,,,,,,,,,
Day,Date High,High,Date Low,Low,Closing,No. of Trades,No. of Shares,Turnover,Last Traded,Days Traded
2010-01-04 00:00:00,2010-01-04 00:00:00,420,2010-01-04 00:00:00,420,420,2,600,252000,2010-01-04 00:00:00,1
2010-01-06 00:00:00,2010-01-06 00:00:00,405,2010-01-06 00:00:00,405,405,5,4100,1660500,2010-01-06 00:00:00,1
2010-01-07 00:00:00,2010-01-07 00:00:00,400,2010-01-07 00:00:00,400,400,1,100,40000,2010-01-07 00:00:00,1
2010-01-11 00:00:00,2010-01-11 00:00:00,400,2010-01-11 00:00:00,400,400,2,500,200000,2010-01-11 00:00:00,1
2010-01-13 00:00:00,2010-01-13 00:00:00,400,2010-01-13 00:00:00,400,400,1,100,40000,2010-01-13 00:00:00,1
2010-01-15 00:00:00,2010-01-15 00:00:00,400,2010-01-15 00:00:00,400,400,3,600,240000,2010-01-15 00:00:00,1
2010-01-18 00:00:00,2010-01-18 00:00:00,400,2010-01-18 00:00:00,400,400,3,300,120000,2010-01-18 00:00:00,1
2010-01-20 00:00:00,2010-01-20 00:00:00,435,2010-01-20 00:00:00,399,411.25,3,300,123400,2010-01-20 00:00:00,1
2010-01-22 00:00:00,2010-01-22 00:00:00,400,2010-01-22 00:00:00,400,400,2,300,120000,2010-01-22 00:00:00,1
2010-01-25 00:00:00,2010-01-25 00:00:00,400,2010-01-25 00:00:00,400,400,1,300,120000,2010-01-25 00:00:00,1
2010-02-24 00:00:00,2010-02-24 00:00:00,410,2010-02-24 00:00:00,410,410,1,400,164000,2010-02-24 00:00:00,1
2010-03-01 00:00:00,2010-03-01 00:00:00,410,2010-03-01 00:00:00,410,410,1,15000,6150000,2010-03-01 00:00:00,1
2010-03-02 00:00:00,2010-03-02 00:00:00,430,2010-03-02 00:00:00,410,414.25,4,2300,953000,2010-03-02 00:00:00,1
2010-03-03 00:00:00,2010-03-03 00:00:00,410,2010-03-03 00:00:00,410,410,1,200,82000,2010-03-03 00:00:00,1
2010-03-04 00:00:00,2010-03-04 00:00:00,430,2010-03-04 00:00:00,410,430,3,400,170000,2010-03-04 00:00:00,1
2010-03-05 00:00:00,2010-03-05 00:00:00,450,2010-03-05 00:00:00,411,422,9,2400,1021900,2010-03-05 00:00:00,1
2010-03-11 00:00:00,2010-03-11 00:00:00,420,2010-03-11 00:00:00,420,420,1,100,42000,2010-03-11 00:00:00,1
2010-03-12 00:00:00,2010-03-12 00:00:00,415,2010-03-12 00:00:00,412,414.5,4,600,248700,2010-03-12 00:00:00,1
2010-03-15 00:00:00,2010-03-15 00:00:00,416,2010-03-15 00:00:00,414.5,416,6,1400,581800,2010-03-15 00:00:00,1
2010-03-16 00:00:00,2010-03-16 00:00:00,416,2010-03-16 00:00:00,405,405,3,20300,8223700,2010-03-16 00:00:00,1
2010-03-23 00:00:00,2010-03-23 00:00:00,394,2010-03-23 00:00:00,394,394,2,200,78800,2010-03-23 00:00:00,1
2010-03-30 00:00:00,2010-03-30 00:00:00,,2010-03-30 00:00:00,,,1,60525,22696875,2010-03-30 00:00:00,1
2010-05-05 00:00:00,2010-05-05 00:00:00,450,2010-05-05 00:00:00,450,450,1,5000,2250000,2010-05-05 00:00:00,1
2010-05-14 00:00:00,2010-05-14 00:00:00,390,2010-05-14 00:00:00,390,390,1,100,39000,2010-05-14 00:00:00,1
2010-05-17 00:00:00,2010-05-17 00:00:00,400,2010-05-17 00:00:00,400,400,1,100,40000,2010-05-17 00:00:00,1
2010-05-19 00:00:00,2010-05-19 00:00:00,400,2010-05-19 00:00:00,400,400,4,700,280000,2010-05-19 00:00:00,1
2010-05-20 00:00:00,2010-05-20 00:00:00,420,2010-05-20 00:00:00,420,420,1,400,168000,2010-05-20 00:00:00,1
2010-05-31 00:00:00,2010-05-31 00:00:00,400,2010-05-31 00:00:00,350,399.25,14,7900,2780825,2010-05-31 00:00:00,1
2010-06-11 00:00:00,2010-06-11 00:00:00,425,2010-06-11 00:00:00,400,403.5,3,700,282500,2010-06-11 00:00:00,1
2010-06-14 00:00:00,2010-06-14 00:00:00,450,2010-06-14 00:00:00,425,426.25,14,5000,2174975,2010-06-14 00:00:00,1
2010-06-15 00:00:00,2010-06-15 00:00:00,449,2010-06-15 00:00:00,425,427,8,1600,695000,2010-06-15 00:00:00,1
2010-06-16 00:00:00,2010-06-16 00:00:00,425,2010-06-16 00:00:00,425,425,5,1300,552500,2010-06-16 00:00:00,1
2010-06-21 00:00:00,2010-06-21 00:00:00,415,2010-06-21 00:00:00,415,415,1,100,41500,2010-06-21 00:00:00,1
2010-06-23 00:00:00,2010-06-23 00:00:00,420,2010-06-23 00:00:00,420,420,7,1000,420000,2010-06-23 00:00:00,1
2010-06-28 00:00:00,2010-06-28 00:00:00,470,2010-06-28 00:00:00,425,470,4,98200,41739500,2010-06-28 00:00:00,1
2010-07-02 00:00:00,2010-07-02 00:00:00,450,2010-07-02 00:00:00,450,450,3,10700,4815000,2010-07-02 00:00:00,1
2010-07-05 00:00:00,2010-07-05 00:00:00,450,2010-07-05 00:00:00,450,450,2,400,180000,2010-07-05 00:00:00,1
2010-07-06 00:00:00,2010-07-06 00:00:00,450,2010-07-06 00:00:00,450,450,2,300,135000,2010-07-06 00:00:00,1
2010-07-09 00:00:00,2010-07-09 00:00:00,425,2010-07-09 00:00:00,420,422.5,2,200,84500,2010-07-09 00:00:00,1
2010-07-15 00:00:00,2010-07-15 00:00:00,470,2010-07-15 00:00:00,450,450,3,400,182000,2010-07-15 00:00:00,1
2010-07-30 00:00:00,2010-07-30 00:00:00,460,2010-07-30 00:00:00,450,455,2,200,91000,2010-07-30 00:00:00,1
2010-08-03 00:00:00,2010-08-03 00:00:00,455,2010-08-03 00:00:00,455,455,1,100,45500,2010-08-03 00:00:00,1
2010-08-10 00:00:00,2010-08-10 00:00:00,500,2010-08-10 00:00:00,500,500,1,100,50000,2010-08-10 00:00:00,1
2010-08-13 00:00:00,2010-08-13 00:00:00,500,2010-08-13 00:00:00,500,500,1,200,100000,2010-08-13 00:00:00,1
2010-08-16 00:00:00,2010-08-16 00:00:00,550,2010-08-16 00:00:00,500,545,13,2200,1143000,2010-08-16 00:00:00,1
2010-08-17 00:00:00,2010-08-17 00:00:00,599.5,2010-08-17 00:00:00,550,599.5,33,5900,3373000,2010-08-17 00:00:00,1
2010-08-18 00:00:00,2010-08-18 00:00:00,658.3,2010-08-18 00:00:00,658,658.1,20,3700,2434860,2010-08-18 00:00:00,1
2010-08-19 00:00:00,2010-08-19 00:00:00,723,2010-08-19 00:00:00,700,700,28,5100,3631400,2010-08-19 00:00:00,1
2010-08-20 00:00:00,2010-08-20 00:00:00,705,2010-08-20 00:00:00,640,658.8,8,11100,7776400,2010-08-20 00:00:00,1
2010-08-25 00:00:00,2010-08-25 00:00:00,593,2010-08-25 00:00:00,593,593,1,100,59300,2010-08-25 00:00:00,1
2010-08-26 00:00:00,2010-08-26 00:00:00,593,2010-08-26 00:00:00,593,593,1,100,59300,2010-08-26 00:00:00,1
2010-08-27 00:00:00,2010-08-27 00:00:00,650,2010-08-27 00:00:00,649.9,650,4,1100,714960,2010-08-27 00:00:00,1
2010-08-30 00:00:00,2010-08-30 00:00:00,650,2010-08-30 00:00:00,650,650,1,300,195000,2010-08-30 00:00:00,1
2010-08-31 00:00:00,2010-08-31 00:00:00,700,2010-08-31 00:00:00,650,665.7,7,10800,7200000,2010-08-31 00:00:00,1
2010-09-01 00:00:00,2010-09-01 00:00:00,650,2010-09-01 00:00:00,650,650,1,400,260000,2010-09-01 00:00:00,1
2010-09-02 00:00:00,2010-09-02 00:00:00,715,2010-09-02 00:00:00,651,682.5,6,10900,7436950,2010-09-02 00:00:00,1
2010-09-15 00:00:00,2010-09-15 00:00:00,640,2010-09-15 00:00:00,640,640,2,200,128000,2010-09-15 00:00:00,1
2010-09-16 00:00:00,2010-09-16 00:00:00,625,2010-09-16 00:00:00,625,625,1,100,62500,2010-09-16 00:00:00,1
2010-09-17 00:00:00,2010-09-17 00:00:00,625,2010-09-17 00:00:00,625,625,1,100,62500,2010-09-17 00:00:00,1
2010-10-11 00:00:00,2010-10-11 00:00:00,625,2010-10-11 00:00:00,625,625,1,100,62500,2010-10-11 00:00:00,1
2010-10-27 00:00:00,2010-10-27 00:00:00,600,2010-10-27 00:00:00,599.9,600,2,200,119990,2010-10-27 00:00:00,1
2010-11-01 00:00:00,2010-11-01 00:00:00,600,2010-11-01 00:00:00,600,600,1,100,60000,2010-11-01 00:00:00,1
2010-12-01 00:00:00,2010-12-01 00:00:00,545,2010-12-01 00:00:00,540,542.5,3,400,216500,2010-12-01 00:00:00,1
2010-12-07 00:00:00,2010-12-07 00:00:00,525,2010-12-07 00:00:00,525,525,1,1000,525000,2010-12-07 00:00:00,1
2010-12-15 00:00:00,2010-12-15 00:00:00,500.1,2010-12-15 00:00:00,500.1,500.1,2,700,350070,2010-12-15 00:00:00,1
2010-12-21 00:00:00,2010-12-21 00:00:00,500,2010-12-21 00:00:00,500,500,1,2000,1000000,2010-12-21 00:00:00,1
2010-12-22 00:00:00,2010-12-22 00:00:00,500,2010-12-22 00:00:00,500,500,1,300,150000,2010-12-22 00:00:00,1
2010-12-27 00:00:00,2010-12-27 00:00:00,590,2010-12-27 00:00:00,500,513.2,7,7100,3641000,2010-12-27 00:00:00,1
2010-12-30 00:00:00,2010-12-30 00:00:00,550,2010-12-30 00:00:00,550,550,2,1000,550000,2010-12-30 00:00:00,1
Company Id :  GRAN,,Security Type :  N,,Sub Type :  0000,,,,,,
Short Name :  GRAIN ELEVATORS,,,,,,,,,,
Day,Date High,High,Date Low,Low,Closing,No. of Trades,No. of Shares,Turnover,Last Traded,Days Traded
2010-01-04 00:00:00,2010-01-04 00:00:00,14.5,2010-01-04 00:00:00,14,14.5,23,81500,1173575,2010-01-04 00:00:00,1
2010-01-05 00:00:00,2010-01-05 00:00:00,14.25,2010-01-05 00:00:00,14.25,14.25,8,7800,111150,2010-01-05 00:00:00,1
2010-01-06 00:00:00,2010-01-06 00:00:00,14.5,2010-01-06 00:00:00,14,14,7,9300,131150,2010-01-06 00:00:00,1
2010-01-07 00:00:00,2010-01-07 00:00:00,14,2010-01-07 00:00:00,13.5,13.75,13,13000,179375,2010-01-07 00:00:00,1
2010-01-08 00:00:00,2010-01-08 00:00:00,14,2010-01-08 00:00:00,13.75,13.75,15,15600,214525,2010-01-08 00:00:00,1
2010-01-11 00:00:00,2010-01-11 00:00:00,13.5,2010-01-11 00:00:00,13.25,13.25,19,24600,330850,2010-01-11 00:00:00,1
2010-01-12 00:00:00,2010-01-12 00:00:00,13.25,2010-01-12 00:00:00,13,13.25,34,58800,770825,2010-01-12 00:00:00,1
2010-01-13 00:00:00,2010-01-13 00:00:00,14,2010-01-13 00:00:00,13.5,13.5,8,14100,190650,2010-01-13 00:00:00,1
2010-01-15 00:00:00,2010-01-15 00:00:00,15.25,2010-01-15 00:00:00,13.75,14.5,132,343400,5052425,2010-01-15 00:00:00,1
2010-01-18 00:00:00,2010-01-18 00:00:00,14.75,2010-01-18 00:00:00,14,14,14,20200,283925,2010-01-18 00:00:00,1
2010-01-19 00:00:00,2010-01-19 00:00:00,14,2010-01-19 00:00:00,13.75,14,17,59800,831850,2010-01-19 00:00:00,1
2010-01-20 00:00:00,2010-01-20 00:00:00,13.75,2010-01-20 00:00:00,13.75,13.75,5,20000,275000,2010-01-20 00:00:00,1
2010-01-21 00:00:00,2010-01-21 00:00:00,14,2010-01-21 00:00:00,13.75,13.75,5,6400,88025,2010-01-21 00:00:00,1
2010-01-22 00:00:00,2010-01-22 00:00:00,13.75,2010-01-22 00:00:00,13.5,13.5,28,46400,631925,2010-01-22 00:00:00,1
2010-01-25 00:00:00,2010-01-25 00:00:00,13.75,2010-01-25 00:00:00,13.5,13.75,19,32100,435100,2010-01-25 00:00:00,1
2010-01-26 00:00:00,2010-01-26 00:00:00,14.25,2010-01-26 00:00:00,13,13.25,19,63300,842250,2010-01-26 00:00:00,1
2010-01-28 00:00:00,2010-01-28 00:00:00,14,2010-01-28 00:00:00,12.75,13.75,27,135300,1860025,2010-01-28 00:00:00,1
2010-02-01 00:00:00,2010-02-01 00:00:00,14.5,2010-02-01 00:00:00,14.25,14.25,26,53400,761450,2010-02-01 00:00:00,1
2010-02-02 00:00:00,2010-02-02 00:00:00,14.75,2010-02-02 00:00:00,14.25,14.25,30,109300,1571275,2010-02-02 00:00:00,1
2010-02-03 00:00:00,2010-02-03 00:00:00,14.5,2010-02-03 00:00:00,14.25,14.5,26,66400,959975,2010-02-03 00:00:00,1
2010-02-05 00:00:00,2010-02-05 00:00:00,14.5,2010-02-05 00:00:00,14,14.5,33,65700,949400,2010-02-05 00:00:00,1
2010-02-08 00:00:00,2010-02-08 00:00:00,15,2010-02-08 00:00:00,14.25,14.5,53,308800,4594475,2010-02-08 00:00:00,1
2010-02-09 00:00:00,2010-02-09 00:00:00,14.75,2010-02-09 00:00:00,14.25,14.25,41,81900,1184975,2010-02-09 00:00:00,1
2010-02-10 00:00:00,2010-02-10 00:00:00,16.25,2010-02-10 00:00:00,14.25,16,350,1295500,20032525,2010-02-10 00:00:00,1
2010-02-11 00:00:00,2010-02-11 00:00:00,18.5,2010-02-11 00:00:00,16.5,17,506,1434200,25155975,2010-02-11 00:00:00,1
2010-02-12 00:00:00,2010-02-12 00:00:00,17.5,2010-02-12 00:00:00,16,16.75,115,196400,3212925,2010-02-12 00:00:00,1
2010-02-15 00:00:00,2010-02-15 00:00:00,16.75,2010-02-15 00:00:00,16,16.25,32,91600,1495550,2010-02-15 00:00:00,1
2010-02-16 00:00:00,2010-02-16 00:00:00,16,2010-02-16 00:00:00,15.75,15.75,32,31000,488700,2010-02-16 00:00:00,1
2010-02-17 00:00:00,2010-02-17 00:00:00,16.5,2010-02-17 00:00:00,15.75,16,24,19200,306200,2010-02-17 00:00:00,1
2010-02-18 00:00:00,2010-02-18 00:00:00,16,2010-02-18 00:00:00,15.75,15.75,21,36200,570450,2010-02-18 00:00:00,1
2010-02-19 00:00:00,2010-02-19 00:00:00,15.75,2010-02-19 00:00:00,15.25,15.5,31,53100,823450,2010-02-19 00:00:00,1
2010-02-22 00:00:00,2010-02-22 00:00:00,17,2010-02-22 00:00:00,15.25,16.25,108,211200,3441625,2010-02-22 00:00:00,1
2010-02-23 00:00:00,2010-02-23 00:00:00,18.75,2010-02-23 00:00:00,16.25,18,463,1444600,25611325,2010-02-23 00:00:00,1
2010-02-24 00:00:00,2010-02-24 00:00:00,19.75,2010-02-24 00:00:00,18,19.25,645,2004200,38065725,2010-02-24 00:00:00,1
2010-02-25 00:00:00,2010-02-25 00:00:00,19.5,2010-02-25 00:00:00,17.75,18,163,437400,8081300,2010-02-25 00:00:00,1
2010-02-26 00:00:00,2010-02-26 00:00:00,19,2010-02-26 00:00:00,18.5,18.5,45,67300,1250200,2010-02-26 00:00:00,1
2010-03-01 00:00:00,2010-03-01 00:00:00,18.75,2010-03-01 00:00:00,17.75,17.75,90,125900,2283600,2010-03-01 00:00:00,1
2010-03-02 00:00:00,2010-03-02 00:00:00,18,2010-03-02 00:00:00,17.5,17.75,46,123400,2204325,2010-03-02 00:00:00,1
2010-03-03 00:00:00,2010-03-03 00:00:00,17.75,2010-03-03 00:00:00,17.25,17.5,32,50100,879225,2010-03-03 00:00:00,1
2010-03-04 00:00:00,2010-03-04 00:00:00,19,2010-03-04 00:00:00,17.75,18.25,126,361300,6686700,2010-03-04 00:00:00,1
2010-03-05 00:00:00,2010-03-05 00:00:00,19,2010-03-05 00:00:00,18.25,18.75,132,223600,4163625,2010-03-05 00:00:00,1
2010-03-08 00:00:00,2010-03-08 00:00:00,19.25,2010-03-08 00:00:00,18.75,19.25,139,352800,6706925,2010-03-08 00:00:00,1
2010-03-09 00:00:00,2010-03-09 00:00:00,19.5,2010-03-09 00:00:00,18.5,18.5,82,366500,6881675,2010-03-09 00:00:00,1
2010-03-10 00:00:00,2010-03-10 00:00:00,18.75,2010-03-10 00:00:00,18.25,18.5,32,72900,1355650,2010-03-10 00:00:00,1
2010-03-11 00:00:00,2010-03-11 00:00:00,19,2010-03-11 00:00:00,18.25,18.75,31,54800,1026725,2010-03-11 00:00:00,1
2010-03-12 00:00:00,2010-03-12 00:00:00,18.75,2010-03-12 00:00:00,18.5,18.5,20,41000,761200,2010-03-12 00:00:00,1
2010-03-15 00:00:00,2010-03-15 00:00:00,19,2010-03-15 00:00:00,18.25,18.5,33,41700,777600,2010-03-15 00:00:00,1
2010-03-16 00:00:00,2010-03-16 00:00:00,18.5,2010-03-16 00:00:00,18,18.25,23,30000,551850,2010-03-16 00:00:00,1
2010-03-17 00:00:00,2010-03-17 00:00:00,18.75,2010-03-17 00:00:00,18.25,18.5,26,42400,784175,2010-03-17 00:00:00,1
2010-03-18 00:00:00,2010-03-18 00:00:00,18.5,2010-03-18 00:00:00,18,18.25,19,20100,365025,2010-03-18 00:00:00,1
2010-03-19 00:00:00,2010-03-19 00:00:00,18.5,2010-03-19 00:00:00,18,18,20,34500,621775,2010-03-19 00:00:00,1
2010-03-22 00:00:00,2010-03-22 00:00:00,18.5,2010-03-22 00:00:00,17.75,18,13,22100,393075,2010-03-22 00:00:00,1
2010-03-23 00:00:00,2010-03-23 00:00:00,17.75,2010-03-23 00:00:00,17.25,17.25,32,34000,597175,2010-03-23 00:00:00,1
2010-03-24 00:00:00,2010-03-24 00:00:00,17.75,2010-03-24 00:00:00,17,17.5,53,106000,1833325,2010-03-24 00:00:00,1
2010-03-25 00:00:00,2010-03-25 00:00:00,17.75,2010-03-25 00:00:00,17.5,17.5,20,50100,885200,2010-03-25 00:00:00,1
2010-03-26 00:00:00,2010-03-26 00:00:00,18,2010-03-26 00:00:00,17.25,17.5,34,93500,1647225,2010-03-26 00:00:00,1
2010-03-30 00:00:00,2010-03-30 00:00:00,17.75,2010-03-30 00:00:00,17.25,17.5,22,35000,611900,2010-03-30 00:00:00,1
2010-03-31 00:00:00,2010-03-31 00:00:00,17.5,2010-03-31 00:00:00,17,17,25,39900,682575,2010-03-31 00:00:00,1
2010-04-01 00:00:00,2010-04-01 00:00:00,17.5,2010-04-01 00:00:00,17,17.5,15,12500,218050,2010-04-01 00:00:00,1
2010-04-05 00:00:00,2010-04-05 00:00:00,17.75,2010-04-05 00:00:00,17.25,17.5,25,65200,1138800,2010-04-05 00:00:00,1
2010-04-06 00:00:00,2010-04-06 00:00:00,18.25,2010-04-06 00:00:00,17.5,18.25,55,256600,4551675,2010-04-06 00:00:00,1
2010-04-07 00:00:00,2010-04-07 00:00:00,18.75,2010-04-07 00:00:00,18,18.25,36,108700,1988600,2010-04-07 00:00:00,1
2010-04-08 00:00:00,2010-04-08 00:00:00,18.25,2010-04-08 00:00:00,18,18.25,8,6100,111300,2010-04-08 00:00:00,1
2010-04-12 00:00:00,2010-04-12 00:00:00,19,2010-04-12 00:00:00,18,18.5,73,126100,2331275,2010-04-12 00:00:00,1
2010-04-15 00:00:00,2010-04-15 00:00:00,18.75,2010-04-15 00:00:00,18.25,18.5,17,8100,150050,2010-04-15 00:00:00,1
2010-04-16 00:00:00,2010-04-16 00:00:00,19.25,2010-04-16 00:00:00,18.5,19,45,70500,1328475,2010-04-16 00:00:00,1
2010-04-19 00:00:00,2010-04-19 00:00:00,19.25,2010-04-19 00:00:00,18.75,19,48,224000,4257200,2010-04-19 00:00:00,1
2010-04-20 00:00:00,2010-04-20 00:00:00,20.75,2010-04-20 00:00:00,19.25,20.25,280,691000,13847400,2010-04-20 00:00:00,1
2010-04-21 00:00:00,2010-04-21 00:00:00,20.75,2010-04-21 00:00:00,19.75,20,111,243600,4917050,2010-04-21 00:00:00,1
2010-04-22 00:00:00,2010-04-22 00:00:00,20.5,2010-04-22 00:00:00,20,20,115,355300,7178000,2010-04-22 00:00:00,1
2010-04-23 00:00:00,2010-04-23 00:00:00,21.5,2010-04-23 00:00:00,20,21.25,213,814400,16626000,2010-04-23 00:00:00,1
2010-04-26 00:00:00,2010-04-26 00:00:00,22,2010-04-26 00:00:00,20.5,20.75,161,685300,14165625,2010-04-26 00:00:00,1
2010-04-27 00:00:00,2010-04-27 00:00:00,22,2010-04-27 00:00:00,20,21.75,238,1324700,28369800,2010-04-27 00:00:00,1
2010-04-29 00:00:00,2010-04-29 00:00:00,23.25,2010-04-29 00:00:00,22,22.75,296,1088600,24744700,2010-04-29 00:00:00,1
2010-04-30 00:00:00,2010-04-30 00:00:00,23.5,2010-04-30 00:00:00,22.75,23.5,191,473400,10967225,2010-04-30 00:00:00,1
2010-05-03 00:00:00,2010-05-03 00:00:00,23.75,2010-05-03 00:00:00,22,22.5,136,236600,5421600,2010-05-03 00:00:00,1
2010-05-04 00:00:00,2010-05-04 00:00:00,23,2010-05-04 00:00:00,21.75,23,183,393400,8785225,2010-05-04 00:00:00,1
2010-05-05 00:00:00,2010-05-05 00:00:00,23.5,2010-05-05 00:00:00,22.75,23,113,282700,6595525,2010-05-05 00:00:00,1
2010-05-06 00:00:00,2010-05-06 00:00:00,23,2010-05-06 00:00:00,22.5,22.75,92,160400,3620650,2010-05-06 00:00:00,1
2010-05-07 00:00:00,2010-05-07 00:00:00,23,2010-05-07 00:00:00,22.5,22.5,68,128300,2916550,2010-05-07 00:00:00,1
2010-05-10 00:00:00,2010-05-10 00:00:00,22.75,2010-05-10 00:00:00,22.25,22.5,38,54300,1221775,2010-05-10 00:00:00,1
2010-05-11 00:00:00,2010-05-11 00:00:00,22.5,2010-05-11 00:00:00,22,22,72,152700,3390900,2010-05-11 00:00:00,1
2010-05-12 00:00:00,2010-05-12 00:00:00,22,2010-05-12 00:00:00,21.75,21.75,31,43600,954050,2010-05-12 00:00:00,1
2010-05-13 00:00:00,2010-05-13 00:00:00,22.25,2010-05-13 00:00:00,21.5,22,28,67700,1488025,2010-05-13 00:00:00,1
2010-05-14 00:00:00,2010-05-14 00:00:00,23.5,2010-05-14 00:00:00,22.25,23.5,245,742400,17301150,2010-05-14 00:00:00,1
2010-05-17 00:00:00,2010-05-17 00:00:00,24.25,2010-05-17 00:00:00,23,23.75,296,1078000,25739325,2010-05-17 00:00:00,1
2010-05-18 00:00:00,2010-05-18 00:00:00,24.5,2010-05-18 00:00:00,23.25,23.5,186,554000,13244800,2010-05-18 00:00:00,1
2010-05-19 00:00:00,2010-05-19 00:00:00,23.5,2010-05-19 00:00:00,23,23,45,75600,1747100,2010-05-19 00:00:00,1
2010-05-20 00:00:00,2010-05-20 00:00:00,23,2010-05-20 00:00:00,22.25,22.25,40,70200,1589575,2010-05-20 00:00:00,1
2010-05-21 00:00:00,2010-05-21 00:00:00,22.5,2010-05-21 00:00:00,22.25,22.25,24,41600,927225,2010-05-21 00:00:00,1
2010-05-24 00:00:00,2010-05-24 00:00:00,22.75,2010-05-24 00:00:00,22.25,22.5,17,63200,1419875,2010-05-24 00:00:00,1
2010-05-25 00:00:00,2010-05-25 00:00:00,23,2010-05-25 00:00:00,22.25,22.75,41,136900,3133125,2010-05-25 00:00:00,1
2010-05-26 00:00:00,2010-05-26 00:00:00,23,2010-05-26 00:00:00,22.5,23,56,82100,1874175,2010-05-26 00:00:00,1
2010-05-31 00:00:00,2010-05-31 00:00:00,22.75,2010-05-31 00:00:00,22.25,22.25,11,7500,167550,2010-05-31 00:00:00,1
2010-06-01 00:00:00,2010-06-01 00:00:00,22.5,2010-06-01 00:00:00,22,22.25,21,13800,306100,2010-06-01 00:00:00,1
2010-06-02 00:00:00,2010-06-02 00:00:00,24.25,2010-06-02 00:00:00,22.25,23.5,152,571300,13557425,2010-06-02 00:00:00,1
2010-06-03 00:00:00,2010-06-03 00:00:00,25.75,2010-06-03 00:00:00,23.5,24.75,408,2149500,52963350,2010-06-03 00:00:00,1
2010-06-04 00:00:00,2010-06-04 00:00:00,26.25,2010-06-04 00:00:00,24.75,25.5,392,937800,24068525,2010-06-04 00:00:00,1
2010-06-07 00:00:00,2010-06-07 00:00:00,26,2010-06-07 00:00:00,25,25.25,178,476500,12157725,2010-06-07 00:00:00,1
2010-06-08 00:00:00,2010-06-08 00:00:00,25.5,2010-06-08 00:00:00,24.5,25,81,194900,4867275,2010-06-08 00:00:00,1
2010-06-09 00:00:00,2010-06-09 00:00:00,25,2010-06-09 00:00:00,24.5,24.5,64,207900,5117675,2010-06-09 00:00:00,1
2010-06-10 00:00:00,2010-06-10 00:00:00,25.75,2010-06-10 00:00:00,24.5,25.25,93,352300,8873650,2010-06-10 00:00:00,1
2010-06-11 00:00:00,2010-06-11 00:00:00,26,2010-06-11 00:00:00,25.5,25.5,148,506300,13101325,2010-06-11 00:00:00,1
2010-06-14 00:00:00,2010-06-14 00:00:00,27,2010-06-14 00:00:00,25.25,26.5,224,840700,22205650,2010-06-14 00:00:00,1
2010-06-15 00:00:00,2010-06-15 00:00:00,27.5,2010-06-15 00:00:00,26.5,27.25,316,1089600,29400475,2010-06-15 00:00:00,1
2010-06-16 00:00:00,2010-06-16 00:00:00,31.5,2010-06-16 00:00:00,27.5,30.75,858,2340400,69241725,2010-06-16 00:00:00,1
2010-06-17 00:00:00,2010-06-17 00:00:00,34.5,2010-06-17 00:00:00,31.5,34,1004,3046200,100125350,2010-06-17 00:00:00,1
2010-06-21 00:00:00,2010-06-21 00:00:00,37,2010-06-21 00:00:00,34.5,35,867,2416400,86017525,2010-06-21 00:00:00,1
2010-06-22 00:00:00,2010-06-22 00:00:00,35,2010-06-22 00:00:00,31.5,32.25,438,700500,23082050,2010-06-22 00:00:00,1
2010-06-23 00:00:00,2010-06-23 00:00:00,33.5,2010-06-23 00:00:00,30.5,31,254,754800,23964425,2010-06-23 00:00:00,1
2010-06-24 00:00:00,2010-06-24 00:00:00,32.75,2010-06-24 00:00:00,30,32.25,203,280100,8704400,2010-06-24 00:00:00,1
2010-06-28 00:00:00,2010-06-28 00:00:00,34,2010-06-28 00:00:00,30.75,31.5,128,306000,9679850,2010-06-28 00:00:00,1
2010-06-29 00:00:00,2010-06-29 00:00:00,32.25,2010-06-29 00:00:00,31,32,91,219900,6925375,2010-06-29 00:00:00,1
2010-06-30 00:00:00,2010-06-30 00:00:00,31.75,2010-06-30 00:00:00,31,31.5,114,367600,11570925,2010-06-30 00:00:00,1
2010-07-01 00:00:00,2010-07-01 00:00:00,32,2010-07-01 00:00:00,31,31.5,71,210400,6619800,2010-07-01 00:00:00,1
2010-07-02 00:00:00,2010-07-02 00:00:00,31,2010-07-02 00:00:00,28,30,53,120500,3671500,2010-07-02 00:00:00,1
2010-07-05 00:00:00,2010-07-05 00:00:00,29.5,2010-07-05 00:00:00,28.5,29.25,80,182000,5274400,2010-07-05 00:00:00,1
2010-07-06 00:00:00,2010-07-06 00:00:00,30.5,2010-07-06 00:00:00,28,30,163,379300,11303050,2010-07-06 00:00:00,1
2010-07-07 00:00:00,2010-07-07 00:00:00,29.5,2010-07-07 00:00:00,28,28.25,85,195800,5580600,2010-07-07 00:00:00,1
2010-07-08 00:00:00,2010-07-08 00:00:00,30.75,2010-07-08 00:00:00,28,30.25,93,184700,5549775,2010-07-08 00:00:00,1
2010-07-09 00:00:00,2010-07-09 00:00:00,30.75,2010-07-09 00:00:00,29.5,29.5,16,21800,658675,2010-07-09 00:00:00,1
2010-07-12 00:00:00,2010-07-12 00:00:00,30.5,2010-07-12 00:00:00,28.75,28.75,26,27100,795475,2010-07-12 00:00:00,1
2010-07-13 00:00:00,2010-07-13 00:00:00,31.25,2010-07-13 00:00:00,28.5,30.25,106,221400,6692675,2010-07-13 00:00:00,1
2010-07-14 00:00:00,2010-07-14 00:00:00,31.5,2010-07-14 00:00:00,30,31,71,114500,3514450,2010-07-14 00:00:00,1
2010-07-15 00:00:00,2010-07-15 00:00:00,31.75,2010-07-15 00:00:00,30.25,30.75,48,78800,2461875,2010-07-15 00:00:00,1
2010-07-16 00:00:00,2010-07-16 00:00:00,31,2010-07-16 00:00:00,30,30,45,48400,1464650,2010-07-16 00:00:00,1
2010-07-19 00:00:00,2010-07-19 00:00:00,31,2010-07-19 00:00:00,30,30,15,15000,451800,2010-07-19 00:00:00,1
2010-07-20 00:00:00,2010-07-20 00:00:00,31.5,2010-07-20 00:00:00,29.75,30.25,60,173900,5276225,2010-07-20 00:00:00,1
2010-07-21 00:00:00,2010-07-21 00:00:00,32,2010-07-21 00:00:00,30,31.75,108,259100,8162375,2010-07-21 00:00:00,1
2010-07-22 00:00:00,2010-07-22 00:00:00,32,2010-07-22 00:00:00,30.5,31,24,46100,1455875,2010-07-22 00:00:00,1
2010-07-23 00:00:00,2010-07-23 00:00:00,31,2010-07-23 00:00:00,30.25,30.25,26,59700,1812600,2010-07-23 00:00:00,1
2010-07-26 00:00:00,2010-07-26 00:00:00,30.5,2010-07-26 00:00:00,30.25,30.25,17,24800,752475,2010-07-26 00:00:00,1
2010-07-27 00:00:00,2010-07-27 00:00:00,31.25,2010-07-27 00:00:00,30,30,61,181000,5522300,2010-07-27 00:00:00,1
2010-07-28 00:00:00,2010-07-28 00:00:00,31,2010-07-28 00:00:00,30,30,93,216400,6563875,2010-07-28 00:00:00,1
2010-07-29 00:00:00,2010-07-29 00:00:00,30.75,2010-07-29 00:00:00,29.5,29.75,35,66600,1991150,2010-07-29 00:00:00,1
2010-07-30 00:00:00,2010-07-30 00:00:00,30,2010-07-30 00:00:00,29.25,29.5,37,119100,3531000,2010-07-30 00:00:00,1
2010-08-02 00:00:00,2010-08-02 00:00:00,29.6,2010-08-02 00:00:00,29,29,39,39000,1133160,2010-08-02 00:00:00,1
2010-08-03 00:00:00,2010-08-03 00:00:00,31,2010-08-03 00:00:00,29,30,40,169800,5091540,2010-08-03 00:00:00,1
2010-08-04 00:00:00,2010-08-04 00:00:00,31,2010-08-04 00:00:00,28.5,30.7,46,85300,2600340,2010-08-04 00:00:00,1
2010-08-05 00:00:00,2010-08-05 00:00:00,31,2010-08-05 00:00:00,27.8,30.3,64,247800,7198310,2010-08-05 00:00:00,1
2010-08-06 00:00:00,2010-08-06 00:00:00,31,2010-08-06 00:00:00,29,29.2,25,41600,1230640,2010-08-06 00:00:00,1
2010-08-09 00:00:00,2010-08-09 00:00:00,28.5,2010-08-09 00:00:00,26.3,27,59,94500,2524310,2010-08-09 00:00:00,1
2010-08-10 00:00:00,2010-08-10 00:00:00,29.7,2010-08-10 00:00:00,24.3,29.6,93,168700,4539280,2010-08-10 00:00:00,1
2010-08-11 00:00:00,2010-08-11 00:00:00,32.5,2010-08-11 00:00:00,29.9,32.5,248,919300,29578210,2010-08-11 00:00:00,1
2010-08-12 00:00:00,2010-08-12 00:00:00,35.7,2010-08-12 00:00:00,33.5,35.2,878,3488200,122643530,2010-08-12 00:00:00,1
2010-08-13 00:00:00,2010-08-13 00:00:00,37,2010-08-13 00:00:00,35,35.3,259,590500,21072210,2010-08-13 00:00:00,1
2010-08-16 00:00:00,2010-08-16 00:00:00,37,2010-08-16 00:00:00,35,36,257,745900,26785350,2010-08-16 00:00:00,1
2010-08-17 00:00:00,2010-08-17 00:00:00,36.5,2010-08-17 00:00:00,34.6,34.8,133,485800,17203270,2010-08-17 00:00:00,1
2010-08-18 00:00:00,2010-08-18 00:00:00,35,2010-08-18 00:00:00,34.3,34.5,92,178100,6171470,2010-08-18 00:00:00,1
2010-08-19 00:00:00,2010-08-19 00:00:00,35.5,2010-08-19 00:00:00,34.3,34.9,101,166500,5779980,2010-08-19 00:00:00,1
2010-08-20 00:00:00,2010-08-20 00:00:00,35.3,2010-08-20 00:00:00,34.7,34.8,107,215600,7536590,2010-08-20 00:00:00,1
2010-08-23 00:00:00,2010-08-23 00:00:00,38.2,2010-08-23 00:00:00,35,38.2,581,1491500,55860060,2010-08-23 00:00:00,1
2010-08-25 00:00:00,2010-08-25 00:00:00,42,2010-08-25 00:00:00,39.2,42,1183,2496800,102942480,2010-08-25 00:00:00,1
2010-08-26 00:00:00,2010-08-26 00:00:00,44,2010-08-26 00:00:00,39,42.1,759,1447400,60599370,2010-08-26 00:00:00,1
2010-08-27 00:00:00,2010-08-27 00:00:00,44,2010-08-27 00:00:00,41.3,41.8,364,776300,32739030,2010-08-27 00:00:00,1
2010-08-30 00:00:00,2010-08-30 00:00:00,42,2010-08-30 00:00:00,39,40,226,548600,21760780,2010-08-30 00:00:00,1
2010-08-31 00:00:00,2010-08-31 00:00:00,42.1,2010-08-31 00:00:00,38.7,41.5,314,738900,30384700,2010-08-31 00:00:00,1
2010-09-01 00:00:00,2010-09-01 00:00:00,42,2010-09-01 00:00:00,40.4,41,130,199500,8196520,2010-09-01 00:00:00,1
2010-09-02 00:00:00,2010-09-02 00:00:00,43.9,2010-09-02 00:00:00,41,43.4,428,1068100,45782250,2010-09-02 00:00:00,1
2010-09-03 00:00:00,2010-09-03 00:00:00,47.7,2010-09-03 00:00:00,44,47.7,822,2109700,98485620,2010-09-03 00:00:00,1
2010-09-06 00:00:00,2010-09-06 00:00:00,52.4,2010-09-06 00:00:00,48.1,52.3,1297,3860800,195648100,2010-09-06 00:00:00,1
2010-09-07 00:00:00,2010-09-07 00:00:00,54,2010-09-07 00:00:00,50.2,52.3,804,1604500,83798010,2010-09-07 00:00:00,1
2010-09-08 00:00:00,2010-09-08 00:00:00,57.5,2010-09-08 00:00:00,52.2,57.5,913,1884500,105521650,2010-09-08 00:00:00,1
2010-09-09 00:00:00,2010-09-09 00:00:00,63,2010-09-09 00:00:00,57,58.6,1158,2044900,123566440,2010-09-09 00:00:00,1
2010-09-13 00:00:00,2010-09-13 00:00:00,58.9,2010-09-13 00:00:00,55,56.3,420,1086800,61512140,2010-09-13 00:00:00,1
2010-09-14 00:00:00,2010-09-14 00:00:00,57.4,2010-09-14 00:00:00,52.7,56.3,437,669100,36784110,2010-09-14 00:00:00,1
2010-09-15 00:00:00,2010-09-15 00:00:00,59,2010-09-15 00:00:00,54,56.6,307,557200,30995850,2010-09-15 00:00:00,1
2010-09-16 00:00:00,2010-09-16 00:00:00,59,2010-09-16 00:00:00,55,55.8,174,315200,17535600,2010-09-16 00:00:00,1
2010-09-17 00:00:00,2010-09-17 00:00:00,59,2010-09-17 00:00:00,55.8,57.5,385,848900,48964900,2010-09-17 00:00:00,1
2010-09-20 00:00:00,2010-09-20 00:00:00,58.8,2010-09-20 00:00:00,55,55.5,115,200600,11115580,2010-09-20 00:00:00,1
2010-09-21 00:00:00,2010-09-21 00:00:00,56,2010-09-21 00:00:00,54.5,54.7,135,423600,23240580,2010-09-21 00:00:00,1
2010-09-23 00:00:00,2010-09-23 00:00:00,55.1,2010-09-23 00:00:00,53.5,54.4,93,281200,15306540,2010-09-23 00:00:00,1
2010-09-24 00:00:00,2010-09-24 00:00:00,60,2010-09-24 00:00:00,53,53.7,104,197200,10561540,2010-09-24 00:00:00,1
2010-09-27 00:00:00,2010-09-27 00:00:00,58.5,2010-09-27 00:00:00,54,57.4,283,439100,24718090,2010-09-27 00:00:00,1
2010-09-28 00:00:00,2010-09-28 00:00:00,60.4,2010-09-28 00:00:00,55,58.3,350,729800,43043890,2010-09-28 00:00:00,1
2010-09-29 00:00:00,2010-09-29 00:00:00,63,2010-09-29 00:00:00,58.5,60.9,490,1156900,70611620,2010-09-29 00:00:00,1
2010-09-30 00:00:00,2010-09-30 00:00:00,62.5,2010-09-30 00:00:00,60,60.6,190,402900,24455630,2010-09-30 00:00:00,1
2010-10-01 00:00:00,2010-10-01 00:00:00,66.6,2010-10-01 00:00:00,60,66.1,1023,3044500,196801740,2010-10-01 00:00:00,1
2010-10-04 00:00:00,2010-10-04 00:00:00,68,2010-10-04 00:00:00,65,67.4,550,1140400,76523950,2010-10-04 00:00:00,1
2010-10-05 00:00:00,2010-10-05 00:00:00,72,2010-10-05 00:00:00,67.5,68.9,1005,2179700,152879450,2010-10-05 00:00:00,1
2010-10-06 00:00:00,2010-10-06 00:00:00,70.8,2010-10-06 00:00:00,65.5,66,312,559100,37499490,2010-10-06 00:00:00,1
2010-10-07 00:00:00,2010-10-07 00:00:00,67.5,2010-10-07 00:00:00,61,64.3,426,739000,48353260,2010-10-07 00:00:00,1
2010-10-08 00:00:00,2010-10-08 00:00:00,67.5,2010-10-08 00:00:00,63.2,65.9,300,382800,24929530,2010-10-08 00:00:00,1
2010-10-11 00:00:00,2010-10-11 00:00:00,69,2010-10-11 00:00:00,65,65.6,200,337400,22602540,2010-10-11 00:00:00,1
2010-10-12 00:00:00,2010-10-12 00:00:00,67.1,2010-10-12 00:00:00,61,61.2,160,443900,27994670,2010-10-12 00:00:00,1
2010-10-13 00:00:00,2010-10-13 00:00:00,63,2010-10-13 00:00:00,56.3,60.6,246,707700,41837170,2010-10-13 00:00:00,1
2010-10-14 00:00:00,2010-10-14 00:00:00,63,2010-10-14 00:00:00,58,58.8,106,161000,9691110,2010-10-14 00:00:00,1
2010-10-15 00:00:00,2010-10-15 00:00:00,59.6,2010-10-15 00:00:00,58,59.5,44,103500,6038490,2010-10-15 00:00:00,1
2010-10-18 00:00:00,2010-10-18 00:00:00,61,2010-10-18 00:00:00,58,59.1,82,102700,6059470,2010-10-18 00:00:00,1
2010-10-19 00:00:00,2010-10-19 00:00:00,62.4,2010-10-19 00:00:00,59,61.9,160,285600,17391040,2010-10-19 00:00:00,1
2010-10-20 00:00:00,2010-10-20 00:00:00,64.5,2010-10-20 00:00:00,62,62.7,223,542200,34081520,2010-10-20 00:00:00,1
2010-10-21 00:00:00,2010-10-21 00:00:00,65,2010-10-21 00:00:00,62,63,170,259800,16585170,2010-10-21 00:00:00,1
2010-10-25 00:00:00,2010-10-25 00:00:00,63,2010-10-25 00:00:00,60.1,60.5,30,26600,1611280,2010-10-25 00:00:00,1
2010-10-26 00:00:00,2010-10-26 00:00:00,62.5,2010-10-26 00:00:00,58,58.2,76,188600,11228510,2010-10-26 00:00:00,1
2010-10-27 00:00:00,2010-10-27 00:00:00,59,2010-10-27 00:00:00,56,58.7,25,77600,4438540,2010-10-27 00:00:00,1
2010-10-28 00:00:00,2010-10-28 00:00:00,58.9,2010-10-28 00:00:00,57,57.1,19,19600,1128870,2010-10-28 00:00:00,1
2010-10-29 00:00:00,2010-10-29 00:00:00,61,2010-10-29 00:00:00,58.5,59.5,59,127200,7600570,2010-10-29 00:00:00,1
2010-11-01 00:00:00,2010-11-01 00:00:00,63.9,2010-11-01 00:00:00,61,61.1,67,61100,3762760,2010-11-01 00:00:00,1
2010-11-02 00:00:00,2010-11-02 00:00:00,61,2010-11-02 00:00:00,59.1,60,19,16500,1000490,2010-11-02 00:00:00,1
2010-11-03 00:00:00,2010-11-03 00:00:00,60,2010-11-03 00:00:00,59,59.6,25,28200,1679130,2010-11-03 00:00:00,1
2010-11-04 00:00:00,2010-11-04 00:00:00,59,2010-11-04 00:00:00,58,58,35,39600,2299990,2010-11-04 00:00:00,1
2010-11-08 00:00:00,2010-11-08 00:00:00,59.7,2010-11-08 00:00:00,57,57.1,41,58100,3335860,2010-11-08 00:00:00,1
2010-11-09 00:00:00,2010-11-09 00:00:00,57.9,2010-11-09 00:00:00,56.5,56.9,16,65400,3706300,2010-11-09 00:00:00,1
2010-11-10 00:00:00,2010-11-10 00:00:00,58,2010-11-10 00:00:00,56,56,30,22400,1262010,2010-11-10 00:00:00,1
2010-11-11 00:00:00,2010-11-11 00:00:00,57.8,2010-11-11 00:00:00,57,57.5,23,16400,938580,2010-11-11 00:00:00,1
2010-11-12 00:00:00,2010-11-12 00:00:00,62,2010-11-12 00:00:00,58,59.2,332,513600,30855550,2010-11-12 00:00:00,1
2010-11-15 00:00:00,2010-11-15 00:00:00,60.2,2010-11-15 00:00:00,58.5,58.7,52,30200,1785570,2010-11-15 00:00:00,1
2010-11-16 00:00:00,2010-11-16 00:00:00,59,2010-11-16 00:00:00,57.5,58,34,43500,2520590,2010-11-16 00:00:00,1
2010-11-18 00:00:00,2010-11-18 00:00:00,60,2010-11-18 00:00:00,57.7,59.6,77,89000,5261750,2010-11-18 00:00:00,1
2010-11-22 00:00:00,2010-11-22 00:00:00,60.5,2010-11-22 00:00:00,58,58.4,80,108000,6422080,2010-11-22 00:00:00,1
2010-11-23 00:00:00,2010-11-23 00:00:00,60,2010-11-23 00:00:00,57.3,58.3,49,77600,4526910,2010-11-23 00:00:00,1
2010-11-24 00:00:00,2010-11-24 00:00:00,58.8,2010-11-24 00:00:00,58,58.1,20,23000,1345150,2010-11-24 00:00:00,1
2010-11-25 00:00:00,2010-11-25 00:00:00,58.8,2010-11-25 00:00:00,57.2,57.5,30,76700,4436700,2010-11-25 00:00:00,1
2010-11-26 00:00:00,2010-11-26 00:00:00,57.5,2010-11-26 00:00:00,57,57.1,57,107400,6136090,2010-11-26 00:00:00,1
2010-11-29 00:00:00,2010-11-29 00:00:00,57.1,2010-11-29 00:00:00,54,55.1,99,391500,21897820,2010-11-29 00:00:00,1
2010-11-30 00:00:00,2010-11-30 00:00:00,61,2010-11-30 00:00:00,57,60.3,188,339300,20365660,2010-11-30 00:00:00,1
2010-12-01 00:00:00,2010-12-01 00:00:00,63.8,2010-12-01 00:00:00,60.7,63.2,385,657600,41360830,2010-12-01 00:00:00,1
2010-12-02 00:00:00,2010-12-02 00:00:00,66,2010-12-02 00:00:00,61.5,63.2,327,656000,42254890,2010-12-02 00:00:00,1
2010-12-03 00:00:00,2010-12-03 00:00:00,66.5,2010-12-03 00:00:00,61.5,66.1,612,1028900,67169530,2010-12-03 00:00:00,1
2010-12-06 00:00:00,2010-12-06 00:00:00,68.1,2010-12-06 00:00:00,66.1,66.8,560,923500,62348160,2010-12-06 00:00:00,1
2010-12-07 00:00:00,2010-12-07 00:00:00,66.7,2010-12-07 00:00:00,64.1,64.9,123,136700,8842110,2010-12-07 00:00:00,1
2010-12-08 00:00:00,2010-12-08 00:00:00,64,2010-12-08 00:00:00,61.5,63.7,85,152600,9625890,2010-12-08 00:00:00,1
2010-12-09 00:00:00,2010-12-09 00:00:00,64,2010-12-09 00:00:00,63.1,63.2,44,53700,3414630,2010-12-09 00:00:00,1
2010-12-10 00:00:00,2010-12-10 00:00:00,62.8,2010-12-10 00:00:00,60.1,62.5,35,76500,4779100,2010-12-10 00:00:00,1
2010-12-13 00:00:00,2010-12-13 00:00:00,62.5,2010-12-13 00:00:00,60.2,62,52,79200,4885780,2010-12-13 00:00:00,1
2010-12-14 00:00:00,2010-12-14 00:00:00,63,2010-12-14 00:00:00,61,62.6,66,169400,10498400,2010-12-14 00:00:00,1
2010-12-15 00:00:00,2010-12-15 00:00:00,64.9,2010-12-15 00:00:00,62.5,63.9,83,140100,8904080,2010-12-15 00:00:00,1
2010-12-16 00:00:00,2010-12-16 00:00:00,65.5,2010-12-16 00:00:00,63.1,65,263,619300,40243260,2010-12-16 00:00:00,1
2010-12-17 00:00:00,2010-12-17 00:00:00,66.3,2010-12-17 00:00:00,64.9,65.9,267,551000,36151590,2010-12-17 00:00:00,1
2010-12-21 00:00:00,2010-12-21 00:00:00,69.3,2010-12-21 00:00:00,66,68.6,581,956700,64892300,2010-12-21 00:00:00,1
2010-12-22 00:00:00,2010-12-22 00:00:00,72.4,2010-12-22 00:00:00,67.1,71.6,1038,2379400,167404000,2010-12-22 00:00:00,1
2010-12-23 00:00:00,2010-12-23 00:00:00,74,2010-12-23 00:00:00,71,71.3,818,1407200,102422790,2010-12-23 00:00:00,1
2010-12-24 00:00:00,2010-12-24 00:00:00,72.1,2010-12-24 00:00:00,69.2,71.5,142,287600,20393090,2010-12-24 00:00:00,1
2010-12-27 00:00:00,2010-12-27 00:00:00,72,2010-12-27 00:00:00,68,68.7,124,197500,13634670,2010-12-27 00:00:00,1
2010-12-28 00:00:00,2010-12-28 00:00:00,70,2010-12-28 00:00:00,68,68.6,102,151700,10420470,2010-12-28 00:00:00,1
2010-12-29 00:00:00,2010-12-29 00:00:00,72.8,2010-12-29 00:00:00,68.5,71.8,422,544400,38509490,2010-12-29 00:00:00,1
2010-12-30 00:00:00,2010-12-30 00:00:00,75.3,2010-12-30 00:00:00,68.7,74.6,732,1135400,82422470,2010-12-30 00:00:00,1
2010-12-31 00:00:00,2010-12-31 00:00:00,75.5,2010-12-31 00:00:00,73.5,74.7,413,439200,32686710,2010-12-31 00:00:00,1
Company Id :  GREG,,Security Type :  N,,Sub Type :  0000,,,,,,
Short Name :  ENVI. RESOURCES,,,,,,,,,,
Day,Date High,High,Date Low,Low,Closing,No. of Trades,No. of Shares,Turnover,Last Traded,Days Traded
2010-01-04 00:00:00,2010-01-04 00:00:00,63.75,2010-01-04 00:00:00,60,61,121,142800,8854200,2010-01-04 00:00:00,1
2010-01-05 00:00:00,2010-01-05 00:00:00,62,2010-01-05 00:00:00,58,58.5,193,213400,12576300,2010-01-05 00:00:00,1
2010-01-06 00:00:00,2010-01-06 00:00:00,60,2010-01-06 00:00:00,57.75,60,91,223700,13328525,2010-01-06 00:00:00,1
2010-01-07 00:00:00,2010-01-07 00:00:00,61.5,2010-01-07 00:00:00,56.5,59.5,351,753700,43779450,2010-01-07 00:00:00,1
2010-01-08 00:00:00,2010-01-08 00:00:00,69.5,2010-01-08 00:00:00,60.5,68.75,786,966900,63321350,2010-01-08 00:00:00,1
2010-01-11 00:00:00,2010-01-11 00:00:00,79.5,2010-01-11 00:00:00,70,77,834,1113500,83795150,2010-01-11 00:00:00,1
2010-01-12 00:00:00,2010-01-12 00:00:00,101,2010-01-12 00:00:00,78,98,1630,1888500,173448525,2010-01-12 00:00:00,1
2010-01-13 00:00:00,2010-01-13 00:00:00,132,2010-01-13 00:00:00,102,122,1784,2221600,272675825,2010-01-13 00:00:00,1
2010-01-15 00:00:00,2010-01-15 00:00:00,132,2010-01-15 00:00:00,115.5,119.25,645,574800,71004625,2010-01-15 00:00:00,1
2010-01-18 00:00:00,2010-01-18 00:00:00,122,2010-01-18 00:00:00,112.5,116.25,339,311400,36589550,2010-01-18 00:00:00,1
2010-01-19 00:00:00,2010-01-19 00:00:00,116.5,2010-01-19 00:00:00,100.25,106,552,404800,42730000,2010-01-19 00:00:00,1
2010-01-20 00:00:00,2010-01-20 00:00:00,119.5,2010-01-20 00:00:00,106,116.5,416,257700,29504900,2010-01-20 00:00:00,1
2010-01-21 00:00:00,2010-01-21 00:00:00,123.5,2010-01-21 00:00:00,115,116,210,146000,17442400,2010-01-21 00:00:00,1
2010-01-22 00:00:00,2010-01-22 00:00:00,119.75,2010-01-22 00:00:00,116.25,119,180,156000,18445850,2010-01-22 00:00:00,1
2010-01-25 00:00:00,2010-01-25 00:00:00,130,2010-01-25 00:00:00,120,125.25,439,461500,57821150,2010-01-25 00:00:00,1
2010-01-26 00:00:00,2010-01-26 00:00:00,129,2010-01-26 00:00:00,124,125.25,119,103800,13118300,2010-01-26 00:00:00,1
2010-01-28 00:00:00,2010-01-28 00:00:00,136,2010-01-28 00:00:00,117,134,640,740600,96646650,2010-01-28 00:00:00,1
2010-02-01 00:00:00,2010-02-01 00:00:00,149,2010-02-01 00:00:00,137.5,147.75,630,438800,63030375,2010-02-01 00:00:00,1
2010-02-02 00:00:00,2010-02-02 00:00:00,155,2010-02-02 00:00:00,149,150,383,339800,51487600,2010-02-02 00:00:00,1
2010-02-03 00:00:00,2010-02-03 00:00:00,152,2010-02-03 00:00:00,144,148.75,256,175400,26044425,2010-02-03 00:00:00,1
2010-02-05 00:00:00,2010-02-05 00:00:00,183,2010-02-05 00:00:00,144,179,1154,851100,143572950,2010-02-05 00:00:00,1
2010-02-08 00:00:00,2010-02-08 00:00:00,215,2010-02-08 00:00:00,184,207,1128,833400,164965050,2010-02-08 00:00:00,1
2010-02-09 00:00:00,2010-02-09 00:00:00,270,2010-02-09 00:00:00,218,263.75,2031,1531100,373639000,2010-02-09 00:00:00,1
2010-02-10 00:00:00,2010-02-10 00:00:00,268,2010-02-10 00:00:00,230,238.5,931,656400,164331775,2010-02-10 00:00:00,1
2010-02-11 00:00:00,2010-02-11 00:00:00,256,2010-02-11 00:00:00,225,234,976,760500,181277125,2010-02-11 00:00:00,1
2010-02-12 00:00:00,2010-02-12 00:00:00,230,2010-02-12 00:00:00,186,207,1394,892400,181822050,2010-02-12 00:00:00,1
2010-02-15 00:00:00,2010-02-15 00:00:00,210,2010-02-15 00:00:00,187,194.75,537,300900,58649650,2010-02-15 00:00:00,1
2010-02-16 00:00:00,2010-02-16 00:00:00,210,2010-02-16 00:00:00,190.25,193.75,347,254600,50263375,2010-02-16 00:00:00,1
2010-02-17 00:00:00,2010-02-17 00:00:00,249.75,2010-02-17 00:00:00,199.75,246,1960,1212800,275422400,2010-02-17 00:00:00,1
2010-02-18 00:00:00,2010-02-18 00:00:00,270,2010-02-18 00:00:00,218,225.75,1613,1049400,261577425,2010-02-18 00:00:00,1
2010-02-19 00:00:00,2010-02-19 00:00:00,247.75,2010-02-19 00:00:00,210,239.25,653,436600,103244525,2010-02-19 00:00:00,1
2010-02-22 00:00:00,2010-02-22 00:00:00,250.5,2010-02-22 00:00:00,230,239.25,286,196300,47744250,2010-02-22 00:00:00,1
2010-02-23 00:00:00,2010-02-23 00:00:00,239.75,2010-02-23 00:00:00,230.25,233.5,109,38200,8959875,2010-02-23 00:00:00,1
2010-02-24 00:00:00,2010-02-24 00:00:00,239,2010-02-24 00:00:00,227,232.75,255,114900,26548175,2010-02-24 00:00:00,1
2010-02-25 00:00:00,2010-02-25 00:00:00,254,2010-02-25 00:00:00,233,247.5,541,299200,73459850,2010-02-25 00:00:00,1
2010-02-26 00:00:00,2010-02-26 00:00:00,259.5,2010-02-26 00:00:00,242.25,244.75,341,189000,47044325,2010-02-26 00:00:00,1
2010-03-01 00:00:00,2010-03-01 00:00:00,255,2010-03-01 00:00:00,246.75,248.25,178,88800,22217175,2010-03-01 00:00:00,1
2010-03-02 00:00:00,2010-03-02 00:00:00,262.75,2010-03-02 00:00:00,235,236.25,630,309200,76984775,2010-03-02 00:00:00,1
2010-03-03 00:00:00,2010-03-03 00:00:00,241,2010-03-03 00:00:00,220,223.75,364,143900,32369500,2010-03-03 00:00:00,1
2010-03-04 00:00:00,2010-03-04 00:00:00,233,2010-03-04 00:00:00,220.25,227.75,245,104100,23642375,2010-03-04 00:00:00,1
2010-03-05 00:00:00,2010-03-05 00:00:00,236,2010-03-05 00:00:00,229,231,236,167900,38726200,2010-03-05 00:00:00,1
2010-03-08 00:00:00,2010-03-08 00:00:00,239.5,2010-03-08 00:00:00,232.5,235.25,193,72500,17079850,2010-03-08 00:00:00,1
2010-03-09 00:00:00,2010-03-09 00:00:00,242.75,2010-03-09 00:00:00,237.5,239.75,354,194200,46563225,2010-03-09 00:00:00,1
2010-03-10 00:00:00,2010-03-10 00:00:00,254.5,2010-03-10 00:00:00,242.5,251.25,519,238500,59342175,2010-03-10 00:00:00,1
2010-03-11 00:00:00,2010-03-11 00:00:00,266.25,2010-03-11 00:00:00,255,264.75,623,379200,98972975,2010-03-11 00:00:00,1
2010-03-12 00:00:00,2010-03-12 00:00:00,274.5,2010-03-12 00:00:00,265,269.25,430,215600,58342850,2010-03-12 00:00:00,1
2010-03-15 00:00:00,2010-03-15 00:00:00,270,2010-03-15 00:00:00,260,264.25,163,80200,21300025,2010-03-15 00:00:00,1
2010-03-16 00:00:00,2010-03-16 00:00:00,261,2010-03-16 00:00:00,255,257.5,108,41400,10677125,2010-03-16 00:00:00,1
2010-03-17 00:00:00,2010-03-17 00:00:00,265,2010-03-17 00:00:00,254.75,258.5,98,26100,6739400,2010-03-17 00:00:00,1
2010-03-18 00:00:00,2010-03-18 00:00:00,259,2010-03-18 00:00:00,254,254.75,99,40400,10336175,2010-03-18 00:00:00,1
2010-03-19 00:00:00,2010-03-19 00:00:00,257,2010-03-19 00:00:00,250,254.5,134,88200,22285250,2010-03-19 00:00:00,1
2010-03-22 00:00:00,2010-03-22 00:00:00,270,2010-03-22 00:00:00,259,260.75,298,148000,39065275,2010-03-22 00:00:00,1
2010-03-23 00:00:00,2010-03-23 00:00:00,265,2010-03-23 00:00:00,258,260.25,144,75600,19775375,2010-03-23 00:00:00,1
2010-03-24 00:00:00,2010-03-24 00:00:00,259,2010-03-24 00:00:00,250,254.5,223,128900,32505250,2010-03-24 00:00:00,1
2010-03-25 00:00:00,2010-03-25 00:00:00,253.5,2010-03-25 00:00:00,240,241.5,328,140300,34195600,2010-03-25 00:00:00,1
2010-03-26 00:00:00,2010-03-26 00:00:00,248,2010-03-26 00:00:00,239.75,241.75,242,98700,24179800,2010-03-26 00:00:00,1
2010-03-30 00:00:00,2010-03-30 00:00:00,247,2010-03-30 00:00:00,215,223.5,702,312000,70742650,2010-03-30 00:00:00,1
2010-03-31 00:00:00,2010-03-31 00:00:00,151,2010-03-31 00:00:00,100,102.5,1089,660300,73724250,2010-03-31 00:00:00,1
2010-04-01 00:00:00,2010-04-01 00:00:00,119,2010-04-01 00:00:00,100.25,115.25,726,390500,44097650,2010-04-01 00:00:00,1
2010-04-05 00:00:00,2010-04-05 00:00:00,125,2010-04-05 00:00:00,115.25,116,464,254000,30548500,2010-04-05 00:00:00,1
2010-04-06 00:00:00,2010-04-06 00:00:00,117.5,2010-04-06 00:00:00,112,112.75,164,59200,6757725,2010-04-06 00:00:00,1
2010-04-07 00:00:00,2010-04-07 00:00:00,115.75,2010-04-07 00:00:00,108,110,156,76700,8529900,2010-04-07 00:00:00,1
2010-04-08 00:00:00,2010-04-08 00:00:00,111,2010-04-08 00:00:00,107,107.75,103,56900,6182800,2010-04-08 00:00:00,1
2010-04-12 00:00:00,2010-04-12 00:00:00,108,2010-04-12 00:00:00,99,100,385,299400,30055200,2010-04-12 00:00:00,1
2010-04-15 00:00:00,2010-04-15 00:00:00,105,2010-04-15 00:00:00,98,99,147,75100,7511850,2010-04-15 00:00:00,1
2010-04-16 00:00:00,2010-04-16 00:00:00,104,2010-04-16 00:00:00,90,90.5,484,276500,26061900,2010-04-16 00:00:00,1
2010-04-19 00:00:00,2010-04-19 00:00:00,94,2010-04-19 00:00:00,88,89,183,100600,9099800,2010-04-19 00:00:00,1
2010-04-20 00:00:00,2010-04-20 00:00:00,90,2010-04-20 00:00:00,83.75,84,220,168700,14427200,2010-04-20 00:00:00,1
2010-04-21 00:00:00,2010-04-21 00:00:00,96.5,2010-04-21 00:00:00,82.5,93.5,421,223100,20402600,2010-04-21 00:00:00,1
2010-04-22 00:00:00,2010-04-22 00:00:00,95,2010-04-22 00:00:00,90,91.75,243,230800,21186900,2010-04-22 00:00:00,1
2010-04-23 00:00:00,2010-04-23 00:00:00,95.25,2010-04-23 00:00:00,85.5,93.5,248,193900,17697175,2010-04-23 00:00:00,1
2010-04-26 00:00:00,2010-04-26 00:00:00,107,2010-04-26 00:00:00,93,103.5,379,244600,24701250,2010-04-26 00:00:00,1
2010-04-27 00:00:00,2010-04-27 00:00:00,111,2010-04-27 00:00:00,105.75,106.5,405,334100,36161600,2010-04-27 00:00:00,1
2010-04-29 00:00:00,2010-04-29 00:00:00,109,2010-04-29 00:00:00,102.25,103,114,85400,8985525,2010-04-29 00:00:00,1
2010-04-30 00:00:00,2010-04-30 00:00:00,103,2010-04-30 00:00:00,102,102.5,31,19200,1970775,2010-04-30 00:00:00,1
2010-05-03 00:00:00,2010-05-03 00:00:00,105,2010-05-03 00:00:00,99.5,100.75,90,45600,4616275,2010-05-03 00:00:00,1
2010-05-04 00:00:00,2010-05-04 00:00:00,100,2010-05-04 00:00:00,95,97.5,106,45100,4345975,2010-05-04 00:00:00,1
2010-05-05 00:00:00,2010-05-05 00:00:00,99,2010-05-05 00:00:00,90,90.25,131,56800,5291975,2010-05-05 00:00:00,1
2010-05-06 00:00:00,2010-05-06 00:00:00,93,2010-05-06 00:00:00,85,86.25,233,124300,11039225,2010-05-06 00:00:00,1
2010-05-07 00:00:00,2010-05-07 00:00:00,90,2010-05-07 00:00:00,87,89,81,49000,4330475,2010-05-07 00:00:00,1
2010-05-10 00:00:00,2010-05-10 00:00:00,90,2010-05-10 00:00:00,83.25,84.25,86,46800,3979825,2010-05-10 00:00:00,1
2010-05-11 00:00:00,2010-05-11 00:00:00,99,2010-05-11 00:00:00,84,94.25,326,227600,21358050,2010-05-11 00:00:00,1
2010-05-12 00:00:00,2010-05-12 00:00:00,99,2010-05-12 00:00:00,90,91.25,185,137800,12976950,2010-05-12 00:00:00,1
2010-05-13 00:00:00,2010-05-13 00:00:00,91.5,2010-05-13 00:00:00,86.5,87.25,189,154600,13561150,2010-05-13 00:00:00,1
2010-05-14 00:00:00,2010-05-14 00:00:00,94,2010-05-14 00:00:00,85,87.25,172,88300,7958550,2010-05-14 00:00:00,1
2010-05-17 00:00:00,2010-05-17 00:00:00,84.75,2010-05-17 00:00:00,75,80.5,393,204500,16554750,2010-05-17 00:00:00,1
2010-05-18 00:00:00,2010-05-18 00:00:00,93,2010-05-18 00:00:00,80,86.25,1124,1185200,103245450,2010-05-18 00:00:00,1
2010-05-19 00:00:00,2010-05-19 00:00:00,91,2010-05-19 00:00:00,85,86,245,278600,24455550,2010-05-19 00:00:00,1
2010-05-20 00:00:00,2010-05-20 00:00:00,90,2010-05-20 00:00:00,85,85.75,188,203500,17621750,2010-05-20 00:00:00,1
2010-05-21 00:00:00,2010-05-21 00:00:00,87,2010-05-21 00:00:00,80.25,82,228,187800,15430900,2010-05-21 00:00:00,1
2010-05-24 00:00:00,2010-05-24 00:00:00,84,2010-05-24 00:00:00,79.5,80,189,162100,13053850,2010-05-24 00:00:00,1
2010-05-25 00:00:00,2010-05-25 00:00:00,85,2010-05-25 00:00:00,80,81.5,141,100200,8296925,2010-05-25 00:00:00,1
2010-05-26 00:00:00,2010-05-26 00:00:00,86,2010-05-26 00:00:00,81.5,85.5,183,123200,10429975,2010-05-26 00:00:00,1
2010-05-31 00:00:00,2010-05-31 00:00:00,87,2010-05-31 00:00:00,81.5,81.5,93,74000,6154450,2010-05-31 00:00:00,1
2010-06-01 00:00:00,2010-06-01 00:00:00,82.5,2010-06-01 00:00:00,79.75,80,149,124500,9985425,2010-06-01 00:00:00,1
2010-06-02 00:00:00,2010-06-02 00:00:00,82,2010-06-02 00:00:00,79,80.5,77,43000,3450425,2010-06-02 00:00:00,1
2010-06-03 00:00:00,2010-06-03 00:00:00,83.75,2010-06-03 00:00:00,79.75,80.25,267,358700,29205375,2010-06-03 00:00:00,1
2010-06-04 00:00:00,2010-06-04 00:00:00,83.5,2010-06-04 00:00:00,80,80.75,127,151200,12399325,2010-06-04 00:00:00,1
2010-06-07 00:00:00,2010-06-07 00:00:00,80.75,2010-06-07 00:00:00,78.25,78.5,96,60100,4763450,2010-06-07 00:00:00,1
2010-06-08 00:00:00,2010-06-08 00:00:00,79.5,2010-06-08 00:00:00,76.75,78.25,88,46700,3634475,2010-06-08 00:00:00,1
2010-06-09 00:00:00,2010-06-09 00:00:00,79.5,2010-06-09 00:00:00,77.75,78,75,45600,3575250,2010-06-09 00:00:00,1
2010-06-10 00:00:00,2010-06-10 00:00:00,84.25,2010-06-10 00:00:00,79,80.25,251,220400,18039900,2010-06-10 00:00:00,1
2010-06-11 00:00:00,2010-06-11 00:00:00,81.5,2010-06-11 00:00:00,78,78.5,81,58100,4584200,2010-06-11 00:00:00,1
2010-06-14 00:00:00,2010-06-14 00:00:00,80,2010-06-14 00:00:00,76.75,77.25,91,80600,6228475,2010-06-14 00:00:00,1
2010-06-15 00:00:00,2010-06-15 00:00:00,79,2010-06-15 00:00:00,75.75,76.75,113,107400,8280200,2010-06-15 00:00:00,1
2010-06-16 00:00:00,2010-06-16 00:00:00,80.5,2010-06-16 00:00:00,75.5,79.25,128,149400,11579825,2010-06-16 00:00:00,1
2010-06-17 00:00:00,2010-06-17 00:00:00,80.25,2010-06-17 00:00:00,76.75,77,66,34900,2701000,2010-06-17 00:00:00,1
2010-06-21 00:00:00,2010-06-21 00:00:00,78,2010-06-21 00:00:00,75.75,76.5,118,114500,8789250,2010-06-21 00:00:00,1
2010-06-22 00:00:00,2010-06-22 00:00:00,77.75,2010-06-22 00:00:00,75.75,76,70,59200,4506275,2010-06-22 00:00:00,1
2010-06-23 00:00:00,2010-06-23 00:00:00,77,2010-06-23 00:00:00,73,73.5,141,103500,7659700,2010-06-23 00:00:00,1
2010-06-24 00:00:00,2010-06-24 00:00:00,72,2010-06-24 00:00:00,69.5,70,210,271700,19056675,2010-06-24 00:00:00,1
2010-06-28 00:00:00,2010-06-28 00:00:00,75,2010-06-28 00:00:00,69.5,73.25,160,135800,9724225,2010-06-28 00:00:00,1
2010-06-29 00:00:00,2010-06-29 00:00:00,80.5,2010-06-29 00:00:00,74.75,78.25,225,210500,16476400,2010-06-29 00:00:00,1
2010-06-30 00:00:00,2010-06-30 00:00:00,81,2010-06-30 00:00:00,76.25,79.75,246,460900,36651150,2010-06-30 00:00:00,1
2010-07-01 00:00:00,2010-07-01 00:00:00,75.5,2010-07-01 00:00:00,67,70.5,1078,1549500,110785950,2010-07-01 00:00:00,1
2010-07-02 00:00:00,2010-07-02 00:00:00,71,2010-07-02 00:00:00,66,68.5,299,291700,19929700,2010-07-02 00:00:00,1
2010-07-05 00:00:00,2010-07-05 00:00:00,69.5,2010-07-05 00:00:00,67.25,67.5,135,122200,8325125,2010-07-05 00:00:00,1
2010-07-06 00:00:00,2010-07-06 00:00:00,68.5,2010-07-06 00:00:00,66,66.25,190,199800,13366325,2010-07-06 00:00:00,1
2010-07-07 00:00:00,2010-07-07 00:00:00,66.5,2010-07-07 00:00:00,60,62.5,379,974400,61483775,2010-07-07 00:00:00,1
2010-07-08 00:00:00,2010-07-08 00:00:00,69.75,2010-07-08 00:00:00,63,65.5,338,486200,32282975,2010-07-08 00:00:00,1
2010-07-09 00:00:00,2010-07-09 00:00:00,67.5,2010-07-09 00:00:00,64.25,64.5,153,199000,12975975,2010-07-09 00:00:00,1
2010-07-12 00:00:00,2010-07-12 00:00:00,66.5,2010-07-12 00:00:00,63.5,63.75,154,274000,17619875,2010-07-12 00:00:00,1
2010-07-13 00:00:00,2010-07-13 00:00:00,64.75,2010-07-13 00:00:00,63,63.25,105,116100,7358900,2010-07-13 00:00:00,1
2010-07-14 00:00:00,2010-07-14 00:00:00,68.5,2010-07-14 00:00:00,63,66.75,248,460000,30297150,2010-07-14 00:00:00,1
2010-07-15 00:00:00,2010-07-15 00:00:00,74.5,2010-07-15 00:00:00,69.25,71.75,469,661100,47601350,2010-07-15 00:00:00,1
2010-07-16 00:00:00,2010-07-16 00:00:00,90.5,2010-07-16 00:00:00,72,88.75,2494,5364200,450412500,2010-07-16 00:00:00,1
2010-07-19 00:00:00,2010-07-19 00:00:00,108,2010-07-19 00:00:00,95,101.5,2812,5162400,523553550,2010-07-19 00:00:00,1
2010-07-20 00:00:00,2010-07-20 00:00:00,106,2010-07-20 00:00:00,96,98,912,997600,99706025,2010-07-20 00:00:00,1
2010-07-21 00:00:00,2010-07-21 00:00:00,101,2010-07-21 00:00:00,93.5,99,538,849100,83582200,2010-07-21 00:00:00,1
2010-07-22 00:00:00,2010-07-22 00:00:00,106.5,2010-07-22 00:00:00,99,103.5,829,1143900,117033175,2010-07-22 00:00:00,1
2010-07-23 00:00:00,2010-07-23 00:00:00,111.5,2010-07-23 00:00:00,106,107.5,1437,2238700,242887400,2010-07-23 00:00:00,1
2010-07-26 00:00:00,2010-07-26 00:00:00,110.75,2010-07-26 00:00:00,105,105.75,393,563500,60399150,2010-07-26 00:00:00,1
2010-07-27 00:00:00,2010-07-27 00:00:00,109,2010-07-27 00:00:00,105,106.75,471,797000,85090250,2010-07-27 00:00:00,1
2010-07-28 00:00:00,2010-07-28 00:00:00,114.75,2010-07-28 00:00:00,107.25,113,1306,2421900,269756675,2010-07-28 00:00:00,1
2010-07-29 00:00:00,2010-07-29 00:00:00,128,2010-07-29 00:00:00,115,124.75,2524,3810000,462996625,2010-07-29 00:00:00,1
2010-07-30 00:00:00,2010-07-30 00:00:00,133,2010-07-30 00:00:00,124.75,128.5,1744,2957100,380875750,2010-07-30 00:00:00,1
2010-08-02 00:00:00,2010-08-02 00:00:00,141,2010-08-02 00:00:00,130.2,133.4,1409,3111300,424937440,2010-08-02 00:00:00,1
2010-08-03 00:00:00,2010-08-03 00:00:00,133,2010-08-03 00:00:00,104,111.9,1919,3275600,382703730,2010-08-03 00:00:00,1
2010-08-04 00:00:00,2010-08-04 00:00:00,128.7,2010-08-04 00:00:00,100.8,125.6,1868,2372000,289064260,2010-08-04 00:00:00,1
2010-08-05 00:00:00,2010-08-05 00:00:00,128,2010-08-05 00:00:00,113,115.3,969,1581500,184113940,2010-08-05 00:00:00,1
2010-08-06 00:00:00,2010-08-06 00:00:00,114,2010-08-06 00:00:00,103.8,103.8,776,1160500,121182480,2010-08-06 00:00:00,1
2010-08-09 00:00:00,2010-08-09 00:00:00,94,2010-08-09 00:00:00,93.5,93.5,60,83000,7760800,2010-08-09 00:00:00,1
2010-08-10 00:00:00,2010-08-10 00:00:00,102.8,2010-08-10 00:00:00,84.2,102.8,954,1681500,154135730,2010-08-10 00:00:00,1
2010-08-11 00:00:00,2010-08-11 00:00:00,112.1,2010-08-11 00:00:00,93.5,95.5,925,1416100,146680930,2010-08-11 00:00:00,1
2010-08-12 00:00:00,2010-08-12 00:00:00,102,2010-08-12 00:00:00,93,99.8,358,425300,41675520,2010-08-12 00:00:00,1
2010-08-13 00:00:00,2010-08-13 00:00:00,102,2010-08-13 00:00:00,91,98.7,417,376000,36280780,2010-08-13 00:00:00,1
2010-08-16 00:00:00,2010-08-16 00:00:00,98.7,2010-08-16 00:00:00,91,91.5,306,240400,22486270,2010-08-16 00:00:00,1
2010-08-17 00:00:00,2010-08-17 00:00:00,99.5,2010-08-17 00:00:00,87,98.9,480,421300,40274810,2010-08-17 00:00:00,1
2010-08-18 00:00:00,2010-08-18 00:00:00,106.5,2010-08-18 00:00:00,100,102.9,444,449400,46590200,2010-08-18 00:00:00,1
2010-08-19 00:00:00,2010-08-19 00:00:00,110.5,2010-08-19 00:00:00,107,109.3,789,1216900,132308920,2010-08-19 00:00:00,1
2010-08-20 00:00:00,2010-08-20 00:00:00,116,2010-08-20 00:00:00,107,108.1,390,372000,40930850,2010-08-20 00:00:00,1
2010-08-23 00:00:00,2010-08-23 00:00:00,108.5,2010-08-23 00:00:00,100,103.4,228,218900,23002300,2010-08-23 00:00:00,1
2010-08-25 00:00:00,2010-08-25 00:00:00,103,2010-08-25 00:00:00,95,95.8,473,658800,64286160,2010-08-25 00:00:00,1
2010-08-26 00:00:00,2010-08-26 00:00:00,100.8,2010-08-26 00:00:00,90.8,96.4,229,150000,14295620,2010-08-26 00:00:00,1
2010-08-27 00:00:00,2010-08-27 00:00:00,102,2010-08-27 00:00:00,94.1,96.2,209,194400,19165560,2010-08-27 00:00:00,1
2010-08-30 00:00:00,2010-08-30 00:00:00,97.9,2010-08-30 00:00:00,93,93.5,195,160500,15045450,2010-08-30 00:00:00,1
2010-08-31 00:00:00,2010-08-31 00:00:00,99,2010-08-31 00:00:00,90,98.4,345,336200,31995380,2010-08-31 00:00:00,1
2010-09-01 00:00:00,2010-09-01 00:00:00,103.1,2010-09-01 00:00:00,96,96.8,154,97000,9636100,2010-09-01 00:00:00,1
2010-09-02 00:00:00,2010-09-02 00:00:00,100,2010-09-02 00:00:00,95.5,96.2,115,105200,10311720,2010-09-02 00:00:00,1
2010-09-03 00:00:00,2010-09-03 00:00:00,98.8,2010-09-03 00:00:00,93.6,95.9,137,198500,18899690,2010-09-03 00:00:00,1
2010-09-06 00:00:00,2010-09-06 00:00:00,99,2010-09-06 00:00:00,93.6,94.7,246,181200,17403320,2010-09-06 00:00:00,1
2010-09-07 00:00:00,2010-09-07 00:00:00,98.5,2010-09-07 00:00:00,93.1,95.1,199,215400,20446080,2010-09-07 00:00:00,1
2010-09-08 00:00:00,2010-09-08 00:00:00,96,2010-09-08 00:00:00,92.7,93,303,315600,29452520,2010-09-08 00:00:00,1
2010-09-09 00:00:00,2010-09-09 00:00:00,96,2010-09-09 00:00:00,91.5,92.1,193,438600,40437020,2010-09-09 00:00:00,1
2010-09-13 00:00:00,2010-09-13 00:00:00,94,2010-09-13 00:00:00,89.7,91.2,332,307000,27949540,2010-09-13 00:00:00,1
2010-09-14 00:00:00,2010-09-14 00:00:00,93.9,2010-09-14 00:00:00,87,91.4,331,308800,28039920,2010-09-14 00:00:00,1
2010-09-15 00:00:00,2010-09-15 00:00:00,97,2010-09-15 00:00:00,91.5,92.4,272,485900,45331350,2010-09-15 00:00:00,1
2010-09-16 00:00:00,2010-09-16 00:00:00,95,2010-09-16 00:00:00,92.6,93.1,122,122700,11481670,2010-09-16 00:00:00,1
2010-09-17 00:00:00,2010-09-17 00:00:00,102.4,2010-09-17 00:00:00,94,101.7,576,782100,78824400,2010-09-17 00:00:00,1
2010-09-20 00:00:00,2010-09-20 00:00:00,110,2010-09-20 00:00:00,99.9,100.9,493,578500,60255250,2010-09-20 00:00:00,1
2010-09-21 00:00:00,2010-09-21 00:00:00,105.9,2010-09-21 00:00:00,98.5,100.9,431,529200,53850630,2010-09-21 00:00:00,1
2010-09-23 00:00:00,2010-09-23 00:00:00,106,2010-09-23 00:00:00,96.5,97.3,260,320500,32069250,2010-09-23 00:00:00,1
2010-09-24 00:00:00,2010-09-24 00:00:00,101.5,2010-09-24 00:00:00,95,97.1,175,182800,17717710,2010-09-24 00:00:00,1
2010-09-27 00:00:00,2010-09-27 00:00:00,102,2010-09-27 00:00:00,97,98.1,221,226800,22527580,2010-09-27 00:00:00,1
2010-09-28 00:00:00,2010-09-28 00:00:00,97.1,2010-09-28 00:00:00,94.9,95,135,259900,24743390,2010-09-28 00:00:00,1
2010-09-29 00:00:00,2010-09-29 00:00:00,97,2010-09-29 00:00:00,93,94.7,133,311300,29547760,2010-09-29 00:00:00,1
2010-09-30 00:00:00,2010-09-30 00:00:00,95.1,2010-09-30 00:00:00,90,91.8,217,328700,30587760,2010-09-30 00:00:00,1
2010-10-01 00:00:00,2010-10-01 00:00:00,93,2010-10-01 00:00:00,86.6,87.5,501,468200,41666190,2010-10-01 00:00:00,1
2010-10-04 00:00:00,2010-10-04 00:00:00,89,2010-10-04 00:00:00,79,80.5,469,438800,36551480,2010-10-04 00:00:00,1
2010-10-05 00:00:00,2010-10-05 00:00:00,86.9,2010-10-05 00:00:00,82,83.4,238,175800,14767460,2010-10-05 00:00:00,1
2010-10-06 00:00:00,2010-10-06 00:00:00,85,2010-10-06 00:00:00,79.9,80.1,125,87100,7044170,2010-10-06 00:00:00,1
2010-10-07 00:00:00,2010-10-07 00:00:00,83,2010-10-07 00:00:00,77,78.9,181,134400,10752430,2010-10-07 00:00:00,1
2010-10-08 00:00:00,2010-10-08 00:00:00,84.5,2010-10-08 00:00:00,75.1,80.8,245,280900,22634820,2010-10-08 00:00:00,1
2010-10-11 00:00:00,2010-10-11 00:00:00,85,2010-10-11 00:00:00,79,79.2,72,59100,4747790,2010-10-11 00:00:00,1
2010-10-12 00:00:00,2010-10-12 00:00:00,79.9,2010-10-12 00:00:00,72.7,74.1,155,92300,7074530,2010-10-12 00:00:00,1
2010-10-13 00:00:00,2010-10-13 00:00:00,78,2010-10-13 00:00:00,69.5,74.8,176,140500,10168190,2010-10-13 00:00:00,1
2010-10-14 00:00:00,2010-10-14 00:00:00,78,2010-10-14 00:00:00,70,70.5,128,85000,6230500,2010-10-14 00:00:00,1
2010-10-15 00:00:00,2010-10-15 00:00:00,79,2010-10-15 00:00:00,70,76.5,339,368700,27005060,2010-10-15 00:00:00,1
2010-10-18 00:00:00,2010-10-18 00:00:00,81,2010-10-18 00:00:00,73,77,355,400200,31527410,2010-10-18 00:00:00,1
2010-10-19 00:00:00,2010-10-19 00:00:00,79,2010-10-19 00:00:00,75,75.7,122,75800,5800080,2010-10-19 00:00:00,1
2010-10-20 00:00:00,2010-10-20 00:00:00,76.9,2010-10-20 00:00:00,72,72.3,95,93500,6839870,2010-10-20 00:00:00,1
2010-10-21 00:00:00,2010-10-21 00:00:00,79,2010-10-21 00:00:00,70.2,72.2,106,61400,4427260,2010-10-21 00:00:00,1
2010-10-25 00:00:00,2010-10-25 00:00:00,74.8,2010-10-25 00:00:00,70,70,165,146000,10311700,2010-10-25 00:00:00,1
2010-10-26 00:00:00,2010-10-26 00:00:00,70.2,2010-10-26 00:00:00,66,68.6,130,92800,6306690,2010-10-26 00:00:00,1
2010-10-27 00:00:00,2010-10-27 00:00:00,71.9,2010-10-27 00:00:00,65,70.8,160,152600,10606120,2010-10-27 00:00:00,1
2010-10-28 00:00:00,2010-10-28 00:00:00,76.5,2010-10-28 00:00:00,70.8,75.6,614,834300,62527590,2010-10-28 00:00:00,1
2010-10-29 00:00:00,2010-10-29 00:00:00,89.1,2010-10-29 00:00:00,76,86.4,887,1233300,102727650,2010-10-29 00:00:00,1
2010-11-01 00:00:00,2010-11-01 00:00:00,93.8,2010-11-01 00:00:00,90,90.9,704,859100,78603860,2010-11-01 00:00:00,1
2010-11-02 00:00:00,2010-11-02 00:00:00,92,2010-11-02 00:00:00,85,85.8,399,402300,35177390,2010-11-02 00:00:00,1
2010-11-03 00:00:00,2010-11-03 00:00:00,88,2010-11-03 00:00:00,80.5,84.3,177,155100,13015260,2010-11-03 00:00:00,1
2010-11-04 00:00:00,2010-11-04 00:00:00,87,2010-11-04 00:00:00,81.1,81.7,115,80700,6669050,2010-11-04 00:00:00,1
2010-11-08 00:00:00,2010-11-08 00:00:00,86.1,2010-11-08 00:00:00,82,83.2,111,132600,11129710,2010-11-08 00:00:00,1
2010-11-09 00:00:00,2010-11-09 00:00:00,82,2010-11-09 00:00:00,79.2,80.1,110,82300,6601670,2010-11-09 00:00:00,1
2010-11-10 00:00:00,2010-11-10 00:00:00,81.5,2010-11-10 00:00:00,76,77.4,151,134700,10636940,2010-11-10 00:00:00,1
2010-11-11 00:00:00,2010-11-11 00:00:00,80,2010-11-11 00:00:00,76.5,79.5,47,35100,2774350,2010-11-11 00:00:00,1
2010-11-12 00:00:00,2010-11-12 00:00:00,82,2010-11-12 00:00:00,76,77.9,121,173900,13546530,2010-11-12 00:00:00,1
2010-11-15 00:00:00,2010-11-15 00:00:00,78,2010-11-15 00:00:00,74,74.9,110,92100,6944160,2010-11-15 00:00:00,1
2010-11-16 00:00:00,2010-11-16 00:00:00,74.4,2010-11-16 00:00:00,70.5,72.4,161,135900,9727370,2010-11-16 00:00:00,1
2010-11-18 00:00:00,2010-11-18 00:00:00,75.9,2010-11-18 00:00:00,72,74.9,141,156500,11672060,2010-11-18 00:00:00,1
2010-11-22 00:00:00,2010-11-22 00:00:00,76,2010-11-22 00:00:00,70,72.3,84,73500,5442120,2010-11-22 00:00:00,1
2010-11-23 00:00:00,2010-11-23 00:00:00,74.1,2010-11-23 00:00:00,70,72,132,102800,7304240,2010-11-23 00:00:00,1
2010-11-24 00:00:00,2010-11-24 00:00:00,74,2010-11-24 00:00:00,70.6,72.2,79,57700,4180170,2010-11-24 00:00:00,1
2010-11-25 00:00:00,2010-11-25 00:00:00,72,2010-11-25 00:00:00,69.6,71,141,141200,9951070,2010-11-25 00:00:00,1
2010-11-26 00:00:00,2010-11-26 00:00:00,77.9,2010-11-26 00:00:00,71.3,76.5,363,489300,36850050,2010-11-26 00:00:00,1
2010-11-29 00:00:00,2010-11-29 00:00:00,84,2010-11-29 00:00:00,76.9,79.2,599,768600,61218220,2010-11-29 00:00:00,1
2010-11-30 00:00:00,2010-11-30 00:00:00,89.9,2010-11-30 00:00:00,83,86.3,698,966500,82789390,2010-11-30 00:00:00,1
2010-12-01 00:00:00,2010-12-01 00:00:00,90,2010-12-01 00:00:00,81.4,83.6,342,309500,26548850,2010-12-01 00:00:00,1
2010-12-02 00:00:00,2010-12-02 00:00:00,85,2010-12-02 00:00:00,79,81.6,283,287800,23466330,2010-12-02 00:00:00,1
2010-12-03 00:00:00,2010-12-03 00:00:00,84,2010-12-03 00:00:00,79.1,81.8,113,105100,8561680,2010-12-03 00:00:00,1
2010-12-06 00:00:00,2010-12-06 00:00:00,81.9,2010-12-06 00:00:00,77,80,111,63700,5058090,2010-12-06 00:00:00,1
2010-12-07 00:00:00,2010-12-07 00:00:00,83.9,2010-12-07 00:00:00,78.5,79.6,74,99400,7995740,2010-12-07 00:00:00,1
2010-12-08 00:00:00,2010-12-08 00:00:00,79.5,2010-12-08 00:00:00,76,77.5,56,35100,2728560,2010-12-08 00:00:00,1
2010-12-09 00:00:00,2010-12-09 00:00:00,82.4,2010-12-09 00:00:00,77.1,81.5,317,426900,34396520,2010-12-09 00:00:00,1
2010-12-10 00:00:00,2010-12-10 00:00:00,83,2010-12-10 00:00:00,79.2,80.1,124,192800,15705490,2010-12-10 00:00:00,1
2010-12-13 00:00:00,2010-12-13 00:00:00,81.9,2010-12-13 00:00:00,78.4,80.8,98,74700,5995070,2010-12-13 00:00:00,1
2010-12-14 00:00:00,2010-12-14 00:00:00,81,2010-12-14 00:00:00,78.7,79.1,77,51700,4104890,2010-12-14 00:00:00,1
2010-12-15 00:00:00,2010-12-15 00:00:00,80,2010-12-15 00:00:00,78,78.1,89,68400,5382520,2010-12-15 00:00:00,1
2010-12-16 00:00:00,2010-12-16 00:00:00,79,2010-12-16 00:00:00,76.6,77.3,50,37500,2927900,2010-12-16 00:00:00,1
2010-12-17 00:00:00,2010-12-17 00:00:00,78,2010-12-17 00:00:00,76.5,76.9,40,19200,1480880,2010-12-17 00:00:00,1
2010-12-21 00:00:00,2010-12-21 00:00:00,79.9,2010-12-21 00:00:00,78,78.9,63,62600,4953230,2010-12-21 00:00:00,1
2010-12-22 00:00:00,2010-12-22 00:00:00,81,2010-12-22 00:00:00,78.2,79.3,73,79600,6342890,2010-12-22 00:00:00,1
2010-12-23 00:00:00,2010-12-23 00:00:00,84.9,2010-12-23 00:00:00,80,84,308,327200,27201380,2010-12-23 00:00:00,1
2010-12-24 00:00:00,2010-12-24 00:00:00,84.9,2010-12-24 00:00:00,81,81.6,78,99900,8201050,2010-12-24 00:00:00,1
2010-12-27 00:00:00,2010-12-27 00:00:00,86.5,2010-12-27 00:00:00,80.1,85,288,326400,27596560,2010-12-27 00:00:00,1
2010-12-28 00:00:00,2010-12-28 00:00:00,88.9,2010-12-28 00:00:00,85.5,86,417,428900,37411850,2010-12-28 00:00:00,1
2010-12-29 00:00:00,2010-12-29 00:00:00,86,2010-12-29 00:00:00,82.1,83.2,98,83200,6946550,2010-12-29 00:00:00,1
2010-12-30 00:00:00,2010-12-30 00:00:00,86,2010-12-30 00:00:00,79,84.3,305,474100,39274070,2010-12-30 00:00:00,1
2010-12-31 00:00:00,2010-12-31 00:00:00,87.5,2010-12-31 00:00:00,83,85.9,436,695600,59995940,2010-12-31 00:00:00,1
Company Id :  GREG,,Security Type :  R,,Sub Type :  0000,,,,,,
Short Name :  ENVI. RESOURCES,,,,,,,,,,
Day,Date High,High,Date Low,Low,Closing,No. of Trades,No. of Shares,Turnover,Last Traded,Days Traded
2010-04-16 00:00:00,2010-04-16 00:00:00,297.75,2010-04-16 00:00:00,152,162,292,911000,149404750,2010-04-16 00:00:00,1
2010-04-19 00:00:00,2010-04-19 00:00:00,241,2010-04-19 00:00:00,218,219.25,149,97700,22437600,2010-04-19 00:00:00,1
2010-04-20 00:00:00,2010-04-20 00:00:00,220,2010-04-20 00:00:00,200,200.75,125,97100,19963475,2010-04-20 00:00:00,1
2010-04-21 00:00:00,2010-04-21 00:00:00,200,2010-04-21 00:00:00,190,190.5,278,261100,49909550,2010-04-21 00:00:00,1
2010-04-22 00:00:00,2010-04-22 00:00:00,205,2010-04-22 00:00:00,190.5,193.5,170,109400,21463675,2010-04-22 00:00:00,1
2010-04-23 00:00:00,2010-04-23 00:00:00,199,2010-04-23 00:00:00,167.25,168.75,646,1928300,327376225,2010-04-23 00:00:00,1
Company Id :  GREG,,Security Type :  W,,Sub Type :  0000,,,,,,
Short Name :  ENVI. RESOURCES,,,,,,,,,,
Day,Date High,High,Date Low,Low,Closing,No. of Trades,No. of Shares,Turnover,Last Traded,Days Traded
2010-01-04 00:00:00,2010-01-04 00:00:00,37,2010-01-04 00:00:00,34.5,34.75,134,282000,10142450,2010-01-04 00:00:00,1
2010-01-05 00:00:00,2010-01-05 00:00:00,36,2010-01-05 00:00:00,33.5,35.25,84,399100,14008550,2010-01-05 00:00:00,1
2010-01-06 00:00:00,2010-01-06 00:00:00,35.25,2010-01-06 00:00:00,34,34.75,43,48600,1688925,2010-01-06 00:00:00,1
2010-01-07 00:00:00,2010-01-07 00:00:00,38.25,2010-01-07 00:00:00,34,37.5,205,417800,15370000,2010-01-07 00:00:00,1
2010-01-08 00:00:00,2010-01-08 00:00:00,49.5,2010-01-08 00:00:00,38.5,48.5,714,1222700,53308600,2010-01-08 00:00:00,1
2010-01-11 00:00:00,2010-01-11 00:00:00,58.75,2010-01-11 00:00:00,50,56.5,588,969700,53927775,2010-01-11 00:00:00,1
2010-01-12 00:00:00,2010-01-12 00:00:00,76.5,2010-01-12 00:00:00,58,74.25,1136,1903900,128851125,2010-01-12 00:00:00,1
2010-01-13 00:00:00,2010-01-13 00:00:00,105,2010-01-13 00:00:00,80,96.5,1181,1902200,182008725,2010-01-13 00:00:00,1
2010-01-15 00:00:00,2010-01-15 00:00:00,106,2010-01-15 00:00:00,90,93.5,433,615700,59217675,2010-01-15 00:00:00,1
2010-01-18 00:00:00,2010-01-18 00:00:00,96,2010-01-18 00:00:00,86,91.5,189,151400,13742375,2010-01-18 00:00:00,1
2010-01-19 00:00:00,2010-01-19 00:00:00,93.25,2010-01-19 00:00:00,80,84.75,170,385600,34044600,2010-01-19 00:00:00,1
2010-01-20 00:00:00,2010-01-20 00:00:00,93,2010-01-20 00:00:00,85,91.5,219,212300,19236175,2010-01-20 00:00:00,1
2010-01-21 00:00:00,2010-01-21 00:00:00,95,2010-01-21 00:00:00,89.5,90.25,111,82800,7723650,2010-01-21 00:00:00,1
2010-01-22 00:00:00,2010-01-22 00:00:00,94,2010-01-22 00:00:00,89.5,91.5,92,142900,13134625,2010-01-22 00:00:00,1
2010-01-25 00:00:00,2010-01-25 00:00:00,96.75,2010-01-25 00:00:00,91.75,93,145,266400,25115450,2010-01-25 00:00:00,1
2010-01-26 00:00:00,2010-01-26 00:00:00,94,2010-01-26 00:00:00,92,92.25,36,33400,3097700,2010-01-26 00:00:00,1
2010-01-28 00:00:00,2010-01-28 00:00:00,99.25,2010-01-28 00:00:00,88.25,97.75,251,701100,67471775,2010-01-28 00:00:00,1
2010-02-01 00:00:00,2010-02-01 00:00:00,105,2010-02-01 00:00:00,100,103.5,250,460900,47615400,2010-02-01 00:00:00,1
2010-02-02 00:00:00,2010-02-02 00:00:00,110,2010-02-02 00:00:00,101.5,104.25,161,203600,21539100,2010-02-02 00:00:00,1
2010-02-03 00:00:00,2010-02-03 00:00:00,104,2010-02-03 00:00:00,97,100.5,69,61300,6232650,2010-02-03 00:00:00,1
2010-02-05 00:00:00,2010-02-05 00:00:00,124,2010-02-05 00:00:00,99.5,119,645,740900,83823875,2010-02-05 00:00:00,1
2010-02-08 00:00:00,2010-02-08 00:00:00,149.25,2010-02-08 00:00:00,126,145.25,949,1080500,148415300,2010-02-08 00:00:00,1
2010-02-09 00:00:00,2010-02-09 00:00:00,177.75,2010-02-09 00:00:00,155,173.5,1360,1466200,244006350,2010-02-09 00:00:00,1
2010-02-10 00:00:00,2010-02-10 00:00:00,174,2010-02-10 00:00:00,140,148.75,642,642800,102771575,2010-02-10 00:00:00,1
2010-02-11 00:00:00,2010-02-11 00:00:00,159,2010-02-11 00:00:00,125,143,506,567600,82713300,2010-02-11 00:00:00,1
2010-02-12 00:00:00,2010-02-12 00:00:00,144,2010-02-12 00:00:00,105,123.25,479,373200,44856475,2010-02-12 00:00:00,1
2010-02-15 00:00:00,2010-02-15 00:00:00,122,2010-02-15 00:00:00,105,116,201,147000,16932325,2010-02-15 00:00:00,1
2010-02-16 00:00:00,2010-02-16 00:00:00,122,2010-02-16 00:00:00,114.75,116.25,179,143100,16947850,2010-02-16 00:00:00,1
2010-02-17 00:00:00,2010-02-17 00:00:00,157.25,2010-02-17 00:00:00,119.5,154.75,1231,981300,141912025,2010-02-17 00:00:00,1
2010-02-18 00:00:00,2010-02-18 00:00:00,169,2010-02-18 00:00:00,133,139.25,1328,1170900,184208600,2010-02-18 00:00:00,1
2010-02-19 00:00:00,2010-02-19 00:00:00,154.5,2010-02-19 00:00:00,133,149,399,289100,42717875,2010-02-19 00:00:00,1
2010-02-22 00:00:00,2010-02-22 00:00:00,155,2010-02-22 00:00:00,145,146.5,162,107500,16065950,2010-02-22 00:00:00,1
2010-02-23 00:00:00,2010-02-23 00:00:00,148,2010-02-23 00:00:00,143.5,144.5,61,25300,3667225,2010-02-23 00:00:00,1
2010-02-24 00:00:00,2010-02-24 00:00:00,148,2010-02-24 00:00:00,139.5,145.25,110,64500,9323900,2010-02-24 00:00:00,1
2010-02-25 00:00:00,2010-02-25 00:00:00,164,2010-02-25 00:00:00,145.25,159.5,589,359400,56142500,2010-02-25 00:00:00,1
2010-02-26 00:00:00,2010-02-26 00:00:00,168,2010-02-26 00:00:00,156,159,259,183700,29580875,2010-02-26 00:00:00,1
2010-03-01 00:00:00,2010-03-01 00:00:00,164.5,2010-03-01 00:00:00,157,160.5,198,163600,26410575,2010-03-01 00:00:00,1
2010-03-02 00:00:00,2010-03-02 00:00:00,174.5,2010-03-02 00:00:00,150,150.5,454,402500,65420100,2010-03-02 00:00:00,1
2010-03-03 00:00:00,2010-03-03 00:00:00,155,2010-03-03 00:00:00,139.75,144.25,180,99700,14393700,2010-03-03 00:00:00,1
2010-03-04 00:00:00,2010-03-04 00:00:00,156,2010-03-04 00:00:00,140,152.75,127,77100,11493325,2010-03-04 00:00:00,1
2010-03-05 00:00:00,2010-03-05 00:00:00,157.75,2010-03-05 00:00:00,150,154.5,105,102800,15678700,2010-03-05 00:00:00,1
2010-03-08 00:00:00,2010-03-08 00:00:00,161,2010-03-08 00:00:00,147,158.25,183,139300,22080025,2010-03-08 00:00:00,1
2010-03-09 00:00:00,2010-03-09 00:00:00,162,2010-03-09 00:00:00,154,158,161,98500,15543225,2010-03-09 00:00:00,1
2010-03-10 00:00:00,2010-03-10 00:00:00,164.5,2010-03-10 00:00:00,159,162.75,244,136500,22097925,2010-03-10 00:00:00,1
2010-03-11 00:00:00,2010-03-11 00:00:00,167,2010-03-11 00:00:00,163,165,226,157600,25983050,2010-03-11 00:00:00,1
2010-03-12 00:00:00,2010-03-12 00:00:00,167,2010-03-12 00:00:00,160.5,162.25,115,56300,9243600,2010-03-12 00:00:00,1
2010-03-15 00:00:00,2010-03-15 00:00:00,164,2010-03-15 00:00:00,160,162,93,76300,12377850,2010-03-15 00:00:00,1
2010-03-16 00:00:00,2010-03-16 00:00:00,160,2010-03-16 00:00:00,155.25,156.5,37,22800,3563875,2010-03-16 00:00:00,1
2010-03-17 00:00:00,2010-03-17 00:00:00,159.5,2010-03-17 00:00:00,156.5,158.5,46,26100,4131200,2010-03-17 00:00:00,1
2010-03-18 00:00:00,2010-03-18 00:00:00,157,2010-03-18 00:00:00,155,155.5,62,33600,5237475,2010-03-18 00:00:00,1
2010-03-19 00:00:00,2010-03-19 00:00:00,156,2010-03-19 00:00:00,154,155,31,28000,4328100,2010-03-19 00:00:00,1
2010-03-22 00:00:00,2010-03-22 00:00:00,167.75,2010-03-22 00:00:00,156.25,162.25,139,78100,12741225,2010-03-22 00:00:00,1
2010-03-23 00:00:00,2010-03-23 00:00:00,164,2010-03-23 00:00:00,159,159.75,50,30300,4873175,2010-03-23 00:00:00,1
2010-03-24 00:00:00,2010-03-24 00:00:00,159.5,2010-03-24 00:00:00,150,153.75,95,62600,9574100,2010-03-24 00:00:00,1
2010-03-25 00:00:00,2010-03-25 00:00:00,154,2010-03-25 00:00:00,146.75,150.75,131,72600,10909150,2010-03-25 00:00:00,1
2010-03-26 00:00:00,2010-03-26 00:00:00,158,2010-03-26 00:00:00,153,154.25,169,150000,23245300,2010-03-26 00:00:00,1
2010-03-30 00:00:00,2010-03-30 00:00:00,158.75,2010-03-30 00:00:00,145,147.5,311,196100,29523975,2010-03-30 00:00:00,1
2010-03-31 00:00:00,2010-03-31 00:00:00,90,2010-03-31 00:00:00,65,69.75,515,402400,30755675,2010-03-31 00:00:00,1
2010-04-01 00:00:00,2010-04-01 00:00:00,89,2010-04-01 00:00:00,67,84.25,667,422300,34537950,2010-04-01 00:00:00,1
2010-04-05 00:00:00,2010-04-05 00:00:00,92.25,2010-04-05 00:00:00,86,87.25,417,337800,30106475,2010-04-05 00:00:00,1
2010-04-06 00:00:00,2010-04-06 00:00:00,87.25,2010-04-06 00:00:00,79.5,80,238,209100,16897750,2010-04-06 00:00:00,1
2010-04-07 00:00:00,2010-04-07 00:00:00,83,2010-04-07 00:00:00,76.25,77.5,106,79200,6262775,2010-04-07 00:00:00,1
2010-04-08 00:00:00,2010-04-08 00:00:00,79,2010-04-08 00:00:00,75,76,134,130300,9890100,2010-04-08 00:00:00,1
2010-04-12 00:00:00,2010-04-12 00:00:00,80,2010-04-12 00:00:00,69.75,70,323,373700,26642425,2010-04-12 00:00:00,1
2010-04-15 00:00:00,2010-04-15 00:00:00,73.5,2010-04-15 00:00:00,68.25,69,115,88100,6192375,2010-04-15 00:00:00,1
2010-04-16 00:00:00,2010-04-16 00:00:00,72.75,2010-04-16 00:00:00,65,66,126,101700,6881375,2010-04-16 00:00:00,1
2010-04-19 00:00:00,2010-04-19 00:00:00,90,2010-04-19 00:00:00,66,68,169,187900,13285125,2010-04-19 00:00:00,1
2010-04-20 00:00:00,2010-04-20 00:00:00,69.5,2010-04-20 00:00:00,62,62.5,132,93400,6069850,2010-04-20 00:00:00,1
2010-04-21 00:00:00,2010-04-21 00:00:00,70,2010-04-21 00:00:00,62,69,109,84900,5765500,2010-04-21 00:00:00,1
2010-04-22 00:00:00,2010-04-22 00:00:00,80,2010-04-22 00:00:00,69,69.75,83,91000,6557375,2010-04-22 00:00:00,1
2010-04-23 00:00:00,2010-04-23 00:00:00,71.5,2010-04-23 00:00:00,65,69.75,89,113100,7710175,2010-04-23 00:00:00,1
2010-04-26 00:00:00,2010-04-26 00:00:00,77.5,2010-04-26 00:00:00,71.25,76.25,204,197100,14839500,2010-04-26 00:00:00,1
2010-04-27 00:00:00,2010-04-27 00:00:00,81,2010-04-27 00:00:00,77.75,78.75,220,282500,22456400,2010-04-27 00:00:00,1
2010-04-29 00:00:00,2010-04-29 00:00:00,79,2010-04-29 00:00:00,74.75,75.25,21,9200,708825,2010-04-29 00:00:00,1
2010-04-30 00:00:00,2010-04-30 00:00:00,74.5,2010-04-30 00:00:00,72,72,6,3100,223550,2010-04-30 00:00:00,1
2010-05-03 00:00:00,2010-05-03 00:00:00,75.5,2010-05-03 00:00:00,72,73.75,41,19200,1426800,2010-05-03 00:00:00,1
2010-05-04 00:00:00,2010-05-04 00:00:00,72,2010-05-04 00:00:00,69.75,70,48,28500,2000050,2010-05-04 00:00:00,1
2010-05-05 00:00:00,2010-05-05 00:00:00,70.5,2010-05-05 00:00:00,62.25,63,162,88200,5805950,2010-05-05 00:00:00,1
2010-05-06 00:00:00,2010-05-06 00:00:00,63,2010-05-06 00:00:00,55,56,255,236700,13659950,2010-05-06 00:00:00,1
2010-05-07 00:00:00,2010-05-07 00:00:00,59,2010-05-07 00:00:00,56,58,136,133200,7618600,2010-05-07 00:00:00,1
2010-05-10 00:00:00,2010-05-10 00:00:00,58.5,2010-05-10 00:00:00,54,56,152,168100,9317725,2010-05-10 00:00:00,1
2010-05-11 00:00:00,2010-05-11 00:00:00,64.5,2010-05-11 00:00:00,55.5,60,271,196300,11800275,2010-05-11 00:00:00,1
2010-05-12 00:00:00,2010-05-12 00:00:00,64,2010-05-12 00:00:00,57.5,59.75,217,210400,12723475,2010-05-12 00:00:00,1
2010-05-13 00:00:00,2010-05-13 00:00:00,61,2010-05-13 00:00:00,55,55.25,477,3147800,174325300,2010-05-13 00:00:00,1
Company Id :  GREG,,Security Type :  W,,Sub Type :  0001,,,,,,
Short Name :  ENVI. RESOURCES,,,,,,,,,,
Day,Date High,High,Date Low,Low,Closing,No. of Trades,No. of Shares,Turnover,Last Traded,Days Traded
2010-01-04 00:00:00,2010-01-04 00:00:00,38.5,2010-01-04 00:00:00,36,36,80,131200,4924925,2010-01-04 00:00:00,1
2010-01-05 00:00:00,2010-01-05 00:00:00,36.25,2010-01-05 00:00:00,34,35.5,47,96300,3425925,2010-01-05 00:00:00,1
2010-01-06 00:00:00,2010-01-06 00:00:00,36.75,2010-01-06 00:00:00,34.25,35.75,12,16100,575500,2010-01-06 00:00:00,1
2010-01-07 00:00:00,2010-01-07 00:00:00,39,2010-01-07 00:00:00,35.75,38.5,153,309400,11768250,2010-01-07 00:00:00,1
2010-01-08 00:00:00,2010-01-08 00:00:00,49.75,2010-01-08 00:00:00,39.75,49,558,1147800,51705075,2010-01-08 00:00:00,1
2010-01-11 00:00:00,2010-01-11 00:00:00,59,2010-01-11 00:00:00,51,56.75,678,1227000,68899000,2010-01-11 00:00:00,1
2010-01-12 00:00:00,2010-01-12 00:00:00,76,2010-01-12 00:00:00,58,74.25,1534,2745900,184866300,2010-01-12 00:00:00,1
2010-01-13 00:00:00,2010-01-13 00:00:00,104.25,2010-01-13 00:00:00,80,96.5,1605,2841300,272387275,2010-01-13 00:00:00,1
2010-01-15 00:00:00,2010-01-15 00:00:00,105,2010-01-15 00:00:00,90,93.75,546,873400,86231950,2010-01-15 00:00:00,1
2010-01-18 00:00:00,2010-01-18 00:00:00,95.5,2010-01-18 00:00:00,85,93.25,338,318300,29414825,2010-01-18 00:00:00,1
2010-01-19 00:00:00,2010-01-19 00:00:00,94,2010-01-19 00:00:00,82,85.75,149,269400,23716450,2010-01-19 00:00:00,1
2010-01-20 00:00:00,2010-01-20 00:00:00,93,2010-01-20 00:00:00,85,91.25,273,321800,29177775,2010-01-20 00:00:00,1
2010-01-21 00:00:00,2010-01-21 00:00:00,95.25,2010-01-21 00:00:00,89.25,90,182,184900,17273525,2010-01-21 00:00:00,1
2010-01-22 00:00:00,2010-01-22 00:00:00,93.5,2010-01-22 00:00:00,90.25,91.5,82,80100,7370675,2010-01-22 00:00:00,1
2010-01-25 00:00:00,2010-01-25 00:00:00,97.75,2010-01-25 00:00:00,91,92.75,152,312000,29490475,2010-01-25 00:00:00,1
2010-01-26 00:00:00,2010-01-26 00:00:00,94,2010-01-26 00:00:00,90.25,90.75,42,70100,6460325,2010-01-26 00:00:00,1
2010-01-28 00:00:00,2010-01-28 00:00:00,99.75,2010-01-28 00:00:00,90,98,321,567900,54815250,2010-01-28 00:00:00,1
2010-02-01 00:00:00,2010-02-01 00:00:00,104.5,2010-02-01 00:00:00,100.25,103.75,360,522800,54038050,2010-02-01 00:00:00,1
2010-02-02 00:00:00,2010-02-02 00:00:00,110,2010-02-02 00:00:00,103,103.5,273,412600,43922075,2010-02-02 00:00:00,1
2010-02-03 00:00:00,2010-02-03 00:00:00,104,2010-02-03 00:00:00,98.25,101.25,108,95400,9574150,2010-02-03 00:00:00,1
2010-02-05 00:00:00,2010-02-05 00:00:00,124,2010-02-05 00:00:00,99,121,954,978000,111498350,2010-02-05 00:00:00,1
2010-02-08 00:00:00,2010-02-08 00:00:00,149.5,2010-02-08 00:00:00,127,144.5,1061,1114500,154694625,2010-02-08 00:00:00,1
2010-02-09 00:00:00,2010-02-09 00:00:00,179.5,2010-02-09 00:00:00,155,174.75,1553,1386400,231570225,2010-02-09 00:00:00,1
2010-02-10 00:00:00,2010-02-10 00:00:00,175,2010-02-10 00:00:00,140,147.5,691,730400,118133675,2010-02-10 00:00:00,1
2010-02-11 00:00:00,2010-02-11 00:00:00,160,2010-02-11 00:00:00,120,144.75,658,557800,82091700,2010-02-11 00:00:00,1
2010-02-12 00:00:00,2010-02-12 00:00:00,145,2010-02-12 00:00:00,104,125,579,442400,53984250,2010-02-12 00:00:00,1
2010-02-15 00:00:00,2010-02-15 00:00:00,132,2010-02-15 00:00:00,105.5,118.75,256,159900,18607400,2010-02-15 00:00:00,1
2010-02-16 00:00:00,2010-02-16 00:00:00,124.25,2010-02-16 00:00:00,115.5,116,119,65500,7749475,2010-02-16 00:00:00,1
2010-02-17 00:00:00,2010-02-17 00:00:00,159.25,2010-02-17 00:00:00,119,156.5,1343,1103800,158586200,2010-02-17 00:00:00,1
2010-02-18 00:00:00,2010-02-18 00:00:00,170.75,2010-02-18 00:00:00,135.25,140,1225,1073200,170033450,2010-02-18 00:00:00,1
2010-02-19 00:00:00,2010-02-19 00:00:00,153,2010-02-19 00:00:00,135,147.75,404,260300,38094975,2010-02-19 00:00:00,1
2010-02-22 00:00:00,2010-02-22 00:00:00,154,2010-02-22 00:00:00,143.75,145.25,132,91100,13490325,2010-02-22 00:00:00,1
2010-02-23 00:00:00,2010-02-23 00:00:00,148,2010-02-23 00:00:00,142,142.75,32,12500,1810200,2010-02-23 00:00:00,1
2010-02-24 00:00:00,2010-02-24 00:00:00,147.75,2010-02-24 00:00:00,138.25,145.25,96,77200,11117025,2010-02-24 00:00:00,1
2010-02-25 00:00:00,2010-02-25 00:00:00,164,2010-02-25 00:00:00,145.25,159.75,575,375600,58784225,2010-02-25 00:00:00,1
2010-02-26 00:00:00,2010-02-26 00:00:00,167.5,2010-02-26 00:00:00,155,159.5,274,216700,34856875,2010-02-26 00:00:00,1
2010-03-01 00:00:00,2010-03-01 00:00:00,165,2010-03-01 00:00:00,159.5,161,211,180100,29079900,2010-03-01 00:00:00,1
2010-03-02 00:00:00,2010-03-02 00:00:00,172,2010-03-02 00:00:00,148.75,150.5,510,416800,66982100,2010-03-02 00:00:00,1
2010-03-03 00:00:00,2010-03-03 00:00:00,151,2010-03-03 00:00:00,139,145,218,154900,22191200,2010-03-03 00:00:00,1
2010-03-04 00:00:00,2010-03-04 00:00:00,154.5,2010-03-04 00:00:00,138,152.25,214,134400,20100225,2010-03-04 00:00:00,1
2010-03-05 00:00:00,2010-03-05 00:00:00,157,2010-03-05 00:00:00,150,154.75,157,145000,22318450,2010-03-05 00:00:00,1
2010-03-08 00:00:00,2010-03-08 00:00:00,161,2010-03-08 00:00:00,156,158.5,166,130100,20625800,2010-03-08 00:00:00,1
2010-03-09 00:00:00,2010-03-09 00:00:00,162,2010-03-09 00:00:00,155,158.25,112,85400,13414750,2010-03-09 00:00:00,1
2010-03-10 00:00:00,2010-03-10 00:00:00,163.5,2010-03-10 00:00:00,159.5,163,300,252800,40958300,2010-03-10 00:00:00,1
2010-03-11 00:00:00,2010-03-11 00:00:00,166.75,2010-03-11 00:00:00,163.75,164.25,208,170800,28176750,2010-03-11 00:00:00,1
2010-03-12 00:00:00,2010-03-12 00:00:00,166.25,2010-03-12 00:00:00,161,161.75,183,120400,19787750,2010-03-12 00:00:00,1
2010-03-15 00:00:00,2010-03-15 00:00:00,165,2010-03-15 00:00:00,161.5,162,55,59700,9708950,2010-03-15 00:00:00,1
2010-03-16 00:00:00,2010-03-16 00:00:00,161,2010-03-16 00:00:00,155.75,156,41,28000,4460450,2010-03-16 00:00:00,1
2010-03-17 00:00:00,2010-03-17 00:00:00,160,2010-03-17 00:00:00,157,158.5,39,28500,4511675,2010-03-17 00:00:00,1
2010-03-18 00:00:00,2010-03-18 00:00:00,158,2010-03-18 00:00:00,155.25,155.5,24,22400,3518500,2010-03-18 00:00:00,1
2010-03-19 00:00:00,2010-03-19 00:00:00,158,2010-03-19 00:00:00,152.5,153.75,37,32000,4963925,2010-03-19 00:00:00,1
2010-03-22 00:00:00,2010-03-22 00:00:00,167.75,2010-03-22 00:00:00,156,162.75,182,104100,17172175,2010-03-22 00:00:00,1
2010-03-23 00:00:00,2010-03-23 00:00:00,165,2010-03-23 00:00:00,159.25,159.5,60,48600,7855100,2010-03-23 00:00:00,1
2010-03-24 00:00:00,2010-03-24 00:00:00,157.25,2010-03-24 00:00:00,150,153.75,67,57300,8743225,2010-03-24 00:00:00,1
2010-03-25 00:00:00,2010-03-25 00:00:00,155.5,2010-03-25 00:00:00,148,152.5,116,82400,12504075,2010-03-25 00:00:00,1
2010-03-26 00:00:00,2010-03-26 00:00:00,158.25,2010-03-26 00:00:00,152.75,154.5,158,83000,12943100,2010-03-26 00:00:00,1
2010-03-30 00:00:00,2010-03-30 00:00:00,155,2010-03-30 00:00:00,134,143.75,264,128300,18532475,2010-03-30 00:00:00,1
2010-03-31 00:00:00,2010-03-31 00:00:00,82,2010-03-31 00:00:00,60,63,629,393400,28584600,2010-03-31 00:00:00,1
2010-04-01 00:00:00,2010-04-01 00:00:00,82,2010-04-01 00:00:00,60,79,811,556300,42089175,2010-04-01 00:00:00,1
2010-04-05 00:00:00,2010-04-05 00:00:00,86.5,2010-04-05 00:00:00,81,82,529,356600,30138275,2010-04-05 00:00:00,1
2010-04-06 00:00:00,2010-04-06 00:00:00,83,2010-04-06 00:00:00,77.75,79,170,179800,14297800,2010-04-06 00:00:00,1
2010-04-07 00:00:00,2010-04-07 00:00:00,80,2010-04-07 00:00:00,75,77,76,198900,15325475,2010-04-07 00:00:00,1
2010-04-08 00:00:00,2010-04-08 00:00:00,80,2010-04-08 00:00:00,75,76,79,110800,8421375,2010-04-08 00:00:00,1
2010-04-12 00:00:00,2010-04-12 00:00:00,77,2010-04-12 00:00:00,68.5,69.75,64,62200,4422450,2010-04-12 00:00:00,1
2010-04-15 00:00:00,2010-04-15 00:00:00,74.5,2010-04-15 00:00:00,69,70.25,46,39800,2792350,2010-04-15 00:00:00,1
2010-04-16 00:00:00,2010-04-16 00:00:00,74.75,2010-04-16 00:00:00,65,65.5,48,38800,2683400,2010-04-16 00:00:00,1
2010-04-19 00:00:00,2010-04-19 00:00:00,70.75,2010-04-19 00:00:00,66,67.5,101,120200,8308125,2010-04-19 00:00:00,1
2010-04-20 00:00:00,2010-04-20 00:00:00,68,2010-04-20 00:00:00,60.25,62.5,47,48300,3096300,2010-04-20 00:00:00,1
2010-04-21 00:00:00,2010-04-21 00:00:00,71,2010-04-21 00:00:00,60.25,69,118,87800,5902550,2010-04-21 00:00:00,1
2010-04-22 00:00:00,2010-04-22 00:00:00,80,2010-04-22 00:00:00,68.75,69,60,65800,4681925,2010-04-22 00:00:00,1
2010-04-23 00:00:00,2010-04-23 00:00:00,71,2010-04-23 00:00:00,65,69.5,102,89300,6086875,2010-04-23 00:00:00,1
2010-04-26 00:00:00,2010-04-26 00:00:00,78,2010-04-26 00:00:00,72.25,75.75,143,126600,9614850,2010-04-26 00:00:00,1
2010-04-27 00:00:00,2010-04-27 00:00:00,83,2010-04-27 00:00:00,78,80,217,321600,25936200,2010-04-27 00:00:00,1
2010-04-29 00:00:00,2010-04-29 00:00:00,81,2010-04-29 00:00:00,75.5,75.75,32,27700,2157800,2010-04-29 00:00:00,1
2010-04-30 00:00:00,2010-04-30 00:00:00,78,2010-04-30 00:00:00,75.25,75.5,18,17000,1284225,2010-04-30 00:00:00,1
2010-05-03 00:00:00,2010-05-03 00:00:00,78,2010-05-03 00:00:00,75,75.75,32,16800,1278125,2010-05-03 00:00:00,1
2010-05-04 00:00:00,2010-05-04 00:00:00,77,2010-05-04 00:00:00,74.25,75.25,24,16700,1267325,2010-05-04 00:00:00,1
2010-05-05 00:00:00,2010-05-05 00:00:00,75,2010-05-05 00:00:00,70,75,5,3000,220000,2010-05-05 00:00:00,1
2010-05-06 00:00:00,2010-05-06 00:00:00,75,2010-05-06 00:00:00,67,67,27,10200,706250,2010-05-06 00:00:00,1
2010-05-07 00:00:00,2010-05-07 00:00:00,70,2010-05-07 00:00:00,65,68,4,1300,87000,2010-05-07 00:00:00,1
2010-05-10 00:00:00,2010-05-10 00:00:00,68,2010-05-10 00:00:00,64,64.5,26,25900,1673275,2010-05-10 00:00:00,1
2010-05-11 00:00:00,2010-05-11 00:00:00,73,2010-05-11 00:00:00,63.5,69.75,73,77500,5294650,2010-05-11 00:00:00,1
2010-05-12 00:00:00,2010-05-12 00:00:00,73.5,2010-05-12 00:00:00,68,69,29,13000,931425,2010-05-12 00:00:00,1
2010-05-13 00:00:00,2010-05-13 00:00:00,70,2010-05-13 00:00:00,64,65.25,36,12500,834175,2010-05-13 00:00:00,1
2010-05-14 00:00:00,2010-05-14 00:00:00,72,2010-05-14 00:00:00,63,64.5,74,56700,3695200,2010-05-14 00:00:00,1
2010-05-17 00:00:00,2010-05-17 00:00:00,65,2010-05-17 00:00:00,60,61,18,17200,1066125,2010-05-17 00:00:00,1
2010-05-18 00:00:00,2010-05-18 00:00:00,71,2010-05-18 00:00:00,60,68.5,187,178800,11750800,2010-05-18 00:00:00,1
2010-05-19 00:00:00,2010-05-19 00:00:00,68.5,2010-05-19 00:00:00,62,63,40,76800,4953650,2010-05-19 00:00:00,1
2010-05-20 00:00:00,2010-05-20 00:00:00,67.75,2010-05-20 00:00:00,62,62.5,52,20300,1304050,2010-05-20 00:00:00,1
2010-05-21 00:00:00,2010-05-21 00:00:00,63,2010-05-21 00:00:00,61,61,15,14900,910100,2010-05-21 00:00:00,1
2010-05-24 00:00:00,2010-05-24 00:00:00,62.5,2010-05-24 00:00:00,55.75,57.25,15,14400,881225,2010-05-24 00:00:00,1
2010-05-25 00:00:00,2010-05-25 00:00:00,62,2010-05-25 00:00:00,60,61,18,10100,616550,2010-05-25 00:00:00,1
2010-05-26 00:00:00,2010-05-26 00:00:00,64,2010-05-26 00:00:00,60,63.75,48,25600,1606575,2010-05-26 00:00:00,1
2010-05-31 00:00:00,2010-05-31 00:00:00,64,2010-05-31 00:00:00,59,59,13,21900,1362075,2010-05-31 00:00:00,1
2010-06-01 00:00:00,2010-06-01 00:00:00,63,2010-06-01 00:00:00,61.25,61.25,5,2100,129750,2010-06-01 00:00:00,1
2010-06-02 00:00:00,2010-06-02 00:00:00,60,2010-06-02 00:00:00,58.75,59.75,27,59000,3508200,2010-06-02 00:00:00,1
2010-06-03 00:00:00,2010-06-03 00:00:00,61,2010-06-03 00:00:00,58,58.5,15,9100,533600,2010-06-03 00:00:00,1
2010-06-04 00:00:00,2010-06-04 00:00:00,61.5,2010-06-04 00:00:00,60,60,12,9900,597125,2010-06-04 00:00:00,1
2010-06-07 00:00:00,2010-06-07 00:00:00,59.5,2010-06-07 00:00:00,57,58,21,113600,6669950,2010-06-07 00:00:00,1
2010-06-08 00:00:00,2010-06-08 00:00:00,58,2010-06-08 00:00:00,56.5,57,11,8900,508575,2010-06-08 00:00:00,1
2010-06-09 00:00:00,2010-06-09 00:00:00,57,2010-06-09 00:00:00,55.25,56.25,8,8200,461550,2010-06-09 00:00:00,1
2010-06-10 00:00:00,2010-06-10 00:00:00,61,2010-06-10 00:00:00,58,59.75,42,33000,1980700,2010-06-10 00:00:00,1
2010-06-11 00:00:00,2010-06-11 00:00:00,61,2010-06-11 00:00:00,58,58.5,9,3600,211350,2010-06-11 00:00:00,1
2010-06-14 00:00:00,2010-06-14 00:00:00,57,2010-06-14 00:00:00,55.25,55.5,8,9200,511525,2010-06-14 00:00:00,1
2010-06-15 00:00:00,2010-06-15 00:00:00,57,2010-06-15 00:00:00,55,56,12,3400,191075,2010-06-15 00:00:00,1
2010-06-16 00:00:00,2010-06-16 00:00:00,58,2010-06-16 00:00:00,55,57.25,14,9600,533775,2010-06-16 00:00:00,1
2010-06-17 00:00:00,2010-06-17 00:00:00,59,2010-06-17 00:00:00,58.5,58.75,3,900,52800,2010-06-17 00:00:00,1
2010-06-22 00:00:00,2010-06-22 00:00:00,58.75,2010-06-22 00:00:00,56.5,56.75,6,2600,149450,2010-06-22 00:00:00,1
2010-06-23 00:00:00,2010-06-23 00:00:00,58.5,2010-06-23 00:00:00,54,54.25,20,13900,771350,2010-06-23 00:00:00,1
2010-06-24 00:00:00,2010-06-24 00:00:00,53,2010-06-24 00:00:00,40,50.25,20,22200,1105575,2010-06-24 00:00:00,1
2010-06-28 00:00:00,2010-06-28 00:00:00,53,2010-06-28 00:00:00,50.25,51,15,15100,771600,2010-06-28 00:00:00,1
2010-06-29 00:00:00,2010-06-29 00:00:00,58.25,2010-06-29 00:00:00,52,56,15,25500,1460500,2010-06-29 00:00:00,1
2010-06-30 00:00:00,2010-06-30 00:00:00,58,2010-06-30 00:00:00,53.25,53.75,11,8400,451400,2010-06-30 00:00:00,1
2010-07-01 00:00:00,2010-07-01 00:00:00,56.5,2010-07-01 00:00:00,53.25,54,19,13400,727650,2010-07-01 00:00:00,1
2010-07-02 00:00:00,2010-07-02 00:00:00,56.75,2010-07-02 00:00:00,50,56.5,17,3300,170875,2010-07-02 00:00:00,1
2010-07-06 00:00:00,2010-07-06 00:00:00,54,2010-07-06 00:00:00,54,54,2,1500,81000,2010-07-06 00:00:00,1
2010-07-07 00:00:00,2010-07-07 00:00:00,50.25,2010-07-07 00:00:00,48,49.25,14,17000,846475,2010-07-07 00:00:00,1
2010-07-08 00:00:00,2010-07-08 00:00:00,54.5,2010-07-08 00:00:00,52,53.5,7,7400,395150,2010-07-08 00:00:00,1
2010-07-09 00:00:00,2010-07-09 00:00:00,52,2010-07-09 00:00:00,52,52,5,5000,260000,2010-07-09 00:00:00,1
2010-07-14 00:00:00,2010-07-14 00:00:00,58,2010-07-14 00:00:00,51,55.75,22,12500,692200,2010-07-14 00:00:00,1
2010-07-15 00:00:00,2010-07-15 00:00:00,64,2010-07-15 00:00:00,56,56.5,29,34900,1998350,2010-07-15 00:00:00,1
2010-07-16 00:00:00,2010-07-16 00:00:00,72.25,2010-07-16 00:00:00,58,70,278,290200,19098275,2010-07-16 00:00:00,1
2010-07-19 00:00:00,2010-07-19 00:00:00,81,2010-07-19 00:00:00,73,76.75,279,335800,26070650,2010-07-19 00:00:00,1
2010-07-20 00:00:00,2010-07-20 00:00:00,78,2010-07-20 00:00:00,70,73.5,101,96100,7235375,2010-07-20 00:00:00,1
2010-07-21 00:00:00,2010-07-21 00:00:00,74.5,2010-07-21 00:00:00,67,72.5,46,43900,3151050,2010-07-21 00:00:00,1
2010-07-22 00:00:00,2010-07-22 00:00:00,77,2010-07-22 00:00:00,73,76,33,30000,2259525,2010-07-22 00:00:00,1
2010-07-23 00:00:00,2010-07-23 00:00:00,83,2010-07-23 00:00:00,76.25,76.75,138,153500,12099700,2010-07-23 00:00:00,1
2010-07-26 00:00:00,2010-07-26 00:00:00,79,2010-07-26 00:00:00,76,76,37,51600,3958100,2010-07-26 00:00:00,1
2010-07-27 00:00:00,2010-07-27 00:00:00,78,2010-07-27 00:00:00,76,77.75,15,9500,727950,2010-07-27 00:00:00,1
2010-07-28 00:00:00,2010-07-28 00:00:00,88,2010-07-28 00:00:00,78.25,84.5,195,250100,20611625,2010-07-28 00:00:00,1
2010-07-29 00:00:00,2010-07-29 00:00:00,112.25,2010-07-29 00:00:00,87.25,107.75,892,1100100,112656325,2010-07-29 00:00:00,1
2010-07-30 00:00:00,2010-07-30 00:00:00,114.5,2010-07-30 00:00:00,105.25,108.5,386,417100,46435200,2010-07-30 00:00:00,1
2010-08-02 00:00:00,2010-08-02 00:00:00,117,2010-08-02 00:00:00,110,111.6,135,188500,21540500,2010-08-02 00:00:00,1
2010-08-03 00:00:00,2010-08-03 00:00:00,115,2010-08-03 00:00:00,100,105.2,77,92600,9607170,2010-08-03 00:00:00,1
2010-08-05 00:00:00,2010-08-05 00:00:00,99.9,2010-08-05 00:00:00,94.8,96.6,104,123100,11720430,2010-08-05 00:00:00,1
2010-08-06 00:00:00,2010-08-06 00:00:00,95,2010-08-06 00:00:00,87,87,58,92800,8089800,2010-08-06 00:00:00,1
2010-08-09 00:00:00,2010-08-09 00:00:00,78.3,2010-08-09 00:00:00,78.3,78.3,3,2300,180090,2010-08-09 00:00:00,1
2010-08-10 00:00:00,2010-08-10 00:00:00,86.1,2010-08-10 00:00:00,70.5,85.6,50,107900,8214480,2010-08-10 00:00:00,1
2010-08-11 00:00:00,2010-08-11 00:00:00,94.1,2010-08-11 00:00:00,77.1,77.5,79,133000,11560790,2010-08-11 00:00:00,1
2010-08-12 00:00:00,2010-08-12 00:00:00,84,2010-08-12 00:00:00,76,80,32,48400,3829500,2010-08-12 00:00:00,1
2010-08-13 00:00:00,2010-08-13 00:00:00,80,2010-08-13 00:00:00,74,76.1,18,21500,1667680,2010-08-13 00:00:00,1
2010-08-16 00:00:00,2010-08-16 00:00:00,74,2010-08-16 00:00:00,68.5,68.5,29,19800,1371970,2010-08-16 00:00:00,1
2010-08-17 00:00:00,2010-08-17 00:00:00,75.3,2010-08-17 00:00:00,68.5,75.3,102,217800,15454600,2010-08-17 00:00:00,1
2010-08-18 00:00:00,2010-08-18 00:00:00,82.8,2010-08-18 00:00:00,78,82.3,124,154100,12510230,2010-08-18 00:00:00,1
2010-08-19 00:00:00,2010-08-19 00:00:00,90.5,2010-08-19 00:00:00,88,90.5,165,173400,15629410,2010-08-19 00:00:00,1
2010-08-20 00:00:00,2010-08-20 00:00:00,97.6,2010-08-20 00:00:00,89,90.4,137,130500,11994680,2010-08-20 00:00:00,1
2010-08-23 00:00:00,2010-08-23 00:00:00,89.9,2010-08-23 00:00:00,81.5,83.7,52,86800,7347620,2010-08-23 00:00:00,1
2010-08-25 00:00:00,2010-08-25 00:00:00,84,2010-08-25 00:00:00,75.4,76.8,72,68100,5387370,2010-08-25 00:00:00,1
2010-08-26 00:00:00,2010-08-26 00:00:00,80,2010-08-26 00:00:00,69.4,76.3,70,75700,5525810,2010-08-26 00:00:00,1
2010-08-27 00:00:00,2010-08-27 00:00:00,83.8,2010-08-27 00:00:00,70,74.8,74,122500,9144580,2010-08-27 00:00:00,1
2010-08-30 00:00:00,2010-08-30 00:00:00,80,2010-08-30 00:00:00,76,76,3,3000,229200,2010-08-30 00:00:00,1
2010-08-31 00:00:00,2010-08-31 00:00:00,78,2010-08-31 00:00:00,70,77.5,100,203600,14662480,2010-08-31 00:00:00,1
2010-09-01 00:00:00,2010-09-01 00:00:00,83,2010-09-01 00:00:00,76,76.8,41,71100,5699650,2010-09-01 00:00:00,1
2010-09-02 00:00:00,2010-09-02 00:00:00,80.9,2010-09-02 00:00:00,75,76,17,19500,1512800,2010-09-02 00:00:00,1
2010-09-03 00:00:00,2010-09-03 00:00:00,78.8,2010-09-03 00:00:00,75,75.3,32,33600,2535240,2010-09-03 00:00:00,1
2010-09-06 00:00:00,2010-09-06 00:00:00,79,2010-09-06 00:00:00,75,75.2,12,8100,613100,2010-09-06 00:00:00,1
2010-09-07 00:00:00,2010-09-07 00:00:00,76.5,2010-09-07 00:00:00,71,72.1,38,44200,3258250,2010-09-07 00:00:00,1
2010-09-08 00:00:00,2010-09-08 00:00:00,76,2010-09-08 00:00:00,72,72.1,19,9200,677040,2010-09-08 00:00:00,1
2010-09-09 00:00:00,2010-09-09 00:00:00,72.1,2010-09-09 00:00:00,70,70.1,29,36200,2549990,2010-09-09 00:00:00,1
2010-09-13 00:00:00,2010-09-13 00:00:00,72,2010-09-13 00:00:00,67.2,70.1,62,35500,2484710,2010-09-13 00:00:00,1
2010-09-14 00:00:00,2010-09-14 00:00:00,72,2010-09-14 00:00:00,66.5,72,25,18400,1279290,2010-09-14 00:00:00,1
2010-09-15 00:00:00,2010-09-15 00:00:00,78,2010-09-15 00:00:00,71,74,26,23700,1806000,2010-09-15 00:00:00,1
2010-09-16 00:00:00,2010-09-16 00:00:00,75,2010-09-16 00:00:00,74,75,9,7000,522600,2010-09-16 00:00:00,1
2010-09-17 00:00:00,2010-09-17 00:00:00,82.5,2010-09-17 00:00:00,75.1,82.5,131,141900,11607890,2010-09-17 00:00:00,1
2010-09-20 00:00:00,2010-09-20 00:00:00,88,2010-09-20 00:00:00,79.5,80.7,89,79800,6531220,2010-09-20 00:00:00,1
2010-09-21 00:00:00,2010-09-21 00:00:00,83,2010-09-21 00:00:00,79,80.9,13,11500,929360,2010-09-21 00:00:00,1
2010-09-23 00:00:00,2010-09-23 00:00:00,84,2010-09-23 00:00:00,81.6,81.7,7,4000,330400,2010-09-23 00:00:00,1
2010-09-24 00:00:00,2010-09-24 00:00:00,78,2010-09-24 00:00:00,75,75.4,22,14800,1122660,2010-09-24 00:00:00,1
2010-09-27 00:00:00,2010-09-27 00:00:00,80,2010-09-27 00:00:00,70.5,75.1,31,27400,2049690,2010-09-27 00:00:00,1
2010-09-28 00:00:00,2010-09-28 00:00:00,72,2010-09-28 00:00:00,70.5,71,13,15800,1124950,2010-09-28 00:00:00,1
2010-09-29 00:00:00,2010-09-29 00:00:00,71.5,2010-09-29 00:00:00,71,71.1,9,6800,483250,2010-09-29 00:00:00,1
2010-09-30 00:00:00,2010-09-30 00:00:00,72,2010-09-30 00:00:00,69,70,77,71000,5001550,2010-09-30 00:00:00,1
2010-10-01 00:00:00,2010-10-01 00:00:00,69.6,2010-10-01 00:00:00,64,65.3,38,33800,2276410,2010-10-01 00:00:00,1
2010-10-04 00:00:00,2010-10-04 00:00:00,71.9,2010-10-04 00:00:00,63,64.3,36,28800,1959810,2010-10-04 00:00:00,1
2010-10-05 00:00:00,2010-10-05 00:00:00,70,2010-10-05 00:00:00,65,65,13,4300,289540,2010-10-05 00:00:00,1
2010-10-06 00:00:00,2010-10-06 00:00:00,68,2010-10-06 00:00:00,60.5,67.2,15,7300,468780,2010-10-06 00:00:00,1
2010-10-07 00:00:00,2010-10-07 00:00:00,68,2010-10-07 00:00:00,62,62,8,5200,336400,2010-10-07 00:00:00,1
2010-10-08 00:00:00,2010-10-08 00:00:00,70,2010-10-08 00:00:00,60,67.9,27,29200,1910500,2010-10-08 00:00:00,1
2010-10-11 00:00:00,2010-10-11 00:00:00,70,2010-10-11 00:00:00,65,65.9,4,6400,421500,2010-10-11 00:00:00,1
2010-10-12 00:00:00,2010-10-12 00:00:00,65,2010-10-12 00:00:00,60.1,61.3,16,8300,515580,2010-10-12 00:00:00,1
2010-10-13 00:00:00,2010-10-13 00:00:00,62,2010-10-13 00:00:00,51,62,24,26500,1578060,2010-10-13 00:00:00,1
2010-10-14 00:00:00,2010-10-14 00:00:00,65,2010-10-14 00:00:00,58.1,59.4,5,1500,92050,2010-10-14 00:00:00,1
2010-10-15 00:00:00,2010-10-15 00:00:00,65.9,2010-10-15 00:00:00,60.1,64.5,33,26900,1699000,2010-10-15 00:00:00,1
2010-10-18 00:00:00,2010-10-18 00:00:00,68.5,2010-10-18 00:00:00,65,67.1,12,7000,471720,2010-10-18 00:00:00,1
2010-10-19 00:00:00,2010-10-19 00:00:00,67.8,2010-10-19 00:00:00,64,65.9,23,12300,808500,2010-10-19 00:00:00,1
2010-10-20 00:00:00,2010-10-20 00:00:00,67.9,2010-10-20 00:00:00,64.5,64.8,29,30000,1954800,2010-10-20 00:00:00,1
2010-10-21 00:00:00,2010-10-21 00:00:00,65,2010-10-21 00:00:00,65,65,2,1200,78000,2010-10-21 00:00:00,1
2010-10-25 00:00:00,2010-10-25 00:00:00,65,2010-10-25 00:00:00,61.1,61.2,3,7200,448100,2010-10-25 00:00:00,1
2010-10-26 00:00:00,2010-10-26 00:00:00,61,2010-10-26 00:00:00,55.5,55.5,3,3200,194100,2010-10-26 00:00:00,1
2010-10-27 00:00:00,2010-10-27 00:00:00,62,2010-10-27 00:00:00,54,62,6,7300,406040,2010-10-27 00:00:00,1
2010-10-28 00:00:00,2010-10-28 00:00:00,66,2010-10-28 00:00:00,55.1,64,34,24700,1578070,2010-10-28 00:00:00,1
2010-10-29 00:00:00,2010-10-29 00:00:00,71.9,2010-10-29 00:00:00,67.7,70.2,75,99400,6977830,2010-10-29 00:00:00,1
2010-11-01 00:00:00,2010-11-01 00:00:00,78.2,2010-11-01 00:00:00,72.5,73,67,71600,5411310,2010-11-01 00:00:00,1
2010-11-02 00:00:00,2010-11-02 00:00:00,73,2010-11-02 00:00:00,70,72.1,28,39600,2818440,2010-11-02 00:00:00,1
2010-11-03 00:00:00,2010-11-03 00:00:00,73,2010-11-03 00:00:00,70,72.2,16,9300,668000,2010-11-03 00:00:00,1
2010-11-04 00:00:00,2010-11-04 00:00:00,71,2010-11-04 00:00:00,69,70,17,22600,1578030,2010-11-04 00:00:00,1
2010-11-08 00:00:00,2010-11-08 00:00:00,70.9,2010-11-08 00:00:00,70,70.6,17,12000,840230,2010-11-08 00:00:00,1
2010-11-09 00:00:00,2010-11-09 00:00:00,70,2010-11-09 00:00:00,68,69.4,9,7900,546800,2010-11-09 00:00:00,1
2010-11-10 00:00:00,2010-11-10 00:00:00,69,2010-11-10 00:00:00,68,68.9,9,8700,597800,2010-11-10 00:00:00,1
2010-11-11 00:00:00,2010-11-11 00:00:00,69.4,2010-11-11 00:00:00,69,69.1,2,2500,172700,2010-11-11 00:00:00,1
2010-11-12 00:00:00,2010-11-12 00:00:00,70,2010-11-12 00:00:00,64.1,66.3,3,3200,223040,2010-11-12 00:00:00,1
2010-11-15 00:00:00,2010-11-15 00:00:00,65,2010-11-15 00:00:00,63.6,65,2,1300,83100,2010-11-15 00:00:00,1
2010-11-16 00:00:00,2010-11-16 00:00:00,60,2010-11-16 00:00:00,59.3,59.3,2,1100,65930,2010-11-16 00:00:00,1
2010-11-18 00:00:00,2010-11-18 00:00:00,69.8,2010-11-18 00:00:00,65.5,65.5,5,2600,176700,2010-11-18 00:00:00,1
2010-11-22 00:00:00,2010-11-22 00:00:00,70,2010-11-22 00:00:00,66.1,66.1,56,58000,4055800,2010-11-22 00:00:00,1
2010-11-23 00:00:00,2010-11-23 00:00:00,60.7,2010-11-23 00:00:00,60.6,60.6,2,2000,121210,2010-11-23 00:00:00,1
2010-11-24 00:00:00,2010-11-24 00:00:00,67.5,2010-11-24 00:00:00,67.5,67.5,1,100,6750,2010-11-24 00:00:00,1
2010-11-25 00:00:00,2010-11-25 00:00:00,65,2010-11-25 00:00:00,61,61.2,11,18700,1163020,2010-11-25 00:00:00,1
2010-11-26 00:00:00,2010-11-26 00:00:00,67,2010-11-26 00:00:00,62.7,65.8,24,19700,1296080,2010-11-26 00:00:00,1
2010-11-29 00:00:00,2010-11-29 00:00:00,72,2010-11-29 00:00:00,66,66,44,60900,4277520,2010-11-29 00:00:00,1
2010-11-30 00:00:00,2010-11-30 00:00:00,73,2010-11-30 00:00:00,67.5,70.1,32,31200,2240490,2010-11-30 00:00:00,1
2010-12-01 00:00:00,2010-12-01 00:00:00,75,2010-12-01 00:00:00,71.1,71.1,19,13900,1011930,2010-12-01 00:00:00,1
2010-12-02 00:00:00,2010-12-02 00:00:00,72,2010-12-02 00:00:00,66.1,71.9,13,6900,493330,2010-12-02 00:00:00,1
2010-12-03 00:00:00,2010-12-03 00:00:00,70,2010-12-03 00:00:00,69,70,7,4600,320000,2010-12-03 00:00:00,1
2010-12-06 00:00:00,2010-12-06 00:00:00,70,2010-12-06 00:00:00,64,65,7,9900,648600,2010-12-06 00:00:00,1
2010-12-07 00:00:00,2010-12-07 00:00:00,66,2010-12-07 00:00:00,65,65.1,8,2900,189260,2010-12-07 00:00:00,1
2010-12-09 00:00:00,2010-12-09 00:00:00,71.9,2010-12-09 00:00:00,65,70.3,20,15500,1085910,2010-12-09 00:00:00,1
2010-12-10 00:00:00,2010-12-10 00:00:00,72,2010-12-10 00:00:00,69,69.1,5,2800,194400,2010-12-10 00:00:00,1
2010-12-13 00:00:00,2010-12-13 00:00:00,70,2010-12-13 00:00:00,70,70,2,3600,252000,2010-12-13 00:00:00,1
2010-12-16 00:00:00,2010-12-16 00:00:00,65.4,2010-12-16 00:00:00,65,65.1,11,12000,781020,2010-12-16 00:00:00,1
2010-12-17 00:00:00,2010-12-17 00:00:00,68,2010-12-17 00:00:00,66.5,66.9,5,3400,228650,2010-12-17 00:00:00,1
2010-12-21 00:00:00,2010-12-21 00:00:00,69,2010-12-21 00:00:00,69,69,2,500,34500,2010-12-21 00:00:00,1
2010-12-22 00:00:00,2010-12-22 00:00:00,69.1,2010-12-22 00:00:00,66.1,67,9,5200,356910,2010-12-22 00:00:00,1
2010-12-23 00:00:00,2010-12-23 00:00:00,71,2010-12-23 00:00:00,69,70.2,13,15200,1064100,2010-12-23 00:00:00,1
2010-12-24 00:00:00,2010-12-24 00:00:00,71,2010-12-24 00:00:00,69,69.8,7,4300,302810,2010-12-24 00:00:00,1
2010-12-27 00:00:00,2010-12-27 00:00:00,72.9,2010-12-27 00:00:00,70,72.3,30,39700,2819590,2010-12-27 00:00:00,1
2010-12-28 00:00:00,2010-12-28 00:00:00,75.5,2010-12-28 00:00:00,73,73.7,50,45300,3376410,2010-12-28 00:00:00,1
2010-12-29 00:00:00,2010-12-29 00:00:00,75,2010-12-29 00:00:00,72,72,9,9100,675400,2010-12-29 00:00:00,1
2010-12-30 00:00:00,2010-12-30 00:00:00,75,2010-12-30 00:00:00,70.1,71,8,26400,1900020,2010-12-30 00:00:00,1
2010-12-31 00:00:00,2010-12-31 00:00:00,73.9,2010-12-31 00:00:00,70.3,72.4,40,71700,5207760,2010-12-31 00:00:00,1
Company Id :  GREG,,Security Type :  W,,Sub Type :  0002,,,,,,
Short Name :  ENVI. RESOURCES,,,,,,,,,,
Day,Date High,High,Date Low,Low,Closing,No. of Trades,No. of Shares,Turnover,Last Traded,Days Traded
2010-05-19 00:00:00,2010-05-19 00:00:00,43.25,2010-05-19 00:00:00,30,40.25,1641,2448700,96542425,2010-05-19 00:00:00,1
2010-05-20 00:00:00,2010-05-20 00:00:00,44.75,2010-05-20 00:00:00,39,39.25,619,888200,36559850,2010-05-20 00:00:00,1
2010-05-21 00:00:00,2010-05-21 00:00:00,40,2010-05-21 00:00:00,36.5,37.75,207,305300,11573125,2010-05-21 00:00:00,1
2010-05-24 00:00:00,2010-05-24 00:00:00,38,2010-05-24 00:00:00,34,34.5,282,456100,16012075,2010-05-24 00:00:00,1
2010-05-25 00:00:00,2010-05-25 00:00:00,38.5,2010-05-25 00:00:00,35,36.5,323,503400,18433525,2010-05-25 00:00:00,1
2010-05-26 00:00:00,2010-05-26 00:00:00,41.5,2010-05-26 00:00:00,36.5,40.5,676,1048900,41102300,2010-05-26 00:00:00,1
2010-05-31 00:00:00,2010-05-31 00:00:00,43,2010-05-31 00:00:00,39,39.5,470,820500,33822400,2010-05-31 00:00:00,1
2010-06-01 00:00:00,2010-06-01 00:00:00,41,2010-06-01 00:00:00,38,38.5,122,172500,6729750,2010-06-01 00:00:00,1
2010-06-02 00:00:00,2010-06-02 00:00:00,40.25,2010-06-02 00:00:00,38,39.75,226,354800,13898975,2010-06-02 00:00:00,1
2010-06-03 00:00:00,2010-06-03 00:00:00,41.25,2010-06-03 00:00:00,39,40.25,263,486200,19516475,2010-06-03 00:00:00,1
2010-06-04 00:00:00,2010-06-04 00:00:00,41.75,2010-06-04 00:00:00,38.75,39.5,385,729600,29656475,2010-06-04 00:00:00,1
2010-06-07 00:00:00,2010-06-07 00:00:00,40.5,2010-06-07 00:00:00,38.25,38.5,122,229000,8908300,2010-06-07 00:00:00,1
2010-06-08 00:00:00,2010-06-08 00:00:00,38.5,2010-06-08 00:00:00,37.5,38,84,127500,4836750,2010-06-08 00:00:00,1
2010-06-09 00:00:00,2010-06-09 00:00:00,38.75,2010-06-09 00:00:00,37,37.25,132,210600,7867075,2010-06-09 00:00:00,1
2010-06-10 00:00:00,2010-06-10 00:00:00,40,2010-06-10 00:00:00,37.5,38,185,261100,10065125,2010-06-10 00:00:00,1
2010-06-11 00:00:00,2010-06-11 00:00:00,39.25,2010-06-11 00:00:00,37,37.25,145,249900,9444500,2010-06-11 00:00:00,1
2010-06-14 00:00:00,2010-06-14 00:00:00,38,2010-06-14 00:00:00,35.5,36,202,294400,10708650,2010-06-14 00:00:00,1
2010-06-15 00:00:00,2010-06-15 00:00:00,37,2010-06-15 00:00:00,35,35.25,228,396300,13995100,2010-06-15 00:00:00,1
2010-06-16 00:00:00,2010-06-16 00:00:00,37.5,2010-06-16 00:00:00,34.25,35.25,127,251500,8819650,2010-06-16 00:00:00,1
2010-06-17 00:00:00,2010-06-17 00:00:00,35.5,2010-06-17 00:00:00,34.25,35,94,92100,3212625,2010-06-17 00:00:00,1
2010-06-21 00:00:00,2010-06-21 00:00:00,35,2010-06-21 00:00:00,33,34,129,186000,6333700,2010-06-21 00:00:00,1
2010-06-22 00:00:00,2010-06-22 00:00:00,35.5,2010-06-22 00:00:00,32,32.75,175,264100,8907625,2010-06-22 00:00:00,1
2010-06-23 00:00:00,2010-06-23 00:00:00,33.5,2010-06-23 00:00:00,29.5,30.75,556,1120900,34121575,2010-06-23 00:00:00,1
2010-06-24 00:00:00,2010-06-24 00:00:00,31,2010-06-24 00:00:00,29.25,30.25,196,344800,10330675,2010-06-24 00:00:00,1
2010-06-28 00:00:00,2010-06-28 00:00:00,34.5,2010-06-28 00:00:00,30.25,32.75,404,591000,19193550,2010-06-28 00:00:00,1
2010-06-29 00:00:00,2010-06-29 00:00:00,35,2010-06-29 00:00:00,33.5,34,243,397700,13631725,2010-06-29 00:00:00,1
2010-06-30 00:00:00,2010-06-30 00:00:00,35.75,2010-06-30 00:00:00,32,32.75,178,313000,10493800,2010-06-30 00:00:00,1
2010-07-01 00:00:00,2010-07-01 00:00:00,34,2010-07-01 00:00:00,31,31.5,89,143700,4663600,2010-07-01 00:00:00,1
2010-07-02 00:00:00,2010-07-02 00:00:00,32,2010-07-02 00:00:00,30.5,30.5,58,72000,2256550,2010-07-02 00:00:00,1
2010-07-05 00:00:00,2010-07-05 00:00:00,30.5,2010-07-05 00:00:00,29.5,30,67,127700,3839775,2010-07-05 00:00:00,1
2010-07-06 00:00:00,2010-07-06 00:00:00,30.5,2010-07-06 00:00:00,28.75,29,81,86700,2552650,2010-07-06 00:00:00,1
2010-07-07 00:00:00,2010-07-07 00:00:00,30.25,2010-07-07 00:00:00,25,26.5,328,916100,23562075,2010-07-07 00:00:00,1
2010-07-08 00:00:00,2010-07-08 00:00:00,31,2010-07-08 00:00:00,26.5,29.5,333,615200,18234250,2010-07-08 00:00:00,1
2010-07-09 00:00:00,2010-07-09 00:00:00,30,2010-07-09 00:00:00,28,28.75,45,92900,2677325,2010-07-09 00:00:00,1
2010-07-12 00:00:00,2010-07-12 00:00:00,29.75,2010-07-12 00:00:00,27.25,27.5,102,157700,4428325,2010-07-12 00:00:00,1
2010-07-13 00:00:00,2010-07-13 00:00:00,28.5,2010-07-13 00:00:00,27,27,90,133000,3630225,2010-07-13 00:00:00,1
2010-07-14 00:00:00,2010-07-14 00:00:00,29.75,2010-07-14 00:00:00,27.5,29.25,265,877200,25419025,2010-07-14 00:00:00,1
2010-07-15 00:00:00,2010-07-15 00:00:00,31.75,2010-07-15 00:00:00,29,30,294,563700,17107850,2010-07-15 00:00:00,1
2010-07-16 00:00:00,2010-07-16 00:00:00,40,2010-07-16 00:00:00,30,38.5,1654,3976700,144319225,2010-07-16 00:00:00,1
2010-07-19 00:00:00,2010-07-19 00:00:00,46,2010-07-19 00:00:00,41,43.25,2220,6022700,263367225,2010-07-19 00:00:00,1
2010-07-20 00:00:00,2010-07-20 00:00:00,44,2010-07-20 00:00:00,39.25,40.25,787,1580100,65257575,2010-07-20 00:00:00,1
2010-07-21 00:00:00,2010-07-21 00:00:00,42.75,2010-07-21 00:00:00,38,41.25,348,870800,35571500,2010-07-21 00:00:00,1
2010-07-22 00:00:00,2010-07-22 00:00:00,44.5,2010-07-22 00:00:00,40.5,43,466,1037400,44305875,2010-07-22 00:00:00,1
2010-07-23 00:00:00,2010-07-23 00:00:00,47,2010-07-23 00:00:00,43.5,44,929,2441200,109500075,2010-07-23 00:00:00,1
2010-07-26 00:00:00,2010-07-26 00:00:00,45.25,2010-07-26 00:00:00,43.25,43.5,203,347200,15279200,2010-07-26 00:00:00,1
2010-07-27 00:00:00,2010-07-27 00:00:00,44.5,2010-07-27 00:00:00,43,44,161,292700,12789525,2010-07-27 00:00:00,1
2010-07-28 00:00:00,2010-07-28 00:00:00,45.25,2010-07-28 00:00:00,43.75,44.75,357,870000,38913750,2010-07-28 00:00:00,1
2010-07-29 00:00:00,2010-07-29 00:00:00,52,2010-07-29 00:00:00,45.5,51,1992,5388800,262708925,2010-07-29 00:00:00,1
2010-07-30 00:00:00,2010-07-30 00:00:00,69,2010-07-30 00:00:00,50.75,64.75,3202,8367000,506563200,2010-07-30 00:00:00,1
2010-08-02 00:00:00,2010-08-02 00:00:00,88,2010-08-02 00:00:00,67,78.6,2447,5581500,439150800,2010-08-02 00:00:00,1
2010-08-03 00:00:00,2010-08-03 00:00:00,83,2010-08-03 00:00:00,60,71.6,779,1693200,126952770,2010-08-03 00:00:00,1
2010-08-05 00:00:00,2010-08-05 00:00:00,70,2010-08-05 00:00:00,64.4,64.4,546,1104800,71483400,2010-08-05 00:00:00,1
2010-08-06 00:00:00,2010-08-06 00:00:00,64.4,2010-08-06 00:00:00,58,58,168,305100,17772140,2010-08-06 00:00:00,1
2010-08-09 00:00:00,2010-08-09 00:00:00,52.2,2010-08-09 00:00:00,52.2,52.2,3,13400,699480,2010-08-09 00:00:00,1
2010-08-10 00:00:00,2010-08-10 00:00:00,57.4,2010-08-10 00:00:00,47,57.4,370,1088000,55857760,2010-08-10 00:00:00,1
2010-08-11 00:00:00,2010-08-11 00:00:00,62.4,2010-08-11 00:00:00,51.7,51.7,517,963700,53369720,2010-08-11 00:00:00,1
2010-08-12 00:00:00,2010-08-12 00:00:00,52,2010-08-12 00:00:00,46.6,50.4,428,739500,36205430,2010-08-12 00:00:00,1
2010-08-13 00:00:00,2010-08-13 00:00:00,51,2010-08-13 00:00:00,46.5,49,258,458200,22172260,2010-08-13 00:00:00,1
2010-08-16 00:00:00,2010-08-16 00:00:00,50,2010-08-16 00:00:00,44.1,44.1,187,257500,11542680,2010-08-16 00:00:00,1
2010-08-17 00:00:00,2010-08-17 00:00:00,48.5,2010-08-17 00:00:00,39.8,48.5,412,708600,32456970,2010-08-17 00:00:00,1
2010-08-18 00:00:00,2010-08-18 00:00:00,53.3,2010-08-18 00:00:00,51,53.3,379,506400,26852780,2010-08-18 00:00:00,1
2010-08-19 00:00:00,2010-08-19 00:00:00,58.6,2010-08-19 00:00:00,56,58.5,273,1065700,62371190,2010-08-19 00:00:00,1
2010-08-20 00:00:00,2010-08-20 00:00:00,64.3,2010-08-20 00:00:00,57,58.1,698,1067300,64717450,2010-08-20 00:00:00,1
2010-08-23 00:00:00,2010-08-23 00:00:00,63.5,2010-08-23 00:00:00,52.5,53.6,347,463100,25380490,2010-08-23 00:00:00,1
2010-08-25 00:00:00,2010-08-25 00:00:00,53.4,2010-08-25 00:00:00,48.3,48.4,412,872300,43180250,2010-08-25 00:00:00,1
2010-08-26 00:00:00,2010-08-26 00:00:00,52.5,2010-08-26 00:00:00,43.6,49.6,402,616800,29250960,2010-08-26 00:00:00,1
2010-08-27 00:00:00,2010-08-27 00:00:00,52.9,2010-08-27 00:00:00,47.8,49.2,253,523000,25826360,2010-08-27 00:00:00,1
2010-08-30 00:00:00,2010-08-30 00:00:00,50,2010-08-30 00:00:00,47,48,114,109700,5287550,2010-08-30 00:00:00,1
2010-08-31 00:00:00,2010-08-31 00:00:00,52.5,2010-08-31 00:00:00,45.6,51.3,278,330000,16416560,2010-08-31 00:00:00,1
2010-09-01 00:00:00,2010-09-01 00:00:00,56,2010-09-01 00:00:00,50.8,51.2,265,403000,21116950,2010-09-01 00:00:00,1
2010-09-02 00:00:00,2010-09-02 00:00:00,54,2010-09-02 00:00:00,51,51.6,186,249700,13047970,2010-09-02 00:00:00,1
2010-09-03 00:00:00,2010-09-03 00:00:00,52.5,2010-09-03 00:00:00,49,50.9,106,146300,7394490,2010-09-03 00:00:00,1
2010-09-06 00:00:00,2010-09-06 00:00:00,53,2010-09-06 00:00:00,49.6,50,144,185500,9479190,2010-09-06 00:00:00,1
2010-09-07 00:00:00,2010-09-07 00:00:00,52,2010-09-07 00:00:00,49,49.5,65,44000,2188550,2010-09-07 00:00:00,1
2010-09-08 00:00:00,2010-09-08 00:00:00,51,2010-09-08 00:00:00,47.5,47.9,132,212300,10312550,2010-09-08 00:00:00,1
2010-09-09 00:00:00,2010-09-09 00:00:00,49,2010-09-09 00:00:00,46.8,47.2,99,136700,6484960,2010-09-09 00:00:00,1
2010-09-13 00:00:00,2010-09-13 00:00:00,47.1,2010-09-13 00:00:00,44.6,46.1,156,168000,7681110,2010-09-13 00:00:00,1
2010-09-14 00:00:00,2010-09-14 00:00:00,48.4,2010-09-14 00:00:00,41.9,45.4,296,338600,15226800,2010-09-14 00:00:00,1
2010-09-15 00:00:00,2010-09-15 00:00:00,49.4,2010-09-15 00:00:00,44,46.6,241,338200,15869420,2010-09-15 00:00:00,1
2010-09-16 00:00:00,2010-09-16 00:00:00,49.2,2010-09-16 00:00:00,47.5,48.4,162,194600,9404080,2010-09-16 00:00:00,1
2010-09-17 00:00:00,2010-09-17 00:00:00,53.2,2010-09-17 00:00:00,48.4,53.2,381,569200,29734700,2010-09-17 00:00:00,1
2010-09-20 00:00:00,2010-09-20 00:00:00,60,2010-09-20 00:00:00,53,54.9,389,748300,41238520,2010-09-20 00:00:00,1
2010-09-21 00:00:00,2010-09-21 00:00:00,56,2010-09-21 00:00:00,50,54.5,232,252800,13554330,2010-09-21 00:00:00,1
2010-09-23 00:00:00,2010-09-23 00:00:00,57.5,2010-09-23 00:00:00,48.5,49.1,302,490400,24574280,2010-09-23 00:00:00,1
2010-09-24 00:00:00,2010-09-24 00:00:00,50.8,2010-09-24 00:00:00,47.5,48.1,94,127700,6259680,2010-09-24 00:00:00,1
2010-09-27 00:00:00,2010-09-27 00:00:00,49.5,2010-09-27 00:00:00,47,47.8,77,67100,3232580,2010-09-27 00:00:00,1
2010-09-28 00:00:00,2010-09-28 00:00:00,48.8,2010-09-28 00:00:00,47,47.6,84,89100,4241460,2010-09-28 00:00:00,1
2010-09-29 00:00:00,2010-09-29 00:00:00,48.5,2010-09-29 00:00:00,45.1,46.2,51,48400,2256470,2010-09-29 00:00:00,1
2010-09-30 00:00:00,2010-09-30 00:00:00,47,2010-09-30 00:00:00,44,45,166,177700,8004540,2010-09-30 00:00:00,1
2010-10-01 00:00:00,2010-10-01 00:00:00,45,2010-10-01 00:00:00,40,40.6,353,490900,20807770,2010-10-01 00:00:00,1
2010-10-04 00:00:00,2010-10-04 00:00:00,43.8,2010-10-04 00:00:00,37,39.1,377,550200,22487920,2010-10-04 00:00:00,1
2010-10-05 00:00:00,2010-10-05 00:00:00,43.2,2010-10-05 00:00:00,39.1,40.7,153,243900,10052840,2010-10-05 00:00:00,1
2010-10-06 00:00:00,2010-10-06 00:00:00,40.1,2010-10-06 00:00:00,39,39.3,73,79600,3152280,2010-10-06 00:00:00,1
2010-10-07 00:00:00,2010-10-07 00:00:00,40.1,2010-10-07 00:00:00,38,39.1,71,64500,2546150,2010-10-07 00:00:00,1
2010-10-08 00:00:00,2010-10-08 00:00:00,45,2010-10-08 00:00:00,36.6,41.3,196,273000,11269230,2010-10-08 00:00:00,1
2010-10-11 00:00:00,2010-10-11 00:00:00,41.3,2010-10-11 00:00:00,38.5,38.8,43,33900,1345250,2010-10-11 00:00:00,1
2010-10-12 00:00:00,2010-10-12 00:00:00,39.7,2010-10-12 00:00:00,34.2,35.1,106,114300,4196100,2010-10-12 00:00:00,1
2010-10-13 00:00:00,2010-10-13 00:00:00,37,2010-10-13 00:00:00,32,35.2,115,122600,4098810,2010-10-13 00:00:00,1
2010-10-14 00:00:00,2010-10-14 00:00:00,38.7,2010-10-14 00:00:00,33.1,34,82,116500,4255830,2010-10-14 00:00:00,1
2010-10-15 00:00:00,2010-10-15 00:00:00,40,2010-10-15 00:00:00,34.2,38.9,129,282700,10332490,2010-10-15 00:00:00,1
2010-10-18 00:00:00,2010-10-18 00:00:00,43,2010-10-18 00:00:00,39.7,40.2,376,496700,20413050,2010-10-18 00:00:00,1
2010-10-19 00:00:00,2010-10-19 00:00:00,41.9,2010-10-19 00:00:00,38,38.3,84,75700,2991820,2010-10-19 00:00:00,1
2010-10-20 00:00:00,2010-10-20 00:00:00,39.8,2010-10-20 00:00:00,37,37.1,56,44800,1666580,2010-10-20 00:00:00,1
2010-10-21 00:00:00,2010-10-21 00:00:00,38.7,2010-10-21 00:00:00,36.6,37.2,47,34800,1289890,2010-10-21 00:00:00,1
2010-10-25 00:00:00,2010-10-25 00:00:00,37.8,2010-10-25 00:00:00,35,35.5,56,64000,2302640,2010-10-25 00:00:00,1
2010-10-26 00:00:00,2010-10-26 00:00:00,35,2010-10-26 00:00:00,31,32.1,240,282000,9027420,2010-10-26 00:00:00,1
2010-10-27 00:00:00,2010-10-27 00:00:00,33.4,2010-10-27 00:00:00,30,32.2,193,223600,7010860,2010-10-27 00:00:00,1
2010-10-28 00:00:00,2010-10-28 00:00:00,37,2010-10-28 00:00:00,32.6,36.4,253,296400,10426230,2010-10-28 00:00:00,1
2010-10-29 00:00:00,2010-10-29 00:00:00,43.5,2010-10-29 00:00:00,36.8,43.1,722,1028100,42782580,2010-10-29 00:00:00,1
2010-11-01 00:00:00,2010-11-01 00:00:00,46.9,2010-11-01 00:00:00,43.5,44.6,541,710400,31951120,2010-11-01 00:00:00,1
2010-11-02 00:00:00,2010-11-02 00:00:00,44.6,2010-11-02 00:00:00,40.5,42,183,172300,7337440,2010-11-02 00:00:00,1
2010-11-03 00:00:00,2010-11-03 00:00:00,42.1,2010-11-03 00:00:00,40,41.2,145,167700,6877180,2010-11-03 00:00:00,1
2010-11-04 00:00:00,2010-11-04 00:00:00,41.4,2010-11-04 00:00:00,40,40,104,127500,5129120,2010-11-04 00:00:00,1
2010-11-08 00:00:00,2010-11-08 00:00:00,41.9,2010-11-08 00:00:00,39,39.9,74,67300,2725890,2010-11-08 00:00:00,1
2010-11-09 00:00:00,2010-11-09 00:00:00,39.5,2010-11-09 00:00:00,38,38.8,67,45400,1749440,2010-11-09 00:00:00,1
2010-11-10 00:00:00,2010-11-10 00:00:00,40,2010-11-10 00:00:00,37.5,37.8,210,476800,18212530,2010-11-10 00:00:00,1
2010-11-11 00:00:00,2010-11-11 00:00:00,39.6,2010-11-11 00:00:00,37.6,39.4,41,36400,1424800,2010-11-11 00:00:00,1
2010-11-12 00:00:00,2010-11-12 00:00:00,40.9,2010-11-12 00:00:00,37.7,38.7,112,140200,5478480,2010-11-12 00:00:00,1
2010-11-15 00:00:00,2010-11-15 00:00:00,40,2010-11-15 00:00:00,37,37,54,53000,1998320,2010-11-15 00:00:00,1
2010-11-16 00:00:00,2010-11-16 00:00:00,37.1,2010-11-16 00:00:00,33.8,35.3,150,192900,6704980,2010-11-16 00:00:00,1
2010-11-18 00:00:00,2010-11-18 00:00:00,37.5,2010-11-18 00:00:00,35,37.2,118,99700,3680360,2010-11-18 00:00:00,1
2010-11-22 00:00:00,2010-11-22 00:00:00,38,2010-11-22 00:00:00,35.2,36.4,42,45400,1682330,2010-11-22 00:00:00,1
2010-11-23 00:00:00,2010-11-23 00:00:00,37,2010-11-23 00:00:00,34.5,35.4,99,88300,3097370,2010-11-23 00:00:00,1
2010-11-24 00:00:00,2010-11-24 00:00:00,36,2010-11-24 00:00:00,34.1,34.3,64,75500,2623860,2010-11-24 00:00:00,1
2010-11-25 00:00:00,2010-11-25 00:00:00,35,2010-11-25 00:00:00,33,33,51,89100,2957280,2010-11-25 00:00:00,1
2010-11-26 00:00:00,2010-11-26 00:00:00,36.5,2010-11-26 00:00:00,33.9,35.8,204,247800,8801230,2010-11-26 00:00:00,1
2010-11-29 00:00:00,2010-11-29 00:00:00,38.9,2010-11-29 00:00:00,36,36.2,276,296100,11000140,2010-11-29 00:00:00,1
2010-11-30 00:00:00,2010-11-30 00:00:00,39.4,2010-11-30 00:00:00,37.5,38.7,201,223600,8588570,2010-11-30 00:00:00,1
2010-12-01 00:00:00,2010-12-01 00:00:00,40,2010-12-01 00:00:00,37.5,37.9,109,119900,4669360,2010-12-01 00:00:00,1
2010-12-02 00:00:00,2010-12-02 00:00:00,38,2010-12-02 00:00:00,36.5,37.2,69,56600,2101250,2010-12-02 00:00:00,1
2010-12-03 00:00:00,2010-12-03 00:00:00,37,2010-12-03 00:00:00,36,36.3,34,20200,738360,2010-12-03 00:00:00,1
2010-12-06 00:00:00,2010-12-06 00:00:00,37,2010-12-06 00:00:00,35,35.3,52,61000,2196410,2010-12-06 00:00:00,1
2010-12-07 00:00:00,2010-12-07 00:00:00,37,2010-12-07 00:00:00,35,35,40,61300,2158380,2010-12-07 00:00:00,1
2010-12-08 00:00:00,2010-12-08 00:00:00,35.5,2010-12-08 00:00:00,34.5,34.5,38,44900,1559850,2010-12-08 00:00:00,1
2010-12-09 00:00:00,2010-12-09 00:00:00,36.7,2010-12-09 00:00:00,35,36,74,76900,2765310,2010-12-09 00:00:00,1
2010-12-10 00:00:00,2010-12-10 00:00:00,37,2010-12-10 00:00:00,35.2,35.3,28,35700,1302900,2010-12-10 00:00:00,1
2010-12-13 00:00:00,2010-12-13 00:00:00,35.5,2010-12-13 00:00:00,35,35.2,25,50500,1770910,2010-12-13 00:00:00,1
2010-12-14 00:00:00,2010-12-14 00:00:00,35,2010-12-14 00:00:00,34.6,34.6,37,54600,1893190,2010-12-14 00:00:00,1
2010-12-15 00:00:00,2010-12-15 00:00:00,35.6,2010-12-15 00:00:00,34.7,35,30,34500,1202330,2010-12-15 00:00:00,1
2010-12-16 00:00:00,2010-12-16 00:00:00,35,2010-12-16 00:00:00,34,34.3,41,112200,3859750,2010-12-16 00:00:00,1
2010-12-17 00:00:00,2010-12-17 00:00:00,35,2010-12-17 00:00:00,34,34.4,15,12700,439100,2010-12-17 00:00:00,1
2010-12-21 00:00:00,2010-12-21 00:00:00,34.9,2010-12-21 00:00:00,34,34.5,18,25100,867010,2010-12-21 00:00:00,1
2010-12-22 00:00:00,2010-12-22 00:00:00,36,2010-12-22 00:00:00,34.1,35.9,32,43200,1521570,2010-12-22 00:00:00,1
2010-12-23 00:00:00,2010-12-23 00:00:00,38.9,2010-12-23 00:00:00,35.5,37.9,162,240000,8904010,2010-12-23 00:00:00,1
2010-12-24 00:00:00,2010-12-24 00:00:00,38.5,2010-12-24 00:00:00,36,36.6,12,11300,422930,2010-12-24 00:00:00,1
2010-12-27 00:00:00,2010-12-27 00:00:00,39.5,2010-12-27 00:00:00,36.2,38.6,66,100300,3835890,2010-12-27 00:00:00,1
2010-12-28 00:00:00,2010-12-28 00:00:00,39.7,2010-12-28 00:00:00,37.7,38.2,75,85300,3312500,2010-12-28 00:00:00,1
2010-12-29 00:00:00,2010-12-29 00:00:00,38.5,2010-12-29 00:00:00,36.5,38,59,61000,2302550,2010-12-29 00:00:00,1
2010-12-30 00:00:00,2010-12-30 00:00:00,37.5,2010-12-30 00:00:00,34.6,36.4,80,94000,3408630,2010-12-30 00:00:00,1
2010-12-31 00:00:00,2010-12-31 00:00:00,37.9,2010-12-31 00:00:00,36,36.8,123,189600,7003320,2010-12-31 00:00:00,1
Company Id :  GREG,,Security Type :  W,,Sub Type :  0003,,,,,,
Short Name :  ENVI. RESOURCES,,,,,,,,,,
Day,Date High,High,Date Low,Low,Closing,No. of Trades,No. of Shares,Turnover,Last Traded,Days Traded
2010-05-19 00:00:00,2010-05-19 00:00:00,41.5,2010-05-19 00:00:00,30,37.25,1141,1634500,61544200,2010-05-19 00:00:00,1
2010-05-20 00:00:00,2010-05-20 00:00:00,40.5,2010-05-20 00:00:00,34.5,35,555,936900,34849150,2010-05-20 00:00:00,1
2010-05-21 00:00:00,2010-05-21 00:00:00,36.5,2010-05-21 00:00:00,32,33.5,269,447000,14861100,2010-05-21 00:00:00,1
2010-05-24 00:00:00,2010-05-24 00:00:00,34.5,2010-05-24 00:00:00,30.25,31.5,216,379600,12017700,2010-05-24 00:00:00,1
2010-05-25 00:00:00,2010-05-25 00:00:00,34.75,2010-05-25 00:00:00,31.5,32.75,250,652000,21460825,2010-05-25 00:00:00,1
2010-05-26 00:00:00,2010-05-26 00:00:00,38.25,2010-05-26 00:00:00,32,37.5,788,1661000,59314750,2010-05-26 00:00:00,1
2010-05-31 00:00:00,2010-05-31 00:00:00,40,2010-05-31 00:00:00,35.75,36.25,342,628800,23661225,2010-05-31 00:00:00,1
2010-06-01 00:00:00,2010-06-01 00:00:00,37.25,2010-06-01 00:00:00,35,35.5,145,279400,10026700,2010-06-01 00:00:00,1
2010-06-02 00:00:00,2010-06-02 00:00:00,38,2010-06-02 00:00:00,35,37.5,290,504700,18620100,2010-06-02 00:00:00,1
2010-06-03 00:00:00,2010-06-03 00:00:00,38.5,2010-06-03 00:00:00,36,37.75,201,421000,15761550,2010-06-03 00:00:00,1
2010-06-04 00:00:00,2010-06-04 00:00:00,39.5,2010-06-04 00:00:00,37,38,353,752200,29067625,2010-06-04 00:00:00,1
2010-06-07 00:00:00,2010-06-07 00:00:00,38.75,2010-06-07 00:00:00,36,36.5,110,164100,6069825,2010-06-07 00:00:00,1
2010-06-08 00:00:00,2010-06-08 00:00:00,36.5,2010-06-08 00:00:00,35.5,36.25,47,39100,1407650,2010-06-08 00:00:00,1
2010-06-09 00:00:00,2010-06-09 00:00:00,36.75,2010-06-09 00:00:00,34,35.5,241,520700,18416425,2010-06-09 00:00:00,1
2010-06-10 00:00:00,2010-06-10 00:00:00,38,2010-06-10 00:00:00,36,36.25,292,504700,18569925,2010-06-10 00:00:00,1
2010-06-11 00:00:00,2010-06-11 00:00:00,36.5,2010-06-11 00:00:00,35,35.25,120,170600,6083700,2010-06-11 00:00:00,1
2010-06-14 00:00:00,2010-06-14 00:00:00,35.5,2010-06-14 00:00:00,34.25,34.5,92,159400,5536650,2010-06-14 00:00:00,1
2010-06-15 00:00:00,2010-06-15 00:00:00,35,2010-06-15 00:00:00,33.75,34,136,163400,5588075,2010-06-15 00:00:00,1
2010-06-16 00:00:00,2010-06-16 00:00:00,35,2010-06-16 00:00:00,33,33.25,95,130700,4382350,2010-06-16 00:00:00,1
2010-06-17 00:00:00,2010-06-17 00:00:00,34,2010-06-17 00:00:00,32.75,34,72,83100,2754900,2010-06-17 00:00:00,1
2010-06-21 00:00:00,2010-06-21 00:00:00,34,2010-06-21 00:00:00,32,32,119,221700,7186025,2010-06-21 00:00:00,1
2010-06-22 00:00:00,2010-06-22 00:00:00,34,2010-06-22 00:00:00,31.5,31.75,100,223000,7235250,2010-06-22 00:00:00,1
2010-06-23 00:00:00,2010-06-23 00:00:00,33,2010-06-23 00:00:00,29,30,332,702200,21158725,2010-06-23 00:00:00,1
2010-06-24 00:00:00,2010-06-24 00:00:00,29.75,2010-06-24 00:00:00,28,28.5,118,167800,4813800,2010-06-24 00:00:00,1
2010-06-28 00:00:00,2010-06-28 00:00:00,33.5,2010-06-28 00:00:00,29,31.5,251,486400,15353875,2010-06-28 00:00:00,1
2010-06-29 00:00:00,2010-06-29 00:00:00,33.75,2010-06-29 00:00:00,31.5,32,144,243800,8013175,2010-06-29 00:00:00,1
2010-06-30 00:00:00,2010-06-30 00:00:00,34.25,2010-06-30 00:00:00,30.75,31.25,141,239200,7742775,2010-06-30 00:00:00,1
2010-07-01 00:00:00,2010-07-01 00:00:00,33,2010-07-01 00:00:00,30,30.75,125,302300,9413500,2010-07-01 00:00:00,1
2010-07-02 00:00:00,2010-07-02 00:00:00,31.75,2010-07-02 00:00:00,29.5,30,32,42200,1301125,2010-07-02 00:00:00,1
2010-07-05 00:00:00,2010-07-05 00:00:00,30.25,2010-07-05 00:00:00,28.75,29,44,47100,1399025,2010-07-05 00:00:00,1
2010-07-06 00:00:00,2010-07-06 00:00:00,30,2010-07-06 00:00:00,28,28,66,53500,1528325,2010-07-06 00:00:00,1
2010-07-07 00:00:00,2010-07-07 00:00:00,28.5,2010-07-07 00:00:00,23.25,26,283,959900,24569225,2010-07-07 00:00:00,1
2010-07-08 00:00:00,2010-07-08 00:00:00,30,2010-07-08 00:00:00,26,28,285,446700,12824650,2010-07-08 00:00:00,1
2010-07-09 00:00:00,2010-07-09 00:00:00,28.25,2010-07-09 00:00:00,26.5,27,58,88400,2430400,2010-07-09 00:00:00,1
2010-07-12 00:00:00,2010-07-12 00:00:00,29,2010-07-12 00:00:00,26.75,27,43,71300,1932925,2010-07-12 00:00:00,1
2010-07-13 00:00:00,2010-07-13 00:00:00,27.5,2010-07-13 00:00:00,25.75,26.25,82,119400,3183375,2010-07-13 00:00:00,1
2010-07-14 00:00:00,2010-07-14 00:00:00,29.25,2010-07-14 00:00:00,26.25,28.5,146,374200,10547950,2010-07-14 00:00:00,1
2010-07-15 00:00:00,2010-07-15 00:00:00,31,2010-07-15 00:00:00,28.75,29.75,229,529400,15831450,2010-07-15 00:00:00,1
2010-07-16 00:00:00,2010-07-16 00:00:00,38.25,2010-07-16 00:00:00,29,36.5,1397,3271400,112679000,2010-07-16 00:00:00,1
2010-07-19 00:00:00,2010-07-19 00:00:00,44,2010-07-19 00:00:00,39.25,40.75,1553,3774400,157007425,2010-07-19 00:00:00,1
2010-07-20 00:00:00,2010-07-20 00:00:00,41.5,2010-07-20 00:00:00,37.25,37.75,419,760400,29716175,2010-07-20 00:00:00,1
2010-07-21 00:00:00,2010-07-21 00:00:00,40,2010-07-21 00:00:00,35.75,38.5,280,497600,19199875,2010-07-21 00:00:00,1
2010-07-22 00:00:00,2010-07-22 00:00:00,42.5,2010-07-22 00:00:00,38.75,41.25,364,810100,32964700,2010-07-22 00:00:00,1
2010-07-23 00:00:00,2010-07-23 00:00:00,44.5,2010-07-23 00:00:00,41,42,626,1499100,63708450,2010-07-23 00:00:00,1
2010-07-26 00:00:00,2010-07-26 00:00:00,43,2010-07-26 00:00:00,40.25,41.25,97,172400,7120250,2010-07-26 00:00:00,1
2010-07-27 00:00:00,2010-07-27 00:00:00,42,2010-07-27 00:00:00,40.25,41.25,137,235700,9738100,2010-07-27 00:00:00,1
2010-07-28 00:00:00,2010-07-28 00:00:00,42.5,2010-07-28 00:00:00,40,41.75,366,938600,38777975,2010-07-28 00:00:00,1
2010-07-29 00:00:00,2010-07-29 00:00:00,48.5,2010-07-29 00:00:00,42,46.75,1513,4140500,186638325,2010-07-29 00:00:00,1
2010-07-30 00:00:00,2010-07-30 00:00:00,63,2010-07-30 00:00:00,45.75,60.25,2623,8005300,445927275,2010-07-30 00:00:00,1
2010-08-02 00:00:00,2010-08-02 00:00:00,82,2010-08-02 00:00:00,62,75.3,1963,4824300,362288490,2010-08-02 00:00:00,1
2010-08-03 00:00:00,2010-08-03 00:00:00,79,2010-08-03 00:00:00,62,68.1,629,1453300,103186250,2010-08-03 00:00:00,1
2010-08-05 00:00:00,2010-08-05 00:00:00,68,2010-08-05 00:00:00,61.2,61.2,419,1162700,72051550,2010-08-05 00:00:00,1
2010-08-06 00:00:00,2010-08-06 00:00:00,57.5,2010-08-06 00:00:00,55.1,55.1,61,111000,6186540,2010-08-06 00:00:00,1
2010-08-09 00:00:00,2010-08-09 00:00:00,49.6,2010-08-09 00:00:00,49.6,49.6,8,8400,416640,2010-08-09 00:00:00,1
2010-08-10 00:00:00,2010-08-10 00:00:00,54.5,2010-08-10 00:00:00,44.7,54.5,210,516400,24390790,2010-08-10 00:00:00,1
2010-08-11 00:00:00,2010-08-11 00:00:00,59.9,2010-08-11 00:00:00,49.1,49.3,269,376300,20051870,2010-08-11 00:00:00,1
2010-08-12 00:00:00,2010-08-12 00:00:00,50,2010-08-12 00:00:00,44.4,47.5,308,435400,20187940,2010-08-12 00:00:00,1
2010-08-13 00:00:00,2010-08-13 00:00:00,47.6,2010-08-13 00:00:00,43.5,45.7,185,244100,11065450,2010-08-13 00:00:00,1
2010-08-16 00:00:00,2010-08-16 00:00:00,46,2010-08-16 00:00:00,41.2,41.2,113,207100,8609590,2010-08-16 00:00:00,1
2010-08-17 00:00:00,2010-08-17 00:00:00,45.3,2010-08-17 00:00:00,37.2,45.3,343,552000,23939260,2010-08-17 00:00:00,1
2010-08-18 00:00:00,2010-08-18 00:00:00,49.8,2010-08-18 00:00:00,48,49.8,294,588200,29100180,2010-08-18 00:00:00,1
2010-08-19 00:00:00,2010-08-19 00:00:00,54.7,2010-08-19 00:00:00,54,54.6,158,859100,46931110,2010-08-19 00:00:00,1
2010-08-20 00:00:00,2010-08-20 00:00:00,60,2010-08-20 00:00:00,53,55.6,355,490000,28278260,2010-08-20 00:00:00,1
2010-08-23 00:00:00,2010-08-23 00:00:00,55,2010-08-23 00:00:00,50.1,51.1,209,204800,10685860,2010-08-23 00:00:00,1
2010-08-25 00:00:00,2010-08-25 00:00:00,52,2010-08-25 00:00:00,46,46.1,301,503500,23770200,2010-08-25 00:00:00,1
2010-08-26 00:00:00,2010-08-26 00:00:00,49.9,2010-08-26 00:00:00,41.5,47.3,241,473800,21642860,2010-08-26 00:00:00,1
2010-08-27 00:00:00,2010-08-27 00:00:00,51,2010-08-27 00:00:00,45.2,46.5,121,344900,15969230,2010-08-27 00:00:00,1
2010-08-30 00:00:00,2010-08-30 00:00:00,47,2010-08-30 00:00:00,44,45,71,84200,3801350,2010-08-30 00:00:00,1
2010-08-31 00:00:00,2010-08-31 00:00:00,49.5,2010-08-31 00:00:00,43.2,49.3,258,325800,15469850,2010-08-31 00:00:00,1
2010-09-01 00:00:00,2010-09-01 00:00:00,53.2,2010-09-01 00:00:00,48.1,48.2,150,185800,9195880,2010-09-01 00:00:00,1
2010-09-02 00:00:00,2010-09-02 00:00:00,50,2010-09-02 00:00:00,48,49.1,164,205300,10061700,2010-09-02 00:00:00,1
2010-09-03 00:00:00,2010-09-03 00:00:00,49.9,2010-09-03 00:00:00,48,48.8,61,98700,4782440,2010-09-03 00:00:00,1
2010-09-06 00:00:00,2010-09-06 00:00:00,49.9,2010-09-06 00:00:00,47,47.4,60,36900,1780340,2010-09-06 00:00:00,1
2010-09-07 00:00:00,2010-09-07 00:00:00,48.3,2010-09-07 00:00:00,46.5,47,37,38400,1808420,2010-09-07 00:00:00,1
2010-09-08 00:00:00,2010-09-08 00:00:00,48,2010-09-08 00:00:00,45.5,45.6,89,101000,4673430,2010-09-08 00:00:00,1
2010-09-09 00:00:00,2010-09-09 00:00:00,46.4,2010-09-09 00:00:00,44.5,45.2,97,208400,9459740,2010-09-09 00:00:00,1
2010-09-13 00:00:00,2010-09-13 00:00:00,45.1,2010-09-13 00:00:00,42,43.2,96,88300,3817730,2010-09-13 00:00:00,1
2010-09-14 00:00:00,2010-09-14 00:00:00,45,2010-09-14 00:00:00,39.3,42.8,179,245900,10193500,2010-09-14 00:00:00,1
2010-09-15 00:00:00,2010-09-15 00:00:00,46.5,2010-09-15 00:00:00,41.7,43.6,193,331300,14409940,2010-09-15 00:00:00,1
2010-09-16 00:00:00,2010-09-16 00:00:00,46,2010-09-16 00:00:00,44,45.2,149,229400,10357870,2010-09-16 00:00:00,1
2010-09-17 00:00:00,2010-09-17 00:00:00,49.7,2010-09-17 00:00:00,46,49.7,222,406000,20121880,2010-09-17 00:00:00,1
2010-09-20 00:00:00,2010-09-20 00:00:00,54,2010-09-20 00:00:00,47.9,48.6,248,361600,18257430,2010-09-20 00:00:00,1
2010-09-21 00:00:00,2010-09-21 00:00:00,51,2010-09-21 00:00:00,46,47.4,157,294100,14403450,2010-09-21 00:00:00,1
2010-09-23 00:00:00,2010-09-23 00:00:00,50.5,2010-09-23 00:00:00,45,45.3,78,135500,6273750,2010-09-23 00:00:00,1
2010-09-24 00:00:00,2010-09-24 00:00:00,48,2010-09-24 00:00:00,43,43.2,105,210200,9514190,2010-09-24 00:00:00,1
2010-09-27 00:00:00,2010-09-27 00:00:00,45.4,2010-09-27 00:00:00,43.6,44.7,30,18500,816920,2010-09-27 00:00:00,1
2010-09-28 00:00:00,2010-09-28 00:00:00,44.5,2010-09-28 00:00:00,42.1,43,74,71900,3085420,2010-09-28 00:00:00,1
2010-09-29 00:00:00,2010-09-29 00:00:00,44.9,2010-09-29 00:00:00,41,42.1,47,73700,3155250,2010-09-29 00:00:00,1
2010-09-30 00:00:00,2010-09-30 00:00:00,42,2010-09-30 00:00:00,40,40.8,148,223600,9173900,2010-09-30 00:00:00,1
2010-10-01 00:00:00,2010-10-01 00:00:00,41.5,2010-10-01 00:00:00,37.9,38,135,206400,8099200,2010-10-01 00:00:00,1
2010-10-04 00:00:00,2010-10-04 00:00:00,40.6,2010-10-04 00:00:00,35,35.5,202,245000,9094060,2010-10-04 00:00:00,1
2010-10-05 00:00:00,2010-10-05 00:00:00,39.5,2010-10-05 00:00:00,35.1,36.5,142,208800,7811380,2010-10-05 00:00:00,1
2010-10-06 00:00:00,2010-10-06 00:00:00,38,2010-10-06 00:00:00,36.2,36.8,56,31900,1184950,2010-10-06 00:00:00,1
2010-10-07 00:00:00,2010-10-07 00:00:00,37.7,2010-10-07 00:00:00,35,35.7,39,26800,964640,2010-10-07 00:00:00,1
2010-10-08 00:00:00,2010-10-08 00:00:00,39.1,2010-10-08 00:00:00,35,37,90,272200,10061480,2010-10-08 00:00:00,1
2010-10-11 00:00:00,2010-10-11 00:00:00,37,2010-10-11 00:00:00,35,35.1,46,354200,12461960,2010-10-11 00:00:00,1
2010-10-12 00:00:00,2010-10-12 00:00:00,36.7,2010-10-12 00:00:00,30.1,33.1,46,58800,1972050,2010-10-12 00:00:00,1
2010-10-13 00:00:00,2010-10-13 00:00:00,34.7,2010-10-13 00:00:00,30,32.8,110,353800,11354700,2010-10-13 00:00:00,1
2010-10-14 00:00:00,2010-10-14 00:00:00,35,2010-10-14 00:00:00,31.1,31.4,49,87400,2838360,2010-10-14 00:00:00,1
2010-10-15 00:00:00,2010-10-15 00:00:00,36,2010-10-15 00:00:00,30,34.3,179,218700,7136320,2010-10-15 00:00:00,1
2010-10-18 00:00:00,2010-10-18 00:00:00,39.9,2010-10-18 00:00:00,35,36.8,239,237600,8954080,2010-10-18 00:00:00,1
2010-10-19 00:00:00,2010-10-19 00:00:00,37.2,2010-10-19 00:00:00,34.1,35,50,39600,1426660,2010-10-19 00:00:00,1
2010-10-20 00:00:00,2010-10-20 00:00:00,35.7,2010-10-20 00:00:00,33.2,33.9,27,25100,852080,2010-10-20 00:00:00,1
2010-10-21 00:00:00,2010-10-21 00:00:00,34.9,2010-10-21 00:00:00,33,33.6,35,29500,985770,2010-10-21 00:00:00,1
2010-10-25 00:00:00,2010-10-25 00:00:00,35,2010-10-25 00:00:00,30.6,31.8,32,25900,834690,2010-10-25 00:00:00,1
2010-10-26 00:00:00,2010-10-26 00:00:00,31.5,2010-10-26 00:00:00,29.9,30.1,75,137900,4160710,2010-10-26 00:00:00,1
2010-10-27 00:00:00,2010-10-27 00:00:00,31.4,2010-10-27 00:00:00,28.9,29.8,44,60200,1815430,2010-10-27 00:00:00,1
2010-10-28 00:00:00,2010-10-28 00:00:00,34,2010-10-28 00:00:00,30.3,33.4,208,213000,6880830,2010-10-28 00:00:00,1
2010-10-29 00:00:00,2010-10-29 00:00:00,38.9,2010-10-29 00:00:00,34.5,37.9,411,508300,18879160,2010-10-29 00:00:00,1
2010-11-01 00:00:00,2010-11-01 00:00:00,41.8,2010-11-01 00:00:00,39,39.7,330,529100,21241140,2010-11-01 00:00:00,1
2010-11-02 00:00:00,2010-11-02 00:00:00,40,2010-11-02 00:00:00,36.1,37,140,133200,5106330,2010-11-02 00:00:00,1
2010-11-03 00:00:00,2010-11-03 00:00:00,38.4,2010-11-03 00:00:00,35.8,36.9,40,74800,2794220,2010-11-03 00:00:00,1
2010-11-04 00:00:00,2010-11-04 00:00:00,37.3,2010-11-04 00:00:00,35.8,36,40,49400,1818270,2010-11-04 00:00:00,1
2010-11-08 00:00:00,2010-11-08 00:00:00,38.5,2010-11-08 00:00:00,35.9,36.2,33,43600,1582610,2010-11-08 00:00:00,1
2010-11-09 00:00:00,2010-11-09 00:00:00,36,2010-11-09 00:00:00,33.5,34.4,80,139100,4805610,2010-11-09 00:00:00,1
2010-11-10 00:00:00,2010-11-10 00:00:00,35.1,2010-11-10 00:00:00,33.1,34.3,76,569700,19533040,2010-11-10 00:00:00,1
2010-11-11 00:00:00,2010-11-11 00:00:00,35,2010-11-11 00:00:00,33,33.2,27,163100,5413010,2010-11-11 00:00:00,1
2010-11-12 00:00:00,2010-11-12 00:00:00,35.5,2010-11-12 00:00:00,33.5,33.8,59,162800,5524160,2010-11-12 00:00:00,1
2010-11-15 00:00:00,2010-11-15 00:00:00,35,2010-11-15 00:00:00,32.2,33.8,48,506400,17106330,2010-11-15 00:00:00,1
2010-11-16 00:00:00,2010-11-16 00:00:00,33.4,2010-11-16 00:00:00,31.9,32.7,63,71900,2322520,2010-11-16 00:00:00,1
2010-11-18 00:00:00,2010-11-18 00:00:00,34.3,2010-11-18 00:00:00,32.3,34,80,97600,3315890,2010-11-18 00:00:00,1
2010-11-22 00:00:00,2010-11-22 00:00:00,34.6,2010-11-22 00:00:00,32.1,33.2,125,312500,10373180,2010-11-22 00:00:00,1
2010-11-23 00:00:00,2010-11-23 00:00:00,33.4,2010-11-23 00:00:00,31.7,32.2,48,48300,1559100,2010-11-23 00:00:00,1
2010-11-24 00:00:00,2010-11-24 00:00:00,33,2010-11-24 00:00:00,31.5,31.7,38,77800,2482110,2010-11-24 00:00:00,1
2010-11-25 00:00:00,2010-11-25 00:00:00,32.9,2010-11-25 00:00:00,30,30.2,23,29900,915500,2010-11-25 00:00:00,1
2010-11-26 00:00:00,2010-11-26 00:00:00,33.7,2010-11-26 00:00:00,30.2,33.3,113,139300,4581200,2010-11-26 00:00:00,1
2010-11-29 00:00:00,2010-11-29 00:00:00,35.2,2010-11-29 00:00:00,32.2,32.7,213,290800,9878360,2010-11-29 00:00:00,1
2010-11-30 00:00:00,2010-11-30 00:00:00,35.5,2010-11-30 00:00:00,34,35.1,192,250300,8712180,2010-11-30 00:00:00,1
2010-12-01 00:00:00,2010-12-01 00:00:00,37,2010-12-01 00:00:00,34.5,34.6,108,214400,7642980,2010-12-01 00:00:00,1
2010-12-02 00:00:00,2010-12-02 00:00:00,35,2010-12-02 00:00:00,32.2,34.2,50,56000,1898370,2010-12-02 00:00:00,1
2010-12-03 00:00:00,2010-12-03 00:00:00,34.2,2010-12-03 00:00:00,32,33.4,43,72500,2436210,2010-12-03 00:00:00,1
2010-12-06 00:00:00,2010-12-06 00:00:00,34.5,2010-12-06 00:00:00,32.2,32.4,37,65700,2154520,2010-12-06 00:00:00,1
2010-12-07 00:00:00,2010-12-07 00:00:00,34.3,2010-12-07 00:00:00,32.1,32.4,58,123600,4044950,2010-12-07 00:00:00,1
2010-12-08 00:00:00,2010-12-08 00:00:00,33.4,2010-12-08 00:00:00,31.6,31.9,23,13400,428550,2010-12-08 00:00:00,1
2010-12-09 00:00:00,2010-12-09 00:00:00,33.4,2010-12-09 00:00:00,31.5,33,59,80000,2613280,2010-12-09 00:00:00,1
2010-12-10 00:00:00,2010-12-10 00:00:00,33.5,2010-12-10 00:00:00,32.4,32.5,38,59000,1958050,2010-12-10 00:00:00,1
2010-12-13 00:00:00,2010-12-13 00:00:00,32.7,2010-12-13 00:00:00,31.9,32.5,54,98500,3156720,2010-12-13 00:00:00,1
2010-12-14 00:00:00,2010-12-14 00:00:00,32.5,2010-12-14 00:00:00,31.8,32.3,18,14000,447540,2010-12-14 00:00:00,1
2010-12-15 00:00:00,2010-12-15 00:00:00,32.8,2010-12-15 00:00:00,31.8,32.2,8,12600,407990,2010-12-15 00:00:00,1
2010-12-16 00:00:00,2010-12-16 00:00:00,32.6,2010-12-16 00:00:00,31.1,31.3,22,20400,641420,2010-12-16 00:00:00,1
2010-12-17 00:00:00,2010-12-17 00:00:00,33.3,2010-12-17 00:00:00,31.1,31.7,43,41200,1321070,2010-12-17 00:00:00,1
2010-12-21 00:00:00,2010-12-21 00:00:00,32,2010-12-21 00:00:00,31.5,31.5,12,9300,294850,2010-12-21 00:00:00,1
2010-12-22 00:00:00,2010-12-22 00:00:00,33.1,2010-12-22 00:00:00,31.5,32.7,59,84200,2713620,2010-12-22 00:00:00,1
2010-12-23 00:00:00,2010-12-23 00:00:00,34.7,2010-12-23 00:00:00,31.6,34.1,107,126300,4266840,2010-12-23 00:00:00,1
2010-12-24 00:00:00,2010-12-24 00:00:00,33.5,2010-12-24 00:00:00,33,33.1,16,16900,559720,2010-12-24 00:00:00,1
2010-12-27 00:00:00,2010-12-27 00:00:00,34.5,2010-12-27 00:00:00,33.8,34.1,78,150600,5145490,2010-12-27 00:00:00,1
2010-12-28 00:00:00,2010-12-28 00:00:00,35.5,2010-12-28 00:00:00,34.5,34.6,110,152600,5364700,2010-12-28 00:00:00,1
2010-12-29 00:00:00,2010-12-29 00:00:00,34.5,2010-12-29 00:00:00,33.7,33.9,23,22200,751340,2010-12-29 00:00:00,1
2010-12-30 00:00:00,2010-12-30 00:00:00,33.7,2010-12-30 00:00:00,31.8,32.8,99,196500,6445130,2010-12-30 00:00:00,1
2010-12-31 00:00:00,2010-12-31 00:00:00,34,2010-12-31 00:00:00,32.4,33.3,58,119000,3992150,2010-12-31 00:00:00,1
Company Id :  GREG,,Security Type :  W,,Sub Type :  0006,,,,,,
Short Name :  ENVI. RESOURCES,,,,,,,,,,
Day,Date High,High,Date Low,Low,Closing,No. of Trades,No. of Shares,Turnover,Last Traded,Days Traded
2010-05-19 00:00:00,2010-05-19 00:00:00,41.25,2010-05-19 00:00:00,30,35.5,1311,2261300,83338150,2010-05-19 00:00:00,1
2010-05-20 00:00:00,2010-05-20 00:00:00,38,2010-05-20 00:00:00,33,33.5,549,1134900,39535275,2010-05-20 00:00:00,1
2010-05-21 00:00:00,2010-05-21 00:00:00,34.5,2010-05-21 00:00:00,31,31.75,253,682700,21956400,2010-05-21 00:00:00,1
2010-05-24 00:00:00,2010-05-24 00:00:00,33,2010-05-24 00:00:00,30,30,194,290400,8821675,2010-05-24 00:00:00,1
2010-05-25 00:00:00,2010-05-25 00:00:00,33.5,2010-05-25 00:00:00,30.75,31.75,291,441500,14141675,2010-05-25 00:00:00,1
2010-05-26 00:00:00,2010-05-26 00:00:00,36.75,2010-05-26 00:00:00,32,36,846,1786400,62162275,2010-05-26 00:00:00,1
2010-05-31 00:00:00,2010-05-31 00:00:00,37.75,2010-05-31 00:00:00,35,35,351,622500,22543975,2010-05-31 00:00:00,1
2010-06-01 00:00:00,2010-06-01 00:00:00,36,2010-06-01 00:00:00,33.25,34,109,116900,3985000,2010-06-01 00:00:00,1
2010-06-02 00:00:00,2010-06-02 00:00:00,36.75,2010-06-02 00:00:00,34,36.25,251,528400,18779050,2010-06-02 00:00:00,1
2010-06-03 00:00:00,2010-06-03 00:00:00,37.25,2010-06-03 00:00:00,35.25,36.75,291,647900,23510950,2010-06-03 00:00:00,1
2010-06-04 00:00:00,2010-06-04 00:00:00,38.75,2010-06-04 00:00:00,36.75,37.5,614,1535000,57870700,2010-06-04 00:00:00,1
2010-06-07 00:00:00,2010-06-07 00:00:00,38.25,2010-06-07 00:00:00,36.25,36.5,150,232900,8609200,2010-06-07 00:00:00,1
2010-06-08 00:00:00,2010-06-08 00:00:00,37,2010-06-08 00:00:00,35.75,36.25,57,97900,3556850,2010-06-08 00:00:00,1
2010-06-09 00:00:00,2010-06-09 00:00:00,37,2010-06-09 00:00:00,35,35.75,250,686900,24446475,2010-06-09 00:00:00,1
2010-06-10 00:00:00,2010-06-10 00:00:00,38,2010-06-10 00:00:00,35.75,36,429,798600,29404525,2010-06-10 00:00:00,1
2010-06-11 00:00:00,2010-06-11 00:00:00,36.75,2010-06-11 00:00:00,35,35.5,137,253400,9043925,2010-06-11 00:00:00,1
2010-06-14 00:00:00,2010-06-14 00:00:00,36.5,2010-06-14 00:00:00,34.75,35,79,114400,4004800,2010-06-14 00:00:00,1
2010-06-15 00:00:00,2010-06-15 00:00:00,36.5,2010-06-15 00:00:00,34,34.75,183,250300,8739200,2010-06-15 00:00:00,1
2010-06-16 00:00:00,2010-06-16 00:00:00,35.5,2010-06-16 00:00:00,34,34.5,66,84600,2936700,2010-06-16 00:00:00,1
2010-06-17 00:00:00,2010-06-17 00:00:00,36,2010-06-17 00:00:00,34,34.25,43,76900,2641025,2010-06-17 00:00:00,1
2010-06-21 00:00:00,2010-06-21 00:00:00,34.5,2010-06-21 00:00:00,33,33,65,91000,3037650,2010-06-21 00:00:00,1
2010-06-22 00:00:00,2010-06-22 00:00:00,35,2010-06-22 00:00:00,32,32.5,80,88400,2947000,2010-06-22 00:00:00,1
2010-06-23 00:00:00,2010-06-23 00:00:00,33,2010-06-23 00:00:00,29.5,30.25,305,632400,19261800,2010-06-23 00:00:00,1
2010-06-24 00:00:00,2010-06-24 00:00:00,30,2010-06-24 00:00:00,28,29.25,103,154200,4511950,2010-06-24 00:00:00,1
2010-06-28 00:00:00,2010-06-28 00:00:00,33.25,2010-06-28 00:00:00,29.75,31.75,315,659300,20755750,2010-06-28 00:00:00,1
2010-06-29 00:00:00,2010-06-29 00:00:00,34,2010-06-29 00:00:00,32.75,33,181,343400,11493400,2010-06-29 00:00:00,1
2010-06-30 00:00:00,2010-06-30 00:00:00,34.5,2010-06-30 00:00:00,30,31.25,168,366300,11781425,2010-06-30 00:00:00,1
2010-07-01 00:00:00,2010-07-01 00:00:00,33,2010-07-01 00:00:00,30,31,97,190500,6067525,2010-07-01 00:00:00,1
2010-07-02 00:00:00,2010-07-02 00:00:00,32,2010-07-02 00:00:00,29.5,29.75,94,257600,7685975,2010-07-02 00:00:00,1
2010-07-05 00:00:00,2010-07-05 00:00:00,31,2010-07-05 00:00:00,28.75,29.5,61,74000,2208475,2010-07-05 00:00:00,1
2010-07-06 00:00:00,2010-07-06 00:00:00,30,2010-07-06 00:00:00,28.75,29,37,33200,958600,2010-07-06 00:00:00,1
2010-07-07 00:00:00,2010-07-07 00:00:00,30,2010-07-07 00:00:00,24.5,26.25,361,1001800,25473650,2010-07-07 00:00:00,1
2010-07-08 00:00:00,2010-07-08 00:00:00,30.5,2010-07-08 00:00:00,26,29.25,384,854500,25164325,2010-07-08 00:00:00,1
2010-07-09 00:00:00,2010-07-09 00:00:00,30,2010-07-09 00:00:00,27.75,28,83,116200,3289075,2010-07-09 00:00:00,1
2010-07-12 00:00:00,2010-07-12 00:00:00,29.5,2010-07-12 00:00:00,27,27.25,61,82000,2279125,2010-07-12 00:00:00,1
2010-07-13 00:00:00,2010-07-13 00:00:00,29,2010-07-13 00:00:00,26.75,27,65,68500,1848150,2010-07-13 00:00:00,1
2010-07-14 00:00:00,2010-07-14 00:00:00,29.5,2010-07-14 00:00:00,27,28.75,146,359900,10278600,2010-07-14 00:00:00,1
2010-07-15 00:00:00,2010-07-15 00:00:00,31,2010-07-15 00:00:00,29,29.5,199,380100,11414675,2010-07-15 00:00:00,1
2010-07-16 00:00:00,2010-07-16 00:00:00,38.5,2010-07-16 00:00:00,29.75,37,1352,3427100,119342825,2010-07-16 00:00:00,1
2010-07-19 00:00:00,2010-07-19 00:00:00,44.5,2010-07-19 00:00:00,39.25,40.75,1776,4035800,168088825,2010-07-19 00:00:00,1
2010-07-20 00:00:00,2010-07-20 00:00:00,41.75,2010-07-20 00:00:00,37,38,514,1305600,50684375,2010-07-20 00:00:00,1
2010-07-21 00:00:00,2010-07-21 00:00:00,41,2010-07-21 00:00:00,36,39.25,357,820800,32100975,2010-07-21 00:00:00,1
2010-07-22 00:00:00,2010-07-22 00:00:00,42,2010-07-22 00:00:00,39,41.25,396,916300,37447875,2010-07-22 00:00:00,1
2010-07-23 00:00:00,2010-07-23 00:00:00,44.25,2010-07-23 00:00:00,41,41.5,738,2125100,90408600,2010-07-23 00:00:00,1
2010-07-26 00:00:00,2010-07-26 00:00:00,43,2010-07-26 00:00:00,40,40.75,168,263600,10855125,2010-07-26 00:00:00,1
2010-07-27 00:00:00,2010-07-27 00:00:00,42.5,2010-07-27 00:00:00,40.5,41.25,201,375500,15485150,2010-07-27 00:00:00,1
2010-07-28 00:00:00,2010-07-28 00:00:00,42.75,2010-07-28 00:00:00,41,41.5,318,854500,35391000,2010-07-28 00:00:00,1
2010-07-29 00:00:00,2010-07-29 00:00:00,48.25,2010-07-29 00:00:00,41,47,1564,4376000,198184350,2010-07-29 00:00:00,1
2010-07-30 00:00:00,2010-07-30 00:00:00,62.25,2010-07-30 00:00:00,45.5,58.75,3046,9141000,503607475,2010-07-30 00:00:00,1
2010-08-02 00:00:00,2010-08-02 00:00:00,81.5,2010-08-02 00:00:00,61,74.8,2232,5353100,397438720,2010-08-02 00:00:00,1
2010-08-03 00:00:00,2010-08-03 00:00:00,79.2,2010-08-03 00:00:00,58,68.2,690,1565100,109939050,2010-08-03 00:00:00,1
2010-08-05 00:00:00,2010-08-05 00:00:00,64.5,2010-08-05 00:00:00,61.5,61.5,317,697600,42921550,2010-08-05 00:00:00,1
2010-08-06 00:00:00,2010-08-06 00:00:00,55.4,2010-08-06 00:00:00,55.4,55.4,22,66900,3706260,2010-08-06 00:00:00,1
2010-08-09 00:00:00,2010-08-09 00:00:00,49.9,2010-08-09 00:00:00,49.9,49.9,13,5600,279440,2010-08-09 00:00:00,1
2010-08-10 00:00:00,2010-08-10 00:00:00,54.8,2010-08-10 00:00:00,45,54.8,617,1468700,70859060,2010-08-10 00:00:00,1
2010-08-11 00:00:00,2010-08-11 00:00:00,60,2010-08-11 00:00:00,49.4,49.4,487,660000,35131140,2010-08-11 00:00:00,1
2010-08-12 00:00:00,2010-08-12 00:00:00,51,2010-08-12 00:00:00,44.5,47.4,433,578400,26769390,2010-08-12 00:00:00,1
2010-08-13 00:00:00,2010-08-13 00:00:00,47,2010-08-13 00:00:00,42.7,45.5,195,292900,13170130,2010-08-13 00:00:00,1
2010-08-16 00:00:00,2010-08-16 00:00:00,44.5,2010-08-16 00:00:00,41,41,292,326700,13556460,2010-08-16 00:00:00,1
2010-08-17 00:00:00,2010-08-17 00:00:00,45.1,2010-08-17 00:00:00,37.1,45,486,808600,34344110,2010-08-17 00:00:00,1
2010-08-18 00:00:00,2010-08-18 00:00:00,49.5,2010-08-18 00:00:00,47,49.5,413,657900,32365060,2010-08-18 00:00:00,1
2010-08-19 00:00:00,2010-08-19 00:00:00,54.4,2010-08-19 00:00:00,54,54.4,198,420200,22848270,2010-08-19 00:00:00,1
2010-08-20 00:00:00,2010-08-20 00:00:00,59.8,2010-08-20 00:00:00,52.8,55.5,515,692400,39051740,2010-08-20 00:00:00,1
2010-08-23 00:00:00,2010-08-23 00:00:00,55.5,2010-08-23 00:00:00,50.5,51.8,243,276600,14388090,2010-08-23 00:00:00,1
2010-08-25 00:00:00,2010-08-25 00:00:00,51,2010-08-25 00:00:00,46.7,46.9,260,320800,15441550,2010-08-25 00:00:00,1
2010-08-26 00:00:00,2010-08-26 00:00:00,50,2010-08-26 00:00:00,42.3,46.6,252,293900,13696600,2010-08-26 00:00:00,1
2010-08-27 00:00:00,2010-08-27 00:00:00,49.5,2010-08-27 00:00:00,45,46,100,115800,5425990,2010-08-27 00:00:00,1
2010-08-30 00:00:00,2010-08-30 00:00:00,47.4,2010-08-30 00:00:00,42.7,45,61,48000,2170310,2010-08-30 00:00:00,1
2010-08-31 00:00:00,2010-08-31 00:00:00,49.5,2010-08-31 00:00:00,43,49.1,249,357400,16595360,2010-08-31 00:00:00,1
2010-09-01 00:00:00,2010-09-01 00:00:00,53,2010-09-01 00:00:00,48,48.3,176,175900,8657970,2010-09-01 00:00:00,1
2010-09-02 00:00:00,2010-09-02 00:00:00,50.9,2010-09-02 00:00:00,47,47.9,131,193700,9397840,2010-09-02 00:00:00,1
2010-09-03 00:00:00,2010-09-03 00:00:00,49.4,2010-09-03 00:00:00,46,47.9,73,198000,9462850,2010-09-03 00:00:00,1
2010-09-06 00:00:00,2010-09-06 00:00:00,49.5,2010-09-06 00:00:00,45,46.1,192,289600,13684460,2010-09-06 00:00:00,1
2010-09-07 00:00:00,2010-09-07 00:00:00,48.7,2010-09-07 00:00:00,45.7,46.5,124,165100,7685870,2010-09-07 00:00:00,1
2010-09-08 00:00:00,2010-09-08 00:00:00,47.5,2010-09-08 00:00:00,45,45.2,137,209600,9653140,2010-09-08 00:00:00,1
2010-09-09 00:00:00,2010-09-09 00:00:00,46.5,2010-09-09 00:00:00,44,45,80,78900,3528560,2010-09-09 00:00:00,1
2010-09-13 00:00:00,2010-09-13 00:00:00,45,2010-09-13 00:00:00,41,42.9,233,290100,12469440,2010-09-13 00:00:00,1
2010-09-14 00:00:00,2010-09-14 00:00:00,44,2010-09-14 00:00:00,39,42.2,265,298200,12499350,2010-09-14 00:00:00,1
2010-09-15 00:00:00,2010-09-15 00:00:00,46,2010-09-15 00:00:00,41,43.6,194,313900,13860260,2010-09-15 00:00:00,1
2010-09-16 00:00:00,2010-09-16 00:00:00,45.9,2010-09-16 00:00:00,44,44.9,121,190700,8533470,2010-09-16 00:00:00,1
2010-09-17 00:00:00,2010-09-17 00:00:00,49.3,2010-09-17 00:00:00,46,49.3,298,442400,21646840,2010-09-17 00:00:00,1
2010-09-20 00:00:00,2010-09-20 00:00:00,55,2010-09-20 00:00:00,48,48.1,272,354600,17852130,2010-09-20 00:00:00,1
2010-09-21 00:00:00,2010-09-21 00:00:00,50.5,2010-09-21 00:00:00,46.4,47.1,177,293100,14147000,2010-09-21 00:00:00,1
2010-09-23 00:00:00,2010-09-23 00:00:00,49,2010-09-23 00:00:00,43,43.7,201,256800,11506660,2010-09-23 00:00:00,1
2010-09-24 00:00:00,2010-09-24 00:00:00,45.5,2010-09-24 00:00:00,41.9,42.1,160,256100,11056120,2010-09-24 00:00:00,1
2010-09-27 00:00:00,2010-09-27 00:00:00,44,2010-09-27 00:00:00,42,43.5,89,94100,4043620,2010-09-27 00:00:00,1
2010-09-28 00:00:00,2010-09-28 00:00:00,44,2010-09-28 00:00:00,41,41.9,125,104500,4379450,2010-09-28 00:00:00,1
2010-09-29 00:00:00,2010-09-29 00:00:00,43.4,2010-09-29 00:00:00,40.5,41,136,151100,6322130,2010-09-29 00:00:00,1
2010-09-30 00:00:00,2010-09-30 00:00:00,43.7,2010-09-30 00:00:00,39.1,40.3,246,289200,11727680,2010-09-30 00:00:00,1
2010-10-01 00:00:00,2010-10-01 00:00:00,41.9,2010-10-01 00:00:00,36.9,37.2,198,212400,8269950,2010-10-01 00:00:00,1
2010-10-04 00:00:00,2010-10-04 00:00:00,40.4,2010-10-04 00:00:00,34.5,35.1,297,312300,11570400,2010-10-04 00:00:00,1
2010-10-05 00:00:00,2010-10-05 00:00:00,38.4,2010-10-05 00:00:00,35.1,36.7,202,244600,9005130,2010-10-05 00:00:00,1
2010-10-06 00:00:00,2010-10-06 00:00:00,37,2010-10-06 00:00:00,35.5,35.8,73,70100,2530390,2010-10-06 00:00:00,1
2010-10-07 00:00:00,2010-10-07 00:00:00,37.4,2010-10-07 00:00:00,34.5,35.2,93,113100,3996260,2010-10-07 00:00:00,1
2010-10-08 00:00:00,2010-10-08 00:00:00,37.9,2010-10-08 00:00:00,34,36.6,177,204500,7379790,2010-10-08 00:00:00,1
2010-10-11 00:00:00,2010-10-11 00:00:00,37.9,2010-10-11 00:00:00,34,34.9,57,54900,1932120,2010-10-11 00:00:00,1
2010-10-12 00:00:00,2010-10-12 00:00:00,36,2010-10-12 00:00:00,32,32.2,85,77100,2536500,2010-10-12 00:00:00,1
2010-10-13 00:00:00,2010-10-13 00:00:00,34.4,2010-10-13 00:00:00,29,32.8,114,141800,4402680,2010-10-13 00:00:00,1
2010-10-14 00:00:00,2010-10-14 00:00:00,36,2010-10-14 00:00:00,30,31.1,92,72800,2309190,2010-10-14 00:00:00,1
2010-10-15 00:00:00,2010-10-15 00:00:00,36.4,2010-10-15 00:00:00,30.2,34.6,219,217200,7245030,2010-10-15 00:00:00,1
2010-10-18 00:00:00,2010-10-18 00:00:00,38.9,2010-10-18 00:00:00,34.3,35.8,302,294100,10875950,2010-10-18 00:00:00,1
2010-10-19 00:00:00,2010-10-19 00:00:00,36.5,2010-10-19 00:00:00,34.1,34.2,56,35200,1252670,2010-10-19 00:00:00,1
2010-10-20 00:00:00,2010-10-20 00:00:00,34.5,2010-10-20 00:00:00,33,33.1,24,19400,652580,2010-10-20 00:00:00,1
2010-10-21 00:00:00,2010-10-21 00:00:00,34.5,2010-10-21 00:00:00,32.6,33.2,60,62100,2063390,2010-10-21 00:00:00,1
2010-10-25 00:00:00,2010-10-25 00:00:00,33.8,2010-10-25 00:00:00,31.5,31.7,58,99400,3187570,2010-10-25 00:00:00,1
2010-10-26 00:00:00,2010-10-26 00:00:00,31.5,2010-10-26 00:00:00,29,29.9,69,64200,1935660,2010-10-26 00:00:00,1
2010-10-27 00:00:00,2010-10-27 00:00:00,32,2010-10-27 00:00:00,28.6,30.4,62,104600,3165380,2010-10-27 00:00:00,1
2010-10-28 00:00:00,2010-10-28 00:00:00,33.5,2010-10-28 00:00:00,31,33.1,224,232900,7544330,2010-10-28 00:00:00,1
2010-10-29 00:00:00,2010-10-29 00:00:00,38.4,2010-10-29 00:00:00,33.9,37.8,508,753300,27771590,2010-10-29 00:00:00,1
2010-11-01 00:00:00,2010-11-01 00:00:00,41.4,2010-11-01 00:00:00,38.5,39.7,359,505700,20369160,2010-11-01 00:00:00,1
2010-11-02 00:00:00,2010-11-02 00:00:00,42,2010-11-02 00:00:00,35,37.3,197,209900,8057850,2010-11-02 00:00:00,1
2010-11-03 00:00:00,2010-11-03 00:00:00,39,2010-11-03 00:00:00,35.7,36.5,79,81000,3002320,2010-11-03 00:00:00,1
2010-11-04 00:00:00,2010-11-04 00:00:00,39.5,2010-11-04 00:00:00,35,35.1,81,79800,2911650,2010-11-04 00:00:00,1
2010-11-08 00:00:00,2010-11-08 00:00:00,37,2010-11-08 00:00:00,33.5,35.1,70,83300,2958840,2010-11-08 00:00:00,1
2010-11-09 00:00:00,2010-11-09 00:00:00,36,2010-11-09 00:00:00,33.9,34.3,61,92700,3202730,2010-11-09 00:00:00,1
2010-11-10 00:00:00,2010-11-10 00:00:00,35.1,2010-11-10 00:00:00,33.2,34,69,390100,13307310,2010-11-10 00:00:00,1
2010-11-11 00:00:00,2010-11-11 00:00:00,35,2010-11-11 00:00:00,33.1,34.2,20,14600,502630,2010-11-11 00:00:00,1
2010-11-12 00:00:00,2010-11-12 00:00:00,36,2010-11-12 00:00:00,33.7,34,100,165100,5647030,2010-11-12 00:00:00,1
2010-11-15 00:00:00,2010-11-15 00:00:00,35,2010-11-15 00:00:00,32,32.7,83,133300,4437360,2010-11-15 00:00:00,1
2010-11-16 00:00:00,2010-11-16 00:00:00,32.9,2010-11-16 00:00:00,31.1,32.6,61,76000,2420540,2010-11-16 00:00:00,1
2010-11-18 00:00:00,2010-11-18 00:00:00,34,2010-11-18 00:00:00,32,33.9,72,89300,3010290,2010-11-18 00:00:00,1
2010-11-22 00:00:00,2010-11-22 00:00:00,34.9,2010-11-22 00:00:00,33,33.1,27,64700,2172350,2010-11-22 00:00:00,1
2010-11-23 00:00:00,2010-11-23 00:00:00,33,2010-11-23 00:00:00,31.4,31.9,69,85900,2730470,2010-11-23 00:00:00,1
2010-11-24 00:00:00,2010-11-24 00:00:00,32.9,2010-11-24 00:00:00,31.1,31.4,48,40200,1275830,2010-11-24 00:00:00,1
2010-11-25 00:00:00,2010-11-25 00:00:00,32,2010-11-25 00:00:00,29.8,30.1,63,83400,2510070,2010-11-25 00:00:00,1
2010-11-26 00:00:00,2010-11-26 00:00:00,33.5,2010-11-26 00:00:00,31,32.8,199,260600,8474950,2010-11-26 00:00:00,1
2010-11-29 00:00:00,2010-11-29 00:00:00,35.5,2010-11-29 00:00:00,32,32.6,294,451300,15358130,2010-11-29 00:00:00,1
2010-11-30 00:00:00,2010-11-30 00:00:00,36,2010-11-30 00:00:00,34,35,183,364300,12740740,2010-11-30 00:00:00,1
2010-12-01 00:00:00,2010-12-01 00:00:00,37,2010-12-01 00:00:00,34.1,34.1,144,398600,14004920,2010-12-01 00:00:00,1
2010-12-02 00:00:00,2010-12-02 00:00:00,35,2010-12-02 00:00:00,32,34.1,70,80100,2696870,2010-12-02 00:00:00,1
2010-12-03 00:00:00,2010-12-03 00:00:00,34.1,2010-12-03 00:00:00,32.7,33.9,45,45200,1528830,2010-12-03 00:00:00,1
2010-12-06 00:00:00,2010-12-06 00:00:00,33.5,2010-12-06 00:00:00,32,32.5,65,105600,3434080,2010-12-06 00:00:00,1
2010-12-07 00:00:00,2010-12-07 00:00:00,33.5,2010-12-07 00:00:00,32,32.1,51,77600,2531670,2010-12-07 00:00:00,1
2010-12-08 00:00:00,2010-12-08 00:00:00,32.9,2010-12-08 00:00:00,31.5,31.8,25,21000,671300,2010-12-08 00:00:00,1
2010-12-09 00:00:00,2010-12-09 00:00:00,33.5,2010-12-09 00:00:00,31.5,33.2,74,168000,5505900,2010-12-09 00:00:00,1
2010-12-10 00:00:00,2010-12-10 00:00:00,34,2010-12-10 00:00:00,32.2,32.4,53,99100,3273360,2010-12-10 00:00:00,1
2010-12-13 00:00:00,2010-12-13 00:00:00,32.3,2010-12-13 00:00:00,31.5,32,58,102000,3230420,2010-12-13 00:00:00,1
2010-12-14 00:00:00,2010-12-14 00:00:00,32,2010-12-14 00:00:00,31.1,31.4,28,37800,1188850,2010-12-14 00:00:00,1
2010-12-15 00:00:00,2010-12-15 00:00:00,31.9,2010-12-15 00:00:00,31.1,31.6,18,17900,564540,2010-12-15 00:00:00,1
2010-12-16 00:00:00,2010-12-16 00:00:00,31.9,2010-12-16 00:00:00,30.5,31.2,39,43100,1346660,2010-12-16 00:00:00,1
2010-12-17 00:00:00,2010-12-17 00:00:00,32.4,2010-12-17 00:00:00,31.3,31.4,27,16500,522350,2010-12-17 00:00:00,1
2010-12-21 00:00:00,2010-12-21 00:00:00,32.2,2010-12-21 00:00:00,31.5,31.5,25,29600,940000,2010-12-21 00:00:00,1
2010-12-22 00:00:00,2010-12-22 00:00:00,33.3,2010-12-22 00:00:00,31.5,32.6,39,54100,1757670,2010-12-22 00:00:00,1
2010-12-23 00:00:00,2010-12-23 00:00:00,34.2,2010-12-23 00:00:00,32,33.9,139,145800,4910200,2010-12-23 00:00:00,1
2010-12-24 00:00:00,2010-12-24 00:00:00,34.5,2010-12-24 00:00:00,33,33.4,19,31600,1064580,2010-12-24 00:00:00,1
2010-12-27 00:00:00,2010-12-27 00:00:00,34.5,2010-12-27 00:00:00,32.6,34.3,80,115800,3937820,2010-12-27 00:00:00,1
2010-12-28 00:00:00,2010-12-28 00:00:00,35.6,2010-12-28 00:00:00,34.5,34.8,166,163200,5716980,2010-12-28 00:00:00,1
2010-12-29 00:00:00,2010-12-29 00:00:00,34.8,2010-12-29 00:00:00,33.1,33.8,26,17400,583110,2010-12-29 00:00:00,1
2010-12-30 00:00:00,2010-12-30 00:00:00,33.8,2010-12-30 00:00:00,31.5,32.6,107,197400,6441630,2010-12-30 00:00:00,1
2010-12-31 00:00:00,2010-12-31 00:00:00,34.5,2010-12-31 00:00:00,32.5,32.9,65,125300,4198050,2010-12-31 00:00:00,1
Company Id :  GUAR,,Security Type :  N,,Sub Type :  0000,,,,,,
Short Name :  CEYLON GUARDIAN,,,,,,,,,,
Day,Date High,High,Date Low,Low,Closing,No. of Trades,No. of Shares,Turnover,Last Traded,Days Traded
2010-01-04 00:00:00,2010-01-04 00:00:00,535,2010-01-04 00:00:00,490,535,12,1500,769975,2010-01-04 00:00:00,1
2010-01-05 00:00:00,2010-01-05 00:00:00,540,2010-01-05 00:00:00,500,517.25,18,5400,2778125,2010-01-05 00:00:00,1
2010-01-06 00:00:00,2010-01-06 00:00:00,528,2010-01-06 00:00:00,510,517.25,13,3300,1711400,2010-01-06 00:00:00,1
2010-01-07 00:00:00,2010-01-07 00:00:00,505,2010-01-07 00:00:00,485,500,9,1300,646525,2010-01-07 00:00:00,1
2010-01-08 00:00:00,2010-01-08 00:00:00,500,2010-01-08 00:00:00,500,500,5,800,400000,2010-01-08 00:00:00,1
2010-01-11 00:00:00,2010-01-11 00:00:00,484,2010-01-11 00:00:00,475,481.25,7,1400,670400,2010-01-11 00:00:00,1
2010-01-12 00:00:00,2010-01-12 00:00:00,478,2010-01-12 00:00:00,450,478,14,2300,1044525,2010-01-12 00:00:00,1
2010-01-13 00:00:00,2010-01-13 00:00:00,470,2010-01-13 00:00:00,445,460,9,2400,1110500,2010-01-13 00:00:00,1
2010-01-15 00:00:00,2010-01-15 00:00:00,456,2010-01-15 00:00:00,455,455.5,2,200,91100,2010-01-15 00:00:00,1
2010-01-18 00:00:00,2010-01-18 00:00:00,450.25,2010-01-18 00:00:00,450,450,3,500,225050,2010-01-18 00:00:00,1
2010-01-19 00:00:00,2010-01-19 00:00:00,444.75,2010-01-19 00:00:00,430,437,7,1200,524325,2010-01-19 00:00:00,1
2010-01-20 00:00:00,2010-01-20 00:00:00,455,2010-01-20 00:00:00,444,450.5,7,3400,1528300,2010-01-20 00:00:00,1
2010-01-21 00:00:00,2010-01-21 00:00:00,454.75,2010-01-21 00:00:00,449.75,452.25,2,2000,904500,2010-01-21 00:00:00,1
2010-01-25 00:00:00,2010-01-25 00:00:00,460,2010-01-25 00:00:00,449.75,453.5,17,13700,6221850,2010-01-25 00:00:00,1
2010-01-26 00:00:00,2010-01-26 00:00:00,459,2010-01-26 00:00:00,454,457.75,7,2200,1001500,2010-01-26 00:00:00,1
2010-01-28 00:00:00,2010-01-28 00:00:00,459.75,2010-01-28 00:00:00,450,453.5,5,1400,634875,2010-01-28 00:00:00,1
2010-02-01 00:00:00,2010-02-01 00:00:00,454,2010-02-01 00:00:00,450,452,5,1600,723100,2010-02-01 00:00:00,1
2010-02-02 00:00:00,2010-02-02 00:00:00,470,2010-02-02 00:00:00,460,461,3,1100,507000,2010-02-02 00:00:00,1
2010-02-03 00:00:00,2010-02-03 00:00:00,451,2010-02-03 00:00:00,450,450,14,52200,23503500,2010-02-03 00:00:00,1
2010-02-05 00:00:00,2010-02-05 00:00:00,481,2010-02-05 00:00:00,451,451.25,7,4900,2343450,2010-02-05 00:00:00,1
2010-02-08 00:00:00,2010-02-08 00:00:00,458,2010-02-08 00:00:00,457,457,6,3400,1554000,2010-02-08 00:00:00,1
2010-02-09 00:00:00,2010-02-09 00:00:00,453,2010-02-09 00:00:00,452,452,5,800,361700,2010-02-09 00:00:00,1
2010-02-11 00:00:00,2010-02-11 00:00:00,455,2010-02-11 00:00:00,440,442.75,3,2500,1106900,2010-02-11 00:00:00,1
2010-02-12 00:00:00,2010-02-12 00:00:00,440,2010-02-12 00:00:00,425,429.5,13,3900,1690900,2010-02-12 00:00:00,1
2010-02-15 00:00:00,2010-02-15 00:00:00,485,2010-02-15 00:00:00,450,468.25,7,2200,1030000,2010-02-15 00:00:00,1
2010-02-16 00:00:00,2010-02-16 00:00:00,465,2010-02-16 00:00:00,464,464,2,700,325300,2010-02-16 00:00:00,1
2010-02-17 00:00:00,2010-02-17 00:00:00,468,2010-02-17 00:00:00,441,458,5,1000,454400,2010-02-17 00:00:00,1
2010-02-18 00:00:00,2010-02-18 00:00:00,474.75,2010-02-18 00:00:00,470,470,17,6200,2914475,2010-02-18 00:00:00,1
2010-02-22 00:00:00,2010-02-22 00:00:00,465,2010-02-22 00:00:00,465,465,2,200,93000,2010-02-22 00:00:00,1
2010-02-23 00:00:00,2010-02-23 00:00:00,470,2010-02-23 00:00:00,468.75,469,4,800,375250,2010-02-23 00:00:00,1
2010-02-24 00:00:00,2010-02-24 00:00:00,469,2010-02-24 00:00:00,450,450,3,900,411800,2010-02-24 00:00:00,1
2010-02-25 00:00:00,2010-02-25 00:00:00,452,2010-02-25 00:00:00,451,451,2,600,271100,2010-02-25 00:00:00,1
2010-02-26 00:00:00,2010-02-26 00:00:00,465,2010-02-26 00:00:00,465,465,1,100,46500,2010-02-26 00:00:00,1
2010-03-01 00:00:00,2010-03-01 00:00:00,470,2010-03-01 00:00:00,465,466.75,4,800,372500,2010-03-01 00:00:00,1
2010-03-02 00:00:00,2010-03-02 00:00:00,480,2010-03-02 00:00:00,468,480,12,9500,4493400,2010-03-02 00:00:00,1
2010-03-03 00:00:00,2010-03-03 00:00:00,475,2010-03-03 00:00:00,475,475,3,1500,712500,2010-03-03 00:00:00,1
2010-03-05 00:00:00,2010-03-05 00:00:00,485,2010-03-05 00:00:00,485,485,2,400,194000,2010-03-05 00:00:00,1
2010-03-08 00:00:00,2010-03-08 00:00:00,520,2010-03-08 00:00:00,485,511,35,11700,5950250,2010-03-08 00:00:00,1
2010-03-10 00:00:00,2010-03-10 00:00:00,500,2010-03-10 00:00:00,500,500,2,300,150000,2010-03-10 00:00:00,1
2010-03-11 00:00:00,2010-03-11 00:00:00,500,2010-03-11 00:00:00,500,500,2,600,300000,2010-03-11 00:00:00,1
2010-03-12 00:00:00,2010-03-12 00:00:00,505,2010-03-12 00:00:00,505,505,2,6000,3030000,2010-03-12 00:00:00,1
2010-03-15 00:00:00,2010-03-15 00:00:00,505,2010-03-15 00:00:00,505,505,3,8500,4292500,2010-03-15 00:00:00,1
2010-03-16 00:00:00,2010-03-16 00:00:00,519,2010-03-16 00:00:00,505,505,15,15200,7693850,2010-03-16 00:00:00,1
2010-03-17 00:00:00,2010-03-17 00:00:00,505,2010-03-17 00:00:00,505,505,1,5000,2525000,2010-03-17 00:00:00,1
2010-03-18 00:00:00,2010-03-18 00:00:00,505,2010-03-18 00:00:00,505,505,2,600,303000,2010-03-18 00:00:00,1
2010-03-19 00:00:00,2010-03-19 00:00:00,505,2010-03-19 00:00:00,505,505,4,2500,1262500,2010-03-19 00:00:00,1
2010-03-22 00:00:00,2010-03-22 00:00:00,500,2010-03-22 00:00:00,480,483,3,700,338025,2010-03-22 00:00:00,1
2010-03-23 00:00:00,2010-03-23 00:00:00,485,2010-03-23 00:00:00,485,485,1,1500,727500,2010-03-23 00:00:00,1
2010-03-24 00:00:00,2010-03-24 00:00:00,475,2010-03-24 00:00:00,460,461.75,11,5700,2635100,2010-03-24 00:00:00,1
2010-03-26 00:00:00,2010-03-26 00:00:00,505,2010-03-26 00:00:00,496,501.25,40,32000,16039350,2010-03-26 00:00:00,1
2010-03-30 00:00:00,2010-03-30 00:00:00,507.5,2010-03-30 00:00:00,500,501.5,3,5500,2788200,2010-03-30 00:00:00,1
2010-04-01 00:00:00,2010-04-01 00:00:00,505,2010-04-01 00:00:00,505,505,6,6300,3181500,2010-04-01 00:00:00,1
2010-04-05 00:00:00,2010-04-05 00:00:00,505,2010-04-05 00:00:00,505,505,1,100,50500,2010-04-05 00:00:00,1
2010-04-06 00:00:00,2010-04-06 00:00:00,520,2010-04-06 00:00:00,505,520,7,3500,1804150,2010-04-06 00:00:00,1
2010-04-07 00:00:00,2010-04-07 00:00:00,520,2010-04-07 00:00:00,520,520,3,5500,2860000,2010-04-07 00:00:00,1
2010-04-08 00:00:00,2010-04-08 00:00:00,525,2010-04-08 00:00:00,520,524.25,10,4800,2501500,2010-04-08 00:00:00,1
2010-04-12 00:00:00,2010-04-12 00:00:00,530,2010-04-12 00:00:00,525,525,5,1600,845000,2010-04-12 00:00:00,1
2010-04-19 00:00:00,2010-04-19 00:00:00,525,2010-04-19 00:00:00,525,525,1,100,52500,2010-04-19 00:00:00,1
2010-04-21 00:00:00,2010-04-21 00:00:00,525,2010-04-21 00:00:00,525,525,5,2800,1470000,2010-04-21 00:00:00,1
2010-04-22 00:00:00,2010-04-22 00:00:00,525,2010-04-22 00:00:00,520,524.5,5,2700,1417000,2010-04-22 00:00:00,1
2010-04-29 00:00:00,2010-04-29 00:00:00,540,2010-04-29 00:00:00,539,540,7,1700,917700,2010-04-29 00:00:00,1
2010-04-30 00:00:00,2010-04-30 00:00:00,550,2010-04-30 00:00:00,545,547.25,21,11200,6129975,2010-04-30 00:00:00,1
2010-05-03 00:00:00,2010-05-03 00:00:00,570,2010-05-03 00:00:00,550,570,23,7600,4300500,2010-05-03 00:00:00,1
2010-05-04 00:00:00,2010-05-04 00:00:00,570,2010-05-04 00:00:00,570,570,3,700,399000,2010-05-04 00:00:00,1
2010-05-06 00:00:00,2010-05-06 00:00:00,569.5,2010-05-06 00:00:00,569,569.5,6,3600,2048875,2010-05-06 00:00:00,1
2010-05-07 00:00:00,2010-05-07 00:00:00,570,2010-05-07 00:00:00,569.5,569.5,15,10000,5699900,2010-05-07 00:00:00,1
2010-05-10 00:00:00,2010-05-10 00:00:00,565,2010-05-10 00:00:00,565,565,2,200,113000,2010-05-10 00:00:00,1
2010-05-11 00:00:00,2010-05-11 00:00:00,575,2010-05-11 00:00:00,570,570,9,2000,1140500,2010-05-11 00:00:00,1
2010-05-13 00:00:00,2010-05-13 00:00:00,555,2010-05-13 00:00:00,551,551.25,3,1300,716900,2010-05-13 00:00:00,1
2010-05-14 00:00:00,2010-05-14 00:00:00,510,2010-05-14 00:00:00,510,510,1,300,153000,2010-05-14 00:00:00,1
2010-05-17 00:00:00,2010-05-17 00:00:00,511,2010-05-17 00:00:00,511,511,4,900,459900,2010-05-17 00:00:00,1
2010-05-18 00:00:00,2010-05-18 00:00:00,525,2010-05-18 00:00:00,512.5,512.5,4,1100,565100,2010-05-18 00:00:00,1
2010-05-21 00:00:00,2010-05-21 00:00:00,530,2010-05-21 00:00:00,520,520,3,300,158000,2010-05-21 00:00:00,1
2010-05-31 00:00:00,2010-05-31 00:00:00,521.25,2010-05-31 00:00:00,521.25,521.25,1,1000,521250,2010-05-31 00:00:00,1
2010-06-03 00:00:00,2010-06-03 00:00:00,540,2010-06-03 00:00:00,540,540,4,500,270000,2010-06-03 00:00:00,1
2010-06-04 00:00:00,2010-06-04 00:00:00,538,2010-06-04 00:00:00,520.25,525.25,8,3600,1891050,2010-06-04 00:00:00,1
2010-06-07 00:00:00,2010-06-07 00:00:00,530,2010-06-07 00:00:00,525,525.25,9,3000,1575500,2010-06-07 00:00:00,1
2010-06-10 00:00:00,2010-06-10 00:00:00,525,2010-06-10 00:00:00,525,525,3,300,157500,2010-06-10 00:00:00,1
2010-06-11 00:00:00,2010-06-11 00:00:00,585,2010-06-11 00:00:00,550,566.25,4,3300,1868500,2010-06-11 00:00:00,1
2010-06-14 00:00:00,2010-06-14 00:00:00,596,2010-06-14 00:00:00,580,593.25,5,600,353825,2010-06-14 00:00:00,1
2010-06-21 00:00:00,2010-06-21 00:00:00,562,2010-06-21 00:00:00,562,562,1,100,56200,2010-06-21 00:00:00,1
2010-06-22 00:00:00,2010-06-22 00:00:00,563,2010-06-22 00:00:00,563,563,2,200,112600,2010-06-22 00:00:00,1
2010-06-23 00:00:00,2010-06-23 00:00:00,563,2010-06-23 00:00:00,563,563,3,2400,1351200,2010-06-23 00:00:00,1
2010-06-24 00:00:00,2010-06-24 00:00:00,562,2010-06-24 00:00:00,560,560.75,3,300,168200,2010-06-24 00:00:00,1
2010-06-28 00:00:00,2010-06-28 00:00:00,535,2010-06-28 00:00:00,535,535,1,100,53500,2010-06-28 00:00:00,1
2010-06-29 00:00:00,2010-06-29 00:00:00,535,2010-06-29 00:00:00,535,535,1,400,214000,2010-06-29 00:00:00,1
2010-07-01 00:00:00,2010-07-01 00:00:00,535,2010-07-01 00:00:00,535,535,1,100,53500,2010-07-01 00:00:00,1
2010-07-07 00:00:00,2010-07-07 00:00:00,535.25,2010-07-07 00:00:00,530,533.75,5,2900,1549025,2010-07-07 00:00:00,1
2010-07-09 00:00:00,2010-07-09 00:00:00,530,2010-07-09 00:00:00,530,530,1,100,53000,2010-07-09 00:00:00,1
2010-07-13 00:00:00,2010-07-13 00:00:00,540,2010-07-13 00:00:00,540,540,1,500,270000,2010-07-13 00:00:00,1
2010-07-14 00:00:00,2010-07-14 00:00:00,540,2010-07-14 00:00:00,525,540,4,3600,1914000,2010-07-14 00:00:00,1
2010-07-15 00:00:00,2010-07-15 00:00:00,540,2010-07-15 00:00:00,540,540,2,2000,1080000,2010-07-15 00:00:00,1
2010-07-16 00:00:00,2010-07-16 00:00:00,560,2010-07-16 00:00:00,540.25,560,7,10200,5552850,2010-07-16 00:00:00,1
2010-07-19 00:00:00,2010-07-19 00:00:00,600,2010-07-19 00:00:00,575,600,7,2600,1552000,2010-07-19 00:00:00,1
2010-07-20 00:00:00,2010-07-20 00:00:00,700,2010-07-20 00:00:00,620,696.5,34,15900,10494200,2010-07-20 00:00:00,1
2010-07-22 00:00:00,2010-07-22 00:00:00,700,2010-07-22 00:00:00,685,700,7,1300,896500,2010-07-22 00:00:00,1
2010-07-23 00:00:00,2010-07-23 00:00:00,725,2010-07-23 00:00:00,700,716.75,7,1200,867500,2010-07-23 00:00:00,1
2010-07-26 00:00:00,2010-07-26 00:00:00,730,2010-07-26 00:00:00,724,730,8,1600,1161500,2010-07-26 00:00:00,1
2010-07-27 00:00:00,2010-07-27 00:00:00,730,2010-07-27 00:00:00,730,730,1,200,146000,2010-07-27 00:00:00,1
2010-07-28 00:00:00,2010-07-28 00:00:00,774,2010-07-28 00:00:00,749,749,16,4600,3452300,2010-07-28 00:00:00,1
2010-07-29 00:00:00,2010-07-29 00:00:00,750,2010-07-29 00:00:00,750,750,21,4000,3000000,2010-07-29 00:00:00,1
2010-07-30 00:00:00,2010-07-30 00:00:00,768,2010-07-30 00:00:00,736.25,753.75,12,5900,4426950,2010-07-30 00:00:00,1
2010-08-02 00:00:00,2010-08-02 00:00:00,825,2010-08-02 00:00:00,760,802,10,3500,2744000,2010-08-02 00:00:00,1
2010-08-03 00:00:00,2010-08-03 00:00:00,850,2010-08-03 00:00:00,850,850,4,700,595000,2010-08-03 00:00:00,1
2010-08-06 00:00:00,2010-08-06 00:00:00,800,2010-08-06 00:00:00,800,800,4,400,320000,2010-08-06 00:00:00,1
2010-08-09 00:00:00,2010-08-09 00:00:00,750.2,2010-08-09 00:00:00,740,740.8,33,4700,3515630,2010-08-09 00:00:00,1
2010-08-10 00:00:00,2010-08-10 00:00:00,799,2010-08-10 00:00:00,735,787.3,7,900,703300,2010-08-10 00:00:00,1
2010-08-12 00:00:00,2010-08-12 00:00:00,790,2010-08-12 00:00:00,790,790,2,1300,1027000,2010-08-12 00:00:00,1
2010-08-13 00:00:00,2010-08-13 00:00:00,869,2010-08-13 00:00:00,869,869,5,500,434500,2010-08-13 00:00:00,1
2010-08-16 00:00:00,2010-08-16 00:00:00,955.9,2010-08-16 00:00:00,955.9,955.9,3,2200,2102980,2010-08-16 00:00:00,1
2010-08-17 00:00:00,2010-08-17 00:00:00,1051.4,2010-08-17 00:00:00,950,996.1,49,7800,7788840,2010-08-17 00:00:00,1
2010-08-18 00:00:00,2010-08-18 00:00:00,1095.7,2010-08-18 00:00:00,990,999.1,28,5100,5097560,2010-08-18 00:00:00,1
2010-08-19 00:00:00,2010-08-19 00:00:00,1035,2010-08-19 00:00:00,971.2,1002.1,24,4700,4699800,2010-08-19 00:00:00,1
2010-08-20 00:00:00,2010-08-20 00:00:00,1050,2010-08-20 00:00:00,980,996.9,13,1600,1603020,2010-08-20 00:00:00,1
2010-08-23 00:00:00,2010-08-23 00:00:00,950.1,2010-08-23 00:00:00,950,950,9,1000,950050,2010-08-23 00:00:00,1
2010-08-25 00:00:00,2010-08-25 00:00:00,950,2010-08-25 00:00:00,949,949,4,1200,1139500,2010-08-25 00:00:00,1
2010-08-26 00:00:00,2010-08-26 00:00:00,949,2010-08-26 00:00:00,948,948,5,2500,2370700,2010-08-26 00:00:00,1
2010-08-30 00:00:00,2010-08-30 00:00:00,900,2010-08-30 00:00:00,900,900,6,1100,990000,2010-08-30 00:00:00,1
2010-08-31 00:00:00,2010-08-31 00:00:00,900,2010-08-31 00:00:00,854,892.3,5,1000,895400,2010-08-31 00:00:00,1
2010-09-02 00:00:00,2010-09-02 00:00:00,945,2010-09-02 00:00:00,910,927.5,3,400,373500,2010-09-02 00:00:00,1
2010-09-03 00:00:00,2010-09-03 00:00:00,901,2010-09-03 00:00:00,900,900,7,800,720100,2010-09-03 00:00:00,1
2010-09-06 00:00:00,2010-09-06 00:00:00,900,2010-09-06 00:00:00,900,900,1,100,90000,2010-09-06 00:00:00,1
2010-09-07 00:00:00,2010-09-07 00:00:00,950,2010-09-07 00:00:00,900.1,925.1,4,500,462030,2010-09-07 00:00:00,1
2010-09-08 00:00:00,2010-09-08 00:00:00,950,2010-09-08 00:00:00,925,931.5,12,1200,1127030,2010-09-08 00:00:00,1
2010-09-09 00:00:00,2010-09-09 00:00:00,1000,2010-09-09 00:00:00,998,998,6,3500,3497810,2010-09-09 00:00:00,1
2010-09-13 00:00:00,2010-09-13 00:00:00,998,2010-09-13 00:00:00,990,990,8,900,894300,2010-09-13 00:00:00,1
2010-09-14 00:00:00,2010-09-14 00:00:00,920,2010-09-14 00:00:00,920,920,3,300,276000,2010-09-14 00:00:00,1
2010-09-15 00:00:00,2010-09-15 00:00:00,950.1,2010-09-15 00:00:00,932.7,950,7,1500,1421550,2010-09-15 00:00:00,1
2010-09-16 00:00:00,2010-09-16 00:00:00,1000,2010-09-16 00:00:00,970,1000,9,6800,6716600,2010-09-16 00:00:00,1
2010-09-17 00:00:00,2010-09-17 00:00:00,1090,2010-09-17 00:00:00,1000,1050,20,5900,6029130,2010-09-17 00:00:00,1
2010-09-20 00:00:00,2010-09-20 00:00:00,1090,2010-09-20 00:00:00,1089,1089.3,3,400,435800,2010-09-20 00:00:00,1
2010-09-21 00:00:00,2010-09-21 00:00:00,1150,2010-09-21 00:00:00,1100,1150,12,2800,3090000,2010-09-21 00:00:00,1
2010-09-23 00:00:00,2010-09-23 00:00:00,1400,2010-09-23 00:00:00,1100,1328.8,13,6900,7902500,2010-09-23 00:00:00,1
2010-09-24 00:00:00,2010-09-24 00:00:00,1499,2010-09-24 00:00:00,1480,1482.8,14,2700,4012630,2010-09-24 00:00:00,1
2010-09-27 00:00:00,2010-09-27 00:00:00,1401,2010-09-27 00:00:00,1300,1350,11,1500,2030100,2010-09-27 00:00:00,1
2010-09-28 00:00:00,2010-09-28 00:00:00,1399,2010-09-28 00:00:00,1300,1366.3,4,500,669900,2010-09-28 00:00:00,1
2010-09-29 00:00:00,2010-09-29 00:00:00,1350,2010-09-29 00:00:00,1350,1350,3,600,810000,2010-09-29 00:00:00,1
2010-09-30 00:00:00,2010-09-30 00:00:00,1499,2010-09-30 00:00:00,1201,1201,4,400,549900,2010-09-30 00:00:00,1
2010-10-01 00:00:00,2010-10-01 00:00:00,1450,2010-10-01 00:00:00,1399,1400,4,1300,1824900,2010-10-01 00:00:00,1
2010-10-04 00:00:00,2010-10-04 00:00:00,1400,2010-10-04 00:00:00,1310,1322.5,3,800,1058000,2010-10-04 00:00:00,1
2010-10-06 00:00:00,2010-10-06 00:00:00,1210.2,2010-10-06 00:00:00,1210.1,1210.2,3,300,363050,2010-10-06 00:00:00,1
2010-10-07 00:00:00,2010-10-07 00:00:00,1300,2010-10-07 00:00:00,1210,1277.5,3,400,511000,2010-10-07 00:00:00,1
2010-10-08 00:00:00,2010-10-08 00:00:00,1250,2010-10-08 00:00:00,1210,1250,5,700,856000,2010-10-08 00:00:00,1
2010-10-11 00:00:00,2010-10-11 00:00:00,1300,2010-10-11 00:00:00,1290,1292.5,7,1000,1297000,2010-10-11 00:00:00,1
2010-10-12 00:00:00,2010-10-12 00:00:00,1220,2010-10-12 00:00:00,1175,1186.7,14,2400,2862850,2010-10-12 00:00:00,1
2010-10-13 00:00:00,2010-10-13 00:00:00,1260,2010-10-13 00:00:00,1150,1240,17,4500,5272900,2010-10-13 00:00:00,1
2010-10-14 00:00:00,2010-10-14 00:00:00,1350,2010-10-14 00:00:00,1171,1175,21,2400,3069910,2010-10-14 00:00:00,1
2010-10-15 00:00:00,2010-10-15 00:00:00,1176,2010-10-15 00:00:00,1070,1119,19,6000,6724960,2010-10-15 00:00:00,1
2010-10-18 00:00:00,2010-10-18 00:00:00,1150,2010-10-18 00:00:00,1150,1150,3,500,575000,2010-10-18 00:00:00,1
2010-10-20 00:00:00,2010-10-20 00:00:00,1101,2010-10-20 00:00:00,1100,1100.2,3,500,550100,2010-10-20 00:00:00,1
2010-10-26 00:00:00,2010-10-26 00:00:00,1005,2010-10-26 00:00:00,1005,1005,1,100,100500,2010-10-26 00:00:00,1
2010-10-27 00:00:00,2010-10-27 00:00:00,1010,2010-10-27 00:00:00,1000,1003,3,400,401200,2010-10-27 00:00:00,1
2010-10-28 00:00:00,2010-10-28 00:00:00,1180,2010-10-28 00:00:00,1011,1177.6,7,1100,1276900,2010-10-28 00:00:00,1
2010-10-29 00:00:00,2010-10-29 00:00:00,1291,2010-10-29 00:00:00,1290,1291,9,1600,2065400,2010-10-29 00:00:00,1
2010-11-01 00:00:00,2010-11-01 00:00:00,1310,2010-11-01 00:00:00,1112.5,1287.5,10,1300,1601030,2010-11-01 00:00:00,1
2010-11-02 00:00:00,2010-11-02 00:00:00,1300,2010-11-02 00:00:00,1250,1260,7,900,1139990,2010-11-02 00:00:00,1
2010-11-03 00:00:00,2010-11-03 00:00:00,1290,2010-11-03 00:00:00,1290,1290,1,100,129000,2010-11-03 00:00:00,1
2010-11-04 00:00:00,2010-11-04 00:00:00,1250,2010-11-04 00:00:00,1200,1243.3,5,2200,2707000,2010-11-04 00:00:00,1
2010-11-09 00:00:00,2010-11-09 00:00:00,1152.1,2010-11-09 00:00:00,1152,1152.1,2,200,230410,2010-11-09 00:00:00,1
2010-11-10 00:00:00,2010-11-10 00:00:00,1200,2010-11-10 00:00:00,1150,1175,9,10800,12431000,2010-11-10 00:00:00,1
2010-11-11 00:00:00,2010-11-11 00:00:00,1230,2010-11-11 00:00:00,1150,1200,4,5300,6113000,2010-11-11 00:00:00,1
2010-11-12 00:00:00,2010-11-12 00:00:00,1200,2010-11-12 00:00:00,1200,1200,1,100,120000,2010-11-12 00:00:00,1
2010-11-22 00:00:00,2010-11-22 00:00:00,240,2010-11-22 00:00:00,230,233.1,37,10600,2489230,2010-11-22 00:00:00,1
2010-11-23 00:00:00,2010-11-23 00:00:00,240,2010-11-23 00:00:00,230,230.1,12,5400,1248600,2010-11-23 00:00:00,1
2010-11-24 00:00:00,2010-11-24 00:00:00,230,2010-11-24 00:00:00,230,230,2,200,46000,2010-11-24 00:00:00,1
2010-11-25 00:00:00,2010-11-25 00:00:00,220,2010-11-25 00:00:00,220,220,6,800,176000,2010-11-25 00:00:00,1
2010-11-26 00:00:00,2010-11-26 00:00:00,230,2010-11-26 00:00:00,220,224.6,11,2400,540000,2010-11-26 00:00:00,1
2010-11-29 00:00:00,2010-11-29 00:00:00,216,2010-11-29 00:00:00,210,214.1,5,1000,214100,2010-11-29 00:00:00,1
2010-11-30 00:00:00,2010-11-30 00:00:00,232,2010-11-30 00:00:00,216.2,216.6,11,5000,1120890,2010-11-30 00:00:00,1
2010-12-01 00:00:00,2010-12-01 00:00:00,221,2010-12-01 00:00:00,218,220.5,20,9500,2091250,2010-12-01 00:00:00,1
2010-12-02 00:00:00,2010-12-02 00:00:00,225,2010-12-02 00:00:00,220,220,12,9100,2039700,2010-12-02 00:00:00,1
2010-12-03 00:00:00,2010-12-03 00:00:00,225,2010-12-03 00:00:00,224.9,224.9,2,1200,269950,2010-12-03 00:00:00,1
2010-12-06 00:00:00,2010-12-06 00:00:00,225,2010-12-06 00:00:00,224,224,3,1300,291500,2010-12-06 00:00:00,1
2010-12-07 00:00:00,2010-12-07 00:00:00,225,2010-12-07 00:00:00,220,220,7,800,177600,2010-12-07 00:00:00,1
2010-12-08 00:00:00,2010-12-08 00:00:00,225,2010-12-08 00:00:00,219,220,11,16100,3543350,2010-12-08 00:00:00,1
2010-12-09 00:00:00,2010-12-09 00:00:00,220,2010-12-09 00:00:00,219,220,4,400,87800,2010-12-09 00:00:00,1
2010-12-10 00:00:00,2010-12-10 00:00:00,220,2010-12-10 00:00:00,219,219.5,14,2900,637500,2010-12-10 00:00:00,1
2010-12-13 00:00:00,2010-12-13 00:00:00,222,2010-12-13 00:00:00,218.1,222,3,700,153450,2010-12-13 00:00:00,1
2010-12-14 00:00:00,2010-12-14 00:00:00,220,2010-12-14 00:00:00,220,220,7,8500,1870000,2010-12-14 00:00:00,1
2010-12-15 00:00:00,2010-12-15 00:00:00,220,2010-12-15 00:00:00,220,220,4,2700,594000,2010-12-15 00:00:00,1
2010-12-16 00:00:00,2010-12-16 00:00:00,220,2010-12-16 00:00:00,218,218.1,6,2000,438290,2010-12-16 00:00:00,1
2010-12-17 00:00:00,2010-12-17 00:00:00,220,2010-12-17 00:00:00,218.5,218.5,9,4200,917850,2010-12-17 00:00:00,1
2010-12-21 00:00:00,2010-12-21 00:00:00,220,2010-12-21 00:00:00,219.9,220,11,15300,3365950,2010-12-21 00:00:00,1
2010-12-22 00:00:00,2010-12-22 00:00:00,222,2010-12-22 00:00:00,219,219.9,8,5500,1210400,2010-12-22 00:00:00,1
2010-12-23 00:00:00,2010-12-23 00:00:00,222,2010-12-23 00:00:00,220,220,16,23000,5061940,2010-12-23 00:00:00,1
2010-12-24 00:00:00,2010-12-24 00:00:00,225,2010-12-24 00:00:00,225,225,3,3100,697500,2010-12-24 00:00:00,1
2010-12-27 00:00:00,2010-12-27 00:00:00,225.1,2010-12-27 00:00:00,220,224,9,2200,492760,2010-12-27 00:00:00,1
2010-12-28 00:00:00,2010-12-28 00:00:00,230,2010-12-28 00:00:00,220.5,230,8,180300,40562050,2010-12-28 00:00:00,1
2010-12-29 00:00:00,2010-12-29 00:00:00,229,2010-12-29 00:00:00,225,225.1,2,10300,2318700,2010-12-29 00:00:00,1
2010-12-30 00:00:00,2010-12-30 00:00:00,230,2010-12-30 00:00:00,220.1,224.3,12,8400,1886690,2010-12-30 00:00:00,1
2010-12-31 00:00:00,2010-12-31 00:00:00,229.9,2010-12-31 00:00:00,225,226,14,4600,1043390,2010-12-31 00:00:00,1
Company Id :  HAPU,,Security Type :  N,,Sub Type :  0000,,,,,,
Short Name :  HAPUGASTENNE,,,,,,,,,,
Day,Date High,High,Date Low,Low,Closing,No. of Trades,No. of Shares,Turnover,Last Traded,Days Traded
2010-01-04 00:00:00,2010-01-04 00:00:00,37,2010-01-04 00:00:00,37,37,1,100,3700,2010-01-04 00:00:00,1
2010-01-05 00:00:00,2010-01-05 00:00:00,37.5,2010-01-05 00:00:00,37,37.25,8,1700,63225,2010-01-05 00:00:00,1
2010-01-06 00:00:00,2010-01-06 00:00:00,37,2010-01-06 00:00:00,37,37,2,200,7400,2010-01-06 00:00:00,1
2010-01-07 00:00:00,2010-01-07 00:00:00,37,2010-01-07 00:00:00,37,37,7,700,25900,2010-01-07 00:00:00,1
2010-01-08 00:00:00,2010-01-08 00:00:00,38.5,2010-01-08 00:00:00,37,38.5,6,2400,91350,2010-01-08 00:00:00,1
2010-01-11 00:00:00,2010-01-11 00:00:00,39,2010-01-11 00:00:00,38.25,38.75,8,1700,65875,2010-01-11 00:00:00,1
2010-01-12 00:00:00,2010-01-12 00:00:00,38.75,2010-01-12 00:00:00,38.75,38.75,2,4000,155000,2010-01-12 00:00:00,1
2010-01-13 00:00:00,2010-01-13 00:00:00,36.25,2010-01-13 00:00:00,36.25,36.25,1,100,3625,2010-01-13 00:00:00,1
2010-01-15 00:00:00,2010-01-15 00:00:00,38.75,2010-01-15 00:00:00,36,38,5,500,18750,2010-01-15 00:00:00,1
2010-01-18 00:00:00,2010-01-18 00:00:00,39.75,2010-01-18 00:00:00,37,39.75,2,2100,77975,2010-01-18 00:00:00,1
2010-01-19 00:00:00,2010-01-19 00:00:00,39.75,2010-01-19 00:00:00,36,39.75,3,300,11175,2010-01-19 00:00:00,1
2010-01-22 00:00:00,2010-01-22 00:00:00,38,2010-01-22 00:00:00,36,37.25,6,4500,162700,2010-01-22 00:00:00,1
2010-01-28 00:00:00,2010-01-28 00:00:00,37.5,2010-01-28 00:00:00,37.25,37.25,2,1900,71000,2010-01-28 00:00:00,1
2010-02-01 00:00:00,2010-02-01 00:00:00,42.5,2010-02-01 00:00:00,38.25,42,19,6200,258575,2010-02-01 00:00:00,1
2010-02-02 00:00:00,2010-02-02 00:00:00,46,2010-02-02 00:00:00,42,42.25,15,4100,179500,2010-02-02 00:00:00,1
2010-02-03 00:00:00,2010-02-03 00:00:00,43.75,2010-02-03 00:00:00,42,42.5,12,5900,252175,2010-02-03 00:00:00,1
2010-02-05 00:00:00,2010-02-05 00:00:00,40,2010-02-05 00:00:00,40,40,1,200,8000,2010-02-05 00:00:00,1
2010-02-08 00:00:00,2010-02-08 00:00:00,42.5,2010-02-08 00:00:00,40,41.5,8,4300,178600,2010-02-08 00:00:00,1
2010-02-09 00:00:00,2010-02-09 00:00:00,45,2010-02-09 00:00:00,41,41.5,6,900,38425,2010-02-09 00:00:00,1
2010-02-10 00:00:00,2010-02-10 00:00:00,42.25,2010-02-10 00:00:00,41.5,42.25,3,300,12575,2010-02-10 00:00:00,1
2010-02-11 00:00:00,2010-02-11 00:00:00,42.25,2010-02-11 00:00:00,41.5,41.75,7,4000,167550,2010-02-11 00:00:00,1
2010-02-12 00:00:00,2010-02-12 00:00:00,39,2010-02-12 00:00:00,39,39,1,700,27300,2010-02-12 00:00:00,1
2010-02-15 00:00:00,2010-02-15 00:00:00,39,2010-02-15 00:00:00,39,39,1,100,3900,2010-02-15 00:00:00,1
2010-02-16 00:00:00,2010-02-16 00:00:00,39.25,2010-02-16 00:00:00,39.25,39.25,7,800,31400,2010-02-16 00:00:00,1
2010-02-17 00:00:00,2010-02-17 00:00:00,41.5,2010-02-17 00:00:00,39,41,7,2400,96275,2010-02-17 00:00:00,1
2010-02-18 00:00:00,2010-02-18 00:00:00,39.25,2010-02-18 00:00:00,39.25,39.25,2,200,7850,2010-02-18 00:00:00,1
2010-02-19 00:00:00,2010-02-19 00:00:00,42,2010-02-19 00:00:00,40,41.5,8,2300,95200,2010-02-19 00:00:00,1
2010-02-22 00:00:00,2010-02-22 00:00:00,43,2010-02-22 00:00:00,42.5,42.5,4,1200,51100,2010-02-22 00:00:00,1
2010-02-23 00:00:00,2010-02-23 00:00:00,41.25,2010-02-23 00:00:00,41.25,41.25,2,200,8250,2010-02-23 00:00:00,1
2010-02-24 00:00:00,2010-02-24 00:00:00,42.75,2010-02-24 00:00:00,41.25,41.25,3,1700,71175,2010-02-24 00:00:00,1
2010-02-25 00:00:00,2010-02-25 00:00:00,40.25,2010-02-25 00:00:00,40,40,3,3000,120250,2010-02-25 00:00:00,1
2010-02-26 00:00:00,2010-02-26 00:00:00,40,2010-02-26 00:00:00,40,40,3,300,12000,2010-02-26 00:00:00,1
2010-03-01 00:00:00,2010-03-01 00:00:00,40.5,2010-03-01 00:00:00,40,40.5,4,11800,477850,2010-03-01 00:00:00,1
2010-03-02 00:00:00,2010-03-02 00:00:00,40.25,2010-03-02 00:00:00,40,40.25,4,800,32050,2010-03-02 00:00:00,1
2010-03-08 00:00:00,2010-03-08 00:00:00,44.5,2010-03-08 00:00:00,42,44.25,7,4000,176975,2010-03-08 00:00:00,1
2010-03-10 00:00:00,2010-03-10 00:00:00,41.5,2010-03-10 00:00:00,41.5,41.5,1,100,4150,2010-03-10 00:00:00,1
2010-03-11 00:00:00,2010-03-11 00:00:00,41.5,2010-03-11 00:00:00,41.5,41.5,2,200,8300,2010-03-11 00:00:00,1
2010-03-12 00:00:00,2010-03-12 00:00:00,43,2010-03-12 00:00:00,41.5,43,2,300,12750,2010-03-12 00:00:00,1
2010-03-15 00:00:00,2010-03-15 00:00:00,41.5,2010-03-15 00:00:00,41.5,41.5,1,100,4150,2010-03-15 00:00:00,1
2010-03-16 00:00:00,2010-03-16 00:00:00,41.5,2010-03-16 00:00:00,41,41.25,2,200,8250,2010-03-16 00:00:00,1
2010-03-18 00:00:00,2010-03-18 00:00:00,37,2010-03-18 00:00:00,37,37,1,100,3700,2010-03-18 00:00:00,1
2010-03-19 00:00:00,2010-03-19 00:00:00,37.25,2010-03-19 00:00:00,37,37.25,2,200,7425,2010-03-19 00:00:00,1
2010-03-22 00:00:00,2010-03-22 00:00:00,37.25,2010-03-22 00:00:00,37,37,3,400,14825,2010-03-22 00:00:00,1
2010-03-23 00:00:00,2010-03-23 00:00:00,38,2010-03-23 00:00:00,38,38,1,100,3800,2010-03-23 00:00:00,1
2010-03-25 00:00:00,2010-03-25 00:00:00,37.25,2010-03-25 00:00:00,37,37,2,200,7425,2010-03-25 00:00:00,1
2010-03-26 00:00:00,2010-03-26 00:00:00,38,2010-03-26 00:00:00,37,38,4,600,22300,2010-03-26 00:00:00,1
2010-04-05 00:00:00,2010-04-05 00:00:00,42,2010-04-05 00:00:00,39,40,2,300,12000,2010-04-05 00:00:00,1
2010-04-06 00:00:00,2010-04-06 00:00:00,41,2010-04-06 00:00:00,40.5,40.75,2,200,8150,2010-04-06 00:00:00,1
2010-04-07 00:00:00,2010-04-07 00:00:00,44.75,2010-04-07 00:00:00,41,41,4,900,37650,2010-04-07 00:00:00,1
2010-04-08 00:00:00,2010-04-08 00:00:00,41,2010-04-08 00:00:00,41,41,1,500,20500,2010-04-08 00:00:00,1
2010-04-12 00:00:00,2010-04-12 00:00:00,42,2010-04-12 00:00:00,40,40.25,16,7200,297125,2010-04-12 00:00:00,1
2010-04-16 00:00:00,2010-04-16 00:00:00,43.5,2010-04-16 00:00:00,42.5,43,2,200,8600,2010-04-16 00:00:00,1
2010-04-19 00:00:00,2010-04-19 00:00:00,40,2010-04-19 00:00:00,40,40,2,200,8000,2010-04-19 00:00:00,1
2010-04-20 00:00:00,2010-04-20 00:00:00,42,2010-04-20 00:00:00,40,41.5,12,4700,194200,2010-04-20 00:00:00,1
2010-04-21 00:00:00,2010-04-21 00:00:00,47.75,2010-04-21 00:00:00,42,46.5,46,23500,1068150,2010-04-21 00:00:00,1
2010-04-22 00:00:00,2010-04-22 00:00:00,49,2010-04-22 00:00:00,46.5,48,5,1400,67250,2010-04-22 00:00:00,1
2010-04-23 00:00:00,2010-04-23 00:00:00,46.5,2010-04-23 00:00:00,44,45,17,23000,1028000,2010-04-23 00:00:00,1
2010-04-26 00:00:00,2010-04-26 00:00:00,50,2010-04-26 00:00:00,44.25,45,20,22400,1063750,2010-04-26 00:00:00,1
2010-04-27 00:00:00,2010-04-27 00:00:00,46,2010-04-27 00:00:00,45,45.75,9,3300,148750,2010-04-27 00:00:00,1
2010-04-29 00:00:00,2010-04-29 00:00:00,45.25,2010-04-29 00:00:00,45,45.25,2,2100,95000,2010-04-29 00:00:00,1
2010-05-03 00:00:00,2010-05-03 00:00:00,45,2010-05-03 00:00:00,45,45,6,7200,324000,2010-05-03 00:00:00,1
2010-05-04 00:00:00,2010-05-04 00:00:00,43,2010-05-04 00:00:00,43,43,2,2100,90300,2010-05-04 00:00:00,1
2010-05-05 00:00:00,2010-05-05 00:00:00,43,2010-05-05 00:00:00,42.75,42.75,2,200,8575,2010-05-05 00:00:00,1
2010-05-07 00:00:00,2010-05-07 00:00:00,44,2010-05-07 00:00:00,42.5,43.5,4,700,30400,2010-05-07 00:00:00,1
2010-05-10 00:00:00,2010-05-10 00:00:00,43.5,2010-05-10 00:00:00,43.5,43.5,2,600,26100,2010-05-10 00:00:00,1
2010-05-11 00:00:00,2010-05-11 00:00:00,42.5,2010-05-11 00:00:00,42.5,42.5,3,300,12750,2010-05-11 00:00:00,1
2010-05-12 00:00:00,2010-05-12 00:00:00,42.75,2010-05-12 00:00:00,42.75,42.75,2,200,8550,2010-05-12 00:00:00,1
2010-05-13 00:00:00,2010-05-13 00:00:00,43.5,2010-05-13 00:00:00,43,43.25,3,300,13000,2010-05-13 00:00:00,1
2010-05-14 00:00:00,2010-05-14 00:00:00,45.75,2010-05-14 00:00:00,43.25,44.25,4,500,22125,2010-05-14 00:00:00,1
2010-05-17 00:00:00,2010-05-17 00:00:00,42.75,2010-05-17 00:00:00,42.75,42.75,1,4800,205200,2010-05-17 00:00:00,1
2010-05-19 00:00:00,2010-05-19 00:00:00,41,2010-05-19 00:00:00,41,41,4,500,20500,2010-05-19 00:00:00,1
2010-05-20 00:00:00,2010-05-20 00:00:00,41.25,2010-05-20 00:00:00,40.5,40.5,4,2500,101375,2010-05-20 00:00:00,1
2010-05-21 00:00:00,2010-05-21 00:00:00,40.75,2010-05-21 00:00:00,40.75,40.75,4,400,16300,2010-05-21 00:00:00,1
2010-05-24 00:00:00,2010-05-24 00:00:00,40.5,2010-05-24 00:00:00,40.5,40.5,2,400,16200,2010-05-24 00:00:00,1
2010-05-25 00:00:00,2010-05-25 00:00:00,40.5,2010-05-25 00:00:00,40.5,40.5,2,200,8100,2010-05-25 00:00:00,1
2010-06-01 00:00:00,2010-06-01 00:00:00,40.5,2010-06-01 00:00:00,40.5,40.5,1,100,4050,2010-06-01 00:00:00,1
2010-06-04 00:00:00,2010-06-04 00:00:00,42,2010-06-04 00:00:00,40.5,40.5,2,200,8250,2010-06-04 00:00:00,1
2010-06-07 00:00:00,2010-06-07 00:00:00,40,2010-06-07 00:00:00,40,40,4,400,16000,2010-06-07 00:00:00,1
2010-06-08 00:00:00,2010-06-08 00:00:00,40,2010-06-08 00:00:00,40,40,2,400,16000,2010-06-08 00:00:00,1
2010-06-09 00:00:00,2010-06-09 00:00:00,40.25,2010-06-09 00:00:00,40.25,40.25,2,300,12075,2010-06-09 00:00:00,1
2010-06-10 00:00:00,2010-06-10 00:00:00,41,2010-06-10 00:00:00,40,40.25,4,400,16100,2010-06-10 00:00:00,1
2010-06-14 00:00:00,2010-06-14 00:00:00,40.75,2010-06-14 00:00:00,40.25,40.5,2,300,12125,2010-06-14 00:00:00,1
2010-06-15 00:00:00,2010-06-15 00:00:00,40.5,2010-06-15 00:00:00,40.5,40.5,2,700,28350,2010-06-15 00:00:00,1
2010-06-16 00:00:00,2010-06-16 00:00:00,40.5,2010-06-16 00:00:00,40.5,40.5,1,200,8100,2010-06-16 00:00:00,1
2010-06-17 00:00:00,2010-06-17 00:00:00,40.5,2010-06-17 00:00:00,40,40,2,200,8050,2010-06-17 00:00:00,1
2010-06-21 00:00:00,2010-06-21 00:00:00,40.5,2010-06-21 00:00:00,40.5,40.5,4,1700,68850,2010-06-21 00:00:00,1
2010-06-23 00:00:00,2010-06-23 00:00:00,44.75,2010-06-23 00:00:00,40.5,44.5,16,22200,937975,2010-06-23 00:00:00,1
2010-06-29 00:00:00,2010-06-29 00:00:00,41,2010-06-29 00:00:00,40,40.5,4,400,16150,2010-06-29 00:00:00,1
2010-06-30 00:00:00,2010-06-30 00:00:00,42,2010-06-30 00:00:00,40.5,42,5,500,20450,2010-06-30 00:00:00,1
2010-07-01 00:00:00,2010-07-01 00:00:00,41,2010-07-01 00:00:00,40.5,40.5,4,400,16250,2010-07-01 00:00:00,1
2010-07-02 00:00:00,2010-07-02 00:00:00,40.75,2010-07-02 00:00:00,39,40,11,103500,4140525,2010-07-02 00:00:00,1
2010-07-05 00:00:00,2010-07-05 00:00:00,43,2010-07-05 00:00:00,40.25,40.25,7,1300,54250,2010-07-05 00:00:00,1
2010-07-06 00:00:00,2010-07-06 00:00:00,44,2010-07-06 00:00:00,43.5,43.5,12,8800,386350,2010-07-06 00:00:00,1
2010-07-07 00:00:00,2010-07-07 00:00:00,44,2010-07-07 00:00:00,44,44,19,56000,2464000,2010-07-07 00:00:00,1
2010-07-08 00:00:00,2010-07-08 00:00:00,44,2010-07-08 00:00:00,43.5,43.75,2,300,13150,2010-07-08 00:00:00,1
2010-07-09 00:00:00,2010-07-09 00:00:00,43.5,2010-07-09 00:00:00,40.25,41.75,3,600,25725,2010-07-09 00:00:00,1
2010-07-12 00:00:00,2010-07-12 00:00:00,40.25,2010-07-12 00:00:00,40,40,5,2700,108025,2010-07-12 00:00:00,1
2010-07-13 00:00:00,2010-07-13 00:00:00,40,2010-07-13 00:00:00,40,40,4,7800,312000,2010-07-13 00:00:00,1
2010-07-14 00:00:00,2010-07-14 00:00:00,42,2010-07-14 00:00:00,42,42,3,300,12600,2010-07-14 00:00:00,1
2010-07-15 00:00:00,2010-07-15 00:00:00,42,2010-07-15 00:00:00,41,41.5,2,200,8300,2010-07-15 00:00:00,1
2010-07-19 00:00:00,2010-07-19 00:00:00,43,2010-07-19 00:00:00,42,42.5,9,6100,256800,2010-07-19 00:00:00,1
2010-07-20 00:00:00,2010-07-20 00:00:00,42.5,2010-07-20 00:00:00,42,42.25,5,500,21100,2010-07-20 00:00:00,1
2010-07-21 00:00:00,2010-07-21 00:00:00,42.25,2010-07-21 00:00:00,42,42.25,3,300,12625,2010-07-21 00:00:00,1
2010-07-22 00:00:00,2010-07-22 00:00:00,42.5,2010-07-22 00:00:00,42.5,42.5,6,600,25500,2010-07-22 00:00:00,1
2010-07-23 00:00:00,2010-07-23 00:00:00,42.5,2010-07-23 00:00:00,42.25,42.5,8,3200,135975,2010-07-23 00:00:00,1
2010-07-26 00:00:00,2010-07-26 00:00:00,45,2010-07-26 00:00:00,42.25,45,7,1800,78150,2010-07-26 00:00:00,1
2010-07-27 00:00:00,2010-07-27 00:00:00,47,2010-07-27 00:00:00,45,46.25,15,4600,211700,2010-07-27 00:00:00,1
2010-07-28 00:00:00,2010-07-28 00:00:00,46.25,2010-07-28 00:00:00,45,45,9,4200,192950,2010-07-28 00:00:00,1
2010-07-29 00:00:00,2010-07-29 00:00:00,46.5,2010-07-29 00:00:00,45,45,5,2100,97000,2010-07-29 00:00:00,1
2010-07-30 00:00:00,2010-07-30 00:00:00,46,2010-07-30 00:00:00,46,46,2,200,9200,2010-07-30 00:00:00,1
2010-08-02 00:00:00,2010-08-02 00:00:00,46,2010-08-02 00:00:00,42.5,43,13,6700,297250,2010-08-02 00:00:00,1
2010-08-03 00:00:00,2010-08-03 00:00:00,43.9,2010-08-03 00:00:00,43.9,43.9,1,1000,43900,2010-08-03 00:00:00,1
2010-08-04 00:00:00,2010-08-04 00:00:00,46.5,2010-08-04 00:00:00,46,46.5,6,6500,299100,2010-08-04 00:00:00,1
2010-08-05 00:00:00,2010-08-05 00:00:00,46.5,2010-08-05 00:00:00,42.5,44.2,3,400,18140,2010-08-05 00:00:00,1
2010-08-06 00:00:00,2010-08-06 00:00:00,43.1,2010-08-06 00:00:00,43,43.1,7,800,34460,2010-08-06 00:00:00,1
2010-08-09 00:00:00,2010-08-09 00:00:00,39.6,2010-08-09 00:00:00,39.5,39.6,7,9600,380010,2010-08-09 00:00:00,1
2010-08-10 00:00:00,2010-08-10 00:00:00,43.5,2010-08-10 00:00:00,36.2,43.2,6,4700,201050,2010-08-10 00:00:00,1
2010-08-11 00:00:00,2010-08-11 00:00:00,43,2010-08-11 00:00:00,40,42.1,6,1000,42150,2010-08-11 00:00:00,1
2010-08-12 00:00:00,2010-08-12 00:00:00,40,2010-08-12 00:00:00,40,40,1,800,32000,2010-08-12 00:00:00,1
2010-08-16 00:00:00,2010-08-16 00:00:00,44,2010-08-16 00:00:00,44,44,6,15300,673200,2010-08-16 00:00:00,1
2010-08-17 00:00:00,2010-08-17 00:00:00,46.5,2010-08-17 00:00:00,45.1,46.4,18,15900,735400,2010-08-17 00:00:00,1
2010-08-18 00:00:00,2010-08-18 00:00:00,46.4,2010-08-18 00:00:00,43.1,43.1,8,1200,54740,2010-08-18 00:00:00,1
2010-08-20 00:00:00,2010-08-20 00:00:00,41,2010-08-20 00:00:00,41,41,1,200,8200,2010-08-20 00:00:00,1
2010-08-25 00:00:00,2010-08-25 00:00:00,45,2010-08-25 00:00:00,44,44.8,4,400,17900,2010-08-25 00:00:00,1
2010-08-26 00:00:00,2010-08-26 00:00:00,44,2010-08-26 00:00:00,43,43,3,2400,105400,2010-08-26 00:00:00,1
2010-08-27 00:00:00,2010-08-27 00:00:00,46,2010-08-27 00:00:00,45,45.3,2,300,13600,2010-08-27 00:00:00,1
2010-08-30 00:00:00,2010-08-30 00:00:00,47,2010-08-30 00:00:00,43,46.9,7,6200,290100,2010-08-30 00:00:00,1
2010-08-31 00:00:00,2010-08-31 00:00:00,47.5,2010-08-31 00:00:00,42.5,47.5,3,1700,80250,2010-08-31 00:00:00,1
2010-09-01 00:00:00,2010-09-01 00:00:00,45,2010-09-01 00:00:00,43,45,3,700,30500,2010-09-01 00:00:00,1
2010-09-02 00:00:00,2010-09-02 00:00:00,47,2010-09-02 00:00:00,45,46.9,10,4400,202990,2010-09-02 00:00:00,1
2010-09-03 00:00:00,2010-09-03 00:00:00,51.5,2010-09-03 00:00:00,46.9,50.2,46,28900,1440730,2010-09-03 00:00:00,1
2010-09-06 00:00:00,2010-09-06 00:00:00,53,2010-09-06 00:00:00,50.1,50.1,23,13600,688660,2010-09-06 00:00:00,1
2010-09-07 00:00:00,2010-09-07 00:00:00,52,2010-09-07 00:00:00,50.1,50.5,8,2400,121190,2010-09-07 00:00:00,1
2010-09-08 00:00:00,2010-09-08 00:00:00,55.5,2010-09-08 00:00:00,51,54,73,29000,1561980,2010-09-08 00:00:00,1
2010-09-09 00:00:00,2010-09-09 00:00:00,59.4,2010-09-09 00:00:00,55,59.4,33,18300,1058980,2010-09-09 00:00:00,1
2010-09-13 00:00:00,2010-09-13 00:00:00,65.3,2010-09-13 00:00:00,63,65.1,31,28500,1858440,2010-09-13 00:00:00,1
2010-09-14 00:00:00,2010-09-14 00:00:00,67.7,2010-09-14 00:00:00,66,66.6,22,16600,1105010,2010-09-14 00:00:00,1
2010-09-15 00:00:00,2010-09-15 00:00:00,68,2010-09-15 00:00:00,60,63.3,63,13700,856750,2010-09-15 00:00:00,1
2010-09-16 00:00:00,2010-09-16 00:00:00,65,2010-09-16 00:00:00,61,61.3,4,2200,138550,2010-09-16 00:00:00,1
2010-09-17 00:00:00,2010-09-17 00:00:00,61,2010-09-17 00:00:00,58,59.7,8,2000,120690,2010-09-17 00:00:00,1
2010-09-20 00:00:00,2010-09-20 00:00:00,60.1,2010-09-20 00:00:00,58.1,60,15,12200,731920,2010-09-20 00:00:00,1
2010-09-21 00:00:00,2010-09-21 00:00:00,63,2010-09-21 00:00:00,60,60.2,15,6900,424300,2010-09-21 00:00:00,1
2010-09-23 00:00:00,2010-09-23 00:00:00,61,2010-09-23 00:00:00,60,61,8,1900,115450,2010-09-23 00:00:00,1
2010-09-24 00:00:00,2010-09-24 00:00:00,60,2010-09-24 00:00:00,60,60,10,2000,120000,2010-09-24 00:00:00,1
2010-09-27 00:00:00,2010-09-27 00:00:00,60,2010-09-27 00:00:00,59,59,10,6800,404400,2010-09-27 00:00:00,1
2010-09-28 00:00:00,2010-09-28 00:00:00,59,2010-09-28 00:00:00,56,57.1,7,900,51500,2010-09-28 00:00:00,1
2010-09-29 00:00:00,2010-09-29 00:00:00,60,2010-09-29 00:00:00,57,57,5,1100,64480,2010-09-29 00:00:00,1
2010-09-30 00:00:00,2010-09-30 00:00:00,60,2010-09-30 00:00:00,58,58,4,500,29400,2010-09-30 00:00:00,1
2010-10-01 00:00:00,2010-10-01 00:00:00,56.1,2010-10-01 00:00:00,56,56.1,2,200,11210,2010-10-01 00:00:00,1
2010-10-04 00:00:00,2010-10-04 00:00:00,60,2010-10-04 00:00:00,57,59.2,11,2800,163670,2010-10-04 00:00:00,1
2010-10-05 00:00:00,2010-10-05 00:00:00,58,2010-10-05 00:00:00,57.5,57.7,5,1200,69450,2010-10-05 00:00:00,1
2010-10-06 00:00:00,2010-10-06 00:00:00,58,2010-10-06 00:00:00,57.8,58,4,2200,127200,2010-10-06 00:00:00,1
2010-10-07 00:00:00,2010-10-07 00:00:00,57.8,2010-10-07 00:00:00,55,55,14,7100,401450,2010-10-07 00:00:00,1
2010-10-08 00:00:00,2010-10-08 00:00:00,55.1,2010-10-08 00:00:00,55,55.1,2,600,33010,2010-10-08 00:00:00,1
2010-10-11 00:00:00,2010-10-11 00:00:00,57.5,2010-10-11 00:00:00,55,55,6,1200,68510,2010-10-11 00:00:00,1
2010-10-13 00:00:00,2010-10-13 00:00:00,55,2010-10-13 00:00:00,54,54,4,6600,362600,2010-10-13 00:00:00,1
2010-10-14 00:00:00,2010-10-14 00:00:00,52,2010-10-14 00:00:00,50,51.9,3,1600,83000,2010-10-14 00:00:00,1
2010-10-15 00:00:00,2010-10-15 00:00:00,52,2010-10-15 00:00:00,52,52,2,3100,161200,2010-10-15 00:00:00,1
2010-10-18 00:00:00,2010-10-18 00:00:00,54,2010-10-18 00:00:00,52,52.1,5,2800,147750,2010-10-18 00:00:00,1
2010-10-19 00:00:00,2010-10-19 00:00:00,54,2010-10-19 00:00:00,50,52,4,400,20800,2010-10-19 00:00:00,1
2010-10-20 00:00:00,2010-10-20 00:00:00,55,2010-10-20 00:00:00,55,55,2,4500,247500,2010-10-20 00:00:00,1
2010-10-21 00:00:00,2010-10-21 00:00:00,55,2010-10-21 00:00:00,54.9,55,4,5300,291480,2010-10-21 00:00:00,1
2010-10-26 00:00:00,2010-10-26 00:00:00,52,2010-10-26 00:00:00,52,52,2,3000,156000,2010-10-26 00:00:00,1
2010-10-27 00:00:00,2010-10-27 00:00:00,50,2010-10-27 00:00:00,50,50,1,200,10000,2010-10-27 00:00:00,1
2010-10-28 00:00:00,2010-10-28 00:00:00,48.1,2010-10-28 00:00:00,48,48,4,600,28810,2010-10-28 00:00:00,1
2010-10-29 00:00:00,2010-10-29 00:00:00,52,2010-10-29 00:00:00,48,52,4,1500,77600,2010-10-29 00:00:00,1
2010-11-01 00:00:00,2010-11-01 00:00:00,54,2010-11-01 00:00:00,50,54,2,200,10400,2010-11-01 00:00:00,1
2010-11-02 00:00:00,2010-11-02 00:00:00,55,2010-11-02 00:00:00,55,55,3,2500,137500,2010-11-02 00:00:00,1
2010-11-03 00:00:00,2010-11-03 00:00:00,53,2010-11-03 00:00:00,50.1,53,2,400,20910,2010-11-03 00:00:00,1
2010-11-04 00:00:00,2010-11-04 00:00:00,53,2010-11-04 00:00:00,50,53,4,600,31100,2010-11-04 00:00:00,1
2010-11-10 00:00:00,2010-11-10 00:00:00,55,2010-11-10 00:00:00,51.1,55,4,2600,134010,2010-11-10 00:00:00,1
2010-11-11 00:00:00,2010-11-11 00:00:00,57.9,2010-11-11 00:00:00,51.1,51.1,2,1600,90600,2010-11-11 00:00:00,1
2010-11-12 00:00:00,2010-11-12 00:00:00,51.1,2010-11-12 00:00:00,51.1,51.1,1,100,5110,2010-11-12 00:00:00,1
2010-11-15 00:00:00,2010-11-15 00:00:00,57,2010-11-15 00:00:00,57,57,1,100,5700,2010-11-15 00:00:00,1
2010-11-24 00:00:00,2010-11-24 00:00:00,55,2010-11-24 00:00:00,55,55,1,100,5500,2010-11-24 00:00:00,1
2010-11-29 00:00:00,2010-11-29 00:00:00,50,2010-11-29 00:00:00,50,50,2,200,10000,2010-11-29 00:00:00,1
2010-11-30 00:00:00,2010-11-30 00:00:00,55,2010-11-30 00:00:00,50,50.1,8,1300,66020,2010-11-30 00:00:00,1
2010-12-01 00:00:00,2010-12-01 00:00:00,55,2010-12-01 00:00:00,50,54.6,4,1100,60000,2010-12-01 00:00:00,1
2010-12-02 00:00:00,2010-12-02 00:00:00,51,2010-12-02 00:00:00,51,51,1,100,5100,2010-12-02 00:00:00,1
2010-12-03 00:00:00,2010-12-03 00:00:00,50,2010-12-03 00:00:00,50,50,1,200,10000,2010-12-03 00:00:00,1
2010-12-06 00:00:00,2010-12-06 00:00:00,50,2010-12-06 00:00:00,50,50,1,400,20000,2010-12-06 00:00:00,1
2010-12-07 00:00:00,2010-12-07 00:00:00,50,2010-12-07 00:00:00,50,50,1,300,15000,2010-12-07 00:00:00,1
2010-12-08 00:00:00,2010-12-08 00:00:00,50.5,2010-12-08 00:00:00,50,50.1,3,2100,105200,2010-12-08 00:00:00,1
2010-12-09 00:00:00,2010-12-09 00:00:00,52,2010-12-09 00:00:00,51.5,52,3,2000,103050,2010-12-09 00:00:00,1
2010-12-13 00:00:00,2010-12-13 00:00:00,51.8,2010-12-13 00:00:00,51.8,51.8,1,100,5180,2010-12-13 00:00:00,1
2010-12-14 00:00:00,2010-12-14 00:00:00,51.5,2010-12-14 00:00:00,51,51.2,6,10500,538250,2010-12-14 00:00:00,1
2010-12-15 00:00:00,2010-12-15 00:00:00,52,2010-12-15 00:00:00,51,52,4,1500,76600,2010-12-15 00:00:00,1
2010-12-16 00:00:00,2010-12-16 00:00:00,51.1,2010-12-16 00:00:00,51.1,51.1,1,100,5110,2010-12-16 00:00:00,1
2010-12-21 00:00:00,2010-12-21 00:00:00,51,2010-12-21 00:00:00,51,51,3,300,15300,2010-12-21 00:00:00,1
2010-12-22 00:00:00,2010-12-22 00:00:00,54.9,2010-12-22 00:00:00,52,54.3,3,500,27160,2010-12-22 00:00:00,1
2010-12-23 00:00:00,2010-12-23 00:00:00,54.5,2010-12-23 00:00:00,54,54.2,2,600,32500,2010-12-23 00:00:00,1
2010-12-27 00:00:00,2010-12-27 00:00:00,60,2010-12-27 00:00:00,54.5,59.2,25,28100,1637270,2010-12-27 00:00:00,1
2010-12-28 00:00:00,2010-12-28 00:00:00,59,2010-12-28 00:00:00,57,57,2,400,23000,2010-12-28 00:00:00,1
2010-12-29 00:00:00,2010-12-29 00:00:00,60,2010-12-29 00:00:00,59.5,59.8,3,300,17950,2010-12-29 00:00:00,1
2010-12-31 00:00:00,2010-12-31 00:00:00,60,2010-12-31 00:00:00,58,60,11,4100,243890,2010-12-31 00:00:00,1
Company Id :  HARI,,Security Type :  N,,Sub Type :  0000,,,,,,
Short Name :  HARISCHANDRA,,,,,,,,,,
Day,Date High,High,Date Low,Low,Closing,No. of Trades,No. of Shares,Turnover,Last Traded,Days Traded
2010-01-05 00:00:00,2010-01-05 00:00:00,890,2010-01-05 00:00:00,800,822.5,4,400,329000,2010-01-05 00:00:00,1
2010-01-08 00:00:00,2010-01-08 00:00:00,850,2010-01-08 00:00:00,850,850,1,100,85000,2010-01-08 00:00:00,1
2010-02-05 00:00:00,2010-02-05 00:00:00,875,2010-02-05 00:00:00,875,875,2,200,175000,2010-02-05 00:00:00,1
2010-02-24 00:00:00,2010-02-24 00:00:00,975,2010-02-24 00:00:00,975,975,1,200,195000,2010-02-24 00:00:00,1
2010-03-01 00:00:00,2010-03-01 00:00:00,885,2010-03-01 00:00:00,885,885,1,100,88500,2010-03-01 00:00:00,1
2010-03-03 00:00:00,2010-03-03 00:00:00,880,2010-03-03 00:00:00,880,880,1,100,88000,2010-03-03 00:00:00,1
2010-03-23 00:00:00,2010-03-23 00:00:00,975,2010-03-23 00:00:00,875,941.75,3,600,565000,2010-03-23 00:00:00,1
2010-04-01 00:00:00,2010-04-01 00:00:00,941.75,2010-04-01 00:00:00,941.75,941.75,1,200,188350,2010-04-01 00:00:00,1
2010-07-09 00:00:00,2010-07-09 00:00:00,941.75,2010-07-09 00:00:00,941.75,941.75,1,100,94175,2010-07-09 00:00:00,1
2010-08-30 00:00:00,2010-08-30 00:00:00,941.8,2010-08-30 00:00:00,941.8,941.8,1,100,94180,2010-08-30 00:00:00,1
2010-10-20 00:00:00,2010-10-20 00:00:00,1000,2010-10-20 00:00:00,1000,1000,1,300,300000,2010-10-20 00:00:00,1
2010-11-02 00:00:00,2010-11-02 00:00:00,950,2010-11-02 00:00:00,950,950,1,100,95000,2010-11-02 00:00:00,1
2010-12-17 00:00:00,2010-12-17 00:00:00,950,2010-12-17 00:00:00,950,950,1,100,95000,2010-12-17 00:00:00,1
Company Id :  HASU,,Security Type :  N,,Sub Type :  0000,,,,,,
Short Name :  HNB ASSURANCE,,,,,,,,,,
Day,Date High,High,Date Low,Low,Closing,No. of Trades,No. of Shares,Turnover,Last Traded,Days Traded
2010-01-04 00:00:00,2010-01-04 00:00:00,50,2010-01-04 00:00:00,48,49.25,18,9000,433650,2010-01-04 00:00:00,1
2010-01-05 00:00:00,2010-01-05 00:00:00,49,2010-01-05 00:00:00,48,48.25,5,5200,251850,2010-01-05 00:00:00,1
2010-01-06 00:00:00,2010-01-06 00:00:00,49,2010-01-06 00:00:00,48,48.25,44,74200,3616375,2010-01-06 00:00:00,1
2010-01-07 00:00:00,2010-01-07 00:00:00,49,2010-01-07 00:00:00,48.25,48.25,9,10500,508100,2010-01-07 00:00:00,1
2010-01-08 00:00:00,2010-01-08 00:00:00,48.75,2010-01-08 00:00:00,48.25,48.25,9,7800,376625,2010-01-08 00:00:00,1
2010-01-11 00:00:00,2010-01-11 00:00:00,48.25,2010-01-11 00:00:00,48,48,8,24500,1176250,2010-01-11 00:00:00,1
2010-01-12 00:00:00,2010-01-12 00:00:00,48.5,2010-01-12 00:00:00,47,47,4,1100,52500,2010-01-12 00:00:00,1
2010-01-13 00:00:00,2010-01-13 00:00:00,47,2010-01-13 00:00:00,46,46.75,8,2600,120975,2010-01-13 00:00:00,1
2010-01-15 00:00:00,2010-01-15 00:00:00,47.5,2010-01-15 00:00:00,46.5,47.5,5,1700,80150,2010-01-15 00:00:00,1
2010-01-18 00:00:00,2010-01-18 00:00:00,47,2010-01-18 00:00:00,46,46.5,18,20200,940375,2010-01-18 00:00:00,1
2010-01-19 00:00:00,2010-01-19 00:00:00,46.5,2010-01-19 00:00:00,45,45,12,20900,949675,2010-01-19 00:00:00,1
2010-01-20 00:00:00,2010-01-20 00:00:00,49.75,2010-01-20 00:00:00,46,49.5,21,34700,1661575,2010-01-20 00:00:00,1
2010-01-21 00:00:00,2010-01-21 00:00:00,48,2010-01-21 00:00:00,47.75,47.75,4,3800,181900,2010-01-21 00:00:00,1
2010-01-22 00:00:00,2010-01-22 00:00:00,49,2010-01-22 00:00:00,47.25,48.75,18,16200,781500,2010-01-22 00:00:00,1
2010-01-25 00:00:00,2010-01-25 00:00:00,49,2010-01-25 00:00:00,46,48.5,14,12000,581725,2010-01-25 00:00:00,1
2010-01-26 00:00:00,2010-01-26 00:00:00,49,2010-01-26 00:00:00,46,48.25,8,3500,168750,2010-01-26 00:00:00,1
2010-01-28 00:00:00,2010-01-28 00:00:00,48,2010-01-28 00:00:00,47,48,16,15200,725400,2010-01-28 00:00:00,1
2010-02-01 00:00:00,2010-02-01 00:00:00,51,2010-02-01 00:00:00,48.5,48.75,27,653300,33128725,2010-02-01 00:00:00,1
2010-02-02 00:00:00,2010-02-02 00:00:00,49.75,2010-02-02 00:00:00,48,49.75,18,31000,1526425,2010-02-02 00:00:00,1
2010-02-03 00:00:00,2010-02-03 00:00:00,52,2010-02-03 00:00:00,49.5,49.75,85,320300,16032225,2010-02-03 00:00:00,1
2010-02-05 00:00:00,2010-02-05 00:00:00,51.5,2010-02-05 00:00:00,50,50.25,19,10300,519175,2010-02-05 00:00:00,1
2010-02-08 00:00:00,2010-02-08 00:00:00,52.25,2010-02-08 00:00:00,50.5,52,38,55600,2885375,2010-02-08 00:00:00,1
2010-02-09 00:00:00,2010-02-09 00:00:00,52,2010-02-09 00:00:00,50.5,51,22,35200,1794825,2010-02-09 00:00:00,1
2010-02-10 00:00:00,2010-02-10 00:00:00,51,2010-02-10 00:00:00,50,50,22,21700,1086125,2010-02-10 00:00:00,1
2010-02-11 00:00:00,2010-02-11 00:00:00,50.5,2010-02-11 00:00:00,48.75,48.75,14,17600,864150,2010-02-11 00:00:00,1
2010-02-12 00:00:00,2010-02-12 00:00:00,48.5,2010-02-12 00:00:00,48.5,48.5,6,2700,130950,2010-02-12 00:00:00,1
2010-02-15 00:00:00,2010-02-15 00:00:00,48,2010-02-15 00:00:00,47.75,48,9,7600,364200,2010-02-15 00:00:00,1
2010-02-16 00:00:00,2010-02-16 00:00:00,49.25,2010-02-16 00:00:00,49,49,5,1300,63725,2010-02-16 00:00:00,1
2010-02-17 00:00:00,2010-02-17 00:00:00,48.5,2010-02-17 00:00:00,48.5,48.5,2,300,14550,2010-02-17 00:00:00,1
2010-02-18 00:00:00,2010-02-18 00:00:00,48.5,2010-02-18 00:00:00,48,48.25,8,4500,216975,2010-02-18 00:00:00,1
2010-02-19 00:00:00,2010-02-19 00:00:00,50,2010-02-19 00:00:00,49.5,49.5,13,10400,517275,2010-02-19 00:00:00,1
2010-02-22 00:00:00,2010-02-22 00:00:00,50,2010-02-22 00:00:00,49.5,49.75,19,11100,551825,2010-02-22 00:00:00,1
2010-02-23 00:00:00,2010-02-23 00:00:00,51.75,2010-02-23 00:00:00,49.75,51,97,3958200,198131425,2010-02-23 00:00:00,1
2010-02-24 00:00:00,2010-02-24 00:00:00,52,2010-02-24 00:00:00,50.25,51.5,25,194800,9979975,2010-02-24 00:00:00,1
2010-02-25 00:00:00,2010-02-25 00:00:00,51.5,2010-02-25 00:00:00,50.5,50.75,37,49000,2489900,2010-02-25 00:00:00,1
2010-02-26 00:00:00,2010-02-26 00:00:00,51,2010-02-26 00:00:00,50,50.5,14,16200,823925,2010-02-26 00:00:00,1
2010-03-01 00:00:00,2010-03-01 00:00:00,56.75,2010-03-01 00:00:00,50,55,243,629200,34213325,2010-03-01 00:00:00,1
2010-03-02 00:00:00,2010-03-02 00:00:00,60,2010-03-02 00:00:00,55,58.25,349,1715400,102006325,2010-03-02 00:00:00,1
2010-03-03 00:00:00,2010-03-03 00:00:00,59.5,2010-03-03 00:00:00,55,57.5,50,54300,3136850,2010-03-03 00:00:00,1
2010-03-04 00:00:00,2010-03-04 00:00:00,58,2010-03-04 00:00:00,56.75,58,47,61900,3570600,2010-03-04 00:00:00,1
2010-03-05 00:00:00,2010-03-05 00:00:00,58.5,2010-03-05 00:00:00,57,57.5,30,53200,3081825,2010-03-05 00:00:00,1
2010-03-08 00:00:00,2010-03-08 00:00:00,58,2010-03-08 00:00:00,57,57.5,40,133600,7690400,2010-03-08 00:00:00,1
2010-03-09 00:00:00,2010-03-09 00:00:00,57.75,2010-03-09 00:00:00,56,56,13,6300,355875,2010-03-09 00:00:00,1
2010-03-10 00:00:00,2010-03-10 00:00:00,57,2010-03-10 00:00:00,56.5,57,18,19700,1119900,2010-03-10 00:00:00,1
2010-03-11 00:00:00,2010-03-11 00:00:00,57.75,2010-03-11 00:00:00,57,57.25,23,53400,3058125,2010-03-11 00:00:00,1
2010-03-12 00:00:00,2010-03-12 00:00:00,58,2010-03-12 00:00:00,57,57,33,62400,3606450,2010-03-12 00:00:00,1
2010-03-15 00:00:00,2010-03-15 00:00:00,57.25,2010-03-15 00:00:00,56.75,57,7,2900,165075,2010-03-15 00:00:00,1
2010-03-16 00:00:00,2010-03-16 00:00:00,58,2010-03-16 00:00:00,57,57.25,13,17300,997050,2010-03-16 00:00:00,1
2010-03-17 00:00:00,2010-03-17 00:00:00,57,2010-03-17 00:00:00,57,57,13,44500,2536500,2010-03-17 00:00:00,1
2010-03-18 00:00:00,2010-03-18 00:00:00,57,2010-03-18 00:00:00,56,56.25,7,5700,321200,2010-03-18 00:00:00,1
2010-03-19 00:00:00,2010-03-19 00:00:00,57,2010-03-19 00:00:00,55.75,56,25,12400,695650,2010-03-19 00:00:00,1
2010-03-22 00:00:00,2010-03-22 00:00:00,57,2010-03-22 00:00:00,56,56.25,15,18500,1036725,2010-03-22 00:00:00,1
2010-03-23 00:00:00,2010-03-23 00:00:00,57.75,2010-03-23 00:00:00,56,56.5,17,14000,787850,2010-03-23 00:00:00,1
2010-03-24 00:00:00,2010-03-24 00:00:00,56,2010-03-24 00:00:00,56,56,11,7700,431200,2010-03-24 00:00:00,1
2010-03-25 00:00:00,2010-03-25 00:00:00,56.5,2010-03-25 00:00:00,56,56.5,11,9400,529225,2010-03-25 00:00:00,1
2010-03-26 00:00:00,2010-03-26 00:00:00,58,2010-03-26 00:00:00,57,57.75,17,67700,3925275,2010-03-26 00:00:00,1
2010-03-30 00:00:00,2010-03-30 00:00:00,58,2010-03-30 00:00:00,57,57,8,13800,787100,2010-03-30 00:00:00,1
2010-03-31 00:00:00,2010-03-31 00:00:00,57,2010-03-31 00:00:00,55.5,55.5,6,2700,150850,2010-03-31 00:00:00,1
2010-04-01 00:00:00,2010-04-01 00:00:00,57,2010-04-01 00:00:00,55.5,56.5,9,23000,1295975,2010-04-01 00:00:00,1
2010-04-05 00:00:00,2010-04-05 00:00:00,58,2010-04-05 00:00:00,55.5,57.25,12,9300,524950,2010-04-05 00:00:00,1
2010-04-06 00:00:00,2010-04-06 00:00:00,59,2010-04-06 00:00:00,58,59,27,65100,3827300,2010-04-06 00:00:00,1
2010-04-07 00:00:00,2010-04-07 00:00:00,61,2010-04-07 00:00:00,59,60,61,76500,4587825,2010-04-07 00:00:00,1
2010-04-08 00:00:00,2010-04-08 00:00:00,61.75,2010-04-08 00:00:00,60,60.5,28,15600,950300,2010-04-08 00:00:00,1
2010-04-12 00:00:00,2010-04-12 00:00:00,61.75,2010-04-12 00:00:00,60,60.75,17,6800,414525,2010-04-12 00:00:00,1
2010-04-15 00:00:00,2010-04-15 00:00:00,61,2010-04-15 00:00:00,59,61,4,2500,150100,2010-04-15 00:00:00,1
2010-04-16 00:00:00,2010-04-16 00:00:00,61,2010-04-16 00:00:00,58,61,22,23700,1435850,2010-04-16 00:00:00,1
2010-04-19 00:00:00,2010-04-19 00:00:00,64,2010-04-19 00:00:00,60,63.5,108,175900,11076875,2010-04-19 00:00:00,1
2010-04-20 00:00:00,2010-04-20 00:00:00,64.5,2010-04-20 00:00:00,62.25,64,35,162600,10402525,2010-04-20 00:00:00,1
2010-04-21 00:00:00,2010-04-21 00:00:00,66,2010-04-21 00:00:00,64,64.5,53,81300,5271225,2010-04-21 00:00:00,1
2010-04-22 00:00:00,2010-04-22 00:00:00,64,2010-04-22 00:00:00,62.5,63.25,20,15100,960650,2010-04-22 00:00:00,1
2010-04-23 00:00:00,2010-04-23 00:00:00,64.5,2010-04-23 00:00:00,63.5,63.5,10,6200,397425,2010-04-23 00:00:00,1
2010-04-26 00:00:00,2010-04-26 00:00:00,64,2010-04-26 00:00:00,63.5,63.5,11,4600,292850,2010-04-26 00:00:00,1
2010-04-27 00:00:00,2010-04-27 00:00:00,64,2010-04-27 00:00:00,63,63,15,9200,584300,2010-04-27 00:00:00,1
2010-04-29 00:00:00,2010-04-29 00:00:00,63.5,2010-04-29 00:00:00,63,63,14,13700,868600,2010-04-29 00:00:00,1
2010-04-30 00:00:00,2010-04-30 00:00:00,63.75,2010-04-30 00:00:00,62.75,63.75,13,5100,322325,2010-04-30 00:00:00,1
2010-05-03 00:00:00,2010-05-03 00:00:00,63.75,2010-05-03 00:00:00,62.5,62.5,23,21800,1370850,2010-05-03 00:00:00,1
2010-05-04 00:00:00,2010-05-04 00:00:00,62.75,2010-05-04 00:00:00,62,62.25,9,38000,2366825,2010-05-04 00:00:00,1
2010-05-05 00:00:00,2010-05-05 00:00:00,62,2010-05-05 00:00:00,61,61.75,6,1600,98850,2010-05-05 00:00:00,1
2010-05-06 00:00:00,2010-05-06 00:00:00,62,2010-05-06 00:00:00,61,62,15,16000,979875,2010-05-06 00:00:00,1
2010-05-07 00:00:00,2010-05-07 00:00:00,61.5,2010-05-07 00:00:00,61,61,11,5100,311650,2010-05-07 00:00:00,1
2010-05-10 00:00:00,2010-05-10 00:00:00,61.75,2010-05-10 00:00:00,61,61.25,7,1400,85675,2010-05-10 00:00:00,1
2010-05-11 00:00:00,2010-05-11 00:00:00,61,2010-05-11 00:00:00,60,60.25,11,4900,295550,2010-05-11 00:00:00,1
2010-05-12 00:00:00,2010-05-12 00:00:00,61,2010-05-12 00:00:00,61,61,1,2000,122000,2010-05-12 00:00:00,1
2010-05-13 00:00:00,2010-05-13 00:00:00,61,2010-05-13 00:00:00,61,61,2,1000,61000,2010-05-13 00:00:00,1
2010-05-14 00:00:00,2010-05-14 00:00:00,60.25,2010-05-14 00:00:00,60,60.25,17,20700,1244050,2010-05-14 00:00:00,1
2010-05-17 00:00:00,2010-05-17 00:00:00,60.25,2010-05-17 00:00:00,60,60,13,12400,744025,2010-05-17 00:00:00,1
2010-05-18 00:00:00,2010-05-18 00:00:00,60,2010-05-18 00:00:00,60,60,1,200,12000,2010-05-18 00:00:00,1
2010-05-19 00:00:00,2010-05-19 00:00:00,61.25,2010-05-19 00:00:00,60,60,12,16500,990875,2010-05-19 00:00:00,1
2010-05-21 00:00:00,2010-05-21 00:00:00,60,2010-05-21 00:00:00,60,60,4,1200,72000,2010-05-21 00:00:00,1
2010-05-24 00:00:00,2010-05-24 00:00:00,60,2010-05-24 00:00:00,58,59.75,10,9700,579525,2010-05-24 00:00:00,1
2010-05-26 00:00:00,2010-05-26 00:00:00,59.75,2010-05-26 00:00:00,59.5,59.5,6,1800,107150,2010-05-26 00:00:00,1
2010-05-31 00:00:00,2010-05-31 00:00:00,59.5,2010-05-31 00:00:00,59,59,7,6600,389550,2010-05-31 00:00:00,1
2010-06-01 00:00:00,2010-06-01 00:00:00,61,2010-06-01 00:00:00,59,61,31,36800,2210850,2010-06-01 00:00:00,1
2010-06-02 00:00:00,2010-06-02 00:00:00,60,2010-06-02 00:00:00,59.5,59.5,2,2100,125950,2010-06-02 00:00:00,1
2010-06-03 00:00:00,2010-06-03 00:00:00,61,2010-06-03 00:00:00,59.5,61,19,17000,1019875,2010-06-03 00:00:00,1
2010-06-04 00:00:00,2010-06-04 00:00:00,62,2010-06-04 00:00:00,60.5,60.5,22,7200,440225,2010-06-04 00:00:00,1
2010-06-07 00:00:00,2010-06-07 00:00:00,64.25,2010-06-07 00:00:00,62,64,37,138300,8797325,2010-06-07 00:00:00,1
2010-06-08 00:00:00,2010-06-08 00:00:00,75,2010-06-08 00:00:00,64.75,72,149,172700,11718650,2010-06-08 00:00:00,1
2010-06-09 00:00:00,2010-06-09 00:00:00,74.25,2010-06-09 00:00:00,67,68,101,56400,4011400,2010-06-09 00:00:00,1
2010-06-10 00:00:00,2010-06-10 00:00:00,69,2010-06-10 00:00:00,68,68.5,21,50600,3451825,2010-06-10 00:00:00,1
2010-06-11 00:00:00,2010-06-11 00:00:00,72,2010-06-11 00:00:00,68.25,69.75,39,34200,2405575,2010-06-11 00:00:00,1
2010-06-14 00:00:00,2010-06-14 00:00:00,72.5,2010-06-14 00:00:00,70.5,71.25,36,61100,4359750,2010-06-14 00:00:00,1
2010-06-15 00:00:00,2010-06-15 00:00:00,72,2010-06-15 00:00:00,67,68.5,36,28900,2033325,2010-06-15 00:00:00,1
2010-06-16 00:00:00,2010-06-16 00:00:00,69.75,2010-06-16 00:00:00,68,68.75,22,14400,986750,2010-06-16 00:00:00,1
2010-06-17 00:00:00,2010-06-17 00:00:00,68,2010-06-17 00:00:00,67,67.75,11,12200,820500,2010-06-17 00:00:00,1
2010-06-21 00:00:00,2010-06-21 00:00:00,69,2010-06-21 00:00:00,68,69,23,123000,8431550,2010-06-21 00:00:00,1
2010-06-22 00:00:00,2010-06-22 00:00:00,69.5,2010-06-22 00:00:00,68,69.5,8,5000,340725,2010-06-22 00:00:00,1
2010-06-23 00:00:00,2010-06-23 00:00:00,69,2010-06-23 00:00:00,68,68.25,12,15700,1073000,2010-06-23 00:00:00,1
2010-06-24 00:00:00,2010-06-24 00:00:00,68.5,2010-06-24 00:00:00,68,68.5,26,88000,6004300,2010-06-24 00:00:00,1
2010-06-28 00:00:00,2010-06-28 00:00:00,68.25,2010-06-28 00:00:00,68.25,68.25,11,15900,1085175,2010-06-28 00:00:00,1
2010-06-29 00:00:00,2010-06-29 00:00:00,69.75,2010-06-29 00:00:00,68,68,8,5200,354600,2010-06-29 00:00:00,1
2010-06-30 00:00:00,2010-06-30 00:00:00,68,2010-06-30 00:00:00,68,68,8,6700,455600,2010-06-30 00:00:00,1
2010-07-01 00:00:00,2010-07-01 00:00:00,68.5,2010-07-01 00:00:00,68.5,68.5,5,3400,232900,2010-07-01 00:00:00,1
2010-07-02 00:00:00,2010-07-02 00:00:00,69,2010-07-02 00:00:00,68,68,8,8600,588300,2010-07-02 00:00:00,1
2010-07-05 00:00:00,2010-07-05 00:00:00,68.5,2010-07-05 00:00:00,68,68,23,26500,1802225,2010-07-05 00:00:00,1
2010-07-06 00:00:00,2010-07-06 00:00:00,68.25,2010-07-06 00:00:00,68,68,14,11700,795875,2010-07-06 00:00:00,1
2010-07-07 00:00:00,2010-07-07 00:00:00,68.5,2010-07-07 00:00:00,66,67.5,40,62600,4251050,2010-07-07 00:00:00,1
2010-07-08 00:00:00,2010-07-08 00:00:00,68,2010-07-08 00:00:00,67,68,20,35800,2434200,2010-07-08 00:00:00,1
2010-07-09 00:00:00,2010-07-09 00:00:00,68,2010-07-09 00:00:00,67,67.75,6,5300,359725,2010-07-09 00:00:00,1
2010-07-12 00:00:00,2010-07-12 00:00:00,68.25,2010-07-12 00:00:00,67,67.5,9,10300,696850,2010-07-12 00:00:00,1
2010-07-13 00:00:00,2010-07-13 00:00:00,68.25,2010-07-13 00:00:00,68,68.25,5,2500,170125,2010-07-13 00:00:00,1
2010-07-14 00:00:00,2010-07-14 00:00:00,68.25,2010-07-14 00:00:00,68,68,4,2500,170375,2010-07-14 00:00:00,1
2010-07-15 00:00:00,2010-07-15 00:00:00,70,2010-07-15 00:00:00,68.25,68.75,5,3100,213325,2010-07-15 00:00:00,1
2010-07-16 00:00:00,2010-07-16 00:00:00,70.5,2010-07-16 00:00:00,69.5,70,19,22100,1547500,2010-07-16 00:00:00,1
2010-07-19 00:00:00,2010-07-19 00:00:00,70,2010-07-19 00:00:00,70,70,1,100,7000,2010-07-19 00:00:00,1
2010-07-20 00:00:00,2010-07-20 00:00:00,70.75,2010-07-20 00:00:00,68.5,70,14,10900,765175,2010-07-20 00:00:00,1
2010-07-21 00:00:00,2010-07-21 00:00:00,70,2010-07-21 00:00:00,70,70,5,2200,154000,2010-07-21 00:00:00,1
2010-07-22 00:00:00,2010-07-22 00:00:00,71,2010-07-22 00:00:00,70,70,9,4200,295000,2010-07-22 00:00:00,1
2010-07-23 00:00:00,2010-07-23 00:00:00,70.5,2010-07-23 00:00:00,70,70.25,15,11800,826625,2010-07-23 00:00:00,1
2010-07-26 00:00:00,2010-07-26 00:00:00,69.25,2010-07-26 00:00:00,69.25,69.25,1,100,6925,2010-07-26 00:00:00,1
2010-07-27 00:00:00,2010-07-27 00:00:00,70,2010-07-27 00:00:00,67,68.5,7,4500,309750,2010-07-27 00:00:00,1
2010-07-28 00:00:00,2010-07-28 00:00:00,71,2010-07-28 00:00:00,69,70.5,23,19900,1397700,2010-07-28 00:00:00,1
2010-07-29 00:00:00,2010-07-29 00:00:00,71,2010-07-29 00:00:00,68.5,68.5,10,5500,385100,2010-07-29 00:00:00,1
2010-07-30 00:00:00,2010-07-30 00:00:00,71,2010-07-30 00:00:00,69.75,70.5,24,22900,1611500,2010-07-30 00:00:00,1
2010-08-02 00:00:00,2010-08-02 00:00:00,74,2010-08-02 00:00:00,71,71.9,9,1900,137290,2010-08-02 00:00:00,1
2010-08-03 00:00:00,2010-08-03 00:00:00,74,2010-08-03 00:00:00,70.7,73,33,70700,5194780,2010-08-03 00:00:00,1
2010-08-04 00:00:00,2010-08-04 00:00:00,74.2,2010-08-04 00:00:00,73,73.6,7,1300,95620,2010-08-04 00:00:00,1
2010-08-05 00:00:00,2010-08-05 00:00:00,72.1,2010-08-05 00:00:00,70,70.4,9,10600,749810,2010-08-05 00:00:00,1
2010-08-06 00:00:00,2010-08-06 00:00:00,71,2010-08-06 00:00:00,69,69.7,9,7600,532200,2010-08-06 00:00:00,1
2010-08-09 00:00:00,2010-08-09 00:00:00,69.5,2010-08-09 00:00:00,67,68,27,31900,2166750,2010-08-09 00:00:00,1
2010-08-10 00:00:00,2010-08-10 00:00:00,70.1,2010-08-10 00:00:00,63.5,70,27,33600,2199410,2010-08-10 00:00:00,1
2010-08-11 00:00:00,2010-08-11 00:00:00,70.5,2010-08-11 00:00:00,70,70.2,32,23700,1659750,2010-08-11 00:00:00,1
2010-08-12 00:00:00,2010-08-12 00:00:00,70.1,2010-08-12 00:00:00,70,70,6,7900,553210,2010-08-12 00:00:00,1
2010-08-13 00:00:00,2010-08-13 00:00:00,70,2010-08-13 00:00:00,70,70,10,12000,840000,2010-08-13 00:00:00,1
2010-08-16 00:00:00,2010-08-16 00:00:00,74,2010-08-16 00:00:00,70,73.9,20,27100,1957800,2010-08-16 00:00:00,1
2010-08-17 00:00:00,2010-08-17 00:00:00,74,2010-08-17 00:00:00,72.1,72.1,12,2300,167920,2010-08-17 00:00:00,1
2010-08-18 00:00:00,2010-08-18 00:00:00,74,2010-08-18 00:00:00,70,70.1,11,3300,237000,2010-08-18 00:00:00,1
2010-08-19 00:00:00,2010-08-19 00:00:00,75.4,2010-08-19 00:00:00,70,71.2,10,4200,306540,2010-08-19 00:00:00,1
2010-08-20 00:00:00,2010-08-20 00:00:00,72,2010-08-20 00:00:00,70,72,2,400,28200,2010-08-20 00:00:00,1
2010-08-23 00:00:00,2010-08-23 00:00:00,72,2010-08-23 00:00:00,69,72,5,3700,258400,2010-08-23 00:00:00,1
2010-08-25 00:00:00,2010-08-25 00:00:00,70.4,2010-08-25 00:00:00,70,70.1,7,12700,889290,2010-08-25 00:00:00,1
2010-08-26 00:00:00,2010-08-26 00:00:00,72,2010-08-26 00:00:00,70,71.9,13,135700,9754990,2010-08-26 00:00:00,1
2010-08-27 00:00:00,2010-08-27 00:00:00,70,2010-08-27 00:00:00,70,70,1,500,35000,2010-08-27 00:00:00,1
2010-08-30 00:00:00,2010-08-30 00:00:00,70.5,2010-08-30 00:00:00,70,70.5,13,18800,1321050,2010-08-30 00:00:00,1
2010-08-31 00:00:00,2010-08-31 00:00:00,72,2010-08-31 00:00:00,70,71,15,15300,1088100,2010-08-31 00:00:00,1
2010-09-01 00:00:00,2010-09-01 00:00:00,71,2010-09-01 00:00:00,70.9,70.9,11,20000,1419700,2010-09-01 00:00:00,1
2010-09-02 00:00:00,2010-09-02 00:00:00,70.2,2010-09-02 00:00:00,70,70.1,11,3400,238130,2010-09-02 00:00:00,1
2010-09-03 00:00:00,2010-09-03 00:00:00,73,2010-09-03 00:00:00,71,71,8,5300,386690,2010-09-03 00:00:00,1
2010-09-06 00:00:00,2010-09-06 00:00:00,72,2010-09-06 00:00:00,68,69.2,20,25300,1783200,2010-09-06 00:00:00,1
2010-09-07 00:00:00,2010-09-07 00:00:00,73,2010-09-07 00:00:00,70,71.4,21,25300,1800700,2010-09-07 00:00:00,1
2010-09-08 00:00:00,2010-09-08 00:00:00,70.1,2010-09-08 00:00:00,70,70,7,6500,455100,2010-09-08 00:00:00,1
2010-09-09 00:00:00,2010-09-09 00:00:00,76,2010-09-09 00:00:00,70.1,72,50,259000,18624360,2010-09-09 00:00:00,1
2010-09-13 00:00:00,2010-09-13 00:00:00,78.5,2010-09-13 00:00:00,72.6,77,112,187100,14328700,2010-09-13 00:00:00,1
2010-09-14 00:00:00,2010-09-14 00:00:00,82,2010-09-14 00:00:00,78.2,78.7,93,79100,6302630,2010-09-14 00:00:00,1
2010-09-15 00:00:00,2010-09-15 00:00:00,86,2010-09-15 00:00:00,75,84.5,114,122800,10115940,2010-09-15 00:00:00,1
2010-09-16 00:00:00,2010-09-16 00:00:00,90,2010-09-16 00:00:00,82,86.4,63,54800,4760210,2010-09-16 00:00:00,1
2010-09-17 00:00:00,2010-09-17 00:00:00,86.4,2010-09-17 00:00:00,84,85.7,24,20000,1704510,2010-09-17 00:00:00,1
2010-09-20 00:00:00,2010-09-20 00:00:00,84,2010-09-20 00:00:00,83,83.8,18,63100,5298300,2010-09-20 00:00:00,1
2010-09-21 00:00:00,2010-09-21 00:00:00,86.7,2010-09-21 00:00:00,84,84.2,31,36600,3091800,2010-09-21 00:00:00,1
2010-09-23 00:00:00,2010-09-23 00:00:00,92,2010-09-23 00:00:00,85,85.6,113,139200,12215120,2010-09-23 00:00:00,1
2010-09-24 00:00:00,2010-09-24 00:00:00,87,2010-09-24 00:00:00,85,85.1,37,35800,3074050,2010-09-24 00:00:00,1
2010-09-27 00:00:00,2010-09-27 00:00:00,88.2,2010-09-27 00:00:00,84,84,10,5800,495780,2010-09-27 00:00:00,1
2010-09-28 00:00:00,2010-09-28 00:00:00,83,2010-09-28 00:00:00,80,82.1,13,10600,855960,2010-09-28 00:00:00,1
2010-09-29 00:00:00,2010-09-29 00:00:00,81,2010-09-29 00:00:00,80,80.6,12,53200,4257320,2010-09-29 00:00:00,1
2010-09-30 00:00:00,2010-09-30 00:00:00,88,2010-09-30 00:00:00,82,82.1,20,19600,1668780,2010-09-30 00:00:00,1
2010-10-01 00:00:00,2010-10-01 00:00:00,84.5,2010-10-01 00:00:00,81,84.5,19,12300,1015270,2010-10-01 00:00:00,1
2010-10-04 00:00:00,2010-10-04 00:00:00,85,2010-10-04 00:00:00,81,82.9,17,212500,17254580,2010-10-04 00:00:00,1
2010-10-05 00:00:00,2010-10-05 00:00:00,83,2010-10-05 00:00:00,80,83,18,203700,16902260,2010-10-05 00:00:00,1
2010-10-06 00:00:00,2010-10-06 00:00:00,81,2010-10-06 00:00:00,79.1,79.9,29,30500,2441260,2010-10-06 00:00:00,1
2010-10-07 00:00:00,2010-10-07 00:00:00,80,2010-10-07 00:00:00,75,80,8,32600,2604500,2010-10-07 00:00:00,1
2010-10-08 00:00:00,2010-10-08 00:00:00,80,2010-10-08 00:00:00,80,80,10,8100,648000,2010-10-08 00:00:00,1
2010-10-11 00:00:00,2010-10-11 00:00:00,82,2010-10-11 00:00:00,80,80,16,18900,1515000,2010-10-11 00:00:00,1
2010-10-12 00:00:00,2010-10-12 00:00:00,79.2,2010-10-12 00:00:00,75,77,19,17600,1349130,2010-10-12 00:00:00,1
2010-10-13 00:00:00,2010-10-13 00:00:00,80,2010-10-13 00:00:00,73,79,25,20000,1503170,2010-10-13 00:00:00,1
2010-10-15 00:00:00,2010-10-15 00:00:00,75,2010-10-15 00:00:00,70.2,70.8,3,8500,601500,2010-10-15 00:00:00,1
2010-10-18 00:00:00,2010-10-18 00:00:00,71.3,2010-10-18 00:00:00,71.2,71.2,5,3500,249220,2010-10-18 00:00:00,1
2010-10-19 00:00:00,2010-10-19 00:00:00,75,2010-10-19 00:00:00,72.5,74.9,6,12500,936750,2010-10-19 00:00:00,1
2010-10-20 00:00:00,2010-10-20 00:00:00,79,2010-10-20 00:00:00,76,77.8,5,1800,140100,2010-10-20 00:00:00,1
2010-10-21 00:00:00,2010-10-21 00:00:00,75,2010-10-21 00:00:00,75,75,5,1100,82500,2010-10-21 00:00:00,1
2010-10-25 00:00:00,2010-10-25 00:00:00,74.5,2010-10-25 00:00:00,73,73.6,15,9600,704810,2010-10-25 00:00:00,1
2010-10-26 00:00:00,2010-10-26 00:00:00,73,2010-10-26 00:00:00,72.5,72.5,10,5700,415250,2010-10-26 00:00:00,1
2010-10-27 00:00:00,2010-10-27 00:00:00,76,2010-10-27 00:00:00,72,73.4,14,7800,580810,2010-10-27 00:00:00,1
2010-10-28 00:00:00,2010-10-28 00:00:00,77,2010-10-28 00:00:00,75,76,19,10100,767070,2010-10-28 00:00:00,1
2010-10-29 00:00:00,2010-10-29 00:00:00,79,2010-10-29 00:00:00,74,78.2,6,2400,187500,2010-10-29 00:00:00,1
2010-11-01 00:00:00,2010-11-01 00:00:00,78.2,2010-11-01 00:00:00,76,77.6,3,700,54300,2010-11-01 00:00:00,1
2010-11-02 00:00:00,2010-11-02 00:00:00,77.5,2010-11-02 00:00:00,74,75.5,4,700,52870,2010-11-02 00:00:00,1
2010-11-03 00:00:00,2010-11-03 00:00:00,77,2010-11-03 00:00:00,74,75.7,5,3100,230920,2010-11-03 00:00:00,1
2010-11-04 00:00:00,2010-11-04 00:00:00,75,2010-11-04 00:00:00,74,75,5,3000,224000,2010-11-04 00:00:00,1
2010-11-08 00:00:00,2010-11-08 00:00:00,77.6,2010-11-08 00:00:00,74,75,3,16500,1237080,2010-11-08 00:00:00,1
2010-11-09 00:00:00,2010-11-09 00:00:00,76,2010-11-09 00:00:00,74,75.9,12,19200,1448500,2010-11-09 00:00:00,1
2010-11-10 00:00:00,2010-11-10 00:00:00,75,2010-11-10 00:00:00,74,75,11,18200,1363620,2010-11-10 00:00:00,1
2010-11-11 00:00:00,2010-11-11 00:00:00,77,2010-11-11 00:00:00,75.5,76.3,3,1900,144900,2010-11-11 00:00:00,1
2010-11-12 00:00:00,2010-11-12 00:00:00,77,2010-11-12 00:00:00,66,76,4,400,29300,2010-11-12 00:00:00,1
2010-11-16 00:00:00,2010-11-16 00:00:00,73,2010-11-16 00:00:00,71,72.8,9,4800,347400,2010-11-16 00:00:00,1
2010-11-18 00:00:00,2010-11-18 00:00:00,78,2010-11-18 00:00:00,74,76.4,19,21000,1594310,2010-11-18 00:00:00,1
2010-11-22 00:00:00,2010-11-22 00:00:00,80,2010-11-22 00:00:00,78.9,79.3,7,900,71310,2010-11-22 00:00:00,1
2010-11-23 00:00:00,2010-11-23 00:00:00,80,2010-11-23 00:00:00,74,74.1,8,5800,433330,2010-11-23 00:00:00,1
2010-11-24 00:00:00,2010-11-24 00:00:00,77,2010-11-24 00:00:00,75,75,3,3500,263490,2010-11-24 00:00:00,1
2010-11-25 00:00:00,2010-11-25 00:00:00,72.7,2010-11-25 00:00:00,72.7,72.7,1,500,36350,2010-11-25 00:00:00,1
2010-11-26 00:00:00,2010-11-26 00:00:00,74,2010-11-26 00:00:00,72.6,74,8,4900,358250,2010-11-26 00:00:00,1
2010-11-30 00:00:00,2010-11-30 00:00:00,75,2010-11-30 00:00:00,72.4,72.5,24,15700,1147590,2010-11-30 00:00:00,1
2010-12-01 00:00:00,2010-12-01 00:00:00,74,2010-12-01 00:00:00,73,73.1,16,14200,1043600,2010-12-01 00:00:00,1
2010-12-02 00:00:00,2010-12-02 00:00:00,73,2010-12-02 00:00:00,70.1,70.8,13,4300,305010,2010-12-02 00:00:00,1
2010-12-03 00:00:00,2010-12-03 00:00:00,72,2010-12-03 00:00:00,70.2,71.6,11,6800,486760,2010-12-03 00:00:00,1
2010-12-06 00:00:00,2010-12-06 00:00:00,73,2010-12-06 00:00:00,72,72,8,35000,2523400,2010-12-06 00:00:00,1
2010-12-07 00:00:00,2010-12-07 00:00:00,71,2010-12-07 00:00:00,70,70.3,16,23300,1641210,2010-12-07 00:00:00,1
2010-12-08 00:00:00,2010-12-08 00:00:00,70.2,2010-12-08 00:00:00,68.2,69.5,12,11200,784300,2010-12-08 00:00:00,1
2010-12-09 00:00:00,2010-12-09 00:00:00,70,2010-12-09 00:00:00,70,70,2,4000,280000,2010-12-09 00:00:00,1
2010-12-10 00:00:00,2010-12-10 00:00:00,70.1,2010-12-10 00:00:00,70,70,5,11600,812010,2010-12-10 00:00:00,1
2010-12-13 00:00:00,2010-12-13 00:00:00,71,2010-12-13 00:00:00,69.2,70.8,9,5800,410270,2010-12-13 00:00:00,1
2010-12-14 00:00:00,2010-12-14 00:00:00,69.2,2010-12-14 00:00:00,69,69.2,4,700,48350,2010-12-14 00:00:00,1
2010-12-16 00:00:00,2010-12-16 00:00:00,69,2010-12-16 00:00:00,69,69,3,600,41400,2010-12-16 00:00:00,1
2010-12-17 00:00:00,2010-12-17 00:00:00,69,2010-12-17 00:00:00,68.4,68.4,6,2100,144560,2010-12-17 00:00:00,1
2010-12-21 00:00:00,2010-12-21 00:00:00,70,2010-12-21 00:00:00,68.1,70,2,3600,251810,2010-12-21 00:00:00,1
2010-12-22 00:00:00,2010-12-22 00:00:00,75,2010-12-22 00:00:00,70,74.8,11,17300,1287970,2010-12-22 00:00:00,1
2010-12-23 00:00:00,2010-12-23 00:00:00,76.5,2010-12-23 00:00:00,75,76.5,18,28200,2132600,2010-12-23 00:00:00,1
2010-12-24 00:00:00,2010-12-24 00:00:00,78,2010-12-24 00:00:00,77.4,77.5,5,2600,201690,2010-12-24 00:00:00,1
2010-12-27 00:00:00,2010-12-27 00:00:00,80,2010-12-27 00:00:00,78,78.9,28,42000,3314550,2010-12-27 00:00:00,1
2010-12-28 00:00:00,2010-12-28 00:00:00,80,2010-12-28 00:00:00,79.9,80,4,7600,607980,2010-12-28 00:00:00,1
2010-12-29 00:00:00,2010-12-29 00:00:00,79,2010-12-29 00:00:00,78.1,79,14,14100,1111190,2010-12-29 00:00:00,1
2010-12-30 00:00:00,2010-12-30 00:00:00,78,2010-12-30 00:00:00,75.1,78,7,1400,107050,2010-12-30 00:00:00,1
2010-12-31 00:00:00,2010-12-31 00:00:00,78.9,2010-12-31 00:00:00,77.3,78,6,1700,132690,2010-12-31 00:00:00,1
Company Id :  HAYC,,Security Type :  N,,Sub Type :  0000,,,,,,
Short Name :  HAYCARB,,,,,,,,,,
Day,Date High,High,Date Low,Low,Closing,No. of Trades,No. of Shares,Turnover,Last Traded,Days Traded
2010-01-04 00:00:00,2010-01-04 00:00:00,143,2010-01-04 00:00:00,140,142.75,17,28100,3971225,2010-01-04 00:00:00,1
2010-01-05 00:00:00,2010-01-05 00:00:00,144,2010-01-05 00:00:00,141,142.25,25,13100,1867900,2010-01-05 00:00:00,1
2010-01-06 00:00:00,2010-01-06 00:00:00,145,2010-01-06 00:00:00,140,140.25,52,27600,3970050,2010-01-06 00:00:00,1
2010-01-07 00:00:00,2010-01-07 00:00:00,143,2010-01-07 00:00:00,140,140,31,63600,8965950,2010-01-07 00:00:00,1
2010-01-08 00:00:00,2010-01-08 00:00:00,141,2010-01-08 00:00:00,140,140,19,24000,3361700,2010-01-08 00:00:00,1
2010-01-11 00:00:00,2010-01-11 00:00:00,141,2010-01-11 00:00:00,139,140.5,43,59300,8304800,2010-01-11 00:00:00,1
2010-01-12 00:00:00,2010-01-12 00:00:00,143,2010-01-12 00:00:00,141,141.25,15,14500,2049875,2010-01-12 00:00:00,1
2010-01-13 00:00:00,2010-01-13 00:00:00,147,2010-01-13 00:00:00,141,146.25,43,55100,7884325,2010-01-13 00:00:00,1
2010-01-15 00:00:00,2010-01-15 00:00:00,180,2010-01-15 00:00:00,145.25,169.75,356,303700,51256275,2010-01-15 00:00:00,1
2010-01-18 00:00:00,2010-01-18 00:00:00,186,2010-01-18 00:00:00,171,176,215,125200,22467775,2010-01-18 00:00:00,1
2010-01-19 00:00:00,2010-01-19 00:00:00,188,2010-01-19 00:00:00,177.5,179.75,229,170800,31116425,2010-01-19 00:00:00,1
2010-01-20 00:00:00,2010-01-20 00:00:00,198.5,2010-01-20 00:00:00,181,196,475,322100,61580150,2010-01-20 00:00:00,1
2010-01-21 00:00:00,2010-01-21 00:00:00,198,2010-01-21 00:00:00,189,190,99,73200,14000725,2010-01-21 00:00:00,1
2010-01-22 00:00:00,2010-01-22 00:00:00,194.5,2010-01-22 00:00:00,188.5,191.25,85,83000,15793050,2010-01-22 00:00:00,1
2010-01-25 00:00:00,2010-01-25 00:00:00,195.75,2010-01-25 00:00:00,185,191.75,106,182500,35339075,2010-01-25 00:00:00,1
2010-01-26 00:00:00,2010-01-26 00:00:00,195,2010-01-26 00:00:00,193.75,194,15,134200,26417150,2010-01-26 00:00:00,1
2010-01-28 00:00:00,2010-01-28 00:00:00,194,2010-01-28 00:00:00,185,193,55,274460,53801895,2010-01-28 00:00:00,1
2010-02-01 00:00:00,2010-02-01 00:00:00,194,2010-02-01 00:00:00,189.75,190,47,38700,7355825,2010-02-01 00:00:00,1
2010-02-02 00:00:00,2010-02-02 00:00:00,200,2010-02-02 00:00:00,190,199,117,139000,26951500,2010-02-02 00:00:00,1
2010-02-03 00:00:00,2010-02-03 00:00:00,217.75,2010-02-03 00:00:00,197,198.5,422,314800,65010725,2010-02-03 00:00:00,1
2010-02-05 00:00:00,2010-02-05 00:00:00,199,2010-02-05 00:00:00,189,190,113,62800,11975900,2010-02-05 00:00:00,1
2010-02-08 00:00:00,2010-02-08 00:00:00,199,2010-02-08 00:00:00,191,193.5,58,40400,7830025,2010-02-08 00:00:00,1
2010-02-09 00:00:00,2010-02-09 00:00:00,194,2010-02-09 00:00:00,188,189.5,66,64200,12160200,2010-02-09 00:00:00,1
2010-02-10 00:00:00,2010-02-10 00:00:00,187,2010-02-10 00:00:00,184,185,32,12400,2296000,2010-02-10 00:00:00,1
2010-02-11 00:00:00,2010-02-11 00:00:00,185,2010-02-11 00:00:00,175,177.75,18,5000,909450,2010-02-11 00:00:00,1
2010-02-12 00:00:00,2010-02-12 00:00:00,190,2010-02-12 00:00:00,180,180.25,35,185000,35014900,2010-02-12 00:00:00,1
2010-02-15 00:00:00,2010-02-15 00:00:00,188,2010-02-15 00:00:00,178,178.25,19,15900,2887325,2010-02-15 00:00:00,1
2010-02-16 00:00:00,2010-02-16 00:00:00,185,2010-02-16 00:00:00,178,178.25,18,70900,12775150,2010-02-16 00:00:00,1
2010-02-17 00:00:00,2010-02-17 00:00:00,180,2010-02-17 00:00:00,177,178.5,15,64500,11601225,2010-02-17 00:00:00,1
2010-02-18 00:00:00,2010-02-18 00:00:00,180,2010-02-18 00:00:00,175.5,175.75,8,3700,657750,2010-02-18 00:00:00,1
2010-02-19 00:00:00,2010-02-19 00:00:00,180,2010-02-19 00:00:00,176,180,11,6300,1133300,2010-02-19 00:00:00,1
2010-02-22 00:00:00,2010-02-22 00:00:00,180,2010-02-22 00:00:00,178,178,6,1400,249400,2010-02-22 00:00:00,1
2010-02-23 00:00:00,2010-02-23 00:00:00,184,2010-02-23 00:00:00,176.25,177,33,109300,19841900,2010-02-23 00:00:00,1
2010-02-24 00:00:00,2010-02-24 00:00:00,180,2010-02-24 00:00:00,174.25,174.75,79,1004800,175860100,2010-02-24 00:00:00,1
2010-02-25 00:00:00,2010-02-25 00:00:00,175,2010-02-25 00:00:00,173.5,174.5,10,37700,6594200,2010-02-25 00:00:00,1
2010-02-26 00:00:00,2010-02-26 00:00:00,174.75,2010-02-26 00:00:00,172,173,18,9200,1594800,2010-02-26 00:00:00,1
2010-03-01 00:00:00,2010-03-01 00:00:00,174,2010-03-01 00:00:00,172,173,23,12000,2077850,2010-03-01 00:00:00,1
2010-03-02 00:00:00,2010-03-02 00:00:00,173,2010-03-02 00:00:00,168.5,168.75,19,6600,1119550,2010-03-02 00:00:00,1
2010-03-03 00:00:00,2010-03-03 00:00:00,170,2010-03-03 00:00:00,161,162.5,83,79300,13039825,2010-03-03 00:00:00,1
2010-03-04 00:00:00,2010-03-04 00:00:00,170,2010-03-04 00:00:00,163,163,37,24000,3936025,2010-03-04 00:00:00,1
2010-03-05 00:00:00,2010-03-05 00:00:00,166,2010-03-05 00:00:00,163,166,13,5800,954200,2010-03-05 00:00:00,1
2010-03-08 00:00:00,2010-03-08 00:00:00,169.75,2010-03-08 00:00:00,166.25,168,4,1700,286125,2010-03-08 00:00:00,1
2010-03-09 00:00:00,2010-03-09 00:00:00,167,2010-03-09 00:00:00,165.75,166.25,9,11000,1828500,2010-03-09 00:00:00,1
2010-03-10 00:00:00,2010-03-10 00:00:00,170.25,2010-03-10 00:00:00,166.25,167,16,5800,974225,2010-03-10 00:00:00,1
2010-03-11 00:00:00,2010-03-11 00:00:00,166,2010-03-11 00:00:00,164,164,23,14100,2322825,2010-03-11 00:00:00,1
2010-03-12 00:00:00,2010-03-12 00:00:00,165.25,2010-03-12 00:00:00,164,165,19,16600,2732650,2010-03-12 00:00:00,1
2010-03-15 00:00:00,2010-03-15 00:00:00,164.25,2010-03-15 00:00:00,164,164,9,4200,688875,2010-03-15 00:00:00,1
2010-03-16 00:00:00,2010-03-16 00:00:00,163.5,2010-03-16 00:00:00,163.5,163.5,7,19100,3122850,2010-03-16 00:00:00,1
2010-03-17 00:00:00,2010-03-17 00:00:00,165,2010-03-17 00:00:00,163,163.5,27,16500,2719250,2010-03-17 00:00:00,1
2010-03-18 00:00:00,2010-03-18 00:00:00,169.75,2010-03-18 00:00:00,165,169.75,26,15500,2621600,2010-03-18 00:00:00,1
2010-03-19 00:00:00,2010-03-19 00:00:00,165.25,2010-03-19 00:00:00,164,164.25,46,6400,1054300,2010-03-19 00:00:00,1
2010-03-22 00:00:00,2010-03-22 00:00:00,165,2010-03-22 00:00:00,164.75,165,8,1600,263975,2010-03-22 00:00:00,1
2010-03-23 00:00:00,2010-03-23 00:00:00,164.5,2010-03-23 00:00:00,164.25,164.25,3,6800,1118575,2010-03-23 00:00:00,1
2010-03-24 00:00:00,2010-03-24 00:00:00,164.5,2010-03-24 00:00:00,162.75,164.5,4,1700,279300,2010-03-24 00:00:00,1
2010-03-25 00:00:00,2010-03-25 00:00:00,165,2010-03-25 00:00:00,158.75,161.5,7,1100,178050,2010-03-25 00:00:00,1
2010-03-26 00:00:00,2010-03-26 00:00:00,160.25,2010-03-26 00:00:00,159.5,160,44,16000,2560125,2010-03-26 00:00:00,1
2010-03-30 00:00:00,2010-03-30 00:00:00,160,2010-03-30 00:00:00,155.5,160,23,24800,3963825,2010-03-30 00:00:00,1
2010-03-31 00:00:00,2010-03-31 00:00:00,160,2010-03-31 00:00:00,158.25,160,15,6800,1085350,2010-03-31 00:00:00,1
2010-04-01 00:00:00,2010-04-01 00:00:00,164.5,2010-04-01 00:00:00,157.5,160,10,6900,1115150,2010-04-01 00:00:00,1
2010-04-05 00:00:00,2010-04-05 00:00:00,161.5,2010-04-05 00:00:00,161,161,4,4600,740650,2010-04-05 00:00:00,1
2010-04-06 00:00:00,2010-04-06 00:00:00,169.75,2010-04-06 00:00:00,160,164.75,33,31400,5153525,2010-04-06 00:00:00,1
2010-04-07 00:00:00,2010-04-07 00:00:00,172,2010-04-07 00:00:00,161.25,165,29,31600,5335800,2010-04-07 00:00:00,1
2010-04-12 00:00:00,2010-04-12 00:00:00,170,2010-04-12 00:00:00,167,168.5,4,2100,352900,2010-04-12 00:00:00,1
2010-04-15 00:00:00,2010-04-15 00:00:00,167,2010-04-15 00:00:00,166.5,167,10,5700,951650,2010-04-15 00:00:00,1
2010-04-16 00:00:00,2010-04-16 00:00:00,167,2010-04-16 00:00:00,167,167,2,1900,317300,2010-04-16 00:00:00,1
2010-04-19 00:00:00,2010-04-19 00:00:00,172,2010-04-19 00:00:00,166.25,169.5,30,30400,5095800,2010-04-19 00:00:00,1
2010-04-20 00:00:00,2010-04-20 00:00:00,174.75,2010-04-20 00:00:00,170,172,26,10900,1873250,2010-04-20 00:00:00,1
2010-04-21 00:00:00,2010-04-21 00:00:00,178,2010-04-21 00:00:00,174.5,175.75,40,44100,7744450,2010-04-21 00:00:00,1
2010-04-22 00:00:00,2010-04-22 00:00:00,183,2010-04-22 00:00:00,177,182.25,32,33600,6045850,2010-04-22 00:00:00,1
2010-04-23 00:00:00,2010-04-23 00:00:00,190,2010-04-23 00:00:00,180,184.5,58,39800,7440500,2010-04-23 00:00:00,1
2010-04-26 00:00:00,2010-04-26 00:00:00,185.5,2010-04-26 00:00:00,180,180.75,26,14800,2695100,2010-04-26 00:00:00,1
2010-04-27 00:00:00,2010-04-27 00:00:00,182,2010-04-27 00:00:00,179.5,180,14,9900,1785575,2010-04-27 00:00:00,1
2010-04-29 00:00:00,2010-04-29 00:00:00,180,2010-04-29 00:00:00,179.5,179.75,9,3900,701875,2010-04-29 00:00:00,1
2010-04-30 00:00:00,2010-04-30 00:00:00,178,2010-04-30 00:00:00,177.5,178,5,3500,622900,2010-04-30 00:00:00,1
2010-05-03 00:00:00,2010-05-03 00:00:00,177,2010-05-03 00:00:00,175.25,177,6,18700,3285925,2010-05-03 00:00:00,1
2010-05-04 00:00:00,2010-05-04 00:00:00,177,2010-05-04 00:00:00,175,175.75,13,7600,1333600,2010-05-04 00:00:00,1
2010-05-05 00:00:00,2010-05-05 00:00:00,176,2010-05-05 00:00:00,174,175,14,9500,1664700,2010-05-05 00:00:00,1
2010-05-06 00:00:00,2010-05-06 00:00:00,177,2010-05-06 00:00:00,175,175,9,4800,841100,2010-05-06 00:00:00,1
2010-05-07 00:00:00,2010-05-07 00:00:00,175,2010-05-07 00:00:00,173,175,9,2600,452825,2010-05-07 00:00:00,1
2010-05-10 00:00:00,2010-05-10 00:00:00,185,2010-05-10 00:00:00,174.5,175,99,338500,59243950,2010-05-10 00:00:00,1
2010-05-11 00:00:00,2010-05-11 00:00:00,187.25,2010-05-11 00:00:00,181,185.5,141,118200,21891575,2010-05-11 00:00:00,1
2010-05-12 00:00:00,2010-05-12 00:00:00,195,2010-05-12 00:00:00,180,183,182,153200,28858975,2010-05-12 00:00:00,1
2010-05-13 00:00:00,2010-05-13 00:00:00,189,2010-05-13 00:00:00,180,181,64,39100,7163050,2010-05-13 00:00:00,1
2010-05-14 00:00:00,2010-05-14 00:00:00,184,2010-05-14 00:00:00,180,180,40,33300,6039675,2010-05-14 00:00:00,1
2010-05-17 00:00:00,2010-05-17 00:00:00,180.25,2010-05-17 00:00:00,179,179,14,3300,593050,2010-05-17 00:00:00,1
2010-05-18 00:00:00,2010-05-18 00:00:00,177,2010-05-18 00:00:00,175,175,19,6800,1196150,2010-05-18 00:00:00,1
2010-05-19 00:00:00,2010-05-19 00:00:00,176,2010-05-19 00:00:00,170,170.25,38,50900,8711700,2010-05-19 00:00:00,1
2010-05-20 00:00:00,2010-05-20 00:00:00,174,2010-05-20 00:00:00,168,171,38,32900,5603800,2010-05-20 00:00:00,1
2010-05-21 00:00:00,2010-05-21 00:00:00,174,2010-05-21 00:00:00,170,171.5,6,1700,292200,2010-05-21 00:00:00,1
2010-05-24 00:00:00,2010-05-24 00:00:00,174,2010-05-24 00:00:00,173.5,173.5,2,400,69550,2010-05-24 00:00:00,1
2010-05-25 00:00:00,2010-05-25 00:00:00,173,2010-05-25 00:00:00,171,172.5,9,1300,224600,2010-05-25 00:00:00,1
2010-05-26 00:00:00,2010-05-26 00:00:00,171,2010-05-26 00:00:00,168,170,20,9600,1620500,2010-05-26 00:00:00,1
2010-05-31 00:00:00,2010-05-31 00:00:00,168,2010-05-31 00:00:00,167,168,6,2200,368025,2010-05-31 00:00:00,1
2010-06-01 00:00:00,2010-06-01 00:00:00,170,2010-06-01 00:00:00,167,169,12,6100,1032875,2010-06-01 00:00:00,1
2010-06-02 00:00:00,2010-06-02 00:00:00,170,2010-06-02 00:00:00,169,169.75,24,14300,2427600,2010-06-02 00:00:00,1
2010-06-03 00:00:00,2010-06-03 00:00:00,171.5,2010-06-03 00:00:00,169,169.25,25,21200,3600100,2010-06-03 00:00:00,1
2010-06-04 00:00:00,2010-06-04 00:00:00,169.75,2010-06-04 00:00:00,168.5,168.5,8,5600,947225,2010-06-04 00:00:00,1
2010-06-07 00:00:00,2010-06-07 00:00:00,170,2010-06-07 00:00:00,167.75,169.75,20,13200,2230475,2010-06-07 00:00:00,1
2010-06-08 00:00:00,2010-06-08 00:00:00,168.25,2010-06-08 00:00:00,167,167.5,14,9100,1525600,2010-06-08 00:00:00,1
2010-06-09 00:00:00,2010-06-09 00:00:00,173.75,2010-06-09 00:00:00,168,168.75,24,18500,3134550,2010-06-09 00:00:00,1
2010-06-10 00:00:00,2010-06-10 00:00:00,169,2010-06-10 00:00:00,168,168.5,27,77800,13087300,2010-06-10 00:00:00,1
2010-06-11 00:00:00,2010-06-11 00:00:00,179.25,2010-06-11 00:00:00,168,174.5,40,65900,11189600,2010-06-11 00:00:00,1
2010-06-14 00:00:00,2010-06-14 00:00:00,183.75,2010-06-14 00:00:00,177,179,73,61600,11058400,2010-06-14 00:00:00,1
2010-06-15 00:00:00,2010-06-15 00:00:00,180,2010-06-15 00:00:00,175,175,13,7200,1269600,2010-06-15 00:00:00,1
2010-06-16 00:00:00,2010-06-16 00:00:00,175.25,2010-06-16 00:00:00,175,175,5,9800,1715025,2010-06-16 00:00:00,1
2010-06-17 00:00:00,2010-06-17 00:00:00,175.25,2010-06-17 00:00:00,174.75,175,24,43100,7542500,2010-06-17 00:00:00,1
2010-06-21 00:00:00,2010-06-21 00:00:00,175.5,2010-06-21 00:00:00,175,175,14,13100,2292750,2010-06-21 00:00:00,1
2010-06-22 00:00:00,2010-06-22 00:00:00,175.75,2010-06-22 00:00:00,175,175.75,6,12200,2135525,2010-06-22 00:00:00,1
2010-06-23 00:00:00,2010-06-23 00:00:00,175.25,2010-06-23 00:00:00,174.5,175,37,27500,4812300,2010-06-23 00:00:00,1
2010-06-24 00:00:00,2010-06-24 00:00:00,174,2010-06-24 00:00:00,174,174,8,5700,991800,2010-06-24 00:00:00,1
2010-06-28 00:00:00,2010-06-28 00:00:00,174,2010-06-28 00:00:00,170,170.75,17,60400,10384675,2010-06-28 00:00:00,1
2010-06-29 00:00:00,2010-06-29 00:00:00,174,2010-06-29 00:00:00,170,171,6,4000,683300,2010-06-29 00:00:00,1
2010-06-30 00:00:00,2010-06-30 00:00:00,170.5,2010-06-30 00:00:00,168,168.25,11,28300,4761550,2010-06-30 00:00:00,1
2010-07-01 00:00:00,2010-07-01 00:00:00,171,2010-07-01 00:00:00,169.5,171,7,15100,2566625,2010-07-01 00:00:00,1
2010-07-02 00:00:00,2010-07-02 00:00:00,170.5,2010-07-02 00:00:00,169.25,170,7,1600,271975,2010-07-02 00:00:00,1
2010-07-05 00:00:00,2010-07-05 00:00:00,170,2010-07-05 00:00:00,170,170,2,1200,204000,2010-07-05 00:00:00,1
2010-07-06 00:00:00,2010-07-06 00:00:00,174.75,2010-07-06 00:00:00,168,170,16,11200,1892275,2010-07-06 00:00:00,1
2010-07-07 00:00:00,2010-07-07 00:00:00,170,2010-07-07 00:00:00,167,168,20,15500,2605100,2010-07-07 00:00:00,1
2010-07-08 00:00:00,2010-07-08 00:00:00,170,2010-07-08 00:00:00,165,166,9,3900,651500,2010-07-08 00:00:00,1
2010-07-09 00:00:00,2010-07-09 00:00:00,166.25,2010-07-09 00:00:00,165,165.25,28,61800,10210500,2010-07-09 00:00:00,1
2010-07-12 00:00:00,2010-07-12 00:00:00,167,2010-07-12 00:00:00,165,165.5,9,28000,4623400,2010-07-12 00:00:00,1
2010-07-13 00:00:00,2010-07-13 00:00:00,167,2010-07-13 00:00:00,165,167,14,15000,2496650,2010-07-13 00:00:00,1
2010-07-14 00:00:00,2010-07-14 00:00:00,167,2010-07-14 00:00:00,165.5,165.5,3,1300,216650,2010-07-14 00:00:00,1
2010-07-15 00:00:00,2010-07-15 00:00:00,168,2010-07-15 00:00:00,165,165.25,17,34800,5749250,2010-07-15 00:00:00,1
2010-07-16 00:00:00,2010-07-16 00:00:00,166,2010-07-16 00:00:00,165,165,13,12800,2112375,2010-07-16 00:00:00,1
2010-07-19 00:00:00,2010-07-19 00:00:00,169,2010-07-19 00:00:00,165,166.5,16,10400,1727100,2010-07-19 00:00:00,1
2010-07-20 00:00:00,2010-07-20 00:00:00,169,2010-07-20 00:00:00,166.5,167.25,7,6000,1001750,2010-07-20 00:00:00,1
2010-07-21 00:00:00,2010-07-21 00:00:00,168.75,2010-07-21 00:00:00,168,168.5,18,18600,3130500,2010-07-21 00:00:00,1
2010-07-22 00:00:00,2010-07-22 00:00:00,170,2010-07-22 00:00:00,168.25,168.5,9,2400,406550,2010-07-22 00:00:00,1
2010-07-23 00:00:00,2010-07-23 00:00:00,174.5,2010-07-23 00:00:00,170,173.25,16,7500,1289500,2010-07-23 00:00:00,1
2010-07-26 00:00:00,2010-07-26 00:00:00,173,2010-07-26 00:00:00,167.25,167.25,7,1500,257525,2010-07-26 00:00:00,1
2010-07-27 00:00:00,2010-07-27 00:00:00,170,2010-07-27 00:00:00,169,170,13,10500,1778300,2010-07-27 00:00:00,1
2010-07-28 00:00:00,2010-07-28 00:00:00,175,2010-07-28 00:00:00,171,174.5,33,16900,2938450,2010-07-28 00:00:00,1
2010-07-29 00:00:00,2010-07-29 00:00:00,179.75,2010-07-29 00:00:00,174,174.5,14,11200,1958850,2010-07-29 00:00:00,1
2010-07-30 00:00:00,2010-07-30 00:00:00,175,2010-07-30 00:00:00,172.75,174.25,11,4600,802300,2010-07-30 00:00:00,1
2010-08-02 00:00:00,2010-08-02 00:00:00,175,2010-08-02 00:00:00,173.2,173.2,6,3700,644390,2010-08-02 00:00:00,1
2010-08-03 00:00:00,2010-08-03 00:00:00,168.2,2010-08-03 00:00:00,168,168,7,3000,504050,2010-08-03 00:00:00,1
2010-08-04 00:00:00,2010-08-04 00:00:00,180,2010-08-04 00:00:00,173.2,178.6,37,16600,2913050,2010-08-04 00:00:00,1
2010-08-05 00:00:00,2010-08-05 00:00:00,177,2010-08-05 00:00:00,168,173.5,25,16600,2866510,2010-08-05 00:00:00,1
2010-08-06 00:00:00,2010-08-06 00:00:00,172,2010-08-06 00:00:00,168.1,169.6,15,19400,3287590,2010-08-06 00:00:00,1
2010-08-09 00:00:00,2010-08-09 00:00:00,167,2010-08-09 00:00:00,165,165.4,18,15500,2571120,2010-08-09 00:00:00,1
2010-08-10 00:00:00,2010-08-10 00:00:00,175,2010-08-10 00:00:00,162,174,11,7300,1193590,2010-08-10 00:00:00,1
2010-08-11 00:00:00,2010-08-11 00:00:00,175.6,2010-08-11 00:00:00,172,172,18,4000,699810,2010-08-11 00:00:00,1
2010-08-12 00:00:00,2010-08-12 00:00:00,170,2010-08-12 00:00:00,167.5,170,4,2400,405500,2010-08-12 00:00:00,1
2010-08-13 00:00:00,2010-08-13 00:00:00,174.9,2010-08-13 00:00:00,170,170.1,8,2500,428390,2010-08-13 00:00:00,1
2010-08-16 00:00:00,2010-08-16 00:00:00,175,2010-08-16 00:00:00,167,169.3,6,14100,2423370,2010-08-16 00:00:00,1
2010-08-17 00:00:00,2010-08-17 00:00:00,171,2010-08-17 00:00:00,166,170.7,10,6500,1095500,2010-08-17 00:00:00,1
2010-08-18 00:00:00,2010-08-18 00:00:00,180,2010-08-18 00:00:00,172,178.6,13,17100,3010740,2010-08-18 00:00:00,1
2010-08-19 00:00:00,2010-08-19 00:00:00,180.5,2010-08-19 00:00:00,170.3,175,22,26400,4622400,2010-08-19 00:00:00,1
2010-08-20 00:00:00,2010-08-20 00:00:00,175,2010-08-20 00:00:00,175,175,10,7900,1382500,2010-08-20 00:00:00,1
2010-08-23 00:00:00,2010-08-23 00:00:00,175.3,2010-08-23 00:00:00,173,173,8,10700,1859790,2010-08-23 00:00:00,1
2010-08-25 00:00:00,2010-08-25 00:00:00,173,2010-08-25 00:00:00,170,170.1,20,17000,2909580,2010-08-25 00:00:00,1
2010-08-26 00:00:00,2010-08-26 00:00:00,170,2010-08-26 00:00:00,170,170,2,12100,2057000,2010-08-26 00:00:00,1
2010-08-27 00:00:00,2010-08-27 00:00:00,170,2010-08-27 00:00:00,168.2,169,5,1600,271300,2010-08-27 00:00:00,1
2010-08-30 00:00:00,2010-08-30 00:00:00,171,2010-08-30 00:00:00,168.1,170.2,24,14300,2434150,2010-08-30 00:00:00,1
2010-08-31 00:00:00,2010-08-31 00:00:00,171,2010-08-31 00:00:00,169,171,13,16500,2820500,2010-08-31 00:00:00,1
2010-09-01 00:00:00,2010-09-01 00:00:00,171,2010-09-01 00:00:00,170,170.8,13,10200,1736020,2010-09-01 00:00:00,1
2010-09-02 00:00:00,2010-09-02 00:00:00,173,2010-09-02 00:00:00,169.5,172.8,27,22600,3849880,2010-09-02 00:00:00,1
2010-09-03 00:00:00,2010-09-03 00:00:00,179,2010-09-03 00:00:00,170,173.2,23,18000,3155490,2010-09-03 00:00:00,1
2010-09-06 00:00:00,2010-09-06 00:00:00,175,2010-09-06 00:00:00,173,174.5,13,7500,1308440,2010-09-06 00:00:00,1
2010-09-07 00:00:00,2010-09-07 00:00:00,177.5,2010-09-07 00:00:00,174.5,175,27,43700,7647460,2010-09-07 00:00:00,1
2010-09-08 00:00:00,2010-09-08 00:00:00,177.5,2010-09-08 00:00:00,172,175,30,19400,3380120,2010-09-08 00:00:00,1
2010-09-09 00:00:00,2010-09-09 00:00:00,178,2010-09-09 00:00:00,175,175.6,49,66200,11594770,2010-09-09 00:00:00,1
2010-09-13 00:00:00,2010-09-13 00:00:00,193.1,2010-09-13 00:00:00,175,192.2,131,163000,30761260,2010-09-13 00:00:00,1
2010-09-14 00:00:00,2010-09-14 00:00:00,211.4,2010-09-14 00:00:00,195,211.3,497,597300,122145180,2010-09-14 00:00:00,1
2010-09-15 00:00:00,2010-09-15 00:00:00,219.5,2010-09-15 00:00:00,200.2,210,195,209300,43546700,2010-09-15 00:00:00,1
2010-09-16 00:00:00,2010-09-16 00:00:00,215,2010-09-16 00:00:00,204,204.8,61,55300,11546650,2010-09-16 00:00:00,1
2010-09-17 00:00:00,2010-09-17 00:00:00,209.9,2010-09-17 00:00:00,204,207.5,105,81700,16974800,2010-09-17 00:00:00,1
2010-09-20 00:00:00,2010-09-20 00:00:00,209,2010-09-20 00:00:00,204,205.9,55,33800,6952860,2010-09-20 00:00:00,1
2010-09-21 00:00:00,2010-09-21 00:00:00,208,2010-09-21 00:00:00,204,205,50,70900,14532700,2010-09-21 00:00:00,1
2010-09-23 00:00:00,2010-09-23 00:00:00,205.5,2010-09-23 00:00:00,204,205,36,28600,5860120,2010-09-23 00:00:00,1
2010-09-24 00:00:00,2010-09-24 00:00:00,209,2010-09-24 00:00:00,200,203.7,27,23600,4814520,2010-09-24 00:00:00,1
2010-09-27 00:00:00,2010-09-27 00:00:00,205,2010-09-27 00:00:00,204,204.9,60,63600,13027950,2010-09-27 00:00:00,1
2010-09-28 00:00:00,2010-09-28 00:00:00,209,2010-09-28 00:00:00,205,205.6,65,124800,25635410,2010-09-28 00:00:00,1
2010-09-29 00:00:00,2010-09-29 00:00:00,206.5,2010-09-29 00:00:00,200,205,17,5700,1168410,2010-09-29 00:00:00,1
2010-09-30 00:00:00,2010-09-30 00:00:00,207,2010-09-30 00:00:00,203,205.2,40,42300,8672380,2010-09-30 00:00:00,1
2010-10-01 00:00:00,2010-10-01 00:00:00,204,2010-10-01 00:00:00,200,203.5,27,39200,7875500,2010-10-01 00:00:00,1
2010-10-04 00:00:00,2010-10-04 00:00:00,207,2010-10-04 00:00:00,205,205.1,19,9500,1953650,2010-10-04 00:00:00,1
2010-10-05 00:00:00,2010-10-05 00:00:00,203,2010-10-05 00:00:00,200,202,12,36000,7249900,2010-10-05 00:00:00,1
2010-10-07 00:00:00,2010-10-07 00:00:00,200,2010-10-07 00:00:00,196,196.1,21,34000,6735720,2010-10-07 00:00:00,1
2010-10-08 00:00:00,2010-10-08 00:00:00,199,2010-10-08 00:00:00,199,199,5,2900,577100,2010-10-08 00:00:00,1
2010-10-11 00:00:00,2010-10-11 00:00:00,200,2010-10-11 00:00:00,195,195.1,12,9700,1905560,2010-10-11 00:00:00,1
2010-10-12 00:00:00,2010-10-12 00:00:00,195,2010-10-12 00:00:00,185,186,22,20000,3715980,2010-10-12 00:00:00,1
2010-10-13 00:00:00,2010-10-13 00:00:00,194.9,2010-10-13 00:00:00,175,190,30,11600,2126260,2010-10-13 00:00:00,1
2010-10-14 00:00:00,2010-10-14 00:00:00,195,2010-10-14 00:00:00,189,189.5,12,40200,7625900,2010-10-14 00:00:00,1
2010-10-15 00:00:00,2010-10-15 00:00:00,194.9,2010-10-15 00:00:00,194.9,194.9,1,300,58470,2010-10-15 00:00:00,1
2010-10-18 00:00:00,2010-10-18 00:00:00,190,2010-10-18 00:00:00,188,188.4,9,6200,1168100,2010-10-18 00:00:00,1
2010-10-19 00:00:00,2010-10-19 00:00:00,190,2010-10-19 00:00:00,188,189.7,23,34000,6444670,2010-10-19 00:00:00,1
2010-10-20 00:00:00,2010-10-20 00:00:00,187.2,2010-10-20 00:00:00,187,187,3,1200,224440,2010-10-20 00:00:00,1
2010-10-25 00:00:00,2010-10-25 00:00:00,190,2010-10-25 00:00:00,190,190,5,15700,2983000,2010-10-25 00:00:00,1
2010-10-26 00:00:00,2010-10-26 00:00:00,190,2010-10-26 00:00:00,190,190,3,1100,209000,2010-10-26 00:00:00,1
2010-10-27 00:00:00,2010-10-27 00:00:00,190,2010-10-27 00:00:00,190,190,5,10500,1995000,2010-10-27 00:00:00,1
2010-10-29 00:00:00,2010-10-29 00:00:00,194,2010-10-29 00:00:00,182,191.5,10,4900,932060,2010-10-29 00:00:00,1
2010-11-01 00:00:00,2010-11-01 00:00:00,196,2010-11-01 00:00:00,190.1,192.1,12,4400,846180,2010-11-01 00:00:00,1
2010-11-02 00:00:00,2010-11-02 00:00:00,193,2010-11-02 00:00:00,190,190,21,6200,1189590,2010-11-02 00:00:00,1
2010-11-03 00:00:00,2010-11-03 00:00:00,190,2010-11-03 00:00:00,190,190,4,1200,228000,2010-11-03 00:00:00,1
2010-11-04 00:00:00,2010-11-04 00:00:00,187,2010-11-04 00:00:00,185,185.1,10,5700,1055200,2010-11-04 00:00:00,1
2010-11-08 00:00:00,2010-11-08 00:00:00,190,2010-11-08 00:00:00,185,185,16,20900,3892310,2010-11-08 00:00:00,1
2010-11-09 00:00:00,2010-11-09 00:00:00,185.2,2010-11-09 00:00:00,185,185,10,4600,851120,2010-11-09 00:00:00,1
2010-11-10 00:00:00,2010-11-10 00:00:00,185.1,2010-11-10 00:00:00,184.5,184.6,18,11400,2107600,2010-11-10 00:00:00,1
2010-11-12 00:00:00,2010-11-12 00:00:00,182.2,2010-11-12 00:00:00,182.2,182.2,2,1000,182200,2010-11-12 00:00:00,1
2010-11-15 00:00:00,2010-11-15 00:00:00,185.5,2010-11-15 00:00:00,175,177.5,19,17700,3161150,2010-11-15 00:00:00,1
2010-11-16 00:00:00,2010-11-16 00:00:00,176,2010-11-16 00:00:00,170,170.4,18,8500,1453110,2010-11-16 00:00:00,1
2010-11-18 00:00:00,2010-11-18 00:00:00,175.1,2010-11-18 00:00:00,170,175,4,1700,297030,2010-11-18 00:00:00,1
2010-11-22 00:00:00,2010-11-22 00:00:00,172,2010-11-22 00:00:00,172,172,2,400,68800,2010-11-22 00:00:00,1
2010-11-23 00:00:00,2010-11-23 00:00:00,174,2010-11-23 00:00:00,170,171.7,10,4000,687470,2010-11-23 00:00:00,1
2010-11-24 00:00:00,2010-11-24 00:00:00,171.7,2010-11-24 00:00:00,170,170.5,15,18000,3063730,2010-11-24 00:00:00,1
2010-11-25 00:00:00,2010-11-25 00:00:00,171,2010-11-25 00:00:00,170.9,170.9,8,3700,632600,2010-11-25 00:00:00,1
2010-11-26 00:00:00,2010-11-26 00:00:00,170.6,2010-11-26 00:00:00,170,170,15,27600,4696320,2010-11-26 00:00:00,1
2010-11-29 00:00:00,2010-11-29 00:00:00,170,2010-11-29 00:00:00,169.9,169.9,5,1100,186900,2010-11-29 00:00:00,1
2010-11-30 00:00:00,2010-11-30 00:00:00,175,2010-11-30 00:00:00,169.9,170,23,14200,2432180,2010-11-30 00:00:00,1
2010-12-01 00:00:00,2010-12-01 00:00:00,180,2010-12-01 00:00:00,170,171,8,10200,1754110,2010-12-01 00:00:00,1
2010-12-02 00:00:00,2010-12-02 00:00:00,172.2,2010-12-02 00:00:00,170.1,172,12,16600,2855650,2010-12-02 00:00:00,1
2010-12-03 00:00:00,2010-12-03 00:00:00,180.1,2010-12-03 00:00:00,172,175.9,42,57900,10173220,2010-12-03 00:00:00,1
2010-12-06 00:00:00,2010-12-06 00:00:00,176,2010-12-06 00:00:00,175,175,2,500,87600,2010-12-06 00:00:00,1
2010-12-07 00:00:00,2010-12-07 00:00:00,175,2010-12-07 00:00:00,171.1,174.4,8,2000,346520,2010-12-07 00:00:00,1
2010-12-08 00:00:00,2010-12-08 00:00:00,172,2010-12-08 00:00:00,170,170.8,7,4100,700240,2010-12-08 00:00:00,1
2010-12-09 00:00:00,2010-12-09 00:00:00,170,2010-12-09 00:00:00,169,169,2,700,118800,2010-12-09 00:00:00,1
2010-12-10 00:00:00,2010-12-10 00:00:00,170,2010-12-10 00:00:00,169,169,10,9100,1539900,2010-12-10 00:00:00,1
2010-12-13 00:00:00,2010-12-13 00:00:00,167,2010-12-13 00:00:00,167,167,1,300,50100,2010-12-13 00:00:00,1
2010-12-14 00:00:00,2010-12-14 00:00:00,167,2010-12-14 00:00:00,162.2,166,8,24600,4009440,2010-12-14 00:00:00,1
2010-12-15 00:00:00,2010-12-15 00:00:00,166.1,2010-12-15 00:00:00,162,162.1,7,12900,2092940,2010-12-15 00:00:00,1
2010-12-16 00:00:00,2010-12-16 00:00:00,162.5,2010-12-16 00:00:00,162,162,10,13100,2122660,2010-12-16 00:00:00,1
2010-12-17 00:00:00,2010-12-17 00:00:00,162.5,2010-12-17 00:00:00,162,162,7,1500,243060,2010-12-17 00:00:00,1
2010-12-21 00:00:00,2010-12-21 00:00:00,169,2010-12-21 00:00:00,164,167,4,6500,1071500,2010-12-21 00:00:00,1
2010-12-22 00:00:00,2010-12-22 00:00:00,180,2010-12-22 00:00:00,165.6,169.4,10,6700,1133970,2010-12-22 00:00:00,1
2010-12-24 00:00:00,2010-12-24 00:00:00,170.1,2010-12-24 00:00:00,170,170,4,1300,221030,2010-12-24 00:00:00,1
2010-12-27 00:00:00,2010-12-27 00:00:00,172,2010-12-27 00:00:00,168.1,172,5,2200,377460,2010-12-27 00:00:00,1
2010-12-28 00:00:00,2010-12-28 00:00:00,172.1,2010-12-28 00:00:00,171.9,172,7,3600,619200,2010-12-28 00:00:00,1
2010-12-30 00:00:00,2010-12-30 00:00:00,172,2010-12-30 00:00:00,168,171.2,12,4600,778250,2010-12-30 00:00:00,1
2010-12-31 00:00:00,2010-12-31 00:00:00,168.5,2010-12-31 00:00:00,168.2,168.5,2,1000,168350,2010-12-31 00:00:00,1
Company Id :  HAYL,,Security Type :  N,,Sub Type :  0000,,,,,,
Short Name :  HAYLEYS,,,,,,,,,,
Day,Date High,High,Date Low,Low,Closing,No. of Trades,No. of Shares,Turnover,Last Traded,Days Traded
2010-01-04 00:00:00,2010-01-04 00:00:00,176.5,2010-01-04 00:00:00,172,174,12,42000,7306125,2010-01-04 00:00:00,1
2010-01-05 00:00:00,2010-01-05 00:00:00,180,2010-01-05 00:00:00,176.25,179.5,25,28400,5091975,2010-01-05 00:00:00,1
2010-01-06 00:00:00,2010-01-06 00:00:00,181.75,2010-01-06 00:00:00,179,181.5,52,116300,20946275,2010-01-06 00:00:00,1
2010-01-07 00:00:00,2010-01-07 00:00:00,185,2010-01-07 00:00:00,180.5,185,47,64300,11744250,2010-01-07 00:00:00,1
2010-01-08 00:00:00,2010-01-08 00:00:00,189,2010-01-08 00:00:00,185,188,7,14800,2784600,2010-01-08 00:00:00,1
2010-01-11 00:00:00,2010-01-11 00:00:00,188,2010-01-11 00:00:00,187,187,23,43800,8201450,2010-01-11 00:00:00,1
2010-01-12 00:00:00,2010-01-12 00:00:00,186,2010-01-12 00:00:00,185,185.5,21,13800,2561300,2010-01-12 00:00:00,1
2010-01-13 00:00:00,2010-01-13 00:00:00,185.5,2010-01-13 00:00:00,184,185,3,600,110950,2010-01-13 00:00:00,1
2010-01-15 00:00:00,2010-01-15 00:00:00,189,2010-01-15 00:00:00,182,185.75,47,45100,8424650,2010-01-15 00:00:00,1
2010-01-18 00:00:00,2010-01-18 00:00:00,188,2010-01-18 00:00:00,185,185,21,35600,6601150,2010-01-18 00:00:00,1
2010-01-19 00:00:00,2010-01-19 00:00:00,185,2010-01-19 00:00:00,180,180,20,15200,2753650,2010-01-19 00:00:00,1
2010-01-20 00:00:00,2010-01-20 00:00:00,187,2010-01-20 00:00:00,184.75,185.25,38,50300,9307500,2010-01-20 00:00:00,1
2010-01-21 00:00:00,2010-01-21 00:00:00,186,2010-01-21 00:00:00,184,185.5,33,104200,19307600,2010-01-21 00:00:00,1
2010-01-22 00:00:00,2010-01-22 00:00:00,187,2010-01-22 00:00:00,185.5,186.25,24,36800,6842375,2010-01-22 00:00:00,1
2010-01-25 00:00:00,2010-01-25 00:00:00,189,2010-01-25 00:00:00,186,186,29,23800,4461425,2010-01-25 00:00:00,1
2010-01-26 00:00:00,2010-01-26 00:00:00,189.25,2010-01-26 00:00:00,186,186.75,9,5400,1008650,2010-01-26 00:00:00,1
2010-01-28 00:00:00,2010-01-28 00:00:00,192,2010-01-28 00:00:00,186,190.25,20,13200,2496650,2010-01-28 00:00:00,1
2010-02-01 00:00:00,2010-02-01 00:00:00,193,2010-02-01 00:00:00,192,192,6,1200,230650,2010-02-01 00:00:00,1
2010-02-02 00:00:00,2010-02-02 00:00:00,201.5,2010-02-02 00:00:00,192,198,44,52000,10251425,2010-02-02 00:00:00,1
2010-02-03 00:00:00,2010-02-03 00:00:00,214,2010-02-03 00:00:00,200,210,72,48100,10002575,2010-02-03 00:00:00,1
2010-02-05 00:00:00,2010-02-05 00:00:00,208,2010-02-05 00:00:00,207,207.5,12,7500,1553675,2010-02-05 00:00:00,1
2010-02-08 00:00:00,2010-02-08 00:00:00,222,2010-02-08 00:00:00,208,216.25,80,79800,17236400,2010-02-08 00:00:00,1
2010-02-09 00:00:00,2010-02-09 00:00:00,222.5,2010-02-09 00:00:00,216,220.25,40,23300,5123275,2010-02-09 00:00:00,1
2010-02-10 00:00:00,2010-02-10 00:00:00,220,2010-02-10 00:00:00,218,218,11,4700,1027850,2010-02-10 00:00:00,1
2010-02-11 00:00:00,2010-02-11 00:00:00,218,2010-02-11 00:00:00,214.75,215,9,8100,1752025,2010-02-11 00:00:00,1
2010-02-12 00:00:00,2010-02-12 00:00:00,214,2010-02-12 00:00:00,210,210.75,13,16700,3513150,2010-02-12 00:00:00,1
2010-02-15 00:00:00,2010-02-15 00:00:00,209,2010-02-15 00:00:00,207,207.5,19,7100,1472600,2010-02-15 00:00:00,1
2010-02-16 00:00:00,2010-02-16 00:00:00,208,2010-02-16 00:00:00,200,202.75,14,8400,1723350,2010-02-16 00:00:00,1
2010-02-17 00:00:00,2010-02-17 00:00:00,201.5,2010-02-17 00:00:00,200,200.25,10,14200,2842950,2010-02-17 00:00:00,1
2010-02-18 00:00:00,2010-02-18 00:00:00,205,2010-02-18 00:00:00,200.5,203,14,6100,1247800,2010-02-18 00:00:00,1
2010-02-19 00:00:00,2010-02-19 00:00:00,209,2010-02-19 00:00:00,209,209,1,100,20900,2010-02-19 00:00:00,1
2010-02-22 00:00:00,2010-02-22 00:00:00,209,2010-02-22 00:00:00,209,209,4,900,188100,2010-02-22 00:00:00,1
2010-02-23 00:00:00,2010-02-23 00:00:00,208,2010-02-23 00:00:00,204,205,8,18100,3712100,2010-02-23 00:00:00,1
2010-02-24 00:00:00,2010-02-24 00:00:00,205,2010-02-24 00:00:00,205,205,10,4200,861000,2010-02-24 00:00:00,1
2010-02-25 00:00:00,2010-02-25 00:00:00,210,2010-02-25 00:00:00,205,207,30,29100,6037275,2010-02-25 00:00:00,1
2010-02-26 00:00:00,2010-02-26 00:00:00,210,2010-02-26 00:00:00,207,209,5,7100,1484750,2010-02-26 00:00:00,1
2010-03-01 00:00:00,2010-03-01 00:00:00,220,2010-03-01 00:00:00,210,212,48,26600,5785525,2010-03-01 00:00:00,1
2010-03-02 00:00:00,2010-03-02 00:00:00,218,2010-03-02 00:00:00,214.75,217,17,31500,6822350,2010-03-02 00:00:00,1
2010-03-03 00:00:00,2010-03-03 00:00:00,220.5,2010-03-03 00:00:00,215,220,41,202700,44589500,2010-03-03 00:00:00,1
2010-03-04 00:00:00,2010-03-04 00:00:00,219,2010-03-04 00:00:00,218.75,218.75,13,18300,4007650,2010-03-04 00:00:00,1
2010-03-05 00:00:00,2010-03-05 00:00:00,221,2010-03-05 00:00:00,218.5,219.5,22,18900,4146275,2010-03-05 00:00:00,1
2010-03-08 00:00:00,2010-03-08 00:00:00,222,2010-03-08 00:00:00,220.25,221.75,35,40600,9009725,2010-03-08 00:00:00,1
2010-03-09 00:00:00,2010-03-09 00:00:00,220,2010-03-09 00:00:00,215.25,220,17,14500,3187625,2010-03-09 00:00:00,1
2010-03-10 00:00:00,2010-03-10 00:00:00,220,2010-03-10 00:00:00,217,219.75,8,10100,2213700,2010-03-10 00:00:00,1
2010-03-11 00:00:00,2010-03-11 00:00:00,236,2010-03-11 00:00:00,220,228.75,92,109600,24534300,2010-03-11 00:00:00,1
2010-03-12 00:00:00,2010-03-12 00:00:00,240,2010-03-12 00:00:00,230,236,25,17000,3986950,2010-03-12 00:00:00,1
2010-03-15 00:00:00,2010-03-15 00:00:00,235,2010-03-15 00:00:00,233,233.75,16,7100,1661300,2010-03-15 00:00:00,1
2010-03-16 00:00:00,2010-03-16 00:00:00,232,2010-03-16 00:00:00,230,230.25,8,7600,1750000,2010-03-16 00:00:00,1
2010-03-17 00:00:00,2010-03-17 00:00:00,235,2010-03-17 00:00:00,226,231.5,22,17800,4099550,2010-03-17 00:00:00,1
2010-03-18 00:00:00,2010-03-18 00:00:00,234,2010-03-18 00:00:00,223,223,5,2200,513100,2010-03-18 00:00:00,1
2010-03-19 00:00:00,2010-03-19 00:00:00,230,2010-03-19 00:00:00,230,230,1,100,23000,2010-03-19 00:00:00,1
2010-03-22 00:00:00,2010-03-22 00:00:00,228,2010-03-22 00:00:00,225,225.25,9,3000,677700,2010-03-22 00:00:00,1
2010-03-23 00:00:00,2010-03-23 00:00:00,225,2010-03-23 00:00:00,225,225,1,100,22500,2010-03-23 00:00:00,1
2010-03-24 00:00:00,2010-03-24 00:00:00,225,2010-03-24 00:00:00,225,225,6,6500,1462500,2010-03-24 00:00:00,1
2010-03-25 00:00:00,2010-03-25 00:00:00,225,2010-03-25 00:00:00,223.75,225,5,1100,247375,2010-03-25 00:00:00,1
2010-03-26 00:00:00,2010-03-26 00:00:00,227,2010-03-26 00:00:00,221,225.5,8,2800,628550,2010-03-26 00:00:00,1
2010-03-30 00:00:00,2010-03-30 00:00:00,235,2010-03-30 00:00:00,225,225,4,1100,249500,2010-03-30 00:00:00,1
2010-03-31 00:00:00,2010-03-31 00:00:00,225,2010-03-31 00:00:00,225,225,1,100,22500,2010-03-31 00:00:00,1
2010-04-01 00:00:00,2010-04-01 00:00:00,225,2010-04-01 00:00:00,223,223,3,5300,1191900,2010-04-01 00:00:00,1
2010-04-05 00:00:00,2010-04-05 00:00:00,240,2010-04-05 00:00:00,225,231.25,11,3600,826350,2010-04-05 00:00:00,1
2010-04-06 00:00:00,2010-04-06 00:00:00,240,2010-04-06 00:00:00,235,236.75,15,13200,3124975,2010-04-06 00:00:00,1
2010-04-07 00:00:00,2010-04-07 00:00:00,240,2010-04-07 00:00:00,239,239.75,18,79500,19074400,2010-04-07 00:00:00,1
2010-04-08 00:00:00,2010-04-08 00:00:00,239.75,2010-04-08 00:00:00,239,239,2,600,143475,2010-04-08 00:00:00,1
2010-04-12 00:00:00,2010-04-12 00:00:00,240,2010-04-12 00:00:00,233,240,43,109200,26181450,2010-04-12 00:00:00,1
2010-04-15 00:00:00,2010-04-15 00:00:00,243,2010-04-15 00:00:00,240,241.5,18,32800,7903100,2010-04-15 00:00:00,1
2010-04-16 00:00:00,2010-04-16 00:00:00,245,2010-04-16 00:00:00,240,245,12,27600,6722925,2010-04-16 00:00:00,1
2010-04-19 00:00:00,2010-04-19 00:00:00,255,2010-04-19 00:00:00,246,251.75,26,21400,5337175,2010-04-19 00:00:00,1
2010-04-20 00:00:00,2010-04-20 00:00:00,256,2010-04-20 00:00:00,252,255.75,38,83200,21236600,2010-04-20 00:00:00,1
2010-04-21 00:00:00,2010-04-21 00:00:00,260,2010-04-21 00:00:00,256,259.75,38,32200,8362925,2010-04-21 00:00:00,1
2010-04-22 00:00:00,2010-04-22 00:00:00,270,2010-04-22 00:00:00,260,269,34,33400,8800650,2010-04-22 00:00:00,1
2010-04-23 00:00:00,2010-04-23 00:00:00,280,2010-04-23 00:00:00,272,279,51,24600,6827075,2010-04-23 00:00:00,1
2010-04-26 00:00:00,2010-04-26 00:00:00,283.25,2010-04-26 00:00:00,265,280,33,19900,5579675,2010-04-26 00:00:00,1
2010-04-27 00:00:00,2010-04-27 00:00:00,280,2010-04-27 00:00:00,278,278.75,25,47700,13350875,2010-04-27 00:00:00,1
2010-04-29 00:00:00,2010-04-29 00:00:00,280,2010-04-29 00:00:00,277.5,279.25,25,17300,4821075,2010-04-29 00:00:00,1
2010-04-30 00:00:00,2010-04-30 00:00:00,281,2010-04-30 00:00:00,279,281,8,310500,86940750,2010-04-30 00:00:00,1
2010-05-03 00:00:00,2010-05-03 00:00:00,288,2010-05-03 00:00:00,282,285,44,137800,39272300,2010-05-03 00:00:00,1
2010-05-04 00:00:00,2010-05-04 00:00:00,283,2010-05-04 00:00:00,280,280.5,18,7200,2020300,2010-05-04 00:00:00,1
2010-05-05 00:00:00,2010-05-05 00:00:00,281.5,2010-05-05 00:00:00,279.5,280.25,14,22000,6163675,2010-05-05 00:00:00,1
2010-05-06 00:00:00,2010-05-06 00:00:00,285,2010-05-06 00:00:00,280,280.5,16,5500,1542350,2010-05-06 00:00:00,1
2010-05-07 00:00:00,2010-05-07 00:00:00,281,2010-05-07 00:00:00,280,280,7,12100,3396500,2010-05-07 00:00:00,1
2010-05-10 00:00:00,2010-05-10 00:00:00,281.5,2010-05-10 00:00:00,278,280.25,13,10500,2941800,2010-05-10 00:00:00,1
2010-05-11 00:00:00,2010-05-11 00:00:00,283,2010-05-11 00:00:00,280,282.5,18,10300,2886800,2010-05-11 00:00:00,1
2010-05-12 00:00:00,2010-05-12 00:00:00,282.5,2010-05-12 00:00:00,281,281,8,2800,787150,2010-05-12 00:00:00,1
2010-05-13 00:00:00,2010-05-13 00:00:00,281,2010-05-13 00:00:00,280,280.25,13,11900,3333300,2010-05-13 00:00:00,1
2010-05-14 00:00:00,2010-05-14 00:00:00,282,2010-05-14 00:00:00,280.5,281,6,3900,1095600,2010-05-14 00:00:00,1
2010-05-17 00:00:00,2010-05-17 00:00:00,285,2010-05-17 00:00:00,282,285,8,5200,1479900,2010-05-17 00:00:00,1
2010-05-18 00:00:00,2010-05-18 00:00:00,289,2010-05-18 00:00:00,284,285,20,15100,4307725,2010-05-18 00:00:00,1
2010-05-19 00:00:00,2010-05-19 00:00:00,292,2010-05-19 00:00:00,285,286.5,58,39900,11545450,2010-05-19 00:00:00,1
2010-05-20 00:00:00,2010-05-20 00:00:00,286,2010-05-20 00:00:00,281,285,33,44100,12548025,2010-05-20 00:00:00,1
2010-05-21 00:00:00,2010-05-21 00:00:00,295.25,2010-05-21 00:00:00,288,295,78,640000,187079300,2010-05-21 00:00:00,1
2010-05-24 00:00:00,2010-05-24 00:00:00,312,2010-05-24 00:00:00,300,305.5,103,896000,272830350,2010-05-24 00:00:00,1
2010-05-25 00:00:00,2010-05-25 00:00:00,310,2010-05-25 00:00:00,300,302,53,34200,10443700,2010-05-25 00:00:00,1
2010-05-26 00:00:00,2010-05-26 00:00:00,302,2010-05-26 00:00:00,294,294.25,17,21200,6352950,2010-05-26 00:00:00,1
2010-05-31 00:00:00,2010-05-31 00:00:00,305,2010-05-31 00:00:00,296,305,31,357700,109017725,2010-05-31 00:00:00,1
2010-06-01 00:00:00,2010-06-01 00:00:00,305,2010-06-01 00:00:00,300.25,303.75,12,17800,5397925,2010-06-01 00:00:00,1
2010-06-02 00:00:00,2010-06-02 00:00:00,305,2010-06-02 00:00:00,300,304.75,28,29800,9061250,2010-06-02 00:00:00,1
2010-06-03 00:00:00,2010-06-03 00:00:00,308,2010-06-03 00:00:00,294.5,300.75,9,3200,961400,2010-06-03 00:00:00,1
2010-06-04 00:00:00,2010-06-04 00:00:00,300.25,2010-06-04 00:00:00,300,300,35,44500,13350250,2010-06-04 00:00:00,1
2010-06-07 00:00:00,2010-06-07 00:00:00,303,2010-06-07 00:00:00,300,302,45,39600,11912700,2010-06-07 00:00:00,1
2010-06-08 00:00:00,2010-06-08 00:00:00,305,2010-06-08 00:00:00,300,304.75,28,24200,7359825,2010-06-08 00:00:00,1
2010-06-09 00:00:00,2010-06-09 00:00:00,308,2010-06-09 00:00:00,303,303,13,79900,24366800,2010-06-09 00:00:00,1
2010-06-10 00:00:00,2010-06-10 00:00:00,306.75,2010-06-10 00:00:00,301,304.5,31,38100,11564450,2010-06-10 00:00:00,1
2010-06-11 00:00:00,2010-06-11 00:00:00,310,2010-06-11 00:00:00,305,309.25,55,593200,181181725,2010-06-11 00:00:00,1
2010-06-14 00:00:00,2010-06-14 00:00:00,315,2010-06-14 00:00:00,307,315,45,80600,25351350,2010-06-14 00:00:00,1
2010-06-15 00:00:00,2010-06-15 00:00:00,315.5,2010-06-15 00:00:00,313,314,14,11000,3454175,2010-06-15 00:00:00,1
2010-06-16 00:00:00,2010-06-16 00:00:00,315,2010-06-16 00:00:00,310,311.75,20,8600,2675600,2010-06-16 00:00:00,1
2010-06-17 00:00:00,2010-06-17 00:00:00,312.75,2010-06-17 00:00:00,310,310.75,35,19200,5969425,2010-06-17 00:00:00,1
2010-06-21 00:00:00,2010-06-21 00:00:00,313,2010-06-21 00:00:00,309,309.75,20,6200,1923300,2010-06-21 00:00:00,1
2010-06-22 00:00:00,2010-06-22 00:00:00,307.5,2010-06-22 00:00:00,305.5,305.5,9,1800,550125,2010-06-22 00:00:00,1
2010-06-23 00:00:00,2010-06-23 00:00:00,308,2010-06-23 00:00:00,305,308,14,4300,1320200,2010-06-23 00:00:00,1
2010-06-24 00:00:00,2010-06-24 00:00:00,306,2010-06-24 00:00:00,304,305,47,216100,65907825,2010-06-24 00:00:00,1
2010-06-28 00:00:00,2010-06-28 00:00:00,305,2010-06-28 00:00:00,301,305,21,76100,23202525,2010-06-28 00:00:00,1
2010-06-29 00:00:00,2010-06-29 00:00:00,305,2010-06-29 00:00:00,304,305,26,56200,17130400,2010-06-29 00:00:00,1
2010-06-30 00:00:00,2010-06-30 00:00:00,306,2010-06-30 00:00:00,305,305,22,24100,7351100,2010-06-30 00:00:00,1
2010-07-01 00:00:00,2010-07-01 00:00:00,305,2010-07-01 00:00:00,300,300,5,1500,452575,2010-07-01 00:00:00,1
2010-07-02 00:00:00,2010-07-02 00:00:00,305,2010-07-02 00:00:00,297,303,25,107300,32713575,2010-07-02 00:00:00,1
2010-07-05 00:00:00,2010-07-05 00:00:00,305.25,2010-07-05 00:00:00,303,304.75,12,16400,4999225,2010-07-05 00:00:00,1
2010-07-06 00:00:00,2010-07-06 00:00:00,305.25,2010-07-06 00:00:00,300,303,18,111400,34474200,2010-07-06 00:00:00,1
2010-07-07 00:00:00,2010-07-07 00:00:00,300,2010-07-07 00:00:00,295,295.5,63,76200,22815975,2010-07-07 00:00:00,1
2010-07-08 00:00:00,2010-07-08 00:00:00,302,2010-07-08 00:00:00,299,301.5,23,17100,5127175,2010-07-08 00:00:00,1
2010-07-09 00:00:00,2010-07-09 00:00:00,302.25,2010-07-09 00:00:00,300,300,19,10700,3213250,2010-07-09 00:00:00,1
2010-07-12 00:00:00,2010-07-12 00:00:00,300,2010-07-12 00:00:00,299,300,11,4400,1319700,2010-07-12 00:00:00,1
2010-07-13 00:00:00,2010-07-13 00:00:00,300,2010-07-13 00:00:00,300,300,4,2200,660000,2010-07-13 00:00:00,1
2010-07-14 00:00:00,2010-07-14 00:00:00,305,2010-07-14 00:00:00,300,300.5,10,7100,2154625,2010-07-14 00:00:00,1
2010-07-15 00:00:00,2010-07-15 00:00:00,301,2010-07-15 00:00:00,300,300.75,7,4300,1293075,2010-07-15 00:00:00,1
2010-07-16 00:00:00,2010-07-16 00:00:00,304.5,2010-07-16 00:00:00,301,301,6,8400,2529750,2010-07-16 00:00:00,1
2010-07-19 00:00:00,2010-07-19 00:00:00,303,2010-07-19 00:00:00,301.5,301.75,10,3400,1025700,2010-07-19 00:00:00,1
2010-07-20 00:00:00,2010-07-20 00:00:00,306,2010-07-20 00:00:00,301.75,305,28,30500,9289950,2010-07-20 00:00:00,1
2010-07-21 00:00:00,2010-07-21 00:00:00,307,2010-07-21 00:00:00,295,296.25,10,54600,16871200,2010-07-21 00:00:00,1
2010-07-22 00:00:00,2010-07-22 00:00:00,304,2010-07-22 00:00:00,300.25,303,4,3700,1121175,2010-07-22 00:00:00,1
2010-07-23 00:00:00,2010-07-23 00:00:00,305,2010-07-23 00:00:00,303,304.75,19,60800,18527125,2010-07-23 00:00:00,1
2010-07-26 00:00:00,2010-07-26 00:00:00,306,2010-07-26 00:00:00,303,305,25,75400,22989500,2010-07-26 00:00:00,1
2010-07-27 00:00:00,2010-07-27 00:00:00,315.5,2010-07-27 00:00:00,309.75,313.5,23,72500,22614975,2010-07-27 00:00:00,1
2010-07-28 00:00:00,2010-07-28 00:00:00,320,2010-07-28 00:00:00,315,319.75,57,76400,24412850,2010-07-28 00:00:00,1
2010-07-29 00:00:00,2010-07-29 00:00:00,320,2010-07-29 00:00:00,315,317.75,35,19000,6048925,2010-07-29 00:00:00,1
2010-07-30 00:00:00,2010-07-30 00:00:00,317.75,2010-07-30 00:00:00,310.25,313.25,16,49400,15413625,2010-07-30 00:00:00,1
2010-08-02 00:00:00,2010-08-02 00:00:00,318.5,2010-08-02 00:00:00,315,315.9,21,20200,6402440,2010-08-02 00:00:00,1
2010-08-03 00:00:00,2010-08-03 00:00:00,318,2010-08-03 00:00:00,315,315.1,18,37100,11698010,2010-08-03 00:00:00,1
2010-08-04 00:00:00,2010-08-04 00:00:00,315,2010-08-04 00:00:00,315,315,8,5400,1701000,2010-08-04 00:00:00,1
2010-08-05 00:00:00,2010-08-05 00:00:00,310.1,2010-08-05 00:00:00,300,309.7,30,20600,6210940,2010-08-05 00:00:00,1
2010-08-06 00:00:00,2010-08-06 00:00:00,307,2010-08-06 00:00:00,302,302.1,9,2700,821650,2010-08-06 00:00:00,1
2010-08-09 00:00:00,2010-08-09 00:00:00,301,2010-08-09 00:00:00,292,296.8,31,12400,3682810,2010-08-09 00:00:00,1
2010-08-10 00:00:00,2010-08-10 00:00:00,310,2010-08-10 00:00:00,292,310,45,25500,7674900,2010-08-10 00:00:00,1
2010-08-11 00:00:00,2010-08-11 00:00:00,310,2010-08-11 00:00:00,305,305,11,14800,4529640,2010-08-11 00:00:00,1
2010-08-12 00:00:00,2010-08-12 00:00:00,300.1,2010-08-12 00:00:00,300,300,9,6100,1830100,2010-08-12 00:00:00,1
2010-08-13 00:00:00,2010-08-13 00:00:00,307,2010-08-13 00:00:00,298,307,13,203900,62186000,2010-08-13 00:00:00,1
2010-08-16 00:00:00,2010-08-16 00:00:00,318,2010-08-16 00:00:00,315,315.8,34,23700,7493070,2010-08-16 00:00:00,1
2010-08-17 00:00:00,2010-08-17 00:00:00,325,2010-08-17 00:00:00,318,324.9,87,236000,76449330,2010-08-17 00:00:00,1
2010-08-18 00:00:00,2010-08-18 00:00:00,325.1,2010-08-18 00:00:00,324,324.7,42,94000,30532990,2010-08-18 00:00:00,1
2010-08-19 00:00:00,2010-08-19 00:00:00,325,2010-08-19 00:00:00,320,324.8,47,157200,50812200,2010-08-19 00:00:00,1
2010-08-20 00:00:00,2010-08-20 00:00:00,326,2010-08-20 00:00:00,320.1,322.5,21,5500,1779850,2010-08-20 00:00:00,1
2010-08-23 00:00:00,2010-08-23 00:00:00,325,2010-08-23 00:00:00,320,320.1,43,78300,25286090,2010-08-23 00:00:00,1
2010-08-25 00:00:00,2010-08-25 00:00:00,325,2010-08-25 00:00:00,323,324.2,61,219400,71140360,2010-08-25 00:00:00,1
2010-08-26 00:00:00,2010-08-26 00:00:00,331,2010-08-26 00:00:00,321,330,87,522200,170234220,2010-08-26 00:00:00,1
2010-08-27 00:00:00,2010-08-27 00:00:00,332,2010-08-27 00:00:00,325,329.8,35,139100,45849980,2010-08-27 00:00:00,1
2010-08-30 00:00:00,2010-08-30 00:00:00,332,2010-08-30 00:00:00,325,329.5,58,630800,208144800,2010-08-30 00:00:00,1
2010-08-31 00:00:00,2010-08-31 00:00:00,340,2010-08-31 00:00:00,325,330,42,50000,16494750,2010-08-31 00:00:00,1
2010-09-01 00:00:00,2010-09-01 00:00:00,330,2010-09-01 00:00:00,325,330,13,25100,8184100,2010-09-01 00:00:00,1
2010-09-02 00:00:00,2010-09-02 00:00:00,349,2010-09-02 00:00:00,329.8,330,30,164800,53704880,2010-09-02 00:00:00,1
2010-09-03 00:00:00,2010-09-03 00:00:00,349,2010-09-03 00:00:00,331.5,335,49,138700,46471590,2010-09-03 00:00:00,1
2010-09-06 00:00:00,2010-09-06 00:00:00,339,2010-09-06 00:00:00,325,326.1,31,37900,12425700,2010-09-06 00:00:00,1
2010-09-07 00:00:00,2010-09-07 00:00:00,330,2010-09-07 00:00:00,330,330,12,26900,8877000,2010-09-07 00:00:00,1
2010-09-08 00:00:00,2010-09-08 00:00:00,330,2010-09-08 00:00:00,326,330,30,95700,31578400,2010-09-08 00:00:00,1
2010-09-09 00:00:00,2010-09-09 00:00:00,330,2010-09-09 00:00:00,328,330,58,123500,40745360,2010-09-09 00:00:00,1
2010-09-13 00:00:00,2010-09-13 00:00:00,340,2010-09-13 00:00:00,330.5,334.4,78,451900,149694620,2010-09-13 00:00:00,1
2010-09-14 00:00:00,2010-09-14 00:00:00,355.1,2010-09-14 00:00:00,337,349,125,413100,143850250,2010-09-14 00:00:00,1
2010-09-15 00:00:00,2010-09-15 00:00:00,360,2010-09-15 00:00:00,330.1,349,65,57400,20067970,2010-09-15 00:00:00,1
2010-09-16 00:00:00,2010-09-16 00:00:00,350,2010-09-16 00:00:00,348.5,349,21,15000,5236340,2010-09-16 00:00:00,1
2010-09-17 00:00:00,2010-09-17 00:00:00,350,2010-09-17 00:00:00,348,348.7,48,205400,71867270,2010-09-17 00:00:00,1
2010-09-20 00:00:00,2010-09-20 00:00:00,350,2010-09-20 00:00:00,345,349.2,59,58100,20251050,2010-09-20 00:00:00,1
2010-09-21 00:00:00,2010-09-21 00:00:00,350,2010-09-21 00:00:00,348,349.7,88,345000,120726570,2010-09-21 00:00:00,1
2010-09-23 00:00:00,2010-09-23 00:00:00,360,2010-09-23 00:00:00,350,350.3,51,76400,26808070,2010-09-23 00:00:00,1
2010-09-24 00:00:00,2010-09-24 00:00:00,354,2010-09-24 00:00:00,350,350.6,49,89100,31232650,2010-09-24 00:00:00,1
2010-09-27 00:00:00,2010-09-27 00:00:00,360,2010-09-27 00:00:00,351,352,59,130900,46245250,2010-09-27 00:00:00,1
2010-09-28 00:00:00,2010-09-28 00:00:00,353.1,2010-09-28 00:00:00,348,349,48,51700,18108480,2010-09-28 00:00:00,1
2010-09-29 00:00:00,2010-09-29 00:00:00,352,2010-09-29 00:00:00,349,349.5,17,8900,3114440,2010-09-29 00:00:00,1
2010-09-30 00:00:00,2010-09-30 00:00:00,352,2010-09-30 00:00:00,345,345.2,46,51700,18026840,2010-09-30 00:00:00,1
2010-10-01 00:00:00,2010-10-01 00:00:00,352,2010-10-01 00:00:00,348,350,67,174400,61036240,2010-10-01 00:00:00,1
2010-10-04 00:00:00,2010-10-04 00:00:00,353,2010-10-04 00:00:00,349.9,350.4,90,115400,40468160,2010-10-04 00:00:00,1
2010-10-05 00:00:00,2010-10-05 00:00:00,352,2010-10-05 00:00:00,345,349.2,36,532900,186489150,2010-10-05 00:00:00,1
2010-10-06 00:00:00,2010-10-06 00:00:00,349,2010-10-06 00:00:00,342,342.1,23,11500,3983190,2010-10-06 00:00:00,1
2010-10-07 00:00:00,2010-10-07 00:00:00,345,2010-10-07 00:00:00,335,335.1,56,53500,17997060,2010-10-07 00:00:00,1
2010-10-08 00:00:00,2010-10-08 00:00:00,342,2010-10-08 00:00:00,330,341.8,34,115300,39155200,2010-10-08 00:00:00,1
2010-10-11 00:00:00,2010-10-11 00:00:00,342,2010-10-11 00:00:00,338,341.5,23,19400,6613200,2010-10-11 00:00:00,1
2010-10-12 00:00:00,2010-10-12 00:00:00,343,2010-10-12 00:00:00,330,340,78,1385000,470891240,2010-10-12 00:00:00,1
2010-10-13 00:00:00,2010-10-13 00:00:00,344,2010-10-13 00:00:00,325,341.7,60,694600,236113510,2010-10-13 00:00:00,1
2010-10-14 00:00:00,2010-10-14 00:00:00,347,2010-10-14 00:00:00,340,340.1,37,531100,180936780,2010-10-14 00:00:00,1
2010-10-15 00:00:00,2010-10-15 00:00:00,345,2010-10-15 00:00:00,342,344.6,45,123400,42560940,2010-10-15 00:00:00,1
2010-10-18 00:00:00,2010-10-18 00:00:00,347.1,2010-10-18 00:00:00,343,346.4,38,136400,46567820,2010-10-18 00:00:00,1
2010-10-19 00:00:00,2010-10-19 00:00:00,348,2010-10-19 00:00:00,343,347.1,19,23700,8217700,2010-10-19 00:00:00,1
2010-10-20 00:00:00,2010-10-20 00:00:00,348.5,2010-10-20 00:00:00,347.2,348.1,22,18600,6473560,2010-10-20 00:00:00,1
2010-10-21 00:00:00,2010-10-21 00:00:00,349,2010-10-21 00:00:00,345.1,348.1,28,126100,43826500,2010-10-21 00:00:00,1
2010-10-25 00:00:00,2010-10-25 00:00:00,350,2010-10-25 00:00:00,348,349.8,38,66600,23234590,2010-10-25 00:00:00,1
2010-10-26 00:00:00,2010-10-26 00:00:00,352.5,2010-10-26 00:00:00,350,350.1,28,63300,22184820,2010-10-26 00:00:00,1
2010-10-27 00:00:00,2010-10-27 00:00:00,352,2010-10-27 00:00:00,350,351.4,22,27200,9548350,2010-10-27 00:00:00,1
2010-10-28 00:00:00,2010-10-28 00:00:00,355,2010-10-28 00:00:00,350,355,14,1008000,352804690,2010-10-28 00:00:00,1
2010-10-29 00:00:00,2010-10-29 00:00:00,360,2010-10-29 00:00:00,354,359.8,32,26600,9517020,2010-10-29 00:00:00,1
2010-11-01 00:00:00,2010-11-01 00:00:00,394.4,2010-11-01 00:00:00,360,370.6,56,26600,9941070,2010-11-01 00:00:00,1
2010-11-02 00:00:00,2010-11-02 00:00:00,370.1,2010-11-02 00:00:00,365,366.2,26,9600,3521880,2010-11-02 00:00:00,1
2010-11-03 00:00:00,2010-11-03 00:00:00,366,2010-11-03 00:00:00,360.2,362.5,12,7800,2831090,2010-11-03 00:00:00,1
2010-11-04 00:00:00,2010-11-04 00:00:00,360.2,2010-11-04 00:00:00,356.1,360,13,11400,4103400,2010-11-04 00:00:00,1
2010-11-08 00:00:00,2010-11-08 00:00:00,370,2010-11-08 00:00:00,360,363.6,37,16600,6000730,2010-11-08 00:00:00,1
2010-11-09 00:00:00,2010-11-09 00:00:00,363,2010-11-09 00:00:00,361,361.4,16,20100,7257890,2010-11-09 00:00:00,1
2010-11-10 00:00:00,2010-11-10 00:00:00,362,2010-11-10 00:00:00,358,360,48,68300,24580080,2010-11-10 00:00:00,1
2010-11-11 00:00:00,2010-11-11 00:00:00,360,2010-11-11 00:00:00,360,360,6,3200,1152000,2010-11-11 00:00:00,1
2010-11-12 00:00:00,2010-11-12 00:00:00,362.9,2010-11-12 00:00:00,360,360,18,37300,13470380,2010-11-12 00:00:00,1
2010-11-15 00:00:00,2010-11-15 00:00:00,353.5,2010-11-15 00:00:00,335.1,344.3,23,27300,9544080,2010-11-15 00:00:00,1
2010-11-16 00:00:00,2010-11-16 00:00:00,352,2010-11-16 00:00:00,342.5,349.8,38,65400,22745400,2010-11-16 00:00:00,1
2010-11-18 00:00:00,2010-11-18 00:00:00,353,2010-11-18 00:00:00,350,352.1,17,36000,12654850,2010-11-18 00:00:00,1
2010-11-22 00:00:00,2010-11-22 00:00:00,352,2010-11-22 00:00:00,350,350,30,51000,17850900,2010-11-22 00:00:00,1
2010-11-23 00:00:00,2010-11-23 00:00:00,345.1,2010-11-23 00:00:00,345,345.1,12,11400,3933510,2010-11-23 00:00:00,1
2010-11-24 00:00:00,2010-11-24 00:00:00,345,2010-11-24 00:00:00,337,344.5,12,4000,1364420,2010-11-24 00:00:00,1
2010-11-25 00:00:00,2010-11-25 00:00:00,341,2010-11-25 00:00:00,337.1,340,7,4600,1563810,2010-11-25 00:00:00,1
2010-11-26 00:00:00,2010-11-26 00:00:00,341,2010-11-26 00:00:00,340,340,8,14200,4828100,2010-11-26 00:00:00,1
2010-11-29 00:00:00,2010-11-29 00:00:00,340,2010-11-29 00:00:00,330,330.1,22,103400,35102200,2010-11-29 00:00:00,1
2010-11-30 00:00:00,2010-11-30 00:00:00,350.1,2010-11-30 00:00:00,340,349.7,51,107100,37399700,2010-11-30 00:00:00,1
2010-12-01 00:00:00,2010-12-01 00:00:00,350,2010-12-01 00:00:00,340.2,350,13,36000,12597790,2010-12-01 00:00:00,1
2010-12-02 00:00:00,2010-12-02 00:00:00,349.2,2010-12-02 00:00:00,347,347,10,18000,6266600,2010-12-02 00:00:00,1
2010-12-03 00:00:00,2010-12-03 00:00:00,347,2010-12-03 00:00:00,342.2,347,9,32900,11411090,2010-12-03 00:00:00,1
2010-12-06 00:00:00,2010-12-06 00:00:00,345.2,2010-12-06 00:00:00,345,345.1,10,18100,6245040,2010-12-06 00:00:00,1
2010-12-07 00:00:00,2010-12-07 00:00:00,346,2010-12-07 00:00:00,345,346,13,20200,6969700,2010-12-07 00:00:00,1
2010-12-08 00:00:00,2010-12-08 00:00:00,344,2010-12-08 00:00:00,344,344,8,4800,1651200,2010-12-08 00:00:00,1
2010-12-09 00:00:00,2010-12-09 00:00:00,343,2010-12-09 00:00:00,341.1,342.8,6,14300,4904710,2010-12-09 00:00:00,1
2010-12-10 00:00:00,2010-12-10 00:00:00,341.2,2010-12-10 00:00:00,341.1,341.2,10,3500,1194070,2010-12-10 00:00:00,1
2010-12-13 00:00:00,2010-12-13 00:00:00,341.2,2010-12-13 00:00:00,340,340.3,8,3900,1327560,2010-12-13 00:00:00,1
2010-12-14 00:00:00,2010-12-14 00:00:00,340,2010-12-14 00:00:00,337,337,7,14400,4861610,2010-12-14 00:00:00,1
2010-12-15 00:00:00,2010-12-15 00:00:00,335.7,2010-12-15 00:00:00,335.1,335.6,8,2300,771870,2010-12-15 00:00:00,1
2010-12-16 00:00:00,2010-12-16 00:00:00,343,2010-12-16 00:00:00,335.5,343,5,55100,18898550,2010-12-16 00:00:00,1
2010-12-17 00:00:00,2010-12-17 00:00:00,343,2010-12-17 00:00:00,342.9,343,8,2400,823190,2010-12-17 00:00:00,1
2010-12-21 00:00:00,2010-12-21 00:00:00,343.1,2010-12-21 00:00:00,343,343.1,6,6900,2367300,2010-12-21 00:00:00,1
2010-12-22 00:00:00,2010-12-22 00:00:00,343.1,2010-12-22 00:00:00,336,343,7,5100,1748700,2010-12-22 00:00:00,1
2010-12-23 00:00:00,2010-12-23 00:00:00,345,2010-12-23 00:00:00,343,345,12,35600,12225400,2010-12-23 00:00:00,1
2010-12-24 00:00:00,2010-12-24 00:00:00,350,2010-12-24 00:00:00,350,350,1,500,175000,2010-12-24 00:00:00,1
2010-12-27 00:00:00,2010-12-27 00:00:00,342.1,2010-12-27 00:00:00,342.1,342.1,1,1000,342100,2010-12-27 00:00:00,1
2010-12-28 00:00:00,2010-12-28 00:00:00,345,2010-12-28 00:00:00,342,345,15,34400,11836850,2010-12-28 00:00:00,1
2010-12-29 00:00:00,2010-12-29 00:00:00,345,2010-12-29 00:00:00,343,345,10,14600,5011600,2010-12-29 00:00:00,1
2010-12-30 00:00:00,2010-12-30 00:00:00,344,2010-12-30 00:00:00,343,343.2,7,4200,1441000,2010-12-30 00:00:00,1
2010-12-31 00:00:00,2010-12-31 00:00:00,345,2010-12-31 00:00:00,342.1,345,2,1100,379210,2010-12-31 00:00:00,1
Company Id :  HDEV,,Security Type :  N,,Sub Type :  0000,,,,,,
Short Name :  HOTEL DEVELOPERS,,,,,,,,,,
Day,Date High,High,Date Low,Low,Closing,No. of Trades,No. of Shares,Turnover,Last Traded,Days Traded
2010-01-04 00:00:00,2010-01-04 00:00:00,118,2010-01-04 00:00:00,118,118,7,3700,436600,2010-01-04 00:00:00,1
2010-01-05 00:00:00,2010-01-05 00:00:00,124.5,2010-01-05 00:00:00,120,121.5,28,18500,2241125,2010-01-05 00:00:00,1
2010-01-06 00:00:00,2010-01-06 00:00:00,123.75,2010-01-06 00:00:00,120,122,16,10300,1250575,2010-01-06 00:00:00,1
2010-01-07 00:00:00,2010-01-07 00:00:00,122.5,2010-01-07 00:00:00,119,119.5,4,1300,155750,2010-01-07 00:00:00,1
2010-01-08 00:00:00,2010-01-08 00:00:00,124,2010-01-08 00:00:00,118,120.25,34,78500,9455225,2010-01-08 00:00:00,1
2010-01-11 00:00:00,2010-01-11 00:00:00,118,2010-01-11 00:00:00,118,118,21,4000,472000,2010-01-11 00:00:00,1
2010-01-12 00:00:00,2010-01-12 00:00:00,118,2010-01-12 00:00:00,117.5,117.5,9,2200,259500,2010-01-12 00:00:00,1
2010-01-13 00:00:00,2010-01-13 00:00:00,124,2010-01-13 00:00:00,115.5,121.75,25,28600,3443900,2010-01-13 00:00:00,1
2010-01-15 00:00:00,2010-01-15 00:00:00,139.5,2010-01-15 00:00:00,119,129.5,319,267200,35342450,2010-01-15 00:00:00,1
2010-01-18 00:00:00,2010-01-18 00:00:00,126,2010-01-18 00:00:00,120,120.25,51,42300,5158750,2010-01-18 00:00:00,1
2010-01-19 00:00:00,2010-01-19 00:00:00,120,2010-01-19 00:00:00,119.75,119.75,11,3600,431875,2010-01-19 00:00:00,1
2010-01-20 00:00:00,2010-01-20 00:00:00,124,2010-01-20 00:00:00,120,120.75,34,35800,4315300,2010-01-20 00:00:00,1
2010-01-21 00:00:00,2010-01-21 00:00:00,120,2010-01-21 00:00:00,119,119,15,28700,3419350,2010-01-21 00:00:00,1
2010-01-22 00:00:00,2010-01-22 00:00:00,118.5,2010-01-22 00:00:00,118,118,8,3600,424950,2010-01-22 00:00:00,1
2010-01-25 00:00:00,2010-01-25 00:00:00,124,2010-01-25 00:00:00,118.5,120.75,20,6800,818600,2010-01-25 00:00:00,1
2010-01-26 00:00:00,2010-01-26 00:00:00,124,2010-01-26 00:00:00,120,120.25,10,6500,786325,2010-01-26 00:00:00,1
2010-01-28 00:00:00,2010-01-28 00:00:00,125,2010-01-28 00:00:00,105,123.5,37,22500,2709750,2010-01-28 00:00:00,1
2010-02-01 00:00:00,2010-02-01 00:00:00,126.5,2010-02-01 00:00:00,123,123.25,2,1100,135650,2010-02-01 00:00:00,1
2010-02-02 00:00:00,2010-02-02 00:00:00,120.5,2010-02-02 00:00:00,120,120,7,7900,948100,2010-02-02 00:00:00,1
2010-02-03 00:00:00,2010-02-03 00:00:00,120,2010-02-03 00:00:00,120,120,2,300,36000,2010-02-03 00:00:00,1
2010-02-05 00:00:00,2010-02-05 00:00:00,121,2010-02-05 00:00:00,120,121,3,1600,193100,2010-02-05 00:00:00,1
2010-02-08 00:00:00,2010-02-08 00:00:00,123,2010-02-08 00:00:00,121,121,12,4000,487600,2010-02-08 00:00:00,1
2010-02-09 00:00:00,2010-02-09 00:00:00,120,2010-02-09 00:00:00,119,119.5,10,5800,694000,2010-02-09 00:00:00,1
2010-02-10 00:00:00,2010-02-10 00:00:00,125,2010-02-10 00:00:00,120,120,5,7600,914575,2010-02-10 00:00:00,1
2010-02-11 00:00:00,2010-02-11 00:00:00,120,2010-02-11 00:00:00,118,118,11,8600,1027700,2010-02-11 00:00:00,1
2010-02-12 00:00:00,2010-02-12 00:00:00,117.5,2010-02-12 00:00:00,115,115.25,15,4800,555250,2010-02-12 00:00:00,1
2010-02-15 00:00:00,2010-02-15 00:00:00,120,2010-02-15 00:00:00,116,118.75,13,9100,1081150,2010-02-15 00:00:00,1
2010-02-16 00:00:00,2010-02-16 00:00:00,115,2010-02-16 00:00:00,114,114,2,1000,114100,2010-02-16 00:00:00,1
2010-02-18 00:00:00,2010-02-18 00:00:00,115.5,2010-02-18 00:00:00,115.5,115.5,3,300,34650,2010-02-18 00:00:00,1
2010-02-19 00:00:00,2010-02-19 00:00:00,124.5,2010-02-19 00:00:00,115,116.25,11,3500,404750,2010-02-19 00:00:00,1
2010-02-22 00:00:00,2010-02-22 00:00:00,120,2010-02-22 00:00:00,117,119,4,3000,357000,2010-02-22 00:00:00,1
2010-02-23 00:00:00,2010-02-23 00:00:00,118.5,2010-02-23 00:00:00,115,118,12,7800,907650,2010-02-23 00:00:00,1
2010-02-25 00:00:00,2010-02-25 00:00:00,120,2010-02-25 00:00:00,118.25,118.5,5,5300,627650,2010-02-25 00:00:00,1
2010-02-26 00:00:00,2010-02-26 00:00:00,116.75,2010-02-26 00:00:00,115.25,116.25,3,1100,128275,2010-02-26 00:00:00,1
2010-03-01 00:00:00,2010-03-01 00:00:00,120,2010-03-01 00:00:00,118,118.25,18,7100,844450,2010-03-01 00:00:00,1
2010-03-02 00:00:00,2010-03-02 00:00:00,122,2010-03-02 00:00:00,115.5,116.25,18,7200,859300,2010-03-02 00:00:00,1
2010-03-03 00:00:00,2010-03-03 00:00:00,116,2010-03-03 00:00:00,115.5,116,3,5000,579250,2010-03-03 00:00:00,1
2010-03-04 00:00:00,2010-03-04 00:00:00,119.5,2010-03-04 00:00:00,115.5,118.25,3,5600,661300,2010-03-04 00:00:00,1
2010-03-05 00:00:00,2010-03-05 00:00:00,139,2010-03-05 00:00:00,119,127,179,120800,15280550,2010-03-05 00:00:00,1
2010-03-08 00:00:00,2010-03-08 00:00:00,129.25,2010-03-08 00:00:00,125,125,11,5700,712925,2010-03-08 00:00:00,1
2010-03-09 00:00:00,2010-03-09 00:00:00,127.5,2010-03-09 00:00:00,122.5,122.75,11,7000,874675,2010-03-09 00:00:00,1
2010-03-10 00:00:00,2010-03-10 00:00:00,120.5,2010-03-10 00:00:00,120,120,8,4000,481700,2010-03-10 00:00:00,1
2010-03-11 00:00:00,2010-03-11 00:00:00,123,2010-03-11 00:00:00,119,120,17,8500,1024375,2010-03-11 00:00:00,1
2010-03-12 00:00:00,2010-03-12 00:00:00,124.5,2010-03-12 00:00:00,124.5,124.5,4,1700,211650,2010-03-12 00:00:00,1
2010-03-15 00:00:00,2010-03-15 00:00:00,126.75,2010-03-15 00:00:00,124,124.5,20,6700,833500,2010-03-15 00:00:00,1
2010-03-16 00:00:00,2010-03-16 00:00:00,124,2010-03-16 00:00:00,122.75,123,8,3600,443775,2010-03-16 00:00:00,1
2010-03-17 00:00:00,2010-03-17 00:00:00,123,2010-03-17 00:00:00,122,122,3,400,49100,2010-03-17 00:00:00,1
2010-03-18 00:00:00,2010-03-18 00:00:00,121.5,2010-03-18 00:00:00,119,119,5,1700,203650,2010-03-18 00:00:00,1
2010-03-19 00:00:00,2010-03-19 00:00:00,120,2010-03-19 00:00:00,118,118.75,4,2300,273550,2010-03-19 00:00:00,1
2010-03-22 00:00:00,2010-03-22 00:00:00,121,2010-03-22 00:00:00,118.25,120.75,5,14100,1701950,2010-03-22 00:00:00,1
2010-03-23 00:00:00,2010-03-23 00:00:00,122,2010-03-23 00:00:00,120,120.25,11,2700,325675,2010-03-23 00:00:00,1
2010-03-24 00:00:00,2010-03-24 00:00:00,120.25,2010-03-24 00:00:00,118.25,120,14,11300,1357075,2010-03-24 00:00:00,1
2010-03-25 00:00:00,2010-03-25 00:00:00,121,2010-03-25 00:00:00,120,121,17,14800,1790300,2010-03-25 00:00:00,1
2010-03-26 00:00:00,2010-03-26 00:00:00,120,2010-03-26 00:00:00,120,120,3,2100,252000,2010-03-26 00:00:00,1
2010-03-30 00:00:00,2010-03-30 00:00:00,121,2010-03-30 00:00:00,120.25,120.75,16,14800,1784850,2010-03-30 00:00:00,1
2010-03-31 00:00:00,2010-03-31 00:00:00,120.25,2010-03-31 00:00:00,120,120.25,6,1300,156300,2010-03-31 00:00:00,1
2010-04-01 00:00:00,2010-04-01 00:00:00,120.5,2010-04-01 00:00:00,120,120,6,6400,768250,2010-04-01 00:00:00,1
2010-04-05 00:00:00,2010-04-05 00:00:00,121,2010-04-05 00:00:00,120,120,4,2600,312200,2010-04-05 00:00:00,1
2010-04-06 00:00:00,2010-04-06 00:00:00,129.75,2010-04-06 00:00:00,129,129.5,2,200,25875,2010-04-06 00:00:00,1
2010-04-07 00:00:00,2010-04-07 00:00:00,128,2010-04-07 00:00:00,127.75,127.75,4,1200,153525,2010-04-07 00:00:00,1
2010-04-08 00:00:00,2010-04-08 00:00:00,132,2010-04-08 00:00:00,127.75,129.75,13,7200,932575,2010-04-08 00:00:00,1
2010-04-12 00:00:00,2010-04-12 00:00:00,128,2010-04-12 00:00:00,128,128,1,5000,640000,2010-04-12 00:00:00,1
2010-04-15 00:00:00,2010-04-15 00:00:00,125.25,2010-04-15 00:00:00,125,125.25,2,200,25025,2010-04-15 00:00:00,1
2010-04-16 00:00:00,2010-04-16 00:00:00,127,2010-04-16 00:00:00,124,127,10,10600,1322750,2010-04-16 00:00:00,1
2010-04-19 00:00:00,2010-04-19 00:00:00,130,2010-04-19 00:00:00,124.25,128.25,23,51400,6495575,2010-04-19 00:00:00,1
2010-04-20 00:00:00,2010-04-20 00:00:00,134,2010-04-20 00:00:00,130,130.75,25,20200,2660450,2010-04-20 00:00:00,1
2010-04-21 00:00:00,2010-04-21 00:00:00,132.75,2010-04-21 00:00:00,130.25,132.75,16,7000,919800,2010-04-21 00:00:00,1
2010-04-22 00:00:00,2010-04-22 00:00:00,150,2010-04-22 00:00:00,132.75,147.25,287,224700,32155875,2010-04-22 00:00:00,1
2010-04-23 00:00:00,2010-04-23 00:00:00,157,2010-04-23 00:00:00,148,149.75,151,140400,21325050,2010-04-23 00:00:00,1
2010-04-26 00:00:00,2010-04-26 00:00:00,153,2010-04-26 00:00:00,145,147,15,7700,1146975,2010-04-26 00:00:00,1
2010-04-27 00:00:00,2010-04-27 00:00:00,152,2010-04-27 00:00:00,147,150.25,52,87300,13081500,2010-04-27 00:00:00,1
2010-04-29 00:00:00,2010-04-29 00:00:00,150,2010-04-29 00:00:00,149.75,150,11,7200,1079750,2010-04-29 00:00:00,1
2010-04-30 00:00:00,2010-04-30 00:00:00,150,2010-04-30 00:00:00,149.75,150,5,5600,839375,2010-04-30 00:00:00,1
2010-05-03 00:00:00,2010-05-03 00:00:00,150,2010-05-03 00:00:00,150,150,2,1300,195000,2010-05-03 00:00:00,1
2010-05-04 00:00:00,2010-05-04 00:00:00,150,2010-05-04 00:00:00,142.25,146.25,2,200,29225,2010-05-04 00:00:00,1
2010-05-05 00:00:00,2010-05-05 00:00:00,146,2010-05-05 00:00:00,140.25,144.75,9,2200,318300,2010-05-05 00:00:00,1
2010-05-06 00:00:00,2010-05-06 00:00:00,148,2010-05-06 00:00:00,144,144,5,1600,230800,2010-05-06 00:00:00,1
2010-05-07 00:00:00,2010-05-07 00:00:00,144,2010-05-07 00:00:00,143,143.25,5,700,100300,2010-05-07 00:00:00,1
2010-05-10 00:00:00,2010-05-10 00:00:00,140.25,2010-05-10 00:00:00,140,140.25,5,3500,490075,2010-05-10 00:00:00,1
2010-05-11 00:00:00,2010-05-11 00:00:00,140,2010-05-11 00:00:00,133.5,137,5,3100,427750,2010-05-11 00:00:00,1
2010-05-12 00:00:00,2010-05-12 00:00:00,140,2010-05-12 00:00:00,140,140,1,1000,140000,2010-05-12 00:00:00,1
2010-05-13 00:00:00,2010-05-13 00:00:00,140,2010-05-13 00:00:00,139,140,6,3700,517900,2010-05-13 00:00:00,1
2010-05-14 00:00:00,2010-05-14 00:00:00,146,2010-05-14 00:00:00,140,145.25,18,10500,1510625,2010-05-14 00:00:00,1
2010-05-17 00:00:00,2010-05-17 00:00:00,150,2010-05-17 00:00:00,147,149.75,9,3000,448975,2010-05-17 00:00:00,1
2010-05-18 00:00:00,2010-05-18 00:00:00,156.75,2010-05-18 00:00:00,145.5,154.5,99,71400,10919550,2010-05-18 00:00:00,1
2010-05-19 00:00:00,2010-05-19 00:00:00,156.5,2010-05-19 00:00:00,145,149.25,10,5400,817950,2010-05-19 00:00:00,1
2010-05-20 00:00:00,2010-05-20 00:00:00,150,2010-05-20 00:00:00,149.25,149.75,2,1200,179700,2010-05-20 00:00:00,1
2010-05-21 00:00:00,2010-05-21 00:00:00,150,2010-05-21 00:00:00,148.5,149.75,12,12800,1916100,2010-05-21 00:00:00,1
2010-05-24 00:00:00,2010-05-24 00:00:00,150,2010-05-24 00:00:00,150,150,7,3800,570000,2010-05-24 00:00:00,1
2010-05-25 00:00:00,2010-05-25 00:00:00,150,2010-05-25 00:00:00,148,148,12,3300,492825,2010-05-25 00:00:00,1
2010-05-31 00:00:00,2010-05-31 00:00:00,148.5,2010-05-31 00:00:00,135,144.5,48,77700,10928075,2010-05-31 00:00:00,1
2010-06-02 00:00:00,2010-06-02 00:00:00,148,2010-06-02 00:00:00,142.5,147.25,10,3900,570725,2010-06-02 00:00:00,1
2010-06-03 00:00:00,2010-06-03 00:00:00,146,2010-06-03 00:00:00,146,146,1,100,14600,2010-06-03 00:00:00,1
2010-06-04 00:00:00,2010-06-04 00:00:00,147.75,2010-06-04 00:00:00,144,144.5,5,1200,173875,2010-06-04 00:00:00,1
2010-06-07 00:00:00,2010-06-07 00:00:00,145,2010-06-07 00:00:00,144.5,144.5,5,4800,693650,2010-06-07 00:00:00,1
2010-06-08 00:00:00,2010-06-08 00:00:00,144.5,2010-06-08 00:00:00,144.5,144.5,1,200,28900,2010-06-08 00:00:00,1
2010-06-09 00:00:00,2010-06-09 00:00:00,145.5,2010-06-09 00:00:00,144,144,5,5700,821200,2010-06-09 00:00:00,1
2010-06-10 00:00:00,2010-06-10 00:00:00,145,2010-06-10 00:00:00,144,144,6,2200,318425,2010-06-10 00:00:00,1
2010-06-11 00:00:00,2010-06-11 00:00:00,150,2010-06-11 00:00:00,144.5,148.25,13,13400,1986850,2010-06-11 00:00:00,1
2010-06-14 00:00:00,2010-06-14 00:00:00,144,2010-06-14 00:00:00,144,144,5,2400,345600,2010-06-14 00:00:00,1
2010-06-16 00:00:00,2010-06-16 00:00:00,148.5,2010-06-16 00:00:00,143,145.25,7,7300,1052150,2010-06-16 00:00:00,1
2010-06-17 00:00:00,2010-06-17 00:00:00,154,2010-06-17 00:00:00,145,150.25,59,66600,9994700,2010-06-17 00:00:00,1
2010-06-21 00:00:00,2010-06-21 00:00:00,160,2010-06-21 00:00:00,152.75,159,53,52800,8307000,2010-06-21 00:00:00,1
2010-06-22 00:00:00,2010-06-22 00:00:00,162,2010-06-22 00:00:00,152,152.25,7,3400,534500,2010-06-22 00:00:00,1
2010-06-23 00:00:00,2010-06-23 00:00:00,149.5,2010-06-23 00:00:00,147,148,7,5900,873800,2010-06-23 00:00:00,1
2010-06-24 00:00:00,2010-06-24 00:00:00,153,2010-06-24 00:00:00,146,147.75,11,51000,7541200,2010-06-24 00:00:00,1
2010-06-28 00:00:00,2010-06-28 00:00:00,148,2010-06-28 00:00:00,148,148,1,500,74000,2010-06-28 00:00:00,1
2010-06-29 00:00:00,2010-06-29 00:00:00,148,2010-06-29 00:00:00,148,148,3,60000,8880000,2010-06-29 00:00:00,1
2010-06-30 00:00:00,2010-06-30 00:00:00,148,2010-06-30 00:00:00,145,145,5,4300,631000,2010-06-30 00:00:00,1
2010-07-02 00:00:00,2010-07-02 00:00:00,144,2010-07-02 00:00:00,142,142,8,40000,5680200,2010-07-02 00:00:00,1
2010-07-05 00:00:00,2010-07-05 00:00:00,142.25,2010-07-05 00:00:00,142.25,142.25,1,100,14225,2010-07-05 00:00:00,1
2010-07-06 00:00:00,2010-07-06 00:00:00,147,2010-07-06 00:00:00,140,140.75,6,2800,393800,2010-07-06 00:00:00,1
2010-07-07 00:00:00,2010-07-07 00:00:00,140,2010-07-07 00:00:00,139,140,4,900,125900,2010-07-07 00:00:00,1
2010-07-08 00:00:00,2010-07-08 00:00:00,145,2010-07-08 00:00:00,145,145,1,100,14500,2010-07-08 00:00:00,1
2010-07-09 00:00:00,2010-07-09 00:00:00,144,2010-07-09 00:00:00,140,142,2,200,28400,2010-07-09 00:00:00,1
2010-07-12 00:00:00,2010-07-12 00:00:00,145,2010-07-12 00:00:00,140,145,2,200,28500,2010-07-12 00:00:00,1
2010-07-13 00:00:00,2010-07-13 00:00:00,140,2010-07-13 00:00:00,140,140,3,2300,322000,2010-07-13 00:00:00,1
2010-07-14 00:00:00,2010-07-14 00:00:00,145,2010-07-14 00:00:00,144.75,144.75,2,500,72400,2010-07-14 00:00:00,1
2010-07-15 00:00:00,2010-07-15 00:00:00,145,2010-07-15 00:00:00,145,145,2,300,43500,2010-07-15 00:00:00,1
2010-07-16 00:00:00,2010-07-16 00:00:00,149,2010-07-16 00:00:00,142,145,7,1900,276025,2010-07-16 00:00:00,1
2010-07-19 00:00:00,2010-07-19 00:00:00,142.25,2010-07-19 00:00:00,142,142,3,6700,951425,2010-07-19 00:00:00,1
2010-07-20 00:00:00,2010-07-20 00:00:00,149,2010-07-20 00:00:00,146,146,7,4100,599850,2010-07-20 00:00:00,1
2010-07-21 00:00:00,2010-07-21 00:00:00,146,2010-07-21 00:00:00,142,144.75,25,26100,3776125,2010-07-21 00:00:00,1
2010-07-22 00:00:00,2010-07-22 00:00:00,148,2010-07-22 00:00:00,143,143,7,10600,1518500,2010-07-22 00:00:00,1
2010-07-27 00:00:00,2010-07-27 00:00:00,143,2010-07-27 00:00:00,143,143,7,10500,1501500,2010-07-27 00:00:00,1
2010-07-28 00:00:00,2010-07-28 00:00:00,150,2010-07-28 00:00:00,143,143.75,12,12700,1824000,2010-07-28 00:00:00,1
2010-07-29 00:00:00,2010-07-29 00:00:00,145,2010-07-29 00:00:00,141,141.5,7,1500,213875,2010-07-29 00:00:00,1
2010-07-30 00:00:00,2010-07-30 00:00:00,150,2010-07-30 00:00:00,142,148.5,19,33000,4909075,2010-07-30 00:00:00,1
2010-08-02 00:00:00,2010-08-02 00:00:00,145,2010-08-02 00:00:00,140,140,5,2000,281000,2010-08-02 00:00:00,1
2010-08-04 00:00:00,2010-08-04 00:00:00,144,2010-08-04 00:00:00,144,144,1,200,28800,2010-08-04 00:00:00,1
2010-08-05 00:00:00,2010-08-05 00:00:00,140,2010-08-05 00:00:00,140,140,1,400,56000,2010-08-05 00:00:00,1
2010-08-06 00:00:00,2010-08-06 00:00:00,136,2010-08-06 00:00:00,136,136,1,200,27200,2010-08-06 00:00:00,1
2010-08-09 00:00:00,2010-08-09 00:00:00,130,2010-08-09 00:00:00,125.2,127.7,10,5600,714400,2010-08-09 00:00:00,1
2010-08-10 00:00:00,2010-08-10 00:00:00,140,2010-08-10 00:00:00,125.7,136,6,2400,321680,2010-08-10 00:00:00,1
2010-08-11 00:00:00,2010-08-11 00:00:00,135,2010-08-11 00:00:00,135,135,1,200,27000,2010-08-11 00:00:00,1
2010-08-12 00:00:00,2010-08-12 00:00:00,122,2010-08-12 00:00:00,122,122,1,100,12200,2010-08-12 00:00:00,1
2010-08-13 00:00:00,2010-08-13 00:00:00,134,2010-08-13 00:00:00,130.2,133.1,8,2500,333100,2010-08-13 00:00:00,1
2010-08-16 00:00:00,2010-08-16 00:00:00,135.1,2010-08-16 00:00:00,135,135.1,2,700,94520,2010-08-16 00:00:00,1
2010-08-17 00:00:00,2010-08-17 00:00:00,131,2010-08-17 00:00:00,131,131,1,100,13100,2010-08-17 00:00:00,1
2010-08-18 00:00:00,2010-08-18 00:00:00,135,2010-08-18 00:00:00,135,135,4,5300,715500,2010-08-18 00:00:00,1
2010-08-19 00:00:00,2010-08-19 00:00:00,148,2010-08-19 00:00:00,136,145.9,5,1500,217800,2010-08-19 00:00:00,1
2010-08-20 00:00:00,2010-08-20 00:00:00,154.5,2010-08-20 00:00:00,145,148,6,1400,204850,2010-08-20 00:00:00,1
2010-08-23 00:00:00,2010-08-23 00:00:00,148,2010-08-23 00:00:00,135.1,148,3,1700,234830,2010-08-23 00:00:00,1
2010-08-25 00:00:00,2010-08-25 00:00:00,140,2010-08-25 00:00:00,140,140,2,5000,700000,2010-08-25 00:00:00,1
2010-08-27 00:00:00,2010-08-27 00:00:00,145,2010-08-27 00:00:00,140,142.5,2,200,28500,2010-08-27 00:00:00,1
2010-08-30 00:00:00,2010-08-30 00:00:00,142,2010-08-30 00:00:00,139,142,3,1000,140500,2010-08-30 00:00:00,1
2010-08-31 00:00:00,2010-08-31 00:00:00,145,2010-08-31 00:00:00,141,141.1,7,5600,790000,2010-08-31 00:00:00,1
2010-09-01 00:00:00,2010-09-01 00:00:00,144,2010-09-01 00:00:00,141,143,5,900,128000,2010-09-01 00:00:00,1
2010-09-02 00:00:00,2010-09-02 00:00:00,152,2010-09-02 00:00:00,143,149.9,16,10000,1497180,2010-09-02 00:00:00,1
2010-09-03 00:00:00,2010-09-03 00:00:00,155,2010-09-03 00:00:00,145,147.2,11,13600,2024530,2010-09-03 00:00:00,1
2010-09-06 00:00:00,2010-09-06 00:00:00,155,2010-09-06 00:00:00,145.5,150.4,13,20100,3018100,2010-09-06 00:00:00,1
2010-09-07 00:00:00,2010-09-07 00:00:00,165,2010-09-07 00:00:00,144,148,6,5400,810500,2010-09-07 00:00:00,1
2010-09-08 00:00:00,2010-09-08 00:00:00,155,2010-09-08 00:00:00,145,150.2,16,2500,371790,2010-09-08 00:00:00,1
2010-09-13 00:00:00,2010-09-13 00:00:00,145,2010-09-13 00:00:00,140,144.7,12,5900,843920,2010-09-13 00:00:00,1
2010-09-14 00:00:00,2010-09-14 00:00:00,145,2010-09-14 00:00:00,137.5,141.7,10,50900,7002450,2010-09-14 00:00:00,1
2010-09-15 00:00:00,2010-09-15 00:00:00,145,2010-09-15 00:00:00,145,145,1,200,29000,2010-09-15 00:00:00,1
2010-09-16 00:00:00,2010-09-16 00:00:00,140,2010-09-16 00:00:00,140,140,8,3600,504000,2010-09-16 00:00:00,1
2010-09-17 00:00:00,2010-09-17 00:00:00,145,2010-09-17 00:00:00,140,140.1,14,13500,1905070,2010-09-17 00:00:00,1
2010-09-20 00:00:00,2010-09-20 00:00:00,148,2010-09-20 00:00:00,140,140.3,8,15100,2118950,2010-09-20 00:00:00,1
2010-09-21 00:00:00,2010-09-21 00:00:00,155,2010-09-21 00:00:00,141,149.6,36,48500,7239700,2010-09-21 00:00:00,1
2010-09-23 00:00:00,2010-09-23 00:00:00,154,2010-09-23 00:00:00,149,149.6,3,1200,180400,2010-09-23 00:00:00,1
2010-09-24 00:00:00,2010-09-24 00:00:00,151,2010-09-24 00:00:00,140,150.9,6,8300,1193030,2010-09-24 00:00:00,1
2010-09-27 00:00:00,2010-09-27 00:00:00,152,2010-09-27 00:00:00,152,152,1,100,15200,2010-09-27 00:00:00,1
2010-09-28 00:00:00,2010-09-28 00:00:00,141,2010-09-28 00:00:00,140,140.1,3,5500,770250,2010-09-28 00:00:00,1
2010-09-29 00:00:00,2010-09-29 00:00:00,143,2010-09-29 00:00:00,143,143,3,2100,300300,2010-09-29 00:00:00,1
2010-09-30 00:00:00,2010-09-30 00:00:00,150,2010-09-30 00:00:00,140,140,9,24200,3454310,2010-09-30 00:00:00,1
2010-10-01 00:00:00,2010-10-01 00:00:00,149.8,2010-10-01 00:00:00,140,140,8,47000,6784900,2010-10-01 00:00:00,1
2010-10-04 00:00:00,2010-10-04 00:00:00,147.4,2010-10-04 00:00:00,139,147.4,5,2300,325150,2010-10-04 00:00:00,1
2010-10-05 00:00:00,2010-10-05 00:00:00,146,2010-10-05 00:00:00,140,140,7,27200,3953700,2010-10-05 00:00:00,1
2010-10-06 00:00:00,2010-10-06 00:00:00,149.8,2010-10-06 00:00:00,140.2,146.1,15,15100,2206570,2010-10-06 00:00:00,1
2010-10-07 00:00:00,2010-10-07 00:00:00,145,2010-10-07 00:00:00,140,145,4,5500,770500,2010-10-07 00:00:00,1
2010-10-08 00:00:00,2010-10-08 00:00:00,145,2010-10-08 00:00:00,140.1,143.7,12,2200,316550,2010-10-08 00:00:00,1
2010-10-11 00:00:00,2010-10-11 00:00:00,140.2,2010-10-11 00:00:00,140.1,140.2,2,200,28030,2010-10-11 00:00:00,1
2010-10-12 00:00:00,2010-10-12 00:00:00,140,2010-10-12 00:00:00,135,140,3,10300,1441500,2010-10-12 00:00:00,1
2010-10-13 00:00:00,2010-10-13 00:00:00,150,2010-10-13 00:00:00,132.3,141.2,10,4200,583580,2010-10-13 00:00:00,1
2010-10-14 00:00:00,2010-10-14 00:00:00,140,2010-10-14 00:00:00,140,140,5,10000,1400000,2010-10-14 00:00:00,1
2010-10-15 00:00:00,2010-10-15 00:00:00,140,2010-10-15 00:00:00,140,140,9,5400,756000,2010-10-15 00:00:00,1
2010-10-18 00:00:00,2010-10-18 00:00:00,140,2010-10-18 00:00:00,135,135,2,700,97500,2010-10-18 00:00:00,1
2010-10-20 00:00:00,2010-10-20 00:00:00,140,2010-10-20 00:00:00,135.5,138,4,500,68750,2010-10-20 00:00:00,1
2010-10-21 00:00:00,2010-10-21 00:00:00,141,2010-10-21 00:00:00,135,137,5,700,96320,2010-10-21 00:00:00,1
2010-10-25 00:00:00,2010-10-25 00:00:00,135,2010-10-25 00:00:00,135,135,2,300,40500,2010-10-25 00:00:00,1
2010-10-26 00:00:00,2010-10-26 00:00:00,135,2010-10-26 00:00:00,135,135,2,600,81000,2010-10-26 00:00:00,1
2010-11-01 00:00:00,2010-11-01 00:00:00,136,2010-11-01 00:00:00,136,136,3,500,68000,2010-11-01 00:00:00,1
2010-11-02 00:00:00,2010-11-02 00:00:00,140,2010-11-02 00:00:00,131.5,133.5,11,10400,1453400,2010-11-02 00:00:00,1
2010-11-03 00:00:00,2010-11-03 00:00:00,135,2010-11-03 00:00:00,130,130.2,6,3400,444150,2010-11-03 00:00:00,1
2010-11-04 00:00:00,2010-11-04 00:00:00,135,2010-11-04 00:00:00,135,135,1,3600,486000,2010-11-04 00:00:00,1
2010-11-08 00:00:00,2010-11-08 00:00:00,135,2010-11-08 00:00:00,135,135,1,500,67500,2010-11-08 00:00:00,1
2010-11-09 00:00:00,2010-11-09 00:00:00,135,2010-11-09 00:00:00,135,135,3,2000,270000,2010-11-09 00:00:00,1
2010-11-11 00:00:00,2010-11-11 00:00:00,135,2010-11-11 00:00:00,131,133,2,2000,266000,2010-11-11 00:00:00,1
2010-11-12 00:00:00,2010-11-12 00:00:00,140,2010-11-12 00:00:00,138.5,139.9,8,3900,545550,2010-11-12 00:00:00,1
2010-11-18 00:00:00,2010-11-18 00:00:00,140,2010-11-18 00:00:00,139.9,140,3,1700,237980,2010-11-18 00:00:00,1
2010-11-23 00:00:00,2010-11-23 00:00:00,135,2010-11-23 00:00:00,135,135,2,200,27000,2010-11-23 00:00:00,1
2010-11-24 00:00:00,2010-11-24 00:00:00,139,2010-11-24 00:00:00,139,139,1,1000,139000,2010-11-24 00:00:00,1
2010-11-25 00:00:00,2010-11-25 00:00:00,135,2010-11-25 00:00:00,135,135,2,800,108000,2010-11-25 00:00:00,1
2010-11-30 00:00:00,2010-11-30 00:00:00,137,2010-11-30 00:00:00,137,137,1,100,13700,2010-11-30 00:00:00,1
2010-12-01 00:00:00,2010-12-01 00:00:00,138.3,2010-12-01 00:00:00,138.3,138.3,3,800,110640,2010-12-01 00:00:00,1
2010-12-02 00:00:00,2010-12-02 00:00:00,145,2010-12-02 00:00:00,140,140,3,400,57500,2010-12-02 00:00:00,1
2010-12-03 00:00:00,2010-12-03 00:00:00,143,2010-12-03 00:00:00,135,139,5,1400,194620,2010-12-03 00:00:00,1
2010-12-06 00:00:00,2010-12-06 00:00:00,142.8,2010-12-06 00:00:00,139,139,3,10100,1404280,2010-12-06 00:00:00,1
2010-12-07 00:00:00,2010-12-07 00:00:00,135.1,2010-12-07 00:00:00,135.1,135.1,1,400,54040,2010-12-07 00:00:00,1
2010-12-08 00:00:00,2010-12-08 00:00:00,135,2010-12-08 00:00:00,135,135,1,5000,675000,2010-12-08 00:00:00,1
2010-12-09 00:00:00,2010-12-09 00:00:00,135,2010-12-09 00:00:00,135,135,1,4000,540000,2010-12-09 00:00:00,1
2010-12-10 00:00:00,2010-12-10 00:00:00,135,2010-12-10 00:00:00,130,130.2,3,3000,390500,2010-12-10 00:00:00,1
2010-12-15 00:00:00,2010-12-15 00:00:00,135,2010-12-15 00:00:00,130,132.5,2,200,26500,2010-12-15 00:00:00,1
2010-12-16 00:00:00,2010-12-16 00:00:00,135,2010-12-16 00:00:00,135,135,1,100,13500,2010-12-16 00:00:00,1
2010-12-21 00:00:00,2010-12-21 00:00:00,133,2010-12-21 00:00:00,129,129,5,2700,348700,2010-12-21 00:00:00,1
2010-12-22 00:00:00,2010-12-22 00:00:00,150,2010-12-22 00:00:00,138,145,13,9000,1300670,2010-12-22 00:00:00,1
2010-12-27 00:00:00,2010-12-27 00:00:00,132.1,2010-12-27 00:00:00,132,132.1,2,1000,132060,2010-12-27 00:00:00,1
2010-12-28 00:00:00,2010-12-28 00:00:00,132.2,2010-12-28 00:00:00,132.2,132.2,1,100,13220,2010-12-28 00:00:00,1
2010-12-30 00:00:00,2010-12-30 00:00:00,132.2,2010-12-30 00:00:00,132.2,132.2,1,300,39660,2010-12-30 00:00:00,1
Company Id :  HDFC,,Security Type :  N,,Sub Type :  0000,,,,,,
Short Name :  HDFC,,,,,,,,,,
Day,Date High,High,Date Low,Low,Closing,No. of Trades,No. of Shares,Turnover,Last Traded,Days Traded
2010-01-04 00:00:00,2010-01-04 00:00:00,158,2010-01-04 00:00:00,150.5,156,74,26000,4016600,2010-01-04 00:00:00,1
2010-01-05 00:00:00,2010-01-05 00:00:00,159,2010-01-05 00:00:00,150.5,155,57,13200,2056125,2010-01-05 00:00:00,1
2010-01-06 00:00:00,2010-01-06 00:00:00,154,2010-01-06 00:00:00,150,150.25,25,7000,1058525,2010-01-06 00:00:00,1
2010-01-07 00:00:00,2010-01-07 00:00:00,150,2010-01-07 00:00:00,147,147.5,11,2400,356050,2010-01-07 00:00:00,1
2010-01-08 00:00:00,2010-01-08 00:00:00,149,2010-01-08 00:00:00,148.25,149,5,800,118850,2010-01-08 00:00:00,1
2010-01-11 00:00:00,2010-01-11 00:00:00,150,2010-01-11 00:00:00,146,147.5,16,3800,560575,2010-01-11 00:00:00,1
2010-01-12 00:00:00,2010-01-12 00:00:00,147,2010-01-12 00:00:00,143,144,9,3200,464550,2010-01-12 00:00:00,1
2010-01-13 00:00:00,2010-01-13 00:00:00,148.5,2010-01-13 00:00:00,142,145,14,5200,744100,2010-01-13 00:00:00,1
2010-01-15 00:00:00,2010-01-15 00:00:00,145,2010-01-15 00:00:00,144.75,144.75,7,1000,144975,2010-01-15 00:00:00,1
2010-01-18 00:00:00,2010-01-18 00:00:00,145,2010-01-18 00:00:00,140,141.5,6,1000,143600,2010-01-18 00:00:00,1
2010-01-19 00:00:00,2010-01-19 00:00:00,140.25,2010-01-19 00:00:00,136.5,137.25,12,2400,332125,2010-01-19 00:00:00,1
2010-01-20 00:00:00,2010-01-20 00:00:00,138,2010-01-20 00:00:00,137,137.5,7,1200,164800,2010-01-20 00:00:00,1
2010-01-21 00:00:00,2010-01-21 00:00:00,148,2010-01-21 00:00:00,140,144.5,23,10900,1567950,2010-01-21 00:00:00,1
2010-01-22 00:00:00,2010-01-22 00:00:00,147,2010-01-22 00:00:00,141,141,7,2000,289600,2010-01-22 00:00:00,1
2010-01-25 00:00:00,2010-01-25 00:00:00,147.5,2010-01-25 00:00:00,145,145,6,1800,262250,2010-01-25 00:00:00,1
2010-01-26 00:00:00,2010-01-26 00:00:00,145,2010-01-26 00:00:00,143.5,143.5,3,3100,449200,2010-01-26 00:00:00,1
2010-01-28 00:00:00,2010-01-28 00:00:00,143.25,2010-01-28 00:00:00,140,141.5,24,8000,1130150,2010-01-28 00:00:00,1
2010-02-01 00:00:00,2010-02-01 00:00:00,147,2010-02-01 00:00:00,143,145.25,17,6500,943150,2010-02-01 00:00:00,1
2010-02-02 00:00:00,2010-02-02 00:00:00,149,2010-02-02 00:00:00,145.25,146.25,12,5100,745425,2010-02-02 00:00:00,1
2010-02-03 00:00:00,2010-02-03 00:00:00,150,2010-02-03 00:00:00,146.75,146.75,5,1400,208300,2010-02-03 00:00:00,1
2010-02-05 00:00:00,2010-02-05 00:00:00,144,2010-02-05 00:00:00,143.5,144,6,1700,244750,2010-02-05 00:00:00,1
2010-02-08 00:00:00,2010-02-08 00:00:00,147,2010-02-08 00:00:00,143,143,28,8200,1184400,2010-02-08 00:00:00,1
2010-02-09 00:00:00,2010-02-09 00:00:00,143.25,2010-02-09 00:00:00,142,143.25,27,19900,2848900,2010-02-09 00:00:00,1
2010-02-10 00:00:00,2010-02-10 00:00:00,143,2010-02-10 00:00:00,140,140.25,18,7000,984400,2010-02-10 00:00:00,1
2010-02-11 00:00:00,2010-02-11 00:00:00,140.5,2010-02-11 00:00:00,139.25,139.5,17,4200,587550,2010-02-11 00:00:00,1
2010-02-12 00:00:00,2010-02-12 00:00:00,139.25,2010-02-12 00:00:00,135,135.75,25,4900,670525,2010-02-12 00:00:00,1
2010-02-15 00:00:00,2010-02-15 00:00:00,140,2010-02-15 00:00:00,137,140,6,1200,167600,2010-02-15 00:00:00,1
2010-02-16 00:00:00,2010-02-16 00:00:00,142.75,2010-02-16 00:00:00,140,141.25,15,4500,634300,2010-02-16 00:00:00,1
2010-02-17 00:00:00,2010-02-17 00:00:00,140.25,2010-02-17 00:00:00,135.75,135.75,10,2600,361975,2010-02-17 00:00:00,1
2010-02-18 00:00:00,2010-02-18 00:00:00,145,2010-02-18 00:00:00,137.5,138.5,15,6300,902300,2010-02-18 00:00:00,1
2010-02-19 00:00:00,2010-02-19 00:00:00,140,2010-02-19 00:00:00,136.25,139,11,1900,261575,2010-02-19 00:00:00,1
2010-02-22 00:00:00,2010-02-22 00:00:00,144,2010-02-22 00:00:00,139,140.5,14,1600,225425,2010-02-22 00:00:00,1
2010-02-23 00:00:00,2010-02-23 00:00:00,144,2010-02-23 00:00:00,140,140,5,600,85200,2010-02-23 00:00:00,1
2010-02-24 00:00:00,2010-02-24 00:00:00,139.5,2010-02-24 00:00:00,139.5,139.5,7,1300,181350,2010-02-24 00:00:00,1
2010-02-25 00:00:00,2010-02-25 00:00:00,139.25,2010-02-25 00:00:00,139.25,139.25,1,100,13925,2010-02-25 00:00:00,1
2010-02-26 00:00:00,2010-02-26 00:00:00,141,2010-02-26 00:00:00,141,141,1,1000,141000,2010-02-26 00:00:00,1
2010-03-01 00:00:00,2010-03-01 00:00:00,164.75,2010-03-01 00:00:00,142,156,334,96800,15140500,2010-03-01 00:00:00,1
2010-03-02 00:00:00,2010-03-02 00:00:00,153,2010-03-02 00:00:00,150,150.5,12,5100,767150,2010-03-02 00:00:00,1
2010-03-03 00:00:00,2010-03-03 00:00:00,148,2010-03-03 00:00:00,143,143.25,7,2000,288550,2010-03-03 00:00:00,1
2010-03-04 00:00:00,2010-03-04 00:00:00,150,2010-03-04 00:00:00,144.5,150,29,6600,978450,2010-03-04 00:00:00,1
2010-03-08 00:00:00,2010-03-08 00:00:00,147,2010-03-08 00:00:00,147,147,2,700,102900,2010-03-08 00:00:00,1
2010-03-09 00:00:00,2010-03-09 00:00:00,143.5,2010-03-09 00:00:00,143,143.5,9,3500,501950,2010-03-09 00:00:00,1
2010-03-10 00:00:00,2010-03-10 00:00:00,145,2010-03-10 00:00:00,142.5,142.75,9,3800,542450,2010-03-10 00:00:00,1
2010-03-11 00:00:00,2010-03-11 00:00:00,143,2010-03-11 00:00:00,142.25,142.25,7,1600,228050,2010-03-11 00:00:00,1
2010-03-12 00:00:00,2010-03-12 00:00:00,154.75,2010-03-12 00:00:00,143,152.25,35,12100,1838250,2010-03-12 00:00:00,1
2010-03-15 00:00:00,2010-03-15 00:00:00,157.25,2010-03-15 00:00:00,145,154,45,12300,1876200,2010-03-15 00:00:00,1
2010-03-16 00:00:00,2010-03-16 00:00:00,156,2010-03-16 00:00:00,150.25,153,47,18400,2849050,2010-03-16 00:00:00,1
2010-03-17 00:00:00,2010-03-17 00:00:00,150,2010-03-17 00:00:00,150,150,9,3700,555000,2010-03-17 00:00:00,1
2010-03-18 00:00:00,2010-03-18 00:00:00,150,2010-03-18 00:00:00,150,150,4,400,60000,2010-03-18 00:00:00,1
2010-03-19 00:00:00,2010-03-19 00:00:00,149.75,2010-03-19 00:00:00,147,149,4,400,59475,2010-03-19 00:00:00,1
2010-03-22 00:00:00,2010-03-22 00:00:00,145.75,2010-03-22 00:00:00,143,145.25,6,1300,187925,2010-03-22 00:00:00,1
2010-03-24 00:00:00,2010-03-24 00:00:00,143,2010-03-24 00:00:00,142,142.5,16,3600,512475,2010-03-24 00:00:00,1
2010-03-25 00:00:00,2010-03-25 00:00:00,145,2010-03-25 00:00:00,141,145,4,700,101100,2010-03-25 00:00:00,1
2010-03-26 00:00:00,2010-03-26 00:00:00,151,2010-03-26 00:00:00,147.5,148.5,25,3900,582450,2010-03-26 00:00:00,1
2010-03-30 00:00:00,2010-03-30 00:00:00,145,2010-03-30 00:00:00,143,143,5,800,114600,2010-03-30 00:00:00,1
2010-03-31 00:00:00,2010-03-31 00:00:00,143,2010-03-31 00:00:00,143,143,5,1300,185900,2010-03-31 00:00:00,1
2010-04-01 00:00:00,2010-04-01 00:00:00,143.5,2010-04-01 00:00:00,143,143,2,700,100350,2010-04-01 00:00:00,1
2010-04-05 00:00:00,2010-04-05 00:00:00,145,2010-04-05 00:00:00,143,143.5,5,700,101150,2010-04-05 00:00:00,1
2010-04-06 00:00:00,2010-04-06 00:00:00,154.25,2010-04-06 00:00:00,143.5,150,19,5400,809650,2010-04-06 00:00:00,1
2010-04-07 00:00:00,2010-04-07 00:00:00,153.5,2010-04-07 00:00:00,150,150,15,4100,619200,2010-04-07 00:00:00,1
2010-04-08 00:00:00,2010-04-08 00:00:00,152,2010-04-08 00:00:00,148,151.5,7,1700,254800,2010-04-08 00:00:00,1
2010-04-12 00:00:00,2010-04-12 00:00:00,158,2010-04-12 00:00:00,153,155.75,38,21300,3318425,2010-04-12 00:00:00,1
2010-04-15 00:00:00,2010-04-15 00:00:00,150,2010-04-15 00:00:00,148,150,3,1000,149800,2010-04-15 00:00:00,1
2010-04-16 00:00:00,2010-04-16 00:00:00,154,2010-04-16 00:00:00,150,153.25,10,4300,658825,2010-04-16 00:00:00,1
2010-04-19 00:00:00,2010-04-19 00:00:00,151,2010-04-19 00:00:00,149.25,150.5,24,8400,1260575,2010-04-19 00:00:00,1
2010-04-20 00:00:00,2010-04-20 00:00:00,155,2010-04-20 00:00:00,146.5,148.75,19,4700,701925,2010-04-20 00:00:00,1
2010-04-21 00:00:00,2010-04-21 00:00:00,150.25,2010-04-21 00:00:00,147,148,15,2800,416800,2010-04-21 00:00:00,1
2010-04-22 00:00:00,2010-04-22 00:00:00,150,2010-04-22 00:00:00,147.25,147.5,9,9700,1431175,2010-04-22 00:00:00,1
2010-04-23 00:00:00,2010-04-23 00:00:00,154.5,2010-04-23 00:00:00,148,149.25,35,23900,3582200,2010-04-23 00:00:00,1
2010-04-26 00:00:00,2010-04-26 00:00:00,150.25,2010-04-26 00:00:00,149.25,149.25,8,1500,224950,2010-04-26 00:00:00,1
2010-04-27 00:00:00,2010-04-27 00:00:00,150,2010-04-27 00:00:00,148.25,148.75,13,6200,924775,2010-04-27 00:00:00,1
2010-04-29 00:00:00,2010-04-29 00:00:00,150,2010-04-29 00:00:00,148.25,150,8,800,118775,2010-04-29 00:00:00,1
2010-04-30 00:00:00,2010-04-30 00:00:00,149,2010-04-30 00:00:00,148.5,149,12,4400,655050,2010-04-30 00:00:00,1
2010-05-03 00:00:00,2010-05-03 00:00:00,150,2010-05-03 00:00:00,150,150,17,10500,1575000,2010-05-03 00:00:00,1
2010-05-04 00:00:00,2010-05-04 00:00:00,150,2010-05-04 00:00:00,149,149.25,20,8900,1334500,2010-05-04 00:00:00,1
2010-05-05 00:00:00,2010-05-05 00:00:00,155,2010-05-05 00:00:00,149.25,149.25,56,43900,6602275,2010-05-05 00:00:00,1
2010-05-06 00:00:00,2010-05-06 00:00:00,152,2010-05-06 00:00:00,150,151,48,22000,3308025,2010-05-06 00:00:00,1
2010-05-07 00:00:00,2010-05-07 00:00:00,159,2010-05-07 00:00:00,154,154.75,104,35200,5501025,2010-05-07 00:00:00,1
2010-05-10 00:00:00,2010-05-10 00:00:00,158.5,2010-05-10 00:00:00,152,153.25,45,16100,2514225,2010-05-10 00:00:00,1
2010-05-11 00:00:00,2010-05-11 00:00:00,162.25,2010-05-11 00:00:00,152.5,160.25,189,124100,19777525,2010-05-11 00:00:00,1
2010-05-12 00:00:00,2010-05-12 00:00:00,171,2010-05-12 00:00:00,161,168.75,318,170600,28585350,2010-05-12 00:00:00,1
2010-05-13 00:00:00,2010-05-13 00:00:00,169.5,2010-05-13 00:00:00,161.5,162.5,27,9500,1566825,2010-05-13 00:00:00,1
2010-05-14 00:00:00,2010-05-14 00:00:00,165,2010-05-14 00:00:00,160,164,32,8500,1383050,2010-05-14 00:00:00,1
2010-05-17 00:00:00,2010-05-17 00:00:00,174,2010-05-17 00:00:00,165,169.5,153,79000,13467225,2010-05-17 00:00:00,1
2010-05-18 00:00:00,2010-05-18 00:00:00,176,2010-05-18 00:00:00,169.25,170.25,125,61000,10528750,2010-05-18 00:00:00,1
2010-05-19 00:00:00,2010-05-19 00:00:00,172,2010-05-19 00:00:00,168,169.5,56,20700,3517200,2010-05-19 00:00:00,1
2010-05-20 00:00:00,2010-05-20 00:00:00,174,2010-05-20 00:00:00,169.5,170.75,45,43200,7368750,2010-05-20 00:00:00,1
2010-05-21 00:00:00,2010-05-21 00:00:00,177.75,2010-05-21 00:00:00,172,175.5,132,74600,13109850,2010-05-21 00:00:00,1
2010-05-24 00:00:00,2010-05-24 00:00:00,175.5,2010-05-24 00:00:00,171.25,171.75,23,11400,1973425,2010-05-24 00:00:00,1
2010-05-25 00:00:00,2010-05-25 00:00:00,172,2010-05-25 00:00:00,169.5,169.5,20,8500,1441600,2010-05-25 00:00:00,1
2010-05-26 00:00:00,2010-05-26 00:00:00,170,2010-05-26 00:00:00,167,170,13,4800,811475,2010-05-26 00:00:00,1
2010-05-31 00:00:00,2010-05-31 00:00:00,171.5,2010-05-31 00:00:00,169.5,170,19,19600,3343350,2010-05-31 00:00:00,1
2010-06-01 00:00:00,2010-06-01 00:00:00,171,2010-06-01 00:00:00,167,169.25,9,2300,388550,2010-06-01 00:00:00,1
2010-06-02 00:00:00,2010-06-02 00:00:00,172.75,2010-06-02 00:00:00,167,170,26,11400,1936500,2010-06-02 00:00:00,1
2010-06-03 00:00:00,2010-06-03 00:00:00,174,2010-06-03 00:00:00,168.25,172.5,38,28900,4954000,2010-06-03 00:00:00,1
2010-06-04 00:00:00,2010-06-04 00:00:00,192.75,2010-06-04 00:00:00,174.75,189.75,248,193200,35189875,2010-06-04 00:00:00,1
2010-06-07 00:00:00,2010-06-07 00:00:00,196.75,2010-06-07 00:00:00,192,195,166,159500,30966750,2010-06-07 00:00:00,1
2010-06-08 00:00:00,2010-06-08 00:00:00,198.75,2010-06-08 00:00:00,190.25,193.75,91,53600,10472825,2010-06-08 00:00:00,1
2010-06-09 00:00:00,2010-06-09 00:00:00,195,2010-06-09 00:00:00,191.75,192.25,47,15100,2910850,2010-06-09 00:00:00,1
2010-06-10 00:00:00,2010-06-10 00:00:00,193,2010-06-10 00:00:00,190,191.25,41,22500,4300475,2010-06-10 00:00:00,1
2010-06-11 00:00:00,2010-06-11 00:00:00,195,2010-06-11 00:00:00,188,192.5,35,30900,5924400,2010-06-11 00:00:00,1
2010-06-14 00:00:00,2010-06-14 00:00:00,205,2010-06-14 00:00:00,195,200.5,144,89300,17965375,2010-06-14 00:00:00,1
2010-06-15 00:00:00,2010-06-15 00:00:00,204.5,2010-06-15 00:00:00,198,203.25,60,39500,7951825,2010-06-15 00:00:00,1
2010-06-16 00:00:00,2010-06-16 00:00:00,230,2010-06-16 00:00:00,203.25,224.5,246,184200,40493725,2010-06-16 00:00:00,1
2010-06-17 00:00:00,2010-06-17 00:00:00,260,2010-06-17 00:00:00,230,258.25,377,210500,51614275,2010-06-17 00:00:00,1
2010-06-21 00:00:00,2010-06-21 00:00:00,270,2010-06-21 00:00:00,252,259.25,180,88000,22876775,2010-06-21 00:00:00,1
2010-06-22 00:00:00,2010-06-22 00:00:00,265.25,2010-06-22 00:00:00,258,262.25,111,92600,24232825,2010-06-22 00:00:00,1
2010-06-23 00:00:00,2010-06-23 00:00:00,285,2010-06-23 00:00:00,262,275.25,227,112700,30478300,2010-06-23 00:00:00,1
2010-06-24 00:00:00,2010-06-24 00:00:00,315,2010-06-24 00:00:00,285,310,461,308800,91757475,2010-06-24 00:00:00,1
2010-06-28 00:00:00,2010-06-28 00:00:00,323,2010-06-28 00:00:00,286,293.5,175,84400,26024700,2010-06-28 00:00:00,1
2010-06-29 00:00:00,2010-06-29 00:00:00,306,2010-06-29 00:00:00,294,295.5,118,129600,38794375,2010-06-29 00:00:00,1
2010-06-30 00:00:00,2010-06-30 00:00:00,298.25,2010-06-30 00:00:00,280,281.25,83,39200,11190525,2010-06-30 00:00:00,1
2010-07-01 00:00:00,2010-07-01 00:00:00,280,2010-07-01 00:00:00,265,269,88,68400,18391800,2010-07-01 00:00:00,1
2010-07-02 00:00:00,2010-07-02 00:00:00,270,2010-07-02 00:00:00,264,265.25,38,31900,8458825,2010-07-02 00:00:00,1
2010-07-05 00:00:00,2010-07-05 00:00:00,280,2010-07-05 00:00:00,264,276,122,80000,21494775,2010-07-05 00:00:00,1
2010-07-06 00:00:00,2010-07-06 00:00:00,273,2010-07-06 00:00:00,265.5,266.75,21,9500,2536075,2010-07-06 00:00:00,1
2010-07-07 00:00:00,2010-07-07 00:00:00,270,2010-07-07 00:00:00,263,264.25,84,65600,17362000,2010-07-07 00:00:00,1
2010-07-08 00:00:00,2010-07-08 00:00:00,269,2010-07-08 00:00:00,263,265,30,8600,2278925,2010-07-08 00:00:00,1
2010-07-09 00:00:00,2010-07-09 00:00:00,270,2010-07-09 00:00:00,265.5,265.75,33,13300,3539650,2010-07-09 00:00:00,1
2010-07-12 00:00:00,2010-07-12 00:00:00,270,2010-07-12 00:00:00,265,266,31,27100,7207300,2010-07-12 00:00:00,1
2010-07-13 00:00:00,2010-07-13 00:00:00,270,2010-07-13 00:00:00,266,269.25,30,24800,6645025,2010-07-13 00:00:00,1
2010-07-14 00:00:00,2010-07-14 00:00:00,274,2010-07-14 00:00:00,268,270.5,29,26600,7184100,2010-07-14 00:00:00,1
2010-07-15 00:00:00,2010-07-15 00:00:00,290,2010-07-15 00:00:00,270,290,93,157300,44762125,2010-07-15 00:00:00,1
2010-07-16 00:00:00,2010-07-16 00:00:00,293,2010-07-16 00:00:00,289,290,44,29100,8450000,2010-07-16 00:00:00,1
2010-07-19 00:00:00,2010-07-19 00:00:00,293,2010-07-19 00:00:00,290,290,30,25400,7367500,2010-07-19 00:00:00,1
2010-07-20 00:00:00,2010-07-20 00:00:00,291,2010-07-20 00:00:00,288,290.25,50,73900,21435475,2010-07-20 00:00:00,1
2010-07-21 00:00:00,2010-07-21 00:00:00,292,2010-07-21 00:00:00,285,291.5,30,15000,4367475,2010-07-21 00:00:00,1
2010-07-22 00:00:00,2010-07-22 00:00:00,292,2010-07-22 00:00:00,290,291,26,12400,3603375,2010-07-22 00:00:00,1
2010-07-23 00:00:00,2010-07-23 00:00:00,294,2010-07-23 00:00:00,290,290.25,36,20500,5958650,2010-07-23 00:00:00,1
2010-07-26 00:00:00,2010-07-26 00:00:00,303,2010-07-26 00:00:00,292,300,68,28600,8531800,2010-07-26 00:00:00,1
2010-07-27 00:00:00,2010-07-27 00:00:00,313.75,2010-07-27 00:00:00,300,311,147,63600,19695375,2010-07-27 00:00:00,1
2010-07-28 00:00:00,2010-07-28 00:00:00,313.5,2010-07-28 00:00:00,310,310.75,26,12500,3887150,2010-07-28 00:00:00,1
2010-07-29 00:00:00,2010-07-29 00:00:00,312.5,2010-07-29 00:00:00,310,310,79,41400,12862575,2010-07-29 00:00:00,1
2010-07-30 00:00:00,2010-07-30 00:00:00,313,2010-07-30 00:00:00,310,310,31,13200,4102575,2010-07-30 00:00:00,1
2010-08-02 00:00:00,2010-08-02 00:00:00,306.1,2010-08-02 00:00:00,300,300,12,4500,1356650,2010-08-02 00:00:00,1
2010-08-03 00:00:00,2010-08-03 00:00:00,309.5,2010-08-03 00:00:00,300.1,307.3,22,9200,2797590,2010-08-03 00:00:00,1
2010-08-04 00:00:00,2010-08-04 00:00:00,312,2010-08-04 00:00:00,300,308.3,42,27900,8594140,2010-08-04 00:00:00,1
2010-08-05 00:00:00,2010-08-05 00:00:00,312,2010-08-05 00:00:00,280,305.4,80,39500,12000080,2010-08-05 00:00:00,1
2010-08-06 00:00:00,2010-08-06 00:00:00,310.6,2010-08-06 00:00:00,305,307.8,86,54600,16905010,2010-08-06 00:00:00,1
2010-08-09 00:00:00,2010-08-09 00:00:00,311,2010-08-09 00:00:00,305,310.3,164,101200,31325390,2010-08-09 00:00:00,1
2010-08-10 00:00:00,2010-08-10 00:00:00,341.3,2010-08-10 00:00:00,300,337.2,83,936600,290682590,2010-08-10 00:00:00,1
2010-08-11 00:00:00,2010-08-11 00:00:00,369,2010-08-11 00:00:00,340,340,82,24300,8501700,2010-08-11 00:00:00,1
2010-08-12 00:00:00,2010-08-12 00:00:00,350,2010-08-12 00:00:00,330.1,333.4,7,1200,406510,2010-08-12 00:00:00,1
2010-08-13 00:00:00,2010-08-13 00:00:00,336.9,2010-08-13 00:00:00,315,318.3,49,17800,5702240,2010-08-13 00:00:00,1
2010-08-16 00:00:00,2010-08-16 00:00:00,338,2010-08-16 00:00:00,330,334.1,58,18600,6223960,2010-08-16 00:00:00,1
2010-08-17 00:00:00,2010-08-17 00:00:00,340,2010-08-17 00:00:00,335,337.7,29,15100,5118970,2010-08-17 00:00:00,1
2010-08-18 00:00:00,2010-08-18 00:00:00,371.4,2010-08-18 00:00:00,335.1,363,114,77000,27356040,2010-08-18 00:00:00,1
2010-08-19 00:00:00,2010-08-19 00:00:00,399.3,2010-08-19 00:00:00,365,398.7,90,27900,10732280,2010-08-19 00:00:00,1
2010-08-20 00:00:00,2010-08-20 00:00:00,430,2010-08-20 00:00:00,380,398.2,108,36500,14526240,2010-08-20 00:00:00,1
2010-08-23 00:00:00,2010-08-23 00:00:00,425,2010-08-23 00:00:00,410,414.4,71,14900,6265780,2010-08-23 00:00:00,1
2010-08-25 00:00:00,2010-08-25 00:00:00,430,2010-08-25 00:00:00,405,414.6,44,10800,4487420,2010-08-25 00:00:00,1
2010-08-26 00:00:00,2010-08-26 00:00:00,409,2010-08-26 00:00:00,400,400,14,6700,2729530,2010-08-26 00:00:00,1
2010-08-27 00:00:00,2010-08-27 00:00:00,399.8,2010-08-27 00:00:00,381,392.1,53,68100,26273610,2010-08-27 00:00:00,1
2010-08-30 00:00:00,2010-08-30 00:00:00,400,2010-08-30 00:00:00,382,394.1,15,5600,2207960,2010-08-30 00:00:00,1
2010-08-31 00:00:00,2010-08-31 00:00:00,415,2010-08-31 00:00:00,398,400.1,40,19500,7826560,2010-08-31 00:00:00,1
2010-09-01 00:00:00,2010-09-01 00:00:00,411,2010-09-01 00:00:00,400,410.1,43,44600,18187320,2010-09-01 00:00:00,1
2010-09-02 00:00:00,2010-09-02 00:00:00,412,2010-09-02 00:00:00,400,400.8,41,9000,3655260,2010-09-02 00:00:00,1
2010-09-03 00:00:00,2010-09-03 00:00:00,412,2010-09-03 00:00:00,400,410,25,10400,4241990,2010-09-03 00:00:00,1
2010-09-06 00:00:00,2010-09-06 00:00:00,415,2010-09-06 00:00:00,409,409,11,1600,660700,2010-09-06 00:00:00,1
2010-09-07 00:00:00,2010-09-07 00:00:00,409,2010-09-07 00:00:00,400,404.5,3,700,283400,2010-09-07 00:00:00,1
2010-09-08 00:00:00,2010-09-08 00:00:00,401,2010-09-08 00:00:00,400,400,16,12900,5162950,2010-09-08 00:00:00,1
2010-09-09 00:00:00,2010-09-09 00:00:00,410,2010-09-09 00:00:00,400,406,37,12000,4880450,2010-09-09 00:00:00,1
2010-09-13 00:00:00,2010-09-13 00:00:00,406,2010-09-13 00:00:00,400,400,10,1800,726300,2010-09-13 00:00:00,1
2010-09-14 00:00:00,2010-09-14 00:00:00,420,2010-09-14 00:00:00,402,415,48,76200,31946480,2010-09-14 00:00:00,1
2010-09-15 00:00:00,2010-09-15 00:00:00,456,2010-09-15 00:00:00,410,437.6,99,73700,31179660,2010-09-15 00:00:00,1
2010-09-16 00:00:00,2010-09-16 00:00:00,437.3,2010-09-16 00:00:00,435,436.1,26,6000,2621230,2010-09-16 00:00:00,1
2010-09-17 00:00:00,2010-09-17 00:00:00,434,2010-09-17 00:00:00,418,423.4,15,2600,1109400,2010-09-17 00:00:00,1
2010-09-20 00:00:00,2010-09-20 00:00:00,440,2010-09-20 00:00:00,430,439.8,37,13200,5732400,2010-09-20 00:00:00,1
2010-09-21 00:00:00,2010-09-21 00:00:00,440,2010-09-21 00:00:00,430,432.2,35,10500,4569830,2010-09-21 00:00:00,1
2010-09-23 00:00:00,2010-09-23 00:00:00,450,2010-09-23 00:00:00,435,435.1,19,3900,1720800,2010-09-23 00:00:00,1
2010-09-24 00:00:00,2010-09-24 00:00:00,430,2010-09-24 00:00:00,420,420,7,1500,642800,2010-09-24 00:00:00,1
2010-09-27 00:00:00,2010-09-27 00:00:00,435,2010-09-27 00:00:00,420,434.7,35,45700,19824600,2010-09-27 00:00:00,1
2010-09-28 00:00:00,2010-09-28 00:00:00,435,2010-09-28 00:00:00,420,420,19,13000,5623480,2010-09-28 00:00:00,1
2010-09-29 00:00:00,2010-09-29 00:00:00,440,2010-09-29 00:00:00,420,436.4,19,13800,6016250,2010-09-29 00:00:00,1
2010-09-30 00:00:00,2010-09-30 00:00:00,435,2010-09-30 00:00:00,423.1,434.6,6,2300,997370,2010-09-30 00:00:00,1
2010-10-01 00:00:00,2010-10-01 00:00:00,460,2010-10-01 00:00:00,435,447.8,37,13300,5980010,2010-10-01 00:00:00,1
2010-10-04 00:00:00,2010-10-04 00:00:00,460,2010-10-04 00:00:00,440,440,18,3200,1434990,2010-10-04 00:00:00,1
2010-10-05 00:00:00,2010-10-05 00:00:00,454,2010-10-05 00:00:00,435,436,11,6400,2867300,2010-10-05 00:00:00,1
2010-10-06 00:00:00,2010-10-06 00:00:00,440,2010-10-06 00:00:00,435,435,28,18000,7842700,2010-10-06 00:00:00,1
2010-10-07 00:00:00,2010-10-07 00:00:00,435,2010-10-07 00:00:00,420,435,28,139800,60807510,2010-10-07 00:00:00,1
2010-10-08 00:00:00,2010-10-08 00:00:00,470,2010-10-08 00:00:00,435,465.3,61,22600,10340060,2010-10-08 00:00:00,1
2010-10-11 00:00:00,2010-10-11 00:00:00,510,2010-10-11 00:00:00,466,501.9,130,47900,23763770,2010-10-11 00:00:00,1
2010-10-12 00:00:00,2010-10-12 00:00:00,530.5,2010-10-12 00:00:00,500,501.2,170,64300,33258460,2010-10-12 00:00:00,1
2010-10-13 00:00:00,2010-10-13 00:00:00,524,2010-10-13 00:00:00,451,517.4,57,13400,6680860,2010-10-13 00:00:00,1
2010-10-14 00:00:00,2010-10-14 00:00:00,523,2010-10-14 00:00:00,500,501.1,22,5600,2827790,2010-10-14 00:00:00,1
2010-10-15 00:00:00,2010-10-15 00:00:00,509.9,2010-10-15 00:00:00,482.1,491.5,16,3700,1840600,2010-10-15 00:00:00,1
2010-10-18 00:00:00,2010-10-18 00:00:00,525,2010-10-18 00:00:00,490.5,503,24,11500,5800400,2010-10-18 00:00:00,1
2010-10-19 00:00:00,2010-10-19 00:00:00,510,2010-10-19 00:00:00,500,504.2,24,13300,6679080,2010-10-19 00:00:00,1
2010-10-20 00:00:00,2010-10-20 00:00:00,515,2010-10-20 00:00:00,510,511,6,1300,663900,2010-10-20 00:00:00,1
2010-10-21 00:00:00,2010-10-21 00:00:00,510,2010-10-21 00:00:00,500,503.3,15,4700,2354880,2010-10-21 00:00:00,1
2010-10-25 00:00:00,2010-10-25 00:00:00,512,2010-10-25 00:00:00,507,510.5,31,13500,6888100,2010-10-25 00:00:00,1
2010-10-26 00:00:00,2010-10-26 00:00:00,512,2010-10-26 00:00:00,508,509.7,81,51900,26444990,2010-10-26 00:00:00,1
2010-10-27 00:00:00,2010-10-27 00:00:00,520,2010-10-27 00:00:00,510,511,29,6800,3497180,2010-10-27 00:00:00,1
2010-10-28 00:00:00,2010-10-28 00:00:00,515,2010-10-28 00:00:00,511,514.7,12,2300,1182100,2010-10-28 00:00:00,1
2010-10-29 00:00:00,2010-10-29 00:00:00,520,2010-10-29 00:00:00,510.1,520,25,9400,4871890,2010-10-29 00:00:00,1
2010-11-01 00:00:00,2010-11-01 00:00:00,516,2010-11-01 00:00:00,516,516,6,1100,567600,2010-11-01 00:00:00,1
2010-11-02 00:00:00,2010-11-02 00:00:00,541,2010-11-02 00:00:00,510.9,535.5,78,17900,9474040,2010-11-02 00:00:00,1
2010-11-03 00:00:00,2010-11-03 00:00:00,548,2010-11-03 00:00:00,525.2,525.2,9,1200,638660,2010-11-03 00:00:00,1
2010-11-04 00:00:00,2010-11-04 00:00:00,525,2010-11-04 00:00:00,525,525,7,2500,1312500,2010-11-04 00:00:00,1
2010-11-08 00:00:00,2010-11-08 00:00:00,535,2010-11-08 00:00:00,525,533.1,17,3700,1960490,2010-11-08 00:00:00,1
2010-11-09 00:00:00,2010-11-09 00:00:00,544,2010-11-09 00:00:00,534.9,541.2,42,26300,14180210,2010-11-09 00:00:00,1
2010-11-10 00:00:00,2010-11-10 00:00:00,555,2010-11-10 00:00:00,540.1,550.2,28,8400,4626040,2010-11-10 00:00:00,1
2010-11-11 00:00:00,2010-11-11 00:00:00,555,2010-11-11 00:00:00,549,554.2,22,8600,4751600,2010-11-11 00:00:00,1
2010-11-12 00:00:00,2010-11-12 00:00:00,557.8,2010-11-12 00:00:00,550,555.6,5,800,443900,2010-11-12 00:00:00,1
2010-11-15 00:00:00,2010-11-15 00:00:00,550,2010-11-15 00:00:00,540,540.1,11,1300,709030,2010-11-15 00:00:00,1
2010-11-16 00:00:00,2010-11-16 00:00:00,540.1,2010-11-16 00:00:00,530,540.1,21,3400,1816090,2010-11-16 00:00:00,1
2010-11-18 00:00:00,2010-11-18 00:00:00,555,2010-11-18 00:00:00,540,549.9,26,6000,3303860,2010-11-18 00:00:00,1
2010-11-22 00:00:00,2010-11-22 00:00:00,554,2010-11-22 00:00:00,550,553,21,5600,3081740,2010-11-22 00:00:00,1
2010-11-23 00:00:00,2010-11-23 00:00:00,553,2010-11-23 00:00:00,550,550,21,6700,3688160,2010-11-23 00:00:00,1
2010-11-24 00:00:00,2010-11-24 00:00:00,552,2010-11-24 00:00:00,550,550.1,26,5200,2861270,2010-11-24 00:00:00,1
2010-11-25 00:00:00,2010-11-25 00:00:00,550,2010-11-25 00:00:00,545,547,4,500,273500,2010-11-25 00:00:00,1
2010-11-26 00:00:00,2010-11-26 00:00:00,530,2010-11-26 00:00:00,530,530,3,300,159000,2010-11-26 00:00:00,1
2010-11-29 00:00:00,2010-11-29 00:00:00,540,2010-11-29 00:00:00,525,535.7,22,5700,3047960,2010-11-29 00:00:00,1
2010-11-30 00:00:00,2010-11-30 00:00:00,549.9,2010-11-30 00:00:00,535,540.7,11,2300,1243580,2010-11-30 00:00:00,1
2010-12-01 00:00:00,2010-12-01 00:00:00,550,2010-12-01 00:00:00,548,549.8,23,11400,6266650,2010-12-01 00:00:00,1
2010-12-02 00:00:00,2010-12-02 00:00:00,550,2010-12-02 00:00:00,547,548.5,13,10200,5604100,2010-12-02 00:00:00,1
2010-12-03 00:00:00,2010-12-03 00:00:00,550,2010-12-03 00:00:00,540,549.1,15,5800,3178760,2010-12-03 00:00:00,1
2010-12-06 00:00:00,2010-12-06 00:00:00,575,2010-12-06 00:00:00,550,571.1,63,173500,98771190,2010-12-06 00:00:00,1
2010-12-07 00:00:00,2010-12-07 00:00:00,600,2010-12-07 00:00:00,575,599.3,43,8800,5249770,2010-12-07 00:00:00,1
2010-12-08 00:00:00,2010-12-08 00:00:00,599.9,2010-12-08 00:00:00,586,594.3,6,1200,715100,2010-12-08 00:00:00,1
2010-12-09 00:00:00,2010-12-09 00:00:00,598,2010-12-09 00:00:00,586.2,586.2,5,800,475240,2010-12-09 00:00:00,1
2010-12-10 00:00:00,2010-12-10 00:00:00,593.5,2010-12-10 00:00:00,590,590.5,7,5500,3247750,2010-12-10 00:00:00,1
2010-12-13 00:00:00,2010-12-13 00:00:00,590,2010-12-13 00:00:00,585,585,9,1800,1057270,2010-12-13 00:00:00,1
2010-12-14 00:00:00,2010-12-14 00:00:00,580.1,2010-12-14 00:00:00,580,580,2,600,348050,2010-12-14 00:00:00,1
2010-12-15 00:00:00,2010-12-15 00:00:00,542.1,2010-12-15 00:00:00,540,541.6,3,500,270810,2010-12-15 00:00:00,1
2010-12-16 00:00:00,2010-12-16 00:00:00,550.2,2010-12-16 00:00:00,550,550,3,500,275020,2010-12-16 00:00:00,1
2010-12-21 00:00:00,2010-12-21 00:00:00,550.1,2010-12-21 00:00:00,550,550.1,2,900,495010,2010-12-21 00:00:00,1
2010-12-22 00:00:00,2010-12-22 00:00:00,560,2010-12-22 00:00:00,555,560,3,1000,556000,2010-12-22 00:00:00,1
2010-12-23 00:00:00,2010-12-23 00:00:00,560,2010-12-23 00:00:00,559.9,560,3,1200,671990,2010-12-23 00:00:00,1
2010-12-24 00:00:00,2010-12-24 00:00:00,570,2010-12-24 00:00:00,570,570,1,500,285000,2010-12-24 00:00:00,1
2010-12-28 00:00:00,2010-12-28 00:00:00,565,2010-12-28 00:00:00,552.6,565,3,300,168260,2010-12-28 00:00:00,1
2010-12-29 00:00:00,2010-12-29 00:00:00,560,2010-12-29 00:00:00,554,557,2,200,111400,2010-12-29 00:00:00,1
2010-12-30 00:00:00,2010-12-30 00:00:00,555,2010-12-30 00:00:00,540,550,14,10900,6019050,2010-12-30 00:00:00,1
2010-12-31 00:00:00,2010-12-31 00:00:00,555,2010-12-31 00:00:00,550,550,9,4500,2476530,2010-12-31 00:00:00,1
Company Id :  HEXP,,Security Type :  N,,Sub Type :  0000,,,,,,
Short Name :  HAYLEYS EXPORTS,,,,,,,,,,
Day,Date High,High,Date Low,Low,Closing,No. of Trades,No. of Shares,Turnover,Last Traded,Days Traded
2010-01-04 00:00:00,2010-01-04 00:00:00,39,2010-01-04 00:00:00,36,39,183,290800,11019675,2010-01-04 00:00:00,1
2010-01-05 00:00:00,2010-01-05 00:00:00,39.5,2010-01-05 00:00:00,38.75,39,69,124400,4864950,2010-01-05 00:00:00,1
2010-01-06 00:00:00,2010-01-06 00:00:00,39,2010-01-06 00:00:00,38,38.5,33,51400,1988825,2010-01-06 00:00:00,1
2010-01-07 00:00:00,2010-01-07 00:00:00,38.5,2010-01-07 00:00:00,37.25,38.25,19,27300,1036200,2010-01-07 00:00:00,1
2010-01-08 00:00:00,2010-01-08 00:00:00,38.5,2010-01-08 00:00:00,37,38,7,4500,172225,2010-01-08 00:00:00,1
2010-01-11 00:00:00,2010-01-11 00:00:00,39,2010-01-11 00:00:00,38,38.5,22,18900,721400,2010-01-11 00:00:00,1
2010-01-12 00:00:00,2010-01-12 00:00:00,40,2010-01-12 00:00:00,38,39,22,24000,929625,2010-01-12 00:00:00,1
2010-01-13 00:00:00,2010-01-13 00:00:00,40,2010-01-13 00:00:00,37,39.5,7,2100,82350,2010-01-13 00:00:00,1
2010-01-15 00:00:00,2010-01-15 00:00:00,39,2010-01-15 00:00:00,38.5,38.5,6,2700,104950,2010-01-15 00:00:00,1
2010-01-18 00:00:00,2010-01-18 00:00:00,37,2010-01-18 00:00:00,35,36,7,2500,90200,2010-01-18 00:00:00,1
2010-01-19 00:00:00,2010-01-19 00:00:00,40,2010-01-19 00:00:00,37,37,7,3400,127825,2010-01-19 00:00:00,1
2010-01-20 00:00:00,2010-01-20 00:00:00,38,2010-01-20 00:00:00,38,38,1,500,19000,2010-01-20 00:00:00,1
2010-01-21 00:00:00,2010-01-21 00:00:00,38.75,2010-01-21 00:00:00,36,36.5,7,2200,81950,2010-01-21 00:00:00,1
2010-01-22 00:00:00,2010-01-22 00:00:00,39,2010-01-22 00:00:00,36.75,38.5,9,3800,141225,2010-01-22 00:00:00,1
2010-01-25 00:00:00,2010-01-25 00:00:00,39,2010-01-25 00:00:00,39,39,1,200,7800,2010-01-25 00:00:00,1
2010-01-26 00:00:00,2010-01-26 00:00:00,39,2010-01-26 00:00:00,38.5,38.75,4,1300,50425,2010-01-26 00:00:00,1
2010-01-28 00:00:00,2010-01-28 00:00:00,39,2010-01-28 00:00:00,36.5,38.75,4,3900,149575,2010-01-28 00:00:00,1
2010-02-01 00:00:00,2010-02-01 00:00:00,40,2010-02-01 00:00:00,38.75,40,21,18500,732825,2010-02-01 00:00:00,1
2010-02-02 00:00:00,2010-02-02 00:00:00,42,2010-02-02 00:00:00,39,40.25,27,38000,1527250,2010-02-02 00:00:00,1
2010-02-03 00:00:00,2010-02-03 00:00:00,41.75,2010-02-03 00:00:00,40,41,11,15300,616575,2010-02-03 00:00:00,1
2010-02-05 00:00:00,2010-02-05 00:00:00,40.25,2010-02-05 00:00:00,40,40.25,5,2300,92525,2010-02-05 00:00:00,1
2010-02-08 00:00:00,2010-02-08 00:00:00,41.5,2010-02-08 00:00:00,40.25,41,18,14200,581350,2010-02-08 00:00:00,1
2010-02-09 00:00:00,2010-02-09 00:00:00,41.25,2010-02-09 00:00:00,40,40,13,12900,522775,2010-02-09 00:00:00,1
2010-02-10 00:00:00,2010-02-10 00:00:00,40.25,2010-02-10 00:00:00,40,40,9,6500,260500,2010-02-10 00:00:00,1
2010-02-11 00:00:00,2010-02-11 00:00:00,40,2010-02-11 00:00:00,40,40,4,2500,100000,2010-02-11 00:00:00,1
2010-02-12 00:00:00,2010-02-12 00:00:00,40,2010-02-12 00:00:00,40,40,7,8400,336000,2010-02-12 00:00:00,1
2010-02-15 00:00:00,2010-02-15 00:00:00,41.25,2010-02-15 00:00:00,39.75,40,17,26500,1081250,2010-02-15 00:00:00,1
2010-02-18 00:00:00,2010-02-18 00:00:00,37.25,2010-02-18 00:00:00,37.25,37.25,1,100,3725,2010-02-18 00:00:00,1
2010-02-19 00:00:00,2010-02-19 00:00:00,40.25,2010-02-19 00:00:00,38,38,2,600,23025,2010-02-19 00:00:00,1
2010-02-23 00:00:00,2010-02-23 00:00:00,39.5,2010-02-23 00:00:00,39,39.25,4,3200,125650,2010-02-23 00:00:00,1
2010-02-26 00:00:00,2010-02-26 00:00:00,42.25,2010-02-26 00:00:00,39.25,41,11,27500,1128475,2010-02-26 00:00:00,1
2010-03-01 00:00:00,2010-03-01 00:00:00,42.25,2010-03-01 00:00:00,38.75,38.75,3,400,16525,2010-03-01 00:00:00,1
2010-03-02 00:00:00,2010-03-02 00:00:00,41,2010-03-02 00:00:00,39,40,21,28600,1142350,2010-03-02 00:00:00,1
2010-03-03 00:00:00,2010-03-03 00:00:00,41.25,2010-03-03 00:00:00,39,41,4,16800,689875,2010-03-03 00:00:00,1
2010-03-05 00:00:00,2010-03-05 00:00:00,41,2010-03-05 00:00:00,39,41,11,23600,963175,2010-03-05 00:00:00,1
2010-03-08 00:00:00,2010-03-08 00:00:00,40,2010-03-08 00:00:00,39,39.5,10,11400,446250,2010-03-08 00:00:00,1
2010-03-09 00:00:00,2010-03-09 00:00:00,41,2010-03-09 00:00:00,39.5,40,4,2400,95525,2010-03-09 00:00:00,1
2010-03-10 00:00:00,2010-03-10 00:00:00,40,2010-03-10 00:00:00,40,40,10,9000,360000,2010-03-10 00:00:00,1
2010-03-11 00:00:00,2010-03-11 00:00:00,40.75,2010-03-11 00:00:00,40,40.25,4,3300,132525,2010-03-11 00:00:00,1
2010-03-12 00:00:00,2010-03-12 00:00:00,39.5,2010-03-12 00:00:00,39.5,39.5,1,100,3950,2010-03-12 00:00:00,1
2010-03-15 00:00:00,2010-03-15 00:00:00,38.75,2010-03-15 00:00:00,38.75,38.75,1,2000,77500,2010-03-15 00:00:00,1
2010-03-16 00:00:00,2010-03-16 00:00:00,39,2010-03-16 00:00:00,38.75,39,2,1100,42775,2010-03-16 00:00:00,1
2010-03-17 00:00:00,2010-03-17 00:00:00,39.5,2010-03-17 00:00:00,39.5,39.5,1,500,19750,2010-03-17 00:00:00,1
2010-03-18 00:00:00,2010-03-18 00:00:00,39.5,2010-03-18 00:00:00,39.5,39.5,3,2500,98750,2010-03-18 00:00:00,1
2010-03-19 00:00:00,2010-03-19 00:00:00,39.5,2010-03-19 00:00:00,39,39.25,5,7300,286950,2010-03-19 00:00:00,1
2010-03-22 00:00:00,2010-03-22 00:00:00,39,2010-03-22 00:00:00,39,39,2,500,19500,2010-03-22 00:00:00,1
2010-03-25 00:00:00,2010-03-25 00:00:00,38,2010-03-25 00:00:00,38,38,2,1000,38000,2010-03-25 00:00:00,1
2010-03-30 00:00:00,2010-03-30 00:00:00,35,2010-03-30 00:00:00,35,35,1,300,10500,2010-03-30 00:00:00,1
2010-03-31 00:00:00,2010-03-31 00:00:00,40,2010-03-31 00:00:00,35,38.5,2,700,27000,2010-03-31 00:00:00,1
2010-04-01 00:00:00,2010-04-01 00:00:00,38,2010-04-01 00:00:00,38,38,2,5000,190000,2010-04-01 00:00:00,1
2010-04-06 00:00:00,2010-04-06 00:00:00,40.25,2010-04-06 00:00:00,38,40.25,35,57300,2297375,2010-04-06 00:00:00,1
2010-04-07 00:00:00,2010-04-07 00:00:00,40.75,2010-04-07 00:00:00,40,40,4,6000,243750,2010-04-07 00:00:00,1
2010-04-08 00:00:00,2010-04-08 00:00:00,44.75,2010-04-08 00:00:00,40,40.75,29,194000,7906350,2010-04-08 00:00:00,1
2010-04-12 00:00:00,2010-04-12 00:00:00,45,2010-04-12 00:00:00,44,44,34,69700,3067850,2010-04-12 00:00:00,1
2010-04-15 00:00:00,2010-04-15 00:00:00,43.5,2010-04-15 00:00:00,43.5,43.5,4,4300,187050,2010-04-15 00:00:00,1
2010-04-19 00:00:00,2010-04-19 00:00:00,44,2010-04-19 00:00:00,43.5,43.75,16,123700,5424575,2010-04-19 00:00:00,1
2010-04-21 00:00:00,2010-04-21 00:00:00,43.75,2010-04-21 00:00:00,42.75,43.5,5,1100,47725,2010-04-21 00:00:00,1
2010-04-22 00:00:00,2010-04-22 00:00:00,43.5,2010-04-22 00:00:00,43.5,43.5,2,300,13050,2010-04-22 00:00:00,1
2010-04-23 00:00:00,2010-04-23 00:00:00,43.5,2010-04-23 00:00:00,42.5,42.5,8,3300,141850,2010-04-23 00:00:00,1
2010-04-26 00:00:00,2010-04-26 00:00:00,46.75,2010-04-26 00:00:00,42.75,46.25,32,36100,1639100,2010-04-26 00:00:00,1
2010-04-27 00:00:00,2010-04-27 00:00:00,46,2010-04-27 00:00:00,42.5,42.5,7,7100,307350,2010-04-27 00:00:00,1
2010-04-29 00:00:00,2010-04-29 00:00:00,50,2010-04-29 00:00:00,45,47.5,24,58800,2879325,2010-04-29 00:00:00,1
2010-04-30 00:00:00,2010-04-30 00:00:00,47.5,2010-04-30 00:00:00,47.5,47.5,2,500,23750,2010-04-30 00:00:00,1
2010-05-03 00:00:00,2010-05-03 00:00:00,49.5,2010-05-03 00:00:00,47.5,48,26,23400,1127825,2010-05-03 00:00:00,1
2010-05-04 00:00:00,2010-05-04 00:00:00,47,2010-05-04 00:00:00,46,46.25,9,6300,291950,2010-05-04 00:00:00,1
2010-05-05 00:00:00,2010-05-05 00:00:00,48,2010-05-05 00:00:00,46,46.25,15,20700,966000,2010-05-05 00:00:00,1
2010-05-06 00:00:00,2010-05-06 00:00:00,47.75,2010-05-06 00:00:00,47.75,47.75,2,1100,52525,2010-05-06 00:00:00,1
2010-05-07 00:00:00,2010-05-07 00:00:00,48,2010-05-07 00:00:00,45.25,45.25,13,11000,501625,2010-05-07 00:00:00,1
2010-05-10 00:00:00,2010-05-10 00:00:00,47.25,2010-05-10 00:00:00,46.25,47,5,1700,79900,2010-05-10 00:00:00,1
2010-05-11 00:00:00,2010-05-11 00:00:00,46,2010-05-11 00:00:00,44.75,45,17,24400,1103475,2010-05-11 00:00:00,1
2010-05-12 00:00:00,2010-05-12 00:00:00,45,2010-05-12 00:00:00,44,44.75,5,8500,382000,2010-05-12 00:00:00,1
2010-05-13 00:00:00,2010-05-13 00:00:00,47.25,2010-05-13 00:00:00,46.5,47.25,2,2600,122775,2010-05-13 00:00:00,1
2010-05-14 00:00:00,2010-05-14 00:00:00,46.5,2010-05-14 00:00:00,46.25,46.5,2,1800,83500,2010-05-14 00:00:00,1
2010-05-17 00:00:00,2010-05-17 00:00:00,46,2010-05-17 00:00:00,46,46,3,22100,1016600,2010-05-17 00:00:00,1
2010-05-18 00:00:00,2010-05-18 00:00:00,46.5,2010-05-18 00:00:00,46.5,46.5,1,5000,232500,2010-05-18 00:00:00,1
2010-05-19 00:00:00,2010-05-19 00:00:00,46.5,2010-05-19 00:00:00,44,44,5,4400,199100,2010-05-19 00:00:00,1
2010-05-20 00:00:00,2010-05-20 00:00:00,45,2010-05-20 00:00:00,45,45,1,200,9000,2010-05-20 00:00:00,1
2010-05-21 00:00:00,2010-05-21 00:00:00,46,2010-05-21 00:00:00,46,46,1,100,4600,2010-05-21 00:00:00,1
2010-05-24 00:00:00,2010-05-24 00:00:00,46,2010-05-24 00:00:00,45,46,4,3500,160000,2010-05-24 00:00:00,1
2010-05-25 00:00:00,2010-05-25 00:00:00,45.75,2010-05-25 00:00:00,45.75,45.75,1,5000,228750,2010-05-25 00:00:00,1
2010-05-31 00:00:00,2010-05-31 00:00:00,44,2010-05-31 00:00:00,43,43,2,5500,241500,2010-05-31 00:00:00,1
2010-06-01 00:00:00,2010-06-01 00:00:00,43,2010-06-01 00:00:00,43,43,2,600,25800,2010-06-01 00:00:00,1
2010-06-02 00:00:00,2010-06-02 00:00:00,43,2010-06-02 00:00:00,43,43,3,5000,215000,2010-06-02 00:00:00,1
2010-06-07 00:00:00,2010-06-07 00:00:00,45,2010-06-07 00:00:00,42,43.25,11,9200,396650,2010-06-07 00:00:00,1
2010-06-08 00:00:00,2010-06-08 00:00:00,43.25,2010-06-08 00:00:00,43,43.25,9,15000,646250,2010-06-08 00:00:00,1
2010-06-10 00:00:00,2010-06-10 00:00:00,41,2010-06-10 00:00:00,41,41,2,600,24600,2010-06-10 00:00:00,1
2010-06-14 00:00:00,2010-06-14 00:00:00,43,2010-06-14 00:00:00,42,42.75,5,4600,196750,2010-06-14 00:00:00,1
2010-06-15 00:00:00,2010-06-15 00:00:00,44.75,2010-06-15 00:00:00,43,43.5,14,13100,576525,2010-06-15 00:00:00,1
2010-06-16 00:00:00,2010-06-16 00:00:00,44.5,2010-06-16 00:00:00,43.5,43.5,6,2100,91850,2010-06-16 00:00:00,1
2010-06-17 00:00:00,2010-06-17 00:00:00,42,2010-06-17 00:00:00,42,42,1,200,8400,2010-06-17 00:00:00,1
2010-06-21 00:00:00,2010-06-21 00:00:00,45,2010-06-21 00:00:00,44,44.25,14,17100,757275,2010-06-21 00:00:00,1
2010-06-22 00:00:00,2010-06-22 00:00:00,44,2010-06-22 00:00:00,43.5,43.5,5,3200,139300,2010-06-22 00:00:00,1
2010-06-23 00:00:00,2010-06-23 00:00:00,43.25,2010-06-23 00:00:00,43.25,43.25,1,200,8650,2010-06-23 00:00:00,1
2010-06-24 00:00:00,2010-06-24 00:00:00,44.75,2010-06-24 00:00:00,42,44,9,56100,2466225,2010-06-24 00:00:00,1
2010-06-28 00:00:00,2010-06-28 00:00:00,44,2010-06-28 00:00:00,43.75,43.75,6,3700,162525,2010-06-28 00:00:00,1
2010-06-29 00:00:00,2010-06-29 00:00:00,44.75,2010-06-29 00:00:00,44.75,44.75,2,1000,44750,2010-06-29 00:00:00,1
2010-06-30 00:00:00,2010-06-30 00:00:00,44.75,2010-06-30 00:00:00,44.75,44.75,2,5500,246125,2010-06-30 00:00:00,1
2010-07-01 00:00:00,2010-07-01 00:00:00,45.5,2010-07-01 00:00:00,43,45,7,5200,234025,2010-07-01 00:00:00,1
2010-07-02 00:00:00,2010-07-02 00:00:00,47.25,2010-07-02 00:00:00,46.5,47,2,500,23550,2010-07-02 00:00:00,1
2010-07-06 00:00:00,2010-07-06 00:00:00,43.5,2010-07-06 00:00:00,43.5,43.5,10,4500,195750,2010-07-06 00:00:00,1
2010-07-07 00:00:00,2010-07-07 00:00:00,43.5,2010-07-07 00:00:00,43,43.25,6,2400,103625,2010-07-07 00:00:00,1
2010-07-08 00:00:00,2010-07-08 00:00:00,43.25,2010-07-08 00:00:00,43.25,43.25,2,1100,47575,2010-07-08 00:00:00,1
2010-07-12 00:00:00,2010-07-12 00:00:00,40.25,2010-07-12 00:00:00,40.25,40.25,1,200,8050,2010-07-12 00:00:00,1
2010-07-13 00:00:00,2010-07-13 00:00:00,40.5,2010-07-13 00:00:00,40,40.25,8,3200,129025,2010-07-13 00:00:00,1
2010-07-14 00:00:00,2010-07-14 00:00:00,43,2010-07-14 00:00:00,40.25,43,7,1900,80050,2010-07-14 00:00:00,1
2010-07-20 00:00:00,2010-07-20 00:00:00,42.5,2010-07-20 00:00:00,42.5,42.5,1,1000,42500,2010-07-20 00:00:00,1
2010-07-22 00:00:00,2010-07-22 00:00:00,42,2010-07-22 00:00:00,42,42,1,3200,134400,2010-07-22 00:00:00,1
2010-07-26 00:00:00,2010-07-26 00:00:00,42.5,2010-07-26 00:00:00,42.5,42.5,1,300,12750,2010-07-26 00:00:00,1
2010-07-27 00:00:00,2010-07-27 00:00:00,42.75,2010-07-27 00:00:00,42.75,42.75,1,200,8550,2010-07-27 00:00:00,1
2010-07-28 00:00:00,2010-07-28 00:00:00,46,2010-07-28 00:00:00,43,45.5,15,18800,854675,2010-07-28 00:00:00,1
2010-07-29 00:00:00,2010-07-29 00:00:00,46,2010-07-29 00:00:00,44.75,44.75,3,2600,118850,2010-07-29 00:00:00,1
2010-07-30 00:00:00,2010-07-30 00:00:00,45,2010-07-30 00:00:00,43.5,44.75,4,1400,62550,2010-07-30 00:00:00,1
2010-08-02 00:00:00,2010-08-02 00:00:00,43,2010-08-02 00:00:00,42.1,42.9,3,1100,47210,2010-08-02 00:00:00,1
2010-08-04 00:00:00,2010-08-04 00:00:00,43,2010-08-04 00:00:00,42.6,42.8,4,1000,42920,2010-08-04 00:00:00,1
2010-08-05 00:00:00,2010-08-05 00:00:00,40,2010-08-05 00:00:00,39,40,7,14900,594600,2010-08-05 00:00:00,1
2010-08-06 00:00:00,2010-08-06 00:00:00,40,2010-08-06 00:00:00,40,40,3,1900,76000,2010-08-06 00:00:00,1
2010-08-09 00:00:00,2010-08-09 00:00:00,40,2010-08-09 00:00:00,40,40,1,100,4000,2010-08-09 00:00:00,1
2010-08-10 00:00:00,2010-08-10 00:00:00,40,2010-08-10 00:00:00,40,40,1,600,24000,2010-08-10 00:00:00,1
2010-08-11 00:00:00,2010-08-11 00:00:00,38.9,2010-08-11 00:00:00,38.9,38.9,3,500,19450,2010-08-11 00:00:00,1
2010-08-16 00:00:00,2010-08-16 00:00:00,38.7,2010-08-16 00:00:00,38.7,38.7,1,100,3870,2010-08-16 00:00:00,1
2010-08-18 00:00:00,2010-08-18 00:00:00,41,2010-08-18 00:00:00,41,41,3,2100,86100,2010-08-18 00:00:00,1
2010-08-19 00:00:00,2010-08-19 00:00:00,45,2010-08-19 00:00:00,41,44.8,16,32600,1433680,2010-08-19 00:00:00,1
2010-08-20 00:00:00,2010-08-20 00:00:00,46.3,2010-08-20 00:00:00,46,46.3,3,7300,337690,2010-08-20 00:00:00,1
2010-08-23 00:00:00,2010-08-23 00:00:00,49,2010-08-23 00:00:00,45,47.4,6,6100,288870,2010-08-23 00:00:00,1
2010-08-25 00:00:00,2010-08-25 00:00:00,49,2010-08-25 00:00:00,43,46.8,11,8300,388050,2010-08-25 00:00:00,1
2010-08-26 00:00:00,2010-08-26 00:00:00,46.7,2010-08-26 00:00:00,44,44,3,1900,84950,2010-08-26 00:00:00,1
2010-08-27 00:00:00,2010-08-27 00:00:00,47.9,2010-08-27 00:00:00,44,46.5,3,2900,130880,2010-08-27 00:00:00,1
2010-08-30 00:00:00,2010-08-30 00:00:00,46,2010-08-30 00:00:00,42,42.2,10,10400,443990,2010-08-30 00:00:00,1
2010-08-31 00:00:00,2010-08-31 00:00:00,42.7,2010-08-31 00:00:00,42.5,42.7,2,1100,46950,2010-08-31 00:00:00,1
2010-09-02 00:00:00,2010-09-02 00:00:00,46.9,2010-09-02 00:00:00,45,46.3,79,291300,13438940,2010-09-02 00:00:00,1
2010-09-03 00:00:00,2010-09-03 00:00:00,50.1,2010-09-03 00:00:00,47.5,50,85,134800,6690330,2010-09-03 00:00:00,1
2010-09-06 00:00:00,2010-09-06 00:00:00,51,2010-09-06 00:00:00,47.5,48,14,12200,612750,2010-09-06 00:00:00,1
2010-09-07 00:00:00,2010-09-07 00:00:00,47,2010-09-07 00:00:00,46,46,2,1100,51600,2010-09-07 00:00:00,1
2010-09-09 00:00:00,2010-09-09 00:00:00,45,2010-09-09 00:00:00,45,45,4,1900,85500,2010-09-09 00:00:00,1
2010-09-13 00:00:00,2010-09-13 00:00:00,45,2010-09-13 00:00:00,44,44,3,3200,143800,2010-09-13 00:00:00,1
2010-09-14 00:00:00,2010-09-14 00:00:00,45,2010-09-14 00:00:00,44,44.5,2,200,8900,2010-09-14 00:00:00,1
2010-09-15 00:00:00,2010-09-15 00:00:00,48.8,2010-09-15 00:00:00,41.5,48.2,13,10100,474560,2010-09-15 00:00:00,1
2010-09-16 00:00:00,2010-09-16 00:00:00,47,2010-09-16 00:00:00,45,45,5,6400,293400,2010-09-16 00:00:00,1
2010-09-17 00:00:00,2010-09-17 00:00:00,47.9,2010-09-17 00:00:00,45.1,47.9,7,7000,319200,2010-09-17 00:00:00,1
2010-09-20 00:00:00,2010-09-20 00:00:00,48,2010-09-20 00:00:00,46.5,46.5,9,2400,112750,2010-09-20 00:00:00,1
2010-09-21 00:00:00,2010-09-21 00:00:00,46.5,2010-09-21 00:00:00,46,46,11,5900,271900,2010-09-21 00:00:00,1
2010-09-23 00:00:00,2010-09-23 00:00:00,46.5,2010-09-23 00:00:00,46,46,3,1000,46250,2010-09-23 00:00:00,1
2010-09-24 00:00:00,2010-09-24 00:00:00,46,2010-09-24 00:00:00,45.9,46,4,4500,206980,2010-09-24 00:00:00,1
2010-09-27 00:00:00,2010-09-27 00:00:00,48,2010-09-27 00:00:00,46,46,6,10900,512000,2010-09-27 00:00:00,1
2010-09-28 00:00:00,2010-09-28 00:00:00,46,2010-09-28 00:00:00,44.7,44.7,2,3100,138700,2010-09-28 00:00:00,1
2010-09-29 00:00:00,2010-09-29 00:00:00,45.8,2010-09-29 00:00:00,41,45.8,6,3300,146050,2010-09-29 00:00:00,1
2010-09-30 00:00:00,2010-09-30 00:00:00,46,2010-09-30 00:00:00,44,44.4,5,2500,113000,2010-09-30 00:00:00,1
2010-10-01 00:00:00,2010-10-01 00:00:00,45.5,2010-10-01 00:00:00,44,44,7,4600,207190,2010-10-01 00:00:00,1
2010-10-05 00:00:00,2010-10-05 00:00:00,43.2,2010-10-05 00:00:00,43.2,43.2,1,200,8640,2010-10-05 00:00:00,1
2010-10-06 00:00:00,2010-10-06 00:00:00,46,2010-10-06 00:00:00,43.2,46,3,1300,58400,2010-10-06 00:00:00,1
2010-10-07 00:00:00,2010-10-07 00:00:00,43.2,2010-10-07 00:00:00,41.3,42.9,2,600,25730,2010-10-07 00:00:00,1
2010-10-08 00:00:00,2010-10-08 00:00:00,45,2010-10-08 00:00:00,45,45,1,100,4500,2010-10-08 00:00:00,1
2010-10-11 00:00:00,2010-10-11 00:00:00,42.6,2010-10-11 00:00:00,42.6,42.6,1,100,4260,2010-10-11 00:00:00,1
2010-10-12 00:00:00,2010-10-12 00:00:00,42.6,2010-10-12 00:00:00,39.5,39.6,9,2900,117600,2010-10-12 00:00:00,1
2010-10-13 00:00:00,2010-10-13 00:00:00,40,2010-10-13 00:00:00,39.6,40,6,1600,63600,2010-10-13 00:00:00,1
2010-10-14 00:00:00,2010-10-14 00:00:00,40,2010-10-14 00:00:00,39.1,40,2,1000,39550,2010-10-14 00:00:00,1
2010-10-15 00:00:00,2010-10-15 00:00:00,39,2010-10-15 00:00:00,38,38.4,7,2600,99730,2010-10-15 00:00:00,1
2010-10-18 00:00:00,2010-10-18 00:00:00,39,2010-10-18 00:00:00,39,39,2,400,15600,2010-10-18 00:00:00,1
2010-10-20 00:00:00,2010-10-20 00:00:00,39.5,2010-10-20 00:00:00,39.5,39.5,5,2300,90850,2010-10-20 00:00:00,1
2010-10-21 00:00:00,2010-10-21 00:00:00,39.5,2010-10-21 00:00:00,39.5,39.5,1,400,15800,2010-10-21 00:00:00,1
2010-10-25 00:00:00,2010-10-25 00:00:00,39,2010-10-25 00:00:00,38.6,38.9,3,300,11660,2010-10-25 00:00:00,1
2010-10-28 00:00:00,2010-10-28 00:00:00,38.9,2010-10-28 00:00:00,38.9,38.9,1,100,3890,2010-10-28 00:00:00,1
2010-10-29 00:00:00,2010-10-29 00:00:00,38.7,2010-10-29 00:00:00,38.6,38.6,5,1000,38630,2010-10-29 00:00:00,1
2010-11-01 00:00:00,2010-11-01 00:00:00,41,2010-11-01 00:00:00,40,41,8,1800,72350,2010-11-01 00:00:00,1
2010-11-02 00:00:00,2010-11-02 00:00:00,42,2010-11-02 00:00:00,40.1,41,13,3900,159060,2010-11-02 00:00:00,1
2010-11-03 00:00:00,2010-11-03 00:00:00,42,2010-11-03 00:00:00,42,42,1,100,4200,2010-11-03 00:00:00,1
2010-11-04 00:00:00,2010-11-04 00:00:00,42,2010-11-04 00:00:00,42,42,2,800,33600,2010-11-04 00:00:00,1
2010-11-08 00:00:00,2010-11-08 00:00:00,38.8,2010-11-08 00:00:00,38.6,38.8,3,400,15460,2010-11-08 00:00:00,1
2010-11-09 00:00:00,2010-11-09 00:00:00,38.7,2010-11-09 00:00:00,38.7,38.7,1,100,3870,2010-11-09 00:00:00,1
2010-11-12 00:00:00,2010-11-12 00:00:00,38.7,2010-11-12 00:00:00,38.7,38.7,1,200,7740,2010-11-12 00:00:00,1
2010-11-15 00:00:00,2010-11-15 00:00:00,38.5,2010-11-15 00:00:00,38.5,38.5,1,100,3850,2010-11-15 00:00:00,1
2010-11-16 00:00:00,2010-11-16 00:00:00,35,2010-11-16 00:00:00,35,35,2,600,21000,2010-11-16 00:00:00,1
2010-11-22 00:00:00,2010-11-22 00:00:00,35.1,2010-11-22 00:00:00,35.1,35.1,2,1300,45630,2010-11-22 00:00:00,1
2010-11-25 00:00:00,2010-11-25 00:00:00,38.8,2010-11-25 00:00:00,35.3,35.4,21,9900,360060,2010-11-25 00:00:00,1
2010-11-29 00:00:00,2010-11-29 00:00:00,35.3,2010-11-29 00:00:00,35,35,6,5600,196080,2010-11-29 00:00:00,1
2010-11-30 00:00:00,2010-11-30 00:00:00,36,2010-11-30 00:00:00,36,36,1,6200,223200,2010-11-30 00:00:00,1
2010-12-01 00:00:00,2010-12-01 00:00:00,37.1,2010-12-01 00:00:00,37.1,37.1,1,100,3710,2010-12-01 00:00:00,1
2010-12-02 00:00:00,2010-12-02 00:00:00,37.4,2010-12-02 00:00:00,37.4,37.4,1,100,3740,2010-12-02 00:00:00,1
2010-12-03 00:00:00,2010-12-03 00:00:00,37.2,2010-12-03 00:00:00,37.2,37.2,1,1000,37200,2010-12-03 00:00:00,1
2010-12-08 00:00:00,2010-12-08 00:00:00,37,2010-12-08 00:00:00,37,37,1,100,3700,2010-12-08 00:00:00,1
2010-12-09 00:00:00,2010-12-09 00:00:00,36,2010-12-09 00:00:00,36,36,1,200,7200,2010-12-09 00:00:00,1
2010-12-10 00:00:00,2010-12-10 00:00:00,35,2010-12-10 00:00:00,35,35,1,100,3500,2010-12-10 00:00:00,1
2010-12-13 00:00:00,2010-12-13 00:00:00,33.1,2010-12-13 00:00:00,33,33.1,3,400,13220,2010-12-13 00:00:00,1
2010-12-15 00:00:00,2010-12-15 00:00:00,35,2010-12-15 00:00:00,33.3,33.6,3,400,13570,2010-12-15 00:00:00,1
2010-12-16 00:00:00,2010-12-16 00:00:00,33.1,2010-12-16 00:00:00,33.1,33.1,2,400,13240,2010-12-16 00:00:00,1
2010-12-17 00:00:00,2010-12-17 00:00:00,37,2010-12-17 00:00:00,33.2,37,3,1000,36620,2010-12-17 00:00:00,1
2010-12-22 00:00:00,2010-12-22 00:00:00,44.5,2010-12-22 00:00:00,35,41.8,18,10100,392220,2010-12-22 00:00:00,1
2010-12-23 00:00:00,2010-12-23 00:00:00,40.1,2010-12-23 00:00:00,40.1,40.1,1,100,4010,2010-12-23 00:00:00,1
2010-12-27 00:00:00,2010-12-27 00:00:00,41.5,2010-12-27 00:00:00,39,40.4,12,5400,220150,2010-12-27 00:00:00,1
2010-12-28 00:00:00,2010-12-28 00:00:00,42,2010-12-28 00:00:00,40,41,12,6500,266600,2010-12-28 00:00:00,1
2010-12-29 00:00:00,2010-12-29 00:00:00,41.5,2010-12-29 00:00:00,39,41.5,9,2900,118400,2010-12-29 00:00:00,1
2010-12-30 00:00:00,2010-12-30 00:00:00,41,2010-12-30 00:00:00,39,41,9,3000,119700,2010-12-30 00:00:00,1
Company Id :  HHL,,Security Type :  N,,Sub Type :  0000,,,,,,
Short Name :  HEMAS HOLDINGS,,,,,,,,,,
Day,Date High,High,Date Low,Low,Closing,No. of Trades,No. of Shares,Turnover,Last Traded,Days Traded
2010-01-04 00:00:00,2010-01-04 00:00:00,125,2010-01-04 00:00:00,124.5,124.75,6,12100,1509500,2010-01-04 00:00:00,1
2010-01-05 00:00:00,2010-01-05 00:00:00,126,2010-01-05 00:00:00,124.75,125,38,173400,21676075,2010-01-05 00:00:00,1
2010-01-06 00:00:00,2010-01-06 00:00:00,128,2010-01-06 00:00:00,125,128,11,7600,963300,2010-01-06 00:00:00,1
2010-01-07 00:00:00,2010-01-07 00:00:00,127.75,2010-01-07 00:00:00,125,125,8,281100,34330300,2010-01-07 00:00:00,1
2010-01-08 00:00:00,2010-01-08 00:00:00,126,2010-01-08 00:00:00,125,125,35,86000,10767000,2010-01-08 00:00:00,1
2010-01-11 00:00:00,2010-01-11 00:00:00,126,2010-01-11 00:00:00,123,126,19,21900,2744300,2010-01-11 00:00:00,1
2010-01-12 00:00:00,2010-01-12 00:00:00,125.25,2010-01-12 00:00:00,125,125.25,7,7900,987525,2010-01-12 00:00:00,1
2010-01-13 00:00:00,2010-01-13 00:00:00,126,2010-01-13 00:00:00,121,123.75,23,1353500,165253775,2010-01-13 00:00:00,1
2010-01-15 00:00:00,2010-01-15 00:00:00,123.75,2010-01-15 00:00:00,123.75,123.75,1,100,12375,2010-01-15 00:00:00,1
2010-01-18 00:00:00,2010-01-18 00:00:00,125,2010-01-18 00:00:00,124,124,9,3100,384900,2010-01-18 00:00:00,1
2010-01-19 00:00:00,2010-01-19 00:00:00,126,2010-01-19 00:00:00,123.75,123.75,7,3700,459075,2010-01-19 00:00:00,1
2010-01-20 00:00:00,2010-01-20 00:00:00,135,2010-01-20 00:00:00,124,124,7,8000,1018300,2010-01-20 00:00:00,1
2010-01-21 00:00:00,2010-01-21 00:00:00,129,2010-01-21 00:00:00,124,124.5,13,211000,25778950,2010-01-21 00:00:00,1
2010-01-22 00:00:00,2010-01-22 00:00:00,124,2010-01-22 00:00:00,123.75,123.75,4,500,61900,2010-01-22 00:00:00,1
2010-01-25 00:00:00,2010-01-25 00:00:00,124.25,2010-01-25 00:00:00,123.75,123.75,6,5400,669950,2010-01-25 00:00:00,1
2010-01-26 00:00:00,2010-01-26 00:00:00,124,2010-01-26 00:00:00,122.25,124,4,1000,123375,2010-01-26 00:00:00,1
2010-01-28 00:00:00,2010-01-28 00:00:00,124,2010-01-28 00:00:00,120.5,123.25,19,5600,684375,2010-01-28 00:00:00,1
2010-02-01 00:00:00,2010-02-01 00:00:00,123,2010-02-01 00:00:00,120.25,123,4,1100,133100,2010-02-01 00:00:00,1
2010-02-02 00:00:00,2010-02-02 00:00:00,125,2010-02-02 00:00:00,123,125,16,5100,633450,2010-02-02 00:00:00,1
2010-02-03 00:00:00,2010-02-03 00:00:00,125,2010-02-03 00:00:00,122.75,122.75,7,12600,1549875,2010-02-03 00:00:00,1
2010-02-08 00:00:00,2010-02-08 00:00:00,125,2010-02-08 00:00:00,123,124,31,150800,18572550,2010-02-08 00:00:00,1
2010-02-09 00:00:00,2010-02-09 00:00:00,124,2010-02-09 00:00:00,123,123,7,3200,395100,2010-02-09 00:00:00,1
2010-02-10 00:00:00,2010-02-10 00:00:00,124,2010-02-10 00:00:00,123,124,12,23400,2901250,2010-02-10 00:00:00,1
2010-02-11 00:00:00,2010-02-11 00:00:00,122,2010-02-11 00:00:00,121.75,122,9,3300,402425,2010-02-11 00:00:00,1
2010-02-12 00:00:00,2010-02-12 00:00:00,120.5,2010-02-12 00:00:00,120,120.25,9,2100,252500,2010-02-12 00:00:00,1
2010-02-15 00:00:00,2010-02-15 00:00:00,120,2010-02-15 00:00:00,120,120,8,5700,684000,2010-02-15 00:00:00,1
2010-02-16 00:00:00,2010-02-16 00:00:00,120,2010-02-16 00:00:00,120,120,10,7300,876000,2010-02-16 00:00:00,1
2010-02-17 00:00:00,2010-02-17 00:00:00,120.5,2010-02-17 00:00:00,120,120.25,4,1100,132150,2010-02-17 00:00:00,1
2010-02-18 00:00:00,2010-02-18 00:00:00,129,2010-02-18 00:00:00,120,124.5,12,22000,2735900,2010-02-18 00:00:00,1
2010-02-19 00:00:00,2010-02-19 00:00:00,120,2010-02-19 00:00:00,120,120,1,100,12000,2010-02-19 00:00:00,1
2010-02-22 00:00:00,2010-02-22 00:00:00,120.5,2010-02-22 00:00:00,120.5,120.5,1,100,12050,2010-02-22 00:00:00,1
2010-02-23 00:00:00,2010-02-23 00:00:00,124.5,2010-02-23 00:00:00,121,121,6,5400,654600,2010-02-23 00:00:00,1
2010-02-24 00:00:00,2010-02-24 00:00:00,124.5,2010-02-24 00:00:00,120.5,124.25,13,20700,2569400,2010-02-24 00:00:00,1
2010-02-25 00:00:00,2010-02-25 00:00:00,122.5,2010-02-25 00:00:00,121,122.5,4,700,85225,2010-02-25 00:00:00,1
2010-02-26 00:00:00,2010-02-26 00:00:00,124,2010-02-26 00:00:00,122.5,123.5,3,300,37050,2010-02-26 00:00:00,1
2010-03-01 00:00:00,2010-03-01 00:00:00,124,2010-03-01 00:00:00,122,124,19,20600,2553700,2010-03-01 00:00:00,1
2010-03-02 00:00:00,2010-03-02 00:00:00,124,2010-03-02 00:00:00,123,123,3,6100,751400,2010-03-02 00:00:00,1
2010-03-03 00:00:00,2010-03-03 00:00:00,122.25,2010-03-03 00:00:00,122,122,15,31300,3818750,2010-03-03 00:00:00,1
2010-03-04 00:00:00,2010-03-04 00:00:00,123,2010-03-04 00:00:00,122,123,18,139500,17149000,2010-03-04 00:00:00,1
2010-03-05 00:00:00,2010-03-05 00:00:00,123,2010-03-05 00:00:00,122,122,6,2100,256425,2010-03-05 00:00:00,1
2010-03-08 00:00:00,2010-03-08 00:00:00,124,2010-03-08 00:00:00,121,122.75,6,12300,1496450,2010-03-08 00:00:00,1
2010-03-11 00:00:00,2010-03-11 00:00:00,122.75,2010-03-11 00:00:00,122.75,122.75,1,500,61375,2010-03-11 00:00:00,1
2010-03-12 00:00:00,2010-03-12 00:00:00,121.5,2010-03-12 00:00:00,121,121.5,5,422174,50661955,2010-03-12 00:00:00,1
2010-03-15 00:00:00,2010-03-15 00:00:00,121.5,2010-03-15 00:00:00,121,121,4,1200,145300,2010-03-15 00:00:00,1
2010-03-16 00:00:00,2010-03-16 00:00:00,123.75,2010-03-16 00:00:00,122,122,3,5500,679750,2010-03-16 00:00:00,1
2010-03-17 00:00:00,2010-03-17 00:00:00,121.5,2010-03-17 00:00:00,121.5,121.5,1,100,12150,2010-03-17 00:00:00,1
2010-03-18 00:00:00,2010-03-18 00:00:00,121.25,2010-03-18 00:00:00,121,121,15,5500,665550,2010-03-18 00:00:00,1
2010-03-19 00:00:00,2010-03-19 00:00:00,121,2010-03-19 00:00:00,120.25,121,5,11400,1379175,2010-03-19 00:00:00,1
2010-03-22 00:00:00,2010-03-22 00:00:00,120,2010-03-22 00:00:00,119,119,5,2300,275700,2010-03-22 00:00:00,1
2010-03-24 00:00:00,2010-03-24 00:00:00,118,2010-03-24 00:00:00,118,118,8,31900,3764200,2010-03-24 00:00:00,1
2010-03-25 00:00:00,2010-03-25 00:00:00,118,2010-03-25 00:00:00,117.75,117.75,2,300,35350,2010-03-25 00:00:00,1
2010-03-26 00:00:00,2010-03-26 00:00:00,124.5,2010-03-26 00:00:00,118.75,121,13,7100,853725,2010-03-26 00:00:00,1
2010-03-30 00:00:00,2010-03-30 00:00:00,119.25,2010-03-30 00:00:00,119.25,119.25,1,100,11925,2010-03-30 00:00:00,1
2010-03-31 00:00:00,2010-03-31 00:00:00,120,2010-03-31 00:00:00,120,120,3,5000,600000,2010-03-31 00:00:00,1
2010-04-01 00:00:00,2010-04-01 00:00:00,120,2010-04-01 00:00:00,118.25,120,2,500,59825,2010-04-01 00:00:00,1
2010-04-05 00:00:00,2010-04-05 00:00:00,120,2010-04-05 00:00:00,118.25,118.25,4,2200,263650,2010-04-05 00:00:00,1
2010-04-06 00:00:00,2010-04-06 00:00:00,120,2010-04-06 00:00:00,118,120,39,94200,11284000,2010-04-06 00:00:00,1
2010-04-07 00:00:00,2010-04-07 00:00:00,119.25,2010-04-07 00:00:00,118,118.75,11,10500,1246250,2010-04-07 00:00:00,1
2010-04-12 00:00:00,2010-04-12 00:00:00,123.75,2010-04-12 00:00:00,122,123,5,900,110575,2010-04-12 00:00:00,1
2010-04-15 00:00:00,2010-04-15 00:00:00,123,2010-04-15 00:00:00,120,121,24,112700,13776175,2010-04-15 00:00:00,1
2010-04-16 00:00:00,2010-04-16 00:00:00,125.5,2010-04-16 00:00:00,123.5,125.25,19,37300,4664350,2010-04-16 00:00:00,1
2010-04-19 00:00:00,2010-04-19 00:00:00,125.75,2010-04-19 00:00:00,123,125,32,141400,17647775,2010-04-19 00:00:00,1
2010-04-20 00:00:00,2010-04-20 00:00:00,125,2010-04-20 00:00:00,122,122.25,94,512300,62820075,2010-04-20 00:00:00,1
2010-04-21 00:00:00,2010-04-21 00:00:00,128,2010-04-21 00:00:00,122.5,127,28,63900,8160825,2010-04-21 00:00:00,1
2010-04-22 00:00:00,2010-04-22 00:00:00,130.25,2010-04-22 00:00:00,127,130,150,675500,87375050,2010-04-22 00:00:00,1
2010-04-23 00:00:00,2010-04-23 00:00:00,138,2010-04-23 00:00:00,130,134.5,113,107600,14590850,2010-04-23 00:00:00,1
2010-04-26 00:00:00,2010-04-26 00:00:00,135,2010-04-26 00:00:00,132,132,30,30200,4053125,2010-04-26 00:00:00,1
2010-04-27 00:00:00,2010-04-27 00:00:00,132,2010-04-27 00:00:00,131,131,48,96200,12609075,2010-04-27 00:00:00,1
2010-04-29 00:00:00,2010-04-29 00:00:00,133,2010-04-29 00:00:00,131,132,26,45200,5965925,2010-04-29 00:00:00,1
2010-04-30 00:00:00,2010-04-30 00:00:00,133.75,2010-04-30 00:00:00,132,132.5,18,22600,2995725,2010-04-30 00:00:00,1
2010-05-03 00:00:00,2010-05-03 00:00:00,134,2010-05-03 00:00:00,132,133,92,507900,67284525,2010-05-03 00:00:00,1
2010-05-04 00:00:00,2010-05-04 00:00:00,134.25,2010-05-04 00:00:00,133,133.75,44,102000,13595225,2010-05-04 00:00:00,1
2010-05-05 00:00:00,2010-05-05 00:00:00,134,2010-05-05 00:00:00,133,133,60,475500,63286425,2010-05-05 00:00:00,1
2010-05-06 00:00:00,2010-05-06 00:00:00,134,2010-05-06 00:00:00,133,133.5,56,105600,14102975,2010-05-06 00:00:00,1
2010-05-07 00:00:00,2010-05-07 00:00:00,134,2010-05-07 00:00:00,132,133.75,89,533800,71407900,2010-05-07 00:00:00,1
2010-05-10 00:00:00,2010-05-10 00:00:00,136.5,2010-05-10 00:00:00,133.75,136,126,498200,67460625,2010-05-10 00:00:00,1
2010-05-11 00:00:00,2010-05-11 00:00:00,142.5,2010-05-11 00:00:00,136,140.5,191,533000,74007925,2010-05-11 00:00:00,1
2010-05-12 00:00:00,2010-05-12 00:00:00,146.75,2010-05-12 00:00:00,142.25,142.75,106,82000,11833500,2010-05-12 00:00:00,1
2010-05-13 00:00:00,2010-05-13 00:00:00,144.5,2010-05-13 00:00:00,140.5,142.25,27,19000,2711100,2010-05-13 00:00:00,1
2010-05-14 00:00:00,2010-05-14 00:00:00,142,2010-05-14 00:00:00,140,140.75,18,11000,1553575,2010-05-14 00:00:00,1
2010-05-17 00:00:00,2010-05-17 00:00:00,144.5,2010-05-17 00:00:00,140,142,16,62400,8896850,2010-05-17 00:00:00,1
2010-05-18 00:00:00,2010-05-18 00:00:00,142.25,2010-05-18 00:00:00,141,141.25,29,38900,5495500,2010-05-18 00:00:00,1
2010-05-19 00:00:00,2010-05-19 00:00:00,143,2010-05-19 00:00:00,141.25,142,40,85900,12209975,2010-05-19 00:00:00,1
2010-05-20 00:00:00,2010-05-20 00:00:00,142,2010-05-20 00:00:00,140,140.25,32,43500,6104075,2010-05-20 00:00:00,1
2010-05-21 00:00:00,2010-05-21 00:00:00,140.25,2010-05-21 00:00:00,139,139,27,68100,9533175,2010-05-21 00:00:00,1
2010-05-24 00:00:00,2010-05-24 00:00:00,139,2010-05-24 00:00:00,139,139,1,1000,139000,2010-05-24 00:00:00,1
2010-05-25 00:00:00,2010-05-25 00:00:00,139,2010-05-25 00:00:00,135,137.5,27,14100,1947750,2010-05-25 00:00:00,1
2010-05-26 00:00:00,2010-05-26 00:00:00,150,2010-05-26 00:00:00,139,148.25,596,508300,74080550,2010-05-26 00:00:00,1
2010-05-31 00:00:00,2010-05-31 00:00:00,153,2010-05-31 00:00:00,150,151,269,299800,45565775,2010-05-31 00:00:00,1
2010-06-01 00:00:00,2010-06-01 00:00:00,154,2010-06-01 00:00:00,151.25,151.5,97,60500,9235200,2010-06-01 00:00:00,1
2010-06-02 00:00:00,2010-06-02 00:00:00,153,2010-06-02 00:00:00,151,151.75,53,41800,6368975,2010-06-02 00:00:00,1
2010-06-03 00:00:00,2010-06-03 00:00:00,154,2010-06-03 00:00:00,149,150,92,74700,11220900,2010-06-03 00:00:00,1
2010-06-04 00:00:00,2010-06-04 00:00:00,151,2010-06-04 00:00:00,148.75,149,86,48900,7327175,2010-06-04 00:00:00,1
2010-06-07 00:00:00,2010-06-07 00:00:00,152,2010-06-07 00:00:00,149.5,150,59,110200,16549850,2010-06-07 00:00:00,1
2010-06-08 00:00:00,2010-06-08 00:00:00,152.75,2010-06-08 00:00:00,151.5,151.75,57,50600,7692800,2010-06-08 00:00:00,1
2010-06-09 00:00:00,2010-06-09 00:00:00,155,2010-06-09 00:00:00,152,153.5,81,102600,15701800,2010-06-09 00:00:00,1
2010-06-10 00:00:00,2010-06-10 00:00:00,164,2010-06-10 00:00:00,154.75,160.5,144,153000,24342925,2010-06-10 00:00:00,1
2010-06-11 00:00:00,2010-06-11 00:00:00,175,2010-06-11 00:00:00,162,174,238,291000,49578850,2010-06-11 00:00:00,1
2010-06-14 00:00:00,2010-06-14 00:00:00,180,2010-06-14 00:00:00,177.5,178.5,200,161100,28752000,2010-06-14 00:00:00,1
2010-06-15 00:00:00,2010-06-15 00:00:00,180,2010-06-15 00:00:00,173,174.75,75,85800,15048350,2010-06-15 00:00:00,1
2010-06-16 00:00:00,2010-06-16 00:00:00,179,2010-06-16 00:00:00,174,175,69,61800,10838150,2010-06-16 00:00:00,1
2010-06-17 00:00:00,2010-06-17 00:00:00,175,2010-06-17 00:00:00,172.25,173,43,15200,2635150,2010-06-17 00:00:00,1
2010-06-21 00:00:00,2010-06-21 00:00:00,178,2010-06-21 00:00:00,173,176.75,86,122500,21667575,2010-06-21 00:00:00,1
2010-06-22 00:00:00,2010-06-22 00:00:00,176.75,2010-06-22 00:00:00,174,175,63,43000,7561100,2010-06-22 00:00:00,1
2010-06-23 00:00:00,2010-06-23 00:00:00,177,2010-06-23 00:00:00,174,175,53,44900,7865975,2010-06-23 00:00:00,1
2010-06-24 00:00:00,2010-06-24 00:00:00,178,2010-06-24 00:00:00,173.25,177,76,49600,8688200,2010-06-24 00:00:00,1
2010-06-28 00:00:00,2010-06-28 00:00:00,180,2010-06-28 00:00:00,174.5,178.75,42,73000,12885025,2010-06-28 00:00:00,1
2010-06-29 00:00:00,2010-06-29 00:00:00,180,2010-06-29 00:00:00,175.75,176,49,164500,28960725,2010-06-29 00:00:00,1
2010-06-30 00:00:00,2010-06-30 00:00:00,185,2010-06-30 00:00:00,178,184.25,119,127100,23163575,2010-06-30 00:00:00,1
2010-07-01 00:00:00,2010-07-01 00:00:00,198,2010-07-01 00:00:00,186,190.25,132,146600,27917700,2010-07-01 00:00:00,1
2010-07-02 00:00:00,2010-07-02 00:00:00,197,2010-07-02 00:00:00,190.25,195.25,199,145600,28365975,2010-07-02 00:00:00,1
2010-07-08 00:00:00,2010-07-08 00:00:00,40,2010-07-08 00:00:00,35,36,490,1203400,43594950,2010-07-08 00:00:00,1
2010-07-09 00:00:00,2010-07-09 00:00:00,37.5,2010-07-09 00:00:00,36,36,255,429800,15685675,2010-07-09 00:00:00,1
2010-07-12 00:00:00,2010-07-12 00:00:00,37.5,2010-07-12 00:00:00,35.5,35.75,126,151900,5467475,2010-07-12 00:00:00,1
2010-07-13 00:00:00,2010-07-13 00:00:00,37.25,2010-07-13 00:00:00,36,36.25,172,429000,15685500,2010-07-13 00:00:00,1
2010-07-14 00:00:00,2010-07-14 00:00:00,36.75,2010-07-14 00:00:00,36,36.5,89,208200,7547825,2010-07-14 00:00:00,1
2010-07-15 00:00:00,2010-07-15 00:00:00,36.5,2010-07-15 00:00:00,35.75,35.75,101,224000,8067500,2010-07-15 00:00:00,1
2010-07-16 00:00:00,2010-07-16 00:00:00,37,2010-07-16 00:00:00,36,36.5,103,284200,10349050,2010-07-16 00:00:00,1
2010-07-19 00:00:00,2010-07-19 00:00:00,36.5,2010-07-19 00:00:00,35.25,35.5,153,271300,9662150,2010-07-19 00:00:00,1
2010-07-20 00:00:00,2010-07-20 00:00:00,36,2010-07-20 00:00:00,35,35.75,125,211400,7424250,2010-07-20 00:00:00,1
2010-07-21 00:00:00,2010-07-21 00:00:00,37,2010-07-21 00:00:00,35.5,36,142,619300,22447825,2010-07-21 00:00:00,1
2010-07-22 00:00:00,2010-07-22 00:00:00,37,2010-07-22 00:00:00,36.25,37,100,301400,11117375,2010-07-22 00:00:00,1
2010-07-23 00:00:00,2010-07-23 00:00:00,37.5,2010-07-23 00:00:00,36.75,37,153,578100,21411200,2010-07-23 00:00:00,1
2010-07-26 00:00:00,2010-07-26 00:00:00,38.25,2010-07-26 00:00:00,37,38,409,2131900,80334800,2010-07-26 00:00:00,1
2010-07-27 00:00:00,2010-07-27 00:00:00,38.5,2010-07-27 00:00:00,38,38.25,276,1548400,59034225,2010-07-27 00:00:00,1
2010-07-28 00:00:00,2010-07-28 00:00:00,41.5,2010-07-28 00:00:00,38.25,40,648,2473200,97991650,2010-07-28 00:00:00,1
2010-07-29 00:00:00,2010-07-29 00:00:00,43,2010-07-29 00:00:00,41,41.25,1117,4248600,177486325,2010-07-29 00:00:00,1
2010-07-30 00:00:00,2010-07-30 00:00:00,42.25,2010-07-30 00:00:00,41,41.25,296,823300,34156850,2010-07-30 00:00:00,1
2010-08-02 00:00:00,2010-08-02 00:00:00,42,2010-08-02 00:00:00,40,40.4,267,718100,29510400,2010-08-02 00:00:00,1
2010-08-03 00:00:00,2010-08-03 00:00:00,41.5,2010-08-03 00:00:00,39.9,40.1,171,526500,21168030,2010-08-03 00:00:00,1
2010-08-04 00:00:00,2010-08-04 00:00:00,40.5,2010-08-04 00:00:00,40,40.1,139,263100,10560890,2010-08-04 00:00:00,1
2010-08-05 00:00:00,2010-08-05 00:00:00,40.1,2010-08-05 00:00:00,38,40,219,412400,16168240,2010-08-05 00:00:00,1
2010-08-06 00:00:00,2010-08-06 00:00:00,40,2010-08-06 00:00:00,38.9,39,156,318800,12475930,2010-08-06 00:00:00,1
2010-08-09 00:00:00,2010-08-09 00:00:00,39,2010-08-09 00:00:00,37,37.3,265,518200,19409950,2010-08-09 00:00:00,1
2010-08-10 00:00:00,2010-08-10 00:00:00,40.5,2010-08-10 00:00:00,35.5,40.1,472,1674900,65205120,2010-08-10 00:00:00,1
2010-08-11 00:00:00,2010-08-11 00:00:00,42,2010-08-11 00:00:00,39.5,40.2,311,1106800,45128690,2010-08-11 00:00:00,1
2010-08-12 00:00:00,2010-08-12 00:00:00,40.7,2010-08-12 00:00:00,39.5,39.7,144,388000,15393100,2010-08-12 00:00:00,1
2010-08-13 00:00:00,2010-08-13 00:00:00,40,2010-08-13 00:00:00,39.5,39.9,75,215000,8558550,2010-08-13 00:00:00,1
2010-08-16 00:00:00,2010-08-16 00:00:00,40,2010-08-16 00:00:00,39.7,39.9,146,205200,8177420,2010-08-16 00:00:00,1
2010-08-17 00:00:00,2010-08-17 00:00:00,40,2010-08-17 00:00:00,39.5,39.8,88,338700,13505510,2010-08-17 00:00:00,1
2010-08-18 00:00:00,2010-08-18 00:00:00,40.2,2010-08-18 00:00:00,39.6,39.7,165,1011100,40443410,2010-08-18 00:00:00,1
2010-08-19 00:00:00,2010-08-19 00:00:00,40,2010-08-19 00:00:00,39.7,39.8,145,236200,9422240,2010-08-19 00:00:00,1
2010-08-20 00:00:00,2010-08-20 00:00:00,39.9,2010-08-20 00:00:00,39.5,39.6,111,198400,7872820,2010-08-20 00:00:00,1
2010-08-23 00:00:00,2010-08-23 00:00:00,40,2010-08-23 00:00:00,39.1,39.8,93,154500,6123600,2010-08-23 00:00:00,1
2010-08-25 00:00:00,2010-08-25 00:00:00,40,2010-08-25 00:00:00,39.5,39.5,96,230600,9118220,2010-08-25 00:00:00,1
2010-08-26 00:00:00,2010-08-26 00:00:00,39.8,2010-08-26 00:00:00,39,39.5,54,166100,6530540,2010-08-26 00:00:00,1
2010-08-27 00:00:00,2010-08-27 00:00:00,40,2010-08-27 00:00:00,39.4,39.7,95,315800,12547180,2010-08-27 00:00:00,1
2010-08-30 00:00:00,2010-08-30 00:00:00,39.5,2010-08-30 00:00:00,38.9,39,72,84700,3305900,2010-08-30 00:00:00,1
2010-08-31 00:00:00,2010-08-31 00:00:00,39.9,2010-08-31 00:00:00,38.9,39,70,147900,5775280,2010-08-31 00:00:00,1
2010-09-01 00:00:00,2010-09-01 00:00:00,39.2,2010-09-01 00:00:00,38.5,38.9,69,141300,5496290,2010-09-01 00:00:00,1
2010-09-02 00:00:00,2010-09-02 00:00:00,39.3,2010-09-02 00:00:00,38.5,39,298,911800,35623030,2010-09-02 00:00:00,1
2010-09-03 00:00:00,2010-09-03 00:00:00,40,2010-09-03 00:00:00,38.9,39.9,238,2559000,101550670,2010-09-03 00:00:00,1
2010-09-06 00:00:00,2010-09-06 00:00:00,43.3,2010-09-06 00:00:00,40,42.4,1619,6349800,264782620,2010-09-06 00:00:00,1
2010-09-07 00:00:00,2010-09-07 00:00:00,43.5,2010-09-07 00:00:00,41.5,42,576,1621300,68547650,2010-09-07 00:00:00,1
2010-09-08 00:00:00,2010-09-08 00:00:00,42.5,2010-09-08 00:00:00,41,41.2,353,1102000,45823740,2010-09-08 00:00:00,1
2010-09-09 00:00:00,2010-09-09 00:00:00,42.6,2010-09-09 00:00:00,40.1,41,403,1598600,66765820,2010-09-09 00:00:00,1
2010-09-13 00:00:00,2010-09-13 00:00:00,43.4,2010-09-13 00:00:00,41.6,42.9,681,2757400,117556460,2010-09-13 00:00:00,1
2010-09-14 00:00:00,2010-09-14 00:00:00,44.4,2010-09-14 00:00:00,42.8,44,755,2447100,106757320,2010-09-14 00:00:00,1
2010-09-15 00:00:00,2010-09-15 00:00:00,45,2010-09-15 00:00:00,42.5,44,452,1084100,47387860,2010-09-15 00:00:00,1
2010-09-16 00:00:00,2010-09-16 00:00:00,45.9,2010-09-16 00:00:00,44.5,45,618,1708200,76940540,2010-09-16 00:00:00,1
2010-09-17 00:00:00,2010-09-17 00:00:00,49.5,2010-09-17 00:00:00,45.2,49.2,1123,3147900,152662450,2010-09-17 00:00:00,1
2010-09-20 00:00:00,2010-09-20 00:00:00,52.5,2010-09-20 00:00:00,45.1,49.3,672,1419700,70010980,2010-09-20 00:00:00,1
2010-09-21 00:00:00,2010-09-21 00:00:00,52.1,2010-09-21 00:00:00,49.6,51.7,810,2359200,119855230,2010-09-21 00:00:00,1
2010-09-23 00:00:00,2010-09-23 00:00:00,53.5,2010-09-23 00:00:00,50,51.1,505,792300,40711800,2010-09-23 00:00:00,1
2010-09-24 00:00:00,2010-09-24 00:00:00,52,2010-09-24 00:00:00,50.2,50.9,426,882100,44922130,2010-09-24 00:00:00,1
2010-09-27 00:00:00,2010-09-27 00:00:00,52.4,2010-09-27 00:00:00,50.1,51.5,354,1250900,64125350,2010-09-27 00:00:00,1
2010-09-28 00:00:00,2010-09-28 00:00:00,51.5,2010-09-28 00:00:00,49.5,50.5,289,581500,29355670,2010-09-28 00:00:00,1
2010-09-29 00:00:00,2010-09-29 00:00:00,51,2010-09-29 00:00:00,49.7,50.2,268,417000,20911460,2010-09-29 00:00:00,1
2010-09-30 00:00:00,2010-09-30 00:00:00,52,2010-09-30 00:00:00,49.9,51.6,355,630600,32305560,2010-09-30 00:00:00,1
2010-10-01 00:00:00,2010-10-01 00:00:00,52.9,2010-10-01 00:00:00,51.5,52.5,417,840900,43875020,2010-10-01 00:00:00,1
2010-10-04 00:00:00,2010-10-04 00:00:00,52.5,2010-10-04 00:00:00,51,51.6,238,368700,18973480,2010-10-04 00:00:00,1
2010-10-05 00:00:00,2010-10-05 00:00:00,51.8,2010-10-05 00:00:00,50.1,51,205,333800,16936260,2010-10-05 00:00:00,1
2010-10-06 00:00:00,2010-10-06 00:00:00,50.5,2010-10-06 00:00:00,48,48.5,273,416500,20479800,2010-10-06 00:00:00,1
2010-10-07 00:00:00,2010-10-07 00:00:00,49.5,2010-10-07 00:00:00,46,47.7,324,576600,27629620,2010-10-07 00:00:00,1
2010-10-08 00:00:00,2010-10-08 00:00:00,48.5,2010-10-08 00:00:00,44.8,47.5,764,2103600,97276840,2010-10-08 00:00:00,1
2010-10-11 00:00:00,2010-10-11 00:00:00,49.5,2010-10-11 00:00:00,48,48,280,476600,23144470,2010-10-11 00:00:00,1
2010-10-12 00:00:00,2010-10-12 00:00:00,47.7,2010-10-12 00:00:00,45,45.1,405,1091800,50174710,2010-10-12 00:00:00,1
2010-10-13 00:00:00,2010-10-13 00:00:00,48,2010-10-13 00:00:00,42,45.6,496,742600,33371500,2010-10-13 00:00:00,1
2010-10-14 00:00:00,2010-10-14 00:00:00,49,2010-10-14 00:00:00,44,45.5,369,991900,45486070,2010-10-14 00:00:00,1
2010-10-15 00:00:00,2010-10-15 00:00:00,46,2010-10-15 00:00:00,44.5,45.4,165,383100,17293910,2010-10-15 00:00:00,1
2010-10-18 00:00:00,2010-10-18 00:00:00,47,2010-10-18 00:00:00,45,45,127,258500,11773540,2010-10-18 00:00:00,1
2010-10-19 00:00:00,2010-10-19 00:00:00,45.7,2010-10-19 00:00:00,44,45.3,259,554900,24755970,2010-10-19 00:00:00,1
2010-10-20 00:00:00,2010-10-20 00:00:00,45.8,2010-10-20 00:00:00,45,45,107,174600,7896440,2010-10-20 00:00:00,1
2010-10-21 00:00:00,2010-10-21 00:00:00,45.5,2010-10-21 00:00:00,44.5,44.8,117,267400,12036720,2010-10-21 00:00:00,1
2010-10-25 00:00:00,2010-10-25 00:00:00,45.4,2010-10-25 00:00:00,44,44.4,102,194400,8623040,2010-10-25 00:00:00,1
2010-10-26 00:00:00,2010-10-26 00:00:00,44.1,2010-10-26 00:00:00,43,43.3,127,177200,7686870,2010-10-26 00:00:00,1
2010-10-27 00:00:00,2010-10-27 00:00:00,44,2010-10-27 00:00:00,43,43.9,72,97400,4240970,2010-10-27 00:00:00,1
2010-10-28 00:00:00,2010-10-28 00:00:00,44.2,2010-10-28 00:00:00,43.9,44,52,41500,1824380,2010-10-28 00:00:00,1
2010-10-29 00:00:00,2010-10-29 00:00:00,45.9,2010-10-29 00:00:00,44.2,45.5,131,157100,7101440,2010-10-29 00:00:00,1
2010-11-01 00:00:00,2010-11-01 00:00:00,47,2010-11-01 00:00:00,46,46.1,129,369000,17044960,2010-11-01 00:00:00,1
2010-11-02 00:00:00,2010-11-02 00:00:00,46.5,2010-11-02 00:00:00,46,46,72,108200,4991640,2010-11-02 00:00:00,1
2010-11-03 00:00:00,2010-11-03 00:00:00,48.5,2010-11-03 00:00:00,46,48,231,2648000,126736720,2010-11-03 00:00:00,1
2010-11-04 00:00:00,2010-11-04 00:00:00,48.5,2010-11-04 00:00:00,46.5,46.5,62,56200,2638090,2010-11-04 00:00:00,1
2010-11-08 00:00:00,2010-11-08 00:00:00,46.5,2010-11-08 00:00:00,46,46.1,53,44400,2048720,2010-11-08 00:00:00,1
2010-11-09 00:00:00,2010-11-09 00:00:00,46.5,2010-11-09 00:00:00,44.9,45,323,2188500,98623600,2010-11-09 00:00:00,1
2010-11-10 00:00:00,2010-11-10 00:00:00,46,2010-11-10 00:00:00,44.9,45.2,132,432300,19459510,2010-11-10 00:00:00,1
2010-11-11 00:00:00,2010-11-11 00:00:00,46,2010-11-11 00:00:00,45,45.2,227,1810300,82101510,2010-11-11 00:00:00,1
2010-11-12 00:00:00,2010-11-12 00:00:00,45.9,2010-11-12 00:00:00,45.4,45.5,126,250100,11380640,2010-11-12 00:00:00,1
2010-11-15 00:00:00,2010-11-15 00:00:00,46,2010-11-15 00:00:00,45,45.5,149,597100,27071410,2010-11-15 00:00:00,1
2010-11-16 00:00:00,2010-11-16 00:00:00,45.5,2010-11-16 00:00:00,45,45.4,148,683700,30988020,2010-11-16 00:00:00,1
2010-11-18 00:00:00,2010-11-18 00:00:00,45.9,2010-11-18 00:00:00,45.1,45.5,86,166700,7582400,2010-11-18 00:00:00,1
2010-11-22 00:00:00,2010-11-22 00:00:00,46,2010-11-22 00:00:00,45.3,45.9,81,234000,10720700,2010-11-22 00:00:00,1
2010-11-23 00:00:00,2010-11-23 00:00:00,46,2010-11-23 00:00:00,44.7,44.8,112,206100,9300280,2010-11-23 00:00:00,1
2010-11-24 00:00:00,2010-11-24 00:00:00,44.9,2010-11-24 00:00:00,44.5,44.7,66,66300,2963530,2010-11-24 00:00:00,1
2010-11-25 00:00:00,2010-11-25 00:00:00,44.7,2010-11-25 00:00:00,44,44.3,71,140400,6223730,2010-11-25 00:00:00,1
2010-11-26 00:00:00,2010-11-26 00:00:00,44.3,2010-11-26 00:00:00,43.5,43.7,86,142800,6254730,2010-11-26 00:00:00,1
2010-11-29 00:00:00,2010-11-29 00:00:00,43.9,2010-11-29 00:00:00,42.8,42.9,125,335900,14570330,2010-11-29 00:00:00,1
2010-11-30 00:00:00,2010-11-30 00:00:00,44.8,2010-11-30 00:00:00,43.5,44,138,393300,17331700,2010-11-30 00:00:00,1
2010-12-01 00:00:00,2010-12-01 00:00:00,45.7,2010-12-01 00:00:00,44.5,45.5,223,489900,22044280,2010-12-01 00:00:00,1
2010-12-02 00:00:00,2010-12-02 00:00:00,45.5,2010-12-02 00:00:00,44,44.6,91,122500,5482540,2010-12-02 00:00:00,1
2010-12-03 00:00:00,2010-12-03 00:00:00,45,2010-12-03 00:00:00,43.5,44.3,62,31900,1404040,2010-12-03 00:00:00,1
2010-12-06 00:00:00,2010-12-06 00:00:00,44,2010-12-06 00:00:00,43.8,43.9,50,76400,3357900,2010-12-06 00:00:00,1
2010-12-07 00:00:00,2010-12-07 00:00:00,44,2010-12-07 00:00:00,43.5,44,57,160100,7035530,2010-12-07 00:00:00,1
2010-12-08 00:00:00,2010-12-08 00:00:00,44,2010-12-08 00:00:00,43.5,43.7,50,121200,5278400,2010-12-08 00:00:00,1
2010-12-09 00:00:00,2010-12-09 00:00:00,43.9,2010-12-09 00:00:00,43.5,43.6,31,78900,3442620,2010-12-09 00:00:00,1
2010-12-10 00:00:00,2010-12-10 00:00:00,43.8,2010-12-10 00:00:00,43.6,43.6,40,87500,3819300,2010-12-10 00:00:00,1
2010-12-13 00:00:00,2010-12-13 00:00:00,43.7,2010-12-13 00:00:00,43.4,43.5,50,143400,6255170,2010-12-13 00:00:00,1
2010-12-14 00:00:00,2010-12-14 00:00:00,43.4,2010-12-14 00:00:00,43.1,43.2,40,91700,3960870,2010-12-14 00:00:00,1
2010-12-15 00:00:00,2010-12-15 00:00:00,43.2,2010-12-15 00:00:00,42.8,42.9,76,144400,6218150,2010-12-15 00:00:00,1
2010-12-16 00:00:00,2010-12-16 00:00:00,43,2010-12-16 00:00:00,42.2,43,46,71300,3050080,2010-12-16 00:00:00,1
2010-12-17 00:00:00,2010-12-17 00:00:00,42.8,2010-12-17 00:00:00,42.6,42.6,18,24300,1035790,2010-12-17 00:00:00,1
2010-12-21 00:00:00,2010-12-21 00:00:00,43,2010-12-21 00:00:00,42.5,42.9,60,106300,4553240,2010-12-21 00:00:00,1
2010-12-22 00:00:00,2010-12-22 00:00:00,44.3,2010-12-22 00:00:00,42.8,44.2,91,438500,19273190,2010-12-22 00:00:00,1
2010-12-23 00:00:00,2010-12-23 00:00:00,44.9,2010-12-23 00:00:00,44,44.8,102,556400,24798320,2010-12-23 00:00:00,1
2010-12-24 00:00:00,2010-12-24 00:00:00,44.9,2010-12-24 00:00:00,44.7,44.7,19,59600,2665080,2010-12-24 00:00:00,1
2010-12-27 00:00:00,2010-12-27 00:00:00,45,2010-12-27 00:00:00,44.7,44.9,56,72900,3270140,2010-12-27 00:00:00,1
2010-12-28 00:00:00,2010-12-28 00:00:00,44.8,2010-12-28 00:00:00,44.2,44.4,66,171900,7652240,2010-12-28 00:00:00,1
2010-12-29 00:00:00,2010-12-29 00:00:00,44.7,2010-12-29 00:00:00,44.2,44.5,43,44400,1973390,2010-12-29 00:00:00,1
2010-12-30 00:00:00,2010-12-30 00:00:00,44.7,2010-12-30 00:00:00,43.8,44.3,60,68800,3042420,2010-12-30 00:00:00,1
2010-12-31 00:00:00,2010-12-31 00:00:00,44.6,2010-12-31 00:00:00,44.2,44.5,56,89800,3995770,2010-12-31 00:00:00,1
Company Id :  HNB,,Security Type :  N,,Sub Type :  0000,,,,,,
Short Name :  HNB,,,,,,,,,,
Day,Date High,High,Date Low,Low,Closing,No. of Trades,No. of Shares,Turnover,Last Traded,Days Traded
2010-01-04 00:00:00,2010-01-04 00:00:00,174,2010-01-04 00:00:00,172.25,172.5,44,357800,59706475,2010-01-04 00:00:00,1
2010-01-05 00:00:00,2010-01-05 00:00:00,180,2010-01-05 00:00:00,172.5,179.75,99,326800,57981925,2010-01-05 00:00:00,1
2010-01-06 00:00:00,2010-01-06 00:00:00,180.25,2010-01-06 00:00:00,176.5,177.25,96,364000,65385525,2010-01-06 00:00:00,1
2010-01-07 00:00:00,2010-01-07 00:00:00,177,2010-01-07 00:00:00,175,176,30,191900,33661400,2010-01-07 00:00:00,1
2010-01-08 00:00:00,2010-01-08 00:00:00,177,2010-01-08 00:00:00,176,176,26,36100,6354225,2010-01-08 00:00:00,1
2010-01-11 00:00:00,2010-01-11 00:00:00,178,2010-01-11 00:00:00,174,174.5,18,30900,5452100,2010-01-11 00:00:00,1
2010-01-12 00:00:00,2010-01-12 00:00:00,175,2010-01-12 00:00:00,174,174,8,6600,1149150,2010-01-12 00:00:00,1
2010-01-13 00:00:00,2010-01-13 00:00:00,176,2010-01-13 00:00:00,171.5,176,18,17600,3067125,2010-01-13 00:00:00,1
2010-01-15 00:00:00,2010-01-15 00:00:00,175.75,2010-01-15 00:00:00,174.75,175.25,23,21800,3821425,2010-01-15 00:00:00,1
2010-01-18 00:00:00,2010-01-18 00:00:00,175,2010-01-18 00:00:00,170,173.25,24,29200,5066400,2010-01-18 00:00:00,1
2010-01-19 00:00:00,2010-01-19 00:00:00,171,2010-01-19 00:00:00,170,170.25,17,9000,1532300,2010-01-19 00:00:00,1
2010-01-20 00:00:00,2010-01-20 00:00:00,172.25,2010-01-20 00:00:00,172,172,19,603800,102661725,2010-01-20 00:00:00,1
2010-01-21 00:00:00,2010-01-21 00:00:00,172.5,2010-01-21 00:00:00,171.25,171.75,13,175000,29759100,2010-01-21 00:00:00,1
2010-01-22 00:00:00,2010-01-22 00:00:00,172,2010-01-22 00:00:00,171.75,171.75,20,15400,2645650,2010-01-22 00:00:00,1
2010-01-25 00:00:00,2010-01-25 00:00:00,173.5,2010-01-25 00:00:00,171.75,172.25,67,73200,12621275,2010-01-25 00:00:00,1
2010-01-26 00:00:00,2010-01-26 00:00:00,175.75,2010-01-26 00:00:00,172.25,174.5,38,52400,9146500,2010-01-26 00:00:00,1
2010-01-28 00:00:00,2010-01-28 00:00:00,178,2010-01-28 00:00:00,173.5,177,32,307200,52526325,2010-01-28 00:00:00,1
2010-02-01 00:00:00,2010-02-01 00:00:00,178,2010-02-01 00:00:00,175,176,27,26600,4687050,2010-02-01 00:00:00,1
2010-02-02 00:00:00,2010-02-02 00:00:00,178,2010-02-02 00:00:00,175,177,23,51400,9091525,2010-02-02 00:00:00,1
2010-02-03 00:00:00,2010-02-03 00:00:00,180,2010-02-03 00:00:00,176,176.25,39,625000,108368650,2010-02-03 00:00:00,1
2010-02-05 00:00:00,2010-02-05 00:00:00,176.75,2010-02-05 00:00:00,176.25,176.25,17,574500,99438950,2010-02-05 00:00:00,1
2010-02-08 00:00:00,2010-02-08 00:00:00,177.75,2010-02-08 00:00:00,175,175.25,14,16900,2965575,2010-02-08 00:00:00,1
2010-02-09 00:00:00,2010-02-09 00:00:00,175.25,2010-02-09 00:00:00,170,175,20,124200,21187425,2010-02-09 00:00:00,1
2010-02-10 00:00:00,2010-02-10 00:00:00,175,2010-02-10 00:00:00,172,173,6,4000,692000,2010-02-10 00:00:00,1
2010-02-11 00:00:00,2010-02-11 00:00:00,171.5,2010-02-11 00:00:00,168,169,14,6400,1084550,2010-02-11 00:00:00,1
2010-02-12 00:00:00,2010-02-12 00:00:00,175,2010-02-12 00:00:00,172.75,173,7,6600,1142600,2010-02-12 00:00:00,1
2010-02-15 00:00:00,2010-02-15 00:00:00,174.25,2010-02-15 00:00:00,173,173.75,18,81500,14128625,2010-02-15 00:00:00,1
2010-02-16 00:00:00,2010-02-16 00:00:00,174.75,2010-02-16 00:00:00,168.25,174,16,235600,41010500,2010-02-16 00:00:00,1
2010-02-17 00:00:00,2010-02-17 00:00:00,174,2010-02-17 00:00:00,173.5,173.5,3,43000,7461000,2010-02-17 00:00:00,1
2010-02-18 00:00:00,2010-02-18 00:00:00,181,2010-02-18 00:00:00,175,175.25,16,37400,6597300,2010-02-18 00:00:00,1
2010-02-19 00:00:00,2010-02-19 00:00:00,180,2010-02-19 00:00:00,179.75,179.75,3,800,143925,2010-02-19 00:00:00,1
2010-02-22 00:00:00,2010-02-22 00:00:00,178,2010-02-22 00:00:00,175,176,6,21900,3835400,2010-02-22 00:00:00,1
2010-02-23 00:00:00,2010-02-23 00:00:00,179.5,2010-02-23 00:00:00,176,176,5,3400,600600,2010-02-23 00:00:00,1
2010-02-24 00:00:00,2010-02-24 00:00:00,179,2010-02-24 00:00:00,177,178,22,1134300,201930250,2010-02-24 00:00:00,1
2010-02-25 00:00:00,2010-02-25 00:00:00,178.5,2010-02-25 00:00:00,178,178.5,30,43900,7820075,2010-02-25 00:00:00,1
2010-02-26 00:00:00,2010-02-26 00:00:00,178.5,2010-02-26 00:00:00,178,178,16,99000,17624250,2010-02-26 00:00:00,1
2010-03-01 00:00:00,2010-03-01 00:00:00,185,2010-03-01 00:00:00,179,182,111,143300,26069800,2010-03-01 00:00:00,1
2010-03-02 00:00:00,2010-03-02 00:00:00,180,2010-03-02 00:00:00,180,180,20,19100,3438000,2010-03-02 00:00:00,1
2010-03-03 00:00:00,2010-03-03 00:00:00,182,2010-03-03 00:00:00,180,180,46,69700,12567525,2010-03-03 00:00:00,1
2010-03-04 00:00:00,2010-03-04 00:00:00,181,2010-03-04 00:00:00,180,181,20,41100,7420600,2010-03-04 00:00:00,1
2010-03-05 00:00:00,2010-03-05 00:00:00,180.5,2010-03-05 00:00:00,180,180,44,100900,18165350,2010-03-05 00:00:00,1
2010-03-08 00:00:00,2010-03-08 00:00:00,180.5,2010-03-08 00:00:00,179,179,14,11200,2015600,2010-03-08 00:00:00,1
2010-03-09 00:00:00,2010-03-09 00:00:00,180,2010-03-09 00:00:00,180,180,21,55700,10026000,2010-03-09 00:00:00,1
2010-03-10 00:00:00,2010-03-10 00:00:00,180,2010-03-10 00:00:00,180,180,7,6900,1242000,2010-03-10 00:00:00,1
2010-03-11 00:00:00,2010-03-11 00:00:00,185,2010-03-11 00:00:00,180,183.75,8,10600,1947500,2010-03-11 00:00:00,1
2010-03-12 00:00:00,2010-03-12 00:00:00,183,2010-03-12 00:00:00,181,182,6,5600,1021900,2010-03-12 00:00:00,1
2010-03-15 00:00:00,2010-03-15 00:00:00,183,2010-03-15 00:00:00,181.25,182,26,30900,5631000,2010-03-15 00:00:00,1
2010-03-16 00:00:00,2010-03-16 00:00:00,182.5,2010-03-16 00:00:00,181.25,181.25,10,621200,113050625,2010-03-16 00:00:00,1
2010-03-17 00:00:00,2010-03-17 00:00:00,181.25,2010-03-17 00:00:00,180,181,13,51000,9232500,2010-03-17 00:00:00,1
2010-03-18 00:00:00,2010-03-18 00:00:00,179,2010-03-18 00:00:00,178.5,178.5,4,1500,267900,2010-03-18 00:00:00,1
2010-03-19 00:00:00,2010-03-19 00:00:00,179,2010-03-19 00:00:00,179,179,1,100,17900,2010-03-19 00:00:00,1
2010-03-22 00:00:00,2010-03-22 00:00:00,180,2010-03-22 00:00:00,180,180,4,10200,1836000,2010-03-22 00:00:00,1
2010-03-23 00:00:00,2010-03-23 00:00:00,182,2010-03-23 00:00:00,180,180,17,158700,28608950,2010-03-23 00:00:00,1
2010-03-24 00:00:00,2010-03-24 00:00:00,181,2010-03-24 00:00:00,180,180.5,11,20100,3635750,2010-03-24 00:00:00,1
2010-03-25 00:00:00,2010-03-25 00:00:00,181,2010-03-25 00:00:00,180,180.25,35,"25,915,900    4",",664,930,025.00",2010-03-25 00:00:00,1
2010-03-26 00:00:00,2010-03-26 00:00:00,187,2010-03-26 00:00:00,181.25,183.75,67,638300,115840575,2010-03-26 00:00:00,1
2010-03-30 00:00:00,2010-03-30 00:00:00,186,2010-03-30 00:00:00,184,185.75,20,44000,8144900,2010-03-30 00:00:00,1
2010-03-31 00:00:00,2010-03-31 00:00:00,189.5,2010-03-31 00:00:00,185,188.25,37,35800,6714075,2010-03-31 00:00:00,1
2010-04-01 00:00:00,2010-04-01 00:00:00,188,2010-04-01 00:00:00,185,188,43,100100,18705100,2010-04-01 00:00:00,1
2010-04-05 00:00:00,2010-04-05 00:00:00,190,2010-04-05 00:00:00,188,189.25,42,144600,27326925,2010-04-05 00:00:00,1
2010-04-06 00:00:00,2010-04-06 00:00:00,209,2010-04-06 00:00:00,194.75,205,93,210900,42276700,2010-04-06 00:00:00,1
2010-04-07 00:00:00,2010-04-07 00:00:00,213,2010-04-07 00:00:00,204,212.25,140,670200,140988000,2010-04-07 00:00:00,1
2010-04-08 00:00:00,2010-04-08 00:00:00,214.75,2010-04-08 00:00:00,212.25,214,50,238900,50622450,2010-04-08 00:00:00,1
2010-04-12 00:00:00,2010-04-12 00:00:00,216,2010-04-12 00:00:00,214,214.75,38,60400,12986875,2010-04-12 00:00:00,1
2010-04-15 00:00:00,2010-04-15 00:00:00,215,2010-04-15 00:00:00,214,214.5,18,14300,3069800,2010-04-15 00:00:00,1
2010-04-16 00:00:00,2010-04-16 00:00:00,214.5,2010-04-16 00:00:00,210,212,42,71300,15116700,2010-04-16 00:00:00,1
2010-04-19 00:00:00,2010-04-19 00:00:00,217.5,2010-04-19 00:00:00,212,215.25,54,158100,33700000,2010-04-19 00:00:00,1
2010-04-20 00:00:00,2010-04-20 00:00:00,219.75,2010-04-20 00:00:00,213,213.75,31,195300,41986025,2010-04-20 00:00:00,1
2010-04-21 00:00:00,2010-04-21 00:00:00,219,2010-04-21 00:00:00,213,218.25,45,96500,21006325,2010-04-21 00:00:00,1
2010-04-22 00:00:00,2010-04-22 00:00:00,225,2010-04-22 00:00:00,219.5,224.75,61,125200,28066150,2010-04-22 00:00:00,1
2010-04-23 00:00:00,2010-04-23 00:00:00,224.75,2010-04-23 00:00:00,222,222,14,159200,35347150,2010-04-23 00:00:00,1
2010-04-26 00:00:00,2010-04-26 00:00:00,227,2010-04-26 00:00:00,222.75,225,30,173200,39138275,2010-04-26 00:00:00,1
2010-04-27 00:00:00,2010-04-27 00:00:00,228,2010-04-27 00:00:00,225,225.25,24,260900,59261900,2010-04-27 00:00:00,1
2010-04-29 00:00:00,2010-04-29 00:00:00,230,2010-04-29 00:00:00,224.75,230,51,452900,103196625,2010-04-29 00:00:00,1
2010-04-30 00:00:00,2010-04-30 00:00:00,235.75,2010-04-30 00:00:00,230,234.5,39,61800,14437275,2010-04-30 00:00:00,1
2010-05-03 00:00:00,2010-05-03 00:00:00,245,2010-05-03 00:00:00,236,242.5,63,625900,149864250,2010-05-03 00:00:00,1
2010-05-04 00:00:00,2010-05-04 00:00:00,245,2010-05-04 00:00:00,240,240,35,186900,44646000,2010-05-04 00:00:00,1
2010-05-05 00:00:00,2010-05-05 00:00:00,240.25,2010-05-05 00:00:00,210,237.75,40,792200,187389775,2010-05-05 00:00:00,1
2010-05-06 00:00:00,2010-05-06 00:00:00,239,2010-05-06 00:00:00,237,238,12,21600,5140100,2010-05-06 00:00:00,1
2010-05-07 00:00:00,2010-05-07 00:00:00,237,2010-05-07 00:00:00,235,235.25,17,3880100,925341100,2010-05-07 00:00:00,1
2010-05-10 00:00:00,2010-05-10 00:00:00,235,2010-05-10 00:00:00,234,234,9,30600,7161400,2010-05-10 00:00:00,1
2010-05-11 00:00:00,2010-05-11 00:00:00,234,2010-05-11 00:00:00,229,232.25,52,50300,11658375,2010-05-11 00:00:00,1
2010-05-12 00:00:00,2010-05-12 00:00:00,233,2010-05-12 00:00:00,232.5,233,30,53000,12343000,2010-05-12 00:00:00,1
2010-05-13 00:00:00,2010-05-13 00:00:00,233.75,2010-05-13 00:00:00,232,233.25,24,35300,8226775,2010-05-13 00:00:00,1
2010-05-14 00:00:00,2010-05-14 00:00:00,233,2010-05-14 00:00:00,230.25,233,28,59800,13904725,2010-05-14 00:00:00,1
2010-05-17 00:00:00,2010-05-17 00:00:00,235,2010-05-17 00:00:00,233,234.25,17,34600,8089600,2010-05-17 00:00:00,1
2010-05-18 00:00:00,2010-05-18 00:00:00,240,2010-05-18 00:00:00,235,238.5,12,46300,11025350,2010-05-18 00:00:00,1
2010-05-19 00:00:00,2010-05-19 00:00:00,242,2010-05-19 00:00:00,235,241.25,29,55900,13495150,2010-05-19 00:00:00,1
2010-05-20 00:00:00,2010-05-20 00:00:00,245,2010-05-20 00:00:00,241.25,244.25,70,1069400,260495975,2010-05-20 00:00:00,1
2010-05-21 00:00:00,2010-05-21 00:00:00,246,2010-05-21 00:00:00,242,242.25,28,39000,9497850,2010-05-21 00:00:00,1
2010-05-24 00:00:00,2010-05-24 00:00:00,245,2010-05-24 00:00:00,240,245,45,1001800,245404050,2010-05-24 00:00:00,1
2010-05-25 00:00:00,2010-05-25 00:00:00,245,2010-05-25 00:00:00,244,245,38,315600,77319550,2010-05-25 00:00:00,1
2010-05-26 00:00:00,2010-05-26 00:00:00,250,2010-05-26 00:00:00,245,249.5,27,352300,87899575,2010-05-26 00:00:00,1
2010-05-31 00:00:00,2010-05-31 00:00:00,250,2010-05-31 00:00:00,250,250,7,30100,7525000,2010-05-31 00:00:00,1
2010-06-01 00:00:00,2010-06-01 00:00:00,253,2010-06-01 00:00:00,248,250.25,21,262100,65505650,2010-06-01 00:00:00,1
2010-06-02 00:00:00,2010-06-02 00:00:00,264,2010-06-02 00:00:00,248,260,63,665800,167558000,2010-06-02 00:00:00,1
2010-06-03 00:00:00,2010-06-03 00:00:00,274.75,2010-06-03 00:00:00,265.5,272,63,1321700,359289900,2010-06-03 00:00:00,1
2010-06-04 00:00:00,2010-06-04 00:00:00,272.25,2010-06-04 00:00:00,260,271.75,46,66600,18056300,2010-06-04 00:00:00,1
2010-06-07 00:00:00,2010-06-07 00:00:00,285,2010-06-07 00:00:00,270.25,282,25,85900,23380875,2010-06-07 00:00:00,1
2010-06-08 00:00:00,2010-06-08 00:00:00,289,2010-06-08 00:00:00,283,287,57,250100,71284000,2010-06-08 00:00:00,1
2010-06-09 00:00:00,2010-06-09 00:00:00,294.25,2010-06-09 00:00:00,289,293.5,43,237600,68782550,2010-06-09 00:00:00,1
2010-06-10 00:00:00,2010-06-10 00:00:00,299.75,2010-06-10 00:00:00,294.5,295,31,56500,16893750,2010-06-10 00:00:00,1
2010-06-11 00:00:00,2010-06-11 00:00:00,299,2010-06-11 00:00:00,290,292.75,21,213600,62008875,2010-06-11 00:00:00,1
2010-06-14 00:00:00,2010-06-14 00:00:00,300,2010-06-14 00:00:00,295,296,31,215700,64163350,2010-06-14 00:00:00,1
2010-06-15 00:00:00,2010-06-15 00:00:00,300,2010-06-15 00:00:00,295,299.75,37,55200,16337825,2010-06-15 00:00:00,1
2010-06-16 00:00:00,2010-06-16 00:00:00,298,2010-06-16 00:00:00,295,295,20,75600,22353325,2010-06-16 00:00:00,1
2010-06-17 00:00:00,2010-06-17 00:00:00,295,2010-06-17 00:00:00,294,294,8,4700,1382100,2010-06-17 00:00:00,1
2010-06-21 00:00:00,2010-06-21 00:00:00,293,2010-06-21 00:00:00,290,290.75,20,70800,20606275,2010-06-21 00:00:00,1
2010-06-22 00:00:00,2010-06-22 00:00:00,292,2010-06-22 00:00:00,290,290,48,78000,22665775,2010-06-22 00:00:00,1
2010-06-23 00:00:00,2010-06-23 00:00:00,290,2010-06-23 00:00:00,286,289.5,17,534800,155082700,2010-06-23 00:00:00,1
2010-06-24 00:00:00,2010-06-24 00:00:00,293,2010-06-24 00:00:00,288.75,292.25,33,81800,23749575,2010-06-24 00:00:00,1
2010-06-28 00:00:00,2010-06-28 00:00:00,292,2010-06-28 00:00:00,286,289.25,6,78200,22737400,2010-06-28 00:00:00,1
2010-06-29 00:00:00,2010-06-29 00:00:00,290,2010-06-29 00:00:00,285,287.75,20,22900,6614000,2010-06-29 00:00:00,1
2010-06-30 00:00:00,2010-06-30 00:00:00,286,2010-06-30 00:00:00,280,281,21,48300,13556350,2010-06-30 00:00:00,1
2010-07-01 00:00:00,2010-07-01 00:00:00,281,2010-07-01 00:00:00,280,281,14,22000,6173850,2010-07-01 00:00:00,1
2010-07-02 00:00:00,2010-07-02 00:00:00,280,2010-07-02 00:00:00,275,275.25,6,3300,910725,2010-07-02 00:00:00,1
2010-07-05 00:00:00,2010-07-05 00:00:00,275.25,2010-07-05 00:00:00,274,274,31,38700,10621900,2010-07-05 00:00:00,1
2010-07-06 00:00:00,2010-07-06 00:00:00,275,2010-07-06 00:00:00,270,273.5,34,115600,31294325,2010-07-06 00:00:00,1
2010-07-07 00:00:00,2010-07-07 00:00:00,272,2010-07-07 00:00:00,270,270,22,29900,8079450,2010-07-07 00:00:00,1
2010-07-08 00:00:00,2010-07-08 00:00:00,271.5,2010-07-08 00:00:00,270,270.25,37,370200,99960600,2010-07-08 00:00:00,1
2010-07-09 00:00:00,2010-07-09 00:00:00,271,2010-07-09 00:00:00,270,270.75,6,32900,8903450,2010-07-09 00:00:00,1
2010-07-12 00:00:00,2010-07-12 00:00:00,275,2010-07-12 00:00:00,272,275,5,4700,1282600,2010-07-12 00:00:00,1
2010-07-13 00:00:00,2010-07-13 00:00:00,278.5,2010-07-13 00:00:00,273,274.5,9,7500,2065550,2010-07-13 00:00:00,1
2010-07-14 00:00:00,2010-07-14 00:00:00,280,2010-07-14 00:00:00,273,278.75,27,535700,147413575,2010-07-14 00:00:00,1
2010-07-15 00:00:00,2010-07-15 00:00:00,283,2010-07-15 00:00:00,280,281.25,36,114500,32086275,2010-07-15 00:00:00,1
2010-07-16 00:00:00,2010-07-16 00:00:00,285,2010-07-16 00:00:00,282,284.5,14,35600,10141600,2010-07-16 00:00:00,1
2010-07-19 00:00:00,2010-07-19 00:00:00,285,2010-07-19 00:00:00,285,285,13,21300,6070500,2010-07-19 00:00:00,1
2010-07-20 00:00:00,2010-07-20 00:00:00,290.75,2010-07-20 00:00:00,290,290,28,123900,35931150,2010-07-20 00:00:00,1
2010-07-21 00:00:00,2010-07-21 00:00:00,299,2010-07-21 00:00:00,290,295,54,"4,519,500    1",",355,554,225.00",2010-07-21 00:00:00,1
2010-07-22 00:00:00,2010-07-22 00:00:00,300,2010-07-22 00:00:00,295,295,66,1226700,366533225,2010-07-22 00:00:00,1
2010-07-23 00:00:00,2010-07-23 00:00:00,299,2010-07-23 00:00:00,290,290,27,121300,35357900,2010-07-23 00:00:00,1
2010-07-26 00:00:00,2010-07-26 00:00:00,290,2010-07-26 00:00:00,288,290,4,6300,1819400,2010-07-26 00:00:00,1
2010-07-27 00:00:00,2010-07-27 00:00:00,298,2010-07-27 00:00:00,290,293,29,34100,9936400,2010-07-27 00:00:00,1
2010-07-28 00:00:00,2010-07-28 00:00:00,298,2010-07-28 00:00:00,294,298,27,225600,67601975,2010-07-28 00:00:00,1
2010-07-29 00:00:00,2010-07-29 00:00:00,299,2010-07-29 00:00:00,295,297,8,2700,800300,2010-07-29 00:00:00,1
2010-07-30 00:00:00,2010-07-30 00:00:00,294,2010-07-30 00:00:00,294,294,5,3400,999600,2010-07-30 00:00:00,1
2010-08-02 00:00:00,2010-08-02 00:00:00,290,2010-08-02 00:00:00,290,290,6,1600,464000,2010-08-02 00:00:00,1
2010-08-03 00:00:00,2010-08-03 00:00:00,293,2010-08-03 00:00:00,290,290.8,9,2700,784500,2010-08-03 00:00:00,1
2010-08-04 00:00:00,2010-08-04 00:00:00,292,2010-08-04 00:00:00,290,290,13,17000,4930200,2010-08-04 00:00:00,1
2010-08-05 00:00:00,2010-08-05 00:00:00,294,2010-08-05 00:00:00,281,294,15,22500,6452250,2010-08-05 00:00:00,1
2010-08-06 00:00:00,2010-08-06 00:00:00,290,2010-08-06 00:00:00,288,288.1,19,85000,24499120,2010-08-06 00:00:00,1
2010-08-09 00:00:00,2010-08-09 00:00:00,287,2010-08-09 00:00:00,270,284,29,119600,33560410,2010-08-09 00:00:00,1
2010-08-10 00:00:00,2010-08-10 00:00:00,300,2010-08-10 00:00:00,281,299.9,53,235600,70128980,2010-08-10 00:00:00,1
2010-08-11 00:00:00,2010-08-11 00:00:00,299.9,2010-08-11 00:00:00,295,296,10,10900,3236100,2010-08-11 00:00:00,1
2010-08-12 00:00:00,2010-08-12 00:00:00,296,2010-08-12 00:00:00,290,290,8,18000,5222700,2010-08-12 00:00:00,1
2010-08-13 00:00:00,2010-08-13 00:00:00,300,2010-08-13 00:00:00,290,298.1,21,39800,11836780,2010-08-13 00:00:00,1
2010-08-16 00:00:00,2010-08-16 00:00:00,300,2010-08-16 00:00:00,292,296.1,13,10900,3245470,2010-08-16 00:00:00,1
2010-08-17 00:00:00,2010-08-17 00:00:00,295,2010-08-17 00:00:00,290,291.2,20,24100,7060800,2010-08-17 00:00:00,1
2010-08-18 00:00:00,2010-08-18 00:00:00,293,2010-08-18 00:00:00,291.3,292,7,4100,1196340,2010-08-18 00:00:00,1
2010-08-19 00:00:00,2010-08-19 00:00:00,300,2010-08-19 00:00:00,298,299,18,61100,18298550,2010-08-19 00:00:00,1
2010-08-20 00:00:00,2010-08-20 00:00:00,299,2010-08-20 00:00:00,290,298,31,36300,10798000,2010-08-20 00:00:00,1
2010-08-23 00:00:00,2010-08-23 00:00:00,310,2010-08-23 00:00:00,295,297,13,45700,13509350,2010-08-23 00:00:00,1
2010-08-25 00:00:00,2010-08-25 00:00:00,298,2010-08-25 00:00:00,290,290.2,39,51500,15025450,2010-08-25 00:00:00,1
2010-08-26 00:00:00,2010-08-26 00:00:00,295,2010-08-26 00:00:00,288,292.9,9,11200,3239170,2010-08-26 00:00:00,1
2010-08-27 00:00:00,2010-08-27 00:00:00,295,2010-08-27 00:00:00,290,290.4,7,1400,407000,2010-08-27 00:00:00,1
2010-08-30 00:00:00,2010-08-30 00:00:00,290,2010-08-30 00:00:00,290,290,7,4400,1276000,2010-08-30 00:00:00,1
2010-08-31 00:00:00,2010-08-31 00:00:00,294,2010-08-31 00:00:00,289,290.1,16,80700,23481210,2010-08-31 00:00:00,1
2010-09-01 00:00:00,2010-09-01 00:00:00,294,2010-09-01 00:00:00,289,293.9,22,79900,23201250,2010-09-01 00:00:00,1
2010-09-02 00:00:00,2010-09-02 00:00:00,294,2010-09-02 00:00:00,290,292.1,19,78300,22858340,2010-09-02 00:00:00,1
2010-09-03 00:00:00,2010-09-03 00:00:00,300,2010-09-03 00:00:00,294,299.4,24,62100,18539650,2010-09-03 00:00:00,1
2010-09-06 00:00:00,2010-09-06 00:00:00,297,2010-09-06 00:00:00,295,295,7,4900,1452100,2010-09-06 00:00:00,1
2010-09-07 00:00:00,2010-09-07 00:00:00,294,2010-09-07 00:00:00,290.1,290.4,7,1800,523000,2010-09-07 00:00:00,1
2010-09-08 00:00:00,2010-09-08 00:00:00,310,2010-09-08 00:00:00,297,307,141,955700,287975890,2010-09-08 00:00:00,1
2010-09-09 00:00:00,2010-09-09 00:00:00,332,2010-09-09 00:00:00,310,330,161,391600,127360610,2010-09-09 00:00:00,1
2010-09-13 00:00:00,2010-09-13 00:00:00,345,2010-09-13 00:00:00,330,332.1,61,83500,27968250,2010-09-13 00:00:00,1
2010-09-14 00:00:00,2010-09-14 00:00:00,332.1,2010-09-14 00:00:00,329,329,25,36700,12089470,2010-09-14 00:00:00,1
2010-09-15 00:00:00,2010-09-15 00:00:00,335,2010-09-15 00:00:00,320,331,65,149000,49182050,2010-09-15 00:00:00,1
2010-09-16 00:00:00,2010-09-16 00:00:00,335,2010-09-16 00:00:00,330,332,47,205400,68222030,2010-09-16 00:00:00,1
2010-09-17 00:00:00,2010-09-17 00:00:00,345,2010-09-17 00:00:00,330,331.8,58,43400,14647040,2010-09-17 00:00:00,1
2010-09-20 00:00:00,2010-09-20 00:00:00,352,2010-09-20 00:00:00,331.8,349.6,130,594100,204287100,2010-09-20 00:00:00,1
2010-09-21 00:00:00,2010-09-21 00:00:00,372.9,2010-09-21 00:00:00,350,369.7,93,465800,168715910,2010-09-21 00:00:00,1
2010-09-23 00:00:00,2010-09-23 00:00:00,380,2010-09-23 00:00:00,370,373.8,98,700100,262633590,2010-09-23 00:00:00,1
2010-09-24 00:00:00,2010-09-24 00:00:00,380,2010-09-24 00:00:00,365,374.9,113,152800,57474480,2010-09-24 00:00:00,1
2010-09-27 00:00:00,2010-09-27 00:00:00,377,2010-09-27 00:00:00,369,374.5,120,141800,52928750,2010-09-27 00:00:00,1
2010-09-28 00:00:00,2010-09-28 00:00:00,375,2010-09-28 00:00:00,369.9,370,19,62100,22983490,2010-09-28 00:00:00,1
2010-09-29 00:00:00,2010-09-29 00:00:00,373,2010-09-29 00:00:00,369,369.9,50,132600,49212060,2010-09-29 00:00:00,1
2010-09-30 00:00:00,2010-09-30 00:00:00,390,2010-09-30 00:00:00,370,386.1,115,289500,110101610,2010-09-30 00:00:00,1
2010-10-01 00:00:00,2010-10-01 00:00:00,418,2010-10-01 00:00:00,390,410.8,183,468100,188710210,2010-10-01 00:00:00,1
2010-10-04 00:00:00,2010-10-04 00:00:00,445,2010-10-04 00:00:00,400,415.5,405,"20,311,160    8",",133,758,950.00",2010-10-04 00:00:00,1
2010-10-05 00:00:00,2010-10-05 00:00:00,430,2010-10-05 00:00:00,400.1,408.2,161,1350800,542415670,2010-10-05 00:00:00,1
2010-10-06 00:00:00,2010-10-06 00:00:00,414,2010-10-06 00:00:00,400,406.5,120,1363900,559158660,2010-10-06 00:00:00,1
2010-10-07 00:00:00,2010-10-07 00:00:00,409,2010-10-07 00:00:00,390,399.8,146,363200,145449890,2010-10-07 00:00:00,1
2010-10-08 00:00:00,2010-10-08 00:00:00,408,2010-10-08 00:00:00,382,403.3,103,199800,79354550,2010-10-08 00:00:00,1
2010-10-11 00:00:00,2010-10-11 00:00:00,410.1,2010-10-11 00:00:00,395,400,67,789300,315737870,2010-10-11 00:00:00,1
2010-10-12 00:00:00,2010-10-12 00:00:00,404,2010-10-12 00:00:00,388.2,389.9,80,99000,38835490,2010-10-12 00:00:00,1
2010-10-13 00:00:00,2010-10-13 00:00:00,399,2010-10-13 00:00:00,380,393.7,126,170500,66031050,2010-10-13 00:00:00,1
2010-10-14 00:00:00,2010-10-14 00:00:00,400,2010-10-14 00:00:00,391.1,391.7,27,16700,6644480,2010-10-14 00:00:00,1
2010-10-15 00:00:00,2010-10-15 00:00:00,397.9,2010-10-15 00:00:00,390,391.2,20,15700,6142710,2010-10-15 00:00:00,1
2010-10-18 00:00:00,2010-10-18 00:00:00,402,2010-10-18 00:00:00,398,400.2,81,164000,65600920,2010-10-18 00:00:00,1
2010-10-19 00:00:00,2010-10-19 00:00:00,410,2010-10-19 00:00:00,400,409.3,87,97100,39524920,2010-10-19 00:00:00,1
2010-10-20 00:00:00,2010-10-20 00:00:00,415,2010-10-20 00:00:00,399,400.3,66,1556800,627763660,2010-10-20 00:00:00,1
2010-10-21 00:00:00,2010-10-21 00:00:00,409.9,2010-10-21 00:00:00,400,405.1,38,41600,16856240,2010-10-21 00:00:00,1
2010-10-25 00:00:00,2010-10-25 00:00:00,407,2010-10-25 00:00:00,400,407,49,736800,300494750,2010-10-25 00:00:00,1
2010-10-26 00:00:00,2010-10-26 00:00:00,409,2010-10-26 00:00:00,405,407.6,67,1319000,538122990,2010-10-26 00:00:00,1
2010-10-27 00:00:00,2010-10-27 00:00:00,409.9,2010-10-27 00:00:00,405,408,86,142300,58044630,2010-10-27 00:00:00,1
2010-10-28 00:00:00,2010-10-28 00:00:00,409.9,2010-10-28 00:00:00,405,407.8,38,140000,57117930,2010-10-28 00:00:00,1
2010-10-29 00:00:00,2010-10-29 00:00:00,418,2010-10-29 00:00:00,402,413,64,219000,90242870,2010-10-29 00:00:00,1
2010-11-01 00:00:00,2010-11-01 00:00:00,417,2010-11-01 00:00:00,410,411.6,19,9600,3991810,2010-11-01 00:00:00,1
2010-11-02 00:00:00,2010-11-02 00:00:00,412,2010-11-02 00:00:00,406,409.5,11,5400,2211800,2010-11-02 00:00:00,1
2010-11-03 00:00:00,2010-11-03 00:00:00,410,2010-11-03 00:00:00,409,409.4,30,23000,9426750,2010-11-03 00:00:00,1
2010-11-04 00:00:00,2010-11-04 00:00:00,418,2010-11-04 00:00:00,408,416.9,48,48900,20240710,2010-11-04 00:00:00,1
2010-11-08 00:00:00,2010-11-08 00:00:00,414,2010-11-08 00:00:00,410,412.8,23,12400,5108050,2010-11-08 00:00:00,1
2010-11-09 00:00:00,2010-11-09 00:00:00,410.1,2010-11-09 00:00:00,407.5,410,14,15000,6143850,2010-11-09 00:00:00,1
2010-11-10 00:00:00,2010-11-10 00:00:00,410,2010-11-10 00:00:00,405,407.5,14,15200,6214360,2010-11-10 00:00:00,1
2010-11-11 00:00:00,2010-11-11 00:00:00,410,2010-11-11 00:00:00,400.2,407.6,7,7300,2974320,2010-11-11 00:00:00,1
2010-11-12 00:00:00,2010-11-12 00:00:00,412,2010-11-12 00:00:00,406,410,30,33200,13608550,2010-11-12 00:00:00,1
2010-11-15 00:00:00,2010-11-15 00:00:00,410,2010-11-15 00:00:00,401,408,26,91500,37338500,2010-11-15 00:00:00,1
2010-11-16 00:00:00,2010-11-16 00:00:00,406,2010-11-16 00:00:00,398,405.5,24,64600,25891960,2010-11-16 00:00:00,1
2010-11-18 00:00:00,2010-11-18 00:00:00,412.9,2010-11-18 00:00:00,407,410,28,75900,31102690,2010-11-18 00:00:00,1
2010-11-22 00:00:00,2010-11-22 00:00:00,410,2010-11-22 00:00:00,400,400.2,23,97200,38963470,2010-11-22 00:00:00,1
2010-11-23 00:00:00,2010-11-23 00:00:00,401,2010-11-23 00:00:00,391.1,399.9,21,108500,43394740,2010-11-23 00:00:00,1
2010-11-24 00:00:00,2010-11-24 00:00:00,405,2010-11-24 00:00:00,400,400,40,154700,61881000,2010-11-24 00:00:00,1
2010-11-25 00:00:00,2010-11-25 00:00:00,400,2010-11-25 00:00:00,395,395,4,2700,1067500,2010-11-25 00:00:00,1
2010-11-26 00:00:00,2010-11-26 00:00:00,404,2010-11-26 00:00:00,395,400,19,68500,27393790,2010-11-26 00:00:00,1
2010-11-29 00:00:00,2010-11-29 00:00:00,404,2010-11-29 00:00:00,398,398,17,852600,341029800,2010-11-29 00:00:00,1
2010-11-30 00:00:00,2010-11-30 00:00:00,404,2010-11-30 00:00:00,398,398.4,51,61800,24680360,2010-11-30 00:00:00,1
2010-12-01 00:00:00,2010-12-01 00:00:00,405,2010-12-01 00:00:00,399.9,400.9,23,55500,22231700,2010-12-01 00:00:00,1
2010-12-02 00:00:00,2010-12-02 00:00:00,400,2010-12-02 00:00:00,398,400,21,15000,5974430,2010-12-02 00:00:00,1
2010-12-03 00:00:00,2010-12-03 00:00:00,404,2010-12-03 00:00:00,398,400,18,50800,20316500,2010-12-03 00:00:00,1
2010-12-06 00:00:00,2010-12-06 00:00:00,409,2010-12-06 00:00:00,400,402.3,17,45100,18265350,2010-12-06 00:00:00,1
2010-12-07 00:00:00,2010-12-07 00:00:00,405,2010-12-07 00:00:00,398,399,13,4300,1720650,2010-12-07 00:00:00,1
2010-12-08 00:00:00,2010-12-08 00:00:00,404.5,2010-12-08 00:00:00,400,400,13,9100,3640450,2010-12-08 00:00:00,1
2010-12-09 00:00:00,2010-12-09 00:00:00,403,2010-12-09 00:00:00,398,398.7,7,1600,638150,2010-12-09 00:00:00,1
2010-12-10 00:00:00,2010-12-10 00:00:00,400,2010-12-10 00:00:00,398,399.7,16,26500,10586620,2010-12-10 00:00:00,1
2010-12-13 00:00:00,2010-12-13 00:00:00,404,2010-12-13 00:00:00,400,402,49,185400,74560000,2010-12-13 00:00:00,1
2010-12-14 00:00:00,2010-12-14 00:00:00,410,2010-12-14 00:00:00,402,406,46,144600,58566580,2010-12-14 00:00:00,1
2010-12-15 00:00:00,2010-12-15 00:00:00,407,2010-12-15 00:00:00,400,403,14,138800,55938330,2010-12-15 00:00:00,1
2010-12-16 00:00:00,2010-12-16 00:00:00,405,2010-12-16 00:00:00,402,403,19,103600,41752200,2010-12-16 00:00:00,1
2010-12-17 00:00:00,2010-12-17 00:00:00,402,2010-12-17 00:00:00,399.5,400,14,13700,5480650,2010-12-17 00:00:00,1
2010-12-21 00:00:00,2010-12-21 00:00:00,405,2010-12-21 00:00:00,398,398,12,15500,6196500,2010-12-21 00:00:00,1
2010-12-22 00:00:00,2010-12-22 00:00:00,402,2010-12-22 00:00:00,400,400,27,46200,18480500,2010-12-22 00:00:00,1
2010-12-23 00:00:00,2010-12-23 00:00:00,400.1,2010-12-23 00:00:00,398,400,17,10500,4198630,2010-12-23 00:00:00,1
2010-12-24 00:00:00,2010-12-24 00:00:00,400,2010-12-24 00:00:00,400,400,4,600,240000,2010-12-24 00:00:00,1
2010-12-27 00:00:00,2010-12-27 00:00:00,400,2010-12-27 00:00:00,398,400,26,12100,4839800,2010-12-27 00:00:00,1
2010-12-28 00:00:00,2010-12-28 00:00:00,400,2010-12-28 00:00:00,400,400,76,120100,48040000,2010-12-28 00:00:00,1
2010-12-29 00:00:00,2010-12-29 00:00:00,405,2010-12-29 00:00:00,400,400.5,32,21300,8524600,2010-12-29 00:00:00,1
2010-12-30 00:00:00,2010-12-30 00:00:00,400.1,2010-12-30 00:00:00,399,399.9,40,14300,5719710,2010-12-30 00:00:00,1
2010-12-31 00:00:00,2010-12-31 00:00:00,400,2010-12-31 00:00:00,399,399.9,10,31400,12559800,2010-12-31 00:00:00,1
Company Id :  HNB,,Security Type :  X,,Sub Type :  0000,,,,,,
Short Name :  HNB,,,,,,,,,,
Day,Date High,High,Date Low,Low,Closing,No. of Trades,No. of Shares,Turnover,Last Traded,Days Traded
2010-01-04 00:00:00,2010-01-04 00:00:00,112,2010-01-04 00:00:00,105,110,63,148000,15860500,2010-01-04 00:00:00,1
2010-01-05 00:00:00,2010-01-05 00:00:00,114.5,2010-01-05 00:00:00,107.5,112,56,79500,8850300,2010-01-05 00:00:00,1
2010-01-06 00:00:00,2010-01-06 00:00:00,113,2010-01-06 00:00:00,111,112,41,64500,7267000,2010-01-06 00:00:00,1
2010-01-07 00:00:00,2010-01-07 00:00:00,112.75,2010-01-07 00:00:00,107.5,112.5,60,86200,9546650,2010-01-07 00:00:00,1
2010-01-08 00:00:00,2010-01-08 00:00:00,112.5,2010-01-08 00:00:00,111,111,55,326200,36026700,2010-01-08 00:00:00,1
2010-01-11 00:00:00,2010-01-11 00:00:00,112.5,2010-01-11 00:00:00,108.5,110,38,632100,69554500,2010-01-11 00:00:00,1
2010-01-12 00:00:00,2010-01-12 00:00:00,111.75,2010-01-12 00:00:00,110,111,23,74500,8270850,2010-01-12 00:00:00,1
2010-01-13 00:00:00,2010-01-13 00:00:00,112,2010-01-13 00:00:00,110.5,111.25,44,164000,18096825,2010-01-13 00:00:00,1
2010-01-15 00:00:00,2010-01-15 00:00:00,113.75,2010-01-15 00:00:00,110,113,73,113400,12743200,2010-01-15 00:00:00,1
2010-01-18 00:00:00,2010-01-18 00:00:00,113.5,2010-01-18 00:00:00,111,112,50,198500,22211625,2010-01-18 00:00:00,1
2010-01-19 00:00:00,2010-01-19 00:00:00,110,2010-01-19 00:00:00,108,110,71,175400,19220250,2010-01-19 00:00:00,1
2010-01-20 00:00:00,2010-01-20 00:00:00,114.75,2010-01-20 00:00:00,111,114,74,128400,14539150,2010-01-20 00:00:00,1
2010-01-21 00:00:00,2010-01-21 00:00:00,114.5,2010-01-21 00:00:00,112,112,20,17900,2029600,2010-01-21 00:00:00,1
2010-01-22 00:00:00,2010-01-22 00:00:00,114,2010-01-22 00:00:00,112,113.25,51,338200,38206275,2010-01-22 00:00:00,1
2010-01-25 00:00:00,2010-01-25 00:00:00,114,2010-01-25 00:00:00,112,113.5,46,60200,6782875,2010-01-25 00:00:00,1
2010-01-26 00:00:00,2010-01-26 00:00:00,115,2010-01-26 00:00:00,113,115,16,16100,1847000,2010-01-26 00:00:00,1
2010-01-28 00:00:00,2010-01-28 00:00:00,116.75,2010-01-28 00:00:00,111,115.25,56,62000,7063975,2010-01-28 00:00:00,1
2010-02-01 00:00:00,2010-02-01 00:00:00,117,2010-02-01 00:00:00,115,115.75,31,31000,3578825,2010-02-01 00:00:00,1
2010-02-02 00:00:00,2010-02-02 00:00:00,120,2010-02-02 00:00:00,116,120,92,207900,24790500,2010-02-02 00:00:00,1
2010-02-03 00:00:00,2010-02-03 00:00:00,121.5,2010-02-03 00:00:00,117,121.25,81,206800,24845650,2010-02-03 00:00:00,1
2010-02-05 00:00:00,2010-02-05 00:00:00,123,2010-02-05 00:00:00,120.25,122.5,30,35300,4293550,2010-02-05 00:00:00,1
2010-02-08 00:00:00,2010-02-08 00:00:00,125,2010-02-08 00:00:00,122.5,124,39,70300,8687025,2010-02-08 00:00:00,1
2010-02-09 00:00:00,2010-02-09 00:00:00,123,2010-02-09 00:00:00,119.5,121.75,67,65600,7981550,2010-02-09 00:00:00,1
2010-02-10 00:00:00,2010-02-10 00:00:00,122,2010-02-10 00:00:00,120,120.5,30,39800,4811050,2010-02-10 00:00:00,1
2010-02-11 00:00:00,2010-02-11 00:00:00,120.75,2010-02-11 00:00:00,118,118.25,40,42800,5105350,2010-02-11 00:00:00,1
2010-02-12 00:00:00,2010-02-12 00:00:00,118,2010-02-12 00:00:00,115,117,15,20400,2370325,2010-02-12 00:00:00,1
2010-02-15 00:00:00,2010-02-15 00:00:00,117,2010-02-15 00:00:00,115,116.75,16,10700,1239825,2010-02-15 00:00:00,1
2010-02-16 00:00:00,2010-02-16 00:00:00,122,2010-02-16 00:00:00,117,120,45,31300,3755000,2010-02-16 00:00:00,1
2010-02-17 00:00:00,2010-02-17 00:00:00,119,2010-02-17 00:00:00,118,119,26,35100,4169100,2010-02-17 00:00:00,1
2010-02-18 00:00:00,2010-02-18 00:00:00,121.75,2010-02-18 00:00:00,119.5,121,35,50900,6133775,2010-02-18 00:00:00,1
2010-02-19 00:00:00,2010-02-19 00:00:00,124,2010-02-19 00:00:00,121,122.5,40,64300,7854950,2010-02-19 00:00:00,1
2010-02-22 00:00:00,2010-02-22 00:00:00,124.5,2010-02-22 00:00:00,122,122.25,17,15400,1887825,2010-02-22 00:00:00,1
2010-02-23 00:00:00,2010-02-23 00:00:00,125,2010-02-23 00:00:00,122,124,30,221200,27520900,2010-02-23 00:00:00,1
2010-02-24 00:00:00,2010-02-24 00:00:00,124.5,2010-02-24 00:00:00,122,124,16,23900,2961825,2010-02-24 00:00:00,1
2010-02-25 00:00:00,2010-02-25 00:00:00,127,2010-02-25 00:00:00,124,125.75,30,30000,3763575,2010-02-25 00:00:00,1
2010-02-26 00:00:00,2010-02-26 00:00:00,129,2010-02-26 00:00:00,127,128.25,15,17300,2215850,2010-02-26 00:00:00,1
2010-03-01 00:00:00,2010-03-01 00:00:00,145,2010-03-01 00:00:00,131,135,87,62800,8497825,2010-03-01 00:00:00,1
2010-03-02 00:00:00,2010-03-02 00:00:00,135,2010-03-02 00:00:00,132,132.25,24,16100,2135850,2010-03-02 00:00:00,1
2010-03-03 00:00:00,2010-03-03 00:00:00,132,2010-03-03 00:00:00,130,130,30,16700,2177775,2010-03-03 00:00:00,1
2010-03-04 00:00:00,2010-03-04 00:00:00,132,2010-03-04 00:00:00,130,130.5,28,18200,2372850,2010-03-04 00:00:00,1
2010-03-05 00:00:00,2010-03-05 00:00:00,134.5,2010-03-05 00:00:00,131,132.25,24,12000,1587650,2010-03-05 00:00:00,1
2010-03-08 00:00:00,2010-03-08 00:00:00,134,2010-03-08 00:00:00,133,134,34,37000,4937450,2010-03-08 00:00:00,1
2010-03-09 00:00:00,2010-03-09 00:00:00,134.75,2010-03-09 00:00:00,133,134.25,27,33300,4465050,2010-03-09 00:00:00,1
2010-03-10 00:00:00,2010-03-10 00:00:00,134.75,2010-03-10 00:00:00,133.25,134,19,18400,2460550,2010-03-10 00:00:00,1
2010-03-11 00:00:00,2010-03-11 00:00:00,138,2010-03-11 00:00:00,134,135.5,37,52200,7059750,2010-03-11 00:00:00,1
2010-03-12 00:00:00,2010-03-12 00:00:00,137,2010-03-12 00:00:00,136,136.25,15,7100,967600,2010-03-12 00:00:00,1
2010-03-15 00:00:00,2010-03-15 00:00:00,139,2010-03-15 00:00:00,136,138.25,29,34600,4757875,2010-03-15 00:00:00,1
2010-03-16 00:00:00,2010-03-16 00:00:00,140,2010-03-16 00:00:00,136,136.5,18,18100,2472375,2010-03-16 00:00:00,1
2010-03-17 00:00:00,2010-03-17 00:00:00,137,2010-03-17 00:00:00,135.25,135.5,13,18400,2502525,2010-03-17 00:00:00,1
2010-03-18 00:00:00,2010-03-18 00:00:00,136.75,2010-03-18 00:00:00,135,135.25,14,10700,1445225,2010-03-18 00:00:00,1
2010-03-19 00:00:00,2010-03-19 00:00:00,135,2010-03-19 00:00:00,133.5,134,16,9500,1273000,2010-03-19 00:00:00,1
2010-03-22 00:00:00,2010-03-22 00:00:00,134,2010-03-22 00:00:00,131.75,132.5,33,22200,2969625,2010-03-22 00:00:00,1
2010-03-23 00:00:00,2010-03-23 00:00:00,134,2010-03-23 00:00:00,132.5,133.75,18,15000,2008250,2010-03-23 00:00:00,1
2010-03-24 00:00:00,2010-03-24 00:00:00,134,2010-03-24 00:00:00,132,132.75,11,9300,1245325,2010-03-24 00:00:00,1
2010-03-25 00:00:00,2010-03-25 00:00:00,134,2010-03-25 00:00:00,133,133.5,14,22700,3035875,2010-03-25 00:00:00,1
2010-03-26 00:00:00,2010-03-26 00:00:00,138,2010-03-26 00:00:00,135,136,49,114600,15512225,2010-03-26 00:00:00,1
2010-03-30 00:00:00,2010-03-30 00:00:00,139,2010-03-30 00:00:00,136,138.5,28,114600,15965225,2010-03-30 00:00:00,1
2010-03-31 00:00:00,2010-03-31 00:00:00,140,2010-03-31 00:00:00,139,140,70,143600,20087750,2010-03-31 00:00:00,1
2010-04-01 00:00:00,2010-04-01 00:00:00,138.5,2010-04-01 00:00:00,132.25,137,42,289600,39417525,2010-04-01 00:00:00,1
2010-04-05 00:00:00,2010-04-05 00:00:00,140,2010-04-05 00:00:00,137,139.25,50,36300,5052200,2010-04-05 00:00:00,1
2010-04-06 00:00:00,2010-04-06 00:00:00,159.5,2010-04-06 00:00:00,140,157.5,305,247700,37616350,2010-04-06 00:00:00,1
2010-04-07 00:00:00,2010-04-07 00:00:00,175,2010-04-07 00:00:00,160,167.25,164,117200,19636525,2010-04-07 00:00:00,1
2010-04-08 00:00:00,2010-04-08 00:00:00,170,2010-04-08 00:00:00,166.25,167.5,43,14700,2479275,2010-04-08 00:00:00,1
2010-04-12 00:00:00,2010-04-12 00:00:00,175,2010-04-12 00:00:00,170,171.5,78,43900,7549925,2010-04-12 00:00:00,1
2010-04-15 00:00:00,2010-04-15 00:00:00,172.75,2010-04-15 00:00:00,170,170.5,18,8800,1510250,2010-04-15 00:00:00,1
2010-04-16 00:00:00,2010-04-16 00:00:00,171,2010-04-16 00:00:00,166,170.75,19,9000,1508200,2010-04-16 00:00:00,1
2010-04-19 00:00:00,2010-04-19 00:00:00,180,2010-04-19 00:00:00,169,176.75,79,61800,10714525,2010-04-19 00:00:00,1
2010-04-20 00:00:00,2010-04-20 00:00:00,178,2010-04-20 00:00:00,174,175,27,27700,4850225,2010-04-20 00:00:00,1
2010-04-21 00:00:00,2010-04-21 00:00:00,175,2010-04-21 00:00:00,170,171,34,65100,11079800,2010-04-21 00:00:00,1
2010-04-22 00:00:00,2010-04-22 00:00:00,175,2010-04-22 00:00:00,173.25,174,58,44300,7716850,2010-04-22 00:00:00,1
2010-04-23 00:00:00,2010-04-23 00:00:00,175,2010-04-23 00:00:00,172,174.75,74,85400,14925675,2010-04-23 00:00:00,1
2010-04-26 00:00:00,2010-04-26 00:00:00,175,2010-04-26 00:00:00,171.5,172.75,13,3600,626750,2010-04-26 00:00:00,1
2010-04-27 00:00:00,2010-04-27 00:00:00,175,2010-04-27 00:00:00,172,172.5,25,27200,4729500,2010-04-27 00:00:00,1
2010-04-29 00:00:00,2010-04-29 00:00:00,171.75,2010-04-29 00:00:00,170,170.25,41,89000,15136025,2010-04-29 00:00:00,1
2010-04-30 00:00:00,2010-04-30 00:00:00,173.75,2010-04-30 00:00:00,170.25,172.25,23,16300,2806475,2010-04-30 00:00:00,1
2010-05-03 00:00:00,2010-05-03 00:00:00,179.75,2010-05-03 00:00:00,173.75,176.75,101,146000,25674100,2010-05-03 00:00:00,1
2010-05-04 00:00:00,2010-05-04 00:00:00,179,2010-05-04 00:00:00,175,177.75,53,116500,20629175,2010-05-04 00:00:00,1
2010-05-05 00:00:00,2010-05-05 00:00:00,180,2010-05-05 00:00:00,178,178.5,33,23800,4257550,2010-05-05 00:00:00,1
2010-05-06 00:00:00,2010-05-06 00:00:00,179.5,2010-05-06 00:00:00,178,178.75,43,38700,6917600,2010-05-06 00:00:00,1
2010-05-07 00:00:00,2010-05-07 00:00:00,179,2010-05-07 00:00:00,175,176.25,37,17200,3045000,2010-05-07 00:00:00,1
2010-05-10 00:00:00,2010-05-10 00:00:00,178,2010-05-10 00:00:00,175,176.5,35,27000,4772300,2010-05-10 00:00:00,1
2010-05-11 00:00:00,2010-05-11 00:00:00,175,2010-05-11 00:00:00,174,174.75,30,20600,3601050,2010-05-11 00:00:00,1
2010-05-12 00:00:00,2010-05-12 00:00:00,177.5,2010-05-12 00:00:00,173,173.5,23,8400,1464875,2010-05-12 00:00:00,1
2010-05-13 00:00:00,2010-05-13 00:00:00,172,2010-05-13 00:00:00,169,170,45,17300,2942250,2010-05-13 00:00:00,1
2010-05-14 00:00:00,2010-05-14 00:00:00,170,2010-05-14 00:00:00,169,169.75,6,2100,356700,2010-05-14 00:00:00,1
2010-05-17 00:00:00,2010-05-17 00:00:00,170,2010-05-17 00:00:00,167.5,168,18,14700,2465100,2010-05-17 00:00:00,1
2010-05-18 00:00:00,2010-05-18 00:00:00,170,2010-05-18 00:00:00,167.5,168.75,21,9400,1586550,2010-05-18 00:00:00,1
2010-05-19 00:00:00,2010-05-19 00:00:00,169,2010-05-19 00:00:00,167.5,167.5,12,5200,874450,2010-05-19 00:00:00,1
2010-05-20 00:00:00,2010-05-20 00:00:00,170,2010-05-20 00:00:00,168,169.75,41,42700,7238375,2010-05-20 00:00:00,1
2010-05-21 00:00:00,2010-05-21 00:00:00,171,2010-05-21 00:00:00,167.25,168,42,22200,3762150,2010-05-21 00:00:00,1
2010-05-24 00:00:00,2010-05-24 00:00:00,168.25,2010-05-24 00:00:00,166,167,16,12600,2108000,2010-05-24 00:00:00,1
2010-05-25 00:00:00,2010-05-25 00:00:00,170,2010-05-25 00:00:00,166,167.5,25,24500,4104025,2010-05-25 00:00:00,1
2010-05-26 00:00:00,2010-05-26 00:00:00,170,2010-05-26 00:00:00,167.5,170,25,26500,4493800,2010-05-26 00:00:00,1
2010-05-31 00:00:00,2010-05-31 00:00:00,170,2010-05-31 00:00:00,169,169.5,13,12800,2173800,2010-05-31 00:00:00,1
2010-06-01 00:00:00,2010-06-01 00:00:00,170,2010-06-01 00:00:00,169.5,169.5,15,20800,3535575,2010-06-01 00:00:00,1
2010-06-02 00:00:00,2010-06-02 00:00:00,179,2010-06-02 00:00:00,169.5,177,87,116100,20102025,2010-06-02 00:00:00,1
2010-06-03 00:00:00,2010-06-03 00:00:00,195,2010-06-03 00:00:00,180,193.25,228,570100,104545200,2010-06-03 00:00:00,1
2010-06-04 00:00:00,2010-06-04 00:00:00,199.75,2010-06-04 00:00:00,190,190.75,163,235100,46111675,2010-06-04 00:00:00,1
2010-06-07 00:00:00,2010-06-07 00:00:00,198,2010-06-07 00:00:00,193,197.25,111,166600,32678475,2010-06-07 00:00:00,1
2010-06-08 00:00:00,2010-06-08 00:00:00,199,2010-06-08 00:00:00,196,196.25,121,327900,64731925,2010-06-08 00:00:00,1
2010-06-09 00:00:00,2010-06-09 00:00:00,199.25,2010-06-09 00:00:00,196,199,78,66700,13178400,2010-06-09 00:00:00,1
2010-06-10 00:00:00,2010-06-10 00:00:00,207,2010-06-10 00:00:00,199,204,115,401500,80428875,2010-06-10 00:00:00,1
2010-06-11 00:00:00,2010-06-11 00:00:00,207,2010-06-11 00:00:00,203.5,204,68,269900,55094550,2010-06-11 00:00:00,1
2010-06-14 00:00:00,2010-06-14 00:00:00,206.25,2010-06-14 00:00:00,203,203.75,58,83000,17026825,2010-06-14 00:00:00,1
2010-06-15 00:00:00,2010-06-15 00:00:00,205,2010-06-15 00:00:00,200,200,33,17700,3566075,2010-06-15 00:00:00,1
2010-06-16 00:00:00,2010-06-16 00:00:00,202.5,2010-06-16 00:00:00,199,201,32,36800,7400450,2010-06-16 00:00:00,1
2010-06-17 00:00:00,2010-06-17 00:00:00,201,2010-06-17 00:00:00,198,198.5,43,49800,9942000,2010-06-17 00:00:00,1
2010-06-21 00:00:00,2010-06-21 00:00:00,199,2010-06-21 00:00:00,193,195.25,32,40600,7965725,2010-06-21 00:00:00,1
2010-06-22 00:00:00,2010-06-22 00:00:00,196,2010-06-22 00:00:00,193,193.75,32,138800,27037900,2010-06-22 00:00:00,1
2010-06-23 00:00:00,2010-06-23 00:00:00,194,2010-06-23 00:00:00,189,193.75,43,80700,15579150,2010-06-23 00:00:00,1
2010-06-24 00:00:00,2010-06-24 00:00:00,194,2010-06-24 00:00:00,190,193.25,57,134100,26075825,2010-06-24 00:00:00,1
2010-06-28 00:00:00,2010-06-28 00:00:00,194,2010-06-28 00:00:00,189,190.25,31,67000,12750175,2010-06-28 00:00:00,1
2010-06-29 00:00:00,2010-06-29 00:00:00,191,2010-06-29 00:00:00,190,190,33,33200,6314325,2010-06-29 00:00:00,1
2010-06-30 00:00:00,2010-06-30 00:00:00,191,2010-06-30 00:00:00,190,190.25,36,57700,10971150,2010-06-30 00:00:00,1
2010-07-01 00:00:00,2010-07-01 00:00:00,193,2010-07-01 00:00:00,190,191.5,33,35000,6678650,2010-07-01 00:00:00,1
2010-07-02 00:00:00,2010-07-02 00:00:00,194,2010-07-02 00:00:00,190,191,26,107400,20504125,2010-07-02 00:00:00,1
2010-07-05 00:00:00,2010-07-05 00:00:00,189.75,2010-07-05 00:00:00,187.25,187.75,31,56900,10723875,2010-07-05 00:00:00,1
2010-07-06 00:00:00,2010-07-06 00:00:00,187,2010-07-06 00:00:00,185.25,186.75,47,84700,15725250,2010-07-06 00:00:00,1
2010-07-07 00:00:00,2010-07-07 00:00:00,185.5,2010-07-07 00:00:00,180,182.75,49,63500,11654775,2010-07-07 00:00:00,1
2010-07-08 00:00:00,2010-07-08 00:00:00,185,2010-07-08 00:00:00,181.75,182.75,27,20100,3670625,2010-07-08 00:00:00,1
2010-07-09 00:00:00,2010-07-09 00:00:00,186,2010-07-09 00:00:00,182,185,10,4800,887375,2010-07-09 00:00:00,1
2010-07-12 00:00:00,2010-07-12 00:00:00,185,2010-07-12 00:00:00,183,184,11,14000,2587700,2010-07-12 00:00:00,1
2010-07-13 00:00:00,2010-07-13 00:00:00,184.5,2010-07-13 00:00:00,180,183.25,20,4000,732650,2010-07-13 00:00:00,1
2010-07-14 00:00:00,2010-07-14 00:00:00,185,2010-07-14 00:00:00,183.25,184.75,38,36200,6666100,2010-07-14 00:00:00,1
2010-07-15 00:00:00,2010-07-15 00:00:00,195,2010-07-15 00:00:00,185,194.25,41,48600,9226875,2010-07-15 00:00:00,1
2010-07-16 00:00:00,2010-07-16 00:00:00,194.25,2010-07-16 00:00:00,190.5,192.5,36,23900,4594950,2010-07-16 00:00:00,1
2010-07-19 00:00:00,2010-07-19 00:00:00,193,2010-07-19 00:00:00,185.25,186.5,19,13100,2465625,2010-07-19 00:00:00,1
2010-07-20 00:00:00,2010-07-20 00:00:00,192,2010-07-20 00:00:00,190,190,11,12500,2378150,2010-07-20 00:00:00,1
2010-07-21 00:00:00,2010-07-21 00:00:00,195,2010-07-21 00:00:00,190,191,27,17800,3414375,2010-07-21 00:00:00,1
2010-07-22 00:00:00,2010-07-22 00:00:00,195,2010-07-22 00:00:00,190,194.75,26,42800,8326725,2010-07-22 00:00:00,1
2010-07-23 00:00:00,2010-07-23 00:00:00,198,2010-07-23 00:00:00,195,196.5,30,22300,4367950,2010-07-23 00:00:00,1
2010-07-26 00:00:00,2010-07-26 00:00:00,196,2010-07-26 00:00:00,195,195,6,16000,3130000,2010-07-26 00:00:00,1
2010-07-27 00:00:00,2010-07-27 00:00:00,199.75,2010-07-27 00:00:00,195,197.5,40,108800,21602925,2010-07-27 00:00:00,1
2010-07-28 00:00:00,2010-07-28 00:00:00,201,2010-07-28 00:00:00,196.5,200,53,83800,16753925,2010-07-28 00:00:00,1
2010-07-29 00:00:00,2010-07-29 00:00:00,201,2010-07-29 00:00:00,196,196.5,21,24400,4841125,2010-07-29 00:00:00,1
2010-07-30 00:00:00,2010-07-30 00:00:00,199.75,2010-07-30 00:00:00,195,196.25,13,5700,1121625,2010-07-30 00:00:00,1
2010-08-02 00:00:00,2010-08-02 00:00:00,198.1,2010-08-02 00:00:00,195,196.9,36,87300,17172820,2010-08-02 00:00:00,1
2010-08-03 00:00:00,2010-08-03 00:00:00,198.1,2010-08-03 00:00:00,194,196,13,14700,2857620,2010-08-03 00:00:00,1
2010-08-04 00:00:00,2010-08-04 00:00:00,197.5,2010-08-04 00:00:00,193,193,3,1500,291650,2010-08-04 00:00:00,1
2010-08-05 00:00:00,2010-08-05 00:00:00,193,2010-08-05 00:00:00,185,191.2,30,45500,8630270,2010-08-05 00:00:00,1
2010-08-06 00:00:00,2010-08-06 00:00:00,190.2,2010-08-06 00:00:00,190,190.2,16,14800,2812770,2010-08-06 00:00:00,1
2010-08-09 00:00:00,2010-08-09 00:00:00,178.2,2010-08-09 00:00:00,173.6,178.1,33,12500,2215900,2010-08-09 00:00:00,1
2010-08-10 00:00:00,2010-08-10 00:00:00,192,2010-08-10 00:00:00,175,186.2,75,74800,13719120,2010-08-10 00:00:00,1
2010-08-11 00:00:00,2010-08-11 00:00:00,190,2010-08-11 00:00:00,188,189.7,27,83400,15704980,2010-08-11 00:00:00,1
2010-08-12 00:00:00,2010-08-12 00:00:00,191,2010-08-12 00:00:00,188,190,10,22400,4255920,2010-08-12 00:00:00,1
2010-08-13 00:00:00,2010-08-13 00:00:00,198,2010-08-13 00:00:00,192,195.1,27,22400,4368950,2010-08-13 00:00:00,1
2010-08-16 00:00:00,2010-08-16 00:00:00,195,2010-08-16 00:00:00,192,194.9,15,19300,3750500,2010-08-16 00:00:00,1
2010-08-17 00:00:00,2010-08-17 00:00:00,195,2010-08-17 00:00:00,190,194.4,16,15400,2960090,2010-08-17 00:00:00,1
2010-08-18 00:00:00,2010-08-18 00:00:00,196,2010-08-18 00:00:00,195,195.3,14,5200,1015620,2010-08-18 00:00:00,1
2010-08-19 00:00:00,2010-08-19 00:00:00,198,2010-08-19 00:00:00,194,195,18,13100,2555970,2010-08-19 00:00:00,1
2010-08-20 00:00:00,2010-08-20 00:00:00,196,2010-08-20 00:00:00,194,195,10,6600,1286720,2010-08-20 00:00:00,1
2010-08-23 00:00:00,2010-08-23 00:00:00,200,2010-08-23 00:00:00,192,199.6,17,100300,20017800,2010-08-23 00:00:00,1
2010-08-25 00:00:00,2010-08-25 00:00:00,197,2010-08-25 00:00:00,191,197,14,9000,1727240,2010-08-25 00:00:00,1
2010-08-26 00:00:00,2010-08-26 00:00:00,195.7,2010-08-26 00:00:00,185,193.4,23,10400,1972820,2010-08-26 00:00:00,1
2010-08-27 00:00:00,2010-08-27 00:00:00,194,2010-08-27 00:00:00,190,194,8,3200,610820,2010-08-27 00:00:00,1
2010-08-30 00:00:00,2010-08-30 00:00:00,193.9,2010-08-30 00:00:00,190,190,18,41700,7943140,2010-08-30 00:00:00,1
2010-08-31 00:00:00,2010-08-31 00:00:00,193.5,2010-08-31 00:00:00,190,192.2,19,16700,3185100,2010-08-31 00:00:00,1
2010-09-01 00:00:00,2010-09-01 00:00:00,192.2,2010-09-01 00:00:00,190,191.7,32,114700,21798340,2010-09-01 00:00:00,1
2010-09-02 00:00:00,2010-09-02 00:00:00,192.5,2010-09-02 00:00:00,190,190.7,24,206600,39266530,2010-09-02 00:00:00,1
2010-09-03 00:00:00,2010-09-03 00:00:00,200,2010-09-03 00:00:00,193,195,43,22700,4427490,2010-09-03 00:00:00,1
2010-09-06 00:00:00,2010-09-06 00:00:00,195,2010-09-06 00:00:00,191.5,191.5,9,5300,1021200,2010-09-06 00:00:00,1
2010-09-07 00:00:00,2010-09-07 00:00:00,194,2010-09-07 00:00:00,190,193,14,22700,4323390,2010-09-07 00:00:00,1
2010-09-08 00:00:00,2010-09-08 00:00:00,202,2010-09-08 00:00:00,193.1,199.7,103,329200,65608930,2010-09-08 00:00:00,1
2010-09-09 00:00:00,2010-09-09 00:00:00,209.9,2010-09-09 00:00:00,197.5,207.2,184,507300,102758420,2010-09-09 00:00:00,1
2010-09-13 00:00:00,2010-09-13 00:00:00,220,2010-09-13 00:00:00,210,211.5,109,128100,27349030,2010-09-13 00:00:00,1
2010-09-14 00:00:00,2010-09-14 00:00:00,214.9,2010-09-14 00:00:00,206,208,49,37800,7937210,2010-09-14 00:00:00,1
2010-09-15 00:00:00,2010-09-15 00:00:00,214,2010-09-15 00:00:00,202,210.1,60,81300,17023720,2010-09-15 00:00:00,1
2010-09-16 00:00:00,2010-09-16 00:00:00,215,2010-09-16 00:00:00,211,214.8,143,473600,101654800,2010-09-16 00:00:00,1
2010-09-17 00:00:00,2010-09-17 00:00:00,220,2010-09-17 00:00:00,210,215.7,144,354000,76685040,2010-09-17 00:00:00,1
2010-09-20 00:00:00,2010-09-20 00:00:00,223,2010-09-20 00:00:00,218,220.4,154,251100,55377950,2010-09-20 00:00:00,1
2010-09-21 00:00:00,2010-09-21 00:00:00,235.5,2010-09-21 00:00:00,220,231.7,224,518400,116780440,2010-09-21 00:00:00,1
2010-09-23 00:00:00,2010-09-23 00:00:00,246.8,2010-09-23 00:00:00,232,244.3,219,437800,105186700,2010-09-23 00:00:00,1
2010-09-24 00:00:00,2010-09-24 00:00:00,250,2010-09-24 00:00:00,236.2,238.9,88,400200,93941260,2010-09-24 00:00:00,1
2010-09-27 00:00:00,2010-09-27 00:00:00,245,2010-09-27 00:00:00,230,235,82,59800,14201470,2010-09-27 00:00:00,1
2010-09-28 00:00:00,2010-09-28 00:00:00,230,2010-09-28 00:00:00,228,228.2,46,22700,5191910,2010-09-28 00:00:00,1
2010-09-29 00:00:00,2010-09-29 00:00:00,235,2010-09-29 00:00:00,229,232.9,48,379800,88402050,2010-09-29 00:00:00,1
2010-09-30 00:00:00,2010-09-30 00:00:00,243,2010-09-30 00:00:00,235,239.9,96,113000,27065270,2010-09-30 00:00:00,1
2010-10-01 00:00:00,2010-10-01 00:00:00,251.5,2010-10-01 00:00:00,241,247.9,263,292300,72461560,2010-10-01 00:00:00,1
2010-10-04 00:00:00,2010-10-04 00:00:00,260,2010-10-04 00:00:00,246,248.1,351,290800,73517000,2010-10-04 00:00:00,1
2010-10-05 00:00:00,2010-10-05 00:00:00,255,2010-10-05 00:00:00,243.5,249.9,69,56900,14168260,2010-10-05 00:00:00,1
2010-10-06 00:00:00,2010-10-06 00:00:00,250,2010-10-06 00:00:00,235,240.8,73,31300,7577960,2010-10-06 00:00:00,1
2010-10-07 00:00:00,2010-10-07 00:00:00,245,2010-10-07 00:00:00,225,229.4,139,59600,13874660,2010-10-07 00:00:00,1
2010-10-08 00:00:00,2010-10-08 00:00:00,240,2010-10-08 00:00:00,225,229.9,93,85500,19651360,2010-10-08 00:00:00,1
2010-10-11 00:00:00,2010-10-11 00:00:00,234,2010-10-11 00:00:00,227,228,52,27800,6409200,2010-10-11 00:00:00,1
2010-10-12 00:00:00,2010-10-12 00:00:00,225.2,2010-10-12 00:00:00,15.6,216.2,48,23000,4894660,2010-10-12 00:00:00,1
2010-10-13 00:00:00,2010-10-13 00:00:00,227,2010-10-13 00:00:00,200,220.6,161,129200,27551350,2010-10-13 00:00:00,1
2010-10-14 00:00:00,2010-10-14 00:00:00,227,2010-10-14 00:00:00,214,215.6,38,23900,5293980,2010-10-14 00:00:00,1
2010-10-15 00:00:00,2010-10-15 00:00:00,219,2010-10-15 00:00:00,214,218.5,26,18400,3974370,2010-10-15 00:00:00,1
2010-10-18 00:00:00,2010-10-18 00:00:00,220,2010-10-18 00:00:00,211.1,211.4,31,26700,5840370,2010-10-18 00:00:00,1
2010-10-19 00:00:00,2010-10-19 00:00:00,224.9,2010-10-19 00:00:00,214.5,220.4,56,50000,11009240,2010-10-19 00:00:00,1
2010-10-20 00:00:00,2010-10-20 00:00:00,230,2010-10-20 00:00:00,221,224.6,48,32600,7427310,2010-10-20 00:00:00,1
2010-10-21 00:00:00,2010-10-21 00:00:00,224.9,2010-10-21 00:00:00,220,221,31,27700,6119040,2010-10-21 00:00:00,1
2010-10-25 00:00:00,2010-10-25 00:00:00,221.1,2010-10-25 00:00:00,211.3,219.3,43,204900,43496500,2010-10-25 00:00:00,1
2010-10-26 00:00:00,2010-10-26 00:00:00,215,2010-10-26 00:00:00,212,213.5,25,15500,3318020,2010-10-26 00:00:00,1
2010-10-27 00:00:00,2010-10-27 00:00:00,213,2010-10-27 00:00:00,210,211.6,32,25600,5393100,2010-10-27 00:00:00,1
2010-10-28 00:00:00,2010-10-28 00:00:00,211,2010-10-28 00:00:00,209,210.1,36,18100,3805770,2010-10-28 00:00:00,1
2010-10-29 00:00:00,2010-10-29 00:00:00,218,2010-10-29 00:00:00,210,215.6,39,34800,7464460,2010-10-29 00:00:00,1
2010-11-01 00:00:00,2010-11-01 00:00:00,220.1,2010-11-01 00:00:00,218.9,219,24,30700,6746930,2010-11-01 00:00:00,1
2010-11-02 00:00:00,2010-11-02 00:00:00,220,2010-11-02 00:00:00,216,216.7,50,17100,3712090,2010-11-02 00:00:00,1
2010-11-03 00:00:00,2010-11-03 00:00:00,218,2010-11-03 00:00:00,216,216.1,30,21300,4610650,2010-11-03 00:00:00,1
2010-11-04 00:00:00,2010-11-04 00:00:00,224,2010-11-04 00:00:00,215.1,219.6,77,117100,25659490,2010-11-04 00:00:00,1
2010-11-08 00:00:00,2010-11-08 00:00:00,228.9,2010-11-08 00:00:00,220,221.3,66,53400,11859810,2010-11-08 00:00:00,1
2010-11-09 00:00:00,2010-11-09 00:00:00,221,2010-11-09 00:00:00,216.5,217.8,35,35500,7801100,2010-11-09 00:00:00,1
2010-11-10 00:00:00,2010-11-10 00:00:00,219.9,2010-11-10 00:00:00,213,215,22,22800,4902650,2010-11-10 00:00:00,1
2010-11-11 00:00:00,2010-11-11 00:00:00,215,2010-11-11 00:00:00,210,214.7,26,7800,1664700,2010-11-11 00:00:00,1
2010-11-12 00:00:00,2010-11-12 00:00:00,220,2010-11-12 00:00:00,214,216.2,11,4600,987460,2010-11-12 00:00:00,1
2010-11-15 00:00:00,2010-11-15 00:00:00,218,2010-11-15 00:00:00,213,214.2,23,14200,3047850,2010-11-15 00:00:00,1
2010-11-16 00:00:00,2010-11-16 00:00:00,213.9,2010-11-16 00:00:00,205.2,208,38,26500,5535630,2010-11-16 00:00:00,1
2010-11-18 00:00:00,2010-11-18 00:00:00,214,2010-11-18 00:00:00,210,211.8,31,20800,4392280,2010-11-18 00:00:00,1
2010-11-22 00:00:00,2010-11-22 00:00:00,214,2010-11-22 00:00:00,209,212.9,52,19700,4158600,2010-11-22 00:00:00,1
2010-11-23 00:00:00,2010-11-23 00:00:00,218,2010-11-23 00:00:00,208,208.5,24,21700,4591080,2010-11-23 00:00:00,1
2010-11-24 00:00:00,2010-11-24 00:00:00,213,2010-11-24 00:00:00,205,208.8,30,23600,4948630,2010-11-24 00:00:00,1
2010-11-25 00:00:00,2010-11-25 00:00:00,211,2010-11-25 00:00:00,206,207.7,14,9100,1899300,2010-11-25 00:00:00,1
2010-11-26 00:00:00,2010-11-26 00:00:00,209,2010-11-26 00:00:00,203,204.7,44,58800,12042460,2010-11-26 00:00:00,1
2010-11-29 00:00:00,2010-11-29 00:00:00,204,2010-11-29 00:00:00,190.7,196.3,62,42200,8470740,2010-11-29 00:00:00,1
2010-11-30 00:00:00,2010-11-30 00:00:00,210,2010-11-30 00:00:00,204.9,205.3,34,25000,5162930,2010-11-30 00:00:00,1
2010-12-01 00:00:00,2010-12-01 00:00:00,209.5,2010-12-01 00:00:00,205,207,91,140200,29012410,2010-12-01 00:00:00,1
2010-12-02 00:00:00,2010-12-02 00:00:00,210,2010-12-02 00:00:00,205,205.5,26,27600,5712650,2010-12-02 00:00:00,1
2010-12-03 00:00:00,2010-12-03 00:00:00,208,2010-12-03 00:00:00,204,206,12,6300,1289580,2010-12-03 00:00:00,1
2010-12-06 00:00:00,2010-12-06 00:00:00,205,2010-12-06 00:00:00,200,201.8,11,2700,543200,2010-12-06 00:00:00,1
2010-12-07 00:00:00,2010-12-07 00:00:00,204.9,2010-12-07 00:00:00,202.2,204,20,12000,2449190,2010-12-07 00:00:00,1
2010-12-08 00:00:00,2010-12-08 00:00:00,204,2010-12-08 00:00:00,201,202,11,8200,1658560,2010-12-08 00:00:00,1
2010-12-09 00:00:00,2010-12-09 00:00:00,202.1,2010-12-09 00:00:00,200.1,202,18,25600,5170340,2010-12-09 00:00:00,1
2010-12-10 00:00:00,2010-12-10 00:00:00,202.5,2010-12-10 00:00:00,200,200,33,33100,6636940,2010-12-10 00:00:00,1
2010-12-13 00:00:00,2010-12-13 00:00:00,201,2010-12-13 00:00:00,195,200.1,37,29800,5963070,2010-12-13 00:00:00,1
2010-12-14 00:00:00,2010-12-14 00:00:00,202,2010-12-14 00:00:00,198,200,31,30700,6142400,2010-12-14 00:00:00,1
2010-12-15 00:00:00,2010-12-15 00:00:00,203,2010-12-15 00:00:00,200,200.2,41,42500,8518550,2010-12-15 00:00:00,1
2010-12-16 00:00:00,2010-12-16 00:00:00,205,2010-12-16 00:00:00,200.1,201.9,16,5400,1095630,2010-12-16 00:00:00,1
2010-12-17 00:00:00,2010-12-17 00:00:00,201.5,2010-12-17 00:00:00,200.8,201.2,19,10400,2090580,2010-12-17 00:00:00,1
2010-12-21 00:00:00,2010-12-21 00:00:00,205,2010-12-21 00:00:00,200.6,201.8,21,107300,21987390,2010-12-21 00:00:00,1
2010-12-22 00:00:00,2010-12-22 00:00:00,209.4,2010-12-22 00:00:00,201,205,35,135900,27908530,2010-12-22 00:00:00,1
2010-12-23 00:00:00,2010-12-23 00:00:00,208,2010-12-23 00:00:00,202,205,29,125600,25763100,2010-12-23 00:00:00,1
2010-12-24 00:00:00,2010-12-24 00:00:00,209,2010-12-24 00:00:00,205,205,17,128800,26405200,2010-12-24 00:00:00,1
2010-12-27 00:00:00,2010-12-27 00:00:00,205.1,2010-12-27 00:00:00,205,205,30,150600,30873130,2010-12-27 00:00:00,1
2010-12-28 00:00:00,2010-12-28 00:00:00,210.4,2010-12-28 00:00:00,205,209.4,70,850900,174556460,2010-12-28 00:00:00,1
2010-12-29 00:00:00,2010-12-29 00:00:00,215,2010-12-29 00:00:00,206,212.9,43,47900,10174260,2010-12-29 00:00:00,1
2010-12-30 00:00:00,2010-12-30 00:00:00,213.5,2010-12-30 00:00:00,205,211.9,44,23500,4897860,2010-12-30 00:00:00,1
2010-12-31 00:00:00,2010-12-31 00:00:00,218,2010-12-31 00:00:00,210.7,214.6,12,13000,2798280,2010-12-31 00:00:00,1
Company Id :  HOPL,,Security Type :  N,,Sub Type :  0000,,,,,,
Short Name :  HORANA,,,,,,,,,,
Day,Date High,High,Date Low,Low,Closing,No. of Trades,No. of Shares,Turnover,Last Traded,Days Traded
2010-01-04 00:00:00,2010-01-04 00:00:00,21,2010-01-04 00:00:00,20,20,10,17000,345250,2010-01-04 00:00:00,1
2010-01-05 00:00:00,2010-01-05 00:00:00,21,2010-01-05 00:00:00,20.25,20.75,7,2500,51750,2010-01-05 00:00:00,1
2010-01-06 00:00:00,2010-01-06 00:00:00,20.75,2010-01-06 00:00:00,20.5,20.75,8,10500,217750,2010-01-06 00:00:00,1
2010-01-07 00:00:00,2010-01-07 00:00:00,21,2010-01-07 00:00:00,20.5,21,4,8700,181700,2010-01-07 00:00:00,1
2010-01-08 00:00:00,2010-01-08 00:00:00,22,2010-01-08 00:00:00,20.75,21.5,29,41700,899100,2010-01-08 00:00:00,1
2010-01-11 00:00:00,2010-01-11 00:00:00,23.25,2010-01-11 00:00:00,21.5,22.5,134,187000,4233600,2010-01-11 00:00:00,1
2010-01-12 00:00:00,2010-01-12 00:00:00,23,2010-01-12 00:00:00,22,22.5,11,14100,318175,2010-01-12 00:00:00,1
2010-01-13 00:00:00,2010-01-13 00:00:00,23,2010-01-13 00:00:00,22.5,23,19,22900,525350,2010-01-13 00:00:00,1
2010-01-15 00:00:00,2010-01-15 00:00:00,23.25,2010-01-15 00:00:00,22.75,22.75,24,30900,716025,2010-01-15 00:00:00,1
2010-01-18 00:00:00,2010-01-18 00:00:00,24.25,2010-01-18 00:00:00,23,24,64,108800,2585325,2010-01-18 00:00:00,1
2010-01-19 00:00:00,2010-01-19 00:00:00,23.75,2010-01-19 00:00:00,22.75,23,13,14200,334300,2010-01-19 00:00:00,1
2010-01-20 00:00:00,2010-01-20 00:00:00,23.75,2010-01-20 00:00:00,23,23.75,29,26300,616775,2010-01-20 00:00:00,1
2010-01-21 00:00:00,2010-01-21 00:00:00,23.75,2010-01-21 00:00:00,23.25,23.5,11,9400,220800,2010-01-21 00:00:00,1
2010-01-22 00:00:00,2010-01-22 00:00:00,23.25,2010-01-22 00:00:00,23,23.25,3,2300,53400,2010-01-22 00:00:00,1
2010-01-25 00:00:00,2010-01-25 00:00:00,24,2010-01-25 00:00:00,23.25,23.75,5,3000,71000,2010-01-25 00:00:00,1
2010-01-28 00:00:00,2010-01-28 00:00:00,25,2010-01-28 00:00:00,23.5,25,96,129000,3129925,2010-01-28 00:00:00,1
2010-02-01 00:00:00,2010-02-01 00:00:00,30.5,2010-02-01 00:00:00,25.25,30,231,220100,6272600,2010-02-01 00:00:00,1
2010-02-02 00:00:00,2010-02-02 00:00:00,34.5,2010-02-02 00:00:00,30.75,33,204,225400,7403925,2010-02-02 00:00:00,1
2010-02-03 00:00:00,2010-02-03 00:00:00,34.25,2010-02-03 00:00:00,32.25,32.75,72,81500,2721725,2010-02-03 00:00:00,1
2010-02-05 00:00:00,2010-02-05 00:00:00,30,2010-02-05 00:00:00,30,30,1,200,6000,2010-02-05 00:00:00,1
2010-02-08 00:00:00,2010-02-08 00:00:00,31.5,2010-02-08 00:00:00,30.5,31,63,103700,3216825,2010-02-08 00:00:00,1
2010-02-09 00:00:00,2010-02-09 00:00:00,31,2010-02-09 00:00:00,30,30,28,32100,966175,2010-02-09 00:00:00,1
2010-02-10 00:00:00,2010-02-10 00:00:00,31.5,2010-02-10 00:00:00,29.5,30.25,22,22000,661400,2010-02-10 00:00:00,1
2010-02-11 00:00:00,2010-02-11 00:00:00,30,2010-02-11 00:00:00,29,29,7,17700,513400,2010-02-11 00:00:00,1
2010-02-12 00:00:00,2010-02-12 00:00:00,29.5,2010-02-12 00:00:00,27.75,28.75,5,800,22550,2010-02-12 00:00:00,1
2010-02-15 00:00:00,2010-02-15 00:00:00,29.5,2010-02-15 00:00:00,29.5,29.5,1,500,14750,2010-02-15 00:00:00,1
2010-02-16 00:00:00,2010-02-16 00:00:00,29.5,2010-02-16 00:00:00,29.5,29.5,1,100,2950,2010-02-16 00:00:00,1
2010-02-17 00:00:00,2010-02-17 00:00:00,26.75,2010-02-17 00:00:00,26,26.75,3,300,7950,2010-02-17 00:00:00,1
2010-02-18 00:00:00,2010-02-18 00:00:00,27.25,2010-02-18 00:00:00,26.5,27,9,10400,281550,2010-02-18 00:00:00,1
2010-02-19 00:00:00,2010-02-19 00:00:00,30,2010-02-19 00:00:00,26.5,29.75,32,25400,723425,2010-02-19 00:00:00,1
2010-02-22 00:00:00,2010-02-22 00:00:00,32,2010-02-22 00:00:00,30,30.75,33,43800,1346425,2010-02-22 00:00:00,1
2010-02-23 00:00:00,2010-02-23 00:00:00,31,2010-02-23 00:00:00,30,30,9,6200,188450,2010-02-23 00:00:00,1
2010-02-24 00:00:00,2010-02-24 00:00:00,30.25,2010-02-24 00:00:00,29.75,30,9,5900,177450,2010-02-24 00:00:00,1
2010-02-25 00:00:00,2010-02-25 00:00:00,29.75,2010-02-25 00:00:00,29.75,29.75,1,400,11900,2010-02-25 00:00:00,1
2010-02-26 00:00:00,2010-02-26 00:00:00,30.25,2010-02-26 00:00:00,30,30.25,5,900,27125,2010-02-26 00:00:00,1
2010-03-01 00:00:00,2010-03-01 00:00:00,30,2010-03-01 00:00:00,30,30,5,1400,42000,2010-03-01 00:00:00,1
2010-03-02 00:00:00,2010-03-02 00:00:00,30,2010-03-02 00:00:00,29,29.25,7,11100,324900,2010-03-02 00:00:00,1
2010-03-03 00:00:00,2010-03-03 00:00:00,30,2010-03-03 00:00:00,29.25,29.75,8,5800,172700,2010-03-03 00:00:00,1
2010-03-04 00:00:00,2010-03-04 00:00:00,29.5,2010-03-04 00:00:00,29.5,29.5,5,6200,182900,2010-03-04 00:00:00,1
2010-03-05 00:00:00,2010-03-05 00:00:00,29.25,2010-03-05 00:00:00,28.75,29,5,5100,147875,2010-03-05 00:00:00,1
2010-03-08 00:00:00,2010-03-08 00:00:00,28.75,2010-03-08 00:00:00,28.25,28.25,8,6100,174825,2010-03-08 00:00:00,1
2010-03-09 00:00:00,2010-03-09 00:00:00,28.25,2010-03-09 00:00:00,28,28.25,5,1500,42300,2010-03-09 00:00:00,1
2010-03-10 00:00:00,2010-03-10 00:00:00,29.5,2010-03-10 00:00:00,28.75,29.25,3,1300,37975,2010-03-10 00:00:00,1
2010-03-12 00:00:00,2010-03-12 00:00:00,28.75,2010-03-12 00:00:00,28.5,28.75,7,10100,289100,2010-03-12 00:00:00,1
2010-03-15 00:00:00,2010-03-15 00:00:00,28.75,2010-03-15 00:00:00,28.5,28.5,10,3000,85750,2010-03-15 00:00:00,1
2010-03-16 00:00:00,2010-03-16 00:00:00,28.5,2010-03-16 00:00:00,28.25,28.25,2,600,17025,2010-03-16 00:00:00,1
2010-03-17 00:00:00,2010-03-17 00:00:00,28.5,2010-03-17 00:00:00,28,28,5,3300,92750,2010-03-17 00:00:00,1
2010-03-18 00:00:00,2010-03-18 00:00:00,28,2010-03-18 00:00:00,27.5,27.75,12,4500,125300,2010-03-18 00:00:00,1
2010-03-19 00:00:00,2010-03-19 00:00:00,27.5,2010-03-19 00:00:00,27,27.5,3,1900,51700,2010-03-19 00:00:00,1
2010-03-22 00:00:00,2010-03-22 00:00:00,29.75,2010-03-22 00:00:00,27.5,27.75,10,5200,146950,2010-03-22 00:00:00,1
2010-03-24 00:00:00,2010-03-24 00:00:00,29.75,2010-03-24 00:00:00,28,29.25,45,32200,906400,2010-03-24 00:00:00,1
2010-03-25 00:00:00,2010-03-25 00:00:00,29.25,2010-03-25 00:00:00,28,28,4,5400,157450,2010-03-25 00:00:00,1
2010-03-26 00:00:00,2010-03-26 00:00:00,28.5,2010-03-26 00:00:00,28.25,28.25,2,1000,28325,2010-03-26 00:00:00,1
2010-03-30 00:00:00,2010-03-30 00:00:00,28.25,2010-03-30 00:00:00,28,28,5,1800,50700,2010-03-30 00:00:00,1
2010-03-31 00:00:00,2010-03-31 00:00:00,28.25,2010-03-31 00:00:00,28,28,6,4000,112250,2010-03-31 00:00:00,1
2010-04-01 00:00:00,2010-04-01 00:00:00,27.75,2010-04-01 00:00:00,27.75,27.75,3,1100,30525,2010-04-01 00:00:00,1
2010-04-05 00:00:00,2010-04-05 00:00:00,30,2010-04-05 00:00:00,27.75,30,15,22300,650675,2010-04-05 00:00:00,1
2010-04-06 00:00:00,2010-04-06 00:00:00,31.25,2010-04-06 00:00:00,30.5,31.25,42,31400,972950,2010-04-06 00:00:00,1
2010-04-07 00:00:00,2010-04-07 00:00:00,31.5,2010-04-07 00:00:00,31,31.5,18,10700,335900,2010-04-07 00:00:00,1
2010-04-08 00:00:00,2010-04-08 00:00:00,31.75,2010-04-08 00:00:00,31.75,31.75,1,1000,31750,2010-04-08 00:00:00,1
2010-04-12 00:00:00,2010-04-12 00:00:00,32,2010-04-12 00:00:00,31,31.5,8,3600,113850,2010-04-12 00:00:00,1
2010-04-16 00:00:00,2010-04-16 00:00:00,32,2010-04-16 00:00:00,31.5,31.75,5,2500,79050,2010-04-16 00:00:00,1
2010-04-19 00:00:00,2010-04-19 00:00:00,32.25,2010-04-19 00:00:00,31.75,31.75,5,4500,143675,2010-04-19 00:00:00,1
2010-04-20 00:00:00,2010-04-20 00:00:00,34,2010-04-20 00:00:00,31.25,33.5,65,40200,1321500,2010-04-20 00:00:00,1
2010-04-21 00:00:00,2010-04-21 00:00:00,35,2010-04-21 00:00:00,33.75,34.5,102,130000,4477150,2010-04-21 00:00:00,1
2010-04-22 00:00:00,2010-04-22 00:00:00,36.5,2010-04-22 00:00:00,33.75,34,76,101800,3549425,2010-04-22 00:00:00,1
2010-04-23 00:00:00,2010-04-23 00:00:00,35,2010-04-23 00:00:00,34.25,34.5,52,64700,2240200,2010-04-23 00:00:00,1
2010-04-26 00:00:00,2010-04-26 00:00:00,35.75,2010-04-26 00:00:00,34.75,35.75,40,128900,4522525,2010-04-26 00:00:00,1
2010-04-27 00:00:00,2010-04-27 00:00:00,36.75,2010-04-27 00:00:00,35.75,36.25,115,147800,5337325,2010-04-27 00:00:00,1
2010-04-29 00:00:00,2010-04-29 00:00:00,36.5,2010-04-29 00:00:00,35.5,36,53,74800,2687825,2010-04-29 00:00:00,1
2010-04-30 00:00:00,2010-04-30 00:00:00,35,2010-04-30 00:00:00,35,35,4,9100,318500,2010-04-30 00:00:00,1
2010-05-03 00:00:00,2010-05-03 00:00:00,35.5,2010-05-03 00:00:00,33.5,33.75,14,8300,284575,2010-05-03 00:00:00,1
2010-05-04 00:00:00,2010-05-04 00:00:00,33.25,2010-05-04 00:00:00,31,31.5,592,8080000,251220025,2010-05-04 00:00:00,1
2010-05-05 00:00:00,2010-05-05 00:00:00,32,2010-05-05 00:00:00,31.25,31.5,34,51700,1639000,2010-05-05 00:00:00,1
2010-05-06 00:00:00,2010-05-06 00:00:00,31.5,2010-05-06 00:00:00,31,31,52,194400,6088450,2010-05-06 00:00:00,1
2010-05-07 00:00:00,2010-05-07 00:00:00,31.5,2010-05-07 00:00:00,31,31.5,25,49900,1567800,2010-05-07 00:00:00,1
2010-05-10 00:00:00,2010-05-10 00:00:00,31.5,2010-05-10 00:00:00,30.5,31,29,32300,1005750,2010-05-10 00:00:00,1
2010-05-11 00:00:00,2010-05-11 00:00:00,31,2010-05-11 00:00:00,30,30.5,14,28800,880725,2010-05-11 00:00:00,1
2010-05-12 00:00:00,2010-05-12 00:00:00,31,2010-05-12 00:00:00,30.25,30.5,20,27500,846775,2010-05-12 00:00:00,1
2010-05-13 00:00:00,2010-05-13 00:00:00,31,2010-05-13 00:00:00,30.25,30.5,9,11300,346750,2010-05-13 00:00:00,1
2010-05-14 00:00:00,2010-05-14 00:00:00,30.5,2010-05-14 00:00:00,29.5,29.75,19,11100,333550,2010-05-14 00:00:00,1
2010-05-17 00:00:00,2010-05-17 00:00:00,30,2010-05-17 00:00:00,30,30,6,5200,156000,2010-05-17 00:00:00,1
2010-05-18 00:00:00,2010-05-18 00:00:00,30,2010-05-18 00:00:00,29.5,30,15,14300,427300,2010-05-18 00:00:00,1
2010-05-19 00:00:00,2010-05-19 00:00:00,29.75,2010-05-19 00:00:00,28.5,29,16,26200,756150,2010-05-19 00:00:00,1
2010-05-20 00:00:00,2010-05-20 00:00:00,30.25,2010-05-20 00:00:00,29.5,29.5,30,38100,1131625,2010-05-20 00:00:00,1
2010-05-21 00:00:00,2010-05-21 00:00:00,29.5,2010-05-21 00:00:00,28.75,28.75,30,49400,1421275,2010-05-21 00:00:00,1
2010-05-24 00:00:00,2010-05-24 00:00:00,28.75,2010-05-24 00:00:00,28.5,28.5,9,26100,746600,2010-05-24 00:00:00,1
2010-05-25 00:00:00,2010-05-25 00:00:00,29.25,2010-05-25 00:00:00,28.5,28.5,3,1400,40700,2010-05-25 00:00:00,1
2010-05-26 00:00:00,2010-05-26 00:00:00,29.5,2010-05-26 00:00:00,28.75,29,35,139000,4032125,2010-05-26 00:00:00,1
2010-05-31 00:00:00,2010-05-31 00:00:00,29.25,2010-05-31 00:00:00,28.75,29,13,13600,394125,2010-05-31 00:00:00,1
2010-06-01 00:00:00,2010-06-01 00:00:00,29,2010-06-01 00:00:00,29,29,6,2500,72500,2010-06-01 00:00:00,1
2010-06-02 00:00:00,2010-06-02 00:00:00,29,2010-06-02 00:00:00,28.75,29,13,39100,1133500,2010-06-02 00:00:00,1
2010-06-03 00:00:00,2010-06-03 00:00:00,32,2010-06-03 00:00:00,28.5,31.5,152,1827500,58074075,2010-06-03 00:00:00,1
2010-06-04 00:00:00,2010-06-04 00:00:00,31.75,2010-06-04 00:00:00,31,31.25,40,929400,29495525,2010-06-04 00:00:00,1
2010-06-07 00:00:00,2010-06-07 00:00:00,31,2010-06-07 00:00:00,29,29.25,7,5200,155900,2010-06-07 00:00:00,1
2010-06-08 00:00:00,2010-06-08 00:00:00,31.75,2010-06-08 00:00:00,30.25,30.25,8,500100,15867400,2010-06-08 00:00:00,1
2010-06-09 00:00:00,2010-06-09 00:00:00,31.75,2010-06-09 00:00:00,31.25,31.75,37,166900,5293225,2010-06-09 00:00:00,1
2010-06-10 00:00:00,2010-06-10 00:00:00,32,2010-06-10 00:00:00,31,31.25,17,15000,471175,2010-06-10 00:00:00,1
2010-06-11 00:00:00,2010-06-11 00:00:00,31.5,2010-06-11 00:00:00,31,31.5,12,208600,6470050,2010-06-11 00:00:00,1
2010-06-14 00:00:00,2010-06-14 00:00:00,31,2010-06-14 00:00:00,30.25,31,16,106600,3304150,2010-06-14 00:00:00,1
2010-06-15 00:00:00,2010-06-15 00:00:00,31,2010-06-15 00:00:00,30.5,30.75,13,23200,709575,2010-06-15 00:00:00,1
2010-06-16 00:00:00,2010-06-16 00:00:00,31,2010-06-16 00:00:00,30.5,30.75,20,81900,2529075,2010-06-16 00:00:00,1
2010-06-17 00:00:00,2010-06-17 00:00:00,30.75,2010-06-17 00:00:00,30.75,30.75,3,2000,61500,2010-06-17 00:00:00,1
2010-06-21 00:00:00,2010-06-21 00:00:00,31.75,2010-06-21 00:00:00,30.75,31.75,31,90900,2865475,2010-06-21 00:00:00,1
2010-06-22 00:00:00,2010-06-22 00:00:00,31.75,2010-06-22 00:00:00,31,31.75,28,37500,1184175,2010-06-22 00:00:00,1
2010-06-23 00:00:00,2010-06-23 00:00:00,31.75,2010-06-23 00:00:00,31,31.25,11,11800,369650,2010-06-23 00:00:00,1
2010-06-24 00:00:00,2010-06-24 00:00:00,31.25,2010-06-24 00:00:00,30.5,30.75,19,23000,709250,2010-06-24 00:00:00,1
2010-06-28 00:00:00,2010-06-28 00:00:00,31.5,2010-06-28 00:00:00,30.75,31,29,44000,1362425,2010-06-28 00:00:00,1
2010-06-29 00:00:00,2010-06-29 00:00:00,31.75,2010-06-29 00:00:00,31,31.5,21,51900,1626325,2010-06-29 00:00:00,1
2010-06-30 00:00:00,2010-06-30 00:00:00,33.75,2010-06-30 00:00:00,31.25,32.5,121,208700,6840025,2010-06-30 00:00:00,1
2010-07-01 00:00:00,2010-07-01 00:00:00,33,2010-07-01 00:00:00,32,32.75,24,18900,620750,2010-07-01 00:00:00,1
2010-07-02 00:00:00,2010-07-02 00:00:00,32,2010-07-02 00:00:00,31.5,32,16,22600,716600,2010-07-02 00:00:00,1
2010-07-05 00:00:00,2010-07-05 00:00:00,33.5,2010-07-05 00:00:00,32,33,104,159300,5266175,2010-07-05 00:00:00,1
2010-07-06 00:00:00,2010-07-06 00:00:00,33.75,2010-07-06 00:00:00,32,32.25,80,428900,14213025,2010-07-06 00:00:00,1
2010-07-07 00:00:00,2010-07-07 00:00:00,33,2010-07-07 00:00:00,31.25,32,37,30600,971225,2010-07-07 00:00:00,1
2010-07-08 00:00:00,2010-07-08 00:00:00,32.25,2010-07-08 00:00:00,31.5,32,6,3400,108050,2010-07-08 00:00:00,1
2010-07-09 00:00:00,2010-07-09 00:00:00,32.25,2010-07-09 00:00:00,31.5,32,16,66900,2140475,2010-07-09 00:00:00,1
2010-07-12 00:00:00,2010-07-12 00:00:00,32,2010-07-12 00:00:00,32,32,7,5100,163200,2010-07-12 00:00:00,1
2010-07-13 00:00:00,2010-07-13 00:00:00,31.5,2010-07-13 00:00:00,31.5,31.5,3,1300,40950,2010-07-13 00:00:00,1
2010-07-14 00:00:00,2010-07-14 00:00:00,32,2010-07-14 00:00:00,31,31,25,132400,4162400,2010-07-14 00:00:00,1
2010-07-15 00:00:00,2010-07-15 00:00:00,32,2010-07-15 00:00:00,30.75,31,21,9700,303600,2010-07-15 00:00:00,1
2010-07-16 00:00:00,2010-07-16 00:00:00,31,2010-07-16 00:00:00,30.25,30.5,18,122300,3733050,2010-07-16 00:00:00,1
2010-07-19 00:00:00,2010-07-19 00:00:00,31,2010-07-19 00:00:00,30.5,30.75,5,6500,200875,2010-07-19 00:00:00,1
2010-07-20 00:00:00,2010-07-20 00:00:00,30.75,2010-07-20 00:00:00,30.5,30.5,32,28200,861200,2010-07-20 00:00:00,1
2010-07-21 00:00:00,2010-07-21 00:00:00,31.5,2010-07-21 00:00:00,30.5,31.25,85,76000,2335000,2010-07-21 00:00:00,1
2010-07-22 00:00:00,2010-07-22 00:00:00,31.75,2010-07-22 00:00:00,30.75,31,35,44500,1376425,2010-07-22 00:00:00,1
2010-07-23 00:00:00,2010-07-23 00:00:00,32.5,2010-07-23 00:00:00,31.25,32,41,107500,3421975,2010-07-23 00:00:00,1
2010-07-26 00:00:00,2010-07-26 00:00:00,33.5,2010-07-26 00:00:00,32.25,33,151,249000,8220725,2010-07-26 00:00:00,1
2010-07-27 00:00:00,2010-07-27 00:00:00,36.5,2010-07-27 00:00:00,33.5,35.75,565,1082700,38382425,2010-07-27 00:00:00,1
2010-07-28 00:00:00,2010-07-28 00:00:00,36.25,2010-07-28 00:00:00,34.5,34.75,228,365500,12983275,2010-07-28 00:00:00,1
2010-07-29 00:00:00,2010-07-29 00:00:00,35.5,2010-07-29 00:00:00,33,34,56,77700,2658425,2010-07-29 00:00:00,1
2010-07-30 00:00:00,2010-07-30 00:00:00,34,2010-07-30 00:00:00,33.75,33.75,41,59000,2002625,2010-07-30 00:00:00,1
2010-08-02 00:00:00,2010-08-02 00:00:00,34,2010-08-02 00:00:00,32,33.9,30,27200,900890,2010-08-02 00:00:00,1
2010-08-03 00:00:00,2010-08-03 00:00:00,34.5,2010-08-03 00:00:00,32,33.2,24,37700,1284900,2010-08-03 00:00:00,1
2010-08-04 00:00:00,2010-08-04 00:00:00,33.8,2010-08-04 00:00:00,32,33,72,169200,5534570,2010-08-04 00:00:00,1
2010-08-05 00:00:00,2010-08-05 00:00:00,33,2010-08-05 00:00:00,31.2,32.4,28,42000,1357650,2010-08-05 00:00:00,1
2010-08-06 00:00:00,2010-08-06 00:00:00,33,2010-08-06 00:00:00,31.3,32,20,48200,1561820,2010-08-06 00:00:00,1
2010-08-09 00:00:00,2010-08-09 00:00:00,30.5,2010-08-09 00:00:00,29,30.1,54,82400,2409470,2010-08-09 00:00:00,1
2010-08-10 00:00:00,2010-08-10 00:00:00,33,2010-08-10 00:00:00,28.5,32.7,38,49900,1558180,2010-08-10 00:00:00,1
2010-08-11 00:00:00,2010-08-11 00:00:00,34,2010-08-11 00:00:00,30.9,32.5,18,20200,665050,2010-08-11 00:00:00,1
2010-08-12 00:00:00,2010-08-12 00:00:00,33.1,2010-08-12 00:00:00,31.5,31.6,11,9200,291560,2010-08-12 00:00:00,1
2010-08-13 00:00:00,2010-08-13 00:00:00,31.8,2010-08-13 00:00:00,31.5,31.5,16,14900,469750,2010-08-13 00:00:00,1
2010-08-16 00:00:00,2010-08-16 00:00:00,33.4,2010-08-16 00:00:00,32,32,3,1700,54640,2010-08-16 00:00:00,1
2010-08-17 00:00:00,2010-08-17 00:00:00,33.5,2010-08-17 00:00:00,31.5,32.2,34,38600,1255230,2010-08-17 00:00:00,1
2010-08-18 00:00:00,2010-08-18 00:00:00,33,2010-08-18 00:00:00,31.2,31.5,20,92500,2938570,2010-08-18 00:00:00,1
2010-08-19 00:00:00,2010-08-19 00:00:00,32,2010-08-19 00:00:00,31.3,31.8,27,32800,1038440,2010-08-19 00:00:00,1
2010-08-20 00:00:00,2010-08-20 00:00:00,32.4,2010-08-20 00:00:00,31.6,32,26,48500,1552160,2010-08-20 00:00:00,1
2010-08-23 00:00:00,2010-08-23 00:00:00,32.2,2010-08-23 00:00:00,31.4,31.5,15,8100,256550,2010-08-23 00:00:00,1
2010-08-25 00:00:00,2010-08-25 00:00:00,31.8,2010-08-25 00:00:00,31,31.7,12,5300,165680,2010-08-25 00:00:00,1
2010-08-26 00:00:00,2010-08-26 00:00:00,33.5,2010-08-26 00:00:00,31,33,91,2048800,67594810,2010-08-26 00:00:00,1
2010-08-27 00:00:00,2010-08-27 00:00:00,33.5,2010-08-27 00:00:00,32.5,33.1,47,86300,2867780,2010-08-27 00:00:00,1
2010-08-30 00:00:00,2010-08-30 00:00:00,34.3,2010-08-30 00:00:00,33,33.3,27,16600,561730,2010-08-30 00:00:00,1
2010-08-31 00:00:00,2010-08-31 00:00:00,32.6,2010-08-31 00:00:00,32,32.5,10,48800,1585800,2010-08-31 00:00:00,1
2010-09-01 00:00:00,2010-09-01 00:00:00,33,2010-09-01 00:00:00,32,32.6,12,25300,820050,2010-09-01 00:00:00,1
2010-09-02 00:00:00,2010-09-02 00:00:00,34.2,2010-09-02 00:00:00,32.5,34,28,60100,2035520,2010-09-02 00:00:00,1
2010-09-03 00:00:00,2010-09-03 00:00:00,37,2010-09-03 00:00:00,34,34.9,162,258700,9174650,2010-09-03 00:00:00,1
2010-09-06 00:00:00,2010-09-06 00:00:00,35,2010-09-06 00:00:00,34.1,34.5,19,13800,479060,2010-09-06 00:00:00,1
2010-09-07 00:00:00,2010-09-07 00:00:00,34.5,2010-09-07 00:00:00,33,33.9,5,11500,389800,2010-09-07 00:00:00,1
2010-09-08 00:00:00,2010-09-08 00:00:00,37.2,2010-09-08 00:00:00,34,37,253,473200,17410770,2010-09-08 00:00:00,1
2010-09-09 00:00:00,2010-09-09 00:00:00,38,2010-09-09 00:00:00,36,36.6,128,196900,7211840,2010-09-09 00:00:00,1
2010-09-13 00:00:00,2010-09-13 00:00:00,39.7,2010-09-13 00:00:00,37,38,201,319500,12236730,2010-09-13 00:00:00,1
2010-09-14 00:00:00,2010-09-14 00:00:00,39,2010-09-14 00:00:00,36.2,38,95,201900,7660770,2010-09-14 00:00:00,1
2010-09-15 00:00:00,2010-09-15 00:00:00,37.9,2010-09-15 00:00:00,34.2,36,56,203000,7183720,2010-09-15 00:00:00,1
2010-09-16 00:00:00,2010-09-16 00:00:00,37.9,2010-09-16 00:00:00,35,35.2,44,108400,3883320,2010-09-16 00:00:00,1
2010-09-17 00:00:00,2010-09-17 00:00:00,36.8,2010-09-17 00:00:00,35,35.5,37,60900,2200480,2010-09-17 00:00:00,1
2010-09-20 00:00:00,2010-09-20 00:00:00,37,2010-09-20 00:00:00,36,36.5,47,103900,3791330,2010-09-20 00:00:00,1
2010-09-21 00:00:00,2010-09-21 00:00:00,37,2010-09-21 00:00:00,35,35.9,57,76300,2738420,2010-09-21 00:00:00,1
2010-09-23 00:00:00,2010-09-23 00:00:00,36.3,2010-09-23 00:00:00,35,36,37,41000,1453020,2010-09-23 00:00:00,1
2010-09-24 00:00:00,2010-09-24 00:00:00,36,2010-09-24 00:00:00,35.3,35.7,38,39100,1393080,2010-09-24 00:00:00,1
2010-09-27 00:00:00,2010-09-27 00:00:00,35.3,2010-09-27 00:00:00,34.1,35,37,45100,1576650,2010-09-27 00:00:00,1
2010-09-28 00:00:00,2010-09-28 00:00:00,36.4,2010-09-28 00:00:00,35,35.7,45,54100,1918340,2010-09-28 00:00:00,1
2010-09-29 00:00:00,2010-09-29 00:00:00,36.9,2010-09-29 00:00:00,35.5,36,20,16800,602700,2010-09-29 00:00:00,1
2010-09-30 00:00:00,2010-09-30 00:00:00,36,2010-09-30 00:00:00,35,35.4,28,90400,3204100,2010-09-30 00:00:00,1
2010-10-01 00:00:00,2010-10-01 00:00:00,37,2010-10-01 00:00:00,36,36.1,83,173600,6335270,2010-10-01 00:00:00,1
2010-10-04 00:00:00,2010-10-04 00:00:00,37.4,2010-10-04 00:00:00,36.1,36.5,26,24200,890750,2010-10-04 00:00:00,1
2010-10-05 00:00:00,2010-10-05 00:00:00,36.1,2010-10-05 00:00:00,35,35.1,23,43100,1549300,2010-10-05 00:00:00,1
2010-10-06 00:00:00,2010-10-06 00:00:00,35,2010-10-06 00:00:00,34,34.4,10,6600,228460,2010-10-06 00:00:00,1
2010-10-07 00:00:00,2010-10-07 00:00:00,35,2010-10-07 00:00:00,33.5,33.6,29,85600,2893050,2010-10-07 00:00:00,1
2010-10-08 00:00:00,2010-10-08 00:00:00,34,2010-10-08 00:00:00,32.5,34,16,21800,731590,2010-10-08 00:00:00,1
2010-10-11 00:00:00,2010-10-11 00:00:00,34.9,2010-10-11 00:00:00,34,34,8,4300,147420,2010-10-11 00:00:00,1
2010-10-12 00:00:00,2010-10-12 00:00:00,34.8,2010-10-12 00:00:00,30.6,32.8,23,45100,1474660,2010-10-12 00:00:00,1
2010-10-13 00:00:00,2010-10-13 00:00:00,32,2010-10-13 00:00:00,30,30.1,47,187100,5651940,2010-10-13 00:00:00,1
2010-10-14 00:00:00,2010-10-14 00:00:00,33,2010-10-14 00:00:00,32.5,32.5,10,7600,250010,2010-10-14 00:00:00,1
2010-10-15 00:00:00,2010-10-15 00:00:00,32.5,2010-10-15 00:00:00,31,32,10,3600,114550,2010-10-15 00:00:00,1
2010-10-18 00:00:00,2010-10-18 00:00:00,32.2,2010-10-18 00:00:00,32,32,3,2100,67580,2010-10-18 00:00:00,1
2010-10-19 00:00:00,2010-10-19 00:00:00,32.3,2010-10-19 00:00:00,32.3,32.3,3,800,25840,2010-10-19 00:00:00,1
2010-10-20 00:00:00,2010-10-20 00:00:00,32.8,2010-10-20 00:00:00,32.7,32.8,5,4100,134460,2010-10-20 00:00:00,1
2010-10-21 00:00:00,2010-10-21 00:00:00,32,2010-10-21 00:00:00,30.6,32,8,11600,370190,2010-10-21 00:00:00,1
2010-10-25 00:00:00,2010-10-25 00:00:00,30.7,2010-10-25 00:00:00,30.7,30.7,1,100,3070,2010-10-25 00:00:00,1
2010-10-26 00:00:00,2010-10-26 00:00:00,30.7,2010-10-26 00:00:00,30.6,30.7,2,1100,33760,2010-10-26 00:00:00,1
2010-10-27 00:00:00,2010-10-27 00:00:00,32,2010-10-27 00:00:00,30.9,31,6,3500,108560,2010-10-27 00:00:00,1
2010-10-28 00:00:00,2010-10-28 00:00:00,31,2010-10-28 00:00:00,30.6,31,17,15800,485880,2010-10-28 00:00:00,1
2010-10-29 00:00:00,2010-10-29 00:00:00,30.7,2010-10-29 00:00:00,30.3,30.7,5,53700,1637790,2010-10-29 00:00:00,1
2010-11-01 00:00:00,2010-11-01 00:00:00,35,2010-11-01 00:00:00,30.6,34,15,6300,205500,2010-11-01 00:00:00,1
2010-11-02 00:00:00,2010-11-02 00:00:00,35,2010-11-02 00:00:00,32.6,32.6,11,8100,270180,2010-11-02 00:00:00,1
2010-11-03 00:00:00,2010-11-03 00:00:00,32.6,2010-11-03 00:00:00,32,32.5,5,2700,87850,2010-11-03 00:00:00,1
2010-11-04 00:00:00,2010-11-04 00:00:00,34,2010-11-04 00:00:00,32.5,32.5,16,7600,249020,2010-11-04 00:00:00,1
2010-11-08 00:00:00,2010-11-08 00:00:00,33.5,2010-11-08 00:00:00,32.5,33,14,187100,6083500,2010-11-08 00:00:00,1
2010-11-09 00:00:00,2010-11-09 00:00:00,33.4,2010-11-09 00:00:00,32.5,32.7,16,8700,285310,2010-11-09 00:00:00,1
2010-11-10 00:00:00,2010-11-10 00:00:00,32.7,2010-11-10 00:00:00,32,32.3,7,24900,805410,2010-11-10 00:00:00,1
2010-11-11 00:00:00,2010-11-11 00:00:00,31.5,2010-11-11 00:00:00,31.5,31.5,1,1500,47250,2010-11-11 00:00:00,1
2010-11-15 00:00:00,2010-11-15 00:00:00,32,2010-11-15 00:00:00,31.2,31.5,8,8800,277450,2010-11-15 00:00:00,1
2010-11-16 00:00:00,2010-11-16 00:00:00,32.5,2010-11-16 00:00:00,32,32,3,600,19450,2010-11-16 00:00:00,1
2010-11-18 00:00:00,2010-11-18 00:00:00,32,2010-11-18 00:00:00,30.5,32,5,3700,116900,2010-11-18 00:00:00,1
2010-11-22 00:00:00,2010-11-22 00:00:00,32.5,2010-11-22 00:00:00,32,32,10,16300,524100,2010-11-22 00:00:00,1
2010-11-23 00:00:00,2010-11-23 00:00:00,31.9,2010-11-23 00:00:00,30.1,30.3,24,47000,1420480,2010-11-23 00:00:00,1
2010-11-24 00:00:00,2010-11-24 00:00:00,31,2010-11-24 00:00:00,30.2,30.2,6,2900,88410,2010-11-24 00:00:00,1
2010-11-25 00:00:00,2010-11-25 00:00:00,31.3,2010-11-25 00:00:00,30.2,30.2,5,5900,178590,2010-11-25 00:00:00,1
2010-11-26 00:00:00,2010-11-26 00:00:00,30.2,2010-11-26 00:00:00,30,30.1,16,16300,491240,2010-11-26 00:00:00,1
2010-11-29 00:00:00,2010-11-29 00:00:00,30,2010-11-29 00:00:00,30,30,9,13700,411000,2010-11-29 00:00:00,1
2010-11-30 00:00:00,2010-11-30 00:00:00,31,2010-11-30 00:00:00,29.3,30.5,10,23300,701160,2010-11-30 00:00:00,1
2010-12-01 00:00:00,2010-12-01 00:00:00,33,2010-12-01 00:00:00,31,32.1,20,34300,1101880,2010-12-01 00:00:00,1
2010-12-02 00:00:00,2010-12-02 00:00:00,33,2010-12-02 00:00:00,30.1,30.6,7,10800,330060,2010-12-02 00:00:00,1
2010-12-03 00:00:00,2010-12-03 00:00:00,31,2010-12-03 00:00:00,31,31,1,1000,31000,2010-12-03 00:00:00,1
2010-12-06 00:00:00,2010-12-06 00:00:00,31.5,2010-12-06 00:00:00,30.5,30.8,2,600,18500,2010-12-06 00:00:00,1
2010-12-08 00:00:00,2010-12-08 00:00:00,31.8,2010-12-08 00:00:00,30.5,31.7,4,3100,96050,2010-12-08 00:00:00,1
2010-12-10 00:00:00,2010-12-10 00:00:00,30.6,2010-12-10 00:00:00,30.5,30.6,3,1300,39730,2010-12-10 00:00:00,1
2010-12-13 00:00:00,2010-12-13 00:00:00,30.5,2010-12-13 00:00:00,30,30,15,56000,1686650,2010-12-13 00:00:00,1
2010-12-14 00:00:00,2010-12-14 00:00:00,31,2010-12-14 00:00:00,30,30,9,21600,658000,2010-12-14 00:00:00,1
2010-12-15 00:00:00,2010-12-15 00:00:00,31.6,2010-12-15 00:00:00,31.5,31.5,5,2700,85150,2010-12-15 00:00:00,1
2010-12-16 00:00:00,2010-12-16 00:00:00,31,2010-12-16 00:00:00,31,31,1,100,3100,2010-12-16 00:00:00,1
2010-12-17 00:00:00,2010-12-17 00:00:00,31,2010-12-17 00:00:00,31,31,7,10100,313100,2010-12-17 00:00:00,1
2010-12-21 00:00:00,2010-12-21 00:00:00,31,2010-12-21 00:00:00,30.9,31,9,35000,1084500,2010-12-21 00:00:00,1
2010-12-22 00:00:00,2010-12-22 00:00:00,32,2010-12-22 00:00:00,31,32,6,10500,328500,2010-12-22 00:00:00,1
2010-12-23 00:00:00,2010-12-23 00:00:00,33,2010-12-23 00:00:00,32.9,33,25,22000,725660,2010-12-23 00:00:00,1
2010-12-24 00:00:00,2010-12-24 00:00:00,34.5,2010-12-24 00:00:00,32.8,33.4,27,58000,1935160,2010-12-24 00:00:00,1
2010-12-27 00:00:00,2010-12-27 00:00:00,35.4,2010-12-27 00:00:00,34,34.8,81,145800,5053710,2010-12-27 00:00:00,1
2010-12-28 00:00:00,2010-12-28 00:00:00,35.5,2010-12-28 00:00:00,34,34.5,66,103100,3598230,2010-12-28 00:00:00,1
2010-12-29 00:00:00,2010-12-29 00:00:00,37,2010-12-29 00:00:00,34,36.7,108,160300,5803250,2010-12-29 00:00:00,1
2010-12-30 00:00:00,2010-12-30 00:00:00,37.5,2010-12-30 00:00:00,33,36.2,126,188400,6812570,2010-12-30 00:00:00,1
2010-12-31 00:00:00,2010-12-31 00:00:00,36.9,2010-12-31 00:00:00,34.1,36.4,44,37200,1351450,2010-12-31 00:00:00,1
Company Id :  HPFL,,Security Type :  N,,Sub Type,:  0000,,,,,
Short Name :  HYDRO POWER,,,,,,,,,,
Day,Date High,High,Date Low,Low,Closing,No. of Trades,No. of Shares,Turnover,Last Traded,Days Traded
2010-11-25 00:00:00,2010-11-25 00:00:00,16,2010-11-25 00:00:00,15,15.6,5403,22208800,343318740,2010-11-25 00:00:00,1
2010-11-26 00:00:00,2010-11-26 00:00:00,15.6,2010-11-26 00:00:00,14.5,14.7,586,1491800,22295250,2010-11-26 00:00:00,1
2010-11-29 00:00:00,2010-11-29 00:00:00,15,2010-11-29 00:00:00,14.2,14.8,409,1232600,18081310,2010-11-29 00:00:00,1
2010-11-30 00:00:00,2010-11-30 00:00:00,15.1,2010-11-30 00:00:00,14.6,14.7,144,505500,7525920,2010-11-30 00:00:00,1
2010-12-01 00:00:00,2010-12-01 00:00:00,15,2010-12-01 00:00:00,14.3,14.7,90,222900,3257300,2010-12-01 00:00:00,1
2010-12-02 00:00:00,2010-12-02 00:00:00,14.8,2010-12-02 00:00:00,14.6,14.7,137,832000,12230860,2010-12-02 00:00:00,1
2010-12-03 00:00:00,2010-12-03 00:00:00,14.8,2010-12-03 00:00:00,14.7,14.7,108,281100,4137300,2010-12-03 00:00:00,1
2010-12-06 00:00:00,2010-12-06 00:00:00,15.3,2010-12-06 00:00:00,14.7,15,184,542800,8098420,2010-12-06 00:00:00,1
2010-12-07 00:00:00,2010-12-07 00:00:00,15.1,2010-12-07 00:00:00,14.7,15,121,279500,4190530,2010-12-07 00:00:00,1
2010-12-08 00:00:00,2010-12-08 00:00:00,15.1,2010-12-08 00:00:00,14.8,14.9,108,128000,1917280,2010-12-08 00:00:00,1
2010-12-09 00:00:00,2010-12-09 00:00:00,15.1,2010-12-09 00:00:00,14.8,15,74,267800,4017000,2010-12-09 00:00:00,1
2010-12-10 00:00:00,2010-12-10 00:00:00,15.3,2010-12-10 00:00:00,15,15.2,118,613900,9235630,2010-12-10 00:00:00,1
2010-12-13 00:00:00,2010-12-13 00:00:00,15.3,2010-12-13 00:00:00,15,15.1,84,269300,4046900,2010-12-13 00:00:00,1
2010-12-14 00:00:00,2010-12-14 00:00:00,15.1,2010-12-14 00:00:00,14.9,15,40,137900,2070790,2010-12-14 00:00:00,1
2010-12-15 00:00:00,2010-12-15 00:00:00,15.1,2010-12-15 00:00:00,14.9,15.1,45,43900,658550,2010-12-15 00:00:00,1
2010-12-16 00:00:00,2010-12-16 00:00:00,15.1,2010-12-16 00:00:00,15,15,39,100800,1513520,2010-12-16 00:00:00,1
2010-12-17 00:00:00,2010-12-17 00:00:00,15.1,2010-12-17 00:00:00,14.9,15,31,48500,726590,2010-12-17 00:00:00,1
2010-12-21 00:00:00,2010-12-21 00:00:00,15.1,2010-12-21 00:00:00,15,15,37,57400,862100,2010-12-21 00:00:00,1
2010-12-22 00:00:00,2010-12-22 00:00:00,15.2,2010-12-22 00:00:00,14.9,15,25,26400,397220,2010-12-22 00:00:00,1
2010-12-23 00:00:00,2010-12-23 00:00:00,17,2010-12-23 00:00:00,15,16.3,177,391000,6248440,2010-12-23 00:00:00,1
2010-12-24 00:00:00,2010-12-24 00:00:00,16.5,2010-12-24 00:00:00,16.1,16.3,50,140800,2304880,2010-12-24 00:00:00,1
2010-12-27 00:00:00,2010-12-27 00:00:00,16.3,2010-12-27 00:00:00,15.9,16,31,33700,542110,2010-12-27 00:00:00,1
2010-12-28 00:00:00,2010-12-28 00:00:00,16.1,2010-12-28 00:00:00,15.9,15.9,27,33400,531850,2010-12-28 00:00:00,1
2010-12-29 00:00:00,2010-12-29 00:00:00,16,2010-12-29 00:00:00,15.7,15.9,29,59700,949330,2010-12-29 00:00:00,1
2010-12-30 00:00:00,2010-12-30 00:00:00,16,2010-12-30 00:00:00,15.5,15.6,72,104500,1637060,2010-12-30 00:00:00,1
2010-12-31 00:00:00,2010-12-31 00:00:00,16,2010-12-31 00:00:00,15.4,15.5,48,514700,7981550,2010-12-31 00:00:00,1
Company Id :  HPWR,,Security Type :  N,,Sub Type :  0000,,,,,,
Short Name :  HEMAS POWER,,,,,,,,,,
Day,Date High,High,Date Low,Low,Closing,No. of Trades,No. of Shares,Turnover,Last Traded,Days Traded
2010-01-04 00:00:00,2010-01-04 00:00:00,19.75,2010-01-04 00:00:00,19.25,19.25,50,58700,1140375,2010-01-04 00:00:00,1
2010-01-05 00:00:00,2010-01-05 00:00:00,20.25,2010-01-05 00:00:00,19.5,19.75,78,280700,5591250,2010-01-05 00:00:00,1
2010-01-06 00:00:00,2010-01-06 00:00:00,19.75,2010-01-06 00:00:00,19.5,19.75,47,74600,1459950,2010-01-06 00:00:00,1
2010-01-07 00:00:00,2010-01-07 00:00:00,20,2010-01-07 00:00:00,19.25,19.75,58,123600,2424675,2010-01-07 00:00:00,1
2010-01-08 00:00:00,2010-01-08 00:00:00,19.75,2010-01-08 00:00:00,19.25,19.5,24,95000,1852875,2010-01-08 00:00:00,1
2010-01-11 00:00:00,2010-01-11 00:00:00,19.5,2010-01-11 00:00:00,19.25,19.25,59,68400,1320775,2010-01-11 00:00:00,1
2010-01-12 00:00:00,2010-01-12 00:00:00,19.25,2010-01-12 00:00:00,19,19.25,38,44600,852825,2010-01-12 00:00:00,1
2010-01-13 00:00:00,2010-01-13 00:00:00,19.5,2010-01-13 00:00:00,18.75,19,94,198100,3756225,2010-01-13 00:00:00,1
2010-01-15 00:00:00,2010-01-15 00:00:00,19.25,2010-01-15 00:00:00,19,19,30,49300,937925,2010-01-15 00:00:00,1
2010-01-18 00:00:00,2010-01-18 00:00:00,19,2010-01-18 00:00:00,18.75,19,58,85900,1627250,2010-01-18 00:00:00,1
2010-01-19 00:00:00,2010-01-19 00:00:00,19.25,2010-01-19 00:00:00,18.5,18.75,77,139600,2609475,2010-01-19 00:00:00,1
2010-01-20 00:00:00,2010-01-20 00:00:00,19.5,2010-01-20 00:00:00,19,19,25,125200,2401825,2010-01-20 00:00:00,1
2010-01-21 00:00:00,2010-01-21 00:00:00,19,2010-01-21 00:00:00,19,19,5,4200,79800,2010-01-21 00:00:00,1
2010-01-22 00:00:00,2010-01-22 00:00:00,19.5,2010-01-22 00:00:00,18.75,19.25,58,142500,2720925,2010-01-22 00:00:00,1
2010-01-25 00:00:00,2010-01-25 00:00:00,19.5,2010-01-25 00:00:00,18.75,19.5,35,34300,658650,2010-01-25 00:00:00,1
2010-01-26 00:00:00,2010-01-26 00:00:00,19.5,2010-01-26 00:00:00,18.75,19,13,89300,1678750,2010-01-26 00:00:00,1
2010-01-28 00:00:00,2010-01-28 00:00:00,19.5,2010-01-28 00:00:00,18.75,19.25,52,120300,2306825,2010-01-28 00:00:00,1
2010-02-01 00:00:00,2010-02-01 00:00:00,19.75,2010-02-01 00:00:00,19.25,19.25,60,185100,3589850,2010-02-01 00:00:00,1
2010-02-02 00:00:00,2010-02-02 00:00:00,19.5,2010-02-02 00:00:00,19.25,19.5,46,69800,1352850,2010-02-02 00:00:00,1
2010-02-03 00:00:00,2010-02-03 00:00:00,19.5,2010-02-03 00:00:00,19.25,19.25,31,118200,2276900,2010-02-03 00:00:00,1
2010-02-05 00:00:00,2010-02-05 00:00:00,19.25,2010-02-05 00:00:00,19,19,32,50600,965175,2010-02-05 00:00:00,1
2010-02-08 00:00:00,2010-02-08 00:00:00,19,2010-02-08 00:00:00,18.75,19,99,146100,2764325,2010-02-08 00:00:00,1
2010-02-09 00:00:00,2010-02-09 00:00:00,19.75,2010-02-09 00:00:00,18.75,19.25,160,320900,6165675,2010-02-09 00:00:00,1
2010-02-10 00:00:00,2010-02-10 00:00:00,19.75,2010-02-10 00:00:00,19.25,19.25,56,138500,2700150,2010-02-10 00:00:00,1
2010-02-11 00:00:00,2010-02-11 00:00:00,19.5,2010-02-11 00:00:00,19,19,24,25800,492600,2010-02-11 00:00:00,1
2010-02-12 00:00:00,2010-02-12 00:00:00,19.25,2010-02-12 00:00:00,18.75,19,20,66500,1257075,2010-02-12 00:00:00,1
2010-02-15 00:00:00,2010-02-15 00:00:00,19,2010-02-15 00:00:00,18.75,18.75,41,105300,1984200,2010-02-15 00:00:00,1
2010-02-16 00:00:00,2010-02-16 00:00:00,19,2010-02-16 00:00:00,18.5,18.75,71,34700,649825,2010-02-16 00:00:00,1
2010-02-17 00:00:00,2010-02-17 00:00:00,18.75,2010-02-17 00:00:00,18.5,18.75,43,72200,1343325,2010-02-17 00:00:00,1
2010-02-18 00:00:00,2010-02-18 00:00:00,19,2010-02-18 00:00:00,18.5,19,53,120600,2264800,2010-02-18 00:00:00,1
2010-02-19 00:00:00,2010-02-19 00:00:00,19.25,2010-02-19 00:00:00,18.75,19,46,68700,1297225,2010-02-19 00:00:00,1
2010-02-22 00:00:00,2010-02-22 00:00:00,19.25,2010-02-22 00:00:00,18.75,19,38,56400,1072100,2010-02-22 00:00:00,1
2010-02-23 00:00:00,2010-02-23 00:00:00,19.25,2010-02-23 00:00:00,18.75,19,21,70300,1330800,2010-02-23 00:00:00,1
2010-02-24 00:00:00,2010-02-24 00:00:00,19.25,2010-02-24 00:00:00,18.75,19,45,64400,1222850,2010-02-24 00:00:00,1
2010-02-25 00:00:00,2010-02-25 00:00:00,19,2010-02-25 00:00:00,19,19,20,26800,509200,2010-02-25 00:00:00,1
2010-02-26 00:00:00,2010-02-26 00:00:00,19,2010-02-26 00:00:00,19,19,13,36000,684000,2010-02-26 00:00:00,1
2010-03-01 00:00:00,2010-03-01 00:00:00,19,2010-03-01 00:00:00,18.75,19,62,150400,2857450,2010-03-01 00:00:00,1
2010-03-02 00:00:00,2010-03-02 00:00:00,19,2010-03-02 00:00:00,18.75,18.75,28,79800,1496450,2010-03-02 00:00:00,1
2010-03-03 00:00:00,2010-03-03 00:00:00,19,2010-03-03 00:00:00,18.5,18.75,42,163400,3063550,2010-03-03 00:00:00,1
2010-03-04 00:00:00,2010-03-04 00:00:00,18.75,2010-03-04 00:00:00,18.5,18.5,24,27000,501925,2010-03-04 00:00:00,1
2010-03-05 00:00:00,2010-03-05 00:00:00,19,2010-03-05 00:00:00,18.75,18.75,17,22600,424125,2010-03-05 00:00:00,1
2010-03-08 00:00:00,2010-03-08 00:00:00,18.75,2010-03-08 00:00:00,18.75,18.75,17,58700,1100625,2010-03-08 00:00:00,1
2010-03-09 00:00:00,2010-03-09 00:00:00,18.75,2010-03-09 00:00:00,18.5,18.5,22,40500,750025,2010-03-09 00:00:00,1
2010-03-10 00:00:00,2010-03-10 00:00:00,18.75,2010-03-10 00:00:00,18.5,18.5,25,31400,586425,2010-03-10 00:00:00,1
2010-03-11 00:00:00,2010-03-11 00:00:00,18.75,2010-03-11 00:00:00,18.5,18.75,24,39500,734025,2010-03-11 00:00:00,1
2010-03-12 00:00:00,2010-03-12 00:00:00,19,2010-03-12 00:00:00,18.75,18.75,37,60700,1138475,2010-03-12 00:00:00,1
2010-03-15 00:00:00,2010-03-15 00:00:00,18.75,2010-03-15 00:00:00,18.75,18.75,81,58600,1098750,2010-03-15 00:00:00,1
2010-03-16 00:00:00,2010-03-16 00:00:00,18.75,2010-03-16 00:00:00,18.5,18.75,50,71000,1327075,2010-03-16 00:00:00,1
2010-03-17 00:00:00,2010-03-17 00:00:00,18.75,2010-03-17 00:00:00,18.5,18.5,31,85000,1572625,2010-03-17 00:00:00,1
2010-03-18 00:00:00,2010-03-18 00:00:00,18.5,2010-03-18 00:00:00,18.25,18.25,28,36600,669450,2010-03-18 00:00:00,1
2010-03-19 00:00:00,2010-03-19 00:00:00,18.25,2010-03-19 00:00:00,18,18.25,43,45400,828250,2010-03-19 00:00:00,1
2010-03-22 00:00:00,2010-03-22 00:00:00,18.25,2010-03-22 00:00:00,18,18,24,21300,385025,2010-03-22 00:00:00,1
2010-03-23 00:00:00,2010-03-23 00:00:00,18.5,2010-03-23 00:00:00,18,18,40,84200,1518200,2010-03-23 00:00:00,1
2010-03-24 00:00:00,2010-03-24 00:00:00,18,2010-03-24 00:00:00,17.75,18,31,63700,1145350,2010-03-24 00:00:00,1
2010-03-25 00:00:00,2010-03-25 00:00:00,18.25,2010-03-25 00:00:00,17.75,17.75,12,8500,152525,2010-03-25 00:00:00,1
2010-03-26 00:00:00,2010-03-26 00:00:00,18.25,2010-03-26 00:00:00,17.75,18,12,4500,80650,2010-03-26 00:00:00,1
2010-03-30 00:00:00,2010-03-30 00:00:00,18,2010-03-30 00:00:00,17.75,17.75,22,55800,991950,2010-03-30 00:00:00,1
2010-03-31 00:00:00,2010-03-31 00:00:00,17.75,2010-03-31 00:00:00,17.75,17.75,17,18100,321275,2010-03-31 00:00:00,1
2010-04-01 00:00:00,2010-04-01 00:00:00,18,2010-04-01 00:00:00,17.75,17.75,15,13200,235475,2010-04-01 00:00:00,1
2010-04-05 00:00:00,2010-04-05 00:00:00,18,2010-04-05 00:00:00,18,18,17,20800,374400,2010-04-05 00:00:00,1
2010-04-06 00:00:00,2010-04-06 00:00:00,18.25,2010-04-06 00:00:00,18,18,32,42500,766675,2010-04-06 00:00:00,1
2010-04-07 00:00:00,2010-04-07 00:00:00,18.5,2010-04-07 00:00:00,18,18.25,93,69100,1261500,2010-04-07 00:00:00,1
2010-04-08 00:00:00,2010-04-08 00:00:00,19,2010-04-08 00:00:00,18.25,18.75,25,25500,473500,2010-04-08 00:00:00,1
2010-04-12 00:00:00,2010-04-12 00:00:00,19.25,2010-04-12 00:00:00,18.5,19,76,110000,2088800,2010-04-12 00:00:00,1
2010-04-15 00:00:00,2010-04-15 00:00:00,19,2010-04-15 00:00:00,19,19,21,49200,934800,2010-04-15 00:00:00,1
2010-04-16 00:00:00,2010-04-16 00:00:00,19.25,2010-04-16 00:00:00,19,19,27,78900,1499125,2010-04-16 00:00:00,1
2010-04-19 00:00:00,2010-04-19 00:00:00,19.5,2010-04-19 00:00:00,19,19.25,48,51100,985825,2010-04-19 00:00:00,1
2010-04-20 00:00:00,2010-04-20 00:00:00,19.5,2010-04-20 00:00:00,19.25,19.5,27,56400,1098075,2010-04-20 00:00:00,1
2010-04-21 00:00:00,2010-04-21 00:00:00,19.5,2010-04-21 00:00:00,19.25,19.5,42,58100,1121325,2010-04-21 00:00:00,1
2010-04-22 00:00:00,2010-04-22 00:00:00,20.5,2010-04-22 00:00:00,19.25,20.25,147,229500,4582300,2010-04-22 00:00:00,1
2010-04-23 00:00:00,2010-04-23 00:00:00,22.25,2010-04-23 00:00:00,20.25,22,384,782100,16796925,2010-04-23 00:00:00,1
2010-04-26 00:00:00,2010-04-26 00:00:00,21.75,2010-04-26 00:00:00,20.75,21,103,276900,5859000,2010-04-26 00:00:00,1
2010-04-27 00:00:00,2010-04-27 00:00:00,21,2010-04-27 00:00:00,20.25,20.5,36,136900,2807950,2010-04-27 00:00:00,1
2010-04-29 00:00:00,2010-04-29 00:00:00,20.5,2010-04-29 00:00:00,20,20.25,60,83300,1691025,2010-04-29 00:00:00,1
2010-04-30 00:00:00,2010-04-30 00:00:00,21,2010-04-30 00:00:00,20.25,20.75,56,116100,2397850,2010-04-30 00:00:00,1
2010-05-03 00:00:00,2010-05-03 00:00:00,21,2010-05-03 00:00:00,20.5,20.75,71,96400,2007825,2010-05-03 00:00:00,1
2010-05-04 00:00:00,2010-05-04 00:00:00,21,2010-05-04 00:00:00,20.5,20.75,54,72200,1495150,2010-05-04 00:00:00,1
2010-05-05 00:00:00,2010-05-05 00:00:00,21.25,2010-05-05 00:00:00,20.5,21,117,313200,6568875,2010-05-05 00:00:00,1
2010-05-06 00:00:00,2010-05-06 00:00:00,21.5,2010-05-06 00:00:00,21,21,113,252100,5303075,2010-05-06 00:00:00,1
2010-05-07 00:00:00,2010-05-07 00:00:00,21.25,2010-05-07 00:00:00,20.75,21,175,465100,9768000,2010-05-07 00:00:00,1
2010-05-10 00:00:00,2010-05-10 00:00:00,21,2010-05-10 00:00:00,20.5,20.5,43,35600,737175,2010-05-10 00:00:00,1
2010-05-11 00:00:00,2010-05-11 00:00:00,21,2010-05-11 00:00:00,20.5,20.75,34,77300,1590175,2010-05-11 00:00:00,1
2010-05-12 00:00:00,2010-05-12 00:00:00,21.25,2010-05-12 00:00:00,20.5,21,104,142600,2968375,2010-05-12 00:00:00,1
2010-05-13 00:00:00,2010-05-13 00:00:00,21.25,2010-05-13 00:00:00,21,21,94,141300,2969650,2010-05-13 00:00:00,1
2010-05-14 00:00:00,2010-05-14 00:00:00,21.25,2010-05-14 00:00:00,20.75,21,31,61900,1299925,2010-05-14 00:00:00,1
2010-05-17 00:00:00,2010-05-17 00:00:00,21,2010-05-17 00:00:00,20.5,20.75,17,93700,1950500,2010-05-17 00:00:00,1
2010-05-18 00:00:00,2010-05-18 00:00:00,20.75,2010-05-18 00:00:00,20.5,20.5,19,113300,2345975,2010-05-18 00:00:00,1
2010-05-19 00:00:00,2010-05-19 00:00:00,20.5,2010-05-19 00:00:00,20.25,20.5,46,50100,1026350,2010-05-19 00:00:00,1
2010-05-20 00:00:00,2010-05-20 00:00:00,20.5,2010-05-20 00:00:00,20.25,20.25,37,120000,2444300,2010-05-20 00:00:00,1
2010-05-21 00:00:00,2010-05-21 00:00:00,20.5,2010-05-21 00:00:00,20.25,20.25,8,25100,509025,2010-05-21 00:00:00,1
2010-05-24 00:00:00,2010-05-24 00:00:00,21.25,2010-05-24 00:00:00,20.25,20.75,62,99800,2069400,2010-05-24 00:00:00,1
2010-05-25 00:00:00,2010-05-25 00:00:00,20.75,2010-05-25 00:00:00,20,20.25,60,172700,3509100,2010-05-25 00:00:00,1
2010-05-26 00:00:00,2010-05-26 00:00:00,21,2010-05-26 00:00:00,20.25,20.25,43,51000,1038525,2010-05-26 00:00:00,1
2010-05-31 00:00:00,2010-05-31 00:00:00,20.5,2010-05-31 00:00:00,20,20,18,24000,484000,2010-05-31 00:00:00,1
2010-06-01 00:00:00,2010-06-01 00:00:00,20,2010-06-01 00:00:00,19.75,19.75,6,11100,220000,2010-06-01 00:00:00,1
2010-06-02 00:00:00,2010-06-02 00:00:00,20,2010-06-02 00:00:00,19.5,19.75,17,9000,177100,2010-06-02 00:00:00,1
2010-06-03 00:00:00,2010-06-03 00:00:00,19.75,2010-06-03 00:00:00,19.5,19.5,31,43800,854500,2010-06-03 00:00:00,1
2010-06-04 00:00:00,2010-06-04 00:00:00,19.75,2010-06-04 00:00:00,18.75,19.5,70,266400,5096250,2010-06-04 00:00:00,1
2010-06-07 00:00:00,2010-06-07 00:00:00,20,2010-06-07 00:00:00,19.5,19.75,54,98400,1940150,2010-06-07 00:00:00,1
2010-06-08 00:00:00,2010-06-08 00:00:00,21.75,2010-06-08 00:00:00,20.5,21,221,407400,8563550,2010-06-08 00:00:00,1
2010-06-09 00:00:00,2010-06-09 00:00:00,21.5,2010-06-09 00:00:00,21,21,89,120600,2557850,2010-06-09 00:00:00,1
2010-06-10 00:00:00,2010-06-10 00:00:00,21.25,2010-06-10 00:00:00,20.75,20.75,56,61300,1285725,2010-06-10 00:00:00,1
2010-06-11 00:00:00,2010-06-11 00:00:00,21.25,2010-06-11 00:00:00,20.75,21.25,121,179500,3784550,2010-06-11 00:00:00,1
2010-06-14 00:00:00,2010-06-14 00:00:00,21.75,2010-06-14 00:00:00,21.25,21.25,115,197400,4232625,2010-06-14 00:00:00,1
2010-06-15 00:00:00,2010-06-15 00:00:00,21.25,2010-06-15 00:00:00,21,21,88,129400,2731975,2010-06-15 00:00:00,1
2010-06-16 00:00:00,2010-06-16 00:00:00,21,2010-06-16 00:00:00,20,20.25,101,127700,2601775,2010-06-16 00:00:00,1
2010-06-17 00:00:00,2010-06-17 00:00:00,20.25,2010-06-17 00:00:00,20,20,86,138800,2783550,2010-06-17 00:00:00,1
2010-06-21 00:00:00,2010-06-21 00:00:00,20.5,2010-06-21 00:00:00,19.75,19.75,48,106500,2123075,2010-06-21 00:00:00,1
2010-06-22 00:00:00,2010-06-22 00:00:00,19.75,2010-06-22 00:00:00,19.5,19.5,78,257400,5028425,2010-06-22 00:00:00,1
2010-06-23 00:00:00,2010-06-23 00:00:00,20,2010-06-23 00:00:00,19.5,19.75,27,22800,449575,2010-06-23 00:00:00,1
2010-06-24 00:00:00,2010-06-24 00:00:00,19.75,2010-06-24 00:00:00,19.5,19.75,14,33800,666500,2010-06-24 00:00:00,1
2010-06-28 00:00:00,2010-06-28 00:00:00,20,2010-06-28 00:00:00,19.5,19.75,31,38400,763375,2010-06-28 00:00:00,1
2010-06-29 00:00:00,2010-06-29 00:00:00,20,2010-06-29 00:00:00,19.75,20,41,117700,2349200,2010-06-29 00:00:00,1
2010-06-30 00:00:00,2010-06-30 00:00:00,20,2010-06-30 00:00:00,19.75,19.75,46,103900,2069425,2010-06-30 00:00:00,1
2010-07-01 00:00:00,2010-07-01 00:00:00,19.75,2010-07-01 00:00:00,19.5,19.75,3,3800,74975,2010-07-01 00:00:00,1
2010-07-02 00:00:00,2010-07-02 00:00:00,20.5,2010-07-02 00:00:00,19.75,20,65,146000,2924725,2010-07-02 00:00:00,1
2010-07-05 00:00:00,2010-07-05 00:00:00,20.25,2010-07-05 00:00:00,19.75,20,48,85400,1708300,2010-07-05 00:00:00,1
2010-07-06 00:00:00,2010-07-06 00:00:00,22,2010-07-06 00:00:00,20.25,21.5,413,1373700,29304700,2010-07-06 00:00:00,1
2010-07-07 00:00:00,2010-07-07 00:00:00,22,2010-07-07 00:00:00,20.5,21,101,452900,9522275,2010-07-07 00:00:00,1
2010-07-08 00:00:00,2010-07-08 00:00:00,21.25,2010-07-08 00:00:00,20.75,21.25,52,204300,4308425,2010-07-08 00:00:00,1
2010-07-09 00:00:00,2010-07-09 00:00:00,21.25,2010-07-09 00:00:00,20.75,20.75,47,180800,3804125,2010-07-09 00:00:00,1
2010-07-12 00:00:00,2010-07-12 00:00:00,24.5,2010-07-12 00:00:00,21,23.25,662,1924100,44471575,2010-07-12 00:00:00,1
2010-07-13 00:00:00,2010-07-13 00:00:00,26.5,2010-07-13 00:00:00,24,24.5,1680,5104400,130061475,2010-07-13 00:00:00,1
2010-07-14 00:00:00,2010-07-14 00:00:00,24.75,2010-07-14 00:00:00,23,23.25,181,263600,6228750,2010-07-14 00:00:00,1
2010-07-15 00:00:00,2010-07-15 00:00:00,23.75,2010-07-15 00:00:00,23,23.25,69,138300,3224000,2010-07-15 00:00:00,1
2010-07-16 00:00:00,2010-07-16 00:00:00,23,2010-07-16 00:00:00,22,22.25,82,184800,4141675,2010-07-16 00:00:00,1
2010-07-19 00:00:00,2010-07-19 00:00:00,23,2010-07-19 00:00:00,21.5,22.75,56,53500,1199250,2010-07-19 00:00:00,1
2010-07-20 00:00:00,2010-07-20 00:00:00,23.5,2010-07-20 00:00:00,22.5,23.25,67,69800,1606075,2010-07-20 00:00:00,1
2010-07-21 00:00:00,2010-07-21 00:00:00,23.25,2010-07-21 00:00:00,22.5,22.5,72,189500,4320450,2010-07-21 00:00:00,1
2010-07-22 00:00:00,2010-07-22 00:00:00,23,2010-07-22 00:00:00,22.25,22.5,57,108800,2457325,2010-07-22 00:00:00,1
2010-07-23 00:00:00,2010-07-23 00:00:00,22.75,2010-07-23 00:00:00,22.25,22.25,39,115300,2573900,2010-07-23 00:00:00,1
2010-07-26 00:00:00,2010-07-26 00:00:00,23.25,2010-07-26 00:00:00,22.25,22.75,90,214100,4899925,2010-07-26 00:00:00,1
2010-07-27 00:00:00,2010-07-27 00:00:00,24,2010-07-27 00:00:00,22.75,23.5,194,640300,15063850,2010-07-27 00:00:00,1
2010-07-28 00:00:00,2010-07-28 00:00:00,24.25,2010-07-28 00:00:00,23.25,23.75,188,659900,15671225,2010-07-28 00:00:00,1
2010-07-29 00:00:00,2010-07-29 00:00:00,25,2010-07-29 00:00:00,24,24.25,354,1359200,33155525,2010-07-29 00:00:00,1
2010-07-30 00:00:00,2010-07-30 00:00:00,24.75,2010-07-30 00:00:00,24.25,24.5,135,425300,10438525,2010-07-30 00:00:00,1
2010-08-02 00:00:00,2010-08-02 00:00:00,24.9,2010-08-02 00:00:00,24,24.6,86,238700,5825850,2010-08-02 00:00:00,1
2010-08-03 00:00:00,2010-08-03 00:00:00,25,2010-08-03 00:00:00,24,24.2,49,248600,6036590,2010-08-03 00:00:00,1
2010-08-04 00:00:00,2010-08-04 00:00:00,24.2,2010-08-04 00:00:00,24,24,33,32000,770010,2010-08-04 00:00:00,1
2010-08-05 00:00:00,2010-08-05 00:00:00,24,2010-08-05 00:00:00,22.9,23.4,59,155200,3597330,2010-08-05 00:00:00,1
2010-08-06 00:00:00,2010-08-06 00:00:00,23.5,2010-08-06 00:00:00,23,23.4,68,146000,3379950,2010-08-06 00:00:00,1
2010-08-09 00:00:00,2010-08-09 00:00:00,22.5,2010-08-09 00:00:00,21.1,22,81,139000,3020250,2010-08-09 00:00:00,1
2010-08-10 00:00:00,2010-08-10 00:00:00,23.5,2010-08-10 00:00:00,20.5,23,77,155500,3393060,2010-08-10 00:00:00,1
2010-08-11 00:00:00,2010-08-11 00:00:00,24,2010-08-11 00:00:00,23,23.1,38,32600,760730,2010-08-11 00:00:00,1
2010-08-12 00:00:00,2010-08-12 00:00:00,23,2010-08-12 00:00:00,22,22.2,29,88200,1975140,2010-08-12 00:00:00,1
2010-08-13 00:00:00,2010-08-13 00:00:00,23,2010-08-13 00:00:00,22.3,22.9,28,45500,1041330,2010-08-13 00:00:00,1
2010-08-16 00:00:00,2010-08-16 00:00:00,23.5,2010-08-16 00:00:00,22.5,23.3,30,48400,1129790,2010-08-16 00:00:00,1
2010-08-17 00:00:00,2010-08-17 00:00:00,24.5,2010-08-17 00:00:00,23.3,23.9,49,245000,5784970,2010-08-17 00:00:00,1
2010-08-18 00:00:00,2010-08-18 00:00:00,24.4,2010-08-18 00:00:00,23.8,24.1,79,179900,4331620,2010-08-18 00:00:00,1
2010-08-19 00:00:00,2010-08-19 00:00:00,24.9,2010-08-19 00:00:00,23.9,24.4,95,197000,4814100,2010-08-19 00:00:00,1
2010-08-20 00:00:00,2010-08-20 00:00:00,24.4,2010-08-20 00:00:00,23.9,24.1,61,147500,3551920,2010-08-20 00:00:00,1
2010-08-23 00:00:00,2010-08-23 00:00:00,25,2010-08-23 00:00:00,24.2,24.3,21,63500,1546200,2010-08-23 00:00:00,1
2010-08-25 00:00:00,2010-08-25 00:00:00,25.5,2010-08-25 00:00:00,24.4,25,234,429900,10685620,2010-08-25 00:00:00,1
2010-08-26 00:00:00,2010-08-26 00:00:00,27,2010-08-26 00:00:00,24.6,25,121,300800,7570960,2010-08-26 00:00:00,1
2010-08-27 00:00:00,2010-08-27 00:00:00,25,2010-08-27 00:00:00,24,24.7,58,95300,2318620,2010-08-27 00:00:00,1
2010-08-30 00:00:00,2010-08-30 00:00:00,24.3,2010-08-30 00:00:00,24,24,48,59600,1432100,2010-08-30 00:00:00,1
2010-08-31 00:00:00,2010-08-31 00:00:00,24.5,2010-08-31 00:00:00,23.9,24.4,43,64700,1567760,2010-08-31 00:00:00,1
2010-09-01 00:00:00,2010-09-01 00:00:00,24.2,2010-09-01 00:00:00,24,24.1,50,164200,3957050,2010-09-01 00:00:00,1
2010-09-02 00:00:00,2010-09-02 00:00:00,25.3,2010-09-02 00:00:00,24.1,25.2,237,779400,19417440,2010-09-02 00:00:00,1
2010-09-03 00:00:00,2010-09-03 00:00:00,26.8,2010-09-03 00:00:00,25.2,26.4,450,1263100,33287910,2010-09-03 00:00:00,1
2010-09-06 00:00:00,2010-09-06 00:00:00,27.5,2010-09-06 00:00:00,25.5,26.5,329,750300,19944380,2010-09-06 00:00:00,1
2010-09-07 00:00:00,2010-09-07 00:00:00,27,2010-09-07 00:00:00,25.7,26.3,116,274900,7159120,2010-09-07 00:00:00,1
2010-09-08 00:00:00,2010-09-08 00:00:00,26.3,2010-09-08 00:00:00,25.6,25.8,63,74700,1940150,2010-09-08 00:00:00,1
2010-09-09 00:00:00,2010-09-09 00:00:00,26.3,2010-09-09 00:00:00,25,25.9,70,368500,9575960,2010-09-09 00:00:00,1
2010-09-13 00:00:00,2010-09-13 00:00:00,27.6,2010-09-13 00:00:00,25.9,27.5,380,934300,25553120,2010-09-13 00:00:00,1
2010-09-14 00:00:00,2010-09-14 00:00:00,27.6,2010-09-14 00:00:00,26.5,27,173,342000,9236190,2010-09-14 00:00:00,1
2010-09-15 00:00:00,2010-09-15 00:00:00,27.7,2010-09-15 00:00:00,26.1,27.3,100,376100,10244180,2010-09-15 00:00:00,1
2010-09-16 00:00:00,2010-09-16 00:00:00,27.9,2010-09-16 00:00:00,27,27.1,110,245400,6675670,2010-09-16 00:00:00,1
2010-09-17 00:00:00,2010-09-17 00:00:00,28.8,2010-09-17 00:00:00,27.3,28.2,466,1964600,55303790,2010-09-17 00:00:00,1
2010-09-20 00:00:00,2010-09-20 00:00:00,28.7,2010-09-20 00:00:00,27.5,28.4,154,337500,9548510,2010-09-20 00:00:00,1
2010-09-21 00:00:00,2010-09-21 00:00:00,28.5,2010-09-21 00:00:00,28,28.3,135,313500,8910200,2010-09-21 00:00:00,1
2010-09-23 00:00:00,2010-09-23 00:00:00,28.6,2010-09-23 00:00:00,27.2,28.1,93,164600,4588280,2010-09-23 00:00:00,1
2010-09-24 00:00:00,2010-09-24 00:00:00,29.5,2010-09-24 00:00:00,27.9,29,307,1129900,32531900,2010-09-24 00:00:00,1
2010-09-27 00:00:00,2010-09-27 00:00:00,32.2,2010-09-27 00:00:00,29.4,31.4,545,2039100,63292020,2010-09-27 00:00:00,1
2010-09-28 00:00:00,2010-09-28 00:00:00,42,2010-09-28 00:00:00,30.8,31.2,302,875900,28090700,2010-09-28 00:00:00,1
2010-09-29 00:00:00,2010-09-29 00:00:00,33,2010-09-29 00:00:00,31,32.3,294,764900,24579160,2010-09-29 00:00:00,1
2010-09-30 00:00:00,2010-09-30 00:00:00,34.5,2010-09-30 00:00:00,32.5,33.2,332,1374200,45823340,2010-09-30 00:00:00,1
2010-10-01 00:00:00,2010-10-01 00:00:00,34.1,2010-10-01 00:00:00,33.3,33.5,116,246700,8350980,2010-10-01 00:00:00,1
2010-10-04 00:00:00,2010-10-04 00:00:00,34,2010-10-04 00:00:00,32.1,32.9,110,363200,11969400,2010-10-04 00:00:00,1
2010-10-05 00:00:00,2010-10-05 00:00:00,33.1,2010-10-05 00:00:00,30.8,32.1,79,137300,4389890,2010-10-05 00:00:00,1
2010-10-06 00:00:00,2010-10-06 00:00:00,32,2010-10-06 00:00:00,30.6,30.9,145,278200,8636100,2010-10-06 00:00:00,1
2010-10-07 00:00:00,2010-10-07 00:00:00,31.5,2010-10-07 00:00:00,28.5,30,151,311500,9337020,2010-10-07 00:00:00,1
2010-10-08 00:00:00,2010-10-08 00:00:00,31.5,2010-10-08 00:00:00,29,31,89,170300,5228900,2010-10-08 00:00:00,1
2010-10-11 00:00:00,2010-10-11 00:00:00,31.5,2010-10-11 00:00:00,29.8,30.3,61,69100,2116920,2010-10-11 00:00:00,1
2010-10-12 00:00:00,2010-10-12 00:00:00,29.1,2010-10-12 00:00:00,28,28.3,198,509100,14502310,2010-10-12 00:00:00,1
2010-10-13 00:00:00,2010-10-13 00:00:00,29.8,2010-10-13 00:00:00,26.1,28.8,155,280400,7729380,2010-10-13 00:00:00,1
2010-10-14 00:00:00,2010-10-14 00:00:00,30.5,2010-10-14 00:00:00,29,29.3,89,166700,4953340,2010-10-14 00:00:00,1
2010-10-15 00:00:00,2010-10-15 00:00:00,29.5,2010-10-15 00:00:00,28.5,29.2,44,51000,1481660,2010-10-15 00:00:00,1
2010-10-18 00:00:00,2010-10-18 00:00:00,30.9,2010-10-18 00:00:00,29,29.5,84,293300,8731690,2010-10-18 00:00:00,1
2010-10-19 00:00:00,2010-10-19 00:00:00,31.7,2010-10-19 00:00:00,29.3,30.9,116,340200,10451440,2010-10-19 00:00:00,1
2010-10-20 00:00:00,2010-10-20 00:00:00,31.5,2010-10-20 00:00:00,29.6,29.8,40,86900,2607380,2010-10-20 00:00:00,1
2010-10-21 00:00:00,2010-10-21 00:00:00,30.3,2010-10-21 00:00:00,29.7,29.8,51,35700,1068910,2010-10-21 00:00:00,1
2010-10-25 00:00:00,2010-10-25 00:00:00,30,2010-10-25 00:00:00,29.2,29.5,57,66500,1985680,2010-10-25 00:00:00,1
2010-10-26 00:00:00,2010-10-26 00:00:00,29.5,2010-10-26 00:00:00,28.1,28.5,43,130600,3786160,2010-10-26 00:00:00,1
2010-10-27 00:00:00,2010-10-27 00:00:00,30,2010-10-27 00:00:00,28.8,29.1,88,257600,7487800,2010-10-27 00:00:00,1
2010-10-28 00:00:00,2010-10-28 00:00:00,31,2010-10-28 00:00:00,29.5,30,118,211300,6352190,2010-10-28 00:00:00,1
2010-10-29 00:00:00,2010-10-29 00:00:00,31.6,2010-10-29 00:00:00,30,31.5,209,439700,13708260,2010-10-29 00:00:00,1
2010-11-01 00:00:00,2010-11-01 00:00:00,32.3,2010-11-01 00:00:00,31.3,32,84,118600,3784090,2010-11-01 00:00:00,1
2010-11-02 00:00:00,2010-11-02 00:00:00,32.1,2010-11-02 00:00:00,31.6,31.6,65,227600,7262650,2010-11-02 00:00:00,1
2010-11-03 00:00:00,2010-11-03 00:00:00,31.9,2010-11-03 00:00:00,31,31.4,41,100700,3178460,2010-11-03 00:00:00,1
2010-11-04 00:00:00,2010-11-04 00:00:00,31.5,2010-11-04 00:00:00,31,31.4,44,82200,2571410,2010-11-04 00:00:00,1
2010-11-08 00:00:00,2010-11-08 00:00:00,33,2010-11-08 00:00:00,32,32.3,143,468800,15238310,2010-11-08 00:00:00,1
2010-11-09 00:00:00,2010-11-09 00:00:00,32.3,2010-11-09 00:00:00,31.2,31.3,33,62400,1985020,2010-11-09 00:00:00,1
2010-11-10 00:00:00,2010-11-10 00:00:00,32,2010-11-10 00:00:00,30.7,31.1,84,186800,5854830,2010-11-10 00:00:00,1
2010-11-11 00:00:00,2010-11-11 00:00:00,32,2010-11-11 00:00:00,30.2,30.8,29,34000,1046400,2010-11-11 00:00:00,1
2010-11-12 00:00:00,2010-11-12 00:00:00,31.9,2010-11-12 00:00:00,31,31.3,28,67800,2128080,2010-11-12 00:00:00,1
2010-11-15 00:00:00,2010-11-15 00:00:00,31.8,2010-11-15 00:00:00,30,30.3,38,89300,2740300,2010-11-15 00:00:00,1
2010-11-16 00:00:00,2010-11-16 00:00:00,31.4,2010-11-16 00:00:00,30,30.2,32,83200,2518740,2010-11-16 00:00:00,1
2010-11-18 00:00:00,2010-11-18 00:00:00,32.2,2010-11-18 00:00:00,31,32,105,158600,5065950,2010-11-18 00:00:00,1
2010-11-22 00:00:00,2010-11-22 00:00:00,32.3,2010-11-22 00:00:00,31.5,31.8,25,34000,1081720,2010-11-22 00:00:00,1
2010-11-23 00:00:00,2010-11-23 00:00:00,31.8,2010-11-23 00:00:00,30,30.1,39,72000,2235290,2010-11-23 00:00:00,1
2010-11-24 00:00:00,2010-11-24 00:00:00,32.3,2010-11-24 00:00:00,30,32,78,138600,4406300,2010-11-24 00:00:00,1
2010-11-25 00:00:00,2010-11-25 00:00:00,33,2010-11-25 00:00:00,31.1,31.5,116,237600,7728900,2010-11-25 00:00:00,1
2010-11-26 00:00:00,2010-11-26 00:00:00,32,2010-11-26 00:00:00,30.1,30.8,67,257400,7927940,2010-11-26 00:00:00,1
2010-11-29 00:00:00,2010-11-29 00:00:00,30.5,2010-11-29 00:00:00,29,29.1,48,60400,1775270,2010-11-29 00:00:00,1
2010-11-30 00:00:00,2010-11-30 00:00:00,31.8,2010-11-30 00:00:00,30,30.8,44,75700,2373330,2010-11-30 00:00:00,1
2010-12-01 00:00:00,2010-12-01 00:00:00,31.5,2010-12-01 00:00:00,30.8,30.9,83,170000,5277990,2010-12-01 00:00:00,1
2010-12-02 00:00:00,2010-12-02 00:00:00,30.9,2010-12-02 00:00:00,30,30.4,28,58800,1786260,2010-12-02 00:00:00,1
2010-12-03 00:00:00,2010-12-03 00:00:00,31,2010-12-03 00:00:00,30,30.8,30,57300,1742870,2010-12-03 00:00:00,1
2010-12-06 00:00:00,2010-12-06 00:00:00,30.9,2010-12-06 00:00:00,29.5,30.9,12,31800,949070,2010-12-06 00:00:00,1
2010-12-07 00:00:00,2010-12-07 00:00:00,31,2010-12-07 00:00:00,30,30.9,31,124100,3829830,2010-12-07 00:00:00,1
2010-12-08 00:00:00,2010-12-08 00:00:00,30.5,2010-12-08 00:00:00,29.9,30,48,212700,6380220,2010-12-08 00:00:00,1
2010-12-09 00:00:00,2010-12-09 00:00:00,30,2010-12-09 00:00:00,29.7,30,3,2200,65970,2010-12-09 00:00:00,1
2010-12-10 00:00:00,2010-12-10 00:00:00,30,2010-12-10 00:00:00,29.7,29.8,6,2100,62750,2010-12-10 00:00:00,1
2010-12-13 00:00:00,2010-12-13 00:00:00,31,2010-12-13 00:00:00,29.6,29.8,25,37700,1129970,2010-12-13 00:00:00,1
2010-12-14 00:00:00,2010-12-14 00:00:00,29.7,2010-12-14 00:00:00,29.1,29.3,48,20700,607390,2010-12-14 00:00:00,1
2010-12-15 00:00:00,2010-12-15 00:00:00,30.5,2010-12-15 00:00:00,29.5,29.5,26,14200,421750,2010-12-15 00:00:00,1
2010-12-16 00:00:00,2010-12-16 00:00:00,29.8,2010-12-16 00:00:00,29.4,29.4,18,12800,378460,2010-12-16 00:00:00,1
2010-12-17 00:00:00,2010-12-17 00:00:00,29.5,2010-12-17 00:00:00,29.1,29.3,19,13600,399510,2010-12-17 00:00:00,1
2010-12-21 00:00:00,2010-12-21 00:00:00,29.9,2010-12-21 00:00:00,29.5,29.9,17,164700,4922830,2010-12-21 00:00:00,1
2010-12-22 00:00:00,2010-12-22 00:00:00,30,2010-12-22 00:00:00,29.8,29.9,31,117600,3517270,2010-12-22 00:00:00,1
2010-12-23 00:00:00,2010-12-23 00:00:00,31,2010-12-23 00:00:00,29.6,30.5,116,419100,12700110,2010-12-23 00:00:00,1
2010-12-24 00:00:00,2010-12-24 00:00:00,30.4,2010-12-24 00:00:00,30,30.1,15,28300,850890,2010-12-24 00:00:00,1
2010-12-27 00:00:00,2010-12-27 00:00:00,30.3,2010-12-27 00:00:00,30,30,31,80900,2428220,2010-12-27 00:00:00,1
2010-12-28 00:00:00,2010-12-28 00:00:00,30,2010-12-28 00:00:00,29.7,30,21,21000,628460,2010-12-28 00:00:00,1
2010-12-29 00:00:00,2010-12-29 00:00:00,30,2010-12-29 00:00:00,30,30,8,12200,366000,2010-12-29 00:00:00,1
2010-12-30 00:00:00,2010-12-30 00:00:00,30,2010-12-30 00:00:00,29.2,29.5,17,44500,1325160,2010-12-30 00:00:00,1
2010-12-31 00:00:00,2010-12-31 00:00:00,29.9,2010-12-31 00:00:00,29.5,29.5,4,5200,153480,2010-12-31 00:00:00,1
Company Id :  HSIG,,Security Type :  N,,Sub Type :  0000,,,,,,
Short Name :  HOTEL SIGIRIYA,,,,,,,,,,
Day,Date High,High,Date Low,Low,Closing,No. of Trades,No. of Shares,Turnover,Last Traded,Days Traded
2010-01-04 00:00:00,2010-01-04 00:00:00,54,2010-01-04 00:00:00,53.75,53.75,3,900,48400,2010-01-04 00:00:00,1
2010-01-05 00:00:00,2010-01-05 00:00:00,56.5,2010-01-05 00:00:00,54,54.25,15,6100,334525,2010-01-05 00:00:00,1
2010-01-06 00:00:00,2010-01-06 00:00:00,58.75,2010-01-06 00:00:00,54,54,19,16600,925325,2010-01-06 00:00:00,1
2010-01-07 00:00:00,2010-01-07 00:00:00,58,2010-01-07 00:00:00,52.25,57,2,1200,68450,2010-01-07 00:00:00,1
2010-01-08 00:00:00,2010-01-08 00:00:00,58,2010-01-08 00:00:00,58,58,1,100,5800,2010-01-08 00:00:00,1
2010-01-11 00:00:00,2010-01-11 00:00:00,58.25,2010-01-11 00:00:00,58.25,58.25,1,100,5825,2010-01-11 00:00:00,1
2010-01-15 00:00:00,2010-01-15 00:00:00,57.75,2010-01-15 00:00:00,56,56.5,8,3500,197600,2010-01-15 00:00:00,1
2010-01-18 00:00:00,2010-01-18 00:00:00,57.5,2010-01-18 00:00:00,55,55,5,3000,167500,2010-01-18 00:00:00,1
2010-01-19 00:00:00,2010-01-19 00:00:00,55,2010-01-19 00:00:00,53.5,53.75,6,1900,102150,2010-01-19 00:00:00,1
2010-01-20 00:00:00,2010-01-20 00:00:00,52.75,2010-01-20 00:00:00,52.75,52.75,1,100,5275,2010-01-20 00:00:00,1
2010-01-21 00:00:00,2010-01-21 00:00:00,52.75,2010-01-21 00:00:00,50.75,50.75,8,3400,176325,2010-01-21 00:00:00,1
2010-01-25 00:00:00,2010-01-25 00:00:00,52,2010-01-25 00:00:00,52,52,2,500,26000,2010-01-25 00:00:00,1
2010-02-02 00:00:00,2010-02-02 00:00:00,52.75,2010-02-02 00:00:00,52.75,52.75,1,400,21100,2010-02-02 00:00:00,1
2010-02-03 00:00:00,2010-02-03 00:00:00,54.75,2010-02-03 00:00:00,51.25,51.25,6,1900,100350,2010-02-03 00:00:00,1
2010-02-05 00:00:00,2010-02-05 00:00:00,55,2010-02-05 00:00:00,54.75,54.75,2,800,43825,2010-02-05 00:00:00,1
2010-02-08 00:00:00,2010-02-08 00:00:00,55,2010-02-08 00:00:00,54,54,7,4200,227550,2010-02-08 00:00:00,1
2010-02-09 00:00:00,2010-02-09 00:00:00,57,2010-02-09 00:00:00,55,55.75,8,24600,1371850,2010-02-09 00:00:00,1
2010-02-10 00:00:00,2010-02-10 00:00:00,52.25,2010-02-10 00:00:00,51,51.75,7,2200,114000,2010-02-10 00:00:00,1
2010-02-11 00:00:00,2010-02-11 00:00:00,51.25,2010-02-11 00:00:00,51,51.25,2,500,25550,2010-02-11 00:00:00,1
2010-02-16 00:00:00,2010-02-16 00:00:00,52,2010-02-16 00:00:00,51,51.25,4,700,35900,2010-02-16 00:00:00,1
2010-02-17 00:00:00,2010-02-17 00:00:00,48.75,2010-02-17 00:00:00,48.75,48.75,6,3300,160875,2010-02-17 00:00:00,1
2010-02-18 00:00:00,2010-02-18 00:00:00,54.5,2010-02-18 00:00:00,50.5,54.25,3,400,20975,2010-02-18 00:00:00,1
2010-02-23 00:00:00,2010-02-23 00:00:00,54,2010-02-23 00:00:00,54,54,1,100,5400,2010-02-23 00:00:00,1
2010-02-26 00:00:00,2010-02-26 00:00:00,59,2010-02-26 00:00:00,52,56.25,6,1500,80100,2010-02-26 00:00:00,1
2010-03-01 00:00:00,2010-03-01 00:00:00,57.5,2010-03-01 00:00:00,57.5,57.5,1,200,11500,2010-03-01 00:00:00,1
2010-03-03 00:00:00,2010-03-03 00:00:00,53.25,2010-03-03 00:00:00,52,52,18,6600,344150,2010-03-03 00:00:00,1
2010-03-04 00:00:00,2010-03-04 00:00:00,52,2010-03-04 00:00:00,52,52,4,2800,145600,2010-03-04 00:00:00,1
2010-03-05 00:00:00,2010-03-05 00:00:00,55.75,2010-03-05 00:00:00,51.5,55,5,500,26950,2010-03-05 00:00:00,1
2010-03-08 00:00:00,2010-03-08 00:00:00,57,2010-03-08 00:00:00,54.75,55.75,64,33000,1845875,2010-03-08 00:00:00,1
2010-03-09 00:00:00,2010-03-09 00:00:00,56.75,2010-03-09 00:00:00,55,55,6,1600,89325,2010-03-09 00:00:00,1
2010-03-10 00:00:00,2010-03-10 00:00:00,55,2010-03-10 00:00:00,55,55,1,1000,55000,2010-03-10 00:00:00,1
2010-03-11 00:00:00,2010-03-11 00:00:00,55.5,2010-03-11 00:00:00,55,55.5,5,2500,137700,2010-03-11 00:00:00,1
2010-03-12 00:00:00,2010-03-12 00:00:00,56,2010-03-12 00:00:00,56,56,3,1500,84000,2010-03-12 00:00:00,1
2010-03-15 00:00:00,2010-03-15 00:00:00,58,2010-03-15 00:00:00,55.25,56,9,5100,294050,2010-03-15 00:00:00,1
2010-03-16 00:00:00,2010-03-16 00:00:00,57.5,2010-03-16 00:00:00,55.25,57.25,4,900,50575,2010-03-16 00:00:00,1
2010-03-17 00:00:00,2010-03-17 00:00:00,56.75,2010-03-17 00:00:00,56.75,56.75,1,100,5675,2010-03-17 00:00:00,1
2010-03-26 00:00:00,2010-03-26 00:00:00,52,2010-03-26 00:00:00,52,52,2,200,10400,2010-03-26 00:00:00,1
2010-03-30 00:00:00,2010-03-30 00:00:00,52.25,2010-03-30 00:00:00,52.25,52.25,2,500,26125,2010-03-30 00:00:00,1
2010-04-01 00:00:00,2010-04-01 00:00:00,52.5,2010-04-01 00:00:00,52.5,52.5,2,200,10500,2010-04-01 00:00:00,1
2010-04-05 00:00:00,2010-04-05 00:00:00,54,2010-04-05 00:00:00,54,54,2,300,16200,2010-04-05 00:00:00,1
2010-04-06 00:00:00,2010-04-06 00:00:00,54.25,2010-04-06 00:00:00,53,53.5,6,2700,144350,2010-04-06 00:00:00,1
2010-04-08 00:00:00,2010-04-08 00:00:00,55,2010-04-08 00:00:00,55,55,3,500,27500,2010-04-08 00:00:00,1
2010-04-12 00:00:00,2010-04-12 00:00:00,57,2010-04-12 00:00:00,56.75,56.75,3,700,39750,2010-04-12 00:00:00,1
2010-04-16 00:00:00,2010-04-16 00:00:00,62,2010-04-16 00:00:00,56,60.25,101,58100,3474350,2010-04-16 00:00:00,1
2010-04-19 00:00:00,2010-04-19 00:00:00,64.5,2010-04-19 00:00:00,60,63.25,89,55400,3491900,2010-04-19 00:00:00,1
2010-04-20 00:00:00,2010-04-20 00:00:00,65,2010-04-20 00:00:00,61.5,62.25,19,15700,988800,2010-04-20 00:00:00,1
2010-04-21 00:00:00,2010-04-21 00:00:00,62,2010-04-21 00:00:00,60,60,4,1000,60200,2010-04-21 00:00:00,1
2010-04-22 00:00:00,2010-04-22 00:00:00,60.75,2010-04-22 00:00:00,58.75,60.75,14,7200,431225,2010-04-22 00:00:00,1
2010-04-23 00:00:00,2010-04-23 00:00:00,62,2010-04-23 00:00:00,60,61,7,7500,457275,2010-04-23 00:00:00,1
2010-04-26 00:00:00,2010-04-26 00:00:00,63,2010-04-26 00:00:00,60.75,61.75,9,7700,481000,2010-04-26 00:00:00,1
2010-04-27 00:00:00,2010-04-27 00:00:00,60,2010-04-27 00:00:00,59,59.25,7,2300,137050,2010-04-27 00:00:00,1
2010-04-29 00:00:00,2010-04-29 00:00:00,63,2010-04-29 00:00:00,63,63,2,500,31500,2010-04-29 00:00:00,1
2010-04-30 00:00:00,2010-04-30 00:00:00,62.5,2010-04-30 00:00:00,59,60.75,2,1000,60750,2010-04-30 00:00:00,1
2010-05-03 00:00:00,2010-05-03 00:00:00,63.5,2010-05-03 00:00:00,60,60.75,36,66900,4176575,2010-05-03 00:00:00,1
2010-05-05 00:00:00,2010-05-05 00:00:00,58.5,2010-05-05 00:00:00,58.5,58.5,1,100,5850,2010-05-05 00:00:00,1
2010-05-06 00:00:00,2010-05-06 00:00:00,59,2010-05-06 00:00:00,59,59,1,300,17700,2010-05-06 00:00:00,1
2010-05-07 00:00:00,2010-05-07 00:00:00,59,2010-05-07 00:00:00,58.5,58.5,4,1300,76150,2010-05-07 00:00:00,1
2010-05-10 00:00:00,2010-05-10 00:00:00,58.5,2010-05-10 00:00:00,58.5,58.5,2,8900,520650,2010-05-10 00:00:00,1
2010-05-12 00:00:00,2010-05-12 00:00:00,57.25,2010-05-12 00:00:00,57.25,57.25,1,500,28625,2010-05-12 00:00:00,1
2010-05-13 00:00:00,2010-05-13 00:00:00,56,2010-05-13 00:00:00,56,56,2,1000,56000,2010-05-13 00:00:00,1
2010-05-14 00:00:00,2010-05-14 00:00:00,58,2010-05-14 00:00:00,55,58,6,2600,144075,2010-05-14 00:00:00,1
2010-05-17 00:00:00,2010-05-17 00:00:00,58.25,2010-05-17 00:00:00,58.25,58.25,2,3000,174750,2010-05-17 00:00:00,1
2010-05-18 00:00:00,2010-05-18 00:00:00,58.25,2010-05-18 00:00:00,58.25,58.25,3,700,40775,2010-05-18 00:00:00,1
2010-05-19 00:00:00,2010-05-19 00:00:00,54.5,2010-05-19 00:00:00,54,54.5,7,4100,221500,2010-05-19 00:00:00,1
2010-05-20 00:00:00,2010-05-20 00:00:00,59,2010-05-20 00:00:00,59,59,1,100,5900,2010-05-20 00:00:00,1
2010-05-21 00:00:00,2010-05-21 00:00:00,59,2010-05-21 00:00:00,59,59,1,200,11800,2010-05-21 00:00:00,1
2010-05-24 00:00:00,2010-05-24 00:00:00,58.75,2010-05-24 00:00:00,58.75,58.75,2,3000,176250,2010-05-24 00:00:00,1
2010-05-25 00:00:00,2010-05-25 00:00:00,60,2010-05-25 00:00:00,56.25,59,9,1800,104400,2010-05-25 00:00:00,1
2010-05-26 00:00:00,2010-05-26 00:00:00,62,2010-05-26 00:00:00,59.5,60.25,19,5600,340175,2010-05-26 00:00:00,1
2010-05-31 00:00:00,2010-05-31 00:00:00,63.75,2010-05-31 00:00:00,60.25,62.25,54,35900,2247850,2010-05-31 00:00:00,1
2010-06-01 00:00:00,2010-06-01 00:00:00,63.5,2010-06-01 00:00:00,61.5,61.5,12,4700,295150,2010-06-01 00:00:00,1
2010-06-02 00:00:00,2010-06-02 00:00:00,66.75,2010-06-02 00:00:00,61,66,176,182100,11860425,2010-06-02 00:00:00,1
2010-06-03 00:00:00,2010-06-03 00:00:00,69,2010-06-03 00:00:00,65,65.5,66,60800,4091175,2010-06-03 00:00:00,1
2010-06-04 00:00:00,2010-06-04 00:00:00,78,2010-06-04 00:00:00,67,75.5,402,802300,57646250,2010-06-04 00:00:00,1
2010-06-07 00:00:00,2010-06-07 00:00:00,78,2010-06-07 00:00:00,70.25,74.5,64,51800,3916325,2010-06-07 00:00:00,1
2010-06-08 00:00:00,2010-06-08 00:00:00,75.25,2010-06-08 00:00:00,72.5,73,11,13600,992400,2010-06-08 00:00:00,1
2010-06-09 00:00:00,2010-06-09 00:00:00,72.5,2010-06-09 00:00:00,69,69.75,23,16300,1144475,2010-06-09 00:00:00,1
2010-06-10 00:00:00,2010-06-10 00:00:00,78,2010-06-10 00:00:00,70,74.5,395,479500,36021675,2010-06-10 00:00:00,1
2010-06-11 00:00:00,2010-06-11 00:00:00,75.75,2010-06-11 00:00:00,72,72.75,18,20600,1508600,2010-06-11 00:00:00,1
2010-06-14 00:00:00,2010-06-14 00:00:00,74.75,2010-06-14 00:00:00,71.75,72.75,8,7400,547250,2010-06-14 00:00:00,1
2010-06-15 00:00:00,2010-06-15 00:00:00,73,2010-06-15 00:00:00,70.25,72.75,21,13700,990875,2010-06-15 00:00:00,1
2010-06-16 00:00:00,2010-06-16 00:00:00,71.75,2010-06-16 00:00:00,70,70.5,27,35000,2467650,2010-06-16 00:00:00,1
2010-06-17 00:00:00,2010-06-17 00:00:00,70.25,2010-06-17 00:00:00,69.75,70,20,34600,2421625,2010-06-17 00:00:00,1
2010-06-21 00:00:00,2010-06-21 00:00:00,73,2010-06-21 00:00:00,68.25,70.5,15,13800,986150,2010-06-21 00:00:00,1
2010-06-22 00:00:00,2010-06-22 00:00:00,71,2010-06-22 00:00:00,68.5,69.25,40,53800,3783925,2010-06-22 00:00:00,1
2010-06-23 00:00:00,2010-06-23 00:00:00,70,2010-06-23 00:00:00,67.5,67.5,8,4600,313475,2010-06-23 00:00:00,1
2010-06-24 00:00:00,2010-06-24 00:00:00,69.75,2010-06-24 00:00:00,65,69.5,4,11100,769125,2010-06-24 00:00:00,1
2010-06-28 00:00:00,2010-06-28 00:00:00,69,2010-06-28 00:00:00,68,68,4,4700,324075,2010-06-28 00:00:00,1
2010-06-29 00:00:00,2010-06-29 00:00:00,74.75,2010-06-29 00:00:00,66,66,19,18200,1305725,2010-06-29 00:00:00,1
2010-06-30 00:00:00,2010-06-30 00:00:00,68,2010-06-30 00:00:00,67,68,7,5400,367100,2010-06-30 00:00:00,1
2010-07-01 00:00:00,2010-07-01 00:00:00,69,2010-07-01 00:00:00,68,68.25,12,11500,786825,2010-07-01 00:00:00,1
2010-07-02 00:00:00,2010-07-02 00:00:00,67.25,2010-07-02 00:00:00,65,65.25,18,14100,930700,2010-07-02 00:00:00,1
2010-07-05 00:00:00,2010-07-05 00:00:00,65.25,2010-07-05 00:00:00,65.25,65.25,1,200,13050,2010-07-05 00:00:00,1
2010-07-06 00:00:00,2010-07-06 00:00:00,65.25,2010-07-06 00:00:00,65,65,5,2900,188625,2010-07-06 00:00:00,1
2010-07-07 00:00:00,2010-07-07 00:00:00,69.75,2010-07-07 00:00:00,60.25,61,22,29100,1927850,2010-07-07 00:00:00,1
2010-07-08 00:00:00,2010-07-08 00:00:00,65,2010-07-08 00:00:00,60.5,65,4,600,38100,2010-07-08 00:00:00,1
2010-07-12 00:00:00,2010-07-12 00:00:00,65,2010-07-12 00:00:00,63,63.25,3,600,38000,2010-07-12 00:00:00,1
2010-07-13 00:00:00,2010-07-13 00:00:00,64,2010-07-13 00:00:00,64,64,2,1300,83200,2010-07-13 00:00:00,1
2010-07-14 00:00:00,2010-07-14 00:00:00,68,2010-07-14 00:00:00,65,67.75,14,11800,799100,2010-07-14 00:00:00,1
2010-07-15 00:00:00,2010-07-15 00:00:00,68,2010-07-15 00:00:00,67.75,68,11,14000,951700,2010-07-15 00:00:00,1
2010-07-16 00:00:00,2010-07-16 00:00:00,71.5,2010-07-16 00:00:00,68,70,43,23200,1615825,2010-07-16 00:00:00,1
2010-07-19 00:00:00,2010-07-19 00:00:00,71.75,2010-07-19 00:00:00,66.75,68,16,7400,515275,2010-07-19 00:00:00,1
2010-07-20 00:00:00,2010-07-20 00:00:00,75,2010-07-20 00:00:00,70,73,224,273800,19840375,2010-07-20 00:00:00,1
2010-07-21 00:00:00,2010-07-21 00:00:00,76,2010-07-21 00:00:00,71,72.25,80,85300,6238350,2010-07-21 00:00:00,1
2010-07-22 00:00:00,2010-07-22 00:00:00,73,2010-07-22 00:00:00,71,71.75,22,15900,1149775,2010-07-22 00:00:00,1
2010-07-23 00:00:00,2010-07-23 00:00:00,73,2010-07-23 00:00:00,69,69.75,25,21100,1505025,2010-07-23 00:00:00,1
2010-07-26 00:00:00,2010-07-26 00:00:00,71.75,2010-07-26 00:00:00,70,70.75,15,8900,628500,2010-07-26 00:00:00,1
2010-07-27 00:00:00,2010-07-27 00:00:00,78,2010-07-27 00:00:00,72,77,234,261100,19593775,2010-07-27 00:00:00,1
2010-07-28 00:00:00,2010-07-28 00:00:00,77.5,2010-07-28 00:00:00,75.75,76,62,66300,5084675,2010-07-28 00:00:00,1
2010-07-29 00:00:00,2010-07-29 00:00:00,77,2010-07-29 00:00:00,72,72.25,25,16000,1172975,2010-07-29 00:00:00,1
2010-07-30 00:00:00,2010-07-30 00:00:00,77,2010-07-30 00:00:00,72,76.75,45,95300,7118750,2010-07-30 00:00:00,1
2010-08-02 00:00:00,2010-08-02 00:00:00,76.5,2010-08-02 00:00:00,75.2,75.6,16,30400,2302090,2010-08-02 00:00:00,1
2010-08-03 00:00:00,2010-08-03 00:00:00,80,2010-08-03 00:00:00,74,74.4,56,76000,5902170,2010-08-03 00:00:00,1
2010-08-04 00:00:00,2010-08-04 00:00:00,76,2010-08-04 00:00:00,73,74,11,17100,1264960,2010-08-04 00:00:00,1
2010-08-05 00:00:00,2010-08-05 00:00:00,74,2010-08-05 00:00:00,70,73.5,29,30600,2190040,2010-08-05 00:00:00,1
2010-08-06 00:00:00,2010-08-06 00:00:00,73.6,2010-08-06 00:00:00,70,73,9,4900,357650,2010-08-06 00:00:00,1
2010-08-09 00:00:00,2010-08-09 00:00:00,68,2010-08-09 00:00:00,66.1,66.5,19,13500,906200,2010-08-09 00:00:00,1
2010-08-10 00:00:00,2010-08-10 00:00:00,73,2010-08-10 00:00:00,60,71.2,69,69700,4740500,2010-08-10 00:00:00,1
2010-08-11 00:00:00,2010-08-11 00:00:00,78,2010-08-11 00:00:00,73,73,42,33200,2449120,2010-08-11 00:00:00,1
2010-08-12 00:00:00,2010-08-12 00:00:00,70.6,2010-08-12 00:00:00,70,70,17,20500,1435160,2010-08-12 00:00:00,1
2010-08-13 00:00:00,2010-08-13 00:00:00,71,2010-08-13 00:00:00,71,71,4,2000,142000,2010-08-13 00:00:00,1
2010-08-16 00:00:00,2010-08-16 00:00:00,71,2010-08-16 00:00:00,71,71,3,32000,2272000,2010-08-16 00:00:00,1
2010-08-17 00:00:00,2010-08-17 00:00:00,76,2010-08-17 00:00:00,71,75.4,44,60700,4500860,2010-08-17 00:00:00,1
2010-08-18 00:00:00,2010-08-18 00:00:00,75,2010-08-18 00:00:00,72.5,72.6,16,11700,854300,2010-08-18 00:00:00,1
2010-08-19 00:00:00,2010-08-19 00:00:00,79.8,2010-08-19 00:00:00,72.6,79.8,163,180100,14207270,2010-08-19 00:00:00,1
2010-08-20 00:00:00,2010-08-20 00:00:00,85,2010-08-20 00:00:00,79,81.3,120,232500,19314920,2010-08-20 00:00:00,1
2010-08-23 00:00:00,2010-08-23 00:00:00,87.2,2010-08-23 00:00:00,81.6,82,28,33400,2745870,2010-08-23 00:00:00,1
2010-08-25 00:00:00,2010-08-25 00:00:00,85,2010-08-25 00:00:00,81,81.6,40,40100,3332050,2010-08-25 00:00:00,1
2010-08-26 00:00:00,2010-08-26 00:00:00,83.9,2010-08-26 00:00:00,79,81.8,19,25900,2114420,2010-08-26 00:00:00,1
2010-08-27 00:00:00,2010-08-27 00:00:00,83.4,2010-08-27 00:00:00,80,83,40,36700,3007730,2010-08-27 00:00:00,1
2010-08-30 00:00:00,2010-08-30 00:00:00,86,2010-08-30 00:00:00,82,84.1,80,82300,6874470,2010-08-30 00:00:00,1
2010-08-31 00:00:00,2010-08-31 00:00:00,86,2010-08-31 00:00:00,80,82.9,38,38000,3156630,2010-08-31 00:00:00,1
2010-09-01 00:00:00,2010-09-01 00:00:00,82.9,2010-09-01 00:00:00,81,81.4,23,23800,1939890,2010-09-01 00:00:00,1
2010-09-02 00:00:00,2010-09-02 00:00:00,89.5,2010-09-02 00:00:00,84.7,88.5,122,143100,12574270,2010-09-02 00:00:00,1
2010-09-03 00:00:00,2010-09-03 00:00:00,97.3,2010-09-03 00:00:00,86.1,94.3,130,93000,8688230,2010-09-03 00:00:00,1
2010-09-06 00:00:00,2010-09-06 00:00:00,95,2010-09-06 00:00:00,90,94.1,43,50400,4670500,2010-09-06 00:00:00,1
2010-09-07 00:00:00,2010-09-07 00:00:00,94.2,2010-09-07 00:00:00,90,90,15,10100,931610,2010-09-07 00:00:00,1
2010-09-08 00:00:00,2010-09-08 00:00:00,93,2010-09-08 00:00:00,89.5,91.2,24,12400,1118920,2010-09-08 00:00:00,1
2010-09-09 00:00:00,2010-09-09 00:00:00,92,2010-09-09 00:00:00,88,90.1,17,12100,1088400,2010-09-09 00:00:00,1
2010-09-13 00:00:00,2010-09-13 00:00:00,95,2010-09-13 00:00:00,86,88.6,21,12900,1148730,2010-09-13 00:00:00,1
2010-09-14 00:00:00,2010-09-14 00:00:00,89,2010-09-14 00:00:00,85,85.9,15,14000,1205500,2010-09-14 00:00:00,1
2010-09-15 00:00:00,2010-09-15 00:00:00,86.1,2010-09-15 00:00:00,81,82.5,37,22700,1889580,2010-09-15 00:00:00,1
2010-09-16 00:00:00,2010-09-16 00:00:00,85.7,2010-09-16 00:00:00,82,83,22,23100,1921270,2010-09-16 00:00:00,1
2010-09-17 00:00:00,2010-09-17 00:00:00,87.2,2010-09-17 00:00:00,84.7,85.3,33,21800,1868420,2010-09-17 00:00:00,1
2010-09-20 00:00:00,2010-09-20 00:00:00,84,2010-09-20 00:00:00,83.5,84,7,4200,352750,2010-09-20 00:00:00,1
2010-09-21 00:00:00,2010-09-21 00:00:00,87,2010-09-21 00:00:00,83,86.1,8,3900,328660,2010-09-21 00:00:00,1
2010-09-23 00:00:00,2010-09-23 00:00:00,88,2010-09-23 00:00:00,83,83.7,21,23000,1947710,2010-09-23 00:00:00,1
2010-09-24 00:00:00,2010-09-24 00:00:00,85,2010-09-24 00:00:00,83,83.4,16,7300,609020,2010-09-24 00:00:00,1
2010-09-27 00:00:00,2010-09-27 00:00:00,83,2010-09-27 00:00:00,79,80.2,25,24500,1971250,2010-09-27 00:00:00,1
2010-09-28 00:00:00,2010-09-28 00:00:00,80,2010-09-28 00:00:00,80,80,7,1500,120000,2010-09-28 00:00:00,1
2010-09-29 00:00:00,2010-09-29 00:00:00,83.3,2010-09-29 00:00:00,79,82.1,18,16900,1385600,2010-09-29 00:00:00,1
2010-09-30 00:00:00,2010-09-30 00:00:00,81,2010-09-30 00:00:00,79.5,80.7,8,2800,225950,2010-09-30 00:00:00,1
2010-10-01 00:00:00,2010-10-01 00:00:00,81.1,2010-10-01 00:00:00,80,80,20,11000,885790,2010-10-01 00:00:00,1
2010-10-04 00:00:00,2010-10-04 00:00:00,81,2010-10-04 00:00:00,79.5,80.4,14,7400,592100,2010-10-04 00:00:00,1
2010-10-05 00:00:00,2010-10-05 00:00:00,80,2010-10-05 00:00:00,79,80,16,15000,1198340,2010-10-05 00:00:00,1
2010-10-06 00:00:00,2010-10-06 00:00:00,80,2010-10-06 00:00:00,79,80,20,23900,1911800,2010-10-06 00:00:00,1
2010-10-07 00:00:00,2010-10-07 00:00:00,82,2010-10-07 00:00:00,80,80,23,21500,1729500,2010-10-07 00:00:00,1
2010-10-08 00:00:00,2010-10-08 00:00:00,82.9,2010-10-08 00:00:00,78.5,82,12,7100,569290,2010-10-08 00:00:00,1
2010-10-11 00:00:00,2010-10-11 00:00:00,83,2010-10-11 00:00:00,82,82,10,25000,2058000,2010-10-11 00:00:00,1
2010-10-12 00:00:00,2010-10-12 00:00:00,83,2010-10-12 00:00:00,75,75.2,4,2600,208400,2010-10-12 00:00:00,1
2010-10-13 00:00:00,2010-10-13 00:00:00,77,2010-10-13 00:00:00,68,76,5,5100,385300,2010-10-13 00:00:00,1
2010-10-14 00:00:00,2010-10-14 00:00:00,82,2010-10-14 00:00:00,80,81.8,4,10600,867400,2010-10-14 00:00:00,1
2010-10-21 00:00:00,2010-10-21 00:00:00,83,2010-10-21 00:00:00,80,80,37,17000,1401020,2010-10-21 00:00:00,1
2010-10-25 00:00:00,2010-10-25 00:00:00,76,2010-10-25 00:00:00,75.2,75.2,6,1700,128240,2010-10-25 00:00:00,1
2010-10-27 00:00:00,2010-10-27 00:00:00,75,2010-10-27 00:00:00,74,74.2,6,2400,178000,2010-10-27 00:00:00,1
2010-10-28 00:00:00,2010-10-28 00:00:00,76,2010-10-28 00:00:00,76,76,4,900,68400,2010-10-28 00:00:00,1
2010-10-29 00:00:00,2010-10-29 00:00:00,78.5,2010-10-29 00:00:00,76.9,77,10,3300,254240,2010-10-29 00:00:00,1
2010-11-01 00:00:00,2010-11-01 00:00:00,80,2010-11-01 00:00:00,78.5,80,6,1400,111700,2010-11-01 00:00:00,1
2010-11-02 00:00:00,2010-11-02 00:00:00,78.5,2010-11-02 00:00:00,78,78.3,2,400,31300,2010-11-02 00:00:00,1
2010-11-04 00:00:00,2010-11-04 00:00:00,78,2010-11-04 00:00:00,77.9,77.9,9,4300,334990,2010-11-04 00:00:00,1
2010-11-08 00:00:00,2010-11-08 00:00:00,75,2010-11-08 00:00:00,75,75,1,200,15000,2010-11-08 00:00:00,1
2010-11-11 00:00:00,2010-11-11 00:00:00,73.1,2010-11-11 00:00:00,73.1,73.1,1,100,7310,2010-11-11 00:00:00,1
2010-11-12 00:00:00,2010-11-12 00:00:00,79,2010-11-12 00:00:00,72,75.8,3,2000,147800,2010-11-12 00:00:00,1
2010-11-15 00:00:00,2010-11-15 00:00:00,79.9,2010-11-15 00:00:00,74,74.3,5,1900,146900,2010-11-15 00:00:00,1
2010-11-16 00:00:00,2010-11-16 00:00:00,73,2010-11-16 00:00:00,70,70,3,1200,87000,2010-11-16 00:00:00,1
2010-11-18 00:00:00,2010-11-18 00:00:00,75,2010-11-18 00:00:00,75,75,1,100,7500,2010-11-18 00:00:00,1
2010-11-22 00:00:00,2010-11-22 00:00:00,74,2010-11-22 00:00:00,70,70,2,600,42400,2010-11-22 00:00:00,1
2010-11-23 00:00:00,2010-11-23 00:00:00,70.1,2010-11-23 00:00:00,70,70,3,600,42010,2010-11-23 00:00:00,1
2010-11-24 00:00:00,2010-11-24 00:00:00,72,2010-11-24 00:00:00,71,71.6,3,1200,85900,2010-11-24 00:00:00,1
2010-11-26 00:00:00,2010-11-26 00:00:00,66.3,2010-11-26 00:00:00,66.1,66.2,3,3000,198500,2010-11-26 00:00:00,1
2010-11-29 00:00:00,2010-11-29 00:00:00,67,2010-11-29 00:00:00,66.1,66.1,3,1100,72800,2010-11-29 00:00:00,1
2010-11-30 00:00:00,2010-11-30 00:00:00,71.9,2010-11-30 00:00:00,71,71.4,8,2600,185590,2010-11-30 00:00:00,1
2010-12-01 00:00:00,2010-12-01 00:00:00,78,2010-12-01 00:00:00,72,78,5,1300,96740,2010-12-01 00:00:00,1
2010-12-02 00:00:00,2010-12-02 00:00:00,76,2010-12-02 00:00:00,73,73.6,7,1600,117410,2010-12-02 00:00:00,1
2010-12-06 00:00:00,2010-12-06 00:00:00,70.1,2010-12-06 00:00:00,70.1,70.1,1,1000,70100,2010-12-06 00:00:00,1
2010-12-07 00:00:00,2010-12-07 00:00:00,82,2010-12-07 00:00:00,70.2,78.7,15,13100,1026520,2010-12-07 00:00:00,1
2010-12-08 00:00:00,2010-12-08 00:00:00,79.5,2010-12-08 00:00:00,72,79.5,2,600,43950,2010-12-08 00:00:00,1
2010-12-09 00:00:00,2010-12-09 00:00:00,74,2010-12-09 00:00:00,74,74,3,300,22200,2010-12-09 00:00:00,1
2010-12-10 00:00:00,2010-12-10 00:00:00,73,2010-12-10 00:00:00,73,73,1,100,7300,2010-12-10 00:00:00,1
2010-12-13 00:00:00,2010-12-13 00:00:00,73,2010-12-13 00:00:00,73,73,4,1100,80300,2010-12-13 00:00:00,1
2010-12-14 00:00:00,2010-12-14 00:00:00,73.9,2010-12-14 00:00:00,72.2,72.2,5,900,65320,2010-12-14 00:00:00,1
2010-12-15 00:00:00,2010-12-15 00:00:00,72,2010-12-15 00:00:00,70,72,6,5600,394430,2010-12-15 00:00:00,1
2010-12-16 00:00:00,2010-12-16 00:00:00,72,2010-12-16 00:00:00,70.1,70.2,6,1600,114470,2010-12-16 00:00:00,1
2010-12-17 00:00:00,2010-12-17 00:00:00,71.1,2010-12-17 00:00:00,71,71.1,4,2100,149200,2010-12-17 00:00:00,1
2010-12-21 00:00:00,2010-12-21 00:00:00,70.5,2010-12-21 00:00:00,70.5,70.5,1,100,7050,2010-12-21 00:00:00,1
2010-12-22 00:00:00,2010-12-22 00:00:00,73,2010-12-22 00:00:00,71.5,73,3,1200,86400,2010-12-22 00:00:00,1
2010-12-23 00:00:00,2010-12-23 00:00:00,74.7,2010-12-23 00:00:00,74.5,74.6,2,800,59680,2010-12-23 00:00:00,1
2010-12-27 00:00:00,2010-12-27 00:00:00,72.6,2010-12-27 00:00:00,71,71.1,9,11500,827650,2010-12-27 00:00:00,1
2010-12-29 00:00:00,2010-12-29 00:00:00,76.4,2010-12-29 00:00:00,72,75.1,9,2500,186310,2010-12-29 00:00:00,1
2010-12-30 00:00:00,2010-12-30 00:00:00,80.2,2010-12-30 00:00:00,73.5,80,23,9100,717170,2010-12-30 00:00:00,1
2010-12-31 00:00:00,2010-12-31 00:00:00,79.9,2010-12-31 00:00:00,75.1,79.4,8,4800,364160,2010-12-31 00:00:00,1
Company Id :  HUEJ,,Security Type :  N,,Sub Type :  0000,,,,,,
Short Name :  HUEJAY,,,,,,,,,,
Day,Date High,High,Date Low,Low,Closing,No. of Trades,No. of Shares,Turnover,Last Traded,Days Traded
2010-01-05 00:00:00,2010-01-05 00:00:00,57,2010-01-05 00:00:00,57,57,4,600,34200,2010-01-05 00:00:00,1
2010-01-06 00:00:00,2010-01-06 00:00:00,59.5,2010-01-06 00:00:00,58.5,59,2,200,11800,2010-01-06 00:00:00,1
2010-01-07 00:00:00,2010-01-07 00:00:00,54,2010-01-07 00:00:00,50,52,2,200,10400,2010-01-07 00:00:00,1
2010-01-08 00:00:00,2010-01-08 00:00:00,59.75,2010-01-08 00:00:00,58.5,58.75,7,1000,58775,2010-01-08 00:00:00,1
2010-01-11 00:00:00,2010-01-11 00:00:00,60,2010-01-11 00:00:00,59,59,4,2700,159500,2010-01-11 00:00:00,1
2010-01-12 00:00:00,2010-01-12 00:00:00,64,2010-01-12 00:00:00,60,63.75,33,10400,641950,2010-01-12 00:00:00,1
2010-01-13 00:00:00,2010-01-13 00:00:00,70,2010-01-13 00:00:00,65,67.75,19,3900,258475,2010-01-13 00:00:00,1
2010-01-15 00:00:00,2010-01-15 00:00:00,68,2010-01-15 00:00:00,68,68,1,100,6800,2010-01-15 00:00:00,1
2010-01-19 00:00:00,2010-01-19 00:00:00,70,2010-01-19 00:00:00,65,66.5,16,5300,352000,2010-01-19 00:00:00,1
2010-01-20 00:00:00,2010-01-20 00:00:00,77,2010-01-20 00:00:00,65.25,70,131,30100,2172625,2010-01-20 00:00:00,1
2010-01-21 00:00:00,2010-01-21 00:00:00,73.75,2010-01-21 00:00:00,70,73.25,7,1500,107175,2010-01-21 00:00:00,1
2010-01-22 00:00:00,2010-01-22 00:00:00,76,2010-01-22 00:00:00,70,71.5,18,5900,417700,2010-01-22 00:00:00,1
2010-01-25 00:00:00,2010-01-25 00:00:00,75,2010-01-25 00:00:00,69.75,70.5,20,3600,258225,2010-01-25 00:00:00,1
2010-01-26 00:00:00,2010-01-26 00:00:00,74.75,2010-01-26 00:00:00,70.75,70.75,3,300,21650,2010-01-26 00:00:00,1
2010-01-28 00:00:00,2010-01-28 00:00:00,74.5,2010-01-28 00:00:00,74.5,74.5,1,100,7450,2010-01-28 00:00:00,1
2010-02-01 00:00:00,2010-02-01 00:00:00,73.5,2010-02-01 00:00:00,69.5,69.5,21,8800,614850,2010-02-01 00:00:00,1
2010-02-02 00:00:00,2010-02-02 00:00:00,73,2010-02-02 00:00:00,69.75,69.75,18,6900,481600,2010-02-02 00:00:00,1
2010-02-03 00:00:00,2010-02-03 00:00:00,69.5,2010-02-03 00:00:00,69.5,69.5,3,1500,104250,2010-02-03 00:00:00,1
2010-02-09 00:00:00,2010-02-09 00:00:00,69.5,2010-02-09 00:00:00,69.5,69.5,1,300,20850,2010-02-09 00:00:00,1
2010-02-11 00:00:00,2010-02-11 00:00:00,63.5,2010-02-11 00:00:00,62.5,62.75,2,300,18850,2010-02-11 00:00:00,1
2010-02-15 00:00:00,2010-02-15 00:00:00,62.5,2010-02-15 00:00:00,62.5,62.5,1,900,56250,2010-02-15 00:00:00,1
2010-02-16 00:00:00,2010-02-16 00:00:00,63,2010-02-16 00:00:00,62,62.5,4,1200,74950,2010-02-16 00:00:00,1
2010-02-17 00:00:00,2010-02-17 00:00:00,69,2010-02-17 00:00:00,69,69,1,500,34500,2010-02-17 00:00:00,1
2010-02-18 00:00:00,2010-02-18 00:00:00,67.75,2010-02-18 00:00:00,67.75,67.75,2,2300,155825,2010-02-18 00:00:00,1
2010-02-19 00:00:00,2010-02-19 00:00:00,66,2010-02-19 00:00:00,64.75,64.75,3,1800,118675,2010-02-19 00:00:00,1
2010-02-22 00:00:00,2010-02-22 00:00:00,66,2010-02-22 00:00:00,62,62.25,3,3300,205025,2010-02-22 00:00:00,1
2010-02-25 00:00:00,2010-02-25 00:00:00,67.5,2010-02-25 00:00:00,63,63,3,1600,105625,2010-02-25 00:00:00,1
2010-03-01 00:00:00,2010-03-01 00:00:00,74,2010-03-01 00:00:00,63,63.25,30,6700,470300,2010-03-01 00:00:00,1
2010-03-02 00:00:00,2010-03-02 00:00:00,64,2010-03-02 00:00:00,63.5,63.5,4,400,25450,2010-03-02 00:00:00,1
2010-03-03 00:00:00,2010-03-03 00:00:00,63.5,2010-03-03 00:00:00,63,63.25,4,1700,107450,2010-03-03 00:00:00,1
2010-03-05 00:00:00,2010-03-05 00:00:00,63,2010-03-05 00:00:00,63,63,3,600,37800,2010-03-05 00:00:00,1
2010-03-08 00:00:00,2010-03-08 00:00:00,66,2010-03-08 00:00:00,64,64,5,1900,121800,2010-03-08 00:00:00,1
2010-03-11 00:00:00,2010-03-11 00:00:00,65,2010-03-11 00:00:00,61,65,3,400,25600,2010-03-11 00:00:00,1
2010-03-12 00:00:00,2010-03-12 00:00:00,65.5,2010-03-12 00:00:00,65.5,65.5,1,100,6550,2010-03-12 00:00:00,1
2010-03-16 00:00:00,2010-03-16 00:00:00,61.5,2010-03-16 00:00:00,61.5,61.5,2,700,43050,2010-03-16 00:00:00,1
2010-03-18 00:00:00,2010-03-18 00:00:00,57.5,2010-03-18 00:00:00,57.5,57.5,1,100,5750,2010-03-18 00:00:00,1
2010-03-24 00:00:00,2010-03-24 00:00:00,59,2010-03-24 00:00:00,59,59,2,400,23600,2010-03-24 00:00:00,1
2010-03-26 00:00:00,2010-03-26 00:00:00,53.25,2010-03-26 00:00:00,53,53.25,3,400,21225,2010-03-26 00:00:00,1
2010-04-05 00:00:00,2010-04-05 00:00:00,53.25,2010-04-05 00:00:00,53.25,53.25,2,200,10650,2010-04-05 00:00:00,1
2010-04-06 00:00:00,2010-04-06 00:00:00,61.75,2010-04-06 00:00:00,60,60.5,3,400,24175,2010-04-06 00:00:00,1
2010-04-20 00:00:00,2010-04-20 00:00:00,65,2010-04-20 00:00:00,64.5,64.75,3,300,19400,2010-04-20 00:00:00,1
2010-04-23 00:00:00,2010-04-23 00:00:00,59.25,2010-04-23 00:00:00,58,58.25,14,7800,454500,2010-04-23 00:00:00,1
2010-04-30 00:00:00,2010-04-30 00:00:00,60,2010-04-30 00:00:00,58.25,58.5,7,2500,146325,2010-04-30 00:00:00,1
2010-05-04 00:00:00,2010-05-04 00:00:00,56.5,2010-05-04 00:00:00,56.5,56.5,1,500,28250,2010-05-04 00:00:00,1
2010-05-06 00:00:00,2010-05-06 00:00:00,56,2010-05-06 00:00:00,55,55.25,6,1300,71725,2010-05-06 00:00:00,1
2010-05-11 00:00:00,2010-05-11 00:00:00,60.5,2010-05-11 00:00:00,60.5,60.5,1,200,12100,2010-05-11 00:00:00,1
2010-05-19 00:00:00,2010-05-19 00:00:00,55.25,2010-05-19 00:00:00,55.25,55.25,1,200,11050,2010-05-19 00:00:00,1
2010-05-21 00:00:00,2010-05-21 00:00:00,62.5,2010-05-21 00:00:00,62.5,62.5,3,300,18750,2010-05-21 00:00:00,1
2010-05-24 00:00:00,2010-05-24 00:00:00,61,2010-05-24 00:00:00,61,61,2,300,18300,2010-05-24 00:00:00,1
2010-05-26 00:00:00,2010-05-26 00:00:00,52,2010-05-26 00:00:00,52,52,1,600,31200,2010-05-26 00:00:00,1
2010-06-02 00:00:00,2010-06-02 00:00:00,61,2010-06-02 00:00:00,61,61,1,100,6100,2010-06-02 00:00:00,1
2010-06-09 00:00:00,2010-06-09 00:00:00,53,2010-06-09 00:00:00,52,52.5,3,1300,68200,2010-06-09 00:00:00,1
2010-06-10 00:00:00,2010-06-10 00:00:00,59.75,2010-06-10 00:00:00,59,59.5,3,700,41600,2010-06-10 00:00:00,1
2010-06-14 00:00:00,2010-06-14 00:00:00,55,2010-06-14 00:00:00,53,54,8,2400,129500,2010-06-14 00:00:00,1
2010-06-15 00:00:00,2010-06-15 00:00:00,62,2010-06-15 00:00:00,54.5,56.25,7,3200,180100,2010-06-15 00:00:00,1
2010-06-16 00:00:00,2010-06-16 00:00:00,65,2010-06-16 00:00:00,62,64.25,8,3700,237500,2010-06-16 00:00:00,1
2010-06-17 00:00:00,2010-06-17 00:00:00,58,2010-06-17 00:00:00,58,58,2,1600,92800,2010-06-17 00:00:00,1
2010-06-23 00:00:00,2010-06-23 00:00:00,59,2010-06-23 00:00:00,59,59,1,100,5900,2010-06-23 00:00:00,1
2010-06-28 00:00:00,2010-06-28 00:00:00,58,2010-06-28 00:00:00,58,58,3,700,40600,2010-06-28 00:00:00,1
2010-06-30 00:00:00,2010-06-30 00:00:00,67.75,2010-06-30 00:00:00,67.75,67.75,1,100,6775,2010-06-30 00:00:00,1
2010-07-01 00:00:00,2010-07-01 00:00:00,56.75,2010-07-01 00:00:00,56.75,56.75,3,1500,85125,2010-07-01 00:00:00,1
2010-07-02 00:00:00,2010-07-02 00:00:00,64.5,2010-07-02 00:00:00,64.5,64.5,1,100,6450,2010-07-02 00:00:00,1
2010-07-07 00:00:00,2010-07-07 00:00:00,57,2010-07-07 00:00:00,55.25,56.75,4,1900,107925,2010-07-07 00:00:00,1
2010-07-09 00:00:00,2010-07-09 00:00:00,56.75,2010-07-09 00:00:00,55.25,56,2,200,11200,2010-07-09 00:00:00,1
2010-07-13 00:00:00,2010-07-13 00:00:00,55,2010-07-13 00:00:00,55,55,1,100,5500,2010-07-13 00:00:00,1
2010-07-20 00:00:00,2010-07-20 00:00:00,64.5,2010-07-20 00:00:00,64.5,64.5,1,100,6450,2010-07-20 00:00:00,1
2010-07-27 00:00:00,2010-07-27 00:00:00,64,2010-07-27 00:00:00,60,60,12,3700,224775,2010-07-27 00:00:00,1
2010-07-28 00:00:00,2010-07-28 00:00:00,66.5,2010-07-28 00:00:00,61,61,7,1700,106250,2010-07-28 00:00:00,1
2010-07-30 00:00:00,2010-07-30 00:00:00,60,2010-07-30 00:00:00,60,60,1,300,18000,2010-07-30 00:00:00,1
2010-08-17 00:00:00,2010-08-17 00:00:00,60,2010-08-17 00:00:00,60,60,1,100,6000,2010-08-17 00:00:00,1
2010-08-19 00:00:00,2010-08-19 00:00:00,59.9,2010-08-19 00:00:00,59.9,59.9,1,100,5990,2010-08-19 00:00:00,1
2010-08-27 00:00:00,2010-08-27 00:00:00,59,2010-08-27 00:00:00,54,59,5,3100,174400,2010-08-27 00:00:00,1
2010-08-30 00:00:00,2010-08-30 00:00:00,59.1,2010-08-30 00:00:00,55,59.1,8,4300,244700,2010-08-30 00:00:00,1
2010-08-31 00:00:00,2010-08-31 00:00:00,55.1,2010-08-31 00:00:00,55,55.1,2,1000,55050,2010-08-31 00:00:00,1
2010-09-13 00:00:00,2010-09-13 00:00:00,52,2010-09-13 00:00:00,52,52,1,200,10400,2010-09-13 00:00:00,1
2010-09-15 00:00:00,2010-09-15 00:00:00,52,2010-09-15 00:00:00,50,51,5,2600,132600,2010-09-15 00:00:00,1
2010-09-16 00:00:00,2010-09-16 00:00:00,52,2010-09-16 00:00:00,52,52,1,100,5200,2010-09-16 00:00:00,1
2010-09-28 00:00:00,2010-09-28 00:00:00,53,2010-09-28 00:00:00,50,53,2,800,40300,2010-09-28 00:00:00,1
2010-09-30 00:00:00,2010-09-30 00:00:00,53,2010-09-30 00:00:00,53,53,1,700,37100,2010-09-30 00:00:00,1
2010-10-04 00:00:00,2010-10-04 00:00:00,53,2010-10-04 00:00:00,53,53,2,300,15900,2010-10-04 00:00:00,1
2010-10-05 00:00:00,2010-10-05 00:00:00,51,2010-10-05 00:00:00,51,51,1,200,10200,2010-10-05 00:00:00,1
2010-10-28 00:00:00,2010-10-28 00:00:00,80,2010-10-28 00:00:00,58,71.1,234,76300,5595300,2010-10-28 00:00:00,1
2010-10-29 00:00:00,2010-10-29 00:00:00,64,2010-10-29 00:00:00,64,64,4,800,51200,2010-10-29 00:00:00,1
2010-11-01 00:00:00,2010-11-01 00:00:00,57.6,2010-11-01 00:00:00,57.6,57.6,6,700,40320,2010-11-01 00:00:00,1
2010-11-02 00:00:00,2010-11-02 00:00:00,55,2010-11-02 00:00:00,55,55,1,100,5500,2010-11-02 00:00:00,1
2010-11-04 00:00:00,2010-11-04 00:00:00,50,2010-11-04 00:00:00,50,50,3,400,20000,2010-11-04 00:00:00,1
2010-11-12 00:00:00,2010-11-12 00:00:00,50,2010-11-12 00:00:00,50,50,1,100,5000,2010-11-12 00:00:00,1
2010-11-18 00:00:00,2010-11-18 00:00:00,45,2010-11-18 00:00:00,45,45,1,100,4500,2010-11-18 00:00:00,1
2010-11-22 00:00:00,2010-11-22 00:00:00,46,2010-11-22 00:00:00,44,45,3,1900,85400,2010-11-22 00:00:00,1
2010-11-24 00:00:00,2010-11-24 00:00:00,44.2,2010-11-24 00:00:00,41.7,42.5,2,600,25520,2010-11-24 00:00:00,1
2010-11-25 00:00:00,2010-11-25 00:00:00,48,2010-11-25 00:00:00,41.6,48,4,1400,58930,2010-11-25 00:00:00,1
2010-11-30 00:00:00,2010-11-30 00:00:00,42,2010-11-30 00:00:00,42,42,1,100,4200,2010-11-30 00:00:00,1
2010-12-09 00:00:00,2010-12-09 00:00:00,60,2010-12-09 00:00:00,52,57.5,5,2400,137880,2010-12-09 00:00:00,1
2010-12-23 00:00:00,2010-12-23 00:00:00,56,2010-12-23 00:00:00,56,56,1,500,28000,2010-12-23 00:00:00,1
2010-12-29 00:00:00,2010-12-29 00:00:00,62.9,2010-12-29 00:00:00,56.7,60.7,15,4500,270300,2010-12-29 00:00:00,1
2010-12-30 00:00:00,2010-12-30 00:00:00,61.8,2010-12-30 00:00:00,61.8,61.8,1,100,6180,2010-12-30 00:00:00,1
2010-12-31 00:00:00,2010-12-31 00:00:00,62,2010-12-31 00:00:00,61,61.1,7,700,42800,2010-12-31 00:00:00,1
Company Id :  HUNA,,Security Type :  N,,Sub Type :  0000,,,,,,
Short Name :  HUNAS FALLS,,,,,,,,,,
Day,Date High,High,Date Low,Low,Closing,No. of Trades,No. of Shares,Turnover,Last Traded,Days Traded
2010-01-04 00:00:00,2010-01-04 00:00:00,51.5,2010-01-04 00:00:00,48,48.25,4,1100,53150,2010-01-04 00:00:00,1
2010-01-05 00:00:00,2010-01-05 00:00:00,52.75,2010-01-05 00:00:00,50,52.25,11,5200,271300,2010-01-05 00:00:00,1
2010-01-06 00:00:00,2010-01-06 00:00:00,53,2010-01-06 00:00:00,53,53,1,1000,53000,2010-01-06 00:00:00,1
2010-01-07 00:00:00,2010-01-07 00:00:00,52.25,2010-01-07 00:00:00,50,52.25,2,200,10225,2010-01-07 00:00:00,1
2010-01-08 00:00:00,2010-01-08 00:00:00,52,2010-01-08 00:00:00,50,52,5,2000,100200,2010-01-08 00:00:00,1
2010-01-12 00:00:00,2010-01-12 00:00:00,50,2010-01-12 00:00:00,49.75,50,4,1400,69975,2010-01-12 00:00:00,1
2010-01-13 00:00:00,2010-01-13 00:00:00,50.75,2010-01-13 00:00:00,49,49,10,4300,211925,2010-01-13 00:00:00,1
2010-01-15 00:00:00,2010-01-15 00:00:00,51.75,2010-01-15 00:00:00,51.25,51.75,8,1200,61975,2010-01-15 00:00:00,1
2010-01-18 00:00:00,2010-01-18 00:00:00,52,2010-01-18 00:00:00,49,49,6,2000,98900,2010-01-18 00:00:00,1
2010-01-19 00:00:00,2010-01-19 00:00:00,51,2010-01-19 00:00:00,50,50,3,2300,115100,2010-01-19 00:00:00,1
2010-01-20 00:00:00,2010-01-20 00:00:00,50.75,2010-01-20 00:00:00,48.25,48.5,2,1100,53325,2010-01-20 00:00:00,1
2010-01-21 00:00:00,2010-01-21 00:00:00,50.5,2010-01-21 00:00:00,50.5,50.5,8,2000,101000,2010-01-21 00:00:00,1
2010-01-22 00:00:00,2010-01-22 00:00:00,50,2010-01-22 00:00:00,50,50,1,100,5000,2010-01-22 00:00:00,1
2010-01-25 00:00:00,2010-01-25 00:00:00,52,2010-01-25 00:00:00,50,50,4,1500,76000,2010-01-25 00:00:00,1
2010-01-26 00:00:00,2010-01-26 00:00:00,50,2010-01-26 00:00:00,50,50,1,2000,100000,2010-01-26 00:00:00,1
2010-02-02 00:00:00,2010-02-02 00:00:00,50.75,2010-02-02 00:00:00,49,50.75,3,900,44950,2010-02-02 00:00:00,1
2010-02-05 00:00:00,2010-02-05 00:00:00,52,2010-02-05 00:00:00,50,50,6,3100,155350,2010-02-05 00:00:00,1
2010-02-08 00:00:00,2010-02-08 00:00:00,52,2010-02-08 00:00:00,51,51.75,13,6900,356500,2010-02-08 00:00:00,1
2010-02-09 00:00:00,2010-02-09 00:00:00,50,2010-02-09 00:00:00,47.25,49.25,7,4100,202050,2010-02-09 00:00:00,1
2010-02-10 00:00:00,2010-02-10 00:00:00,48.5,2010-02-10 00:00:00,48.5,48.5,1,100,4850,2010-02-10 00:00:00,1
2010-02-11 00:00:00,2010-02-11 00:00:00,48.25,2010-02-11 00:00:00,48,48.25,2,2900,139300,2010-02-11 00:00:00,1
2010-02-12 00:00:00,2010-02-12 00:00:00,48.25,2010-02-12 00:00:00,48,48.25,11,14100,677300,2010-02-12 00:00:00,1
2010-02-15 00:00:00,2010-02-15 00:00:00,49.5,2010-02-15 00:00:00,47,47,3,1300,61350,2010-02-15 00:00:00,1
2010-02-16 00:00:00,2010-02-16 00:00:00,49,2010-02-16 00:00:00,47,49,2,200,9600,2010-02-16 00:00:00,1
2010-02-17 00:00:00,2010-02-17 00:00:00,47,2010-02-17 00:00:00,47,47,2,800,37600,2010-02-17 00:00:00,1
2010-02-18 00:00:00,2010-02-18 00:00:00,49.5,2010-02-18 00:00:00,49,49.5,2,2700,133550,2010-02-18 00:00:00,1
2010-02-19 00:00:00,2010-02-19 00:00:00,49,2010-02-19 00:00:00,47,47,2,700,33300,2010-02-19 00:00:00,1
2010-02-22 00:00:00,2010-02-22 00:00:00,50,2010-02-22 00:00:00,49,50,5,1500,74450,2010-02-22 00:00:00,1
2010-02-24 00:00:00,2010-02-24 00:00:00,50,2010-02-24 00:00:00,49,50,7,1900,94500,2010-02-24 00:00:00,1
2010-02-25 00:00:00,2010-02-25 00:00:00,51,2010-02-25 00:00:00,50.5,50.5,4,800,40450,2010-02-25 00:00:00,1
2010-02-26 00:00:00,2010-02-26 00:00:00,49,2010-02-26 00:00:00,49,49,1,100,4900,2010-02-26 00:00:00,1
2010-03-02 00:00:00,2010-03-02 00:00:00,48,2010-03-02 00:00:00,48,48,1,100,4800,2010-03-02 00:00:00,1
2010-03-03 00:00:00,2010-03-03 00:00:00,49,2010-03-03 00:00:00,45,49,11,16500,775050,2010-03-03 00:00:00,1
2010-03-05 00:00:00,2010-03-05 00:00:00,53,2010-03-05 00:00:00,49,50.25,31,17700,903025,2010-03-05 00:00:00,1
2010-03-08 00:00:00,2010-03-08 00:00:00,56,2010-03-08 00:00:00,49.5,53.5,229,226800,12296375,2010-03-08 00:00:00,1
2010-03-09 00:00:00,2010-03-09 00:00:00,54.5,2010-03-09 00:00:00,51.5,51.5,21,12700,685225,2010-03-09 00:00:00,1
2010-03-10 00:00:00,2010-03-10 00:00:00,51.75,2010-03-10 00:00:00,49.5,50.25,6,7400,371850,2010-03-10 00:00:00,1
2010-03-11 00:00:00,2010-03-11 00:00:00,53.25,2010-03-11 00:00:00,52,52.75,17,9400,496425,2010-03-11 00:00:00,1
2010-03-12 00:00:00,2010-03-12 00:00:00,54,2010-03-12 00:00:00,52.75,53.25,15,7700,414225,2010-03-12 00:00:00,1
2010-03-15 00:00:00,2010-03-15 00:00:00,54,2010-03-15 00:00:00,54,54,2,500,27000,2010-03-15 00:00:00,1
2010-03-16 00:00:00,2010-03-16 00:00:00,53,2010-03-16 00:00:00,52,52,4,1100,57300,2010-03-16 00:00:00,1
2010-03-17 00:00:00,2010-03-17 00:00:00,53,2010-03-17 00:00:00,51.75,51.75,7,4600,239300,2010-03-17 00:00:00,1
2010-03-18 00:00:00,2010-03-18 00:00:00,52,2010-03-18 00:00:00,48,49.75,30,17200,847825,2010-03-18 00:00:00,1
2010-03-19 00:00:00,2010-03-19 00:00:00,49.75,2010-03-19 00:00:00,49,49.5,5,1000,49300,2010-03-19 00:00:00,1
2010-03-25 00:00:00,2010-03-25 00:00:00,50,2010-03-25 00:00:00,49.75,50,9,72000,3599850,2010-03-25 00:00:00,1
2010-03-26 00:00:00,2010-03-26 00:00:00,48.25,2010-03-26 00:00:00,48.25,48.25,2,200,9650,2010-03-26 00:00:00,1
2010-03-31 00:00:00,2010-03-31 00:00:00,52.5,2010-03-31 00:00:00,48.25,52.5,5,9000,440000,2010-03-31 00:00:00,1
2010-04-05 00:00:00,2010-04-05 00:00:00,50,2010-04-05 00:00:00,50,50,1,100,5000,2010-04-05 00:00:00,1
2010-04-06 00:00:00,2010-04-06 00:00:00,52,2010-04-06 00:00:00,51,51,12,4400,226500,2010-04-06 00:00:00,1
2010-04-07 00:00:00,2010-04-07 00:00:00,52,2010-04-07 00:00:00,51,51,5,1100,56200,2010-04-07 00:00:00,1
2010-04-08 00:00:00,2010-04-08 00:00:00,52,2010-04-08 00:00:00,52,52,1,1000,52000,2010-04-08 00:00:00,1
2010-04-12 00:00:00,2010-04-12 00:00:00,52,2010-04-12 00:00:00,51,52,6,1900,97400,2010-04-12 00:00:00,1
2010-04-15 00:00:00,2010-04-15 00:00:00,53,2010-04-15 00:00:00,53,53,1,100,5300,2010-04-15 00:00:00,1
2010-04-16 00:00:00,2010-04-16 00:00:00,55,2010-04-16 00:00:00,53,53.75,24,9000,488725,2010-04-16 00:00:00,1
2010-04-19 00:00:00,2010-04-19 00:00:00,58.75,2010-04-19 00:00:00,53.75,57.75,129,72900,4143800,2010-04-19 00:00:00,1
2010-04-20 00:00:00,2010-04-20 00:00:00,58.5,2010-04-20 00:00:00,56,57.5,14,7400,424950,2010-04-20 00:00:00,1
2010-04-21 00:00:00,2010-04-21 00:00:00,57,2010-04-21 00:00:00,55.5,55.75,6,2700,151575,2010-04-21 00:00:00,1
2010-04-22 00:00:00,2010-04-22 00:00:00,56,2010-04-22 00:00:00,55,55,16,10800,597000,2010-04-22 00:00:00,1
2010-04-23 00:00:00,2010-04-23 00:00:00,57.25,2010-04-23 00:00:00,56.25,56.5,12,3600,204350,2010-04-23 00:00:00,1
2010-04-26 00:00:00,2010-04-26 00:00:00,60,2010-04-26 00:00:00,56.5,57,59,28600,1669125,2010-04-26 00:00:00,1
2010-04-27 00:00:00,2010-04-27 00:00:00,59,2010-04-27 00:00:00,55,56.25,11,4400,248300,2010-04-27 00:00:00,1
2010-04-29 00:00:00,2010-04-29 00:00:00,58,2010-04-29 00:00:00,55,55,9,3600,199575,2010-04-29 00:00:00,1
2010-04-30 00:00:00,2010-04-30 00:00:00,57,2010-04-30 00:00:00,55,56.75,9,8600,488375,2010-04-30 00:00:00,1
2010-05-03 00:00:00,2010-05-03 00:00:00,57,2010-05-03 00:00:00,55,55,18,5700,314800,2010-05-03 00:00:00,1
2010-05-04 00:00:00,2010-05-04 00:00:00,56,2010-05-04 00:00:00,53,55,9,12200,671600,2010-05-04 00:00:00,1
2010-05-05 00:00:00,2010-05-05 00:00:00,56,2010-05-05 00:00:00,53.25,53.5,13,5600,300575,2010-05-05 00:00:00,1
2010-05-06 00:00:00,2010-05-06 00:00:00,57,2010-05-06 00:00:00,54,55,10,3300,184800,2010-05-06 00:00:00,1
2010-05-07 00:00:00,2010-05-07 00:00:00,55.5,2010-05-07 00:00:00,54.5,54.75,12,3700,203150,2010-05-07 00:00:00,1
2010-05-10 00:00:00,2010-05-10 00:00:00,56,2010-05-10 00:00:00,56,56,1,100,5600,2010-05-10 00:00:00,1
2010-05-11 00:00:00,2010-05-11 00:00:00,53,2010-05-11 00:00:00,53,53,1,100,5300,2010-05-11 00:00:00,1
2010-05-12 00:00:00,2010-05-12 00:00:00,54,2010-05-12 00:00:00,54,54,4,400,21600,2010-05-12 00:00:00,1
2010-05-13 00:00:00,2010-05-13 00:00:00,54,2010-05-13 00:00:00,54,54,7,8000,432000,2010-05-13 00:00:00,1
2010-05-14 00:00:00,2010-05-14 00:00:00,56,2010-05-14 00:00:00,54,56,18,12200,682800,2010-05-14 00:00:00,1
2010-05-17 00:00:00,2010-05-17 00:00:00,56,2010-05-17 00:00:00,54,54.25,5,2300,126000,2010-05-17 00:00:00,1
2010-05-18 00:00:00,2010-05-18 00:00:00,54.25,2010-05-18 00:00:00,54,54,5,4500,243250,2010-05-18 00:00:00,1
2010-05-19 00:00:00,2010-05-19 00:00:00,55,2010-05-19 00:00:00,53,54,10,2500,134875,2010-05-19 00:00:00,1
2010-05-21 00:00:00,2010-05-21 00:00:00,56.75,2010-05-21 00:00:00,55,55.75,15,7700,430675,2010-05-21 00:00:00,1
2010-05-24 00:00:00,2010-05-24 00:00:00,56,2010-05-24 00:00:00,56,56,1,200,11200,2010-05-24 00:00:00,1
2010-05-25 00:00:00,2010-05-25 00:00:00,56,2010-05-25 00:00:00,54,54,5,1200,66800,2010-05-25 00:00:00,1
2010-05-26 00:00:00,2010-05-26 00:00:00,55,2010-05-26 00:00:00,54,54,4,2400,131800,2010-05-26 00:00:00,1
2010-05-31 00:00:00,2010-05-31 00:00:00,54,2010-05-31 00:00:00,52,53,10,4900,258350,2010-05-31 00:00:00,1
2010-06-01 00:00:00,2010-06-01 00:00:00,55,2010-06-01 00:00:00,55,55,1,200,11000,2010-06-01 00:00:00,1
2010-06-03 00:00:00,2010-06-03 00:00:00,55,2010-06-03 00:00:00,55,55,2,500,27500,2010-06-03 00:00:00,1
2010-06-04 00:00:00,2010-06-04 00:00:00,56,2010-06-04 00:00:00,55,55.5,11,2900,159800,2010-06-04 00:00:00,1
2010-06-07 00:00:00,2010-06-07 00:00:00,56,2010-06-07 00:00:00,55.25,55.25,5,1500,83150,2010-06-07 00:00:00,1
2010-06-08 00:00:00,2010-06-08 00:00:00,55.25,2010-06-08 00:00:00,55,55.25,4,3500,193125,2010-06-08 00:00:00,1
2010-06-09 00:00:00,2010-06-09 00:00:00,56,2010-06-09 00:00:00,54.5,54.5,2,700,38450,2010-06-09 00:00:00,1
2010-06-10 00:00:00,2010-06-10 00:00:00,56,2010-06-10 00:00:00,56,56,1,100,5600,2010-06-10 00:00:00,1
2010-06-11 00:00:00,2010-06-11 00:00:00,56,2010-06-11 00:00:00,56,56,1,200,11200,2010-06-11 00:00:00,1
2010-06-14 00:00:00,2010-06-14 00:00:00,55,2010-06-14 00:00:00,55,55,6,1000,55000,2010-06-14 00:00:00,1
2010-06-15 00:00:00,2010-06-15 00:00:00,56,2010-06-15 00:00:00,54,54.75,8,7200,394000,2010-06-15 00:00:00,1
2010-06-16 00:00:00,2010-06-16 00:00:00,54,2010-06-16 00:00:00,54,54,1,5100,275400,2010-06-16 00:00:00,1
2010-06-17 00:00:00,2010-06-17 00:00:00,55,2010-06-17 00:00:00,54.75,55,2,2500,137375,2010-06-17 00:00:00,1
2010-06-21 00:00:00,2010-06-21 00:00:00,55,2010-06-21 00:00:00,55,55,1,1000,55000,2010-06-21 00:00:00,1
2010-06-22 00:00:00,2010-06-22 00:00:00,50,2010-06-22 00:00:00,50,50,1,300,15000,2010-06-22 00:00:00,1
2010-06-23 00:00:00,2010-06-23 00:00:00,55,2010-06-23 00:00:00,55,55,1,100,5500,2010-06-23 00:00:00,1
2010-06-28 00:00:00,2010-06-28 00:00:00,52.25,2010-06-28 00:00:00,52.25,52.25,1,200,10450,2010-06-28 00:00:00,1
2010-06-29 00:00:00,2010-06-29 00:00:00,56,2010-06-29 00:00:00,52.25,55.75,19,16900,941900,2010-06-29 00:00:00,1
2010-06-30 00:00:00,2010-06-30 00:00:00,58.5,2010-06-30 00:00:00,56,58,19,17800,1032500,2010-06-30 00:00:00,1
2010-07-01 00:00:00,2010-07-01 00:00:00,60,2010-07-01 00:00:00,58,59.75,34,24800,1468575,2010-07-01 00:00:00,1
2010-07-02 00:00:00,2010-07-02 00:00:00,64,2010-07-02 00:00:00,58.75,62,50,55300,3345925,2010-07-02 00:00:00,1
2010-07-05 00:00:00,2010-07-05 00:00:00,62,2010-07-05 00:00:00,55.25,62,26,21600,1338400,2010-07-05 00:00:00,1
2010-07-06 00:00:00,2010-07-06 00:00:00,57,2010-07-06 00:00:00,57,57,1,100,5700,2010-07-06 00:00:00,1
2010-07-07 00:00:00,2010-07-07 00:00:00,57,2010-07-07 00:00:00,56,57,3,3300,187900,2010-07-07 00:00:00,1
2010-07-09 00:00:00,2010-07-09 00:00:00,57.25,2010-07-09 00:00:00,56,57.25,10,3600,204625,2010-07-09 00:00:00,1
2010-07-12 00:00:00,2010-07-12 00:00:00,58,2010-07-12 00:00:00,58,58,1,300,17400,2010-07-12 00:00:00,1
2010-07-13 00:00:00,2010-07-13 00:00:00,61.75,2010-07-13 00:00:00,58,58.25,6,1900,110575,2010-07-13 00:00:00,1
2010-07-14 00:00:00,2010-07-14 00:00:00,65,2010-07-14 00:00:00,60,62.5,35,28800,1788125,2010-07-14 00:00:00,1
2010-07-15 00:00:00,2010-07-15 00:00:00,66,2010-07-15 00:00:00,60.25,64.75,37,20100,1305050,2010-07-15 00:00:00,1
2010-07-19 00:00:00,2010-07-19 00:00:00,62,2010-07-19 00:00:00,62,62,4,3500,217000,2010-07-19 00:00:00,1
2010-07-20 00:00:00,2010-07-20 00:00:00,68,2010-07-20 00:00:00,62,67,39,43000,2865325,2010-07-20 00:00:00,1
2010-07-21 00:00:00,2010-07-21 00:00:00,78,2010-07-21 00:00:00,68,70,65,53300,3700725,2010-07-21 00:00:00,1
2010-07-22 00:00:00,2010-07-22 00:00:00,79.5,2010-07-22 00:00:00,69.75,69.75,30,15300,1074825,2010-07-22 00:00:00,1
2010-07-23 00:00:00,2010-07-23 00:00:00,70,2010-07-23 00:00:00,69.5,69.5,5,3700,257550,2010-07-23 00:00:00,1
2010-07-26 00:00:00,2010-07-26 00:00:00,70.25,2010-07-26 00:00:00,70,70.25,4,3400,238750,2010-07-26 00:00:00,1
2010-07-27 00:00:00,2010-07-27 00:00:00,77,2010-07-27 00:00:00,69.75,72.25,33,29300,2114450,2010-07-27 00:00:00,1
2010-07-28 00:00:00,2010-07-28 00:00:00,76.5,2010-07-28 00:00:00,74.5,75.5,29,9200,693450,2010-07-28 00:00:00,1
2010-07-29 00:00:00,2010-07-29 00:00:00,75.75,2010-07-29 00:00:00,73,73,10,5500,412625,2010-07-29 00:00:00,1
2010-07-30 00:00:00,2010-07-30 00:00:00,75,2010-07-30 00:00:00,73,74,4,700,51300,2010-07-30 00:00:00,1
2010-08-02 00:00:00,2010-08-02 00:00:00,74.9,2010-08-02 00:00:00,63,71.7,15,2600,187280,2010-08-02 00:00:00,1
2010-08-03 00:00:00,2010-08-03 00:00:00,69,2010-08-03 00:00:00,69,69,1,3000,207000,2010-08-03 00:00:00,1
2010-08-04 00:00:00,2010-08-04 00:00:00,69,2010-08-04 00:00:00,69,69,1,100,6900,2010-08-04 00:00:00,1
2010-08-05 00:00:00,2010-08-05 00:00:00,70,2010-08-05 00:00:00,66,69.5,13,13200,911550,2010-08-05 00:00:00,1
2010-08-06 00:00:00,2010-08-06 00:00:00,70,2010-08-06 00:00:00,69.5,69.6,4,11000,769650,2010-08-06 00:00:00,1
2010-08-09 00:00:00,2010-08-09 00:00:00,72,2010-08-09 00:00:00,63.5,65,12,4800,307450,2010-08-09 00:00:00,1
2010-08-10 00:00:00,2010-08-10 00:00:00,69.5,2010-08-10 00:00:00,60,69.5,7,6200,401280,2010-08-10 00:00:00,1
2010-08-11 00:00:00,2010-08-11 00:00:00,72,2010-08-11 00:00:00,70.2,71.1,10,6600,468330,2010-08-11 00:00:00,1
2010-08-12 00:00:00,2010-08-12 00:00:00,73.9,2010-08-12 00:00:00,71,71,5,1900,136060,2010-08-12 00:00:00,1
2010-08-16 00:00:00,2010-08-16 00:00:00,67,2010-08-16 00:00:00,67,67,1,600,40200,2010-08-16 00:00:00,1
2010-08-17 00:00:00,2010-08-17 00:00:00,70,2010-08-17 00:00:00,70,70,6,12700,889000,2010-08-17 00:00:00,1
2010-08-18 00:00:00,2010-08-18 00:00:00,74.8,2010-08-18 00:00:00,69,71.9,17,13000,923810,2010-08-18 00:00:00,1
2010-08-19 00:00:00,2010-08-19 00:00:00,79,2010-08-19 00:00:00,74,79,103,107200,8298270,2010-08-19 00:00:00,1
2010-08-20 00:00:00,2010-08-20 00:00:00,86,2010-08-20 00:00:00,79.1,79.3,45,51800,4235660,2010-08-20 00:00:00,1
2010-08-23 00:00:00,2010-08-23 00:00:00,80,2010-08-23 00:00:00,78,79.4,24,9300,735740,2010-08-23 00:00:00,1
2010-08-25 00:00:00,2010-08-25 00:00:00,80.9,2010-08-25 00:00:00,74,79,20,14600,1162600,2010-08-25 00:00:00,1
2010-08-26 00:00:00,2010-08-26 00:00:00,79,2010-08-26 00:00:00,75.1,76.3,8,2800,216600,2010-08-26 00:00:00,1
2010-08-27 00:00:00,2010-08-27 00:00:00,82,2010-08-27 00:00:00,79.9,80,8,9600,768140,2010-08-27 00:00:00,1
2010-08-30 00:00:00,2010-08-30 00:00:00,85,2010-08-30 00:00:00,79,79.6,34,36600,2959080,2010-08-30 00:00:00,1
2010-08-31 00:00:00,2010-08-31 00:00:00,79.7,2010-08-31 00:00:00,79.7,79.7,3,3600,286920,2010-08-31 00:00:00,1
2010-09-01 00:00:00,2010-09-01 00:00:00,82,2010-09-01 00:00:00,75,82,30,46100,3673100,2010-09-01 00:00:00,1
2010-09-02 00:00:00,2010-09-02 00:00:00,90.2,2010-09-02 00:00:00,82,90.2,98,141000,12538650,2010-09-02 00:00:00,1
2010-09-03 00:00:00,2010-09-03 00:00:00,95,2010-09-03 00:00:00,92.5,94.7,67,46100,4370400,2010-09-03 00:00:00,1
2010-09-06 00:00:00,2010-09-06 00:00:00,97.5,2010-09-06 00:00:00,94,94.2,15,9300,878920,2010-09-06 00:00:00,1
2010-09-07 00:00:00,2010-09-07 00:00:00,98,2010-09-07 00:00:00,94.2,94.9,14,14700,1399550,2010-09-07 00:00:00,1
2010-09-08 00:00:00,2010-09-08 00:00:00,97,2010-09-08 00:00:00,87.1,93.6,17,12100,1091580,2010-09-08 00:00:00,1
2010-09-09 00:00:00,2010-09-09 00:00:00,93,2010-09-09 00:00:00,93,93,1,500,46500,2010-09-09 00:00:00,1
2010-09-13 00:00:00,2010-09-13 00:00:00,89,2010-09-13 00:00:00,89,89,3,2000,178000,2010-09-13 00:00:00,1
2010-09-14 00:00:00,2010-09-14 00:00:00,92,2010-09-14 00:00:00,88.4,89.2,16,4800,430880,2010-09-14 00:00:00,1
2010-09-15 00:00:00,2010-09-15 00:00:00,90,2010-09-15 00:00:00,87.1,88.9,5,2000,177670,2010-09-15 00:00:00,1
2010-09-16 00:00:00,2010-09-16 00:00:00,91.5,2010-09-16 00:00:00,89.2,89.3,3,1600,142950,2010-09-16 00:00:00,1
2010-09-17 00:00:00,2010-09-17 00:00:00,95.9,2010-09-17 00:00:00,92,92,8,5600,531750,2010-09-17 00:00:00,1
2010-09-20 00:00:00,2010-09-20 00:00:00,94.6,2010-09-20 00:00:00,93,93,3,300,28220,2010-09-20 00:00:00,1
2010-09-21 00:00:00,2010-09-21 00:00:00,93,2010-09-21 00:00:00,90,90,5,800,73500,2010-09-21 00:00:00,1
2010-09-23 00:00:00,2010-09-23 00:00:00,90.1,2010-09-23 00:00:00,90.1,90.1,2,200,18020,2010-09-23 00:00:00,1
2010-09-24 00:00:00,2010-09-24 00:00:00,90,2010-09-24 00:00:00,88,88,10,3600,321950,2010-09-24 00:00:00,1
2010-09-27 00:00:00,2010-09-27 00:00:00,91,2010-09-27 00:00:00,82.1,88.8,13,2100,178490,2010-09-27 00:00:00,1
2010-09-28 00:00:00,2010-09-28 00:00:00,88.8,2010-09-28 00:00:00,87,87.9,13,5300,467800,2010-09-28 00:00:00,1
2010-09-29 00:00:00,2010-09-29 00:00:00,90,2010-09-29 00:00:00,89,89,5,800,71900,2010-09-29 00:00:00,1
2010-09-30 00:00:00,2010-09-30 00:00:00,92,2010-09-30 00:00:00,88,88.3,6,2200,197800,2010-09-30 00:00:00,1
2010-10-01 00:00:00,2010-10-01 00:00:00,89.9,2010-10-01 00:00:00,87.1,88,4,900,79990,2010-10-01 00:00:00,1
2010-10-05 00:00:00,2010-10-05 00:00:00,87.8,2010-10-05 00:00:00,85,87.5,4,1300,113550,2010-10-05 00:00:00,1
2010-10-07 00:00:00,2010-10-07 00:00:00,87.5,2010-10-07 00:00:00,80,80.6,4,1500,120870,2010-10-07 00:00:00,1
2010-10-08 00:00:00,2010-10-08 00:00:00,85.2,2010-10-08 00:00:00,80,85,9,3400,279610,2010-10-08 00:00:00,1
2010-10-11 00:00:00,2010-10-11 00:00:00,82.1,2010-10-11 00:00:00,82.1,82.1,1,100,8210,2010-10-11 00:00:00,1
2010-10-12 00:00:00,2010-10-12 00:00:00,82.1,2010-10-12 00:00:00,75,79,8,1200,95660,2010-10-12 00:00:00,1
2010-10-13 00:00:00,2010-10-13 00:00:00,84,2010-10-13 00:00:00,76,84,3,1300,99610,2010-10-13 00:00:00,1
2010-10-14 00:00:00,2010-10-14 00:00:00,80,2010-10-14 00:00:00,80,80,1,100,8000,2010-10-14 00:00:00,1
2010-10-15 00:00:00,2010-10-15 00:00:00,82,2010-10-15 00:00:00,76,79.6,10,2200,170820,2010-10-15 00:00:00,1
2010-10-18 00:00:00,2010-10-18 00:00:00,81.6,2010-10-18 00:00:00,78,78.6,3,600,47160,2010-10-18 00:00:00,1
2010-10-19 00:00:00,2010-10-19 00:00:00,82.5,2010-10-19 00:00:00,80,82.2,11,2500,201450,2010-10-19 00:00:00,1
2010-10-21 00:00:00,2010-10-21 00:00:00,88.9,2010-10-21 00:00:00,80,85.3,14,10200,855220,2010-10-21 00:00:00,1
2010-10-25 00:00:00,2010-10-25 00:00:00,87,2010-10-25 00:00:00,85,85.8,7,1700,145100,2010-10-25 00:00:00,1
2010-10-26 00:00:00,2010-10-26 00:00:00,85,2010-10-26 00:00:00,83,84,8,3900,327100,2010-10-26 00:00:00,1
2010-10-28 00:00:00,2010-10-28 00:00:00,88.8,2010-10-28 00:00:00,88.8,88.8,1,100,8880,2010-10-28 00:00:00,1
2010-10-29 00:00:00,2010-10-29 00:00:00,90,2010-10-29 00:00:00,83,88.9,11,5400,476880,2010-10-29 00:00:00,1
2010-11-01 00:00:00,2010-11-01 00:00:00,95,2010-11-01 00:00:00,90,92.5,15,12500,1161880,2010-11-01 00:00:00,1
2010-11-02 00:00:00,2010-11-02 00:00:00,93.8,2010-11-02 00:00:00,90.5,93.2,21,7100,657870,2010-11-02 00:00:00,1
2010-11-03 00:00:00,2010-11-03 00:00:00,94.9,2010-11-03 00:00:00,91.2,93.1,5,800,74650,2010-11-03 00:00:00,1
2010-11-04 00:00:00,2010-11-04 00:00:00,94,2010-11-04 00:00:00,88,94,5,5300,496700,2010-11-04 00:00:00,1
2010-11-08 00:00:00,2010-11-08 00:00:00,93.9,2010-11-08 00:00:00,90,91.3,2,300,27390,2010-11-08 00:00:00,1
2010-11-09 00:00:00,2010-11-09 00:00:00,92,2010-11-09 00:00:00,88.1,90.1,2,200,18010,2010-11-09 00:00:00,1
2010-11-10 00:00:00,2010-11-10 00:00:00,90,2010-11-10 00:00:00,88,89,4,400,35590,2010-11-10 00:00:00,1
2010-11-11 00:00:00,2010-11-11 00:00:00,89.9,2010-11-11 00:00:00,85,85.4,6,1600,136490,2010-11-11 00:00:00,1
2010-11-12 00:00:00,2010-11-12 00:00:00,87.9,2010-11-12 00:00:00,78.3,82.3,8,3300,275160,2010-11-12 00:00:00,1
2010-11-16 00:00:00,2010-11-16 00:00:00,86,2010-11-16 00:00:00,86,86,1,100,8600,2010-11-16 00:00:00,1
2010-11-18 00:00:00,2010-11-18 00:00:00,90,2010-11-18 00:00:00,85,85.5,2,1100,94000,2010-11-18 00:00:00,1
2010-11-22 00:00:00,2010-11-22 00:00:00,89.9,2010-11-22 00:00:00,80.7,81.7,6,3100,252180,2010-11-22 00:00:00,1
2010-11-23 00:00:00,2010-11-23 00:00:00,89,2010-11-23 00:00:00,89,89,4,500,44500,2010-11-23 00:00:00,1
2010-11-24 00:00:00,2010-11-24 00:00:00,83,2010-11-24 00:00:00,83,83,1,100,8300,2010-11-24 00:00:00,1
2010-11-29 00:00:00,2010-11-29 00:00:00,83,2010-11-29 00:00:00,75,81.5,3,300,23800,2010-11-29 00:00:00,1
2010-11-30 00:00:00,2010-11-30 00:00:00,89,2010-11-30 00:00:00,83,87.7,8,1300,111700,2010-11-30 00:00:00,1
2010-12-01 00:00:00,2010-12-01 00:00:00,90,2010-12-01 00:00:00,87.7,89.6,10,7300,655120,2010-12-01 00:00:00,1
2010-12-02 00:00:00,2010-12-02 00:00:00,89,2010-12-02 00:00:00,85,89,2,300,25900,2010-12-02 00:00:00,1
2010-12-03 00:00:00,2010-12-03 00:00:00,89,2010-12-03 00:00:00,86,89,4,400,35300,2010-12-03 00:00:00,1
2010-12-08 00:00:00,2010-12-08 00:00:00,85.1,2010-12-08 00:00:00,85.1,85.1,1,300,25530,2010-12-08 00:00:00,1
2010-12-10 00:00:00,2010-12-10 00:00:00,89.8,2010-12-10 00:00:00,78.1,89.8,3,4100,321820,2010-12-10 00:00:00,1
2010-12-13 00:00:00,2010-12-13 00:00:00,80.4,2010-12-13 00:00:00,80.3,80.3,2,300,24100,2010-12-13 00:00:00,1
2010-12-14 00:00:00,2010-12-14 00:00:00,82,2010-12-14 00:00:00,82,82,3,1100,90200,2010-12-14 00:00:00,1
2010-12-15 00:00:00,2010-12-15 00:00:00,89.7,2010-12-15 00:00:00,82.1,86.9,4,400,34270,2010-12-15 00:00:00,1
2010-12-21 00:00:00,2010-12-21 00:00:00,85,2010-12-21 00:00:00,82.1,85,3,1100,90600,2010-12-21 00:00:00,1
2010-12-22 00:00:00,2010-12-22 00:00:00,87,2010-12-22 00:00:00,82.5,83.3,4,900,75280,2010-12-22 00:00:00,1
2010-12-23 00:00:00,2010-12-23 00:00:00,88.5,2010-12-23 00:00:00,88.5,88.5,2,300,26550,2010-12-23 00:00:00,1
2010-12-27 00:00:00,2010-12-27 00:00:00,86,2010-12-27 00:00:00,86,86,1,100,8600,2010-12-27 00:00:00,1
2010-12-29 00:00:00,2010-12-29 00:00:00,88,2010-12-29 00:00:00,87,87,3,2200,192400,2010-12-29 00:00:00,1
2010-12-30 00:00:00,2010-12-30 00:00:00,87.9,2010-12-30 00:00:00,85.1,86.5,11,5400,467780,2010-12-30 00:00:00,1
2010-12-31 00:00:00,2010-12-31 00:00:00,89.8,2010-12-31 00:00:00,87,87.8,11,3500,306770,2010-12-31 00:00:00,1
Company Id :  HUNT,,Security Type :  N,,Sub Type :  0000,,,,,,
Short Name :  HUNTERS,,,,,,,,,,
Day,Date High,High,Date Low,Low,Closing,No. of Trades,No. of Shares,Turnover,Last Traded,Days Traded
2010-01-04 00:00:00,2010-01-04 00:00:00,350,2010-01-04 00:00:00,350,350,1,100,35000,2010-01-04 00:00:00,1
2010-01-07 00:00:00,2010-01-07 00:00:00,350,2010-01-07 00:00:00,300,325,3,400,130000,2010-01-07 00:00:00,1
2010-01-08 00:00:00,2010-01-08 00:00:00,340,2010-01-08 00:00:00,300,325.75,5,600,195500,2010-01-08 00:00:00,1
2010-01-19 00:00:00,2010-01-19 00:00:00,349,2010-01-19 00:00:00,349,349,1,100,34900,2010-01-19 00:00:00,1
2010-02-08 00:00:00,2010-02-08 00:00:00,390,2010-02-08 00:00:00,390,390,1,100,39000,2010-02-08 00:00:00,1
2010-02-22 00:00:00,2010-02-22 00:00:00,400,2010-02-22 00:00:00,370,385,2,200,77000,2010-02-22 00:00:00,1
2010-02-23 00:00:00,2010-02-23 00:00:00,420,2010-02-23 00:00:00,400,410,2,200,82000,2010-02-23 00:00:00,1
2010-02-24 00:00:00,2010-02-24 00:00:00,419,2010-02-24 00:00:00,419,419,1,100,41900,2010-02-24 00:00:00,1
2010-02-25 00:00:00,2010-02-25 00:00:00,550,2010-02-25 00:00:00,410,460.75,6,700,317500,2010-02-25 00:00:00,1
2010-03-04 00:00:00,2010-03-04 00:00:00,650,2010-03-04 00:00:00,460,529.75,5,600,303850,2010-03-04 00:00:00,1
2010-03-18 00:00:00,2010-03-18 00:00:00,526.5,2010-03-18 00:00:00,525,525.75,2,200,105150,2010-03-18 00:00:00,1
2010-03-19 00:00:00,2010-03-19 00:00:00,600,2010-03-19 00:00:00,600,600,1,100,60000,2010-03-19 00:00:00,1
2010-04-07 00:00:00,2010-04-07 00:00:00,693,2010-04-07 00:00:00,693,693,1,100,69300,2010-04-07 00:00:00,1
2010-05-11 00:00:00,2010-05-11 00:00:00,660,2010-05-11 00:00:00,600,630,2,200,126000,2010-05-11 00:00:00,1
2010-05-12 00:00:00,2010-05-12 00:00:00,630,2010-05-12 00:00:00,630,630,1,100,63000,2010-05-12 00:00:00,1
2010-05-21 00:00:00,2010-05-21 00:00:00,650,2010-05-21 00:00:00,650,650,1,100,65000,2010-05-21 00:00:00,1
2010-05-25 00:00:00,2010-05-25 00:00:00,684.25,2010-05-25 00:00:00,684.25,684.25,1,100,68425,2010-05-25 00:00:00,1
2010-05-26 00:00:00,2010-05-26 00:00:00,700,2010-05-26 00:00:00,700,700,1,100,70000,2010-05-26 00:00:00,1
2010-06-22 00:00:00,2010-06-22 00:00:00,900,2010-06-22 00:00:00,800,800,2,400,330000,2010-06-22 00:00:00,1
2010-07-01 00:00:00,2010-07-01 00:00:00,900,2010-07-01 00:00:00,799.75,850,2,200,169975,2010-07-01 00:00:00,1
2010-07-08 00:00:00,2010-07-08 00:00:00,800,2010-07-08 00:00:00,800,800,1,100,80000,2010-07-08 00:00:00,1
2010-07-09 00:00:00,2010-07-09 00:00:00,900,2010-07-09 00:00:00,800,825.5,3,400,330200,2010-07-09 00:00:00,1
2010-08-03 00:00:00,2010-08-03 00:00:00,800,2010-08-03 00:00:00,800,800,1,100,80000,2010-08-03 00:00:00,1
2010-08-19 00:00:00,2010-08-19 00:00:00,825,2010-08-19 00:00:00,825,825,2,300,247500,2010-08-19 00:00:00,1
2010-08-20 00:00:00,2010-08-20 00:00:00,790,2010-08-20 00:00:00,790,790,1,100,79000,2010-08-20 00:00:00,1
2010-08-25 00:00:00,2010-08-25 00:00:00,860,2010-08-25 00:00:00,860,860,1,100,86000,2010-08-25 00:00:00,1
2010-08-27 00:00:00,2010-08-27 00:00:00,860,2010-08-27 00:00:00,860,860,1,200,172000,2010-08-27 00:00:00,1
2010-09-14 00:00:00,2010-09-14 00:00:00,900,2010-09-14 00:00:00,900,900,1,100,90000,2010-09-14 00:00:00,1
2010-09-15 00:00:00,2010-09-15 00:00:00,980,2010-09-15 00:00:00,980,980,1,100,98000,2010-09-15 00:00:00,1
2010-09-17 00:00:00,2010-09-17 00:00:00,1077,2010-09-17 00:00:00,1077,1077,1,100,107700,2010-09-17 00:00:00,1
2010-09-20 00:00:00,2010-09-20 00:00:00,1299.9,2010-09-20 00:00:00,1000,1250,3,300,349990,2010-09-20 00:00:00,1
2010-10-01 00:00:00,2010-10-01 00:00:00,1250,2010-10-01 00:00:00,1249.9,1250,2,200,249990,2010-10-01 00:00:00,1
2010-10-08 00:00:00,2010-10-08 00:00:00,1500,2010-10-08 00:00:00,1250,1375,2,200,275000,2010-10-08 00:00:00,1
2010-10-11 00:00:00,2010-10-11 00:00:00,1450,2010-10-11 00:00:00,1000,1450,2,200,245000,2010-10-11 00:00:00,1
2010-10-20 00:00:00,2010-10-20 00:00:00,1450,2010-10-20 00:00:00,1150,1375,4,400,515000,2010-10-20 00:00:00,1
2010-10-28 00:00:00,2010-10-28 00:00:00,1500,2010-10-28 00:00:00,1200,1350,2,200,270000,2010-10-28 00:00:00,1
2010-10-29 00:00:00,2010-10-29 00:00:00,1400,2010-10-29 00:00:00,810,1006.7,2,300,302000,2010-10-29 00:00:00,1
2010-11-01 00:00:00,2010-11-01 00:00:00,1300,2010-11-01 00:00:00,1300,1300,1,100,130000,2010-11-01 00:00:00,1
2010-11-11 00:00:00,2010-11-11 00:00:00,1100,2010-11-11 00:00:00,1000,1100,3,500,520000,2010-11-11 00:00:00,1
2010-11-12 00:00:00,2010-11-12 00:00:00,1200,2010-11-12 00:00:00,1150,1166.7,2,300,350000,2010-11-12 00:00:00,1
2010-11-23 00:00:00,2010-11-23 00:00:00,1300,2010-11-23 00:00:00,1100,1166.7,2,300,350000,2010-11-23 00:00:00,1
2010-11-26 00:00:00,2010-11-26 00:00:00,1289,2010-11-26 00:00:00,1289,1289,1,100,128900,2010-11-26 00:00:00,1
2010-11-30 00:00:00,2010-11-30 00:00:00,1385,2010-11-30 00:00:00,1385,1385,1,100,138500,2010-11-30 00:00:00,1
Company Id :  IDL,,Security Type :  N,,Sub Type :  0000,,,,,,
Short Name :  INFRASTRUCTURE,,,,,,,,,,
Day,Date High,High,Date Low,Low,Closing,No. of Trades,No. of Shares,Turnover,Last Traded,Days Traded
2010-08-17 00:00:00,2010-08-17 00:00:00,37.5,2010-08-17 00:00:00,37.5,37.5,1,100,3750,2010-08-17 00:00:00,1
2010-08-19 00:00:00,2010-08-19 00:00:00,,2010-08-19 00:00:00,,,1,3400136,44201768,2010-08-19 00:00:00,1
Company Id :  INDO,,Security Type :  N,,Sub Type :  0000,,,,,,
Short Name :  INDO MALAY,,,,,,,,,,
Day,Date High,High,Date Low,Low,Closing,No. of Trades,No. of Shares,Turnover,Last Traded,Days Traded
2010-01-05 00:00:00,2010-01-05 00:00:00,420,2010-01-05 00:00:00,420,420,1,100,42000,2010-01-05 00:00:00,1
2010-01-06 00:00:00,2010-01-06 00:00:00,415,2010-01-06 00:00:00,415,415,1,200,83000,2010-01-06 00:00:00,1
2010-01-15 00:00:00,2010-01-15 00:00:00,400,2010-01-15 00:00:00,400,400,1,200,80000,2010-01-15 00:00:00,1
2010-01-20 00:00:00,2010-01-20 00:00:00,415,2010-01-20 00:00:00,400,410,3,500,203000,2010-01-20 00:00:00,1
2010-02-11 00:00:00,2010-02-11 00:00:00,380,2010-02-11 00:00:00,320,362.75,13,1600,535800,2010-02-11 00:00:00,1
2010-02-18 00:00:00,2010-02-18 00:00:00,398,2010-02-18 00:00:00,398,398,1,200,79600,2010-02-18 00:00:00,1
2010-02-19 00:00:00,2010-02-19 00:00:00,399,2010-02-19 00:00:00,399,399,1,200,79800,2010-02-19 00:00:00,1
2010-02-22 00:00:00,2010-02-22 00:00:00,415,2010-02-22 00:00:00,415,415,1,100,41500,2010-02-22 00:00:00,1
2010-03-01 00:00:00,2010-03-01 00:00:00,410,2010-03-01 00:00:00,409.5,410,3,15000,6149750,2010-03-01 00:00:00,1
2010-03-02 00:00:00,2010-03-02 00:00:00,450,2010-03-02 00:00:00,400,408.75,6,1200,493500,2010-03-02 00:00:00,1
2010-03-04 00:00:00,2010-03-04 00:00:00,420,2010-03-04 00:00:00,400,418.25,5,800,331000,2010-03-04 00:00:00,1
2010-03-05 00:00:00,2010-03-05 00:00:00,420,2010-03-05 00:00:00,420,420,13,1900,798000,2010-03-05 00:00:00,1
2010-03-11 00:00:00,2010-03-11 00:00:00,420,2010-03-11 00:00:00,420,420,1,100,42000,2010-03-11 00:00:00,1
2010-03-16 00:00:00,2010-03-16 00:00:00,400,2010-03-16 00:00:00,400,400,1,1300,520000,2010-03-16 00:00:00,1
2010-03-30 00:00:00,2010-03-30 00:00:00,375,2010-03-30 00:00:00,375,375,1,4000,1500000,2010-03-30 00:00:00,1
2010-05-03 00:00:00,2010-05-03 00:00:00,400,2010-05-03 00:00:00,400,400,3,800,320000,2010-05-03 00:00:00,1
2010-05-04 00:00:00,2010-05-04 00:00:00,440,2010-05-04 00:00:00,400,440,11,1500,649500,2010-05-04 00:00:00,1
2010-05-05 00:00:00,2010-05-05 00:00:00,440,2010-05-05 00:00:00,440,440,1,100,44000,2010-05-05 00:00:00,1
2010-05-06 00:00:00,2010-05-06 00:00:00,440,2010-05-06 00:00:00,440,440,3,600,264000,2010-05-06 00:00:00,1
2010-05-14 00:00:00,2010-05-14 00:00:00,410,2010-05-14 00:00:00,410,410,1,100,41000,2010-05-14 00:00:00,1
2010-05-18 00:00:00,2010-05-18 00:00:00,415,2010-05-18 00:00:00,415,415,1,100,41500,2010-05-18 00:00:00,1
2010-05-20 00:00:00,2010-05-20 00:00:00,425,2010-05-20 00:00:00,415,417,2,500,208500,2010-05-20 00:00:00,1
2010-05-31 00:00:00,2010-05-31 00:00:00,400,2010-05-31 00:00:00,300,400,3,500,172325,2010-05-31 00:00:00,1
2010-06-11 00:00:00,2010-06-11 00:00:00,430,2010-06-11 00:00:00,400,415,2,400,166000,2010-06-11 00:00:00,1
2010-06-14 00:00:00,2010-06-14 00:00:00,350,2010-06-14 00:00:00,350,350,1,100,35000,2010-06-14 00:00:00,1
2010-06-28 00:00:00,2010-06-28 00:00:00,430,2010-06-28 00:00:00,400,400.25,3,20500,8203000,2010-06-28 00:00:00,1
2010-07-01 00:00:00,2010-07-01 00:00:00,400,2010-07-01 00:00:00,400,400,1,1000,400000,2010-07-01 00:00:00,1
2010-07-09 00:00:00,2010-07-09 00:00:00,399.75,2010-07-09 00:00:00,399.75,399.75,1,100,39975,2010-07-09 00:00:00,1
2010-07-13 00:00:00,2010-07-13 00:00:00,400,2010-07-13 00:00:00,399.5,399.75,3,1400,559550,2010-07-13 00:00:00,1
2010-07-21 00:00:00,2010-07-21 00:00:00,439.75,2010-07-21 00:00:00,439.75,439.75,1,100,43975,2010-07-21 00:00:00,1
2010-08-10 00:00:00,2010-08-10 00:00:00,450,2010-08-10 00:00:00,450,450,1,100,45000,2010-08-10 00:00:00,1
2010-08-13 00:00:00,2010-08-13 00:00:00,475,2010-08-13 00:00:00,470,472.5,2,200,94500,2010-08-13 00:00:00,1
2010-08-16 00:00:00,2010-08-16 00:00:00,519.7,2010-08-16 00:00:00,475,497.4,2,200,99470,2010-08-16 00:00:00,1
2010-08-17 00:00:00,2010-08-17 00:00:00,525,2010-08-17 00:00:00,500,504.4,8,1300,662010,2010-08-17 00:00:00,1
2010-08-18 00:00:00,2010-08-18 00:00:00,550,2010-08-18 00:00:00,510,550,4,400,215000,2010-08-18 00:00:00,1
2010-08-19 00:00:00,2010-08-19 00:00:00,600,2010-08-19 00:00:00,570,600,4,400,233000,2010-08-19 00:00:00,1
2010-08-20 00:00:00,2010-08-20 00:00:00,600,2010-08-20 00:00:00,600,600,2,700,420000,2010-08-20 00:00:00,1
2010-08-23 00:00:00,2010-08-23 00:00:00,650,2010-08-23 00:00:00,650,650,2,200,130000,2010-08-23 00:00:00,1
2010-08-25 00:00:00,2010-08-25 00:00:00,715,2010-08-25 00:00:00,710,712.5,5,1400,997500,2010-08-25 00:00:00,1
2010-09-02 00:00:00,2010-09-02 00:00:00,715,2010-09-02 00:00:00,715,715,1,6000,4290000,2010-09-02 00:00:00,1
2010-09-16 00:00:00,2010-09-16 00:00:00,700,2010-09-16 00:00:00,700,700,1,100,70000,2010-09-16 00:00:00,1
2010-09-17 00:00:00,2010-09-17 00:00:00,700,2010-09-17 00:00:00,700,700,1,100,70000,2010-09-17 00:00:00,1
2010-10-13 00:00:00,2010-10-13 00:00:00,600,2010-10-13 00:00:00,600,600,2,400,240000,2010-10-13 00:00:00,1
2010-10-14 00:00:00,2010-10-14 00:00:00,649,2010-10-14 00:00:00,600,600,4,1200,749000,2010-10-14 00:00:00,1
2010-10-18 00:00:00,2010-10-18 00:00:00,600,2010-10-18 00:00:00,599.9,599.9,2,400,239970,2010-10-18 00:00:00,1
2010-10-20 00:00:00,2010-10-20 00:00:00,590,2010-10-20 00:00:00,590,590,1,300,177000,2010-10-20 00:00:00,1
2010-10-26 00:00:00,2010-10-26 00:00:00,618,2010-10-26 00:00:00,618,618,1,300,185400,2010-10-26 00:00:00,1
2010-11-02 00:00:00,2010-11-02 00:00:00,600,2010-11-02 00:00:00,600,600,1,100,60000,2010-11-02 00:00:00,1
2010-11-03 00:00:00,2010-11-03 00:00:00,600,2010-11-03 00:00:00,600,600,1,200,120000,2010-11-03 00:00:00,1
2010-11-04 00:00:00,2010-11-04 00:00:00,500,2010-11-04 00:00:00,500,500,2,200,100000,2010-11-04 00:00:00,1
2010-11-16 00:00:00,2010-11-16 00:00:00,500,2010-11-16 00:00:00,500,500,1,100,50000,2010-11-16 00:00:00,1
2010-12-10 00:00:00,2010-12-10 00:00:00,480.1,2010-12-10 00:00:00,480.1,480.1,1,100,48010,2010-12-10 00:00:00,1
2010-12-27 00:00:00,2010-12-27 00:00:00,500,2010-12-27 00:00:00,499.5,499.6,6,1200,599750,2010-12-27 00:00:00,1
2010-12-30 00:00:00,2010-12-30 00:00:00,425,2010-12-30 00:00:00,425,425,1,400,170000,2010-12-30 00:00:00,1
Company Id :  JFIN,,Security Type :  N,,Sub Type :  0000,,,,,,
Short Name :  FINLAYS COLOMBO,,,,,,,,,,
Day,Date High,High,Date Low,Low,Closing,No. of Trades,No. of Shares,Turnover,Last Traded,Days Traded
2010-01-13 00:00:00,2010-01-13 00:00:00,220,2010-01-13 00:00:00,220,220,1,200,44000,2010-01-13 00:00:00,1
2010-01-15 00:00:00,2010-01-15 00:00:00,235,2010-01-15 00:00:00,225,227.5,4,400,92000,2010-01-15 00:00:00,1
2010-01-20 00:00:00,2010-01-20 00:00:00,235,2010-01-20 00:00:00,235,235,1,100,23500,2010-01-20 00:00:00,1
2010-02-05 00:00:00,2010-02-05 00:00:00,235,2010-02-05 00:00:00,234.75,235,2,1100,258475,2010-02-05 00:00:00,1
2010-02-08 00:00:00,2010-02-08 00:00:00,250,2010-02-08 00:00:00,245,250,4,700,173000,2010-02-08 00:00:00,1
2010-02-12 00:00:00,2010-02-12 00:00:00,250,2010-02-12 00:00:00,230,246.5,3,600,147900,2010-02-12 00:00:00,1
2010-03-02 00:00:00,2010-03-02 00:00:00,255,2010-03-02 00:00:00,250,255,5,700,177000,2010-03-02 00:00:00,1
2010-04-12 00:00:00,2010-04-12 00:00:00,255,2010-04-12 00:00:00,150,211.25,15,2346700,352168100,2010-04-12 00:00:00,1
2010-04-15 00:00:00,2010-04-15 00:00:00,210,2010-04-15 00:00:00,210,210,1,1000,210000,2010-04-15 00:00:00,1
2010-04-22 00:00:00,2010-04-22 00:00:00,220.25,2010-04-22 00:00:00,220.25,220.25,1,100,22025,2010-04-22 00:00:00,1
2010-04-27 00:00:00,2010-04-27 00:00:00,221,2010-04-27 00:00:00,220.25,220.25,18,2600,572875,2010-04-27 00:00:00,1
2010-04-29 00:00:00,2010-04-29 00:00:00,220.25,2010-04-29 00:00:00,220.25,220.25,1,100,22025,2010-04-29 00:00:00,1
2010-04-30 00:00:00,2010-04-30 00:00:00,235,2010-04-30 00:00:00,220.25,226.75,4,900,204075,2010-04-30 00:00:00,1
2010-05-03 00:00:00,2010-05-03 00:00:00,240,2010-05-03 00:00:00,240,240,1,500,120000,2010-05-03 00:00:00,1
2010-05-05 00:00:00,2010-05-05 00:00:00,200,2010-05-05 00:00:00,140,195.5,94,712600,100941675,2010-05-05 00:00:00,1
2010-05-06 00:00:00,2010-05-06 00:00:00,195,2010-05-06 00:00:00,190,190.25,16,2900,556150,2010-05-06 00:00:00,1
2010-05-07 00:00:00,2010-05-07 00:00:00,195,2010-05-07 00:00:00,190,194.75,9,63600,12384225,2010-05-07 00:00:00,1
2010-05-10 00:00:00,2010-05-10 00:00:00,195,2010-05-10 00:00:00,187,188.75,9,35600,6938900,2010-05-10 00:00:00,1
2010-05-11 00:00:00,2010-05-11 00:00:00,190,2010-05-11 00:00:00,187,190,4,800,151700,2010-05-11 00:00:00,1
2010-05-12 00:00:00,2010-05-12 00:00:00,190,2010-05-12 00:00:00,189,189,4,400,75700,2010-05-12 00:00:00,1
2010-05-13 00:00:00,2010-05-13 00:00:00,187.5,2010-05-13 00:00:00,186,186.25,5,700,130525,2010-05-13 00:00:00,1
2010-05-14 00:00:00,2010-05-14 00:00:00,200.5,2010-05-14 00:00:00,190,190,12,5100,975250,2010-05-14 00:00:00,1
2010-05-17 00:00:00,2010-05-17 00:00:00,187.5,2010-05-17 00:00:00,185,185,17,3700,684750,2010-05-17 00:00:00,1
2010-05-19 00:00:00,2010-05-19 00:00:00,185,2010-05-19 00:00:00,185,185,1,100,18500,2010-05-19 00:00:00,1
2010-05-20 00:00:00,2010-05-20 00:00:00,225,2010-05-20 00:00:00,195,220,2,600,132000,2010-05-20 00:00:00,1
2010-05-25 00:00:00,2010-05-25 00:00:00,200,2010-05-25 00:00:00,193,198,7,1400,276050,2010-05-25 00:00:00,1
2010-05-31 00:00:00,2010-05-31 00:00:00,198,2010-05-31 00:00:00,198,198,1,100,19800,2010-05-31 00:00:00,1
2010-06-02 00:00:00,2010-06-02 00:00:00,205,2010-06-02 00:00:00,204.75,205,2,200,40975,2010-06-02 00:00:00,1
2010-06-03 00:00:00,2010-06-03 00:00:00,204.5,2010-06-03 00:00:00,195,200,4,600,119950,2010-06-03 00:00:00,1
2010-06-04 00:00:00,2010-06-04 00:00:00,205.5,2010-06-04 00:00:00,195,202.5,4,700,141750,2010-06-04 00:00:00,1
2010-06-07 00:00:00,2010-06-07 00:00:00,210,2010-06-07 00:00:00,205,207.5,5,600,124550,2010-06-07 00:00:00,1
2010-06-09 00:00:00,2010-06-09 00:00:00,209.25,2010-06-09 00:00:00,209.25,209.25,1,400,83700,2010-06-09 00:00:00,1
2010-06-11 00:00:00,2010-06-11 00:00:00,214.75,2010-06-11 00:00:00,197,207,12,2100,434575,2010-06-11 00:00:00,1
2010-06-14 00:00:00,2010-06-14 00:00:00,207,2010-06-14 00:00:00,207,207,1,100,20700,2010-06-14 00:00:00,1
2010-06-15 00:00:00,2010-06-15 00:00:00,196,2010-06-15 00:00:00,195.25,195.5,2,300,58650,2010-06-15 00:00:00,1
2010-06-21 00:00:00,2010-06-21 00:00:00,207.75,2010-06-21 00:00:00,196,196,4,400,79575,2010-06-21 00:00:00,1
2010-06-23 00:00:00,2010-06-23 00:00:00,195.75,2010-06-23 00:00:00,195.75,195.75,1,100,19575,2010-06-23 00:00:00,1
2010-07-06 00:00:00,2010-07-06 00:00:00,195.75,2010-07-06 00:00:00,190,190,5,1300,253325,2010-07-06 00:00:00,1
2010-07-07 00:00:00,2010-07-07 00:00:00,190.25,2010-07-07 00:00:00,190,190.25,3,600,114100,2010-07-07 00:00:00,1
2010-07-09 00:00:00,2010-07-09 00:00:00,190,2010-07-09 00:00:00,190,190,1,100,19000,2010-07-09 00:00:00,1
2010-07-12 00:00:00,2010-07-12 00:00:00,184.5,2010-07-12 00:00:00,150,176,9,1020500,153115150,2010-07-12 00:00:00,1
2010-07-16 00:00:00,2010-07-16 00:00:00,176,2010-07-16 00:00:00,150,150,38,2719200,407973225,2010-07-16 00:00:00,1
2010-07-19 00:00:00,2010-07-19 00:00:00,174.75,2010-07-19 00:00:00,165,165,74,15300,2525825,2010-07-19 00:00:00,1
2010-07-20 00:00:00,2010-07-20 00:00:00,170,2010-07-20 00:00:00,167,170,5,900,152250,2010-07-20 00:00:00,1
2010-07-21 00:00:00,2010-07-21 00:00:00,175,2010-07-21 00:00:00,173.75,175,8,1800,314625,2010-07-21 00:00:00,1
2010-07-22 00:00:00,2010-07-22 00:00:00,180,2010-07-22 00:00:00,170,178.5,5,1000,178800,2010-07-22 00:00:00,1
2010-07-23 00:00:00,2010-07-23 00:00:00,190,2010-07-23 00:00:00,180,185.75,10,1800,333975,2010-07-23 00:00:00,1
2010-07-26 00:00:00,2010-07-26 00:00:00,182,2010-07-26 00:00:00,182,182,1,100,18200,2010-07-26 00:00:00,1
2010-07-27 00:00:00,2010-07-27 00:00:00,189,2010-07-27 00:00:00,183.25,185.25,4,900,165500,2010-07-27 00:00:00,1
2010-07-28 00:00:00,2010-07-28 00:00:00,188,2010-07-28 00:00:00,188,188,1,100,18800,2010-07-28 00:00:00,1
2010-07-29 00:00:00,2010-07-29 00:00:00,190,2010-07-29 00:00:00,183.25,183.25,6,2600,484150,2010-07-29 00:00:00,1
2010-07-30 00:00:00,2010-07-30 00:00:00,189.75,2010-07-30 00:00:00,189.75,189.75,1,500,94875,2010-07-30 00:00:00,1
2010-08-02 00:00:00,2010-08-02 00:00:00,190,2010-08-02 00:00:00,190,190,3,600,114000,2010-08-02 00:00:00,1
2010-08-03 00:00:00,2010-08-03 00:00:00,185,2010-08-03 00:00:00,185,185,1,100,18500,2010-08-03 00:00:00,1
2010-08-04 00:00:00,2010-08-04 00:00:00,189.9,2010-08-04 00:00:00,189.9,189.9,1,100,18990,2010-08-04 00:00:00,1
2010-08-13 00:00:00,2010-08-13 00:00:00,200,2010-08-13 00:00:00,185,197.3,13,6100,1203440,2010-08-13 00:00:00,1
2010-08-16 00:00:00,2010-08-16 00:00:00,200,2010-08-16 00:00:00,200,200,2,2200,440000,2010-08-16 00:00:00,1
2010-08-17 00:00:00,2010-08-17 00:00:00,205,2010-08-17 00:00:00,200,203.4,22,15900,3231180,2010-08-17 00:00:00,1
2010-08-18 00:00:00,2010-08-18 00:00:00,220,2010-08-18 00:00:00,190,213.4,20,6100,1272470,2010-08-18 00:00:00,1
2010-08-19 00:00:00,2010-08-19 00:00:00,234.7,2010-08-19 00:00:00,220,234.7,23,4300,1004100,2010-08-19 00:00:00,1
2010-08-20 00:00:00,2010-08-20 00:00:00,235,2010-08-20 00:00:00,235,235,1,500,117500,2010-08-20 00:00:00,1
2010-08-23 00:00:00,2010-08-23 00:00:00,239,2010-08-23 00:00:00,230,238.2,10,1700,401690,2010-08-23 00:00:00,1
2010-08-31 00:00:00,2010-08-31 00:00:00,232.5,2010-08-31 00:00:00,232.5,232.5,2,200,46500,2010-08-31 00:00:00,1
2010-09-02 00:00:00,2010-09-02 00:00:00,243.9,2010-09-02 00:00:00,220.1,236.3,20,6600,1551750,2010-09-02 00:00:00,1
2010-09-03 00:00:00,2010-09-03 00:00:00,240,2010-09-03 00:00:00,240,240,3,700,168000,2010-09-03 00:00:00,1
2010-09-08 00:00:00,2010-09-08 00:00:00,240,2010-09-08 00:00:00,237,239.8,16,18500,4436600,2010-09-08 00:00:00,1
2010-09-09 00:00:00,2010-09-09 00:00:00,245,2010-09-09 00:00:00,240,240.9,4,3300,795000,2010-09-09 00:00:00,1
2010-09-14 00:00:00,2010-09-14 00:00:00,245,2010-09-14 00:00:00,245,245,1,1000,245000,2010-09-14 00:00:00,1
2010-09-17 00:00:00,2010-09-17 00:00:00,255,2010-09-17 00:00:00,238,239.3,13,1700,416980,2010-09-17 00:00:00,1
2010-09-20 00:00:00,2010-09-20 00:00:00,245,2010-09-20 00:00:00,245,245,1,500,122500,2010-09-20 00:00:00,1
2010-09-21 00:00:00,2010-09-21 00:00:00,235,2010-09-21 00:00:00,181.1,183.4,4,2300,421920,2010-09-21 00:00:00,1
2010-09-23 00:00:00,2010-09-23 00:00:00,239,2010-09-23 00:00:00,239,239,1,100,23900,2010-09-23 00:00:00,1
2010-09-27 00:00:00,2010-09-27 00:00:00,229.5,2010-09-27 00:00:00,210,229.3,4,600,129850,2010-09-27 00:00:00,1
2010-09-29 00:00:00,2010-09-29 00:00:00,228.5,2010-09-29 00:00:00,228.5,228.5,1,100,22850,2010-09-29 00:00:00,1
2010-10-01 00:00:00,2010-10-01 00:00:00,230,2010-10-01 00:00:00,228.5,229.1,5,1900,436500,2010-10-01 00:00:00,1
2010-10-07 00:00:00,2010-10-07 00:00:00,207,2010-10-07 00:00:00,190,207,10,1900,368350,2010-10-07 00:00:00,1
2010-10-08 00:00:00,2010-10-08 00:00:00,220,2010-10-08 00:00:00,205,220,5,1000,212500,2010-10-08 00:00:00,1
2010-10-12 00:00:00,2010-10-12 00:00:00,195,2010-10-12 00:00:00,190,191.3,2,400,76500,2010-10-12 00:00:00,1
2010-10-13 00:00:00,2010-10-13 00:00:00,200,2010-10-13 00:00:00,200,200,1,500,100000,2010-10-13 00:00:00,1
2010-10-15 00:00:00,2010-10-15 00:00:00,200,2010-10-15 00:00:00,200,200,2,200,40000,2010-10-15 00:00:00,1
2010-10-19 00:00:00,2010-10-19 00:00:00,212,2010-10-19 00:00:00,200,203.6,4,1000,203600,2010-10-19 00:00:00,1
2010-10-21 00:00:00,2010-10-21 00:00:00,225,2010-10-21 00:00:00,195,218,11,1400,310000,2010-10-21 00:00:00,1
2010-10-25 00:00:00,2010-10-25 00:00:00,220,2010-10-25 00:00:00,220,220,1,100,22000,2010-10-25 00:00:00,1
2010-10-28 00:00:00,2010-10-28 00:00:00,225,2010-10-28 00:00:00,195,211,5,500,105500,2010-10-28 00:00:00,1
2010-10-29 00:00:00,2010-10-29 00:00:00,230,2010-10-29 00:00:00,230,230,1,200,46000,2010-10-29 00:00:00,1
2010-11-02 00:00:00,2010-11-02 00:00:00,223,2010-11-02 00:00:00,223,223,1,100,22300,2010-11-02 00:00:00,1
2010-11-04 00:00:00,2010-11-04 00:00:00,221,2010-11-04 00:00:00,196,221,4,500,105350,2010-11-04 00:00:00,1
2010-11-10 00:00:00,2010-11-10 00:00:00,196,2010-11-10 00:00:00,194,195,4,1600,312600,2010-11-10 00:00:00,1
2010-11-11 00:00:00,2010-11-11 00:00:00,194,2010-11-11 00:00:00,193.5,193.8,2,200,38750,2010-11-11 00:00:00,1
2010-11-12 00:00:00,2010-11-12 00:00:00,192.1,2010-11-12 00:00:00,191,191.7,3,300,57510,2010-11-12 00:00:00,1
2010-11-18 00:00:00,2010-11-18 00:00:00,205,2010-11-18 00:00:00,200,204.7,6,1500,307000,2010-11-18 00:00:00,1
2010-11-24 00:00:00,2010-11-24 00:00:00,195,2010-11-24 00:00:00,189,191.9,6,1100,210820,2010-11-24 00:00:00,1
2010-11-29 00:00:00,2010-11-29 00:00:00,187,2010-11-29 00:00:00,187,187,1,200,37400,2010-11-29 00:00:00,1
2010-12-01 00:00:00,2010-12-01 00:00:00,210,2010-12-01 00:00:00,150,210,8,100900,15212630,2010-12-01 00:00:00,1
2010-12-02 00:00:00,2010-12-02 00:00:00,209.5,2010-12-02 00:00:00,209,209.1,4,1200,250900,2010-12-02 00:00:00,1
2010-12-10 00:00:00,2010-12-10 00:00:00,190,2010-12-10 00:00:00,190,190,1,100,19000,2010-12-10 00:00:00,1
2010-12-22 00:00:00,2010-12-22 00:00:00,186,2010-12-22 00:00:00,186,186,2,200,37200,2010-12-22 00:00:00,1
2010-12-23 00:00:00,2010-12-23 00:00:00,186,2010-12-23 00:00:00,175,175,3,1000,180400,2010-12-23 00:00:00,1
2010-12-29 00:00:00,2010-12-29 00:00:00,190,2010-12-29 00:00:00,190,190,1,200,38000,2010-12-29 00:00:00,1
Company Id :  JINS,,Security Type :  N,,Sub Type :  0000,,,,,,
Short Name :  JANASHAKTHI INS.,,,,,,,,,,
Day,Date High,High,Date Low,Low,Closing,No. of Trades,No. of Shares,Turnover,Last Traded,Days Traded
2010-01-04 00:00:00,2010-01-04 00:00:00,10.25,2010-01-04 00:00:00,9.75,10,93,421300,4213575,2010-01-04 00:00:00,1
2010-01-05 00:00:00,2010-01-05 00:00:00,10,2010-01-05 00:00:00,9.75,9.75,52,162700,1598650,2010-01-05 00:00:00,1
2010-01-06 00:00:00,2010-01-06 00:00:00,10,2010-01-06 00:00:00,9.75,9.75,25,84700,829250,2010-01-06 00:00:00,1
2010-01-07 00:00:00,2010-01-07 00:00:00,10,2010-01-07 00:00:00,9.75,10,88,415800,4128250,2010-01-07 00:00:00,1
2010-01-08 00:00:00,2010-01-08 00:00:00,10.25,2010-01-08 00:00:00,9.75,10,68,318000,3179100,2010-01-08 00:00:00,1
2010-01-11 00:00:00,2010-01-11 00:00:00,10.75,2010-01-11 00:00:00,10,10.75,294,1095600,11626650,2010-01-11 00:00:00,1
2010-01-12 00:00:00,2010-01-12 00:00:00,10.75,2010-01-12 00:00:00,10.25,10.25,72,132200,1375850,2010-01-12 00:00:00,1
2010-01-13 00:00:00,2010-01-13 00:00:00,10.25,2010-01-13 00:00:00,10,10,63,191100,1923250,2010-01-13 00:00:00,1
2010-01-15 00:00:00,2010-01-15 00:00:00,10.5,2010-01-15 00:00:00,10.25,10.25,70,703200,7209325,2010-01-15 00:00:00,1
2010-01-18 00:00:00,2010-01-18 00:00:00,10.5,2010-01-18 00:00:00,10,10,33,70200,711625,2010-01-18 00:00:00,1
2010-01-19 00:00:00,2010-01-19 00:00:00,10,2010-01-19 00:00:00,9.75,10,50,272300,2720250,2010-01-19 00:00:00,1
2010-01-20 00:00:00,2010-01-20 00:00:00,10,2010-01-20 00:00:00,9.75,10,28,137400,1373975,2010-01-20 00:00:00,1
2010-01-21 00:00:00,2010-01-21 00:00:00,10.5,2010-01-21 00:00:00,10,10.25,108,290700,3008550,2010-01-21 00:00:00,1
2010-01-22 00:00:00,2010-01-22 00:00:00,10.75,2010-01-22 00:00:00,10,10.25,134,497600,5178225,2010-01-22 00:00:00,1
2010-01-25 00:00:00,2010-01-25 00:00:00,10.5,2010-01-25 00:00:00,10,10,104,467900,4705700,2010-01-25 00:00:00,1
2010-01-26 00:00:00,2010-01-26 00:00:00,10.25,2010-01-26 00:00:00,10,10.25,61,227000,2326500,2010-01-26 00:00:00,1
2010-01-28 00:00:00,2010-01-28 00:00:00,10.25,2010-01-28 00:00:00,9.75,10,174,775800,7748800,2010-01-28 00:00:00,1
2010-02-01 00:00:00,2010-02-01 00:00:00,10.75,2010-02-01 00:00:00,10.25,10.5,171,642600,6717075,2010-02-01 00:00:00,1
2010-02-02 00:00:00,2010-02-02 00:00:00,10.5,2010-02-02 00:00:00,10.25,10.5,59,267200,2803175,2010-02-02 00:00:00,1
2010-02-03 00:00:00,2010-02-03 00:00:00,10.5,2010-02-03 00:00:00,10.25,10.5,75,560100,5759025,2010-02-03 00:00:00,1
2010-02-05 00:00:00,2010-02-05 00:00:00,10.5,2010-02-05 00:00:00,10.25,10.25,34,43700,448000,2010-02-05 00:00:00,1
2010-02-08 00:00:00,2010-02-08 00:00:00,11.5,2010-02-08 00:00:00,10.25,11.25,402,1666700,18376550,2010-02-08 00:00:00,1
2010-02-09 00:00:00,2010-02-09 00:00:00,11,2010-02-09 00:00:00,10.75,11,117,378400,4115575,2010-02-09 00:00:00,1
2010-02-10 00:00:00,2010-02-10 00:00:00,11.75,2010-02-10 00:00:00,11,11.25,272,1441500,16289975,2010-02-10 00:00:00,1
2010-02-11 00:00:00,2010-02-11 00:00:00,11.5,2010-02-11 00:00:00,10.75,10.75,104,372500,4116275,2010-02-11 00:00:00,1
2010-02-12 00:00:00,2010-02-12 00:00:00,11,2010-02-12 00:00:00,10.5,10.75,54,243700,2593325,2010-02-12 00:00:00,1
2010-02-15 00:00:00,2010-02-15 00:00:00,11.5,2010-02-15 00:00:00,11,11.25,139,369300,4119325,2010-02-15 00:00:00,1
2010-02-16 00:00:00,2010-02-16 00:00:00,11.5,2010-02-16 00:00:00,10.75,11,73,403200,4474575,2010-02-16 00:00:00,1
2010-02-17 00:00:00,2010-02-17 00:00:00,11.25,2010-02-17 00:00:00,10.75,11,69,219600,2415575,2010-02-17 00:00:00,1
2010-02-18 00:00:00,2010-02-18 00:00:00,11.25,2010-02-18 00:00:00,11,11,60,271900,2991575,2010-02-18 00:00:00,1
2010-02-19 00:00:00,2010-02-19 00:00:00,11.25,2010-02-19 00:00:00,10.75,11,53,133400,1467650,2010-02-19 00:00:00,1
2010-02-22 00:00:00,2010-02-22 00:00:00,11.5,2010-02-22 00:00:00,11,11.25,67,392300,4412850,2010-02-22 00:00:00,1
2010-02-23 00:00:00,2010-02-23 00:00:00,12.5,2010-02-23 00:00:00,11.5,12.25,581,3414200,41090350,2010-02-23 00:00:00,1
2010-02-24 00:00:00,2010-02-24 00:00:00,12.75,2010-02-24 00:00:00,12.25,12.75,486,2272200,28600250,2010-02-24 00:00:00,1
2010-02-25 00:00:00,2010-02-25 00:00:00,13,2010-02-25 00:00:00,12,12.25,82,355900,4389275,2010-02-25 00:00:00,1
2010-02-26 00:00:00,2010-02-26 00:00:00,12.25,2010-02-26 00:00:00,12.25,12.25,55,219200,2685200,2010-02-26 00:00:00,1
2010-03-01 00:00:00,2010-03-01 00:00:00,12.75,2010-03-01 00:00:00,12.25,12.5,203,922100,11546175,2010-03-01 00:00:00,1
2010-03-02 00:00:00,2010-03-02 00:00:00,13,2010-03-02 00:00:00,12.25,12.25,154,477600,5993550,2010-03-02 00:00:00,1
2010-03-03 00:00:00,2010-03-03 00:00:00,13,2010-03-03 00:00:00,12.25,12.75,368,2022600,25649775,2010-03-03 00:00:00,1
2010-03-04 00:00:00,2010-03-04 00:00:00,13.5,2010-03-04 00:00:00,12.75,13,375,2420500,31806650,2010-03-04 00:00:00,1
2010-03-05 00:00:00,2010-03-05 00:00:00,13.25,2010-03-05 00:00:00,12.75,13,128,643600,8367425,2010-03-05 00:00:00,1
2010-03-08 00:00:00,2010-03-08 00:00:00,13.25,2010-03-08 00:00:00,12.75,13,91,309600,4062000,2010-03-08 00:00:00,1
2010-03-09 00:00:00,2010-03-09 00:00:00,13,2010-03-09 00:00:00,12.5,12.75,68,211600,2690125,2010-03-09 00:00:00,1
2010-03-10 00:00:00,2010-03-10 00:00:00,13,2010-03-10 00:00:00,12.75,13,112,835100,10739725,2010-03-10 00:00:00,1
2010-03-11 00:00:00,2010-03-11 00:00:00,14.25,2010-03-11 00:00:00,13,14,393,3761400,51551275,2010-03-11 00:00:00,1
2010-03-12 00:00:00,2010-03-12 00:00:00,15.25,2010-03-12 00:00:00,14.25,15,769,5496600,80422850,2010-03-12 00:00:00,1
2010-03-15 00:00:00,2010-03-15 00:00:00,16,2010-03-15 00:00:00,15,15,563,2413300,37103650,2010-03-15 00:00:00,1
2010-03-16 00:00:00,2010-03-16 00:00:00,15,2010-03-16 00:00:00,14.5,14.5,163,359100,5269275,2010-03-16 00:00:00,1
2010-03-17 00:00:00,2010-03-17 00:00:00,15.25,2010-03-17 00:00:00,14.75,15,145,1265400,18942125,2010-03-17 00:00:00,1
2010-03-18 00:00:00,2010-03-18 00:00:00,15,2010-03-18 00:00:00,14.25,14.5,117,428200,6303650,2010-03-18 00:00:00,1
2010-03-19 00:00:00,2010-03-19 00:00:00,14.5,2010-03-19 00:00:00,14.25,14.25,80,239000,3433925,2010-03-19 00:00:00,1
2010-03-22 00:00:00,2010-03-22 00:00:00,14.5,2010-03-22 00:00:00,13.75,13.75,111,134000,1865325,2010-03-22 00:00:00,1
2010-03-23 00:00:00,2010-03-23 00:00:00,14.25,2010-03-23 00:00:00,13.5,13.5,100,237300,3220150,2010-03-23 00:00:00,1
2010-03-24 00:00:00,2010-03-24 00:00:00,13.75,2010-03-24 00:00:00,13.25,13.5,68,137500,1855925,2010-03-24 00:00:00,1
2010-03-25 00:00:00,2010-03-25 00:00:00,14.5,2010-03-25 00:00:00,13.5,14,231,951000,13356325,2010-03-25 00:00:00,1
2010-03-26 00:00:00,2010-03-26 00:00:00,14.5,2010-03-26 00:00:00,14.25,14.25,128,507700,7324025,2010-03-26 00:00:00,1
2010-03-30 00:00:00,2010-03-30 00:00:00,14.75,2010-03-30 00:00:00,14,14.25,220,1006500,14635950,2010-03-30 00:00:00,1
2010-03-31 00:00:00,2010-03-31 00:00:00,14.5,2010-03-31 00:00:00,14,14,139,455600,6425700,2010-03-31 00:00:00,1
2010-04-01 00:00:00,2010-04-01 00:00:00,14.5,2010-04-01 00:00:00,14.25,14.25,150,807700,11572900,2010-04-01 00:00:00,1
2010-04-05 00:00:00,2010-04-05 00:00:00,14.75,2010-04-05 00:00:00,14.25,14.5,58,107300,1551100,2010-04-05 00:00:00,1
2010-04-06 00:00:00,2010-04-06 00:00:00,15,2010-04-06 00:00:00,14.5,14.75,139,431400,6401850,2010-04-06 00:00:00,1
2010-04-07 00:00:00,2010-04-07 00:00:00,15.25,2010-04-07 00:00:00,14.75,15,259,1603500,24014350,2010-04-07 00:00:00,1
2010-04-08 00:00:00,2010-04-08 00:00:00,14.75,2010-04-08 00:00:00,14,14.25,131,450600,6532100,2010-04-08 00:00:00,1
2010-04-12 00:00:00,2010-04-12 00:00:00,14.5,2010-04-12 00:00:00,14,14.25,77,203500,2921950,2010-04-12 00:00:00,1
2010-04-15 00:00:00,2010-04-15 00:00:00,14,2010-04-15 00:00:00,13.75,13.75,94,393600,5499175,2010-04-15 00:00:00,1
2010-04-16 00:00:00,2010-04-16 00:00:00,14,2010-04-16 00:00:00,13.75,14,93,340900,4771450,2010-04-16 00:00:00,1
2010-04-19 00:00:00,2010-04-19 00:00:00,14.25,2010-04-19 00:00:00,13.75,14,60,240900,3368375,2010-04-19 00:00:00,1
2010-04-20 00:00:00,2010-04-20 00:00:00,14,2010-04-20 00:00:00,13.75,13.75,82,258600,3604550,2010-04-20 00:00:00,1
2010-04-21 00:00:00,2010-04-21 00:00:00,14,2010-04-21 00:00:00,13.75,13.75,64,190100,2641250,2010-04-21 00:00:00,1
2010-04-22 00:00:00,2010-04-22 00:00:00,14,2010-04-22 00:00:00,13.75,13.75,64,278600,3896500,2010-04-22 00:00:00,1
2010-04-23 00:00:00,2010-04-23 00:00:00,14.25,2010-04-23 00:00:00,13.75,14,134,1497100,20973175,2010-04-23 00:00:00,1
2010-04-26 00:00:00,2010-04-26 00:00:00,14.25,2010-04-26 00:00:00,14,14,85,534100,7480025,2010-04-26 00:00:00,1
2010-04-27 00:00:00,2010-04-27 00:00:00,14.25,2010-04-27 00:00:00,13.75,14,109,1462900,20480200,2010-04-27 00:00:00,1
2010-04-29 00:00:00,2010-04-29 00:00:00,14,2010-04-29 00:00:00,13.75,14,89,3791500,53077250,2010-04-29 00:00:00,1
2010-04-30 00:00:00,2010-04-30 00:00:00,14.5,2010-04-30 00:00:00,13.75,14.25,364,14865500,208427700,2010-04-30 00:00:00,1
2010-05-03 00:00:00,2010-05-03 00:00:00,15,2010-05-03 00:00:00,14.25,14.25,769,23935800,337904125,2010-05-03 00:00:00,1
2010-05-04 00:00:00,2010-05-04 00:00:00,14.25,2010-05-04 00:00:00,14.25,14.25,119,337900,4815075,2010-05-04 00:00:00,1
2010-05-05 00:00:00,2010-05-05 00:00:00,14.75,2010-05-05 00:00:00,14.25,14.5,198,2088000,30279125,2010-05-05 00:00:00,1
2010-05-06 00:00:00,2010-05-06 00:00:00,14.75,2010-05-06 00:00:00,14.25,14.5,207,1724500,24980700,2010-05-06 00:00:00,1
2010-05-07 00:00:00,2010-05-07 00:00:00,14.75,2010-05-07 00:00:00,14.25,14.25,92,470200,6776125,2010-05-07 00:00:00,1
2010-05-10 00:00:00,2010-05-10 00:00:00,14.5,2010-05-10 00:00:00,14.25,14.5,90,243400,3514100,2010-05-10 00:00:00,1
2010-05-11 00:00:00,2010-05-11 00:00:00,14.5,2010-05-11 00:00:00,14,14,155,813000,11540125,2010-05-11 00:00:00,1
2010-05-12 00:00:00,2010-05-12 00:00:00,14.5,2010-05-12 00:00:00,14,14,87,188800,2654450,2010-05-12 00:00:00,1
2010-05-13 00:00:00,2010-05-13 00:00:00,14.25,2010-05-13 00:00:00,14,14,69,241200,3403925,2010-05-13 00:00:00,1
2010-05-14 00:00:00,2010-05-14 00:00:00,14.25,2010-05-14 00:00:00,13.75,14,80,249500,3492875,2010-05-14 00:00:00,1
2010-05-17 00:00:00,2010-05-17 00:00:00,14,2010-05-17 00:00:00,13.75,13.75,58,242800,3397200,2010-05-17 00:00:00,1
2010-05-18 00:00:00,2010-05-18 00:00:00,14,2010-05-18 00:00:00,13.75,14,26,34400,480275,2010-05-18 00:00:00,1
2010-05-19 00:00:00,2010-05-19 00:00:00,14,2010-05-19 00:00:00,13.75,14,78,11738200,164310250,2010-05-19 00:00:00,1
2010-05-20 00:00:00,2010-05-20 00:00:00,14,2010-05-20 00:00:00,13.75,13.75,71,174300,2430925,2010-05-20 00:00:00,1
2010-05-21 00:00:00,2010-05-21 00:00:00,14,2010-05-21 00:00:00,13.75,14,23,50900,705050,2010-05-21 00:00:00,1
2010-05-24 00:00:00,2010-05-24 00:00:00,14,2010-05-24 00:00:00,13.5,13.75,81,138600,1902925,2010-05-24 00:00:00,1
2010-05-25 00:00:00,2010-05-25 00:00:00,13.75,2010-05-25 00:00:00,13.5,13.5,49,1660800,23188725,2010-05-25 00:00:00,1
2010-05-26 00:00:00,2010-05-26 00:00:00,13.75,2010-05-26 00:00:00,13.5,13.5,44,99500,1359075,2010-05-26 00:00:00,1
2010-05-31 00:00:00,2010-05-31 00:00:00,13.75,2010-05-31 00:00:00,13.5,13.5,119,402700,5445950,2010-05-31 00:00:00,1
2010-06-01 00:00:00,2010-06-01 00:00:00,13.75,2010-06-01 00:00:00,13.25,13.5,49,89600,1209225,2010-06-01 00:00:00,1
2010-06-02 00:00:00,2010-06-02 00:00:00,14,2010-06-02 00:00:00,13.5,14,91,1116900,15582775,2010-06-02 00:00:00,1
2010-06-03 00:00:00,2010-06-03 00:00:00,14,2010-06-03 00:00:00,13.75,14,88,561800,7864175,2010-06-03 00:00:00,1
2010-06-04 00:00:00,2010-06-04 00:00:00,14.25,2010-06-04 00:00:00,13.75,14,89,430100,6008325,2010-06-04 00:00:00,1
2010-06-07 00:00:00,2010-06-07 00:00:00,14.25,2010-06-07 00:00:00,13.75,14.25,90,658800,9304775,2010-06-07 00:00:00,1
2010-06-08 00:00:00,2010-06-08 00:00:00,15,2010-06-08 00:00:00,14,14.75,362,2532400,36903950,2010-06-08 00:00:00,1
2010-06-09 00:00:00,2010-06-09 00:00:00,15.75,2010-06-09 00:00:00,15,15.5,907,6663600,101495900,2010-06-09 00:00:00,1
2010-06-10 00:00:00,2010-06-10 00:00:00,16,2010-06-10 00:00:00,15,15,404,3036500,46553100,2010-06-10 00:00:00,1
2010-06-11 00:00:00,2010-06-11 00:00:00,15.25,2010-06-11 00:00:00,14.5,14.75,147,393600,5822300,2010-06-11 00:00:00,1
2010-06-14 00:00:00,2010-06-14 00:00:00,15,2010-06-14 00:00:00,14.75,14.75,87,270900,4021425,2010-06-14 00:00:00,1
2010-06-15 00:00:00,2010-06-15 00:00:00,15.75,2010-06-15 00:00:00,14.75,15.5,535,6305300,97570675,2010-06-15 00:00:00,1
2010-06-16 00:00:00,2010-06-16 00:00:00,16.25,2010-06-16 00:00:00,15.25,16,505,3805100,60381000,2010-06-16 00:00:00,1
2010-06-17 00:00:00,2010-06-17 00:00:00,16,2010-06-17 00:00:00,15.5,15.75,141,427200,6739950,2010-06-17 00:00:00,1
2010-06-21 00:00:00,2010-06-21 00:00:00,16,2010-06-21 00:00:00,15.25,15.5,202,820400,12946050,2010-06-21 00:00:00,1
2010-06-22 00:00:00,2010-06-22 00:00:00,15.5,2010-06-22 00:00:00,15,15,171,1463800,22006225,2010-06-22 00:00:00,1
2010-06-23 00:00:00,2010-06-23 00:00:00,15.5,2010-06-23 00:00:00,15,15,131,376300,5663400,2010-06-23 00:00:00,1
2010-06-24 00:00:00,2010-06-24 00:00:00,15.25,2010-06-24 00:00:00,14.75,15,109,345200,5174975,2010-06-24 00:00:00,1
2010-06-28 00:00:00,2010-06-28 00:00:00,15.25,2010-06-28 00:00:00,14.75,15,88,257200,3857825,2010-06-28 00:00:00,1
2010-06-29 00:00:00,2010-06-29 00:00:00,15.25,2010-06-29 00:00:00,14.75,15,83,856700,12848850,2010-06-29 00:00:00,1
2010-06-30 00:00:00,2010-06-30 00:00:00,15.25,2010-06-30 00:00:00,14.75,15,124,1170300,17600400,2010-06-30 00:00:00,1
2010-07-01 00:00:00,2010-07-01 00:00:00,15.25,2010-07-01 00:00:00,14.75,15,94,1167800,17580450,2010-07-01 00:00:00,1
2010-07-02 00:00:00,2010-07-02 00:00:00,15.25,2010-07-02 00:00:00,14.75,15,99,577000,8578650,2010-07-02 00:00:00,1
2010-07-05 00:00:00,2010-07-05 00:00:00,15,2010-07-05 00:00:00,14.75,14.75,77,521100,7802175,2010-07-05 00:00:00,1
2010-07-06 00:00:00,2010-07-06 00:00:00,15.75,2010-07-06 00:00:00,14.75,15.25,250,17052500,256605475,2010-07-06 00:00:00,1
2010-07-07 00:00:00,2010-07-07 00:00:00,15.25,2010-07-07 00:00:00,14.75,14.75,128,862000,12823375,2010-07-07 00:00:00,1
2010-07-08 00:00:00,2010-07-08 00:00:00,15.25,2010-07-08 00:00:00,14.75,15.25,101,481400,7274350,2010-07-08 00:00:00,1
2010-07-09 00:00:00,2010-07-09 00:00:00,15.5,2010-07-09 00:00:00,14.75,15,73,291700,4380225,2010-07-09 00:00:00,1
2010-07-12 00:00:00,2010-07-12 00:00:00,15.25,2010-07-12 00:00:00,14.75,14.75,62,256100,3808150,2010-07-12 00:00:00,1
2010-07-13 00:00:00,2010-07-13 00:00:00,15.25,2010-07-13 00:00:00,14.75,15,75,302500,4536925,2010-07-13 00:00:00,1
2010-07-14 00:00:00,2010-07-14 00:00:00,15,2010-07-14 00:00:00,14.75,14.75,51,182200,2695825,2010-07-14 00:00:00,1
2010-07-15 00:00:00,2010-07-15 00:00:00,15,2010-07-15 00:00:00,14.75,14.75,110,320500,4732750,2010-07-15 00:00:00,1
2010-07-16 00:00:00,2010-07-16 00:00:00,15,2010-07-16 00:00:00,14.5,14.75,89,309900,4595250,2010-07-16 00:00:00,1
2010-07-19 00:00:00,2010-07-19 00:00:00,15,2010-07-19 00:00:00,14.5,14.5,60,245400,3599800,2010-07-19 00:00:00,1
2010-07-20 00:00:00,2010-07-20 00:00:00,15,2010-07-20 00:00:00,14.5,14.5,57,587600,8627450,2010-07-20 00:00:00,1
2010-07-21 00:00:00,2010-07-21 00:00:00,14.75,2010-07-21 00:00:00,14.5,14.75,73,311100,4548100,2010-07-21 00:00:00,1
2010-07-22 00:00:00,2010-07-22 00:00:00,14.75,2010-07-22 00:00:00,14.5,14.5,105,399100,5789625,2010-07-22 00:00:00,1
2010-07-23 00:00:00,2010-07-23 00:00:00,14.75,2010-07-23 00:00:00,14.5,14.5,73,619200,8981575,2010-07-23 00:00:00,1
2010-07-26 00:00:00,2010-07-26 00:00:00,14.75,2010-07-26 00:00:00,14.5,14.5,28,210100,3069100,2010-07-26 00:00:00,1
2010-07-27 00:00:00,2010-07-27 00:00:00,14.75,2010-07-27 00:00:00,14.5,14.75,91,456800,6680825,2010-07-27 00:00:00,1
2010-07-28 00:00:00,2010-07-28 00:00:00,15,2010-07-28 00:00:00,14.5,14.75,173,1427300,20951400,2010-07-28 00:00:00,1
2010-07-29 00:00:00,2010-07-29 00:00:00,15.5,2010-07-29 00:00:00,14.5,15.25,276,3316100,49897725,2010-07-29 00:00:00,1
2010-07-30 00:00:00,2010-07-30 00:00:00,15.75,2010-07-30 00:00:00,15.25,15.5,232,17117600,265235375,2010-07-30 00:00:00,1
2010-08-02 00:00:00,2010-08-02 00:00:00,16,2010-08-02 00:00:00,15.4,15.6,257,1249000,19489740,2010-08-02 00:00:00,1
2010-08-03 00:00:00,2010-08-03 00:00:00,15.9,2010-08-03 00:00:00,15.2,15.7,203,1164100,18260010,2010-08-03 00:00:00,1
2010-08-04 00:00:00,2010-08-04 00:00:00,15.7,2010-08-04 00:00:00,15.5,15.6,107,632600,9861370,2010-08-04 00:00:00,1
2010-08-05 00:00:00,2010-08-05 00:00:00,15.6,2010-08-05 00:00:00,14.8,15.2,139,639500,9611740,2010-08-05 00:00:00,1
2010-08-06 00:00:00,2010-08-06 00:00:00,15.3,2010-08-06 00:00:00,14.9,14.9,77,193400,2890460,2010-08-06 00:00:00,1
2010-08-09 00:00:00,2010-08-09 00:00:00,14.8,2010-08-09 00:00:00,14,14.2,107,527900,7485810,2010-08-09 00:00:00,1
2010-08-10 00:00:00,2010-08-10 00:00:00,15,2010-08-10 00:00:00,13.9,14.9,276,1252100,18140420,2010-08-10 00:00:00,1
2010-08-11 00:00:00,2010-08-11 00:00:00,15.3,2010-08-11 00:00:00,14.8,14.9,60,172400,2565030,2010-08-11 00:00:00,1
2010-08-12 00:00:00,2010-08-12 00:00:00,14.9,2010-08-12 00:00:00,14.5,14.7,62,107400,1573040,2010-08-12 00:00:00,1
2010-08-13 00:00:00,2010-08-13 00:00:00,15.2,2010-08-13 00:00:00,14.7,15.1,135,554200,8310800,2010-08-13 00:00:00,1
2010-08-16 00:00:00,2010-08-16 00:00:00,15.1,2010-08-16 00:00:00,14.8,14.9,34,45100,674510,2010-08-16 00:00:00,1
2010-08-17 00:00:00,2010-08-17 00:00:00,15.1,2010-08-17 00:00:00,14.5,14.9,67,404500,6046900,2010-08-17 00:00:00,1
2010-08-18 00:00:00,2010-08-18 00:00:00,15,2010-08-18 00:00:00,14.7,14.7,60,145700,2164150,2010-08-18 00:00:00,1
2010-08-19 00:00:00,2010-08-19 00:00:00,14.9,2010-08-19 00:00:00,14.6,14.8,65,140400,2067310,2010-08-19 00:00:00,1
2010-08-20 00:00:00,2010-08-20 00:00:00,14.9,2010-08-20 00:00:00,14.6,14.7,59,100800,1480000,2010-08-20 00:00:00,1
2010-08-23 00:00:00,2010-08-23 00:00:00,14.8,2010-08-23 00:00:00,14.5,14.5,69,144900,2115270,2010-08-23 00:00:00,1
2010-08-25 00:00:00,2010-08-25 00:00:00,15,2010-08-25 00:00:00,14.7,14.8,70,136400,2017530,2010-08-25 00:00:00,1
2010-08-26 00:00:00,2010-08-26 00:00:00,15.1,2010-08-26 00:00:00,14.6,14.6,48,139900,2057540,2010-08-26 00:00:00,1
2010-08-27 00:00:00,2010-08-27 00:00:00,15,2010-08-27 00:00:00,14.5,14.7,84,264200,3867210,2010-08-27 00:00:00,1
2010-08-30 00:00:00,2010-08-30 00:00:00,15,2010-08-30 00:00:00,14.6,14.9,120,576100,8574480,2010-08-30 00:00:00,1
2010-08-31 00:00:00,2010-08-31 00:00:00,15,2010-08-31 00:00:00,14.4,14.6,49,252000,3686560,2010-08-31 00:00:00,1
2010-09-01 00:00:00,2010-09-01 00:00:00,14.9,2010-09-01 00:00:00,14.6,14.7,123,394400,5804280,2010-09-01 00:00:00,1
2010-09-02 00:00:00,2010-09-02 00:00:00,14.9,2010-09-02 00:00:00,14.5,14.6,67,360400,5264830,2010-09-02 00:00:00,1
2010-09-03 00:00:00,2010-09-03 00:00:00,15.4,2010-09-03 00:00:00,14.7,15,272,1664700,25015410,2010-09-03 00:00:00,1
2010-09-06 00:00:00,2010-09-06 00:00:00,15.2,2010-09-06 00:00:00,14.7,14.8,103,547800,8164480,2010-09-06 00:00:00,1
2010-09-07 00:00:00,2010-09-07 00:00:00,15,2010-09-07 00:00:00,14.6,14.9,74,250700,3722590,2010-09-07 00:00:00,1
2010-09-08 00:00:00,2010-09-08 00:00:00,15,2010-09-08 00:00:00,14.7,14.7,36,62300,919560,2010-09-08 00:00:00,1
2010-09-09 00:00:00,2010-09-09 00:00:00,14.9,2010-09-09 00:00:00,14.5,14.6,73,154700,2274720,2010-09-09 00:00:00,1
2010-09-13 00:00:00,2010-09-13 00:00:00,15,2010-09-13 00:00:00,14.5,14.7,102,571800,8494770,2010-09-13 00:00:00,1
2010-09-14 00:00:00,2010-09-14 00:00:00,14.8,2010-09-14 00:00:00,14.6,14.7,91,500600,7358690,2010-09-14 00:00:00,1
2010-09-15 00:00:00,2010-09-15 00:00:00,14.7,2010-09-15 00:00:00,14.5,14.5,142,848900,12389480,2010-09-15 00:00:00,1
2010-09-16 00:00:00,2010-09-16 00:00:00,14.8,2010-09-16 00:00:00,14.5,14.7,89,424200,6219610,2010-09-16 00:00:00,1
2010-09-17 00:00:00,2010-09-17 00:00:00,14.8,2010-09-17 00:00:00,14.6,14.7,126,754000,11074150,2010-09-17 00:00:00,1
2010-09-20 00:00:00,2010-09-20 00:00:00,15.4,2010-09-20 00:00:00,14.6,15.1,195,861900,12831130,2010-09-20 00:00:00,1
2010-09-21 00:00:00,2010-09-21 00:00:00,15.6,2010-09-21 00:00:00,15.1,15.3,245,1540000,23607320,2010-09-21 00:00:00,1
2010-09-23 00:00:00,2010-09-23 00:00:00,15.7,2010-09-23 00:00:00,15.1,15.2,247,1177300,18157390,2010-09-23 00:00:00,1
2010-09-24 00:00:00,2010-09-24 00:00:00,15.5,2010-09-24 00:00:00,15,15.3,146,1292500,19683330,2010-09-24 00:00:00,1
2010-09-27 00:00:00,2010-09-27 00:00:00,15.3,2010-09-27 00:00:00,14.9,15,113,618700,9372660,2010-09-27 00:00:00,1
2010-09-28 00:00:00,2010-09-28 00:00:00,15.5,2010-09-28 00:00:00,15,15.3,304,2166600,33156490,2010-09-28 00:00:00,1
2010-09-29 00:00:00,2010-09-29 00:00:00,17.2,2010-09-29 00:00:00,15.3,17,1370,7817400,129522880,2010-09-29 00:00:00,1
2010-09-30 00:00:00,2010-09-30 00:00:00,17.6,2010-09-30 00:00:00,16.8,17,772,5216700,89081260,2010-09-30 00:00:00,1
2010-10-01 00:00:00,2010-10-01 00:00:00,18.4,2010-10-01 00:00:00,17,17.5,934,4089400,73005960,2010-10-01 00:00:00,1
2010-10-04 00:00:00,2010-10-04 00:00:00,18,2010-10-04 00:00:00,17.1,17.3,383,1001600,17638880,2010-10-04 00:00:00,1
2010-10-05 00:00:00,2010-10-05 00:00:00,17.3,2010-10-05 00:00:00,16.6,16.9,280,858700,14558720,2010-10-05 00:00:00,1
2010-10-06 00:00:00,2010-10-06 00:00:00,17.1,2010-10-06 00:00:00,16,16.1,254,577200,9458720,2010-10-06 00:00:00,1
2010-10-07 00:00:00,2010-10-07 00:00:00,16.4,2010-10-07 00:00:00,15.5,15.7,353,1141200,18003490,2010-10-07 00:00:00,1
2010-10-08 00:00:00,2010-10-08 00:00:00,16.2,2010-10-08 00:00:00,15,16.1,215,752700,11886310,2010-10-08 00:00:00,1
2010-10-11 00:00:00,2010-10-11 00:00:00,16.8,2010-10-11 00:00:00,15.7,15.8,146,551700,8920850,2010-10-11 00:00:00,1
2010-10-12 00:00:00,2010-10-12 00:00:00,15.8,2010-10-12 00:00:00,14.8,15,252,902100,13619430,2010-10-12 00:00:00,1
2010-10-13 00:00:00,2010-10-13 00:00:00,15.5,2010-10-13 00:00:00,14,15.1,245,602900,8751370,2010-10-13 00:00:00,1
2010-10-14 00:00:00,2010-10-14 00:00:00,15.5,2010-10-14 00:00:00,14.9,15,113,337500,5074490,2010-10-14 00:00:00,1
2010-10-15 00:00:00,2010-10-15 00:00:00,15,2010-10-15 00:00:00,14,15,134,608800,8825410,2010-10-15 00:00:00,1
2010-10-18 00:00:00,2010-10-18 00:00:00,15.2,2010-10-18 00:00:00,14.5,14.6,135,584400,8660170,2010-10-18 00:00:00,1
2010-10-19 00:00:00,2010-10-19 00:00:00,15.3,2010-10-19 00:00:00,14.7,15.1,134,1885900,28307110,2010-10-19 00:00:00,1
2010-10-20 00:00:00,2010-10-20 00:00:00,15.3,2010-10-20 00:00:00,14.9,15,71,429400,6443710,2010-10-20 00:00:00,1
2010-10-21 00:00:00,2010-10-21 00:00:00,15.2,2010-10-21 00:00:00,14.9,15,54,157700,2360150,2010-10-21 00:00:00,1
2010-10-25 00:00:00,2010-10-25 00:00:00,15.1,2010-10-25 00:00:00,14.8,14.8,77,124100,1850600,2010-10-25 00:00:00,1
2010-10-26 00:00:00,2010-10-26 00:00:00,14.7,2010-10-26 00:00:00,14.4,14.4,146,480800,6971440,2010-10-26 00:00:00,1
2010-10-27 00:00:00,2010-10-27 00:00:00,14.9,2010-10-27 00:00:00,14.3,14.6,87,183900,2659900,2010-10-27 00:00:00,1
2010-10-28 00:00:00,2010-10-28 00:00:00,15,2010-10-28 00:00:00,14.5,15,101,403600,6019980,2010-10-28 00:00:00,1
2010-10-29 00:00:00,2010-10-29 00:00:00,15.4,2010-10-29 00:00:00,15,15.2,79,212600,3195780,2010-10-29 00:00:00,1
2010-11-01 00:00:00,2010-11-01 00:00:00,15.6,2010-11-01 00:00:00,15.2,15.3,134,336800,5189960,2010-11-01 00:00:00,1
2010-11-02 00:00:00,2010-11-02 00:00:00,15.5,2010-11-02 00:00:00,15.2,15.3,95,275200,4243130,2010-11-02 00:00:00,1
2010-11-03 00:00:00,2010-11-03 00:00:00,15.9,2010-11-03 00:00:00,15.2,15.5,221,725200,11288110,2010-11-03 00:00:00,1
2010-11-04 00:00:00,2010-11-04 00:00:00,15.6,2010-11-04 00:00:00,15.3,15.4,78,202500,3131860,2010-11-04 00:00:00,1
2010-11-08 00:00:00,2010-11-08 00:00:00,15.6,2010-11-08 00:00:00,15.2,15.3,58,130300,2000580,2010-11-08 00:00:00,1
2010-11-09 00:00:00,2010-11-09 00:00:00,15.5,2010-11-09 00:00:00,15,15.2,69,231900,3501470,2010-11-09 00:00:00,1
2010-11-10 00:00:00,2010-11-10 00:00:00,15.3,2010-11-10 00:00:00,15,15,36,66700,1001890,2010-11-10 00:00:00,1
2010-11-11 00:00:00,2010-11-11 00:00:00,15.2,2010-11-11 00:00:00,14.8,15,43,314400,4713390,2010-11-11 00:00:00,1
2010-11-12 00:00:00,2010-11-12 00:00:00,15.2,2010-11-12 00:00:00,14.9,15,49,73500,1102160,2010-11-12 00:00:00,1
2010-11-15 00:00:00,2010-11-15 00:00:00,14.9,2010-11-15 00:00:00,14.6,14.7,67,500600,7399690,2010-11-15 00:00:00,1
2010-11-16 00:00:00,2010-11-16 00:00:00,14.8,2010-11-16 00:00:00,14.6,14.8,51,128300,1882240,2010-11-16 00:00:00,1
2010-11-18 00:00:00,2010-11-18 00:00:00,15,2010-11-18 00:00:00,14.7,14.9,53,112700,1674710,2010-11-18 00:00:00,1
2010-11-22 00:00:00,2010-11-22 00:00:00,15,2010-11-22 00:00:00,14.8,14.8,44,77200,1148940,2010-11-22 00:00:00,1
2010-11-23 00:00:00,2010-11-23 00:00:00,14.8,2010-11-23 00:00:00,14.6,14.7,63,150900,2218650,2010-11-23 00:00:00,1
2010-11-24 00:00:00,2010-11-24 00:00:00,14.9,2010-11-24 00:00:00,14.6,14.6,51,93000,1362170,2010-11-24 00:00:00,1
2010-11-25 00:00:00,2010-11-25 00:00:00,15,2010-11-25 00:00:00,14.6,14.7,38,146200,2158860,2010-11-25 00:00:00,1
2010-11-26 00:00:00,2010-11-26 00:00:00,14.8,2010-11-26 00:00:00,14.6,14.6,57,146700,2145870,2010-11-26 00:00:00,1
2010-11-29 00:00:00,2010-11-29 00:00:00,14.7,2010-11-29 00:00:00,14.2,14.2,98,267200,3860380,2010-11-29 00:00:00,1
2010-11-30 00:00:00,2010-11-30 00:00:00,15,2010-11-30 00:00:00,14.6,14.7,82,148700,2206460,2010-11-30 00:00:00,1
2010-12-01 00:00:00,2010-12-01 00:00:00,15.2,2010-12-01 00:00:00,14.9,15.1,72,153200,2307900,2010-12-01 00:00:00,1
2010-12-02 00:00:00,2010-12-02 00:00:00,15.3,2010-12-02 00:00:00,14.7,14.8,73,138600,2073280,2010-12-02 00:00:00,1
2010-12-03 00:00:00,2010-12-03 00:00:00,15,2010-12-03 00:00:00,14.7,14.9,46,133600,1985620,2010-12-03 00:00:00,1
2010-12-06 00:00:00,2010-12-06 00:00:00,14.8,2010-12-06 00:00:00,14.7,14.7,23,40000,590590,2010-12-06 00:00:00,1
2010-12-07 00:00:00,2010-12-07 00:00:00,14.8,2010-12-07 00:00:00,14.7,14.8,11,12000,177450,2010-12-07 00:00:00,1
2010-12-08 00:00:00,2010-12-08 00:00:00,14.8,2010-12-08 00:00:00,14.6,14.8,44,60400,887810,2010-12-08 00:00:00,1
2010-12-09 00:00:00,2010-12-09 00:00:00,14.7,2010-12-09 00:00:00,14.5,14.6,64,157000,2284210,2010-12-09 00:00:00,1
2010-12-10 00:00:00,2010-12-10 00:00:00,15.5,2010-12-10 00:00:00,14.7,15,163,1008200,15176040,2010-12-10 00:00:00,1
2010-12-13 00:00:00,2010-12-13 00:00:00,15.3,2010-12-13 00:00:00,14.9,15,38,38700,581690,2010-12-13 00:00:00,1
2010-12-14 00:00:00,2010-12-14 00:00:00,15,2010-12-14 00:00:00,14.7,14.8,39,50600,748430,2010-12-14 00:00:00,1
2010-12-15 00:00:00,2010-12-15 00:00:00,14.9,2010-12-15 00:00:00,14.7,14.8,17,20800,308350,2010-12-15 00:00:00,1
2010-12-16 00:00:00,2010-12-16 00:00:00,14.9,2010-12-16 00:00:00,14.6,14.6,54,119700,1752080,2010-12-16 00:00:00,1
2010-12-17 00:00:00,2010-12-17 00:00:00,14.8,2010-12-17 00:00:00,14.6,14.6,27,38600,564420,2010-12-17 00:00:00,1
2010-12-21 00:00:00,2010-12-21 00:00:00,14.8,2010-12-21 00:00:00,14.5,14.5,76,99100,1439010,2010-12-21 00:00:00,1
2010-12-22 00:00:00,2010-12-22 00:00:00,16,2010-12-22 00:00:00,14.5,15.5,196,2835100,44229830,2010-12-22 00:00:00,1
2010-12-23 00:00:00,2010-12-23 00:00:00,16.7,2010-12-23 00:00:00,15.7,15.9,580,1634900,26417010,2010-12-23 00:00:00,1
2010-12-24 00:00:00,2010-12-24 00:00:00,16,2010-12-24 00:00:00,15.5,15.9,62,274600,4331740,2010-12-24 00:00:00,1
2010-12-27 00:00:00,2010-12-27 00:00:00,16,2010-12-27 00:00:00,15.7,15.9,40,109500,1734490,2010-12-27 00:00:00,1
2010-12-28 00:00:00,2010-12-28 00:00:00,16.2,2010-12-28 00:00:00,15.8,16,157,299100,4787870,2010-12-28 00:00:00,1
2010-12-29 00:00:00,2010-12-29 00:00:00,16,2010-12-29 00:00:00,15.8,15.9,94,391800,6235060,2010-12-29 00:00:00,1
2010-12-30 00:00:00,2010-12-30 00:00:00,16.1,2010-12-30 00:00:00,15.5,16.1,199,429800,6838890,2010-12-30 00:00:00,1
2010-12-31 00:00:00,2010-12-31 00:00:00,16.2,2010-12-31 00:00:00,16,16,106,365700,5878780,2010-12-31 00:00:00,1
Company Id :  JKH,,Security Type :  N,,Sub Type :  0000,,,,,,
Short Name :  JKH,,,,,,,,,,
Day,Date High,High,Date Low,Low,Closing,No. of Trades,No. of Shares,Turnover,Last Traded,Days Traded
2010-01-04 00:00:00,2010-01-04 00:00:00,179.5,2010-01-04 00:00:00,172,179,231,282900,50238300,2010-01-04 00:00:00,1
2010-01-05 00:00:00,2010-01-05 00:00:00,183.75,2010-01-05 00:00:00,179,180,248,526100,94927300,2010-01-05 00:00:00,1
2010-01-06 00:00:00,2010-01-06 00:00:00,181.5,2010-01-06 00:00:00,179,179.5,194,"26,994,138    4",",832,279,677.00",2010-01-06 00:00:00,1
2010-01-07 00:00:00,2010-01-07 00:00:00,180,2010-01-07 00:00:00,175.25,179.5,146,4868903,872515412,2010-01-07 00:00:00,1
2010-01-08 00:00:00,2010-01-08 00:00:00,180.25,2010-01-08 00:00:00,179,180,118,375000,67490425,2010-01-08 00:00:00,1
2010-01-11 00:00:00,2010-01-11 00:00:00,180.5,2010-01-11 00:00:00,178,179,84,995800,178285525,2010-01-11 00:00:00,1
2010-01-12 00:00:00,2010-01-12 00:00:00,179.5,2010-01-12 00:00:00,178,179,115,1645900,294551750,2010-01-12 00:00:00,1
2010-01-13 00:00:00,2010-01-13 00:00:00,179.75,2010-01-13 00:00:00,178,179,56,267700,47885850,2010-01-13 00:00:00,1
2010-01-15 00:00:00,2010-01-15 00:00:00,179.75,2010-01-15 00:00:00,178.5,179,85,1353800,241499300,2010-01-15 00:00:00,1
2010-01-18 00:00:00,2010-01-18 00:00:00,179.5,2010-01-18 00:00:00,177.5,178,90,145000,25810425,2010-01-18 00:00:00,1
2010-01-19 00:00:00,2010-01-19 00:00:00,178,2010-01-19 00:00:00,174,174.5,141,168400,29473675,2010-01-19 00:00:00,1
2010-01-20 00:00:00,2010-01-20 00:00:00,178,2010-01-20 00:00:00,175,175,88,1057200,185089100,2010-01-20 00:00:00,1
2010-01-21 00:00:00,2010-01-21 00:00:00,175,2010-01-21 00:00:00,174,174.25,54,74200,12950725,2010-01-21 00:00:00,1
2010-01-22 00:00:00,2010-01-22 00:00:00,175,2010-01-22 00:00:00,173.5,173.75,120,403200,70292500,2010-01-22 00:00:00,1
2010-01-25 00:00:00,2010-01-25 00:00:00,178,2010-01-25 00:00:00,172.5,173,157,1354700,234610150,2010-01-25 00:00:00,1
2010-01-26 00:00:00,2010-01-26 00:00:00,175,2010-01-26 00:00:00,173.5,174.25,171,787100,137005925,2010-01-26 00:00:00,1
2010-01-28 00:00:00,2010-01-28 00:00:00,178,2010-01-28 00:00:00,174,176.5,176,919700,161312525,2010-01-28 00:00:00,1
2010-02-01 00:00:00,2010-02-01 00:00:00,178.25,2010-02-01 00:00:00,176,176.25,155,3691300,650326975,2010-02-01 00:00:00,1
2010-02-02 00:00:00,2010-02-02 00:00:00,177,2010-02-02 00:00:00,175,175.25,102,430300,75677350,2010-02-02 00:00:00,1
2010-02-03 00:00:00,2010-02-03 00:00:00,176,2010-02-03 00:00:00,172,173,141,317500,54998450,2010-02-03 00:00:00,1
2010-02-05 00:00:00,2010-02-05 00:00:00,173.5,2010-02-05 00:00:00,172.25,173,42,239800,41464350,2010-02-05 00:00:00,1
2010-02-08 00:00:00,2010-02-08 00:00:00,173,2010-02-08 00:00:00,170,171.5,199,978300,167760800,2010-02-08 00:00:00,1
2010-02-09 00:00:00,2010-02-09 00:00:00,170.25,2010-02-09 00:00:00,166.75,169.75,229,710600,119769925,2010-02-09 00:00:00,1
2010-02-10 00:00:00,2010-02-10 00:00:00,170,2010-02-10 00:00:00,167,167.25,76,40300,6772975,2010-02-10 00:00:00,1
2010-02-11 00:00:00,2010-02-11 00:00:00,167,2010-02-11 00:00:00,163.5,163.75,131,113700,18735500,2010-02-11 00:00:00,1
2010-02-12 00:00:00,2010-02-12 00:00:00,164,2010-02-12 00:00:00,162,162.5,91,244500,39763150,2010-02-12 00:00:00,1
2010-02-15 00:00:00,2010-02-15 00:00:00,166.75,2010-02-15 00:00:00,163.5,165.25,78,591600,97092825,2010-02-15 00:00:00,1
2010-02-16 00:00:00,2010-02-16 00:00:00,168,2010-02-16 00:00:00,165,167.75,64,158900,26420125,2010-02-16 00:00:00,1
2010-02-17 00:00:00,2010-02-17 00:00:00,169,2010-02-17 00:00:00,166,168,62,111700,18730700,2010-02-17 00:00:00,1
2010-02-18 00:00:00,2010-02-18 00:00:00,171.5,2010-02-18 00:00:00,168,169.5,67,1194900,203117850,2010-02-18 00:00:00,1
2010-02-19 00:00:00,2010-02-19 00:00:00,170.5,2010-02-19 00:00:00,169,170,59,132200,22434850,2010-02-19 00:00:00,1
2010-02-22 00:00:00,2010-02-22 00:00:00,171.75,2010-02-22 00:00:00,169,169.25,31,35400,6031425,2010-02-22 00:00:00,1
2010-02-23 00:00:00,2010-02-23 00:00:00,170,2010-02-23 00:00:00,168.5,168.75,40,13900,2352375,2010-02-23 00:00:00,1
2010-02-24 00:00:00,2010-02-24 00:00:00,169,2010-02-24 00:00:00,167.5,167.75,48,47900,8048950,2010-02-24 00:00:00,1
2010-02-25 00:00:00,2010-02-25 00:00:00,168,2010-02-25 00:00:00,167.5,167.75,47,119200,20001275,2010-02-25 00:00:00,1
2010-02-26 00:00:00,2010-02-26 00:00:00,169,2010-02-26 00:00:00,167,168.25,24,64500,10786300,2010-02-26 00:00:00,1
2010-03-01 00:00:00,2010-03-01 00:00:00,169.5,2010-03-01 00:00:00,167,168.75,51,248100,41712850,2010-03-01 00:00:00,1
2010-03-02 00:00:00,2010-03-02 00:00:00,170.25,2010-03-02 00:00:00,168,170,58,156900,26577225,2010-03-02 00:00:00,1
2010-03-03 00:00:00,2010-03-03 00:00:00,169.5,2010-03-03 00:00:00,168.5,168.75,54,113000,19093300,2010-03-03 00:00:00,1
2010-03-04 00:00:00,2010-03-04 00:00:00,168.75,2010-03-04 00:00:00,168,168,40,388100,65201175,2010-03-04 00:00:00,1
2010-03-05 00:00:00,2010-03-05 00:00:00,169,2010-03-05 00:00:00,167,168.5,75,189500,31868350,2010-03-05 00:00:00,1
2010-03-08 00:00:00,2010-03-08 00:00:00,169,2010-03-08 00:00:00,168,168,33,26300,4422775,2010-03-08 00:00:00,1
2010-03-09 00:00:00,2010-03-09 00:00:00,167.5,2010-03-09 00:00:00,166.75,167,49,227400,38120275,2010-03-09 00:00:00,1
2010-03-10 00:00:00,2010-03-10 00:00:00,167,2010-03-10 00:00:00,165.75,166.5,49,149700,24863025,2010-03-10 00:00:00,1
2010-03-11 00:00:00,2010-03-11 00:00:00,168,2010-03-11 00:00:00,166.5,167.75,43,125600,21057300,2010-03-11 00:00:00,1
2010-03-12 00:00:00,2010-03-12 00:00:00,169,2010-03-12 00:00:00,168,168.75,60,155500,26187075,2010-03-12 00:00:00,1
2010-03-15 00:00:00,2010-03-15 00:00:00,169.75,2010-03-15 00:00:00,167,169,42,3086500,515982375,2010-03-15 00:00:00,1
2010-03-16 00:00:00,2010-03-16 00:00:00,173,2010-03-16 00:00:00,169,169.75,73,2089700,354740075,2010-03-16 00:00:00,1
2010-03-17 00:00:00,2010-03-17 00:00:00,171,2010-03-17 00:00:00,169,169,69,1802200,306366450,2010-03-17 00:00:00,1
2010-03-18 00:00:00,2010-03-18 00:00:00,170,2010-03-18 00:00:00,169,170,57,3931500,668295775,2010-03-18 00:00:00,1
2010-03-19 00:00:00,2010-03-19 00:00:00,173,2010-03-19 00:00:00,168.5,172,76,157500,27019300,2010-03-19 00:00:00,1
2010-03-22 00:00:00,2010-03-22 00:00:00,173,2010-03-22 00:00:00,169.25,170,120,1354600,230375650,2010-03-22 00:00:00,1
2010-03-23 00:00:00,2010-03-23 00:00:00,173,2010-03-23 00:00:00,170,170,62,4466800,766175700,2010-03-23 00:00:00,1
2010-03-24 00:00:00,2010-03-24 00:00:00,172,2010-03-24 00:00:00,170,171,91,5435800,924193750,2010-03-24 00:00:00,1
2010-03-25 00:00:00,2010-03-25 00:00:00,179.5,2010-03-25 00:00:00,171.25,178,231,1895600,324787600,2010-03-25 00:00:00,1
2010-03-26 00:00:00,2010-03-26 00:00:00,188,2010-03-26 00:00:00,180,186,484,1988000,368503675,2010-03-26 00:00:00,1
2010-03-30 00:00:00,2010-03-30 00:00:00,189.75,2010-03-30 00:00:00,182,184,109,98200,18275100,2010-03-30 00:00:00,1
2010-03-31 00:00:00,2010-03-31 00:00:00,185.75,2010-03-31 00:00:00,183,184,150,1619700,298701350,2010-03-31 00:00:00,1
2010-04-01 00:00:00,2010-04-01 00:00:00,186,2010-04-01 00:00:00,183.75,185.5,93,261800,48449050,2010-04-01 00:00:00,1
2010-04-05 00:00:00,2010-04-05 00:00:00,186,2010-04-05 00:00:00,185,185.75,129,991300,184359300,2010-04-05 00:00:00,1
2010-04-06 00:00:00,2010-04-06 00:00:00,189,2010-04-06 00:00:00,186,186,197,553200,103552825,2010-04-06 00:00:00,1
2010-04-07 00:00:00,2010-04-07 00:00:00,191,2010-04-07 00:00:00,187,190,225,5290100,999943075,2010-04-07 00:00:00,1
2010-04-08 00:00:00,2010-04-08 00:00:00,191,2010-04-08 00:00:00,189,190,71,190600,36240325,2010-04-08 00:00:00,1
2010-04-12 00:00:00,2010-04-12 00:00:00,192.5,2010-04-12 00:00:00,187,189.25,69,2107800,404592325,2010-04-12 00:00:00,1
2010-04-15 00:00:00,2010-04-15 00:00:00,191,2010-04-15 00:00:00,189,190,56,376900,71645950,2010-04-15 00:00:00,1
2010-04-16 00:00:00,2010-04-16 00:00:00,190.75,2010-04-16 00:00:00,189.5,190,55,207200,39367600,2010-04-16 00:00:00,1
2010-04-19 00:00:00,2010-04-19 00:00:00,191,2010-04-19 00:00:00,189.5,190,68,156800,29802675,2010-04-19 00:00:00,1
2010-04-20 00:00:00,2010-04-20 00:00:00,190,2010-04-20 00:00:00,189,189.5,54,107000,20313900,2010-04-20 00:00:00,1
2010-04-21 00:00:00,2010-04-21 00:00:00,190,2010-04-21 00:00:00,187,187.25,53,122800,23335275,2010-04-21 00:00:00,1
2010-04-22 00:00:00,2010-04-22 00:00:00,189,2010-04-22 00:00:00,185,185.75,51,61300,11458275,2010-04-22 00:00:00,1
2010-04-23 00:00:00,2010-04-23 00:00:00,187.25,2010-04-23 00:00:00,185,185.25,73,102900,19087575,2010-04-23 00:00:00,1
2010-04-26 00:00:00,2010-04-26 00:00:00,187,2010-04-26 00:00:00,184.75,185,67,177200,32781900,2010-04-26 00:00:00,1
2010-04-27 00:00:00,2010-04-27 00:00:00,186,2010-04-27 00:00:00,184.5,185,93,3661300,677334250,2010-04-27 00:00:00,1
2010-04-29 00:00:00,2010-04-29 00:00:00,186,2010-04-29 00:00:00,185,185,80,1600300,296061900,2010-04-29 00:00:00,1
2010-04-30 00:00:00,2010-04-30 00:00:00,186,2010-04-30 00:00:00,185,185.25,27,15200,2814000,2010-04-30 00:00:00,1
2010-05-03 00:00:00,2010-05-03 00:00:00,191.25,2010-05-03 00:00:00,185.25,191,187,274700,52376375,2010-05-03 00:00:00,1
2010-05-04 00:00:00,2010-05-04 00:00:00,194,2010-05-04 00:00:00,190,191.75,96,300500,57793750,2010-05-04 00:00:00,1
2010-05-05 00:00:00,2010-05-05 00:00:00,191.75,2010-05-05 00:00:00,189.5,190.25,48,1327400,253471800,2010-05-05 00:00:00,1
2010-05-06 00:00:00,2010-05-06 00:00:00,193,2010-05-06 00:00:00,190,190.25,117,"5,676,800    1",",084,366,950.00",2010-05-06 00:00:00,1
2010-05-07 00:00:00,2010-05-07 00:00:00,190,2010-05-07 00:00:00,188,188.25,28,51900,9802000,2010-05-07 00:00:00,1
2010-05-10 00:00:00,2010-05-10 00:00:00,185.25,2010-05-10 00:00:00,183.5,185,92,310500,57428700,2010-05-10 00:00:00,1
2010-05-11 00:00:00,2010-05-11 00:00:00,185,2010-05-11 00:00:00,184.5,184.75,61,226500,41900400,2010-05-11 00:00:00,1
2010-05-12 00:00:00,2010-05-12 00:00:00,186.25,2010-05-12 00:00:00,185,185.5,53,175900,32616700,2010-05-12 00:00:00,1
2010-05-13 00:00:00,2010-05-13 00:00:00,186,2010-05-13 00:00:00,185,185.5,39,651600,121137575,2010-05-13 00:00:00,1
2010-05-14 00:00:00,2010-05-14 00:00:00,185.5,2010-05-14 00:00:00,184.5,184.75,53,420700,77829525,2010-05-14 00:00:00,1
2010-05-17 00:00:00,2010-05-17 00:00:00,184,2010-05-17 00:00:00,182,182.5,45,1625800,299123250,2010-05-17 00:00:00,1
2010-05-18 00:00:00,2010-05-18 00:00:00,183.5,2010-05-18 00:00:00,182.75,183,36,68500,12560325,2010-05-18 00:00:00,1
2010-05-19 00:00:00,2010-05-19 00:00:00,183.5,2010-05-19 00:00:00,180.75,181.25,56,162000,29489975,2010-05-19 00:00:00,1
2010-05-20 00:00:00,2010-05-20 00:00:00,182,2010-05-20 00:00:00,180.25,180.5,73,438500,79336750,2010-05-20 00:00:00,1
2010-05-21 00:00:00,2010-05-21 00:00:00,181.5,2010-05-21 00:00:00,180,180.25,38,2026900,368848675,2010-05-21 00:00:00,1
2010-05-24 00:00:00,2010-05-24 00:00:00,181,2010-05-24 00:00:00,178.75,179.25,40,220400,39962150,2010-05-24 00:00:00,1
2010-05-25 00:00:00,2010-05-25 00:00:00,179,2010-05-25 00:00:00,177,177.5,53,486600,86381075,2010-05-25 00:00:00,1
2010-05-26 00:00:00,2010-05-26 00:00:00,180.75,2010-05-26 00:00:00,178,180,59,488100,87843675,2010-05-26 00:00:00,1
2010-05-31 00:00:00,2010-05-31 00:00:00,184.5,2010-05-31 00:00:00,181.75,183.75,98,405700,74177925,2010-05-31 00:00:00,1
2010-06-01 00:00:00,2010-06-01 00:00:00,190,2010-06-01 00:00:00,185,186,75,281900,53122975,2010-06-01 00:00:00,1
2010-06-02 00:00:00,2010-06-02 00:00:00,191.5,2010-06-02 00:00:00,185,188.25,107,"8,155,700    1",",525,150,925.00",2010-06-02 00:00:00,1
2010-06-03 00:00:00,2010-06-03 00:00:00,191.75,2010-06-03 00:00:00,187.5,188,55,2148400,404106275,2010-06-03 00:00:00,1
2010-06-04 00:00:00,2010-06-04 00:00:00,194.5,2010-06-04 00:00:00,188,192,133,2476300,466030875,2010-06-04 00:00:00,1
2010-06-07 00:00:00,2010-06-07 00:00:00,200,2010-06-07 00:00:00,193,198,246,824900,162101250,2010-06-07 00:00:00,1
2010-06-08 00:00:00,2010-06-08 00:00:00,199,2010-06-08 00:00:00,196,197.75,131,3067000,607514675,2010-06-08 00:00:00,1
2010-06-09 00:00:00,2010-06-09 00:00:00,199,2010-06-09 00:00:00,195,196,97,462300,91467675,2010-06-09 00:00:00,1
2010-06-10 00:00:00,2010-06-10 00:00:00,200,2010-06-10 00:00:00,196,198.25,167,2548500,504570325,2010-06-10 00:00:00,1
2010-06-11 00:00:00,2010-06-11 00:00:00,201,2010-06-11 00:00:00,198,200.25,164,1630502,325096348,2010-06-11 00:00:00,1
2010-06-14 00:00:00,2010-06-14 00:00:00,205,2010-06-14 00:00:00,202,204,146,243300,49699700,2010-06-14 00:00:00,1
2010-06-15 00:00:00,2010-06-15 00:00:00,204,2010-06-15 00:00:00,202.25,203,84,124400,25316950,2010-06-15 00:00:00,1
2010-06-16 00:00:00,2010-06-16 00:00:00,206,2010-06-16 00:00:00,202,205,197,1755500,359634200,2010-06-16 00:00:00,1
2010-06-17 00:00:00,2010-06-17 00:00:00,205.5,2010-06-17 00:00:00,204,205,71,166900,34214575,2010-06-17 00:00:00,1
2010-06-21 00:00:00,2010-06-21 00:00:00,207,2010-06-21 00:00:00,205,205,74,3526855,726539005,2010-06-21 00:00:00,1
2010-06-22 00:00:00,2010-06-22 00:00:00,207,2010-06-22 00:00:00,205,205.25,101,624675,128454650,2010-06-22 00:00:00,1
2010-06-23 00:00:00,2010-06-23 00:00:00,205,2010-06-23 00:00:00,202,203.25,74,807702,165506835,2010-06-23 00:00:00,1
2010-06-24 00:00:00,2010-06-24 00:00:00,205,2010-06-24 00:00:00,203,204.5,82,350000,71430600,2010-06-24 00:00:00,1
2010-06-28 00:00:00,2010-06-28 00:00:00,206,2010-06-28 00:00:00,204,205,99,2327800,479257650,2010-06-28 00:00:00,1
2010-06-29 00:00:00,2010-06-29 00:00:00,206,2010-06-29 00:00:00,204,205,53,2279500,464318550,2010-06-29 00:00:00,1
2010-06-30 00:00:00,2010-06-30 00:00:00,205.5,2010-06-30 00:00:00,205,205,65,609100,124886525,2010-06-30 00:00:00,1
2010-07-01 00:00:00,2010-07-01 00:00:00,205,2010-07-01 00:00:00,203.75,204,28,695900,142655925,2010-07-01 00:00:00,1
2010-07-02 00:00:00,2010-07-02 00:00:00,205.25,2010-07-02 00:00:00,204,204.5,87,1626100,333315225,2010-07-02 00:00:00,1
2010-07-05 00:00:00,2010-07-05 00:00:00,205,2010-07-05 00:00:00,201,201.75,37,99700,20298050,2010-07-05 00:00:00,1
2010-07-06 00:00:00,2010-07-06 00:00:00,204.75,2010-07-06 00:00:00,199,201,58,193600,38911950,2010-07-06 00:00:00,1
2010-07-07 00:00:00,2010-07-07 00:00:00,201.5,2010-07-07 00:00:00,198,199,118,1224852,245985399,2010-07-07 00:00:00,1
2010-07-08 00:00:00,2010-07-08 00:00:00,203.5,2010-07-08 00:00:00,197,202.25,64,532300,106970450,2010-07-08 00:00:00,1
2010-07-09 00:00:00,2010-07-09 00:00:00,204.75,2010-07-09 00:00:00,200,203,76,660600,135159300,2010-07-09 00:00:00,1
2010-07-12 00:00:00,2010-07-12 00:00:00,205,2010-07-12 00:00:00,204,205,88,1408900,288775675,2010-07-12 00:00:00,1
2010-07-13 00:00:00,2010-07-13 00:00:00,205.75,2010-07-13 00:00:00,205,205,70,3526172,722867185,2010-07-13 00:00:00,1
2010-07-14 00:00:00,2010-07-14 00:00:00,206.25,2010-07-14 00:00:00,204,206,56,309700,63705650,2010-07-14 00:00:00,1
2010-07-15 00:00:00,2010-07-15 00:00:00,211.5,2010-07-15 00:00:00,206,211,144,1689563,354549030,2010-07-15 00:00:00,1
2010-07-16 00:00:00,2010-07-16 00:00:00,217,2010-07-16 00:00:00,211,214.75,102,761042,161505845,2010-07-16 00:00:00,1
2010-07-19 00:00:00,2010-07-19 00:00:00,222,2010-07-19 00:00:00,216,220.5,90,269200,59146975,2010-07-19 00:00:00,1
2010-07-20 00:00:00,2010-07-20 00:00:00,224.75,2010-07-20 00:00:00,221,224.25,147,2357500,528552200,2010-07-20 00:00:00,1
2010-07-21 00:00:00,2010-07-21 00:00:00,227,2010-07-21 00:00:00,225,227,141,820200,184948100,2010-07-21 00:00:00,1
2010-07-22 00:00:00,2010-07-22 00:00:00,228.75,2010-07-22 00:00:00,227,228.25,63,461800,105547550,2010-07-22 00:00:00,1
2010-07-23 00:00:00,2010-07-23 00:00:00,230,2010-07-23 00:00:00,228,230,103,956000,219812475,2010-07-23 00:00:00,1
2010-07-26 00:00:00,2010-07-26 00:00:00,235,2010-07-26 00:00:00,230,234.5,72,570100,133885325,2010-07-26 00:00:00,1
2010-07-27 00:00:00,2010-07-27 00:00:00,241,2010-07-27 00:00:00,235,240,109,274600,65523250,2010-07-27 00:00:00,1
2010-07-28 00:00:00,2010-07-28 00:00:00,250,2010-07-28 00:00:00,242,249.5,178,461400,114142975,2010-07-28 00:00:00,1
2010-07-29 00:00:00,2010-07-29 00:00:00,252,2010-07-29 00:00:00,242.5,243.25,164,435300,108182250,2010-07-29 00:00:00,1
2010-07-30 00:00:00,2010-07-30 00:00:00,249,2010-07-30 00:00:00,244,248.25,137,520900,129026675,2010-07-30 00:00:00,1
2010-08-02 00:00:00,2010-08-02 00:00:00,251,2010-08-02 00:00:00,248.1,250,180,"4,158,929    1",",041,942,025.50",2010-08-02 00:00:00,1
2010-08-03 00:00:00,2010-08-03 00:00:00,263,2010-08-03 00:00:00,253,259.2,137,1144000,297021380,2010-08-03 00:00:00,1
2010-08-04 00:00:00,2010-08-04 00:00:00,260,2010-08-04 00:00:00,258.7,259.9,135,1539000,399710670,2010-08-04 00:00:00,1
2010-08-05 00:00:00,2010-08-05 00:00:00,260,2010-08-05 00:00:00,250,257.8,162,626100,161849230,2010-08-05 00:00:00,1
2010-08-06 00:00:00,2010-08-06 00:00:00,259,2010-08-06 00:00:00,255,257.3,100,405000,104187030,2010-08-06 00:00:00,1
2010-08-09 00:00:00,2010-08-09 00:00:00,257,2010-08-09 00:00:00,249,251.6,170,261800,65658420,2010-08-09 00:00:00,1
2010-08-10 00:00:00,2010-08-10 00:00:00,259,2010-08-10 00:00:00,246,257.9,260,648600,164808580,2010-08-10 00:00:00,1
2010-08-11 00:00:00,2010-08-11 00:00:00,260,2010-08-11 00:00:00,256,256,115,423900,109204030,2010-08-11 00:00:00,1
2010-08-12 00:00:00,2010-08-12 00:00:00,256.9,2010-08-12 00:00:00,250,250.3,40,72600,18502120,2010-08-12 00:00:00,1
2010-08-13 00:00:00,2010-08-13 00:00:00,255,2010-08-13 00:00:00,247.5,250.1,60,59500,14878350,2010-08-13 00:00:00,1
2010-08-16 00:00:00,2010-08-16 00:00:00,255.2,2010-08-16 00:00:00,250,255,77,160500,40620640,2010-08-16 00:00:00,1
2010-08-17 00:00:00,2010-08-17 00:00:00,256.9,2010-08-17 00:00:00,254.9,256,98,310800,79484720,2010-08-17 00:00:00,1
2010-08-18 00:00:00,2010-08-18 00:00:00,258.5,2010-08-18 00:00:00,256,257,94,1477679,382093911,2010-08-18 00:00:00,1
2010-08-19 00:00:00,2010-08-19 00:00:00,258.4,2010-08-19 00:00:00,258,258,180,1457919,376638521,2010-08-19 00:00:00,1
2010-08-20 00:00:00,2010-08-20 00:00:00,260,2010-08-20 00:00:00,258,259.1,60,479800,124307160,2010-08-20 00:00:00,1
2010-08-23 00:00:00,2010-08-23 00:00:00,260,2010-08-23 00:00:00,257,258.8,50,48200,12488520,2010-08-23 00:00:00,1
2010-08-25 00:00:00,2010-08-25 00:00:00,268.1,2010-08-25 00:00:00,258,261.4,50,230700,60085720,2010-08-25 00:00:00,1
2010-08-26 00:00:00,2010-08-26 00:00:00,263.1,2010-08-26 00:00:00,260,262.4,62,2916100,763428110,2010-08-26 00:00:00,1
2010-08-27 00:00:00,2010-08-27 00:00:00,265,2010-08-27 00:00:00,262,263.1,49,121500,31965680,2010-08-27 00:00:00,1
2010-08-30 00:00:00,2010-08-30 00:00:00,265,2010-08-30 00:00:00,260,262.9,41,91800,24272650,2010-08-30 00:00:00,1
2010-08-31 00:00:00,2010-08-31 00:00:00,266,2010-08-31 00:00:00,263,265.3,79,2305000,608499700,2010-08-31 00:00:00,1
2010-09-01 00:00:00,2010-09-01 00:00:00,266,2010-09-01 00:00:00,264,265.1,76,1154800,306015610,2010-09-01 00:00:00,1
2010-09-02 00:00:00,2010-09-02 00:00:00,280,2010-09-02 00:00:00,264,266.8,80,1437900,381192690,2010-09-02 00:00:00,1
2010-09-03 00:00:00,2010-09-03 00:00:00,275,2010-09-03 00:00:00,266.8,269.3,116,1252400,341293530,2010-09-03 00:00:00,1
2010-09-06 00:00:00,2010-09-06 00:00:00,270,2010-09-06 00:00:00,265,265.3,41,48100,12914740,2010-09-06 00:00:00,1
2010-09-07 00:00:00,2010-09-07 00:00:00,266,2010-09-07 00:00:00,264,264.1,41,81700,21663130,2010-09-07 00:00:00,1
2010-09-08 00:00:00,2010-09-08 00:00:00,276,2010-09-08 00:00:00,264,274.5,149,"5,051,200    1",",354,575,960.00",2010-09-08 00:00:00,1
2010-09-09 00:00:00,2010-09-09 00:00:00,284.8,2010-09-09 00:00:00,275,280.1,179,2333400,644193050,2010-09-09 00:00:00,1
2010-09-13 00:00:00,2010-09-13 00:00:00,300,2010-09-13 00:00:00,280.5,298.3,210,498900,144076890,2010-09-13 00:00:00,1
2010-09-14 00:00:00,2010-09-14 00:00:00,305,2010-09-14 00:00:00,289,290.2,320,454700,133611170,2010-09-14 00:00:00,1
2010-09-15 00:00:00,2010-09-15 00:00:00,291.7,2010-09-15 00:00:00,280,287.3,199,634300,182686660,2010-09-15 00:00:00,1
2010-09-16 00:00:00,2010-09-16 00:00:00,290,2010-09-16 00:00:00,285.1,290,151,1084500,310919930,2010-09-16 00:00:00,1
2010-09-17 00:00:00,2010-09-17 00:00:00,295,2010-09-17 00:00:00,288,290.1,112,1647200,477651660,2010-09-17 00:00:00,1
2010-09-20 00:00:00,2010-09-20 00:00:00,296,2010-09-20 00:00:00,290,291.1,125,1690200,491968040,2010-09-20 00:00:00,1
2010-09-21 00:00:00,2010-09-21 00:00:00,300,2010-09-21 00:00:00,292,298.4,116,2328100,687367290,2010-09-21 00:00:00,1
2010-09-23 00:00:00,2010-09-23 00:00:00,302,2010-09-23 00:00:00,296,300,168,1990300,596836820,2010-09-23 00:00:00,1
2010-09-24 00:00:00,2010-09-24 00:00:00,302,2010-09-24 00:00:00,299,300.1,168,2585933,775882410,2010-09-24 00:00:00,1
2010-09-27 00:00:00,2010-09-27 00:00:00,302.1,2010-09-27 00:00:00,299,301.7,215,317600,95581240,2010-09-27 00:00:00,1
2010-09-28 00:00:00,2010-09-28 00:00:00,305,2010-09-28 00:00:00,299,304.8,165,379800,115597670,2010-09-28 00:00:00,1
2010-09-29 00:00:00,2010-09-29 00:00:00,320,2010-09-29 00:00:00,304,319.5,178,181900,57007290,2010-09-29 00:00:00,1
2010-09-30 00:00:00,2010-09-30 00:00:00,330,2010-09-30 00:00:00,319.9,329.5,514,"5,934,400    1",",940,952,150.00",2010-09-30 00:00:00,1
2010-10-01 00:00:00,2010-10-01 00:00:00,360,2010-10-01 00:00:00,330.5,355.1,621,786900,277984930,2010-10-01 00:00:00,1
2010-10-04 00:00:00,2010-10-04 00:00:00,358,2010-10-04 00:00:00,343,349.6,426,559900,196659560,2010-10-04 00:00:00,1
2010-10-05 00:00:00,2010-10-05 00:00:00,350,2010-10-05 00:00:00,337,338.1,381,933800,318438090,2010-10-05 00:00:00,1
2010-10-06 00:00:00,2010-10-06 00:00:00,342,2010-10-06 00:00:00,329,330,265,926700,310374380,2010-10-06 00:00:00,1
2010-10-07 00:00:00,2010-10-07 00:00:00,332,2010-10-07 00:00:00,324,325,326,596400,194582070,2010-10-07 00:00:00,1
2010-10-08 00:00:00,2010-10-08 00:00:00,325,2010-10-08 00:00:00,318,321,395,1512800,484464040,2010-10-08 00:00:00,1
2010-10-11 00:00:00,2010-10-11 00:00:00,330.9,2010-10-11 00:00:00,323,325.5,239,372800,122149820,2010-10-11 00:00:00,1
2010-10-12 00:00:00,2010-10-12 00:00:00,326,2010-10-12 00:00:00,312.1,313.6,319,1909100,605545370,2010-10-12 00:00:00,1
2010-10-13 00:00:00,2010-10-13 00:00:00,325,2010-10-13 00:00:00,300,320.3,469,3075300,966879940,2010-10-13 00:00:00,1
2010-10-14 00:00:00,2010-10-14 00:00:00,325,2010-10-14 00:00:00,315,316.8,217,1165100,373467130,2010-10-14 00:00:00,1
2010-10-15 00:00:00,2010-10-15 00:00:00,316,2010-10-15 00:00:00,310.1,311.1,173,804800,250888640,2010-10-15 00:00:00,1
2010-10-18 00:00:00,2010-10-18 00:00:00,315,2010-10-18 00:00:00,307,309,144,433100,134221630,2010-10-18 00:00:00,1
2010-10-19 00:00:00,2010-10-19 00:00:00,311,2010-10-19 00:00:00,307,310,224,1887000,581881680,2010-10-19 00:00:00,1
2010-10-20 00:00:00,2010-10-20 00:00:00,310,2010-10-20 00:00:00,302.5,303.7,658,"7,940,500    2",",396,616,390.00",2010-10-20 00:00:00,1
2010-10-21 00:00:00,2010-10-21 00:00:00,310,2010-10-21 00:00:00,302,302.3,321,"4,096,000    1",",231,358,970.00",2010-10-21 00:00:00,1
2010-10-25 00:00:00,2010-10-25 00:00:00,305,2010-10-25 00:00:00,300,302,224,776000,234432540,2010-10-25 00:00:00,1
2010-10-26 00:00:00,2010-10-26 00:00:00,300,2010-10-26 00:00:00,295,295.9,199,1370200,406607880,2010-10-26 00:00:00,1
2010-10-27 00:00:00,2010-10-27 00:00:00,296,2010-10-27 00:00:00,289,290.2,455,2106400,612358360,2010-10-27 00:00:00,1
2010-10-28 00:00:00,2010-10-28 00:00:00,295,2010-10-28 00:00:00,290,292.2,160,2798800,824703730,2010-10-28 00:00:00,1
2010-10-29 00:00:00,2010-10-29 00:00:00,302,2010-10-29 00:00:00,293,299.8,213,280000,83845030,2010-10-29 00:00:00,1
2010-11-01 00:00:00,2010-11-01 00:00:00,304,2010-11-01 00:00:00,301,301.9,155,232600,70189440,2010-11-01 00:00:00,1
2010-11-02 00:00:00,2010-11-02 00:00:00,302,2010-11-02 00:00:00,300,300,83,88900,26719500,2010-11-02 00:00:00,1
2010-11-03 00:00:00,2010-11-03 00:00:00,308,2010-11-03 00:00:00,300.2,301.1,229,545700,164409390,2010-11-03 00:00:00,1
2010-11-04 00:00:00,2010-11-04 00:00:00,303,2010-11-04 00:00:00,296,297.8,114,203600,61012620,2010-11-04 00:00:00,1
2010-11-08 00:00:00,2010-11-08 00:00:00,301,2010-11-08 00:00:00,298,299.9,134,496100,148805240,2010-11-08 00:00:00,1
2010-11-09 00:00:00,2010-11-09 00:00:00,302,2010-11-09 00:00:00,297,298.4,105,358300,107771330,2010-11-09 00:00:00,1
2010-11-10 00:00:00,2010-11-10 00:00:00,300,2010-11-10 00:00:00,293,294.6,151,519800,153227620,2010-11-10 00:00:00,1
2010-11-11 00:00:00,2010-11-11 00:00:00,297,2010-11-11 00:00:00,293,294,50,20200,5941050,2010-11-11 00:00:00,1
2010-11-12 00:00:00,2010-11-12 00:00:00,300,2010-11-12 00:00:00,295,298.8,65,87200,25942550,2010-11-12 00:00:00,1
2010-11-15 00:00:00,2010-11-15 00:00:00,299,2010-11-15 00:00:00,294,295.2,77,81800,24190780,2010-11-15 00:00:00,1
2010-11-16 00:00:00,2010-11-16 00:00:00,295,2010-11-16 00:00:00,290,292.8,84,300700,88292060,2010-11-16 00:00:00,1
2010-11-18 00:00:00,2010-11-18 00:00:00,301,2010-11-18 00:00:00,292,300,145,634800,187044690,2010-11-18 00:00:00,1
2010-11-22 00:00:00,2010-11-22 00:00:00,304,2010-11-22 00:00:00,299.9,300,79,1489800,446962540,2010-11-22 00:00:00,1
2010-11-23 00:00:00,2010-11-23 00:00:00,301,2010-11-23 00:00:00,295,295.4,58,74000,22037360,2010-11-23 00:00:00,1
2010-11-24 00:00:00,2010-11-24 00:00:00,299,2010-11-24 00:00:00,295.1,295.1,46,2240400,672056460,2010-11-24 00:00:00,1
2010-11-25 00:00:00,2010-11-25 00:00:00,298,2010-11-25 00:00:00,293,294.6,83,114400,33692060,2010-11-25 00:00:00,1
2010-11-26 00:00:00,2010-11-26 00:00:00,296.7,2010-11-26 00:00:00,294.6,295.8,85,2335700,701295150,2010-11-26 00:00:00,1
2010-11-29 00:00:00,2010-11-29 00:00:00,296,2010-11-29 00:00:00,292,292.6,103,1133133,339883883,2010-11-29 00:00:00,1
2010-11-30 00:00:00,2010-11-30 00:00:00,300,2010-11-30 00:00:00,295,298.8,159,851714,255444064,2010-11-30 00:00:00,1
2010-12-01 00:00:00,2010-12-01 00:00:00,301,2010-12-01 00:00:00,297,299.7,121,1548100,465319090,2010-12-01 00:00:00,1
2010-12-02 00:00:00,2010-12-02 00:00:00,300.9,2010-12-02 00:00:00,299.7,300.1,69,"4,978,800    1",",498,515,500.00",2010-12-02 00:00:00,1
2010-12-03 00:00:00,2010-12-03 00:00:00,301,2010-12-03 00:00:00,296,300.4,82,636700,191505830,2010-12-03 00:00:00,1
2010-12-06 00:00:00,2010-12-06 00:00:00,300.7,2010-12-06 00:00:00,295,295.8,41,49000,14527040,2010-12-06 00:00:00,1
2010-12-07 00:00:00,2010-12-07 00:00:00,295,2010-12-07 00:00:00,292,293.3,49,1035900,300524640,2010-12-07 00:00:00,1
2010-12-08 00:00:00,2010-12-08 00:00:00,295,2010-12-08 00:00:00,291.9,292.1,52,228600,66407910,2010-12-08 00:00:00,1
2010-12-09 00:00:00,2010-12-09 00:00:00,295,2010-12-09 00:00:00,291.8,292,58,1696600,495442870,2010-12-09 00:00:00,1
2010-12-10 00:00:00,2010-12-10 00:00:00,292,2010-12-10 00:00:00,290,290,110,184700,53587120,2010-12-10 00:00:00,1
2010-12-13 00:00:00,2010-12-13 00:00:00,297.5,2010-12-13 00:00:00,291,295.5,91,915200,267894360,2010-12-13 00:00:00,1
2010-12-14 00:00:00,2010-12-14 00:00:00,295,2010-12-14 00:00:00,291.1,293.9,30,108000,31602880,2010-12-14 00:00:00,1
2010-12-15 00:00:00,2010-12-15 00:00:00,297,2010-12-15 00:00:00,291.1,295.3,55,223000,65700190,2010-12-15 00:00:00,1
2010-12-16 00:00:00,2010-12-16 00:00:00,299,2010-12-16 00:00:00,294,294.4,69,480300,143401110,2010-12-16 00:00:00,1
2010-12-17 00:00:00,2010-12-17 00:00:00,299,2010-12-17 00:00:00,294.4,298.9,68,222400,66285340,2010-12-17 00:00:00,1
2010-12-21 00:00:00,2010-12-21 00:00:00,299.7,2010-12-21 00:00:00,296.5,298.1,98,874800,261255790,2010-12-21 00:00:00,1
2010-12-22 00:00:00,2010-12-22 00:00:00,299.5,2010-12-22 00:00:00,297.5,299,72,2304000,690735870,2010-12-22 00:00:00,1
2010-12-23 00:00:00,2010-12-23 00:00:00,300.6,2010-12-23 00:00:00,299,300,179,2544900,763456640,2010-12-23 00:00:00,1
2010-12-24 00:00:00,2010-12-24 00:00:00,303,2010-12-24 00:00:00,299.5,302.5,68,1428300,433230680,2010-12-24 00:00:00,1
2010-12-27 00:00:00,2010-12-27 00:00:00,304,2010-12-27 00:00:00,301,303,55,196300,59347480,2010-12-27 00:00:00,1
2010-12-28 00:00:00,2010-12-28 00:00:00,303,2010-12-28 00:00:00,301.5,302.2,71,325000,98166580,2010-12-28 00:00:00,1
2010-12-29 00:00:00,2010-12-29 00:00:00,303,2010-12-29 00:00:00,301,301.9,65,111900,33787500,2010-12-29 00:00:00,1
2010-12-30 00:00:00,2010-12-30 00:00:00,301,2010-12-30 00:00:00,296,299.7,38,32900,9837830,2010-12-30 00:00:00,1
2010-12-31 00:00:00,2010-12-31 00:00:00,303,2010-12-31 00:00:00,298,298.4,35,20600,6159030,2010-12-31 00:00:00,1
Company Id :  JKL,,Security Type :  N,,Sub Type  :  0000,,,,,,
Short Name :  JOHN KEELLS,,,,,,,,,,
Day,Date High,High,Date Low,Low,Closing,No. of Trades,No. of Shares,Turnover,Last Traded,Days Traded
2010-01-04 00:00:00,2010-01-04 00:00:00,155,2010-01-04 00:00:00,153,154.5,3,300,46200,2010-01-04 00:00:00,1
2010-01-05 00:00:00,2010-01-05 00:00:00,175,2010-01-05 00:00:00,158,173.75,72,39700,6666575,2010-01-05 00:00:00,1
2010-01-06 00:00:00,2010-01-06 00:00:00,174,2010-01-06 00:00:00,173.75,174,8,1700,295725,2010-01-06 00:00:00,1
2010-01-07 00:00:00,2010-01-07 00:00:00,174,2010-01-07 00:00:00,170,170,5,3500,601000,2010-01-07 00:00:00,1
2010-01-13 00:00:00,2010-01-13 00:00:00,170,2010-01-13 00:00:00,165,170,10,18500,3144000,2010-01-13 00:00:00,1
2010-01-15 00:00:00,2010-01-15 00:00:00,180,2010-01-15 00:00:00,170,179.75,30,29700,5316600,2010-01-15 00:00:00,1
2010-01-18 00:00:00,2010-01-18 00:00:00,177,2010-01-18 00:00:00,177,177,2,1600,283200,2010-01-18 00:00:00,1
2010-01-19 00:00:00,2010-01-19 00:00:00,179.75,2010-01-19 00:00:00,175,175.75,11,6700,1198500,2010-01-19 00:00:00,1
2010-01-22 00:00:00,2010-01-22 00:00:00,175,2010-01-22 00:00:00,173,174.75,3,1200,209600,2010-01-22 00:00:00,1
2010-01-26 00:00:00,2010-01-26 00:00:00,175,2010-01-26 00:00:00,175,175,2,500,87500,2010-01-26 00:00:00,1
2010-01-28 00:00:00,2010-01-28 00:00:00,175,2010-01-28 00:00:00,162.75,174.75,10,9100,1541250,2010-01-28 00:00:00,1
2010-02-02 00:00:00,2010-02-02 00:00:00,173,2010-02-02 00:00:00,173,173,1,100,17300,2010-02-02 00:00:00,1
2010-02-03 00:00:00,2010-02-03 00:00:00,173.5,2010-02-03 00:00:00,170,172,9,2500,428700,2010-02-03 00:00:00,1
2010-02-05 00:00:00,2010-02-05 00:00:00,175,2010-02-05 00:00:00,173,174.75,2,1100,192300,2010-02-05 00:00:00,1
2010-02-08 00:00:00,2010-02-08 00:00:00,182,2010-02-08 00:00:00,177.75,181,21,25500,4583475,2010-02-08 00:00:00,1
2010-02-09 00:00:00,2010-02-09 00:00:00,179.75,2010-02-09 00:00:00,179.75,179.75,1,500,89875,2010-02-09 00:00:00,1
2010-02-10 00:00:00,2010-02-10 00:00:00,179,2010-02-10 00:00:00,178,178.25,7,1000,178350,2010-02-10 00:00:00,1
2010-02-11 00:00:00,2010-02-11 00:00:00,176,2010-02-11 00:00:00,176,176,1,100,17600,2010-02-11 00:00:00,1
2010-02-12 00:00:00,2010-02-12 00:00:00,175.25,2010-02-12 00:00:00,175,175,3,300,52525,2010-02-12 00:00:00,1
2010-02-18 00:00:00,2010-02-18 00:00:00,181.5,2010-02-18 00:00:00,175,180,44,34500,6206625,2010-02-18 00:00:00,1
2010-02-19 00:00:00,2010-02-19 00:00:00,182,2010-02-19 00:00:00,180.25,181,6,2700,487300,2010-02-19 00:00:00,1
2010-02-22 00:00:00,2010-02-22 00:00:00,180,2010-02-22 00:00:00,180,180,5,4500,810000,2010-02-22 00:00:00,1
2010-02-23 00:00:00,2010-02-23 00:00:00,176,2010-02-23 00:00:00,175,175.25,7,6000,1051375,2010-02-23 00:00:00,1
2010-02-24 00:00:00,2010-02-24 00:00:00,175.25,2010-02-24 00:00:00,175.25,175.25,2,200,35050,2010-02-24 00:00:00,1
2010-02-25 00:00:00,2010-02-25 00:00:00,176,2010-02-25 00:00:00,175,175.25,12,4500,788900,2010-02-25 00:00:00,1
2010-02-26 00:00:00,2010-02-26 00:00:00,175,2010-02-26 00:00:00,175,175,3,2000,350000,2010-02-26 00:00:00,1
2010-03-02 00:00:00,2010-03-02 00:00:00,184.75,2010-03-02 00:00:00,180,180.5,4,500,91050,2010-03-02 00:00:00,1
2010-03-04 00:00:00,2010-03-04 00:00:00,180.5,2010-03-04 00:00:00,180,180,2,500,90050,2010-03-04 00:00:00,1
2010-03-09 00:00:00,2010-03-09 00:00:00,180,2010-03-09 00:00:00,180,180,1,200,36000,2010-03-09 00:00:00,1
2010-03-15 00:00:00,2010-03-15 00:00:00,180,2010-03-15 00:00:00,180,180,1,1000,180000,2010-03-15 00:00:00,1
2010-03-17 00:00:00,2010-03-17 00:00:00,175.25,2010-03-17 00:00:00,175,175,7,2600,455050,2010-03-17 00:00:00,1
2010-03-19 00:00:00,2010-03-19 00:00:00,175,2010-03-19 00:00:00,175,175,1,100,17500,2010-03-19 00:00:00,1
2010-03-23 00:00:00,2010-03-23 00:00:00,172,2010-03-23 00:00:00,172,172,1,100,17200,2010-03-23 00:00:00,1
2010-03-26 00:00:00,2010-03-26 00:00:00,200,2010-03-26 00:00:00,180,194.5,45,21100,4035700,2010-03-26 00:00:00,1
2010-04-01 00:00:00,2010-04-01 00:00:00,190,2010-04-01 00:00:00,190,190,1,100,19000,2010-04-01 00:00:00,1
2010-04-06 00:00:00,2010-04-06 00:00:00,185,2010-04-06 00:00:00,181,183,2,200,36600,2010-04-06 00:00:00,1
2010-04-07 00:00:00,2010-04-07 00:00:00,190,2010-04-07 00:00:00,184,186.75,7,3100,578750,2010-04-07 00:00:00,1
2010-04-08 00:00:00,2010-04-08 00:00:00,192,2010-04-08 00:00:00,188,190,14,10700,2029900,2010-04-08 00:00:00,1
2010-04-12 00:00:00,2010-04-12 00:00:00,189.75,2010-04-12 00:00:00,189.75,189.75,1,100,18975,2010-04-12 00:00:00,1
2010-04-15 00:00:00,2010-04-15 00:00:00,190,2010-04-15 00:00:00,180,190,7,2600,492950,2010-04-15 00:00:00,1
2010-04-19 00:00:00,2010-04-19 00:00:00,190,2010-04-19 00:00:00,190,190,1,500,95000,2010-04-19 00:00:00,1
2010-04-20 00:00:00,2010-04-20 00:00:00,206,2010-04-20 00:00:00,199,203.75,12,9000,1832700,2010-04-20 00:00:00,1
2010-04-21 00:00:00,2010-04-21 00:00:00,205,2010-04-21 00:00:00,200,205,10,4600,941850,2010-04-21 00:00:00,1
2010-04-22 00:00:00,2010-04-22 00:00:00,206,2010-04-22 00:00:00,200,202.5,6,1000,202200,2010-04-22 00:00:00,1
2010-04-23 00:00:00,2010-04-23 00:00:00,205,2010-04-23 00:00:00,205,205,1,100,20500,2010-04-23 00:00:00,1
2010-04-26 00:00:00,2010-04-26 00:00:00,210,2010-04-26 00:00:00,206,210,8,7000,1468725,2010-04-26 00:00:00,1
2010-04-27 00:00:00,2010-04-27 00:00:00,210,2010-04-27 00:00:00,200,209.5,6,6600,1385000,2010-04-27 00:00:00,1
2010-04-29 00:00:00,2010-04-29 00:00:00,209,2010-04-29 00:00:00,209,209,1,100,20900,2010-04-29 00:00:00,1
2010-05-03 00:00:00,2010-05-03 00:00:00,210,2010-05-03 00:00:00,200,202,5,2600,540000,2010-05-03 00:00:00,1
2010-05-04 00:00:00,2010-05-04 00:00:00,205,2010-05-04 00:00:00,205,205,1,2000,410000,2010-05-04 00:00:00,1
2010-05-05 00:00:00,2010-05-05 00:00:00,210,2010-05-05 00:00:00,205,209,5,700,145650,2010-05-05 00:00:00,1
2010-05-06 00:00:00,2010-05-06 00:00:00,211,2010-05-06 00:00:00,210,211,4,800,168400,2010-05-06 00:00:00,1
2010-05-07 00:00:00,2010-05-07 00:00:00,212,2010-05-07 00:00:00,212,212,2,1300,275600,2010-05-07 00:00:00,1
2010-05-10 00:00:00,2010-05-10 00:00:00,209,2010-05-10 00:00:00,209,209,1,100,20900,2010-05-10 00:00:00,1
2010-05-12 00:00:00,2010-05-12 00:00:00,230,2010-05-12 00:00:00,211.75,225,52,37900,8286075,2010-05-12 00:00:00,1
2010-05-13 00:00:00,2010-05-13 00:00:00,234,2010-05-13 00:00:00,225,233.25,10,3400,778400,2010-05-13 00:00:00,1
2010-05-14 00:00:00,2010-05-14 00:00:00,233,2010-05-14 00:00:00,233,233,5,700,163100,2010-05-14 00:00:00,1
2010-05-18 00:00:00,2010-05-18 00:00:00,234,2010-05-18 00:00:00,233,233.5,2,200,46700,2010-05-18 00:00:00,1
2010-05-21 00:00:00,2010-05-21 00:00:00,230,2010-05-21 00:00:00,230,230,1,200,46000,2010-05-21 00:00:00,1
2010-05-24 00:00:00,2010-05-24 00:00:00,235,2010-05-24 00:00:00,233,233.75,10,4000,934950,2010-05-24 00:00:00,1
2010-05-26 00:00:00,2010-05-26 00:00:00,245,2010-05-26 00:00:00,220,237,26,10700,2491350,2010-05-26 00:00:00,1
2010-05-31 00:00:00,2010-05-31 00:00:00,244,2010-05-31 00:00:00,240,240,7,900,216550,2010-05-31 00:00:00,1
2010-06-02 00:00:00,2010-06-02 00:00:00,230,2010-06-02 00:00:00,230,230,1,100,23000,2010-06-02 00:00:00,1
2010-06-04 00:00:00,2010-06-04 00:00:00,225,2010-06-04 00:00:00,218.5,220.25,3,800,179050,2010-06-04 00:00:00,1
2010-06-07 00:00:00,2010-06-07 00:00:00,240,2010-06-07 00:00:00,240,240,5,500,120000,2010-06-07 00:00:00,1
2010-06-08 00:00:00,2010-06-08 00:00:00,240,2010-06-08 00:00:00,221,237,30,9800,2254550,2010-06-08 00:00:00,1
2010-06-09 00:00:00,2010-06-09 00:00:00,230,2010-06-09 00:00:00,225,230,4,1500,339000,2010-06-09 00:00:00,1
2010-06-10 00:00:00,2010-06-10 00:00:00,233,2010-06-10 00:00:00,230,233,8,4000,926000,2010-06-10 00:00:00,1
2010-06-11 00:00:00,2010-06-11 00:00:00,237,2010-06-11 00:00:00,233,235.25,10,4100,962500,2010-06-11 00:00:00,1
2010-06-14 00:00:00,2010-06-14 00:00:00,247,2010-06-14 00:00:00,239.5,246.75,21,5400,1308150,2010-06-14 00:00:00,1
2010-06-15 00:00:00,2010-06-15 00:00:00,250,2010-06-15 00:00:00,245,245,9,7500,1860000,2010-06-15 00:00:00,1
2010-06-16 00:00:00,2010-06-16 00:00:00,251,2010-06-16 00:00:00,245,250,18,10700,2674100,2010-06-16 00:00:00,1
2010-06-17 00:00:00,2010-06-17 00:00:00,251,2010-06-17 00:00:00,251,251,1,300,75300,2010-06-17 00:00:00,1
2010-06-21 00:00:00,2010-06-21 00:00:00,250,2010-06-21 00:00:00,250,250,5,3400,850000,2010-06-21 00:00:00,1
2010-06-22 00:00:00,2010-06-22 00:00:00,250,2010-06-22 00:00:00,250,250,3,1200,300000,2010-06-22 00:00:00,1
2010-06-23 00:00:00,2010-06-23 00:00:00,248.75,2010-06-23 00:00:00,240,244.75,7,1500,364875,2010-06-23 00:00:00,1
2010-06-24 00:00:00,2010-06-24 00:00:00,240,2010-06-24 00:00:00,240,240,2,500,120000,2010-06-24 00:00:00,1
2010-06-28 00:00:00,2010-06-28 00:00:00,240,2010-06-28 00:00:00,240,240,2,200,48000,2010-06-28 00:00:00,1
2010-06-29 00:00:00,2010-06-29 00:00:00,239,2010-06-29 00:00:00,239,239,1,100,23900,2010-06-29 00:00:00,1
2010-07-01 00:00:00,2010-07-01 00:00:00,240,2010-07-01 00:00:00,239,239.5,2,200,47900,2010-07-01 00:00:00,1
2010-07-07 00:00:00,2010-07-07 00:00:00,231.75,2010-07-07 00:00:00,222,231.75,12,7100,1600875,2010-07-07 00:00:00,1
2010-07-08 00:00:00,2010-07-08 00:00:00,239,2010-07-08 00:00:00,230,233.25,11,3000,693600,2010-07-08 00:00:00,1
2010-07-14 00:00:00,2010-07-14 00:00:00,235,2010-07-14 00:00:00,235,235,1,2000,470000,2010-07-14 00:00:00,1
2010-07-15 00:00:00,2010-07-15 00:00:00,241,2010-07-15 00:00:00,238,239.75,3,1400,335800,2010-07-15 00:00:00,1
2010-07-16 00:00:00,2010-07-16 00:00:00,260,2010-07-16 00:00:00,250,260,28,12500,3215100,2010-07-16 00:00:00,1
2010-07-19 00:00:00,2010-07-19 00:00:00,260,2010-07-19 00:00:00,259,260,5,3300,857900,2010-07-19 00:00:00,1
2010-07-20 00:00:00,2010-07-20 00:00:00,300,2010-07-20 00:00:00,269,296.5,18,3600,1049300,2010-07-20 00:00:00,1
2010-07-21 00:00:00,2010-07-21 00:00:00,360,2010-07-21 00:00:00,341,350,140,73000,25570550,2010-07-21 00:00:00,1
2010-07-22 00:00:00,2010-07-22 00:00:00,350,2010-07-22 00:00:00,340.25,349.75,19,3800,1326650,2010-07-22 00:00:00,1
2010-07-23 00:00:00,2010-07-23 00:00:00,350,2010-07-23 00:00:00,340,350,13,2400,838975,2010-07-23 00:00:00,1
2010-07-26 00:00:00,2010-07-26 00:00:00,350,2010-07-26 00:00:00,347,349,10,1600,558450,2010-07-26 00:00:00,1
2010-07-27 00:00:00,2010-07-27 00:00:00,349,2010-07-27 00:00:00,348.5,348.75,6,700,244225,2010-07-27 00:00:00,1
2010-07-28 00:00:00,2010-07-28 00:00:00,349,2010-07-28 00:00:00,340.25,344,9,900,312325,2010-07-28 00:00:00,1
2010-07-29 00:00:00,2010-07-29 00:00:00,349,2010-07-29 00:00:00,346,347.75,6,1500,522025,2010-07-29 00:00:00,1
2010-07-30 00:00:00,2010-07-30 00:00:00,348.5,2010-07-30 00:00:00,340.5,345,8,4300,1486500,2010-07-30 00:00:00,1
2010-08-02 00:00:00,2010-08-02 00:00:00,345,2010-08-02 00:00:00,340.5,340.5,5,1500,515750,2010-08-02 00:00:00,1
2010-08-03 00:00:00,2010-08-03 00:00:00,343,2010-08-03 00:00:00,340,340.3,15,2800,952620,2010-08-03 00:00:00,1
2010-08-04 00:00:00,2010-08-04 00:00:00,344,2010-08-04 00:00:00,340,341.3,3,600,204400,2010-08-04 00:00:00,1
2010-08-05 00:00:00,2010-08-05 00:00:00,350,2010-08-05 00:00:00,336,342,6,1100,377800,2010-08-05 00:00:00,1
2010-08-06 00:00:00,2010-08-06 00:00:00,341,2010-08-06 00:00:00,330,335.9,11,1300,436710,2010-08-06 00:00:00,1
2010-08-09 00:00:00,2010-08-09 00:00:00,324,2010-08-09 00:00:00,315,317.5,11,1500,475800,2010-08-09 00:00:00,1
2010-08-10 00:00:00,2010-08-10 00:00:00,340,2010-08-10 00:00:00,329,329.4,18,3500,1160590,2010-08-10 00:00:00,1
2010-08-11 00:00:00,2010-08-11 00:00:00,330,2010-08-11 00:00:00,322.5,323.4,53,13300,4342710,2010-08-11 00:00:00,1
2010-08-13 00:00:00,2010-08-13 00:00:00,325,2010-08-13 00:00:00,320,325,16,6000,1939850,2010-08-13 00:00:00,1
2010-08-16 00:00:00,2010-08-16 00:00:00,325,2010-08-16 00:00:00,325,325,30,5400,1755000,2010-08-16 00:00:00,1
2010-08-17 00:00:00,2010-08-17 00:00:00,326.1,2010-08-17 00:00:00,325,325,24,5200,1690240,2010-08-17 00:00:00,1
2010-08-18 00:00:00,2010-08-18 00:00:00,357.5,2010-08-18 00:00:00,334,338.4,35,11700,4022100,2010-08-18 00:00:00,1
2010-08-19 00:00:00,2010-08-19 00:00:00,338,2010-08-19 00:00:00,338,338,1,500,169000,2010-08-19 00:00:00,1
2010-08-20 00:00:00,2010-08-20 00:00:00,371,2010-08-20 00:00:00,331,337.8,12,2500,861200,2010-08-20 00:00:00,1
2010-08-23 00:00:00,2010-08-23 00:00:00,345,2010-08-23 00:00:00,338,342.4,25,4200,1436450,2010-08-23 00:00:00,1
2010-08-25 00:00:00,2010-08-25 00:00:00,347.1,2010-08-25 00:00:00,342,344.3,22,3600,1243660,2010-08-25 00:00:00,1
2010-08-26 00:00:00,2010-08-26 00:00:00,354.9,2010-08-26 00:00:00,342.3,353,27,6700,2337880,2010-08-26 00:00:00,1
2010-08-31 00:00:00,2010-08-31 00:00:00,175,2010-08-31 00:00:00,162,169.8,23,10100,1722650,2010-08-31 00:00:00,1
2010-09-01 00:00:00,2010-09-01 00:00:00,168,2010-09-01 00:00:00,167,167.1,12,3100,517900,2010-09-01 00:00:00,1
2010-09-02 00:00:00,2010-09-02 00:00:00,160.1,2010-09-02 00:00:00,160,160,7,14200,2272050,2010-09-02 00:00:00,1
2010-09-03 00:00:00,2010-09-03 00:00:00,170,2010-09-03 00:00:00,161.5,169.1,8,2900,478850,2010-09-03 00:00:00,1
2010-09-06 00:00:00,2010-09-06 00:00:00,174.9,2010-09-06 00:00:00,163,173.2,12,4400,751820,2010-09-06 00:00:00,1
2010-09-07 00:00:00,2010-09-07 00:00:00,175,2010-09-07 00:00:00,170,174,27,11800,2048260,2010-09-07 00:00:00,1
2010-09-08 00:00:00,2010-09-08 00:00:00,174,2010-09-08 00:00:00,172,172.7,4,1300,224500,2010-09-08 00:00:00,1
2010-09-09 00:00:00,2010-09-09 00:00:00,172,2010-09-09 00:00:00,169.5,172,10,2100,357250,2010-09-09 00:00:00,1
2010-09-13 00:00:00,2010-09-13 00:00:00,172,2010-09-13 00:00:00,171,171.3,3,700,119900,2010-09-13 00:00:00,1
2010-09-14 00:00:00,2010-09-14 00:00:00,183,2010-09-14 00:00:00,170,180,51,59800,10684400,2010-09-14 00:00:00,1
2010-09-15 00:00:00,2010-09-15 00:00:00,184,2010-09-15 00:00:00,181,182.9,19,5300,965900,2010-09-15 00:00:00,1
2010-09-16 00:00:00,2010-09-16 00:00:00,180,2010-09-16 00:00:00,175.3,177,7,2300,411870,2010-09-16 00:00:00,1
2010-09-17 00:00:00,2010-09-17 00:00:00,180,2010-09-17 00:00:00,178.1,179.4,12,7900,1410420,2010-09-17 00:00:00,1
2010-09-20 00:00:00,2010-09-20 00:00:00,185,2010-09-20 00:00:00,180,180,16,6000,1087000,2010-09-20 00:00:00,1
2010-09-21 00:00:00,2010-09-21 00:00:00,182,2010-09-21 00:00:00,175,182,20,23600,4230980,2010-09-21 00:00:00,1
2010-09-23 00:00:00,2010-09-23 00:00:00,182,2010-09-23 00:00:00,180.1,182,9,2800,509220,2010-09-23 00:00:00,1
2010-09-24 00:00:00,2010-09-24 00:00:00,206,2010-09-24 00:00:00,182,202.4,66,30400,5932150,2010-09-24 00:00:00,1
2010-09-27 00:00:00,2010-09-27 00:00:00,213,2010-09-27 00:00:00,205,207.7,65,25000,5204470,2010-09-27 00:00:00,1
2010-09-28 00:00:00,2010-09-28 00:00:00,213,2010-09-28 00:00:00,205,209.4,31,13400,2811740,2010-09-28 00:00:00,1
2010-09-29 00:00:00,2010-09-29 00:00:00,206.5,2010-09-29 00:00:00,206,206.5,3,1500,309400,2010-09-29 00:00:00,1
2010-09-30 00:00:00,2010-09-30 00:00:00,214.9,2010-09-30 00:00:00,210,213.9,20,8200,1746840,2010-09-30 00:00:00,1
2010-10-01 00:00:00,2010-10-01 00:00:00,250,2010-10-01 00:00:00,215,248.1,104,57400,13823690,2010-10-01 00:00:00,1
2010-10-04 00:00:00,2010-10-04 00:00:00,250,2010-10-04 00:00:00,240,246.8,74,42400,10413090,2010-10-04 00:00:00,1
2010-10-05 00:00:00,2010-10-05 00:00:00,245,2010-10-05 00:00:00,230,240,22,17800,4298460,2010-10-05 00:00:00,1
2010-10-06 00:00:00,2010-10-06 00:00:00,240,2010-10-06 00:00:00,215,227.8,26,17600,3865400,2010-10-06 00:00:00,1
2010-10-07 00:00:00,2010-10-07 00:00:00,235,2010-10-07 00:00:00,216,231.6,46,17100,3894160,2010-10-07 00:00:00,1
2010-10-08 00:00:00,2010-10-08 00:00:00,230,2010-10-08 00:00:00,216,229.1,18,4900,1103790,2010-10-08 00:00:00,1
2010-10-11 00:00:00,2010-10-11 00:00:00,240,2010-10-11 00:00:00,230,232.2,12,5400,1266000,2010-10-11 00:00:00,1
2010-10-12 00:00:00,2010-10-12 00:00:00,225.1,2010-10-12 00:00:00,210,213.2,44,14800,3183050,2010-10-12 00:00:00,1
2010-10-13 00:00:00,2010-10-13 00:00:00,215,2010-10-13 00:00:00,187,211,66,24700,4988520,2010-10-13 00:00:00,1
2010-10-14 00:00:00,2010-10-14 00:00:00,212,2010-10-14 00:00:00,210,210.2,21,9800,2061250,2010-10-14 00:00:00,1
2010-10-15 00:00:00,2010-10-15 00:00:00,210,2010-10-15 00:00:00,192,205.3,9,1200,242460,2010-10-15 00:00:00,1
2010-10-18 00:00:00,2010-10-18 00:00:00,210,2010-10-18 00:00:00,206,208,3,400,83400,2010-10-18 00:00:00,1
2010-10-19 00:00:00,2010-10-19 00:00:00,215,2010-10-19 00:00:00,209,210.3,18,15000,3153520,2010-10-19 00:00:00,1
2010-10-20 00:00:00,2010-10-20 00:00:00,230,2010-10-20 00:00:00,212.1,212.1,7,1900,424050,2010-10-20 00:00:00,1
2010-10-21 00:00:00,2010-10-21 00:00:00,215,2010-10-21 00:00:00,212.2,213.3,6,1500,321820,2010-10-21 00:00:00,1
2010-10-25 00:00:00,2010-10-25 00:00:00,212.2,2010-10-25 00:00:00,212.2,212.2,1,200,42440,2010-10-25 00:00:00,1
2010-10-26 00:00:00,2010-10-26 00:00:00,205.1,2010-10-26 00:00:00,203,205,10,2000,409620,2010-10-26 00:00:00,1
2010-10-27 00:00:00,2010-10-27 00:00:00,201,2010-10-27 00:00:00,200,200,4,1700,340100,2010-10-27 00:00:00,1
2010-10-28 00:00:00,2010-10-28 00:00:00,210,2010-10-28 00:00:00,210,210,1,300,63000,2010-10-28 00:00:00,1
2010-10-29 00:00:00,2010-10-29 00:00:00,210,2010-10-29 00:00:00,205,206.3,4,2500,519500,2010-10-29 00:00:00,1
2010-11-01 00:00:00,2010-11-01 00:00:00,205,2010-11-01 00:00:00,205,205,4,1600,328000,2010-11-01 00:00:00,1
2010-11-02 00:00:00,2010-11-02 00:00:00,207,2010-11-02 00:00:00,205,205,2,600,123200,2010-11-02 00:00:00,1
2010-11-03 00:00:00,2010-11-03 00:00:00,205,2010-11-03 00:00:00,200,204.2,10,2700,548650,2010-11-03 00:00:00,1
2010-11-04 00:00:00,2010-11-04 00:00:00,205,2010-11-04 00:00:00,203,203.9,12,6400,1307800,2010-11-04 00:00:00,1
2010-11-08 00:00:00,2010-11-08 00:00:00,211,2010-11-08 00:00:00,201,205,12,4000,816400,2010-11-08 00:00:00,1
2010-11-09 00:00:00,2010-11-09 00:00:00,201,2010-11-09 00:00:00,200,200.1,10,2400,480440,2010-11-09 00:00:00,1
2010-11-10 00:00:00,2010-11-10 00:00:00,203,2010-11-10 00:00:00,201,201,7,2600,524600,2010-11-10 00:00:00,1
2010-11-12 00:00:00,2010-11-12 00:00:00,216,2010-11-12 00:00:00,200.5,215,27,6800,1427550,2010-11-12 00:00:00,1
2010-11-15 00:00:00,2010-11-15 00:00:00,210,2010-11-15 00:00:00,201.1,201.4,7,1200,243420,2010-11-15 00:00:00,1
2010-11-16 00:00:00,2010-11-16 00:00:00,201.5,2010-11-16 00:00:00,200,200,3,400,80250,2010-11-16 00:00:00,1
2010-11-18 00:00:00,2010-11-18 00:00:00,209,2010-11-18 00:00:00,202,208.4,12,2800,576250,2010-11-18 00:00:00,1
2010-11-22 00:00:00,2010-11-22 00:00:00,201.9,2010-11-22 00:00:00,200,201.4,5,2400,480560,2010-11-22 00:00:00,1
2010-11-23 00:00:00,2010-11-23 00:00:00,205,2010-11-23 00:00:00,200.1,205,6,1100,222560,2010-11-23 00:00:00,1
2010-11-24 00:00:00,2010-11-24 00:00:00,205,2010-11-24 00:00:00,200,205,7,2300,464970,2010-11-24 00:00:00,1
2010-11-25 00:00:00,2010-11-25 00:00:00,205,2010-11-25 00:00:00,203,203.6,3,1000,203600,2010-11-25 00:00:00,1
2010-11-26 00:00:00,2010-11-26 00:00:00,202,2010-11-26 00:00:00,200,200,8,1700,340200,2010-11-26 00:00:00,1
2010-11-29 00:00:00,2010-11-29 00:00:00,200,2010-11-29 00:00:00,195,195,2,300,59000,2010-11-29 00:00:00,1
2010-11-30 00:00:00,2010-11-30 00:00:00,205,2010-11-30 00:00:00,203,203,5,1200,245300,2010-11-30 00:00:00,1
2010-12-01 00:00:00,2010-12-01 00:00:00,205,2010-12-01 00:00:00,200,205,13,3000,613160,2010-12-01 00:00:00,1
2010-12-02 00:00:00,2010-12-02 00:00:00,210,2010-12-02 00:00:00,210,210,4,900,189000,2010-12-02 00:00:00,1
2010-12-03 00:00:00,2010-12-03 00:00:00,216,2010-12-03 00:00:00,215,215,5,1300,280550,2010-12-03 00:00:00,1
2010-12-06 00:00:00,2010-12-06 00:00:00,214,2010-12-06 00:00:00,214,214,1,200,42800,2010-12-06 00:00:00,1
2010-12-07 00:00:00,2010-12-07 00:00:00,202.1,2010-12-07 00:00:00,200,200.9,10,1700,341400,2010-12-07 00:00:00,1
2010-12-08 00:00:00,2010-12-08 00:00:00,201.2,2010-12-08 00:00:00,201,201.2,3,300,60330,2010-12-08 00:00:00,1
2010-12-09 00:00:00,2010-12-09 00:00:00,205,2010-12-09 00:00:00,201.2,203.1,2,200,40620,2010-12-09 00:00:00,1
2010-12-10 00:00:00,2010-12-10 00:00:00,201.2,2010-12-10 00:00:00,198,200,6,11000,2182860,2010-12-10 00:00:00,1
2010-12-13 00:00:00,2010-12-13 00:00:00,200,2010-12-13 00:00:00,200,200,4,3000,600000,2010-12-13 00:00:00,1
2010-12-14 00:00:00,2010-12-14 00:00:00,200,2010-12-14 00:00:00,200,200,1,1000,200000,2010-12-14 00:00:00,1
2010-12-17 00:00:00,2010-12-17 00:00:00,200,2010-12-17 00:00:00,195,195.7,6,900,176000,2010-12-17 00:00:00,1
2010-12-21 00:00:00,2010-12-21 00:00:00,199,2010-12-21 00:00:00,199,199,2,600,119400,2010-12-21 00:00:00,1
2010-12-22 00:00:00,2010-12-22 00:00:00,200,2010-12-22 00:00:00,195,197.6,4,400,78620,2010-12-22 00:00:00,1
2010-12-23 00:00:00,2010-12-23 00:00:00,205,2010-12-23 00:00:00,205,205,2,300,61500,2010-12-23 00:00:00,1
2010-12-27 00:00:00,2010-12-27 00:00:00,200,2010-12-27 00:00:00,200,200,2,200,40000,2010-12-27 00:00:00,1
2010-12-28 00:00:00,2010-12-28 00:00:00,200,2010-12-28 00:00:00,199,200,4,2200,439800,2010-12-28 00:00:00,1
2010-12-29 00:00:00,2010-12-29 00:00:00,200,2010-12-29 00:00:00,200,200,3,300,60000,2010-12-29 00:00:00,1
2010-12-30 00:00:00,2010-12-30 00:00:00,204.8,2010-12-30 00:00:00,195,198.7,6,4400,874080,2010-12-30 00:00:00,1
2010-12-31 00:00:00,2010-12-31 00:00:00,204.5,2010-12-31 00:00:00,204.5,204.5,4,400,81800,2010-12-31 00:00:00,1
Company Id :  KAHA,,Security Type :  N,,Sub Type :  0000,,,,,,
Short Name :  KAHAWATTE,,,,,,,,,,
Day,Date High,High,Date Low,Low,Closing,No. of Trades,No. of Shares,Turnover,Last Traded,Days Traded
2010-01-04 00:00:00,2010-01-04 00:00:00,31,2010-01-04 00:00:00,31,31,1,1000,31000,2010-01-04 00:00:00,1
2010-01-05 00:00:00,2010-01-05 00:00:00,31.25,2010-01-05 00:00:00,28.5,30.75,6,1900,58375,2010-01-05 00:00:00,1
2010-01-06 00:00:00,2010-01-06 00:00:00,31,2010-01-06 00:00:00,29,30,5,900,27100,2010-01-06 00:00:00,1
2010-01-07 00:00:00,2010-01-07 00:00:00,30,2010-01-07 00:00:00,30,30,3,500,15000,2010-01-07 00:00:00,1
2010-01-08 00:00:00,2010-01-08 00:00:00,33,2010-01-08 00:00:00,29,31.5,39,25300,795575,2010-01-08 00:00:00,1
2010-01-11 00:00:00,2010-01-11 00:00:00,33,2010-01-11 00:00:00,30,30.75,24,8800,274225,2010-01-11 00:00:00,1
2010-01-12 00:00:00,2010-01-12 00:00:00,31.75,2010-01-12 00:00:00,30.25,31.75,12,1700,52025,2010-01-12 00:00:00,1
2010-01-13 00:00:00,2010-01-13 00:00:00,32.5,2010-01-13 00:00:00,30,32.25,25,12000,378100,2010-01-13 00:00:00,1
2010-01-15 00:00:00,2010-01-15 00:00:00,32.5,2010-01-15 00:00:00,30,31.75,13,4600,147050,2010-01-15 00:00:00,1
2010-01-18 00:00:00,2010-01-18 00:00:00,33,2010-01-18 00:00:00,31,32.25,10,3300,105250,2010-01-18 00:00:00,1
2010-01-19 00:00:00,2010-01-19 00:00:00,32.25,2010-01-19 00:00:00,30.25,31,16,7600,236125,2010-01-19 00:00:00,1
2010-01-20 00:00:00,2010-01-20 00:00:00,32.5,2010-01-20 00:00:00,31,32.5,5,600,19300,2010-01-20 00:00:00,1
2010-01-22 00:00:00,2010-01-22 00:00:00,32,2010-01-22 00:00:00,30.25,31.25,33,15800,494125,2010-01-22 00:00:00,1
2010-01-25 00:00:00,2010-01-25 00:00:00,33,2010-01-25 00:00:00,30.5,32.25,15,6300,205200,2010-01-25 00:00:00,1
2010-01-26 00:00:00,2010-01-26 00:00:00,33,2010-01-26 00:00:00,33,33,4,1100,36300,2010-01-26 00:00:00,1
2010-01-28 00:00:00,2010-01-28 00:00:00,33,2010-01-28 00:00:00,32.25,32.5,22,14300,467550,2010-01-28 00:00:00,1
2010-02-01 00:00:00,2010-02-01 00:00:00,36,2010-02-01 00:00:00,32.75,34.5,38,26900,912100,2010-02-01 00:00:00,1
2010-02-02 00:00:00,2010-02-02 00:00:00,36.5,2010-02-02 00:00:00,35,36,51,30500,1099400,2010-02-02 00:00:00,1
2010-02-03 00:00:00,2010-02-03 00:00:00,36.75,2010-02-03 00:00:00,33,35,10,3500,121650,2010-02-03 00:00:00,1
2010-02-05 00:00:00,2010-02-05 00:00:00,36.75,2010-02-05 00:00:00,34,34.25,3,3500,120200,2010-02-05 00:00:00,1
2010-02-08 00:00:00,2010-02-08 00:00:00,37.75,2010-02-08 00:00:00,34.25,37,66,303600,11211375,2010-02-08 00:00:00,1
2010-02-09 00:00:00,2010-02-09 00:00:00,37,2010-02-09 00:00:00,35,37,8,18300,672300,2010-02-09 00:00:00,1
2010-02-10 00:00:00,2010-02-10 00:00:00,38.75,2010-02-10 00:00:00,36,36.5,12,3700,138950,2010-02-10 00:00:00,1
2010-02-11 00:00:00,2010-02-11 00:00:00,34,2010-02-11 00:00:00,33.25,34,10,1500,50325,2010-02-11 00:00:00,1
2010-02-12 00:00:00,2010-02-12 00:00:00,35,2010-02-12 00:00:00,33,35,7,4000,139600,2010-02-12 00:00:00,1
2010-02-15 00:00:00,2010-02-15 00:00:00,37,2010-02-15 00:00:00,37,37,1,100,3700,2010-02-15 00:00:00,1
2010-02-16 00:00:00,2010-02-16 00:00:00,38,2010-02-16 00:00:00,36.75,37,11,4500,166775,2010-02-16 00:00:00,1
2010-02-17 00:00:00,2010-02-17 00:00:00,37,2010-02-17 00:00:00,34,35.5,2,400,14200,2010-02-17 00:00:00,1
2010-02-18 00:00:00,2010-02-18 00:00:00,36.5,2010-02-18 00:00:00,34,34.75,17,4400,153275,2010-02-18 00:00:00,1
2010-02-19 00:00:00,2010-02-19 00:00:00,36.75,2010-02-19 00:00:00,33.25,36,53,26200,936975,2010-02-19 00:00:00,1
2010-02-22 00:00:00,2010-02-22 00:00:00,37.5,2010-02-22 00:00:00,34,35,14,3100,113300,2010-02-22 00:00:00,1
2010-02-23 00:00:00,2010-02-23 00:00:00,36.75,2010-02-23 00:00:00,35.25,35.25,6,5600,199975,2010-02-23 00:00:00,1
2010-02-24 00:00:00,2010-02-24 00:00:00,36,2010-02-24 00:00:00,33,35,11,2100,71775,2010-02-24 00:00:00,1
2010-02-25 00:00:00,2010-02-25 00:00:00,36,2010-02-25 00:00:00,33.5,34.25,5,1500,51500,2010-02-25 00:00:00,1
2010-02-26 00:00:00,2010-02-26 00:00:00,36,2010-02-26 00:00:00,34,35,10,2900,101600,2010-02-26 00:00:00,1
2010-03-01 00:00:00,2010-03-01 00:00:00,36.5,2010-03-01 00:00:00,33.5,33.5,33,28700,979175,2010-03-01 00:00:00,1
2010-03-02 00:00:00,2010-03-02 00:00:00,33.25,2010-03-02 00:00:00,32.25,32.5,32,25000,815225,2010-03-02 00:00:00,1
2010-03-03 00:00:00,2010-03-03 00:00:00,32,2010-03-03 00:00:00,31.25,31.25,6,4400,140650,2010-03-03 00:00:00,1
2010-03-04 00:00:00,2010-03-04 00:00:00,33,2010-03-04 00:00:00,31,32.25,5,600,19050,2010-03-04 00:00:00,1
2010-03-05 00:00:00,2010-03-05 00:00:00,34.5,2010-03-05 00:00:00,32.25,34.5,5,1200,40625,2010-03-05 00:00:00,1
2010-03-08 00:00:00,2010-03-08 00:00:00,34.5,2010-03-08 00:00:00,32,33,13,3200,105850,2010-03-08 00:00:00,1
2010-03-09 00:00:00,2010-03-09 00:00:00,33,2010-03-09 00:00:00,33,33,1,200,6600,2010-03-09 00:00:00,1
2010-03-10 00:00:00,2010-03-10 00:00:00,33,2010-03-10 00:00:00,32,32.5,3,300,9700,2010-03-10 00:00:00,1
2010-03-11 00:00:00,2010-03-11 00:00:00,32.75,2010-03-11 00:00:00,31.25,32.75,10,1800,57700,2010-03-11 00:00:00,1
2010-03-12 00:00:00,2010-03-12 00:00:00,34.25,2010-03-12 00:00:00,33,34.25,2,300,10150,2010-03-12 00:00:00,1
2010-03-15 00:00:00,2010-03-15 00:00:00,34.25,2010-03-15 00:00:00,32.25,32.25,7,1900,62675,2010-03-15 00:00:00,1
2010-03-17 00:00:00,2010-03-17 00:00:00,32.25,2010-03-17 00:00:00,32.25,32.25,1,200,6450,2010-03-17 00:00:00,1
2010-03-18 00:00:00,2010-03-18 00:00:00,33,2010-03-18 00:00:00,31.5,33,5,500,15900,2010-03-18 00:00:00,1
2010-03-19 00:00:00,2010-03-19 00:00:00,33.5,2010-03-19 00:00:00,31.25,33,7,2900,95175,2010-03-19 00:00:00,1
2010-03-22 00:00:00,2010-03-22 00:00:00,33.75,2010-03-22 00:00:00,31,33,5,1300,42400,2010-03-22 00:00:00,1
2010-03-23 00:00:00,2010-03-23 00:00:00,33.5,2010-03-23 00:00:00,31.25,33,8,3400,112175,2010-03-23 00:00:00,1
2010-03-24 00:00:00,2010-03-24 00:00:00,31.25,2010-03-24 00:00:00,31.25,31.25,1,100,3125,2010-03-24 00:00:00,1
2010-03-25 00:00:00,2010-03-25 00:00:00,31.25,2010-03-25 00:00:00,31.25,31.25,5,800,25000,2010-03-25 00:00:00,1
2010-03-26 00:00:00,2010-03-26 00:00:00,33,2010-03-26 00:00:00,32,32.75,5,1900,61850,2010-03-26 00:00:00,1
2010-03-30 00:00:00,2010-03-30 00:00:00,33.5,2010-03-30 00:00:00,31.25,32.5,10,2100,68150,2010-03-30 00:00:00,1
2010-03-31 00:00:00,2010-03-31 00:00:00,34,2010-03-31 00:00:00,31.25,33.25,9,3500,116800,2010-03-31 00:00:00,1
2010-04-01 00:00:00,2010-04-01 00:00:00,31.5,2010-04-01 00:00:00,31.5,31.5,2,300,9450,2010-04-01 00:00:00,1
2010-04-05 00:00:00,2010-04-05 00:00:00,33.75,2010-04-05 00:00:00,33,33.25,14,1800,59625,2010-04-05 00:00:00,1
2010-04-06 00:00:00,2010-04-06 00:00:00,34.5,2010-04-06 00:00:00,33.5,34.25,9,2600,88675,2010-04-06 00:00:00,1
2010-04-07 00:00:00,2010-04-07 00:00:00,34.5,2010-04-07 00:00:00,33,34.25,6,1600,54950,2010-04-07 00:00:00,1
2010-04-12 00:00:00,2010-04-12 00:00:00,33.75,2010-04-12 00:00:00,32.5,33.75,6,1400,46625,2010-04-12 00:00:00,1
2010-04-15 00:00:00,2010-04-15 00:00:00,35,2010-04-15 00:00:00,34,34.5,3,1000,34400,2010-04-15 00:00:00,1
2010-04-19 00:00:00,2010-04-19 00:00:00,35,2010-04-19 00:00:00,33,34.75,17,6900,239000,2010-04-19 00:00:00,1
2010-04-20 00:00:00,2010-04-20 00:00:00,37,2010-04-20 00:00:00,34.5,35.5,54,57200,2030725,2010-04-20 00:00:00,1
2010-04-21 00:00:00,2010-04-21 00:00:00,40,2010-04-21 00:00:00,37,38.5,34,115600,4486425,2010-04-21 00:00:00,1
2010-04-22 00:00:00,2010-04-22 00:00:00,38.75,2010-04-22 00:00:00,36,36,8,1700,64675,2010-04-22 00:00:00,1
2010-04-23 00:00:00,2010-04-23 00:00:00,38.5,2010-04-23 00:00:00,36,37.75,6,3800,143950,2010-04-23 00:00:00,1
2010-04-26 00:00:00,2010-04-26 00:00:00,40,2010-04-26 00:00:00,38.5,39.5,64,77500,3057950,2010-04-26 00:00:00,1
2010-04-27 00:00:00,2010-04-27 00:00:00,39.75,2010-04-27 00:00:00,36.5,39,11,3900,152300,2010-04-27 00:00:00,1
2010-04-29 00:00:00,2010-04-29 00:00:00,41,2010-04-29 00:00:00,36.25,40,25,14700,586875,2010-04-29 00:00:00,1
2010-04-30 00:00:00,2010-04-30 00:00:00,40,2010-04-30 00:00:00,38,39.25,13,4500,176525,2010-04-30 00:00:00,1
2010-05-03 00:00:00,2010-05-03 00:00:00,41,2010-05-03 00:00:00,38,39,25,6800,270100,2010-05-03 00:00:00,1
2010-05-04 00:00:00,2010-05-04 00:00:00,39.5,2010-05-04 00:00:00,37.25,39,7,1600,61975,2010-05-04 00:00:00,1
2010-05-05 00:00:00,2010-05-05 00:00:00,39.25,2010-05-05 00:00:00,36.75,39,4,2300,89750,2010-05-05 00:00:00,1
2010-05-06 00:00:00,2010-05-06 00:00:00,40,2010-05-06 00:00:00,36.75,39,6,1100,42950,2010-05-06 00:00:00,1
2010-05-07 00:00:00,2010-05-07 00:00:00,40,2010-05-07 00:00:00,36.5,39,10,1800,69725,2010-05-07 00:00:00,1
2010-05-10 00:00:00,2010-05-10 00:00:00,40,2010-05-10 00:00:00,36.25,37.75,8,1800,67725,2010-05-10 00:00:00,1
2010-05-11 00:00:00,2010-05-11 00:00:00,39,2010-05-11 00:00:00,37.5,39,23,27400,1067100,2010-05-11 00:00:00,1
2010-05-12 00:00:00,2010-05-12 00:00:00,41.5,2010-05-12 00:00:00,38,38.25,257,176100,7002600,2010-05-12 00:00:00,1
2010-05-13 00:00:00,2010-05-13 00:00:00,39.5,2010-05-13 00:00:00,38,38,32,9700,373025,2010-05-13 00:00:00,1
2010-05-14 00:00:00,2010-05-14 00:00:00,38,2010-05-14 00:00:00,38,38,10,1900,72200,2010-05-14 00:00:00,1
2010-05-17 00:00:00,2010-05-17 00:00:00,40.5,2010-05-17 00:00:00,37.25,39,62,67700,2670725,2010-05-17 00:00:00,1
2010-05-18 00:00:00,2010-05-18 00:00:00,39,2010-05-18 00:00:00,38.25,38.75,16,2700,104625,2010-05-18 00:00:00,1
2010-05-19 00:00:00,2010-05-19 00:00:00,38.25,2010-05-19 00:00:00,37.75,38.25,15,1900,71925,2010-05-19 00:00:00,1
2010-05-20 00:00:00,2010-05-20 00:00:00,38.25,2010-05-20 00:00:00,37,37.25,41,15400,575525,2010-05-20 00:00:00,1
2010-05-21 00:00:00,2010-05-21 00:00:00,38,2010-05-21 00:00:00,36.5,38,8,2700,102450,2010-05-21 00:00:00,1
2010-05-24 00:00:00,2010-05-24 00:00:00,37.25,2010-05-24 00:00:00,36.5,36.5,11,2700,98850,2010-05-24 00:00:00,1
2010-05-25 00:00:00,2010-05-25 00:00:00,36.75,2010-05-25 00:00:00,36,36.5,38,10100,368425,2010-05-25 00:00:00,1
2010-05-26 00:00:00,2010-05-26 00:00:00,37,2010-05-26 00:00:00,35,35.5,15,5600,201875,2010-05-26 00:00:00,1
2010-05-31 00:00:00,2010-05-31 00:00:00,37,2010-05-31 00:00:00,36.25,36.75,3,800,29375,2010-05-31 00:00:00,1
2010-06-01 00:00:00,2010-06-01 00:00:00,36.75,2010-06-01 00:00:00,36.75,36.75,1,200,7350,2010-06-01 00:00:00,1
2010-06-02 00:00:00,2010-06-02 00:00:00,37.25,2010-06-02 00:00:00,36.75,36.75,18,3200,118500,2010-06-02 00:00:00,1
2010-06-03 00:00:00,2010-06-03 00:00:00,36.75,2010-06-03 00:00:00,36.5,36.5,8,2100,76675,2010-06-03 00:00:00,1
2010-06-04 00:00:00,2010-06-04 00:00:00,37,2010-06-04 00:00:00,35.5,35.5,21,8800,317850,2010-06-04 00:00:00,1
2010-06-07 00:00:00,2010-06-07 00:00:00,37,2010-06-07 00:00:00,36,36.5,26,6900,251775,2010-06-07 00:00:00,1
2010-06-08 00:00:00,2010-06-08 00:00:00,38,2010-06-08 00:00:00,36.5,37.5,9,4200,155225,2010-06-08 00:00:00,1
2010-06-09 00:00:00,2010-06-09 00:00:00,37,2010-06-09 00:00:00,36.5,37,14,3900,143725,2010-06-09 00:00:00,1
2010-06-10 00:00:00,2010-06-10 00:00:00,38,2010-06-10 00:00:00,36.75,37,9,1900,70650,2010-06-10 00:00:00,1
2010-06-11 00:00:00,2010-06-11 00:00:00,39,2010-06-11 00:00:00,36.5,39,13,3700,138050,2010-06-11 00:00:00,1
2010-06-14 00:00:00,2010-06-14 00:00:00,40,2010-06-14 00:00:00,38,38.75,21,11500,450000,2010-06-14 00:00:00,1
2010-06-15 00:00:00,2010-06-15 00:00:00,40,2010-06-15 00:00:00,38,38,16,507100,20275525,2010-06-15 00:00:00,1
2010-06-16 00:00:00,2010-06-16 00:00:00,40,2010-06-16 00:00:00,38.75,39,7,2500,97950,2010-06-16 00:00:00,1
2010-06-17 00:00:00,2010-06-17 00:00:00,40,2010-06-17 00:00:00,39,39.75,31,12000,474725,2010-06-17 00:00:00,1
2010-06-21 00:00:00,2010-06-21 00:00:00,34,2010-06-21 00:00:00,30,33,25,10600,353900,2010-06-21 00:00:00,1
2010-06-22 00:00:00,2010-06-22 00:00:00,34.5,2010-06-22 00:00:00,33,34,18,509100,16809025,2010-06-22 00:00:00,1
2010-06-23 00:00:00,2010-06-23 00:00:00,33.5,2010-06-23 00:00:00,32,33,11,7300,243300,2010-06-23 00:00:00,1
2010-06-24 00:00:00,2010-06-24 00:00:00,33.5,2010-06-24 00:00:00,32,32,5,1300,42525,2010-06-24 00:00:00,1
2010-06-28 00:00:00,2010-06-28 00:00:00,31,2010-06-28 00:00:00,30.5,31,4,1300,40250,2010-06-28 00:00:00,1
2010-06-29 00:00:00,2010-06-29 00:00:00,31,2010-06-29 00:00:00,30.25,30.25,6,2900,88700,2010-06-29 00:00:00,1
2010-06-30 00:00:00,2010-06-30 00:00:00,32.5,2010-06-30 00:00:00,30,31.25,11,6000,186200,2010-06-30 00:00:00,1
2010-07-01 00:00:00,2010-07-01 00:00:00,33,2010-07-01 00:00:00,31,32.5,29,9500,309050,2010-07-01 00:00:00,1
2010-07-02 00:00:00,2010-07-02 00:00:00,32,2010-07-02 00:00:00,31,31.75,17,11500,360575,2010-07-02 00:00:00,1
2010-07-05 00:00:00,2010-07-05 00:00:00,35.5,2010-07-05 00:00:00,32,34,49,31100,1031350,2010-07-05 00:00:00,1
2010-07-06 00:00:00,2010-07-06 00:00:00,35.75,2010-07-06 00:00:00,32,32.75,39,20300,696100,2010-07-06 00:00:00,1
2010-07-07 00:00:00,2010-07-07 00:00:00,33,2010-07-07 00:00:00,31.5,32,16,5600,179525,2010-07-07 00:00:00,1
2010-07-08 00:00:00,2010-07-08 00:00:00,34,2010-07-08 00:00:00,32,32.75,9,2600,85450,2010-07-08 00:00:00,1
2010-07-09 00:00:00,2010-07-09 00:00:00,35,2010-07-09 00:00:00,31.25,31.5,15,5000,164850,2010-07-09 00:00:00,1
2010-07-12 00:00:00,2010-07-12 00:00:00,33.5,2010-07-12 00:00:00,30,30.25,9,3100,93525,2010-07-12 00:00:00,1
2010-07-13 00:00:00,2010-07-13 00:00:00,30.25,2010-07-13 00:00:00,29.5,30.25,6,600,17975,2010-07-13 00:00:00,1
2010-07-14 00:00:00,2010-07-14 00:00:00,32.75,2010-07-14 00:00:00,29.5,31.75,10,2800,89275,2010-07-14 00:00:00,1
2010-07-15 00:00:00,2010-07-15 00:00:00,32.5,2010-07-15 00:00:00,31,32,4,900,28750,2010-07-15 00:00:00,1
2010-07-16 00:00:00,2010-07-16 00:00:00,30.5,2010-07-16 00:00:00,30,30.5,5,500,15050,2010-07-16 00:00:00,1
2010-07-19 00:00:00,2010-07-19 00:00:00,32,2010-07-19 00:00:00,31,31,6,1400,44650,2010-07-19 00:00:00,1
2010-07-20 00:00:00,2010-07-20 00:00:00,32.5,2010-07-20 00:00:00,30.5,31.25,7,3100,97950,2010-07-20 00:00:00,1
2010-07-21 00:00:00,2010-07-21 00:00:00,32,2010-07-21 00:00:00,30.5,32,5,700,21650,2010-07-21 00:00:00,1
2010-07-22 00:00:00,2010-07-22 00:00:00,32,2010-07-22 00:00:00,31.5,31.75,6,40800,1295350,2010-07-22 00:00:00,1
2010-07-23 00:00:00,2010-07-23 00:00:00,32,2010-07-23 00:00:00,31.25,32,23,10000,317200,2010-07-23 00:00:00,1
2010-07-26 00:00:00,2010-07-26 00:00:00,34.5,2010-07-26 00:00:00,33,33,35,17400,580250,2010-07-26 00:00:00,1
2010-07-27 00:00:00,2010-07-27 00:00:00,35,2010-07-27 00:00:00,33.5,34,47,36000,1240300,2010-07-27 00:00:00,1
2010-07-28 00:00:00,2010-07-28 00:00:00,34.25,2010-07-28 00:00:00,34,34,24,10700,365525,2010-07-28 00:00:00,1
2010-07-29 00:00:00,2010-07-29 00:00:00,35,2010-07-29 00:00:00,33,33.5,16,6200,211925,2010-07-29 00:00:00,1
2010-07-30 00:00:00,2010-07-30 00:00:00,33.5,2010-07-30 00:00:00,31.25,32,128,98100,3136325,2010-07-30 00:00:00,1
2010-08-02 00:00:00,2010-08-02 00:00:00,33,2010-08-02 00:00:00,30.5,31.2,44,169400,5295770,2010-08-02 00:00:00,1
2010-08-03 00:00:00,2010-08-03 00:00:00,31.5,2010-08-03 00:00:00,30.5,30.5,32,26300,810860,2010-08-03 00:00:00,1
2010-08-04 00:00:00,2010-08-04 00:00:00,32,2010-08-04 00:00:00,30.3,31.8,21,7200,223790,2010-08-04 00:00:00,1
2010-08-05 00:00:00,2010-08-05 00:00:00,31,2010-08-05 00:00:00,30.5,30.7,23,17400,533430,2010-08-05 00:00:00,1
2010-08-06 00:00:00,2010-08-06 00:00:00,31.6,2010-08-06 00:00:00,30.2,30.5,28,17800,541430,2010-08-06 00:00:00,1
2010-08-09 00:00:00,2010-08-09 00:00:00,28,2010-08-09 00:00:00,27.5,27.9,8,2600,71940,2010-08-09 00:00:00,1
2010-08-10 00:00:00,2010-08-10 00:00:00,30.2,2010-08-10 00:00:00,26,30.1,27,10500,307040,2010-08-10 00:00:00,1
2010-08-11 00:00:00,2010-08-11 00:00:00,31,2010-08-11 00:00:00,30.5,30.5,3,1200,37100,2010-08-11 00:00:00,1
2010-08-12 00:00:00,2010-08-12 00:00:00,32.3,2010-08-12 00:00:00,31,32.1,5,2400,74830,2010-08-12 00:00:00,1
2010-08-13 00:00:00,2010-08-13 00:00:00,33.8,2010-08-13 00:00:00,29,32.8,45,48600,1606550,2010-08-13 00:00:00,1
2010-08-16 00:00:00,2010-08-16 00:00:00,33.5,2010-08-16 00:00:00,31,31.4,9,9200,296320,2010-08-16 00:00:00,1
2010-08-17 00:00:00,2010-08-17 00:00:00,32.4,2010-08-17 00:00:00,31.1,31.2,8,3400,106580,2010-08-17 00:00:00,1
2010-08-18 00:00:00,2010-08-18 00:00:00,32,2010-08-18 00:00:00,31.2,31.5,28,111800,3522130,2010-08-18 00:00:00,1
2010-08-19 00:00:00,2010-08-19 00:00:00,32.9,2010-08-19 00:00:00,31.1,32.4,20,14100,456580,2010-08-19 00:00:00,1
2010-08-20 00:00:00,2010-08-20 00:00:00,32.3,2010-08-20 00:00:00,31,32.2,3,7500,241600,2010-08-20 00:00:00,1
2010-08-23 00:00:00,2010-08-23 00:00:00,33,2010-08-23 00:00:00,32.8,32.9,6,2000,65810,2010-08-23 00:00:00,1
2010-08-25 00:00:00,2010-08-25 00:00:00,33.3,2010-08-25 00:00:00,31.5,31.5,4,1500,48060,2010-08-25 00:00:00,1
2010-08-26 00:00:00,2010-08-26 00:00:00,31,2010-08-26 00:00:00,30.2,31,6,1200,36480,2010-08-26 00:00:00,1
2010-08-27 00:00:00,2010-08-27 00:00:00,31.5,2010-08-27 00:00:00,30.1,30.9,20,7900,241820,2010-08-27 00:00:00,1
2010-08-30 00:00:00,2010-08-30 00:00:00,31.4,2010-08-30 00:00:00,30.1,30.2,9,1100,33540,2010-08-30 00:00:00,1
2010-08-31 00:00:00,2010-08-31 00:00:00,32,2010-08-31 00:00:00,27.5,31.1,13,3400,103690,2010-08-31 00:00:00,1
2010-09-02 00:00:00,2010-09-02 00:00:00,34,2010-09-02 00:00:00,30,31.8,191,258900,8278150,2010-09-02 00:00:00,1
2010-09-03 00:00:00,2010-09-03 00:00:00,33,2010-09-03 00:00:00,31.1,31.5,117,167000,5381090,2010-09-03 00:00:00,1
2010-09-06 00:00:00,2010-09-06 00:00:00,31.5,2010-09-06 00:00:00,30.2,31,34,42500,1322780,2010-09-06 00:00:00,1
2010-09-07 00:00:00,2010-09-07 00:00:00,31.3,2010-09-07 00:00:00,31,31.3,8,4200,130990,2010-09-07 00:00:00,1
2010-09-08 00:00:00,2010-09-08 00:00:00,34,2010-09-08 00:00:00,30.6,31.5,162,266600,8746150,2010-09-08 00:00:00,1
2010-09-09 00:00:00,2010-09-09 00:00:00,31.8,2010-09-09 00:00:00,31,31.8,64,57200,1810290,2010-09-09 00:00:00,1
2010-09-13 00:00:00,2010-09-13 00:00:00,34,2010-09-13 00:00:00,31,31.7,121,184800,6083840,2010-09-13 00:00:00,1
2010-09-14 00:00:00,2010-09-14 00:00:00,32,2010-09-14 00:00:00,31.1,31.2,59,74700,2355460,2010-09-14 00:00:00,1
2010-09-15 00:00:00,2010-09-15 00:00:00,31.7,2010-09-15 00:00:00,30.5,31.2,55,219800,6877940,2010-09-15 00:00:00,1
2010-09-16 00:00:00,2010-09-16 00:00:00,32.3,2010-09-16 00:00:00,31,31,41,25400,811780,2010-09-16 00:00:00,1
2010-09-17 00:00:00,2010-09-17 00:00:00,31.2,2010-09-17 00:00:00,30.3,31.2,45,46100,1407740,2010-09-17 00:00:00,1
2010-09-20 00:00:00,2010-09-20 00:00:00,31.1,2010-09-20 00:00:00,30.7,30.9,11,1600,49570,2010-09-20 00:00:00,1
2010-09-21 00:00:00,2010-09-21 00:00:00,31,2010-09-21 00:00:00,29.6,29.8,90,69600,2092500,2010-09-21 00:00:00,1
2010-09-23 00:00:00,2010-09-23 00:00:00,31.4,2010-09-23 00:00:00,29.9,30.8,33,21500,658540,2010-09-23 00:00:00,1
2010-09-24 00:00:00,2010-09-24 00:00:00,31.5,2010-09-24 00:00:00,30.1,30.1,20,3700,113750,2010-09-24 00:00:00,1
2010-09-27 00:00:00,2010-09-27 00:00:00,30.9,2010-09-27 00:00:00,29.9,30.1,33,31600,951110,2010-09-27 00:00:00,1
2010-09-28 00:00:00,2010-09-28 00:00:00,31,2010-09-28 00:00:00,30,31,25,11000,335150,2010-09-28 00:00:00,1
2010-09-29 00:00:00,2010-09-29 00:00:00,31,2010-09-29 00:00:00,30,31,17,7700,232190,2010-09-29 00:00:00,1
2010-09-30 00:00:00,2010-09-30 00:00:00,31,2010-09-30 00:00:00,30,30.1,17,5700,172820,2010-09-30 00:00:00,1
2010-10-01 00:00:00,2010-10-01 00:00:00,30,2010-10-01 00:00:00,30,30,4,900,27000,2010-10-01 00:00:00,1
2010-10-04 00:00:00,2010-10-04 00:00:00,30,2010-10-04 00:00:00,29.1,29.5,22,26800,792050,2010-10-04 00:00:00,1
2010-10-05 00:00:00,2010-10-05 00:00:00,30.1,2010-10-05 00:00:00,29.3,29.7,29,18700,560840,2010-10-05 00:00:00,1
2010-10-06 00:00:00,2010-10-06 00:00:00,30,2010-10-06 00:00:00,27,27.5,52,46700,1312300,2010-10-06 00:00:00,1
2010-10-07 00:00:00,2010-10-07 00:00:00,28.5,2010-10-07 00:00:00,26.9,27.4,23,9000,248950,2010-10-07 00:00:00,1
2010-10-08 00:00:00,2010-10-08 00:00:00,28.4,2010-10-08 00:00:00,24,24.5,412,926200,22760440,2010-10-08 00:00:00,1
2010-10-11 00:00:00,2010-10-11 00:00:00,26,2010-10-11 00:00:00,24.9,25.2,99,125200,3176500,2010-10-11 00:00:00,1
2010-10-12 00:00:00,2010-10-12 00:00:00,25.5,2010-10-12 00:00:00,24.5,24.8,37,51600,1284380,2010-10-12 00:00:00,1
2010-10-13 00:00:00,2010-10-13 00:00:00,25.8,2010-10-13 00:00:00,24.2,25,48,72500,1841020,2010-10-13 00:00:00,1
2010-10-14 00:00:00,2010-10-14 00:00:00,26,2010-10-14 00:00:00,24,24,87,230500,5604090,2010-10-14 00:00:00,1
2010-10-15 00:00:00,2010-10-15 00:00:00,24,2010-10-15 00:00:00,23.9,24,16,21000,503970,2010-10-15 00:00:00,1
2010-10-18 00:00:00,2010-10-18 00:00:00,26.3,2010-10-18 00:00:00,24,24.2,106,222400,5551960,2010-10-18 00:00:00,1
2010-10-19 00:00:00,2010-10-19 00:00:00,25,2010-10-19 00:00:00,24,24.7,12,6300,155060,2010-10-19 00:00:00,1
2010-10-20 00:00:00,2010-10-20 00:00:00,25,2010-10-20 00:00:00,24.2,24.4,12,7000,170820,2010-10-20 00:00:00,1
2010-10-21 00:00:00,2010-10-21 00:00:00,24.4,2010-10-21 00:00:00,23.5,23.7,34,28400,679290,2010-10-21 00:00:00,1
2010-10-25 00:00:00,2010-10-25 00:00:00,24,2010-10-25 00:00:00,23.6,23.7,5,3400,80690,2010-10-25 00:00:00,1
2010-10-26 00:00:00,2010-10-26 00:00:00,24,2010-10-26 00:00:00,23,23,13,5400,125900,2010-10-26 00:00:00,1
2010-10-27 00:00:00,2010-10-27 00:00:00,24,2010-10-27 00:00:00,22.7,23.9,10,2600,60920,2010-10-27 00:00:00,1
2010-10-28 00:00:00,2010-10-28 00:00:00,23.9,2010-10-28 00:00:00,22.9,23.4,4,3000,70200,2010-10-28 00:00:00,1
2010-10-29 00:00:00,2010-10-29 00:00:00,24,2010-10-29 00:00:00,22.9,23.5,11,2300,53370,2010-10-29 00:00:00,1
2010-11-01 00:00:00,2010-11-01 00:00:00,24,2010-11-01 00:00:00,22.9,23.6,8,2700,63230,2010-11-01 00:00:00,1
2010-11-02 00:00:00,2010-11-02 00:00:00,24.3,2010-11-02 00:00:00,23.5,24,31,34700,837170,2010-11-02 00:00:00,1
2010-11-03 00:00:00,2010-11-03 00:00:00,24,2010-11-03 00:00:00,23.6,23.8,10,5600,133160,2010-11-03 00:00:00,1
2010-11-04 00:00:00,2010-11-04 00:00:00,24,2010-11-04 00:00:00,23.6,23.6,21,9100,215190,2010-11-04 00:00:00,1
2010-11-08 00:00:00,2010-11-08 00:00:00,24,2010-11-08 00:00:00,23.3,23.6,8,3300,77620,2010-11-08 00:00:00,1
2010-11-09 00:00:00,2010-11-09 00:00:00,24,2010-11-09 00:00:00,23.6,23.9,10,8200,194680,2010-11-09 00:00:00,1
2010-11-10 00:00:00,2010-11-10 00:00:00,24,2010-11-10 00:00:00,23.1,24,22,16200,381450,2010-11-10 00:00:00,1
2010-11-11 00:00:00,2010-11-11 00:00:00,24,2010-11-11 00:00:00,23.6,23.7,10,2900,68620,2010-11-11 00:00:00,1
2010-11-12 00:00:00,2010-11-12 00:00:00,23.2,2010-11-12 00:00:00,23,23.1,7,4300,99050,2010-11-12 00:00:00,1
2010-11-15 00:00:00,2010-11-15 00:00:00,24,2010-11-15 00:00:00,23.3,23.3,35,27100,644410,2010-11-15 00:00:00,1
2010-11-16 00:00:00,2010-11-16 00:00:00,23.1,2010-11-16 00:00:00,22.8,22.8,8,5900,135580,2010-11-16 00:00:00,1
2010-11-18 00:00:00,2010-11-18 00:00:00,23.7,2010-11-18 00:00:00,23.3,23.6,12,16800,392960,2010-11-18 00:00:00,1
2010-11-22 00:00:00,2010-11-22 00:00:00,24.2,2010-11-22 00:00:00,23.5,23.5,12,5600,133840,2010-11-22 00:00:00,1
2010-11-23 00:00:00,2010-11-23 00:00:00,23.4,2010-11-23 00:00:00,22.8,23,14,3600,82780,2010-11-23 00:00:00,1
2010-11-24 00:00:00,2010-11-24 00:00:00,23.4,2010-11-24 00:00:00,22.9,23,16,6200,142820,2010-11-24 00:00:00,1
2010-11-26 00:00:00,2010-11-26 00:00:00,23.9,2010-11-26 00:00:00,22.7,22.7,7,6000,138090,2010-11-26 00:00:00,1
2010-11-29 00:00:00,2010-11-29 00:00:00,22.5,2010-11-29 00:00:00,21.2,21.8,14,4500,98900,2010-11-29 00:00:00,1
2010-11-30 00:00:00,2010-11-30 00:00:00,23,2010-11-30 00:00:00,20.9,21.2,123,257900,5458830,2010-11-30 00:00:00,1
2010-12-01 00:00:00,2010-12-01 00:00:00,23.3,2010-12-01 00:00:00,21,21.8,176,464600,9934810,2010-12-01 00:00:00,1
2010-12-02 00:00:00,2010-12-02 00:00:00,22.5,2010-12-02 00:00:00,21.9,22,21,33500,743480,2010-12-02 00:00:00,1
2010-12-03 00:00:00,2010-12-03 00:00:00,21.9,2010-12-03 00:00:00,21.3,21.5,29,45000,970410,2010-12-03 00:00:00,1
2010-12-06 00:00:00,2010-12-06 00:00:00,21.7,2010-12-06 00:00:00,21.5,21.5,7,3300,71010,2010-12-06 00:00:00,1
2010-12-07 00:00:00,2010-12-07 00:00:00,21.5,2010-12-07 00:00:00,21,21.4,30,64900,1369700,2010-12-07 00:00:00,1
2010-12-08 00:00:00,2010-12-08 00:00:00,21.4,2010-12-08 00:00:00,21,21.1,21,7800,164450,2010-12-08 00:00:00,1
2010-12-09 00:00:00,2010-12-09 00:00:00,21.2,2010-12-09 00:00:00,21,21.1,8,5100,107400,2010-12-09 00:00:00,1
2010-12-10 00:00:00,2010-12-10 00:00:00,21.5,2010-12-10 00:00:00,21,21,5,2200,46950,2010-12-10 00:00:00,1
2010-12-13 00:00:00,2010-12-13 00:00:00,21,2010-12-13 00:00:00,20.9,21,10,1500,31480,2010-12-13 00:00:00,1
2010-12-14 00:00:00,2010-12-14 00:00:00,21,2010-12-14 00:00:00,21,21,1,100,2100,2010-12-14 00:00:00,1
2010-12-15 00:00:00,2010-12-15 00:00:00,21.5,2010-12-15 00:00:00,20.9,21.4,6,1000,21110,2010-12-15 00:00:00,1
2010-12-16 00:00:00,2010-12-16 00:00:00,21,2010-12-16 00:00:00,21,21,6,1100,23100,2010-12-16 00:00:00,1
2010-12-17 00:00:00,2010-12-17 00:00:00,21,2010-12-17 00:00:00,21,21,4,2900,60900,2010-12-17 00:00:00,1
2010-12-22 00:00:00,2010-12-22 00:00:00,21.5,2010-12-22 00:00:00,21,21.2,22,11700,247140,2010-12-22 00:00:00,1
2010-12-23 00:00:00,2010-12-23 00:00:00,22,2010-12-23 00:00:00,21.5,21.7,23,13800,298350,2010-12-23 00:00:00,1
2010-12-24 00:00:00,2010-12-24 00:00:00,22.7,2010-12-24 00:00:00,21.5,22.5,26,14300,320220,2010-12-24 00:00:00,1
2010-12-27 00:00:00,2010-12-27 00:00:00,25.2,2010-12-27 00:00:00,22.5,25.2,205,262600,6396110,2010-12-27 00:00:00,1
2010-12-28 00:00:00,2010-12-28 00:00:00,25.4,2010-12-28 00:00:00,24.1,24.9,63,46400,1154040,2010-12-28 00:00:00,1
2010-12-29 00:00:00,2010-12-29 00:00:00,26.4,2010-12-29 00:00:00,24,26.1,154,207600,5347310,2010-12-29 00:00:00,1
2010-12-30 00:00:00,2010-12-30 00:00:00,28.4,2010-12-30 00:00:00,24.1,27.9,210,228800,6195030,2010-12-30 00:00:00,1
2010-12-31 00:00:00,2010-12-31 00:00:00,28.4,2010-12-31 00:00:00,25,28,111,121100,3301400,2010-12-31 00:00:00,1
Company Id :  KAHA,,Security Type :  R,,Sub Type :  0000,,,,,,
Short Name :  KAHAWATTE,,,,,,,,,,
Day,Date High,High,Date Low,Low,Closing,No. of Trades,No. of Shares,Turnover,Last Traded,Days Traded
2010-07-05 00:00:00,2010-07-05 00:00:00,18,2010-07-05 00:00:00,17.75,18,7,2700,48025,2010-07-05 00:00:00,1
2010-07-06 00:00:00,2010-07-06 00:00:00,18,2010-07-06 00:00:00,2,11.25,168,15865500,33693650,2010-07-06 00:00:00,1
2010-07-07 00:00:00,2010-07-07 00:00:00,12.5,2010-07-07 00:00:00,10.75,11,16,20000,234800,2010-07-07 00:00:00,1
2010-07-08 00:00:00,2010-07-08 00:00:00,12,2010-07-08 00:00:00,11.5,11.75,19,10800,126125,2010-07-08 00:00:00,1
2010-07-09 00:00:00,2010-07-09 00:00:00,13,2010-07-09 00:00:00,11.5,12.75,83,73200,902725,2010-07-09 00:00:00,1
Company Id :  KAPI,,Security  Type :  N,,Sub Type :  0000,,,,,,
Short Name :  MTD WALKERS,,,,,,,,,,
Day,Date High,High,Date Low,Low,Closing,No. of Trades,No. of Shares,Turnover,Last Traded,Days Traded
2010-01-04 00:00:00,2010-01-04 00:00:00,138,2010-01-04 00:00:00,138,138,6,4000,552000,2010-01-04 00:00:00,1
2010-01-05 00:00:00,2010-01-05 00:00:00,137.75,2010-01-05 00:00:00,137.75,137.75,1,4300,592325,2010-01-05 00:00:00,1
2010-01-07 00:00:00,2010-01-07 00:00:00,136,2010-01-07 00:00:00,136,136,2,1000,136000,2010-01-07 00:00:00,1
2010-01-08 00:00:00,2010-01-08 00:00:00,129,2010-01-08 00:00:00,129,129,1,100,12900,2010-01-08 00:00:00,1
2010-01-11 00:00:00,2010-01-11 00:00:00,151,2010-01-11 00:00:00,135,140.25,46,24300,3409700,2010-01-11 00:00:00,1
2010-01-12 00:00:00,2010-01-12 00:00:00,170,2010-01-12 00:00:00,150.25,161.75,58,23800,3783100,2010-01-12 00:00:00,1
2010-01-13 00:00:00,2010-01-13 00:00:00,210,2010-01-13 00:00:00,165,201.75,133,47000,9043725,2010-01-13 00:00:00,1
2010-01-15 00:00:00,2010-01-15 00:00:00,290,2010-01-15 00:00:00,210,279.25,243,93700,24743150,2010-01-15 00:00:00,1
2010-01-18 00:00:00,2010-01-18 00:00:00,405,2010-01-18 00:00:00,302,382.75,603,148100,51910025,2010-01-18 00:00:00,1
2010-01-19 00:00:00,2010-01-19 00:00:00,480,2010-01-19 00:00:00,406,425.75,675,132300,58222125,2010-01-19 00:00:00,1
2010-01-20 00:00:00,2010-01-20 00:00:00,430,2010-01-20 00:00:00,303,373.25,140,23800,9133275,2010-01-20 00:00:00,1
2010-01-21 00:00:00,2010-01-21 00:00:00,393,2010-01-21 00:00:00,374,391,73,13300,5141875,2010-01-21 00:00:00,1
2010-01-22 00:00:00,2010-01-22 00:00:00,375,2010-01-22 00:00:00,360.25,364,29,4400,1618650,2010-01-22 00:00:00,1
2010-01-25 00:00:00,2010-01-25 00:00:00,385,2010-01-25 00:00:00,340,341,37,4900,1716775,2010-01-25 00:00:00,1
2010-01-26 00:00:00,2010-01-26 00:00:00,341,2010-01-26 00:00:00,330,333,20,3500,1169700,2010-01-26 00:00:00,1
2010-01-28 00:00:00,2010-01-28 00:00:00,360,2010-01-28 00:00:00,310,356.5,62,10200,3401975,2010-01-28 00:00:00,1
2010-02-01 00:00:00,2010-02-01 00:00:00,380,2010-02-01 00:00:00,358,370.5,28,4700,1760875,2010-02-01 00:00:00,1
2010-02-02 00:00:00,2010-02-02 00:00:00,365,2010-02-02 00:00:00,340,359,26,4500,1614975,2010-02-02 00:00:00,1
2010-02-03 00:00:00,2010-02-03 00:00:00,365,2010-02-03 00:00:00,345,349.75,29,6500,2276300,2010-02-03 00:00:00,1
2010-02-05 00:00:00,2010-02-05 00:00:00,350,2010-02-05 00:00:00,340,347,16,2600,896950,2010-02-05 00:00:00,1
2010-02-08 00:00:00,2010-02-08 00:00:00,375.25,2010-02-08 00:00:00,340,354.5,60,10700,3816400,2010-02-08 00:00:00,1
2010-02-09 00:00:00,2010-02-09 00:00:00,349.5,2010-02-09 00:00:00,337,346.75,17,4100,1409800,2010-02-09 00:00:00,1
2010-02-10 00:00:00,2010-02-10 00:00:00,350,2010-02-10 00:00:00,335,339,12,3300,1121600,2010-02-10 00:00:00,1
2010-02-11 00:00:00,2010-02-11 00:00:00,345,2010-02-11 00:00:00,325,328.75,20,4000,1343600,2010-02-11 00:00:00,1
2010-02-12 00:00:00,2010-02-12 00:00:00,333,2010-02-12 00:00:00,316.25,331,8,3700,1222625,2010-02-12 00:00:00,1
2010-02-15 00:00:00,2010-02-15 00:00:00,331,2010-02-15 00:00:00,320,325.25,28,5800,1878525,2010-02-15 00:00:00,1
2010-02-16 00:00:00,2010-02-16 00:00:00,330,2010-02-16 00:00:00,315,315,5,1100,361300,2010-02-16 00:00:00,1
2010-02-17 00:00:00,2010-02-17 00:00:00,420,2010-02-17 00:00:00,330,407.5,185,27000,10631250,2010-02-17 00:00:00,1
2010-02-18 00:00:00,2010-02-18 00:00:00,410,2010-02-18 00:00:00,362,374.25,31,3600,1418525,2010-02-18 00:00:00,1
2010-02-19 00:00:00,2010-02-19 00:00:00,459,2010-02-19 00:00:00,387,438.25,277,52000,22240400,2010-02-19 00:00:00,1
2010-02-22 00:00:00,2010-02-22 00:00:00,480,2010-02-22 00:00:00,442,451,126,25300,11735900,2010-02-22 00:00:00,1
2010-02-23 00:00:00,2010-02-23 00:00:00,462,2010-02-23 00:00:00,440,450,32,6400,2879500,2010-02-23 00:00:00,1
2010-02-24 00:00:00,2010-02-24 00:00:00,440,2010-02-24 00:00:00,404,406,15,3300,1405900,2010-02-24 00:00:00,1
2010-02-25 00:00:00,2010-02-25 00:00:00,450,2010-02-25 00:00:00,420,422.5,12,2800,1229475,2010-02-25 00:00:00,1
2010-02-26 00:00:00,2010-02-26 00:00:00,451,2010-02-26 00:00:00,440,446.5,38,6400,2854575,2010-02-26 00:00:00,1
2010-03-01 00:00:00,2010-03-01 00:00:00,455,2010-03-01 00:00:00,440,449,18,4200,1867100,2010-03-01 00:00:00,1
2010-03-02 00:00:00,2010-03-02 00:00:00,460,2010-03-02 00:00:00,441,443.75,21,5800,2590075,2010-03-02 00:00:00,1
2010-03-03 00:00:00,2010-03-03 00:00:00,440,2010-03-03 00:00:00,435,435,9,1200,525000,2010-03-03 00:00:00,1
2010-03-04 00:00:00,2010-03-04 00:00:00,439,2010-03-04 00:00:00,430,433.75,9,1200,520850,2010-03-04 00:00:00,1
2010-03-05 00:00:00,2010-03-05 00:00:00,440,2010-03-05 00:00:00,440,440,15,3500,1540000,2010-03-05 00:00:00,1
2010-03-08 00:00:00,2010-03-08 00:00:00,445,2010-03-08 00:00:00,435,435,6,900,394100,2010-03-08 00:00:00,1
2010-03-09 00:00:00,2010-03-09 00:00:00,444,2010-03-09 00:00:00,439,442.25,23,4900,2162050,2010-03-09 00:00:00,1
2010-03-11 00:00:00,2010-03-11 00:00:00,425.5,2010-03-11 00:00:00,420,420.5,14,3400,1440500,2010-03-11 00:00:00,1
2010-03-12 00:00:00,2010-03-12 00:00:00,450,2010-03-12 00:00:00,435,436.5,27,6800,3031600,2010-03-12 00:00:00,1
2010-03-15 00:00:00,2010-03-15 00:00:00,445,2010-03-15 00:00:00,440,440,7,2800,1240950,2010-03-15 00:00:00,1
2010-03-16 00:00:00,2010-03-16 00:00:00,436,2010-03-16 00:00:00,436,436,1,300,130800,2010-03-16 00:00:00,1
2010-03-17 00:00:00,2010-03-17 00:00:00,425,2010-03-17 00:00:00,425,425,1,100,42500,2010-03-17 00:00:00,1
2010-03-19 00:00:00,2010-03-19 00:00:00,420,2010-03-19 00:00:00,420,420,5,600,252000,2010-03-19 00:00:00,1
2010-03-22 00:00:00,2010-03-22 00:00:00,429,2010-03-22 00:00:00,415,415,8,1400,590800,2010-03-22 00:00:00,1
2010-03-25 00:00:00,2010-03-25 00:00:00,427.75,2010-03-25 00:00:00,415,415,3,700,294275,2010-03-25 00:00:00,1
2010-03-26 00:00:00,2010-03-26 00:00:00,408,2010-03-26 00:00:00,405,408,7,1400,568500,2010-03-26 00:00:00,1
2010-03-30 00:00:00,2010-03-30 00:00:00,408,2010-03-30 00:00:00,385,396,15,4200,1688900,2010-03-30 00:00:00,1
2010-03-31 00:00:00,2010-03-31 00:00:00,390,2010-03-31 00:00:00,385,386.75,8,3900,1508500,2010-03-31 00:00:00,1
2010-04-01 00:00:00,2010-04-01 00:00:00,405,2010-04-01 00:00:00,390,401.75,3,400,159500,2010-04-01 00:00:00,1
2010-04-05 00:00:00,2010-04-05 00:00:00,401.75,2010-04-05 00:00:00,400,400,2,400,160175,2010-04-05 00:00:00,1
2010-04-06 00:00:00,2010-04-06 00:00:00,430,2010-04-06 00:00:00,412,412,2,500,213200,2010-04-06 00:00:00,1
2010-04-07 00:00:00,2010-04-07 00:00:00,412,2010-04-07 00:00:00,410,412,5,1200,493700,2010-04-07 00:00:00,1
2010-04-08 00:00:00,2010-04-08 00:00:00,420,2010-04-08 00:00:00,412,415,6,900,372850,2010-04-08 00:00:00,1
2010-04-12 00:00:00,2010-04-12 00:00:00,465,2010-04-12 00:00:00,422,445,31,10800,4875900,2010-04-12 00:00:00,1
2010-04-15 00:00:00,2010-04-15 00:00:00,430,2010-04-15 00:00:00,430,430,1,300,129000,2010-04-15 00:00:00,1
2010-04-16 00:00:00,2010-04-16 00:00:00,440,2010-04-16 00:00:00,433,435.5,4,1000,436300,2010-04-16 00:00:00,1
2010-04-19 00:00:00,2010-04-19 00:00:00,440,2010-04-19 00:00:00,434,436.5,8,1600,698950,2010-04-19 00:00:00,1
2010-04-20 00:00:00,2010-04-20 00:00:00,435,2010-04-20 00:00:00,433,434.75,6,900,391300,2010-04-20 00:00:00,1
2010-04-21 00:00:00,2010-04-21 00:00:00,432,2010-04-21 00:00:00,431,431.5,4,600,259000,2010-04-21 00:00:00,1
2010-04-22 00:00:00,2010-04-22 00:00:00,430,2010-04-22 00:00:00,425,425,4,600,255900,2010-04-22 00:00:00,1
2010-04-23 00:00:00,2010-04-23 00:00:00,425,2010-04-23 00:00:00,421,421,2,1200,509600,2010-04-23 00:00:00,1
2010-04-26 00:00:00,2010-04-26 00:00:00,430,2010-04-26 00:00:00,430,430,4,1300,559000,2010-04-26 00:00:00,1
2010-04-27 00:00:00,2010-04-27 00:00:00,440,2010-04-27 00:00:00,430,437.75,3,1300,569000,2010-04-27 00:00:00,1
2010-04-29 00:00:00,2010-04-29 00:00:00,425,2010-04-29 00:00:00,425,425,1,100,42500,2010-04-29 00:00:00,1
2010-05-03 00:00:00,2010-05-03 00:00:00,440,2010-05-03 00:00:00,425,432,14,2000,869975,2010-05-03 00:00:00,1
2010-05-04 00:00:00,2010-05-04 00:00:00,425,2010-05-04 00:00:00,420,423,5,2600,1100000,2010-05-04 00:00:00,1
2010-05-05 00:00:00,2010-05-05 00:00:00,434.75,2010-05-05 00:00:00,425,429.25,26,8000,3412375,2010-05-05 00:00:00,1
2010-05-10 00:00:00,2010-05-10 00:00:00,429.25,2010-05-10 00:00:00,429.25,429.25,1,100,42925,2010-05-10 00:00:00,1
2010-05-12 00:00:00,2010-05-12 00:00:00,434,2010-05-12 00:00:00,432,432.5,16,5400,2341050,2010-05-12 00:00:00,1
2010-05-13 00:00:00,2010-05-13 00:00:00,433,2010-05-13 00:00:00,432,432.5,3,300,129750,2010-05-13 00:00:00,1
2010-05-17 00:00:00,2010-05-17 00:00:00,435,2010-05-17 00:00:00,433.75,433.75,10,2400,1043875,2010-05-17 00:00:00,1
2010-05-18 00:00:00,2010-05-18 00:00:00,425,2010-05-18 00:00:00,425,425,2,2000,850000,2010-05-18 00:00:00,1
2010-05-19 00:00:00,2010-05-19 00:00:00,425,2010-05-19 00:00:00,425,425,1,500,212500,2010-05-19 00:00:00,1
2010-05-20 00:00:00,2010-05-20 00:00:00,487.25,2010-05-20 00:00:00,425,468.75,125,37200,16687725,2010-05-20 00:00:00,1
2010-05-21 00:00:00,2010-05-21 00:00:00,540,2010-05-21 00:00:00,490,519,171,40300,20820475,2010-05-21 00:00:00,1
2010-05-24 00:00:00,2010-05-24 00:00:00,510,2010-05-24 00:00:00,485,485,33,7100,3547450,2010-05-24 00:00:00,1
2010-05-25 00:00:00,2010-05-25 00:00:00,485,2010-05-25 00:00:00,478,481.5,12,2500,1200650,2010-05-25 00:00:00,1
2010-05-26 00:00:00,2010-05-26 00:00:00,500,2010-05-26 00:00:00,480,492.75,11,2200,1070800,2010-05-26 00:00:00,1
2010-05-31 00:00:00,2010-05-31 00:00:00,508,2010-05-31 00:00:00,500,501.25,2,600,300800,2010-05-31 00:00:00,1
2010-06-03 00:00:00,2010-06-03 00:00:00,500,2010-06-03 00:00:00,481,488.5,8,1900,923500,2010-06-03 00:00:00,1
2010-06-04 00:00:00,2010-06-04 00:00:00,490,2010-06-04 00:00:00,484,486.75,5,1600,777500,2010-06-04 00:00:00,1
2010-06-07 00:00:00,2010-06-07 00:00:00,450,2010-06-07 00:00:00,450,450,1,1000,450000,2010-06-07 00:00:00,1
2010-06-09 00:00:00,2010-06-09 00:00:00,480,2010-06-09 00:00:00,470,470,11,2500,1181025,2010-06-09 00:00:00,1
2010-06-10 00:00:00,2010-06-10 00:00:00,465,2010-06-10 00:00:00,455.5,456.75,5,1800,826250,2010-06-10 00:00:00,1
2010-06-11 00:00:00,2010-06-11 00:00:00,450,2010-06-11 00:00:00,450,450,3,700,315000,2010-06-11 00:00:00,1
2010-06-14 00:00:00,2010-06-14 00:00:00,480,2010-06-14 00:00:00,480,480,1,800,384000,2010-06-14 00:00:00,1
2010-06-15 00:00:00,2010-06-15 00:00:00,455,2010-06-15 00:00:00,451,455,2,600,272600,2010-06-15 00:00:00,1
2010-06-16 00:00:00,2010-06-16 00:00:00,455,2010-06-16 00:00:00,440,447.75,7,1000,449100,2010-06-16 00:00:00,1
2010-06-17 00:00:00,2010-06-17 00:00:00,478,2010-06-17 00:00:00,465,473.25,14,2400,1130500,2010-06-17 00:00:00,1
2010-06-21 00:00:00,2010-06-21 00:00:00,474,2010-06-21 00:00:00,450,450,3,1300,609000,2010-06-21 00:00:00,1
2010-06-22 00:00:00,2010-06-22 00:00:00,450,2010-06-22 00:00:00,450,450,2,300,135000,2010-06-22 00:00:00,1
2010-06-23 00:00:00,2010-06-23 00:00:00,435,2010-06-23 00:00:00,430,435,2,200,86500,2010-06-23 00:00:00,1
2010-06-24 00:00:00,2010-06-24 00:00:00,450,2010-06-24 00:00:00,430,446,9,1900,844000,2010-06-24 00:00:00,1
2010-06-28 00:00:00,2010-06-28 00:00:00,446,2010-06-28 00:00:00,440,442,2,1500,663000,2010-06-28 00:00:00,1
2010-06-29 00:00:00,2010-06-29 00:00:00,440,2010-06-29 00:00:00,439.75,439.75,2,700,307900,2010-06-29 00:00:00,1
2010-06-30 00:00:00,2010-06-30 00:00:00,440,2010-06-30 00:00:00,422,422,4,2100,906000,2010-06-30 00:00:00,1
2010-07-02 00:00:00,2010-07-02 00:00:00,440,2010-07-02 00:00:00,440,440,1,100,44000,2010-07-02 00:00:00,1
2010-07-05 00:00:00,2010-07-05 00:00:00,445,2010-07-05 00:00:00,445,445,1,100,44500,2010-07-05 00:00:00,1
2010-07-07 00:00:00,2010-07-07 00:00:00,430,2010-07-07 00:00:00,420,420,4,1000,423500,2010-07-07 00:00:00,1
2010-07-08 00:00:00,2010-07-08 00:00:00,430,2010-07-08 00:00:00,423,427.75,2,300,128300,2010-07-08 00:00:00,1
2010-07-09 00:00:00,2010-07-09 00:00:00,445,2010-07-09 00:00:00,420.25,432.75,2,200,86525,2010-07-09 00:00:00,1
2010-07-12 00:00:00,2010-07-12 00:00:00,420,2010-07-12 00:00:00,420,420,2,200,84000,2010-07-12 00:00:00,1
2010-07-14 00:00:00,2010-07-14 00:00:00,448,2010-07-14 00:00:00,412,426.75,4,400,169500,2010-07-14 00:00:00,1
2010-07-15 00:00:00,2010-07-15 00:00:00,425,2010-07-15 00:00:00,420,421.25,5,1000,421200,2010-07-15 00:00:00,1
2010-07-16 00:00:00,2010-07-16 00:00:00,430,2010-07-16 00:00:00,416,425.5,5,1500,633975,2010-07-16 00:00:00,1
2010-07-19 00:00:00,2010-07-19 00:00:00,430,2010-07-19 00:00:00,415.25,429.5,6,2000,857025,2010-07-19 00:00:00,1
2010-07-20 00:00:00,2010-07-20 00:00:00,429.5,2010-07-20 00:00:00,429.25,429.25,2,1000,429275,2010-07-20 00:00:00,1
2010-07-21 00:00:00,2010-07-21 00:00:00,429.25,2010-07-21 00:00:00,429.25,429.25,1,100,42925,2010-07-21 00:00:00,1
2010-07-23 00:00:00,2010-07-23 00:00:00,420,2010-07-23 00:00:00,420,420,2,700,294000,2010-07-23 00:00:00,1
2010-07-27 00:00:00,2010-07-27 00:00:00,415.25,2010-07-27 00:00:00,415,415,4,1000,415050,2010-07-27 00:00:00,1
2010-07-29 00:00:00,2010-07-29 00:00:00,415,2010-07-29 00:00:00,415,415,1,900,373500,2010-07-29 00:00:00,1
2010-07-30 00:00:00,2010-07-30 00:00:00,425,2010-07-30 00:00:00,425,425,1,300,127500,2010-07-30 00:00:00,1
2010-08-02 00:00:00,2010-08-02 00:00:00,460,2010-08-02 00:00:00,408,453.5,17,4200,1854600,2010-08-02 00:00:00,1
2010-08-03 00:00:00,2010-08-03 00:00:00,465,2010-08-03 00:00:00,460,460,2,600,276500,2010-08-03 00:00:00,1
2010-08-05 00:00:00,2010-08-05 00:00:00,420,2010-08-05 00:00:00,414,418.7,5,900,376850,2010-08-05 00:00:00,1
2010-08-09 00:00:00,2010-08-09 00:00:00,381,2010-08-09 00:00:00,377,378.9,16,2800,1057310,2010-08-09 00:00:00,1
2010-08-10 00:00:00,2010-08-10 00:00:00,407.2,2010-08-10 00:00:00,407.2,407.2,1,100,40720,2010-08-10 00:00:00,1
2010-08-11 00:00:00,2010-08-11 00:00:00,445,2010-08-11 00:00:00,407.2,407.2,2,1100,451700,2010-08-11 00:00:00,1
2010-08-13 00:00:00,2010-08-13 00:00:00,367.3,2010-08-13 00:00:00,367.3,367.3,1,100,36730,2010-08-13 00:00:00,1
2010-08-16 00:00:00,2010-08-16 00:00:00,399,2010-08-16 00:00:00,332,399,3,700,269700,2010-08-16 00:00:00,1
2010-08-17 00:00:00,2010-08-17 00:00:00,430,2010-08-17 00:00:00,395,425,5,900,382490,2010-08-17 00:00:00,1
2010-08-23 00:00:00,2010-08-23 00:00:00,418.9,2010-08-23 00:00:00,400,401.7,8,1100,441890,2010-08-23 00:00:00,1
2010-08-25 00:00:00,2010-08-25 00:00:00,400,2010-08-25 00:00:00,385,385,2,400,155500,2010-08-25 00:00:00,1
2010-08-26 00:00:00,2010-08-26 00:00:00,400,2010-08-26 00:00:00,400,400,1,100,40000,2010-08-26 00:00:00,1
2010-08-27 00:00:00,2010-08-27 00:00:00,427.9,2010-08-27 00:00:00,420,420,3,700,297160,2010-08-27 00:00:00,1
2010-08-30 00:00:00,2010-08-30 00:00:00,400,2010-08-30 00:00:00,395,400,2,500,199500,2010-08-30 00:00:00,1
2010-09-01 00:00:00,2010-09-01 00:00:00,435.6,2010-09-01 00:00:00,425,430.3,4,900,387240,2010-09-01 00:00:00,1
2010-09-03 00:00:00,2010-09-03 00:00:00,390,2010-09-03 00:00:00,387.4,388.7,12,2100,813950,2010-09-03 00:00:00,1
2010-09-06 00:00:00,2010-09-06 00:00:00,388,2010-09-06 00:00:00,377.5,379.8,5,900,342650,2010-09-06 00:00:00,1
2010-09-07 00:00:00,2010-09-07 00:00:00,370,2010-09-07 00:00:00,370,370,3,600,222000,2010-09-07 00:00:00,1
2010-09-08 00:00:00,2010-09-08 00:00:00,394.7,2010-09-08 00:00:00,365,381.4,16,2200,836740,2010-09-08 00:00:00,1
2010-09-09 00:00:00,2010-09-09 00:00:00,415,2010-09-09 00:00:00,370,370.1,17,5300,2032900,2010-09-09 00:00:00,1
2010-09-13 00:00:00,2010-09-13 00:00:00,407,2010-09-13 00:00:00,407,407,5,600,244200,2010-09-13 00:00:00,1
2010-09-14 00:00:00,2010-09-14 00:00:00,447.7,2010-09-14 00:00:00,447,447.7,13,2300,1029500,2010-09-14 00:00:00,1
2010-09-15 00:00:00,2010-09-15 00:00:00,492.4,2010-09-15 00:00:00,492.4,492.4,36,9700,4776280,2010-09-15 00:00:00,1
2010-09-16 00:00:00,2010-09-16 00:00:00,541.6,2010-09-16 00:00:00,541.6,541.6,14,1900,1029040,2010-09-16 00:00:00,1
2010-09-17 00:00:00,2010-09-17 00:00:00,595.7,2010-09-17 00:00:00,595.7,595.7,3,2000,1191400,2010-09-17 00:00:00,1
2010-09-20 00:00:00,2010-09-20 00:00:00,684.1,2010-09-20 00:00:00,585.2,601.5,30,5800,3768950,2010-09-20 00:00:00,1
2010-09-21 00:00:00,2010-09-21 00:00:00,600,2010-09-21 00:00:00,550,593.8,29,6400,3795850,2010-09-21 00:00:00,1
2010-09-23 00:00:00,2010-09-23 00:00:00,600,2010-09-23 00:00:00,565,582.6,9,3100,1809760,2010-09-23 00:00:00,1
2010-09-27 00:00:00,2010-09-27 00:00:00,585,2010-09-27 00:00:00,550,575,8,1900,1053610,2010-09-27 00:00:00,1
2010-09-28 00:00:00,2010-09-28 00:00:00,573.9,2010-09-28 00:00:00,550,561.8,3,300,169740,2010-09-28 00:00:00,1
2010-09-29 00:00:00,2010-09-29 00:00:00,585,2010-09-29 00:00:00,572.8,577.9,8,3100,1791580,2010-09-29 00:00:00,1
2010-09-30 00:00:00,2010-09-30 00:00:00,565,2010-09-30 00:00:00,510,551,6,1900,1003400,2010-09-30 00:00:00,1
2010-10-01 00:00:00,2010-10-01 00:00:00,575,2010-10-01 00:00:00,520,560,6,1600,883600,2010-10-01 00:00:00,1
2010-10-04 00:00:00,2010-10-04 00:00:00,560,2010-10-04 00:00:00,550,556,2,500,278000,2010-10-04 00:00:00,1
2010-10-05 00:00:00,2010-10-05 00:00:00,530,2010-10-05 00:00:00,520,530,3,500,264000,2010-10-05 00:00:00,1
2010-10-07 00:00:00,2010-10-07 00:00:00,530,2010-10-07 00:00:00,475,497.5,7,1200,597500,2010-10-07 00:00:00,1
2010-10-08 00:00:00,2010-10-08 00:00:00,519.9,2010-10-08 00:00:00,519.9,519.9,1,100,51990,2010-10-08 00:00:00,1
2010-10-11 00:00:00,2010-10-11 00:00:00,525,2010-10-11 00:00:00,515,515,3,900,471500,2010-10-11 00:00:00,1
2010-10-12 00:00:00,2010-10-12 00:00:00,500,2010-10-12 00:00:00,450,475,2,600,285000,2010-10-12 00:00:00,1
2010-10-13 00:00:00,2010-10-13 00:00:00,500,2010-10-13 00:00:00,480,491.7,5,1200,589990,2010-10-13 00:00:00,1
2010-10-14 00:00:00,2010-10-14 00:00:00,491,2010-10-14 00:00:00,490,490,5,900,441100,2010-10-14 00:00:00,1
2010-10-15 00:00:00,2010-10-15 00:00:00,500,2010-10-15 00:00:00,489,489,5,1400,692750,2010-10-15 00:00:00,1
2010-10-18 00:00:00,2010-10-18 00:00:00,500,2010-10-18 00:00:00,499,499,6,1000,499600,2010-10-18 00:00:00,1
2010-10-19 00:00:00,2010-10-19 00:00:00,499,2010-10-19 00:00:00,499,499,1,200,99800,2010-10-19 00:00:00,1
2010-10-21 00:00:00,2010-10-21 00:00:00,499,2010-10-21 00:00:00,499,499,2,200,99800,2010-10-21 00:00:00,1
2010-10-25 00:00:00,2010-10-25 00:00:00,490,2010-10-25 00:00:00,490,490,1,200,98000,2010-10-25 00:00:00,1
2010-10-26 00:00:00,2010-10-26 00:00:00,498.9,2010-10-26 00:00:00,480,497.2,3,2100,1036900,2010-10-26 00:00:00,1
2010-10-27 00:00:00,2010-10-27 00:00:00,600,2010-10-27 00:00:00,501,519.4,157,26300,14179190,2010-10-27 00:00:00,1
2010-10-28 00:00:00,2010-10-28 00:00:00,528,2010-10-28 00:00:00,495,502.3,27,3300,1671900,2010-10-28 00:00:00,1
2010-10-29 00:00:00,2010-10-29 00:00:00,519,2010-10-29 00:00:00,500,505.5,18,2200,1115890,2010-10-29 00:00:00,1
2010-11-01 00:00:00,2010-11-01 00:00:00,510,2010-11-01 00:00:00,500,500,7,900,451000,2010-11-01 00:00:00,1
2010-11-02 00:00:00,2010-11-02 00:00:00,500,2010-11-02 00:00:00,496,497,12,2300,1143420,2010-11-02 00:00:00,1
2010-11-03 00:00:00,2010-11-03 00:00:00,495.2,2010-11-03 00:00:00,490,494,9,1200,593020,2010-11-03 00:00:00,1
2010-11-04 00:00:00,2010-11-04 00:00:00,524,2010-11-04 00:00:00,524,524,2,200,104800,2010-11-04 00:00:00,1
2010-11-08 00:00:00,2010-11-08 00:00:00,523,2010-11-08 00:00:00,490,498.3,8,800,403600,2010-11-08 00:00:00,1
2010-11-10 00:00:00,2010-11-10 00:00:00,505,2010-11-10 00:00:00,470,470.3,7,800,380600,2010-11-10 00:00:00,1
2010-11-12 00:00:00,2010-11-12 00:00:00,471,2010-11-12 00:00:00,450,457.4,24,3100,1424610,2010-11-12 00:00:00,1
2010-11-15 00:00:00,2010-11-15 00:00:00,469,2010-11-15 00:00:00,450,450,6,700,318900,2010-11-15 00:00:00,1
2010-11-16 00:00:00,2010-11-16 00:00:00,460,2010-11-16 00:00:00,411,411,11,2800,1195620,2010-11-16 00:00:00,1
2010-11-18 00:00:00,2010-11-18 00:00:00,425,2010-11-18 00:00:00,411,420,7,1200,497990,2010-11-18 00:00:00,1
2010-11-22 00:00:00,2010-11-22 00:00:00,450,2010-11-22 00:00:00,425,430,9,2400,1027500,2010-11-22 00:00:00,1
2010-11-23 00:00:00,2010-11-23 00:00:00,426,2010-11-23 00:00:00,425,425,2,200,85100,2010-11-23 00:00:00,1
2010-11-24 00:00:00,2010-11-24 00:00:00,450,2010-11-24 00:00:00,425,426.7,18,3500,1540970,2010-11-24 00:00:00,1
2010-11-25 00:00:00,2010-11-25 00:00:00,440,2010-11-25 00:00:00,425,425,6,700,299000,2010-11-25 00:00:00,1
2010-11-26 00:00:00,2010-11-26 00:00:00,425,2010-11-26 00:00:00,416,416.9,11,1300,543590,2010-11-26 00:00:00,1
2010-11-29 00:00:00,2010-11-29 00:00:00,400,2010-11-29 00:00:00,390,395,9,1300,518000,2010-11-29 00:00:00,1
2010-11-30 00:00:00,2010-11-30 00:00:00,450,2010-11-30 00:00:00,420,429.5,31,5300,2268200,2010-11-30 00:00:00,1
2010-12-01 00:00:00,2010-12-01 00:00:00,465,2010-12-01 00:00:00,450,457.4,23,3500,1585830,2010-12-01 00:00:00,1
2010-12-02 00:00:00,2010-12-02 00:00:00,458,2010-12-02 00:00:00,445,448.3,7,700,316100,2010-12-02 00:00:00,1
2010-12-03 00:00:00,2010-12-03 00:00:00,470,2010-12-03 00:00:00,450,459.1,17,1900,878500,2010-12-03 00:00:00,1
2010-12-06 00:00:00,2010-12-06 00:00:00,455,2010-12-06 00:00:00,400,420.6,60,11600,4772620,2010-12-06 00:00:00,1
2010-12-07 00:00:00,2010-12-07 00:00:00,455,2010-12-07 00:00:00,422,454,27,6000,2612720,2010-12-07 00:00:00,1
2010-12-08 00:00:00,2010-12-08 00:00:00,455,2010-12-08 00:00:00,440,449.8,19,2700,1213000,2010-12-08 00:00:00,1
2010-12-09 00:00:00,2010-12-09 00:00:00,456,2010-12-09 00:00:00,440,440,51,7200,3242320,2010-12-09 00:00:00,1
2010-12-10 00:00:00,2010-12-10 00:00:00,455,2010-12-10 00:00:00,440,448.5,139,25300,11375520,2010-12-10 00:00:00,1
2010-12-13 00:00:00,2010-12-13 00:00:00,107,2010-12-13 00:00:00,60,91.9,674,164400,15196840,2010-12-13 00:00:00,1
2010-12-14 00:00:00,2010-12-14 00:00:00,98.5,2010-12-14 00:00:00,90,91.3,141,33300,3138750,2010-12-14 00:00:00,1
2010-12-15 00:00:00,2010-12-15 00:00:00,92.5,2010-12-15 00:00:00,90,90.3,25,10400,941570,2010-12-15 00:00:00,1
2010-12-16 00:00:00,2010-12-16 00:00:00,90,2010-12-16 00:00:00,90,90,4,1300,117000,2010-12-16 00:00:00,1
2010-12-17 00:00:00,2010-12-17 00:00:00,87.9,2010-12-17 00:00:00,82.5,84.8,6,1200,101750,2010-12-17 00:00:00,1
2010-12-21 00:00:00,2010-12-21 00:00:00,85,2010-12-21 00:00:00,80.1,80.4,17,4200,340130,2010-12-21 00:00:00,1
2010-12-22 00:00:00,2010-12-22 00:00:00,89.7,2010-12-22 00:00:00,80.5,83.4,25,4200,348960,2010-12-22 00:00:00,1
2010-12-23 00:00:00,2010-12-23 00:00:00,96.7,2010-12-23 00:00:00,89.5,91.3,112,26800,2519590,2010-12-23 00:00:00,1
2010-12-24 00:00:00,2010-12-24 00:00:00,94,2010-12-24 00:00:00,80.2,80.9,13,2500,208080,2010-12-24 00:00:00,1
2010-12-27 00:00:00,2010-12-27 00:00:00,83,2010-12-27 00:00:00,81,82.2,20,3700,303550,2010-12-27 00:00:00,1
2010-12-28 00:00:00,2010-12-28 00:00:00,82,2010-12-28 00:00:00,80,80.6,16,4400,358030,2010-12-28 00:00:00,1
2010-12-29 00:00:00,2010-12-29 00:00:00,81,2010-12-29 00:00:00,77.5,77.9,13,2300,180450,2010-12-29 00:00:00,1
2010-12-30 00:00:00,2010-12-30 00:00:00,79.9,2010-12-30 00:00:00,74.5,74.9,24,4600,347620,2010-12-30 00:00:00,1
2010-12-31 00:00:00,2010-12-31 00:00:00,83,2010-12-31 00:00:00,71.5,80.4,53,11500,911160,2010-12-31 00:00:00,1
Company Id :  KAPI,,Security Type :  R,,Sub Type :  0000,,,,,,
Short Name :  MTD WALKERS,,,,,,,,,,
Day,Date High,High,Date Low,Low,Closing,No. of Trades,No. of Shares,Turnover,Last Traded,Days Traded
2010-12-24 00:00:00,2010-12-24 00:00:00,49.9,2010-12-24 00:00:00,27,29.3,567,821900,26022710,2010-12-24 00:00:00,1
2010-12-27 00:00:00,2010-12-27 00:00:00,29.5,2010-12-27 00:00:00,25,25.7,209,260600,6998050,2010-12-27 00:00:00,1
2010-12-28 00:00:00,2010-12-28 00:00:00,28.3,2010-12-28 00:00:00,25,25.5,155,166200,4336590,2010-12-28 00:00:00,1
2010-12-29 00:00:00,2010-12-29 00:00:00,25.9,2010-12-29 00:00:00,24,24.9,90,212300,5329220,2010-12-29 00:00:00,1
2010-12-30 00:00:00,2010-12-30 00:00:00,25.5,2010-12-30 00:00:00,22,22.9,196,287000,6860870,2010-12-30 00:00:00,1
2010-12-31 00:00:00,2010-12-31 00:00:00,26,2010-12-31 00:00:00,20.6,24.6,506,738900,17357730,2010-12-31 00:00:00,1
Company Id :  KCAB,,Security Type :  N,,Sub Type :  0000,,,,,,
Short Name :  KELANI CABLES,,,,,,,,,,
Day,Date High,High,Date Low,Low,Closing,No. of Trades,No. of Shares,Turnover,Last Traded,Days Traded
2010-01-04 00:00:00,2010-01-04 00:00:00,180,2010-01-04 00:00:00,178.75,180,6,1600,287875,2010-01-04 00:00:00,1
2010-01-05 00:00:00,2010-01-05 00:00:00,183,2010-01-05 00:00:00,178,180,7,2600,469975,2010-01-05 00:00:00,1
2010-01-06 00:00:00,2010-01-06 00:00:00,176.75,2010-01-06 00:00:00,176.75,176.75,1,200,35350,2010-01-06 00:00:00,1
2010-01-08 00:00:00,2010-01-08 00:00:00,173,2010-01-08 00:00:00,172,172.75,2,700,120900,2010-01-08 00:00:00,1
2010-01-11 00:00:00,2010-01-11 00:00:00,173,2010-01-11 00:00:00,173,173,2,1000,173000,2010-01-11 00:00:00,1
2010-01-12 00:00:00,2010-01-12 00:00:00,175,2010-01-12 00:00:00,173,174.75,3,1300,227300,2010-01-12 00:00:00,1
2010-01-13 00:00:00,2010-01-13 00:00:00,175,2010-01-13 00:00:00,175,175,1,1000,175000,2010-01-13 00:00:00,1
2010-01-15 00:00:00,2010-01-15 00:00:00,175,2010-01-15 00:00:00,175,175,4,9200,1610000,2010-01-15 00:00:00,1
2010-01-19 00:00:00,2010-01-19 00:00:00,175,2010-01-19 00:00:00,171,171,2,200,34600,2010-01-19 00:00:00,1
2010-01-20 00:00:00,2010-01-20 00:00:00,175,2010-01-20 00:00:00,170,170.25,6,2500,434575,2010-01-20 00:00:00,1
2010-01-21 00:00:00,2010-01-21 00:00:00,178,2010-01-21 00:00:00,170.25,177,7,1500,262625,2010-01-21 00:00:00,1
2010-01-22 00:00:00,2010-01-22 00:00:00,180,2010-01-22 00:00:00,175,175,7,4100,730975,2010-01-22 00:00:00,1
2010-01-25 00:00:00,2010-01-25 00:00:00,180,2010-01-25 00:00:00,175,177.25,4,6600,1158725,2010-01-25 00:00:00,1
2010-01-26 00:00:00,2010-01-26 00:00:00,180,2010-01-26 00:00:00,180,180,4,3300,594000,2010-01-26 00:00:00,1
2010-01-28 00:00:00,2010-01-28 00:00:00,178,2010-01-28 00:00:00,176,176.25,5,9000,1585500,2010-01-28 00:00:00,1
2010-02-01 00:00:00,2010-02-01 00:00:00,177,2010-02-01 00:00:00,177,177,3,3000,531000,2010-02-01 00:00:00,1
2010-02-02 00:00:00,2010-02-02 00:00:00,230,2010-02-02 00:00:00,190,219.25,146,79500,17025125,2010-02-02 00:00:00,1
2010-02-03 00:00:00,2010-02-03 00:00:00,226,2010-02-03 00:00:00,220,220.25,48,38000,8487975,2010-02-03 00:00:00,1
2010-02-05 00:00:00,2010-02-05 00:00:00,224,2010-02-05 00:00:00,224,224,9,2300,515200,2010-02-05 00:00:00,1
2010-02-08 00:00:00,2010-02-08 00:00:00,225,2010-02-08 00:00:00,224,224.75,22,8000,1797250,2010-02-08 00:00:00,1
2010-02-09 00:00:00,2010-02-09 00:00:00,225,2010-02-09 00:00:00,224.25,224.5,4,1100,247350,2010-02-09 00:00:00,1
2010-02-11 00:00:00,2010-02-11 00:00:00,223.5,2010-02-11 00:00:00,220,220,7,2900,641725,2010-02-11 00:00:00,1
2010-02-15 00:00:00,2010-02-15 00:00:00,216,2010-02-15 00:00:00,215,215.75,3,400,86300,2010-02-15 00:00:00,1
2010-02-16 00:00:00,2010-02-16 00:00:00,210,2010-02-16 00:00:00,210,210,2,1000,210000,2010-02-16 00:00:00,1
2010-02-17 00:00:00,2010-02-17 00:00:00,210,2010-02-17 00:00:00,210,210,2,800,168000,2010-02-17 00:00:00,1
2010-02-18 00:00:00,2010-02-18 00:00:00,218,2010-02-18 00:00:00,210,210,18,5700,1204200,2010-02-18 00:00:00,1
2010-02-19 00:00:00,2010-02-19 00:00:00,210,2010-02-19 00:00:00,200,205.25,5,500,102600,2010-02-19 00:00:00,1
2010-02-22 00:00:00,2010-02-22 00:00:00,210.5,2010-02-22 00:00:00,206,206,6,800,166450,2010-02-22 00:00:00,1
2010-02-23 00:00:00,2010-02-23 00:00:00,209,2010-02-23 00:00:00,206,206.5,7,1900,392500,2010-02-23 00:00:00,1
2010-02-24 00:00:00,2010-02-24 00:00:00,206,2010-02-24 00:00:00,206,206,5,900,185400,2010-02-24 00:00:00,1
2010-02-25 00:00:00,2010-02-25 00:00:00,206.5,2010-02-25 00:00:00,206,206,10,3900,803500,2010-02-25 00:00:00,1
2010-02-26 00:00:00,2010-02-26 00:00:00,206.25,2010-02-26 00:00:00,202,203.25,11,27700,5630175,2010-02-26 00:00:00,1
2010-03-01 00:00:00,2010-03-01 00:00:00,206.25,2010-03-01 00:00:00,205,206,24,11000,2265250,2010-03-01 00:00:00,1
2010-03-02 00:00:00,2010-03-02 00:00:00,206,2010-03-02 00:00:00,206,206,13,14300,2945800,2010-03-02 00:00:00,1
2010-03-03 00:00:00,2010-03-03 00:00:00,206,2010-03-03 00:00:00,203,203,9,2200,448425,2010-03-03 00:00:00,1
2010-03-04 00:00:00,2010-03-04 00:00:00,206,2010-03-04 00:00:00,203,203.5,6,4700,958200,2010-03-04 00:00:00,1
2010-03-05 00:00:00,2010-03-05 00:00:00,208,2010-03-05 00:00:00,204,208,4,900,185200,2010-03-05 00:00:00,1
2010-03-08 00:00:00,2010-03-08 00:00:00,210,2010-03-08 00:00:00,210,210,15,6800,1428000,2010-03-08 00:00:00,1
2010-03-09 00:00:00,2010-03-09 00:00:00,209.5,2010-03-09 00:00:00,209.5,209.5,4,500,104750,2010-03-09 00:00:00,1
2010-03-10 00:00:00,2010-03-10 00:00:00,210,2010-03-10 00:00:00,210,210,1,100,21000,2010-03-10 00:00:00,1
2010-03-11 00:00:00,2010-03-11 00:00:00,209,2010-03-11 00:00:00,207,207,9,20500,4244175,2010-03-11 00:00:00,1
2010-03-12 00:00:00,2010-03-12 00:00:00,213,2010-03-12 00:00:00,207.5,213,6,3700,771575,2010-03-12 00:00:00,1
2010-03-15 00:00:00,2010-03-15 00:00:00,224.5,2010-03-15 00:00:00,214,220.75,6,2600,571850,2010-03-15 00:00:00,1
2010-03-16 00:00:00,2010-03-16 00:00:00,220,2010-03-16 00:00:00,220,220,2,500,110000,2010-03-16 00:00:00,1
2010-03-17 00:00:00,2010-03-17 00:00:00,224.75,2010-03-17 00:00:00,218,221.5,5,8700,1914275,2010-03-17 00:00:00,1
2010-03-18 00:00:00,2010-03-18 00:00:00,225,2010-03-18 00:00:00,220,220,5,1900,421000,2010-03-18 00:00:00,1
2010-03-19 00:00:00,2010-03-19 00:00:00,220,2010-03-19 00:00:00,216,216,5,1200,259725,2010-03-19 00:00:00,1
2010-03-22 00:00:00,2010-03-22 00:00:00,222,2010-03-22 00:00:00,215,222,6,3100,669650,2010-03-22 00:00:00,1
2010-03-31 00:00:00,2010-03-31 00:00:00,115,2010-03-31 00:00:00,114.25,114.5,2,300,34350,2010-03-31 00:00:00,1
2010-04-01 00:00:00,2010-04-01 00:00:00,107.5,2010-04-01 00:00:00,103,105.5,4,400,42150,2010-04-01 00:00:00,1
2010-04-05 00:00:00,2010-04-05 00:00:00,109.5,2010-04-05 00:00:00,105,109.25,8,2600,278350,2010-04-05 00:00:00,1
2010-04-06 00:00:00,2010-04-06 00:00:00,106.5,2010-04-06 00:00:00,106,106.25,2,200,21250,2010-04-06 00:00:00,1
2010-04-07 00:00:00,2010-04-07 00:00:00,106.5,2010-04-07 00:00:00,106.5,106.5,9,1600,170400,2010-04-07 00:00:00,1
2010-04-12 00:00:00,2010-04-12 00:00:00,107,2010-04-12 00:00:00,106.5,107,7,3100,331650,2010-04-12 00:00:00,1
2010-04-15 00:00:00,2010-04-15 00:00:00,110,2010-04-15 00:00:00,107,110,4,2100,225000,2010-04-15 00:00:00,1
2010-04-16 00:00:00,2010-04-16 00:00:00,107,2010-04-16 00:00:00,106,106.5,2,2000,213000,2010-04-16 00:00:00,1
2010-04-19 00:00:00,2010-04-19 00:00:00,109.75,2010-04-19 00:00:00,107.5,107.5,10,7000,752925,2010-04-19 00:00:00,1
2010-04-20 00:00:00,2010-04-20 00:00:00,108,2010-04-20 00:00:00,107.5,107.5,8,5300,570000,2010-04-20 00:00:00,1
2010-04-21 00:00:00,2010-04-21 00:00:00,107.5,2010-04-21 00:00:00,106,107,10,5700,611000,2010-04-21 00:00:00,1
2010-04-22 00:00:00,2010-04-22 00:00:00,106,2010-04-22 00:00:00,106,106,7,1700,180200,2010-04-22 00:00:00,1
2010-04-23 00:00:00,2010-04-23 00:00:00,112,2010-04-23 00:00:00,107,111.75,33,31800,3451650,2010-04-23 00:00:00,1
2010-04-26 00:00:00,2010-04-26 00:00:00,116,2010-04-26 00:00:00,115,116,19,13500,1564700,2010-04-26 00:00:00,1
2010-04-27 00:00:00,2010-04-27 00:00:00,116,2010-04-27 00:00:00,115.5,115.5,6,3700,428525,2010-04-27 00:00:00,1
2010-04-29 00:00:00,2010-04-29 00:00:00,115,2010-04-29 00:00:00,114,114,2,300,34300,2010-04-29 00:00:00,1
2010-05-03 00:00:00,2010-05-03 00:00:00,114,2010-05-03 00:00:00,114,114,1,500,57000,2010-05-03 00:00:00,1
2010-05-04 00:00:00,2010-05-04 00:00:00,114,2010-05-04 00:00:00,114,114,1,300,34200,2010-05-04 00:00:00,1
2010-05-06 00:00:00,2010-05-06 00:00:00,115.5,2010-05-06 00:00:00,114,114,31,22900,2632450,2010-05-06 00:00:00,1
2010-05-07 00:00:00,2010-05-07 00:00:00,114.75,2010-05-07 00:00:00,114,114,9,2600,296725,2010-05-07 00:00:00,1
2010-05-10 00:00:00,2010-05-10 00:00:00,114,2010-05-10 00:00:00,114,114,4,1000,114000,2010-05-10 00:00:00,1
2010-05-11 00:00:00,2010-05-11 00:00:00,114,2010-05-11 00:00:00,113.75,114,8,11800,1344900,2010-05-11 00:00:00,1
2010-05-12 00:00:00,2010-05-12 00:00:00,115.75,2010-05-12 00:00:00,113,113.5,24,34000,3881400,2010-05-12 00:00:00,1
2010-05-13 00:00:00,2010-05-13 00:00:00,114,2010-05-13 00:00:00,113,113.75,16,10000,1137050,2010-05-13 00:00:00,1
2010-05-14 00:00:00,2010-05-14 00:00:00,114,2010-05-14 00:00:00,112.25,114,8,9400,1071350,2010-05-14 00:00:00,1
2010-05-17 00:00:00,2010-05-17 00:00:00,121.5,2010-05-17 00:00:00,114,120.5,53,38600,4557550,2010-05-17 00:00:00,1
2010-05-18 00:00:00,2010-05-18 00:00:00,122,2010-05-18 00:00:00,121,122,27,17800,2170600,2010-05-18 00:00:00,1
2010-05-19 00:00:00,2010-05-19 00:00:00,124,2010-05-19 00:00:00,122,124,18,6100,750700,2010-05-19 00:00:00,1
2010-05-20 00:00:00,2010-05-20 00:00:00,124,2010-05-20 00:00:00,124,124,7,5600,694400,2010-05-20 00:00:00,1
2010-05-21 00:00:00,2010-05-21 00:00:00,124,2010-05-21 00:00:00,120,120,7,1500,185200,2010-05-21 00:00:00,1
2010-05-24 00:00:00,2010-05-24 00:00:00,124,2010-05-24 00:00:00,120,124,19,34100,4227250,2010-05-24 00:00:00,1
2010-05-25 00:00:00,2010-05-25 00:00:00,123,2010-05-25 00:00:00,120,121.75,6,3000,366300,2010-05-25 00:00:00,1
2010-05-26 00:00:00,2010-05-26 00:00:00,120,2010-05-26 00:00:00,110,114,8,4200,480550,2010-05-26 00:00:00,1
2010-05-31 00:00:00,2010-05-31 00:00:00,120,2010-05-31 00:00:00,115,115.25,7,6900,797850,2010-05-31 00:00:00,1
2010-06-01 00:00:00,2010-06-01 00:00:00,115,2010-06-01 00:00:00,115,115,2,1500,172500,2010-06-01 00:00:00,1
2010-06-02 00:00:00,2010-06-02 00:00:00,115,2010-06-02 00:00:00,115,115,4,5000,575000,2010-06-02 00:00:00,1
2010-06-03 00:00:00,2010-06-03 00:00:00,115,2010-06-03 00:00:00,115,115,4,3200,368000,2010-06-03 00:00:00,1
2010-06-04 00:00:00,2010-06-04 00:00:00,115.25,2010-06-04 00:00:00,115.25,115.25,2,1400,161350,2010-06-04 00:00:00,1
2010-06-07 00:00:00,2010-06-07 00:00:00,115.25,2010-06-07 00:00:00,115,115,11,32400,3728900,2010-06-07 00:00:00,1
2010-06-08 00:00:00,2010-06-08 00:00:00,115.75,2010-06-08 00:00:00,115.5,115.75,3,6700,774200,2010-06-08 00:00:00,1
2010-06-09 00:00:00,2010-06-09 00:00:00,117.5,2010-06-09 00:00:00,116.5,117,11,124400,14554350,2010-06-09 00:00:00,1
2010-06-10 00:00:00,2010-06-10 00:00:00,117.25,2010-06-10 00:00:00,117,117,8,86000,10067000,2010-06-10 00:00:00,1
2010-06-11 00:00:00,2010-06-11 00:00:00,118,2010-06-11 00:00:00,117.25,118,5,20900,2456125,2010-06-11 00:00:00,1
2010-06-14 00:00:00,2010-06-14 00:00:00,129,2010-06-14 00:00:00,118,128,126,217400,27062150,2010-06-14 00:00:00,1
2010-06-15 00:00:00,2010-06-15 00:00:00,133,2010-06-15 00:00:00,122.25,123,52,44900,5805550,2010-06-15 00:00:00,1
2010-06-16 00:00:00,2010-06-16 00:00:00,126.75,2010-06-16 00:00:00,122.25,125.25,46,140300,17541775,2010-06-16 00:00:00,1
2010-06-17 00:00:00,2010-06-17 00:00:00,133,2010-06-17 00:00:00,123.5,132.5,84,166800,21752650,2010-06-17 00:00:00,1
2010-06-21 00:00:00,2010-06-21 00:00:00,133.5,2010-06-21 00:00:00,132,132.5,25,24200,3214825,2010-06-21 00:00:00,1
2010-06-22 00:00:00,2010-06-22 00:00:00,132.75,2010-06-22 00:00:00,131,131.25,16,27000,3561750,2010-06-22 00:00:00,1
2010-06-23 00:00:00,2010-06-23 00:00:00,130,2010-06-23 00:00:00,129.75,129.75,2,1100,142975,2010-06-23 00:00:00,1
2010-06-30 00:00:00,2010-06-30 00:00:00,131,2010-06-30 00:00:00,130,130.75,3,3600,470900,2010-06-30 00:00:00,1
2010-07-01 00:00:00,2010-07-01 00:00:00,131,2010-07-01 00:00:00,125.25,130.25,17,29700,3835175,2010-07-01 00:00:00,1
2010-07-02 00:00:00,2010-07-02 00:00:00,130,2010-07-02 00:00:00,129.75,130,4,6900,895750,2010-07-02 00:00:00,1
2010-07-05 00:00:00,2010-07-05 00:00:00,130,2010-07-05 00:00:00,125,127.5,14,28700,3727200,2010-07-05 00:00:00,1
2010-07-06 00:00:00,2010-07-06 00:00:00,127,2010-07-06 00:00:00,127,127,2,1600,203200,2010-07-06 00:00:00,1
2010-07-07 00:00:00,2010-07-07 00:00:00,127.5,2010-07-07 00:00:00,125,125,5,900,112750,2010-07-07 00:00:00,1
2010-07-08 00:00:00,2010-07-08 00:00:00,128,2010-07-08 00:00:00,123,128,4,2400,301700,2010-07-08 00:00:00,1
2010-07-09 00:00:00,2010-07-09 00:00:00,125,2010-07-09 00:00:00,115,124.75,7,3400,423350,2010-07-09 00:00:00,1
2010-07-12 00:00:00,2010-07-12 00:00:00,127.5,2010-07-12 00:00:00,117,120,33,153400,18179575,2010-07-12 00:00:00,1
2010-07-13 00:00:00,2010-07-13 00:00:00,125,2010-07-13 00:00:00,121,125,11,23400,2838600,2010-07-13 00:00:00,1
2010-07-14 00:00:00,2010-07-14 00:00:00,126,2010-07-14 00:00:00,123,124.75,4,1900,237200,2010-07-14 00:00:00,1
2010-07-15 00:00:00,2010-07-15 00:00:00,126,2010-07-15 00:00:00,126,126,1,300,37800,2010-07-15 00:00:00,1
2010-07-16 00:00:00,2010-07-16 00:00:00,126,2010-07-16 00:00:00,125.5,125.75,2,300,37700,2010-07-16 00:00:00,1
2010-07-19 00:00:00,2010-07-19 00:00:00,129.25,2010-07-19 00:00:00,122,124.5,3,1300,159325,2010-07-19 00:00:00,1
2010-07-21 00:00:00,2010-07-21 00:00:00,126,2010-07-21 00:00:00,120,126,2,700,86400,2010-07-21 00:00:00,1
2010-07-22 00:00:00,2010-07-22 00:00:00,125.75,2010-07-22 00:00:00,125.75,125.75,1,500,62875,2010-07-22 00:00:00,1
2010-07-26 00:00:00,2010-07-26 00:00:00,126.25,2010-07-26 00:00:00,123,125.25,19,30500,3829000,2010-07-26 00:00:00,1
2010-07-27 00:00:00,2010-07-27 00:00:00,126,2010-07-27 00:00:00,125.5,126,14,10800,1360200,2010-07-27 00:00:00,1
2010-07-28 00:00:00,2010-07-28 00:00:00,126,2010-07-28 00:00:00,125,126,3,4000,503000,2010-07-28 00:00:00,1
2010-07-29 00:00:00,2010-07-29 00:00:00,127,2010-07-29 00:00:00,125,125.25,13,21900,2748650,2010-07-29 00:00:00,1
2010-07-30 00:00:00,2010-07-30 00:00:00,125,2010-07-30 00:00:00,124,124,5,12900,1611600,2010-07-30 00:00:00,1
2010-08-02 00:00:00,2010-08-02 00:00:00,126,2010-08-02 00:00:00,122,125.4,11,25100,3143600,2010-08-02 00:00:00,1
2010-08-03 00:00:00,2010-08-03 00:00:00,121,2010-08-03 00:00:00,121,121,1,15000,1815000,2010-08-03 00:00:00,1
2010-08-04 00:00:00,2010-08-04 00:00:00,118.1,2010-08-04 00:00:00,118.1,118.1,1,100,11810,2010-08-04 00:00:00,1
2010-08-05 00:00:00,2010-08-05 00:00:00,118.9,2010-08-05 00:00:00,116,116.3,5,5100,594300,2010-08-05 00:00:00,1
2010-08-06 00:00:00,2010-08-06 00:00:00,125,2010-08-06 00:00:00,124,124.9,3,2300,287300,2010-08-06 00:00:00,1
2010-08-09 00:00:00,2010-08-09 00:00:00,116,2010-08-09 00:00:00,115.1,115.1,9,1400,161370,2010-08-09 00:00:00,1
2010-08-10 00:00:00,2010-08-10 00:00:00,119.9,2010-08-10 00:00:00,115,119.9,4,1800,207490,2010-08-10 00:00:00,1
2010-08-11 00:00:00,2010-08-11 00:00:00,122,2010-08-11 00:00:00,118,118,8,9400,1127200,2010-08-11 00:00:00,1
2010-08-16 00:00:00,2010-08-16 00:00:00,120,2010-08-16 00:00:00,120,120,1,500,60000,2010-08-16 00:00:00,1
2010-08-17 00:00:00,2010-08-17 00:00:00,120,2010-08-17 00:00:00,120,120,3,108900,13068000,2010-08-17 00:00:00,1
2010-08-18 00:00:00,2010-08-18 00:00:00,120,2010-08-18 00:00:00,120,120,1,500,60000,2010-08-18 00:00:00,1
2010-08-19 00:00:00,2010-08-19 00:00:00,122,2010-08-19 00:00:00,120,121.9,10,5000,603110,2010-08-19 00:00:00,1
2010-08-20 00:00:00,2010-08-20 00:00:00,120.1,2010-08-20 00:00:00,118,118,5,2800,335450,2010-08-20 00:00:00,1
2010-08-23 00:00:00,2010-08-23 00:00:00,118.1,2010-08-23 00:00:00,118.1,118.1,1,100,11810,2010-08-23 00:00:00,1
2010-08-25 00:00:00,2010-08-25 00:00:00,120,2010-08-25 00:00:00,118,118.3,3,800,94610,2010-08-25 00:00:00,1
2010-08-26 00:00:00,2010-08-26 00:00:00,120,2010-08-26 00:00:00,118.1,120,3,3100,370950,2010-08-26 00:00:00,1
2010-08-27 00:00:00,2010-08-27 00:00:00,125,2010-08-27 00:00:00,120,120.1,8,7200,868710,2010-08-27 00:00:00,1
2010-08-30 00:00:00,2010-08-30 00:00:00,124,2010-08-30 00:00:00,120,120.1,9,6200,752500,2010-08-30 00:00:00,1
2010-09-03 00:00:00,2010-09-03 00:00:00,122,2010-09-03 00:00:00,118,118,9,5200,614400,2010-09-03 00:00:00,1
2010-09-06 00:00:00,2010-09-06 00:00:00,122,2010-09-06 00:00:00,120,120.4,4,1600,193200,2010-09-06 00:00:00,1
2010-09-07 00:00:00,2010-09-07 00:00:00,120.5,2010-09-07 00:00:00,120.4,120.5,5,1000,120430,2010-09-07 00:00:00,1
2010-09-08 00:00:00,2010-09-08 00:00:00,122,2010-09-08 00:00:00,120,120.1,8,6600,792600,2010-09-08 00:00:00,1
2010-09-09 00:00:00,2010-09-09 00:00:00,129,2010-09-09 00:00:00,120,126.1,26,23500,2952950,2010-09-09 00:00:00,1
2010-09-13 00:00:00,2010-09-13 00:00:00,127,2010-09-13 00:00:00,125,125.9,25,31900,4017880,2010-09-13 00:00:00,1
2010-09-14 00:00:00,2010-09-14 00:00:00,130,2010-09-14 00:00:00,126.5,128,19,10400,1330500,2010-09-14 00:00:00,1
2010-09-15 00:00:00,2010-09-15 00:00:00,122.7,2010-09-15 00:00:00,122,122.4,5,2000,244700,2010-09-15 00:00:00,1
2010-09-16 00:00:00,2010-09-16 00:00:00,130,2010-09-16 00:00:00,126.9,129.8,18,40000,5167700,2010-09-16 00:00:00,1
2010-09-17 00:00:00,2010-09-17 00:00:00,139,2010-09-17 00:00:00,130,134,71,69500,9366900,2010-09-17 00:00:00,1
2010-09-20 00:00:00,2010-09-20 00:00:00,131.1,2010-09-20 00:00:00,129.5,130.9,7,1600,209440,2010-09-20 00:00:00,1
2010-09-21 00:00:00,2010-09-21 00:00:00,130,2010-09-21 00:00:00,128,128.8,6,6800,880750,2010-09-21 00:00:00,1
2010-09-23 00:00:00,2010-09-23 00:00:00,131,2010-09-23 00:00:00,127,127,8,10200,1324400,2010-09-23 00:00:00,1
2010-09-24 00:00:00,2010-09-24 00:00:00,128,2010-09-24 00:00:00,128,128,4,1500,192000,2010-09-24 00:00:00,1
2010-09-27 00:00:00,2010-09-27 00:00:00,128,2010-09-27 00:00:00,128,128,4,1000,128000,2010-09-27 00:00:00,1
2010-09-28 00:00:00,2010-09-28 00:00:00,124,2010-09-28 00:00:00,124,124,1,300,37200,2010-09-28 00:00:00,1
2010-09-30 00:00:00,2010-09-30 00:00:00,129,2010-09-30 00:00:00,125,129,4,1200,151600,2010-09-30 00:00:00,1
2010-10-01 00:00:00,2010-10-01 00:00:00,129.9,2010-10-01 00:00:00,125,129.9,10,22000,2752530,2010-10-01 00:00:00,1
2010-10-04 00:00:00,2010-10-04 00:00:00,122.1,2010-10-04 00:00:00,122.1,122.1,1,200,24420,2010-10-04 00:00:00,1
2010-10-05 00:00:00,2010-10-05 00:00:00,122,2010-10-05 00:00:00,122,122,3,300,36600,2010-10-05 00:00:00,1
2010-10-07 00:00:00,2010-10-07 00:00:00,119.9,2010-10-07 00:00:00,119.9,119.9,2,600,71940,2010-10-07 00:00:00,1
2010-10-08 00:00:00,2010-10-08 00:00:00,118.1,2010-10-08 00:00:00,118,118,3,1000,118020,2010-10-08 00:00:00,1
2010-10-11 00:00:00,2010-10-11 00:00:00,118,2010-10-11 00:00:00,118,118,5,3000,354000,2010-10-11 00:00:00,1
2010-10-12 00:00:00,2010-10-12 00:00:00,115,2010-10-12 00:00:00,115,115,1,200,23000,2010-10-12 00:00:00,1
2010-10-13 00:00:00,2010-10-13 00:00:00,115,2010-10-13 00:00:00,110,115,9,4100,464940,2010-10-13 00:00:00,1
2010-10-14 00:00:00,2010-10-14 00:00:00,115,2010-10-14 00:00:00,115,115,1,100,11500,2010-10-14 00:00:00,1
2010-10-15 00:00:00,2010-10-15 00:00:00,111,2010-10-15 00:00:00,111,111,1,100,11100,2010-10-15 00:00:00,1
2010-10-18 00:00:00,2010-10-18 00:00:00,111,2010-10-18 00:00:00,110,110.2,5,2700,297550,2010-10-18 00:00:00,1
2010-10-19 00:00:00,2010-10-19 00:00:00,115,2010-10-19 00:00:00,114.9,115,4,17100,1966490,2010-10-19 00:00:00,1
2010-10-20 00:00:00,2010-10-20 00:00:00,115,2010-10-20 00:00:00,115,115,1,1000,115000,2010-10-20 00:00:00,1
2010-10-21 00:00:00,2010-10-21 00:00:00,115,2010-10-21 00:00:00,115,115,2,1300,149500,2010-10-21 00:00:00,1
2010-10-25 00:00:00,2010-10-25 00:00:00,115,2010-10-25 00:00:00,115,115,1,100,11500,2010-10-25 00:00:00,1
2010-10-26 00:00:00,2010-10-26 00:00:00,111.1,2010-10-26 00:00:00,107,108,17,21100,2272040,2010-10-26 00:00:00,1
2010-10-27 00:00:00,2010-10-27 00:00:00,111.9,2010-10-27 00:00:00,110,111,2,200,22190,2010-10-27 00:00:00,1
2010-10-28 00:00:00,2010-10-28 00:00:00,112,2010-10-28 00:00:00,108,108,6,1500,166000,2010-10-28 00:00:00,1
2010-10-29 00:00:00,2010-10-29 00:00:00,115,2010-10-29 00:00:00,109,109.1,6,4200,462240,2010-10-29 00:00:00,1
2010-11-01 00:00:00,2010-11-01 00:00:00,112,2010-11-01 00:00:00,111.5,111.7,2,1500,167500,2010-11-01 00:00:00,1
2010-11-02 00:00:00,2010-11-02 00:00:00,110,2010-11-02 00:00:00,110,110,4,10000,1100000,2010-11-02 00:00:00,1
2010-11-04 00:00:00,2010-11-04 00:00:00,110,2010-11-04 00:00:00,108,108.1,4,700,76010,2010-11-04 00:00:00,1
2010-11-08 00:00:00,2010-11-08 00:00:00,108,2010-11-08 00:00:00,108,108,14,5800,626400,2010-11-08 00:00:00,1
2010-11-09 00:00:00,2010-11-09 00:00:00,107.6,2010-11-09 00:00:00,107.6,107.6,1,100,10760,2010-11-09 00:00:00,1
2010-11-10 00:00:00,2010-11-10 00:00:00,111.9,2010-11-10 00:00:00,107.6,110.2,4,1500,162690,2010-11-10 00:00:00,1
2010-11-11 00:00:00,2010-11-11 00:00:00,107.7,2010-11-11 00:00:00,107.5,107.5,4,2000,215030,2010-11-11 00:00:00,1
2010-11-12 00:00:00,2010-11-12 00:00:00,111.6,2010-11-12 00:00:00,111.6,111.6,3,2200,245520,2010-11-12 00:00:00,1
2010-11-15 00:00:00,2010-11-15 00:00:00,109,2010-11-15 00:00:00,109,109,1,5000,545000,2010-11-15 00:00:00,1
2010-11-16 00:00:00,2010-11-16 00:00:00,103.1,2010-11-16 00:00:00,103.1,103.1,5,5000,515500,2010-11-16 00:00:00,1
2010-11-18 00:00:00,2010-11-18 00:00:00,106,2010-11-18 00:00:00,104,106,4,9000,953800,2010-11-18 00:00:00,1
2010-11-22 00:00:00,2010-11-22 00:00:00,104,2010-11-22 00:00:00,104,104,4,3100,322400,2010-11-22 00:00:00,1
2010-11-23 00:00:00,2010-11-23 00:00:00,103.1,2010-11-23 00:00:00,103,103,6,700,72120,2010-11-23 00:00:00,1
2010-11-24 00:00:00,2010-11-24 00:00:00,104,2010-11-24 00:00:00,103,104,4,1200,124520,2010-11-24 00:00:00,1
2010-11-25 00:00:00,2010-11-25 00:00:00,104,2010-11-25 00:00:00,104,104,3,3700,384800,2010-11-25 00:00:00,1
2010-11-29 00:00:00,2010-11-29 00:00:00,108,2010-11-29 00:00:00,108,108,1,100,10800,2010-11-29 00:00:00,1
2010-11-30 00:00:00,2010-11-30 00:00:00,108,2010-11-30 00:00:00,102,104.9,8,4900,514100,2010-11-30 00:00:00,1
2010-12-02 00:00:00,2010-12-02 00:00:00,104.9,2010-12-02 00:00:00,100,100.3,3,2000,200490,2010-12-02 00:00:00,1
2010-12-08 00:00:00,2010-12-08 00:00:00,101,2010-12-08 00:00:00,99,99.6,4,700,69900,2010-12-08 00:00:00,1
2010-12-09 00:00:00,2010-12-09 00:00:00,100,2010-12-09 00:00:00,99,99.9,3,2100,209900,2010-12-09 00:00:00,1
2010-12-10 00:00:00,2010-12-10 00:00:00,101,2010-12-10 00:00:00,99,100.8,3,1000,100800,2010-12-10 00:00:00,1
2010-12-17 00:00:00,2010-12-17 00:00:00,99.1,2010-12-17 00:00:00,99,99.1,2,1000,99050,2010-12-17 00:00:00,1
2010-12-23 00:00:00,2010-12-23 00:00:00,104,2010-12-23 00:00:00,104,104,1,100,10400,2010-12-23 00:00:00,1
2010-12-24 00:00:00,2010-12-24 00:00:00,109,2010-12-24 00:00:00,109,109,1,100,10900,2010-12-24 00:00:00,1
2010-12-27 00:00:00,2010-12-27 00:00:00,105,2010-12-27 00:00:00,105,105,1,100,10500,2010-12-27 00:00:00,1
2010-12-29 00:00:00,2010-12-29 00:00:00,105,2010-12-29 00:00:00,105,105,1,1900,199500,2010-12-29 00:00:00,1
Company Id :  KDL,,Security Type :  N,,Sub Type :  0000,,,,,,
Short Name :  KELSEY,,,,,,,,,,
Day,Date High,High,Date Low,Low,Closing,No. of Trades,No. of Shares,Turnover,Last Traded,Days Traded
2010-01-04 00:00:00,2010-01-04 00:00:00,11.75,2010-01-04 00:00:00,11,11.5,22,25200,286750,2010-01-04 00:00:00,1
2010-01-05 00:00:00,2010-01-05 00:00:00,12,2010-01-05 00:00:00,11.5,11.75,8,5800,67500,2010-01-05 00:00:00,1
2010-01-06 00:00:00,2010-01-06 00:00:00,15.25,2010-01-06 00:00:00,11.75,15,469,1324400,19029400,2010-01-06 00:00:00,1
2010-01-07 00:00:00,2010-01-07 00:00:00,16,2010-01-07 00:00:00,14,15.75,220,736200,11393750,2010-01-07 00:00:00,1
2010-01-08 00:00:00,2010-01-08 00:00:00,18.25,2010-01-08 00:00:00,16.25,17.75,552,1780000,31025475,2010-01-08 00:00:00,1
2010-01-11 00:00:00,2010-01-11 00:00:00,18.25,2010-01-11 00:00:00,16.75,17,78,199100,3515150,2010-01-11 00:00:00,1
2010-01-12 00:00:00,2010-01-12 00:00:00,17.25,2010-01-12 00:00:00,15,15.5,69,61700,978425,2010-01-12 00:00:00,1
2010-01-13 00:00:00,2010-01-13 00:00:00,17,2010-01-13 00:00:00,15,16.5,51,46200,749275,2010-01-13 00:00:00,1
2010-01-15 00:00:00,2010-01-15 00:00:00,16.25,2010-01-15 00:00:00,15.5,15.5,17,14700,230250,2010-01-15 00:00:00,1
2010-01-18 00:00:00,2010-01-18 00:00:00,15.5,2010-01-18 00:00:00,14.25,15.25,29,37500,566975,2010-01-18 00:00:00,1
2010-01-19 00:00:00,2010-01-19 00:00:00,15.5,2010-01-19 00:00:00,13,14,43,64600,898175,2010-01-19 00:00:00,1
2010-01-20 00:00:00,2010-01-20 00:00:00,15,2010-01-20 00:00:00,13,14.5,38,79200,1147500,2010-01-20 00:00:00,1
2010-01-21 00:00:00,2010-01-21 00:00:00,16,2010-01-21 00:00:00,14.75,15.25,203,382000,5865450,2010-01-21 00:00:00,1
2010-01-22 00:00:00,2010-01-22 00:00:00,16,2010-01-22 00:00:00,15,15,42,51700,800750,2010-01-22 00:00:00,1
2010-01-25 00:00:00,2010-01-25 00:00:00,15.25,2010-01-25 00:00:00,14.75,15,24,35700,535400,2010-01-25 00:00:00,1
2010-01-26 00:00:00,2010-01-26 00:00:00,15,2010-01-26 00:00:00,14.75,15,7,11200,167975,2010-01-26 00:00:00,1
2010-01-28 00:00:00,2010-01-28 00:00:00,16,2010-01-28 00:00:00,14,15.5,78,102000,1579500,2010-01-28 00:00:00,1
2010-02-01 00:00:00,2010-02-01 00:00:00,16,2010-02-01 00:00:00,15,15,31,40700,613600,2010-02-01 00:00:00,1
2010-02-02 00:00:00,2010-02-02 00:00:00,16,2010-02-02 00:00:00,15,15.5,56,93000,1431625,2010-02-02 00:00:00,1
2010-02-03 00:00:00,2010-02-03 00:00:00,16.5,2010-02-03 00:00:00,15,15.25,42,56900,895700,2010-02-03 00:00:00,1
2010-02-05 00:00:00,2010-02-05 00:00:00,16,2010-02-05 00:00:00,15.25,15.5,18,32800,508250,2010-02-05 00:00:00,1
2010-02-08 00:00:00,2010-02-08 00:00:00,15.5,2010-02-08 00:00:00,15,15,59,58700,883550,2010-02-08 00:00:00,1
2010-02-09 00:00:00,2010-02-09 00:00:00,15,2010-02-09 00:00:00,14.5,14.75,28,19900,295325,2010-02-09 00:00:00,1
2010-02-10 00:00:00,2010-02-10 00:00:00,15.5,2010-02-10 00:00:00,14.75,15,76,108200,1625325,2010-02-10 00:00:00,1
2010-02-11 00:00:00,2010-02-11 00:00:00,15.75,2010-02-11 00:00:00,14.5,14.5,10,8400,125375,2010-02-11 00:00:00,1
2010-02-12 00:00:00,2010-02-12 00:00:00,15.25,2010-02-12 00:00:00,14,14.75,18,17400,252100,2010-02-12 00:00:00,1
2010-02-15 00:00:00,2010-02-15 00:00:00,15,2010-02-15 00:00:00,14.5,14.5,7,3200,46525,2010-02-15 00:00:00,1
2010-02-16 00:00:00,2010-02-16 00:00:00,15,2010-02-16 00:00:00,14.25,14.25,10,5800,82975,2010-02-16 00:00:00,1
2010-02-17 00:00:00,2010-02-17 00:00:00,15,2010-02-17 00:00:00,14.25,14.25,17,18000,256825,2010-02-17 00:00:00,1
2010-02-18 00:00:00,2010-02-18 00:00:00,14.75,2010-02-18 00:00:00,14,14,25,18000,252975,2010-02-18 00:00:00,1
2010-02-19 00:00:00,2010-02-19 00:00:00,14.5,2010-02-19 00:00:00,13.75,14,60,71000,998475,2010-02-19 00:00:00,1
2010-02-22 00:00:00,2010-02-22 00:00:00,15,2010-02-22 00:00:00,14,14.25,27,44700,651875,2010-02-22 00:00:00,1
2010-02-23 00:00:00,2010-02-23 00:00:00,14.25,2010-02-23 00:00:00,14.25,14.25,3,4100,58425,2010-02-23 00:00:00,1
2010-02-24 00:00:00,2010-02-24 00:00:00,14.5,2010-02-24 00:00:00,14.25,14.25,13,5400,77075,2010-02-24 00:00:00,1
2010-02-25 00:00:00,2010-02-25 00:00:00,15.5,2010-02-25 00:00:00,14.25,14.5,98,114400,1727200,2010-02-25 00:00:00,1
2010-02-26 00:00:00,2010-02-26 00:00:00,15.25,2010-02-26 00:00:00,15,15,3,400,6025,2010-02-26 00:00:00,1
2010-03-01 00:00:00,2010-03-01 00:00:00,15,2010-03-01 00:00:00,14.5,14.75,7,1700,25050,2010-03-01 00:00:00,1
2010-03-02 00:00:00,2010-03-02 00:00:00,15,2010-03-02 00:00:00,14.25,14.5,21,7200,104200,2010-03-02 00:00:00,1
2010-03-03 00:00:00,2010-03-03 00:00:00,15,2010-03-03 00:00:00,14,14.25,22,29100,415250,2010-03-03 00:00:00,1
2010-03-04 00:00:00,2010-03-04 00:00:00,15,2010-03-04 00:00:00,14.25,14.25,12,12900,187525,2010-03-04 00:00:00,1
2010-03-05 00:00:00,2010-03-05 00:00:00,14.5,2010-03-05 00:00:00,14.25,14.5,11,7400,106250,2010-03-05 00:00:00,1
2010-03-08 00:00:00,2010-03-08 00:00:00,14.25,2010-03-08 00:00:00,14,14.25,12,27500,391850,2010-03-08 00:00:00,1
2010-03-09 00:00:00,2010-03-09 00:00:00,14.5,2010-03-09 00:00:00,14,14.25,21,11200,157175,2010-03-09 00:00:00,1
2010-03-10 00:00:00,2010-03-10 00:00:00,15.25,2010-03-10 00:00:00,14,14.25,186,382000,5614475,2010-03-10 00:00:00,1
2010-03-11 00:00:00,2010-03-11 00:00:00,15.25,2010-03-11 00:00:00,14.25,14.5,24,20700,312025,2010-03-11 00:00:00,1
2010-03-12 00:00:00,2010-03-12 00:00:00,14.75,2010-03-12 00:00:00,14.25,14.25,20,47200,680750,2010-03-12 00:00:00,1
2010-03-15 00:00:00,2010-03-15 00:00:00,14.5,2010-03-15 00:00:00,14,14,46,67000,938100,2010-03-15 00:00:00,1
2010-03-16 00:00:00,2010-03-16 00:00:00,14.25,2010-03-16 00:00:00,14,14,18,21400,299625,2010-03-16 00:00:00,1
2010-03-17 00:00:00,2010-03-17 00:00:00,14.5,2010-03-17 00:00:00,13.75,13.75,25,23900,329525,2010-03-17 00:00:00,1
2010-03-18 00:00:00,2010-03-18 00:00:00,14,2010-03-18 00:00:00,13.5,13.75,39,35900,496225,2010-03-18 00:00:00,1
2010-03-19 00:00:00,2010-03-19 00:00:00,14,2010-03-19 00:00:00,13.5,13.75,13,29200,401900,2010-03-19 00:00:00,1
2010-03-22 00:00:00,2010-03-22 00:00:00,13.75,2010-03-22 00:00:00,13.5,13.5,16,15600,210925,2010-03-22 00:00:00,1
2010-03-23 00:00:00,2010-03-23 00:00:00,13.75,2010-03-23 00:00:00,13.5,13.5,4,3600,48625,2010-03-23 00:00:00,1
2010-03-24 00:00:00,2010-03-24 00:00:00,14,2010-03-24 00:00:00,13.5,13.75,2,300,4100,2010-03-24 00:00:00,1
2010-03-25 00:00:00,2010-03-25 00:00:00,14,2010-03-25 00:00:00,13.25,13.75,52,62500,854700,2010-03-25 00:00:00,1
2010-03-26 00:00:00,2010-03-26 00:00:00,14,2010-03-26 00:00:00,13,13.5,40,33600,446500,2010-03-26 00:00:00,1
2010-03-30 00:00:00,2010-03-30 00:00:00,13.25,2010-03-30 00:00:00,13,13.25,3,700,9150,2010-03-30 00:00:00,1
2010-03-31 00:00:00,2010-03-31 00:00:00,13,2010-03-31 00:00:00,13,13,1,500,6500,2010-03-31 00:00:00,1
2010-04-01 00:00:00,2010-04-01 00:00:00,13,2010-04-01 00:00:00,13,13,1,300,3900,2010-04-01 00:00:00,1
2010-04-05 00:00:00,2010-04-05 00:00:00,13.5,2010-04-05 00:00:00,13.5,13.5,9,3000,40500,2010-04-05 00:00:00,1
2010-04-06 00:00:00,2010-04-06 00:00:00,14.75,2010-04-06 00:00:00,13.5,14.25,34,30500,435925,2010-04-06 00:00:00,1
2010-04-07 00:00:00,2010-04-07 00:00:00,14.75,2010-04-07 00:00:00,13.5,13.75,168,388300,5542150,2010-04-07 00:00:00,1
2010-04-08 00:00:00,2010-04-08 00:00:00,13.75,2010-04-08 00:00:00,13.75,13.75,1,100,1375,2010-04-08 00:00:00,1
2010-04-12 00:00:00,2010-04-12 00:00:00,14.25,2010-04-12 00:00:00,13.75,13.75,28,11700,162725,2010-04-12 00:00:00,1
2010-04-15 00:00:00,2010-04-15 00:00:00,14.5,2010-04-15 00:00:00,14,14.5,13,7500,105275,2010-04-15 00:00:00,1
2010-04-16 00:00:00,2010-04-16 00:00:00,14.5,2010-04-16 00:00:00,14,14.25,7,6500,91375,2010-04-16 00:00:00,1
2010-04-19 00:00:00,2010-04-19 00:00:00,14.25,2010-04-19 00:00:00,13.75,14,40,73300,1026075,2010-04-19 00:00:00,1
2010-04-20 00:00:00,2010-04-20 00:00:00,14.5,2010-04-20 00:00:00,13.75,13.75,24,12400,175550,2010-04-20 00:00:00,1
2010-04-21 00:00:00,2010-04-21 00:00:00,14.25,2010-04-21 00:00:00,13.75,13.75,9,5600,77050,2010-04-21 00:00:00,1
2010-04-22 00:00:00,2010-04-22 00:00:00,14,2010-04-22 00:00:00,13.75,13.75,24,25900,360450,2010-04-22 00:00:00,1
2010-04-23 00:00:00,2010-04-23 00:00:00,14.25,2010-04-23 00:00:00,13.75,13.75,20,31100,435100,2010-04-23 00:00:00,1
2010-04-26 00:00:00,2010-04-26 00:00:00,14.25,2010-04-26 00:00:00,13.75,13.75,25,17400,241425,2010-04-26 00:00:00,1
2010-04-27 00:00:00,2010-04-27 00:00:00,15,2010-04-27 00:00:00,13.75,14.5,110,158000,2321150,2010-04-27 00:00:00,1
2010-04-29 00:00:00,2010-04-29 00:00:00,14.75,2010-04-29 00:00:00,14.25,14.5,12,6200,89825,2010-04-29 00:00:00,1
2010-04-30 00:00:00,2010-04-30 00:00:00,14.75,2010-04-30 00:00:00,14.5,14.5,4,3100,44975,2010-04-30 00:00:00,1
2010-05-03 00:00:00,2010-05-03 00:00:00,15,2010-05-03 00:00:00,14.25,14.25,32,67600,980225,2010-05-03 00:00:00,1
2010-05-04 00:00:00,2010-05-04 00:00:00,14.75,2010-05-04 00:00:00,14,14,11,11200,157175,2010-05-04 00:00:00,1
2010-05-05 00:00:00,2010-05-05 00:00:00,14.5,2010-05-05 00:00:00,13.75,13.75,14,13100,183650,2010-05-05 00:00:00,1
2010-05-06 00:00:00,2010-05-06 00:00:00,15,2010-05-06 00:00:00,14,14.25,38,78600,1147825,2010-05-06 00:00:00,1
2010-05-07 00:00:00,2010-05-07 00:00:00,14.75,2010-05-07 00:00:00,14.5,14.5,8,12500,181750,2010-05-07 00:00:00,1
2010-05-10 00:00:00,2010-05-10 00:00:00,14.25,2010-05-10 00:00:00,14.25,14.25,2,200,2850,2010-05-10 00:00:00,1
2010-05-11 00:00:00,2010-05-11 00:00:00,14.75,2010-05-11 00:00:00,14.75,14.75,1,100,1475,2010-05-11 00:00:00,1
2010-05-12 00:00:00,2010-05-12 00:00:00,14.75,2010-05-12 00:00:00,14.25,14.25,6,2300,32850,2010-05-12 00:00:00,1
2010-05-13 00:00:00,2010-05-13 00:00:00,14.75,2010-05-13 00:00:00,13.75,14,16,14900,209125,2010-05-13 00:00:00,1
2010-05-14 00:00:00,2010-05-14 00:00:00,14,2010-05-14 00:00:00,13.75,14,8,3100,43050,2010-05-14 00:00:00,1
2010-05-17 00:00:00,2010-05-17 00:00:00,14,2010-05-17 00:00:00,13.75,13.75,10,5600,77125,2010-05-17 00:00:00,1
2010-05-18 00:00:00,2010-05-18 00:00:00,13.75,2010-05-18 00:00:00,13.5,13.5,20,30100,410050,2010-05-18 00:00:00,1
2010-05-19 00:00:00,2010-05-19 00:00:00,14,2010-05-19 00:00:00,13.5,13.5,19,24100,325650,2010-05-19 00:00:00,1
2010-05-20 00:00:00,2010-05-20 00:00:00,13.75,2010-05-20 00:00:00,13.25,13.75,2,200,2700,2010-05-20 00:00:00,1
2010-05-21 00:00:00,2010-05-21 00:00:00,13.5,2010-05-21 00:00:00,13.25,13.25,25,40400,537250,2010-05-21 00:00:00,1
2010-05-24 00:00:00,2010-05-24 00:00:00,13.75,2010-05-24 00:00:00,13.25,13.25,7,10200,135475,2010-05-24 00:00:00,1
2010-05-25 00:00:00,2010-05-25 00:00:00,13.5,2010-05-25 00:00:00,13,13.25,67,247900,3239650,2010-05-25 00:00:00,1
2010-05-26 00:00:00,2010-05-26 00:00:00,13.5,2010-05-26 00:00:00,13.25,13.5,50,78800,1062650,2010-05-26 00:00:00,1
2010-05-31 00:00:00,2010-05-31 00:00:00,13.75,2010-05-31 00:00:00,13,13,13,43800,570300,2010-05-31 00:00:00,1
2010-06-01 00:00:00,2010-06-01 00:00:00,13.5,2010-06-01 00:00:00,12.5,12.75,27,36000,460350,2010-06-01 00:00:00,1
2010-06-03 00:00:00,2010-06-03 00:00:00,13,2010-06-03 00:00:00,12.5,12.5,7,28400,355225,2010-06-03 00:00:00,1
2010-06-04 00:00:00,2010-06-04 00:00:00,13.5,2010-06-04 00:00:00,12.5,13.25,18,63500,840800,2010-06-04 00:00:00,1
2010-06-07 00:00:00,2010-06-07 00:00:00,13.75,2010-06-07 00:00:00,13,13.25,5,2500,33650,2010-06-07 00:00:00,1
2010-06-08 00:00:00,2010-06-08 00:00:00,13.75,2010-06-08 00:00:00,13.25,13.25,13,17200,228125,2010-06-08 00:00:00,1
2010-06-09 00:00:00,2010-06-09 00:00:00,14,2010-06-09 00:00:00,13.5,14,60,148700,2043850,2010-06-09 00:00:00,1
2010-06-10 00:00:00,2010-06-10 00:00:00,14,2010-06-10 00:00:00,13.5,13.75,5,2300,31525,2010-06-10 00:00:00,1
2010-06-11 00:00:00,2010-06-11 00:00:00,14,2010-06-11 00:00:00,13.25,13.25,30,35300,470800,2010-06-11 00:00:00,1
2010-06-14 00:00:00,2010-06-14 00:00:00,13.75,2010-06-14 00:00:00,13.25,13.25,20,33300,442600,2010-06-14 00:00:00,1
2010-06-15 00:00:00,2010-06-15 00:00:00,14.25,2010-06-15 00:00:00,13.5,14,92,132500,1856400,2010-06-15 00:00:00,1
2010-06-16 00:00:00,2010-06-16 00:00:00,16.5,2010-06-16 00:00:00,14.25,16,708,1871500,29535525,2010-06-16 00:00:00,1
2010-06-17 00:00:00,2010-06-17 00:00:00,16.5,2010-06-17 00:00:00,15,15.25,52,116000,1806975,2010-06-17 00:00:00,1
2010-06-21 00:00:00,2010-06-21 00:00:00,15.5,2010-06-21 00:00:00,14.75,14.75,42,40900,610725,2010-06-21 00:00:00,1
2010-06-22 00:00:00,2010-06-22 00:00:00,15.5,2010-06-22 00:00:00,14.5,14.5,13,13900,203075,2010-06-22 00:00:00,1
2010-06-23 00:00:00,2010-06-23 00:00:00,15,2010-06-23 00:00:00,14.25,14.5,24,32300,469575,2010-06-23 00:00:00,1
2010-06-24 00:00:00,2010-06-24 00:00:00,15.25,2010-06-24 00:00:00,14.25,15,51,83900,1243075,2010-06-24 00:00:00,1
2010-06-28 00:00:00,2010-06-28 00:00:00,15.25,2010-06-28 00:00:00,14.5,14.5,27,34900,509300,2010-06-28 00:00:00,1
2010-06-29 00:00:00,2010-06-29 00:00:00,16.25,2010-06-29 00:00:00,14.25,15.5,122,213400,3375500,2010-06-29 00:00:00,1
2010-06-30 00:00:00,2010-06-30 00:00:00,16.5,2010-06-30 00:00:00,15.25,15.25,94,181100,2882125,2010-06-30 00:00:00,1
2010-07-01 00:00:00,2010-07-01 00:00:00,16,2010-07-01 00:00:00,15.25,15.25,23,44200,677625,2010-07-01 00:00:00,1
2010-07-02 00:00:00,2010-07-02 00:00:00,16,2010-07-02 00:00:00,15,15,27,71100,1073600,2010-07-02 00:00:00,1
2010-07-05 00:00:00,2010-07-05 00:00:00,15.5,2010-07-05 00:00:00,14.75,15,14,17700,265425,2010-07-05 00:00:00,1
2010-07-06 00:00:00,2010-07-06 00:00:00,15.25,2010-07-06 00:00:00,14.5,15,10,11700,175250,2010-07-06 00:00:00,1
2010-07-07 00:00:00,2010-07-07 00:00:00,15.5,2010-07-07 00:00:00,14.25,14.5,23,36400,528075,2010-07-07 00:00:00,1
2010-07-08 00:00:00,2010-07-08 00:00:00,15.25,2010-07-08 00:00:00,14.75,15,24,17500,262650,2010-07-08 00:00:00,1
2010-07-09 00:00:00,2010-07-09 00:00:00,15,2010-07-09 00:00:00,14.5,14.5,2,600,8750,2010-07-09 00:00:00,1
2010-07-12 00:00:00,2010-07-12 00:00:00,15.5,2010-07-12 00:00:00,14.75,14.75,26,30200,454600,2010-07-12 00:00:00,1
2010-07-13 00:00:00,2010-07-13 00:00:00,16.75,2010-07-13 00:00:00,15,16.25,302,768700,12405100,2010-07-13 00:00:00,1
2010-07-14 00:00:00,2010-07-14 00:00:00,17.5,2010-07-14 00:00:00,16.25,16.5,435,960200,16394750,2010-07-14 00:00:00,1
2010-07-15 00:00:00,2010-07-15 00:00:00,17,2010-07-15 00:00:00,16,16,59,80700,1340650,2010-07-15 00:00:00,1
2010-07-16 00:00:00,2010-07-16 00:00:00,16.75,2010-07-16 00:00:00,16,16.25,40,45900,754500,2010-07-16 00:00:00,1
2010-07-19 00:00:00,2010-07-19 00:00:00,16.5,2010-07-19 00:00:00,15.75,16.25,46,73500,1186300,2010-07-19 00:00:00,1
2010-07-20 00:00:00,2010-07-20 00:00:00,16.75,2010-07-20 00:00:00,16.25,16.5,58,84800,1398575,2010-07-20 00:00:00,1
2010-07-21 00:00:00,2010-07-21 00:00:00,16.5,2010-07-21 00:00:00,16.25,16.25,22,17400,286000,2010-07-21 00:00:00,1
2010-07-22 00:00:00,2010-07-22 00:00:00,16.25,2010-07-22 00:00:00,15.25,15.25,36,24000,374875,2010-07-22 00:00:00,1
2010-07-23 00:00:00,2010-07-23 00:00:00,16.25,2010-07-23 00:00:00,15.75,16,25,16500,262200,2010-07-23 00:00:00,1
2010-07-26 00:00:00,2010-07-26 00:00:00,16,2010-07-26 00:00:00,15.25,15.5,19,16000,249150,2010-07-26 00:00:00,1
2010-07-27 00:00:00,2010-07-27 00:00:00,17,2010-07-27 00:00:00,15.5,16.75,143,267700,4432500,2010-07-27 00:00:00,1
2010-07-28 00:00:00,2010-07-28 00:00:00,17,2010-07-28 00:00:00,16,17,36,46800,780275,2010-07-28 00:00:00,1
2010-07-29 00:00:00,2010-07-29 00:00:00,17,2010-07-29 00:00:00,16,16.75,46,118200,1962650,2010-07-29 00:00:00,1
2010-07-30 00:00:00,2010-07-30 00:00:00,17,2010-07-30 00:00:00,16,16.75,39,69300,1147525,2010-07-30 00:00:00,1
2010-08-02 00:00:00,2010-08-02 00:00:00,16.9,2010-08-02 00:00:00,16,16,13,14200,227740,2010-08-02 00:00:00,1
2010-08-03 00:00:00,2010-08-03 00:00:00,17.2,2010-08-03 00:00:00,15.9,16.9,54,94500,1593320,2010-08-03 00:00:00,1
2010-08-04 00:00:00,2010-08-04 00:00:00,17.1,2010-08-04 00:00:00,16.1,16.7,17,7200,117540,2010-08-04 00:00:00,1
2010-08-05 00:00:00,2010-08-05 00:00:00,16.4,2010-08-05 00:00:00,15.1,15.4,18,11400,175130,2010-08-05 00:00:00,1
2010-08-06 00:00:00,2010-08-06 00:00:00,15.5,2010-08-06 00:00:00,15.2,15.5,14,11400,175110,2010-08-06 00:00:00,1
2010-08-09 00:00:00,2010-08-09 00:00:00,14.9,2010-08-09 00:00:00,14,14.1,23,21100,296480,2010-08-09 00:00:00,1
2010-08-10 00:00:00,2010-08-10 00:00:00,15.5,2010-08-10 00:00:00,12.7,15.5,35,34000,506280,2010-08-10 00:00:00,1
2010-08-11 00:00:00,2010-08-11 00:00:00,16.5,2010-08-11 00:00:00,15,15,32,32500,498950,2010-08-11 00:00:00,1
2010-08-12 00:00:00,2010-08-12 00:00:00,15.9,2010-08-12 00:00:00,14,15.1,21,10200,144140,2010-08-12 00:00:00,1
2010-08-13 00:00:00,2010-08-13 00:00:00,15.5,2010-08-13 00:00:00,14.1,15,5,500,7300,2010-08-13 00:00:00,1
2010-08-16 00:00:00,2010-08-16 00:00:00,15.4,2010-08-16 00:00:00,15,15,21,26500,397860,2010-08-16 00:00:00,1
2010-08-17 00:00:00,2010-08-17 00:00:00,15.7,2010-08-17 00:00:00,14.3,15,6,1200,18560,2010-08-17 00:00:00,1
2010-08-18 00:00:00,2010-08-18 00:00:00,15,2010-08-18 00:00:00,15,15,4,1200,18000,2010-08-18 00:00:00,1
2010-08-19 00:00:00,2010-08-19 00:00:00,16,2010-08-19 00:00:00,15.2,15.7,36,16500,255850,2010-08-19 00:00:00,1
2010-08-20 00:00:00,2010-08-20 00:00:00,16,2010-08-20 00:00:00,15.3,15.8,4,700,10850,2010-08-20 00:00:00,1
2010-08-23 00:00:00,2010-08-23 00:00:00,16.4,2010-08-23 00:00:00,15.3,16.2,21,16000,258010,2010-08-23 00:00:00,1
2010-08-25 00:00:00,2010-08-25 00:00:00,16.4,2010-08-25 00:00:00,15,15.7,15,9000,137650,2010-08-25 00:00:00,1
2010-08-26 00:00:00,2010-08-26 00:00:00,15.9,2010-08-26 00:00:00,15,15.9,11,28200,433120,2010-08-26 00:00:00,1
2010-08-27 00:00:00,2010-08-27 00:00:00,15.9,2010-08-27 00:00:00,15,15.7,15,22400,342310,2010-08-27 00:00:00,1
2010-08-30 00:00:00,2010-08-30 00:00:00,15.8,2010-08-30 00:00:00,15,15.3,15,10900,164650,2010-08-30 00:00:00,1
2010-08-31 00:00:00,2010-08-31 00:00:00,15.3,2010-08-31 00:00:00,15.1,15.3,6,3600,54860,2010-08-31 00:00:00,1
2010-09-01 00:00:00,2010-09-01 00:00:00,15.8,2010-09-01 00:00:00,15,15.1,10,1400,21660,2010-09-01 00:00:00,1
2010-09-02 00:00:00,2010-09-02 00:00:00,16,2010-09-02 00:00:00,15.1,15.9,32,33800,532320,2010-09-02 00:00:00,1
2010-09-03 00:00:00,2010-09-03 00:00:00,16.5,2010-09-03 00:00:00,15.8,16,97,120800,1964380,2010-09-03 00:00:00,1
2010-09-06 00:00:00,2010-09-06 00:00:00,16.6,2010-09-06 00:00:00,15.7,15.9,11,5100,81230,2010-09-06 00:00:00,1
2010-09-07 00:00:00,2010-09-07 00:00:00,16.7,2010-09-07 00:00:00,16,16,31,42700,689190,2010-09-07 00:00:00,1
2010-09-08 00:00:00,2010-09-08 00:00:00,16.4,2010-09-08 00:00:00,15.7,15.8,15,25800,412930,2010-09-08 00:00:00,1
2010-09-09 00:00:00,2010-09-09 00:00:00,15.9,2010-09-09 00:00:00,15.1,15.9,15,12100,188390,2010-09-09 00:00:00,1
2010-09-13 00:00:00,2010-09-13 00:00:00,15.2,2010-09-13 00:00:00,14.8,15,9,12500,188010,2010-09-13 00:00:00,1
2010-09-14 00:00:00,2010-09-14 00:00:00,15.5,2010-09-14 00:00:00,15.1,15.4,30,36700,558870,2010-09-14 00:00:00,1
2010-09-15 00:00:00,2010-09-15 00:00:00,15.5,2010-09-15 00:00:00,15.1,15.3,7,3000,45760,2010-09-15 00:00:00,1
2010-09-16 00:00:00,2010-09-16 00:00:00,16,2010-09-16 00:00:00,15.2,15.8,32,26900,421590,2010-09-16 00:00:00,1
2010-09-17 00:00:00,2010-09-17 00:00:00,16.4,2010-09-17 00:00:00,15.2,16.1,27,20300,323660,2010-09-17 00:00:00,1
2010-09-20 00:00:00,2010-09-20 00:00:00,16.4,2010-09-20 00:00:00,16.1,16.3,15,21900,356470,2010-09-20 00:00:00,1
2010-09-21 00:00:00,2010-09-21 00:00:00,18,2010-09-21 00:00:00,16.1,17.5,302,873300,15163850,2010-09-21 00:00:00,1
2010-09-23 00:00:00,2010-09-23 00:00:00,17.2,2010-09-23 00:00:00,17,17,46,63500,1080220,2010-09-23 00:00:00,1
2010-09-24 00:00:00,2010-09-24 00:00:00,17,2010-09-24 00:00:00,17,17,1,100,1700,2010-09-24 00:00:00,1
2010-09-27 00:00:00,2010-09-27 00:00:00,16.5,2010-09-27 00:00:00,16,16.1,10,5200,85090,2010-09-27 00:00:00,1
2010-09-28 00:00:00,2010-09-28 00:00:00,17.1,2010-09-28 00:00:00,16.2,16.9,41,49000,811530,2010-09-28 00:00:00,1
2010-09-29 00:00:00,2010-09-29 00:00:00,17.1,2010-09-29 00:00:00,16.9,17,18,13400,228110,2010-09-29 00:00:00,1
2010-09-30 00:00:00,2010-09-30 00:00:00,17.9,2010-09-30 00:00:00,16.7,17.6,99,259700,4515760,2010-09-30 00:00:00,1
2010-10-01 00:00:00,2010-10-01 00:00:00,18,2010-10-01 00:00:00,17.3,17.5,54,114700,2022090,2010-10-01 00:00:00,1
2010-10-04 00:00:00,2010-10-04 00:00:00,17.4,2010-10-04 00:00:00,17,17.4,31,48300,832790,2010-10-04 00:00:00,1
2010-10-05 00:00:00,2010-10-05 00:00:00,17.8,2010-10-05 00:00:00,16.2,17,30,48700,835700,2010-10-05 00:00:00,1
2010-10-06 00:00:00,2010-10-06 00:00:00,17.5,2010-10-06 00:00:00,16.5,17.1,26,52800,896260,2010-10-06 00:00:00,1
2010-10-07 00:00:00,2010-10-07 00:00:00,16.5,2010-10-07 00:00:00,15.5,16,8,12200,195960,2010-10-07 00:00:00,1
2010-10-08 00:00:00,2010-10-08 00:00:00,17.6,2010-10-08 00:00:00,15.7,17.3,40,123800,2128670,2010-10-08 00:00:00,1
2010-10-11 00:00:00,2010-10-11 00:00:00,16.9,2010-10-11 00:00:00,16.5,16.5,5,12100,199690,2010-10-11 00:00:00,1
2010-10-12 00:00:00,2010-10-12 00:00:00,16.9,2010-10-12 00:00:00,15.1,15.5,13,13600,211990,2010-10-12 00:00:00,1
2010-10-13 00:00:00,2010-10-13 00:00:00,16.9,2010-10-13 00:00:00,14.7,16.2,8,3100,48070,2010-10-13 00:00:00,1
2010-10-14 00:00:00,2010-10-14 00:00:00,16.9,2010-10-14 00:00:00,15,15.2,12,4900,77820,2010-10-14 00:00:00,1
2010-10-15 00:00:00,2010-10-15 00:00:00,17,2010-10-15 00:00:00,15.3,16.3,9,1800,28920,2010-10-15 00:00:00,1
2010-10-18 00:00:00,2010-10-18 00:00:00,16.3,2010-10-18 00:00:00,15.3,15.9,10,34500,544820,2010-10-18 00:00:00,1
2010-10-19 00:00:00,2010-10-19 00:00:00,16.3,2010-10-19 00:00:00,15.6,15.6,4,900,14450,2010-10-19 00:00:00,1
2010-10-20 00:00:00,2010-10-20 00:00:00,15.6,2010-10-20 00:00:00,15.6,15.6,3,1200,18720,2010-10-20 00:00:00,1
2010-10-21 00:00:00,2010-10-21 00:00:00,15.4,2010-10-21 00:00:00,15.4,15.4,7,10400,160160,2010-10-21 00:00:00,1
2010-10-25 00:00:00,2010-10-25 00:00:00,15.6,2010-10-25 00:00:00,15.3,15.3,11,13000,201380,2010-10-25 00:00:00,1
2010-10-26 00:00:00,2010-10-26 00:00:00,15.2,2010-10-26 00:00:00,15,15,4,5000,75200,2010-10-26 00:00:00,1
2010-10-27 00:00:00,2010-10-27 00:00:00,15,2010-10-27 00:00:00,14.5,14.6,6,2200,32500,2010-10-27 00:00:00,1
2010-10-28 00:00:00,2010-10-28 00:00:00,15,2010-10-28 00:00:00,14.6,15,6,2900,43460,2010-10-28 00:00:00,1
2010-10-29 00:00:00,2010-10-29 00:00:00,15.5,2010-10-29 00:00:00,15,15.2,15,5900,90310,2010-10-29 00:00:00,1
2010-11-01 00:00:00,2010-11-01 00:00:00,15.7,2010-11-01 00:00:00,15.5,15.5,5,1700,26390,2010-11-01 00:00:00,1
2010-11-02 00:00:00,2010-11-02 00:00:00,16.4,2010-11-02 00:00:00,15,16.1,36,21000,332090,2010-11-02 00:00:00,1
2010-11-03 00:00:00,2010-11-03 00:00:00,17.5,2010-11-03 00:00:00,16.5,17.1,70,107700,1850610,2010-11-03 00:00:00,1
2010-11-04 00:00:00,2010-11-04 00:00:00,17.4,2010-11-04 00:00:00,15.9,16.5,15,16800,275330,2010-11-04 00:00:00,1
2010-11-08 00:00:00,2010-11-08 00:00:00,17,2010-11-08 00:00:00,16.7,16.7,6,4800,80320,2010-11-08 00:00:00,1
2010-11-09 00:00:00,2010-11-09 00:00:00,17,2010-11-09 00:00:00,15.6,16.8,7,3900,65410,2010-11-09 00:00:00,1
2010-11-10 00:00:00,2010-11-10 00:00:00,17.1,2010-11-10 00:00:00,15.2,17,18,12200,206260,2010-11-10 00:00:00,1
2010-11-11 00:00:00,2010-11-11 00:00:00,16.9,2010-11-11 00:00:00,15.5,15.7,3,800,12540,2010-11-11 00:00:00,1
2010-11-12 00:00:00,2010-11-12 00:00:00,16.2,2010-11-12 00:00:00,15.3,15.5,7,2600,40450,2010-11-12 00:00:00,1
2010-11-15 00:00:00,2010-11-15 00:00:00,16.8,2010-11-15 00:00:00,15.5,16.8,2,1100,17180,2010-11-15 00:00:00,1
2010-11-16 00:00:00,2010-11-16 00:00:00,16.8,2010-11-16 00:00:00,15.2,16.2,9,2900,44580,2010-11-16 00:00:00,1
2010-11-22 00:00:00,2010-11-22 00:00:00,16.2,2010-11-22 00:00:00,15.5,15.6,8,2400,37540,2010-11-22 00:00:00,1
2010-11-23 00:00:00,2010-11-23 00:00:00,16,2010-11-23 00:00:00,15,15,13,5500,83690,2010-11-23 00:00:00,1
2010-11-24 00:00:00,2010-11-24 00:00:00,15.8,2010-11-24 00:00:00,15.5,15.7,5,2500,39250,2010-11-24 00:00:00,1
2010-11-25 00:00:00,2010-11-25 00:00:00,15.8,2010-11-25 00:00:00,15.1,15.1,3,1200,18390,2010-11-25 00:00:00,1
2010-11-26 00:00:00,2010-11-26 00:00:00,15.5,2010-11-26 00:00:00,15.2,15.2,4,1600,24770,2010-11-26 00:00:00,1
2010-11-29 00:00:00,2010-11-29 00:00:00,15.5,2010-11-29 00:00:00,15.1,15.2,5,1100,16700,2010-11-29 00:00:00,1
2010-11-30 00:00:00,2010-11-30 00:00:00,16.8,2010-11-30 00:00:00,15.5,15.9,24,11500,186120,2010-11-30 00:00:00,1
2010-12-01 00:00:00,2010-12-01 00:00:00,16.5,2010-12-01 00:00:00,16.3,16.3,3,700,11480,2010-12-01 00:00:00,1
2010-12-02 00:00:00,2010-12-02 00:00:00,16,2010-12-02 00:00:00,15.7,15.9,6,1600,25420,2010-12-02 00:00:00,1
2010-12-08 00:00:00,2010-12-08 00:00:00,15.8,2010-12-08 00:00:00,15,15.5,10,4300,67320,2010-12-08 00:00:00,1
2010-12-09 00:00:00,2010-12-09 00:00:00,16.3,2010-12-09 00:00:00,15.9,16.3,7,14800,236690,2010-12-09 00:00:00,1
2010-12-10 00:00:00,2010-12-10 00:00:00,15.5,2010-12-10 00:00:00,15.5,15.5,1,1000,15500,2010-12-10 00:00:00,1
2010-12-13 00:00:00,2010-12-13 00:00:00,16,2010-12-13 00:00:00,16,16,1,100,1600,2010-12-13 00:00:00,1
2010-12-16 00:00:00,2010-12-16 00:00:00,15.9,2010-12-16 00:00:00,15.9,15.9,1,3000,47700,2010-12-16 00:00:00,1
2010-12-22 00:00:00,2010-12-22 00:00:00,15.9,2010-12-22 00:00:00,15.1,15.4,13,6000,92280,2010-12-22 00:00:00,1
2010-12-23 00:00:00,2010-12-23 00:00:00,16,2010-12-23 00:00:00,15.5,15.5,9,5400,85860,2010-12-23 00:00:00,1
2010-12-24 00:00:00,2010-12-24 00:00:00,16,2010-12-24 00:00:00,16,16,1,100,1600,2010-12-24 00:00:00,1
2010-12-27 00:00:00,2010-12-27 00:00:00,16,2010-12-27 00:00:00,16,16,1,100,1600,2010-12-27 00:00:00,1
2010-12-28 00:00:00,2010-12-28 00:00:00,16,2010-12-28 00:00:00,16,16,4,700,11200,2010-12-28 00:00:00,1
2010-12-29 00:00:00,2010-12-29 00:00:00,15.2,2010-12-29 00:00:00,15.1,15.2,2,1000,15170,2010-12-29 00:00:00,1
2010-12-30 00:00:00,2010-12-30 00:00:00,15.9,2010-12-30 00:00:00,14.8,15,21,8000,120410,2010-12-30 00:00:00,1
2010-12-31 00:00:00,2010-12-31 00:00:00,15.9,2010-12-31 00:00:00,14.7,15,22,15900,240050,2010-12-31 00:00:00,1
Company Id,:  KFP,Security,Type :  N,Sub Type,:  0000,,,,,
Short Name :  KEELLS FOOD,,,,,,,,,,
Day,Date High,High,Date Low,Low,Closing,No. of Trades,No. of Shares,Turnover,Last Traded,Days Traded
2010-01-04 00:00:00,2010-01-04 00:00:00,75,2010-01-04 00:00:00,75,75,1,1000,75000,2010-01-04 00:00:00,1
2010-01-06 00:00:00,2010-01-06 00:00:00,76,2010-01-06 00:00:00,75,75,3,1500,112700,2010-01-06 00:00:00,1
2010-01-07 00:00:00,2010-01-07 00:00:00,77,2010-01-07 00:00:00,75,76.5,5,5000,381900,2010-01-07 00:00:00,1
2010-01-11 00:00:00,2010-01-11 00:00:00,80,2010-01-11 00:00:00,76,77,4,5700,438250,2010-01-11 00:00:00,1
2010-01-12 00:00:00,2010-01-12 00:00:00,85,2010-01-12 00:00:00,79,80.5,3,500,40300,2010-01-12 00:00:00,1
2010-01-13 00:00:00,2010-01-13 00:00:00,89.5,2010-01-13 00:00:00,85,86.25,16,17200,1466600,2010-01-13 00:00:00,1
2010-01-15 00:00:00,2010-01-15 00:00:00,90,2010-01-15 00:00:00,90,90,1,700,63000,2010-01-15 00:00:00,1
2010-02-01 00:00:00,2010-02-01 00:00:00,70.5,2010-02-01 00:00:00,70.25,70.25,2,300,21100,2010-02-01 00:00:00,1
2010-02-02 00:00:00,2010-02-02 00:00:00,89,2010-02-02 00:00:00,75,89,7,2000,166800,2010-02-02 00:00:00,1
2010-02-05 00:00:00,2010-02-05 00:00:00,80,2010-02-05 00:00:00,78,80,5,2100,167600,2010-02-05 00:00:00,1
2010-02-08 00:00:00,2010-02-08 00:00:00,81,2010-02-08 00:00:00,80,80.75,2,300,24200,2010-02-08 00:00:00,1
2010-02-09 00:00:00,2010-02-09 00:00:00,81,2010-02-09 00:00:00,78,78,7,7700,607675,2010-02-09 00:00:00,1
2010-02-10 00:00:00,2010-02-10 00:00:00,83.5,2010-02-10 00:00:00,79,81.5,2,10800,879300,2010-02-10 00:00:00,1
2010-02-11 00:00:00,2010-02-11 00:00:00,80,2010-02-11 00:00:00,75,75.25,17,8100,613725,2010-02-11 00:00:00,1
2010-02-12 00:00:00,2010-02-12 00:00:00,74,2010-02-12 00:00:00,74,74,1,200,14800,2010-02-12 00:00:00,1
2010-02-15 00:00:00,2010-02-15 00:00:00,74,2010-02-15 00:00:00,74,74,5,600,44400,2010-02-15 00:00:00,1
2010-02-16 00:00:00,2010-02-16 00:00:00,74,2010-02-16 00:00:00,74,74,1,2700,199800,2010-02-16 00:00:00,1
2010-02-18 00:00:00,2010-02-18 00:00:00,75,2010-02-18 00:00:00,75,75,3,1100,82500,2010-02-18 00:00:00,1
2010-02-23 00:00:00,2010-02-23 00:00:00,75,2010-02-23 00:00:00,75,75,1,200,15000,2010-02-23 00:00:00,1
2010-02-24 00:00:00,2010-02-24 00:00:00,73,2010-02-24 00:00:00,73,73,2,400,29200,2010-02-24 00:00:00,1
2010-02-25 00:00:00,2010-02-25 00:00:00,73,2010-02-25 00:00:00,73,73,4,1000,73000,2010-02-25 00:00:00,1
2010-03-01 00:00:00,2010-03-01 00:00:00,72.5,2010-03-01 00:00:00,72,72.25,3,5700,410625,2010-03-01 00:00:00,1
2010-03-02 00:00:00,2010-03-02 00:00:00,72,2010-03-02 00:00:00,70,70,13,17400,1229800,2010-03-02 00:00:00,1
2010-03-03 00:00:00,2010-03-03 00:00:00,70.75,2010-03-03 00:00:00,70.75,70.75,1,300,21225,2010-03-03 00:00:00,1
2010-03-05 00:00:00,2010-03-05 00:00:00,73.75,2010-03-05 00:00:00,73.75,73.75,1,1000,73750,2010-03-05 00:00:00,1
2010-03-08 00:00:00,2010-03-08 00:00:00,70.5,2010-03-08 00:00:00,70,70,2,5300,371150,2010-03-08 00:00:00,1
2010-03-09 00:00:00,2010-03-09 00:00:00,73.25,2010-03-09 00:00:00,70,70.25,6,3000,210450,2010-03-09 00:00:00,1
2010-03-10 00:00:00,2010-03-10 00:00:00,70,2010-03-10 00:00:00,69.5,69.75,6,11900,829125,2010-03-10 00:00:00,1
2010-03-15 00:00:00,2010-03-15 00:00:00,70,2010-03-15 00:00:00,70,70,1,5000,350000,2010-03-15 00:00:00,1
2010-03-16 00:00:00,2010-03-16 00:00:00,73,2010-03-16 00:00:00,72.75,72.75,5,4200,305600,2010-03-16 00:00:00,1
2010-03-23 00:00:00,2010-03-23 00:00:00,72.75,2010-03-23 00:00:00,72.75,72.75,1,1000,72750,2010-03-23 00:00:00,1
2010-03-26 00:00:00,2010-03-26 00:00:00,74,2010-03-26 00:00:00,74,74,4,1200,88800,2010-03-26 00:00:00,1
2010-03-30 00:00:00,2010-03-30 00:00:00,70,2010-03-30 00:00:00,70,70,2,3000,210000,2010-03-30 00:00:00,1
2010-03-31 00:00:00,2010-03-31 00:00:00,69,2010-03-31 00:00:00,69,69,1,1000,69000,2010-03-31 00:00:00,1
2010-04-06 00:00:00,2010-04-06 00:00:00,70,2010-04-06 00:00:00,70,70,1,400,28000,2010-04-06 00:00:00,1
2010-04-07 00:00:00,2010-04-07 00:00:00,74.5,2010-04-07 00:00:00,74.5,74.5,2,200,14900,2010-04-07 00:00:00,1
2010-04-19 00:00:00,2010-04-19 00:00:00,74.75,2010-04-19 00:00:00,74.75,74.75,2,400,29900,2010-04-19 00:00:00,1
2010-04-20 00:00:00,2010-04-20 00:00:00,77.5,2010-04-20 00:00:00,74,74,9,3600,273900,2010-04-20 00:00:00,1
2010-04-21 00:00:00,2010-04-21 00:00:00,70.5,2010-04-21 00:00:00,70,70.25,12,29000,2033750,2010-04-21 00:00:00,1
2010-04-22 00:00:00,2010-04-22 00:00:00,75,2010-04-22 00:00:00,74.75,75,5,5600,419900,2010-04-22 00:00:00,1
2010-04-23 00:00:00,2010-04-23 00:00:00,75,2010-04-23 00:00:00,75,75,3,6000,450000,2010-04-23 00:00:00,1
2010-04-27 00:00:00,2010-04-27 00:00:00,76.25,2010-04-27 00:00:00,76,76,3,500,38050,2010-04-27 00:00:00,1
2010-04-29 00:00:00,2010-04-29 00:00:00,76,2010-04-29 00:00:00,76,76,1,300,22800,2010-04-29 00:00:00,1
2010-05-04 00:00:00,2010-05-04 00:00:00,75.25,2010-05-04 00:00:00,70,70,28,8500,603275,2010-05-04 00:00:00,1
2010-05-05 00:00:00,2010-05-05 00:00:00,70,2010-05-05 00:00:00,70,70,4,900,63000,2010-05-05 00:00:00,1
2010-05-07 00:00:00,2010-05-07 00:00:00,69.75,2010-05-07 00:00:00,69.75,69.75,4,6100,425475,2010-05-07 00:00:00,1
2010-05-13 00:00:00,2010-05-13 00:00:00,69.75,2010-05-13 00:00:00,69.75,69.75,1,500,34875,2010-05-13 00:00:00,1
2010-05-17 00:00:00,2010-05-17 00:00:00,69.25,2010-05-17 00:00:00,69.25,69.25,1,100,6925,2010-05-17 00:00:00,1
2010-05-21 00:00:00,2010-05-21 00:00:00,70,2010-05-21 00:00:00,69,70,2,10200,713800,2010-05-21 00:00:00,1
2010-05-24 00:00:00,2010-05-24 00:00:00,70,2010-05-24 00:00:00,70,70,1,500,35000,2010-05-24 00:00:00,1
2010-05-26 00:00:00,2010-05-26 00:00:00,70,2010-05-26 00:00:00,66.75,66.75,2,800,54700,2010-05-26 00:00:00,1
2010-06-01 00:00:00,2010-06-01 00:00:00,71.75,2010-06-01 00:00:00,71.75,71.75,2,5700,408975,2010-06-01 00:00:00,1
2010-06-02 00:00:00,2010-06-02 00:00:00,70,2010-06-02 00:00:00,69,69,3,2400,165800,2010-06-02 00:00:00,1
2010-06-03 00:00:00,2010-06-03 00:00:00,69,2010-06-03 00:00:00,69,69,1,100,6900,2010-06-03 00:00:00,1
2010-06-04 00:00:00,2010-06-04 00:00:00,68,2010-06-04 00:00:00,68,68,1,200,13600,2010-06-04 00:00:00,1
2010-06-09 00:00:00,2010-06-09 00:00:00,67.25,2010-06-09 00:00:00,66.5,67,7,2900,194300,2010-06-09 00:00:00,1
2010-06-11 00:00:00,2010-06-11 00:00:00,66.25,2010-06-11 00:00:00,66.25,66.25,2,500,33125,2010-06-11 00:00:00,1
2010-06-14 00:00:00,2010-06-14 00:00:00,70,2010-06-14 00:00:00,70,70,1,300,21000,2010-06-14 00:00:00,1
2010-06-16 00:00:00,2010-06-16 00:00:00,69.75,2010-06-16 00:00:00,67.25,67.75,4,2800,193225,2010-06-16 00:00:00,1
2010-06-17 00:00:00,2010-06-17 00:00:00,67.25,2010-06-17 00:00:00,67.25,67.25,1,500,33625,2010-06-17 00:00:00,1
2010-06-22 00:00:00,2010-06-22 00:00:00,67.25,2010-06-22 00:00:00,67.25,67.25,1,1500,100875,2010-06-22 00:00:00,1
2010-06-23 00:00:00,2010-06-23 00:00:00,67.25,2010-06-23 00:00:00,65,65.5,8,5000,327125,2010-06-23 00:00:00,1
2010-06-24 00:00:00,2010-06-24 00:00:00,73.75,2010-06-24 00:00:00,65.5,70.5,3,2000,139775,2010-06-24 00:00:00,1
2010-07-02 00:00:00,2010-07-02 00:00:00,69,2010-07-02 00:00:00,69,69,1,200,13800,2010-07-02 00:00:00,1
2010-07-12 00:00:00,2010-07-12 00:00:00,68,2010-07-12 00:00:00,68,68,2,200,13600,2010-07-12 00:00:00,1
2010-07-19 00:00:00,2010-07-19 00:00:00,68,2010-07-19 00:00:00,68,68,2,500,34000,2010-07-19 00:00:00,1
2010-07-20 00:00:00,2010-07-20 00:00:00,67.75,2010-07-20 00:00:00,67.75,67.75,1,100,6775,2010-07-20 00:00:00,1
2010-07-23 00:00:00,2010-07-23 00:00:00,72,2010-07-23 00:00:00,69,69,3,800,56100,2010-07-23 00:00:00,1
2010-07-26 00:00:00,2010-07-26 00:00:00,76,2010-07-26 00:00:00,71.75,75.25,11,12600,931575,2010-07-26 00:00:00,1
2010-07-27 00:00:00,2010-07-27 00:00:00,78.5,2010-07-27 00:00:00,75,78,15,5700,438825,2010-07-27 00:00:00,1
2010-07-28 00:00:00,2010-07-28 00:00:00,70.25,2010-07-28 00:00:00,70.25,70.25,3,10200,716550,2010-07-28 00:00:00,1
2010-07-29 00:00:00,2010-07-29 00:00:00,71,2010-07-29 00:00:00,71,71,1,2000,142000,2010-07-29 00:00:00,1
2010-08-02 00:00:00,2010-08-02 00:00:00,70,2010-08-02 00:00:00,70,70,1,100,7000,2010-08-02 00:00:00,1
2010-08-04 00:00:00,2010-08-04 00:00:00,78.5,2010-08-04 00:00:00,76.9,78.2,2,1200,93880,2010-08-04 00:00:00,1
2010-08-05 00:00:00,2010-08-05 00:00:00,79,2010-08-05 00:00:00,70.5,70.5,4,6200,437950,2010-08-05 00:00:00,1
2010-08-09 00:00:00,2010-08-09 00:00:00,64.1,2010-08-09 00:00:00,64,64,3,3000,192010,2010-08-09 00:00:00,1
2010-08-16 00:00:00,2010-08-16 00:00:00,70.1,2010-08-16 00:00:00,65,70.1,7,11500,793400,2010-08-16 00:00:00,1
2010-08-17 00:00:00,2010-08-17 00:00:00,75,2010-08-17 00:00:00,74,75,7,2200,164780,2010-08-17 00:00:00,1
2010-08-23 00:00:00,2010-08-23 00:00:00,75,2010-08-23 00:00:00,70,70,4,2300,171000,2010-08-23 00:00:00,1
2010-08-25 00:00:00,2010-08-25 00:00:00,76.9,2010-08-25 00:00:00,72,75.7,5,3500,263470,2010-08-25 00:00:00,1
2010-08-26 00:00:00,2010-08-26 00:00:00,70.3,2010-08-26 00:00:00,70,70.2,6,10500,736110,2010-08-26 00:00:00,1
2010-08-27 00:00:00,2010-08-27 00:00:00,74.9,2010-08-27 00:00:00,74.9,74.9,1,100,7490,2010-08-27 00:00:00,1
2010-08-30 00:00:00,2010-08-30 00:00:00,82.3,2010-08-30 00:00:00,75,82.3,58,111800,9176430,2010-08-30 00:00:00,1
2010-08-31 00:00:00,2010-08-31 00:00:00,88,2010-08-31 00:00:00,82,86.5,43,37900,3213740,2010-08-31 00:00:00,1
2010-09-01 00:00:00,2010-09-01 00:00:00,87,2010-09-01 00:00:00,85.8,85.9,8,13300,1143750,2010-09-01 00:00:00,1
2010-09-02 00:00:00,2010-09-02 00:00:00,86,2010-09-02 00:00:00,85,85.1,6,3500,297600,2010-09-02 00:00:00,1
2010-09-03 00:00:00,2010-09-03 00:00:00,85.5,2010-09-03 00:00:00,82.5,83,7,8400,697350,2010-09-03 00:00:00,1
2010-09-06 00:00:00,2010-09-06 00:00:00,87.9,2010-09-06 00:00:00,85,87.1,19,15000,1301170,2010-09-06 00:00:00,1
2010-09-07 00:00:00,2010-09-07 00:00:00,88,2010-09-07 00:00:00,85,87.6,5,2700,235830,2010-09-07 00:00:00,1
2010-09-08 00:00:00,2010-09-08 00:00:00,96.3,2010-09-08 00:00:00,90,96.2,49,32200,3056800,2010-09-08 00:00:00,1
2010-09-09 00:00:00,2010-09-09 00:00:00,105,2010-09-09 00:00:00,96.5,101.7,31,19100,1955370,2010-09-09 00:00:00,1
2010-09-13 00:00:00,2010-09-13 00:00:00,111.8,2010-09-13 00:00:00,103,111.1,42,31300,3464210,2010-09-13 00:00:00,1
2010-09-14 00:00:00,2010-09-14 00:00:00,122.2,2010-09-14 00:00:00,119,120.2,46,45400,5496620,2010-09-14 00:00:00,1
2010-09-15 00:00:00,2010-09-15 00:00:00,132,2010-09-15 00:00:00,120,131.4,71,76000,9645970,2010-09-15 00:00:00,1
2010-09-16 00:00:00,2010-09-16 00:00:00,144.5,2010-09-16 00:00:00,137.9,143.2,78,78900,11150210,2010-09-16 00:00:00,1
2010-09-17 00:00:00,2010-09-17 00:00:00,156,2010-09-17 00:00:00,148.1,150.2,53,43000,6489860,2010-09-17 00:00:00,1
2010-09-20 00:00:00,2010-09-20 00:00:00,165,2010-09-20 00:00:00,148,150.5,15,28900,4388720,2010-09-20 00:00:00,1
2010-09-21 00:00:00,2010-09-21 00:00:00,152,2010-09-21 00:00:00,148,148.6,27,10700,1594590,2010-09-21 00:00:00,1
2010-09-23 00:00:00,2010-09-23 00:00:00,145.5,2010-09-23 00:00:00,145,145.5,7,4900,711550,2010-09-23 00:00:00,1
2010-09-24 00:00:00,2010-09-24 00:00:00,146.1,2010-09-24 00:00:00,145.6,145.6,4,2200,321170,2010-09-24 00:00:00,1
2010-09-27 00:00:00,2010-09-27 00:00:00,145.5,2010-09-27 00:00:00,143,143,14,16200,2351800,2010-09-27 00:00:00,1
2010-09-28 00:00:00,2010-09-28 00:00:00,135,2010-09-28 00:00:00,135,135,4,600,81000,2010-09-28 00:00:00,1
2010-09-29 00:00:00,2010-09-29 00:00:00,140,2010-09-29 00:00:00,136,139.8,7,25400,3550800,2010-09-29 00:00:00,1
2010-09-30 00:00:00,2010-09-30 00:00:00,148,2010-09-30 00:00:00,148,148,4,5200,769600,2010-09-30 00:00:00,1
2010-10-01 00:00:00,2010-10-01 00:00:00,164,2010-10-01 00:00:00,135,157.8,71,52300,7896380,2010-10-01 00:00:00,1
2010-10-04 00:00:00,2010-10-04 00:00:00,157,2010-10-04 00:00:00,148.6,148.6,7,5500,831100,2010-10-04 00:00:00,1
2010-10-05 00:00:00,2010-10-05 00:00:00,146.9,2010-10-05 00:00:00,146,146,2,300,43980,2010-10-05 00:00:00,1
2010-10-07 00:00:00,2010-10-07 00:00:00,130.2,2010-10-07 00:00:00,115.1,130.2,2,200,24530,2010-10-07 00:00:00,1
2010-10-08 00:00:00,2010-10-08 00:00:00,140,2010-10-08 00:00:00,125,140,6,3600,484980,2010-10-08 00:00:00,1
2010-10-11 00:00:00,2010-10-11 00:00:00,128,2010-10-11 00:00:00,117,128,7,3000,373000,2010-10-11 00:00:00,1
2010-10-12 00:00:00,2010-10-12 00:00:00,126,2010-10-12 00:00:00,126,126,1,1500,189000,2010-10-12 00:00:00,1
2010-10-13 00:00:00,2010-10-13 00:00:00,126.1,2010-10-13 00:00:00,126.1,126.1,2,200,25220,2010-10-13 00:00:00,1
2010-10-14 00:00:00,2010-10-14 00:00:00,128,2010-10-14 00:00:00,126,128,6,4900,618700,2010-10-14 00:00:00,1
2010-10-15 00:00:00,2010-10-15 00:00:00,126,2010-10-15 00:00:00,123,124,4,5300,657500,2010-10-15 00:00:00,1
2010-10-20 00:00:00,2010-10-20 00:00:00,130,2010-10-20 00:00:00,130,130,1,300,39000,2010-10-20 00:00:00,1
2010-10-21 00:00:00,2010-10-21 00:00:00,138,2010-10-21 00:00:00,130,137.1,6,6300,850390,2010-10-21 00:00:00,1
2010-10-25 00:00:00,2010-10-25 00:00:00,139,2010-10-25 00:00:00,135,139,10,17300,2384380,2010-10-25 00:00:00,1
2010-10-27 00:00:00,2010-10-27 00:00:00,142,2010-10-27 00:00:00,130,140,6,3800,531480,2010-10-27 00:00:00,1
2010-10-28 00:00:00,2010-10-28 00:00:00,150,2010-10-28 00:00:00,144,148.2,28,10400,1518320,2010-10-28 00:00:00,1
2010-10-29 00:00:00,2010-10-29 00:00:00,150,2010-10-29 00:00:00,140,149.8,14,9000,1335390,2010-10-29 00:00:00,1
2010-11-01 00:00:00,2010-11-01 00:00:00,148.9,2010-11-01 00:00:00,148.9,148.9,1,500,74450,2010-11-01 00:00:00,1
2010-11-03 00:00:00,2010-11-03 00:00:00,138,2010-11-03 00:00:00,132,138,4,1000,135000,2010-11-03 00:00:00,1
2010-11-04 00:00:00,2010-11-04 00:00:00,136.1,2010-11-04 00:00:00,136.1,136.1,1,500,68050,2010-11-04 00:00:00,1
2010-11-10 00:00:00,2010-11-10 00:00:00,138,2010-11-10 00:00:00,138,138,2,800,110400,2010-11-10 00:00:00,1
2010-11-15 00:00:00,2010-11-15 00:00:00,130,2010-11-15 00:00:00,130,130,2,1500,195000,2010-11-15 00:00:00,1
2010-11-16 00:00:00,2010-11-16 00:00:00,130,2010-11-16 00:00:00,130,130,1,3000,390000,2010-11-16 00:00:00,1
2010-11-18 00:00:00,2010-11-18 00:00:00,145,2010-11-18 00:00:00,144,144.9,10,6300,912600,2010-11-18 00:00:00,1
2010-11-22 00:00:00,2010-11-22 00:00:00,149,2010-11-22 00:00:00,149,149,1,300,44700,2010-11-22 00:00:00,1
2010-11-29 00:00:00,2010-11-29 00:00:00,129,2010-11-29 00:00:00,117,128.3,6,1100,135900,2010-11-29 00:00:00,1
2010-12-06 00:00:00,2010-12-06 00:00:00,123,2010-12-06 00:00:00,123,123,2,200,24600,2010-12-06 00:00:00,1
2010-12-14 00:00:00,2010-12-14 00:00:00,138,2010-12-14 00:00:00,124.1,133.4,7,2200,293410,2010-12-14 00:00:00,1
2010-12-15 00:00:00,2010-12-15 00:00:00,130,2010-12-15 00:00:00,130,130,2,300,39000,2010-12-15 00:00:00,1
2010-12-21 00:00:00,2010-12-21 00:00:00,129,2010-12-21 00:00:00,125,126.1,9,3000,378280,2010-12-21 00:00:00,1
2010-12-22 00:00:00,2010-12-22 00:00:00,135,2010-12-22 00:00:00,125,135,13,4900,644120,2010-12-22 00:00:00,1
2010-12-23 00:00:00,2010-12-23 00:00:00,154.9,2010-12-23 00:00:00,136,150,16,6600,966530,2010-12-23 00:00:00,1
2010-12-31 00:00:00,2010-12-31 00:00:00,133.1,2010-12-31 00:00:00,133,133,2,1000,133020,2010-12-31 00:00:00,1
Company Id :  KGAL,,Security Type :  N,,Sub Type :  0000,,,,,,
Short Name :  KEGALLE,,,,,,,,,,
Day,Date High,High,Date Low,Low,Closing,No. of Trades,No. of Shares,Turnover,Last Traded,Days Traded
2010-01-04 00:00:00,2010-01-04 00:00:00,34.75,2010-01-04 00:00:00,33.5,33.5,12,13900,469875,2010-01-04 00:00:00,1
2010-01-05 00:00:00,2010-01-05 00:00:00,35,2010-01-05 00:00:00,33.5,34,8,4200,144300,2010-01-05 00:00:00,1
2010-01-06 00:00:00,2010-01-06 00:00:00,34.75,2010-01-06 00:00:00,34.25,34.25,11,19900,684700,2010-01-06 00:00:00,1
2010-01-07 00:00:00,2010-01-07 00:00:00,35.25,2010-01-07 00:00:00,33.75,35,56,111000,3837250,2010-01-07 00:00:00,1
2010-01-08 00:00:00,2010-01-08 00:00:00,36.5,2010-01-08 00:00:00,34.5,36,73,72800,2588775,2010-01-08 00:00:00,1
2010-01-11 00:00:00,2010-01-11 00:00:00,38.25,2010-01-11 00:00:00,36,38,157,136600,5134300,2010-01-11 00:00:00,1
2010-01-12 00:00:00,2010-01-12 00:00:00,38.5,2010-01-12 00:00:00,37.75,38.25,107,277500,10525275,2010-01-12 00:00:00,1
2010-01-13 00:00:00,2010-01-13 00:00:00,42.5,2010-01-13 00:00:00,39,39.75,85,92300,3712750,2010-01-13 00:00:00,1
2010-01-15 00:00:00,2010-01-15 00:00:00,41.25,2010-01-15 00:00:00,40,41,88,135300,5531050,2010-01-15 00:00:00,1
2010-01-18 00:00:00,2010-01-18 00:00:00,41,2010-01-18 00:00:00,40,40.5,24,32700,1329800,2010-01-18 00:00:00,1
2010-01-19 00:00:00,2010-01-19 00:00:00,41.5,2010-01-19 00:00:00,38.25,39.25,41,107900,4301875,2010-01-19 00:00:00,1
2010-01-20 00:00:00,2010-01-20 00:00:00,40.25,2010-01-20 00:00:00,39.5,39.75,13,11900,473800,2010-01-20 00:00:00,1
2010-01-21 00:00:00,2010-01-21 00:00:00,41,2010-01-21 00:00:00,39.5,40,46,80200,3235375,2010-01-21 00:00:00,1
2010-01-22 00:00:00,2010-01-22 00:00:00,40,2010-01-22 00:00:00,39.5,40,18,65800,2631450,2010-01-22 00:00:00,1
2010-01-25 00:00:00,2010-01-25 00:00:00,41,2010-01-25 00:00:00,40,40.75,31,41300,1672100,2010-01-25 00:00:00,1
2010-01-26 00:00:00,2010-01-26 00:00:00,41.5,2010-01-26 00:00:00,41.5,41.5,7,26100,1083150,2010-01-26 00:00:00,1
2010-01-28 00:00:00,2010-01-28 00:00:00,44,2010-01-28 00:00:00,40,43.75,62,132800,5632350,2010-01-28 00:00:00,1
2010-02-01 00:00:00,2010-02-01 00:00:00,50.75,2010-02-01 00:00:00,44.5,50,146,346200,16386025,2010-02-01 00:00:00,1
2010-02-02 00:00:00,2010-02-02 00:00:00,52,2010-02-02 00:00:00,49,49.25,92,155800,7885325,2010-02-02 00:00:00,1
2010-02-03 00:00:00,2010-02-03 00:00:00,51,2010-02-03 00:00:00,48,48,23,26700,1325225,2010-02-03 00:00:00,1
2010-02-05 00:00:00,2010-02-05 00:00:00,47,2010-02-05 00:00:00,45,46.5,7,3400,154925,2010-02-05 00:00:00,1
2010-02-08 00:00:00,2010-02-08 00:00:00,51.5,2010-02-08 00:00:00,47.5,51,59,70300,3558525,2010-02-08 00:00:00,1
2010-02-09 00:00:00,2010-02-09 00:00:00,50,2010-02-09 00:00:00,47,50,9,18700,928800,2010-02-09 00:00:00,1
2010-02-10 00:00:00,2010-02-10 00:00:00,49,2010-02-10 00:00:00,47,49,9,12000,583900,2010-02-10 00:00:00,1
2010-02-11 00:00:00,2010-02-11 00:00:00,47,2010-02-11 00:00:00,47,47,2,1500,70500,2010-02-11 00:00:00,1
2010-02-12 00:00:00,2010-02-12 00:00:00,50,2010-02-12 00:00:00,47.5,49,18,15400,750925,2010-02-12 00:00:00,1
2010-02-15 00:00:00,2010-02-15 00:00:00,49,2010-02-15 00:00:00,48.25,48.5,9,6900,334825,2010-02-15 00:00:00,1
2010-02-16 00:00:00,2010-02-16 00:00:00,46,2010-02-16 00:00:00,46,46,1,100,4600,2010-02-16 00:00:00,1
2010-02-17 00:00:00,2010-02-17 00:00:00,49,2010-02-17 00:00:00,45,48.75,6,5600,258100,2010-02-17 00:00:00,1
2010-02-18 00:00:00,2010-02-18 00:00:00,49.75,2010-02-18 00:00:00,48,48,6,5100,252500,2010-02-18 00:00:00,1
2010-02-19 00:00:00,2010-02-19 00:00:00,49,2010-02-19 00:00:00,48.5,49,10,24100,1180850,2010-02-19 00:00:00,1
2010-02-22 00:00:00,2010-02-22 00:00:00,51.5,2010-02-22 00:00:00,48,50.25,45,105500,5311750,2010-02-22 00:00:00,1
2010-02-23 00:00:00,2010-02-23 00:00:00,50,2010-02-23 00:00:00,49.5,50,9,6200,309950,2010-02-23 00:00:00,1
2010-02-24 00:00:00,2010-02-24 00:00:00,50.5,2010-02-24 00:00:00,50,50.5,9,21400,1077425,2010-02-24 00:00:00,1
2010-02-25 00:00:00,2010-02-25 00:00:00,50,2010-02-25 00:00:00,50,50,1,300,15000,2010-02-25 00:00:00,1
2010-03-01 00:00:00,2010-03-01 00:00:00,50,2010-03-01 00:00:00,49.5,50,11,34700,1733750,2010-03-01 00:00:00,1
2010-03-02 00:00:00,2010-03-02 00:00:00,49,2010-03-02 00:00:00,48,48,8,5100,247300,2010-03-02 00:00:00,1
2010-03-03 00:00:00,2010-03-03 00:00:00,51.5,2010-03-03 00:00:00,48,49.25,24,36800,1811375,2010-03-03 00:00:00,1
2010-03-04 00:00:00,2010-03-04 00:00:00,51,2010-03-04 00:00:00,48,48,5,7900,379500,2010-03-04 00:00:00,1
2010-03-05 00:00:00,2010-03-05 00:00:00,49.5,2010-03-05 00:00:00,47.5,48.25,13,29400,1420075,2010-03-05 00:00:00,1
2010-03-08 00:00:00,2010-03-08 00:00:00,48,2010-03-08 00:00:00,46.75,46.75,6,12600,591700,2010-03-08 00:00:00,1
2010-03-09 00:00:00,2010-03-09 00:00:00,49.75,2010-03-09 00:00:00,45.25,49.75,3,2100,95475,2010-03-09 00:00:00,1
2010-03-10 00:00:00,2010-03-10 00:00:00,49.5,2010-03-10 00:00:00,49,49.5,3,4200,207800,2010-03-10 00:00:00,1
2010-03-12 00:00:00,2010-03-12 00:00:00,49,2010-03-12 00:00:00,49,49,2,1000,49000,2010-03-12 00:00:00,1
2010-03-16 00:00:00,2010-03-16 00:00:00,47,2010-03-16 00:00:00,47,47,2,4000,188000,2010-03-16 00:00:00,1
2010-03-17 00:00:00,2010-03-17 00:00:00,46.25,2010-03-17 00:00:00,45.5,46,8,22800,1045050,2010-03-17 00:00:00,1
2010-03-18 00:00:00,2010-03-18 00:00:00,47,2010-03-18 00:00:00,46.5,46.5,3,2100,97700,2010-03-18 00:00:00,1
2010-03-19 00:00:00,2010-03-19 00:00:00,47,2010-03-19 00:00:00,46.5,46.5,7,12000,563950,2010-03-19 00:00:00,1
2010-03-22 00:00:00,2010-03-22 00:00:00,46.5,2010-03-22 00:00:00,46.5,46.5,2,2000,93000,2010-03-22 00:00:00,1
2010-03-23 00:00:00,2010-03-23 00:00:00,46,2010-03-23 00:00:00,45.5,45.75,14,17400,793950,2010-03-23 00:00:00,1
2010-03-24 00:00:00,2010-03-24 00:00:00,45.75,2010-03-24 00:00:00,45.75,45.75,1,200,9150,2010-03-24 00:00:00,1
2010-03-25 00:00:00,2010-03-25 00:00:00,45.75,2010-03-25 00:00:00,44,44.5,12,13800,617300,2010-03-25 00:00:00,1
2010-03-26 00:00:00,2010-03-26 00:00:00,45.25,2010-03-26 00:00:00,45.25,45.25,1,2800,126700,2010-03-26 00:00:00,1
2010-03-30 00:00:00,2010-03-30 00:00:00,47.25,2010-03-30 00:00:00,47,47.25,7,18500,872250,2010-03-30 00:00:00,1
2010-03-31 00:00:00,2010-03-31 00:00:00,47,2010-03-31 00:00:00,47,47,6,2700,126900,2010-03-31 00:00:00,1
2010-04-01 00:00:00,2010-04-01 00:00:00,48,2010-04-01 00:00:00,47.5,47.75,3,4000,191375,2010-04-01 00:00:00,1
2010-04-05 00:00:00,2010-04-05 00:00:00,54,2010-04-05 00:00:00,49.75,50.75,16,24800,1246400,2010-04-05 00:00:00,1
2010-04-06 00:00:00,2010-04-06 00:00:00,54.5,2010-04-06 00:00:00,51,53.25,56,141500,7585750,2010-04-06 00:00:00,1
2010-04-07 00:00:00,2010-04-07 00:00:00,54.75,2010-04-07 00:00:00,53.25,54.25,51,80900,4383475,2010-04-07 00:00:00,1
2010-04-08 00:00:00,2010-04-08 00:00:00,54.75,2010-04-08 00:00:00,54,54.25,9,9900,537150,2010-04-08 00:00:00,1
2010-04-12 00:00:00,2010-04-12 00:00:00,54.5,2010-04-12 00:00:00,53.25,54,31,75700,4109325,2010-04-12 00:00:00,1
2010-04-15 00:00:00,2010-04-15 00:00:00,54,2010-04-15 00:00:00,54,54,9,18500,999000,2010-04-15 00:00:00,1
2010-04-16 00:00:00,2010-04-16 00:00:00,54,2010-04-16 00:00:00,53.5,54,15,23400,1263100,2010-04-16 00:00:00,1
2010-04-19 00:00:00,2010-04-19 00:00:00,54,2010-04-19 00:00:00,53,53,10,5900,314300,2010-04-19 00:00:00,1
2010-04-20 00:00:00,2010-04-20 00:00:00,57,2010-04-20 00:00:00,52.5,55.5,72,96900,5327950,2010-04-20 00:00:00,1
2010-04-21 00:00:00,2010-04-21 00:00:00,66,2010-04-21 00:00:00,57.5,63,207,533200,32681075,2010-04-21 00:00:00,1
2010-04-22 00:00:00,2010-04-22 00:00:00,68,2010-04-22 00:00:00,64,64.75,75,88100,5742775,2010-04-22 00:00:00,1
2010-04-23 00:00:00,2010-04-23 00:00:00,70,2010-04-23 00:00:00,65,67.5,68,321800,21278725,2010-04-23 00:00:00,1
2010-04-26 00:00:00,2010-04-26 00:00:00,75,2010-04-26 00:00:00,69.75,73,116,531600,38285800,2010-04-26 00:00:00,1
2010-04-27 00:00:00,2010-04-27 00:00:00,77,2010-04-27 00:00:00,72,75,84,119300,8933550,2010-04-27 00:00:00,1
2010-04-29 00:00:00,2010-04-29 00:00:00,80,2010-04-29 00:00:00,72.5,73.5,38,57700,4374325,2010-04-29 00:00:00,1
2010-04-30 00:00:00,2010-04-30 00:00:00,74,2010-04-30 00:00:00,72.5,73.5,7,6900,501650,2010-04-30 00:00:00,1
2010-05-03 00:00:00,2010-05-03 00:00:00,73,2010-05-03 00:00:00,71.5,72,41,59200,4268450,2010-05-03 00:00:00,1
2010-05-04 00:00:00,2010-05-04 00:00:00,74,2010-05-04 00:00:00,70,72.5,22,19200,1355925,2010-05-04 00:00:00,1
2010-05-05 00:00:00,2010-05-05 00:00:00,72,2010-05-05 00:00:00,68.25,69.75,15,18300,1281950,2010-05-05 00:00:00,1
2010-05-06 00:00:00,2010-05-06 00:00:00,67.75,2010-05-06 00:00:00,67,67.5,5,22700,1522250,2010-05-06 00:00:00,1
2010-05-07 00:00:00,2010-05-07 00:00:00,69.5,2010-05-07 00:00:00,66.75,68,6,1500,101900,2010-05-07 00:00:00,1
2010-05-10 00:00:00,2010-05-10 00:00:00,70,2010-05-10 00:00:00,66.25,69.75,12,27400,1901050,2010-05-10 00:00:00,1
2010-05-11 00:00:00,2010-05-11 00:00:00,70,2010-05-11 00:00:00,68.25,68.5,9,22000,1538925,2010-05-11 00:00:00,1
2010-05-12 00:00:00,2010-05-12 00:00:00,73.5,2010-05-12 00:00:00,68.5,69.75,113,365300,25674775,2010-05-12 00:00:00,1
2010-05-13 00:00:00,2010-05-13 00:00:00,73,2010-05-13 00:00:00,70.25,72.25,44,71000,5092100,2010-05-13 00:00:00,1
2010-05-14 00:00:00,2010-05-14 00:00:00,74,2010-05-14 00:00:00,72,73,10,18700,1359825,2010-05-14 00:00:00,1
2010-05-17 00:00:00,2010-05-17 00:00:00,73.75,2010-05-17 00:00:00,70.5,71,21,42600,3025500,2010-05-17 00:00:00,1
2010-05-18 00:00:00,2010-05-18 00:00:00,72,2010-05-18 00:00:00,70.5,71,7,10500,748550,2010-05-18 00:00:00,1
2010-05-19 00:00:00,2010-05-19 00:00:00,71,2010-05-19 00:00:00,70,70.25,14,22200,1563275,2010-05-19 00:00:00,1
2010-05-20 00:00:00,2010-05-20 00:00:00,72,2010-05-20 00:00:00,70.25,70.75,57,45000,3202150,2010-05-20 00:00:00,1
2010-05-21 00:00:00,2010-05-21 00:00:00,70.25,2010-05-21 00:00:00,68.25,69,24,31900,2219750,2010-05-21 00:00:00,1
2010-05-24 00:00:00,2010-05-24 00:00:00,70,2010-05-24 00:00:00,67,68,11,4000,272625,2010-05-24 00:00:00,1
2010-05-25 00:00:00,2010-05-25 00:00:00,68,2010-05-25 00:00:00,68,68,4,1100,74800,2010-05-25 00:00:00,1
2010-05-26 00:00:00,2010-05-26 00:00:00,67,2010-05-26 00:00:00,63,65,17,14700,952300,2010-05-26 00:00:00,1
2010-05-31 00:00:00,2010-05-31 00:00:00,67,2010-05-31 00:00:00,65,66.25,27,22300,1470050,2010-05-31 00:00:00,1
2010-06-01 00:00:00,2010-06-01 00:00:00,70.75,2010-06-01 00:00:00,66,68,19,9700,661775,2010-06-01 00:00:00,1
2010-06-02 00:00:00,2010-06-02 00:00:00,68.5,2010-06-02 00:00:00,67.5,67.75,13,14800,1006700,2010-06-02 00:00:00,1
2010-06-03 00:00:00,2010-06-03 00:00:00,74,2010-06-03 00:00:00,67.5,67.5,33,41400,2909400,2010-06-03 00:00:00,1
2010-06-04 00:00:00,2010-06-04 00:00:00,70,2010-06-04 00:00:00,67,69,9,9900,667600,2010-06-04 00:00:00,1
2010-06-07 00:00:00,2010-06-07 00:00:00,68,2010-06-07 00:00:00,66,67.25,33,106600,7095575,2010-06-07 00:00:00,1
2010-06-08 00:00:00,2010-06-08 00:00:00,67.25,2010-06-08 00:00:00,65.5,66.5,9,30900,2040250,2010-06-08 00:00:00,1
2010-06-09 00:00:00,2010-06-09 00:00:00,68.75,2010-06-09 00:00:00,67,68,44,95700,6496500,2010-06-09 00:00:00,1
2010-06-10 00:00:00,2010-06-10 00:00:00,68,2010-06-10 00:00:00,68,68,3,600,40800,2010-06-10 00:00:00,1
2010-06-11 00:00:00,2010-06-11 00:00:00,68.25,2010-06-11 00:00:00,67,68,43,104500,7101175,2010-06-11 00:00:00,1
2010-06-14 00:00:00,2010-06-14 00:00:00,68,2010-06-14 00:00:00,66,67.25,27,35200,2328050,2010-06-14 00:00:00,1
2010-06-15 00:00:00,2010-06-15 00:00:00,70,2010-06-15 00:00:00,68,68,14,39000,2669000,2010-06-15 00:00:00,1
2010-06-16 00:00:00,2010-06-16 00:00:00,72,2010-06-16 00:00:00,70,72,34,61300,4369050,2010-06-16 00:00:00,1
2010-06-17 00:00:00,2010-06-17 00:00:00,73,2010-06-17 00:00:00,70,70.5,11,9500,675225,2010-06-17 00:00:00,1
2010-06-21 00:00:00,2010-06-21 00:00:00,74,2010-06-21 00:00:00,70,74,49,222600,16185500,2010-06-21 00:00:00,1
2010-06-22 00:00:00,2010-06-22 00:00:00,76,2010-06-22 00:00:00,73.75,75.25,105,332600,24968150,2010-06-22 00:00:00,1
2010-06-23 00:00:00,2010-06-23 00:00:00,75.5,2010-06-23 00:00:00,74.5,75.25,66,182800,13730175,2010-06-23 00:00:00,1
2010-06-24 00:00:00,2010-06-24 00:00:00,76.25,2010-06-24 00:00:00,75,75.5,25,63500,4778925,2010-06-24 00:00:00,1
2010-06-28 00:00:00,2010-06-28 00:00:00,77.5,2010-06-28 00:00:00,76.25,77.25,30,19100,1471700,2010-06-28 00:00:00,1
2010-06-29 00:00:00,2010-06-29 00:00:00,81.5,2010-06-29 00:00:00,77,80,143,401500,31984275,2010-06-29 00:00:00,1
2010-06-30 00:00:00,2010-06-30 00:00:00,81,2010-06-30 00:00:00,75.25,80.75,110,341300,27334000,2010-06-30 00:00:00,1
2010-07-01 00:00:00,2010-07-01 00:00:00,83,2010-07-01 00:00:00,80,81.75,75,112900,9098000,2010-07-01 00:00:00,1
2010-07-02 00:00:00,2010-07-02 00:00:00,83,2010-07-02 00:00:00,80,82,61,93600,7685350,2010-07-02 00:00:00,1
2010-07-05 00:00:00,2010-07-05 00:00:00,88,2010-07-05 00:00:00,81,86,84,121700,10304800,2010-07-05 00:00:00,1
2010-07-06 00:00:00,2010-07-06 00:00:00,91,2010-07-06 00:00:00,85,90,126,249500,21922025,2010-07-06 00:00:00,1
2010-07-07 00:00:00,2010-07-07 00:00:00,94,2010-07-07 00:00:00,86,87.75,74,96100,8539925,2010-07-07 00:00:00,1
2010-07-08 00:00:00,2010-07-08 00:00:00,88.5,2010-07-08 00:00:00,87,87.5,49,66000,5789075,2010-07-08 00:00:00,1
2010-07-09 00:00:00,2010-07-09 00:00:00,89.75,2010-07-09 00:00:00,87,88.25,70,235200,20490725,2010-07-09 00:00:00,1
2010-07-12 00:00:00,2010-07-12 00:00:00,88,2010-07-12 00:00:00,87.25,87.75,18,27200,2391775,2010-07-12 00:00:00,1
2010-07-13 00:00:00,2010-07-13 00:00:00,89.75,2010-07-13 00:00:00,87.5,88,17,22200,1954850,2010-07-13 00:00:00,1
2010-07-14 00:00:00,2010-07-14 00:00:00,89,2010-07-14 00:00:00,87.25,88.5,36,68900,6085475,2010-07-14 00:00:00,1
2010-07-15 00:00:00,2010-07-15 00:00:00,89,2010-07-15 00:00:00,87.25,87.25,14,15300,1347875,2010-07-15 00:00:00,1
2010-07-16 00:00:00,2010-07-16 00:00:00,88,2010-07-16 00:00:00,87.25,87.75,21,39800,3494350,2010-07-16 00:00:00,1
2010-07-19 00:00:00,2010-07-19 00:00:00,89,2010-07-19 00:00:00,88,88,32,44000,3872750,2010-07-19 00:00:00,1
2010-07-20 00:00:00,2010-07-20 00:00:00,92,2010-07-20 00:00:00,88,90,17,18600,1663025,2010-07-20 00:00:00,1
2010-07-21 00:00:00,2010-07-21 00:00:00,94,2010-07-21 00:00:00,88,93,56,243000,22139825,2010-07-21 00:00:00,1
2010-07-22 00:00:00,2010-07-22 00:00:00,97.5,2010-07-22 00:00:00,92,93.25,39,17300,1629300,2010-07-22 00:00:00,1
2010-07-23 00:00:00,2010-07-23 00:00:00,100.25,2010-07-23 00:00:00,94,98.75,61,92300,9093450,2010-07-23 00:00:00,1
2010-07-26 00:00:00,2010-07-26 00:00:00,102,2010-07-26 00:00:00,99.5,101.25,43,71300,7158800,2010-07-26 00:00:00,1
2010-07-27 00:00:00,2010-07-27 00:00:00,108,2010-07-27 00:00:00,103,106.75,101,200900,21223300,2010-07-27 00:00:00,1
2010-07-28 00:00:00,2010-07-28 00:00:00,108,2010-07-28 00:00:00,105.25,106.75,51,58400,6249975,2010-07-28 00:00:00,1
2010-07-29 00:00:00,2010-07-29 00:00:00,107.75,2010-07-29 00:00:00,103,106.25,36,71900,7624900,2010-07-29 00:00:00,1
2010-07-30 00:00:00,2010-07-30 00:00:00,107,2010-07-30 00:00:00,103,103.25,4,3200,330400,2010-07-30 00:00:00,1
2010-08-02 00:00:00,2010-08-02 00:00:00,100.1,2010-08-02 00:00:00,99.5,100,21,8100,809820,2010-08-02 00:00:00,1
2010-08-03 00:00:00,2010-08-03 00:00:00,106,2010-08-03 00:00:00,100.1,104,87,205400,21394520,2010-08-03 00:00:00,1
2010-08-04 00:00:00,2010-08-04 00:00:00,106,2010-08-04 00:00:00,104,104.2,30,54800,5726590,2010-08-04 00:00:00,1
2010-08-05 00:00:00,2010-08-05 00:00:00,108.9,2010-08-05 00:00:00,100,105.9,35,75200,7529150,2010-08-05 00:00:00,1
2010-08-06 00:00:00,2010-08-06 00:00:00,103,2010-08-06 00:00:00,100,100.5,26,10300,1037990,2010-08-06 00:00:00,1
2010-08-09 00:00:00,2010-08-09 00:00:00,100.5,2010-08-09 00:00:00,92.2,100,30,39100,3907240,2010-08-09 00:00:00,1
2010-08-10 00:00:00,2010-08-10 00:00:00,108,2010-08-10 00:00:00,95,107.9,30,55700,5678650,2010-08-10 00:00:00,1
2010-08-11 00:00:00,2010-08-11 00:00:00,107.9,2010-08-11 00:00:00,100,100,27,22300,2281310,2010-08-11 00:00:00,1
2010-08-12 00:00:00,2010-08-12 00:00:00,100.5,2010-08-12 00:00:00,100,100.1,12,5000,500100,2010-08-12 00:00:00,1
2010-08-13 00:00:00,2010-08-13 00:00:00,100,2010-08-13 00:00:00,100,100,1,800,80000,2010-08-13 00:00:00,1
2010-08-16 00:00:00,2010-08-16 00:00:00,100.1,2010-08-16 00:00:00,95.7,99.9,12,12100,1209600,2010-08-16 00:00:00,1
2010-08-17 00:00:00,2010-08-17 00:00:00,100.1,2010-08-17 00:00:00,100,100,7,20500,2050050,2010-08-17 00:00:00,1
2010-08-18 00:00:00,2010-08-18 00:00:00,100.1,2010-08-18 00:00:00,98,100,12,32400,3239540,2010-08-18 00:00:00,1
2010-08-19 00:00:00,2010-08-19 00:00:00,102,2010-08-19 00:00:00,100,100,15,23100,2316120,2010-08-19 00:00:00,1
2010-08-20 00:00:00,2010-08-20 00:00:00,100,2010-08-20 00:00:00,97.2,100,2,700,69720,2010-08-20 00:00:00,1
2010-08-23 00:00:00,2010-08-23 00:00:00,102,2010-08-23 00:00:00,99,101.1,24,16000,1610300,2010-08-23 00:00:00,1
2010-08-25 00:00:00,2010-08-25 00:00:00,100.1,2010-08-25 00:00:00,100.1,100.1,3,600,60060,2010-08-25 00:00:00,1
2010-08-26 00:00:00,2010-08-26 00:00:00,100.1,2010-08-26 00:00:00,97,100.1,27,66100,6592450,2010-08-26 00:00:00,1
2010-08-27 00:00:00,2010-08-27 00:00:00,102,2010-08-27 00:00:00,100,101,20,26200,2658450,2010-08-27 00:00:00,1
2010-08-30 00:00:00,2010-08-30 00:00:00,106,2010-08-30 00:00:00,100,103,49,68800,6976920,2010-08-30 00:00:00,1
2010-08-31 00:00:00,2010-08-31 00:00:00,105,2010-08-31 00:00:00,100,100,21,17900,1801000,2010-08-31 00:00:00,1
2010-09-01 00:00:00,2010-09-01 00:00:00,102.9,2010-09-01 00:00:00,101.1,102.9,9,32600,3326640,2010-09-01 00:00:00,1
2010-09-02 00:00:00,2010-09-02 00:00:00,113.1,2010-09-02 00:00:00,100.1,111.6,56,62300,6839820,2010-09-02 00:00:00,1
2010-09-03 00:00:00,2010-09-03 00:00:00,122.7,2010-09-03 00:00:00,115,122.7,253,624700,74558820,2010-09-03 00:00:00,1
2010-09-06 00:00:00,2010-09-06 00:00:00,130,2010-09-06 00:00:00,119.4,124.6,71,62900,7894050,2010-09-06 00:00:00,1
2010-09-07 00:00:00,2010-09-07 00:00:00,129,2010-09-07 00:00:00,123,127.6,37,65300,8241970,2010-09-07 00:00:00,1
2010-09-08 00:00:00,2010-09-08 00:00:00,140.3,2010-09-08 00:00:00,128,140.3,204,291800,40340860,2010-09-08 00:00:00,1
2010-09-09 00:00:00,2010-09-09 00:00:00,154.3,2010-09-09 00:00:00,145,153.3,152,190700,28840880,2010-09-09 00:00:00,1
2010-09-13 00:00:00,2010-09-13 00:00:00,160,2010-09-13 00:00:00,145,148.8,110,155600,24239770,2010-09-13 00:00:00,1
2010-09-14 00:00:00,2010-09-14 00:00:00,151,2010-09-14 00:00:00,145,146.4,68,135000,19990050,2010-09-14 00:00:00,1
2010-09-15 00:00:00,2010-09-15 00:00:00,149,2010-09-15 00:00:00,140,146.2,63,133300,19079240,2010-09-15 00:00:00,1
2010-09-16 00:00:00,2010-09-16 00:00:00,146,2010-09-16 00:00:00,142,145,49,46200,6669790,2010-09-16 00:00:00,1
2010-09-17 00:00:00,2010-09-17 00:00:00,148,2010-09-17 00:00:00,145,146.2,52,183600,26665710,2010-09-17 00:00:00,1
2010-09-20 00:00:00,2010-09-20 00:00:00,150,2010-09-20 00:00:00,145,145.3,50,68000,9937180,2010-09-20 00:00:00,1
2010-09-21 00:00:00,2010-09-21 00:00:00,149,2010-09-21 00:00:00,145.5,148.1,32,179500,26257660,2010-09-21 00:00:00,1
2010-09-23 00:00:00,2010-09-23 00:00:00,151.8,2010-09-23 00:00:00,147,148.9,57,58000,8693970,2010-09-23 00:00:00,1
2010-09-24 00:00:00,2010-09-24 00:00:00,154,2010-09-24 00:00:00,150,150,47,433000,64979100,2010-09-24 00:00:00,1
2010-09-27 00:00:00,2010-09-27 00:00:00,149,2010-09-27 00:00:00,145,145,27,23600,3457150,2010-09-27 00:00:00,1
2010-09-28 00:00:00,2010-09-28 00:00:00,160,2010-09-28 00:00:00,146,156.3,85,122400,18874430,2010-09-28 00:00:00,1
2010-09-29 00:00:00,2010-09-29 00:00:00,165,2010-09-29 00:00:00,158,159.8,95,170200,27523830,2010-09-29 00:00:00,1
2010-09-30 00:00:00,2010-09-30 00:00:00,170,2010-09-30 00:00:00,163,168.4,124,286600,47460060,2010-09-30 00:00:00,1
2010-10-01 00:00:00,2010-10-01 00:00:00,180.9,2010-10-01 00:00:00,168.4,179.1,140,199300,35345100,2010-10-01 00:00:00,1
2010-10-04 00:00:00,2010-10-04 00:00:00,180.5,2010-10-04 00:00:00,173.1,175.5,83,116300,20668130,2010-10-04 00:00:00,1
2010-10-05 00:00:00,2010-10-05 00:00:00,174.5,2010-10-05 00:00:00,170,173.5,39,44900,7759920,2010-10-05 00:00:00,1
2010-10-06 00:00:00,2010-10-06 00:00:00,173.4,2010-10-06 00:00:00,162,165.1,34,49200,8352560,2010-10-06 00:00:00,1
2010-10-07 00:00:00,2010-10-07 00:00:00,169.9,2010-10-07 00:00:00,160,161.1,52,76900,12549510,2010-10-07 00:00:00,1
2010-10-08 00:00:00,2010-10-08 00:00:00,169.9,2010-10-08 00:00:00,160,165,41,56200,9252260,2010-10-08 00:00:00,1
2010-10-11 00:00:00,2010-10-11 00:00:00,170,2010-10-11 00:00:00,164.1,164.9,14,12100,2009640,2010-10-11 00:00:00,1
2010-10-12 00:00:00,2010-10-12 00:00:00,163,2010-10-12 00:00:00,155,155,31,35000,5523010,2010-10-12 00:00:00,1
2010-10-13 00:00:00,2010-10-13 00:00:00,160,2010-10-13 00:00:00,140,157.2,77,178000,27574700,2010-10-13 00:00:00,1
2010-10-14 00:00:00,2010-10-14 00:00:00,165,2010-10-14 00:00:00,157,157.7,64,57200,9149780,2010-10-14 00:00:00,1
2010-10-15 00:00:00,2010-10-15 00:00:00,160,2010-10-15 00:00:00,160,160,7,4900,784000,2010-10-15 00:00:00,1
2010-10-18 00:00:00,2010-10-18 00:00:00,169,2010-10-18 00:00:00,159,160,31,33800,5480890,2010-10-18 00:00:00,1
2010-10-19 00:00:00,2010-10-19 00:00:00,162.8,2010-10-19 00:00:00,160,162.3,14,8200,1318400,2010-10-19 00:00:00,1
2010-10-20 00:00:00,2010-10-20 00:00:00,163,2010-10-20 00:00:00,157,158,19,11700,1879500,2010-10-20 00:00:00,1
2010-10-21 00:00:00,2010-10-21 00:00:00,161,2010-10-21 00:00:00,159.9,160.1,40,60900,9755680,2010-10-21 00:00:00,1
2010-10-25 00:00:00,2010-10-25 00:00:00,162,2010-10-25 00:00:00,157,157.6,14,42300,6800450,2010-10-25 00:00:00,1
2010-10-26 00:00:00,2010-10-26 00:00:00,160.5,2010-10-26 00:00:00,154.5,159.8,49,112000,17749970,2010-10-26 00:00:00,1
2010-10-27 00:00:00,2010-10-27 00:00:00,159,2010-10-27 00:00:00,156,158,4,2800,443500,2010-10-27 00:00:00,1
2010-10-28 00:00:00,2010-10-28 00:00:00,159,2010-10-28 00:00:00,155,158,9,22500,3572550,2010-10-28 00:00:00,1
2010-10-29 00:00:00,2010-10-29 00:00:00,160,2010-10-29 00:00:00,159,159,13,7800,1242120,2010-10-29 00:00:00,1
2010-11-01 00:00:00,2010-11-01 00:00:00,159,2010-11-01 00:00:00,158,158.9,7,6600,1049020,2010-11-01 00:00:00,1
2010-11-02 00:00:00,2010-11-02 00:00:00,160,2010-11-02 00:00:00,157,157.2,19,12600,1984620,2010-11-02 00:00:00,1
2010-11-03 00:00:00,2010-11-03 00:00:00,157.7,2010-11-03 00:00:00,154.9,155.4,7,12300,1910820,2010-11-03 00:00:00,1
2010-11-04 00:00:00,2010-11-04 00:00:00,155,2010-11-04 00:00:00,154.1,154.5,10,10900,1688880,2010-11-04 00:00:00,1
2010-11-08 00:00:00,2010-11-08 00:00:00,158.9,2010-11-08 00:00:00,154,156.5,21,25500,3962900,2010-11-08 00:00:00,1
2010-11-09 00:00:00,2010-11-09 00:00:00,166,2010-11-09 00:00:00,160,160.3,161,193100,31105190,2010-11-09 00:00:00,1
2010-11-10 00:00:00,2010-11-10 00:00:00,161.5,2010-11-10 00:00:00,159,159.9,27,73000,11682070,2010-11-10 00:00:00,1
2010-11-11 00:00:00,2010-11-11 00:00:00,160,2010-11-11 00:00:00,159.9,160,7,5700,911860,2010-11-11 00:00:00,1
2010-11-12 00:00:00,2010-11-12 00:00:00,160,2010-11-12 00:00:00,155,156.9,39,37100,5894600,2010-11-12 00:00:00,1
2010-11-15 00:00:00,2010-11-15 00:00:00,161,2010-11-15 00:00:00,150,151.8,22,14100,2241440,2010-11-15 00:00:00,1
2010-11-16 00:00:00,2010-11-16 00:00:00,159.8,2010-11-16 00:00:00,151.1,154.6,9,4500,705680,2010-11-16 00:00:00,1
2010-11-18 00:00:00,2010-11-18 00:00:00,155,2010-11-18 00:00:00,150,151.3,14,6700,1015590,2010-11-18 00:00:00,1
2010-11-22 00:00:00,2010-11-22 00:00:00,157.9,2010-11-22 00:00:00,153,155.7,17,8300,1285410,2010-11-22 00:00:00,1
2010-11-23 00:00:00,2010-11-23 00:00:00,158,2010-11-23 00:00:00,155,155,7,12700,1976200,2010-11-23 00:00:00,1
2010-11-24 00:00:00,2010-11-24 00:00:00,156,2010-11-24 00:00:00,154.5,155,7,2900,449800,2010-11-24 00:00:00,1
2010-11-25 00:00:00,2010-11-25 00:00:00,157.5,2010-11-25 00:00:00,152,154.5,5,6200,969650,2010-11-25 00:00:00,1
2010-11-26 00:00:00,2010-11-26 00:00:00,151.5,2010-11-26 00:00:00,150,150.1,10,27900,4186710,2010-11-26 00:00:00,1
2010-11-30 00:00:00,2010-11-30 00:00:00,156,2010-11-30 00:00:00,151,153.2,23,10700,1651360,2010-11-30 00:00:00,1
2010-12-01 00:00:00,2010-12-01 00:00:00,155,2010-12-01 00:00:00,154,154.8,17,16100,2491200,2010-12-01 00:00:00,1
2010-12-02 00:00:00,2010-12-02 00:00:00,154,2010-12-02 00:00:00,153,153.1,9,7000,1073000,2010-12-02 00:00:00,1
2010-12-03 00:00:00,2010-12-03 00:00:00,154,2010-12-03 00:00:00,152,152.8,9,8500,1298700,2010-12-03 00:00:00,1
2010-12-06 00:00:00,2010-12-06 00:00:00,150.1,2010-12-06 00:00:00,149.9,150,11,3200,480010,2010-12-06 00:00:00,1
2010-12-07 00:00:00,2010-12-07 00:00:00,152,2010-12-07 00:00:00,146.1,147,15,1900,279060,2010-12-07 00:00:00,1
2010-12-08 00:00:00,2010-12-08 00:00:00,153.9,2010-12-08 00:00:00,150,150,8,2700,412980,2010-12-08 00:00:00,1
2010-12-09 00:00:00,2010-12-09 00:00:00,149,2010-12-09 00:00:00,148,148,6,700,103710,2010-12-09 00:00:00,1
2010-12-10 00:00:00,2010-12-10 00:00:00,147.5,2010-12-10 00:00:00,145.5,145.5,3,700,102850,2010-12-10 00:00:00,1
2010-12-13 00:00:00,2010-12-13 00:00:00,150,2010-12-13 00:00:00,147.5,148,9,7700,1142500,2010-12-13 00:00:00,1
2010-12-14 00:00:00,2010-12-14 00:00:00,148,2010-12-14 00:00:00,145,146,12,18100,2644110,2010-12-14 00:00:00,1
2010-12-15 00:00:00,2010-12-15 00:00:00,149.9,2010-12-15 00:00:00,149.9,149.9,1,1000,149900,2010-12-15 00:00:00,1
2010-12-16 00:00:00,2010-12-16 00:00:00,145,2010-12-16 00:00:00,145,145,9,6400,928000,2010-12-16 00:00:00,1
2010-12-17 00:00:00,2010-12-17 00:00:00,145.5,2010-12-17 00:00:00,145,145.5,12,10700,1553320,2010-12-17 00:00:00,1
2010-12-21 00:00:00,2010-12-21 00:00:00,149,2010-12-21 00:00:00,145.5,146,5,1600,233670,2010-12-21 00:00:00,1
2010-12-22 00:00:00,2010-12-22 00:00:00,155,2010-12-22 00:00:00,146,151.9,24,23100,3433330,2010-12-22 00:00:00,1
2010-12-23 00:00:00,2010-12-23 00:00:00,158,2010-12-23 00:00:00,152,152.5,23,41600,6439640,2010-12-23 00:00:00,1
2010-12-24 00:00:00,2010-12-24 00:00:00,156.9,2010-12-24 00:00:00,153,155.3,13,42100,6537480,2010-12-24 00:00:00,1
2010-12-27 00:00:00,2010-12-27 00:00:00,160,2010-12-27 00:00:00,153,155.9,30,25500,4014210,2010-12-27 00:00:00,1
2010-12-28 00:00:00,2010-12-28 00:00:00,158,2010-12-28 00:00:00,154,154.1,10,8700,1350540,2010-12-28 00:00:00,1
2010-12-29 00:00:00,2010-12-29 00:00:00,164.9,2010-12-29 00:00:00,154,160.8,61,61600,9798840,2010-12-29 00:00:00,1
2010-12-30 00:00:00,2010-12-30 00:00:00,165.2,2010-12-30 00:00:00,158,164,83,47100,7691820,2010-12-30 00:00:00,1
2010-12-31 00:00:00,2010-12-31 00:00:00,164.9,2010-12-31 00:00:00,160,161.8,22,12300,1997290,2010-12-31 00:00:00,1
Company Id :  KHC,,Security Type :  N,,Sub Type :  0000,,,,,,
Short Name :  KANDY HOTELS,,,,,,,,,,
Day,Date High,High,Date Low,Low,Closing,No. of Trades,No. of Shares,Turnover,Last Traded,Days Traded
2010-01-04 00:00:00,2010-01-04 00:00:00,114,2010-01-04 00:00:00,113,113.75,2,1300,147900,2010-01-04 00:00:00,1
2010-01-05 00:00:00,2010-01-05 00:00:00,115,2010-01-05 00:00:00,108.25,111,10,2400,268850,2010-01-05 00:00:00,1
2010-01-06 00:00:00,2010-01-06 00:00:00,112.75,2010-01-06 00:00:00,108.25,112.25,9,2000,220850,2010-01-06 00:00:00,1
2010-01-15 00:00:00,2010-01-15 00:00:00,120,2010-01-15 00:00:00,112.75,118,41,6500,755175,2010-01-15 00:00:00,1
2010-01-18 00:00:00,2010-01-18 00:00:00,118,2010-01-18 00:00:00,114.25,114.25,2,700,80725,2010-01-18 00:00:00,1
2010-01-19 00:00:00,2010-01-19 00:00:00,116,2010-01-19 00:00:00,101.5,105.75,3,1100,116250,2010-01-19 00:00:00,1
2010-01-22 00:00:00,2010-01-22 00:00:00,106.75,2010-01-22 00:00:00,106.75,106.75,1,100,10675,2010-01-22 00:00:00,1
2010-01-28 00:00:00,2010-01-28 00:00:00,112,2010-01-28 00:00:00,102.5,112,3,400,42900,2010-01-28 00:00:00,1
2010-02-05 00:00:00,2010-02-05 00:00:00,110,2010-02-05 00:00:00,110,110,2,200,22000,2010-02-05 00:00:00,1
2010-02-08 00:00:00,2010-02-08 00:00:00,110,2010-02-08 00:00:00,110,110,4,1000,110000,2010-02-08 00:00:00,1
2010-02-09 00:00:00,2010-02-09 00:00:00,110,2010-02-09 00:00:00,110,110,3,300,33000,2010-02-09 00:00:00,1
2010-02-16 00:00:00,2010-02-16 00:00:00,110,2010-02-16 00:00:00,110,110,1,100,11000,2010-02-16 00:00:00,1
2010-02-17 00:00:00,2010-02-17 00:00:00,99.25,2010-02-17 00:00:00,99.25,99.25,1,1000,99250,2010-02-17 00:00:00,1
2010-02-18 00:00:00,2010-02-18 00:00:00,105,2010-02-18 00:00:00,105,105,2,200,21000,2010-02-18 00:00:00,1
2010-02-19 00:00:00,2010-02-19 00:00:00,105,2010-02-19 00:00:00,105,105,2,300,31500,2010-02-19 00:00:00,1
2010-02-22 00:00:00,2010-02-22 00:00:00,105,2010-02-22 00:00:00,104.75,104.75,7,800,83950,2010-02-22 00:00:00,1
2010-02-23 00:00:00,2010-02-23 00:00:00,105,2010-02-23 00:00:00,105,105,1,100,10500,2010-02-23 00:00:00,1
2010-02-25 00:00:00,2010-02-25 00:00:00,105,2010-02-25 00:00:00,105,105,1,100,10500,2010-02-25 00:00:00,1
2010-03-01 00:00:00,2010-03-01 00:00:00,117.75,2010-03-01 00:00:00,109,115.25,17,6700,773475,2010-03-01 00:00:00,1
2010-03-02 00:00:00,2010-03-02 00:00:00,115.5,2010-03-02 00:00:00,115.5,115.5,4,800,92400,2010-03-02 00:00:00,1
2010-03-03 00:00:00,2010-03-03 00:00:00,110,2010-03-03 00:00:00,110,110,1,1000,110000,2010-03-03 00:00:00,1
2010-03-04 00:00:00,2010-03-04 00:00:00,105.5,2010-03-04 00:00:00,105,105.5,3,500,52575,2010-03-04 00:00:00,1
2010-03-05 00:00:00,2010-03-05 00:00:00,115,2010-03-05 00:00:00,110,114.75,21,2700,304900,2010-03-05 00:00:00,1
2010-03-08 00:00:00,2010-03-08 00:00:00,131,2010-03-08 00:00:00,115,124.75,166,41900,5231650,2010-03-08 00:00:00,1
2010-03-09 00:00:00,2010-03-09 00:00:00,127.75,2010-03-09 00:00:00,122.5,124,14,3700,465025,2010-03-09 00:00:00,1
2010-03-10 00:00:00,2010-03-10 00:00:00,121,2010-03-10 00:00:00,120,121,5,1600,192450,2010-03-10 00:00:00,1
2010-03-11 00:00:00,2010-03-11 00:00:00,121.75,2010-03-11 00:00:00,120,120,2,200,24175,2010-03-11 00:00:00,1
2010-03-15 00:00:00,2010-03-15 00:00:00,122.5,2010-03-15 00:00:00,122.25,122.5,7,3400,416475,2010-03-15 00:00:00,1
2010-03-16 00:00:00,2010-03-16 00:00:00,121.25,2010-03-16 00:00:00,121,121,8,1900,229925,2010-03-16 00:00:00,1
2010-03-17 00:00:00,2010-03-17 00:00:00,121,2010-03-17 00:00:00,121,121,3,1000,121000,2010-03-17 00:00:00,1
2010-03-18 00:00:00,2010-03-18 00:00:00,120,2010-03-18 00:00:00,120,120,2,2000,240000,2010-03-18 00:00:00,1
2010-03-19 00:00:00,2010-03-19 00:00:00,121,2010-03-19 00:00:00,121,121,5,500,60500,2010-03-19 00:00:00,1
2010-03-23 00:00:00,2010-03-23 00:00:00,118,2010-03-23 00:00:00,117.5,118,3,800,94100,2010-03-23 00:00:00,1
2010-03-24 00:00:00,2010-03-24 00:00:00,119,2010-03-24 00:00:00,118,119,2,700,82800,2010-03-24 00:00:00,1
2010-03-25 00:00:00,2010-03-25 00:00:00,118,2010-03-25 00:00:00,105,113,3,800,92900,2010-03-25 00:00:00,1
2010-03-30 00:00:00,2010-03-30 00:00:00,109,2010-03-30 00:00:00,109,109,1,100,10900,2010-03-30 00:00:00,1
2010-03-31 00:00:00,2010-03-31 00:00:00,110,2010-03-31 00:00:00,110,110,1,300,33000,2010-03-31 00:00:00,1
2010-04-01 00:00:00,2010-04-01 00:00:00,109,2010-04-01 00:00:00,109,109,3,1200,130800,2010-04-01 00:00:00,1
2010-04-05 00:00:00,2010-04-05 00:00:00,127,2010-04-05 00:00:00,127,127,1,1000,127000,2010-04-05 00:00:00,1
2010-04-06 00:00:00,2010-04-06 00:00:00,127,2010-04-06 00:00:00,118,123.25,9,3200,394975,2010-04-06 00:00:00,1
2010-04-07 00:00:00,2010-04-07 00:00:00,120,2010-04-07 00:00:00,120,120,2,1300,156000,2010-04-07 00:00:00,1
2010-04-08 00:00:00,2010-04-08 00:00:00,123,2010-04-08 00:00:00,123,123,1,1700,209100,2010-04-08 00:00:00,1
2010-04-16 00:00:00,2010-04-16 00:00:00,127,2010-04-16 00:00:00,121,126.75,9,1200,150725,2010-04-16 00:00:00,1
2010-04-19 00:00:00,2010-04-19 00:00:00,150,2010-04-19 00:00:00,120.25,150,124,41900,5759850,2010-04-19 00:00:00,1
2010-04-20 00:00:00,2010-04-20 00:00:00,165,2010-04-20 00:00:00,150,150.5,119,39600,6322425,2010-04-20 00:00:00,1
2010-04-21 00:00:00,2010-04-21 00:00:00,154.5,2010-04-21 00:00:00,154.5,154.5,2,2000,309000,2010-04-21 00:00:00,1
2010-04-22 00:00:00,2010-04-22 00:00:00,158.5,2010-04-22 00:00:00,141.25,142.25,18,8000,1215675,2010-04-22 00:00:00,1
2010-04-23 00:00:00,2010-04-23 00:00:00,155,2010-04-23 00:00:00,149,149,6,2000,298700,2010-04-23 00:00:00,1
2010-04-26 00:00:00,2010-04-26 00:00:00,155,2010-04-26 00:00:00,151,151.5,26,5200,794950,2010-04-26 00:00:00,1
2010-04-27 00:00:00,2010-04-27 00:00:00,156.75,2010-04-27 00:00:00,152,155.75,2,500,77900,2010-04-27 00:00:00,1
2010-04-30 00:00:00,2010-04-30 00:00:00,150,2010-04-30 00:00:00,150,150,3,3300,495000,2010-04-30 00:00:00,1
2010-05-04 00:00:00,2010-05-04 00:00:00,145,2010-05-04 00:00:00,145,145,1,200,29000,2010-05-04 00:00:00,1
2010-05-05 00:00:00,2010-05-05 00:00:00,142.5,2010-05-05 00:00:00,141,141,5,2700,381450,2010-05-05 00:00:00,1
2010-05-06 00:00:00,2010-05-06 00:00:00,145,2010-05-06 00:00:00,135.5,136,9,1500,208800,2010-05-06 00:00:00,1
2010-05-07 00:00:00,2010-05-07 00:00:00,130.5,2010-05-07 00:00:00,130.5,130.5,1,100,13050,2010-05-07 00:00:00,1
2010-05-12 00:00:00,2010-05-12 00:00:00,133,2010-05-12 00:00:00,133,133,3,300,39900,2010-05-12 00:00:00,1
2010-05-13 00:00:00,2010-05-13 00:00:00,136.25,2010-05-13 00:00:00,136.25,136.25,1,100,13625,2010-05-13 00:00:00,1
2010-05-17 00:00:00,2010-05-17 00:00:00,130,2010-05-17 00:00:00,130,130,1,100,13000,2010-05-17 00:00:00,1
2010-05-18 00:00:00,2010-05-18 00:00:00,145,2010-05-18 00:00:00,131,144.75,4,700,98600,2010-05-18 00:00:00,1
2010-05-25 00:00:00,2010-05-25 00:00:00,149,2010-05-25 00:00:00,145,148.25,4,1100,163100,2010-05-25 00:00:00,1
2010-05-31 00:00:00,2010-05-31 00:00:00,147.25,2010-05-31 00:00:00,125,125.25,4,1100,142125,2010-05-31 00:00:00,1
2010-06-02 00:00:00,2010-06-02 00:00:00,130,2010-06-02 00:00:00,130,130,1,200,26000,2010-06-02 00:00:00,1
2010-06-03 00:00:00,2010-06-03 00:00:00,130,2010-06-03 00:00:00,130,130,1,100,13000,2010-06-03 00:00:00,1
2010-06-09 00:00:00,2010-06-09 00:00:00,145,2010-06-09 00:00:00,145,145,1,100,14500,2010-06-09 00:00:00,1
2010-06-10 00:00:00,2010-06-10 00:00:00,146.5,2010-06-10 00:00:00,137,142.25,9,2300,327300,2010-06-10 00:00:00,1
2010-06-14 00:00:00,2010-06-14 00:00:00,147,2010-06-14 00:00:00,136.25,141.75,2,200,28325,2010-06-14 00:00:00,1
2010-06-15 00:00:00,2010-06-15 00:00:00,142,2010-06-15 00:00:00,142,142,3,500,71000,2010-06-15 00:00:00,1
2010-06-16 00:00:00,2010-06-16 00:00:00,136.25,2010-06-16 00:00:00,136.25,136.25,2,200,27250,2010-06-16 00:00:00,1
2010-06-17 00:00:00,2010-06-17 00:00:00,142,2010-06-17 00:00:00,142,142,3,800,113600,2010-06-17 00:00:00,1
2010-06-21 00:00:00,2010-06-21 00:00:00,147,2010-06-21 00:00:00,145,146.75,4,700,102700,2010-06-21 00:00:00,1
2010-06-22 00:00:00,2010-06-22 00:00:00,145,2010-06-22 00:00:00,140,145,4,800,114000,2010-06-22 00:00:00,1
2010-06-23 00:00:00,2010-06-23 00:00:00,145,2010-06-23 00:00:00,142,142,4,1000,144100,2010-06-23 00:00:00,1
2010-06-24 00:00:00,2010-06-24 00:00:00,142,2010-06-24 00:00:00,142,142,2,500,71000,2010-06-24 00:00:00,1
2010-06-29 00:00:00,2010-06-29 00:00:00,142,2010-06-29 00:00:00,142,142,3,800,113600,2010-06-29 00:00:00,1
2010-06-30 00:00:00,2010-06-30 00:00:00,142.25,2010-06-30 00:00:00,142,142,8,2500,355025,2010-06-30 00:00:00,1
2010-07-01 00:00:00,2010-07-01 00:00:00,175,2010-07-01 00:00:00,145,174.5,15,63600,11039125,2010-07-01 00:00:00,1
2010-07-02 00:00:00,2010-07-02 00:00:00,190,2010-07-02 00:00:00,165,180,53,1620900,323739350,2010-07-02 00:00:00,1
2010-07-05 00:00:00,2010-07-05 00:00:00,179,2010-07-05 00:00:00,164,174,11,3600,621000,2010-07-05 00:00:00,1
2010-07-06 00:00:00,2010-07-06 00:00:00,165,2010-07-06 00:00:00,150,165,14,1900,300625,2010-07-06 00:00:00,1
2010-07-07 00:00:00,2010-07-07 00:00:00,153.25,2010-07-07 00:00:00,148,149,4,1000,148950,2010-07-07 00:00:00,1
2010-07-08 00:00:00,2010-07-08 00:00:00,163,2010-07-08 00:00:00,160,163,4,1700,273600,2010-07-08 00:00:00,1
2010-07-09 00:00:00,2010-07-09 00:00:00,163,2010-07-09 00:00:00,150.5,153,7,1100,170050,2010-07-09 00:00:00,1
2010-07-15 00:00:00,2010-07-15 00:00:00,157.25,2010-07-15 00:00:00,157.25,157.25,1,100,15725,2010-07-15 00:00:00,1
2010-07-16 00:00:00,2010-07-16 00:00:00,161.5,2010-07-16 00:00:00,158,158.75,6,900,142800,2010-07-16 00:00:00,1
2010-07-19 00:00:00,2010-07-19 00:00:00,162.25,2010-07-19 00:00:00,160,161.5,3,300,48425,2010-07-19 00:00:00,1
2010-07-20 00:00:00,2010-07-20 00:00:00,167,2010-07-20 00:00:00,161,167,3,300,49000,2010-07-20 00:00:00,1
2010-07-21 00:00:00,2010-07-21 00:00:00,179,2010-07-21 00:00:00,170,172.75,6,2400,418975,2010-07-21 00:00:00,1
2010-07-23 00:00:00,2010-07-23 00:00:00,170,2010-07-23 00:00:00,160.75,165.25,10,3300,545250,2010-07-23 00:00:00,1
2010-07-27 00:00:00,2010-07-27 00:00:00,162,2010-07-27 00:00:00,162,162,1,400,64800,2010-07-27 00:00:00,1
2010-07-28 00:00:00,2010-07-28 00:00:00,174.5,2010-07-28 00:00:00,165,165.5,5,1200,202500,2010-07-28 00:00:00,1
2010-07-30 00:00:00,2010-07-30 00:00:00,165,2010-07-30 00:00:00,155.25,157.25,6,1700,278925,2010-07-30 00:00:00,1
2010-08-02 00:00:00,2010-08-02 00:00:00,160.1,2010-08-02 00:00:00,160,160,4,400,64010,2010-08-02 00:00:00,1
2010-08-03 00:00:00,2010-08-03 00:00:00,161.3,2010-08-03 00:00:00,150,155,10,2900,459720,2010-08-03 00:00:00,1
2010-08-05 00:00:00,2010-08-05 00:00:00,145.1,2010-08-05 00:00:00,145.1,145.1,1,100,14510,2010-08-05 00:00:00,1
2010-08-09 00:00:00,2010-08-09 00:00:00,140.2,2010-08-09 00:00:00,139,139.2,6,5600,779270,2010-08-09 00:00:00,1
2010-08-10 00:00:00,2010-08-10 00:00:00,150,2010-08-10 00:00:00,148.9,149.8,3,1100,164790,2010-08-10 00:00:00,1
2010-08-11 00:00:00,2010-08-11 00:00:00,164,2010-08-11 00:00:00,150.1,157.1,2,200,31410,2010-08-11 00:00:00,1
2010-08-13 00:00:00,2010-08-13 00:00:00,150,2010-08-13 00:00:00,149,149.1,3,800,119300,2010-08-13 00:00:00,1
2010-08-18 00:00:00,2010-08-18 00:00:00,159.8,2010-08-18 00:00:00,159.8,159.8,1,200,31960,2010-08-18 00:00:00,1
2010-08-19 00:00:00,2010-08-19 00:00:00,175,2010-08-19 00:00:00,160,174.3,27,9700,1685900,2010-08-19 00:00:00,1
2010-08-20 00:00:00,2010-08-20 00:00:00,171,2010-08-20 00:00:00,170,170,3,700,119500,2010-08-20 00:00:00,1
2010-08-23 00:00:00,2010-08-23 00:00:00,170,2010-08-23 00:00:00,170,170,1,100,17000,2010-08-23 00:00:00,1
2010-08-25 00:00:00,2010-08-25 00:00:00,176.2,2010-08-25 00:00:00,175,175.1,14,2200,386250,2010-08-25 00:00:00,1
2010-08-26 00:00:00,2010-08-26 00:00:00,189,2010-08-26 00:00:00,175,181.5,17,6700,1200600,2010-08-26 00:00:00,1
2010-08-27 00:00:00,2010-08-27 00:00:00,189.5,2010-08-27 00:00:00,173,188.6,33,11000,2038880,2010-08-27 00:00:00,1
2010-08-30 00:00:00,2010-08-30 00:00:00,186,2010-08-30 00:00:00,186,186,1,100,18600,2010-08-30 00:00:00,1
2010-09-01 00:00:00,2010-09-01 00:00:00,185.5,2010-09-01 00:00:00,179.9,185.5,6,3000,548700,2010-09-01 00:00:00,1
2010-09-02 00:00:00,2010-09-02 00:00:00,185.5,2010-09-02 00:00:00,185,185.2,5,3200,593050,2010-09-02 00:00:00,1
2010-09-03 00:00:00,2010-09-03 00:00:00,194,2010-09-03 00:00:00,184.9,193.6,9,2400,450750,2010-09-03 00:00:00,1
2010-09-06 00:00:00,2010-09-06 00:00:00,200,2010-09-06 00:00:00,194,198,11,6600,1314140,2010-09-06 00:00:00,1
2010-09-07 00:00:00,2010-09-07 00:00:00,200,2010-09-07 00:00:00,190,199.3,14,3000,598000,2010-09-07 00:00:00,1
2010-09-08 00:00:00,2010-09-08 00:00:00,199,2010-09-08 00:00:00,198,198.7,4,500,99360,2010-09-08 00:00:00,1
2010-09-13 00:00:00,2010-09-13 00:00:00,200,2010-09-13 00:00:00,191,199.9,36,238800,47732300,2010-09-13 00:00:00,1
2010-09-14 00:00:00,2010-09-14 00:00:00,200,2010-09-14 00:00:00,182,198.7,2,1400,278200,2010-09-14 00:00:00,1
2010-09-15 00:00:00,2010-09-15 00:00:00,182.1,2010-09-15 00:00:00,182.1,182.1,1,100,18210,2010-09-15 00:00:00,1
2010-09-16 00:00:00,2010-09-16 00:00:00,199,2010-09-16 00:00:00,199,199,1,100,19900,2010-09-16 00:00:00,1
2010-09-17 00:00:00,2010-09-17 00:00:00,198.4,2010-09-17 00:00:00,190,190,4,1300,248840,2010-09-17 00:00:00,1
2010-09-20 00:00:00,2010-09-20 00:00:00,199,2010-09-20 00:00:00,190,197.8,5,3100,612700,2010-09-20 00:00:00,1
2010-09-21 00:00:00,2010-09-21 00:00:00,191,2010-09-21 00:00:00,188,190,6,5100,967220,2010-09-21 00:00:00,1
2010-09-23 00:00:00,2010-09-23 00:00:00,235,2010-09-23 00:00:00,195,230.3,57,28600,6053960,2010-09-23 00:00:00,1
2010-09-24 00:00:00,2010-09-24 00:00:00,365,2010-09-24 00:00:00,230,310.2,70,31400,9350990,2010-09-24 00:00:00,1
2010-09-27 00:00:00,2010-09-27 00:00:00,325,2010-09-27 00:00:00,292,299.3,9,900,277720,2010-09-27 00:00:00,1
2010-09-29 00:00:00,2010-09-29 00:00:00,299,2010-09-29 00:00:00,280,280,3,900,255800,2010-09-29 00:00:00,1
2010-10-01 00:00:00,2010-10-01 00:00:00,300,2010-10-01 00:00:00,300,300,1,100,30000,2010-10-01 00:00:00,1
2010-10-05 00:00:00,2010-10-05 00:00:00,288,2010-10-05 00:00:00,251,270.8,43,26900,7212730,2010-10-05 00:00:00,1
2010-10-06 00:00:00,2010-10-06 00:00:00,289.7,2010-10-06 00:00:00,245,245,22,8900,2248500,2010-10-06 00:00:00,1
2010-10-07 00:00:00,2010-10-07 00:00:00,256,2010-10-07 00:00:00,231,232.6,34,13900,3304680,2010-10-07 00:00:00,1
2010-10-08 00:00:00,2010-10-08 00:00:00,245,2010-10-08 00:00:00,235.1,237.5,7,900,216520,2010-10-08 00:00:00,1
2010-10-11 00:00:00,2010-10-11 00:00:00,260,2010-10-11 00:00:00,250,250,13,3200,802900,2010-10-11 00:00:00,1
2010-10-12 00:00:00,2010-10-12 00:00:00,266,2010-10-12 00:00:00,232,237.4,4,400,97820,2010-10-12 00:00:00,1
2010-10-13 00:00:00,2010-10-13 00:00:00,239,2010-10-13 00:00:00,205.1,233.7,12,3900,877560,2010-10-13 00:00:00,1
2010-10-14 00:00:00,2010-10-14 00:00:00,240,2010-10-14 00:00:00,240,240,3,1400,336000,2010-10-14 00:00:00,1
2010-10-15 00:00:00,2010-10-15 00:00:00,249.9,2010-10-15 00:00:00,249.9,249.9,1,100,24990,2010-10-15 00:00:00,1
2010-10-18 00:00:00,2010-10-18 00:00:00,250,2010-10-18 00:00:00,250,250,1,100,25000,2010-10-18 00:00:00,1
2010-10-19 00:00:00,2010-10-19 00:00:00,260,2010-10-19 00:00:00,240,254.1,11,1600,406610,2010-10-19 00:00:00,1
2010-10-20 00:00:00,2010-10-20 00:00:00,259.9,2010-10-20 00:00:00,259.9,259.9,1,300,77970,2010-10-20 00:00:00,1
2010-10-21 00:00:00,2010-10-21 00:00:00,299,2010-10-21 00:00:00,250,269,24,6100,1630910,2010-10-21 00:00:00,1
2010-10-25 00:00:00,2010-10-25 00:00:00,269,2010-10-25 00:00:00,269,269,1,100,26900,2010-10-25 00:00:00,1
2010-10-26 00:00:00,2010-10-26 00:00:00,269,2010-10-26 00:00:00,269,269,1,100,26900,2010-10-26 00:00:00,1
2010-10-29 00:00:00,2010-10-29 00:00:00,265,2010-10-29 00:00:00,250,253.1,4,1300,328990,2010-10-29 00:00:00,1
2010-11-01 00:00:00,2010-11-01 00:00:00,269.8,2010-11-01 00:00:00,268,268.1,15,2200,589980,2010-11-01 00:00:00,1
2010-11-02 00:00:00,2010-11-02 00:00:00,275,2010-11-02 00:00:00,275,275,2,200,55000,2010-11-02 00:00:00,1
2010-11-04 00:00:00,2010-11-04 00:00:00,275,2010-11-04 00:00:00,274.5,274.5,3,400,109890,2010-11-04 00:00:00,1
2010-11-08 00:00:00,2010-11-08 00:00:00,270,2010-11-08 00:00:00,248,256.6,9,1100,286710,2010-11-08 00:00:00,1
2010-11-09 00:00:00,2010-11-09 00:00:00,260,2010-11-09 00:00:00,260,260,2,5000,1300000,2010-11-09 00:00:00,1
2010-11-11 00:00:00,2010-11-11 00:00:00,259.9,2010-11-11 00:00:00,259.9,259.9,1,100,25990,2010-11-11 00:00:00,1
2010-11-12 00:00:00,2010-11-12 00:00:00,260,2010-11-12 00:00:00,260,260,2,200,52000,2010-11-12 00:00:00,1
2010-11-16 00:00:00,2010-11-16 00:00:00,255,2010-11-16 00:00:00,255,255,1,100,25500,2010-11-16 00:00:00,1
2010-11-18 00:00:00,2010-11-18 00:00:00,259,2010-11-18 00:00:00,258,258.7,3,700,181100,2010-11-18 00:00:00,1
2010-11-23 00:00:00,2010-11-23 00:00:00,215.1,2010-11-23 00:00:00,215.1,215.1,1,100,21510,2010-11-23 00:00:00,1
2010-11-24 00:00:00,2010-11-24 00:00:00,247.4,2010-11-24 00:00:00,247.4,247.4,1,300,74220,2010-11-24 00:00:00,1
2010-11-26 00:00:00,2010-11-26 00:00:00,245.9,2010-11-26 00:00:00,215,245.9,3,2200,476090,2010-11-26 00:00:00,1
2010-11-30 00:00:00,2010-11-30 00:00:00,269.9,2010-11-30 00:00:00,269.9,269.9,1,300,80970,2010-11-30 00:00:00,1
2010-12-01 00:00:00,2010-12-01 00:00:00,269,2010-12-01 00:00:00,264.9,264.9,4,500,133280,2010-12-01 00:00:00,1
2010-12-03 00:00:00,2010-12-03 00:00:00,260,2010-12-03 00:00:00,260,260,1,100,26000,2010-12-03 00:00:00,1
2010-12-08 00:00:00,2010-12-08 00:00:00,269.9,2010-12-08 00:00:00,269.9,269.9,1,100,26990,2010-12-08 00:00:00,1
2010-12-09 00:00:00,2010-12-09 00:00:00,225.1,2010-12-09 00:00:00,225,225.1,2,200,45010,2010-12-09 00:00:00,1
2010-12-10 00:00:00,2010-12-10 00:00:00,255,2010-12-10 00:00:00,245,250,3,300,74500,2010-12-10 00:00:00,1
2010-12-13 00:00:00,2010-12-13 00:00:00,260,2010-12-13 00:00:00,260,260,1,100,26000,2010-12-13 00:00:00,1
2010-12-14 00:00:00,2010-12-14 00:00:00,245,2010-12-14 00:00:00,240,242.5,2,200,48500,2010-12-14 00:00:00,1
2010-12-27 00:00:00,2010-12-27 00:00:00,250,2010-12-27 00:00:00,250,250,1,100,25000,2010-12-27 00:00:00,1
2010-12-28 00:00:00,2010-12-28 00:00:00,242,2010-12-28 00:00:00,242,242,1,100,24200,2010-12-28 00:00:00,1
2010-12-29 00:00:00,2010-12-29 00:00:00,250,2010-12-29 00:00:00,250,250,2,200,50000,2010-12-29 00:00:00,1
2010-12-30 00:00:00,2010-12-30 00:00:00,230,2010-12-30 00:00:00,230,230,3,600,138000,2010-12-30 00:00:00,1
Company Id:  KHL,,Security Type :  N,,Sub Type :  0000,,,,,,
Short Name :  KEELLS HOTELS,,,,,,,,,,
Day,Date High,High,Date Low,Low,Closing,No. of Trades,No. of Shares,Turnover,Last Traded,Days Traded
2010-01-04 00:00:00,2010-01-04 00:00:00,24.75,2010-01-04 00:00:00,22.5,24.25,485,1325300,31304775,2010-01-04 00:00:00,1
2010-01-05 00:00:00,2010-01-05 00:00:00,26.5,2010-01-05 00:00:00,24.5,26,777,1994800,51205525,2010-01-05 00:00:00,1
2010-01-06 00:00:00,2010-01-06 00:00:00,27.75,2010-01-06 00:00:00,26,27.25,619,2287300,62348775,2010-01-06 00:00:00,1
2010-01-07 00:00:00,2010-01-07 00:00:00,27.5,2010-01-07 00:00:00,26,26.5,283,513100,13632700,2010-01-07 00:00:00,1
2010-01-08 00:00:00,2010-01-08 00:00:00,26.75,2010-01-08 00:00:00,26,26.25,111,273100,7222650,2010-01-08 00:00:00,1
2010-01-11 00:00:00,2010-01-11 00:00:00,27,2010-01-11 00:00:00,26.5,26.75,119,375600,10039275,2010-01-11 00:00:00,1
2010-01-12 00:00:00,2010-01-12 00:00:00,28,2010-01-12 00:00:00,26.5,27.25,221,928300,25071225,2010-01-12 00:00:00,1
2010-01-13 00:00:00,2010-01-13 00:00:00,30.25,2010-01-13 00:00:00,27.5,29.5,460,1382100,40948725,2010-01-13 00:00:00,1
2010-01-15 00:00:00,2010-01-15 00:00:00,32.5,2010-01-15 00:00:00,29.75,32,471,888700,28035825,2010-01-15 00:00:00,1
2010-01-18 00:00:00,2010-01-18 00:00:00,34.25,2010-01-18 00:00:00,32.5,33,451,818900,27330875,2010-01-18 00:00:00,1
2010-01-19 00:00:00,2010-01-19 00:00:00,33.25,2010-01-19 00:00:00,30.25,31,302,497300,15417675,2010-01-19 00:00:00,1
2010-01-20 00:00:00,2010-01-20 00:00:00,32,2010-01-20 00:00:00,30.5,31.5,198,438400,13617900,2010-01-20 00:00:00,1
2010-01-21 00:00:00,2010-01-21 00:00:00,32,2010-01-21 00:00:00,30.5,30.75,114,307700,9582475,2010-01-21 00:00:00,1
2010-01-22 00:00:00,2010-01-22 00:00:00,33,2010-01-22 00:00:00,31.25,31.5,679,3250800,104991275,2010-01-22 00:00:00,1
2010-01-25 00:00:00,2010-01-25 00:00:00,32.5,2010-01-25 00:00:00,30.75,31,340,593100,18772125,2010-01-25 00:00:00,1
2010-01-26 00:00:00,2010-01-26 00:00:00,31,2010-01-26 00:00:00,30.5,30.75,143,456900,14058450,2010-01-26 00:00:00,1
2010-01-28 00:00:00,2010-01-28 00:00:00,32,2010-01-28 00:00:00,29.5,31.75,334,905400,27930450,2010-01-28 00:00:00,1
2010-02-01 00:00:00,2010-02-01 00:00:00,32.5,2010-02-01 00:00:00,31.5,32,135,230600,7387425,2010-02-01 00:00:00,1
2010-02-02 00:00:00,2010-02-02 00:00:00,32.25,2010-02-02 00:00:00,31.25,31.25,107,214600,6805725,2010-02-02 00:00:00,1
2010-02-03 00:00:00,2010-02-03 00:00:00,32,2010-02-03 00:00:00,31,31.25,80,123600,3868900,2010-02-03 00:00:00,1
2010-02-05 00:00:00,2010-02-05 00:00:00,31.75,2010-02-05 00:00:00,31.25,31.25,60,88700,2786200,2010-02-05 00:00:00,1
2010-02-08 00:00:00,2010-02-08 00:00:00,32,2010-02-08 00:00:00,31.25,31.5,139,198500,6253025,2010-02-08 00:00:00,1
2010-02-09 00:00:00,2010-02-09 00:00:00,31.75,2010-02-09 00:00:00,30,30.75,147,232900,7081600,2010-02-09 00:00:00,1
2010-02-10 00:00:00,2010-02-10 00:00:00,31.5,2010-02-10 00:00:00,30.5,30.75,55,172800,5290975,2010-02-10 00:00:00,1
2010-02-11 00:00:00,2010-02-11 00:00:00,31,2010-02-11 00:00:00,29.5,29.75,90,96200,2890250,2010-02-11 00:00:00,1
2010-02-12 00:00:00,2010-02-12 00:00:00,30,2010-02-12 00:00:00,28.5,29.5,50,53200,1563675,2010-02-12 00:00:00,1
2010-02-15 00:00:00,2010-02-15 00:00:00,30.5,2010-02-15 00:00:00,29.75,29.75,78,86600,2594525,2010-02-15 00:00:00,1
2010-02-16 00:00:00,2010-02-16 00:00:00,30,2010-02-16 00:00:00,28.75,29.25,82,50500,1478300,2010-02-16 00:00:00,1
2010-02-17 00:00:00,2010-02-17 00:00:00,30,2010-02-17 00:00:00,28.75,30,106,221000,6565700,2010-02-17 00:00:00,1
2010-02-18 00:00:00,2010-02-18 00:00:00,30.5,2010-02-18 00:00:00,30,30,70,134400,4034825,2010-02-18 00:00:00,1
2010-02-19 00:00:00,2010-02-19 00:00:00,30.5,2010-02-19 00:00:00,29.75,30,58,91300,2739725,2010-02-19 00:00:00,1
2010-02-22 00:00:00,2010-02-22 00:00:00,30.5,2010-02-22 00:00:00,29.75,30,115,192600,5800775,2010-02-22 00:00:00,1
2010-02-23 00:00:00,2010-02-23 00:00:00,30,2010-02-23 00:00:00,29.25,30,77,98400,2918850,2010-02-23 00:00:00,1
2010-02-24 00:00:00,2010-02-24 00:00:00,30,2010-02-24 00:00:00,29.25,29.5,84,84800,2511375,2010-02-24 00:00:00,1
2010-02-25 00:00:00,2010-02-25 00:00:00,29.75,2010-02-25 00:00:00,28,29.75,103,109700,3185150,2010-02-25 00:00:00,1
2010-02-26 00:00:00,2010-02-26 00:00:00,30.5,2010-02-26 00:00:00,29.5,30,224,275500,8235725,2010-02-26 00:00:00,1
2010-03-01 00:00:00,2010-03-01 00:00:00,33.5,2010-03-01 00:00:00,30,32,659,1151800,37490100,2010-03-01 00:00:00,1
2010-03-02 00:00:00,2010-03-02 00:00:00,29,2010-03-02 00:00:00,25.75,26,462,679200,18231600,2010-03-02 00:00:00,1
2010-03-03 00:00:00,2010-03-03 00:00:00,26,2010-03-03 00:00:00,24,25.25,177,291000,7249100,2010-03-03 00:00:00,1
2010-03-04 00:00:00,2010-03-04 00:00:00,26,2010-03-04 00:00:00,24.5,25.5,64,97000,2426325,2010-03-04 00:00:00,1
2010-03-05 00:00:00,2010-03-05 00:00:00,26.5,2010-03-05 00:00:00,25.25,26.25,67,89400,2329950,2010-03-05 00:00:00,1
2010-03-08 00:00:00,2010-03-08 00:00:00,27.5,2010-03-08 00:00:00,26.75,27,173,227000,6136125,2010-03-08 00:00:00,1
2010-03-09 00:00:00,2010-03-09 00:00:00,27.5,2010-03-09 00:00:00,26.25,26.5,79,171600,4631550,2010-03-09 00:00:00,1
2010-03-10 00:00:00,2010-03-10 00:00:00,27,2010-03-10 00:00:00,26.5,26.75,85,135200,3613625,2010-03-10 00:00:00,1
2010-03-11 00:00:00,2010-03-11 00:00:00,27,2010-03-11 00:00:00,26.5,26.75,96,169400,4524475,2010-03-11 00:00:00,1
2010-03-12 00:00:00,2010-03-12 00:00:00,26.75,2010-03-12 00:00:00,26.5,26.75,46,63200,1682525,2010-03-12 00:00:00,1
2010-03-15 00:00:00,2010-03-15 00:00:00,26.75,2010-03-15 00:00:00,25.5,25.5,132,209700,5440725,2010-03-15 00:00:00,1
2010-03-16 00:00:00,2010-03-16 00:00:00,24.5,2010-03-16 00:00:00,17,18.75,1550,3827800,72659750,2010-03-16 00:00:00,1
2010-03-17 00:00:00,2010-03-17 00:00:00,20.5,2010-03-17 00:00:00,18,18.25,504,1336900,25424400,2010-03-17 00:00:00,1
2010-03-18 00:00:00,2010-03-18 00:00:00,19,2010-03-18 00:00:00,18.25,18.75,122,389600,7188000,2010-03-18 00:00:00,1
2010-03-19 00:00:00,2010-03-19 00:00:00,19,2010-03-19 00:00:00,17.75,18.5,359,1677500,30929800,2010-03-19 00:00:00,1
2010-03-22 00:00:00,2010-03-22 00:00:00,19.75,2010-03-22 00:00:00,19,19,163,543400,10449975,2010-03-22 00:00:00,1
2010-03-23 00:00:00,2010-03-23 00:00:00,19,2010-03-23 00:00:00,18,18.25,92,172500,3228575,2010-03-23 00:00:00,1
2010-03-24 00:00:00,2010-03-24 00:00:00,18.75,2010-03-24 00:00:00,18,18.25,83,307900,5656175,2010-03-24 00:00:00,1
2010-03-25 00:00:00,2010-03-25 00:00:00,18.75,2010-03-25 00:00:00,18,18.5,101,286100,5279850,2010-03-25 00:00:00,1
2010-03-26 00:00:00,2010-03-26 00:00:00,18.5,2010-03-26 00:00:00,18.25,18.25,64,355300,6517150,2010-03-26 00:00:00,1
2010-03-30 00:00:00,2010-03-30 00:00:00,18.75,2010-03-30 00:00:00,18.25,18.5,97,414500,7664475,2010-03-30 00:00:00,1
2010-03-31 00:00:00,2010-03-31 00:00:00,18.5,2010-03-31 00:00:00,18.25,18.5,69,410800,7590750,2010-03-31 00:00:00,1
2010-04-01 00:00:00,2010-04-01 00:00:00,18.5,2010-04-01 00:00:00,18,18.25,86,262000,4823625,2010-04-01 00:00:00,1
2010-04-05 00:00:00,2010-04-05 00:00:00,18.5,2010-04-05 00:00:00,18,18.5,63,141400,2605925,2010-04-05 00:00:00,1
2010-04-06 00:00:00,2010-04-06 00:00:00,18.75,2010-04-06 00:00:00,18.25,18.75,94,381700,7099050,2010-04-06 00:00:00,1
2010-04-07 00:00:00,2010-04-07 00:00:00,19.75,2010-04-07 00:00:00,18.75,19.5,447,2650700,51143300,2010-04-07 00:00:00,1
2010-04-08 00:00:00,2010-04-08 00:00:00,19.75,2010-04-08 00:00:00,19.25,19.5,192,1529900,29869925,2010-04-08 00:00:00,1
2010-04-12 00:00:00,2010-04-12 00:00:00,20.75,2010-04-12 00:00:00,19.5,20.5,478,2610300,52767650,2010-04-12 00:00:00,1
2010-04-15 00:00:00,2010-04-15 00:00:00,19.75,2010-04-15 00:00:00,18.5,19,1110,10108800,193604775,2010-04-15 00:00:00,1
2010-04-16 00:00:00,2010-04-16 00:00:00,21.5,2010-04-16 00:00:00,18.75,20.25,1618,13035500,260431250,2010-04-16 00:00:00,1
2010-04-19 00:00:00,2010-04-19 00:00:00,22.25,2010-04-19 00:00:00,20.5,22,1947,13214600,282690900,2010-04-19 00:00:00,1
2010-04-20 00:00:00,2010-04-20 00:00:00,23,2010-04-20 00:00:00,21.5,21.75,1511,5803700,128908300,2010-04-20 00:00:00,1
2010-04-21 00:00:00,2010-04-21 00:00:00,22,2010-04-21 00:00:00,21,21.5,713,9441200,202468175,2010-04-21 00:00:00,1
2010-04-22 00:00:00,2010-04-22 00:00:00,22,2010-04-22 00:00:00,21,21,597,2487800,53167825,2010-04-22 00:00:00,1
2010-04-23 00:00:00,2010-04-23 00:00:00,21.5,2010-04-23 00:00:00,20.5,20.75,676,2768900,58159225,2010-04-23 00:00:00,1
2010-04-26 00:00:00,2010-04-26 00:00:00,21.5,2010-04-26 00:00:00,20.5,20.75,626,2430700,50800875,2010-04-26 00:00:00,1
2010-04-27 00:00:00,2010-04-27 00:00:00,21,2010-04-27 00:00:00,20.25,20.25,524,2967600,60546125,2010-04-27 00:00:00,1
2010-04-29 00:00:00,2010-04-29 00:00:00,21,2010-04-29 00:00:00,20.25,20.25,369,2420800,49424700,2010-04-29 00:00:00,1
2010-04-30 00:00:00,2010-04-30 00:00:00,20.5,2010-04-30 00:00:00,20,20.25,271,906300,18315450,2010-04-30 00:00:00,1
2010-05-03 00:00:00,2010-05-03 00:00:00,20.25,2010-05-03 00:00:00,19.75,20,544,2119600,42463400,2010-05-03 00:00:00,1
2010-05-04 00:00:00,2010-05-04 00:00:00,20.75,2010-05-04 00:00:00,20.25,20.25,230,1271800,25850975,2010-05-04 00:00:00,1
2010-05-05 00:00:00,2010-05-05 00:00:00,20.5,2010-05-05 00:00:00,19.75,20,392,1795400,36116700,2010-05-05 00:00:00,1
2010-05-06 00:00:00,2010-05-06 00:00:00,20.75,2010-05-06 00:00:00,20,20,291,1576300,31532975,2010-05-06 00:00:00,1
2010-05-07 00:00:00,2010-05-07 00:00:00,20.25,2010-05-07 00:00:00,19.75,19.75,337,2661500,53021025,2010-05-07 00:00:00,1
2010-05-10 00:00:00,2010-05-10 00:00:00,20,2010-05-10 00:00:00,19.75,19.75,135,666900,13324150,2010-05-10 00:00:00,1
2010-05-11 00:00:00,2010-05-11 00:00:00,20,2010-05-11 00:00:00,19.5,19.75,255,2632300,52504125,2010-05-11 00:00:00,1
2010-05-12 00:00:00,2010-05-12 00:00:00,20,2010-05-12 00:00:00,19.5,19.5,172,498300,9836975,2010-05-12 00:00:00,1
2010-05-13 00:00:00,2010-05-13 00:00:00,19.75,2010-05-13 00:00:00,19.5,19.5,280,686300,13390500,2010-05-13 00:00:00,1
2010-05-14 00:00:00,2010-05-14 00:00:00,20.25,2010-05-14 00:00:00,19.5,20,255,1795200,35839925,2010-05-14 00:00:00,1
2010-05-17 00:00:00,2010-05-17 00:00:00,20,2010-05-17 00:00:00,19.75,19.75,95,303400,6006150,2010-05-17 00:00:00,1
2010-05-18 00:00:00,2010-05-18 00:00:00,20,2010-05-18 00:00:00,19.75,20,176,1600800,32012150,2010-05-18 00:00:00,1
2010-05-19 00:00:00,2010-05-19 00:00:00,20,2010-05-19 00:00:00,19.5,19.75,148,456400,9013225,2010-05-19 00:00:00,1
2010-05-20 00:00:00,2010-05-20 00:00:00,20,2010-05-20 00:00:00,19.5,19.75,125,343900,6745050,2010-05-20 00:00:00,1
2010-05-21 00:00:00,2010-05-21 00:00:00,19.75,2010-05-21 00:00:00,19.25,19.25,189,776700,15071325,2010-05-21 00:00:00,1
2010-05-24 00:00:00,2010-05-24 00:00:00,19.75,2010-05-24 00:00:00,18.75,19,245,716200,13656725,2010-05-24 00:00:00,1
2010-05-25 00:00:00,2010-05-25 00:00:00,19.75,2010-05-25 00:00:00,18.75,19,237,749300,14335475,2010-05-25 00:00:00,1
2010-05-26 00:00:00,2010-05-26 00:00:00,19.5,2010-05-26 00:00:00,19,19.25,87,117000,2251950,2010-05-26 00:00:00,1
2010-05-31 00:00:00,2010-05-31 00:00:00,19.5,2010-05-31 00:00:00,19,19.25,124,177500,3421850,2010-05-31 00:00:00,1
2010-06-01 00:00:00,2010-06-01 00:00:00,19.5,2010-06-01 00:00:00,19.25,19.25,134,564900,10907075,2010-06-01 00:00:00,1
2010-06-02 00:00:00,2010-06-02 00:00:00,19.5,2010-06-02 00:00:00,19,19,299,1184100,22627925,2010-06-02 00:00:00,1
2010-06-03 00:00:00,2010-06-03 00:00:00,19.75,2010-06-03 00:00:00,19.25,19.25,181,569000,11062775,2010-06-03 00:00:00,1
2010-06-04 00:00:00,2010-06-04 00:00:00,19.5,2010-06-04 00:00:00,19.25,19.25,187,475100,9203675,2010-06-04 00:00:00,1
2010-06-07 00:00:00,2010-06-07 00:00:00,19.75,2010-06-07 00:00:00,19.25,19.5,198,564200,11007400,2010-06-07 00:00:00,1
2010-06-08 00:00:00,2010-06-08 00:00:00,20.25,2010-06-08 00:00:00,19.5,19.75,394,1657200,32840850,2010-06-08 00:00:00,1
2010-06-09 00:00:00,2010-06-09 00:00:00,20,2010-06-09 00:00:00,19.5,19.75,116,339300,6703450,2010-06-09 00:00:00,1
2010-06-10 00:00:00,2010-06-10 00:00:00,20,2010-06-10 00:00:00,19.5,19.75,158,594400,11763000,2010-06-10 00:00:00,1
2010-06-11 00:00:00,2010-06-11 00:00:00,20,2010-06-11 00:00:00,19.5,19.5,128,924100,18212275,2010-06-11 00:00:00,1
2010-06-14 00:00:00,2010-06-14 00:00:00,19.75,2010-06-14 00:00:00,19.5,19.75,175,516200,10109400,2010-06-14 00:00:00,1
2010-06-15 00:00:00,2010-06-15 00:00:00,19.75,2010-06-15 00:00:00,19.25,19.5,166,415700,8101775,2010-06-15 00:00:00,1
2010-06-16 00:00:00,2010-06-16 00:00:00,19.5,2010-06-16 00:00:00,19.25,19.25,188,643800,12425300,2010-06-16 00:00:00,1
2010-06-17 00:00:00,2010-06-17 00:00:00,19.5,2010-06-17 00:00:00,19.25,19.25,134,410900,7953150,2010-06-17 00:00:00,1
2010-06-21 00:00:00,2010-06-21 00:00:00,19.5,2010-06-21 00:00:00,19.25,19.5,168,504200,9750450,2010-06-21 00:00:00,1
2010-06-22 00:00:00,2010-06-22 00:00:00,19.75,2010-06-22 00:00:00,19.25,19.5,198,871900,17010625,2010-06-22 00:00:00,1
2010-06-23 00:00:00,2010-06-23 00:00:00,19.75,2010-06-23 00:00:00,19,19.25,188,741600,14319350,2010-06-23 00:00:00,1
2010-06-24 00:00:00,2010-06-24 00:00:00,19.5,2010-06-24 00:00:00,19,19,169,744900,14186500,2010-06-24 00:00:00,1
2010-06-28 00:00:00,2010-06-28 00:00:00,19.25,2010-06-28 00:00:00,18.75,19,151,281400,5346175,2010-06-28 00:00:00,1
2010-06-29 00:00:00,2010-06-29 00:00:00,19.25,2010-06-29 00:00:00,18.75,19,144,317600,6028825,2010-06-29 00:00:00,1
2010-06-30 00:00:00,2010-06-30 00:00:00,19.25,2010-06-30 00:00:00,18.75,18.75,146,268200,5066175,2010-06-30 00:00:00,1
2010-07-01 00:00:00,2010-07-01 00:00:00,19.25,2010-07-01 00:00:00,18.75,19,235,688700,13056750,2010-07-01 00:00:00,1
2010-07-02 00:00:00,2010-07-02 00:00:00,19,2010-07-02 00:00:00,18.75,18.75,112,307300,5820800,2010-07-02 00:00:00,1
2010-07-05 00:00:00,2010-07-05 00:00:00,19,2010-07-05 00:00:00,18.5,18.75,179,401100,7520200,2010-07-05 00:00:00,1
2010-07-06 00:00:00,2010-07-06 00:00:00,19,2010-07-06 00:00:00,18.75,18.75,94,156500,2938225,2010-07-06 00:00:00,1
2010-07-07 00:00:00,2010-07-07 00:00:00,19,2010-07-07 00:00:00,18.25,18.5,235,547900,10152025,2010-07-07 00:00:00,1
2010-07-08 00:00:00,2010-07-08 00:00:00,18.5,2010-07-08 00:00:00,18.25,18.25,102,250300,4596525,2010-07-08 00:00:00,1
2010-07-09 00:00:00,2010-07-09 00:00:00,18.5,2010-07-09 00:00:00,18,18,197,538400,9802175,2010-07-09 00:00:00,1
2010-07-12 00:00:00,2010-07-12 00:00:00,18.5,2010-07-12 00:00:00,18,18.25,125,244500,4483250,2010-07-12 00:00:00,1
2010-07-13 00:00:00,2010-07-13 00:00:00,18.75,2010-07-13 00:00:00,18.25,18.5,100,631600,11680825,2010-07-13 00:00:00,1
2010-07-14 00:00:00,2010-07-14 00:00:00,19.25,2010-07-14 00:00:00,18.5,19,291,2739800,52068075,2010-07-14 00:00:00,1
2010-07-15 00:00:00,2010-07-15 00:00:00,20,2010-07-15 00:00:00,19.5,19.5,444,1426600,28026975,2010-07-15 00:00:00,1
2010-07-16 00:00:00,2010-07-16 00:00:00,20,2010-07-16 00:00:00,19.5,19.75,269,2950500,58311575,2010-07-16 00:00:00,1
2010-07-19 00:00:00,2010-07-19 00:00:00,20.25,2010-07-19 00:00:00,19.75,20,296,1980800,39640725,2010-07-19 00:00:00,1
2010-07-20 00:00:00,2010-07-20 00:00:00,22.75,2010-07-20 00:00:00,20.25,22.25,1368,6492800,139391775,2010-07-20 00:00:00,1
2010-07-21 00:00:00,2010-07-21 00:00:00,23,2010-07-21 00:00:00,21.5,21.75,944,3075200,68217375,2010-07-21 00:00:00,1
2010-07-22 00:00:00,2010-07-22 00:00:00,22,2010-07-22 00:00:00,21,21,424,1220700,26059175,2010-07-22 00:00:00,1
2010-07-23 00:00:00,2010-07-23 00:00:00,21.25,2010-07-23 00:00:00,20.5,20.75,242,557500,11634125,2010-07-23 00:00:00,1
2010-07-26 00:00:00,2010-07-26 00:00:00,21,2010-07-26 00:00:00,20.25,20.25,207,602200,12348825,2010-07-26 00:00:00,1
2010-07-27 00:00:00,2010-07-27 00:00:00,21,2010-07-27 00:00:00,20.25,20.75,280,1052100,21666775,2010-07-27 00:00:00,1
2010-07-28 00:00:00,2010-07-28 00:00:00,21.75,2010-07-28 00:00:00,21,21.5,412,1108200,23704350,2010-07-28 00:00:00,1
2010-07-29 00:00:00,2010-07-29 00:00:00,21.75,2010-07-29 00:00:00,20.5,20.75,391,1672000,35444275,2010-07-29 00:00:00,1
2010-07-30 00:00:00,2010-07-30 00:00:00,21.25,2010-07-30 00:00:00,20.5,21,238,1147100,23954475,2010-07-30 00:00:00,1
2010-08-02 00:00:00,2010-08-02 00:00:00,21.4,2010-08-02 00:00:00,20.5,20.7,220,573000,11911240,2010-08-02 00:00:00,1
2010-08-03 00:00:00,2010-08-03 00:00:00,21,2010-08-03 00:00:00,20,20.6,195,1092900,22658770,2010-08-03 00:00:00,1
2010-08-04 00:00:00,2010-08-04 00:00:00,21,2010-08-04 00:00:00,20.1,20.5,229,869700,17802680,2010-08-04 00:00:00,1
2010-08-05 00:00:00,2010-08-05 00:00:00,21,2010-08-05 00:00:00,18.5,20.6,346,1155000,22834480,2010-08-05 00:00:00,1
2010-08-06 00:00:00,2010-08-06 00:00:00,21,2010-08-06 00:00:00,19.9,20.1,315,728100,14619910,2010-08-06 00:00:00,1
2010-08-09 00:00:00,2010-08-09 00:00:00,20.5,2010-08-09 00:00:00,19,19.5,396,1519600,29425720,2010-08-09 00:00:00,1
2010-08-10 00:00:00,2010-08-10 00:00:00,20.9,2010-08-10 00:00:00,19,20.7,485,1533500,30356900,2010-08-10 00:00:00,1
2010-08-11 00:00:00,2010-08-11 00:00:00,21.1,2010-08-11 00:00:00,20.1,20.3,285,752700,15500640,2010-08-11 00:00:00,1
2010-08-12 00:00:00,2010-08-12 00:00:00,20.4,2010-08-12 00:00:00,20,20.1,177,362400,7279370,2010-08-12 00:00:00,1
2010-08-13 00:00:00,2010-08-13 00:00:00,20.3,2010-08-13 00:00:00,19.9,20.1,133,282500,5670530,2010-08-13 00:00:00,1
2010-08-16 00:00:00,2010-08-16 00:00:00,20.5,2010-08-16 00:00:00,19.9,20,153,309000,6191340,2010-08-16 00:00:00,1
2010-08-17 00:00:00,2010-08-17 00:00:00,20.4,2010-08-17 00:00:00,19.9,20.1,230,1309000,26257340,2010-08-17 00:00:00,1
2010-08-18 00:00:00,2010-08-18 00:00:00,20.8,2010-08-18 00:00:00,20.1,20.5,243,1016400,20726510,2010-08-18 00:00:00,1
2010-08-19 00:00:00,2010-08-19 00:00:00,21.5,2010-08-19 00:00:00,20.5,21.3,725,2602400,54781560,2010-08-19 00:00:00,1
2010-08-20 00:00:00,2010-08-20 00:00:00,21.6,2010-08-20 00:00:00,20.8,21,405,1616500,34200290,2010-08-20 00:00:00,1
2010-08-23 00:00:00,2010-08-23 00:00:00,21.5,2010-08-23 00:00:00,21,21.1,203,408000,8590580,2010-08-23 00:00:00,1
2010-08-25 00:00:00,2010-08-25 00:00:00,21.4,2010-08-25 00:00:00,20.9,20.9,195,385500,8109640,2010-08-25 00:00:00,1
2010-08-26 00:00:00,2010-08-26 00:00:00,21.4,2010-08-26 00:00:00,20.6,20.9,190,559200,11704230,2010-08-26 00:00:00,1
2010-08-27 00:00:00,2010-08-27 00:00:00,21.4,2010-08-27 00:00:00,20.9,21,298,892700,18796970,2010-08-27 00:00:00,1
2010-08-30 00:00:00,2010-08-30 00:00:00,21.3,2010-08-30 00:00:00,20.8,20.9,307,3000000,63010400,2010-08-30 00:00:00,1
2010-08-31 00:00:00,2010-08-31 00:00:00,21.1,2010-08-31 00:00:00,20.5,20.9,224,927400,19323400,2010-08-31 00:00:00,1
2010-09-01 00:00:00,2010-09-01 00:00:00,21,2010-09-01 00:00:00,20.6,20.7,157,358400,7469630,2010-09-01 00:00:00,1
2010-09-02 00:00:00,2010-09-02 00:00:00,21.1,2010-09-02 00:00:00,20.5,20.9,250,1248000,25998410,2010-09-02 00:00:00,1
2010-09-03 00:00:00,2010-09-03 00:00:00,22,2010-09-03 00:00:00,20.9,21.1,334,3225600,67922670,2010-09-03 00:00:00,1
2010-09-06 00:00:00,2010-09-06 00:00:00,21.5,2010-09-06 00:00:00,21.1,21.3,300,1226600,26161100,2010-09-06 00:00:00,1
2010-09-07 00:00:00,2010-09-07 00:00:00,21.9,2010-09-07 00:00:00,21,21.6,723,39883200,838745970,2010-09-07 00:00:00,1
2010-09-08 00:00:00,2010-09-08 00:00:00,22,2010-09-08 00:00:00,21,21.2,352,1252400,27020830,2010-09-08 00:00:00,1
2010-09-09 00:00:00,2010-09-09 00:00:00,21.5,2010-09-09 00:00:00,20.8,21,279,963100,20283750,2010-09-09 00:00:00,1
2010-09-13 00:00:00,2010-09-13 00:00:00,21.5,2010-09-13 00:00:00,20.4,20.5,283,966900,19926680,2010-09-13 00:00:00,1
2010-09-14 00:00:00,2010-09-14 00:00:00,20.5,2010-09-14 00:00:00,19.9,20.2,368,1421000,28627980,2010-09-14 00:00:00,1
2010-09-15 00:00:00,2010-09-15 00:00:00,20.5,2010-09-15 00:00:00,20,20.2,249,1065300,21414470,2010-09-15 00:00:00,1
2010-09-16 00:00:00,2010-09-16 00:00:00,20.9,2010-09-16 00:00:00,19.9,20,297,1221200,24416780,2010-09-16 00:00:00,1
2010-09-17 00:00:00,2010-09-17 00:00:00,21.8,2010-09-17 00:00:00,19.9,21.3,620,4179700,88139600,2010-09-17 00:00:00,1
2010-09-20 00:00:00,2010-09-20 00:00:00,21.6,2010-09-20 00:00:00,20.5,21,191,738400,15644640,2010-09-20 00:00:00,1
2010-09-21 00:00:00,2010-09-21 00:00:00,21.3,2010-09-21 00:00:00,20.5,21.1,272,972500,20404580,2010-09-21 00:00:00,1
2010-09-23 00:00:00,2010-09-23 00:00:00,21.5,2010-09-23 00:00:00,20.5,20.9,327,1173000,24566860,2010-09-23 00:00:00,1
2010-09-24 00:00:00,2010-09-24 00:00:00,21.1,2010-09-24 00:00:00,20.5,21,317,1600400,33566450,2010-09-24 00:00:00,1
2010-09-27 00:00:00,2010-09-27 00:00:00,21.3,2010-09-27 00:00:00,21,21.1,322,3174400,66875820,2010-09-27 00:00:00,1
2010-09-28 00:00:00,2010-09-28 00:00:00,21.2,2010-09-28 00:00:00,21,21,191,680600,14320380,2010-09-28 00:00:00,1
2010-09-29 00:00:00,2010-09-29 00:00:00,21.6,2010-09-29 00:00:00,21,21.4,341,2296300,49120950,2010-09-29 00:00:00,1
2010-09-30 00:00:00,2010-09-30 00:00:00,21.7,2010-09-30 00:00:00,21.2,21.5,273,1096300,23538180,2010-09-30 00:00:00,1
2010-10-01 00:00:00,2010-10-01 00:00:00,21.6,2010-10-01 00:00:00,21.2,21.5,276,1093500,23479680,2010-10-01 00:00:00,1
2010-10-04 00:00:00,2010-10-04 00:00:00,21.5,2010-10-04 00:00:00,21.2,21.3,191,964000,20563020,2010-10-04 00:00:00,1
2010-10-05 00:00:00,2010-10-05 00:00:00,21.4,2010-10-05 00:00:00,20.6,21,230,2068300,43454120,2010-10-05 00:00:00,1
2010-10-06 00:00:00,2010-10-06 00:00:00,21.1,2010-10-06 00:00:00,20.9,21,226,2271600,47694340,2010-10-06 00:00:00,1
2010-10-07 00:00:00,2010-10-07 00:00:00,21.1,2010-10-07 00:00:00,20.3,20.9,250,7083700,148710020,2010-10-07 00:00:00,1
2010-10-08 00:00:00,2010-10-08 00:00:00,21.2,2010-10-08 00:00:00,20.6,21,129,4404900,92464230,2010-10-08 00:00:00,1
2010-10-11 00:00:00,2010-10-11 00:00:00,21.3,2010-10-11 00:00:00,20.8,21,111,3060400,64263490,2010-10-11 00:00:00,1
2010-10-12 00:00:00,2010-10-12 00:00:00,21,2010-10-12 00:00:00,19.9,19.9,255,2440500,48824330,2010-10-12 00:00:00,1
2010-10-13 00:00:00,2010-10-13 00:00:00,20.5,2010-10-13 00:00:00,18,19.7,269,2323300,45012880,2010-10-13 00:00:00,1
2010-10-14 00:00:00,2010-10-14 00:00:00,20,2010-10-14 00:00:00,19.6,19.7,136,1746900,34208390,2010-10-14 00:00:00,1
2010-10-15 00:00:00,2010-10-15 00:00:00,20,2010-10-15 00:00:00,19.5,19.9,66,257000,5105370,2010-10-15 00:00:00,1
2010-10-18 00:00:00,2010-10-18 00:00:00,20,2010-10-18 00:00:00,19.5,19.6,72,88100,1739250,2010-10-18 00:00:00,1
2010-10-19 00:00:00,2010-10-19 00:00:00,19.8,2010-10-19 00:00:00,19.3,19.6,83,103300,2015120,2010-10-19 00:00:00,1
2010-10-20 00:00:00,2010-10-20 00:00:00,20.1,2010-10-20 00:00:00,19.6,20,122,844000,16853890,2010-10-20 00:00:00,1
2010-10-21 00:00:00,2010-10-21 00:00:00,20.2,2010-10-21 00:00:00,19.6,20,85,178500,3569540,2010-10-21 00:00:00,1
2010-10-25 00:00:00,2010-10-25 00:00:00,20.2,2010-10-25 00:00:00,19.7,20,86,100700,2012120,2010-10-25 00:00:00,1
2010-10-26 00:00:00,2010-10-26 00:00:00,20.4,2010-10-26 00:00:00,20,20.4,207,571000,11544700,2010-10-26 00:00:00,1
2010-10-27 00:00:00,2010-10-27 00:00:00,20.6,2010-10-27 00:00:00,20,20.5,165,763600,15590300,2010-10-27 00:00:00,1
2010-10-28 00:00:00,2010-10-28 00:00:00,20.7,2010-10-28 00:00:00,20.4,20.6,91,303000,6234830,2010-10-28 00:00:00,1
2010-10-29 00:00:00,2010-10-29 00:00:00,21.1,2010-10-29 00:00:00,20.5,21,242,5916600,124214670,2010-10-29 00:00:00,1
2010-11-01 00:00:00,2010-11-01 00:00:00,21.2,2010-11-01 00:00:00,20.5,21,96,187900,3941500,2010-11-01 00:00:00,1
2010-11-02 00:00:00,2010-11-02 00:00:00,21.1,2010-11-02 00:00:00,20.7,20.9,80,709300,14875150,2010-11-02 00:00:00,1
2010-11-03 00:00:00,2010-11-03 00:00:00,21.1,2010-11-03 00:00:00,20.8,21,120,1551300,32579620,2010-11-03 00:00:00,1
2010-11-04 00:00:00,2010-11-04 00:00:00,21.1,2010-11-04 00:00:00,21,21,91,447500,9399580,2010-11-04 00:00:00,1
2010-11-08 00:00:00,2010-11-08 00:00:00,21.1,2010-11-08 00:00:00,20.9,21,85,2307600,48460840,2010-11-08 00:00:00,1
2010-11-09 00:00:00,2010-11-09 00:00:00,21.1,2010-11-09 00:00:00,20.8,21,123,5872600,123324140,2010-11-09 00:00:00,1
2010-11-10 00:00:00,2010-11-10 00:00:00,21,2010-11-10 00:00:00,20.6,21,107,6102700,128143740,2010-11-10 00:00:00,1
2010-11-11 00:00:00,2010-11-11 00:00:00,21.1,2010-11-11 00:00:00,20.6,21,52,875000,18367640,2010-11-11 00:00:00,1
2010-11-12 00:00:00,2010-11-12 00:00:00,21.1,2010-11-12 00:00:00,20.6,21,78,200300,4205140,2010-11-12 00:00:00,1
2010-11-15 00:00:00,2010-11-15 00:00:00,21.1,2010-11-15 00:00:00,20.6,20.7,82,2226500,46721160,2010-11-15 00:00:00,1
2010-11-16 00:00:00,2010-11-16 00:00:00,20.8,2010-11-16 00:00:00,20.7,20.8,42,2037700,42782360,2010-11-16 00:00:00,1
2010-11-18 00:00:00,2010-11-18 00:00:00,21.1,2010-11-18 00:00:00,20.6,21,168,621500,13049310,2010-11-18 00:00:00,1
2010-11-22 00:00:00,2010-11-22 00:00:00,21.1,2010-11-22 00:00:00,20,20.5,126,3825800,79490150,2010-11-22 00:00:00,1
2010-11-23 00:00:00,2010-11-23 00:00:00,21,2010-11-23 00:00:00,20,20.1,75,97700,1964890,2010-11-23 00:00:00,1
2010-11-24 00:00:00,2010-11-24 00:00:00,20.3,2010-11-24 00:00:00,20,20.1,57,115100,2311260,2010-11-24 00:00:00,1
2010-11-25 00:00:00,2010-11-25 00:00:00,20.5,2010-11-25 00:00:00,20,20.1,71,198300,4007930,2010-11-25 00:00:00,1
2010-11-26 00:00:00,2010-11-26 00:00:00,20.4,2010-11-26 00:00:00,19.9,20,42,32900,658560,2010-11-26 00:00:00,1
2010-11-29 00:00:00,2010-11-29 00:00:00,20,2010-11-29 00:00:00,19,19.3,72,82600,1602330,2010-11-29 00:00:00,1
2010-11-30 00:00:00,2010-11-30 00:00:00,20.4,2010-11-30 00:00:00,19.9,20.2,90,187300,3761440,2010-11-30 00:00:00,1
2010-12-01 00:00:00,2010-12-01 00:00:00,20.4,2010-12-01 00:00:00,19.9,20.2,93,148800,3005550,2010-12-01 00:00:00,1
2010-12-02 00:00:00,2010-12-02 00:00:00,20.4,2010-12-02 00:00:00,19.9,20,61,136600,2739280,2010-12-02 00:00:00,1
2010-12-03 00:00:00,2010-12-03 00:00:00,20.4,2010-12-03 00:00:00,19.9,20,69,147600,2946310,2010-12-03 00:00:00,1
2010-12-06 00:00:00,2010-12-06 00:00:00,19.9,2010-12-06 00:00:00,19.7,19.8,31,34500,682800,2010-12-06 00:00:00,1
2010-12-07 00:00:00,2010-12-07 00:00:00,20.1,2010-12-07 00:00:00,19.8,20,77,242500,4845730,2010-12-07 00:00:00,1
2010-12-08 00:00:00,2010-12-08 00:00:00,19.9,2010-12-08 00:00:00,19.7,19.7,43,104200,2057360,2010-12-08 00:00:00,1
2010-12-09 00:00:00,2010-12-09 00:00:00,20,2010-12-09 00:00:00,19.4,19.5,76,138000,2698970,2010-12-09 00:00:00,1
2010-12-10 00:00:00,2010-12-10 00:00:00,19.6,2010-12-10 00:00:00,19.4,19.4,34,32200,626850,2010-12-10 00:00:00,1
2010-12-13 00:00:00,2010-12-13 00:00:00,20,2010-12-13 00:00:00,19.4,19.9,67,224800,4442670,2010-12-13 00:00:00,1
2010-12-14 00:00:00,2010-12-14 00:00:00,19.8,2010-12-14 00:00:00,19.3,19.3,46,39800,772700,2010-12-14 00:00:00,1
2010-12-15 00:00:00,2010-12-15 00:00:00,19.9,2010-12-15 00:00:00,19.3,19.4,43,70400,1370470,2010-12-15 00:00:00,1
2010-12-16 00:00:00,2010-12-16 00:00:00,19.7,2010-12-16 00:00:00,19.4,19.6,26,29100,568030,2010-12-16 00:00:00,1
2010-12-17 00:00:00,2010-12-17 00:00:00,19.7,2010-12-17 00:00:00,19.3,19.6,18,81700,1599100,2010-12-17 00:00:00,1
2010-12-21 00:00:00,2010-12-21 00:00:00,19.8,2010-12-21 00:00:00,19.3,19.4,67,91600,1771230,2010-12-21 00:00:00,1
2010-12-22 00:00:00,2010-12-22 00:00:00,19.7,2010-12-22 00:00:00,19.3,19.6,65,113700,2211220,2010-12-22 00:00:00,1
2010-12-23 00:00:00,2010-12-23 00:00:00,19.8,2010-12-23 00:00:00,19.5,19.6,47,175400,3435580,2010-12-23 00:00:00,1
2010-12-24 00:00:00,2010-12-24 00:00:00,19.9,2010-12-24 00:00:00,19.6,19.7,17,15900,313360,2010-12-24 00:00:00,1
2010-12-27 00:00:00,2010-12-27 00:00:00,19.9,2010-12-27 00:00:00,19.6,19.8,48,66600,1310690,2010-12-27 00:00:00,1
2010-12-28 00:00:00,2010-12-28 00:00:00,20.2,2010-12-28 00:00:00,19.6,20,72,319400,6373500,2010-12-28 00:00:00,1
2010-12-29 00:00:00,2010-12-29 00:00:00,20.2,2010-12-29 00:00:00,19.8,20,43,417600,8353370,2010-12-29 00:00:00,1
2010-12-30 00:00:00,2010-12-30 00:00:00,20,2010-12-30 00:00:00,19.7,20,45,77600,1535130,2010-12-30 00:00:00,1
2010-12-31 00:00:00,2010-12-31 00:00:00,20.2,2010-12-31 00:00:00,19.7,20,53,92500,1852130,2010-12-31 00:00:00,1
Company Id :  KHL,,Security Type :  R,,Sub Type :  0000,,,,,,
Short Name :  KEELLS HOTELS,,,,,,,,,,
Day,Date High,High,Date Low,Low,Closing,No. of Trades,No. of Shares,Turnover,Last Traded,Days Traded
2010-03-12 00:00:00,2010-03-12 00:00:00,16,2010-03-12 00:00:00,14.75,15.25,21,29800,461550,2010-03-12 00:00:00,1
2010-03-15 00:00:00,2010-03-15 00:00:00,14.5,2010-03-15 00:00:00,13.75,13.75,50,164500,2285100,2010-03-15 00:00:00,1
2010-03-16 00:00:00,2010-03-16 00:00:00,10,2010-03-16 00:00:00,5,5.5,3023,187344000,965124200,2010-03-16 00:00:00,1
2010-03-17 00:00:00,2010-03-17 00:00:00,7,2010-03-17 00:00:00,5.75,6,1176,24086000,148969475,2010-03-17 00:00:00,1
2010-03-18 00:00:00,2010-03-18 00:00:00,6.25,2010-03-18 00:00:00,5.25,5.5,562,13323600,76258025,2010-03-18 00:00:00,1
2010-03-19 00:00:00,2010-03-19 00:00:00,5.75,2010-03-19 00:00:00,5,5.75,623,6793900,36700400,2010-03-19 00:00:00,1
Company Id :  KOTA,,Security Type :  N,,Sub Type :  0000,,,,,,
Short Name :  KOTAGALA,,,,,,,,,,
Day,Date High,High,Date Low,Low,Closing,No. of Trades,No. of Shares,Turnover,Last Traded,Days Traded
2010-01-04 00:00:00,2010-01-04 00:00:00,30.75,2010-01-04 00:00:00,30,30,9,16200,487325,2010-01-04 00:00:00,1
2010-01-05 00:00:00,2010-01-05 00:00:00,30,2010-01-05 00:00:00,30,30,10,19500,585000,2010-01-05 00:00:00,1
2010-01-06 00:00:00,2010-01-06 00:00:00,30,2010-01-06 00:00:00,30,30,14,21700,651000,2010-01-06 00:00:00,1
2010-01-07 00:00:00,2010-01-07 00:00:00,30.5,2010-01-07 00:00:00,28.5,30.25,17,24700,742150,2010-01-07 00:00:00,1
2010-01-08 00:00:00,2010-01-08 00:00:00,32.5,2010-01-08 00:00:00,30,32,71,121400,3865900,2010-01-08 00:00:00,1
2010-01-11 00:00:00,2010-01-11 00:00:00,33.25,2010-01-11 00:00:00,32,32.5,140,204100,6668025,2010-01-11 00:00:00,1
2010-01-12 00:00:00,2010-01-12 00:00:00,32.5,2010-01-12 00:00:00,31,31.75,17,26100,828450,2010-01-12 00:00:00,1
2010-01-13 00:00:00,2010-01-13 00:00:00,32.25,2010-01-13 00:00:00,31,32,25,35800,1140825,2010-01-13 00:00:00,1
2010-01-15 00:00:00,2010-01-15 00:00:00,33.25,2010-01-15 00:00:00,31.75,33,85,141400,4612225,2010-01-15 00:00:00,1
2010-01-18 00:00:00,2010-01-18 00:00:00,34.5,2010-01-18 00:00:00,33.5,34.5,139,214700,7315325,2010-01-18 00:00:00,1
2010-01-19 00:00:00,2010-01-19 00:00:00,34.5,2010-01-19 00:00:00,33,33.5,50,73900,2463200,2010-01-19 00:00:00,1
2010-01-20 00:00:00,2010-01-20 00:00:00,34.25,2010-01-20 00:00:00,33.25,34,40,37900,1275225,2010-01-20 00:00:00,1
2010-01-21 00:00:00,2010-01-21 00:00:00,34.5,2010-01-21 00:00:00,33.25,33.5,36,31700,1067000,2010-01-21 00:00:00,1
2010-01-22 00:00:00,2010-01-22 00:00:00,33.75,2010-01-22 00:00:00,33,33.75,22,18200,606850,2010-01-22 00:00:00,1
2010-01-25 00:00:00,2010-01-25 00:00:00,34,2010-01-25 00:00:00,33,34,54,120300,4058000,2010-01-25 00:00:00,1
2010-01-26 00:00:00,2010-01-26 00:00:00,33.75,2010-01-26 00:00:00,33,33.5,14,47800,1589425,2010-01-26 00:00:00,1
2010-01-28 00:00:00,2010-01-28 00:00:00,36,2010-01-28 00:00:00,31.5,35.5,82,104400,3576600,2010-01-28 00:00:00,1
2010-02-01 00:00:00,2010-02-01 00:00:00,43.75,2010-02-01 00:00:00,36,41,430,535300,21437375,2010-02-01 00:00:00,1
2010-02-02 00:00:00,2010-02-02 00:00:00,49,2010-02-02 00:00:00,43,44,388,593600,27158475,2010-02-02 00:00:00,1
2010-02-03 00:00:00,2010-02-03 00:00:00,44.5,2010-02-03 00:00:00,41,41.5,96,114500,4854050,2010-02-03 00:00:00,1
2010-02-05 00:00:00,2010-02-05 00:00:00,42,2010-02-05 00:00:00,40.25,40.5,36,55800,2301250,2010-02-05 00:00:00,1
2010-02-08 00:00:00,2010-02-08 00:00:00,45.75,2010-02-08 00:00:00,42,45,142,178700,7953475,2010-02-08 00:00:00,1
2010-02-09 00:00:00,2010-02-09 00:00:00,45,2010-02-09 00:00:00,42,43.25,55,43700,1886375,2010-02-09 00:00:00,1
2010-02-10 00:00:00,2010-02-10 00:00:00,43,2010-02-10 00:00:00,41.25,41.75,25,23700,990050,2010-02-10 00:00:00,1
2010-02-11 00:00:00,2010-02-11 00:00:00,44,2010-02-11 00:00:00,40.5,41.25,46,63300,2645500,2010-02-11 00:00:00,1
2010-02-12 00:00:00,2010-02-12 00:00:00,43,2010-02-12 00:00:00,41,41.25,49,48000,2008975,2010-02-12 00:00:00,1
2010-02-15 00:00:00,2010-02-15 00:00:00,46,2010-02-15 00:00:00,41,45,157,148600,6662850,2010-02-15 00:00:00,1
2010-02-16 00:00:00,2010-02-16 00:00:00,49,2010-02-16 00:00:00,44,44.5,92,102100,4758275,2010-02-16 00:00:00,1
2010-02-17 00:00:00,2010-02-17 00:00:00,45.5,2010-02-17 00:00:00,44.5,45,46,38300,1722200,2010-02-17 00:00:00,1
2010-02-18 00:00:00,2010-02-18 00:00:00,47,2010-02-18 00:00:00,45,46.75,59,66200,3072175,2010-02-18 00:00:00,1
2010-02-19 00:00:00,2010-02-19 00:00:00,48.5,2010-02-19 00:00:00,46,48.25,147,209700,10030025,2010-02-19 00:00:00,1
2010-02-22 00:00:00,2010-02-22 00:00:00,54.75,2010-02-22 00:00:00,48.75,51.75,193,173500,8949325,2010-02-22 00:00:00,1
2010-02-23 00:00:00,2010-02-23 00:00:00,53,2010-02-23 00:00:00,49.5,50.75,85,79200,4018700,2010-02-23 00:00:00,1
2010-02-24 00:00:00,2010-02-24 00:00:00,51,2010-02-24 00:00:00,49.5,50,41,34400,1720775,2010-02-24 00:00:00,1
2010-02-25 00:00:00,2010-02-25 00:00:00,50.5,2010-02-25 00:00:00,49,49,31,13000,648150,2010-02-25 00:00:00,1
2010-02-26 00:00:00,2010-02-26 00:00:00,49,2010-02-26 00:00:00,48.25,48.75,9,5600,274000,2010-02-26 00:00:00,1
2010-03-01 00:00:00,2010-03-01 00:00:00,50,2010-03-01 00:00:00,48.5,49,41,95200,4717200,2010-03-01 00:00:00,1
2010-03-02 00:00:00,2010-03-02 00:00:00,49,2010-03-02 00:00:00,48,48.5,10,5500,265575,2010-03-02 00:00:00,1
2010-03-03 00:00:00,2010-03-03 00:00:00,48,2010-03-03 00:00:00,46.75,47.5,20,13000,612775,2010-03-03 00:00:00,1
2010-03-04 00:00:00,2010-03-04 00:00:00,47.25,2010-03-04 00:00:00,46,46.25,11,7400,344425,2010-03-04 00:00:00,1
2010-03-05 00:00:00,2010-03-05 00:00:00,48.5,2010-03-05 00:00:00,46.5,47,28,17000,795975,2010-03-05 00:00:00,1
2010-03-08 00:00:00,2010-03-08 00:00:00,46.75,2010-03-08 00:00:00,45.5,45.75,19,24300,1122275,2010-03-08 00:00:00,1
2010-03-09 00:00:00,2010-03-09 00:00:00,45.75,2010-03-09 00:00:00,44.5,44.5,13,6100,274050,2010-03-09 00:00:00,1
2010-03-10 00:00:00,2010-03-10 00:00:00,47,2010-03-10 00:00:00,44.5,44.75,50,115200,5156825,2010-03-10 00:00:00,1
2010-03-11 00:00:00,2010-03-11 00:00:00,48,2010-03-11 00:00:00,45,45.25,20,14100,641800,2010-03-11 00:00:00,1
2010-03-12 00:00:00,2010-03-12 00:00:00,47.25,2010-03-12 00:00:00,46,47,13,21400,1001625,2010-03-12 00:00:00,1
2010-03-15 00:00:00,2010-03-15 00:00:00,48,2010-03-15 00:00:00,46,46,9,10200,478600,2010-03-15 00:00:00,1
2010-03-16 00:00:00,2010-03-16 00:00:00,47,2010-03-16 00:00:00,46,46,5,4300,199800,2010-03-16 00:00:00,1
2010-03-17 00:00:00,2010-03-17 00:00:00,45.25,2010-03-17 00:00:00,45,45,27,7600,343250,2010-03-17 00:00:00,1
2010-03-18 00:00:00,2010-03-18 00:00:00,45.75,2010-03-18 00:00:00,45,45,21,9700,436875,2010-03-18 00:00:00,1
2010-03-19 00:00:00,2010-03-19 00:00:00,46,2010-03-19 00:00:00,44.75,45,10,12200,549075,2010-03-19 00:00:00,1
2010-03-22 00:00:00,2010-03-22 00:00:00,45.25,2010-03-22 00:00:00,45,45,10,10000,450700,2010-03-22 00:00:00,1
2010-03-23 00:00:00,2010-03-23 00:00:00,44.75,2010-03-23 00:00:00,43.75,44,38,32200,1419150,2010-03-23 00:00:00,1
2010-03-24 00:00:00,2010-03-24 00:00:00,44.5,2010-03-24 00:00:00,44,44.5,29,35300,1565125,2010-03-24 00:00:00,1
2010-03-25 00:00:00,2010-03-25 00:00:00,44.5,2010-03-25 00:00:00,43.75,44,12,7500,332000,2010-03-25 00:00:00,1
2010-03-26 00:00:00,2010-03-26 00:00:00,44.5,2010-03-26 00:00:00,44,44,32,42400,1868575,2010-03-26 00:00:00,1
2010-03-30 00:00:00,2010-03-30 00:00:00,44.75,2010-03-30 00:00:00,44,44.25,18,36700,1619400,2010-03-30 00:00:00,1
2010-03-31 00:00:00,2010-03-31 00:00:00,45,2010-03-31 00:00:00,44.25,44.75,9,12200,545975,2010-03-31 00:00:00,1
2010-04-01 00:00:00,2010-04-01 00:00:00,45,2010-04-01 00:00:00,44.75,45,27,28400,1275125,2010-04-01 00:00:00,1
2010-04-05 00:00:00,2010-04-05 00:00:00,49.5,2010-04-05 00:00:00,45.5,49,161,268700,12995975,2010-04-05 00:00:00,1
2010-04-06 00:00:00,2010-04-06 00:00:00,51.25,2010-04-06 00:00:00,49,50.5,147,265100,13295375,2010-04-06 00:00:00,1
2010-04-07 00:00:00,2010-04-07 00:00:00,52.5,2010-04-07 00:00:00,50,51.75,113,207000,10711050,2010-04-07 00:00:00,1
2010-04-08 00:00:00,2010-04-08 00:00:00,52,2010-04-08 00:00:00,51.5,51.5,17,18300,945650,2010-04-08 00:00:00,1
2010-04-12 00:00:00,2010-04-12 00:00:00,52.5,2010-04-12 00:00:00,50.5,51.25,24,15500,791750,2010-04-12 00:00:00,1
2010-04-15 00:00:00,2010-04-15 00:00:00,54,2010-04-15 00:00:00,50,53.5,83,81000,4263950,2010-04-15 00:00:00,1
2010-04-16 00:00:00,2010-04-16 00:00:00,53.75,2010-04-16 00:00:00,52,53.5,22,14600,772550,2010-04-16 00:00:00,1
2010-04-19 00:00:00,2010-04-19 00:00:00,53.75,2010-04-19 00:00:00,52.25,53,34,28400,1504075,2010-04-19 00:00:00,1
2010-04-20 00:00:00,2010-04-20 00:00:00,60,2010-04-20 00:00:00,53.75,58.5,346,523700,29599025,2010-04-20 00:00:00,1
2010-04-21 00:00:00,2010-04-21 00:00:00,64.75,2010-04-21 00:00:00,59.5,62.5,267,334000,20802025,2010-04-21 00:00:00,1
2010-04-22 00:00:00,2010-04-22 00:00:00,64.5,2010-04-22 00:00:00,61,61.25,63,85200,5272025,2010-04-22 00:00:00,1
2010-04-23 00:00:00,2010-04-23 00:00:00,66,2010-04-23 00:00:00,62.75,64.75,111,179600,11474100,2010-04-23 00:00:00,1
2010-04-26 00:00:00,2010-04-26 00:00:00,69,2010-04-26 00:00:00,66,68.75,64,80400,5455175,2010-04-26 00:00:00,1
2010-04-27 00:00:00,2010-04-27 00:00:00,72,2010-04-27 00:00:00,67,69.75,82,51300,3560725,2010-04-27 00:00:00,1
2010-04-29 00:00:00,2010-04-29 00:00:00,71.5,2010-04-29 00:00:00,68,69.25,24,7300,509850,2010-04-29 00:00:00,1
2010-04-30 00:00:00,2010-04-30 00:00:00,69,2010-04-30 00:00:00,67,68.5,14,9700,668350,2010-04-30 00:00:00,1
2010-05-03 00:00:00,2010-05-03 00:00:00,69,2010-05-03 00:00:00,65,65.5,52,54300,3557975,2010-05-03 00:00:00,1
2010-05-04 00:00:00,2010-05-04 00:00:00,68.25,2010-05-04 00:00:00,65,67.25,13,3900,257450,2010-05-04 00:00:00,1
2010-05-05 00:00:00,2010-05-05 00:00:00,66.25,2010-05-05 00:00:00,64.25,65,25,19700,1282875,2010-05-05 00:00:00,1
2010-05-06 00:00:00,2010-05-06 00:00:00,64.5,2010-05-06 00:00:00,63.5,64,42,65000,4163450,2010-05-06 00:00:00,1
2010-05-07 00:00:00,2010-05-07 00:00:00,64,2010-05-07 00:00:00,62.75,63.75,12,6000,379950,2010-05-07 00:00:00,1
2010-05-10 00:00:00,2010-05-10 00:00:00,67,2010-05-10 00:00:00,64,64.5,18,18000,1162600,2010-05-10 00:00:00,1
2010-05-11 00:00:00,2010-05-11 00:00:00,65,2010-05-11 00:00:00,63.5,64,21,7600,487400,2010-05-11 00:00:00,1
2010-05-12 00:00:00,2010-05-12 00:00:00,65.5,2010-05-12 00:00:00,63.5,65,20,32700,2110825,2010-05-12 00:00:00,1
2010-05-13 00:00:00,2010-05-13 00:00:00,70,2010-05-13 00:00:00,63.75,66,22,18300,1210625,2010-05-13 00:00:00,1
2010-05-14 00:00:00,2010-05-14 00:00:00,66.5,2010-05-14 00:00:00,66,66,31,72900,4816000,2010-05-14 00:00:00,1
2010-05-17 00:00:00,2010-05-17 00:00:00,69,2010-05-17 00:00:00,65.5,68.25,39,21400,1447100,2010-05-17 00:00:00,1
2010-05-18 00:00:00,2010-05-18 00:00:00,69.75,2010-05-18 00:00:00,67.25,67.5,22,10600,724900,2010-05-18 00:00:00,1
2010-05-19 00:00:00,2010-05-19 00:00:00,67,2010-05-19 00:00:00,66,66.75,25,13200,878625,2010-05-19 00:00:00,1
2010-05-20 00:00:00,2010-05-20 00:00:00,66.25,2010-05-20 00:00:00,65.5,66,35,21400,1412750,2010-05-20 00:00:00,1
2010-05-21 00:00:00,2010-05-21 00:00:00,66.75,2010-05-21 00:00:00,65.25,65.25,48,37700,2488550,2010-05-21 00:00:00,1
2010-05-24 00:00:00,2010-05-24 00:00:00,65.25,2010-05-24 00:00:00,65,65.25,10,25000,1629250,2010-05-24 00:00:00,1
2010-05-25 00:00:00,2010-05-25 00:00:00,65.75,2010-05-25 00:00:00,64.25,65,9,1700,110650,2010-05-25 00:00:00,1
2010-05-26 00:00:00,2010-05-26 00:00:00,69,2010-05-26 00:00:00,64,64.75,54,31000,2054950,2010-05-26 00:00:00,1
2010-05-31 00:00:00,2010-05-31 00:00:00,65,2010-05-31 00:00:00,63.75,64,27,14700,944425,2010-05-31 00:00:00,1
2010-06-01 00:00:00,2010-06-01 00:00:00,65,2010-06-01 00:00:00,64,64.25,8,17800,1143650,2010-06-01 00:00:00,1
2010-06-02 00:00:00,2010-06-02 00:00:00,63.5,2010-06-02 00:00:00,60,61,75,57000,3480625,2010-06-02 00:00:00,1
2010-06-03 00:00:00,2010-06-03 00:00:00,64,2010-06-03 00:00:00,61.5,62.75,33,32100,2020675,2010-06-03 00:00:00,1
2010-06-04 00:00:00,2010-06-04 00:00:00,62.5,2010-06-04 00:00:00,60.25,61.25,20,10400,633400,2010-06-04 00:00:00,1
2010-06-07 00:00:00,2010-06-07 00:00:00,61.75,2010-06-07 00:00:00,60,60,40,35900,2160925,2010-06-07 00:00:00,1
2010-06-08 00:00:00,2010-06-08 00:00:00,61.25,2010-06-08 00:00:00,60.5,61.25,3,300,18275,2010-06-08 00:00:00,1
2010-06-09 00:00:00,2010-06-09 00:00:00,62.5,2010-06-09 00:00:00,61.75,62,33,22800,1413875,2010-06-09 00:00:00,1
2010-06-10 00:00:00,2010-06-10 00:00:00,62,2010-06-10 00:00:00,61,62,6,2600,161100,2010-06-10 00:00:00,1
2010-06-11 00:00:00,2010-06-11 00:00:00,61.75,2010-06-11 00:00:00,60,60.5,62,85200,5145700,2010-06-11 00:00:00,1
2010-06-14 00:00:00,2010-06-14 00:00:00,61.5,2010-06-14 00:00:00,60.5,60.75,15,8600,522400,2010-06-14 00:00:00,1
2010-06-15 00:00:00,2010-06-15 00:00:00,62,2010-06-15 00:00:00,60,60,16,8400,506350,2010-06-15 00:00:00,1
2010-06-16 00:00:00,2010-06-16 00:00:00,62,2010-06-16 00:00:00,60.25,61.25,21,32600,2002150,2010-06-16 00:00:00,1
2010-06-17 00:00:00,2010-06-17 00:00:00,62.25,2010-06-17 00:00:00,62,62.25,10,2100,130325,2010-06-17 00:00:00,1
2010-06-21 00:00:00,2010-06-21 00:00:00,63.5,2010-06-21 00:00:00,61.75,63,37,30400,1887450,2010-06-21 00:00:00,1
2010-06-22 00:00:00,2010-06-22 00:00:00,66,2010-06-22 00:00:00,62.25,64,32,22500,1437775,2010-06-22 00:00:00,1
2010-06-23 00:00:00,2010-06-23 00:00:00,66,2010-06-23 00:00:00,62.25,62.5,13,13700,864900,2010-06-23 00:00:00,1
2010-06-24 00:00:00,2010-06-24 00:00:00,65,2010-06-24 00:00:00,63,64.25,18,16000,1021300,2010-06-24 00:00:00,1
2010-06-28 00:00:00,2010-06-28 00:00:00,65,2010-06-28 00:00:00,62,64,17,3100,199775,2010-06-28 00:00:00,1
2010-06-29 00:00:00,2010-06-29 00:00:00,67.5,2010-06-29 00:00:00,64,66.5,53,96800,6406375,2010-06-29 00:00:00,1
2010-06-30 00:00:00,2010-06-30 00:00:00,69.5,2010-06-30 00:00:00,65.5,68.25,82,76400,5211075,2010-06-30 00:00:00,1
2010-07-01 00:00:00,2010-07-01 00:00:00,70,2010-07-01 00:00:00,66.5,66.5,81,115500,7746825,2010-07-01 00:00:00,1
2010-07-02 00:00:00,2010-07-02 00:00:00,65.5,2010-07-02 00:00:00,63.5,65,15,8600,558750,2010-07-02 00:00:00,1
2010-07-05 00:00:00,2010-07-05 00:00:00,71,2010-07-05 00:00:00,65,70,164,194400,13475725,2010-07-05 00:00:00,1
2010-07-06 00:00:00,2010-07-06 00:00:00,73,2010-07-06 00:00:00,69,71.75,183,219300,15605425,2010-07-06 00:00:00,1
2010-07-07 00:00:00,2010-07-07 00:00:00,74,2010-07-07 00:00:00,67,68.25,53,28900,2016125,2010-07-07 00:00:00,1
2010-07-08 00:00:00,2010-07-08 00:00:00,71,2010-07-08 00:00:00,67,69.5,37,30100,2055550,2010-07-08 00:00:00,1
2010-07-09 00:00:00,2010-07-09 00:00:00,69.5,2010-07-09 00:00:00,68,68,13,8600,591375,2010-07-09 00:00:00,1
2010-07-12 00:00:00,2010-07-12 00:00:00,70,2010-07-12 00:00:00,66,66.75,15,21900,1462150,2010-07-12 00:00:00,1
2010-07-13 00:00:00,2010-07-13 00:00:00,69,2010-07-13 00:00:00,65.25,67.75,15,9700,655475,2010-07-13 00:00:00,1
2010-07-14 00:00:00,2010-07-14 00:00:00,68,2010-07-14 00:00:00,67.25,67.75,12,9000,609800,2010-07-14 00:00:00,1
2010-07-15 00:00:00,2010-07-15 00:00:00,68.5,2010-07-15 00:00:00,65.25,65.75,31,19600,1302725,2010-07-15 00:00:00,1
2010-07-16 00:00:00,2010-07-16 00:00:00,65.5,2010-07-16 00:00:00,64,64.75,24,16600,1077850,2010-07-16 00:00:00,1
2010-07-19 00:00:00,2010-07-19 00:00:00,65,2010-07-19 00:00:00,63.25,64.75,8,3300,213650,2010-07-19 00:00:00,1
2010-07-20 00:00:00,2010-07-20 00:00:00,65.75,2010-07-20 00:00:00,63.5,65,19,13800,890100,2010-07-20 00:00:00,1
2010-07-21 00:00:00,2010-07-21 00:00:00,69,2010-07-21 00:00:00,65,67.75,19,19700,1300975,2010-07-21 00:00:00,1
2010-07-22 00:00:00,2010-07-22 00:00:00,74,2010-07-22 00:00:00,66,71,70,60700,4339625,2010-07-22 00:00:00,1
2010-07-23 00:00:00,2010-07-23 00:00:00,72,2010-07-23 00:00:00,70,71.5,38,33900,2421000,2010-07-23 00:00:00,1
2010-07-26 00:00:00,2010-07-26 00:00:00,74.75,2010-07-26 00:00:00,71.5,73.5,77,68600,5061225,2010-07-26 00:00:00,1
2010-07-27 00:00:00,2010-07-27 00:00:00,76,2010-07-27 00:00:00,72.5,73.5,131,96400,7191875,2010-07-27 00:00:00,1
2010-07-28 00:00:00,2010-07-28 00:00:00,74,2010-07-28 00:00:00,72.25,72.75,53,71800,5235425,2010-07-28 00:00:00,1
2010-07-29 00:00:00,2010-07-29 00:00:00,75,2010-07-29 00:00:00,72,72,39,55200,4083375,2010-07-29 00:00:00,1
2010-07-30 00:00:00,2010-07-30 00:00:00,72,2010-07-30 00:00:00,71,72,32,25600,1823050,2010-07-30 00:00:00,1
2010-08-02 00:00:00,2010-08-02 00:00:00,72.1,2010-08-02 00:00:00,71,71.2,21,19700,1408300,2010-08-02 00:00:00,1
2010-08-03 00:00:00,2010-08-03 00:00:00,72.5,2010-08-03 00:00:00,71,71.7,28,26500,1899620,2010-08-03 00:00:00,1
2010-08-04 00:00:00,2010-08-04 00:00:00,73.1,2010-08-04 00:00:00,70,72,28,14800,1060360,2010-08-04 00:00:00,1
2010-08-05 00:00:00,2010-08-05 00:00:00,71,2010-08-05 00:00:00,65.1,71,20,17300,1196090,2010-08-05 00:00:00,1
2010-08-06 00:00:00,2010-08-06 00:00:00,76,2010-08-06 00:00:00,69.5,70,18,9800,689210,2010-08-06 00:00:00,1
2010-08-09 00:00:00,2010-08-09 00:00:00,69.7,2010-08-09 00:00:00,64,64.5,43,39800,2575120,2010-08-09 00:00:00,1
2010-08-10 00:00:00,2010-08-10 00:00:00,70.9,2010-08-10 00:00:00,64,70.4,44,44600,3102790,2010-08-10 00:00:00,1
2010-08-11 00:00:00,2010-08-11 00:00:00,72,2010-08-11 00:00:00,69.4,70,36,54200,3800390,2010-08-11 00:00:00,1
2010-08-12 00:00:00,2010-08-12 00:00:00,74.5,2010-08-12 00:00:00,67.2,70,32,22600,1600790,2010-08-12 00:00:00,1
2010-08-13 00:00:00,2010-08-13 00:00:00,70.9,2010-08-13 00:00:00,69.5,70.3,29,23000,1614400,2010-08-13 00:00:00,1
2010-08-16 00:00:00,2010-08-16 00:00:00,71,2010-08-16 00:00:00,66.5,66.8,16,10500,715660,2010-08-16 00:00:00,1
2010-08-17 00:00:00,2010-08-17 00:00:00,68.5,2010-08-17 00:00:00,66.6,67,18,19000,1285270,2010-08-17 00:00:00,1
2010-08-18 00:00:00,2010-08-18 00:00:00,68,2010-08-18 00:00:00,66.1,66.6,19,6100,408870,2010-08-18 00:00:00,1
2010-08-19 00:00:00,2010-08-19 00:00:00,68,2010-08-19 00:00:00,66,66.1,44,55000,3640710,2010-08-19 00:00:00,1
2010-08-20 00:00:00,2010-08-20 00:00:00,69,2010-08-20 00:00:00,66.1,68.5,25,43300,2963640,2010-08-20 00:00:00,1
2010-08-23 00:00:00,2010-08-23 00:00:00,68.4,2010-08-23 00:00:00,66,67,4,800,54340,2010-08-23 00:00:00,1
2010-08-25 00:00:00,2010-08-25 00:00:00,67.9,2010-08-25 00:00:00,66,67.8,22,17000,1134500,2010-08-25 00:00:00,1
2010-08-26 00:00:00,2010-08-26 00:00:00,67,2010-08-26 00:00:00,66,66.4,3,5000,332000,2010-08-26 00:00:00,1
2010-08-27 00:00:00,2010-08-27 00:00:00,70,2010-08-27 00:00:00,67,68.2,37,61300,4204310,2010-08-27 00:00:00,1
2010-08-30 00:00:00,2010-08-30 00:00:00,71.3,2010-08-30 00:00:00,68.3,69.7,36,33600,2345520,2010-08-30 00:00:00,1
2010-08-31 00:00:00,2010-08-31 00:00:00,68.1,2010-08-31 00:00:00,68,68,13,26200,1781940,2010-08-31 00:00:00,1
2010-09-01 00:00:00,2010-09-01 00:00:00,70,2010-09-01 00:00:00,67,67.7,11,8100,545890,2010-09-01 00:00:00,1
2010-09-02 00:00:00,2010-09-02 00:00:00,73,2010-09-02 00:00:00,67,72.3,86,74300,5330020,2010-09-02 00:00:00,1
2010-09-03 00:00:00,2010-09-03 00:00:00,79.5,2010-09-03 00:00:00,72.3,79.5,200,288300,22553920,2010-09-03 00:00:00,1
2010-09-06 00:00:00,2010-09-06 00:00:00,82,2010-09-06 00:00:00,76,78.3,99,73600,5795250,2010-09-06 00:00:00,1
2010-09-07 00:00:00,2010-09-07 00:00:00,80,2010-09-07 00:00:00,77,77.5,34,26400,2058780,2010-09-07 00:00:00,1
2010-09-08 00:00:00,2010-09-08 00:00:00,85.2,2010-09-08 00:00:00,78,84.9,186,351100,29474320,2010-09-08 00:00:00,1
2010-09-09 00:00:00,2010-09-09 00:00:00,93.3,2010-09-09 00:00:00,84,92.2,305,355500,32220630,2010-09-09 00:00:00,1
2010-09-13 00:00:00,2010-09-13 00:00:00,101.4,2010-09-13 00:00:00,93,99.8,262,283700,28325920,2010-09-13 00:00:00,1
2010-09-14 00:00:00,2010-09-14 00:00:00,101,2010-09-14 00:00:00,91,94.3,126,103000,9826780,2010-09-14 00:00:00,1
2010-09-15 00:00:00,2010-09-15 00:00:00,96.9,2010-09-15 00:00:00,87,93,87,66800,6032750,2010-09-15 00:00:00,1
2010-09-16 00:00:00,2010-09-16 00:00:00,90,2010-09-16 00:00:00,87,87.2,31,14600,1296270,2010-09-16 00:00:00,1
2010-09-17 00:00:00,2010-09-17 00:00:00,95.8,2010-09-17 00:00:00,87,94.6,81,84600,7875180,2010-09-17 00:00:00,1
2010-09-20 00:00:00,2010-09-20 00:00:00,93,2010-09-20 00:00:00,90,90.2,19,11700,1068070,2010-09-20 00:00:00,1
2010-09-21 00:00:00,2010-09-21 00:00:00,94.9,2010-09-21 00:00:00,88.5,90,68,54900,4957970,2010-09-21 00:00:00,1
2010-09-23 00:00:00,2010-09-23 00:00:00,95,2010-09-23 00:00:00,89,92.1,48,48800,4517680,2010-09-23 00:00:00,1
2010-09-24 00:00:00,2010-09-24 00:00:00,97,2010-09-24 00:00:00,92,92.1,41,118700,11183490,2010-09-24 00:00:00,1
2010-09-27 00:00:00,2010-09-27 00:00:00,92,2010-09-27 00:00:00,90,90.8,12,30600,2808670,2010-09-27 00:00:00,1
2010-09-28 00:00:00,2010-09-28 00:00:00,96,2010-09-28 00:00:00,90,93.9,33,22000,2014960,2010-09-28 00:00:00,1
2010-09-29 00:00:00,2010-09-29 00:00:00,97.5,2010-09-29 00:00:00,90,94.7,67,86700,8330290,2010-09-29 00:00:00,1
2010-09-30 00:00:00,2010-09-30 00:00:00,101.9,2010-09-30 00:00:00,95,95.1,56,56300,5528640,2010-09-30 00:00:00,1
2010-10-01 00:00:00,2010-10-01 00:00:00,99.9,2010-10-01 00:00:00,94,95.7,34,25900,2510070,2010-10-01 00:00:00,1
2010-10-04 00:00:00,2010-10-04 00:00:00,97.9,2010-10-04 00:00:00,95,97,40,57800,5565680,2010-10-04 00:00:00,1
2010-10-05 00:00:00,2010-10-05 00:00:00,96.6,2010-10-05 00:00:00,92,94.6,55,80100,7561450,2010-10-05 00:00:00,1
2010-10-06 00:00:00,2010-10-06 00:00:00,95,2010-10-06 00:00:00,91.1,91.6,29,10500,973850,2010-10-06 00:00:00,1
2010-10-07 00:00:00,2010-10-07 00:00:00,90.1,2010-10-07 00:00:00,87.9,88.3,47,30000,2665480,2010-10-07 00:00:00,1
2010-10-08 00:00:00,2010-10-08 00:00:00,90,2010-10-08 00:00:00,83.5,89.3,47,46600,4018680,2010-10-08 00:00:00,1
2010-10-11 00:00:00,2010-10-11 00:00:00,91,2010-10-11 00:00:00,89.3,89.3,4,800,71730,2010-10-11 00:00:00,1
2010-10-12 00:00:00,2010-10-12 00:00:00,85.1,2010-10-12 00:00:00,83,83.7,13,7800,654410,2010-10-12 00:00:00,1
2010-10-13 00:00:00,2010-10-13 00:00:00,87.5,2010-10-13 00:00:00,77,85.2,57,50700,4205410,2010-10-13 00:00:00,1
2010-10-14 00:00:00,2010-10-14 00:00:00,85,2010-10-14 00:00:00,83,83.8,21,19100,1610030,2010-10-14 00:00:00,1
2010-10-15 00:00:00,2010-10-15 00:00:00,85,2010-10-15 00:00:00,83,84.9,7,5300,443740,2010-10-15 00:00:00,1
2010-10-18 00:00:00,2010-10-18 00:00:00,84,2010-10-18 00:00:00,83,84,10,6300,526750,2010-10-18 00:00:00,1
2010-10-19 00:00:00,2010-10-19 00:00:00,86.9,2010-10-19 00:00:00,83,85,7,700,58880,2010-10-19 00:00:00,1
2010-10-20 00:00:00,2010-10-20 00:00:00,85.9,2010-10-20 00:00:00,83.1,84.4,9,1500,126510,2010-10-20 00:00:00,1
2010-10-21 00:00:00,2010-10-21 00:00:00,87,2010-10-21 00:00:00,85,86.9,8,12300,1055870,2010-10-21 00:00:00,1
2010-10-25 00:00:00,2010-10-25 00:00:00,85.2,2010-10-25 00:00:00,83.7,83.7,17,8800,747040,2010-10-25 00:00:00,1
2010-10-26 00:00:00,2010-10-26 00:00:00,83.6,2010-10-26 00:00:00,82,82,9,3900,320350,2010-10-26 00:00:00,1
2010-10-27 00:00:00,2010-10-27 00:00:00,81,2010-10-27 00:00:00,80,80,33,37100,2968690,2010-10-27 00:00:00,1
2010-10-28 00:00:00,2010-10-28 00:00:00,82,2010-10-28 00:00:00,82,82,4,3900,319800,2010-10-28 00:00:00,1
2010-10-29 00:00:00,2010-10-29 00:00:00,82,2010-10-29 00:00:00,80,81.3,3,800,64900,2010-10-29 00:00:00,1
2010-11-01 00:00:00,2010-11-01 00:00:00,83,2010-11-01 00:00:00,80,80.4,56,12100,979530,2010-11-01 00:00:00,1
2010-11-02 00:00:00,2010-11-02 00:00:00,83,2010-11-02 00:00:00,80.2,80.6,77,11200,905970,2010-11-02 00:00:00,1
2010-11-03 00:00:00,2010-11-03 00:00:00,81.1,2010-11-03 00:00:00,80,81.1,6,3600,288120,2010-11-03 00:00:00,1
2010-11-04 00:00:00,2010-11-04 00:00:00,82,2010-11-04 00:00:00,80.2,80.9,27,6200,500830,2010-11-04 00:00:00,1
2010-11-08 00:00:00,2010-11-08 00:00:00,82,2010-11-08 00:00:00,81,81.1,13,9900,802500,2010-11-08 00:00:00,1
2010-11-09 00:00:00,2010-11-09 00:00:00,84,2010-11-09 00:00:00,81.1,84,38,24000,2002700,2010-11-09 00:00:00,1
2010-11-10 00:00:00,2010-11-10 00:00:00,81.3,2010-11-10 00:00:00,81.1,81.1,8,5700,462290,2010-11-10 00:00:00,1
2010-11-11 00:00:00,2010-11-11 00:00:00,83.5,2010-11-11 00:00:00,81,82.8,15,41200,3364650,2010-11-11 00:00:00,1
2010-11-12 00:00:00,2010-11-12 00:00:00,83,2010-11-12 00:00:00,81.9,82,5,5700,467890,2010-11-12 00:00:00,1
2010-11-15 00:00:00,2010-11-15 00:00:00,83,2010-11-15 00:00:00,82,83,41,68900,5701990,2010-11-15 00:00:00,1
2010-11-16 00:00:00,2010-11-16 00:00:00,83.1,2010-11-16 00:00:00,82,82.7,42,17400,1435650,2010-11-16 00:00:00,1
2010-11-18 00:00:00,2010-11-18 00:00:00,84,2010-11-18 00:00:00,82.7,84,13,7400,615250,2010-11-18 00:00:00,1
2010-11-22 00:00:00,2010-11-22 00:00:00,83.9,2010-11-22 00:00:00,83,83.3,3,600,49990,2010-11-22 00:00:00,1
2010-11-23 00:00:00,2010-11-23 00:00:00,80,2010-11-23 00:00:00,78.8,78.8,4,900,71200,2010-11-23 00:00:00,1
2010-11-24 00:00:00,2010-11-24 00:00:00,80.1,2010-11-24 00:00:00,78,78.7,13,18800,1499620,2010-11-24 00:00:00,1
2010-11-25 00:00:00,2010-11-25 00:00:00,78,2010-11-25 00:00:00,76.6,77.5,7,5000,387920,2010-11-25 00:00:00,1
2010-11-26 00:00:00,2010-11-26 00:00:00,77.5,2010-11-26 00:00:00,76.5,76.5,10,11200,865820,2010-11-26 00:00:00,1
2010-11-29 00:00:00,2010-11-29 00:00:00,77,2010-11-29 00:00:00,75,75.1,14,8500,638240,2010-11-29 00:00:00,1
2010-11-30 00:00:00,2010-11-30 00:00:00,81.1,2010-11-30 00:00:00,75.5,80.1,35,28900,2305460,2010-11-30 00:00:00,1
2010-12-01 00:00:00,2010-12-01 00:00:00,85,2010-12-01 00:00:00,81,83.1,30,48100,3998750,2010-12-01 00:00:00,1
2010-12-02 00:00:00,2010-12-02 00:00:00,85,2010-12-02 00:00:00,83.1,85,71,61800,5222560,2010-12-02 00:00:00,1
2010-12-03 00:00:00,2010-12-03 00:00:00,85.1,2010-12-03 00:00:00,85,85,4,6000,510100,2010-12-03 00:00:00,1
2010-12-06 00:00:00,2010-12-06 00:00:00,85,2010-12-06 00:00:00,83,83,5,5400,451960,2010-12-06 00:00:00,1
2010-12-07 00:00:00,2010-12-07 00:00:00,83,2010-12-07 00:00:00,82,82.9,13,6900,572500,2010-12-07 00:00:00,1
2010-12-08 00:00:00,2010-12-08 00:00:00,85,2010-12-08 00:00:00,82,82.9,7,9700,815870,2010-12-08 00:00:00,1
2010-12-09 00:00:00,2010-12-09 00:00:00,85,2010-12-09 00:00:00,83,83,15,6000,500290,2010-12-09 00:00:00,1
2010-12-10 00:00:00,2010-12-10 00:00:00,85,2010-12-10 00:00:00,83,83,21,8100,679380,2010-12-10 00:00:00,1
2010-12-13 00:00:00,2010-12-13 00:00:00,85,2010-12-13 00:00:00,82.2,82.7,33,18300,1513430,2010-12-13 00:00:00,1
2010-12-14 00:00:00,2010-12-14 00:00:00,82,2010-12-14 00:00:00,80,80,20,9400,759250,2010-12-14 00:00:00,1
2010-12-15 00:00:00,2010-12-15 00:00:00,80,2010-12-15 00:00:00,80,80,5,1400,112000,2010-12-15 00:00:00,1
2010-12-16 00:00:00,2010-12-16 00:00:00,81,2010-12-16 00:00:00,81,81,1,200,16200,2010-12-16 00:00:00,1
2010-12-17 00:00:00,2010-12-17 00:00:00,84,2010-12-17 00:00:00,83.9,83.9,8,3100,260340,2010-12-17 00:00:00,1
2010-12-21 00:00:00,2010-12-21 00:00:00,84,2010-12-21 00:00:00,80.2,81.7,5,1700,141040,2010-12-21 00:00:00,1
2010-12-22 00:00:00,2010-12-22 00:00:00,85.5,2010-12-22 00:00:00,81.7,84.9,18,10600,898250,2010-12-22 00:00:00,1
2010-12-23 00:00:00,2010-12-23 00:00:00,90,2010-12-23 00:00:00,85,89.9,71,95500,8532230,2010-12-23 00:00:00,1
2010-12-24 00:00:00,2010-12-24 00:00:00,96,2010-12-24 00:00:00,93,95.2,97,116900,11076880,2010-12-24 00:00:00,1
2010-12-27 00:00:00,2010-12-27 00:00:00,104.4,2010-12-27 00:00:00,95.9,103.5,263,308100,31147100,2010-12-27 00:00:00,1
2010-12-28 00:00:00,2010-12-28 00:00:00,105.5,2010-12-28 00:00:00,100.1,100.9,85,92200,9461550,2010-12-28 00:00:00,1
2010-12-29 00:00:00,2010-12-29 00:00:00,112,2010-12-29 00:00:00,98,111.3,281,336100,36146170,2010-12-29 00:00:00,1
2010-12-30 00:00:00,2010-12-30 00:00:00,115.5,2010-12-30 00:00:00,103.1,114.4,245,322300,36047470,2010-12-30 00:00:00,1
2010-12-31 00:00:00,2010-12-31 00:00:00,118.1,2010-12-31 00:00:00,112.2,116.9,188,194800,22611590,2010-12-31 00:00:00,1
Company Id :  KURU,,Security Type :  N,,Sub Type :  0000,,,,,,
Short Name :  KURUWITA TEXTILE,,,,,,,,,,
Day,Date High,High,Date Low,Low,Closing,No. of Trades,No. of Shares,Turnover,Last Traded,Days Traded
2010-01-05 00:00:00,2010-01-05 00:00:00,35,2010-01-05 00:00:00,35,35,1,100,3500,2010-01-05 00:00:00,1
2010-01-06 00:00:00,2010-01-06 00:00:00,36.5,2010-01-06 00:00:00,36,36,5,3100,111650,2010-01-06 00:00:00,1
2010-01-07 00:00:00,2010-01-07 00:00:00,38,2010-01-07 00:00:00,35,36,9,20800,749250,2010-01-07 00:00:00,1
2010-01-08 00:00:00,2010-01-08 00:00:00,39,2010-01-08 00:00:00,38,38,9,5600,213800,2010-01-08 00:00:00,1
2010-01-13 00:00:00,2010-01-13 00:00:00,35.25,2010-01-13 00:00:00,35.25,35.25,1,1000,35250,2010-01-13 00:00:00,1
2010-01-15 00:00:00,2010-01-15 00:00:00,36,2010-01-15 00:00:00,35.25,35.5,3,4500,159375,2010-01-15 00:00:00,1
2010-01-18 00:00:00,2010-01-18 00:00:00,35.25,2010-01-18 00:00:00,35.25,35.25,2,1100,38775,2010-01-18 00:00:00,1
2010-01-22 00:00:00,2010-01-22 00:00:00,38,2010-01-22 00:00:00,38,38,4,3100,117800,2010-01-22 00:00:00,1
2010-01-25 00:00:00,2010-01-25 00:00:00,37,2010-01-25 00:00:00,37,37,5,1600,59200,2010-01-25 00:00:00,1
2010-01-28 00:00:00,2010-01-28 00:00:00,37,2010-01-28 00:00:00,37,37,1,1000,37000,2010-01-28 00:00:00,1
2010-02-01 00:00:00,2010-02-01 00:00:00,42.5,2010-02-01 00:00:00,38,40,76,68500,2768925,2010-02-01 00:00:00,1
2010-02-03 00:00:00,2010-02-03 00:00:00,40,2010-02-03 00:00:00,39.75,39.75,16,26400,1055625,2010-02-03 00:00:00,1
2010-02-05 00:00:00,2010-02-05 00:00:00,39,2010-02-05 00:00:00,38,38,3,1300,49500,2010-02-05 00:00:00,1
2010-02-08 00:00:00,2010-02-08 00:00:00,38.25,2010-02-08 00:00:00,38,38,9,6200,235625,2010-02-08 00:00:00,1
2010-02-09 00:00:00,2010-02-09 00:00:00,41,2010-02-09 00:00:00,38.75,41,16,22000,888550,2010-02-09 00:00:00,1
2010-02-11 00:00:00,2010-02-11 00:00:00,38.5,2010-02-11 00:00:00,38.5,38.5,2,3000,115500,2010-02-11 00:00:00,1
2010-02-12 00:00:00,2010-02-12 00:00:00,38,2010-02-12 00:00:00,38,38,1,100,3800,2010-02-12 00:00:00,1
2010-02-16 00:00:00,2010-02-16 00:00:00,38.5,2010-02-16 00:00:00,36,36,6,3600,130125,2010-02-16 00:00:00,1
2010-02-19 00:00:00,2010-02-19 00:00:00,47,2010-02-19 00:00:00,38,45.75,223,300000,13553600,2010-02-19 00:00:00,1
2010-02-22 00:00:00,2010-02-22 00:00:00,48,2010-02-22 00:00:00,40.25,42,46,45400,2084125,2010-02-22 00:00:00,1
2010-02-23 00:00:00,2010-02-23 00:00:00,41,2010-02-23 00:00:00,40,40.25,8,5400,217875,2010-02-23 00:00:00,1
2010-02-24 00:00:00,2010-02-24 00:00:00,41.75,2010-02-24 00:00:00,41.75,41.75,1,5000,208750,2010-02-24 00:00:00,1
2010-02-25 00:00:00,2010-02-25 00:00:00,41.75,2010-02-25 00:00:00,41.75,41.75,1,100,4175,2010-02-25 00:00:00,1
2010-03-01 00:00:00,2010-03-01 00:00:00,41.5,2010-03-01 00:00:00,41.5,41.5,3,2000,83000,2010-03-01 00:00:00,1
2010-03-02 00:00:00,2010-03-02 00:00:00,41.5,2010-03-02 00:00:00,41.5,41.5,1,300,12450,2010-03-02 00:00:00,1
2010-03-03 00:00:00,2010-03-03 00:00:00,38.5,2010-03-03 00:00:00,38.5,38.5,1,2500,96250,2010-03-03 00:00:00,1
2010-03-04 00:00:00,2010-03-04 00:00:00,41,2010-03-04 00:00:00,41,41,1,100,4100,2010-03-04 00:00:00,1
2010-03-05 00:00:00,2010-03-05 00:00:00,40.75,2010-03-05 00:00:00,40.75,40.75,1,1000,40750,2010-03-05 00:00:00,1
2010-03-09 00:00:00,2010-03-09 00:00:00,40,2010-03-09 00:00:00,38,39.75,3,400,15750,2010-03-09 00:00:00,1
2010-03-10 00:00:00,2010-03-10 00:00:00,39.25,2010-03-10 00:00:00,39.25,39.25,3,900,35325,2010-03-10 00:00:00,1
2010-03-11 00:00:00,2010-03-11 00:00:00,44.75,2010-03-11 00:00:00,39.25,44,135,229300,10012775,2010-03-11 00:00:00,1
2010-03-15 00:00:00,2010-03-15 00:00:00,44,2010-03-15 00:00:00,38.5,43,10,2900,124875,2010-03-15 00:00:00,1
2010-03-16 00:00:00,2010-03-16 00:00:00,38.5,2010-03-16 00:00:00,38.5,38.5,1,500,19250,2010-03-16 00:00:00,1
2010-03-17 00:00:00,2010-03-17 00:00:00,43.25,2010-03-17 00:00:00,43.25,43.25,2,200,8650,2010-03-17 00:00:00,1
2010-03-18 00:00:00,2010-03-18 00:00:00,42,2010-03-18 00:00:00,40,40.25,6,3000,122625,2010-03-18 00:00:00,1
2010-03-19 00:00:00,2010-03-19 00:00:00,43.25,2010-03-19 00:00:00,43.25,43.25,3,700,30275,2010-03-19 00:00:00,1
2010-03-22 00:00:00,2010-03-22 00:00:00,41,2010-03-22 00:00:00,41,41,2,500,20500,2010-03-22 00:00:00,1
2010-03-23 00:00:00,2010-03-23 00:00:00,44,2010-03-23 00:00:00,44,44,1,100,4400,2010-03-23 00:00:00,1
2010-03-25 00:00:00,2010-03-25 00:00:00,42,2010-03-25 00:00:00,42,42,1,100,4200,2010-03-25 00:00:00,1
2010-03-30 00:00:00,2010-03-30 00:00:00,40,2010-03-30 00:00:00,40,40,2,200,8000,2010-03-30 00:00:00,1
2010-04-05 00:00:00,2010-04-05 00:00:00,38.75,2010-04-05 00:00:00,38.25,38.75,6,10000,387400,2010-04-05 00:00:00,1
2010-04-06 00:00:00,2010-04-06 00:00:00,41,2010-04-06 00:00:00,41,41,5,1700,69700,2010-04-06 00:00:00,1
2010-04-12 00:00:00,2010-04-12 00:00:00,41.25,2010-04-12 00:00:00,39,39,2,1100,43125,2010-04-12 00:00:00,1
2010-04-21 00:00:00,2010-04-21 00:00:00,43.75,2010-04-21 00:00:00,43.75,43.75,1,100,4375,2010-04-21 00:00:00,1
2010-04-26 00:00:00,2010-04-26 00:00:00,43.75,2010-04-26 00:00:00,43.5,43.75,2,200,8725,2010-04-26 00:00:00,1
2010-04-27 00:00:00,2010-04-27 00:00:00,43.5,2010-04-27 00:00:00,39.5,43.5,2,1500,61250,2010-04-27 00:00:00,1
2010-04-29 00:00:00,2010-04-29 00:00:00,40,2010-04-29 00:00:00,40,40,1,5000,200000,2010-04-29 00:00:00,1
2010-04-30 00:00:00,2010-04-30 00:00:00,44,2010-04-30 00:00:00,44,44,3,700,30800,2010-04-30 00:00:00,1
2010-05-03 00:00:00,2010-05-03 00:00:00,41,2010-05-03 00:00:00,40,41,8,3600,144350,2010-05-03 00:00:00,1
2010-05-05 00:00:00,2010-05-05 00:00:00,41,2010-05-05 00:00:00,41,41,4,1600,65600,2010-05-05 00:00:00,1
2010-05-06 00:00:00,2010-05-06 00:00:00,45,2010-05-06 00:00:00,41.25,43.75,49,33000,1444650,2010-05-06 00:00:00,1
2010-05-07 00:00:00,2010-05-07 00:00:00,41.5,2010-05-07 00:00:00,41.5,41.5,1,100,4150,2010-05-07 00:00:00,1
2010-05-10 00:00:00,2010-05-10 00:00:00,41.5,2010-05-10 00:00:00,41.25,41.25,5,1600,66100,2010-05-10 00:00:00,1
2010-05-11 00:00:00,2010-05-11 00:00:00,43.5,2010-05-11 00:00:00,43.5,43.5,2,200,8700,2010-05-11 00:00:00,1
2010-05-12 00:00:00,2010-05-12 00:00:00,43.25,2010-05-12 00:00:00,41.25,41.25,3,400,17050,2010-05-12 00:00:00,1
2010-05-13 00:00:00,2010-05-13 00:00:00,42,2010-05-13 00:00:00,39.5,40,32,63100,2550300,2010-05-13 00:00:00,1
2010-05-17 00:00:00,2010-05-17 00:00:00,42.75,2010-05-17 00:00:00,40.25,41.25,3,4100,168775,2010-05-17 00:00:00,1
2010-05-18 00:00:00,2010-05-18 00:00:00,42,2010-05-18 00:00:00,40.25,40.25,4,3200,128975,2010-05-18 00:00:00,1
2010-05-19 00:00:00,2010-05-19 00:00:00,40.25,2010-05-19 00:00:00,40.25,40.25,1,500,20125,2010-05-19 00:00:00,1
2010-05-21 00:00:00,2010-05-21 00:00:00,40.5,2010-05-21 00:00:00,40.25,40.25,8,10200,410700,2010-05-21 00:00:00,1
2010-05-31 00:00:00,2010-05-31 00:00:00,38.75,2010-05-31 00:00:00,38,38.25,3,600,22925,2010-05-31 00:00:00,1
2010-06-01 00:00:00,2010-06-01 00:00:00,39.75,2010-06-01 00:00:00,39,39,6,3000,117500,2010-06-01 00:00:00,1
2010-06-02 00:00:00,2010-06-02 00:00:00,42,2010-06-02 00:00:00,38,41.25,5,1400,57775,2010-06-02 00:00:00,1
2010-06-03 00:00:00,2010-06-03 00:00:00,39.5,2010-06-03 00:00:00,38,38,47,66400,2533750,2010-06-03 00:00:00,1
2010-06-04 00:00:00,2010-06-04 00:00:00,40,2010-06-04 00:00:00,38,38.75,77,48200,1861825,2010-06-04 00:00:00,1
2010-06-07 00:00:00,2010-06-07 00:00:00,38.75,2010-06-07 00:00:00,37.75,38,18,8100,308000,2010-06-07 00:00:00,1
2010-06-08 00:00:00,2010-06-08 00:00:00,38,2010-06-08 00:00:00,38,38,3,1600,60800,2010-06-08 00:00:00,1
2010-06-09 00:00:00,2010-06-09 00:00:00,41.5,2010-06-09 00:00:00,38,39.75,53,63800,2557700,2010-06-09 00:00:00,1
2010-06-10 00:00:00,2010-06-10 00:00:00,40,2010-06-10 00:00:00,40,40,4,3000,120000,2010-06-10 00:00:00,1
2010-06-11 00:00:00,2010-06-11 00:00:00,39.5,2010-06-11 00:00:00,38,38.5,15,13300,510750,2010-06-11 00:00:00,1
2010-06-14 00:00:00,2010-06-14 00:00:00,40,2010-06-14 00:00:00,40,40,3,1200,48000,2010-06-14 00:00:00,1
2010-06-15 00:00:00,2010-06-15 00:00:00,40,2010-06-15 00:00:00,40,40,2,1400,56000,2010-06-15 00:00:00,1
2010-06-16 00:00:00,2010-06-16 00:00:00,38,2010-06-16 00:00:00,37.75,38,9,29500,1120925,2010-06-16 00:00:00,1
2010-06-17 00:00:00,2010-06-17 00:00:00,39.5,2010-06-17 00:00:00,38,38,16,34900,1357550,2010-06-17 00:00:00,1
2010-06-21 00:00:00,2010-06-21 00:00:00,42,2010-06-21 00:00:00,40,41.25,84,116800,4776050,2010-06-21 00:00:00,1
2010-06-22 00:00:00,2010-06-22 00:00:00,42.25,2010-06-22 00:00:00,40.25,41,12,20400,836550,2010-06-22 00:00:00,1
2010-06-23 00:00:00,2010-06-23 00:00:00,41,2010-06-23 00:00:00,40.25,40.75,14,18100,729275,2010-06-23 00:00:00,1
2010-06-24 00:00:00,2010-06-24 00:00:00,40.75,2010-06-24 00:00:00,40.75,40.75,1,100,4075,2010-06-24 00:00:00,1
2010-06-28 00:00:00,2010-06-28 00:00:00,40.75,2010-06-28 00:00:00,39.5,40,6,1900,76700,2010-06-28 00:00:00,1
2010-06-29 00:00:00,2010-06-29 00:00:00,39.75,2010-06-29 00:00:00,39.5,39.75,2,2400,95300,2010-06-29 00:00:00,1
2010-07-02 00:00:00,2010-07-02 00:00:00,38.25,2010-07-02 00:00:00,38,38.25,8,3300,125725,2010-07-02 00:00:00,1
2010-07-05 00:00:00,2010-07-05 00:00:00,38,2010-07-05 00:00:00,37,37,5,1600,59800,2010-07-05 00:00:00,1
2010-07-06 00:00:00,2010-07-06 00:00:00,37,2010-07-06 00:00:00,36.75,36.75,5,1900,70100,2010-07-06 00:00:00,1
2010-07-07 00:00:00,2010-07-07 00:00:00,35.5,2010-07-07 00:00:00,35.5,35.5,1,900,31950,2010-07-07 00:00:00,1
2010-07-08 00:00:00,2010-07-08 00:00:00,36.75,2010-07-08 00:00:00,35,35.25,6,6500,228550,2010-07-08 00:00:00,1
2010-07-09 00:00:00,2010-07-09 00:00:00,37.5,2010-07-09 00:00:00,35,35.25,6,6100,214550,2010-07-09 00:00:00,1
2010-07-12 00:00:00,2010-07-12 00:00:00,39.75,2010-07-12 00:00:00,37.75,39.25,7,28100,1102225,2010-07-12 00:00:00,1
2010-07-13 00:00:00,2010-07-13 00:00:00,39.75,2010-07-13 00:00:00,36.25,39,8,10600,413900,2010-07-13 00:00:00,1
2010-07-15 00:00:00,2010-07-15 00:00:00,39,2010-07-15 00:00:00,39,39,1,500,19500,2010-07-15 00:00:00,1
2010-07-16 00:00:00,2010-07-16 00:00:00,39,2010-07-16 00:00:00,36.25,39,2,200,7525,2010-07-16 00:00:00,1
2010-07-19 00:00:00,2010-07-19 00:00:00,39,2010-07-19 00:00:00,36.5,39,3,400,15325,2010-07-19 00:00:00,1
2010-07-21 00:00:00,2010-07-21 00:00:00,37.25,2010-07-21 00:00:00,37.25,37.25,1,100,3725,2010-07-21 00:00:00,1
2010-07-22 00:00:00,2010-07-22 00:00:00,37.25,2010-07-22 00:00:00,37.25,37.25,1,100,3725,2010-07-22 00:00:00,1
2010-07-23 00:00:00,2010-07-23 00:00:00,40,2010-07-23 00:00:00,38.75,39.75,13,15500,609275,2010-07-23 00:00:00,1
2010-07-26 00:00:00,2010-07-26 00:00:00,39.5,2010-07-26 00:00:00,39.5,39.5,1,400,15800,2010-07-26 00:00:00,1
2010-07-28 00:00:00,2010-07-28 00:00:00,39,2010-07-28 00:00:00,37.75,38.5,2,200,7675,2010-07-28 00:00:00,1
2010-07-29 00:00:00,2010-07-29 00:00:00,38.5,2010-07-29 00:00:00,37,37,9,4900,183725,2010-07-29 00:00:00,1
2010-07-30 00:00:00,2010-07-30 00:00:00,37,2010-07-30 00:00:00,36,36,6,900,32725,2010-07-30 00:00:00,1
2010-08-02 00:00:00,2010-08-02 00:00:00,36.1,2010-08-02 00:00:00,36,36.1,11,8500,306380,2010-08-02 00:00:00,1
2010-08-03 00:00:00,2010-08-03 00:00:00,36.1,2010-08-03 00:00:00,36,36,4,1000,36010,2010-08-03 00:00:00,1
2010-08-04 00:00:00,2010-08-04 00:00:00,35.5,2010-08-04 00:00:00,35.5,35.5,2,3000,106500,2010-08-04 00:00:00,1
2010-08-05 00:00:00,2010-08-05 00:00:00,35.5,2010-08-05 00:00:00,35,35.3,3,400,14120,2010-08-05 00:00:00,1
2010-08-06 00:00:00,2010-08-06 00:00:00,35,2010-08-06 00:00:00,35,35,3,2100,73500,2010-08-06 00:00:00,1
2010-08-09 00:00:00,2010-08-09 00:00:00,33.5,2010-08-09 00:00:00,33.5,33.5,1,100,3350,2010-08-09 00:00:00,1
2010-08-10 00:00:00,2010-08-10 00:00:00,35,2010-08-10 00:00:00,35,35,2,4800,168000,2010-08-10 00:00:00,1
2010-08-11 00:00:00,2010-08-11 00:00:00,35,2010-08-11 00:00:00,35,35,1,1000,35000,2010-08-11 00:00:00,1
2010-08-13 00:00:00,2010-08-13 00:00:00,33.5,2010-08-13 00:00:00,33.5,33.5,1,100,3350,2010-08-13 00:00:00,1
2010-08-18 00:00:00,2010-08-18 00:00:00,34.9,2010-08-18 00:00:00,33.9,33.9,4,1100,37410,2010-08-18 00:00:00,1
2010-08-19 00:00:00,2010-08-19 00:00:00,37,2010-08-19 00:00:00,33,34.3,3,400,13800,2010-08-19 00:00:00,1
2010-08-23 00:00:00,2010-08-23 00:00:00,37.7,2010-08-23 00:00:00,34,34,9,3100,105830,2010-08-23 00:00:00,1
2010-08-25 00:00:00,2010-08-25 00:00:00,37,2010-08-25 00:00:00,34,34.5,2,600,20700,2010-08-25 00:00:00,1
2010-08-27 00:00:00,2010-08-27 00:00:00,37.9,2010-08-27 00:00:00,37.8,37.9,2,400,15140,2010-08-27 00:00:00,1
2010-08-30 00:00:00,2010-08-30 00:00:00,35.9,2010-08-30 00:00:00,34.2,34.2,4,3100,107780,2010-08-30 00:00:00,1
2010-09-02 00:00:00,2010-09-02 00:00:00,33.6,2010-09-02 00:00:00,31.7,33.1,34,35900,1185570,2010-09-02 00:00:00,1
2010-09-03 00:00:00,2010-09-03 00:00:00,33.2,2010-09-03 00:00:00,32.5,33,21,12400,409120,2010-09-03 00:00:00,1
2010-09-06 00:00:00,2010-09-06 00:00:00,35,2010-09-06 00:00:00,32,33.1,11,7100,233820,2010-09-06 00:00:00,1
2010-09-07 00:00:00,2010-09-07 00:00:00,34,2010-09-07 00:00:00,34,34,4,400,13600,2010-09-07 00:00:00,1
2010-09-08 00:00:00,2010-09-08 00:00:00,34.9,2010-09-08 00:00:00,33.2,33.3,7,7700,257950,2010-09-08 00:00:00,1
2010-09-09 00:00:00,2010-09-09 00:00:00,34.9,2010-09-09 00:00:00,33,34.7,21,21400,727780,2010-09-09 00:00:00,1
2010-09-13 00:00:00,2010-09-13 00:00:00,34.5,2010-09-13 00:00:00,34.5,34.5,2,200,6900,2010-09-13 00:00:00,1
2010-09-14 00:00:00,2010-09-14 00:00:00,34.8,2010-09-14 00:00:00,34.5,34.8,11,9000,312580,2010-09-14 00:00:00,1
2010-09-15 00:00:00,2010-09-15 00:00:00,32.5,2010-09-15 00:00:00,32,32.2,3,2100,67710,2010-09-15 00:00:00,1
2010-09-16 00:00:00,2010-09-16 00:00:00,34.5,2010-09-16 00:00:00,34.5,34.5,5,1300,44850,2010-09-16 00:00:00,1
2010-09-17 00:00:00,2010-09-17 00:00:00,35.5,2010-09-17 00:00:00,35.5,35.5,2,200,7100,2010-09-17 00:00:00,1
2010-09-20 00:00:00,2010-09-20 00:00:00,35.9,2010-09-20 00:00:00,34,34.2,13,11200,386100,2010-09-20 00:00:00,1
2010-09-21 00:00:00,2010-09-21 00:00:00,39.9,2010-09-21 00:00:00,34.5,39.1,72,52400,1988590,2010-09-21 00:00:00,1
2010-09-23 00:00:00,2010-09-23 00:00:00,38,2010-09-23 00:00:00,34.6,35,13,9100,320360,2010-09-23 00:00:00,1
2010-09-24 00:00:00,2010-09-24 00:00:00,35,2010-09-24 00:00:00,34,34.3,7,6700,231970,2010-09-24 00:00:00,1
2010-09-27 00:00:00,2010-09-27 00:00:00,39,2010-09-27 00:00:00,35,37.6,84,102600,3799260,2010-09-27 00:00:00,1
2010-09-28 00:00:00,2010-09-28 00:00:00,38,2010-09-28 00:00:00,37,37,29,35500,1327120,2010-09-28 00:00:00,1
2010-09-29 00:00:00,2010-09-29 00:00:00,37,2010-09-29 00:00:00,36,37,9,6200,227440,2010-09-29 00:00:00,1
2010-09-30 00:00:00,2010-09-30 00:00:00,37.4,2010-09-30 00:00:00,36,37,11,5200,192240,2010-09-30 00:00:00,1
2010-10-01 00:00:00,2010-10-01 00:00:00,39,2010-10-01 00:00:00,36.5,37.6,14,5000,189610,2010-10-01 00:00:00,1
2010-10-04 00:00:00,2010-10-04 00:00:00,44,2010-10-04 00:00:00,37,37,34,21200,796380,2010-10-04 00:00:00,1
2010-10-05 00:00:00,2010-10-05 00:00:00,40,2010-10-05 00:00:00,36,36.1,7,4100,152700,2010-10-05 00:00:00,1
2010-10-06 00:00:00,2010-10-06 00:00:00,36.1,2010-10-06 00:00:00,36.1,36.1,1,100,3610,2010-10-06 00:00:00,1
2010-10-07 00:00:00,2010-10-07 00:00:00,36,2010-10-07 00:00:00,31.5,33,7,3700,118780,2010-10-07 00:00:00,1
2010-10-08 00:00:00,2010-10-08 00:00:00,35.5,2010-10-08 00:00:00,32.1,34.5,6,2800,94120,2010-10-08 00:00:00,1
2010-10-11 00:00:00,2010-10-11 00:00:00,34.5,2010-10-11 00:00:00,32.5,32.9,3,2500,82250,2010-10-11 00:00:00,1
2010-10-12 00:00:00,2010-10-12 00:00:00,32.6,2010-10-12 00:00:00,32.5,32.6,5,2200,71610,2010-10-12 00:00:00,1
2010-10-13 00:00:00,2010-10-13 00:00:00,33,2010-10-13 00:00:00,30,33,9,3900,121140,2010-10-13 00:00:00,1
2010-10-14 00:00:00,2010-10-14 00:00:00,31.2,2010-10-14 00:00:00,31,31.2,2,1100,34120,2010-10-14 00:00:00,1
2010-10-15 00:00:00,2010-10-15 00:00:00,31.4,2010-10-15 00:00:00,31.4,31.4,1,400,12560,2010-10-15 00:00:00,1
2010-10-18 00:00:00,2010-10-18 00:00:00,32.5,2010-10-18 00:00:00,30,31.1,10,4100,127500,2010-10-18 00:00:00,1
2010-10-19 00:00:00,2010-10-19 00:00:00,31.8,2010-10-19 00:00:00,30.6,31.7,6,900,28450,2010-10-19 00:00:00,1
2010-10-20 00:00:00,2010-10-20 00:00:00,32.5,2010-10-20 00:00:00,30.5,32.5,13,6800,216850,2010-10-20 00:00:00,1
2010-10-25 00:00:00,2010-10-25 00:00:00,31.7,2010-10-25 00:00:00,31.7,31.7,2,500,15850,2010-10-25 00:00:00,1
2010-10-26 00:00:00,2010-10-26 00:00:00,31.1,2010-10-26 00:00:00,28,30,14,5200,156510,2010-10-26 00:00:00,1
2010-10-27 00:00:00,2010-10-27 00:00:00,28,2010-10-27 00:00:00,28,28,1,100,2800,2010-10-27 00:00:00,1
2010-10-28 00:00:00,2010-10-28 00:00:00,29,2010-10-28 00:00:00,28.5,28.5,2,400,11450,2010-10-28 00:00:00,1
2010-10-29 00:00:00,2010-10-29 00:00:00,28,2010-10-29 00:00:00,28,28,3,500,14000,2010-10-29 00:00:00,1
2010-11-01 00:00:00,2010-11-01 00:00:00,33,2010-11-01 00:00:00,32,32.7,9,1100,35650,2010-11-01 00:00:00,1
2010-11-02 00:00:00,2010-11-02 00:00:00,32.5,2010-11-02 00:00:00,30,30.1,4,3300,99910,2010-11-02 00:00:00,1
2010-11-03 00:00:00,2010-11-03 00:00:00,30.2,2010-11-03 00:00:00,30.1,30.1,2,400,12050,2010-11-03 00:00:00,1
2010-11-04 00:00:00,2010-11-04 00:00:00,32.9,2010-11-04 00:00:00,30.1,32.2,4,900,28960,2010-11-04 00:00:00,1
2010-11-08 00:00:00,2010-11-08 00:00:00,32.9,2010-11-08 00:00:00,30.2,31.1,2,300,9330,2010-11-08 00:00:00,1
2010-11-09 00:00:00,2010-11-09 00:00:00,30.3,2010-11-09 00:00:00,30.3,30.3,2,200,6060,2010-11-09 00:00:00,1
2010-11-11 00:00:00,2010-11-11 00:00:00,30.2,2010-11-11 00:00:00,30.1,30.1,3,600,18070,2010-11-11 00:00:00,1
2010-11-12 00:00:00,2010-11-12 00:00:00,30.1,2010-11-12 00:00:00,30.1,30.1,3,800,24080,2010-11-12 00:00:00,1
2010-11-15 00:00:00,2010-11-15 00:00:00,33,2010-11-15 00:00:00,29,29.2,9,2100,62350,2010-11-15 00:00:00,1
2010-11-16 00:00:00,2010-11-16 00:00:00,32,2010-11-16 00:00:00,32,32,5,1400,44800,2010-11-16 00:00:00,1
2010-11-18 00:00:00,2010-11-18 00:00:00,31.5,2010-11-18 00:00:00,31.5,31.5,1,1000,31500,2010-11-18 00:00:00,1
2010-11-22 00:00:00,2010-11-22 00:00:00,31.5,2010-11-22 00:00:00,31.5,31.5,1,500,15750,2010-11-22 00:00:00,1
2010-11-24 00:00:00,2010-11-24 00:00:00,30.1,2010-11-24 00:00:00,30,30,3,2600,78010,2010-11-24 00:00:00,1
2010-11-25 00:00:00,2010-11-25 00:00:00,30.4,2010-11-25 00:00:00,30,30.1,3,1300,39060,2010-11-25 00:00:00,1
2010-11-29 00:00:00,2010-11-29 00:00:00,30,2010-11-29 00:00:00,30,30,3,600,18000,2010-11-29 00:00:00,1
2010-11-30 00:00:00,2010-11-30 00:00:00,31.6,2010-11-30 00:00:00,30,31.6,4,1700,52900,2010-11-30 00:00:00,1
2010-12-01 00:00:00,2010-12-01 00:00:00,32,2010-12-01 00:00:00,31.5,31.6,2,1100,34700,2010-12-01 00:00:00,1
2010-12-06 00:00:00,2010-12-06 00:00:00,30,2010-12-06 00:00:00,30,30,6,2600,78000,2010-12-06 00:00:00,1
2010-12-07 00:00:00,2010-12-07 00:00:00,29.1,2010-12-07 00:00:00,29.1,29.1,1,900,26190,2010-12-07 00:00:00,1
2010-12-08 00:00:00,2010-12-08 00:00:00,29,2010-12-08 00:00:00,29,29,1,100,2900,2010-12-08 00:00:00,1
2010-12-10 00:00:00,2010-12-10 00:00:00,30.5,2010-12-10 00:00:00,29,29,2,200,5950,2010-12-10 00:00:00,1
2010-12-13 00:00:00,2010-12-13 00:00:00,29.5,2010-12-13 00:00:00,29.5,29.5,1,200,5900,2010-12-13 00:00:00,1
2010-12-15 00:00:00,2010-12-15 00:00:00,32,2010-12-15 00:00:00,29.6,31.1,3,300,9330,2010-12-15 00:00:00,1
2010-12-16 00:00:00,2010-12-16 00:00:00,29.6,2010-12-16 00:00:00,28.8,28.8,7,1900,55270,2010-12-16 00:00:00,1
2010-12-17 00:00:00,2010-12-17 00:00:00,28.6,2010-12-17 00:00:00,28.5,28.5,4,500,14280,2010-12-17 00:00:00,1
2010-12-21 00:00:00,2010-12-21 00:00:00,28.5,2010-12-21 00:00:00,28.1,28.4,6,1300,36690,2010-12-21 00:00:00,1
2010-12-23 00:00:00,2010-12-23 00:00:00,28.6,2010-12-23 00:00:00,28.6,28.6,2,200,5720,2010-12-23 00:00:00,1
2010-12-28 00:00:00,2010-12-28 00:00:00,29.1,2010-12-28 00:00:00,29.1,29.1,1,100,2910,2010-12-28 00:00:00,1
2010-12-29 00:00:00,2010-12-29 00:00:00,30,2010-12-29 00:00:00,29.2,29.9,2,2200,65840,2010-12-29 00:00:00,1
2010-12-30 00:00:00,2010-12-30 00:00:00,29.1,2010-12-30 00:00:00,29,29,6,1500,43520,2010-12-30 00:00:00,1
2010-12-31 00:00:00,2010-12-31 00:00:00,30,2010-12-31 00:00:00,30,30,5,1500,45000,2010-12-31 00:00:00,1
Company Id  :  KVAL,,Security Type :  N,,Sub Type :  0000,,,,,,
Short Name :  KELANI VALLEY,,,,,,,,,,
Day,Date High,High,Date Low,Low,Closing,No. of Trades,No. of Shares,Turnover,Last Traded,Days Traded
2010-01-06 00:00:00,2010-01-06 00:00:00,53,2010-01-06 00:00:00,52.5,53,5,15000,793650,2010-01-06 00:00:00,1
2010-01-07 00:00:00,2010-01-07 00:00:00,52.75,2010-01-07 00:00:00,50,50.25,18,252300,12618950,2010-01-07 00:00:00,1
2010-01-08 00:00:00,2010-01-08 00:00:00,52,2010-01-08 00:00:00,51.75,52,15,5000,259950,2010-01-08 00:00:00,1
2010-01-11 00:00:00,2010-01-11 00:00:00,52,2010-01-11 00:00:00,50,51.25,18,104800,5251100,2010-01-11 00:00:00,1
2010-01-12 00:00:00,2010-01-12 00:00:00,51.75,2010-01-12 00:00:00,49.5,50,20,105000,5254400,2010-01-12 00:00:00,1
2010-01-13 00:00:00,2010-01-13 00:00:00,51.25,2010-01-13 00:00:00,50,50,5,4700,235125,2010-01-13 00:00:00,1
2010-01-15 00:00:00,2010-01-15 00:00:00,50,2010-01-15 00:00:00,50,50,7,50000,2500000,2010-01-15 00:00:00,1
2010-01-18 00:00:00,2010-01-18 00:00:00,51.75,2010-01-18 00:00:00,50,50.25,47,301000,15112775,2010-01-18 00:00:00,1
2010-01-19 00:00:00,2010-01-19 00:00:00,51.75,2010-01-19 00:00:00,50,50,3,6600,330175,2010-01-19 00:00:00,1
2010-01-20 00:00:00,2010-01-20 00:00:00,50,2010-01-20 00:00:00,50,50,6,6100,305000,2010-01-20 00:00:00,1
2010-01-21 00:00:00,2010-01-21 00:00:00,50,2010-01-21 00:00:00,50,50,5,12200,610000,2010-01-21 00:00:00,1
2010-01-22 00:00:00,2010-01-22 00:00:00,52.25,2010-01-22 00:00:00,50,51.25,13,15200,768100,2010-01-22 00:00:00,1
2010-01-25 00:00:00,2010-01-25 00:00:00,52,2010-01-25 00:00:00,51,51.75,13,18100,940350,2010-01-25 00:00:00,1
2010-01-26 00:00:00,2010-01-26 00:00:00,51.25,2010-01-26 00:00:00,51.25,51.25,1,100,5125,2010-01-26 00:00:00,1
2010-01-28 00:00:00,2010-01-28 00:00:00,52.25,2010-01-28 00:00:00,50.25,52.25,16,16600,860100,2010-01-28 00:00:00,1
2010-02-01 00:00:00,2010-02-01 00:00:00,54.75,2010-02-01 00:00:00,53.5,54,30,25500,1376450,2010-02-01 00:00:00,1
2010-02-02 00:00:00,2010-02-02 00:00:00,57,2010-02-02 00:00:00,54.5,55,72,183900,10214100,2010-02-02 00:00:00,1
2010-02-03 00:00:00,2010-02-03 00:00:00,57,2010-02-03 00:00:00,54.25,55,29,28900,1613850,2010-02-03 00:00:00,1
2010-02-05 00:00:00,2010-02-05 00:00:00,54.5,2010-02-05 00:00:00,54.5,54.5,16,24400,1329800,2010-02-05 00:00:00,1
2010-02-08 00:00:00,2010-02-08 00:00:00,58,2010-02-08 00:00:00,55,57,91,80400,4548350,2010-02-08 00:00:00,1
2010-02-09 00:00:00,2010-02-09 00:00:00,56.5,2010-02-09 00:00:00,55,56.25,7,6900,381650,2010-02-09 00:00:00,1
2010-02-10 00:00:00,2010-02-10 00:00:00,56.25,2010-02-10 00:00:00,56.25,56.25,1,200,11250,2010-02-10 00:00:00,1
2010-02-11 00:00:00,2010-02-11 00:00:00,57.5,2010-02-11 00:00:00,56.5,57,4,1400,79800,2010-02-11 00:00:00,1
2010-02-12 00:00:00,2010-02-12 00:00:00,58,2010-02-12 00:00:00,53.5,54,23,9200,512150,2010-02-12 00:00:00,1
2010-02-15 00:00:00,2010-02-15 00:00:00,58,2010-02-15 00:00:00,57,57.75,10,2700,155550,2010-02-15 00:00:00,1
2010-02-16 00:00:00,2010-02-16 00:00:00,59,2010-02-16 00:00:00,57,57.25,10,7600,442000,2010-02-16 00:00:00,1
2010-02-17 00:00:00,2010-02-17 00:00:00,57.5,2010-02-17 00:00:00,55,56.25,8,2500,141100,2010-02-17 00:00:00,1
2010-02-18 00:00:00,2010-02-18 00:00:00,56,2010-02-18 00:00:00,55,55.25,4,3000,165500,2010-02-18 00:00:00,1
2010-02-19 00:00:00,2010-02-19 00:00:00,56.75,2010-02-19 00:00:00,56.75,56.75,1,100,5675,2010-02-19 00:00:00,1
2010-02-22 00:00:00,2010-02-22 00:00:00,58.5,2010-02-22 00:00:00,55,55.5,9,2800,156575,2010-02-22 00:00:00,1
2010-02-23 00:00:00,2010-02-23 00:00:00,55.5,2010-02-23 00:00:00,55,55,8,14200,782050,2010-02-23 00:00:00,1
2010-02-24 00:00:00,2010-02-24 00:00:00,56.75,2010-02-24 00:00:00,56.75,56.75,2,51000,2894250,2010-02-24 00:00:00,1
2010-02-25 00:00:00,2010-02-25 00:00:00,56.75,2010-02-25 00:00:00,56.75,56.75,9,11800,669650,2010-02-25 00:00:00,1
2010-03-01 00:00:00,2010-03-01 00:00:00,58,2010-03-01 00:00:00,55,56.75,7,2100,118125,2010-03-01 00:00:00,1
2010-03-02 00:00:00,2010-03-02 00:00:00,56,2010-03-02 00:00:00,55,55,14,33600,1874000,2010-03-02 00:00:00,1
2010-03-03 00:00:00,2010-03-03 00:00:00,55,2010-03-03 00:00:00,50,51.75,24,36500,1849050,2010-03-03 00:00:00,1
2010-03-04 00:00:00,2010-03-04 00:00:00,55,2010-03-04 00:00:00,52,54.75,8,19900,1041100,2010-03-04 00:00:00,1
2010-03-05 00:00:00,2010-03-05 00:00:00,58,2010-03-05 00:00:00,54.75,56.5,10,5200,293025,2010-03-05 00:00:00,1
2010-03-08 00:00:00,2010-03-08 00:00:00,57.5,2010-03-08 00:00:00,57.5,57.5,2,500,28750,2010-03-08 00:00:00,1
2010-03-09 00:00:00,2010-03-09 00:00:00,56.75,2010-03-09 00:00:00,56.75,56.75,1,100,5675,2010-03-09 00:00:00,1
2010-03-10 00:00:00,2010-03-10 00:00:00,56.75,2010-03-10 00:00:00,56.5,56.75,12,2000,113350,2010-03-10 00:00:00,1
2010-03-11 00:00:00,2010-03-11 00:00:00,55,2010-03-11 00:00:00,55,55,1,100,5500,2010-03-11 00:00:00,1
2010-03-12 00:00:00,2010-03-12 00:00:00,55.25,2010-03-12 00:00:00,53.25,53.75,5,2200,119300,2010-03-12 00:00:00,1
2010-03-15 00:00:00,2010-03-15 00:00:00,52.25,2010-03-15 00:00:00,52.25,52.25,5,3500,182875,2010-03-15 00:00:00,1
2010-03-16 00:00:00,2010-03-16 00:00:00,52.25,2010-03-16 00:00:00,52.25,52.25,1,400,20900,2010-03-16 00:00:00,1
2010-03-17 00:00:00,2010-03-17 00:00:00,54,2010-03-17 00:00:00,52.25,54,3,1300,68100,2010-03-17 00:00:00,1
2010-03-19 00:00:00,2010-03-19 00:00:00,55,2010-03-19 00:00:00,55,55,1,200,11000,2010-03-19 00:00:00,1
2010-03-22 00:00:00,2010-03-22 00:00:00,53,2010-03-22 00:00:00,53,53,7,2800,148400,2010-03-22 00:00:00,1
2010-03-23 00:00:00,2010-03-23 00:00:00,52.5,2010-03-23 00:00:00,52,52.25,7,11400,595175,2010-03-23 00:00:00,1
2010-03-24 00:00:00,2010-03-24 00:00:00,52.25,2010-03-24 00:00:00,51,51,5,3600,183825,2010-03-24 00:00:00,1
2010-03-25 00:00:00,2010-03-25 00:00:00,54.75,2010-03-25 00:00:00,51.25,53,2,200,10600,2010-03-25 00:00:00,1
2010-03-26 00:00:00,2010-03-26 00:00:00,52.75,2010-03-26 00:00:00,52.75,52.75,1,12500,659375,2010-03-26 00:00:00,1
2010-03-30 00:00:00,2010-03-30 00:00:00,53,2010-03-30 00:00:00,51.25,51.25,16,5800,297800,2010-03-30 00:00:00,1
2010-03-31 00:00:00,2010-03-31 00:00:00,53,2010-03-31 00:00:00,50.25,53,7,8400,428450,2010-03-31 00:00:00,1
2010-04-01 00:00:00,2010-04-01 00:00:00,53,2010-04-01 00:00:00,51,51.5,9,9100,464900,2010-04-01 00:00:00,1
2010-04-05 00:00:00,2010-04-05 00:00:00,55,2010-04-05 00:00:00,53,54.5,5,4500,245175,2010-04-05 00:00:00,1
2010-04-07 00:00:00,2010-04-07 00:00:00,54.75,2010-04-07 00:00:00,40,48,18,14200,700400,2010-04-07 00:00:00,1
2010-04-08 00:00:00,2010-04-08 00:00:00,54,2010-04-08 00:00:00,51.75,52,5,6200,322550,2010-04-08 00:00:00,1
2010-04-12 00:00:00,2010-04-12 00:00:00,54.5,2010-04-12 00:00:00,51,51,12,15600,811125,2010-04-12 00:00:00,1
2010-04-15 00:00:00,2010-04-15 00:00:00,53,2010-04-15 00:00:00,53,53,1,200,10600,2010-04-15 00:00:00,1
2010-04-16 00:00:00,2010-04-16 00:00:00,55,2010-04-16 00:00:00,52.5,54.5,11,5700,308025,2010-04-16 00:00:00,1
2010-04-19 00:00:00,2010-04-19 00:00:00,57,2010-04-19 00:00:00,54.75,56.25,29,36000,1997825,2010-04-19 00:00:00,1
2010-04-20 00:00:00,2010-04-20 00:00:00,59.25,2010-04-20 00:00:00,56,58.75,64,83100,4839475,2010-04-20 00:00:00,1
2010-04-21 00:00:00,2010-04-21 00:00:00,66,2010-04-21 00:00:00,59,63.75,190,366000,22775275,2010-04-21 00:00:00,1
2010-04-22 00:00:00,2010-04-22 00:00:00,64.5,2010-04-22 00:00:00,63,63,15,47100,2976300,2010-04-22 00:00:00,1
2010-04-23 00:00:00,2010-04-23 00:00:00,65.75,2010-04-23 00:00:00,62,65,14,21700,1424250,2010-04-23 00:00:00,1
2010-04-26 00:00:00,2010-04-26 00:00:00,70,2010-04-26 00:00:00,66.5,69.5,45,162100,11279400,2010-04-26 00:00:00,1
2010-04-27 00:00:00,2010-04-27 00:00:00,73,2010-04-27 00:00:00,70,70.25,40,65700,4673300,2010-04-27 00:00:00,1
2010-04-29 00:00:00,2010-04-29 00:00:00,72,2010-04-29 00:00:00,70.75,70.75,14,32900,2351025,2010-04-29 00:00:00,1
2010-04-30 00:00:00,2010-04-30 00:00:00,75,2010-04-30 00:00:00,70,71.5,8,6500,465375,2010-04-30 00:00:00,1
2010-05-03 00:00:00,2010-05-03 00:00:00,74.5,2010-05-03 00:00:00,70.5,71,10,4000,285275,2010-05-03 00:00:00,1
2010-05-04 00:00:00,2010-05-04 00:00:00,73.5,2010-05-04 00:00:00,69.75,72,8,1300,93775,2010-05-04 00:00:00,1
2010-05-05 00:00:00,2010-05-05 00:00:00,74.5,2010-05-05 00:00:00,70,73.5,15,24000,1760975,2010-05-05 00:00:00,1
2010-05-06 00:00:00,2010-05-06 00:00:00,73,2010-05-06 00:00:00,66,70.25,37,120800,8015375,2010-05-06 00:00:00,1
2010-05-07 00:00:00,2010-05-07 00:00:00,72,2010-05-07 00:00:00,68,69.25,6,3500,244450,2010-05-07 00:00:00,1
2010-05-10 00:00:00,2010-05-10 00:00:00,71.75,2010-05-10 00:00:00,69,70.25,7,2700,189850,2010-05-10 00:00:00,1
2010-05-12 00:00:00,2010-05-12 00:00:00,70,2010-05-12 00:00:00,70,70,1,500,35000,2010-05-12 00:00:00,1
2010-05-13 00:00:00,2010-05-13 00:00:00,71.25,2010-05-13 00:00:00,69.75,69.75,35,99100,6944925,2010-05-13 00:00:00,1
2010-05-14 00:00:00,2010-05-14 00:00:00,71.25,2010-05-14 00:00:00,70,70,3,3500,245625,2010-05-14 00:00:00,1
2010-05-17 00:00:00,2010-05-17 00:00:00,70.5,2010-05-17 00:00:00,69.5,69.5,5,2900,202850,2010-05-17 00:00:00,1
2010-05-18 00:00:00,2010-05-18 00:00:00,69.75,2010-05-18 00:00:00,68,69,13,7100,491225,2010-05-18 00:00:00,1
2010-05-19 00:00:00,2010-05-19 00:00:00,69.75,2010-05-19 00:00:00,67,69.75,3,1000,68425,2010-05-19 00:00:00,1
2010-05-21 00:00:00,2010-05-21 00:00:00,69,2010-05-21 00:00:00,69,69,1,100,6900,2010-05-21 00:00:00,1
2010-05-24 00:00:00,2010-05-24 00:00:00,69,2010-05-24 00:00:00,69,69,3,400,27600,2010-05-24 00:00:00,1
2010-05-25 00:00:00,2010-05-25 00:00:00,68,2010-05-25 00:00:00,68,68,1,300,20400,2010-05-25 00:00:00,1
2010-05-26 00:00:00,2010-05-26 00:00:00,68,2010-05-26 00:00:00,68,68,1,300,20400,2010-05-26 00:00:00,1
2010-05-31 00:00:00,2010-05-31 00:00:00,68.75,2010-05-31 00:00:00,67,67.25,7,3100,208350,2010-05-31 00:00:00,1
2010-06-02 00:00:00,2010-06-02 00:00:00,70,2010-06-02 00:00:00,68.5,70,35,97900,6850075,2010-06-02 00:00:00,1
2010-06-03 00:00:00,2010-06-03 00:00:00,79.75,2010-06-03 00:00:00,70,74,46,89200,6934450,2010-06-03 00:00:00,1
2010-06-04 00:00:00,2010-06-04 00:00:00,77,2010-06-04 00:00:00,65,72.75,18,33200,2515525,2010-06-04 00:00:00,1
2010-06-07 00:00:00,2010-06-07 00:00:00,76,2010-06-07 00:00:00,70,73,10,12200,895250,2010-06-07 00:00:00,1
2010-06-08 00:00:00,2010-06-08 00:00:00,74,2010-06-08 00:00:00,70,72.5,6,8500,616000,2010-06-08 00:00:00,1
2010-06-09 00:00:00,2010-06-09 00:00:00,74,2010-06-09 00:00:00,74,74,1,200,14800,2010-06-09 00:00:00,1
2010-06-11 00:00:00,2010-06-11 00:00:00,73.5,2010-06-11 00:00:00,70,72.75,6,2900,211550,2010-06-11 00:00:00,1
2010-06-14 00:00:00,2010-06-14 00:00:00,74.75,2010-06-14 00:00:00,70,70.5,17,17000,1232250,2010-06-14 00:00:00,1
2010-06-16 00:00:00,2010-06-16 00:00:00,75,2010-06-16 00:00:00,70.5,75,15,81500,6099275,2010-06-16 00:00:00,1
2010-06-17 00:00:00,2010-06-17 00:00:00,75.75,2010-06-17 00:00:00,72,74.25,6,8800,637825,2010-06-17 00:00:00,1
2010-06-21 00:00:00,2010-06-21 00:00:00,75.25,2010-06-21 00:00:00,73,74.75,7,7300,544400,2010-06-21 00:00:00,1
2010-06-22 00:00:00,2010-06-22 00:00:00,75.25,2010-06-22 00:00:00,74.75,75,2,1500,112625,2010-06-22 00:00:00,1
2010-06-23 00:00:00,2010-06-23 00:00:00,77,2010-06-23 00:00:00,75,75.25,30,25400,1912825,2010-06-23 00:00:00,1
2010-06-24 00:00:00,2010-06-24 00:00:00,80,2010-06-24 00:00:00,77,79,22,38900,3046150,2010-06-24 00:00:00,1
2010-06-28 00:00:00,2010-06-28 00:00:00,85.75,2010-06-28 00:00:00,79,82.5,12,3100,256450,2010-06-28 00:00:00,1
2010-06-29 00:00:00,2010-06-29 00:00:00,84,2010-06-29 00:00:00,84,84,1,200,16800,2010-06-29 00:00:00,1
2010-06-30 00:00:00,2010-06-30 00:00:00,85,2010-06-30 00:00:00,81,83.75,16,8500,715775,2010-06-30 00:00:00,1
2010-07-01 00:00:00,2010-07-01 00:00:00,90,2010-07-01 00:00:00,84.5,88.25,38,42100,3664950,2010-07-01 00:00:00,1
2010-07-02 00:00:00,2010-07-02 00:00:00,100,2010-07-02 00:00:00,90,95.75,64,133200,12706100,2010-07-02 00:00:00,1
2010-07-05 00:00:00,2010-07-05 00:00:00,102,2010-07-05 00:00:00,95,97.75,41,85600,8312050,2010-07-05 00:00:00,1
2010-07-06 00:00:00,2010-07-06 00:00:00,100,2010-07-06 00:00:00,99,99.5,7,2200,218800,2010-07-06 00:00:00,1
2010-07-07 00:00:00,2010-07-07 00:00:00,96.5,2010-07-07 00:00:00,94,94,5,2200,211000,2010-07-07 00:00:00,1
2010-07-08 00:00:00,2010-07-08 00:00:00,105,2010-07-08 00:00:00,90,100.25,37,71500,6980325,2010-07-08 00:00:00,1
2010-07-09 00:00:00,2010-07-09 00:00:00,105,2010-07-09 00:00:00,99.75,99.75,2,1100,114975,2010-07-09 00:00:00,1
2010-07-12 00:00:00,2010-07-12 00:00:00,99.75,2010-07-12 00:00:00,95,95.75,2,1200,114950,2010-07-12 00:00:00,1
2010-07-13 00:00:00,2010-07-13 00:00:00,102,2010-07-13 00:00:00,97,99,6,800,79950,2010-07-13 00:00:00,1
2010-07-14 00:00:00,2010-07-14 00:00:00,100,2010-07-14 00:00:00,93,94,5,11500,1080000,2010-07-14 00:00:00,1
2010-07-15 00:00:00,2010-07-15 00:00:00,99.75,2010-07-15 00:00:00,99.75,99.75,2,2700,269325,2010-07-15 00:00:00,1
2010-07-16 00:00:00,2010-07-16 00:00:00,99.25,2010-07-16 00:00:00,99,99,8,9200,911800,2010-07-16 00:00:00,1
2010-07-19 00:00:00,2010-07-19 00:00:00,99.75,2010-07-19 00:00:00,96,97.75,8,5200,508725,2010-07-19 00:00:00,1
2010-07-20 00:00:00,2010-07-20 00:00:00,98.75,2010-07-20 00:00:00,95,98,7,15000,1469600,2010-07-20 00:00:00,1
2010-07-21 00:00:00,2010-07-21 00:00:00,98,2010-07-21 00:00:00,98,98,2,10400,1019200,2010-07-21 00:00:00,1
2010-07-22 00:00:00,2010-07-22 00:00:00,105,2010-07-22 00:00:00,95,99.75,12,10900,1085625,2010-07-22 00:00:00,1
2010-07-23 00:00:00,2010-07-23 00:00:00,104.75,2010-07-23 00:00:00,102,104.75,16,26100,2697450,2010-07-23 00:00:00,1
2010-07-26 00:00:00,2010-07-26 00:00:00,104.75,2010-07-26 00:00:00,104,104.25,2,500,52150,2010-07-26 00:00:00,1
2010-07-27 00:00:00,2010-07-27 00:00:00,104.75,2010-07-27 00:00:00,104,104.25,8,5600,586025,2010-07-27 00:00:00,1
2010-07-28 00:00:00,2010-07-28 00:00:00,114.5,2010-07-28 00:00:00,104.5,111.25,18,65600,7041900,2010-07-28 00:00:00,1
2010-07-29 00:00:00,2010-07-29 00:00:00,122.5,2010-07-29 00:00:00,112.5,117.5,18,33300,3818400,2010-07-29 00:00:00,1
2010-07-30 00:00:00,2010-07-30 00:00:00,129.75,2010-07-30 00:00:00,115,121,29,35800,4324350,2010-07-30 00:00:00,1
2010-08-02 00:00:00,2010-08-02 00:00:00,130,2010-08-02 00:00:00,120,125.1,20,9900,1239340,2010-08-02 00:00:00,1
2010-08-03 00:00:00,2010-08-03 00:00:00,129,2010-08-03 00:00:00,112,117.3,9,1900,233010,2010-08-03 00:00:00,1
2010-08-04 00:00:00,2010-08-04 00:00:00,120,2010-08-04 00:00:00,115,119.8,6,3900,466700,2010-08-04 00:00:00,1
2010-08-05 00:00:00,2010-08-05 00:00:00,118.9,2010-08-05 00:00:00,110,117.7,3,1000,117650,2010-08-05 00:00:00,1
2010-08-09 00:00:00,2010-08-09 00:00:00,115,2010-08-09 00:00:00,115,115,5,5000,575000,2010-08-09 00:00:00,1
2010-08-10 00:00:00,2010-08-10 00:00:00,118,2010-08-10 00:00:00,113,116.5,11,10600,1220650,2010-08-10 00:00:00,1
2010-08-11 00:00:00,2010-08-11 00:00:00,122,2010-08-11 00:00:00,122,122,1,300,36600,2010-08-11 00:00:00,1
2010-08-12 00:00:00,2010-08-12 00:00:00,120,2010-08-12 00:00:00,114,117.6,15,21500,2528840,2010-08-12 00:00:00,1
2010-08-13 00:00:00,2010-08-13 00:00:00,117.6,2010-08-13 00:00:00,117.6,117.6,1,2000,235200,2010-08-13 00:00:00,1
2010-08-16 00:00:00,2010-08-16 00:00:00,118,2010-08-16 00:00:00,107,114.7,7,2300,264800,2010-08-16 00:00:00,1
2010-08-18 00:00:00,2010-08-18 00:00:00,114,2010-08-18 00:00:00,105,110.7,10,7700,854800,2010-08-18 00:00:00,1
2010-08-19 00:00:00,2010-08-19 00:00:00,119,2010-08-19 00:00:00,110,118.9,10,17100,1945300,2010-08-19 00:00:00,1
2010-08-20 00:00:00,2010-08-20 00:00:00,115,2010-08-20 00:00:00,110,113.3,10,9600,1080150,2010-08-20 00:00:00,1
2010-08-23 00:00:00,2010-08-23 00:00:00,119,2010-08-23 00:00:00,114,116.4,4,2700,314300,2010-08-23 00:00:00,1
2010-08-25 00:00:00,2010-08-25 00:00:00,123,2010-08-25 00:00:00,118,118.7,4,2200,261200,2010-08-25 00:00:00,1
2010-08-26 00:00:00,2010-08-26 00:00:00,121,2010-08-26 00:00:00,121,121,1,1000,121000,2010-08-26 00:00:00,1
2010-08-27 00:00:00,2010-08-27 00:00:00,125,2010-08-27 00:00:00,121,123.1,8,6100,748720,2010-08-27 00:00:00,1
2010-08-30 00:00:00,2010-08-30 00:00:00,123,2010-08-30 00:00:00,122,122.5,2,200,24500,2010-08-30 00:00:00,1
2010-09-01 00:00:00,2010-09-01 00:00:00,123,2010-09-01 00:00:00,115,119,11,2600,303400,2010-09-01 00:00:00,1
2010-09-02 00:00:00,2010-09-02 00:00:00,123,2010-09-02 00:00:00,108,120.4,8,4200,496500,2010-09-02 00:00:00,1
2010-09-03 00:00:00,2010-09-03 00:00:00,130,2010-09-03 00:00:00,124,129.2,12,5500,690200,2010-09-03 00:00:00,1
2010-09-06 00:00:00,2010-09-06 00:00:00,135,2010-09-06 00:00:00,125,133,9,2400,313800,2010-09-06 00:00:00,1
2010-09-07 00:00:00,2010-09-07 00:00:00,130,2010-09-07 00:00:00,130,130,1,1000,130000,2010-09-07 00:00:00,1
2010-09-08 00:00:00,2010-09-08 00:00:00,135,2010-09-08 00:00:00,130,130.6,21,21100,2762000,2010-09-08 00:00:00,1
2010-09-09 00:00:00,2010-09-09 00:00:00,135,2010-09-09 00:00:00,130.6,134.5,33,70500,9488700,2010-09-09 00:00:00,1
2010-09-13 00:00:00,2010-09-13 00:00:00,135,2010-09-13 00:00:00,128,134.1,16,14300,1913520,2010-09-13 00:00:00,1
2010-09-14 00:00:00,2010-09-14 00:00:00,140,2010-09-14 00:00:00,130,136.5,27,46700,6351400,2010-09-14 00:00:00,1
2010-09-15 00:00:00,2010-09-15 00:00:00,138,2010-09-15 00:00:00,126,137,9,3100,405600,2010-09-15 00:00:00,1
2010-09-17 00:00:00,2010-09-17 00:00:00,149,2010-09-17 00:00:00,136,148,19,42200,5918900,2010-09-17 00:00:00,1
2010-09-20 00:00:00,2010-09-20 00:00:00,150,2010-09-20 00:00:00,148,148.8,3,3000,446300,2010-09-20 00:00:00,1
2010-09-21 00:00:00,2010-09-21 00:00:00,144.5,2010-09-21 00:00:00,144.5,144.5,1,100,14450,2010-09-21 00:00:00,1
2010-09-23 00:00:00,2010-09-23 00:00:00,152,2010-09-23 00:00:00,147,149.4,7,19500,2913000,2010-09-23 00:00:00,1
2010-09-24 00:00:00,2010-09-24 00:00:00,160,2010-09-24 00:00:00,149.4,152.1,16,19000,2885680,2010-09-24 00:00:00,1
2010-09-27 00:00:00,2010-09-27 00:00:00,158.9,2010-09-27 00:00:00,151,158.5,11,4700,721330,2010-09-27 00:00:00,1
2010-09-28 00:00:00,2010-09-28 00:00:00,210,2010-09-28 00:00:00,153,209,28,15200,2537700,2010-09-28 00:00:00,1
2010-09-30 00:00:00,2010-09-30 00:00:00,200,2010-09-30 00:00:00,163,198.9,5,3500,695290,2010-09-30 00:00:00,1
2010-10-01 00:00:00,2010-10-01 00:00:00,200,2010-10-01 00:00:00,199,199.8,3,2000,399500,2010-10-01 00:00:00,1
2010-10-05 00:00:00,2010-10-05 00:00:00,197.5,2010-10-05 00:00:00,170.1,197.5,3,500,96000,2010-10-05 00:00:00,1
2010-10-06 00:00:00,2010-10-06 00:00:00,196,2010-10-06 00:00:00,196,196,1,100,19600,2010-10-06 00:00:00,1
2010-10-08 00:00:00,2010-10-08 00:00:00,189.9,2010-10-08 00:00:00,180,189.1,12,4400,827000,2010-10-08 00:00:00,1
2010-10-11 00:00:00,2010-10-11 00:00:00,195,2010-10-11 00:00:00,190,190.8,5,1300,248000,2010-10-11 00:00:00,1
2010-10-13 00:00:00,2010-10-13 00:00:00,181,2010-10-13 00:00:00,158,175.6,16,6100,1042870,2010-10-13 00:00:00,1
2010-10-14 00:00:00,2010-10-14 00:00:00,175.6,2010-10-14 00:00:00,175.6,175.6,1,200,35120,2010-10-14 00:00:00,1
2010-10-18 00:00:00,2010-10-18 00:00:00,178,2010-10-18 00:00:00,170.1,172.7,3,300,51820,2010-10-18 00:00:00,1
2010-10-19 00:00:00,2010-10-19 00:00:00,180,2010-10-19 00:00:00,157,178,6,2000,335500,2010-10-19 00:00:00,1
2010-10-21 00:00:00,2010-10-21 00:00:00,185,2010-10-21 00:00:00,178.9,182.2,4,400,72880,2010-10-21 00:00:00,1
2010-10-25 00:00:00,2010-10-25 00:00:00,183.2,2010-10-25 00:00:00,183.2,183.2,1,500,91600,2010-10-25 00:00:00,1
2010-10-27 00:00:00,2010-10-27 00:00:00,188.4,2010-10-27 00:00:00,183.2,185.8,4,600,111480,2010-10-27 00:00:00,1
2010-11-01 00:00:00,2010-11-01 00:00:00,185,2010-11-01 00:00:00,181,181,2,300,55100,2010-11-01 00:00:00,1
2010-11-03 00:00:00,2010-11-03 00:00:00,172.9,2010-11-03 00:00:00,171,172.9,3,1900,326800,2010-11-03 00:00:00,1
2010-11-04 00:00:00,2010-11-04 00:00:00,171.9,2010-11-04 00:00:00,171.9,171.9,2,1000,171900,2010-11-04 00:00:00,1
2010-11-09 00:00:00,2010-11-09 00:00:00,171,2010-11-09 00:00:00,171,171,1,100,17100,2010-11-09 00:00:00,1
2010-11-11 00:00:00,2010-11-11 00:00:00,184,2010-11-11 00:00:00,175,175,2,300,53400,2010-11-11 00:00:00,1
2010-11-15 00:00:00,2010-11-15 00:00:00,171,2010-11-15 00:00:00,171,171,1,1000,171000,2010-11-15 00:00:00,1
2010-11-26 00:00:00,2010-11-26 00:00:00,170,2010-11-26 00:00:00,131,158.2,10,3000,451900,2010-11-26 00:00:00,1
2010-11-29 00:00:00,2010-11-29 00:00:00,158,2010-11-29 00:00:00,158,158,1,100,15800,2010-11-29 00:00:00,1
2010-12-01 00:00:00,2010-12-01 00:00:00,165,2010-12-01 00:00:00,160,160,2,1200,193000,2010-12-01 00:00:00,1
2010-12-03 00:00:00,2010-12-03 00:00:00,171,2010-12-03 00:00:00,163,165.4,6,7000,1153000,2010-12-03 00:00:00,1
2010-12-06 00:00:00,2010-12-06 00:00:00,174,2010-12-06 00:00:00,169.5,173.4,9,51500,8928000,2010-12-06 00:00:00,1
2010-12-07 00:00:00,2010-12-07 00:00:00,172,2010-12-07 00:00:00,172,172,1,25000,4300000,2010-12-07 00:00:00,1
2010-12-08 00:00:00,2010-12-08 00:00:00,172.9,2010-12-08 00:00:00,165,171.3,3,500,85660,2010-12-08 00:00:00,1
2010-12-09 00:00:00,2010-12-09 00:00:00,170,2010-12-09 00:00:00,152.2,166.2,9,900,145240,2010-12-09 00:00:00,1
2010-12-14 00:00:00,2010-12-14 00:00:00,158,2010-12-14 00:00:00,155.9,157,2,200,31390,2010-12-14 00:00:00,1
2010-12-15 00:00:00,2010-12-15 00:00:00,158.5,2010-12-15 00:00:00,155,155.2,4,3300,512160,2010-12-15 00:00:00,1
2010-12-16 00:00:00,2010-12-16 00:00:00,159,2010-12-16 00:00:00,159,159,1,1700,270300,2010-12-16 00:00:00,1
2010-12-17 00:00:00,2010-12-17 00:00:00,158,2010-12-17 00:00:00,154,158,5,17100,2701400,2010-12-17 00:00:00,1
2010-12-22 00:00:00,2010-12-22 00:00:00,155,2010-12-22 00:00:00,143,155,5,600,87000,2010-12-22 00:00:00,1
2010-12-24 00:00:00,2010-12-24 00:00:00,165,2010-12-24 00:00:00,145,158.5,4,400,63390,2010-12-24 00:00:00,1
2010-12-27 00:00:00,2010-12-27 00:00:00,165,2010-12-27 00:00:00,165,165,1,100,16500,2010-12-27 00:00:00,1
2010-12-28 00:00:00,2010-12-28 00:00:00,155,2010-12-28 00:00:00,155,155,1,200,31000,2010-12-28 00:00:00,1
2010-12-29 00:00:00,2010-12-29 00:00:00,160,2010-12-29 00:00:00,156,157,32,63700,10000800,2010-12-29 00:00:00,1
2010-12-30 00:00:00,2010-12-30 00:00:00,160,2010-12-30 00:00:00,155,157,14,17600,2752960,2010-12-30 00:00:00,1
2010-12-31 00:00:00,2010-12-31 00:00:00,159.9,2010-12-31 00:00:00,159.9,159.9,1,2000,319800,2010-12-31 00:00:00,1
Company Id  :  KZOO,,Security Type :  N,,Sub Type :  0000,,,,,,
Short Name :  KALAMAZOO,,,,,,,,,,
Day,Date High,High,Date Low,Low,Closing,No. of Trades,No. of Shares,Turnover,Last Traded,Days Traded
2010-01-05 00:00:00,2010-01-05 00:00:00,850,2010-01-05 00:00:00,850,850,1,200,170000,2010-01-05 00:00:00,1
2010-03-31 00:00:00,2010-03-31 00:00:00,1000,2010-03-31 00:00:00,900,945.5,5,4600,4190000,2010-03-31 00:00:00,1
2010-05-06 00:00:00,2010-05-06 00:00:00,1100,2010-05-06 00:00:00,1100,1100,1,200,220000,2010-05-06 00:00:00,1
2010-05-10 00:00:00,2010-05-10 00:00:00,1010,2010-05-10 00:00:00,1010,1010,3,600,606000,2010-05-10 00:00:00,1
2010-06-17 00:00:00,2010-06-17 00:00:00,1050,2010-06-17 00:00:00,900,950,3,300,285000,2010-06-17 00:00:00,1
2010-07-28 00:00:00,2010-07-28 00:00:00,900,2010-07-28 00:00:00,900,900,1,100,90000,2010-07-28 00:00:00,1
2010-08-19 00:00:00,2010-08-19 00:00:00,990,2010-08-19 00:00:00,990,990,2,300,297000,2010-08-19 00:00:00,1
2010-08-31 00:00:00,2010-08-31 00:00:00,1089,2010-08-31 00:00:00,1089,1089,2,200,217800,2010-08-31 00:00:00,1
2010-09-08 00:00:00,2010-09-08 00:00:00,1150,2010-09-08 00:00:00,1150,1150,1,100,115000,2010-09-08 00:00:00,1
2010-09-13 00:00:00,2010-09-13 00:00:00,1265,2010-09-13 00:00:00,1260,1265,2,200,252500,2010-09-13 00:00:00,1
2010-09-27 00:00:00,2010-09-27 00:00:00,1300,2010-09-27 00:00:00,1300,1300,1,100,130000,2010-09-27 00:00:00,1
2010-10-13 00:00:00,2010-10-13 00:00:00,1000,2010-10-13 00:00:00,1000,1000,1,100,100000,2010-10-13 00:00:00,1
2010-12-13 00:00:00,2010-12-13 00:00:00,1000,2010-12-13 00:00:00,1000,1000,1,200,200000,2010-12-13 00:00:00,1
Company Id :  LALU,,Security Type :  N,,Sub Type :  0000,,,,,,
Short Name :  LANKA ALUMINIUM,,,,,,,,,,
Day,Date High,High,Date Low,Low,Closing,No. of Trades,No. of Shares,Turnover,Last Traded,Days Traded
2010-01-04 00:00:00,2010-01-04 00:00:00,27.5,2010-01-04 00:00:00,27.5,27.5,2,1200,33000,2010-01-04 00:00:00,1
2010-01-05 00:00:00,2010-01-05 00:00:00,29.5,2010-01-05 00:00:00,28,28,21,5900,167925,2010-01-05 00:00:00,1
2010-01-08 00:00:00,2010-01-08 00:00:00,28.5,2010-01-08 00:00:00,27,28,20,10200,280675,2010-01-08 00:00:00,1
2010-01-11 00:00:00,2010-01-11 00:00:00,28.5,2010-01-11 00:00:00,28.25,28.25,3,400,11350,2010-01-11 00:00:00,1
2010-01-12 00:00:00,2010-01-12 00:00:00,25.5,2010-01-12 00:00:00,25.5,25.5,1,100,2550,2010-01-12 00:00:00,1
2010-01-13 00:00:00,2010-01-13 00:00:00,26.5,2010-01-13 00:00:00,26.25,26.5,4,2600,68875,2010-01-13 00:00:00,1
2010-01-18 00:00:00,2010-01-18 00:00:00,27.75,2010-01-18 00:00:00,26.25,26.75,3,8300,221625,2010-01-18 00:00:00,1
2010-01-19 00:00:00,2010-01-19 00:00:00,29,2010-01-19 00:00:00,28.75,28.75,6,5600,161075,2010-01-19 00:00:00,1
2010-01-20 00:00:00,2010-01-20 00:00:00,27.5,2010-01-20 00:00:00,27.5,27.5,1,500,13750,2010-01-20 00:00:00,1
2010-01-21 00:00:00,2010-01-21 00:00:00,28.5,2010-01-21 00:00:00,28.5,28.5,1,100,2850,2010-01-21 00:00:00,1
2010-01-25 00:00:00,2010-01-25 00:00:00,28.5,2010-01-25 00:00:00,28.5,28.5,3,1300,37050,2010-01-25 00:00:00,1
2010-01-28 00:00:00,2010-01-28 00:00:00,28.5,2010-01-28 00:00:00,28.5,28.5,1,400,11400,2010-01-28 00:00:00,1
2010-02-01 00:00:00,2010-02-01 00:00:00,28,2010-02-01 00:00:00,28,28,4,1000,28000,2010-02-01 00:00:00,1
2010-02-02 00:00:00,2010-02-02 00:00:00,29.75,2010-02-02 00:00:00,28,29.25,25,14400,416025,2010-02-02 00:00:00,1
2010-02-03 00:00:00,2010-02-03 00:00:00,30,2010-02-03 00:00:00,28,28,8,4300,121825,2010-02-03 00:00:00,1
2010-02-05 00:00:00,2010-02-05 00:00:00,27,2010-02-05 00:00:00,27,27,1,100,2700,2010-02-05 00:00:00,1
2010-02-08 00:00:00,2010-02-08 00:00:00,30,2010-02-08 00:00:00,27,29.75,18,17300,515750,2010-02-08 00:00:00,1
2010-02-09 00:00:00,2010-02-09 00:00:00,28.5,2010-02-09 00:00:00,27.5,27.5,4,7200,198200,2010-02-09 00:00:00,1
2010-02-10 00:00:00,2010-02-10 00:00:00,30,2010-02-10 00:00:00,28,28.25,10,9400,271425,2010-02-10 00:00:00,1
2010-02-11 00:00:00,2010-02-11 00:00:00,29,2010-02-11 00:00:00,28,28.25,9,8300,234200,2010-02-11 00:00:00,1
2010-02-16 00:00:00,2010-02-16 00:00:00,27.5,2010-02-16 00:00:00,27.5,27.5,4,2300,63250,2010-02-16 00:00:00,1
2010-02-18 00:00:00,2010-02-18 00:00:00,30,2010-02-18 00:00:00,27.75,29.25,10,12800,362275,2010-02-18 00:00:00,1
2010-02-19 00:00:00,2010-02-19 00:00:00,29.25,2010-02-19 00:00:00,27.75,28.5,9,5600,159675,2010-02-19 00:00:00,1
2010-02-23 00:00:00,2010-02-23 00:00:00,29.75,2010-02-23 00:00:00,28.5,28.5,4,11700,347700,2010-02-23 00:00:00,1
2010-02-26 00:00:00,2010-02-26 00:00:00,28.5,2010-02-26 00:00:00,28.5,28.5,1,400,11400,2010-02-26 00:00:00,1
2010-03-01 00:00:00,2010-03-01 00:00:00,28.5,2010-03-01 00:00:00,28.5,28.5,1,400,11400,2010-03-01 00:00:00,1
2010-03-02 00:00:00,2010-03-02 00:00:00,28.5,2010-03-02 00:00:00,28.5,28.5,1,200,5700,2010-03-02 00:00:00,1
2010-03-03 00:00:00,2010-03-03 00:00:00,28.5,2010-03-03 00:00:00,27.5,27.5,4,2700,74550,2010-03-03 00:00:00,1
2010-03-04 00:00:00,2010-03-04 00:00:00,27.75,2010-03-04 00:00:00,27.75,27.75,11,8800,244200,2010-03-04 00:00:00,1
2010-03-05 00:00:00,2010-03-05 00:00:00,29.5,2010-03-05 00:00:00,28.5,28.75,12,2100,61350,2010-03-05 00:00:00,1
2010-03-08 00:00:00,2010-03-08 00:00:00,28,2010-03-08 00:00:00,28,28,4,10000,280000,2010-03-08 00:00:00,1
2010-03-09 00:00:00,2010-03-09 00:00:00,28,2010-03-09 00:00:00,28,28,1,400,11200,2010-03-09 00:00:00,1
2010-03-10 00:00:00,2010-03-10 00:00:00,28.5,2010-03-10 00:00:00,28,28.25,4,500,14200,2010-03-10 00:00:00,1
2010-03-11 00:00:00,2010-03-11 00:00:00,28.25,2010-03-11 00:00:00,28,28.25,8,8000,224625,2010-03-11 00:00:00,1
2010-03-12 00:00:00,2010-03-12 00:00:00,29.25,2010-03-12 00:00:00,28.5,29.25,6,8100,231075,2010-03-12 00:00:00,1
2010-03-15 00:00:00,2010-03-15 00:00:00,29.75,2010-03-15 00:00:00,28.5,29.5,11,7200,211125,2010-03-15 00:00:00,1
2010-03-16 00:00:00,2010-03-16 00:00:00,28.25,2010-03-16 00:00:00,28.25,28.25,1,800,22600,2010-03-16 00:00:00,1
2010-03-17 00:00:00,2010-03-17 00:00:00,28.25,2010-03-17 00:00:00,28,28,9,6400,179500,2010-03-17 00:00:00,1
2010-03-18 00:00:00,2010-03-18 00:00:00,27.5,2010-03-18 00:00:00,27.5,27.5,2,400,11000,2010-03-18 00:00:00,1
2010-03-19 00:00:00,2010-03-19 00:00:00,27.5,2010-03-19 00:00:00,27.5,27.5,1,200,5500,2010-03-19 00:00:00,1
2010-03-22 00:00:00,2010-03-22 00:00:00,28,2010-03-22 00:00:00,28,28,5,10900,305200,2010-03-22 00:00:00,1
2010-03-23 00:00:00,2010-03-23 00:00:00,29,2010-03-23 00:00:00,28,28,8,4700,133850,2010-03-23 00:00:00,1
2010-03-24 00:00:00,2010-03-24 00:00:00,27.75,2010-03-24 00:00:00,27.75,27.75,1,1000,27750,2010-03-24 00:00:00,1
2010-03-25 00:00:00,2010-03-25 00:00:00,28.25,2010-03-25 00:00:00,27.5,28,2,2000,56125,2010-03-25 00:00:00,1
2010-03-31 00:00:00,2010-03-31 00:00:00,27.25,2010-03-31 00:00:00,27.25,27.25,1,800,21800,2010-03-31 00:00:00,1
2010-04-07 00:00:00,2010-04-07 00:00:00,27.5,2010-04-07 00:00:00,27.5,27.5,1,1000,27500,2010-04-07 00:00:00,1
2010-04-08 00:00:00,2010-04-08 00:00:00,33.5,2010-04-08 00:00:00,29,31.75,82,78900,2457375,2010-04-08 00:00:00,1
2010-04-12 00:00:00,2010-04-12 00:00:00,33.75,2010-04-12 00:00:00,30.25,30.25,33,40400,1264950,2010-04-12 00:00:00,1
2010-04-15 00:00:00,2010-04-15 00:00:00,31,2010-04-15 00:00:00,31,31,2,1000,31000,2010-04-15 00:00:00,1
2010-04-16 00:00:00,2010-04-16 00:00:00,34.25,2010-04-16 00:00:00,30.75,33.25,109,113800,3780525,2010-04-16 00:00:00,1
2010-04-19 00:00:00,2010-04-19 00:00:00,36.5,2010-04-19 00:00:00,32,34.25,163,226200,7948025,2010-04-19 00:00:00,1
2010-04-20 00:00:00,2010-04-20 00:00:00,33.75,2010-04-20 00:00:00,32.25,32.5,21,21600,716200,2010-04-20 00:00:00,1
2010-04-21 00:00:00,2010-04-21 00:00:00,32,2010-04-21 00:00:00,32,32,7,5400,172800,2010-04-21 00:00:00,1
2010-04-22 00:00:00,2010-04-22 00:00:00,33,2010-04-22 00:00:00,32,32,6,8500,278200,2010-04-22 00:00:00,1
2010-04-23 00:00:00,2010-04-23 00:00:00,32.5,2010-04-23 00:00:00,32,32.5,4,2200,71450,2010-04-23 00:00:00,1
2010-04-26 00:00:00,2010-04-26 00:00:00,32.5,2010-04-26 00:00:00,32,32,7,5700,183250,2010-04-26 00:00:00,1
2010-04-27 00:00:00,2010-04-27 00:00:00,33.5,2010-04-27 00:00:00,31.5,32.75,40,32200,1034150,2010-04-27 00:00:00,1
2010-04-29 00:00:00,2010-04-29 00:00:00,36,2010-04-29 00:00:00,33,34.75,128,115900,4001025,2010-04-29 00:00:00,1
2010-04-30 00:00:00,2010-04-30 00:00:00,37.25,2010-04-30 00:00:00,34,35,147,143600,5192700,2010-04-30 00:00:00,1
2010-05-03 00:00:00,2010-05-03 00:00:00,35.5,2010-05-03 00:00:00,34.25,34.25,22,15100,524725,2010-05-03 00:00:00,1
2010-05-04 00:00:00,2010-05-04 00:00:00,33,2010-05-04 00:00:00,33,33,95,40900,1349700,2010-05-04 00:00:00,1
2010-05-05 00:00:00,2010-05-05 00:00:00,32.5,2010-05-05 00:00:00,32.5,32.5,12,16600,539500,2010-05-05 00:00:00,1
2010-05-06 00:00:00,2010-05-06 00:00:00,33,2010-05-06 00:00:00,32.5,33,18,10300,339400,2010-05-06 00:00:00,1
2010-05-07 00:00:00,2010-05-07 00:00:00,33.25,2010-05-07 00:00:00,33,33,35,22500,742700,2010-05-07 00:00:00,1
2010-05-10 00:00:00,2010-05-10 00:00:00,33,2010-05-10 00:00:00,32.5,32.5,7,7500,246000,2010-05-10 00:00:00,1
2010-05-11 00:00:00,2010-05-11 00:00:00,33,2010-05-11 00:00:00,32.5,32.75,16,14600,479650,2010-05-11 00:00:00,1
2010-05-12 00:00:00,2010-05-12 00:00:00,33,2010-05-12 00:00:00,32.75,32.75,4,8000,262875,2010-05-12 00:00:00,1
2010-05-13 00:00:00,2010-05-13 00:00:00,32,2010-05-13 00:00:00,31.75,32,11,9200,294150,2010-05-13 00:00:00,1
2010-05-17 00:00:00,2010-05-17 00:00:00,33,2010-05-17 00:00:00,32.5,32.75,4,4200,137600,2010-05-17 00:00:00,1
2010-05-18 00:00:00,2010-05-18 00:00:00,32.75,2010-05-18 00:00:00,31.75,31.75,10,15500,497500,2010-05-18 00:00:00,1
2010-05-19 00:00:00,2010-05-19 00:00:00,32,2010-05-19 00:00:00,31.5,31.75,13,7600,241200,2010-05-19 00:00:00,1
2010-05-20 00:00:00,2010-05-20 00:00:00,32.75,2010-05-20 00:00:00,31.75,31.75,4,1500,47750,2010-05-20 00:00:00,1
2010-05-24 00:00:00,2010-05-24 00:00:00,31.5,2010-05-24 00:00:00,31.5,31.5,2,7100,223650,2010-05-24 00:00:00,1
2010-05-25 00:00:00,2010-05-25 00:00:00,32.25,2010-05-25 00:00:00,32.25,32.25,1,1000,32250,2010-05-25 00:00:00,1
2010-05-31 00:00:00,2010-05-31 00:00:00,32,2010-05-31 00:00:00,30,30.5,5,3200,97400,2010-05-31 00:00:00,1
2010-06-01 00:00:00,2010-06-01 00:00:00,31,2010-06-01 00:00:00,30,30.75,2,400,12300,2010-06-01 00:00:00,1
2010-06-02 00:00:00,2010-06-02 00:00:00,31.5,2010-06-02 00:00:00,31.5,31.5,2,2800,88200,2010-06-02 00:00:00,1
2010-06-03 00:00:00,2010-06-03 00:00:00,31.75,2010-06-03 00:00:00,30.25,31.5,4,2200,68850,2010-06-03 00:00:00,1
2010-06-04 00:00:00,2010-06-04 00:00:00,37,2010-06-04 00:00:00,31.5,36.25,120,3636300,123900200,2010-06-04 00:00:00,1
2010-06-07 00:00:00,2010-06-07 00:00:00,44.75,2010-06-07 00:00:00,37,42.5,574,614300,25726400,2010-06-07 00:00:00,1
2010-06-08 00:00:00,2010-06-08 00:00:00,44.5,2010-06-08 00:00:00,41,41.5,78,79600,3394225,2010-06-08 00:00:00,1
2010-06-09 00:00:00,2010-06-09 00:00:00,41.75,2010-06-09 00:00:00,39.25,39.5,26,12300,494600,2010-06-09 00:00:00,1
2010-06-10 00:00:00,2010-06-10 00:00:00,40,2010-06-10 00:00:00,39.5,39.75,46,31600,1261200,2010-06-10 00:00:00,1
2010-06-11 00:00:00,2010-06-11 00:00:00,40,2010-06-11 00:00:00,39.25,39.5,12,14100,562175,2010-06-11 00:00:00,1
2010-06-14 00:00:00,2010-06-14 00:00:00,42,2010-06-14 00:00:00,39,40,40,99100,3973700,2010-06-14 00:00:00,1
2010-06-15 00:00:00,2010-06-15 00:00:00,40,2010-06-15 00:00:00,39,40,37,44200,1759300,2010-06-15 00:00:00,1
2010-06-16 00:00:00,2010-06-16 00:00:00,40,2010-06-16 00:00:00,38,38.25,18,27700,1075225,2010-06-16 00:00:00,1
2010-06-17 00:00:00,2010-06-17 00:00:00,39,2010-06-17 00:00:00,39,39,2,3300,128700,2010-06-17 00:00:00,1
2010-06-21 00:00:00,2010-06-21 00:00:00,39,2010-06-21 00:00:00,37,38,20,10700,406300,2010-06-21 00:00:00,1
2010-06-22 00:00:00,2010-06-22 00:00:00,39,2010-06-22 00:00:00,38.5,38.5,5,8100,315400,2010-06-22 00:00:00,1
2010-06-23 00:00:00,2010-06-23 00:00:00,38,2010-06-23 00:00:00,37.5,38,4,1700,64500,2010-06-23 00:00:00,1
2010-06-24 00:00:00,2010-06-24 00:00:00,38.5,2010-06-24 00:00:00,38.5,38.5,6,4500,173250,2010-06-24 00:00:00,1
2010-06-28 00:00:00,2010-06-28 00:00:00,38.5,2010-06-28 00:00:00,37,37,12,16100,595900,2010-06-28 00:00:00,1
2010-06-29 00:00:00,2010-06-29 00:00:00,41,2010-06-29 00:00:00,35,39.5,100,132400,5215400,2010-06-29 00:00:00,1
2010-06-30 00:00:00,2010-06-30 00:00:00,42,2010-06-30 00:00:00,39.25,40,23,24900,1019875,2010-06-30 00:00:00,1
2010-07-01 00:00:00,2010-07-01 00:00:00,40,2010-07-01 00:00:00,37.5,37.75,7,4900,187200,2010-07-01 00:00:00,1
2010-07-02 00:00:00,2010-07-02 00:00:00,38,2010-07-02 00:00:00,37.75,38,9,16600,630775,2010-07-02 00:00:00,1
2010-07-05 00:00:00,2010-07-05 00:00:00,37.75,2010-07-05 00:00:00,36,36.25,23,14600,538875,2010-07-05 00:00:00,1
2010-07-06 00:00:00,2010-07-06 00:00:00,39,2010-07-06 00:00:00,36.5,37.75,2,4000,151000,2010-07-06 00:00:00,1
2010-07-07 00:00:00,2010-07-07 00:00:00,36.25,2010-07-07 00:00:00,35,35.75,12,9500,339050,2010-07-07 00:00:00,1
2010-07-08 00:00:00,2010-07-08 00:00:00,35.25,2010-07-08 00:00:00,35,35,3,9500,332625,2010-07-08 00:00:00,1
2010-07-09 00:00:00,2010-07-09 00:00:00,36.25,2010-07-09 00:00:00,36.25,36.25,1,100,3625,2010-07-09 00:00:00,1
2010-07-12 00:00:00,2010-07-12 00:00:00,38.75,2010-07-12 00:00:00,36,36,20,9700,358575,2010-07-12 00:00:00,1
2010-07-13 00:00:00,2010-07-13 00:00:00,37,2010-07-13 00:00:00,37,37,5,4300,159100,2010-07-13 00:00:00,1
2010-07-14 00:00:00,2010-07-14 00:00:00,36,2010-07-14 00:00:00,36,36,7,2100,75600,2010-07-14 00:00:00,1
2010-07-15 00:00:00,2010-07-15 00:00:00,36.5,2010-07-15 00:00:00,35.5,36.5,8,3700,132950,2010-07-15 00:00:00,1
2010-07-16 00:00:00,2010-07-16 00:00:00,37,2010-07-16 00:00:00,36.5,36.5,10,3500,129000,2010-07-16 00:00:00,1
2010-07-19 00:00:00,2010-07-19 00:00:00,39.5,2010-07-19 00:00:00,36.5,37.75,55,36000,1342475,2010-07-19 00:00:00,1
2010-07-21 00:00:00,2010-07-21 00:00:00,38.75,2010-07-21 00:00:00,38,38,3,3500,134875,2010-07-21 00:00:00,1
2010-07-22 00:00:00,2010-07-22 00:00:00,37,2010-07-22 00:00:00,37,37,12,5600,207200,2010-07-22 00:00:00,1
2010-07-23 00:00:00,2010-07-23 00:00:00,37,2010-07-23 00:00:00,37,37,4,10600,392200,2010-07-23 00:00:00,1
2010-07-26 00:00:00,2010-07-26 00:00:00,37.75,2010-07-26 00:00:00,37.75,37.75,1,100,3775,2010-07-26 00:00:00,1
2010-07-27 00:00:00,2010-07-27 00:00:00,38,2010-07-27 00:00:00,37.75,38,3,2400,91100,2010-07-27 00:00:00,1
2010-07-28 00:00:00,2010-07-28 00:00:00,39,2010-07-28 00:00:00,37,37.25,27,23900,894550,2010-07-28 00:00:00,1
2010-07-29 00:00:00,2010-07-29 00:00:00,37.75,2010-07-29 00:00:00,37.5,37.5,3,1900,71625,2010-07-29 00:00:00,1
2010-07-30 00:00:00,2010-07-30 00:00:00,38,2010-07-30 00:00:00,36.5,38,9,12900,484225,2010-07-30 00:00:00,1
2010-08-02 00:00:00,2010-08-02 00:00:00,38.9,2010-08-02 00:00:00,38,38,9,18200,693270,2010-08-02 00:00:00,1
2010-08-03 00:00:00,2010-08-03 00:00:00,38,2010-08-03 00:00:00,38,38,2,4500,171000,2010-08-03 00:00:00,1
2010-08-05 00:00:00,2010-08-05 00:00:00,36,2010-08-05 00:00:00,36,36,3,6000,216000,2010-08-05 00:00:00,1
2010-08-06 00:00:00,2010-08-06 00:00:00,35.5,2010-08-06 00:00:00,35,35,5,5800,203250,2010-08-06 00:00:00,1
2010-08-09 00:00:00,2010-08-09 00:00:00,37,2010-08-09 00:00:00,35,35,11,8500,297900,2010-08-09 00:00:00,1
2010-08-10 00:00:00,2010-08-10 00:00:00,38.5,2010-08-10 00:00:00,31.5,37,18,8700,291430,2010-08-10 00:00:00,1
2010-08-11 00:00:00,2010-08-11 00:00:00,37,2010-08-11 00:00:00,35,35,5,1300,47100,2010-08-11 00:00:00,1
2010-08-12 00:00:00,2010-08-12 00:00:00,35,2010-08-12 00:00:00,35,35,7,3700,129500,2010-08-12 00:00:00,1
2010-08-16 00:00:00,2010-08-16 00:00:00,38,2010-08-16 00:00:00,38,38,1,100,3800,2010-08-16 00:00:00,1
2010-08-17 00:00:00,2010-08-17 00:00:00,35.5,2010-08-17 00:00:00,34.6,35,24,13500,472750,2010-08-17 00:00:00,1
2010-08-18 00:00:00,2010-08-18 00:00:00,35.1,2010-08-18 00:00:00,35,35,14,5600,196020,2010-08-18 00:00:00,1
2010-08-19 00:00:00,2010-08-19 00:00:00,38.5,2010-08-19 00:00:00,35,36.4,32,29200,1039690,2010-08-19 00:00:00,1
2010-08-20 00:00:00,2010-08-20 00:00:00,36.3,2010-08-20 00:00:00,35,35.3,9,5000,176700,2010-08-20 00:00:00,1
2010-08-23 00:00:00,2010-08-23 00:00:00,36.8,2010-08-23 00:00:00,36,36.5,26,17000,618070,2010-08-23 00:00:00,1
2010-08-25 00:00:00,2010-08-25 00:00:00,35.5,2010-08-25 00:00:00,35.5,35.5,7,3400,120700,2010-08-25 00:00:00,1
2010-08-26 00:00:00,2010-08-26 00:00:00,37,2010-08-26 00:00:00,34,35.9,18,31600,1117210,2010-08-26 00:00:00,1
2010-08-27 00:00:00,2010-08-27 00:00:00,36,2010-08-27 00:00:00,35,35,11,12800,448600,2010-08-27 00:00:00,1
2010-08-30 00:00:00,2010-08-30 00:00:00,35.2,2010-08-30 00:00:00,35,35,10,3600,126370,2010-08-30 00:00:00,1
2010-08-31 00:00:00,2010-08-31 00:00:00,35,2010-08-31 00:00:00,34,34.3,9,6900,235800,2010-08-31 00:00:00,1
2010-09-01 00:00:00,2010-09-01 00:00:00,37,2010-09-01 00:00:00,34.3,35.9,7,3200,114580,2010-09-01 00:00:00,1
2010-09-02 00:00:00,2010-09-02 00:00:00,37,2010-09-02 00:00:00,36,36,9,3900,141500,2010-09-02 00:00:00,1
2010-09-03 00:00:00,2010-09-03 00:00:00,37.5,2010-09-03 00:00:00,35,37,25,27600,1018710,2010-09-03 00:00:00,1
2010-09-06 00:00:00,2010-09-06 00:00:00,37,2010-09-06 00:00:00,35.1,36.4,22,16700,605510,2010-09-06 00:00:00,1
2010-09-07 00:00:00,2010-09-07 00:00:00,38.5,2010-09-07 00:00:00,37,37.9,61,56500,2119410,2010-09-07 00:00:00,1
2010-09-08 00:00:00,2010-09-08 00:00:00,38.5,2010-09-08 00:00:00,37,38,31,20000,763480,2010-09-08 00:00:00,1
2010-09-09 00:00:00,2010-09-09 00:00:00,38.2,2010-09-09 00:00:00,37.2,38.2,11,3400,128860,2010-09-09 00:00:00,1
2010-09-13 00:00:00,2010-09-13 00:00:00,41,2010-09-13 00:00:00,39,40.2,137,98700,3941910,2010-09-13 00:00:00,1
2010-09-14 00:00:00,2010-09-14 00:00:00,41.1,2010-09-14 00:00:00,39.6,39.9,19,17500,698400,2010-09-14 00:00:00,1
2010-09-15 00:00:00,2010-09-15 00:00:00,39.6,2010-09-15 00:00:00,37.2,38,12,8600,328940,2010-09-15 00:00:00,1
2010-09-16 00:00:00,2010-09-16 00:00:00,40,2010-09-16 00:00:00,38.1,39.4,17,7900,310200,2010-09-16 00:00:00,1
2010-09-17 00:00:00,2010-09-17 00:00:00,41.9,2010-09-17 00:00:00,39,39.6,25,9600,388070,2010-09-17 00:00:00,1
2010-09-20 00:00:00,2010-09-20 00:00:00,45,2010-09-20 00:00:00,39.7,41.7,41,23800,973600,2010-09-20 00:00:00,1
2010-09-21 00:00:00,2010-09-21 00:00:00,42.6,2010-09-21 00:00:00,41.3,42.2,47,48600,2042800,2010-09-21 00:00:00,1
2010-09-23 00:00:00,2010-09-23 00:00:00,41.3,2010-09-23 00:00:00,40,40,13,11500,469340,2010-09-23 00:00:00,1
2010-09-24 00:00:00,2010-09-24 00:00:00,40.9,2010-09-24 00:00:00,40,40.1,10,7400,296450,2010-09-24 00:00:00,1
2010-09-27 00:00:00,2010-09-27 00:00:00,42,2010-09-27 00:00:00,40,41.2,30,50500,2082210,2010-09-27 00:00:00,1
2010-09-28 00:00:00,2010-09-28 00:00:00,41,2010-09-28 00:00:00,39.5,40.5,18,17900,721980,2010-09-28 00:00:00,1
2010-09-29 00:00:00,2010-09-29 00:00:00,39,2010-09-29 00:00:00,37.2,39,13,5100,197580,2010-09-29 00:00:00,1
2010-09-30 00:00:00,2010-09-30 00:00:00,40,2010-09-30 00:00:00,39,40,16,26600,1060550,2010-09-30 00:00:00,1
2010-10-01 00:00:00,2010-10-01 00:00:00,40,2010-10-01 00:00:00,39,39,3,3000,118000,2010-10-01 00:00:00,1
2010-10-04 00:00:00,2010-10-04 00:00:00,48,2010-10-04 00:00:00,39,40,20,25500,1014970,2010-10-04 00:00:00,1
2010-10-05 00:00:00,2010-10-05 00:00:00,41,2010-10-05 00:00:00,38,39.4,6,3000,118850,2010-10-05 00:00:00,1
2010-10-06 00:00:00,2010-10-06 00:00:00,39,2010-10-06 00:00:00,38,39,5,6500,252500,2010-10-06 00:00:00,1
2010-10-07 00:00:00,2010-10-07 00:00:00,38.9,2010-10-07 00:00:00,37.1,38.9,10,34800,1348680,2010-10-07 00:00:00,1
2010-10-08 00:00:00,2010-10-08 00:00:00,37,2010-10-08 00:00:00,37,37,3,700,25900,2010-10-08 00:00:00,1
2010-10-11 00:00:00,2010-10-11 00:00:00,40.5,2010-10-11 00:00:00,38.1,39.8,15,22000,876190,2010-10-11 00:00:00,1
2010-10-12 00:00:00,2010-10-12 00:00:00,37,2010-10-12 00:00:00,37,37,6,15600,577200,2010-10-12 00:00:00,1
2010-10-13 00:00:00,2010-10-13 00:00:00,37,2010-10-13 00:00:00,37,37,3,10500,388500,2010-10-13 00:00:00,1
2010-10-14 00:00:00,2010-10-14 00:00:00,38,2010-10-14 00:00:00,38,38,2,400,15200,2010-10-14 00:00:00,1
2010-10-15 00:00:00,2010-10-15 00:00:00,36.8,2010-10-15 00:00:00,36.8,36.8,1,500,18400,2010-10-15 00:00:00,1
2010-10-18 00:00:00,2010-10-18 00:00:00,38.5,2010-10-18 00:00:00,38.5,38.5,2,600,23100,2010-10-18 00:00:00,1
2010-10-19 00:00:00,2010-10-19 00:00:00,40,2010-10-19 00:00:00,38.9,40,7,3100,123570,2010-10-19 00:00:00,1
2010-10-25 00:00:00,2010-10-25 00:00:00,40,2010-10-25 00:00:00,39.8,39.8,2,1100,43980,2010-10-25 00:00:00,1
2010-10-26 00:00:00,2010-10-26 00:00:00,37,2010-10-26 00:00:00,37,37,2,1300,48100,2010-10-26 00:00:00,1
2010-10-27 00:00:00,2010-10-27 00:00:00,39,2010-10-27 00:00:00,36.5,37,5,1700,63000,2010-10-27 00:00:00,1
2010-10-28 00:00:00,2010-10-28 00:00:00,39.7,2010-10-28 00:00:00,39,39,18,24800,967730,2010-10-28 00:00:00,1
2010-11-01 00:00:00,2010-11-01 00:00:00,41,2010-11-01 00:00:00,39,39.7,34,30600,1230080,2010-11-01 00:00:00,1
2010-11-02 00:00:00,2010-11-02 00:00:00,40.9,2010-11-02 00:00:00,37,37.1,3,2100,78290,2010-11-02 00:00:00,1
2010-11-04 00:00:00,2010-11-04 00:00:00,37.8,2010-11-04 00:00:00,37.3,37.6,2,200,7510,2010-11-04 00:00:00,1
2010-11-08 00:00:00,2010-11-08 00:00:00,40.9,2010-11-08 00:00:00,37.4,37.4,10,6800,275330,2010-11-08 00:00:00,1
2010-11-09 00:00:00,2010-11-09 00:00:00,37.6,2010-11-09 00:00:00,37.4,37.5,7,3500,131160,2010-11-09 00:00:00,1
2010-11-10 00:00:00,2010-11-10 00:00:00,37.4,2010-11-10 00:00:00,37.4,37.4,2,1000,37400,2010-11-10 00:00:00,1
2010-11-11 00:00:00,2010-11-11 00:00:00,37.3,2010-11-11 00:00:00,37.3,37.3,2,2000,74600,2010-11-11 00:00:00,1
2010-11-12 00:00:00,2010-11-12 00:00:00,37.3,2010-11-12 00:00:00,36.8,37,6,3000,110970,2010-11-12 00:00:00,1
2010-11-16 00:00:00,2010-11-16 00:00:00,37.1,2010-11-16 00:00:00,37,37.1,2,700,25950,2010-11-16 00:00:00,1
2010-11-18 00:00:00,2010-11-18 00:00:00,34.5,2010-11-18 00:00:00,34.5,34.5,1,500,17250,2010-11-18 00:00:00,1
2010-11-23 00:00:00,2010-11-23 00:00:00,39.5,2010-11-23 00:00:00,38.5,39.1,4,800,31050,2010-11-23 00:00:00,1
2010-11-24 00:00:00,2010-11-24 00:00:00,35.1,2010-11-24 00:00:00,35.1,35.1,1,200,7020,2010-11-24 00:00:00,1
2010-11-29 00:00:00,2010-11-29 00:00:00,35.1,2010-11-29 00:00:00,35.1,35.1,3,1000,35100,2010-11-29 00:00:00,1
2010-11-30 00:00:00,2010-11-30 00:00:00,42,2010-11-30 00:00:00,35,40,13,11200,402840,2010-11-30 00:00:00,1
2010-12-02 00:00:00,2010-12-02 00:00:00,39,2010-12-02 00:00:00,39,39,3,2100,81900,2010-12-02 00:00:00,1
2010-12-06 00:00:00,2010-12-06 00:00:00,39,2010-12-06 00:00:00,38,38.1,6,5900,224310,2010-12-06 00:00:00,1
2010-12-10 00:00:00,2010-12-10 00:00:00,38,2010-12-10 00:00:00,36,36,2,800,29400,2010-12-10 00:00:00,1
2010-12-13 00:00:00,2010-12-13 00:00:00,35.5,2010-12-13 00:00:00,35.1,35.3,4,400,14130,2010-12-13 00:00:00,1
2010-12-15 00:00:00,2010-12-15 00:00:00,37,2010-12-15 00:00:00,37,37,1,200,7400,2010-12-15 00:00:00,1
2010-12-16 00:00:00,2010-12-16 00:00:00,35.1,2010-12-16 00:00:00,35.1,35.1,1,500,17550,2010-12-16 00:00:00,1
2010-12-17 00:00:00,2010-12-17 00:00:00,35.2,2010-12-17 00:00:00,35.2,35.2,1,500,17600,2010-12-17 00:00:00,1
2010-12-21 00:00:00,2010-12-21 00:00:00,40,2010-12-21 00:00:00,35.2,35.3,9,5800,205200,2010-12-21 00:00:00,1
2010-12-23 00:00:00,2010-12-23 00:00:00,38,2010-12-23 00:00:00,38,38,2,200,7600,2010-12-23 00:00:00,1
2010-12-27 00:00:00,2010-12-27 00:00:00,39,2010-12-27 00:00:00,37,37.5,9,3100,115860,2010-12-27 00:00:00,1
2010-12-28 00:00:00,2010-12-28 00:00:00,38.9,2010-12-28 00:00:00,38.9,38.9,1,100,3890,2010-12-28 00:00:00,1
2010-12-29 00:00:00,2010-12-29 00:00:00,38,2010-12-29 00:00:00,36,37.3,3,1500,56000,2010-12-29 00:00:00,1
2010-12-30 00:00:00,2010-12-30 00:00:00,36.5,2010-12-30 00:00:00,36,36.5,5,10800,392770,2010-12-30 00:00:00,1
2010-12-31 00:00:00,2010-12-31 00:00:00,36,2010-12-31 00:00:00,35.5,35.7,3,2200,78500,2010-12-31 00:00:00,1
Company Id :  LAMB,,Security Type :  N,,Sub Type :  0000,,,,,,
Short Name :  KOTMALE HOLDINGS,,,,,,,,,,
Day,Date High,High,Date Low,Low,Closing,No. of Trades,No. of Shares,Turnover,Last Traded,Days Traded
2010-01-04 00:00:00,2010-01-04 00:00:00,16.25,2010-01-04 00:00:00,15.5,15.5,32,61900,985350,2010-01-04 00:00:00,1
2010-01-05 00:00:00,2010-01-05 00:00:00,16.5,2010-01-05 00:00:00,15.25,15.25,26,47800,762375,2010-01-05 00:00:00,1
2010-01-06 00:00:00,2010-01-06 00:00:00,16,2010-01-06 00:00:00,16,16,5,13000,208000,2010-01-06 00:00:00,1
2010-01-08 00:00:00,2010-01-08 00:00:00,16.75,2010-01-08 00:00:00,16.25,16.5,21,80600,1348950,2010-01-08 00:00:00,1
2010-01-11 00:00:00,2010-01-11 00:00:00,17.5,2010-01-11 00:00:00,16.75,17,42,131000,2243425,2010-01-11 00:00:00,1
2010-01-12 00:00:00,2010-01-12 00:00:00,17,2010-01-12 00:00:00,16.5,16.5,23,68000,1144675,2010-01-12 00:00:00,1
2010-01-13 00:00:00,2010-01-13 00:00:00,17,2010-01-13 00:00:00,16,16.75,22,60100,1006850,2010-01-13 00:00:00,1
2010-01-15 00:00:00,2010-01-15 00:00:00,17.25,2010-01-15 00:00:00,16.75,17.25,52,242600,4127325,2010-01-15 00:00:00,1
2010-01-18 00:00:00,2010-01-18 00:00:00,17.5,2010-01-18 00:00:00,17,17,21,48300,824425,2010-01-18 00:00:00,1
2010-01-19 00:00:00,2010-01-19 00:00:00,17.25,2010-01-19 00:00:00,16.5,16.5,41,128300,2170125,2010-01-19 00:00:00,1
2010-01-20 00:00:00,2010-01-20 00:00:00,17,2010-01-20 00:00:00,16.5,16.75,11,17300,291350,2010-01-20 00:00:00,1
2010-01-21 00:00:00,2010-01-21 00:00:00,19.5,2010-01-21 00:00:00,16.5,19,507,1181900,21893100,2010-01-21 00:00:00,1
2010-01-22 00:00:00,2010-01-22 00:00:00,23.5,2010-01-22 00:00:00,20,20.25,730,1605100,34172425,2010-01-22 00:00:00,1
2010-01-25 00:00:00,2010-01-25 00:00:00,21.5,2010-01-25 00:00:00,20.25,21.25,182,357700,7551925,2010-01-25 00:00:00,1
2010-01-26 00:00:00,2010-01-26 00:00:00,21,2010-01-26 00:00:00,20,20,22,32900,668800,2010-01-26 00:00:00,1
2010-01-28 00:00:00,2010-01-28 00:00:00,21,2010-01-28 00:00:00,19,20.25,55,66900,1365200,2010-01-28 00:00:00,1
2010-02-01 00:00:00,2010-02-01 00:00:00,21,2010-02-01 00:00:00,20,20.5,61,142000,2931150,2010-02-01 00:00:00,1
2010-02-02 00:00:00,2010-02-02 00:00:00,21,2010-02-02 00:00:00,20,20,34,162900,3284825,2010-02-02 00:00:00,1
2010-02-03 00:00:00,2010-02-03 00:00:00,21,2010-02-03 00:00:00,19.75,20.5,46,143000,2882925,2010-02-03 00:00:00,1
2010-02-05 00:00:00,2010-02-05 00:00:00,21,2010-02-05 00:00:00,19.5,20.5,16,113500,2275975,2010-02-05 00:00:00,1
2010-02-08 00:00:00,2010-02-08 00:00:00,20.5,2010-02-08 00:00:00,20,20.5,20,38400,778600,2010-02-08 00:00:00,1
2010-02-09 00:00:00,2010-02-09 00:00:00,20.25,2010-02-09 00:00:00,19.25,20,39,154300,3094250,2010-02-09 00:00:00,1
2010-02-10 00:00:00,2010-02-10 00:00:00,23,2010-02-10 00:00:00,21,21.75,240,561300,12384025,2010-02-10 00:00:00,1
2010-02-11 00:00:00,2010-02-11 00:00:00,21.5,2010-02-11 00:00:00,20,20.25,24,19500,399725,2010-02-11 00:00:00,1
2010-02-12 00:00:00,2010-02-12 00:00:00,20.5,2010-02-12 00:00:00,19,19.75,32,37800,752000,2010-02-12 00:00:00,1
2010-02-15 00:00:00,2010-02-15 00:00:00,20.5,2010-02-15 00:00:00,19.5,19.75,24,30800,616875,2010-02-15 00:00:00,1
2010-02-16 00:00:00,2010-02-16 00:00:00,20,2010-02-16 00:00:00,19.5,19.5,8,14300,280050,2010-02-16 00:00:00,1
2010-02-17 00:00:00,2010-02-17 00:00:00,19.5,2010-02-17 00:00:00,19.5,19.5,8,19600,382200,2010-02-17 00:00:00,1
2010-02-18 00:00:00,2010-02-18 00:00:00,19.25,2010-02-18 00:00:00,19,19.25,9,24700,475050,2010-02-18 00:00:00,1
2010-02-19 00:00:00,2010-02-19 00:00:00,20,2010-02-19 00:00:00,19,20,20,33200,653075,2010-02-19 00:00:00,1
2010-02-22 00:00:00,2010-02-22 00:00:00,21,2010-02-22 00:00:00,20,20.25,30,69000,1423775,2010-02-22 00:00:00,1
2010-02-23 00:00:00,2010-02-23 00:00:00,20.25,2010-02-23 00:00:00,20,20.25,5,12200,245550,2010-02-23 00:00:00,1
2010-02-24 00:00:00,2010-02-24 00:00:00,20.25,2010-02-24 00:00:00,20,20,12,29300,586200,2010-02-24 00:00:00,1
2010-02-25 00:00:00,2010-02-25 00:00:00,20,2010-02-25 00:00:00,19.75,19.75,4,2200,43575,2010-02-25 00:00:00,1
2010-02-26 00:00:00,2010-02-26 00:00:00,20.5,2010-02-26 00:00:00,20,20.5,6,11200,229050,2010-02-26 00:00:00,1
2010-03-01 00:00:00,2010-03-01 00:00:00,21,2010-03-01 00:00:00,20.25,20.25,18,52900,1099150,2010-03-01 00:00:00,1
2010-03-02 00:00:00,2010-03-02 00:00:00,20.5,2010-03-02 00:00:00,20,20.25,24,58600,1190250,2010-03-02 00:00:00,1
2010-03-03 00:00:00,2010-03-03 00:00:00,20.25,2010-03-03 00:00:00,20,20.25,12,28500,573325,2010-03-03 00:00:00,1
2010-03-04 00:00:00,2010-03-04 00:00:00,20.25,2010-03-04 00:00:00,20,20.25,8,23200,469775,2010-03-04 00:00:00,1
2010-03-05 00:00:00,2010-03-05 00:00:00,20.75,2010-03-05 00:00:00,20.25,20.5,28,46900,966275,2010-03-05 00:00:00,1
2010-03-08 00:00:00,2010-03-08 00:00:00,20.75,2010-03-08 00:00:00,20,20.25,19,66200,1335550,2010-03-08 00:00:00,1
2010-03-09 00:00:00,2010-03-09 00:00:00,20.25,2010-03-09 00:00:00,20,20.25,12,36500,734125,2010-03-09 00:00:00,1
2010-03-10 00:00:00,2010-03-10 00:00:00,20.75,2010-03-10 00:00:00,20.5,20.5,10,4100,84350,2010-03-10 00:00:00,1
2010-03-11 00:00:00,2010-03-11 00:00:00,20.25,2010-03-11 00:00:00,20.25,20.25,6,9000,182250,2010-03-11 00:00:00,1
2010-03-12 00:00:00,2010-03-12 00:00:00,21.25,2010-03-12 00:00:00,20.25,21,32,72700,1526900,2010-03-12 00:00:00,1
2010-03-15 00:00:00,2010-03-15 00:00:00,21.25,2010-03-15 00:00:00,21,21,17,23400,491450,2010-03-15 00:00:00,1
2010-03-16 00:00:00,2010-03-16 00:00:00,24.75,2010-03-16 00:00:00,20.75,23.25,336,709700,16339825,2010-03-16 00:00:00,1
2010-03-17 00:00:00,2010-03-17 00:00:00,23.25,2010-03-17 00:00:00,22.75,22.75,87,131600,3025775,2010-03-17 00:00:00,1
2010-03-18 00:00:00,2010-03-18 00:00:00,23.5,2010-03-18 00:00:00,22.25,22.5,15,50500,1135575,2010-03-18 00:00:00,1
2010-03-19 00:00:00,2010-03-19 00:00:00,23.25,2010-03-19 00:00:00,22.25,22.25,15,30400,683975,2010-03-19 00:00:00,1
2010-03-22 00:00:00,2010-03-22 00:00:00,22.5,2010-03-22 00:00:00,22.25,22.25,16,34600,769950,2010-03-22 00:00:00,1
2010-03-23 00:00:00,2010-03-23 00:00:00,23,2010-03-23 00:00:00,22.25,23,23,113000,2528700,2010-03-23 00:00:00,1
2010-03-24 00:00:00,2010-03-24 00:00:00,23,2010-03-24 00:00:00,22,22,12,16900,376500,2010-03-24 00:00:00,1
2010-03-25 00:00:00,2010-03-25 00:00:00,22.25,2010-03-25 00:00:00,22,22,11,8700,191850,2010-03-25 00:00:00,1
2010-03-26 00:00:00,2010-03-26 00:00:00,23,2010-03-26 00:00:00,22.25,22.5,19,20800,469700,2010-03-26 00:00:00,1
2010-03-30 00:00:00,2010-03-30 00:00:00,22.5,2010-03-30 00:00:00,22,22.25,15,36700,821800,2010-03-30 00:00:00,1
2010-03-31 00:00:00,2010-03-31 00:00:00,25,2010-03-31 00:00:00,22.5,24.75,316,784100,19001775,2010-03-31 00:00:00,1
2010-04-01 00:00:00,2010-04-01 00:00:00,25.5,2010-04-01 00:00:00,24.25,24.25,138,427400,10707275,2010-04-01 00:00:00,1
2010-04-05 00:00:00,2010-04-05 00:00:00,24.5,2010-04-05 00:00:00,23.5,24.25,26,34400,827325,2010-04-05 00:00:00,1
2010-04-06 00:00:00,2010-04-06 00:00:00,24.75,2010-04-06 00:00:00,24,24.75,54,129800,3174775,2010-04-06 00:00:00,1
2010-04-07 00:00:00,2010-04-07 00:00:00,25,2010-04-07 00:00:00,23.75,24,48,83300,2021900,2010-04-07 00:00:00,1
2010-04-08 00:00:00,2010-04-08 00:00:00,24,2010-04-08 00:00:00,24,24,2,7500,180000,2010-04-08 00:00:00,1
2010-04-12 00:00:00,2010-04-12 00:00:00,25.5,2010-04-12 00:00:00,24.5,25.25,85,317500,7988425,2010-04-12 00:00:00,1
2010-04-15 00:00:00,2010-04-15 00:00:00,25.5,2010-04-15 00:00:00,25.25,25.25,19,17000,429525,2010-04-15 00:00:00,1
2010-04-16 00:00:00,2010-04-16 00:00:00,25.25,2010-04-16 00:00:00,25,25,19,31000,776875,2010-04-16 00:00:00,1
2010-04-19 00:00:00,2010-04-19 00:00:00,25.25,2010-04-19 00:00:00,24.75,25,28,61600,1542300,2010-04-19 00:00:00,1
2010-04-20 00:00:00,2010-04-20 00:00:00,25.25,2010-04-20 00:00:00,24,24.5,20,58800,1432725,2010-04-20 00:00:00,1
2010-04-21 00:00:00,2010-04-21 00:00:00,25,2010-04-21 00:00:00,24.25,25,74,146200,3650550,2010-04-21 00:00:00,1
2010-04-22 00:00:00,2010-04-22 00:00:00,25.5,2010-04-22 00:00:00,24.75,25.25,30,1062900,26577650,2010-04-22 00:00:00,1
2010-04-23 00:00:00,2010-04-23 00:00:00,25.75,2010-04-23 00:00:00,25.25,25.5,36,69800,1770825,2010-04-23 00:00:00,1
2010-04-26 00:00:00,2010-04-26 00:00:00,27.75,2010-04-26 00:00:00,25.5,27,364,846000,22588275,2010-04-26 00:00:00,1
2010-04-27 00:00:00,2010-04-27 00:00:00,29,2010-04-27 00:00:00,27.5,27.75,264,347000,9784350,2010-04-27 00:00:00,1
2010-04-29 00:00:00,2010-04-29 00:00:00,29.25,2010-04-29 00:00:00,27.75,28.5,243,421800,12057650,2010-04-29 00:00:00,1
2010-04-30 00:00:00,2010-04-30 00:00:00,29,2010-04-30 00:00:00,28.5,29,203,814900,23613875,2010-04-30 00:00:00,1
2010-05-03 00:00:00,2010-05-03 00:00:00,29,2010-05-03 00:00:00,27.75,28,122,172500,4867000,2010-05-03 00:00:00,1
2010-05-04 00:00:00,2010-05-04 00:00:00,29,2010-05-04 00:00:00,28,28.5,36,78100,2245350,2010-05-04 00:00:00,1
2010-05-05 00:00:00,2010-05-05 00:00:00,28.5,2010-05-05 00:00:00,27.75,28,35,22800,641475,2010-05-05 00:00:00,1
2010-05-06 00:00:00,2010-05-06 00:00:00,28,2010-05-06 00:00:00,27.5,27.5,27,10200,282500,2010-05-06 00:00:00,1
2010-05-07 00:00:00,2010-05-07 00:00:00,27.5,2010-05-07 00:00:00,27.25,27.25,20,13600,372100,2010-05-07 00:00:00,1
2010-05-10 00:00:00,2010-05-10 00:00:00,27.25,2010-05-10 00:00:00,26.5,27,66,68800,1849450,2010-05-10 00:00:00,1
2010-05-11 00:00:00,2010-05-11 00:00:00,27.25,2010-05-11 00:00:00,26.75,27,27,19700,533800,2010-05-11 00:00:00,1
2010-05-12 00:00:00,2010-05-12 00:00:00,27,2010-05-12 00:00:00,26.5,26.75,36,27200,732000,2010-05-12 00:00:00,1
2010-05-13 00:00:00,2010-05-13 00:00:00,27.25,2010-05-13 00:00:00,26.75,26.75,23,25400,684350,2010-05-13 00:00:00,1
2010-05-14 00:00:00,2010-05-14 00:00:00,27.5,2010-05-14 00:00:00,26.5,26.5,32,22700,612850,2010-05-14 00:00:00,1
2010-05-17 00:00:00,2010-05-17 00:00:00,27,2010-05-17 00:00:00,26.75,26.75,22,35900,968525,2010-05-17 00:00:00,1
2010-05-18 00:00:00,2010-05-18 00:00:00,27,2010-05-18 00:00:00,26.5,26.75,18,20100,537500,2010-05-18 00:00:00,1
2010-05-19 00:00:00,2010-05-19 00:00:00,27,2010-05-19 00:00:00,26.25,26.5,8,2700,71750,2010-05-19 00:00:00,1
2010-05-20 00:00:00,2010-05-20 00:00:00,26.75,2010-05-20 00:00:00,26.25,26.25,20,21800,577075,2010-05-20 00:00:00,1
2010-05-21 00:00:00,2010-05-21 00:00:00,26.25,2010-05-21 00:00:00,26,26,36,79300,2071975,2010-05-21 00:00:00,1
2010-05-24 00:00:00,2010-05-24 00:00:00,26.25,2010-05-24 00:00:00,26,26,17,17400,452900,2010-05-24 00:00:00,1
2010-05-25 00:00:00,2010-05-25 00:00:00,26,2010-05-25 00:00:00,25.5,25.75,13,9300,239475,2010-05-25 00:00:00,1
2010-05-26 00:00:00,2010-05-26 00:00:00,27.25,2010-05-26 00:00:00,25.75,27,41,101100,2627625,2010-05-26 00:00:00,1
2010-05-31 00:00:00,2010-05-31 00:00:00,27.75,2010-05-31 00:00:00,26,26.5,7,4600,124350,2010-05-31 00:00:00,1
2010-06-01 00:00:00,2010-06-01 00:00:00,26.5,2010-06-01 00:00:00,26,26.5,11,11700,308450,2010-06-01 00:00:00,1
2010-06-02 00:00:00,2010-06-02 00:00:00,28,2010-06-02 00:00:00,26.75,27.75,40,10425300,291893450,2010-06-02 00:00:00,1
2010-06-03 00:00:00,2010-06-03 00:00:00,28,2010-06-03 00:00:00,26.5,28,41,214500,5970000,2010-06-03 00:00:00,1
2010-06-04 00:00:00,2010-06-04 00:00:00,28,2010-06-04 00:00:00,27,27.25,12,7700,212775,2010-06-04 00:00:00,1
2010-06-07 00:00:00,2010-06-07 00:00:00,27.25,2010-06-07 00:00:00,26.75,26.75,15,23900,645150,2010-06-07 00:00:00,1
2010-06-08 00:00:00,2010-06-08 00:00:00,27.25,2010-06-08 00:00:00,26.5,27,11,17400,467350,2010-06-08 00:00:00,1
2010-06-09 00:00:00,2010-06-09 00:00:00,27,2010-06-09 00:00:00,26.5,26.5,4,6500,175000,2010-06-09 00:00:00,1
2010-06-10 00:00:00,2010-06-10 00:00:00,27,2010-06-10 00:00:00,26.5,27,16,35300,946200,2010-06-10 00:00:00,1
2010-06-11 00:00:00,2010-06-11 00:00:00,27,2010-06-11 00:00:00,26.25,26.25,41,34100,901300,2010-06-11 00:00:00,1
2010-06-14 00:00:00,2010-06-14 00:00:00,28,2010-06-14 00:00:00,26.5,27.75,37,69400,1885275,2010-06-14 00:00:00,1
2010-06-15 00:00:00,2010-06-15 00:00:00,27.5,2010-06-15 00:00:00,26.5,26.5,20,22600,610700,2010-06-15 00:00:00,1
2010-06-16 00:00:00,2010-06-16 00:00:00,27,2010-06-16 00:00:00,26.75,26.75,5,15400,412125,2010-06-16 00:00:00,1
2010-06-17 00:00:00,2010-06-17 00:00:00,27,2010-06-17 00:00:00,26.5,26.75,17,22900,608300,2010-06-17 00:00:00,1
2010-06-21 00:00:00,2010-06-21 00:00:00,27,2010-06-21 00:00:00,26.5,26.75,7,2500,66750,2010-06-21 00:00:00,1
2010-06-22 00:00:00,2010-06-22 00:00:00,27.5,2010-06-22 00:00:00,27,27,52,130900,3535425,2010-06-22 00:00:00,1
2010-06-23 00:00:00,2010-06-23 00:00:00,27,2010-06-23 00:00:00,26.5,27,26,54200,1441450,2010-06-23 00:00:00,1
2010-06-24 00:00:00,2010-06-24 00:00:00,27,2010-06-24 00:00:00,26.5,27,11,24300,655700,2010-06-24 00:00:00,1
2010-06-28 00:00:00,2010-06-28 00:00:00,26.75,2010-06-28 00:00:00,26.25,26.5,16,15500,410500,2010-06-28 00:00:00,1
2010-06-29 00:00:00,2010-06-29 00:00:00,26.5,2010-06-29 00:00:00,26.25,26.5,16,22900,606600,2010-06-29 00:00:00,1
2010-06-30 00:00:00,2010-06-30 00:00:00,26.75,2010-06-30 00:00:00,26,26,49,42500,1110525,2010-06-30 00:00:00,1
2010-07-01 00:00:00,2010-07-01 00:00:00,26.75,2010-07-01 00:00:00,26,26,29,26400,689075,2010-07-01 00:00:00,1
2010-07-02 00:00:00,2010-07-02 00:00:00,26.75,2010-07-02 00:00:00,25.75,25.75,19,21900,576325,2010-07-02 00:00:00,1
2010-07-05 00:00:00,2010-07-05 00:00:00,26.5,2010-07-05 00:00:00,25.75,26,35,27600,721950,2010-07-05 00:00:00,1
2010-07-06 00:00:00,2010-07-06 00:00:00,26.5,2010-07-06 00:00:00,26,26,10,12400,324275,2010-07-06 00:00:00,1
2010-07-07 00:00:00,2010-07-07 00:00:00,26,2010-07-07 00:00:00,25,25.25,54,77500,1966350,2010-07-07 00:00:00,1
2010-07-08 00:00:00,2010-07-08 00:00:00,26,2010-07-08 00:00:00,25,25.5,13,12500,323300,2010-07-08 00:00:00,1
2010-07-09 00:00:00,2010-07-09 00:00:00,26,2010-07-09 00:00:00,25.5,25.75,6,1600,40925,2010-07-09 00:00:00,1
2010-07-12 00:00:00,2010-07-12 00:00:00,25.5,2010-07-12 00:00:00,25.25,25.5,12,15700,398875,2010-07-12 00:00:00,1
2010-07-13 00:00:00,2010-07-13 00:00:00,26.5,2010-07-13 00:00:00,25.5,25.5,27,42600,1096050,2010-07-13 00:00:00,1
2010-07-14 00:00:00,2010-07-14 00:00:00,25.75,2010-07-14 00:00:00,25.75,25.75,4,1800,46350,2010-07-14 00:00:00,1
2010-07-15 00:00:00,2010-07-15 00:00:00,27.5,2010-07-15 00:00:00,25.5,26.5,45,80600,2131150,2010-07-15 00:00:00,1
2010-07-16 00:00:00,2010-07-16 00:00:00,28.25,2010-07-16 00:00:00,26.75,27.25,171,213700,5882150,2010-07-16 00:00:00,1
2010-07-19 00:00:00,2010-07-19 00:00:00,28,2010-07-19 00:00:00,27.5,27.5,49,60000,1659150,2010-07-19 00:00:00,1
2010-07-20 00:00:00,2010-07-20 00:00:00,28,2010-07-20 00:00:00,27,27.25,55,37100,1014050,2010-07-20 00:00:00,1
2010-07-21 00:00:00,2010-07-21 00:00:00,27.75,2010-07-21 00:00:00,27,27.5,32,22100,606000,2010-07-21 00:00:00,1
2010-07-22 00:00:00,2010-07-22 00:00:00,27.5,2010-07-22 00:00:00,27,27.25,18,18700,509375,2010-07-22 00:00:00,1
2010-07-23 00:00:00,2010-07-23 00:00:00,27.5,2010-07-23 00:00:00,26.75,27,37,38800,1049825,2010-07-23 00:00:00,1
2010-07-26 00:00:00,2010-07-26 00:00:00,27,2010-07-26 00:00:00,27,27,24,47100,1271700,2010-07-26 00:00:00,1
2010-07-27 00:00:00,2010-07-27 00:00:00,27.5,2010-07-27 00:00:00,27,27.25,44,115300,3126975,2010-07-27 00:00:00,1
2010-07-28 00:00:00,2010-07-28 00:00:00,27.5,2010-07-28 00:00:00,27,27,56,92200,2516350,2010-07-28 00:00:00,1
2010-07-29 00:00:00,2010-07-29 00:00:00,27.75,2010-07-29 00:00:00,27,27,38,64600,1753775,2010-07-29 00:00:00,1
2010-07-30 00:00:00,2010-07-30 00:00:00,27.5,2010-07-30 00:00:00,27,27.25,14,5800,157950,2010-07-30 00:00:00,1
2010-08-02 00:00:00,2010-08-02 00:00:00,28,2010-08-02 00:00:00,27,27.8,41,110400,3049860,2010-08-02 00:00:00,1
2010-08-03 00:00:00,2010-08-03 00:00:00,28,2010-08-03 00:00:00,27,27.1,22,25000,686080,2010-08-03 00:00:00,1
2010-08-04 00:00:00,2010-08-04 00:00:00,27.5,2010-08-04 00:00:00,27,27.5,35,36600,998000,2010-08-04 00:00:00,1
2010-08-05 00:00:00,2010-08-05 00:00:00,27.9,2010-08-05 00:00:00,26.5,27.5,48,114500,3078610,2010-08-05 00:00:00,1
2010-08-06 00:00:00,2010-08-06 00:00:00,26.5,2010-08-06 00:00:00,24.8,24.8,59,43600,1093520,2010-08-06 00:00:00,1
2010-08-09 00:00:00,2010-08-09 00:00:00,25,2010-08-09 00:00:00,22.4,22.6,54,72200,1633560,2010-08-09 00:00:00,1
2010-08-10 00:00:00,2010-08-10 00:00:00,24.5,2010-08-10 00:00:00,20.5,24.2,100,145700,3315380,2010-08-10 00:00:00,1
2010-08-11 00:00:00,2010-08-11 00:00:00,24.9,2010-08-11 00:00:00,23.2,24.2,19,18900,459150,2010-08-11 00:00:00,1
2010-08-12 00:00:00,2010-08-12 00:00:00,23.6,2010-08-12 00:00:00,23.3,23.6,6,2500,58760,2010-08-12 00:00:00,1
2010-08-16 00:00:00,2010-08-16 00:00:00,24.5,2010-08-16 00:00:00,24,24.4,26,14200,344250,2010-08-16 00:00:00,1
2010-08-17 00:00:00,2010-08-17 00:00:00,25,2010-08-17 00:00:00,23.1,23.5,18,13500,319910,2010-08-17 00:00:00,1
2010-08-18 00:00:00,2010-08-18 00:00:00,24.7,2010-08-18 00:00:00,23.8,23.8,12,8900,212850,2010-08-18 00:00:00,1
2010-08-19 00:00:00,2010-08-19 00:00:00,24.8,2010-08-19 00:00:00,23.9,24,27,19700,476510,2010-08-19 00:00:00,1
2010-08-20 00:00:00,2010-08-20 00:00:00,24.5,2010-08-20 00:00:00,24,24.1,12,6900,166100,2010-08-20 00:00:00,1
2010-08-23 00:00:00,2010-08-23 00:00:00,26,2010-08-23 00:00:00,25,25,37,93400,2337860,2010-08-23 00:00:00,1
2010-08-25 00:00:00,2010-08-25 00:00:00,26.1,2010-08-25 00:00:00,25,25,34,101700,2554990,2010-08-25 00:00:00,1
2010-08-26 00:00:00,2010-08-26 00:00:00,25.5,2010-08-26 00:00:00,24,24.7,11,4500,111250,2010-08-26 00:00:00,1
2010-08-27 00:00:00,2010-08-27 00:00:00,25.8,2010-08-27 00:00:00,25,25.1,27,37700,946380,2010-08-27 00:00:00,1
2010-08-30 00:00:00,2010-08-30 00:00:00,25,2010-08-30 00:00:00,24.1,24.4,8,9200,225200,2010-08-30 00:00:00,1
2010-08-31 00:00:00,2010-08-31 00:00:00,26.5,2010-08-31 00:00:00,24.4,25.5,60,88400,2236140,2010-08-31 00:00:00,1
2010-09-01 00:00:00,2010-09-01 00:00:00,26.4,2010-09-01 00:00:00,25.7,26,44,58800,1528240,2010-09-01 00:00:00,1
2010-09-02 00:00:00,2010-09-02 00:00:00,26.1,2010-09-02 00:00:00,25.1,25.8,33,25500,660390,2010-09-02 00:00:00,1
2010-09-03 00:00:00,2010-09-03 00:00:00,26.2,2010-09-03 00:00:00,25.9,26,13,22600,587650,2010-09-03 00:00:00,1
2010-09-06 00:00:00,2010-09-06 00:00:00,27,2010-09-06 00:00:00,26,26.1,17,19000,497740,2010-09-06 00:00:00,1
2010-09-07 00:00:00,2010-09-07 00:00:00,27.3,2010-09-07 00:00:00,26.1,26.9,46,46900,1259520,2010-09-07 00:00:00,1
2010-09-08 00:00:00,2010-09-08 00:00:00,27.2,2010-09-08 00:00:00,26.5,27,58,114400,3093170,2010-09-08 00:00:00,1
2010-09-09 00:00:00,2010-09-09 00:00:00,27.9,2010-09-09 00:00:00,27,27,21,30100,814610,2010-09-09 00:00:00,1
2010-09-13 00:00:00,2010-09-13 00:00:00,27.5,2010-09-13 00:00:00,27.1,27.2,29,18600,505890,2010-09-13 00:00:00,1
2010-09-14 00:00:00,2010-09-14 00:00:00,27.2,2010-09-14 00:00:00,25.6,26.9,11,16800,452160,2010-09-14 00:00:00,1
2010-09-15 00:00:00,2010-09-15 00:00:00,26.9,2010-09-15 00:00:00,25,26.3,19,16200,412040,2010-09-15 00:00:00,1
2010-09-16 00:00:00,2010-09-16 00:00:00,27,2010-09-16 00:00:00,25.1,26.5,18,18900,503550,2010-09-16 00:00:00,1
2010-09-17 00:00:00,2010-09-17 00:00:00,27.2,2010-09-17 00:00:00,26.6,27.1,55,159400,4310190,2010-09-17 00:00:00,1
2010-09-20 00:00:00,2010-09-20 00:00:00,27.3,2010-09-20 00:00:00,26.5,27,13,8700,234690,2010-09-20 00:00:00,1
2010-09-21 00:00:00,2010-09-21 00:00:00,27.4,2010-09-21 00:00:00,26.5,26.5,28,16900,457860,2010-09-21 00:00:00,1
2010-09-23 00:00:00,2010-09-23 00:00:00,27.1,2010-09-23 00:00:00,26.2,27,35,43600,1165560,2010-09-23 00:00:00,1
2010-09-24 00:00:00,2010-09-24 00:00:00,26.5,2010-09-24 00:00:00,26,26.3,17,12500,328790,2010-09-24 00:00:00,1
2010-09-27 00:00:00,2010-09-27 00:00:00,26.1,2010-09-27 00:00:00,25.7,26,10,11900,308880,2010-09-27 00:00:00,1
2010-09-28 00:00:00,2010-09-28 00:00:00,26.5,2010-09-28 00:00:00,25.9,26.2,17,15000,393460,2010-09-28 00:00:00,1
2010-09-29 00:00:00,2010-09-29 00:00:00,27,2010-09-29 00:00:00,26.1,26.8,23,19700,522300,2010-09-29 00:00:00,1
2010-09-30 00:00:00,2010-09-30 00:00:00,28.2,2010-09-30 00:00:00,26.7,27.4,110,218800,6087490,2010-09-30 00:00:00,1
2010-10-01 00:00:00,2010-10-01 00:00:00,29.9,2010-10-01 00:00:00,27.5,28.7,358,789100,22948880,2010-10-01 00:00:00,1
2010-10-04 00:00:00,2010-10-04 00:00:00,29.4,2010-10-04 00:00:00,27,28,63,137400,3967820,2010-10-04 00:00:00,1
2010-10-05 00:00:00,2010-10-05 00:00:00,27.5,2010-10-05 00:00:00,26.6,27,25,33000,891140,2010-10-05 00:00:00,1
2010-10-06 00:00:00,2010-10-06 00:00:00,28.5,2010-10-06 00:00:00,26.6,26.8,10,6300,170200,2010-10-06 00:00:00,1
2010-10-07 00:00:00,2010-10-07 00:00:00,26.8,2010-10-07 00:00:00,26.4,26.5,22,34400,911500,2010-10-07 00:00:00,1
2010-10-08 00:00:00,2010-10-08 00:00:00,27.5,2010-10-08 00:00:00,26,27.5,9,8100,220360,2010-10-08 00:00:00,1
2010-10-11 00:00:00,2010-10-11 00:00:00,26.5,2010-10-11 00:00:00,26.4,26.4,10,10600,280060,2010-10-11 00:00:00,1
2010-10-12 00:00:00,2010-10-12 00:00:00,25.7,2010-10-12 00:00:00,24.5,24.6,20,7200,181460,2010-10-12 00:00:00,1
2010-10-13 00:00:00,2010-10-13 00:00:00,24.9,2010-10-13 00:00:00,23,24.3,55,55000,1318890,2010-10-13 00:00:00,1
2010-10-14 00:00:00,2010-10-14 00:00:00,26,2010-10-14 00:00:00,24.5,24.6,13,11800,290100,2010-10-14 00:00:00,1
2010-10-15 00:00:00,2010-10-15 00:00:00,24.5,2010-10-15 00:00:00,24,24.5,17,16500,401650,2010-10-15 00:00:00,1
2010-10-18 00:00:00,2010-10-18 00:00:00,25,2010-10-18 00:00:00,24.8,25,2,2300,57100,2010-10-18 00:00:00,1
2010-10-19 00:00:00,2010-10-19 00:00:00,25,2010-10-19 00:00:00,25,25,2,300,7500,2010-10-19 00:00:00,1
2010-10-20 00:00:00,2010-10-20 00:00:00,25.5,2010-10-20 00:00:00,25.3,25.3,5,2100,53190,2010-10-20 00:00:00,1
2010-10-21 00:00:00,2010-10-21 00:00:00,26,2010-10-21 00:00:00,25.5,26,27,27700,715880,2010-10-21 00:00:00,1
2010-10-25 00:00:00,2010-10-25 00:00:00,26.5,2010-10-25 00:00:00,26,26.3,23,22600,595350,2010-10-25 00:00:00,1
2010-10-26 00:00:00,2010-10-26 00:00:00,26,2010-10-26 00:00:00,25.4,25.4,8,11000,280960,2010-10-26 00:00:00,1
2010-10-27 00:00:00,2010-10-27 00:00:00,26.2,2010-10-27 00:00:00,25.2,25.8,12,14500,371880,2010-10-27 00:00:00,1
2010-10-28 00:00:00,2010-10-28 00:00:00,26.1,2010-10-28 00:00:00,25.2,26,15,9700,250530,2010-10-28 00:00:00,1
2010-10-29 00:00:00,2010-10-29 00:00:00,27.5,2010-10-29 00:00:00,25.7,27.3,104,305200,8310230,2010-10-29 00:00:00,1
2010-11-01 00:00:00,2010-11-01 00:00:00,28.1,2010-11-01 00:00:00,27,28,89,111000,3078700,2010-11-01 00:00:00,1
2010-11-02 00:00:00,2010-11-02 00:00:00,29.7,2010-11-02 00:00:00,28,29,207,365000,10552430,2010-11-02 00:00:00,1
2010-11-03 00:00:00,2010-11-03 00:00:00,42,2010-11-03 00:00:00,28,39.9,1567,"25,668,938    1",",015,495,020.00",2010-11-03 00:00:00,1
2010-11-04 00:00:00,2010-11-04 00:00:00,43,2010-11-04 00:00:00,38.2,42,459,670300,27500360,2010-11-04 00:00:00,1
2010-11-08 00:00:00,2010-11-08 00:00:00,42.7,2010-11-08 00:00:00,41,42.1,90,115000,4819910,2010-11-08 00:00:00,1
2010-11-09 00:00:00,2010-11-09 00:00:00,42,2010-11-09 00:00:00,41.3,41.7,86,251800,10552620,2010-11-09 00:00:00,1
2010-11-10 00:00:00,2010-11-10 00:00:00,40,2010-11-10 00:00:00,39.5,39.9,31,39600,1579950,2010-11-10 00:00:00,1
2010-11-11 00:00:00,2010-11-11 00:00:00,41.8,2010-11-11 00:00:00,39.5,40.3,25,18300,732150,2010-11-11 00:00:00,1
2010-11-12 00:00:00,2010-11-12 00:00:00,40,2010-11-12 00:00:00,38.7,39.1,16,9500,375450,2010-11-12 00:00:00,1
2010-11-15 00:00:00,2010-11-15 00:00:00,39.1,2010-11-15 00:00:00,38.1,38.9,15,8000,311120,2010-11-15 00:00:00,1
2010-11-16 00:00:00,2010-11-16 00:00:00,39,2010-11-16 00:00:00,38.1,38.6,25,16700,640100,2010-11-16 00:00:00,1
2010-11-18 00:00:00,2010-11-18 00:00:00,39.6,2010-11-18 00:00:00,38.2,38.9,12,6100,236410,2010-11-18 00:00:00,1
2010-11-22 00:00:00,2010-11-22 00:00:00,39,2010-11-22 00:00:00,38.1,39,6,3900,150460,2010-11-22 00:00:00,1
2010-11-23 00:00:00,2010-11-23 00:00:00,39,2010-11-23 00:00:00,38.9,39,15,17200,670230,2010-11-23 00:00:00,1
2010-11-24 00:00:00,2010-11-24 00:00:00,39,2010-11-24 00:00:00,39,39,10,2500,97500,2010-11-24 00:00:00,1
2010-11-25 00:00:00,2010-11-25 00:00:00,41.5,2010-11-25 00:00:00,40,41.3,83,195100,7933960,2010-11-25 00:00:00,1
2010-11-26 00:00:00,2010-11-26 00:00:00,41.5,2010-11-26 00:00:00,41,41.2,35,59900,2471950,2010-11-26 00:00:00,1
2010-11-29 00:00:00,2010-11-29 00:00:00,42.5,2010-11-29 00:00:00,40.9,41,44,49900,2077160,2010-11-29 00:00:00,1
2010-11-30 00:00:00,2010-11-30 00:00:00,43,2010-11-30 00:00:00,40.8,41.1,36,45500,1905140,2010-11-30 00:00:00,1
2010-12-01 00:00:00,2010-12-01 00:00:00,42.5,2010-12-01 00:00:00,42,42.5,31,37800,1598010,2010-12-01 00:00:00,1
2010-12-02 00:00:00,2010-12-02 00:00:00,42,2010-12-02 00:00:00,40.9,41,26,19600,806180,2010-12-02 00:00:00,1
2010-12-03 00:00:00,2010-12-03 00:00:00,42.2,2010-12-03 00:00:00,41,41.3,9,10900,447100,2010-12-03 00:00:00,1
2010-12-06 00:00:00,2010-12-06 00:00:00,41.3,2010-12-06 00:00:00,41,41.2,8,28100,1158180,2010-12-06 00:00:00,1
2010-12-07 00:00:00,2010-12-07 00:00:00,41.2,2010-12-07 00:00:00,41.1,41.1,14,21700,891970,2010-12-07 00:00:00,1
2010-12-08 00:00:00,2010-12-08 00:00:00,41,2010-12-08 00:00:00,40.9,40.9,17,22900,937260,2010-12-08 00:00:00,1
2010-12-09 00:00:00,2010-12-09 00:00:00,41.5,2010-12-09 00:00:00,41,41.4,9,10300,425070,2010-12-09 00:00:00,1
2010-12-10 00:00:00,2010-12-10 00:00:00,41,2010-12-10 00:00:00,41,41,7,7900,323900,2010-12-10 00:00:00,1
2010-12-13 00:00:00,2010-12-13 00:00:00,41,2010-12-13 00:00:00,40.9,41,7,3900,159840,2010-12-13 00:00:00,1
2010-12-14 00:00:00,2010-12-14 00:00:00,41,2010-12-14 00:00:00,40.9,41,10,4000,163750,2010-12-14 00:00:00,1
2010-12-15 00:00:00,2010-12-15 00:00:00,41,2010-12-15 00:00:00,41,41,8,7200,295200,2010-12-15 00:00:00,1
2010-12-16 00:00:00,2010-12-16 00:00:00,41,2010-12-16 00:00:00,40.9,40.9,10,11800,483000,2010-12-16 00:00:00,1
2010-12-17 00:00:00,2010-12-17 00:00:00,41,2010-12-17 00:00:00,40.8,40.8,5,4000,163400,2010-12-17 00:00:00,1
2010-12-21 00:00:00,2010-12-21 00:00:00,40.9,2010-12-21 00:00:00,40.8,40.9,4,1500,61300,2010-12-21 00:00:00,1
2010-12-22 00:00:00,2010-12-22 00:00:00,42,2010-12-22 00:00:00,41,41.1,14,30900,1273860,2010-12-22 00:00:00,1
2010-12-23 00:00:00,2010-12-23 00:00:00,42.8,2010-12-23 00:00:00,41,41.1,22,59500,2480890,2010-12-23 00:00:00,1
2010-12-24 00:00:00,2010-12-24 00:00:00,42.9,2010-12-24 00:00:00,41,42.5,11,5700,242350,2010-12-24 00:00:00,1
2010-12-27 00:00:00,2010-12-27 00:00:00,48.5,2010-12-27 00:00:00,42.9,44.1,407,568100,25535470,2010-12-27 00:00:00,1
2010-12-28 00:00:00,2010-12-28 00:00:00,45.7,2010-12-28 00:00:00,43.6,43.8,19,9100,404270,2010-12-28 00:00:00,1
2010-12-29 00:00:00,2010-12-29 00:00:00,46,2010-12-29 00:00:00,43.2,43.4,46,48500,2144230,2010-12-29 00:00:00,1
2010-12-30 00:00:00,2010-12-30 00:00:00,44,2010-12-30 00:00:00,42.2,44,27,22700,985230,2010-12-30 00:00:00,1
2010-12-31 00:00:00,2010-12-31 00:00:00,44,2010-12-31 00:00:00,43,43.2,26,21200,921390,2010-12-31 00:00:00,1
Company Id :  LCEM,,Security Type :  N,,Sub Type :  0000,,,,,,
Short Name :  LANKA CEMENT,,,,,,,,,,
Day,Date High,High,Date Low,Low,Closing,No. of Trades,No. of Shares,Turnover,Last Traded,Days Traded
2010-01-04 00:00:00,2010-01-04 00:00:00,24,2010-01-04 00:00:00,23,23,56,74000,1722750,2010-01-04 00:00:00,1
2010-01-05 00:00:00,2010-01-05 00:00:00,24.5,2010-01-05 00:00:00,23,24.25,79,168300,4022925,2010-01-05 00:00:00,1
2010-01-06 00:00:00,2010-01-06 00:00:00,24.5,2010-01-06 00:00:00,23.75,23.75,38,92200,2204700,2010-01-06 00:00:00,1
2010-01-07 00:00:00,2010-01-07 00:00:00,24.25,2010-01-07 00:00:00,23.25,23.75,26,19900,470200,2010-01-07 00:00:00,1
2010-01-08 00:00:00,2010-01-08 00:00:00,24.25,2010-01-08 00:00:00,23.25,23.5,63,67000,1583400,2010-01-08 00:00:00,1
2010-01-11 00:00:00,2010-01-11 00:00:00,24,2010-01-11 00:00:00,23.25,23.25,32,15000,351100,2010-01-11 00:00:00,1
2010-01-12 00:00:00,2010-01-12 00:00:00,23.5,2010-01-12 00:00:00,22.5,22.75,58,44600,1017725,2010-01-12 00:00:00,1
2010-01-13 00:00:00,2010-01-13 00:00:00,23,2010-01-13 00:00:00,22,22.75,83,161800,3606050,2010-01-13 00:00:00,1
2010-01-15 00:00:00,2010-01-15 00:00:00,22.75,2010-01-15 00:00:00,22.25,22.25,49,59400,1331250,2010-01-15 00:00:00,1
2010-01-18 00:00:00,2010-01-18 00:00:00,22.5,2010-01-18 00:00:00,22,22,42,52000,1150125,2010-01-18 00:00:00,1
2010-01-19 00:00:00,2010-01-19 00:00:00,22,2010-01-19 00:00:00,21.5,21.5,37,37400,806825,2010-01-19 00:00:00,1
2010-01-20 00:00:00,2010-01-20 00:00:00,22,2010-01-20 00:00:00,21.5,22,28,60200,1303925,2010-01-20 00:00:00,1
2010-01-21 00:00:00,2010-01-21 00:00:00,22.25,2010-01-21 00:00:00,21.5,22,49,130100,2829000,2010-01-21 00:00:00,1
2010-01-22 00:00:00,2010-01-22 00:00:00,22,2010-01-22 00:00:00,21.25,21.75,43,59200,1279125,2010-01-22 00:00:00,1
2010-01-25 00:00:00,2010-01-25 00:00:00,23.75,2010-01-25 00:00:00,22,23.25,349,734100,16979450,2010-01-25 00:00:00,1
2010-01-26 00:00:00,2010-01-26 00:00:00,23.5,2010-01-26 00:00:00,22.75,23.25,50,86000,1987300,2010-01-26 00:00:00,1
2010-01-28 00:00:00,2010-01-28 00:00:00,31.5,2010-01-28 00:00:00,22.25,29.75,2066,4373300,122024100,2010-01-28 00:00:00,1
2010-02-01 00:00:00,2010-02-01 00:00:00,35.75,2010-02-01 00:00:00,30.5,31.25,2298,5299800,178025025,2010-02-01 00:00:00,1
2010-02-02 00:00:00,2010-02-02 00:00:00,32.5,2010-02-02 00:00:00,28.25,31,862,1760800,54921525,2010-02-02 00:00:00,1
2010-02-03 00:00:00,2010-02-03 00:00:00,31.5,2010-02-03 00:00:00,30,30.5,218,385100,11857900,2010-02-03 00:00:00,1
2010-02-05 00:00:00,2010-02-05 00:00:00,30.75,2010-02-05 00:00:00,29.25,29.5,135,169100,5074575,2010-02-05 00:00:00,1
2010-02-08 00:00:00,2010-02-08 00:00:00,30.25,2010-02-08 00:00:00,28,28.25,260,347000,10046275,2010-02-08 00:00:00,1
2010-02-09 00:00:00,2010-02-09 00:00:00,28.5,2010-02-09 00:00:00,26.75,27.25,311,479700,13169750,2010-02-09 00:00:00,1
2010-02-10 00:00:00,2010-02-10 00:00:00,29.5,2010-02-10 00:00:00,27.5,28.75,241,644800,18623800,2010-02-10 00:00:00,1
2010-02-11 00:00:00,2010-02-11 00:00:00,28.75,2010-02-11 00:00:00,27.25,27.25,50,53100,1470575,2010-02-11 00:00:00,1
2010-02-12 00:00:00,2010-02-12 00:00:00,27.75,2010-02-12 00:00:00,26,27.5,100,152600,4070475,2010-02-12 00:00:00,1
2010-02-15 00:00:00,2010-02-15 00:00:00,28,2010-02-15 00:00:00,27,27.25,59,48300,1327325,2010-02-15 00:00:00,1
2010-02-16 00:00:00,2010-02-16 00:00:00,27,2010-02-16 00:00:00,26.5,26.5,33,36000,962500,2010-02-16 00:00:00,1
2010-02-17 00:00:00,2010-02-17 00:00:00,28,2010-02-17 00:00:00,26.75,27.5,77,82300,2256600,2010-02-17 00:00:00,1
2010-02-18 00:00:00,2010-02-18 00:00:00,28,2010-02-18 00:00:00,26.5,26.75,60,48600,1301200,2010-02-18 00:00:00,1
2010-02-19 00:00:00,2010-02-19 00:00:00,27.5,2010-02-19 00:00:00,26.5,27.25,51,94400,2557950,2010-02-19 00:00:00,1
2010-02-22 00:00:00,2010-02-22 00:00:00,28.25,2010-02-22 00:00:00,26.75,27,83,104600,2856850,2010-02-22 00:00:00,1
2010-02-23 00:00:00,2010-02-23 00:00:00,27.5,2010-02-23 00:00:00,26.75,26.75,37,38800,1042575,2010-02-23 00:00:00,1
2010-02-24 00:00:00,2010-02-24 00:00:00,30.25,2010-02-24 00:00:00,26.5,29,606,1092100,31509050,2010-02-24 00:00:00,1
2010-02-25 00:00:00,2010-02-25 00:00:00,30.5,2010-02-25 00:00:00,29,29,251,387100,11448600,2010-02-25 00:00:00,1
2010-02-26 00:00:00,2010-02-26 00:00:00,30.25,2010-02-26 00:00:00,28.5,30,166,387000,11567150,2010-02-26 00:00:00,1
2010-03-01 00:00:00,2010-03-01 00:00:00,31,2010-03-01 00:00:00,29.5,29.5,85,136500,4099675,2010-03-01 00:00:00,1
2010-03-02 00:00:00,2010-03-02 00:00:00,29.75,2010-03-02 00:00:00,28.25,28.5,48,46500,1332875,2010-03-02 00:00:00,1
2010-03-03 00:00:00,2010-03-03 00:00:00,28.75,2010-03-03 00:00:00,28,28.5,53,62700,1792175,2010-03-03 00:00:00,1
2010-03-04 00:00:00,2010-03-04 00:00:00,28.5,2010-03-04 00:00:00,27.75,28.25,58,78600,2215200,2010-03-04 00:00:00,1
2010-03-05 00:00:00,2010-03-05 00:00:00,28.5,2010-03-05 00:00:00,27.5,28,38,58100,1631450,2010-03-05 00:00:00,1
2010-03-08 00:00:00,2010-03-08 00:00:00,28.5,2010-03-08 00:00:00,27.5,27.5,33,32200,892350,2010-03-08 00:00:00,1
2010-03-09 00:00:00,2010-03-09 00:00:00,27.5,2010-03-09 00:00:00,27,27,39,67500,1829900,2010-03-09 00:00:00,1
2010-03-10 00:00:00,2010-03-10 00:00:00,27.75,2010-03-10 00:00:00,27,27.5,47,75600,2064450,2010-03-10 00:00:00,1
2010-03-11 00:00:00,2010-03-11 00:00:00,28,2010-03-11 00:00:00,27.5,27.5,23,30700,845125,2010-03-11 00:00:00,1
2010-03-12 00:00:00,2010-03-12 00:00:00,28.25,2010-03-12 00:00:00,27.5,27.75,37,44500,1238450,2010-03-12 00:00:00,1
2010-03-15 00:00:00,2010-03-15 00:00:00,27.75,2010-03-15 00:00:00,27.25,27.75,34,51100,1405550,2010-03-15 00:00:00,1
2010-03-16 00:00:00,2010-03-16 00:00:00,27.5,2010-03-16 00:00:00,27,27.25,48,81100,2210325,2010-03-16 00:00:00,1
2010-03-17 00:00:00,2010-03-17 00:00:00,29,2010-03-17 00:00:00,27,27.5,172,432200,12169150,2010-03-17 00:00:00,1
2010-03-18 00:00:00,2010-03-18 00:00:00,27.5,2010-03-18 00:00:00,26.75,27,55,101100,2736425,2010-03-18 00:00:00,1
2010-03-19 00:00:00,2010-03-19 00:00:00,27,2010-03-19 00:00:00,27,27,24,52700,1422900,2010-03-19 00:00:00,1
2010-03-22 00:00:00,2010-03-22 00:00:00,29,2010-03-22 00:00:00,27.5,27.75,215,476800,13536850,2010-03-22 00:00:00,1
2010-03-23 00:00:00,2010-03-23 00:00:00,28.75,2010-03-23 00:00:00,27.5,28,32,60900,1715825,2010-03-23 00:00:00,1
2010-03-24 00:00:00,2010-03-24 00:00:00,27.75,2010-03-24 00:00:00,27,27.75,61,82900,2270100,2010-03-24 00:00:00,1
2010-03-25 00:00:00,2010-03-25 00:00:00,28,2010-03-25 00:00:00,27,27.25,51,145200,3975675,2010-03-25 00:00:00,1
2010-03-26 00:00:00,2010-03-26 00:00:00,27.75,2010-03-26 00:00:00,27,27.5,59,104700,2843600,2010-03-26 00:00:00,1
2010-03-30 00:00:00,2010-03-30 00:00:00,28,2010-03-30 00:00:00,27.5,27.75,46,71900,1991750,2010-03-30 00:00:00,1
2010-03-31 00:00:00,2010-03-31 00:00:00,27.75,2010-03-31 00:00:00,27.25,27.5,54,96200,2636175,2010-03-31 00:00:00,1
2010-04-01 00:00:00,2010-04-01 00:00:00,28,2010-04-01 00:00:00,27.25,27.5,88,215800,5977600,2010-04-01 00:00:00,1
2010-04-05 00:00:00,2010-04-05 00:00:00,28.75,2010-04-05 00:00:00,27.75,28,121,245600,6944175,2010-04-05 00:00:00,1
2010-04-06 00:00:00,2010-04-06 00:00:00,30,2010-04-06 00:00:00,27.75,29.75,308,708500,20684475,2010-04-06 00:00:00,1
2010-04-07 00:00:00,2010-04-07 00:00:00,31,2010-04-07 00:00:00,29.5,30,352,611400,18512475,2010-04-07 00:00:00,1
2010-04-08 00:00:00,2010-04-08 00:00:00,34,2010-04-08 00:00:00,30.5,33,830,1652700,53663275,2010-04-08 00:00:00,1
2010-04-12 00:00:00,2010-04-12 00:00:00,35,2010-04-12 00:00:00,32.25,32.5,643,1634800,55572175,2010-04-12 00:00:00,1
2010-04-15 00:00:00,2010-04-15 00:00:00,32.5,2010-04-15 00:00:00,31.25,31.5,131,201000,6335650,2010-04-15 00:00:00,1
2010-04-16 00:00:00,2010-04-16 00:00:00,32.75,2010-04-16 00:00:00,31,31,101,140800,4416075,2010-04-16 00:00:00,1
2010-04-19 00:00:00,2010-04-19 00:00:00,32,2010-04-19 00:00:00,30.75,31.25,89,154000,4850500,2010-04-19 00:00:00,1
2010-04-20 00:00:00,2010-04-20 00:00:00,32.25,2010-04-20 00:00:00,31.25,31.5,83,86600,2753025,2010-04-20 00:00:00,1
2010-04-21 00:00:00,2010-04-21 00:00:00,33.25,2010-04-21 00:00:00,31,32.5,262,541900,17584950,2010-04-21 00:00:00,1
2010-04-22 00:00:00,2010-04-22 00:00:00,33.25,2010-04-22 00:00:00,32.5,32.5,125,138700,4537400,2010-04-22 00:00:00,1
2010-04-23 00:00:00,2010-04-23 00:00:00,32.75,2010-04-23 00:00:00,31.5,32,60,92200,2951200,2010-04-23 00:00:00,1
2010-04-26 00:00:00,2010-04-26 00:00:00,32,2010-04-26 00:00:00,31.25,31.5,55,109500,3456450,2010-04-26 00:00:00,1
2010-04-27 00:00:00,2010-04-27 00:00:00,33,2010-04-27 00:00:00,31,31.75,51,77600,2470525,2010-04-27 00:00:00,1
2010-04-29 00:00:00,2010-04-29 00:00:00,33.25,2010-04-29 00:00:00,31.25,32,171,430900,14060200,2010-04-29 00:00:00,1
2010-04-30 00:00:00,2010-04-30 00:00:00,32,2010-04-30 00:00:00,32,32,33,53500,1712000,2010-04-30 00:00:00,1
2010-05-03 00:00:00,2010-05-03 00:00:00,32.5,2010-05-03 00:00:00,31.5,31.75,108,277700,8840600,2010-05-03 00:00:00,1
2010-05-04 00:00:00,2010-05-04 00:00:00,32.75,2010-05-04 00:00:00,31.25,32.25,123,158800,5082925,2010-05-04 00:00:00,1
2010-05-05 00:00:00,2010-05-05 00:00:00,32.75,2010-05-05 00:00:00,31,31,120,335200,10519600,2010-05-05 00:00:00,1
2010-05-06 00:00:00,2010-05-06 00:00:00,32,2010-05-06 00:00:00,30.5,31.25,93,220900,6901400,2010-05-06 00:00:00,1
2010-05-07 00:00:00,2010-05-07 00:00:00,35,2010-05-07 00:00:00,30.75,31,74,150300,4685450,2010-05-07 00:00:00,1
2010-05-10 00:00:00,2010-05-10 00:00:00,32.25,2010-05-10 00:00:00,31,31.25,71,151100,4756675,2010-05-10 00:00:00,1
2010-05-11 00:00:00,2010-05-11 00:00:00,31,2010-05-11 00:00:00,30.75,30.75,26,25300,779600,2010-05-11 00:00:00,1
2010-05-12 00:00:00,2010-05-12 00:00:00,31,2010-05-12 00:00:00,30,30.25,49,73400,2231475,2010-05-12 00:00:00,1
2010-05-13 00:00:00,2010-05-13 00:00:00,30.5,2010-05-13 00:00:00,30,30,44,49900,1497750,2010-05-13 00:00:00,1
2010-05-14 00:00:00,2010-05-14 00:00:00,30.75,2010-05-14 00:00:00,29.5,30,36,46400,1390275,2010-05-14 00:00:00,1
2010-05-17 00:00:00,2010-05-17 00:00:00,31,2010-05-17 00:00:00,29.5,29.75,13,22800,683500,2010-05-17 00:00:00,1
2010-05-18 00:00:00,2010-05-18 00:00:00,29.75,2010-05-18 00:00:00,29.5,29.5,43,31200,921775,2010-05-18 00:00:00,1
2010-05-19 00:00:00,2010-05-19 00:00:00,29.5,2010-05-19 00:00:00,28.75,28.75,64,91500,2652200,2010-05-19 00:00:00,1
2010-05-20 00:00:00,2010-05-20 00:00:00,29.75,2010-05-20 00:00:00,28.75,28.75,86,108300,3143200,2010-05-20 00:00:00,1
2010-05-21 00:00:00,2010-05-21 00:00:00,28.75,2010-05-21 00:00:00,28.5,28.5,26,60100,1713575,2010-05-21 00:00:00,1
2010-05-24 00:00:00,2010-05-24 00:00:00,28.75,2010-05-24 00:00:00,28.25,28.5,21,34100,967150,2010-05-24 00:00:00,1
2010-05-25 00:00:00,2010-05-25 00:00:00,28.75,2010-05-25 00:00:00,28.5,28.5,14,21600,619600,2010-05-25 00:00:00,1
2010-05-26 00:00:00,2010-05-26 00:00:00,29,2010-05-26 00:00:00,28,28,42,101000,2855975,2010-05-26 00:00:00,1
2010-05-31 00:00:00,2010-05-31 00:00:00,29.5,2010-05-31 00:00:00,28,28,69,133800,3755775,2010-05-31 00:00:00,1
2010-06-01 00:00:00,2010-06-01 00:00:00,30,2010-06-01 00:00:00,28,29.5,63,140900,4112375,2010-06-01 00:00:00,1
2010-06-02 00:00:00,2010-06-02 00:00:00,29.5,2010-06-02 00:00:00,28.5,28.5,14,12300,354125,2010-06-02 00:00:00,1
2010-06-03 00:00:00,2010-06-03 00:00:00,29.5,2010-06-03 00:00:00,28.5,29.5,32,35400,1027125,2010-06-03 00:00:00,1
2010-06-04 00:00:00,2010-06-04 00:00:00,29,2010-06-04 00:00:00,28.25,28.5,26,22100,630500,2010-06-04 00:00:00,1
2010-06-07 00:00:00,2010-06-07 00:00:00,29,2010-06-07 00:00:00,28,28.25,60,90000,2539825,2010-06-07 00:00:00,1
2010-06-08 00:00:00,2010-06-08 00:00:00,28.5,2010-06-08 00:00:00,28,28,46,69100,1945725,2010-06-08 00:00:00,1
2010-06-09 00:00:00,2010-06-09 00:00:00,28.25,2010-06-09 00:00:00,27.75,27.75,48,61000,1705875,2010-06-09 00:00:00,1
2010-06-10 00:00:00,2010-06-10 00:00:00,28,2010-06-10 00:00:00,27.75,27.75,30,35700,998200,2010-06-10 00:00:00,1
2010-06-11 00:00:00,2010-06-11 00:00:00,28,2010-06-11 00:00:00,27.25,28,55,73300,2021350,2010-06-11 00:00:00,1
2010-06-14 00:00:00,2010-06-14 00:00:00,28,2010-06-14 00:00:00,27.25,27.75,52,87600,2434100,2010-06-14 00:00:00,1
2010-06-15 00:00:00,2010-06-15 00:00:00,28.75,2010-06-15 00:00:00,27.5,28.5,110,207400,5847525,2010-06-15 00:00:00,1
2010-06-16 00:00:00,2010-06-16 00:00:00,29.25,2010-06-16 00:00:00,27.75,28.25,50,40200,1153575,2010-06-16 00:00:00,1
2010-06-17 00:00:00,2010-06-17 00:00:00,30.5,2010-06-17 00:00:00,28.25,28.75,191,356100,10533025,2010-06-17 00:00:00,1
2010-06-21 00:00:00,2010-06-21 00:00:00,30,2010-06-21 00:00:00,28.75,29,58,137600,4036575,2010-06-21 00:00:00,1
2010-06-22 00:00:00,2010-06-22 00:00:00,30,2010-06-22 00:00:00,28.5,29,36,37200,1088075,2010-06-22 00:00:00,1
2010-06-23 00:00:00,2010-06-23 00:00:00,29.5,2010-06-23 00:00:00,28,28.25,32,70400,2003350,2010-06-23 00:00:00,1
2010-06-24 00:00:00,2010-06-24 00:00:00,28.75,2010-06-24 00:00:00,27.5,28,46,68100,1898200,2010-06-24 00:00:00,1
2010-06-28 00:00:00,2010-06-28 00:00:00,28.5,2010-06-28 00:00:00,27.5,27.5,53,110500,3114650,2010-06-28 00:00:00,1
2010-06-29 00:00:00,2010-06-29 00:00:00,28.75,2010-06-29 00:00:00,27.75,28,40,52900,1499225,2010-06-29 00:00:00,1
2010-06-30 00:00:00,2010-06-30 00:00:00,29,2010-06-30 00:00:00,27.5,27.75,71,119600,3402025,2010-06-30 00:00:00,1
2010-07-01 00:00:00,2010-07-01 00:00:00,28.75,2010-07-01 00:00:00,27.5,27.5,25,52300,1453475,2010-07-01 00:00:00,1
2010-07-02 00:00:00,2010-07-02 00:00:00,28.25,2010-07-02 00:00:00,27,27.75,28,27700,760000,2010-07-02 00:00:00,1
2010-07-05 00:00:00,2010-07-05 00:00:00,28.5,2010-07-05 00:00:00,27.5,27.75,50,80000,2235600,2010-07-05 00:00:00,1
2010-07-06 00:00:00,2010-07-06 00:00:00,28,2010-07-06 00:00:00,27.5,27.5,39,88100,2438350,2010-07-06 00:00:00,1
2010-07-07 00:00:00,2010-07-07 00:00:00,28,2010-07-07 00:00:00,26.5,26.5,77,151300,4075050,2010-07-07 00:00:00,1
2010-07-08 00:00:00,2010-07-08 00:00:00,27.5,2010-07-08 00:00:00,26.75,27,21,31900,861450,2010-07-08 00:00:00,1
2010-07-09 00:00:00,2010-07-09 00:00:00,27,2010-07-09 00:00:00,26.75,26.75,26,48500,1301550,2010-07-09 00:00:00,1
2010-07-12 00:00:00,2010-07-12 00:00:00,27.5,2010-07-12 00:00:00,26.5,26.75,26,44700,1197725,2010-07-12 00:00:00,1
2010-07-13 00:00:00,2010-07-13 00:00:00,27.5,2010-07-13 00:00:00,26.75,27,28,66100,1786275,2010-07-13 00:00:00,1
2010-07-14 00:00:00,2010-07-14 00:00:00,28.5,2010-07-14 00:00:00,26.5,27.75,161,349200,9644575,2010-07-14 00:00:00,1
2010-07-15 00:00:00,2010-07-15 00:00:00,28,2010-07-15 00:00:00,27,27.5,52,111800,3051425,2010-07-15 00:00:00,1
2010-07-16 00:00:00,2010-07-16 00:00:00,27.75,2010-07-16 00:00:00,27,27,72,119200,3236200,2010-07-16 00:00:00,1
2010-07-19 00:00:00,2010-07-19 00:00:00,27.5,2010-07-19 00:00:00,26.5,26.5,123,230800,6154550,2010-07-19 00:00:00,1
2010-07-20 00:00:00,2010-07-20 00:00:00,28.25,2010-07-20 00:00:00,27,27.75,70,185800,5151975,2010-07-20 00:00:00,1
2010-07-21 00:00:00,2010-07-21 00:00:00,28.25,2010-07-21 00:00:00,27,28.25,63,104400,2926050,2010-07-21 00:00:00,1
2010-07-22 00:00:00,2010-07-22 00:00:00,28.5,2010-07-22 00:00:00,27.5,27.5,66,166800,4668550,2010-07-22 00:00:00,1
2010-07-23 00:00:00,2010-07-23 00:00:00,28.5,2010-07-23 00:00:00,27.5,28,34,54200,1517700,2010-07-23 00:00:00,1
2010-07-26 00:00:00,2010-07-26 00:00:00,31.5,2010-07-26 00:00:00,27.75,30.5,593,1680100,50753925,2010-07-26 00:00:00,1
2010-07-27 00:00:00,2010-07-27 00:00:00,30.75,2010-07-27 00:00:00,29.5,30,146,273500,8221525,2010-07-27 00:00:00,1
2010-07-28 00:00:00,2010-07-28 00:00:00,31.25,2010-07-28 00:00:00,29.25,30.75,221,489700,14935375,2010-07-28 00:00:00,1
2010-07-29 00:00:00,2010-07-29 00:00:00,31.5,2010-07-29 00:00:00,29.5,30.25,156,251400,7696950,2010-07-29 00:00:00,1
2010-07-30 00:00:00,2010-07-30 00:00:00,31.25,2010-07-30 00:00:00,29.5,29.75,129,175300,5319925,2010-07-30 00:00:00,1
2010-08-02 00:00:00,2010-08-02 00:00:00,36.8,2010-08-02 00:00:00,29.5,34,1207,3596500,121360320,2010-08-02 00:00:00,1
2010-08-03 00:00:00,2010-08-03 00:00:00,37,2010-08-03 00:00:00,30,31.8,592,1411500,48753180,2010-08-03 00:00:00,1
2010-08-04 00:00:00,2010-08-04 00:00:00,34,2010-08-04 00:00:00,30,32.8,168,218900,7274360,2010-08-04 00:00:00,1
2010-08-05 00:00:00,2010-08-05 00:00:00,33.5,2010-08-05 00:00:00,29.5,30.6,168,294600,8913480,2010-08-05 00:00:00,1
2010-08-06 00:00:00,2010-08-06 00:00:00,31.9,2010-08-06 00:00:00,29.1,29.6,106,174900,5210780,2010-08-06 00:00:00,1
2010-08-09 00:00:00,2010-08-09 00:00:00,29.1,2010-08-09 00:00:00,26.7,27,200,374100,10098240,2010-08-09 00:00:00,1
2010-08-10 00:00:00,2010-08-10 00:00:00,29.7,2010-08-10 00:00:00,26,29.7,141,378100,10636630,2010-08-10 00:00:00,1
2010-08-11 00:00:00,2010-08-11 00:00:00,31.8,2010-08-11 00:00:00,29,29.4,164,328600,9997920,2010-08-11 00:00:00,1
2010-08-12 00:00:00,2010-08-12 00:00:00,30.9,2010-08-12 00:00:00,28.5,30.3,58,50300,1507640,2010-08-12 00:00:00,1
2010-08-13 00:00:00,2010-08-13 00:00:00,31.5,2010-08-13 00:00:00,29.6,30.9,51,62800,1938930,2010-08-13 00:00:00,1
2010-08-16 00:00:00,2010-08-16 00:00:00,31.7,2010-08-16 00:00:00,29.7,29.8,28,27900,840980,2010-08-16 00:00:00,1
2010-08-17 00:00:00,2010-08-17 00:00:00,30.5,2010-08-17 00:00:00,30,30,27,57600,1731290,2010-08-17 00:00:00,1
2010-08-18 00:00:00,2010-08-18 00:00:00,30.5,2010-08-18 00:00:00,29,30.2,61,108600,3236710,2010-08-18 00:00:00,1
2010-08-19 00:00:00,2010-08-19 00:00:00,31.7,2010-08-19 00:00:00,29.2,30.6,159,423400,13056430,2010-08-19 00:00:00,1
2010-08-20 00:00:00,2010-08-20 00:00:00,32,2010-08-20 00:00:00,30.5,30.5,104,217400,6793620,2010-08-20 00:00:00,1
2010-08-23 00:00:00,2010-08-23 00:00:00,30.5,2010-08-23 00:00:00,29.7,29.8,36,65900,1982660,2010-08-23 00:00:00,1
2010-08-25 00:00:00,2010-08-25 00:00:00,30,2010-08-25 00:00:00,29.1,29.2,72,92100,2701170,2010-08-25 00:00:00,1
2010-08-26 00:00:00,2010-08-26 00:00:00,30,2010-08-26 00:00:00,29,29.2,23,14600,427260,2010-08-26 00:00:00,1
2010-08-27 00:00:00,2010-08-27 00:00:00,30.2,2010-08-27 00:00:00,29.1,29.3,59,107900,3223250,2010-08-27 00:00:00,1
2010-08-30 00:00:00,2010-08-30 00:00:00,30,2010-08-30 00:00:00,29,29.1,52,96500,2824540,2010-08-30 00:00:00,1
2010-08-31 00:00:00,2010-08-31 00:00:00,30.5,2010-08-31 00:00:00,29,30.2,27,34000,1011560,2010-08-31 00:00:00,1
2010-09-01 00:00:00,2010-09-01 00:00:00,30.5,2010-09-01 00:00:00,29.9,29.9,36,57200,1722100,2010-09-01 00:00:00,1
2010-09-02 00:00:00,2010-09-02 00:00:00,30.8,2010-09-02 00:00:00,29,30.6,76,159500,4816000,2010-09-02 00:00:00,1
2010-09-03 00:00:00,2010-09-03 00:00:00,32.5,2010-09-03 00:00:00,30.5,32,254,486100,15444910,2010-09-03 00:00:00,1
2010-09-06 00:00:00,2010-09-06 00:00:00,33.5,2010-09-06 00:00:00,30.9,31.5,58,113500,3554820,2010-09-06 00:00:00,1
2010-09-07 00:00:00,2010-09-07 00:00:00,33.4,2010-09-07 00:00:00,30,30.5,58,133300,4088100,2010-09-07 00:00:00,1
2010-09-08 00:00:00,2010-09-08 00:00:00,31.5,2010-09-08 00:00:00,30,30.1,72,110600,3339390,2010-09-08 00:00:00,1
2010-09-09 00:00:00,2010-09-09 00:00:00,31.2,2010-09-09 00:00:00,29.5,29.9,113,206000,6289770,2010-09-09 00:00:00,1
2010-09-13 00:00:00,2010-09-13 00:00:00,31,2010-09-13 00:00:00,29,29.3,96,201000,5933970,2010-09-13 00:00:00,1
2010-09-14 00:00:00,2010-09-14 00:00:00,30,2010-09-14 00:00:00,28.2,29.5,53,103700,3013100,2010-09-14 00:00:00,1
2010-09-15 00:00:00,2010-09-15 00:00:00,29.5,2010-09-15 00:00:00,28.4,28.8,76,74600,2145420,2010-09-15 00:00:00,1
2010-09-16 00:00:00,2010-09-16 00:00:00,30.5,2010-09-16 00:00:00,29,29.2,84,281400,8258210,2010-09-16 00:00:00,1
2010-09-17 00:00:00,2010-09-17 00:00:00,30.1,2010-09-17 00:00:00,29,29.5,93,151100,4411450,2010-09-17 00:00:00,1
2010-09-20 00:00:00,2010-09-20 00:00:00,30.2,2010-09-20 00:00:00,28.8,29.1,82,93100,2711920,2010-09-20 00:00:00,1
2010-09-21 00:00:00,2010-09-21 00:00:00,30.9,2010-09-21 00:00:00,29,29.1,92,179200,5299620,2010-09-21 00:00:00,1
2010-09-23 00:00:00,2010-09-23 00:00:00,29.5,2010-09-23 00:00:00,28.5,28.7,67,157400,4551590,2010-09-23 00:00:00,1
2010-09-24 00:00:00,2010-09-24 00:00:00,29,2010-09-24 00:00:00,28.1,28.4,56,98000,2795270,2010-09-24 00:00:00,1
2010-09-27 00:00:00,2010-09-27 00:00:00,29,2010-09-27 00:00:00,28,28.8,51,49200,1391120,2010-09-27 00:00:00,1
2010-09-28 00:00:00,2010-09-28 00:00:00,29,2010-09-28 00:00:00,28,28.1,63,89600,2523900,2010-09-28 00:00:00,1
2010-09-29 00:00:00,2010-09-29 00:00:00,28.5,2010-09-29 00:00:00,27.5,27.6,93,184900,5130100,2010-09-29 00:00:00,1
2010-09-30 00:00:00,2010-09-30 00:00:00,28.5,2010-09-30 00:00:00,27.3,28,125,360500,10008150,2010-09-30 00:00:00,1
2010-10-01 00:00:00,2010-10-01 00:00:00,28.9,2010-10-01 00:00:00,27.9,28,56,154200,4322040,2010-10-01 00:00:00,1
2010-10-04 00:00:00,2010-10-04 00:00:00,28,2010-10-04 00:00:00,27,27.4,55,117000,3216510,2010-10-04 00:00:00,1
2010-10-05 00:00:00,2010-10-05 00:00:00,28,2010-10-05 00:00:00,27,27.7,86,142200,3858690,2010-10-05 00:00:00,1
2010-10-06 00:00:00,2010-10-06 00:00:00,29,2010-10-06 00:00:00,27,27.3,97,232500,6532590,2010-10-06 00:00:00,1
2010-10-07 00:00:00,2010-10-07 00:00:00,28,2010-10-07 00:00:00,26.7,27,62,65100,1766750,2010-10-07 00:00:00,1
2010-10-08 00:00:00,2010-10-08 00:00:00,27.1,2010-10-08 00:00:00,26.4,27.1,22,21400,568380,2010-10-08 00:00:00,1
2010-10-11 00:00:00,2010-10-11 00:00:00,27.7,2010-10-11 00:00:00,27,27.1,29,23900,647880,2010-10-11 00:00:00,1
2010-10-12 00:00:00,2010-10-12 00:00:00,27.5,2010-10-12 00:00:00,24,24.3,126,236000,5964430,2010-10-12 00:00:00,1
2010-10-13 00:00:00,2010-10-13 00:00:00,26,2010-10-13 00:00:00,23,25.8,82,92700,2239400,2010-10-13 00:00:00,1
2010-10-14 00:00:00,2010-10-14 00:00:00,26.5,2010-10-14 00:00:00,25,25.7,32,32800,846390,2010-10-14 00:00:00,1
2010-10-15 00:00:00,2010-10-15 00:00:00,26,2010-10-15 00:00:00,25,25.3,34,55800,1425530,2010-10-15 00:00:00,1
2010-10-18 00:00:00,2010-10-18 00:00:00,26,2010-10-18 00:00:00,25,25,23,35700,893110,2010-10-18 00:00:00,1
2010-10-19 00:00:00,2010-10-19 00:00:00,26.8,2010-10-19 00:00:00,25,26.1,48,99400,2577450,2010-10-19 00:00:00,1
2010-10-20 00:00:00,2010-10-20 00:00:00,27.5,2010-10-20 00:00:00,25.5,25.8,62,143100,3801510,2010-10-20 00:00:00,1
2010-10-21 00:00:00,2010-10-21 00:00:00,27,2010-10-21 00:00:00,25.5,25.7,29,48300,1278950,2010-10-21 00:00:00,1
2010-10-25 00:00:00,2010-10-25 00:00:00,26,2010-10-25 00:00:00,25.3,25.4,20,49900,1268720,2010-10-25 00:00:00,1
2010-10-26 00:00:00,2010-10-26 00:00:00,26.2,2010-10-26 00:00:00,25,25,21,77700,1972920,2010-10-26 00:00:00,1
2010-10-27 00:00:00,2010-10-27 00:00:00,26,2010-10-27 00:00:00,24.8,25,27,21300,533960,2010-10-27 00:00:00,1
2010-10-28 00:00:00,2010-10-28 00:00:00,25.5,2010-10-28 00:00:00,24.1,24.2,31,16800,411860,2010-10-28 00:00:00,1
2010-10-29 00:00:00,2010-10-29 00:00:00,25.9,2010-10-29 00:00:00,24.2,25.6,38,41900,1048600,2010-10-29 00:00:00,1
2010-11-01 00:00:00,2010-11-01 00:00:00,25.7,2010-11-01 00:00:00,24.5,25.3,16,30800,778470,2010-11-01 00:00:00,1
2010-11-02 00:00:00,2010-11-02 00:00:00,25.9,2010-11-02 00:00:00,25.1,25.1,21,29100,735060,2010-11-02 00:00:00,1
2010-11-03 00:00:00,2010-11-03 00:00:00,25.3,2010-11-03 00:00:00,25,25.1,17,39200,983570,2010-11-03 00:00:00,1
2010-11-04 00:00:00,2010-11-04 00:00:00,26.2,2010-11-04 00:00:00,25,26,31,66400,1721730,2010-11-04 00:00:00,1
2010-11-08 00:00:00,2010-11-08 00:00:00,26,2010-11-08 00:00:00,25.5,25.8,7,5900,150900,2010-11-08 00:00:00,1
2010-11-09 00:00:00,2010-11-09 00:00:00,25.8,2010-11-09 00:00:00,25.1,25.3,11,9800,247310,2010-11-09 00:00:00,1
2010-11-10 00:00:00,2010-11-10 00:00:00,26.4,2010-11-10 00:00:00,25,25.1,11,14600,366080,2010-11-10 00:00:00,1
2010-11-11 00:00:00,2010-11-11 00:00:00,25,2010-11-11 00:00:00,25,25,2,1100,27500,2010-11-11 00:00:00,1
2010-11-12 00:00:00,2010-11-12 00:00:00,25.4,2010-11-12 00:00:00,25,25.3,15,14500,363930,2010-11-12 00:00:00,1
2010-11-15 00:00:00,2010-11-15 00:00:00,25,2010-11-15 00:00:00,24.9,24.9,7,8300,207490,2010-11-15 00:00:00,1
2010-11-16 00:00:00,2010-11-16 00:00:00,25,2010-11-16 00:00:00,24.3,24.5,25,61300,1526080,2010-11-16 00:00:00,1
2010-11-18 00:00:00,2010-11-18 00:00:00,26.6,2010-11-18 00:00:00,25,26.3,83,122200,3185610,2010-11-18 00:00:00,1
2010-11-22 00:00:00,2010-11-22 00:00:00,26.2,2010-11-22 00:00:00,25.2,25.9,13,18500,479950,2010-11-22 00:00:00,1
2010-11-23 00:00:00,2010-11-23 00:00:00,26,2010-11-23 00:00:00,24.2,24.6,37,58100,1443550,2010-11-23 00:00:00,1
2010-11-24 00:00:00,2010-11-24 00:00:00,24.8,2010-11-24 00:00:00,24.2,24.8,3,6100,150240,2010-11-24 00:00:00,1
2010-11-25 00:00:00,2010-11-25 00:00:00,25,2010-11-25 00:00:00,24.9,24.9,9,8600,214220,2010-11-25 00:00:00,1
2010-11-26 00:00:00,2010-11-26 00:00:00,25.5,2010-11-26 00:00:00,24.2,24.3,11,13700,340240,2010-11-26 00:00:00,1
2010-11-29 00:00:00,2010-11-29 00:00:00,24.2,2010-11-29 00:00:00,22.8,22.9,60,121000,2827070,2010-11-29 00:00:00,1
2010-11-30 00:00:00,2010-11-30 00:00:00,24.9,2010-11-30 00:00:00,22.5,24.4,79,269800,6367130,2010-11-30 00:00:00,1
2010-12-01 00:00:00,2010-12-01 00:00:00,26,2010-12-01 00:00:00,25.9,25.9,25,34600,899250,2010-12-01 00:00:00,1
2010-12-02 00:00:00,2010-12-02 00:00:00,26,2010-12-02 00:00:00,25,25,15,10600,268190,2010-12-02 00:00:00,1
2010-12-03 00:00:00,2010-12-03 00:00:00,24.5,2010-12-03 00:00:00,24.5,24.5,1,1000,24500,2010-12-03 00:00:00,1
2010-12-06 00:00:00,2010-12-06 00:00:00,24.5,2010-12-06 00:00:00,24.1,24.1,8,2800,67540,2010-12-06 00:00:00,1
2010-12-07 00:00:00,2010-12-07 00:00:00,25,2010-12-07 00:00:00,23.8,24.3,28,23700,573090,2010-12-07 00:00:00,1
2010-12-08 00:00:00,2010-12-08 00:00:00,25,2010-12-08 00:00:00,24,24.5,37,51100,1260940,2010-12-08 00:00:00,1
2010-12-09 00:00:00,2010-12-09 00:00:00,24.5,2010-12-09 00:00:00,23.9,24.5,27,42700,1022060,2010-12-09 00:00:00,1
2010-12-10 00:00:00,2010-12-10 00:00:00,25,2010-12-10 00:00:00,24,24.8,27,22200,538230,2010-12-10 00:00:00,1
2010-12-13 00:00:00,2010-12-13 00:00:00,27.3,2010-12-13 00:00:00,24.8,26.5,512,781900,20959690,2010-12-13 00:00:00,1
2010-12-14 00:00:00,2010-12-14 00:00:00,27.3,2010-12-14 00:00:00,26.2,26.3,46,45800,1226310,2010-12-14 00:00:00,1
2010-12-15 00:00:00,2010-12-15 00:00:00,26.8,2010-12-15 00:00:00,25.5,25.5,18,48900,1254460,2010-12-15 00:00:00,1
2010-12-16 00:00:00,2010-12-16 00:00:00,25.8,2010-12-16 00:00:00,25.1,25.1,13,3300,83110,2010-12-16 00:00:00,1
2010-12-17 00:00:00,2010-12-17 00:00:00,26,2010-12-17 00:00:00,25.2,25.4,18,55400,1404860,2010-12-17 00:00:00,1
2010-12-21 00:00:00,2010-12-21 00:00:00,26.8,2010-12-21 00:00:00,25.4,26.2,21,57300,1489510,2010-12-21 00:00:00,1
2010-12-22 00:00:00,2010-12-22 00:00:00,28.4,2010-12-22 00:00:00,26.6,28,176,496200,13725670,2010-12-22 00:00:00,1
2010-12-23 00:00:00,2010-12-23 00:00:00,28.2,2010-12-23 00:00:00,27.9,28,78,322000,9017780,2010-12-23 00:00:00,1
2010-12-24 00:00:00,2010-12-24 00:00:00,28.5,2010-12-24 00:00:00,28,28.3,48,117400,3306220,2010-12-24 00:00:00,1
2010-12-27 00:00:00,2010-12-27 00:00:00,29.2,2010-12-27 00:00:00,28.5,29,80,145200,4206850,2010-12-27 00:00:00,1
2010-12-28 00:00:00,2010-12-28 00:00:00,29.2,2010-12-28 00:00:00,29,29.1,75,256100,7432480,2010-12-28 00:00:00,1
2010-12-29 00:00:00,2010-12-29 00:00:00,29,2010-12-29 00:00:00,27,29,64,183600,5158500,2010-12-29 00:00:00,1
2010-12-30 00:00:00,2010-12-30 00:00:00,28,2010-12-30 00:00:00,27.2,27.6,28,30700,851700,2010-12-30 00:00:00,1
2010-12-31 00:00:00,2010-12-31 00:00:00,28.2,2010-12-31 00:00:00,27.5,28,27,80700,2254630,2010-12-31 00:00:00,1
Company Id :  LCEY,,Security Type :  N,,Sub Type :  0000,,,,,,
Short Name :  LANKEM CEYLON,,,,,,,,,,
Day,Date High,High,Date Low,Low,Closing,No. of Trades,No. of Shares,Turnover,Last Traded,Days Traded
2010-01-04 00:00:00,2010-01-04 00:00:00,44.75,2010-01-04 00:00:00,43.5,44,29,26700,1184050,2010-01-04 00:00:00,1
2010-01-05 00:00:00,2010-01-05 00:00:00,45,2010-01-05 00:00:00,43,43.5,47,64600,2838650,2010-01-05 00:00:00,1
2010-01-06 00:00:00,2010-01-06 00:00:00,44.25,2010-01-06 00:00:00,42.75,43.75,16,25200,1099400,2010-01-06 00:00:00,1
2010-01-07 00:00:00,2010-01-07 00:00:00,43,2010-01-07 00:00:00,42.5,43,33,44600,1916675,2010-01-07 00:00:00,1
2010-01-08 00:00:00,2010-01-08 00:00:00,43.5,2010-01-08 00:00:00,42,42,9,5000,210800,2010-01-08 00:00:00,1
2010-01-11 00:00:00,2010-01-11 00:00:00,42,2010-01-11 00:00:00,41,41.25,7,5600,230550,2010-01-11 00:00:00,1
2010-01-12 00:00:00,2010-01-12 00:00:00,45,2010-01-12 00:00:00,41.5,44.5,63,101900,4490425,2010-01-12 00:00:00,1
2010-01-13 00:00:00,2010-01-13 00:00:00,44,2010-01-13 00:00:00,44,44,22,34500,1518000,2010-01-13 00:00:00,1
2010-01-15 00:00:00,2010-01-15 00:00:00,45.5,2010-01-15 00:00:00,43.5,45,64,102600,4590375,2010-01-15 00:00:00,1
2010-01-18 00:00:00,2010-01-18 00:00:00,45,2010-01-18 00:00:00,44.25,44.75,12,12900,577600,2010-01-18 00:00:00,1
2010-01-19 00:00:00,2010-01-19 00:00:00,45,2010-01-19 00:00:00,43.25,43.5,43,110200,4892125,2010-01-19 00:00:00,1
2010-01-20 00:00:00,2010-01-20 00:00:00,44.75,2010-01-20 00:00:00,42.5,42.5,11,17400,762375,2010-01-20 00:00:00,1
2010-01-21 00:00:00,2010-01-21 00:00:00,47.25,2010-01-21 00:00:00,44.5,45.75,137,180100,8178375,2010-01-21 00:00:00,1
2010-01-22 00:00:00,2010-01-22 00:00:00,53.75,2010-01-22 00:00:00,46.25,48.25,849,1063700,53185350,2010-01-22 00:00:00,1
2010-01-25 00:00:00,2010-01-25 00:00:00,48.25,2010-01-25 00:00:00,44.75,46,50,55500,2514600,2010-01-25 00:00:00,1
2010-01-26 00:00:00,2010-01-26 00:00:00,46,2010-01-26 00:00:00,44.25,45,29,23800,1062675,2010-01-26 00:00:00,1
2010-01-28 00:00:00,2010-01-28 00:00:00,45,2010-01-28 00:00:00,44,45,16,19300,863050,2010-01-28 00:00:00,1
2010-02-01 00:00:00,2010-02-01 00:00:00,47.5,2010-02-01 00:00:00,45,47,40,40900,1911300,2010-02-01 00:00:00,1
2010-02-02 00:00:00,2010-02-02 00:00:00,48.5,2010-02-02 00:00:00,45,46.75,62,50200,2377225,2010-02-02 00:00:00,1
2010-02-03 00:00:00,2010-02-03 00:00:00,47.5,2010-02-03 00:00:00,46.5,47,11,19800,928850,2010-02-03 00:00:00,1
2010-02-05 00:00:00,2010-02-05 00:00:00,47,2010-02-05 00:00:00,45,46,18,27400,1247475,2010-02-05 00:00:00,1
2010-02-08 00:00:00,2010-02-08 00:00:00,51,2010-02-08 00:00:00,47,50,137,133600,6592125,2010-02-08 00:00:00,1
2010-02-09 00:00:00,2010-02-09 00:00:00,50.5,2010-02-09 00:00:00,48,49.5,66,92400,4563625,2010-02-09 00:00:00,1
2010-02-10 00:00:00,2010-02-10 00:00:00,50.25,2010-02-10 00:00:00,48.5,48.5,35,53100,2621375,2010-02-10 00:00:00,1
2010-02-11 00:00:00,2010-02-11 00:00:00,49,2010-02-11 00:00:00,46,46.5,31,39300,1870475,2010-02-11 00:00:00,1
2010-02-12 00:00:00,2010-02-12 00:00:00,57,2010-02-12 00:00:00,47,54.75,652,691600,36891475,2010-02-12 00:00:00,1
2010-02-15 00:00:00,2010-02-15 00:00:00,62,2010-02-15 00:00:00,56,58,457,439500,25993900,2010-02-15 00:00:00,1
2010-02-16 00:00:00,2010-02-16 00:00:00,57.5,2010-02-16 00:00:00,55,55,65,74700,4191675,2010-02-16 00:00:00,1
2010-02-17 00:00:00,2010-02-17 00:00:00,55.25,2010-02-17 00:00:00,53,53.5,63,64100,3479950,2010-02-17 00:00:00,1
2010-02-18 00:00:00,2010-02-18 00:00:00,61,2010-02-18 00:00:00,52,58.75,235,231800,13756000,2010-02-18 00:00:00,1
2010-02-19 00:00:00,2010-02-19 00:00:00,68,2010-02-19 00:00:00,60,66.5,502,524700,34222700,2010-02-19 00:00:00,1
2010-02-22 00:00:00,2010-02-22 00:00:00,73,2010-02-22 00:00:00,67,68.75,310,275900,19463975,2010-02-22 00:00:00,1
2010-02-23 00:00:00,2010-02-23 00:00:00,70,2010-02-23 00:00:00,65,66.25,110,104800,6892950,2010-02-23 00:00:00,1
2010-02-24 00:00:00,2010-02-24 00:00:00,68.5,2010-02-24 00:00:00,64.5,65,44,30400,2013425,2010-02-24 00:00:00,1
2010-02-25 00:00:00,2010-02-25 00:00:00,66,2010-02-25 00:00:00,64,65.5,34,53700,3506400,2010-02-25 00:00:00,1
2010-02-26 00:00:00,2010-02-26 00:00:00,65.25,2010-02-26 00:00:00,65,65,7,2900,188675,2010-02-26 00:00:00,1
2010-03-01 00:00:00,2010-03-01 00:00:00,65.5,2010-03-01 00:00:00,64.25,65,44,55800,3628625,2010-03-01 00:00:00,1
2010-03-02 00:00:00,2010-03-02 00:00:00,65,2010-03-02 00:00:00,64,64,39,37400,2413550,2010-03-02 00:00:00,1
2010-03-03 00:00:00,2010-03-03 00:00:00,66.5,2010-03-03 00:00:00,64,65,63,55800,3635700,2010-03-03 00:00:00,1
2010-03-04 00:00:00,2010-03-04 00:00:00,65,2010-03-04 00:00:00,63.5,64,24,22200,1425150,2010-03-04 00:00:00,1
2010-03-05 00:00:00,2010-03-05 00:00:00,66,2010-03-05 00:00:00,65,65.25,25,27900,1813775,2010-03-05 00:00:00,1
2010-03-08 00:00:00,2010-03-08 00:00:00,66,2010-03-08 00:00:00,65,65.75,27,14600,956625,2010-03-08 00:00:00,1
2010-03-09 00:00:00,2010-03-09 00:00:00,66,2010-03-09 00:00:00,64.5,65,25,26300,1710900,2010-03-09 00:00:00,1
2010-03-10 00:00:00,2010-03-10 00:00:00,65.5,2010-03-10 00:00:00,64.25,65,29,52300,3397350,2010-03-10 00:00:00,1
2010-03-11 00:00:00,2010-03-11 00:00:00,66.5,2010-03-11 00:00:00,65,66,48,43000,2809075,2010-03-11 00:00:00,1
2010-03-12 00:00:00,2010-03-12 00:00:00,67,2010-03-12 00:00:00,66,66,37,21200,1405475,2010-03-12 00:00:00,1
2010-03-15 00:00:00,2010-03-15 00:00:00,67.25,2010-03-15 00:00:00,65.25,66.75,29,21100,1405825,2010-03-15 00:00:00,1
2010-03-16 00:00:00,2010-03-16 00:00:00,67.25,2010-03-16 00:00:00,65.5,65.75,12,13700,902050,2010-03-16 00:00:00,1
2010-03-17 00:00:00,2010-03-17 00:00:00,67,2010-03-17 00:00:00,65,65.25,16,23700,1548675,2010-03-17 00:00:00,1
2010-03-18 00:00:00,2010-03-18 00:00:00,65.25,2010-03-18 00:00:00,65,65,13,10800,702800,2010-03-18 00:00:00,1
2010-03-19 00:00:00,2010-03-19 00:00:00,65,2010-03-19 00:00:00,64.5,65,26,19000,1234675,2010-03-19 00:00:00,1
2010-03-22 00:00:00,2010-03-22 00:00:00,65,2010-03-22 00:00:00,64.5,65,12,29700,1929250,2010-03-22 00:00:00,1
2010-03-23 00:00:00,2010-03-23 00:00:00,64.5,2010-03-23 00:00:00,63,63.25,13,14500,924250,2010-03-23 00:00:00,1
2010-03-24 00:00:00,2010-03-24 00:00:00,63.75,2010-03-24 00:00:00,62.5,62.5,7,11100,705525,2010-03-24 00:00:00,1
2010-03-25 00:00:00,2010-03-25 00:00:00,62.75,2010-03-25 00:00:00,62,62.5,14,10200,635775,2010-03-25 00:00:00,1
2010-03-26 00:00:00,2010-03-26 00:00:00,65.5,2010-03-26 00:00:00,63.5,65.5,8,12800,831925,2010-03-26 00:00:00,1
2010-03-30 00:00:00,2010-03-30 00:00:00,65,2010-03-30 00:00:00,64,64,9,6600,426800,2010-03-30 00:00:00,1
2010-03-31 00:00:00,2010-03-31 00:00:00,65,2010-03-31 00:00:00,63.75,65,36,281500,18296900,2010-03-31 00:00:00,1
2010-04-01 00:00:00,2010-04-01 00:00:00,65.25,2010-04-01 00:00:00,65,65.25,7,5900,383700,2010-04-01 00:00:00,1
2010-04-05 00:00:00,2010-04-05 00:00:00,68.5,2010-04-05 00:00:00,65,67.75,24,22200,1478525,2010-04-05 00:00:00,1
2010-04-06 00:00:00,2010-04-06 00:00:00,71.5,2010-04-06 00:00:00,68,70.75,106,149200,10416500,2010-04-06 00:00:00,1
2010-04-07 00:00:00,2010-04-07 00:00:00,71,2010-04-07 00:00:00,68,69,24,18900,1311100,2010-04-07 00:00:00,1
2010-04-08 00:00:00,2010-04-08 00:00:00,68.5,2010-04-08 00:00:00,68,68.25,5,7400,505050,2010-04-08 00:00:00,1
2010-04-12 00:00:00,2010-04-12 00:00:00,85,2010-04-12 00:00:00,69.25,79.25,229,191300,14609025,2010-04-12 00:00:00,1
2010-04-15 00:00:00,2010-04-15 00:00:00,90,2010-04-15 00:00:00,80,86.75,182,133800,11499225,2010-04-15 00:00:00,1
2010-04-16 00:00:00,2010-04-16 00:00:00,89.75,2010-04-16 00:00:00,85,85.25,61,44600,3859550,2010-04-16 00:00:00,1
2010-04-19 00:00:00,2010-04-19 00:00:00,88,2010-04-19 00:00:00,82,83.75,83,102800,8659950,2010-04-19 00:00:00,1
2010-04-20 00:00:00,2010-04-20 00:00:00,86.75,2010-04-20 00:00:00,82.5,85.5,66,88500,7527925,2010-04-20 00:00:00,1
2010-04-21 00:00:00,2010-04-21 00:00:00,88.75,2010-04-21 00:00:00,86,88,63,48800,4259200,2010-04-21 00:00:00,1
2010-04-22 00:00:00,2010-04-22 00:00:00,90,2010-04-22 00:00:00,88,89.5,96,91100,8076400,2010-04-22 00:00:00,1
2010-04-23 00:00:00,2010-04-23 00:00:00,99,2010-04-23 00:00:00,89.75,95.5,143,145100,13779025,2010-04-23 00:00:00,1
2010-04-26 00:00:00,2010-04-26 00:00:00,104,2010-04-26 00:00:00,95,99,104,71600,7197450,2010-04-26 00:00:00,1
2010-04-27 00:00:00,2010-04-27 00:00:00,100,2010-04-27 00:00:00,97,97,19,11000,1087500,2010-04-27 00:00:00,1
2010-04-29 00:00:00,2010-04-29 00:00:00,98.5,2010-04-29 00:00:00,95,96.25,15,9600,925250,2010-04-29 00:00:00,1
2010-04-30 00:00:00,2010-04-30 00:00:00,96.25,2010-04-30 00:00:00,95.5,95.75,13,17000,1632150,2010-04-30 00:00:00,1
2010-05-03 00:00:00,2010-05-03 00:00:00,98,2010-05-03 00:00:00,92,92,30,41700,3854750,2010-05-03 00:00:00,1
2010-05-04 00:00:00,2010-05-04 00:00:00,95,2010-05-04 00:00:00,91.75,93.25,21,20600,1933000,2010-05-04 00:00:00,1
2010-05-05 00:00:00,2010-05-05 00:00:00,93,2010-05-05 00:00:00,90,92.75,61,47200,4327075,2010-05-05 00:00:00,1
2010-05-06 00:00:00,2010-05-06 00:00:00,92.5,2010-05-06 00:00:00,90,91,53,29200,2658450,2010-05-06 00:00:00,1
2010-05-07 00:00:00,2010-05-07 00:00:00,104.25,2010-05-07 00:00:00,91,98.5,191,186000,18443200,2010-05-07 00:00:00,1
2010-05-10 00:00:00,2010-05-10 00:00:00,99,2010-05-10 00:00:00,97,98.5,22,29800,2940950,2010-05-10 00:00:00,1
2010-05-11 00:00:00,2010-05-11 00:00:00,104,2010-05-11 00:00:00,98.5,102,103,120100,12167725,2010-05-11 00:00:00,1
2010-05-12 00:00:00,2010-05-12 00:00:00,102.75,2010-05-12 00:00:00,101,101.75,41,64900,6628425,2010-05-12 00:00:00,1
2010-05-13 00:00:00,2010-05-13 00:00:00,112.5,2010-05-13 00:00:00,102,108,160,121300,12987200,2010-05-13 00:00:00,1
2010-05-14 00:00:00,2010-05-14 00:00:00,114,2010-05-14 00:00:00,109.75,111,79,70900,7900150,2010-05-14 00:00:00,1
2010-05-17 00:00:00,2010-05-17 00:00:00,113,2010-05-17 00:00:00,110.25,111,50,37600,4183325,2010-05-17 00:00:00,1
2010-05-18 00:00:00,2010-05-18 00:00:00,111,2010-05-18 00:00:00,108.75,109.25,55,42000,4621775,2010-05-18 00:00:00,1
2010-05-19 00:00:00,2010-05-19 00:00:00,110,2010-05-19 00:00:00,107.5,108,28,30800,3352475,2010-05-19 00:00:00,1
2010-05-20 00:00:00,2010-05-20 00:00:00,110,2010-05-20 00:00:00,107,108.75,26,17200,1864475,2010-05-20 00:00:00,1
2010-05-21 00:00:00,2010-05-21 00:00:00,110.75,2010-05-21 00:00:00,106.75,110,33,30100,3304300,2010-05-21 00:00:00,1
2010-05-24 00:00:00,2010-05-24 00:00:00,113,2010-05-24 00:00:00,110,112.25,21,15000,1676600,2010-05-24 00:00:00,1
2010-05-25 00:00:00,2010-05-25 00:00:00,112,2010-05-25 00:00:00,111,112,26,19500,2179050,2010-05-25 00:00:00,1
2010-05-26 00:00:00,2010-05-26 00:00:00,118,2010-05-26 00:00:00,111,116.75,106,61200,7098675,2010-05-26 00:00:00,1
2010-05-31 00:00:00,2010-05-31 00:00:00,125,2010-05-31 00:00:00,113,114.5,170,122500,14408425,2010-05-31 00:00:00,1
2010-06-01 00:00:00,2010-06-01 00:00:00,118,2010-06-01 00:00:00,115,116,101,80800,9386975,2010-06-01 00:00:00,1
2010-06-02 00:00:00,2010-06-02 00:00:00,116,2010-06-02 00:00:00,114,114,23,23300,2682500,2010-06-02 00:00:00,1
2010-06-03 00:00:00,2010-06-03 00:00:00,114,2010-06-03 00:00:00,112,113.25,30,16300,1849675,2010-06-03 00:00:00,1
2010-06-04 00:00:00,2010-06-04 00:00:00,113,2010-06-04 00:00:00,110,111,25,10700,1187850,2010-06-04 00:00:00,1
2010-06-07 00:00:00,2010-06-07 00:00:00,112,2010-06-07 00:00:00,106.25,110,27,17400,1925675,2010-06-07 00:00:00,1
2010-06-08 00:00:00,2010-06-08 00:00:00,112,2010-06-08 00:00:00,110,110,31,41300,4583000,2010-06-08 00:00:00,1
2010-06-09 00:00:00,2010-06-09 00:00:00,116,2010-06-09 00:00:00,113.75,114,32,50200,5753100,2010-06-09 00:00:00,1
2010-06-10 00:00:00,2010-06-10 00:00:00,125,2010-06-10 00:00:00,115,121.25,219,155100,18784425,2010-06-10 00:00:00,1
2010-06-11 00:00:00,2010-06-11 00:00:00,124,2010-06-11 00:00:00,118.5,118.75,26,16700,2003000,2010-06-11 00:00:00,1
2010-06-14 00:00:00,2010-06-14 00:00:00,121,2010-06-14 00:00:00,119,120.25,43,36800,4411050,2010-06-14 00:00:00,1
2010-06-15 00:00:00,2010-06-15 00:00:00,122.5,2010-06-15 00:00:00,119,120.75,31,34100,4124175,2010-06-15 00:00:00,1
2010-06-16 00:00:00,2010-06-16 00:00:00,121,2010-06-16 00:00:00,119,120.75,16,10800,1290100,2010-06-16 00:00:00,1
2010-06-17 00:00:00,2010-06-17 00:00:00,120,2010-06-17 00:00:00,119,120,13,9000,1078400,2010-06-17 00:00:00,1
2010-06-21 00:00:00,2010-06-21 00:00:00,121,2010-06-21 00:00:00,119.75,120,25,33200,3986000,2010-06-21 00:00:00,1
2010-06-22 00:00:00,2010-06-22 00:00:00,122,2010-06-22 00:00:00,118,118.75,20,16800,2019400,2010-06-22 00:00:00,1
2010-06-23 00:00:00,2010-06-23 00:00:00,119,2010-06-23 00:00:00,117,117,18,16900,1993925,2010-06-23 00:00:00,1
2010-06-24 00:00:00,2010-06-24 00:00:00,123,2010-06-24 00:00:00,117,122.75,43,36700,4442900,2010-06-24 00:00:00,1
2010-06-28 00:00:00,2010-06-28 00:00:00,121,2010-06-28 00:00:00,119,119,6,8400,1016100,2010-06-28 00:00:00,1
2010-06-29 00:00:00,2010-06-29 00:00:00,121,2010-06-29 00:00:00,119.75,120.5,22,16600,1998450,2010-06-29 00:00:00,1
2010-06-30 00:00:00,2010-06-30 00:00:00,121,2010-06-30 00:00:00,119,119.25,14,10300,1234350,2010-06-30 00:00:00,1
2010-07-01 00:00:00,2010-07-01 00:00:00,120,2010-07-01 00:00:00,115.25,119.75,5,2100,251225,2010-07-01 00:00:00,1
2010-07-02 00:00:00,2010-07-02 00:00:00,117,2010-07-02 00:00:00,116,116.75,8,3300,384750,2010-07-02 00:00:00,1
2010-07-05 00:00:00,2010-07-05 00:00:00,116,2010-07-05 00:00:00,115,116,9,14000,1615350,2010-07-05 00:00:00,1
2010-07-06 00:00:00,2010-07-06 00:00:00,116,2010-07-06 00:00:00,114,114,15,17600,2033800,2010-07-06 00:00:00,1
2010-07-07 00:00:00,2010-07-07 00:00:00,113,2010-07-07 00:00:00,111,111.25,25,10900,1224925,2010-07-07 00:00:00,1
2010-07-08 00:00:00,2010-07-08 00:00:00,118,2010-07-08 00:00:00,113,114,12,7000,795450,2010-07-08 00:00:00,1
2010-07-09 00:00:00,2010-07-09 00:00:00,114,2010-07-09 00:00:00,114,114,1,100,11400,2010-07-09 00:00:00,1
2010-07-12 00:00:00,2010-07-12 00:00:00,115.5,2010-07-12 00:00:00,111,115.25,9,2800,316500,2010-07-12 00:00:00,1
2010-07-13 00:00:00,2010-07-13 00:00:00,115,2010-07-13 00:00:00,114,115,8,5300,606000,2010-07-13 00:00:00,1
2010-07-14 00:00:00,2010-07-14 00:00:00,115.5,2010-07-14 00:00:00,113,114.75,10,6400,735800,2010-07-14 00:00:00,1
2010-07-15 00:00:00,2010-07-15 00:00:00,115,2010-07-15 00:00:00,114,114.5,10,3700,422900,2010-07-15 00:00:00,1
2010-07-16 00:00:00,2010-07-16 00:00:00,112,2010-07-16 00:00:00,112,112,1,100,11200,2010-07-16 00:00:00,1
2010-07-19 00:00:00,2010-07-19 00:00:00,115,2010-07-19 00:00:00,113.5,115,2,5300,602000,2010-07-19 00:00:00,1
2010-07-20 00:00:00,2010-07-20 00:00:00,118.75,2010-07-20 00:00:00,115,115,11,20400,2346375,2010-07-20 00:00:00,1
2010-07-21 00:00:00,2010-07-21 00:00:00,113,2010-07-21 00:00:00,113,113,2,2000,226000,2010-07-21 00:00:00,1
2010-07-22 00:00:00,2010-07-22 00:00:00,118,2010-07-22 00:00:00,113,117,16,8700,1005225,2010-07-22 00:00:00,1
2010-07-23 00:00:00,2010-07-23 00:00:00,121.75,2010-07-23 00:00:00,113.25,121,27,13200,1586700,2010-07-23 00:00:00,1
2010-07-26 00:00:00,2010-07-26 00:00:00,130,2010-07-26 00:00:00,123,124,76,52000,6496025,2010-07-26 00:00:00,1
2010-07-27 00:00:00,2010-07-27 00:00:00,126.75,2010-07-27 00:00:00,124.25,126.25,48,31700,3985950,2010-07-27 00:00:00,1
2010-07-28 00:00:00,2010-07-28 00:00:00,126.5,2010-07-28 00:00:00,124.75,126.25,39,32900,4124025,2010-07-28 00:00:00,1
2010-07-29 00:00:00,2010-07-29 00:00:00,127,2010-07-29 00:00:00,125.25,126,30,22400,2823000,2010-07-29 00:00:00,1
2010-07-30 00:00:00,2010-07-30 00:00:00,128,2010-07-30 00:00:00,125,127,39,25700,3240175,2010-07-30 00:00:00,1
2010-08-02 00:00:00,2010-08-02 00:00:00,129,2010-08-02 00:00:00,124,125.1,15,7400,928020,2010-08-02 00:00:00,1
2010-08-03 00:00:00,2010-08-03 00:00:00,130,2010-08-03 00:00:00,125,127.3,16,13200,1677790,2010-08-03 00:00:00,1
2010-08-04 00:00:00,2010-08-04 00:00:00,132,2010-08-04 00:00:00,125,129.7,19,25400,3251910,2010-08-04 00:00:00,1
2010-08-05 00:00:00,2010-08-05 00:00:00,132,2010-08-05 00:00:00,120,128.1,22,14500,1784100,2010-08-05 00:00:00,1
2010-08-06 00:00:00,2010-08-06 00:00:00,128,2010-08-06 00:00:00,123.5,126.8,12,15700,1997650,2010-08-06 00:00:00,1
2010-08-09 00:00:00,2010-08-09 00:00:00,127.8,2010-08-09 00:00:00,119,119.5,28,16200,1987730,2010-08-09 00:00:00,1
2010-08-10 00:00:00,2010-08-10 00:00:00,130,2010-08-10 00:00:00,109,125.5,35,18300,2164740,2010-08-10 00:00:00,1
2010-08-11 00:00:00,2010-08-11 00:00:00,127,2010-08-11 00:00:00,120.1,125.5,11,3700,464820,2010-08-11 00:00:00,1
2010-08-12 00:00:00,2010-08-12 00:00:00,125,2010-08-12 00:00:00,124,124.3,5,2600,324100,2010-08-12 00:00:00,1
2010-08-13 00:00:00,2010-08-13 00:00:00,125,2010-08-13 00:00:00,122,122.5,19,6900,859900,2010-08-13 00:00:00,1
2010-08-16 00:00:00,2010-08-16 00:00:00,130,2010-08-16 00:00:00,125,125.1,29,15400,1939670,2010-08-16 00:00:00,1
2010-08-17 00:00:00,2010-08-17 00:00:00,130,2010-08-17 00:00:00,125.2,129.4,41,28700,3700890,2010-08-17 00:00:00,1
2010-08-18 00:00:00,2010-08-18 00:00:00,135,2010-08-18 00:00:00,130,134.6,44,32500,4294190,2010-08-18 00:00:00,1
2010-08-19 00:00:00,2010-08-19 00:00:00,145,2010-08-19 00:00:00,138,143.8,42,33800,4734920,2010-08-19 00:00:00,1
2010-08-20 00:00:00,2010-08-20 00:00:00,150,2010-08-20 00:00:00,145,148.5,38,29200,4312900,2010-08-20 00:00:00,1
2010-08-23 00:00:00,2010-08-23 00:00:00,163.3,2010-08-23 00:00:00,155,163.3,82,76200,12166510,2010-08-23 00:00:00,1
2010-08-25 00:00:00,2010-08-25 00:00:00,179,2010-08-25 00:00:00,170,178.1,176,122000,21613200,2010-08-25 00:00:00,1
2010-08-26 00:00:00,2010-08-26 00:00:00,185,2010-08-26 00:00:00,162.1,175,96,64500,11120800,2010-08-26 00:00:00,1
2010-08-27 00:00:00,2010-08-27 00:00:00,176.7,2010-08-27 00:00:00,174.2,176,25,19100,3365940,2010-08-27 00:00:00,1
2010-08-30 00:00:00,2010-08-30 00:00:00,179,2010-08-30 00:00:00,170,175.7,68,62700,10866680,2010-08-30 00:00:00,1
2010-08-31 00:00:00,2010-08-31 00:00:00,181,2010-08-31 00:00:00,174.5,179.5,37,49800,8880780,2010-08-31 00:00:00,1
2010-09-01 00:00:00,2010-09-01 00:00:00,190,2010-09-01 00:00:00,174,184.8,50,55400,10139750,2010-09-01 00:00:00,1
2010-09-02 00:00:00,2010-09-02 00:00:00,192,2010-09-02 00:00:00,185,185.5,17,8400,1561720,2010-09-02 00:00:00,1
2010-09-03 00:00:00,2010-09-03 00:00:00,204,2010-09-03 00:00:00,185,200.2,122,58700,11618580,2010-09-03 00:00:00,1
2010-09-06 00:00:00,2010-09-06 00:00:00,212,2010-09-06 00:00:00,205,209.1,71,57300,11981110,2010-09-06 00:00:00,1
2010-09-07 00:00:00,2010-09-07 00:00:00,215,2010-09-07 00:00:00,210,213.2,82,75200,15849450,2010-09-07 00:00:00,1
2010-09-08 00:00:00,2010-09-08 00:00:00,234.5,2010-09-08 00:00:00,215,234.5,121,99000,22785370,2010-09-08 00:00:00,1
2010-09-09 00:00:00,2010-09-09 00:00:00,257,2010-09-09 00:00:00,241,245.3,107,57700,14339430,2010-09-09 00:00:00,1
2010-09-13 00:00:00,2010-09-13 00:00:00,252,2010-09-13 00:00:00,235,235.5,32,34300,8336500,2010-09-13 00:00:00,1
2010-09-14 00:00:00,2010-09-14 00:00:00,240,2010-09-14 00:00:00,220.2,229.1,55,50300,11552830,2010-09-14 00:00:00,1
2010-09-15 00:00:00,2010-09-15 00:00:00,232,2010-09-15 00:00:00,220,231.3,24,10800,2438690,2010-09-15 00:00:00,1
2010-09-16 00:00:00,2010-09-16 00:00:00,240,2010-09-16 00:00:00,230,230,21,20500,4853590,2010-09-16 00:00:00,1
2010-09-17 00:00:00,2010-09-17 00:00:00,239.9,2010-09-17 00:00:00,230,236.5,44,12000,2831110,2010-09-17 00:00:00,1
2010-09-20 00:00:00,2010-09-20 00:00:00,238.5,2010-09-20 00:00:00,225,225.5,42,24600,5636630,2010-09-20 00:00:00,1
2010-09-21 00:00:00,2010-09-21 00:00:00,230,2010-09-21 00:00:00,224,224.9,27,10600,2400430,2010-09-21 00:00:00,1
2010-09-23 00:00:00,2010-09-23 00:00:00,235,2010-09-23 00:00:00,210,229.5,36,21400,4767800,2010-09-23 00:00:00,1
2010-09-24 00:00:00,2010-09-24 00:00:00,229.5,2010-09-24 00:00:00,215,223.5,39,16800,3730110,2010-09-24 00:00:00,1
2010-09-27 00:00:00,2010-09-27 00:00:00,220,2010-09-27 00:00:00,210,214.3,56,43700,9322430,2010-09-27 00:00:00,1
2010-09-28 00:00:00,2010-09-28 00:00:00,215,2010-09-28 00:00:00,205,208,26,13500,2822980,2010-09-28 00:00:00,1
2010-09-29 00:00:00,2010-09-29 00:00:00,215,2010-09-29 00:00:00,206.5,210.1,33,35100,7361800,2010-09-29 00:00:00,1
2010-09-30 00:00:00,2010-09-30 00:00:00,235,2010-09-30 00:00:00,211,221.1,36,19100,4236700,2010-09-30 00:00:00,1
2010-10-01 00:00:00,2010-10-01 00:00:00,242.5,2010-10-01 00:00:00,225,239.4,84,48300,11404740,2010-10-01 00:00:00,1
2010-10-04 00:00:00,2010-10-04 00:00:00,257,2010-10-04 00:00:00,243,252.9,161,61700,15542190,2010-10-04 00:00:00,1
2010-10-05 00:00:00,2010-10-05 00:00:00,279,2010-10-05 00:00:00,250,258,221,103600,27125740,2010-10-05 00:00:00,1
2010-10-06 00:00:00,2010-10-06 00:00:00,267,2010-10-06 00:00:00,251,253.8,59,21000,5428760,2010-10-06 00:00:00,1
2010-10-07 00:00:00,2010-10-07 00:00:00,250,2010-10-07 00:00:00,230,242.6,109,73500,17647380,2010-10-07 00:00:00,1
2010-10-08 00:00:00,2010-10-08 00:00:00,244,2010-10-08 00:00:00,237,239.4,35,23600,5679600,2010-10-08 00:00:00,1
2010-10-11 00:00:00,2010-10-11 00:00:00,245,2010-10-11 00:00:00,225,232.1,47,45700,10689000,2010-10-11 00:00:00,1
2010-10-12 00:00:00,2010-10-12 00:00:00,227,2010-10-12 00:00:00,215,215.6,39,23300,5212880,2010-10-12 00:00:00,1
2010-10-13 00:00:00,2010-10-13 00:00:00,225,2010-10-13 00:00:00,190,215.1,74,41400,8438550,2010-10-13 00:00:00,1
2010-10-14 00:00:00,2010-10-14 00:00:00,240,2010-10-14 00:00:00,220,223.7,69,35400,8049650,2010-10-14 00:00:00,1
2010-10-15 00:00:00,2010-10-15 00:00:00,230,2010-10-15 00:00:00,210,218.1,22,7000,1516220,2010-10-15 00:00:00,1
2010-10-18 00:00:00,2010-10-18 00:00:00,218,2010-10-18 00:00:00,215,216.7,15,13200,2860050,2010-10-18 00:00:00,1
2010-10-19 00:00:00,2010-10-19 00:00:00,230,2010-10-19 00:00:00,215,220.9,29,20100,4417520,2010-10-19 00:00:00,1
2010-10-20 00:00:00,2010-10-20 00:00:00,224,2010-10-20 00:00:00,218,219.7,17,5800,1269570,2010-10-20 00:00:00,1
2010-10-21 00:00:00,2010-10-21 00:00:00,216,2010-10-21 00:00:00,214,215,30,23700,5102470,2010-10-21 00:00:00,1
2010-10-25 00:00:00,2010-10-25 00:00:00,214,2010-10-25 00:00:00,210,210,12,6500,1374980,2010-10-25 00:00:00,1
2010-10-26 00:00:00,2010-10-26 00:00:00,210,2010-10-26 00:00:00,203,203.4,23,27400,5632910,2010-10-26 00:00:00,1
2010-10-27 00:00:00,2010-10-27 00:00:00,210,2010-10-27 00:00:00,199,205,32,26600,5424800,2010-10-27 00:00:00,1
2010-10-28 00:00:00,2010-10-28 00:00:00,204,2010-10-28 00:00:00,200,200.3,14,2800,560580,2010-10-28 00:00:00,1
2010-10-29 00:00:00,2010-10-29 00:00:00,212,2010-10-29 00:00:00,205,210.7,8,1400,291910,2010-10-29 00:00:00,1
2010-11-01 00:00:00,2010-11-01 00:00:00,216,2010-11-01 00:00:00,210,210,3,400,85200,2010-11-01 00:00:00,1
2010-11-02 00:00:00,2010-11-02 00:00:00,218,2010-11-02 00:00:00,205.1,210,9,7100,1491800,2010-11-02 00:00:00,1
2010-11-03 00:00:00,2010-11-03 00:00:00,215,2010-11-03 00:00:00,204,209.5,2,200,41900,2010-11-03 00:00:00,1
2010-11-04 00:00:00,2010-11-04 00:00:00,214.9,2010-11-04 00:00:00,208,209.7,13,4100,859630,2010-11-04 00:00:00,1
2010-11-08 00:00:00,2010-11-08 00:00:00,209.7,2010-11-08 00:00:00,200,201.1,26,6300,1283690,2010-11-08 00:00:00,1
2010-11-09 00:00:00,2010-11-09 00:00:00,200,2010-11-09 00:00:00,195,199,28,12000,2393270,2010-11-09 00:00:00,1
2010-11-10 00:00:00,2010-11-10 00:00:00,200,2010-11-10 00:00:00,192,194.9,25,9800,1926950,2010-11-10 00:00:00,1
2010-11-11 00:00:00,2010-11-11 00:00:00,200,2010-11-11 00:00:00,191,199.9,10,2000,390030,2010-11-11 00:00:00,1
2010-11-12 00:00:00,2010-11-12 00:00:00,204.8,2010-11-12 00:00:00,200,200,11,4500,902900,2010-11-12 00:00:00,1
2010-11-15 00:00:00,2010-11-15 00:00:00,201.1,2010-11-15 00:00:00,190,191.1,32,14200,2749000,2010-11-15 00:00:00,1
2010-11-16 00:00:00,2010-11-16 00:00:00,192.3,2010-11-16 00:00:00,190,191.8,35,18200,3478640,2010-11-16 00:00:00,1
2010-11-18 00:00:00,2010-11-18 00:00:00,200.5,2010-11-18 00:00:00,190,198.4,47,37600,7321440,2010-11-18 00:00:00,1
2010-11-22 00:00:00,2010-11-22 00:00:00,200,2010-11-22 00:00:00,199,199.6,16,15800,3154810,2010-11-22 00:00:00,1
2010-11-23 00:00:00,2010-11-23 00:00:00,203.9,2010-11-23 00:00:00,190,191,26,16000,3060120,2010-11-23 00:00:00,1
2010-11-24 00:00:00,2010-11-24 00:00:00,191.5,2010-11-24 00:00:00,188.5,189.9,17,9300,1767140,2010-11-24 00:00:00,1
2010-11-25 00:00:00,2010-11-25 00:00:00,192.5,2010-11-25 00:00:00,190,192.5,21,19800,3783740,2010-11-25 00:00:00,1
2010-11-26 00:00:00,2010-11-26 00:00:00,191,2010-11-26 00:00:00,190,190,13,12100,2300500,2010-11-26 00:00:00,1
2010-11-29 00:00:00,2010-11-29 00:00:00,190,2010-11-29 00:00:00,180,183.8,9,2500,453800,2010-11-29 00:00:00,1
2010-11-30 00:00:00,2010-11-30 00:00:00,198.9,2010-11-30 00:00:00,185,190.6,48,26800,5134620,2010-11-30 00:00:00,1
2010-12-01 00:00:00,2010-12-01 00:00:00,210,2010-12-01 00:00:00,195,208.6,38,22000,4459770,2010-12-01 00:00:00,1
2010-12-02 00:00:00,2010-12-02 00:00:00,210,2010-12-02 00:00:00,205,208,21,5000,1045500,2010-12-02 00:00:00,1
2010-12-03 00:00:00,2010-12-03 00:00:00,221,2010-12-03 00:00:00,205,219.1,57,26000,5584230,2010-12-03 00:00:00,1
2010-12-06 00:00:00,2010-12-06 00:00:00,212,2010-12-06 00:00:00,210,211.1,9,1800,379800,2010-12-06 00:00:00,1
2010-12-07 00:00:00,2010-12-07 00:00:00,202.2,2010-12-07 00:00:00,202.2,202.2,2,200,40440,2010-12-07 00:00:00,1
2010-12-08 00:00:00,2010-12-08 00:00:00,204,2010-12-08 00:00:00,200,204,18,6200,1252470,2010-12-08 00:00:00,1
2010-12-09 00:00:00,2010-12-09 00:00:00,203,2010-12-09 00:00:00,202,203,7,3800,767820,2010-12-09 00:00:00,1
2010-12-10 00:00:00,2010-12-10 00:00:00,202,2010-12-10 00:00:00,202,202,5,2100,424200,2010-12-10 00:00:00,1
2010-12-13 00:00:00,2010-12-13 00:00:00,200,2010-12-13 00:00:00,195,196.7,12,17300,3409350,2010-12-13 00:00:00,1
2010-12-14 00:00:00,2010-12-14 00:00:00,208.3,2010-12-14 00:00:00,200,202.6,8,2000,405180,2010-12-14 00:00:00,1
2010-12-15 00:00:00,2010-12-15 00:00:00,204.3,2010-12-15 00:00:00,197.6,199.9,17,7600,1519600,2010-12-15 00:00:00,1
2010-12-16 00:00:00,2010-12-16 00:00:00,200,2010-12-16 00:00:00,199,199.5,2,1000,199500,2010-12-16 00:00:00,1
2010-12-17 00:00:00,2010-12-17 00:00:00,200,2010-12-17 00:00:00,198,199.5,8,3100,617770,2010-12-17 00:00:00,1
2010-12-21 00:00:00,2010-12-21 00:00:00,202,2010-12-21 00:00:00,200,200.4,12,4300,861010,2010-12-21 00:00:00,1
2010-12-22 00:00:00,2010-12-22 00:00:00,215.2,2010-12-22 00:00:00,200.6,210.1,30,8900,1874310,2010-12-22 00:00:00,1
2010-12-23 00:00:00,2010-12-23 00:00:00,225,2010-12-23 00:00:00,215,215.3,49,12700,2799330,2010-12-23 00:00:00,1
2010-12-24 00:00:00,2010-12-24 00:00:00,225,2010-12-24 00:00:00,210.1,220.9,18,14600,3217450,2010-12-24 00:00:00,1
2010-12-27 00:00:00,2010-12-27 00:00:00,230.1,2010-12-27 00:00:00,220,229.9,48,16000,3641880,2010-12-27 00:00:00,1
2010-12-28 00:00:00,2010-12-28 00:00:00,235.9,2010-12-28 00:00:00,230,234,45,20300,4754870,2010-12-28 00:00:00,1
2010-12-29 00:00:00,2010-12-29 00:00:00,233.5,2010-12-29 00:00:00,230,232.3,25,12000,2779330,2010-12-29 00:00:00,1
2010-12-30 00:00:00,2010-12-30 00:00:00,236.9,2010-12-30 00:00:00,221,235.1,64,47700,11087420,2010-12-30 00:00:00,1
2010-12-31 00:00:00,2010-12-31 00:00:00,249,2010-12-31 00:00:00,236.9,240.3,189,89900,21817850,2010-12-31 00:00:00,1
Company Id :  LCEY,,Security Type :  R,,Sub Type :  0000,,,,,,
Short Name :  LANKEM CEYLON,,,,,,,,,,
Day,Date High,High,Date Low,Low,Closing,No. of Trades,No. of Shares,Turnover,Last Traded,Days Traded
2010-10-11 00:00:00,2010-10-11 00:00:00,145,2010-10-11 00:00:00,120,145,9,14500,1746750,2010-10-11 00:00:00,1
2010-10-13 00:00:00,2010-10-13 00:00:00,110,2010-10-13 00:00:00,110,110,1,500,55000,2010-10-13 00:00:00,1
2010-10-14 00:00:00,2010-10-14 00:00:00,135,2010-10-14 00:00:00,110.1,134.9,10,3200,398550,2010-10-14 00:00:00,1
Company Id :  LDEV,,Security Type :  N,,Sub Type :  0000,,,,,,
Short Name :  LANKEM DEV.,,,,,,,,,,
Day,Date High,High,Date Low,Low,Closing,No. of Trades,No. of Shares,Turnover,Last Traded,Days Traded
2010-01-04 00:00:00,2010-01-04 00:00:00,11.5,2010-01-04 00:00:00,11.25,11.5,8,20200,231675,2010-01-04 00:00:00,1
2010-01-05 00:00:00,2010-01-05 00:00:00,11.5,2010-01-05 00:00:00,11,11,13,18100,203125,2010-01-05 00:00:00,1
2010-01-06 00:00:00,2010-01-06 00:00:00,12,2010-01-06 00:00:00,11,11.5,39,60400,696750,2010-01-06 00:00:00,1
2010-01-07 00:00:00,2010-01-07 00:00:00,11.75,2010-01-07 00:00:00,11.5,11.75,5,8000,93250,2010-01-07 00:00:00,1
2010-01-08 00:00:00,2010-01-08 00:00:00,12.75,2010-01-08 00:00:00,11.75,12.5,62,104500,1273425,2010-01-08 00:00:00,1
2010-01-11 00:00:00,2010-01-11 00:00:00,13,2010-01-11 00:00:00,12.5,12.5,23,31900,411650,2010-01-11 00:00:00,1
2010-01-12 00:00:00,2010-01-12 00:00:00,12.5,2010-01-12 00:00:00,12,12,14,17900,220300,2010-01-12 00:00:00,1
2010-01-13 00:00:00,2010-01-13 00:00:00,12,2010-01-13 00:00:00,12,12,2,1200,14400,2010-01-13 00:00:00,1
2010-01-15 00:00:00,2010-01-15 00:00:00,12.25,2010-01-15 00:00:00,12,12,11,51600,620325,2010-01-15 00:00:00,1
2010-01-18 00:00:00,2010-01-18 00:00:00,12,2010-01-18 00:00:00,11.75,11.75,7,6200,74150,2010-01-18 00:00:00,1
2010-01-19 00:00:00,2010-01-19 00:00:00,11.5,2010-01-19 00:00:00,11,11.5,8,3600,40475,2010-01-19 00:00:00,1
2010-01-21 00:00:00,2010-01-21 00:00:00,12,2010-01-21 00:00:00,11.25,11.5,7,6100,69200,2010-01-21 00:00:00,1
2010-01-22 00:00:00,2010-01-22 00:00:00,13.5,2010-01-22 00:00:00,11.75,12.75,218,423500,5471975,2010-01-22 00:00:00,1
2010-01-25 00:00:00,2010-01-25 00:00:00,14,2010-01-25 00:00:00,12.5,12.5,39,89900,1239825,2010-01-25 00:00:00,1
2010-01-26 00:00:00,2010-01-26 00:00:00,12.75,2010-01-26 00:00:00,12.5,12.75,5,32600,408825,2010-01-26 00:00:00,1
2010-01-28 00:00:00,2010-01-28 00:00:00,12.75,2010-01-28 00:00:00,12,12.75,15,64200,815250,2010-01-28 00:00:00,1
2010-02-01 00:00:00,2010-02-01 00:00:00,12.5,2010-02-01 00:00:00,12,12,13,30500,368550,2010-02-01 00:00:00,1
2010-02-02 00:00:00,2010-02-02 00:00:00,12.75,2010-02-02 00:00:00,12.5,12.5,2,300,3800,2010-02-02 00:00:00,1
2010-02-03 00:00:00,2010-02-03 00:00:00,12.5,2010-02-03 00:00:00,12.25,12.25,8,12900,160525,2010-02-03 00:00:00,1
2010-02-05 00:00:00,2010-02-05 00:00:00,12.5,2010-02-05 00:00:00,12.25,12.5,4,1600,19975,2010-02-05 00:00:00,1
2010-02-08 00:00:00,2010-02-08 00:00:00,12.5,2010-02-08 00:00:00,12,12.5,6,20000,249950,2010-02-08 00:00:00,1
2010-02-09 00:00:00,2010-02-09 00:00:00,12.5,2010-02-09 00:00:00,12,12.5,16,21800,266750,2010-02-09 00:00:00,1
2010-02-10 00:00:00,2010-02-10 00:00:00,12.5,2010-02-10 00:00:00,11.75,11.75,24,40300,483875,2010-02-10 00:00:00,1
2010-02-11 00:00:00,2010-02-11 00:00:00,12,2010-02-11 00:00:00,11.5,11.5,13,6800,79475,2010-02-11 00:00:00,1
2010-02-12 00:00:00,2010-02-12 00:00:00,14.25,2010-02-12 00:00:00,12,13.5,206,303600,4038600,2010-02-12 00:00:00,1
2010-02-15 00:00:00,2010-02-15 00:00:00,14.25,2010-02-15 00:00:00,13,13,108,140900,1927100,2010-02-15 00:00:00,1
2010-02-16 00:00:00,2010-02-16 00:00:00,13.75,2010-02-16 00:00:00,12.5,12.5,4,2500,31925,2010-02-16 00:00:00,1
2010-02-17 00:00:00,2010-02-17 00:00:00,13.5,2010-02-17 00:00:00,13,13.25,15,4200,56375,2010-02-17 00:00:00,1
2010-02-18 00:00:00,2010-02-18 00:00:00,14,2010-02-18 00:00:00,12.5,13.5,61,95300,1300375,2010-02-18 00:00:00,1
2010-02-19 00:00:00,2010-02-19 00:00:00,15.25,2010-02-19 00:00:00,13.5,14.25,265,655900,9640625,2010-02-19 00:00:00,1
2010-02-22 00:00:00,2010-02-22 00:00:00,14.75,2010-02-22 00:00:00,14,14.5,59,125600,1808250,2010-02-22 00:00:00,1
2010-02-23 00:00:00,2010-02-23 00:00:00,14,2010-02-23 00:00:00,13.5,14,12,12200,166400,2010-02-23 00:00:00,1
2010-02-24 00:00:00,2010-02-24 00:00:00,13.75,2010-02-24 00:00:00,13.5,13.5,19,50800,686050,2010-02-24 00:00:00,1
2010-02-25 00:00:00,2010-02-25 00:00:00,13.5,2010-02-25 00:00:00,13.25,13.5,14,26100,350975,2010-02-25 00:00:00,1
2010-02-26 00:00:00,2010-02-26 00:00:00,13.25,2010-02-26 00:00:00,13.25,13.25,1,1300,17225,2010-02-26 00:00:00,1
2010-03-01 00:00:00,2010-03-01 00:00:00,13.25,2010-03-01 00:00:00,13.25,13.25,4,1600,21200,2010-03-01 00:00:00,1
2010-03-02 00:00:00,2010-03-02 00:00:00,13.75,2010-03-02 00:00:00,13.5,13.75,6,13200,180525,2010-03-02 00:00:00,1
2010-03-03 00:00:00,2010-03-03 00:00:00,13.75,2010-03-03 00:00:00,13,13.25,12,3500,46350,2010-03-03 00:00:00,1
2010-03-04 00:00:00,2010-03-04 00:00:00,13.25,2010-03-04 00:00:00,13,13,6,14100,183375,2010-03-04 00:00:00,1
2010-03-05 00:00:00,2010-03-05 00:00:00,13.5,2010-03-05 00:00:00,13,13.25,7,17400,226275,2010-03-05 00:00:00,1
2010-03-08 00:00:00,2010-03-08 00:00:00,13.25,2010-03-08 00:00:00,13,13,16,12700,165950,2010-03-08 00:00:00,1
2010-03-09 00:00:00,2010-03-09 00:00:00,13,2010-03-09 00:00:00,13,13,9,12400,161200,2010-03-09 00:00:00,1
2010-03-10 00:00:00,2010-03-10 00:00:00,13.75,2010-03-10 00:00:00,13,13,17,22400,298250,2010-03-10 00:00:00,1
2010-03-11 00:00:00,2010-03-11 00:00:00,14,2010-03-11 00:00:00,13.5,13.75,86,40400,550800,2010-03-11 00:00:00,1
2010-03-12 00:00:00,2010-03-12 00:00:00,13.75,2010-03-12 00:00:00,13.25,13.25,16,10100,136650,2010-03-12 00:00:00,1
2010-03-15 00:00:00,2010-03-15 00:00:00,13.25,2010-03-15 00:00:00,13,13,15,10800,140875,2010-03-15 00:00:00,1
2010-03-16 00:00:00,2010-03-16 00:00:00,13,2010-03-16 00:00:00,13,13,3,3200,41600,2010-03-16 00:00:00,1
2010-03-17 00:00:00,2010-03-17 00:00:00,13.5,2010-03-17 00:00:00,12.75,12.75,6,4200,53700,2010-03-17 00:00:00,1
2010-03-18 00:00:00,2010-03-18 00:00:00,12.75,2010-03-18 00:00:00,12.75,12.75,17,51500,656625,2010-03-18 00:00:00,1
2010-03-19 00:00:00,2010-03-19 00:00:00,12.75,2010-03-19 00:00:00,12.75,12.75,7,14300,182325,2010-03-19 00:00:00,1
2010-03-22 00:00:00,2010-03-22 00:00:00,12.75,2010-03-22 00:00:00,12.75,12.75,3,1000,12750,2010-03-22 00:00:00,1
2010-03-23 00:00:00,2010-03-23 00:00:00,12.5,2010-03-23 00:00:00,12.5,12.5,4,1300,16250,2010-03-23 00:00:00,1
2010-03-24 00:00:00,2010-03-24 00:00:00,12.5,2010-03-24 00:00:00,12.5,12.5,5,4500,56250,2010-03-24 00:00:00,1
2010-03-26 00:00:00,2010-03-26 00:00:00,12.25,2010-03-26 00:00:00,12.25,12.25,2,2300,28175,2010-03-26 00:00:00,1
2010-03-30 00:00:00,2010-03-30 00:00:00,12.25,2010-03-30 00:00:00,12.25,12.25,7,22000,269500,2010-03-30 00:00:00,1
2010-04-01 00:00:00,2010-04-01 00:00:00,12.25,2010-04-01 00:00:00,12.25,12.25,2,3800,46550,2010-04-01 00:00:00,1
2010-04-05 00:00:00,2010-04-05 00:00:00,13,2010-04-05 00:00:00,13,13,1,400,5200,2010-04-05 00:00:00,1
2010-04-06 00:00:00,2010-04-06 00:00:00,13.25,2010-04-06 00:00:00,12.75,12.75,14,20700,271050,2010-04-06 00:00:00,1
2010-04-07 00:00:00,2010-04-07 00:00:00,13.5,2010-04-07 00:00:00,13,13.5,20,16200,215675,2010-04-07 00:00:00,1
2010-04-08 00:00:00,2010-04-08 00:00:00,13.25,2010-04-08 00:00:00,13.25,13.25,2,1200,15900,2010-04-08 00:00:00,1
2010-04-12 00:00:00,2010-04-12 00:00:00,14.75,2010-04-12 00:00:00,13.25,14.25,95,203500,2885225,2010-04-12 00:00:00,1
2010-04-15 00:00:00,2010-04-15 00:00:00,16.25,2010-04-15 00:00:00,14.75,16,405,808300,12790525,2010-04-15 00:00:00,1
2010-04-16 00:00:00,2010-04-16 00:00:00,16.25,2010-04-16 00:00:00,15.25,15.25,43,58100,907325,2010-04-16 00:00:00,1
2010-04-19 00:00:00,2010-04-19 00:00:00,15.5,2010-04-19 00:00:00,15,15.5,34,88800,1375875,2010-04-19 00:00:00,1
2010-04-20 00:00:00,2010-04-20 00:00:00,15.25,2010-04-20 00:00:00,15,15,7,6700,101050,2010-04-20 00:00:00,1
2010-04-21 00:00:00,2010-04-21 00:00:00,15.5,2010-04-21 00:00:00,14.75,15,7,6200,93025,2010-04-21 00:00:00,1
2010-04-22 00:00:00,2010-04-22 00:00:00,14.75,2010-04-22 00:00:00,14.75,14.75,6,5200,76700,2010-04-22 00:00:00,1
2010-04-23 00:00:00,2010-04-23 00:00:00,15.75,2010-04-23 00:00:00,15,15.5,30,68200,1046775,2010-04-23 00:00:00,1
2010-04-26 00:00:00,2010-04-26 00:00:00,16.75,2010-04-26 00:00:00,15,15.5,190,480200,7855225,2010-04-26 00:00:00,1
2010-04-27 00:00:00,2010-04-27 00:00:00,15.75,2010-04-27 00:00:00,15.25,15.5,8,2800,43425,2010-04-27 00:00:00,1
2010-04-29 00:00:00,2010-04-29 00:00:00,15.5,2010-04-29 00:00:00,15.25,15.5,9,5300,82000,2010-04-29 00:00:00,1
2010-04-30 00:00:00,2010-04-30 00:00:00,15.5,2010-04-30 00:00:00,15.25,15.25,3,3200,49050,2010-04-30 00:00:00,1
2010-05-03 00:00:00,2010-05-03 00:00:00,15.5,2010-05-03 00:00:00,15,15,20,30700,466050,2010-05-03 00:00:00,1
2010-05-04 00:00:00,2010-05-04 00:00:00,15,2010-05-04 00:00:00,14.75,14.75,8,5700,84100,2010-05-04 00:00:00,1
2010-05-05 00:00:00,2010-05-05 00:00:00,16,2010-05-05 00:00:00,14.75,16,68,100400,1564650,2010-05-05 00:00:00,1
2010-05-06 00:00:00,2010-05-06 00:00:00,16,2010-05-06 00:00:00,15,15,18,6200,96750,2010-05-06 00:00:00,1
2010-05-07 00:00:00,2010-05-07 00:00:00,17.25,2010-05-07 00:00:00,15.5,16.25,230,487500,8065775,2010-05-07 00:00:00,1
2010-05-10 00:00:00,2010-05-10 00:00:00,16.75,2010-05-10 00:00:00,16,16,25,27100,440800,2010-05-10 00:00:00,1
2010-05-11 00:00:00,2010-05-11 00:00:00,16.5,2010-05-11 00:00:00,15.75,15.75,24,31600,508100,2010-05-11 00:00:00,1
2010-05-12 00:00:00,2010-05-12 00:00:00,16.25,2010-05-12 00:00:00,16,16,10,35600,575700,2010-05-12 00:00:00,1
2010-05-13 00:00:00,2010-05-13 00:00:00,17.25,2010-05-13 00:00:00,15.5,16.5,152,271800,4528175,2010-05-13 00:00:00,1
2010-05-14 00:00:00,2010-05-14 00:00:00,16.75,2010-05-14 00:00:00,16,16,17,18600,301000,2010-05-14 00:00:00,1
2010-05-17 00:00:00,2010-05-17 00:00:00,15.75,2010-05-17 00:00:00,15.75,15.75,2,2000,31500,2010-05-17 00:00:00,1
2010-05-18 00:00:00,2010-05-18 00:00:00,15.75,2010-05-18 00:00:00,15.75,15.75,3,900,14175,2010-05-18 00:00:00,1
2010-05-19 00:00:00,2010-05-19 00:00:00,15.5,2010-05-19 00:00:00,15,15,17,35900,539350,2010-05-19 00:00:00,1
2010-05-20 00:00:00,2010-05-20 00:00:00,15.25,2010-05-20 00:00:00,15,15.25,3,800,12125,2010-05-20 00:00:00,1
2010-05-21 00:00:00,2010-05-21 00:00:00,15.75,2010-05-21 00:00:00,15,15,19,18200,279475,2010-05-21 00:00:00,1
2010-05-24 00:00:00,2010-05-24 00:00:00,17.75,2010-05-24 00:00:00,15.75,17.25,423,708600,12147900,2010-05-24 00:00:00,1
2010-05-25 00:00:00,2010-05-25 00:00:00,17.5,2010-05-25 00:00:00,16.75,17.25,47,64900,1116875,2010-05-25 00:00:00,1
2010-05-26 00:00:00,2010-05-26 00:00:00,17.5,2010-05-26 00:00:00,16.5,17,44,78400,1340250,2010-05-26 00:00:00,1
2010-05-31 00:00:00,2010-05-31 00:00:00,17.75,2010-05-31 00:00:00,16.5,16.75,26,35500,614525,2010-05-31 00:00:00,1
2010-06-01 00:00:00,2010-06-01 00:00:00,17.5,2010-06-01 00:00:00,17,17.25,31,45100,780000,2010-06-01 00:00:00,1
2010-06-02 00:00:00,2010-06-02 00:00:00,17.25,2010-06-02 00:00:00,17,17,24,29800,508350,2010-06-02 00:00:00,1
2010-06-03 00:00:00,2010-06-03 00:00:00,17.25,2010-06-03 00:00:00,16.75,17,31,54800,930500,2010-06-03 00:00:00,1
2010-06-04 00:00:00,2010-06-04 00:00:00,17.25,2010-06-04 00:00:00,17,17.25,17,34000,584750,2010-06-04 00:00:00,1
2010-06-07 00:00:00,2010-06-07 00:00:00,17.25,2010-06-07 00:00:00,16.5,17,20,41800,703825,2010-06-07 00:00:00,1
2010-06-08 00:00:00,2010-06-08 00:00:00,17.25,2010-06-08 00:00:00,17,17.25,11,20300,349600,2010-06-08 00:00:00,1
2010-06-09 00:00:00,2010-06-09 00:00:00,17.5,2010-06-09 00:00:00,17,17.25,17,56000,968850,2010-06-09 00:00:00,1
2010-06-10 00:00:00,2010-06-10 00:00:00,18.75,2010-06-10 00:00:00,17.5,18,202,448000,8146475,2010-06-10 00:00:00,1
2010-06-11 00:00:00,2010-06-11 00:00:00,18,2010-06-11 00:00:00,17.5,17.5,20,11800,209300,2010-06-11 00:00:00,1
2010-06-14 00:00:00,2010-06-14 00:00:00,18.5,2010-06-14 00:00:00,17.5,18,62,85600,1552125,2010-06-14 00:00:00,1
2010-06-15 00:00:00,2010-06-15 00:00:00,24.5,2010-06-15 00:00:00,18,23.75,780,1427300,31353625,2010-06-15 00:00:00,1
2010-06-16 00:00:00,2010-06-16 00:00:00,28.75,2010-06-16 00:00:00,24.75,25.5,656,1034900,27430175,2010-06-16 00:00:00,1
2010-06-17 00:00:00,2010-06-17 00:00:00,26,2010-06-17 00:00:00,23.25,24,167,196400,4775400,2010-06-17 00:00:00,1
2010-06-21 00:00:00,2010-06-21 00:00:00,25.5,2010-06-21 00:00:00,23.5,24,56,67900,1648775,2010-06-21 00:00:00,1
2010-06-22 00:00:00,2010-06-22 00:00:00,25,2010-06-22 00:00:00,23.25,23.25,60,58000,1376850,2010-06-22 00:00:00,1
2010-06-23 00:00:00,2010-06-23 00:00:00,23.75,2010-06-23 00:00:00,21.5,22.25,37,44900,1004975,2010-06-23 00:00:00,1
2010-06-24 00:00:00,2010-06-24 00:00:00,23.5,2010-06-24 00:00:00,21.25,22.75,25,47600,1074525,2010-06-24 00:00:00,1
2010-06-28 00:00:00,2010-06-28 00:00:00,24,2010-06-28 00:00:00,22.75,23.25,60,106900,2508175,2010-06-28 00:00:00,1
2010-06-29 00:00:00,2010-06-29 00:00:00,34.5,2010-06-29 00:00:00,24,30.75,834,1497400,45820775,2010-06-29 00:00:00,1
2010-06-30 00:00:00,2010-06-30 00:00:00,32,2010-06-30 00:00:00,28,30,106,152300,4579050,2010-06-30 00:00:00,1
2010-07-01 00:00:00,2010-07-01 00:00:00,32,2010-07-01 00:00:00,27.75,28,42,43700,1247700,2010-07-01 00:00:00,1
2010-07-02 00:00:00,2010-07-02 00:00:00,30,2010-07-02 00:00:00,27.5,28.5,27,52000,1478125,2010-07-02 00:00:00,1
2010-07-05 00:00:00,2010-07-05 00:00:00,28,2010-07-05 00:00:00,26,26.75,22,13900,379500,2010-07-05 00:00:00,1
2010-07-06 00:00:00,2010-07-06 00:00:00,27.5,2010-07-06 00:00:00,26.5,27.25,21,21500,584150,2010-07-06 00:00:00,1
2010-07-07 00:00:00,2010-07-07 00:00:00,27.75,2010-07-07 00:00:00,25,25.25,48,83600,2212050,2010-07-07 00:00:00,1
2010-07-08 00:00:00,2010-07-08 00:00:00,26.25,2010-07-08 00:00:00,25,26,7,5800,150725,2010-07-08 00:00:00,1
2010-07-09 00:00:00,2010-07-09 00:00:00,27,2010-07-09 00:00:00,26.25,27,14,10300,275650,2010-07-09 00:00:00,1
2010-07-12 00:00:00,2010-07-12 00:00:00,27,2010-07-12 00:00:00,25,26.5,17,11100,289225,2010-07-12 00:00:00,1
2010-07-13 00:00:00,2010-07-13 00:00:00,28.5,2010-07-13 00:00:00,26.75,28,27,44700,1244600,2010-07-13 00:00:00,1
2010-07-14 00:00:00,2010-07-14 00:00:00,29,2010-07-14 00:00:00,27.5,27.75,24,21900,612600,2010-07-14 00:00:00,1
2010-07-15 00:00:00,2010-07-15 00:00:00,27.5,2010-07-15 00:00:00,26.5,26.5,16,12700,342150,2010-07-15 00:00:00,1
2010-07-16 00:00:00,2010-07-16 00:00:00,27,2010-07-16 00:00:00,25,25.25,31,54200,1378375,2010-07-16 00:00:00,1
2010-07-19 00:00:00,2010-07-19 00:00:00,27.25,2010-07-19 00:00:00,25.5,26,16,30300,789775,2010-07-19 00:00:00,1
2010-07-20 00:00:00,2010-07-20 00:00:00,30,2010-07-20 00:00:00,27,28.75,129,283500,8307725,2010-07-20 00:00:00,1
2010-07-21 00:00:00,2010-07-21 00:00:00,28.75,2010-07-21 00:00:00,27,27,11,3800,104125,2010-07-21 00:00:00,1
2010-07-22 00:00:00,2010-07-22 00:00:00,28.25,2010-07-22 00:00:00,26.5,27.5,19,31300,861900,2010-07-22 00:00:00,1
2010-07-23 00:00:00,2010-07-23 00:00:00,29,2010-07-23 00:00:00,27.75,28,27,21500,614350,2010-07-23 00:00:00,1
2010-07-26 00:00:00,2010-07-26 00:00:00,33,2010-07-26 00:00:00,29,31.25,103,153200,4735975,2010-07-26 00:00:00,1
2010-07-27 00:00:00,2010-07-27 00:00:00,32,2010-07-27 00:00:00,30,30.25,62,95300,2984875,2010-07-27 00:00:00,1
2010-07-28 00:00:00,2010-07-28 00:00:00,31,2010-07-28 00:00:00,30,30,13,6100,184125,2010-07-28 00:00:00,1
2010-07-29 00:00:00,2010-07-29 00:00:00,30,2010-07-29 00:00:00,28.5,30,41,118100,3496725,2010-07-29 00:00:00,1
2010-07-30 00:00:00,2010-07-30 00:00:00,30,2010-07-30 00:00:00,28.5,29,29,61100,1780025,2010-07-30 00:00:00,1
2010-08-02 00:00:00,2010-08-02 00:00:00,29.7,2010-08-02 00:00:00,28.5,28.5,13,15900,466730,2010-08-02 00:00:00,1
2010-08-03 00:00:00,2010-08-03 00:00:00,29,2010-08-03 00:00:00,28,28.4,20,71500,2033550,2010-08-03 00:00:00,1
2010-08-04 00:00:00,2010-08-04 00:00:00,30,2010-08-04 00:00:00,27.7,27.9,43,64300,1841040,2010-08-04 00:00:00,1
2010-08-05 00:00:00,2010-08-05 00:00:00,29,2010-08-05 00:00:00,27,27.3,24,47200,1327050,2010-08-05 00:00:00,1
2010-08-06 00:00:00,2010-08-06 00:00:00,29.7,2010-08-06 00:00:00,27.2,29,13,36800,1072430,2010-08-06 00:00:00,1
2010-08-09 00:00:00,2010-08-09 00:00:00,27.1,2010-08-09 00:00:00,26.4,26.5,15,16600,442650,2010-08-09 00:00:00,1
2010-08-10 00:00:00,2010-08-10 00:00:00,28.5,2010-08-10 00:00:00,24,24.7,14,17200,420950,2010-08-10 00:00:00,1
2010-08-11 00:00:00,2010-08-11 00:00:00,26.9,2010-08-11 00:00:00,26,26,5,17200,456470,2010-08-11 00:00:00,1
2010-08-13 00:00:00,2010-08-13 00:00:00,28.5,2010-08-13 00:00:00,23.5,28.5,5,1500,39160,2010-08-13 00:00:00,1
2010-08-16 00:00:00,2010-08-16 00:00:00,29,2010-08-16 00:00:00,26.5,27.6,9,3500,94530,2010-08-16 00:00:00,1
2010-08-17 00:00:00,2010-08-17 00:00:00,27.5,2010-08-17 00:00:00,26.9,27,7,7400,199850,2010-08-17 00:00:00,1
2010-08-18 00:00:00,2010-08-18 00:00:00,28.5,2010-08-18 00:00:00,25,28.2,37,22600,601800,2010-08-18 00:00:00,1
2010-08-19 00:00:00,2010-08-19 00:00:00,29,2010-08-19 00:00:00,28,29,13,38000,1100890,2010-08-19 00:00:00,1
2010-08-20 00:00:00,2010-08-20 00:00:00,29,2010-08-20 00:00:00,27.5,28.1,55,54000,1524700,2010-08-20 00:00:00,1
2010-08-23 00:00:00,2010-08-23 00:00:00,30.8,2010-08-23 00:00:00,28,30.1,126,194200,5757960,2010-08-23 00:00:00,1
2010-08-25 00:00:00,2010-08-25 00:00:00,31.5,2010-08-25 00:00:00,28.5,29.9,45,89900,2690130,2010-08-25 00:00:00,1
2010-08-26 00:00:00,2010-08-26 00:00:00,30.1,2010-08-26 00:00:00,28.8,30,21,68000,2034330,2010-08-26 00:00:00,1
2010-08-27 00:00:00,2010-08-27 00:00:00,30.4,2010-08-27 00:00:00,28.2,29.3,12,16500,482700,2010-08-27 00:00:00,1
2010-08-30 00:00:00,2010-08-30 00:00:00,30,2010-08-30 00:00:00,28,29.9,8,5200,151940,2010-08-30 00:00:00,1
2010-08-31 00:00:00,2010-08-31 00:00:00,28.1,2010-08-31 00:00:00,27,28.1,7,5700,158100,2010-08-31 00:00:00,1
2010-09-01 00:00:00,2010-09-01 00:00:00,30,2010-09-01 00:00:00,29.5,29.8,9,4500,134520,2010-09-01 00:00:00,1
2010-09-02 00:00:00,2010-09-02 00:00:00,30,2010-09-02 00:00:00,28,28.6,19,18400,531180,2010-09-02 00:00:00,1
2010-09-03 00:00:00,2010-09-03 00:00:00,30.8,2010-09-03 00:00:00,28.1,30,45,34600,1031650,2010-09-03 00:00:00,1
2010-09-06 00:00:00,2010-09-06 00:00:00,30.2,2010-09-06 00:00:00,28.4,29.1,29,39100,1155400,2010-09-06 00:00:00,1
2010-09-07 00:00:00,2010-09-07 00:00:00,32,2010-09-07 00:00:00,30,32,172,245000,7693920,2010-09-07 00:00:00,1
2010-09-08 00:00:00,2010-09-08 00:00:00,35.2,2010-09-08 00:00:00,33,35.2,272,387700,13466730,2010-09-08 00:00:00,1
2010-09-09 00:00:00,2010-09-09 00:00:00,38.7,2010-09-09 00:00:00,38.7,38.7,59,75500,2921850,2010-09-09 00:00:00,1
2010-09-13 00:00:00,2010-09-13 00:00:00,42.5,2010-09-13 00:00:00,40.1,42.5,142,142200,5993890,2010-09-13 00:00:00,1
2010-09-14 00:00:00,2010-09-14 00:00:00,46.7,2010-09-14 00:00:00,39.1,41.5,234,275800,12081570,2010-09-14 00:00:00,1
2010-09-15 00:00:00,2010-09-15 00:00:00,42.5,2010-09-15 00:00:00,37.4,40.2,282,307200,11911930,2010-09-15 00:00:00,1
2010-09-16 00:00:00,2010-09-16 00:00:00,40.5,2010-09-16 00:00:00,38.2,39,40,35200,1367690,2010-09-16 00:00:00,1
2010-09-17 00:00:00,2010-09-17 00:00:00,41.8,2010-09-17 00:00:00,39,39.5,96,93300,3771490,2010-09-17 00:00:00,1
2010-09-20 00:00:00,2010-09-20 00:00:00,41.9,2010-09-20 00:00:00,38,38.3,49,66800,2643320,2010-09-20 00:00:00,1
2010-09-21 00:00:00,2010-09-21 00:00:00,40,2010-09-21 00:00:00,37,37.5,70,67800,2572910,2010-09-21 00:00:00,1
2010-09-23 00:00:00,2010-09-23 00:00:00,39.9,2010-09-23 00:00:00,38,38,18,24400,941090,2010-09-23 00:00:00,1
2010-09-24 00:00:00,2010-09-24 00:00:00,38.5,2010-09-24 00:00:00,38,38.1,25,24800,944490,2010-09-24 00:00:00,1
2010-09-27 00:00:00,2010-09-27 00:00:00,38.2,2010-09-27 00:00:00,37,37.1,15,27700,1047540,2010-09-27 00:00:00,1
2010-09-28 00:00:00,2010-09-28 00:00:00,39,2010-09-28 00:00:00,36,38.4,18,25600,968950,2010-09-28 00:00:00,1
2010-09-29 00:00:00,2010-09-29 00:00:00,38.5,2010-09-29 00:00:00,37.5,37.7,17,15800,599740,2010-09-29 00:00:00,1
2010-09-30 00:00:00,2010-09-30 00:00:00,39,2010-09-30 00:00:00,37,38.5,28,23400,898620,2010-09-30 00:00:00,1
2010-10-01 00:00:00,2010-10-01 00:00:00,39.5,2010-10-01 00:00:00,37,37.4,64,51000,1994480,2010-10-01 00:00:00,1
2010-10-04 00:00:00,2010-10-04 00:00:00,38.5,2010-10-04 00:00:00,38,38.3,30,63000,2415970,2010-10-04 00:00:00,1
2010-10-05 00:00:00,2010-10-05 00:00:00,38.5,2010-10-05 00:00:00,36.1,38,11,14000,528910,2010-10-05 00:00:00,1
2010-10-06 00:00:00,2010-10-06 00:00:00,38.4,2010-10-06 00:00:00,37,38,18,29600,1124830,2010-10-06 00:00:00,1
2010-10-07 00:00:00,2010-10-07 00:00:00,38,2010-10-07 00:00:00,35,37.4,18,15900,591310,2010-10-07 00:00:00,1
2010-10-08 00:00:00,2010-10-08 00:00:00,39,2010-10-08 00:00:00,35,38.5,27,26400,988590,2010-10-08 00:00:00,1
2010-10-11 00:00:00,2010-10-11 00:00:00,40.2,2010-10-11 00:00:00,38.1,40,64,68700,2738990,2010-10-11 00:00:00,1
2010-10-12 00:00:00,2010-10-12 00:00:00,37.2,2010-10-12 00:00:00,37,37,18,27200,1008500,2010-10-12 00:00:00,1
2010-10-13 00:00:00,2010-10-13 00:00:00,37,2010-10-13 00:00:00,33.5,35,18,11300,394970,2010-10-13 00:00:00,1
2010-10-14 00:00:00,2010-10-14 00:00:00,36.9,2010-10-14 00:00:00,35,36,15,11300,403740,2010-10-14 00:00:00,1
2010-10-15 00:00:00,2010-10-15 00:00:00,36,2010-10-15 00:00:00,35,35.1,4,2300,80600,2010-10-15 00:00:00,1
2010-10-18 00:00:00,2010-10-18 00:00:00,36.9,2010-10-18 00:00:00,35,36.8,5,8600,304200,2010-10-18 00:00:00,1
2010-10-19 00:00:00,2010-10-19 00:00:00,37.2,2010-10-19 00:00:00,35,35.4,3,7000,247200,2010-10-19 00:00:00,1
2010-10-20 00:00:00,2010-10-20 00:00:00,36,2010-10-20 00:00:00,35,36,6,5500,195550,2010-10-20 00:00:00,1
2010-10-21 00:00:00,2010-10-21 00:00:00,36,2010-10-21 00:00:00,35,36,7,7000,250500,2010-10-21 00:00:00,1
2010-10-25 00:00:00,2010-10-25 00:00:00,36,2010-10-25 00:00:00,34,34.3,4,5000,171650,2010-10-25 00:00:00,1
2010-10-26 00:00:00,2010-10-26 00:00:00,34.1,2010-10-26 00:00:00,34,34.1,6,5200,177300,2010-10-26 00:00:00,1
2010-10-27 00:00:00,2010-10-27 00:00:00,34.5,2010-10-27 00:00:00,32,32.3,6,2100,67630,2010-10-27 00:00:00,1
2010-10-29 00:00:00,2010-10-29 00:00:00,35.1,2010-10-29 00:00:00,34,35,5,4500,157010,2010-10-29 00:00:00,1
2010-11-01 00:00:00,2010-11-01 00:00:00,37,2010-11-01 00:00:00,36.7,36.7,4,700,25800,2010-11-01 00:00:00,1
2010-11-02 00:00:00,2010-11-02 00:00:00,36.6,2010-11-02 00:00:00,34,34,3,2100,76600,2010-11-02 00:00:00,1
2010-11-03 00:00:00,2010-11-03 00:00:00,34,2010-11-03 00:00:00,32,32.3,17,25400,822240,2010-11-03 00:00:00,1
2010-11-04 00:00:00,2010-11-04 00:00:00,34.9,2010-11-04 00:00:00,32,32.2,11,7100,229170,2010-11-04 00:00:00,1
2010-11-08 00:00:00,2010-11-08 00:00:00,33,2010-11-08 00:00:00,33,33,1,200,6600,2010-11-08 00:00:00,1
2010-11-09 00:00:00,2010-11-09 00:00:00,33,2010-11-09 00:00:00,33,33,2,600,19800,2010-11-09 00:00:00,1
2010-11-10 00:00:00,2010-11-10 00:00:00,32.5,2010-11-10 00:00:00,32.1,32.2,3,700,22550,2010-11-10 00:00:00,1
2010-11-11 00:00:00,2010-11-11 00:00:00,32,2010-11-11 00:00:00,32,32,4,2800,89600,2010-11-11 00:00:00,1
2010-11-12 00:00:00,2010-11-12 00:00:00,32.1,2010-11-12 00:00:00,32,32,9,2800,89680,2010-11-12 00:00:00,1
2010-11-15 00:00:00,2010-11-15 00:00:00,32.2,2010-11-15 00:00:00,32.1,32.2,3,400,12850,2010-11-15 00:00:00,1
2010-11-16 00:00:00,2010-11-16 00:00:00,32.2,2010-11-16 00:00:00,32.2,32.2,1,2000,64400,2010-11-16 00:00:00,1
2010-11-18 00:00:00,2010-11-18 00:00:00,32,2010-11-18 00:00:00,31,31,6,3100,98110,2010-11-18 00:00:00,1
2010-11-22 00:00:00,2010-11-22 00:00:00,30.4,2010-11-22 00:00:00,30.3,30.4,3,4700,142430,2010-11-22 00:00:00,1
2010-11-23 00:00:00,2010-11-23 00:00:00,30.5,2010-11-23 00:00:00,30,30.5,12,9100,273450,2010-11-23 00:00:00,1
2010-11-24 00:00:00,2010-11-24 00:00:00,30,2010-11-24 00:00:00,29.6,29.8,5,11000,328000,2010-11-24 00:00:00,1
2010-11-25 00:00:00,2010-11-25 00:00:00,29.5,2010-11-25 00:00:00,29.3,29.5,6,2900,85510,2010-11-25 00:00:00,1
2010-11-29 00:00:00,2010-11-29 00:00:00,29.6,2010-11-29 00:00:00,29.6,29.6,1,100,2960,2010-11-29 00:00:00,1
2010-11-30 00:00:00,2010-11-30 00:00:00,35.7,2010-11-30 00:00:00,30,33.6,7,2000,66730,2010-11-30 00:00:00,1
2010-12-01 00:00:00,2010-12-01 00:00:00,35,2010-12-01 00:00:00,35,35,8,1400,49000,2010-12-01 00:00:00,1
2010-12-02 00:00:00,2010-12-02 00:00:00,35.5,2010-12-02 00:00:00,30.5,31.2,45,68200,2167440,2010-12-02 00:00:00,1
2010-12-03 00:00:00,2010-12-03 00:00:00,32,2010-12-03 00:00:00,31.3,32,2,2700,86330,2010-12-03 00:00:00,1
2010-12-06 00:00:00,2010-12-06 00:00:00,32.4,2010-12-06 00:00:00,31,31.1,4,1800,55940,2010-12-06 00:00:00,1
2010-12-07 00:00:00,2010-12-07 00:00:00,30.5,2010-12-07 00:00:00,30.1,30.1,6,5900,177720,2010-12-07 00:00:00,1
2010-12-08 00:00:00,2010-12-08 00:00:00,31,2010-12-08 00:00:00,30,30,13,14700,441450,2010-12-08 00:00:00,1
2010-12-09 00:00:00,2010-12-09 00:00:00,30.2,2010-12-09 00:00:00,30.2,30.2,1,500,15100,2010-12-09 00:00:00,1
2010-12-10 00:00:00,2010-12-10 00:00:00,31.5,2010-12-10 00:00:00,31,31.5,2,17100,530600,2010-12-10 00:00:00,1
2010-12-13 00:00:00,2010-12-13 00:00:00,30.1,2010-12-13 00:00:00,30.1,30.1,1,200,6020,2010-12-13 00:00:00,1
2010-12-14 00:00:00,2010-12-14 00:00:00,30.1,2010-12-14 00:00:00,30.1,30.1,1,200,6020,2010-12-14 00:00:00,1
2010-12-15 00:00:00,2010-12-15 00:00:00,31,2010-12-15 00:00:00,30,30,7,9600,294800,2010-12-15 00:00:00,1
2010-12-17 00:00:00,2010-12-17 00:00:00,30.3,2010-12-17 00:00:00,30.3,30.3,2,1500,45450,2010-12-17 00:00:00,1
2010-12-21 00:00:00,2010-12-21 00:00:00,30.5,2010-12-21 00:00:00,30,30.1,2,500,15050,2010-12-21 00:00:00,1
2010-12-22 00:00:00,2010-12-22 00:00:00,32.1,2010-12-22 00:00:00,31.8,32,19,18000,575880,2010-12-22 00:00:00,1
2010-12-23 00:00:00,2010-12-23 00:00:00,34.5,2010-12-23 00:00:00,32,33.3,25,13700,452310,2010-12-23 00:00:00,1
2010-12-24 00:00:00,2010-12-24 00:00:00,33.3,2010-12-24 00:00:00,33.3,33.3,1,500,16650,2010-12-24 00:00:00,1
2010-12-27 00:00:00,2010-12-27 00:00:00,32,2010-12-27 00:00:00,31,32,7,4900,152900,2010-12-27 00:00:00,1
2010-12-28 00:00:00,2010-12-28 00:00:00,31.3,2010-12-28 00:00:00,31.3,31.3,1,100,3130,2010-12-28 00:00:00,1
2010-12-29 00:00:00,2010-12-29 00:00:00,32,2010-12-29 00:00:00,31.8,32,8,4300,137190,2010-12-29 00:00:00,1
2010-12-30 00:00:00,2010-12-30 00:00:00,32,2010-12-30 00:00:00,30.3,32,7,7100,222880,2010-12-30 00:00:00,1
2010-12-31 00:00:00,2010-12-31 00:00:00,32.5,2010-12-31 00:00:00,30.6,31.8,5,2800,88750,2010-12-31 00:00:00,1
Company Id :  LFIN,,Security Type :  N,,Sub Type :  0000,,,,,,
Short Name :  LB FINANCE,,,,,,,,,,
Day,Date High,High,Date Low,Low,Closing,No. of Trades,No. of Shares,Turnover,Last Traded,Days Traded
2010-01-04 00:00:00,2010-01-04 00:00:00,46.25,2010-01-04 00:00:00,46,46.25,5,3300,151975,2010-01-04 00:00:00,1
2010-01-05 00:00:00,2010-01-05 00:00:00,46.5,2010-01-05 00:00:00,46,46,11,5300,244700,2010-01-05 00:00:00,1
2010-01-06 00:00:00,2010-01-06 00:00:00,48.5,2010-01-06 00:00:00,46,47.5,24,23600,1124175,2010-01-06 00:00:00,1
2010-01-07 00:00:00,2010-01-07 00:00:00,47,2010-01-07 00:00:00,46.25,47,33,70900,3312575,2010-01-07 00:00:00,1
2010-01-08 00:00:00,2010-01-08 00:00:00,47.5,2010-01-08 00:00:00,46.5,46.5,7,1600,74700,2010-01-08 00:00:00,1
2010-01-11 00:00:00,2010-01-11 00:00:00,47,2010-01-11 00:00:00,46.5,46.75,23,18100,846875,2010-01-11 00:00:00,1
2010-01-12 00:00:00,2010-01-12 00:00:00,47,2010-01-12 00:00:00,45,45.25,30,30900,1402400,2010-01-12 00:00:00,1
2010-01-13 00:00:00,2010-01-13 00:00:00,47.25,2010-01-13 00:00:00,46,47,17,17700,819300,2010-01-13 00:00:00,1
2010-01-15 00:00:00,2010-01-15 00:00:00,46.75,2010-01-15 00:00:00,46.5,46.5,8,3700,172100,2010-01-15 00:00:00,1
2010-01-18 00:00:00,2010-01-18 00:00:00,46.75,2010-01-18 00:00:00,46.25,46.25,6,1400,64900,2010-01-18 00:00:00,1
2010-01-19 00:00:00,2010-01-19 00:00:00,46,2010-01-19 00:00:00,44,44.5,34,56000,2499250,2010-01-19 00:00:00,1
2010-01-20 00:00:00,2010-01-20 00:00:00,46.5,2010-01-20 00:00:00,44,45,7,9200,416000,2010-01-20 00:00:00,1
2010-01-21 00:00:00,2010-01-21 00:00:00,45,2010-01-21 00:00:00,45,45,17,37700,1696500,2010-01-21 00:00:00,1
2010-01-22 00:00:00,2010-01-22 00:00:00,46.75,2010-01-22 00:00:00,45,46.25,14,9000,413050,2010-01-22 00:00:00,1
2010-01-25 00:00:00,2010-01-25 00:00:00,46,2010-01-25 00:00:00,45.5,46,5,6100,280550,2010-01-25 00:00:00,1
2010-01-26 00:00:00,2010-01-26 00:00:00,47,2010-01-26 00:00:00,46,47,15,17700,820000,2010-01-26 00:00:00,1
2010-01-28 00:00:00,2010-01-28 00:00:00,45,2010-01-28 00:00:00,44.5,45,5,1600,71950,2010-01-28 00:00:00,1
2010-02-01 00:00:00,2010-02-01 00:00:00,49.5,2010-02-01 00:00:00,46.5,48.75,41,81100,3926350,2010-02-01 00:00:00,1
2010-02-02 00:00:00,2010-02-02 00:00:00,58,2010-02-02 00:00:00,50,57.5,445,539900,29949000,2010-02-02 00:00:00,1
2010-02-03 00:00:00,2010-02-03 00:00:00,68,2010-02-03 00:00:00,58,66.5,765,727800,46714100,2010-02-03 00:00:00,1
2010-02-05 00:00:00,2010-02-05 00:00:00,69,2010-02-05 00:00:00,62,62.75,248,181600,12029100,2010-02-05 00:00:00,1
2010-02-08 00:00:00,2010-02-08 00:00:00,67,2010-02-08 00:00:00,61,62.75,82,107400,6804475,2010-02-08 00:00:00,1
2010-02-09 00:00:00,2010-02-09 00:00:00,65,2010-02-09 00:00:00,60.25,62.75,107,114300,7220000,2010-02-09 00:00:00,1
2010-02-10 00:00:00,2010-02-10 00:00:00,64,2010-02-10 00:00:00,59,60,38,40600,2521025,2010-02-10 00:00:00,1
2010-02-11 00:00:00,2010-02-11 00:00:00,64.5,2010-02-11 00:00:00,60.25,60.5,82,52200,3270850,2010-02-11 00:00:00,1
2010-02-12 00:00:00,2010-02-12 00:00:00,61,2010-02-12 00:00:00,58.25,59.75,42,32500,1945200,2010-02-12 00:00:00,1
2010-02-15 00:00:00,2010-02-15 00:00:00,61,2010-02-15 00:00:00,59.75,60.25,42,52800,3171000,2010-02-15 00:00:00,1
2010-02-16 00:00:00,2010-02-16 00:00:00,60.25,2010-02-16 00:00:00,58.5,59,26,12200,727925,2010-02-16 00:00:00,1
2010-02-17 00:00:00,2010-02-17 00:00:00,59.5,2010-02-17 00:00:00,58,59,26,15300,902550,2010-02-17 00:00:00,1
2010-02-18 00:00:00,2010-02-18 00:00:00,61.5,2010-02-18 00:00:00,59,60,19,28200,1690700,2010-02-18 00:00:00,1
2010-02-19 00:00:00,2010-02-19 00:00:00,60,2010-02-19 00:00:00,59.5,59.5,14,11900,713350,2010-02-19 00:00:00,1
2010-02-22 00:00:00,2010-02-22 00:00:00,59.75,2010-02-22 00:00:00,59,59,22,15300,908575,2010-02-22 00:00:00,1
2010-02-23 00:00:00,2010-02-23 00:00:00,58.75,2010-02-23 00:00:00,58.5,58.75,9,2800,164125,2010-02-23 00:00:00,1
2010-02-24 00:00:00,2010-02-24 00:00:00,58.25,2010-02-24 00:00:00,58,58.25,4,3200,186225,2010-02-24 00:00:00,1
2010-02-25 00:00:00,2010-02-25 00:00:00,59,2010-02-25 00:00:00,58,58.25,14,12400,722825,2010-02-25 00:00:00,1
2010-02-26 00:00:00,2010-02-26 00:00:00,58.25,2010-02-26 00:00:00,58,58,6,5300,307500,2010-02-26 00:00:00,1
2010-03-01 00:00:00,2010-03-01 00:00:00,64,2010-03-01 00:00:00,58,62.5,54,33600,2039025,2010-03-01 00:00:00,1
2010-03-02 00:00:00,2010-03-02 00:00:00,61.75,2010-03-02 00:00:00,59.5,60,21,22100,1325725,2010-03-02 00:00:00,1
2010-03-03 00:00:00,2010-03-03 00:00:00,61,2010-03-03 00:00:00,59.25,59.5,22,12200,726325,2010-03-03 00:00:00,1
2010-03-04 00:00:00,2010-03-04 00:00:00,60,2010-03-04 00:00:00,59,59.75,25,33900,2007000,2010-03-04 00:00:00,1
2010-03-05 00:00:00,2010-03-05 00:00:00,63.5,2010-03-05 00:00:00,60,62.75,68,36400,2279500,2010-03-05 00:00:00,1
2010-03-08 00:00:00,2010-03-08 00:00:00,63.75,2010-03-08 00:00:00,62,62,25,19300,1205700,2010-03-08 00:00:00,1
2010-03-09 00:00:00,2010-03-09 00:00:00,63,2010-03-09 00:00:00,61,61,14,8400,518025,2010-03-09 00:00:00,1
2010-03-10 00:00:00,2010-03-10 00:00:00,61,2010-03-10 00:00:00,61,61,8,7000,427000,2010-03-10 00:00:00,1
2010-03-11 00:00:00,2010-03-11 00:00:00,61,2010-03-11 00:00:00,60.25,61,3,1100,66775,2010-03-11 00:00:00,1
2010-03-12 00:00:00,2010-03-12 00:00:00,61.5,2010-03-12 00:00:00,61,61,7,17600,1073650,2010-03-12 00:00:00,1
2010-03-15 00:00:00,2010-03-15 00:00:00,61,2010-03-15 00:00:00,61,61,7,7300,445300,2010-03-15 00:00:00,1
2010-03-16 00:00:00,2010-03-16 00:00:00,61,2010-03-16 00:00:00,60.75,61,22,20300,1238175,2010-03-16 00:00:00,1
2010-03-17 00:00:00,2010-03-17 00:00:00,60.75,2010-03-17 00:00:00,58,58,17,10300,606825,2010-03-17 00:00:00,1
2010-03-18 00:00:00,2010-03-18 00:00:00,61,2010-03-18 00:00:00,59.5,61,4,700,42100,2010-03-18 00:00:00,1
2010-03-19 00:00:00,2010-03-19 00:00:00,60,2010-03-19 00:00:00,58,59.25,2,1500,89000,2010-03-19 00:00:00,1
2010-03-22 00:00:00,2010-03-22 00:00:00,60.75,2010-03-22 00:00:00,60,60,6,2400,144800,2010-03-22 00:00:00,1
2010-03-23 00:00:00,2010-03-23 00:00:00,60,2010-03-23 00:00:00,57,58,17,7800,461950,2010-03-23 00:00:00,1
2010-03-24 00:00:00,2010-03-24 00:00:00,60,2010-03-24 00:00:00,58,58,8,8100,482075,2010-03-24 00:00:00,1
2010-03-25 00:00:00,2010-03-25 00:00:00,62,2010-03-25 00:00:00,60,60,29,33400,2022475,2010-03-25 00:00:00,1
2010-03-26 00:00:00,2010-03-26 00:00:00,63,2010-03-26 00:00:00,60.75,62,56,35200,2188225,2010-03-26 00:00:00,1
2010-03-30 00:00:00,2010-03-30 00:00:00,61,2010-03-30 00:00:00,60.75,60.75,14,17400,1057550,2010-03-30 00:00:00,1
2010-03-31 00:00:00,2010-03-31 00:00:00,62.5,2010-03-31 00:00:00,61,62,20,7300,449250,2010-03-31 00:00:00,1
2010-04-01 00:00:00,2010-04-01 00:00:00,62,2010-04-01 00:00:00,61,62,8,6300,387250,2010-04-01 00:00:00,1
2010-04-05 00:00:00,2010-04-05 00:00:00,62.5,2010-04-05 00:00:00,62,62,9,6200,384900,2010-04-05 00:00:00,1
2010-04-06 00:00:00,2010-04-06 00:00:00,65.5,2010-04-06 00:00:00,62.5,65,90,97800,6307850,2010-04-06 00:00:00,1
2010-04-07 00:00:00,2010-04-07 00:00:00,67.75,2010-04-07 00:00:00,65,65.5,66,64100,4276425,2010-04-07 00:00:00,1
2010-04-08 00:00:00,2010-04-08 00:00:00,66,2010-04-08 00:00:00,65.25,66,29,23300,1537050,2010-04-08 00:00:00,1
2010-04-12 00:00:00,2010-04-12 00:00:00,74.75,2010-04-12 00:00:00,67,73,290,255400,18295425,2010-04-12 00:00:00,1
2010-04-15 00:00:00,2010-04-15 00:00:00,82,2010-04-15 00:00:00,74,79.25,205,124900,9690950,2010-04-15 00:00:00,1
2010-04-16 00:00:00,2010-04-16 00:00:00,87.5,2010-04-16 00:00:00,83.75,84.5,218,181600,15435925,2010-04-16 00:00:00,1
2010-04-19 00:00:00,2010-04-19 00:00:00,85,2010-04-19 00:00:00,80.25,81.5,82,89900,7504600,2010-04-19 00:00:00,1
2010-04-20 00:00:00,2010-04-20 00:00:00,83,2010-04-20 00:00:00,81.5,82.5,55,71900,5902550,2010-04-20 00:00:00,1
2010-04-21 00:00:00,2010-04-21 00:00:00,84,2010-04-21 00:00:00,82.75,83,59,72600,6027675,2010-04-21 00:00:00,1
2010-04-22 00:00:00,2010-04-22 00:00:00,84.25,2010-04-22 00:00:00,83,83,32,34000,2823950,2010-04-22 00:00:00,1
2010-04-23 00:00:00,2010-04-23 00:00:00,91,2010-04-23 00:00:00,84,88.75,187,148200,12974225,2010-04-23 00:00:00,1
2010-04-26 00:00:00,2010-04-26 00:00:00,95.5,2010-04-26 00:00:00,90,95,153,141200,12999150,2010-04-26 00:00:00,1
2010-04-27 00:00:00,2010-04-27 00:00:00,98,2010-04-27 00:00:00,92,94.25,101,109700,10454225,2010-04-27 00:00:00,1
2010-04-29 00:00:00,2010-04-29 00:00:00,101.5,2010-04-29 00:00:00,96,100.25,168,178100,17542075,2010-04-29 00:00:00,1
2010-04-30 00:00:00,2010-04-30 00:00:00,99.75,2010-04-30 00:00:00,99,99,13,5300,526075,2010-04-30 00:00:00,1
2010-05-03 00:00:00,2010-05-03 00:00:00,99,2010-05-03 00:00:00,93.75,95,51,62300,6005325,2010-05-03 00:00:00,1
2010-05-04 00:00:00,2010-05-04 00:00:00,97,2010-05-04 00:00:00,93,93.5,52,244600,22881550,2010-05-04 00:00:00,1
2010-05-05 00:00:00,2010-05-05 00:00:00,95,2010-05-05 00:00:00,92,92,49,182100,16816975,2010-05-05 00:00:00,1
2010-05-06 00:00:00,2010-05-06 00:00:00,92.75,2010-05-06 00:00:00,90.5,91,43,26600,2429500,2010-05-06 00:00:00,1
2010-05-07 00:00:00,2010-05-07 00:00:00,90,2010-05-07 00:00:00,87,88,34,18600,1638525,2010-05-07 00:00:00,1
2010-05-10 00:00:00,2010-05-10 00:00:00,87.5,2010-05-10 00:00:00,85.75,87,26,10200,884225,2010-05-10 00:00:00,1
2010-05-11 00:00:00,2010-05-11 00:00:00,87,2010-05-11 00:00:00,84.5,84.75,26,7200,611900,2010-05-11 00:00:00,1
2010-05-12 00:00:00,2010-05-12 00:00:00,85,2010-05-12 00:00:00,83,85,29,27800,2347275,2010-05-12 00:00:00,1
2010-05-13 00:00:00,2010-05-13 00:00:00,85,2010-05-13 00:00:00,84,84.25,23,25600,2158150,2010-05-13 00:00:00,1
2010-05-14 00:00:00,2010-05-14 00:00:00,88,2010-05-14 00:00:00,84.5,85.75,51,56400,4817325,2010-05-14 00:00:00,1
2010-05-17 00:00:00,2010-05-17 00:00:00,90,2010-05-17 00:00:00,87.75,89.75,50,66400,5918550,2010-05-17 00:00:00,1
2010-05-18 00:00:00,2010-05-18 00:00:00,92,2010-05-18 00:00:00,89,90.25,39,34500,3110825,2010-05-18 00:00:00,1
2010-05-19 00:00:00,2010-05-19 00:00:00,90.25,2010-05-19 00:00:00,90,90,12,1600,144025,2010-05-19 00:00:00,1
2010-05-20 00:00:00,2010-05-20 00:00:00,89,2010-05-20 00:00:00,88,89,6,15200,1347600,2010-05-20 00:00:00,1
2010-05-21 00:00:00,2010-05-21 00:00:00,92,2010-05-21 00:00:00,89.75,89.75,151,777600,69986025,2010-05-21 00:00:00,1
2010-05-24 00:00:00,2010-05-24 00:00:00,90,2010-05-24 00:00:00,88,88.25,28,28300,2529950,2010-05-24 00:00:00,1
2010-05-25 00:00:00,2010-05-25 00:00:00,88,2010-05-25 00:00:00,86,87,5,1100,95800,2010-05-25 00:00:00,1
2010-05-26 00:00:00,2010-05-26 00:00:00,89,2010-05-26 00:00:00,88,88,4,2800,247600,2010-05-26 00:00:00,1
2010-05-31 00:00:00,2010-05-31 00:00:00,89,2010-05-31 00:00:00,88,88,7,8500,749325,2010-05-31 00:00:00,1
2010-06-01 00:00:00,2010-06-01 00:00:00,90.5,2010-06-01 00:00:00,88,90.25,28,42300,3771200,2010-06-01 00:00:00,1
2010-06-02 00:00:00,2010-06-02 00:00:00,94,2010-06-02 00:00:00,91,92,57,79300,7360325,2010-06-02 00:00:00,1
2010-06-03 00:00:00,2010-06-03 00:00:00,96,2010-06-03 00:00:00,92.5,95,156,176200,16708650,2010-06-03 00:00:00,1
2010-06-04 00:00:00,2010-06-04 00:00:00,106,2010-06-04 00:00:00,95,104.5,426,1847800,176333775,2010-06-04 00:00:00,1
2010-06-07 00:00:00,2010-06-07 00:00:00,119,2010-06-07 00:00:00,106.5,116,409,720000,80294925,2010-06-07 00:00:00,1
2010-06-08 00:00:00,2010-06-08 00:00:00,120.5,2010-06-08 00:00:00,113,114.25,135,153000,18076850,2010-06-08 00:00:00,1
2010-06-09 00:00:00,2010-06-09 00:00:00,114.25,2010-06-09 00:00:00,110,110.5,68,57900,6440000,2010-06-09 00:00:00,1
2010-06-10 00:00:00,2010-06-10 00:00:00,115,2010-06-10 00:00:00,112,114,25,15100,1720175,2010-06-10 00:00:00,1
2010-06-11 00:00:00,2010-06-11 00:00:00,115,2010-06-11 00:00:00,113.5,114,34,17700,2028300,2010-06-11 00:00:00,1
2010-06-14 00:00:00,2010-06-14 00:00:00,117,2010-06-14 00:00:00,115,115.25,47,63000,7264175,2010-06-14 00:00:00,1
2010-06-15 00:00:00,2010-06-15 00:00:00,115.5,2010-06-15 00:00:00,115,115,62,86600,9971675,2010-06-15 00:00:00,1
2010-06-16 00:00:00,2010-06-16 00:00:00,123,2010-06-16 00:00:00,114,121,139,201800,24163675,2010-06-16 00:00:00,1
2010-06-17 00:00:00,2010-06-17 00:00:00,122.25,2010-06-17 00:00:00,120,121.75,66,66400,8056200,2010-06-17 00:00:00,1
2010-06-21 00:00:00,2010-06-21 00:00:00,140,2010-06-21 00:00:00,122.5,134,185,188800,24952575,2010-06-21 00:00:00,1
2010-06-22 00:00:00,2010-06-22 00:00:00,137.25,2010-06-22 00:00:00,130,132,156,160000,21530075,2010-06-22 00:00:00,1
2010-06-23 00:00:00,2010-06-23 00:00:00,137.75,2010-06-23 00:00:00,134,135,115,133100,18073900,2010-06-23 00:00:00,1
2010-06-24 00:00:00,2010-06-24 00:00:00,148,2010-06-24 00:00:00,131.5,144.5,340,373500,53447000,2010-06-24 00:00:00,1
2010-06-28 00:00:00,2010-06-28 00:00:00,149.5,2010-06-28 00:00:00,140,141,87,74500,10732600,2010-06-28 00:00:00,1
2010-06-29 00:00:00,2010-06-29 00:00:00,147.5,2010-06-29 00:00:00,143.75,146.25,84,242100,35277650,2010-06-29 00:00:00,1
2010-06-30 00:00:00,2010-06-30 00:00:00,148,2010-06-30 00:00:00,143,146.25,34,17800,2605300,2010-06-30 00:00:00,1
2010-07-01 00:00:00,2010-07-01 00:00:00,147,2010-07-01 00:00:00,143,145,36,42800,6254800,2010-07-01 00:00:00,1
2010-07-02 00:00:00,2010-07-02 00:00:00,147,2010-07-02 00:00:00,142,142,25,29300,4273325,2010-07-02 00:00:00,1
2010-07-05 00:00:00,2010-07-05 00:00:00,142,2010-07-05 00:00:00,140.25,141,17,19500,2756275,2010-07-05 00:00:00,1
2010-07-06 00:00:00,2010-07-06 00:00:00,141,2010-07-06 00:00:00,136,136,19,25000,3473200,2010-07-06 00:00:00,1
2010-07-07 00:00:00,2010-07-07 00:00:00,137,2010-07-07 00:00:00,131.5,132,72,108600,14377325,2010-07-07 00:00:00,1
2010-07-08 00:00:00,2010-07-08 00:00:00,140,2010-07-08 00:00:00,132,137,53,92200,12351100,2010-07-08 00:00:00,1
2010-07-09 00:00:00,2010-07-09 00:00:00,137.25,2010-07-09 00:00:00,135,136.5,39,31500,4290450,2010-07-09 00:00:00,1
2010-07-12 00:00:00,2010-07-12 00:00:00,140,2010-07-12 00:00:00,137,140,36,22100,3064475,2010-07-12 00:00:00,1
2010-07-13 00:00:00,2010-07-13 00:00:00,157.5,2010-07-13 00:00:00,140,154.25,430,531500,79402500,2010-07-13 00:00:00,1
2010-07-14 00:00:00,2010-07-14 00:00:00,164.25,2010-07-14 00:00:00,155.5,156.5,282,196600,31486250,2010-07-14 00:00:00,1
2010-07-15 00:00:00,2010-07-15 00:00:00,158,2010-07-15 00:00:00,152,152.75,72,27500,4254550,2010-07-15 00:00:00,1
2010-07-16 00:00:00,2010-07-16 00:00:00,157,2010-07-16 00:00:00,152.25,153,51,42200,6510625,2010-07-16 00:00:00,1
2010-07-19 00:00:00,2010-07-19 00:00:00,153,2010-07-19 00:00:00,150,151,73,67300,10128500,2010-07-19 00:00:00,1
2010-07-20 00:00:00,2010-07-20 00:00:00,162,2010-07-20 00:00:00,149,160,151,160200,25192675,2010-07-20 00:00:00,1
2010-07-21 00:00:00,2010-07-21 00:00:00,166,2010-07-21 00:00:00,159.75,165,136,150400,24646150,2010-07-21 00:00:00,1
2010-07-22 00:00:00,2010-07-22 00:00:00,171,2010-07-22 00:00:00,163,164,250,166300,27878325,2010-07-22 00:00:00,1
2010-07-23 00:00:00,2010-07-23 00:00:00,169,2010-07-23 00:00:00,164,166.25,80,111100,18403950,2010-07-23 00:00:00,1
2010-07-26 00:00:00,2010-07-26 00:00:00,166.5,2010-07-26 00:00:00,163,163.75,49,37500,6155500,2010-07-26 00:00:00,1
2010-07-27 00:00:00,2010-07-27 00:00:00,164,2010-07-27 00:00:00,159,160.75,86,81200,13145275,2010-07-27 00:00:00,1
2010-07-28 00:00:00,2010-07-28 00:00:00,162,2010-07-28 00:00:00,161,162,49,139200,22436800,2010-07-28 00:00:00,1
2010-07-29 00:00:00,2010-07-29 00:00:00,162,2010-07-29 00:00:00,158,159.25,33,36200,5773425,2010-07-29 00:00:00,1
2010-07-30 00:00:00,2010-07-30 00:00:00,159.25,2010-07-30 00:00:00,157.5,158,39,59200,9380950,2010-07-30 00:00:00,1
2010-08-02 00:00:00,2010-08-02 00:00:00,160.2,2010-08-02 00:00:00,154,154.8,88,117900,18546950,2010-08-02 00:00:00,1
2010-08-03 00:00:00,2010-08-03 00:00:00,155,2010-08-03 00:00:00,152,153.1,9,3600,551390,2010-08-03 00:00:00,1
2010-08-04 00:00:00,2010-08-04 00:00:00,157,2010-08-04 00:00:00,152,156.1,32,96800,14853380,2010-08-04 00:00:00,1
2010-08-05 00:00:00,2010-08-05 00:00:00,165,2010-08-05 00:00:00,145.5,154.8,74,85100,12787440,2010-08-05 00:00:00,1
2010-08-06 00:00:00,2010-08-06 00:00:00,158,2010-08-06 00:00:00,149,150,34,20200,3029850,2010-08-06 00:00:00,1
2010-08-09 00:00:00,2010-08-09 00:00:00,147,2010-08-09 00:00:00,135.1,141.3,75,51000,7222110,2010-08-09 00:00:00,1
2010-08-10 00:00:00,2010-08-10 00:00:00,155,2010-08-10 00:00:00,138,155,96,69800,10523610,2010-08-10 00:00:00,1
2010-08-11 00:00:00,2010-08-11 00:00:00,156,2010-08-11 00:00:00,147,150,42,31200,4725630,2010-08-11 00:00:00,1
2010-08-12 00:00:00,2010-08-12 00:00:00,150,2010-08-12 00:00:00,147,147.7,12,5600,835200,2010-08-12 00:00:00,1
2010-08-13 00:00:00,2010-08-13 00:00:00,150.1,2010-08-13 00:00:00,149,150.1,5,6300,944030,2010-08-13 00:00:00,1
2010-08-16 00:00:00,2010-08-16 00:00:00,150,2010-08-16 00:00:00,148,148,20,7800,1162370,2010-08-16 00:00:00,1
2010-08-17 00:00:00,2010-08-17 00:00:00,150,2010-08-17 00:00:00,147.3,148.1,37,23400,3469870,2010-08-17 00:00:00,1
2010-08-18 00:00:00,2010-08-18 00:00:00,153,2010-08-18 00:00:00,150,151.5,36,94100,14269100,2010-08-18 00:00:00,1
2010-08-19 00:00:00,2010-08-19 00:00:00,155,2010-08-19 00:00:00,152.1,152.5,17,14900,2270570,2010-08-19 00:00:00,1
2010-08-20 00:00:00,2010-08-20 00:00:00,160,2010-08-20 00:00:00,152,152.2,11,7100,1087470,2010-08-20 00:00:00,1
2010-08-23 00:00:00,2010-08-23 00:00:00,157,2010-08-23 00:00:00,152,155.1,29,117300,18171250,2010-08-23 00:00:00,1
2010-08-25 00:00:00,2010-08-25 00:00:00,158,2010-08-25 00:00:00,154,154,31,40800,6351850,2010-08-25 00:00:00,1
2010-08-26 00:00:00,2010-08-26 00:00:00,154.5,2010-08-26 00:00:00,151,154,13,28200,4318050,2010-08-26 00:00:00,1
2010-08-27 00:00:00,2010-08-27 00:00:00,156,2010-08-27 00:00:00,153.1,153.2,26,30100,4668890,2010-08-27 00:00:00,1
2010-08-30 00:00:00,2010-08-30 00:00:00,166,2010-08-30 00:00:00,153,165.4,325,582500,95498750,2010-08-30 00:00:00,1
2010-08-31 00:00:00,2010-08-31 00:00:00,177.1,2010-08-31 00:00:00,167,176.5,374,558900,95956660,2010-08-31 00:00:00,1
2010-09-01 00:00:00,2010-09-01 00:00:00,194.1,2010-09-01 00:00:00,178,194.1,445,499100,92305270,2010-09-01 00:00:00,1
2010-09-02 00:00:00,2010-09-02 00:00:00,201,2010-09-02 00:00:00,185.5,190.3,403,320400,62271410,2010-09-02 00:00:00,1
2010-09-03 00:00:00,2010-09-03 00:00:00,195,2010-09-03 00:00:00,188,188.8,137,110500,21150010,2010-09-03 00:00:00,1
2010-09-06 00:00:00,2010-09-06 00:00:00,206,2010-09-06 00:00:00,184,184.9,88,55200,10334860,2010-09-06 00:00:00,1
2010-09-07 00:00:00,2010-09-07 00:00:00,198,2010-09-07 00:00:00,184.8,197.3,152,195100,37580820,2010-09-07 00:00:00,1
2010-09-08 00:00:00,2010-09-08 00:00:00,210,2010-09-08 00:00:00,202,204.1,205,237700,48796420,2010-09-08 00:00:00,1
2010-09-09 00:00:00,2010-09-09 00:00:00,205,2010-09-09 00:00:00,195.6,199.7,75,100600,20166350,2010-09-09 00:00:00,1
2010-09-13 00:00:00,2010-09-13 00:00:00,219.6,2010-09-13 00:00:00,199,219.6,250,253400,54725440,2010-09-13 00:00:00,1
2010-09-14 00:00:00,2010-09-14 00:00:00,241.5,2010-09-14 00:00:00,230,238.9,365,400200,94422270,2010-09-14 00:00:00,1
2010-09-15 00:00:00,2010-09-15 00:00:00,254,2010-09-15 00:00:00,235,249.3,294,260300,64253480,2010-09-15 00:00:00,1
2010-09-16 00:00:00,2010-09-16 00:00:00,274.2,2010-09-16 00:00:00,248.1,274.2,183,184200,48609930,2010-09-16 00:00:00,1
2010-09-17 00:00:00,2010-09-17 00:00:00,301.6,2010-09-17 00:00:00,292,301.6,162,117900,35399720,2010-09-17 00:00:00,1
2010-09-20 00:00:00,2010-09-20 00:00:00,332,2010-09-20 00:00:00,315,322.9,329,237500,76768270,2010-09-20 00:00:00,1
2010-09-21 00:00:00,2010-09-21 00:00:00,340,2010-09-21 00:00:00,317,322.4,118,64900,21653020,2010-09-21 00:00:00,1
2010-09-23 00:00:00,2010-09-23 00:00:00,320,2010-09-23 00:00:00,280.8,293.9,209,84700,25244730,2010-09-23 00:00:00,1
2010-09-24 00:00:00,2010-09-24 00:00:00,290,2010-09-24 00:00:00,275,284.1,207,167000,47608610,2010-09-24 00:00:00,1
2010-09-27 00:00:00,2010-09-27 00:00:00,308,2010-09-27 00:00:00,282,300.4,208,283500,84807400,2010-09-27 00:00:00,1
2010-09-28 00:00:00,2010-09-28 00:00:00,309,2010-09-28 00:00:00,290,290.6,69,48800,14342190,2010-09-28 00:00:00,1
2010-09-29 00:00:00,2010-09-29 00:00:00,295,2010-09-29 00:00:00,285.6,291.6,67,44500,13038790,2010-09-29 00:00:00,1
2010-09-30 00:00:00,2010-09-30 00:00:00,299.9,2010-09-30 00:00:00,293,295.7,70,64000,18899050,2010-09-30 00:00:00,1
2010-10-01 00:00:00,2010-10-01 00:00:00,300,2010-10-01 00:00:00,293,293.9,33,18400,5476910,2010-10-01 00:00:00,1
2010-10-04 00:00:00,2010-10-04 00:00:00,294,2010-10-04 00:00:00,279,280.3,53,25500,7302410,2010-10-04 00:00:00,1
2010-10-05 00:00:00,2010-10-05 00:00:00,280,2010-10-05 00:00:00,275,276.4,57,25900,7168580,2010-10-05 00:00:00,1
2010-10-06 00:00:00,2010-10-06 00:00:00,285.5,2010-10-06 00:00:00,279,283.6,94,85500,24093870,2010-10-06 00:00:00,1
2010-10-07 00:00:00,2010-10-07 00:00:00,284.5,2010-10-07 00:00:00,261.1,274.1,90,45800,12565010,2010-10-07 00:00:00,1
2010-10-08 00:00:00,2010-10-08 00:00:00,284,2010-10-08 00:00:00,270,279.5,50,24300,6645640,2010-10-08 00:00:00,1
2010-10-11 00:00:00,2010-10-11 00:00:00,285.5,2010-10-11 00:00:00,278,279.9,36,16700,4690290,2010-10-11 00:00:00,1
2010-10-12 00:00:00,2010-10-12 00:00:00,275,2010-10-12 00:00:00,265.5,269.1,52,20600,5539040,2010-10-12 00:00:00,1
2010-10-13 00:00:00,2010-10-13 00:00:00,270,2010-10-13 00:00:00,240,269.5,92,71100,18492580,2010-10-13 00:00:00,1
2010-10-14 00:00:00,2010-10-14 00:00:00,280,2010-10-14 00:00:00,261,265.9,27,29900,7950720,2010-10-14 00:00:00,1
2010-10-15 00:00:00,2010-10-15 00:00:00,276.5,2010-10-15 00:00:00,263.8,271.6,33,15800,4250660,2010-10-15 00:00:00,1
2010-10-18 00:00:00,2010-10-18 00:00:00,278,2010-10-18 00:00:00,269.2,274.9,39,20900,5682640,2010-10-18 00:00:00,1
2010-10-19 00:00:00,2010-10-19 00:00:00,284.9,2010-10-19 00:00:00,274,276.1,50,41500,11452340,2010-10-19 00:00:00,1
2010-10-20 00:00:00,2010-10-20 00:00:00,285,2010-10-20 00:00:00,279.5,280.1,67,50000,14018420,2010-10-20 00:00:00,1
2010-10-21 00:00:00,2010-10-21 00:00:00,298,2010-10-21 00:00:00,276,294.4,103,64900,18741630,2010-10-21 00:00:00,1
2010-10-25 00:00:00,2010-10-25 00:00:00,297,2010-10-25 00:00:00,285,293.5,95,"17,752,700    5",",325,021,490.00",2010-10-25 00:00:00,1
2010-10-26 00:00:00,2010-10-26 00:00:00,300,2010-10-26 00:00:00,280,282.6,77,63100,18422290,2010-10-26 00:00:00,1
2010-10-27 00:00:00,2010-10-27 00:00:00,290,2010-10-27 00:00:00,273,276.3,57,42000,11625200,2010-10-27 00:00:00,1
2010-10-28 00:00:00,2010-10-28 00:00:00,284.9,2010-10-28 00:00:00,275,284.3,17,10000,2789490,2010-10-28 00:00:00,1
2010-10-29 00:00:00,2010-10-29 00:00:00,283,2010-10-29 00:00:00,276,278.2,39,14600,4079500,2010-10-29 00:00:00,1
2010-11-01 00:00:00,2010-11-01 00:00:00,286.1,2010-11-01 00:00:00,277,277.9,32,19800,5547450,2010-11-01 00:00:00,1
2010-11-02 00:00:00,2010-11-02 00:00:00,280,2010-11-02 00:00:00,275.5,277,16,6400,1783710,2010-11-02 00:00:00,1
2010-11-03 00:00:00,2010-11-03 00:00:00,283.9,2010-11-03 00:00:00,270,270.2,40,21700,5976140,2010-11-03 00:00:00,1
2010-11-04 00:00:00,2010-11-04 00:00:00,270.2,2010-11-04 00:00:00,270,270,8,6800,1836100,2010-11-04 00:00:00,1
2010-11-08 00:00:00,2010-11-08 00:00:00,270.5,2010-11-08 00:00:00,267.5,268,11,5800,1564000,2010-11-08 00:00:00,1
2010-11-09 00:00:00,2010-11-09 00:00:00,268,2010-11-09 00:00:00,260,261.9,33,25500,6667080,2010-11-09 00:00:00,1
2010-11-10 00:00:00,2010-11-10 00:00:00,264,2010-11-10 00:00:00,262,263,9,7500,1972200,2010-11-10 00:00:00,1
2010-11-11 00:00:00,2010-11-11 00:00:00,268,2010-11-11 00:00:00,262,265.4,13,13600,3608750,2010-11-11 00:00:00,1
2010-11-12 00:00:00,2010-11-12 00:00:00,274,2010-11-12 00:00:00,265,271.8,29,35800,9638000,2010-11-12 00:00:00,1
2010-11-15 00:00:00,2010-11-15 00:00:00,271.8,2010-11-15 00:00:00,260,260.4,16,13400,3512840,2010-11-15 00:00:00,1
2010-11-16 00:00:00,2010-11-16 00:00:00,261,2010-11-16 00:00:00,257.1,260,15,5300,1378910,2010-11-16 00:00:00,1
2010-11-18 00:00:00,2010-11-18 00:00:00,265.5,2010-11-18 00:00:00,264,264.9,15,6500,1719490,2010-11-18 00:00:00,1
2010-11-22 00:00:00,2010-11-22 00:00:00,271,2010-11-22 00:00:00,269,270.1,24,12600,3401550,2010-11-22 00:00:00,1
2010-11-23 00:00:00,2010-11-23 00:00:00,275,2010-11-23 00:00:00,258.6,259.6,39,28800,7582390,2010-11-23 00:00:00,1
2010-11-24 00:00:00,2010-11-24 00:00:00,265,2010-11-24 00:00:00,260,260,14,6800,1769900,2010-11-24 00:00:00,1
2010-11-25 00:00:00,2010-11-25 00:00:00,260.1,2010-11-25 00:00:00,252,258.5,28,20800,5370670,2010-11-25 00:00:00,1
2010-11-26 00:00:00,2010-11-26 00:00:00,260,2010-11-26 00:00:00,250.5,250.7,19,10500,2632770,2010-11-26 00:00:00,1
2010-11-29 00:00:00,2010-11-29 00:00:00,250,2010-11-29 00:00:00,230,231.5,91,49900,11733040,2010-11-29 00:00:00,1
2010-11-30 00:00:00,2010-11-30 00:00:00,255.1,2010-11-30 00:00:00,245,246.2,79,44100,11045140,2010-11-30 00:00:00,1
2010-12-01 00:00:00,2010-12-01 00:00:00,264.9,2010-12-01 00:00:00,249,263.6,141,93900,24008250,2010-12-01 00:00:00,1
2010-12-02 00:00:00,2010-12-02 00:00:00,269,2010-12-02 00:00:00,258,262.8,64,46700,12240840,2010-12-02 00:00:00,1
2010-12-03 00:00:00,2010-12-03 00:00:00,265,2010-12-03 00:00:00,259,262,25,8000,2092930,2010-12-03 00:00:00,1
2010-12-06 00:00:00,2010-12-06 00:00:00,265,2010-12-06 00:00:00,256,257.5,22,6800,1775790,2010-12-06 00:00:00,1
2010-12-07 00:00:00,2010-12-07 00:00:00,257,2010-12-07 00:00:00,252.1,256.8,6,3600,924700,2010-12-07 00:00:00,1
2010-12-08 00:00:00,2010-12-08 00:00:00,256.5,2010-12-08 00:00:00,245.2,250,17,11600,2901860,2010-12-08 00:00:00,1
2010-12-09 00:00:00,2010-12-09 00:00:00,260,2010-12-09 00:00:00,244,244.3,21,10800,2710690,2010-12-09 00:00:00,1
2010-12-10 00:00:00,2010-12-10 00:00:00,250,2010-12-10 00:00:00,244.3,249.9,41,16900,4167440,2010-12-10 00:00:00,1
2010-12-13 00:00:00,2010-12-13 00:00:00,250,2010-12-13 00:00:00,245,245,24,9900,2456570,2010-12-13 00:00:00,1
2010-12-14 00:00:00,2010-12-14 00:00:00,250,2010-12-14 00:00:00,241,242.8,26,9100,2233900,2010-12-14 00:00:00,1
2010-12-15 00:00:00,2010-12-15 00:00:00,249.9,2010-12-15 00:00:00,241,241.1,22,25400,6129890,2010-12-15 00:00:00,1
2010-12-16 00:00:00,2010-12-16 00:00:00,248,2010-12-16 00:00:00,242,243,27,12800,3163620,2010-12-16 00:00:00,1
2010-12-17 00:00:00,2010-12-17 00:00:00,247.4,2010-12-17 00:00:00,240,240.1,33,17800,4285840,2010-12-17 00:00:00,1
2010-12-21 00:00:00,2010-12-21 00:00:00,250,2010-12-21 00:00:00,236,248.4,74,39400,9586090,2010-12-21 00:00:00,1
2010-12-22 00:00:00,2010-12-22 00:00:00,256,2010-12-22 00:00:00,240.1,250.5,11,2400,602290,2010-12-22 00:00:00,1
2010-12-23 00:00:00,2010-12-23 00:00:00,262.9,2010-12-23 00:00:00,254,260.2,54,25800,6679630,2010-12-23 00:00:00,1
2010-12-24 00:00:00,2010-12-24 00:00:00,261.8,2010-12-24 00:00:00,255.2,259.8,12,11600,2975780,2010-12-24 00:00:00,1
2010-12-27 00:00:00,2010-12-27 00:00:00,263,2010-12-27 00:00:00,260,261.1,10,6800,1769240,2010-12-27 00:00:00,1
2010-12-28 00:00:00,2010-12-28 00:00:00,266.9,2010-12-28 00:00:00,261,264.8,36,19600,5173010,2010-12-28 00:00:00,1
2010-12-29 00:00:00,2010-12-29 00:00:00,264.4,2010-12-29 00:00:00,260,263.3,31,14900,3895410,2010-12-29 00:00:00,1
2010-12-30 00:00:00,2010-12-30 00:00:00,262,2010-12-30 00:00:00,258,260.7,31,35500,9202860,2010-12-30 00:00:00,1
2010-12-31 00:00:00,2010-12-31 00:00:00,269.5,2010-12-31 00:00:00,260,261.9,44,19300,5043210,2010-12-31 00:00:00,1
Company Id :  LGL,,Security Type :  N,,Sub Type :  0000,,,,,,
Short Name :  LAUGFS GAS,,,,,,,,,,
Day,Date High,High,Date Low,Low,Closing,No. of Trades,No. of Shares,Turnover,Last Traded,Days Traded
2010-12-08 00:00:00,2010-12-08 00:00:00,31,2010-12-08 00:00:00,24.9,26.5,10283,30809400,820821780,2010-12-08 00:00:00,1
2010-12-09 00:00:00,2010-12-09 00:00:00,27.5,2010-12-09 00:00:00,25.9,26,1344,4281800,115474610,2010-12-09 00:00:00,1
2010-12-10 00:00:00,2010-12-10 00:00:00,26,2010-12-10 00:00:00,25.3,25.4,646,1002900,25567840,2010-12-10 00:00:00,1
2010-12-13 00:00:00,2010-12-13 00:00:00,25.5,2010-12-13 00:00:00,24,24.3,899,1919000,46963680,2010-12-13 00:00:00,1
2010-12-14 00:00:00,2010-12-14 00:00:00,24.1,2010-12-14 00:00:00,23.4,23.5,393,695000,16454370,2010-12-14 00:00:00,1
2010-12-15 00:00:00,2010-12-15 00:00:00,23.5,2010-12-15 00:00:00,23,23.1,336,531600,12328690,2010-12-15 00:00:00,1
2010-12-16 00:00:00,2010-12-16 00:00:00,24.3,2010-12-16 00:00:00,23.2,24.1,376,881500,21185740,2010-12-16 00:00:00,1
2010-12-17 00:00:00,2010-12-17 00:00:00,24.6,2010-12-17 00:00:00,23.8,24.3,309,1184100,28609260,2010-12-17 00:00:00,1
2010-12-21 00:00:00,2010-12-21 00:00:00,25.2,2010-12-21 00:00:00,24.5,25,527,1746800,43622010,2010-12-21 00:00:00,1
2010-12-22 00:00:00,2010-12-22 00:00:00,25.8,2010-12-22 00:00:00,25,25.6,388,752100,19116310,2010-12-22 00:00:00,1
2010-12-23 00:00:00,2010-12-23 00:00:00,27,2010-12-23 00:00:00,25.6,26.5,776,2629300,69915890,2010-12-23 00:00:00,1
2010-12-24 00:00:00,2010-12-24 00:00:00,26.9,2010-12-24 00:00:00,26,26.3,151,153600,4025980,2010-12-24 00:00:00,1
2010-12-27 00:00:00,2010-12-27 00:00:00,26.7,2010-12-27 00:00:00,26,26.5,281,316000,8308050,2010-12-27 00:00:00,1
2010-12-28 00:00:00,2010-12-28 00:00:00,27.2,2010-12-28 00:00:00,26.5,27,567,1811700,48963590,2010-12-28 00:00:00,1
2010-12-29 00:00:00,2010-12-29 00:00:00,27,2010-12-29 00:00:00,26.4,26.6,228,264700,7055930,2010-12-29 00:00:00,1
2010-12-30 00:00:00,2010-12-30 00:00:00,26.7,2010-12-30 00:00:00,25.4,26,399,1465500,38128670,2010-12-30 00:00:00,1
2010-12-31 00:00:00,2010-12-31 00:00:00,26.5,2010-12-31 00:00:00,25.7,25.9,190,1080400,27930600,2010-12-31 00:00:00,1
Company Id :  LGL,,Security Type :  X,,Sub Type :  0000,,,,,,
Short Name :  LAUGFS GAS,,,,,,,,,,
Day,Date High,High,Date Low,Low,Closing,No. of Trades,No. of Shares,Turnover,Last Traded,Days Traded
2010-12-09 00:00:00,2010-12-09 00:00:00,17.1,2010-12-09 00:00:00,16.2,16.4,4373,15398400,256711620,2010-12-09 00:00:00,1
2010-12-10 00:00:00,2010-12-10 00:00:00,16.4,2010-12-10 00:00:00,15.9,16.2,816,1564200,25203070,2010-12-10 00:00:00,1
2010-12-13 00:00:00,2010-12-13 00:00:00,16.1,2010-12-13 00:00:00,15.4,15.5,514,1449800,22701710,2010-12-13 00:00:00,1
2010-12-14 00:00:00,2010-12-14 00:00:00,16,2010-12-14 00:00:00,15.1,15.2,247,371800,5672590,2010-12-14 00:00:00,1
2010-12-15 00:00:00,2010-12-15 00:00:00,15.3,2010-12-15 00:00:00,14.9,15,264,612300,9224250,2010-12-15 00:00:00,1
2010-12-16 00:00:00,2010-12-16 00:00:00,15.9,2010-12-16 00:00:00,15,15.7,411,804400,12555580,2010-12-16 00:00:00,1
2010-12-17 00:00:00,2010-12-17 00:00:00,16.4,2010-12-17 00:00:00,15.6,16.1,323,796500,12686570,2010-12-17 00:00:00,1
2010-12-21 00:00:00,2010-12-21 00:00:00,17.1,2010-12-21 00:00:00,16.3,17,788,3776600,63464550,2010-12-21 00:00:00,1
2010-12-22 00:00:00,2010-12-22 00:00:00,17.6,2010-12-22 00:00:00,17,17.5,544,1246000,21599300,2010-12-22 00:00:00,1
2010-12-23 00:00:00,2010-12-23 00:00:00,19.1,2010-12-23 00:00:00,17.6,18.7,1052,2578400,47758300,2010-12-23 00:00:00,1
2010-12-24 00:00:00,2010-12-24 00:00:00,18.9,2010-12-24 00:00:00,18.1,18.3,243,391500,7197470,2010-12-24 00:00:00,1
2010-12-27 00:00:00,2010-12-27 00:00:00,18.8,2010-12-27 00:00:00,18.1,18.7,340,350700,6490230,2010-12-27 00:00:00,1
2010-12-28 00:00:00,2010-12-28 00:00:00,19,2010-12-28 00:00:00,18.7,18.9,334,706600,13350830,2010-12-28 00:00:00,1
2010-12-29 00:00:00,2010-12-29 00:00:00,19.2,2010-12-29 00:00:00,18.5,18.5,378,789300,14839210,2010-12-29 00:00:00,1
2010-12-30 00:00:00,2010-12-30 00:00:00,19,2010-12-30 00:00:00,18.2,18.7,409,962300,17847280,2010-12-30 00:00:00,1
2010-12-31 00:00:00,2010-12-31 00:00:00,18.9,2010-12-31 00:00:00,18.4,18.5,208,341700,6334640,2010-12-31 00:00:00,1
Company Id :  LHCL,,Security Type :  N,,Sub Type :  0000,,,,,,
Short Name :  LANKA HOSPITALS,,,,,,,,,,
Day,Date High,High,Date Low,Low,Closing,No. of Trades,No. of Shares,Turnover,Last Traded,Days Traded
2010-01-04 00:00:00,2010-01-04 00:00:00,19.75,2010-01-04 00:00:00,19.75,19.75,2,200,3950,2010-01-04 00:00:00,1
2010-01-05 00:00:00,2010-01-05 00:00:00,20,2010-01-05 00:00:00,19.25,19.75,11,7500,149375,2010-01-05 00:00:00,1
2010-01-06 00:00:00,2010-01-06 00:00:00,19.5,2010-01-06 00:00:00,19.25,19.5,6,3100,60325,2010-01-06 00:00:00,1
2010-01-07 00:00:00,2010-01-07 00:00:00,19.5,2010-01-07 00:00:00,19.25,19.5,9,8000,154625,2010-01-07 00:00:00,1
2010-01-08 00:00:00,2010-01-08 00:00:00,20,2010-01-08 00:00:00,19.25,19.25,12,16100,311225,2010-01-08 00:00:00,1
2010-01-11 00:00:00,2010-01-11 00:00:00,20,2010-01-11 00:00:00,20,20,4,2100,42000,2010-01-11 00:00:00,1
2010-01-12 00:00:00,2010-01-12 00:00:00,19.5,2010-01-12 00:00:00,19,19,17,27000,516650,2010-01-12 00:00:00,1
2010-01-13 00:00:00,2010-01-13 00:00:00,19,2010-01-13 00:00:00,19,19,7,6000,114000,2010-01-13 00:00:00,1
2010-01-15 00:00:00,2010-01-15 00:00:00,19,2010-01-15 00:00:00,18.5,18.75,13,38500,723375,2010-01-15 00:00:00,1
2010-01-18 00:00:00,2010-01-18 00:00:00,18.5,2010-01-18 00:00:00,18,18,32,36600,670950,2010-01-18 00:00:00,1
2010-01-19 00:00:00,2010-01-19 00:00:00,19,2010-01-19 00:00:00,18,18.5,18,39100,713475,2010-01-19 00:00:00,1
2010-01-20 00:00:00,2010-01-20 00:00:00,18.5,2010-01-20 00:00:00,18,18,14,42800,775750,2010-01-20 00:00:00,1
2010-01-21 00:00:00,2010-01-21 00:00:00,18.5,2010-01-21 00:00:00,18.25,18.25,13,13400,244925,2010-01-21 00:00:00,1
2010-01-22 00:00:00,2010-01-22 00:00:00,18.75,2010-01-22 00:00:00,18.5,18.5,3,6300,117175,2010-01-22 00:00:00,1
2010-01-25 00:00:00,2010-01-25 00:00:00,20,2010-01-25 00:00:00,18.5,19.75,14,33000,648275,2010-01-25 00:00:00,1
2010-01-26 00:00:00,2010-01-26 00:00:00,20.5,2010-01-26 00:00:00,20,20.5,32,48700,989225,2010-01-26 00:00:00,1
2010-01-28 00:00:00,2010-01-28 00:00:00,20.5,2010-01-28 00:00:00,20,20,11,8100,165800,2010-01-28 00:00:00,1
2010-02-01 00:00:00,2010-02-01 00:00:00,20.5,2010-02-01 00:00:00,19.5,20.5,2,1000,20000,2010-02-01 00:00:00,1
2010-02-02 00:00:00,2010-02-02 00:00:00,20.25,2010-02-02 00:00:00,20,20,15,56400,1128750,2010-02-02 00:00:00,1
2010-02-03 00:00:00,2010-02-03 00:00:00,20.25,2010-02-03 00:00:00,19.5,19.5,11,215700,4365950,2010-02-03 00:00:00,1
2010-02-05 00:00:00,2010-02-05 00:00:00,20,2010-02-05 00:00:00,19.25,19.25,13,15700,303900,2010-02-05 00:00:00,1
2010-02-08 00:00:00,2010-02-08 00:00:00,20.25,2010-02-08 00:00:00,19.75,20,6,12700,253400,2010-02-08 00:00:00,1
2010-02-09 00:00:00,2010-02-09 00:00:00,20.25,2010-02-09 00:00:00,19.75,20,12,6100,121525,2010-02-09 00:00:00,1
2010-02-10 00:00:00,2010-02-10 00:00:00,20.25,2010-02-10 00:00:00,19.75,20,24,27800,560625,2010-02-10 00:00:00,1
2010-02-11 00:00:00,2010-02-11 00:00:00,20,2010-02-11 00:00:00,19.5,19.5,6,2400,47250,2010-02-11 00:00:00,1
2010-02-12 00:00:00,2010-02-12 00:00:00,19.5,2010-02-12 00:00:00,19.25,19.5,4,3800,74025,2010-02-12 00:00:00,1
2010-02-15 00:00:00,2010-02-15 00:00:00,19.5,2010-02-15 00:00:00,19,19,7,9400,179525,2010-02-15 00:00:00,1
2010-02-16 00:00:00,2010-02-16 00:00:00,19,2010-02-16 00:00:00,18.5,19,6,3200,60450,2010-02-16 00:00:00,1
2010-02-18 00:00:00,2010-02-18 00:00:00,19,2010-02-18 00:00:00,18.5,18.5,6,4300,79700,2010-02-18 00:00:00,1
2010-02-19 00:00:00,2010-02-19 00:00:00,19,2010-02-19 00:00:00,18.25,19,6,696800,12891475,2010-02-19 00:00:00,1
2010-02-22 00:00:00,2010-02-22 00:00:00,19.5,2010-02-22 00:00:00,19,19.25,8,7600,145450,2010-02-22 00:00:00,1
2010-02-23 00:00:00,2010-02-23 00:00:00,19.25,2010-02-23 00:00:00,19.25,19.25,4,1400,26950,2010-02-23 00:00:00,1
2010-02-24 00:00:00,2010-02-24 00:00:00,19.25,2010-02-24 00:00:00,19.25,19.25,1,100,1925,2010-02-24 00:00:00,1
2010-02-25 00:00:00,2010-02-25 00:00:00,20,2010-02-25 00:00:00,19,19.75,8,6100,117275,2010-02-25 00:00:00,1
2010-02-26 00:00:00,2010-02-26 00:00:00,19,2010-02-26 00:00:00,19,19,12,15600,296400,2010-02-26 00:00:00,1
2010-03-01 00:00:00,2010-03-01 00:00:00,18.75,2010-03-01 00:00:00,18.5,18.75,3,2700,50450,2010-03-01 00:00:00,1
2010-03-02 00:00:00,2010-03-02 00:00:00,19,2010-03-02 00:00:00,18.75,18.75,5,2800,52750,2010-03-02 00:00:00,1
2010-03-03 00:00:00,2010-03-03 00:00:00,20,2010-03-03 00:00:00,18.5,19,15,6200,117325,2010-03-03 00:00:00,1
2010-03-04 00:00:00,2010-03-04 00:00:00,19,2010-03-04 00:00:00,18.25,19,3,1900,34825,2010-03-04 00:00:00,1
2010-03-05 00:00:00,2010-03-05 00:00:00,19,2010-03-05 00:00:00,18.5,18.5,9,12500,231750,2010-03-05 00:00:00,1
2010-03-08 00:00:00,2010-03-08 00:00:00,19,2010-03-08 00:00:00,18.5,19,4,2300,43050,2010-03-08 00:00:00,1
2010-03-09 00:00:00,2010-03-09 00:00:00,19,2010-03-09 00:00:00,18.5,18.5,5,2800,51950,2010-03-09 00:00:00,1
2010-03-10 00:00:00,2010-03-10 00:00:00,18.75,2010-03-10 00:00:00,18.75,18.75,3,3700,69375,2010-03-10 00:00:00,1
2010-03-11 00:00:00,2010-03-11 00:00:00,19,2010-03-11 00:00:00,18.5,19,13,9200,170500,2010-03-11 00:00:00,1
2010-03-12 00:00:00,2010-03-12 00:00:00,18.75,2010-03-12 00:00:00,18.5,18.75,7,5800,107450,2010-03-12 00:00:00,1
2010-03-15 00:00:00,2010-03-15 00:00:00,19,2010-03-15 00:00:00,18.75,19,9,16100,305850,2010-03-15 00:00:00,1
2010-03-16 00:00:00,2010-03-16 00:00:00,18.75,2010-03-16 00:00:00,18.5,18.75,4,900,16775,2010-03-16 00:00:00,1
2010-03-17 00:00:00,2010-03-17 00:00:00,18.75,2010-03-17 00:00:00,18.75,18.75,2,1400,26250,2010-03-17 00:00:00,1
2010-03-18 00:00:00,2010-03-18 00:00:00,18.75,2010-03-18 00:00:00,18.75,18.75,1,1000,18750,2010-03-18 00:00:00,1
2010-03-19 00:00:00,2010-03-19 00:00:00,19,2010-03-19 00:00:00,18.75,19,5,8600,162750,2010-03-19 00:00:00,1
2010-03-23 00:00:00,2010-03-23 00:00:00,20.5,2010-03-23 00:00:00,19,19.5,11,5700,113250,2010-03-23 00:00:00,1
2010-03-24 00:00:00,2010-03-24 00:00:00,20.25,2010-03-24 00:00:00,19,20,5,2700,53925,2010-03-24 00:00:00,1
2010-03-25 00:00:00,2010-03-25 00:00:00,19.75,2010-03-25 00:00:00,19.25,19.5,3,1100,21425,2010-03-25 00:00:00,1
2010-03-26 00:00:00,2010-03-26 00:00:00,19.25,2010-03-26 00:00:00,19,19,2,3300,63275,2010-03-26 00:00:00,1
2010-03-30 00:00:00,2010-03-30 00:00:00,20,2010-03-30 00:00:00,20,20,1,300,6000,2010-03-30 00:00:00,1
2010-03-31 00:00:00,2010-03-31 00:00:00,19.75,2010-03-31 00:00:00,19,19.25,19,17000,324050,2010-03-31 00:00:00,1
2010-04-01 00:00:00,2010-04-01 00:00:00,19.75,2010-04-01 00:00:00,19,19.75,3,400,7750,2010-04-01 00:00:00,1
2010-04-05 00:00:00,2010-04-05 00:00:00,19.5,2010-04-05 00:00:00,19.5,19.5,3,2200,42900,2010-04-05 00:00:00,1
2010-04-06 00:00:00,2010-04-06 00:00:00,19.75,2010-04-06 00:00:00,19.25,19.25,3,1400,27525,2010-04-06 00:00:00,1
2010-04-07 00:00:00,2010-04-07 00:00:00,19,2010-04-07 00:00:00,18.25,19,5,6800,128450,2010-04-07 00:00:00,1
2010-04-08 00:00:00,2010-04-08 00:00:00,19.75,2010-04-08 00:00:00,19.25,19.5,10,32100,628825,2010-04-08 00:00:00,1
2010-04-12 00:00:00,2010-04-12 00:00:00,19.75,2010-04-12 00:00:00,19.5,19.5,5,1200,23525,2010-04-12 00:00:00,1
2010-04-15 00:00:00,2010-04-15 00:00:00,19.75,2010-04-15 00:00:00,19.5,19.5,5,4300,84050,2010-04-15 00:00:00,1
2010-04-16 00:00:00,2010-04-16 00:00:00,20.5,2010-04-16 00:00:00,19.5,20.5,7,32100,636800,2010-04-16 00:00:00,1
2010-04-19 00:00:00,2010-04-19 00:00:00,19.75,2010-04-19 00:00:00,19.75,19.75,1,100,1975,2010-04-19 00:00:00,1
2010-04-20 00:00:00,2010-04-20 00:00:00,20,2010-04-20 00:00:00,19.5,19.5,9,8300,163925,2010-04-20 00:00:00,1
2010-04-21 00:00:00,2010-04-21 00:00:00,19.5,2010-04-21 00:00:00,19.5,19.5,3,3100,60450,2010-04-21 00:00:00,1
2010-04-22 00:00:00,2010-04-22 00:00:00,19.75,2010-04-22 00:00:00,19.5,19.75,11,7400,144475,2010-04-22 00:00:00,1
2010-04-23 00:00:00,2010-04-23 00:00:00,21,2010-04-23 00:00:00,19.5,20.25,74,77400,1568050,2010-04-23 00:00:00,1
2010-04-26 00:00:00,2010-04-26 00:00:00,20,2010-04-26 00:00:00,19.75,20,6,4100,81750,2010-04-26 00:00:00,1
2010-04-27 00:00:00,2010-04-27 00:00:00,20,2010-04-27 00:00:00,19.75,19.75,7,11000,219150,2010-04-27 00:00:00,1
2010-04-29 00:00:00,2010-04-29 00:00:00,20.25,2010-04-29 00:00:00,19.75,20,8,1500,30000,2010-04-29 00:00:00,1
2010-04-30 00:00:00,2010-04-30 00:00:00,20,2010-04-30 00:00:00,20,20,3,1600,32000,2010-04-30 00:00:00,1
2010-05-03 00:00:00,2010-05-03 00:00:00,20.25,2010-05-03 00:00:00,19.75,20,19,24300,483125,2010-05-03 00:00:00,1
2010-05-04 00:00:00,2010-05-04 00:00:00,20,2010-05-04 00:00:00,19.75,19.75,11,5100,100825,2010-05-04 00:00:00,1
2010-05-05 00:00:00,2010-05-05 00:00:00,21,2010-05-05 00:00:00,19.5,20,26,26800,546900,2010-05-05 00:00:00,1
2010-05-06 00:00:00,2010-05-06 00:00:00,21,2010-05-06 00:00:00,19.5,19.5,7,2500,50375,2010-05-06 00:00:00,1
2010-05-07 00:00:00,2010-05-07 00:00:00,19.5,2010-05-07 00:00:00,19,19,16,18900,360300,2010-05-07 00:00:00,1
2010-05-10 00:00:00,2010-05-10 00:00:00,19.75,2010-05-10 00:00:00,19.25,19.25,21,53200,1024150,2010-05-10 00:00:00,1
2010-05-11 00:00:00,2010-05-11 00:00:00,19,2010-05-11 00:00:00,19,19,12,23500,446500,2010-05-11 00:00:00,1
2010-05-12 00:00:00,2010-05-12 00:00:00,19,2010-05-12 00:00:00,19,19,1,2200,41800,2010-05-12 00:00:00,1
2010-05-13 00:00:00,2010-05-13 00:00:00,19,2010-05-13 00:00:00,19,19,2,5000,95000,2010-05-13 00:00:00,1
2010-05-14 00:00:00,2010-05-14 00:00:00,19.5,2010-05-14 00:00:00,19,19,4,6000,114050,2010-05-14 00:00:00,1
2010-05-17 00:00:00,2010-05-17 00:00:00,21,2010-05-17 00:00:00,19.5,20.25,57,78600,1599925,2010-05-17 00:00:00,1
2010-05-18 00:00:00,2010-05-18 00:00:00,20.5,2010-05-18 00:00:00,20.25,20.5,3,1000,20375,2010-05-18 00:00:00,1
2010-05-19 00:00:00,2010-05-19 00:00:00,20,2010-05-19 00:00:00,20,20,1,300,6000,2010-05-19 00:00:00,1
2010-05-20 00:00:00,2010-05-20 00:00:00,19.5,2010-05-20 00:00:00,19.5,19.5,3,900,17550,2010-05-20 00:00:00,1
2010-05-21 00:00:00,2010-05-21 00:00:00,20,2010-05-21 00:00:00,19.5,19.75,6,2300,45200,2010-05-21 00:00:00,1
2010-05-24 00:00:00,2010-05-24 00:00:00,19.5,2010-05-24 00:00:00,19.25,19.25,6,4300,83700,2010-05-24 00:00:00,1
2010-05-25 00:00:00,2010-05-25 00:00:00,19.75,2010-05-25 00:00:00,19.25,19.25,3,5100,99425,2010-05-25 00:00:00,1
2010-05-26 00:00:00,2010-05-26 00:00:00,19.25,2010-05-26 00:00:00,18.75,19,8,4200,79825,2010-05-26 00:00:00,1
2010-05-31 00:00:00,2010-05-31 00:00:00,19.25,2010-05-31 00:00:00,18.75,19.25,5,2400,45700,2010-05-31 00:00:00,1
2010-06-01 00:00:00,2010-06-01 00:00:00,18.75,2010-06-01 00:00:00,18.75,18.75,2,10300,193125,2010-06-01 00:00:00,1
2010-06-02 00:00:00,2010-06-02 00:00:00,19.25,2010-06-02 00:00:00,18.5,18.75,10,5100,95250,2010-06-02 00:00:00,1
2010-06-03 00:00:00,2010-06-03 00:00:00,18.75,2010-06-03 00:00:00,18.5,18.5,9,8100,151800,2010-06-03 00:00:00,1
2010-06-04 00:00:00,2010-06-04 00:00:00,19,2010-06-04 00:00:00,18.75,18.75,10,15000,283975,2010-06-04 00:00:00,1
2010-06-07 00:00:00,2010-06-07 00:00:00,19.5,2010-06-07 00:00:00,18.75,19,14,8200,156150,2010-06-07 00:00:00,1
2010-06-08 00:00:00,2010-06-08 00:00:00,19.5,2010-06-08 00:00:00,18.75,18.75,8,4300,81375,2010-06-08 00:00:00,1
2010-06-09 00:00:00,2010-06-09 00:00:00,19.5,2010-06-09 00:00:00,19,19.5,25,42600,819200,2010-06-09 00:00:00,1
2010-06-10 00:00:00,2010-06-10 00:00:00,19.5,2010-06-10 00:00:00,19,19.25,5,4500,87050,2010-06-10 00:00:00,1
2010-06-11 00:00:00,2010-06-11 00:00:00,19.5,2010-06-11 00:00:00,19,19,23,58000,1102800,2010-06-11 00:00:00,1
2010-06-14 00:00:00,2010-06-14 00:00:00,19.25,2010-06-14 00:00:00,19,19,11,17300,330525,2010-06-14 00:00:00,1
2010-06-15 00:00:00,2010-06-15 00:00:00,19.25,2010-06-15 00:00:00,19,19.25,7,11000,209775,2010-06-15 00:00:00,1
2010-06-16 00:00:00,2010-06-16 00:00:00,20,2010-06-16 00:00:00,19,20,26,39100,752275,2010-06-16 00:00:00,1
2010-06-17 00:00:00,2010-06-17 00:00:00,19.75,2010-06-17 00:00:00,19.5,19.75,7,2500,49150,2010-06-17 00:00:00,1
2010-06-21 00:00:00,2010-06-21 00:00:00,20.5,2010-06-21 00:00:00,19.5,20.25,26,59200,1184025,2010-06-21 00:00:00,1
2010-06-22 00:00:00,2010-06-22 00:00:00,21.25,2010-06-22 00:00:00,20,20.5,63,84800,1739775,2010-06-22 00:00:00,1
2010-06-23 00:00:00,2010-06-23 00:00:00,22.5,2010-06-23 00:00:00,20.75,21.5,103,199400,4255775,2010-06-23 00:00:00,1
2010-06-24 00:00:00,2010-06-24 00:00:00,22,2010-06-24 00:00:00,20.75,21,20,43000,907875,2010-06-24 00:00:00,1
2010-06-28 00:00:00,2010-06-28 00:00:00,21.5,2010-06-28 00:00:00,21,21.25,22,25400,540125,2010-06-28 00:00:00,1
2010-06-29 00:00:00,2010-06-29 00:00:00,24.5,2010-06-29 00:00:00,21,23.5,161,311500,7153025,2010-06-29 00:00:00,1
2010-06-30 00:00:00,2010-06-30 00:00:00,24.5,2010-06-30 00:00:00,22.5,22.5,58,167100,3900775,2010-06-30 00:00:00,1
2010-07-01 00:00:00,2010-07-01 00:00:00,24,2010-07-01 00:00:00,23,23,5,2900,67525,2010-07-01 00:00:00,1
2010-07-02 00:00:00,2010-07-02 00:00:00,23,2010-07-02 00:00:00,21.5,23,36,39000,887950,2010-07-02 00:00:00,1
2010-07-05 00:00:00,2010-07-05 00:00:00,23,2010-07-05 00:00:00,22.5,22.5,19,49400,1123000,2010-07-05 00:00:00,1
2010-07-06 00:00:00,2010-07-06 00:00:00,24.75,2010-07-06 00:00:00,22.75,24,126,237900,5620775,2010-07-06 00:00:00,1
2010-07-07 00:00:00,2010-07-07 00:00:00,25.5,2010-07-07 00:00:00,23,23.25,61,114700,2738350,2010-07-07 00:00:00,1
2010-07-08 00:00:00,2010-07-08 00:00:00,23.75,2010-07-08 00:00:00,23.5,23.5,20,40800,960675,2010-07-08 00:00:00,1
2010-07-09 00:00:00,2010-07-09 00:00:00,27.75,2010-07-09 00:00:00,23.5,25.5,374,675900,17446575,2010-07-09 00:00:00,1
2010-07-12 00:00:00,2010-07-12 00:00:00,41.5,2010-07-12 00:00:00,25.5,39,3100,5315600,185311675,2010-07-12 00:00:00,1
2010-07-13 00:00:00,2010-07-13 00:00:00,42.75,2010-07-13 00:00:00,30,31,1746,3270600,110788650,2010-07-13 00:00:00,1
2010-07-14 00:00:00,2010-07-14 00:00:00,32.75,2010-07-14 00:00:00,30,30.25,310,407000,12557050,2010-07-14 00:00:00,1
2010-07-15 00:00:00,2010-07-15 00:00:00,31.5,2010-07-15 00:00:00,29.5,29.75,103,94200,2847225,2010-07-15 00:00:00,1
2010-07-16 00:00:00,2010-07-16 00:00:00,31,2010-07-16 00:00:00,29.25,29.5,75,66500,1965850,2010-07-16 00:00:00,1
2010-07-19 00:00:00,2010-07-19 00:00:00,34.25,2010-07-19 00:00:00,29.5,33,507,774900,25463375,2010-07-19 00:00:00,1
2010-07-20 00:00:00,2010-07-20 00:00:00,34,2010-07-20 00:00:00,31.5,32,105,117700,3860050,2010-07-20 00:00:00,1
2010-07-21 00:00:00,2010-07-21 00:00:00,32.5,2010-07-21 00:00:00,31.25,31.75,55,110500,3539275,2010-07-21 00:00:00,1
2010-07-22 00:00:00,2010-07-22 00:00:00,31.5,2010-07-22 00:00:00,30.5,31.25,24,17300,537650,2010-07-22 00:00:00,1
2010-07-23 00:00:00,2010-07-23 00:00:00,31.25,2010-07-23 00:00:00,30.75,31,32,52600,1628100,2010-07-23 00:00:00,1
2010-07-26 00:00:00,2010-07-26 00:00:00,31,2010-07-26 00:00:00,29.75,30,80,120800,3627875,2010-07-26 00:00:00,1
2010-07-27 00:00:00,2010-07-27 00:00:00,30.75,2010-07-27 00:00:00,30,30.25,40,55800,1676100,2010-07-27 00:00:00,1
2010-07-28 00:00:00,2010-07-28 00:00:00,30.25,2010-07-28 00:00:00,29.5,29.75,43,41800,1248200,2010-07-28 00:00:00,1
2010-07-29 00:00:00,2010-07-29 00:00:00,30,2010-07-29 00:00:00,29.5,29.75,18,7900,235700,2010-07-29 00:00:00,1
2010-07-30 00:00:00,2010-07-30 00:00:00,30,2010-07-30 00:00:00,28,28.75,105,290300,8312175,2010-07-30 00:00:00,1
2010-08-02 00:00:00,2010-08-02 00:00:00,30.5,2010-08-02 00:00:00,29,29.5,60,135700,4013090,2010-08-02 00:00:00,1
2010-08-03 00:00:00,2010-08-03 00:00:00,30,2010-08-03 00:00:00,29,29.7,30,57200,1682700,2010-08-03 00:00:00,1
2010-08-04 00:00:00,2010-08-04 00:00:00,30,2010-08-04 00:00:00,28.9,29.6,26,18100,531700,2010-08-04 00:00:00,1
2010-08-05 00:00:00,2010-08-05 00:00:00,29.6,2010-08-05 00:00:00,27.3,28.5,42,42500,1200880,2010-08-05 00:00:00,1
2010-08-06 00:00:00,2010-08-06 00:00:00,29,2010-08-06 00:00:00,27,28,21,44100,1238920,2010-08-06 00:00:00,1
2010-08-09 00:00:00,2010-08-09 00:00:00,27,2010-08-09 00:00:00,25.3,25.4,49,68200,1758670,2010-08-09 00:00:00,1
2010-08-10 00:00:00,2010-08-10 00:00:00,27.9,2010-08-10 00:00:00,24,27.9,43,60900,1553160,2010-08-10 00:00:00,1
2010-08-11 00:00:00,2010-08-11 00:00:00,29.8,2010-08-11 00:00:00,27,27.8,48,148100,4157280,2010-08-11 00:00:00,1
2010-08-12 00:00:00,2010-08-12 00:00:00,30,2010-08-12 00:00:00,27,28.2,22,29300,824080,2010-08-12 00:00:00,1
2010-08-13 00:00:00,2010-08-13 00:00:00,30,2010-08-13 00:00:00,28.1,29.2,44,76400,2222510,2010-08-13 00:00:00,1
2010-08-16 00:00:00,2010-08-16 00:00:00,29.5,2010-08-16 00:00:00,28.7,28.8,13,7400,213580,2010-08-16 00:00:00,1
2010-08-17 00:00:00,2010-08-17 00:00:00,29,2010-08-17 00:00:00,28,28.9,14,11400,326510,2010-08-17 00:00:00,1
2010-08-18 00:00:00,2010-08-18 00:00:00,31,2010-08-18 00:00:00,28.5,30.1,72,97500,2925470,2010-08-18 00:00:00,1
2010-08-19 00:00:00,2010-08-19 00:00:00,31.5,2010-08-19 00:00:00,30.1,30.4,73,74700,2291840,2010-08-19 00:00:00,1
2010-08-20 00:00:00,2010-08-20 00:00:00,31,2010-08-20 00:00:00,30,30.4,31,84300,2554160,2010-08-20 00:00:00,1
2010-08-23 00:00:00,2010-08-23 00:00:00,32.2,2010-08-23 00:00:00,30,31.5,71,130600,4020790,2010-08-23 00:00:00,1
2010-08-25 00:00:00,2010-08-25 00:00:00,32,2010-08-25 00:00:00,30.3,30.8,27,78400,2404400,2010-08-25 00:00:00,1
2010-08-26 00:00:00,2010-08-26 00:00:00,31,2010-08-26 00:00:00,28.5,30.4,43,103300,3129810,2010-08-26 00:00:00,1
2010-08-27 00:00:00,2010-08-27 00:00:00,30.1,2010-08-27 00:00:00,29.9,30,15,18300,548840,2010-08-27 00:00:00,1
2010-08-30 00:00:00,2010-08-30 00:00:00,30,2010-08-30 00:00:00,29,29.5,24,62700,1834980,2010-08-30 00:00:00,1
2010-08-31 00:00:00,2010-08-31 00:00:00,29,2010-08-31 00:00:00,28.2,29,7,5600,162320,2010-08-31 00:00:00,1
2010-09-01 00:00:00,2010-09-01 00:00:00,31,2010-09-01 00:00:00,29.2,30.2,97,320800,9629510,2010-09-01 00:00:00,1
2010-09-02 00:00:00,2010-09-02 00:00:00,32.1,2010-09-02 00:00:00,30,30.2,134,358600,11053460,2010-09-02 00:00:00,1
2010-09-03 00:00:00,2010-09-03 00:00:00,33.2,2010-09-03 00:00:00,30.2,32.7,281,780100,25237000,2010-09-03 00:00:00,1
2010-09-06 00:00:00,2010-09-06 00:00:00,34.5,2010-09-06 00:00:00,32,34,295,653900,22009760,2010-09-06 00:00:00,1
2010-09-07 00:00:00,2010-09-07 00:00:00,35,2010-09-07 00:00:00,33,33.1,101,137200,4561410,2010-09-07 00:00:00,1
2010-09-08 00:00:00,2010-09-08 00:00:00,34,2010-09-08 00:00:00,32,32.8,29,25900,849370,2010-09-08 00:00:00,1
2010-09-09 00:00:00,2010-09-09 00:00:00,33.5,2010-09-09 00:00:00,32,33,49,243200,7841110,2010-09-09 00:00:00,1
2010-09-13 00:00:00,2010-09-13 00:00:00,35.4,2010-09-13 00:00:00,33.5,33.5,128,165100,5675200,2010-09-13 00:00:00,1
2010-09-14 00:00:00,2010-09-14 00:00:00,34.9,2010-09-14 00:00:00,33.1,34,77,181500,6094910,2010-09-14 00:00:00,1
2010-09-15 00:00:00,2010-09-15 00:00:00,34.5,2010-09-15 00:00:00,33,33.1,62,130800,4395140,2010-09-15 00:00:00,1
2010-09-16 00:00:00,2010-09-16 00:00:00,34,2010-09-16 00:00:00,33,33.9,34,78900,2628450,2010-09-16 00:00:00,1
2010-09-17 00:00:00,2010-09-17 00:00:00,34.8,2010-09-17 00:00:00,33.1,34,60,78600,2667780,2010-09-17 00:00:00,1
2010-09-20 00:00:00,2010-09-20 00:00:00,35.2,2010-09-20 00:00:00,33.7,34,64,162200,5518350,2010-09-20 00:00:00,1
2010-09-21 00:00:00,2010-09-21 00:00:00,35,2010-09-21 00:00:00,33,34.3,70,165300,5682730,2010-09-21 00:00:00,1
2010-09-23 00:00:00,2010-09-23 00:00:00,34.3,2010-09-23 00:00:00,33.5,33.7,12,10000,337700,2010-09-23 00:00:00,1
2010-09-24 00:00:00,2010-09-24 00:00:00,37,2010-09-24 00:00:00,30.2,35.6,153,266500,9465570,2010-09-24 00:00:00,1
2010-09-27 00:00:00,2010-09-27 00:00:00,37.4,2010-09-27 00:00:00,35,36.7,241,564700,20613940,2010-09-27 00:00:00,1
2010-09-28 00:00:00,2010-09-28 00:00:00,37,2010-09-28 00:00:00,35.2,35.4,86,174000,6257380,2010-09-28 00:00:00,1
2010-09-29 00:00:00,2010-09-29 00:00:00,38.5,2010-09-29 00:00:00,36,37.8,391,586600,22108830,2010-09-29 00:00:00,1
2010-09-30 00:00:00,2010-09-30 00:00:00,38,2010-09-30 00:00:00,37,37.1,81,239000,8892920,2010-09-30 00:00:00,1
2010-10-01 00:00:00,2010-10-01 00:00:00,37.7,2010-10-01 00:00:00,36,36.1,53,285300,10324820,2010-10-01 00:00:00,1
2010-10-04 00:00:00,2010-10-04 00:00:00,37,2010-10-04 00:00:00,35.6,36,55,364900,13254370,2010-10-04 00:00:00,1
2010-10-05 00:00:00,2010-10-05 00:00:00,37.1,2010-10-05 00:00:00,35.8,35.8,62,220900,7986880,2010-10-05 00:00:00,1
2010-10-06 00:00:00,2010-10-06 00:00:00,35.8,2010-10-06 00:00:00,34.2,34.5,33,22500,785010,2010-10-06 00:00:00,1
2010-10-07 00:00:00,2010-10-07 00:00:00,35,2010-10-07 00:00:00,32.5,34,39,77200,2643170,2010-10-07 00:00:00,1
2010-10-08 00:00:00,2010-10-08 00:00:00,35.8,2010-10-08 00:00:00,33.1,34.7,57,78500,2705990,2010-10-08 00:00:00,1
2010-10-11 00:00:00,2010-10-11 00:00:00,36,2010-10-11 00:00:00,34.5,34.6,33,54600,1902470,2010-10-11 00:00:00,1
2010-10-12 00:00:00,2010-10-12 00:00:00,33.6,2010-10-12 00:00:00,32,32.9,49,147800,4869300,2010-10-12 00:00:00,1
2010-10-13 00:00:00,2010-10-13 00:00:00,33,2010-10-13 00:00:00,29,32.6,50,219400,7147610,2010-10-13 00:00:00,1
2010-10-14 00:00:00,2010-10-14 00:00:00,34,2010-10-14 00:00:00,31.1,32.6,23,44400,1418020,2010-10-14 00:00:00,1
2010-10-15 00:00:00,2010-10-15 00:00:00,34,2010-10-15 00:00:00,32,33,15,37200,1227500,2010-10-15 00:00:00,1
2010-10-18 00:00:00,2010-10-18 00:00:00,32.5,2010-10-18 00:00:00,32,32.1,10,4900,157200,2010-10-18 00:00:00,1
2010-10-19 00:00:00,2010-10-19 00:00:00,35,2010-10-19 00:00:00,33,33,23,39400,1324470,2010-10-19 00:00:00,1
2010-10-20 00:00:00,2010-10-20 00:00:00,33,2010-10-20 00:00:00,32.3,33,21,41400,1362350,2010-10-20 00:00:00,1
2010-10-21 00:00:00,2010-10-21 00:00:00,33,2010-10-21 00:00:00,32.3,32.8,5,2400,78270,2010-10-21 00:00:00,1
2010-10-25 00:00:00,2010-10-25 00:00:00,32.3,2010-10-25 00:00:00,31.2,31.2,16,17800,566670,2010-10-25 00:00:00,1
2010-10-26 00:00:00,2010-10-26 00:00:00,31,2010-10-26 00:00:00,30.5,30.7,9,7200,221570,2010-10-26 00:00:00,1
2010-10-27 00:00:00,2010-10-27 00:00:00,30.7,2010-10-27 00:00:00,30.1,30.1,8,10400,316270,2010-10-27 00:00:00,1
2010-10-28 00:00:00,2010-10-28 00:00:00,33,2010-10-28 00:00:00,30.2,32.3,15,5700,180290,2010-10-28 00:00:00,1
2010-10-29 00:00:00,2010-10-29 00:00:00,33,2010-10-29 00:00:00,31.4,32.3,24,46800,1502600,2010-10-29 00:00:00,1
2010-11-01 00:00:00,2010-11-01 00:00:00,34.5,2010-11-01 00:00:00,32.4,32.7,23,29800,992490,2010-11-01 00:00:00,1
2010-11-02 00:00:00,2010-11-02 00:00:00,33,2010-11-02 00:00:00,32.5,32.8,7,1500,48920,2010-11-02 00:00:00,1
2010-11-03 00:00:00,2010-11-03 00:00:00,32,2010-11-03 00:00:00,31.8,31.8,6,7200,230200,2010-11-03 00:00:00,1
2010-11-04 00:00:00,2010-11-04 00:00:00,31.6,2010-11-04 00:00:00,31.6,31.6,8,3200,101120,2010-11-04 00:00:00,1
2010-11-08 00:00:00,2010-11-08 00:00:00,31.6,2010-11-08 00:00:00,31.1,31.2,6,8500,266290,2010-11-08 00:00:00,1
2010-11-09 00:00:00,2010-11-09 00:00:00,31.5,2010-11-09 00:00:00,31.2,31.5,11,14200,443520,2010-11-09 00:00:00,1
2010-11-10 00:00:00,2010-11-10 00:00:00,31.9,2010-11-10 00:00:00,31.5,31.5,13,8100,256060,2010-11-10 00:00:00,1
2010-11-11 00:00:00,2010-11-11 00:00:00,31.1,2010-11-11 00:00:00,31.1,31.1,4,1600,49760,2010-11-11 00:00:00,1
2010-11-12 00:00:00,2010-11-12 00:00:00,32.9,2010-11-12 00:00:00,32.1,32.5,16,13700,448160,2010-11-12 00:00:00,1
2010-11-15 00:00:00,2010-11-15 00:00:00,32.5,2010-11-15 00:00:00,31,32.4,57,137500,4445950,2010-11-15 00:00:00,1
2010-11-16 00:00:00,2010-11-16 00:00:00,31.4,2010-11-16 00:00:00,30.1,31,19,13900,430010,2010-11-16 00:00:00,1
2010-11-18 00:00:00,2010-11-18 00:00:00,32.5,2010-11-18 00:00:00,30.1,32.2,24,15000,465770,2010-11-18 00:00:00,1
2010-11-22 00:00:00,2010-11-22 00:00:00,32.5,2010-11-22 00:00:00,30.3,31,4,600,19130,2010-11-22 00:00:00,1
2010-11-23 00:00:00,2010-11-23 00:00:00,31,2010-11-23 00:00:00,30,30.8,16,12700,390350,2010-11-23 00:00:00,1
2010-11-24 00:00:00,2010-11-24 00:00:00,32,2010-11-24 00:00:00,30,30.2,14,17000,518130,2010-11-24 00:00:00,1
2010-11-25 00:00:00,2010-11-25 00:00:00,31,2010-11-25 00:00:00,30.5,30.5,15,7100,217100,2010-11-25 00:00:00,1
2010-11-26 00:00:00,2010-11-26 00:00:00,30.5,2010-11-26 00:00:00,30,30.3,17,14300,430330,2010-11-26 00:00:00,1
2010-11-29 00:00:00,2010-11-29 00:00:00,30,2010-11-29 00:00:00,29,29,16,40500,1186260,2010-11-29 00:00:00,1
2010-11-30 00:00:00,2010-11-30 00:00:00,32,2010-11-30 00:00:00,30.3,31.9,18,15700,497060,2010-11-30 00:00:00,1
2010-12-01 00:00:00,2010-12-01 00:00:00,32.8,2010-12-01 00:00:00,30.2,31.9,8,5600,181250,2010-12-01 00:00:00,1
2010-12-02 00:00:00,2010-12-02 00:00:00,31.9,2010-12-02 00:00:00,31,31.5,5,4500,140680,2010-12-02 00:00:00,1
2010-12-03 00:00:00,2010-12-03 00:00:00,32.6,2010-12-03 00:00:00,31,31.4,14,10000,314900,2010-12-03 00:00:00,1
2010-12-06 00:00:00,2010-12-06 00:00:00,31.3,2010-12-06 00:00:00,31,31.1,12,25400,790500,2010-12-06 00:00:00,1
2010-12-07 00:00:00,2010-12-07 00:00:00,32.9,2010-12-07 00:00:00,31.1,32.6,19,"35,023,800    1",",085,772,940.00",2010-12-07 00:00:00,1
2010-12-08 00:00:00,2010-12-08 00:00:00,32,2010-12-08 00:00:00,31.2,31.2,7,11900,379440,2010-12-08 00:00:00,1
2010-12-09 00:00:00,2010-12-09 00:00:00,32,2010-12-09 00:00:00,31,31.5,14,13400,417560,2010-12-09 00:00:00,1
2010-12-10 00:00:00,2010-12-10 00:00:00,31,2010-12-10 00:00:00,31,31,1,100,3100,2010-12-10 00:00:00,1
2010-12-13 00:00:00,2010-12-13 00:00:00,30.9,2010-12-13 00:00:00,30.1,30.2,6,3000,90750,2010-12-13 00:00:00,1
2010-12-14 00:00:00,2010-12-14 00:00:00,30.2,2010-12-14 00:00:00,29.9,29.9,13,6000,179920,2010-12-14 00:00:00,1
2010-12-15 00:00:00,2010-12-15 00:00:00,31.8,2010-12-15 00:00:00,29,30.7,15,6400,192770,2010-12-15 00:00:00,1
2010-12-16 00:00:00,2010-12-16 00:00:00,30,2010-12-16 00:00:00,30,30,6,1600,48000,2010-12-16 00:00:00,1
2010-12-17 00:00:00,2010-12-17 00:00:00,30,2010-12-17 00:00:00,29.5,29.5,16,39900,1180430,2010-12-17 00:00:00,1
2010-12-21 00:00:00,2010-12-21 00:00:00,30,2010-12-21 00:00:00,29,30,15,15600,459690,2010-12-21 00:00:00,1
2010-12-22 00:00:00,2010-12-22 00:00:00,30,2010-12-22 00:00:00,29.5,29.6,6,10500,310500,2010-12-22 00:00:00,1
2010-12-23 00:00:00,2010-12-23 00:00:00,31.9,2010-12-23 00:00:00,30.7,31.5,26,12200,380780,2010-12-23 00:00:00,1
2010-12-27 00:00:00,2010-12-27 00:00:00,31,2010-12-27 00:00:00,31,31,9,7000,217000,2010-12-27 00:00:00,1
2010-12-28 00:00:00,2010-12-28 00:00:00,31,2010-12-28 00:00:00,30.1,30.7,10,7100,218140,2010-12-28 00:00:00,1
2010-12-29 00:00:00,2010-12-29 00:00:00,31,2010-12-29 00:00:00,30,30.5,13,12300,374490,2010-12-29 00:00:00,1
2010-12-30 00:00:00,2010-12-30 00:00:00,30.5,2010-12-30 00:00:00,29.8,30,11,6800,204060,2010-12-30 00:00:00,1
2010-12-31 00:00:00,2010-12-31 00:00:00,32,2010-12-31 00:00:00,31,31.7,43,33700,1061910,2010-12-31 00:00:00,1
Company Id :  LHL,,Security Type :  N,,Sub Type :  0000,,,,,,
Short Name :  LIGHTHOUSE HOTEL,,,,,,,,,,
Day,Date High,High,Date Low,Low,Closing,No. of Trades,No. of Shares,Turnover,Last Traded,Days Traded
2010-01-04 00:00:00,2010-01-04 00:00:00,69.5,2010-01-04 00:00:00,69.5,69.5,1,300,20850,2010-01-04 00:00:00,1
2010-01-05 00:00:00,2010-01-05 00:00:00,75,2010-01-05 00:00:00,69.75,75,11,8100,597175,2010-01-05 00:00:00,1
2010-01-11 00:00:00,2010-01-11 00:00:00,72,2010-01-11 00:00:00,72,72,2,5000,360000,2010-01-11 00:00:00,1
2010-01-12 00:00:00,2010-01-12 00:00:00,73.75,2010-01-12 00:00:00,70,72.5,8,1800,129425,2010-01-12 00:00:00,1
2010-01-15 00:00:00,2010-01-15 00:00:00,77,2010-01-15 00:00:00,72.5,75.75,11,3300,248175,2010-01-15 00:00:00,1
2010-01-18 00:00:00,2010-01-18 00:00:00,77,2010-01-18 00:00:00,73,75.5,6,2000,152450,2010-01-18 00:00:00,1
2010-01-19 00:00:00,2010-01-19 00:00:00,75,2010-01-19 00:00:00,75,75,1,100,7500,2010-01-19 00:00:00,1
2010-01-20 00:00:00,2010-01-20 00:00:00,75,2010-01-20 00:00:00,75,75,4,1100,82500,2010-01-20 00:00:00,1
2010-01-21 00:00:00,2010-01-21 00:00:00,75,2010-01-21 00:00:00,72,74.25,2,400,29700,2010-01-21 00:00:00,1
2010-01-22 00:00:00,2010-01-22 00:00:00,78,2010-01-22 00:00:00,68.75,73.25,6,4400,333275,2010-01-22 00:00:00,1
2010-01-25 00:00:00,2010-01-25 00:00:00,75,2010-01-25 00:00:00,70,73,6,1100,80800,2010-01-25 00:00:00,1
2010-01-28 00:00:00,2010-01-28 00:00:00,78.25,2010-01-28 00:00:00,75,77.5,11,7000,537625,2010-01-28 00:00:00,1
2010-02-01 00:00:00,2010-02-01 00:00:00,77.75,2010-02-01 00:00:00,71.5,72,2,1100,79275,2010-02-01 00:00:00,1
2010-02-02 00:00:00,2010-02-02 00:00:00,80,2010-02-02 00:00:00,77,79.75,5,21200,1692800,2010-02-02 00:00:00,1
2010-02-03 00:00:00,2010-02-03 00:00:00,79.75,2010-02-03 00:00:00,75,79.75,4,2500,188475,2010-02-03 00:00:00,1
2010-02-05 00:00:00,2010-02-05 00:00:00,80,2010-02-05 00:00:00,76,80,3,3000,238000,2010-02-05 00:00:00,1
2010-02-08 00:00:00,2010-02-08 00:00:00,79,2010-02-08 00:00:00,75,79,2,300,23300,2010-02-08 00:00:00,1
2010-02-09 00:00:00,2010-02-09 00:00:00,79,2010-02-09 00:00:00,79,79,1,100,7900,2010-02-09 00:00:00,1
2010-02-15 00:00:00,2010-02-15 00:00:00,77,2010-02-15 00:00:00,73,73,4,1600,121500,2010-02-15 00:00:00,1
2010-02-16 00:00:00,2010-02-16 00:00:00,73,2010-02-16 00:00:00,73,73,2,1600,116800,2010-02-16 00:00:00,1
2010-02-17 00:00:00,2010-02-17 00:00:00,73,2010-02-17 00:00:00,73,73,2,300,21900,2010-02-17 00:00:00,1
2010-02-18 00:00:00,2010-02-18 00:00:00,72.25,2010-02-18 00:00:00,72.25,72.25,1,500,36125,2010-02-18 00:00:00,1
2010-02-19 00:00:00,2010-02-19 00:00:00,79.75,2010-02-19 00:00:00,78.5,79.5,3,2300,183050,2010-02-19 00:00:00,1
2010-02-23 00:00:00,2010-02-23 00:00:00,75,2010-02-23 00:00:00,75,75,1,500,37500,2010-02-23 00:00:00,1
2010-02-24 00:00:00,2010-02-24 00:00:00,75.25,2010-02-24 00:00:00,74,74.5,3,1900,141625,2010-02-24 00:00:00,1
2010-02-26 00:00:00,2010-02-26 00:00:00,77,2010-02-26 00:00:00,77,77,1,100,7700,2010-02-26 00:00:00,1
2010-03-01 00:00:00,2010-03-01 00:00:00,77,2010-03-01 00:00:00,73.5,77,3,8700,640850,2010-03-01 00:00:00,1
2010-03-02 00:00:00,2010-03-02 00:00:00,79.5,2010-03-02 00:00:00,72.5,79.5,4,600,46225,2010-03-02 00:00:00,1
2010-03-04 00:00:00,2010-03-04 00:00:00,82,2010-03-04 00:00:00,79,81,11,5000,402050,2010-03-04 00:00:00,1
2010-03-05 00:00:00,2010-03-05 00:00:00,84,2010-03-05 00:00:00,84,84,2,3000,252000,2010-03-05 00:00:00,1
2010-03-08 00:00:00,2010-03-08 00:00:00,88,2010-03-08 00:00:00,83.5,86,9,5500,466500,2010-03-08 00:00:00,1
2010-03-11 00:00:00,2010-03-11 00:00:00,83.75,2010-03-11 00:00:00,83.75,83.75,1,300,25125,2010-03-11 00:00:00,1
2010-03-12 00:00:00,2010-03-12 00:00:00,88,2010-03-12 00:00:00,83.75,87.75,18,9500,805575,2010-03-12 00:00:00,1
2010-03-15 00:00:00,2010-03-15 00:00:00,86,2010-03-15 00:00:00,86,86,1,400,34400,2010-03-15 00:00:00,1
2010-03-16 00:00:00,2010-03-16 00:00:00,81,2010-03-16 00:00:00,80,80.25,5,700,56100,2010-03-16 00:00:00,1
2010-03-17 00:00:00,2010-03-17 00:00:00,80.25,2010-03-17 00:00:00,60.5,60.75,1383,13805200,839608950,2010-03-17 00:00:00,1
2010-03-18 00:00:00,2010-03-18 00:00:00,63,2010-03-18 00:00:00,61.75,62.5,397,7106500,446514825,2010-03-18 00:00:00,1
2010-03-19 00:00:00,2010-03-19 00:00:00,64,2010-03-19 00:00:00,62.5,63,166,171100,10799425,2010-03-19 00:00:00,1
2010-03-22 00:00:00,2010-03-22 00:00:00,64.25,2010-03-22 00:00:00,62.75,63,143,339700,21488775,2010-03-22 00:00:00,1
2010-03-23 00:00:00,2010-03-23 00:00:00,65,2010-03-23 00:00:00,62,62.5,41,25400,1589050,2010-03-23 00:00:00,1
2010-03-24 00:00:00,2010-03-24 00:00:00,62,2010-03-24 00:00:00,61.5,61.75,17,20700,1279875,2010-03-24 00:00:00,1
2010-03-25 00:00:00,2010-03-25 00:00:00,64,2010-03-25 00:00:00,61.5,61.75,33,40000,2481875,2010-03-25 00:00:00,1
2010-03-26 00:00:00,2010-03-26 00:00:00,63,2010-03-26 00:00:00,61.5,62,30,24100,1494050,2010-03-26 00:00:00,1
2010-03-30 00:00:00,2010-03-30 00:00:00,62.5,2010-03-30 00:00:00,61,61.25,17,8400,517850,2010-03-30 00:00:00,1
2010-03-31 00:00:00,2010-03-31 00:00:00,61.75,2010-03-31 00:00:00,61,61.25,19,20700,1271050,2010-03-31 00:00:00,1
2010-04-01 00:00:00,2010-04-01 00:00:00,61.5,2010-04-01 00:00:00,61,61,10,7400,451750,2010-04-01 00:00:00,1
2010-04-05 00:00:00,2010-04-05 00:00:00,62.25,2010-04-05 00:00:00,61,61.5,33,34400,2115175,2010-04-05 00:00:00,1
2010-04-06 00:00:00,2010-04-06 00:00:00,63,2010-04-06 00:00:00,61.5,62.75,56,65200,4061250,2010-04-06 00:00:00,1
2010-04-07 00:00:00,2010-04-07 00:00:00,63.5,2010-04-07 00:00:00,62,62.25,49,54400,3400125,2010-04-07 00:00:00,1
2010-04-08 00:00:00,2010-04-08 00:00:00,63.75,2010-04-08 00:00:00,62.25,63.25,42,74600,4712225,2010-04-08 00:00:00,1
2010-04-12 00:00:00,2010-04-12 00:00:00,63.75,2010-04-12 00:00:00,62.5,63.25,35,29200,1850050,2010-04-12 00:00:00,1
2010-04-15 00:00:00,2010-04-15 00:00:00,64,2010-04-15 00:00:00,62.75,62.75,8,11000,693450,2010-04-15 00:00:00,1
2010-04-16 00:00:00,2010-04-16 00:00:00,63.75,2010-04-16 00:00:00,63,63,39,59700,3764075,2010-04-16 00:00:00,1
2010-04-19 00:00:00,2010-04-19 00:00:00,66,2010-04-19 00:00:00,63.25,65,247,273300,17719800,2010-04-19 00:00:00,1
2010-04-20 00:00:00,2010-04-20 00:00:00,65,2010-04-20 00:00:00,63,63,53,129100,8340450,2010-04-20 00:00:00,1
2010-04-21 00:00:00,2010-04-21 00:00:00,64.5,2010-04-21 00:00:00,63,63.5,19,25600,1636650,2010-04-21 00:00:00,1
2010-04-22 00:00:00,2010-04-22 00:00:00,65.75,2010-04-22 00:00:00,63.25,65,130,641500,41662450,2010-04-22 00:00:00,1
2010-04-23 00:00:00,2010-04-23 00:00:00,69.25,2010-04-23 00:00:00,65.25,68,290,364800,24489725,2010-04-23 00:00:00,1
2010-04-26 00:00:00,2010-04-26 00:00:00,70,2010-04-26 00:00:00,67.5,68,135,187700,12856050,2010-04-26 00:00:00,1
2010-04-27 00:00:00,2010-04-27 00:00:00,67.5,2010-04-27 00:00:00,67,67.25,53,70300,4718150,2010-04-27 00:00:00,1
2010-04-29 00:00:00,2010-04-29 00:00:00,67.5,2010-04-29 00:00:00,66.75,67,73,70800,4749600,2010-04-29 00:00:00,1
2010-04-30 00:00:00,2010-04-30 00:00:00,68.75,2010-04-30 00:00:00,67.75,68.25,30,33500,2298825,2010-04-30 00:00:00,1
2010-05-03 00:00:00,2010-05-03 00:00:00,68.5,2010-05-03 00:00:00,66,66.25,43,21500,1453125,2010-05-03 00:00:00,1
2010-05-04 00:00:00,2010-05-04 00:00:00,67.5,2010-05-04 00:00:00,66.75,67,75,68700,4603075,2010-05-04 00:00:00,1
2010-05-05 00:00:00,2010-05-05 00:00:00,67.5,2010-05-05 00:00:00,66.75,67,43,72900,4896400,2010-05-05 00:00:00,1
2010-05-06 00:00:00,2010-05-06 00:00:00,67,2010-05-06 00:00:00,66.5,67,35,192500,12892150,2010-05-06 00:00:00,1
2010-05-07 00:00:00,2010-05-07 00:00:00,67,2010-05-07 00:00:00,66,66.25,20,47100,3154300,2010-05-07 00:00:00,1
2010-05-10 00:00:00,2010-05-10 00:00:00,66,2010-05-10 00:00:00,65.5,65.5,12,2700,177350,2010-05-10 00:00:00,1
2010-05-11 00:00:00,2010-05-11 00:00:00,67,2010-05-11 00:00:00,65.5,66,14,8300,546250,2010-05-11 00:00:00,1
2010-05-12 00:00:00,2010-05-12 00:00:00,65.75,2010-05-12 00:00:00,65.25,65.5,21,13900,910300,2010-05-12 00:00:00,1
2010-05-13 00:00:00,2010-05-13 00:00:00,65.5,2010-05-13 00:00:00,65,65,20,90300,5872200,2010-05-13 00:00:00,1
2010-05-14 00:00:00,2010-05-14 00:00:00,67,2010-05-14 00:00:00,65,66,22,12800,845875,2010-05-14 00:00:00,1
2010-05-17 00:00:00,2010-05-17 00:00:00,67.5,2010-05-17 00:00:00,66,66.75,4,1800,120000,2010-05-17 00:00:00,1
2010-05-18 00:00:00,2010-05-18 00:00:00,66.5,2010-05-18 00:00:00,66,66,10,6500,431000,2010-05-18 00:00:00,1
2010-05-19 00:00:00,2010-05-19 00:00:00,66,2010-05-19 00:00:00,66,66,2,4500,297000,2010-05-19 00:00:00,1
2010-05-20 00:00:00,2010-05-20 00:00:00,65.5,2010-05-20 00:00:00,64.5,65,13,30100,1956250,2010-05-20 00:00:00,1
2010-05-21 00:00:00,2010-05-21 00:00:00,64,2010-05-21 00:00:00,64,64,4,1200,76800,2010-05-21 00:00:00,1
2010-05-24 00:00:00,2010-05-24 00:00:00,63.5,2010-05-24 00:00:00,63.5,63.5,8,12900,819150,2010-05-24 00:00:00,1
2010-05-25 00:00:00,2010-05-25 00:00:00,65,2010-05-25 00:00:00,64.75,65,7,6200,402875,2010-05-25 00:00:00,1
2010-05-26 00:00:00,2010-05-26 00:00:00,64,2010-05-26 00:00:00,63.5,64,5,7900,501850,2010-05-26 00:00:00,1
2010-05-31 00:00:00,2010-05-31 00:00:00,63,2010-05-31 00:00:00,63,63,5,2600,163800,2010-05-31 00:00:00,1
2010-06-01 00:00:00,2010-06-01 00:00:00,62.75,2010-06-01 00:00:00,62.75,62.75,1,200,12550,2010-06-01 00:00:00,1
2010-06-02 00:00:00,2010-06-02 00:00:00,63,2010-06-02 00:00:00,62.75,63,17,9500,598025,2010-06-02 00:00:00,1
2010-06-03 00:00:00,2010-06-03 00:00:00,67,2010-06-03 00:00:00,63,64.5,11,14300,907550,2010-06-03 00:00:00,1
2010-06-04 00:00:00,2010-06-04 00:00:00,66,2010-06-04 00:00:00,65,65.5,20,17700,1159000,2010-06-04 00:00:00,1
2010-06-07 00:00:00,2010-06-07 00:00:00,66,2010-06-07 00:00:00,64,65.25,22,18700,1214675,2010-06-07 00:00:00,1
2010-06-08 00:00:00,2010-06-08 00:00:00,65.75,2010-06-08 00:00:00,63.5,63.5,6,15600,1017575,2010-06-08 00:00:00,1
2010-06-09 00:00:00,2010-06-09 00:00:00,63.5,2010-06-09 00:00:00,63.5,63.5,1,100,6350,2010-06-09 00:00:00,1
2010-06-10 00:00:00,2010-06-10 00:00:00,65,2010-06-10 00:00:00,63.5,63.75,13,2700,172200,2010-06-10 00:00:00,1
2010-06-11 00:00:00,2010-06-11 00:00:00,65,2010-06-11 00:00:00,63.5,63.75,10,4800,306650,2010-06-11 00:00:00,1
2010-06-14 00:00:00,2010-06-14 00:00:00,65,2010-06-14 00:00:00,64,64.75,6,1700,110225,2010-06-14 00:00:00,1
2010-06-15 00:00:00,2010-06-15 00:00:00,65,2010-06-15 00:00:00,63.75,64,17,39500,2530825,2010-06-15 00:00:00,1
2010-06-16 00:00:00,2010-06-16 00:00:00,65,2010-06-16 00:00:00,64.5,65,39,115900,7499575,2010-06-16 00:00:00,1
2010-06-17 00:00:00,2010-06-17 00:00:00,65,2010-06-17 00:00:00,64.75,64.75,13,22900,1483900,2010-06-17 00:00:00,1
2010-06-21 00:00:00,2010-06-21 00:00:00,67,2010-06-21 00:00:00,64.25,65.25,11,13200,861075,2010-06-21 00:00:00,1
2010-06-22 00:00:00,2010-06-22 00:00:00,66.75,2010-06-22 00:00:00,64,64,14,13800,891775,2010-06-22 00:00:00,1
2010-06-23 00:00:00,2010-06-23 00:00:00,65,2010-06-23 00:00:00,64.75,65,2,4200,272750,2010-06-23 00:00:00,1
2010-06-24 00:00:00,2010-06-24 00:00:00,63.5,2010-06-24 00:00:00,63.5,63.5,3,2100,133350,2010-06-24 00:00:00,1
2010-06-28 00:00:00,2010-06-28 00:00:00,64,2010-06-28 00:00:00,61,63,11,8900,562750,2010-06-28 00:00:00,1
2010-06-29 00:00:00,2010-06-29 00:00:00,64.5,2010-06-29 00:00:00,62.5,63.25,3,700,44200,2010-06-29 00:00:00,1
2010-06-30 00:00:00,2010-06-30 00:00:00,63.5,2010-06-30 00:00:00,63,63.5,5,6300,397000,2010-06-30 00:00:00,1
2010-07-01 00:00:00,2010-07-01 00:00:00,64,2010-07-01 00:00:00,63,63,8,8600,544275,2010-07-01 00:00:00,1
2010-07-02 00:00:00,2010-07-02 00:00:00,66,2010-07-02 00:00:00,62.5,64.25,13,35400,2271325,2010-07-02 00:00:00,1
2010-07-05 00:00:00,2010-07-05 00:00:00,64,2010-07-05 00:00:00,62.5,63.5,3,2100,133500,2010-07-05 00:00:00,1
2010-07-06 00:00:00,2010-07-06 00:00:00,66,2010-07-06 00:00:00,64,64.5,5,3500,225625,2010-07-06 00:00:00,1
2010-07-07 00:00:00,2010-07-07 00:00:00,65,2010-07-07 00:00:00,60,60.5,15,13100,803875,2010-07-07 00:00:00,1
2010-07-09 00:00:00,2010-07-09 00:00:00,60.5,2010-07-09 00:00:00,60.25,60.5,4,900,54375,2010-07-09 00:00:00,1
2010-07-12 00:00:00,2010-07-12 00:00:00,64,2010-07-12 00:00:00,63.75,63.75,2,8400,535750,2010-07-12 00:00:00,1
2010-07-13 00:00:00,2010-07-13 00:00:00,65.75,2010-07-13 00:00:00,62,64.25,21,31600,2011075,2010-07-13 00:00:00,1
2010-07-14 00:00:00,2010-07-14 00:00:00,66,2010-07-14 00:00:00,64,64,12,5400,352450,2010-07-14 00:00:00,1
2010-07-15 00:00:00,2010-07-15 00:00:00,65,2010-07-15 00:00:00,64,64.25,7,1000,64250,2010-07-15 00:00:00,1
2010-07-16 00:00:00,2010-07-16 00:00:00,64,2010-07-16 00:00:00,63.5,63.5,7,14000,889250,2010-07-16 00:00:00,1
2010-07-19 00:00:00,2010-07-19 00:00:00,64,2010-07-19 00:00:00,63.5,63.5,5,11200,711750,2010-07-19 00:00:00,1
2010-07-20 00:00:00,2010-07-20 00:00:00,65.75,2010-07-20 00:00:00,64,65.5,27,28000,1819775,2010-07-20 00:00:00,1
2010-07-21 00:00:00,2010-07-21 00:00:00,66,2010-07-21 00:00:00,65,65,15,18400,1205450,2010-07-21 00:00:00,1
2010-07-22 00:00:00,2010-07-22 00:00:00,65.25,2010-07-22 00:00:00,63.25,63.25,14,31400,2017700,2010-07-22 00:00:00,1
2010-07-23 00:00:00,2010-07-23 00:00:00,64,2010-07-23 00:00:00,63.25,64,10,18700,1187150,2010-07-23 00:00:00,1
2010-07-26 00:00:00,2010-07-26 00:00:00,63.5,2010-07-26 00:00:00,63.5,63.5,1,200,12700,2010-07-26 00:00:00,1
2010-07-27 00:00:00,2010-07-27 00:00:00,64,2010-07-27 00:00:00,63,64,17,13400,852000,2010-07-27 00:00:00,1
2010-07-28 00:00:00,2010-07-28 00:00:00,68,2010-07-28 00:00:00,64.5,65,63,94700,6208700,2010-07-28 00:00:00,1
2010-07-29 00:00:00,2010-07-29 00:00:00,67,2010-07-29 00:00:00,63.75,66,52,126300,8240825,2010-07-29 00:00:00,1
2010-07-30 00:00:00,2010-07-30 00:00:00,67.5,2010-07-30 00:00:00,65.25,67,44,61600,4101475,2010-07-30 00:00:00,1
2010-08-02 00:00:00,2010-08-02 00:00:00,67,2010-08-02 00:00:00,66,66.4,15,12200,808640,2010-08-02 00:00:00,1
2010-08-03 00:00:00,2010-08-03 00:00:00,67.5,2010-08-03 00:00:00,64,64,7,17700,1156940,2010-08-03 00:00:00,1
2010-08-04 00:00:00,2010-08-04 00:00:00,68,2010-08-04 00:00:00,64,66.6,23,18100,1192550,2010-08-04 00:00:00,1
2010-08-05 00:00:00,2010-08-05 00:00:00,69,2010-08-05 00:00:00,60.4,66.6,16,47800,3142690,2010-08-05 00:00:00,1
2010-08-06 00:00:00,2010-08-06 00:00:00,68,2010-08-06 00:00:00,64,64.4,10,10500,703860,2010-08-06 00:00:00,1
2010-08-09 00:00:00,2010-08-09 00:00:00,64,2010-08-09 00:00:00,61.1,64,10,2100,129970,2010-08-09 00:00:00,1
2010-08-10 00:00:00,2010-08-10 00:00:00,69.4,2010-08-10 00:00:00,57.6,68.7,35,25600,1614100,2010-08-10 00:00:00,1
2010-08-11 00:00:00,2010-08-11 00:00:00,69.3,2010-08-11 00:00:00,64,64.4,30,38800,2516800,2010-08-11 00:00:00,1
2010-08-12 00:00:00,2010-08-12 00:00:00,65,2010-08-12 00:00:00,65,65,7,1000,65000,2010-08-12 00:00:00,1
2010-08-13 00:00:00,2010-08-13 00:00:00,66.2,2010-08-13 00:00:00,66.2,66.2,1,500,33100,2010-08-13 00:00:00,1
2010-08-16 00:00:00,2010-08-16 00:00:00,64.1,2010-08-16 00:00:00,64,64.1,3,4000,256200,2010-08-16 00:00:00,1
2010-08-17 00:00:00,2010-08-17 00:00:00,62.2,2010-08-17 00:00:00,60.5,62.2,2,300,18320,2010-08-17 00:00:00,1
2010-08-18 00:00:00,2010-08-18 00:00:00,64.9,2010-08-18 00:00:00,63,64.6,7,12400,785010,2010-08-18 00:00:00,1
2010-08-19 00:00:00,2010-08-19 00:00:00,71,2010-08-19 00:00:00,63.5,69.9,204,766300,53444390,2010-08-19 00:00:00,1
2010-08-20 00:00:00,2010-08-20 00:00:00,74,2010-08-20 00:00:00,68.2,69.1,62,74400,5221440,2010-08-20 00:00:00,1
2010-08-23 00:00:00,2010-08-23 00:00:00,70,2010-08-23 00:00:00,68.2,69.6,43,42900,2984850,2010-08-23 00:00:00,1
2010-08-25 00:00:00,2010-08-25 00:00:00,69.5,2010-08-25 00:00:00,67,69,24,27000,1823850,2010-08-25 00:00:00,1
2010-08-26 00:00:00,2010-08-26 00:00:00,69.9,2010-08-26 00:00:00,67,67.2,29,19200,1322780,2010-08-26 00:00:00,1
2010-08-27 00:00:00,2010-08-27 00:00:00,72.9,2010-08-27 00:00:00,68.9,71.7,46,305200,21860880,2010-08-27 00:00:00,1
2010-08-30 00:00:00,2010-08-30 00:00:00,71,2010-08-30 00:00:00,69,69.1,31,20900,1465110,2010-08-30 00:00:00,1
2010-08-31 00:00:00,2010-08-31 00:00:00,70,2010-08-31 00:00:00,67.8,68,22,31100,2123520,2010-08-31 00:00:00,1
2010-09-01 00:00:00,2010-09-01 00:00:00,70.9,2010-09-01 00:00:00,67,70.4,34,743900,53127600,2010-09-01 00:00:00,1
2010-09-02 00:00:00,2010-09-02 00:00:00,71,2010-09-02 00:00:00,70,70.4,25,22200,1563370,2010-09-02 00:00:00,1
2010-09-03 00:00:00,2010-09-03 00:00:00,72.9,2010-09-03 00:00:00,70,71.3,106,174100,12361940,2010-09-03 00:00:00,1
2010-09-06 00:00:00,2010-09-06 00:00:00,72.5,2010-09-06 00:00:00,65.2,69.7,14,5200,372360,2010-09-06 00:00:00,1
2010-09-07 00:00:00,2010-09-07 00:00:00,70,2010-09-07 00:00:00,68,68.7,18,20300,1400090,2010-09-07 00:00:00,1
2010-09-08 00:00:00,2010-09-08 00:00:00,73,2010-09-08 00:00:00,70,72.1,54,61800,4413340,2010-09-08 00:00:00,1
2010-09-09 00:00:00,2010-09-09 00:00:00,73.5,2010-09-09 00:00:00,68.5,68.7,17,32900,2292450,2010-09-09 00:00:00,1
2010-09-13 00:00:00,2010-09-13 00:00:00,70,2010-09-13 00:00:00,69.3,69.9,19,28900,2010430,2010-09-13 00:00:00,1
2010-09-14 00:00:00,2010-09-14 00:00:00,75,2010-09-14 00:00:00,68,68.4,33,62500,4389210,2010-09-14 00:00:00,1
2010-09-15 00:00:00,2010-09-15 00:00:00,71.5,2010-09-15 00:00:00,67.5,68.9,14,34400,2432300,2010-09-15 00:00:00,1
2010-09-16 00:00:00,2010-09-16 00:00:00,70,2010-09-16 00:00:00,67,68.5,27,20900,1427640,2010-09-16 00:00:00,1
2010-09-17 00:00:00,2010-09-17 00:00:00,70,2010-09-17 00:00:00,68.5,68.6,43,39500,2756330,2010-09-17 00:00:00,1
2010-09-20 00:00:00,2010-09-20 00:00:00,70,2010-09-20 00:00:00,63.9,69.7,12,18300,1211920,2010-09-20 00:00:00,1
2010-09-21 00:00:00,2010-09-21 00:00:00,69,2010-09-21 00:00:00,66.5,68.6,14,6900,473850,2010-09-21 00:00:00,1
2010-09-23 00:00:00,2010-09-23 00:00:00,69.2,2010-09-23 00:00:00,67.2,67.7,29,26900,1831750,2010-09-23 00:00:00,1
2010-09-24 00:00:00,2010-09-24 00:00:00,69,2010-09-24 00:00:00,66.7,67,21,13300,899650,2010-09-24 00:00:00,1
2010-09-27 00:00:00,2010-09-27 00:00:00,69.5,2010-09-27 00:00:00,67,68.2,19,18600,1270190,2010-09-27 00:00:00,1
2010-09-28 00:00:00,2010-09-28 00:00:00,69,2010-09-28 00:00:00,65,66.4,17,4700,311890,2010-09-28 00:00:00,1
2010-09-29 00:00:00,2010-09-29 00:00:00,69,2010-09-29 00:00:00,66,68.1,13,22700,1540610,2010-09-29 00:00:00,1
2010-09-30 00:00:00,2010-09-30 00:00:00,68,2010-09-30 00:00:00,68,68,2,200,13600,2010-09-30 00:00:00,1
2010-10-01 00:00:00,2010-10-01 00:00:00,69,2010-10-01 00:00:00,67,68,17,56200,3822150,2010-10-01 00:00:00,1
2010-10-04 00:00:00,2010-10-04 00:00:00,69,2010-10-04 00:00:00,68,68,23,31600,2150280,2010-10-04 00:00:00,1
2010-10-05 00:00:00,2010-10-05 00:00:00,70,2010-10-05 00:00:00,66,68,21,53500,3630280,2010-10-05 00:00:00,1
2010-10-06 00:00:00,2010-10-06 00:00:00,67.5,2010-10-06 00:00:00,66,66.1,23,34700,2321850,2010-10-06 00:00:00,1
2010-10-07 00:00:00,2010-10-07 00:00:00,65.6,2010-10-07 00:00:00,65,65.5,5,3700,242350,2010-10-07 00:00:00,1
2010-10-08 00:00:00,2010-10-08 00:00:00,67,2010-10-08 00:00:00,63,66.1,10,3100,204400,2010-10-08 00:00:00,1
2010-10-11 00:00:00,2010-10-11 00:00:00,66,2010-10-11 00:00:00,66,66,3,3900,257400,2010-10-11 00:00:00,1
2010-10-12 00:00:00,2010-10-12 00:00:00,66,2010-10-12 00:00:00,65.9,66,28,100000,6599990,2010-10-12 00:00:00,1
2010-10-13 00:00:00,2010-10-13 00:00:00,65.4,2010-10-13 00:00:00,62.5,65,16,1002900,72374660,2010-10-13 00:00:00,1
2010-10-14 00:00:00,2010-10-14 00:00:00,68,2010-10-14 00:00:00,65,67.9,8,6200,407390,2010-10-14 00:00:00,1
2010-10-15 00:00:00,2010-10-15 00:00:00,67.9,2010-10-15 00:00:00,65,65.5,11,12500,813180,2010-10-15 00:00:00,1
2010-10-18 00:00:00,2010-10-18 00:00:00,67,2010-10-18 00:00:00,65.6,66.7,26,36400,2429290,2010-10-18 00:00:00,1
2010-10-19 00:00:00,2010-10-19 00:00:00,67,2010-10-19 00:00:00,65.1,66,4,3400,223550,2010-10-19 00:00:00,1
2010-10-20 00:00:00,2010-10-20 00:00:00,65.1,2010-10-20 00:00:00,65.1,65.1,1,500,32550,2010-10-20 00:00:00,1
2010-10-21 00:00:00,2010-10-21 00:00:00,70,2010-10-21 00:00:00,63.5,68.3,23,8200,547800,2010-10-21 00:00:00,1
2010-10-25 00:00:00,2010-10-25 00:00:00,65,2010-10-25 00:00:00,64,65,4,1300,84200,2010-10-25 00:00:00,1
2010-10-26 00:00:00,2010-10-26 00:00:00,69.8,2010-10-26 00:00:00,65,65.1,15,9600,628160,2010-10-26 00:00:00,1
2010-10-27 00:00:00,2010-10-27 00:00:00,67,2010-10-27 00:00:00,65,65.1,16,34600,2250190,2010-10-27 00:00:00,1
2010-10-28 00:00:00,2010-10-28 00:00:00,65.2,2010-10-28 00:00:00,65,65.2,14,45800,2979930,2010-10-28 00:00:00,1
2010-10-29 00:00:00,2010-10-29 00:00:00,65.4,2010-10-29 00:00:00,65,65,9,27500,1787800,2010-10-29 00:00:00,1
2010-11-01 00:00:00,2010-11-01 00:00:00,69,2010-11-01 00:00:00,66,68.2,7,4700,320400,2010-11-01 00:00:00,1
2010-11-03 00:00:00,2010-11-03 00:00:00,68.2,2010-11-03 00:00:00,68.1,68.1,5,1000,68120,2010-11-03 00:00:00,1
2010-11-04 00:00:00,2010-11-04 00:00:00,67.9,2010-11-04 00:00:00,65,65.1,4,2700,175840,2010-11-04 00:00:00,1
2010-11-08 00:00:00,2010-11-08 00:00:00,68.8,2010-11-08 00:00:00,65.3,67.4,13,3900,262830,2010-11-08 00:00:00,1
2010-11-09 00:00:00,2010-11-09 00:00:00,66,2010-11-09 00:00:00,65,66,12,32700,2125840,2010-11-09 00:00:00,1
2010-11-10 00:00:00,2010-11-10 00:00:00,68,2010-11-10 00:00:00,65,66.1,9,4300,282710,2010-11-10 00:00:00,1
2010-11-11 00:00:00,2010-11-11 00:00:00,65,2010-11-11 00:00:00,65,65,2,1000,65000,2010-11-11 00:00:00,1
2010-11-12 00:00:00,2010-11-12 00:00:00,66.5,2010-11-12 00:00:00,64.6,65.2,5,1500,97800,2010-11-12 00:00:00,1
2010-11-15 00:00:00,2010-11-15 00:00:00,65,2010-11-15 00:00:00,65,65,8,13600,884000,2010-11-15 00:00:00,1
2010-11-16 00:00:00,2010-11-16 00:00:00,65.9,2010-11-16 00:00:00,65.1,65.9,4,1400,92160,2010-11-16 00:00:00,1
2010-11-18 00:00:00,2010-11-18 00:00:00,65.1,2010-11-18 00:00:00,65,65.1,6,2700,175510,2010-11-18 00:00:00,1
2010-11-22 00:00:00,2010-11-22 00:00:00,65,2010-11-22 00:00:00,65,65,3,900,58500,2010-11-22 00:00:00,1
2010-11-23 00:00:00,2010-11-23 00:00:00,65,2010-11-23 00:00:00,64,65,7,15800,1023180,2010-11-23 00:00:00,1
2010-11-24 00:00:00,2010-11-24 00:00:00,65,2010-11-24 00:00:00,62.5,65,4,5500,345000,2010-11-24 00:00:00,1
2010-11-25 00:00:00,2010-11-25 00:00:00,62,2010-11-25 00:00:00,62,62,1,2500,155000,2010-11-25 00:00:00,1
2010-11-26 00:00:00,2010-11-26 00:00:00,62,2010-11-26 00:00:00,62,62,2,1500,93000,2010-11-26 00:00:00,1
2010-11-29 00:00:00,2010-11-29 00:00:00,62,2010-11-29 00:00:00,62,62,3,5800,359600,2010-11-29 00:00:00,1
2010-11-30 00:00:00,2010-11-30 00:00:00,67,2010-11-30 00:00:00,65,65,10,9500,618500,2010-11-30 00:00:00,1
2010-12-01 00:00:00,2010-12-01 00:00:00,66,2010-12-01 00:00:00,62,63,8,5200,327510,2010-12-01 00:00:00,1
2010-12-02 00:00:00,2010-12-02 00:00:00,63,2010-12-02 00:00:00,63,63,3,3000,189000,2010-12-02 00:00:00,1
2010-12-03 00:00:00,2010-12-03 00:00:00,63,2010-12-03 00:00:00,62,62.1,6,4100,254500,2010-12-03 00:00:00,1
2010-12-06 00:00:00,2010-12-06 00:00:00,62,2010-12-06 00:00:00,62,62,1,5000,310000,2010-12-06 00:00:00,1
2010-12-07 00:00:00,2010-12-07 00:00:00,62,2010-12-07 00:00:00,58.5,62,2,300,17900,2010-12-07 00:00:00,1
2010-12-10 00:00:00,2010-12-10 00:00:00,62,2010-12-10 00:00:00,62,62,5,2400,148800,2010-12-10 00:00:00,1
2010-12-13 00:00:00,2010-12-13 00:00:00,63,2010-12-13 00:00:00,61,61,2,700,43700,2010-12-13 00:00:00,1
2010-12-15 00:00:00,2010-12-15 00:00:00,60,2010-12-15 00:00:00,60,60,2,1000,60000,2010-12-15 00:00:00,1
2010-12-16 00:00:00,2010-12-16 00:00:00,61,2010-12-16 00:00:00,61,61,1,3000,183000,2010-12-16 00:00:00,1
2010-12-22 00:00:00,2010-12-22 00:00:00,61,2010-12-22 00:00:00,61,61,2,5200,317200,2010-12-22 00:00:00,1
2010-12-23 00:00:00,2010-12-23 00:00:00,63,2010-12-23 00:00:00,61,61,2,1100,69100,2010-12-23 00:00:00,1
2010-12-24 00:00:00,2010-12-24 00:00:00,61,2010-12-24 00:00:00,60,60.6,3,800,48510,2010-12-24 00:00:00,1
2010-12-27 00:00:00,2010-12-27 00:00:00,79.5,2010-12-27 00:00:00,63,64.9,8,3000,195030,2010-12-27 00:00:00,1
2010-12-28 00:00:00,2010-12-28 00:00:00,64,2010-12-28 00:00:00,62,63.5,5,800,50820,2010-12-28 00:00:00,1
2010-12-29 00:00:00,2010-12-29 00:00:00,64,2010-12-29 00:00:00,63.2,63.2,2,500,31680,2010-12-29 00:00:00,1
2010-12-30 00:00:00,2010-12-30 00:00:00,63,2010-12-30 00:00:00,63,63,8,8700,548100,2010-12-30 00:00:00,1
2010-12-31 00:00:00,2010-12-31 00:00:00,63.1,2010-12-31 00:00:00,63,63,9,10600,667850,2010-12-31 00:00:00,1
Company Id :  LIOC,,Security Type :  N,,Sub Type :  0000,,,,,,
Short Name :  LANKA IOC,,,,,,,,,,
Day,Date High,High,Date Low,Low,Closing,No. of Trades,No. of Shares,Turnover,Last Traded,Days Traded
2010-01-04 00:00:00,2010-01-04 00:00:00,17.25,2010-01-04 00:00:00,16.5,16.75,50,60100,1007650,2010-01-04 00:00:00,1
2010-01-05 00:00:00,2010-01-05 00:00:00,16.75,2010-01-05 00:00:00,16.25,16.25,67,151500,2483750,2010-01-05 00:00:00,1
2010-01-06 00:00:00,2010-01-06 00:00:00,16.5,2010-01-06 00:00:00,16,16.5,74,127000,2060675,2010-01-06 00:00:00,1
2010-01-07 00:00:00,2010-01-07 00:00:00,16.25,2010-01-07 00:00:00,16,16.25,41,187900,3049625,2010-01-07 00:00:00,1
2010-01-08 00:00:00,2010-01-08 00:00:00,16.5,2010-01-08 00:00:00,16.25,16.25,43,65500,1065825,2010-01-08 00:00:00,1
2010-01-11 00:00:00,2010-01-11 00:00:00,16.5,2010-01-11 00:00:00,16,16,90,125600,2032250,2010-01-11 00:00:00,1
2010-01-12 00:00:00,2010-01-12 00:00:00,16.25,2010-01-12 00:00:00,15.75,16,26,40600,649850,2010-01-12 00:00:00,1
2010-01-13 00:00:00,2010-01-13 00:00:00,17.25,2010-01-13 00:00:00,16.25,16.75,129,257200,4307525,2010-01-13 00:00:00,1
2010-01-15 00:00:00,2010-01-15 00:00:00,17.5,2010-01-15 00:00:00,16.75,17.5,89,280300,4866800,2010-01-15 00:00:00,1
2010-01-18 00:00:00,2010-01-18 00:00:00,17.75,2010-01-18 00:00:00,17,17.25,45,66300,1145025,2010-01-18 00:00:00,1
2010-01-19 00:00:00,2010-01-19 00:00:00,17,2010-01-19 00:00:00,16.5,16.5,32,26200,439750,2010-01-19 00:00:00,1
2010-01-20 00:00:00,2010-01-20 00:00:00,17.25,2010-01-20 00:00:00,16.5,17,35,120600,2045775,2010-01-20 00:00:00,1
2010-01-21 00:00:00,2010-01-21 00:00:00,17.25,2010-01-21 00:00:00,16.75,16.75,32,113900,1940225,2010-01-21 00:00:00,1
2010-01-22 00:00:00,2010-01-22 00:00:00,17.25,2010-01-22 00:00:00,16.75,17.25,26,44100,749900,2010-01-22 00:00:00,1
2010-01-25 00:00:00,2010-01-25 00:00:00,17.25,2010-01-25 00:00:00,17,17,55,196800,3347100,2010-01-25 00:00:00,1
2010-01-26 00:00:00,2010-01-26 00:00:00,17.75,2010-01-26 00:00:00,17,17.5,96,454100,7931650,2010-01-26 00:00:00,1
2010-01-28 00:00:00,2010-01-28 00:00:00,17.25,2010-01-28 00:00:00,16.5,16.75,29,105300,1773075,2010-01-28 00:00:00,1
2010-02-01 00:00:00,2010-02-01 00:00:00,17.5,2010-02-01 00:00:00,17,17.25,43,98600,1685400,2010-02-01 00:00:00,1
2010-02-02 00:00:00,2010-02-02 00:00:00,18,2010-02-02 00:00:00,17,17.75,95,284100,4938450,2010-02-02 00:00:00,1
2010-02-03 00:00:00,2010-02-03 00:00:00,18.25,2010-02-03 00:00:00,17.25,17.75,85,323700,5741250,2010-02-03 00:00:00,1
2010-02-05 00:00:00,2010-02-05 00:00:00,18.25,2010-02-05 00:00:00,17,18,131,1742900,30377075,2010-02-05 00:00:00,1
2010-02-08 00:00:00,2010-02-08 00:00:00,19.25,2010-02-08 00:00:00,18,19,204,781300,14671775,2010-02-08 00:00:00,1
2010-02-09 00:00:00,2010-02-09 00:00:00,19.75,2010-02-09 00:00:00,18.5,19.5,169,581400,11220350,2010-02-09 00:00:00,1
2010-02-10 00:00:00,2010-02-10 00:00:00,20.5,2010-02-10 00:00:00,19.5,20,205,911900,18186125,2010-02-10 00:00:00,1
2010-02-11 00:00:00,2010-02-11 00:00:00,19.5,2010-02-11 00:00:00,18.5,19,32,22200,423800,2010-02-11 00:00:00,1
2010-02-12 00:00:00,2010-02-12 00:00:00,19.75,2010-02-12 00:00:00,18.75,19,43,157200,3010175,2010-02-12 00:00:00,1
2010-02-15 00:00:00,2010-02-15 00:00:00,20,2010-02-15 00:00:00,18.5,19.25,22,68600,1315625,2010-02-15 00:00:00,1
2010-02-16 00:00:00,2010-02-16 00:00:00,19.25,2010-02-16 00:00:00,18.5,18.5,33,36900,695825,2010-02-16 00:00:00,1
2010-02-17 00:00:00,2010-02-17 00:00:00,19,2010-02-17 00:00:00,18,18.5,29,33200,612500,2010-02-17 00:00:00,1
2010-02-18 00:00:00,2010-02-18 00:00:00,19,2010-02-18 00:00:00,18.5,18.75,51,87000,1631025,2010-02-18 00:00:00,1
2010-02-19 00:00:00,2010-02-19 00:00:00,19,2010-02-19 00:00:00,18.25,18.75,20,12600,233600,2010-02-19 00:00:00,1
2010-02-22 00:00:00,2010-02-22 00:00:00,19,2010-02-22 00:00:00,18.25,18.5,21,24000,443550,2010-02-22 00:00:00,1
2010-02-23 00:00:00,2010-02-23 00:00:00,18.5,2010-02-23 00:00:00,18.25,18.25,24,50900,930900,2010-02-23 00:00:00,1
2010-02-24 00:00:00,2010-02-24 00:00:00,18.75,2010-02-24 00:00:00,18.25,18.25,15,15800,289475,2010-02-24 00:00:00,1
2010-02-25 00:00:00,2010-02-25 00:00:00,18.5,2010-02-25 00:00:00,18,18.25,19,32300,589525,2010-02-25 00:00:00,1
2010-02-26 00:00:00,2010-02-26 00:00:00,18.25,2010-02-26 00:00:00,18,18,37,107700,1938850,2010-02-26 00:00:00,1
2010-03-01 00:00:00,2010-03-01 00:00:00,18.5,2010-03-01 00:00:00,18,18,21,48600,875525,2010-03-01 00:00:00,1
2010-03-02 00:00:00,2010-03-02 00:00:00,18,2010-03-02 00:00:00,17.75,18,10,48300,868875,2010-03-02 00:00:00,1
2010-03-03 00:00:00,2010-03-03 00:00:00,18,2010-03-03 00:00:00,17.5,17.5,30,46600,820425,2010-03-03 00:00:00,1
2010-03-04 00:00:00,2010-03-04 00:00:00,18.25,2010-03-04 00:00:00,17.25,17.75,40,161100,2851475,2010-03-04 00:00:00,1
2010-03-05 00:00:00,2010-03-05 00:00:00,18.5,2010-03-05 00:00:00,18,18,20,178800,3220775,2010-03-05 00:00:00,1
2010-03-08 00:00:00,2010-03-08 00:00:00,18.5,2010-03-08 00:00:00,18,18.5,51,152200,2808000,2010-03-08 00:00:00,1
2010-03-09 00:00:00,2010-03-09 00:00:00,18.75,2010-03-09 00:00:00,18,18.25,30,41900,765525,2010-03-09 00:00:00,1
2010-03-10 00:00:00,2010-03-10 00:00:00,18.5,2010-03-10 00:00:00,18,18.25,18,86800,1582600,2010-03-10 00:00:00,1
2010-03-11 00:00:00,2010-03-11 00:00:00,18.75,2010-03-11 00:00:00,18.25,18.5,27,79100,1460875,2010-03-11 00:00:00,1
2010-03-12 00:00:00,2010-03-12 00:00:00,19.5,2010-03-12 00:00:00,18.5,19.25,122,409500,7788300,2010-03-12 00:00:00,1
2010-03-15 00:00:00,2010-03-15 00:00:00,19.5,2010-03-15 00:00:00,18.75,19,62,334800,6369825,2010-03-15 00:00:00,1
2010-03-16 00:00:00,2010-03-16 00:00:00,19.5,2010-03-16 00:00:00,18.5,18.5,11,5700,106550,2010-03-16 00:00:00,1
2010-03-17 00:00:00,2010-03-17 00:00:00,18.5,2010-03-17 00:00:00,18.25,18.5,22,20200,372225,2010-03-17 00:00:00,1
2010-03-18 00:00:00,2010-03-18 00:00:00,18.75,2010-03-18 00:00:00,18.25,18.25,12,10600,194175,2010-03-18 00:00:00,1
2010-03-19 00:00:00,2010-03-19 00:00:00,18.5,2010-03-19 00:00:00,18,18.5,30,34800,635600,2010-03-19 00:00:00,1
2010-03-22 00:00:00,2010-03-22 00:00:00,18.5,2010-03-22 00:00:00,18,18.25,15,37500,693125,2010-03-22 00:00:00,1
2010-03-23 00:00:00,2010-03-23 00:00:00,18.5,2010-03-23 00:00:00,17.75,18,24,37900,684200,2010-03-23 00:00:00,1
2010-03-24 00:00:00,2010-03-24 00:00:00,18.75,2010-03-24 00:00:00,18,18,8,10000,180450,2010-03-24 00:00:00,1
2010-03-25 00:00:00,2010-03-25 00:00:00,18,2010-03-25 00:00:00,17.75,17.75,13,23700,422225,2010-03-25 00:00:00,1
2010-03-26 00:00:00,2010-03-26 00:00:00,18,2010-03-26 00:00:00,17.5,18,53,77300,1360575,2010-03-26 00:00:00,1
2010-03-30 00:00:00,2010-03-30 00:00:00,18.25,2010-03-30 00:00:00,17.75,18,33,45300,815600,2010-03-30 00:00:00,1
2010-03-31 00:00:00,2010-03-31 00:00:00,18.25,2010-03-31 00:00:00,18,18.25,16,30900,560300,2010-03-31 00:00:00,1
2010-04-01 00:00:00,2010-04-01 00:00:00,18,2010-04-01 00:00:00,17.75,17.75,20,63100,1123025,2010-04-01 00:00:00,1
2010-04-05 00:00:00,2010-04-05 00:00:00,18,2010-04-05 00:00:00,17.5,17.75,22,43100,763575,2010-04-05 00:00:00,1
2010-04-06 00:00:00,2010-04-06 00:00:00,18,2010-04-06 00:00:00,17.5,17.75,52,249300,4424100,2010-04-06 00:00:00,1
2010-04-07 00:00:00,2010-04-07 00:00:00,18.5,2010-04-07 00:00:00,17.75,17.75,61,188500,3368825,2010-04-07 00:00:00,1
2010-04-08 00:00:00,2010-04-08 00:00:00,17.75,2010-04-08 00:00:00,17.75,17.75,24,22800,404700,2010-04-08 00:00:00,1
2010-04-12 00:00:00,2010-04-12 00:00:00,18,2010-04-12 00:00:00,17.5,17.75,31,55600,989650,2010-04-12 00:00:00,1
2010-04-15 00:00:00,2010-04-15 00:00:00,18,2010-04-15 00:00:00,17.75,17.75,6,21400,379875,2010-04-15 00:00:00,1
2010-04-16 00:00:00,2010-04-16 00:00:00,18.5,2010-04-16 00:00:00,18,18.25,57,188900,3409150,2010-04-16 00:00:00,1
2010-04-19 00:00:00,2010-04-19 00:00:00,19.25,2010-04-19 00:00:00,18,18.75,103,521100,9803625,2010-04-19 00:00:00,1
2010-04-20 00:00:00,2010-04-20 00:00:00,19.25,2010-04-20 00:00:00,18.5,18.5,22,32800,614250,2010-04-20 00:00:00,1
2010-04-21 00:00:00,2010-04-21 00:00:00,18.75,2010-04-21 00:00:00,17.75,18.5,41,288700,5270050,2010-04-21 00:00:00,1
2010-04-22 00:00:00,2010-04-22 00:00:00,18.25,2010-04-22 00:00:00,17.5,17.75,69,114500,2027450,2010-04-22 00:00:00,1
2010-04-23 00:00:00,2010-04-23 00:00:00,18.25,2010-04-23 00:00:00,17.75,17.75,27,55900,999700,2010-04-23 00:00:00,1
2010-04-26 00:00:00,2010-04-26 00:00:00,18,2010-04-26 00:00:00,17,17.25,96,351300,6063975,2010-04-26 00:00:00,1
2010-04-27 00:00:00,2010-04-27 00:00:00,17.75,2010-04-27 00:00:00,17.25,17.5,31,30900,539800,2010-04-27 00:00:00,1
2010-04-29 00:00:00,2010-04-29 00:00:00,17.75,2010-04-29 00:00:00,17,17.25,103,495100,8494225,2010-04-29 00:00:00,1
2010-04-30 00:00:00,2010-04-30 00:00:00,17.5,2010-04-30 00:00:00,17,17,42,138300,2366850,2010-04-30 00:00:00,1
2010-05-03 00:00:00,2010-05-03 00:00:00,17.25,2010-05-03 00:00:00,17,17,49,134100,2304600,2010-05-03 00:00:00,1
2010-05-04 00:00:00,2010-05-04 00:00:00,18,2010-05-04 00:00:00,17,17.25,71,285600,4927500,2010-05-04 00:00:00,1
2010-05-05 00:00:00,2010-05-05 00:00:00,18,2010-05-05 00:00:00,17.5,17.5,37,117400,2086950,2010-05-05 00:00:00,1
2010-05-06 00:00:00,2010-05-06 00:00:00,18.5,2010-05-06 00:00:00,17.75,18,92,328500,5924300,2010-05-06 00:00:00,1
2010-05-07 00:00:00,2010-05-07 00:00:00,18.5,2010-05-07 00:00:00,17.75,18,47,135800,2464050,2010-05-07 00:00:00,1
2010-05-10 00:00:00,2010-05-10 00:00:00,18.5,2010-05-10 00:00:00,18,18,37,56300,1028325,2010-05-10 00:00:00,1
2010-05-11 00:00:00,2010-05-11 00:00:00,18.5,2010-05-11 00:00:00,18,18.5,109,686400,12590525,2010-05-11 00:00:00,1
2010-05-12 00:00:00,2010-05-12 00:00:00,19.5,2010-05-12 00:00:00,18.5,19.25,180,409500,7760175,2010-05-12 00:00:00,1
2010-05-13 00:00:00,2010-05-13 00:00:00,22,2010-05-13 00:00:00,18.5,21.75,754,1795600,37324475,2010-05-13 00:00:00,1
2010-05-14 00:00:00,2010-05-14 00:00:00,22,2010-05-14 00:00:00,20.25,20.5,159,254400,5385300,2010-05-14 00:00:00,1
2010-05-17 00:00:00,2010-05-17 00:00:00,21.5,2010-05-17 00:00:00,20.5,20.75,68,178100,3707725,2010-05-17 00:00:00,1
2010-05-18 00:00:00,2010-05-18 00:00:00,21.25,2010-05-18 00:00:00,20.5,20.5,33,89100,1830500,2010-05-18 00:00:00,1
2010-05-19 00:00:00,2010-05-19 00:00:00,21,2010-05-19 00:00:00,20,20.25,57,81700,1665625,2010-05-19 00:00:00,1
2010-05-20 00:00:00,2010-05-20 00:00:00,21,2010-05-20 00:00:00,19.5,19.75,45,231400,4643950,2010-05-20 00:00:00,1
2010-05-21 00:00:00,2010-05-21 00:00:00,20.5,2010-05-21 00:00:00,19,19,73,205900,3986725,2010-05-21 00:00:00,1
2010-05-24 00:00:00,2010-05-24 00:00:00,21.75,2010-05-24 00:00:00,18.5,18.5,56,126300,2423700,2010-05-24 00:00:00,1
2010-05-25 00:00:00,2010-05-25 00:00:00,18.75,2010-05-25 00:00:00,18.75,18.75,18,222200,4166250,2010-05-25 00:00:00,1
2010-05-26 00:00:00,2010-05-26 00:00:00,20,2010-05-26 00:00:00,18.75,19.75,22,48800,932575,2010-05-26 00:00:00,1
2010-05-31 00:00:00,2010-05-31 00:00:00,20,2010-05-31 00:00:00,18.75,19,28,124300,2354425,2010-05-31 00:00:00,1
2010-06-01 00:00:00,2010-06-01 00:00:00,19.75,2010-06-01 00:00:00,19.5,19.5,36,174400,3401925,2010-06-01 00:00:00,1
2010-06-02 00:00:00,2010-06-02 00:00:00,20,2010-06-02 00:00:00,19.5,19.5,59,177600,3485275,2010-06-02 00:00:00,1
2010-06-03 00:00:00,2010-06-03 00:00:00,21.25,2010-06-03 00:00:00,19.75,21,167,435500,8934650,2010-06-03 00:00:00,1
2010-06-04 00:00:00,2010-06-04 00:00:00,21.5,2010-06-04 00:00:00,20.5,21,79,152600,3183500,2010-06-04 00:00:00,1
2010-06-07 00:00:00,2010-06-07 00:00:00,22,2010-06-07 00:00:00,20.5,21.25,97,303900,6438250,2010-06-07 00:00:00,1
2010-06-08 00:00:00,2010-06-08 00:00:00,23,2010-06-08 00:00:00,21,22.25,306,1547100,34224850,2010-06-08 00:00:00,1
2010-06-09 00:00:00,2010-06-09 00:00:00,22.75,2010-06-09 00:00:00,21.5,21.75,70,165500,3641575,2010-06-09 00:00:00,1
2010-06-10 00:00:00,2010-06-10 00:00:00,21.5,2010-06-10 00:00:00,21,21,50,182400,3889550,2010-06-10 00:00:00,1
2010-06-11 00:00:00,2010-06-11 00:00:00,23.25,2010-06-11 00:00:00,21,23,327,1030000,23025400,2010-06-11 00:00:00,1
2010-06-14 00:00:00,2010-06-14 00:00:00,23.5,2010-06-14 00:00:00,22.75,22.75,91,222400,5141775,2010-06-14 00:00:00,1
2010-06-15 00:00:00,2010-06-15 00:00:00,23,2010-06-15 00:00:00,22,22.25,48,53800,1203850,2010-06-15 00:00:00,1
2010-06-16 00:00:00,2010-06-16 00:00:00,23.5,2010-06-16 00:00:00,22.75,23.25,132,462600,10698850,2010-06-16 00:00:00,1
2010-06-17 00:00:00,2010-06-17 00:00:00,23.25,2010-06-17 00:00:00,22.5,23,61,147800,3392300,2010-06-17 00:00:00,1
2010-06-21 00:00:00,2010-06-21 00:00:00,24,2010-06-21 00:00:00,23,23.75,103,301200,7005175,2010-06-21 00:00:00,1
2010-06-22 00:00:00,2010-06-22 00:00:00,24,2010-06-22 00:00:00,23,23,58,82800,1922600,2010-06-22 00:00:00,1
2010-06-23 00:00:00,2010-06-23 00:00:00,23,2010-06-23 00:00:00,22,22.25,47,81300,1809900,2010-06-23 00:00:00,1
2010-06-24 00:00:00,2010-06-24 00:00:00,23,2010-06-24 00:00:00,22,22.5,55,133200,2997050,2010-06-24 00:00:00,1
2010-06-28 00:00:00,2010-06-28 00:00:00,22.5,2010-06-28 00:00:00,21.75,22,26,41300,911875,2010-06-28 00:00:00,1
2010-06-29 00:00:00,2010-06-29 00:00:00,22,2010-06-29 00:00:00,21.5,21.5,37,39100,854050,2010-06-29 00:00:00,1
2010-06-30 00:00:00,2010-06-30 00:00:00,21.5,2010-06-30 00:00:00,20.75,21,63,157600,3312425,2010-06-30 00:00:00,1
2010-07-01 00:00:00,2010-07-01 00:00:00,21.25,2010-07-01 00:00:00,20.5,20.75,36,33800,706925,2010-07-01 00:00:00,1
2010-07-02 00:00:00,2010-07-02 00:00:00,21,2010-07-02 00:00:00,20.5,20.5,34,108300,2224425,2010-07-02 00:00:00,1
2010-07-05 00:00:00,2010-07-05 00:00:00,21.5,2010-07-05 00:00:00,21,21,31,30000,630450,2010-07-05 00:00:00,1
2010-07-06 00:00:00,2010-07-06 00:00:00,21,2010-07-06 00:00:00,20.5,20.75,29,48600,1002225,2010-07-06 00:00:00,1
2010-07-07 00:00:00,2010-07-07 00:00:00,21,2010-07-07 00:00:00,20.5,20.5,21,12000,247175,2010-07-07 00:00:00,1
2010-07-08 00:00:00,2010-07-08 00:00:00,21,2010-07-08 00:00:00,20.5,20.75,13,14400,297625,2010-07-08 00:00:00,1
2010-07-09 00:00:00,2010-07-09 00:00:00,20.5,2010-07-09 00:00:00,20.25,20.25,15,9500,193775,2010-07-09 00:00:00,1
2010-07-12 00:00:00,2010-07-12 00:00:00,20.25,2010-07-12 00:00:00,20,20.25,16,13800,278700,2010-07-12 00:00:00,1
2010-07-13 00:00:00,2010-07-13 00:00:00,20.5,2010-07-13 00:00:00,20.25,20.25,24,16500,336050,2010-07-13 00:00:00,1
2010-07-14 00:00:00,2010-07-14 00:00:00,20.5,2010-07-14 00:00:00,20,20.25,49,49100,997725,2010-07-14 00:00:00,1
2010-07-15 00:00:00,2010-07-15 00:00:00,21,2010-07-15 00:00:00,20.5,20.5,20,12400,255900,2010-07-15 00:00:00,1
2010-07-16 00:00:00,2010-07-16 00:00:00,21,2010-07-16 00:00:00,20.5,20.5,43,63700,1313800,2010-07-16 00:00:00,1
2010-07-19 00:00:00,2010-07-19 00:00:00,20.75,2010-07-19 00:00:00,20.5,20.75,23,15100,312675,2010-07-19 00:00:00,1
2010-07-20 00:00:00,2010-07-20 00:00:00,20.75,2010-07-20 00:00:00,20.25,20.5,15,14700,301375,2010-07-20 00:00:00,1
2010-07-21 00:00:00,2010-07-21 00:00:00,21,2010-07-21 00:00:00,20,20.25,137,691400,13924525,2010-07-21 00:00:00,1
2010-07-22 00:00:00,2010-07-22 00:00:00,20.25,2010-07-22 00:00:00,20,20,61,180400,3642425,2010-07-22 00:00:00,1
2010-07-23 00:00:00,2010-07-23 00:00:00,20.5,2010-07-23 00:00:00,20,20.25,30,43000,870500,2010-07-23 00:00:00,1
2010-07-26 00:00:00,2010-07-26 00:00:00,20.25,2010-07-26 00:00:00,20,20,63,139200,2793300,2010-07-26 00:00:00,1
2010-07-27 00:00:00,2010-07-27 00:00:00,20.25,2010-07-27 00:00:00,19.75,19.75,90,188800,3763325,2010-07-27 00:00:00,1
2010-07-28 00:00:00,2010-07-28 00:00:00,20.25,2010-07-28 00:00:00,19.75,20,92,169100,3384200,2010-07-28 00:00:00,1
2010-07-29 00:00:00,2010-07-29 00:00:00,20.5,2010-07-29 00:00:00,20,20,70,172000,3445750,2010-07-29 00:00:00,1
2010-07-30 00:00:00,2010-07-30 00:00:00,21.75,2010-07-30 00:00:00,19.75,21.5,99,356500,7531675,2010-07-30 00:00:00,1
2010-08-02 00:00:00,2010-08-02 00:00:00,21.5,2010-08-02 00:00:00,20,21.4,74,292300,6204370,2010-08-02 00:00:00,1
2010-08-03 00:00:00,2010-08-03 00:00:00,21.3,2010-08-03 00:00:00,20.2,20.3,25,30400,640730,2010-08-03 00:00:00,1
2010-08-04 00:00:00,2010-08-04 00:00:00,21,2010-08-04 00:00:00,20.1,20.5,19,41500,849060,2010-08-04 00:00:00,1
2010-08-05 00:00:00,2010-08-05 00:00:00,20.4,2010-08-05 00:00:00,19,20.2,41,42600,838600,2010-08-05 00:00:00,1
2010-08-06 00:00:00,2010-08-06 00:00:00,19.9,2010-08-06 00:00:00,19.5,19.8,21,16100,318410,2010-08-06 00:00:00,1
2010-08-09 00:00:00,2010-08-09 00:00:00,19.8,2010-08-09 00:00:00,18.2,18.4,38,33500,617550,2010-08-09 00:00:00,1
2010-08-10 00:00:00,2010-08-10 00:00:00,20.2,2010-08-10 00:00:00,17.8,20.1,67,54700,1045020,2010-08-10 00:00:00,1
2010-08-11 00:00:00,2010-08-11 00:00:00,22,2010-08-11 00:00:00,19.5,19.6,36,32700,647020,2010-08-11 00:00:00,1
2010-08-12 00:00:00,2010-08-12 00:00:00,19.6,2010-08-12 00:00:00,19.2,19.5,11,4100,79930,2010-08-12 00:00:00,1
2010-08-13 00:00:00,2010-08-13 00:00:00,20,2010-08-13 00:00:00,19.5,19.5,22,32600,639140,2010-08-13 00:00:00,1
2010-08-16 00:00:00,2010-08-16 00:00:00,20.2,2010-08-16 00:00:00,19.6,19.8,20,10000,199080,2010-08-16 00:00:00,1
2010-08-17 00:00:00,2010-08-17 00:00:00,19.8,2010-08-17 00:00:00,19.2,19.7,20,54500,1073630,2010-08-17 00:00:00,1
2010-08-18 00:00:00,2010-08-18 00:00:00,20.1,2010-08-18 00:00:00,19.8,19.9,51,50700,1011750,2010-08-18 00:00:00,1
2010-08-19 00:00:00,2010-08-19 00:00:00,20,2010-08-19 00:00:00,19.9,19.9,17,15500,309480,2010-08-19 00:00:00,1
2010-08-20 00:00:00,2010-08-20 00:00:00,20.2,2010-08-20 00:00:00,19.5,19.5,41,105900,2089350,2010-08-20 00:00:00,1
2010-08-23 00:00:00,2010-08-23 00:00:00,19.5,2010-08-23 00:00:00,19.4,19.5,18,14100,274850,2010-08-23 00:00:00,1
2010-08-25 00:00:00,2010-08-25 00:00:00,19.5,2010-08-25 00:00:00,19.2,19.4,28,32200,622400,2010-08-25 00:00:00,1
2010-08-26 00:00:00,2010-08-26 00:00:00,19.1,2010-08-26 00:00:00,18.9,19.1,24,53300,1012800,2010-08-26 00:00:00,1
2010-08-27 00:00:00,2010-08-27 00:00:00,19.1,2010-08-27 00:00:00,18.3,19,28,52500,997110,2010-08-27 00:00:00,1
2010-08-30 00:00:00,2010-08-30 00:00:00,19.1,2010-08-30 00:00:00,18.6,18.8,40,43800,824350,2010-08-30 00:00:00,1
2010-08-31 00:00:00,2010-08-31 00:00:00,18.9,2010-08-31 00:00:00,18.6,18.8,29,50500,946380,2010-08-31 00:00:00,1
2010-09-01 00:00:00,2010-09-01 00:00:00,20,2010-09-01 00:00:00,18.6,18.8,31,37800,717430,2010-09-01 00:00:00,1
2010-09-02 00:00:00,2010-09-02 00:00:00,19.8,2010-09-02 00:00:00,18.6,19,34,65100,1230330,2010-09-02 00:00:00,1
2010-09-03 00:00:00,2010-09-03 00:00:00,20.1,2010-09-03 00:00:00,19,20,78,230800,4574050,2010-09-03 00:00:00,1
2010-09-06 00:00:00,2010-09-06 00:00:00,22,2010-09-06 00:00:00,19.1,22,267,868900,18841010,2010-09-06 00:00:00,1
2010-09-07 00:00:00,2010-09-07 00:00:00,23.5,2010-09-07 00:00:00,21,21.3,226,990500,21543760,2010-09-07 00:00:00,1
2010-09-08 00:00:00,2010-09-08 00:00:00,21.8,2010-09-08 00:00:00,20,20.4,128,394600,8217380,2010-09-08 00:00:00,1
2010-09-09 00:00:00,2010-09-09 00:00:00,21,2010-09-09 00:00:00,20.1,20.2,45,195900,4000090,2010-09-09 00:00:00,1
2010-09-13 00:00:00,2010-09-13 00:00:00,20.5,2010-09-13 00:00:00,20,20,87,284900,5707350,2010-09-13 00:00:00,1
2010-09-14 00:00:00,2010-09-14 00:00:00,20.2,2010-09-14 00:00:00,19.7,19.9,66,215100,4295570,2010-09-14 00:00:00,1
2010-09-15 00:00:00,2010-09-15 00:00:00,19.9,2010-09-15 00:00:00,19,19.8,53,121400,2375450,2010-09-15 00:00:00,1
2010-09-16 00:00:00,2010-09-16 00:00:00,20.2,2010-09-16 00:00:00,19.6,19.9,72,408300,8092430,2010-09-16 00:00:00,1
2010-09-17 00:00:00,2010-09-17 00:00:00,20.2,2010-09-17 00:00:00,19.7,20,50,87400,1731150,2010-09-17 00:00:00,1
2010-09-20 00:00:00,2010-09-20 00:00:00,21,2010-09-20 00:00:00,20,20,51,88200,1766060,2010-09-20 00:00:00,1
2010-09-21 00:00:00,2010-09-21 00:00:00,20.2,2010-09-21 00:00:00,19.7,19.8,45,114100,2267430,2010-09-21 00:00:00,1
2010-09-23 00:00:00,2010-09-23 00:00:00,20,2010-09-23 00:00:00,19.5,19.7,53,135600,2704660,2010-09-23 00:00:00,1
2010-09-24 00:00:00,2010-09-24 00:00:00,20,2010-09-24 00:00:00,19.4,20,54,278100,5547930,2010-09-24 00:00:00,1
2010-09-27 00:00:00,2010-09-27 00:00:00,20,2010-09-27 00:00:00,19.3,19.8,48,58200,1146140,2010-09-27 00:00:00,1
2010-09-28 00:00:00,2010-09-28 00:00:00,19.8,2010-09-28 00:00:00,19.3,19.4,38,75400,1467600,2010-09-28 00:00:00,1
2010-09-29 00:00:00,2010-09-29 00:00:00,20.5,2010-09-29 00:00:00,19.3,20,81,251800,4992240,2010-09-29 00:00:00,1
2010-09-30 00:00:00,2010-09-30 00:00:00,20,2010-09-30 00:00:00,19.4,19.5,62,163000,3175830,2010-09-30 00:00:00,1
2010-10-01 00:00:00,2010-10-01 00:00:00,20,2010-10-01 00:00:00,19.2,19.9,118,550600,10901800,2010-10-01 00:00:00,1
2010-10-04 00:00:00,2010-10-04 00:00:00,20,2010-10-04 00:00:00,19.5,20,75,525400,10507780,2010-10-04 00:00:00,1
2010-10-05 00:00:00,2010-10-05 00:00:00,20,2010-10-05 00:00:00,19.5,19.7,50,181100,3603510,2010-10-05 00:00:00,1
2010-10-06 00:00:00,2010-10-06 00:00:00,20,2010-10-06 00:00:00,19.3,19.5,33,123500,2432760,2010-10-06 00:00:00,1
2010-10-07 00:00:00,2010-10-07 00:00:00,19.8,2010-10-07 00:00:00,18.9,19.1,53,98400,1875910,2010-10-07 00:00:00,1
2010-10-08 00:00:00,2010-10-08 00:00:00,19.5,2010-10-08 00:00:00,18.9,19,36,165400,3142850,2010-10-08 00:00:00,1
2010-10-11 00:00:00,2010-10-11 00:00:00,19.4,2010-10-11 00:00:00,19,19.2,17,16900,323770,2010-10-11 00:00:00,1
2010-10-12 00:00:00,2010-10-12 00:00:00,19,2010-10-12 00:00:00,18.5,18.6,36,33700,629560,2010-10-12 00:00:00,1
2010-10-13 00:00:00,2010-10-13 00:00:00,19.9,2010-10-13 00:00:00,17.5,19.3,81,110000,2076220,2010-10-13 00:00:00,1
2010-10-14 00:00:00,2010-10-14 00:00:00,19.2,2010-10-14 00:00:00,19,19,16,49100,938420,2010-10-14 00:00:00,1
2010-10-15 00:00:00,2010-10-15 00:00:00,19.5,2010-10-15 00:00:00,18.5,19.1,16,19200,361780,2010-10-15 00:00:00,1
2010-10-18 00:00:00,2010-10-18 00:00:00,19,2010-10-18 00:00:00,18.5,18.5,9,8300,154910,2010-10-18 00:00:00,1
2010-10-19 00:00:00,2010-10-19 00:00:00,19,2010-10-19 00:00:00,18.5,18.8,11,4300,80360,2010-10-19 00:00:00,1
2010-10-20 00:00:00,2010-10-20 00:00:00,18.6,2010-10-20 00:00:00,18.2,18.6,22,23900,442520,2010-10-20 00:00:00,1
2010-10-21 00:00:00,2010-10-21 00:00:00,19,2010-10-21 00:00:00,18.2,18.3,13,16000,295600,2010-10-21 00:00:00,1
2010-10-25 00:00:00,2010-10-25 00:00:00,18.7,2010-10-25 00:00:00,18.1,18.5,28,65600,1212940,2010-10-25 00:00:00,1
2010-10-26 00:00:00,2010-10-26 00:00:00,18.1,2010-10-26 00:00:00,17.9,18,43,56000,1007060,2010-10-26 00:00:00,1
2010-10-27 00:00:00,2010-10-27 00:00:00,18.2,2010-10-27 00:00:00,17.6,18,13,5300,95010,2010-10-27 00:00:00,1
2010-10-28 00:00:00,2010-10-28 00:00:00,18.1,2010-10-28 00:00:00,17.5,17.9,9,5600,98380,2010-10-28 00:00:00,1
2010-10-29 00:00:00,2010-10-29 00:00:00,18.3,2010-10-29 00:00:00,17.9,18,28,63500,1145580,2010-10-29 00:00:00,1
2010-11-01 00:00:00,2010-11-01 00:00:00,18,2010-11-01 00:00:00,17.8,17.9,12,4200,75170,2010-11-01 00:00:00,1
2010-11-02 00:00:00,2010-11-02 00:00:00,17.8,2010-11-02 00:00:00,17.4,17.8,18,16200,284460,2010-11-02 00:00:00,1
2010-11-03 00:00:00,2010-11-03 00:00:00,17.8,2010-11-03 00:00:00,17.4,17.5,35,54100,945780,2010-11-03 00:00:00,1
2010-11-04 00:00:00,2010-11-04 00:00:00,17.8,2010-11-04 00:00:00,17.3,17.8,29,31500,551510,2010-11-04 00:00:00,1
2010-11-08 00:00:00,2010-11-08 00:00:00,17.9,2010-11-08 00:00:00,17.5,17.5,39,215700,3785150,2010-11-08 00:00:00,1
2010-11-09 00:00:00,2010-11-09 00:00:00,18.3,2010-11-09 00:00:00,17.5,17.5,44,109300,1927990,2010-11-09 00:00:00,1
2010-11-10 00:00:00,2010-11-10 00:00:00,17.8,2010-11-10 00:00:00,17.3,17.5,37,63000,1100730,2010-11-10 00:00:00,1
2010-11-11 00:00:00,2010-11-11 00:00:00,17.6,2010-11-11 00:00:00,17.2,17.3,13,5000,86620,2010-11-11 00:00:00,1
2010-11-12 00:00:00,2010-11-12 00:00:00,18.3,2010-11-12 00:00:00,17.7,18.2,75,106900,1929850,2010-11-12 00:00:00,1
2010-11-15 00:00:00,2010-11-15 00:00:00,18.3,2010-11-15 00:00:00,17.3,17.8,49,73200,1295200,2010-11-15 00:00:00,1
2010-11-16 00:00:00,2010-11-16 00:00:00,18.2,2010-11-16 00:00:00,17.3,18,30,74400,1311780,2010-11-16 00:00:00,1
2010-11-18 00:00:00,2010-11-18 00:00:00,18.4,2010-11-18 00:00:00,18,18.2,32,42200,765890,2010-11-18 00:00:00,1
2010-11-22 00:00:00,2010-11-22 00:00:00,18.5,2010-11-22 00:00:00,18,18.4,44,93500,1698860,2010-11-22 00:00:00,1
2010-11-23 00:00:00,2010-11-23 00:00:00,18.2,2010-11-23 00:00:00,17.6,18,20,46600,838800,2010-11-23 00:00:00,1
2010-11-24 00:00:00,2010-11-24 00:00:00,18.3,2010-11-24 00:00:00,18,18,11,40100,722400,2010-11-24 00:00:00,1
2010-11-25 00:00:00,2010-11-25 00:00:00,18.5,2010-11-25 00:00:00,18,18.5,35,77100,1406410,2010-11-25 00:00:00,1
2010-11-26 00:00:00,2010-11-26 00:00:00,18.4,2010-11-26 00:00:00,18,18.4,16,39600,716720,2010-11-26 00:00:00,1
2010-11-29 00:00:00,2010-11-29 00:00:00,18.8,2010-11-29 00:00:00,17.9,17.9,35,78900,1436880,2010-11-29 00:00:00,1
2010-11-30 00:00:00,2010-11-30 00:00:00,18.5,2010-11-30 00:00:00,18,18.2,27,91700,1652190,2010-11-30 00:00:00,1
2010-12-01 00:00:00,2010-12-01 00:00:00,18.6,2010-12-01 00:00:00,18.3,18.4,44,115400,2126300,2010-12-01 00:00:00,1
2010-12-02 00:00:00,2010-12-02 00:00:00,18.9,2010-12-02 00:00:00,18.4,18.8,39,59000,1100430,2010-12-02 00:00:00,1
2010-12-03 00:00:00,2010-12-03 00:00:00,18.9,2010-12-03 00:00:00,18.5,18.5,12,10300,190810,2010-12-03 00:00:00,1
2010-12-06 00:00:00,2010-12-06 00:00:00,18.7,2010-12-06 00:00:00,18.3,18.3,27,151000,2809480,2010-12-06 00:00:00,1
2010-12-07 00:00:00,2010-12-07 00:00:00,18.5,2010-12-07 00:00:00,18.3,18.3,28,49700,909710,2010-12-07 00:00:00,1
2010-12-08 00:00:00,2010-12-08 00:00:00,18.4,2010-12-08 00:00:00,17.9,18.3,60,246800,4511940,2010-12-08 00:00:00,1
2010-12-09 00:00:00,2010-12-09 00:00:00,18.3,2010-12-09 00:00:00,18,18.2,15,57800,1056990,2010-12-09 00:00:00,1
2010-12-10 00:00:00,2010-12-10 00:00:00,18.1,2010-12-10 00:00:00,17.8,17.9,39,121600,2188060,2010-12-10 00:00:00,1
2010-12-13 00:00:00,2010-12-13 00:00:00,18.1,2010-12-13 00:00:00,17.9,18,21,39000,702700,2010-12-13 00:00:00,1
2010-12-14 00:00:00,2010-12-14 00:00:00,18,2010-12-14 00:00:00,17.8,17.8,41,102500,1835570,2010-12-14 00:00:00,1
2010-12-15 00:00:00,2010-12-15 00:00:00,18.1,2010-12-15 00:00:00,17.8,18,11,12900,232130,2010-12-15 00:00:00,1
2010-12-16 00:00:00,2010-12-16 00:00:00,18,2010-12-16 00:00:00,17.8,17.8,10,24500,438100,2010-12-16 00:00:00,1
2010-12-17 00:00:00,2010-12-17 00:00:00,17.9,2010-12-17 00:00:00,17.8,17.8,11,20500,364960,2010-12-17 00:00:00,1
2010-12-21 00:00:00,2010-12-21 00:00:00,17.9,2010-12-21 00:00:00,17.8,17.8,8,5900,105120,2010-12-21 00:00:00,1
2010-12-22 00:00:00,2010-12-22 00:00:00,18.5,2010-12-22 00:00:00,17.9,18.2,4,2500,45750,2010-12-22 00:00:00,1
2010-12-23 00:00:00,2010-12-23 00:00:00,18.2,2010-12-23 00:00:00,18,18.2,31,98000,1777280,2010-12-23 00:00:00,1
2010-12-24 00:00:00,2010-12-24 00:00:00,18.2,2010-12-24 00:00:00,17.8,18.2,13,24700,449340,2010-12-24 00:00:00,1
2010-12-27 00:00:00,2010-12-27 00:00:00,18.3,2010-12-27 00:00:00,18,18.1,18,31100,560550,2010-12-27 00:00:00,1
2010-12-28 00:00:00,2010-12-28 00:00:00,18.4,2010-12-28 00:00:00,18.1,18.3,15,10700,194660,2010-12-28 00:00:00,1
2010-12-29 00:00:00,2010-12-29 00:00:00,18.8,2010-12-29 00:00:00,18.3,18.5,45,87900,1616350,2010-12-29 00:00:00,1
2010-12-30 00:00:00,2010-12-30 00:00:00,19.5,2010-12-30 00:00:00,18.2,19.3,54,91000,1723200,2010-12-30 00:00:00,1
2010-12-31 00:00:00,2010-12-31 00:00:00,19,2010-12-31 00:00:00,18.5,18.9,20,28700,539270,2010-12-31 00:00:00,1
Company Id :  LION,,Security Type :  N,,Sub Type :  0000,,,,,,
Short Name :  LION  BREWERY,,,,,,,,,,
Day,Date High,High,Date Low,Low,Closing,No. of Trades,No. of Shares,Turnover,Last Traded,Days Traded
2010-01-04 00:00:00,2010-01-04 00:00:00,82,2010-01-04 00:00:00,79,79.75,107,107600,8605775,2010-01-04 00:00:00,1
2010-01-05 00:00:00,2010-01-05 00:00:00,81,2010-01-05 00:00:00,78,79,102,93600,7454450,2010-01-05 00:00:00,1
2010-01-06 00:00:00,2010-01-06 00:00:00,81,2010-01-06 00:00:00,78,79,98,140600,11232975,2010-01-06 00:00:00,1
2010-01-07 00:00:00,2010-01-07 00:00:00,80,2010-01-07 00:00:00,77,78.75,48,34900,2716400,2010-01-07 00:00:00,1
2010-01-08 00:00:00,2010-01-08 00:00:00,79.75,2010-01-08 00:00:00,77,77.75,71,175400,13622175,2010-01-08 00:00:00,1
2010-01-11 00:00:00,2010-01-11 00:00:00,80,2010-01-11 00:00:00,78.5,79,61,81100,6445600,2010-01-11 00:00:00,1
2010-01-12 00:00:00,2010-01-12 00:00:00,79.75,2010-01-12 00:00:00,77.75,78,27,13200,1033900,2010-01-12 00:00:00,1
2010-01-13 00:00:00,2010-01-13 00:00:00,78,2010-01-13 00:00:00,76,76.75,65,155400,11903425,2010-01-13 00:00:00,1
2010-01-15 00:00:00,2010-01-15 00:00:00,79,2010-01-15 00:00:00,77,77.25,55,182400,14062175,2010-01-15 00:00:00,1
2010-01-18 00:00:00,2010-01-18 00:00:00,78,2010-01-18 00:00:00,75.25,75.5,19,6600,502425,2010-01-18 00:00:00,1
2010-01-19 00:00:00,2010-01-19 00:00:00,75.5,2010-01-19 00:00:00,74.5,74.75,29,29800,2244000,2010-01-19 00:00:00,1
2010-01-20 00:00:00,2010-01-20 00:00:00,77.5,2010-01-20 00:00:00,75.75,77,43,55000,4219125,2010-01-20 00:00:00,1
2010-01-21 00:00:00,2010-01-21 00:00:00,86,2010-01-21 00:00:00,77.5,81.75,415,559600,46628475,2010-01-21 00:00:00,1
2010-01-22 00:00:00,2010-01-22 00:00:00,83,2010-01-22 00:00:00,80,82,68,87300,7131700,2010-01-22 00:00:00,1
2010-01-25 00:00:00,2010-01-25 00:00:00,82,2010-01-25 00:00:00,80,80,37,32700,2623075,2010-01-25 00:00:00,1
2010-01-26 00:00:00,2010-01-26 00:00:00,81,2010-01-26 00:00:00,79.5,80,36,50000,4001550,2010-01-26 00:00:00,1
2010-01-28 00:00:00,2010-01-28 00:00:00,81.75,2010-01-28 00:00:00,77.75,81,79,116600,9329200,2010-01-28 00:00:00,1
2010-02-01 00:00:00,2010-02-01 00:00:00,87.25,2010-02-01 00:00:00,80,84.75,264,466800,38666900,2010-02-01 00:00:00,1
2010-02-02 00:00:00,2010-02-02 00:00:00,88.25,2010-02-02 00:00:00,84,85,129,154900,13253350,2010-02-02 00:00:00,1
2010-02-03 00:00:00,2010-02-03 00:00:00,85.5,2010-02-03 00:00:00,82.75,83.25,50,55300,4601150,2010-02-03 00:00:00,1
2010-02-05 00:00:00,2010-02-05 00:00:00,84,2010-02-05 00:00:00,82.75,82.75,16,22600,1877750,2010-02-05 00:00:00,1
2010-02-08 00:00:00,2010-02-08 00:00:00,89.5,2010-02-08 00:00:00,83.75,88,249,326700,28496125,2010-02-08 00:00:00,1
2010-02-09 00:00:00,2010-02-09 00:00:00,90,2010-02-09 00:00:00,85,87.75,95,116600,10116375,2010-02-09 00:00:00,1
2010-02-10 00:00:00,2010-02-10 00:00:00,88,2010-02-10 00:00:00,86,86,55,161600,13951500,2010-02-10 00:00:00,1
2010-02-11 00:00:00,2010-02-11 00:00:00,85.5,2010-02-11 00:00:00,83.5,83.5,20,11000,928050,2010-02-11 00:00:00,1
2010-02-12 00:00:00,2010-02-12 00:00:00,85.5,2010-02-12 00:00:00,82,84.75,53,49300,4152775,2010-02-12 00:00:00,1
2010-02-15 00:00:00,2010-02-15 00:00:00,88,2010-02-15 00:00:00,83.5,84.5,55,59300,5027500,2010-02-15 00:00:00,1
2010-02-16 00:00:00,2010-02-16 00:00:00,87,2010-02-16 00:00:00,82,83,27,15000,1259800,2010-02-16 00:00:00,1
2010-02-17 00:00:00,2010-02-17 00:00:00,83,2010-02-17 00:00:00,82,83,31,50300,4169575,2010-02-17 00:00:00,1
2010-02-18 00:00:00,2010-02-18 00:00:00,85,2010-02-18 00:00:00,82,83.75,35,60000,5039500,2010-02-18 00:00:00,1
2010-02-19 00:00:00,2010-02-19 00:00:00,84.75,2010-02-19 00:00:00,82,83.5,20,47700,3981675,2010-02-19 00:00:00,1
2010-02-22 00:00:00,2010-02-22 00:00:00,87,2010-02-22 00:00:00,84,85.75,46,70400,6034100,2010-02-22 00:00:00,1
2010-02-23 00:00:00,2010-02-23 00:00:00,86,2010-02-23 00:00:00,85,85,36,35400,3011050,2010-02-23 00:00:00,1
2010-02-24 00:00:00,2010-02-24 00:00:00,85.25,2010-02-24 00:00:00,84.75,85,23,33700,2863425,2010-02-24 00:00:00,1
2010-02-25 00:00:00,2010-02-25 00:00:00,86.75,2010-02-25 00:00:00,83.75,86,29,37500,3203650,2010-02-25 00:00:00,1
2010-02-26 00:00:00,2010-02-26 00:00:00,93,2010-02-26 00:00:00,86.75,90.75,267,294700,26611825,2010-02-26 00:00:00,1
2010-03-01 00:00:00,2010-03-01 00:00:00,93,2010-03-01 00:00:00,90,92,85,50400,4642625,2010-03-01 00:00:00,1
2010-03-02 00:00:00,2010-03-02 00:00:00,92,2010-03-02 00:00:00,89,89.25,44,37200,3361800,2010-03-02 00:00:00,1
2010-03-03 00:00:00,2010-03-03 00:00:00,89,2010-03-03 00:00:00,88,88,19,6200,547075,2010-03-03 00:00:00,1
2010-03-04 00:00:00,2010-03-04 00:00:00,88.5,2010-03-04 00:00:00,88,88.25,7,3000,264750,2010-03-04 00:00:00,1
2010-03-05 00:00:00,2010-03-05 00:00:00,90,2010-03-05 00:00:00,87.5,89.5,44,32700,2892650,2010-03-05 00:00:00,1
2010-03-08 00:00:00,2010-03-08 00:00:00,90.5,2010-03-08 00:00:00,89.25,90.5,55,100500,9055125,2010-03-08 00:00:00,1
2010-03-09 00:00:00,2010-03-09 00:00:00,91.5,2010-03-09 00:00:00,90,90.25,46,119100,10815175,2010-03-09 00:00:00,1
2010-03-10 00:00:00,2010-03-10 00:00:00,90.5,2010-03-10 00:00:00,89.75,90,39,56900,5120950,2010-03-10 00:00:00,1
2010-03-11 00:00:00,2010-03-11 00:00:00,90.25,2010-03-11 00:00:00,88.25,90,23,27500,2474575,2010-03-11 00:00:00,1
2010-03-12 00:00:00,2010-03-12 00:00:00,90.5,2010-03-12 00:00:00,90,90,15,20700,1863300,2010-03-12 00:00:00,1
2010-03-15 00:00:00,2010-03-15 00:00:00,91.75,2010-03-15 00:00:00,90,91,36,59400,5400525,2010-03-15 00:00:00,1
2010-03-16 00:00:00,2010-03-16 00:00:00,91,2010-03-16 00:00:00,90,90.25,28,30000,2708850,2010-03-16 00:00:00,1
2010-03-17 00:00:00,2010-03-17 00:00:00,90.5,2010-03-17 00:00:00,88,88.75,16,8600,771100,2010-03-17 00:00:00,1
2010-03-18 00:00:00,2010-03-18 00:00:00,88.5,2010-03-18 00:00:00,88,88.25,17,8700,766650,2010-03-18 00:00:00,1
2010-03-19 00:00:00,2010-03-19 00:00:00,88,2010-03-19 00:00:00,86,86.25,16,6300,542500,2010-03-19 00:00:00,1
2010-03-23 00:00:00,2010-03-23 00:00:00,87.75,2010-03-23 00:00:00,86.25,87,10,8900,774025,2010-03-23 00:00:00,1
2010-03-24 00:00:00,2010-03-24 00:00:00,87,2010-03-24 00:00:00,86.25,87,12,5400,468900,2010-03-24 00:00:00,1
2010-03-25 00:00:00,2010-03-25 00:00:00,89.5,2010-03-25 00:00:00,86.5,87,4,2800,246450,2010-03-25 00:00:00,1
2010-03-26 00:00:00,2010-03-26 00:00:00,88,2010-03-26 00:00:00,86.5,87.25,12,6700,581800,2010-03-26 00:00:00,1
2010-03-30 00:00:00,2010-03-30 00:00:00,88.75,2010-03-30 00:00:00,86.5,86.5,4,900,78325,2010-03-30 00:00:00,1
2010-03-31 00:00:00,2010-03-31 00:00:00,86.75,2010-03-31 00:00:00,86.25,86.5,23,16600,1436125,2010-03-31 00:00:00,1
2010-04-01 00:00:00,2010-04-01 00:00:00,87,2010-04-01 00:00:00,86.5,87,5,3700,321550,2010-04-01 00:00:00,1
2010-04-05 00:00:00,2010-04-05 00:00:00,88,2010-04-05 00:00:00,86.5,88,6,2700,235850,2010-04-05 00:00:00,1
2010-04-06 00:00:00,2010-04-06 00:00:00,90.75,2010-04-06 00:00:00,88,90.5,27,13900,1254700,2010-04-06 00:00:00,1
2010-04-07 00:00:00,2010-04-07 00:00:00,91,2010-04-07 00:00:00,90,90.5,20,16700,1511050,2010-04-07 00:00:00,1
2010-04-08 00:00:00,2010-04-08 00:00:00,91,2010-04-08 00:00:00,90,90.5,6,3400,307350,2010-04-08 00:00:00,1
2010-04-12 00:00:00,2010-04-12 00:00:00,92,2010-04-12 00:00:00,90.5,91.5,22,18200,1667425,2010-04-12 00:00:00,1
2010-04-15 00:00:00,2010-04-15 00:00:00,92.25,2010-04-15 00:00:00,90.5,91.75,14,9400,862200,2010-04-15 00:00:00,1
2010-04-16 00:00:00,2010-04-16 00:00:00,92,2010-04-16 00:00:00,91,92,7,7700,708300,2010-04-16 00:00:00,1
2010-04-19 00:00:00,2010-04-19 00:00:00,96,2010-04-19 00:00:00,91,95.5,75,206400,19715100,2010-04-19 00:00:00,1
2010-04-20 00:00:00,2010-04-20 00:00:00,96.25,2010-04-20 00:00:00,94.75,95,13,16000,1521325,2010-04-20 00:00:00,1
2010-04-21 00:00:00,2010-04-21 00:00:00,96,2010-04-21 00:00:00,93.75,96,22,59900,5736925,2010-04-21 00:00:00,1
2010-04-22 00:00:00,2010-04-22 00:00:00,96,2010-04-22 00:00:00,95,95.75,12,13800,1324475,2010-04-22 00:00:00,1
2010-04-23 00:00:00,2010-04-23 00:00:00,104.75,2010-04-23 00:00:00,96,102.5,110,247200,24443300,2010-04-23 00:00:00,1
2010-04-26 00:00:00,2010-04-26 00:00:00,111.75,2010-04-26 00:00:00,102.75,103.25,85,123700,13024275,2010-04-26 00:00:00,1
2010-04-27 00:00:00,2010-04-27 00:00:00,103.5,2010-04-27 00:00:00,102.5,103.25,22,30800,3181225,2010-04-27 00:00:00,1
2010-04-29 00:00:00,2010-04-29 00:00:00,104,2010-04-29 00:00:00,103,103,20,14200,1469575,2010-04-29 00:00:00,1
2010-04-30 00:00:00,2010-04-30 00:00:00,106,2010-04-30 00:00:00,103,104.5,25,31100,3245475,2010-04-30 00:00:00,1
2010-05-03 00:00:00,2010-05-03 00:00:00,108,2010-05-03 00:00:00,105,105,16,44900,4715050,2010-05-03 00:00:00,1
2010-05-04 00:00:00,2010-05-04 00:00:00,104,2010-05-04 00:00:00,104,104,1,200,20800,2010-05-04 00:00:00,1
2010-05-05 00:00:00,2010-05-05 00:00:00,105,2010-05-05 00:00:00,101,102.5,21,44000,4513475,2010-05-05 00:00:00,1
2010-05-06 00:00:00,2010-05-06 00:00:00,104,2010-05-06 00:00:00,102.5,104,5,11100,1154250,2010-05-06 00:00:00,1
2010-05-07 00:00:00,2010-05-07 00:00:00,105,2010-05-07 00:00:00,102.25,104.5,29,38300,3961200,2010-05-07 00:00:00,1
2010-05-10 00:00:00,2010-05-10 00:00:00,106,2010-05-10 00:00:00,105,105,20,48500,5092600,2010-05-10 00:00:00,1
2010-05-11 00:00:00,2010-05-11 00:00:00,105,2010-05-11 00:00:00,103,103,17,24200,2493000,2010-05-11 00:00:00,1
2010-05-12 00:00:00,2010-05-12 00:00:00,105,2010-05-12 00:00:00,102,103,19,52100,5364000,2010-05-12 00:00:00,1
2010-05-13 00:00:00,2010-05-13 00:00:00,103,2010-05-13 00:00:00,102,102,2,1700,174700,2010-05-13 00:00:00,1
2010-05-14 00:00:00,2010-05-14 00:00:00,99,2010-05-14 00:00:00,99,99,1,1000,99000,2010-05-14 00:00:00,1
2010-05-17 00:00:00,2010-05-17 00:00:00,101,2010-05-17 00:00:00,100.75,101,5,4000,403750,2010-05-17 00:00:00,1
2010-05-18 00:00:00,2010-05-18 00:00:00,105,2010-05-18 00:00:00,102,105,21,55100,5781200,2010-05-18 00:00:00,1
2010-05-19 00:00:00,2010-05-19 00:00:00,106,2010-05-19 00:00:00,105,105,21,23300,2462225,2010-05-19 00:00:00,1
2010-05-20 00:00:00,2010-05-20 00:00:00,105.5,2010-05-20 00:00:00,104.75,105,21,86900,9124925,2010-05-20 00:00:00,1
2010-05-21 00:00:00,2010-05-21 00:00:00,105,2010-05-21 00:00:00,100.25,104.5,5,1900,198175,2010-05-21 00:00:00,1
2010-05-24 00:00:00,2010-05-24 00:00:00,104.25,2010-05-24 00:00:00,103,103,10,9000,934950,2010-05-24 00:00:00,1
2010-05-25 00:00:00,2010-05-25 00:00:00,103,2010-05-25 00:00:00,102,102.25,16,9600,980600,2010-05-25 00:00:00,1
2010-05-26 00:00:00,2010-05-26 00:00:00,105,2010-05-26 00:00:00,101,104.25,13,8200,842325,2010-05-26 00:00:00,1
2010-05-31 00:00:00,2010-05-31 00:00:00,105.25,2010-05-31 00:00:00,104.25,104.25,15,21300,2228875,2010-05-31 00:00:00,1
2010-06-01 00:00:00,2010-06-01 00:00:00,105.5,2010-06-01 00:00:00,104.75,105,9,7700,807800,2010-06-01 00:00:00,1
2010-06-02 00:00:00,2010-06-02 00:00:00,105,2010-06-02 00:00:00,104.5,105,14,66700,7002700,2010-06-02 00:00:00,1
2010-06-03 00:00:00,2010-06-03 00:00:00,109,2010-06-03 00:00:00,104.5,106.25,48,101900,10755975,2010-06-03 00:00:00,1
2010-06-04 00:00:00,2010-06-04 00:00:00,110,2010-06-04 00:00:00,108,108.5,48,59900,6513825,2010-06-04 00:00:00,1
2010-06-07 00:00:00,2010-06-07 00:00:00,112.5,2010-06-07 00:00:00,108,111.75,59,68800,7693975,2010-06-07 00:00:00,1
2010-06-08 00:00:00,2010-06-08 00:00:00,112,2010-06-08 00:00:00,110,110,28,63800,7128500,2010-06-08 00:00:00,1
2010-06-09 00:00:00,2010-06-09 00:00:00,110,2010-06-09 00:00:00,110,110,4,3200,352000,2010-06-09 00:00:00,1
2010-06-10 00:00:00,2010-06-10 00:00:00,109.75,2010-06-10 00:00:00,108,108.5,12,30000,3268750,2010-06-10 00:00:00,1
2010-06-11 00:00:00,2010-06-11 00:00:00,110,2010-06-11 00:00:00,108.5,108.5,10,8700,954850,2010-06-11 00:00:00,1
2010-06-14 00:00:00,2010-06-14 00:00:00,112.25,2010-06-14 00:00:00,108,110.25,60,93600,10333500,2010-06-14 00:00:00,1
2010-06-15 00:00:00,2010-06-15 00:00:00,115,2010-06-15 00:00:00,110,114.25,50,224600,25173600,2010-06-15 00:00:00,1
2010-06-16 00:00:00,2010-06-16 00:00:00,120.25,2010-06-16 00:00:00,114.5,117,62,66500,7905300,2010-06-16 00:00:00,1
2010-06-17 00:00:00,2010-06-17 00:00:00,119.5,2010-06-17 00:00:00,115,117.75,25,132200,15479425,2010-06-17 00:00:00,1
2010-06-21 00:00:00,2010-06-21 00:00:00,129,2010-06-21 00:00:00,118.5,125.25,133,164700,20259350,2010-06-21 00:00:00,1
2010-06-22 00:00:00,2010-06-22 00:00:00,125,2010-06-22 00:00:00,123.25,124,38,33800,4193700,2010-06-22 00:00:00,1
2010-06-23 00:00:00,2010-06-23 00:00:00,123.25,2010-06-23 00:00:00,121,122.5,19,17200,2113100,2010-06-23 00:00:00,1
2010-06-24 00:00:00,2010-06-24 00:00:00,124,2010-06-24 00:00:00,122,123.75,15,13200,1621100,2010-06-24 00:00:00,1
2010-06-28 00:00:00,2010-06-28 00:00:00,123,2010-06-28 00:00:00,120,120,10,4400,532750,2010-06-28 00:00:00,1
2010-06-29 00:00:00,2010-06-29 00:00:00,124,2010-06-29 00:00:00,120,123.25,19,15600,1906000,2010-06-29 00:00:00,1
2010-07-01 00:00:00,2010-07-01 00:00:00,123,2010-07-01 00:00:00,121,122,19,48200,5877800,2010-07-01 00:00:00,1
2010-07-02 00:00:00,2010-07-02 00:00:00,122,2010-07-02 00:00:00,120,120,17,11200,1351150,2010-07-02 00:00:00,1
2010-07-05 00:00:00,2010-07-05 00:00:00,121,2010-07-05 00:00:00,120,120,6,3200,385700,2010-07-05 00:00:00,1
2010-07-06 00:00:00,2010-07-06 00:00:00,121.25,2010-07-06 00:00:00,120,120.25,19,50900,6154825,2010-07-06 00:00:00,1
2010-07-07 00:00:00,2010-07-07 00:00:00,120,2010-07-07 00:00:00,120,120,66,255100,30612000,2010-07-07 00:00:00,1
2010-07-08 00:00:00,2010-07-08 00:00:00,120,2010-07-08 00:00:00,117,120,46,63700,7578500,2010-07-08 00:00:00,1
2010-07-09 00:00:00,2010-07-09 00:00:00,123,2010-07-09 00:00:00,120,120,10,3600,437300,2010-07-09 00:00:00,1
2010-07-12 00:00:00,2010-07-12 00:00:00,120,2010-07-12 00:00:00,120,120,21,38900,4668000,2010-07-12 00:00:00,1
2010-07-13 00:00:00,2010-07-13 00:00:00,123.5,2010-07-13 00:00:00,120,121.5,15,7800,940000,2010-07-13 00:00:00,1
2010-07-14 00:00:00,2010-07-14 00:00:00,126,2010-07-14 00:00:00,120,125,32,114500,14312250,2010-07-14 00:00:00,1
2010-07-15 00:00:00,2010-07-15 00:00:00,134.75,2010-07-15 00:00:00,125.25,130.25,73,95400,12426300,2010-07-15 00:00:00,1
2010-07-16 00:00:00,2010-07-16 00:00:00,135,2010-07-16 00:00:00,131,134.25,71,103900,13928200,2010-07-16 00:00:00,1
2010-07-19 00:00:00,2010-07-19 00:00:00,150,2010-07-19 00:00:00,135.25,149.25,104,125100,18138925,2010-07-19 00:00:00,1
2010-07-20 00:00:00,2010-07-20 00:00:00,155,2010-07-20 00:00:00,150,152.5,78,105300,16162600,2010-07-20 00:00:00,1
2010-07-21 00:00:00,2010-07-21 00:00:00,152,2010-07-21 00:00:00,147,149.75,30,24200,3616300,2010-07-21 00:00:00,1
2010-07-22 00:00:00,2010-07-22 00:00:00,150.25,2010-07-22 00:00:00,149,149.75,26,25600,3832725,2010-07-22 00:00:00,1
2010-07-23 00:00:00,2010-07-23 00:00:00,153,2010-07-23 00:00:00,150,150,22,38000,5709000,2010-07-23 00:00:00,1
2010-07-26 00:00:00,2010-07-26 00:00:00,150,2010-07-26 00:00:00,147,147.25,19,29500,4379950,2010-07-26 00:00:00,1
2010-07-27 00:00:00,2010-07-27 00:00:00,146.5,2010-07-27 00:00:00,146,146.5,15,22300,3256400,2010-07-27 00:00:00,1
2010-07-28 00:00:00,2010-07-28 00:00:00,152,2010-07-28 00:00:00,148,150.75,34,170100,25548750,2010-07-28 00:00:00,1
2010-07-29 00:00:00,2010-07-29 00:00:00,159,2010-07-29 00:00:00,152,152,38,40300,6218200,2010-07-29 00:00:00,1
2010-07-30 00:00:00,2010-07-30 00:00:00,150,2010-07-30 00:00:00,150,150,10,24700,3705000,2010-07-30 00:00:00,1
2010-08-02 00:00:00,2010-08-02 00:00:00,148.1,2010-08-02 00:00:00,146,148.1,11,5500,813310,2010-08-02 00:00:00,1
2010-08-03 00:00:00,2010-08-03 00:00:00,152,2010-08-03 00:00:00,148,148.9,10,20100,2993200,2010-08-03 00:00:00,1
2010-08-04 00:00:00,2010-08-04 00:00:00,154.5,2010-08-04 00:00:00,145,149.9,18,29800,4461800,2010-08-04 00:00:00,1
2010-08-05 00:00:00,2010-08-05 00:00:00,148,2010-08-05 00:00:00,142,148,32,82400,12194600,2010-08-05 00:00:00,1
2010-08-06 00:00:00,2010-08-06 00:00:00,155,2010-08-06 00:00:00,145,145.5,13,21400,3109350,2010-08-06 00:00:00,1
2010-08-09 00:00:00,2010-08-09 00:00:00,140,2010-08-09 00:00:00,135,139.6,39,33400,4658950,2010-08-09 00:00:00,1
2010-08-10 00:00:00,2010-08-10 00:00:00,152,2010-08-10 00:00:00,132,151,38,1100700,164569440,2010-08-10 00:00:00,1
2010-08-11 00:00:00,2010-08-11 00:00:00,154.9,2010-08-11 00:00:00,150,150,56,777600,116652860,2010-08-11 00:00:00,1
2010-08-12 00:00:00,2010-08-12 00:00:00,151.3,2010-08-12 00:00:00,148,150.6,14,47900,7201500,2010-08-12 00:00:00,1
2010-08-13 00:00:00,2010-08-13 00:00:00,157,2010-08-13 00:00:00,151,152.1,41,159300,24291350,2010-08-13 00:00:00,1
2010-08-16 00:00:00,2010-08-16 00:00:00,158,2010-08-16 00:00:00,152,154.7,34,92600,14305600,2010-08-16 00:00:00,1
2010-08-17 00:00:00,2010-08-17 00:00:00,157,2010-08-17 00:00:00,152,154,40,46900,7258250,2010-08-17 00:00:00,1
2010-08-18 00:00:00,2010-08-18 00:00:00,158.5,2010-08-18 00:00:00,154,157.5,24,3279872,505147498,2010-08-18 00:00:00,1
2010-08-19 00:00:00,2010-08-19 00:00:00,164.9,2010-08-19 00:00:00,156,160,146,1572600,245056370,2010-08-19 00:00:00,1
2010-08-20 00:00:00,2010-08-20 00:00:00,162,2010-08-20 00:00:00,158,159.5,44,31200,4966440,2010-08-20 00:00:00,1
2010-08-23 00:00:00,2010-08-23 00:00:00,166,2010-08-23 00:00:00,159,163.3,57,40500,6646940,2010-08-23 00:00:00,1
2010-08-25 00:00:00,2010-08-25 00:00:00,170,2010-08-25 00:00:00,160,160.8,34,37200,6100550,2010-08-25 00:00:00,1
2010-08-26 00:00:00,2010-08-26 00:00:00,162,2010-08-26 00:00:00,157.1,158.8,32,36200,5806070,2010-08-26 00:00:00,1
2010-08-27 00:00:00,2010-08-27 00:00:00,165,2010-08-27 00:00:00,160,160,7,2900,471950,2010-08-27 00:00:00,1
2010-08-30 00:00:00,2010-08-30 00:00:00,162,2010-08-30 00:00:00,160.1,161.6,14,15400,2475320,2010-08-30 00:00:00,1
2010-08-31 00:00:00,2010-08-31 00:00:00,163.5,2010-08-31 00:00:00,159.1,160.9,22,23300,3753250,2010-08-31 00:00:00,1
2010-09-01 00:00:00,2010-09-01 00:00:00,164.5,2010-09-01 00:00:00,160,162.2,14,18800,3044550,2010-09-01 00:00:00,1
2010-09-02 00:00:00,2010-09-02 00:00:00,168,2010-09-02 00:00:00,162,163.1,43,91500,14932350,2010-09-02 00:00:00,1
2010-09-03 00:00:00,2010-09-03 00:00:00,163.5,2010-09-03 00:00:00,162,163,23,30800,5020200,2010-09-03 00:00:00,1
2010-09-06 00:00:00,2010-09-06 00:00:00,169,2010-09-06 00:00:00,163.5,167.5,49,691800,113681600,2010-09-06 00:00:00,1
2010-09-07 00:00:00,2010-09-07 00:00:00,170,2010-09-07 00:00:00,167.6,168.3,14,6800,1146290,2010-09-07 00:00:00,1
2010-09-08 00:00:00,2010-09-08 00:00:00,179,2010-09-08 00:00:00,170,174.7,183,391000,67412120,2010-09-08 00:00:00,1
2010-09-09 00:00:00,2010-09-09 00:00:00,190,2010-09-09 00:00:00,178.4,185.8,241,340600,63000640,2010-09-09 00:00:00,1
2010-09-13 00:00:00,2010-09-13 00:00:00,189,2010-09-13 00:00:00,175,180,99,242900,44110000,2010-09-13 00:00:00,1
2010-09-14 00:00:00,2010-09-14 00:00:00,185,2010-09-14 00:00:00,179,183.4,73,84500,15399010,2010-09-14 00:00:00,1
2010-09-15 00:00:00,2010-09-15 00:00:00,187,2010-09-15 00:00:00,178,182,68,85200,15666130,2010-09-15 00:00:00,1
2010-09-16 00:00:00,2010-09-16 00:00:00,189.9,2010-09-16 00:00:00,184,185.6,47,98700,18280130,2010-09-16 00:00:00,1
2010-09-17 00:00:00,2010-09-17 00:00:00,188.9,2010-09-17 00:00:00,185,185.9,53,47100,8821740,2010-09-17 00:00:00,1
2010-09-20 00:00:00,2010-09-20 00:00:00,188,2010-09-20 00:00:00,178.6,183.5,32,16700,3047040,2010-09-20 00:00:00,1
2010-09-21 00:00:00,2010-09-21 00:00:00,182,2010-09-21 00:00:00,179,180.3,33,30200,5439860,2010-09-21 00:00:00,1
2010-09-23 00:00:00,2010-09-23 00:00:00,185,2010-09-23 00:00:00,181.1,182,37,19900,3657370,2010-09-23 00:00:00,1
2010-09-24 00:00:00,2010-09-24 00:00:00,184,2010-09-24 00:00:00,175,180,42,105900,19037350,2010-09-24 00:00:00,1
2010-09-27 00:00:00,2010-09-27 00:00:00,187.9,2010-09-27 00:00:00,180,186.7,91,79100,14619510,2010-09-27 00:00:00,1
2010-09-28 00:00:00,2010-09-28 00:00:00,187.9,2010-09-28 00:00:00,181,182.5,74,123500,22833410,2010-09-28 00:00:00,1
2010-09-29 00:00:00,2010-09-29 00:00:00,187,2010-09-29 00:00:00,182.6,184.2,55,42300,7821960,2010-09-29 00:00:00,1
2010-09-30 00:00:00,2010-09-30 00:00:00,187,2010-09-30 00:00:00,181,185.1,49,1145400,211894000,2010-09-30 00:00:00,1
2010-10-01 00:00:00,2010-10-01 00:00:00,191,2010-10-01 00:00:00,187.9,188.7,100,96100,18217930,2010-10-01 00:00:00,1
2010-10-04 00:00:00,2010-10-04 00:00:00,199,2010-10-04 00:00:00,187,196.1,90,107600,20823820,2010-10-04 00:00:00,1
2010-10-05 00:00:00,2010-10-05 00:00:00,198,2010-10-05 00:00:00,185,194.7,97,120300,23281840,2010-10-05 00:00:00,1
2010-10-06 00:00:00,2010-10-06 00:00:00,199,2010-10-06 00:00:00,194.5,195.8,143,183000,35894050,2010-10-06 00:00:00,1
2010-10-07 00:00:00,2010-10-07 00:00:00,199,2010-10-07 00:00:00,186.1,195.1,95,179100,34774610,2010-10-07 00:00:00,1
2010-10-08 00:00:00,2010-10-08 00:00:00,197,2010-10-08 00:00:00,190.1,195.3,96,86900,16847100,2010-10-08 00:00:00,1
2010-10-11 00:00:00,2010-10-11 00:00:00,198,2010-10-11 00:00:00,196,197,67,117400,23127050,2010-10-11 00:00:00,1
2010-10-12 00:00:00,2010-10-12 00:00:00,196,2010-10-12 00:00:00,190,190.5,74,76500,14619190,2010-10-12 00:00:00,1
2010-10-13 00:00:00,2010-10-13 00:00:00,192,2010-10-13 00:00:00,180,187.3,137,209500,38788640,2010-10-13 00:00:00,1
2010-10-14 00:00:00,2010-10-14 00:00:00,190,2010-10-14 00:00:00,185,186,18,17600,3294820,2010-10-14 00:00:00,1
2010-10-15 00:00:00,2010-10-15 00:00:00,192,2010-10-15 00:00:00,187,189.4,56,87400,16526300,2010-10-15 00:00:00,1
2010-10-18 00:00:00,2010-10-18 00:00:00,193.5,2010-10-18 00:00:00,188.1,192.5,57,62400,11920170,2010-10-18 00:00:00,1
2010-10-19 00:00:00,2010-10-19 00:00:00,191,2010-10-19 00:00:00,190,190.4,54,230700,43851800,2010-10-19 00:00:00,1
2010-10-20 00:00:00,2010-10-20 00:00:00,191,2010-10-20 00:00:00,188,190,19,156000,29638300,2010-10-20 00:00:00,1
2010-10-21 00:00:00,2010-10-21 00:00:00,190,2010-10-21 00:00:00,188,188.3,22,9600,1806000,2010-10-21 00:00:00,1
2010-10-25 00:00:00,2010-10-25 00:00:00,190,2010-10-25 00:00:00,187.5,188,23,136900,25990350,2010-10-25 00:00:00,1
2010-10-26 00:00:00,2010-10-26 00:00:00,185,2010-10-26 00:00:00,180,183,6,1400,253540,2010-10-26 00:00:00,1
2010-10-27 00:00:00,2010-10-27 00:00:00,185,2010-10-27 00:00:00,180.6,183.6,8,1800,328290,2010-10-27 00:00:00,1
2010-10-28 00:00:00,2010-10-28 00:00:00,192,2010-10-28 00:00:00,185,191.3,20,9400,1785810,2010-10-28 00:00:00,1
2010-10-29 00:00:00,2010-10-29 00:00:00,195,2010-10-29 00:00:00,190,193.5,45,45600,8790560,2010-10-29 00:00:00,1
2010-11-01 00:00:00,2010-11-01 00:00:00,196,2010-11-01 00:00:00,190,195,37,49600,9662590,2010-11-01 00:00:00,1
2010-11-02 00:00:00,2010-11-02 00:00:00,195,2010-11-02 00:00:00,191.6,195,39,35100,6837390,2010-11-02 00:00:00,1
2010-11-03 00:00:00,2010-11-03 00:00:00,192,2010-11-03 00:00:00,190.1,190.3,14,6700,1278820,2010-11-03 00:00:00,1
2010-11-04 00:00:00,2010-11-04 00:00:00,192.5,2010-11-04 00:00:00,190,190.8,33,16600,3167760,2010-11-04 00:00:00,1
2010-11-08 00:00:00,2010-11-08 00:00:00,190,2010-11-08 00:00:00,190,190,2,1100,209000,2010-11-08 00:00:00,1
2010-11-09 00:00:00,2010-11-09 00:00:00,190,2010-11-09 00:00:00,188,189,6,2100,395600,2010-11-09 00:00:00,1
2010-11-10 00:00:00,2010-11-10 00:00:00,188.5,2010-11-10 00:00:00,188,188.1,15,19500,3667420,2010-11-10 00:00:00,1
2010-11-11 00:00:00,2010-11-11 00:00:00,192,2010-11-11 00:00:00,189,191,28,16400,3117040,2010-11-11 00:00:00,1
2010-11-12 00:00:00,2010-11-12 00:00:00,192.1,2010-11-12 00:00:00,190,192,18,14200,2716330,2010-11-12 00:00:00,1
2010-11-15 00:00:00,2010-11-15 00:00:00,192,2010-11-15 00:00:00,190,190,22,37000,7045040,2010-11-15 00:00:00,1
2010-11-16 00:00:00,2010-11-16 00:00:00,190,2010-11-16 00:00:00,188.5,188.7,9,5000,945800,2010-11-16 00:00:00,1
2010-11-18 00:00:00,2010-11-18 00:00:00,191.5,2010-11-18 00:00:00,190,190.5,15,8600,1640000,2010-11-18 00:00:00,1
2010-11-22 00:00:00,2010-11-22 00:00:00,190,2010-11-22 00:00:00,188.5,190,11,23100,4381500,2010-11-22 00:00:00,1
2010-11-23 00:00:00,2010-11-23 00:00:00,187.1,2010-11-23 00:00:00,180.1,180.7,28,24500,4475870,2010-11-23 00:00:00,1
2010-11-24 00:00:00,2010-11-24 00:00:00,185,2010-11-24 00:00:00,180.2,184,6,7700,1407500,2010-11-24 00:00:00,1
2010-11-25 00:00:00,2010-11-25 00:00:00,180,2010-11-25 00:00:00,175,178.3,10,7600,1365400,2010-11-25 00:00:00,1
2010-11-26 00:00:00,2010-11-26 00:00:00,178.3,2010-11-26 00:00:00,172,178,12,12200,2109400,2010-11-26 00:00:00,1
2010-11-29 00:00:00,2010-11-29 00:00:00,172.5,2010-11-29 00:00:00,172.1,172.5,7,3100,534710,2010-11-29 00:00:00,1
2010-11-30 00:00:00,2010-11-30 00:00:00,185,2010-11-30 00:00:00,175,179.6,37,54500,9815800,2010-11-30 00:00:00,1
2010-12-01 00:00:00,2010-12-01 00:00:00,189.9,2010-12-01 00:00:00,182,185,35,155700,28796030,2010-12-01 00:00:00,1
2010-12-02 00:00:00,2010-12-02 00:00:00,180,2010-12-02 00:00:00,179,180,3,3800,683500,2010-12-02 00:00:00,1
2010-12-03 00:00:00,2010-12-03 00:00:00,185,2010-12-03 00:00:00,180,181,6,4100,739500,2010-12-03 00:00:00,1
2010-12-06 00:00:00,2010-12-06 00:00:00,185,2010-12-06 00:00:00,180,184,15,30800,5637160,2010-12-06 00:00:00,1
2010-12-07 00:00:00,2010-12-07 00:00:00,180,2010-12-07 00:00:00,179,180,5,1000,179400,2010-12-07 00:00:00,1
2010-12-08 00:00:00,2010-12-08 00:00:00,180,2010-12-08 00:00:00,180,180,7,4000,720000,2010-12-08 00:00:00,1
2010-12-09 00:00:00,2010-12-09 00:00:00,180,2010-12-09 00:00:00,180,180,7,21600,3888000,2010-12-09 00:00:00,1
2010-12-10 00:00:00,2010-12-10 00:00:00,180,2010-12-10 00:00:00,179.9,180,7,6600,1187990,2010-12-10 00:00:00,1
2010-12-13 00:00:00,2010-12-13 00:00:00,181,2010-12-13 00:00:00,180.1,180.3,9,3400,613060,2010-12-13 00:00:00,1
2010-12-14 00:00:00,2010-12-14 00:00:00,182,2010-12-14 00:00:00,180.5,180.5,4,29000,5242000,2010-12-14 00:00:00,1
2010-12-15 00:00:00,2010-12-15 00:00:00,180.5,2010-12-15 00:00:00,180.1,180.5,18,26800,4836720,2010-12-15 00:00:00,1
2010-12-16 00:00:00,2010-12-16 00:00:00,181.2,2010-12-16 00:00:00,181,181,2,3300,597560,2010-12-16 00:00:00,1
2010-12-17 00:00:00,2010-12-17 00:00:00,180.6,2010-12-17 00:00:00,180.6,180.6,5,20200,3648120,2010-12-17 00:00:00,1
2010-12-21 00:00:00,2010-12-21 00:00:00,180.1,2010-12-21 00:00:00,180.1,180.1,2,900,162090,2010-12-21 00:00:00,1
2010-12-22 00:00:00,2010-12-22 00:00:00,180.1,2010-12-22 00:00:00,180.1,180.1,1,100,18010,2010-12-22 00:00:00,1
2010-12-23 00:00:00,2010-12-23 00:00:00,185,2010-12-23 00:00:00,181,184.9,12,35800,6616250,2010-12-23 00:00:00,1
2010-12-24 00:00:00,2010-12-24 00:00:00,185,2010-12-24 00:00:00,185,185,9,69500,12857500,2010-12-24 00:00:00,1
2010-12-27 00:00:00,2010-12-27 00:00:00,185,2010-12-27 00:00:00,185,185,3,600,111000,2010-12-27 00:00:00,1
2010-12-28 00:00:00,2010-12-28 00:00:00,188.5,2010-12-28 00:00:00,185,188.5,7,2900,540350,2010-12-28 00:00:00,1
2010-12-29 00:00:00,2010-12-29 00:00:00,186,2010-12-29 00:00:00,185,185,4,400,74100,2010-12-29 00:00:00,1
2010-12-30 00:00:00,2010-12-30 00:00:00,185.2,2010-12-30 00:00:00,184,185,14,85200,15738640,2010-12-30 00:00:00,1
2010-12-31 00:00:00,2010-12-31 00:00:00,188,2010-12-31 00:00:00,184.5,185.1,17,33800,6255350,2010-12-31 00:00:00,1
Company Id :  LITE,,Security Type :  N,,Sub Type :  0000,,,,,,
Short Name :  LAXAPANA,,,,,,,,,,
Day,Date High,High,Date Low,Low,Closing,No. of Trades,No. of Shares,Turnover,Last Traded,Days Traded
2010-01-04 00:00:00,2010-01-04 00:00:00,4.9,2010-01-04 00:00:00,4.7,4.7,15,37400,178030,2010-01-04 00:00:00,1
2010-01-05 00:00:00,2010-01-05 00:00:00,4.8,2010-01-05 00:00:00,4.7,4.8,20,44100,210340,2010-01-05 00:00:00,1
2010-01-06 00:00:00,2010-01-06 00:00:00,5,2010-01-06 00:00:00,4.8,4.9,22,88100,430320,2010-01-06 00:00:00,1
2010-01-07 00:00:00,2010-01-07 00:00:00,4.9,2010-01-07 00:00:00,4.8,4.9,22,121800,590170,2010-01-07 00:00:00,1
2010-01-08 00:00:00,2010-01-08 00:00:00,5,2010-01-08 00:00:00,4.9,5,31,44400,221000,2010-01-08 00:00:00,1
2010-01-11 00:00:00,2010-01-11 00:00:00,5.25,2010-01-11 00:00:00,5,5,44,163400,830600,2010-01-11 00:00:00,1
2010-01-12 00:00:00,2010-01-12 00:00:00,5.25,2010-01-12 00:00:00,5,5,11,20300,101525,2010-01-12 00:00:00,1
2010-01-13 00:00:00,2010-01-13 00:00:00,4.9,2010-01-13 00:00:00,4.9,4.9,2,3600,17640,2010-01-13 00:00:00,1
2010-01-15 00:00:00,2010-01-15 00:00:00,5,2010-01-15 00:00:00,5,5,34,72400,362000,2010-01-15 00:00:00,1
2010-01-18 00:00:00,2010-01-18 00:00:00,5,2010-01-18 00:00:00,4.9,4.9,9,63500,311550,2010-01-18 00:00:00,1
2010-01-19 00:00:00,2010-01-19 00:00:00,5,2010-01-19 00:00:00,4.9,5,27,138900,690750,2010-01-19 00:00:00,1
2010-01-20 00:00:00,2010-01-20 00:00:00,5,2010-01-20 00:00:00,5,5,5,40000,200000,2010-01-20 00:00:00,1
2010-01-21 00:00:00,2010-01-21 00:00:00,5.25,2010-01-21 00:00:00,5,5,4,8200,41050,2010-01-21 00:00:00,1
2010-01-22 00:00:00,2010-01-22 00:00:00,5.25,2010-01-22 00:00:00,4.9,5,6,17700,88125,2010-01-22 00:00:00,1
2010-01-25 00:00:00,2010-01-25 00:00:00,5,2010-01-25 00:00:00,4.8,5,27,65900,325050,2010-01-25 00:00:00,1
2010-01-26 00:00:00,2010-01-26 00:00:00,5,2010-01-26 00:00:00,5,5,4,2500,12500,2010-01-26 00:00:00,1
2010-01-28 00:00:00,2010-01-28 00:00:00,5.25,2010-01-28 00:00:00,4.9,5,32,86500,432050,2010-01-28 00:00:00,1
2010-02-01 00:00:00,2010-02-01 00:00:00,5.5,2010-02-01 00:00:00,5,5.25,78,239500,1254250,2010-02-01 00:00:00,1
2010-02-02 00:00:00,2010-02-02 00:00:00,5.5,2010-02-02 00:00:00,5,5.25,27,124500,639625,2010-02-02 00:00:00,1
2010-02-03 00:00:00,2010-02-03 00:00:00,5.25,2010-02-03 00:00:00,5,5,11,35700,185875,2010-02-03 00:00:00,1
2010-02-05 00:00:00,2010-02-05 00:00:00,5,2010-02-05 00:00:00,5,5,4,10100,50500,2010-02-05 00:00:00,1
2010-02-08 00:00:00,2010-02-08 00:00:00,5.75,2010-02-08 00:00:00,5.25,5.5,182,847300,4606950,2010-02-08 00:00:00,1
2010-02-09 00:00:00,2010-02-09 00:00:00,5.5,2010-02-09 00:00:00,5.25,5.25,30,280200,1481725,2010-02-09 00:00:00,1
2010-02-10 00:00:00,2010-02-10 00:00:00,5.25,2010-02-10 00:00:00,5.25,5.25,16,116300,610575,2010-02-10 00:00:00,1
2010-02-11 00:00:00,2010-02-11 00:00:00,5.5,2010-02-11 00:00:00,5.25,5.25,20,113900,601225,2010-02-11 00:00:00,1
2010-02-12 00:00:00,2010-02-12 00:00:00,5.25,2010-02-12 00:00:00,5,5.25,20,42500,222375,2010-02-12 00:00:00,1
2010-02-15 00:00:00,2010-02-15 00:00:00,5.25,2010-02-15 00:00:00,5.25,5.25,13,30300,159075,2010-02-15 00:00:00,1
2010-02-16 00:00:00,2010-02-16 00:00:00,5.5,2010-02-16 00:00:00,5.25,5.25,10,31200,164050,2010-02-16 00:00:00,1
2010-02-17 00:00:00,2010-02-17 00:00:00,5.25,2010-02-17 00:00:00,5,5.25,12,21000,108750,2010-02-17 00:00:00,1
2010-02-18 00:00:00,2010-02-18 00:00:00,5.25,2010-02-18 00:00:00,5,5.25,39,149300,782825,2010-02-18 00:00:00,1
2010-02-19 00:00:00,2010-02-19 00:00:00,6,2010-02-19 00:00:00,5.25,5.75,323,2399200,14008825,2010-02-19 00:00:00,1
2010-02-22 00:00:00,2010-02-22 00:00:00,6,2010-02-22 00:00:00,5.5,5.75,102,339200,1935100,2010-02-22 00:00:00,1
2010-02-23 00:00:00,2010-02-23 00:00:00,5.5,2010-02-23 00:00:00,5.5,5.5,23,63600,349800,2010-02-23 00:00:00,1
2010-02-24 00:00:00,2010-02-24 00:00:00,5.75,2010-02-24 00:00:00,5.5,5.5,5,15500,85325,2010-02-24 00:00:00,1
2010-02-25 00:00:00,2010-02-25 00:00:00,5.5,2010-02-25 00:00:00,5.25,5.25,11,42400,230700,2010-02-25 00:00:00,1
2010-02-26 00:00:00,2010-02-26 00:00:00,5.5,2010-02-26 00:00:00,5.25,5.25,4,35700,187475,2010-02-26 00:00:00,1
2010-03-01 00:00:00,2010-03-01 00:00:00,5.5,2010-03-01 00:00:00,5.25,5.25,6,100500,527750,2010-03-01 00:00:00,1
2010-03-02 00:00:00,2010-03-02 00:00:00,5.5,2010-03-02 00:00:00,5.25,5.25,28,160500,855625,2010-03-02 00:00:00,1
2010-03-03 00:00:00,2010-03-03 00:00:00,5.25,2010-03-03 00:00:00,5.25,5.25,6,27500,144375,2010-03-03 00:00:00,1
2010-03-04 00:00:00,2010-03-04 00:00:00,5.25,2010-03-04 00:00:00,5.25,5.25,6,38600,202650,2010-03-04 00:00:00,1
2010-03-05 00:00:00,2010-03-05 00:00:00,5.25,2010-03-05 00:00:00,5.25,5.25,10,34000,178500,2010-03-05 00:00:00,1
2010-03-08 00:00:00,2010-03-08 00:00:00,5.25,2010-03-08 00:00:00,5.25,5.25,7,59600,312900,2010-03-08 00:00:00,1
2010-03-09 00:00:00,2010-03-09 00:00:00,5.5,2010-03-09 00:00:00,5.5,5.5,29,82300,452650,2010-03-09 00:00:00,1
2010-03-10 00:00:00,2010-03-10 00:00:00,5.75,2010-03-10 00:00:00,5.5,5.5,19,146400,805225,2010-03-10 00:00:00,1
2010-03-11 00:00:00,2010-03-11 00:00:00,5.5,2010-03-11 00:00:00,5.5,5.5,17,120300,661650,2010-03-11 00:00:00,1
2010-03-12 00:00:00,2010-03-12 00:00:00,5.5,2010-03-12 00:00:00,5.5,5.5,12,76000,418000,2010-03-12 00:00:00,1
2010-03-15 00:00:00,2010-03-15 00:00:00,5.5,2010-03-15 00:00:00,5.5,5.5,5,2700,14850,2010-03-15 00:00:00,1
2010-03-16 00:00:00,2010-03-16 00:00:00,5.5,2010-03-16 00:00:00,5.25,5.25,10,48200,263550,2010-03-16 00:00:00,1
2010-03-17 00:00:00,2010-03-17 00:00:00,5.75,2010-03-17 00:00:00,5.25,5.5,45,138900,763925,2010-03-17 00:00:00,1
2010-03-18 00:00:00,2010-03-18 00:00:00,5.5,2010-03-18 00:00:00,5.5,5.5,13,89800,493900,2010-03-18 00:00:00,1
2010-03-19 00:00:00,2010-03-19 00:00:00,5.25,2010-03-19 00:00:00,5.25,5.25,3,1300,6825,2010-03-19 00:00:00,1
2010-03-22 00:00:00,2010-03-22 00:00:00,5.5,2010-03-22 00:00:00,5.25,5.5,8,6500,35500,2010-03-22 00:00:00,1
2010-03-23 00:00:00,2010-03-23 00:00:00,5.25,2010-03-23 00:00:00,5.25,5.25,5,11700,61425,2010-03-23 00:00:00,1
2010-03-24 00:00:00,2010-03-24 00:00:00,5.25,2010-03-24 00:00:00,5.25,5.25,8,60000,315000,2010-03-24 00:00:00,1
2010-03-25 00:00:00,2010-03-25 00:00:00,5.25,2010-03-25 00:00:00,5.25,5.25,12,18900,99225,2010-03-25 00:00:00,1
2010-03-26 00:00:00,2010-03-26 00:00:00,5.25,2010-03-26 00:00:00,5.25,5.25,14,108200,568050,2010-03-26 00:00:00,1
2010-03-30 00:00:00,2010-03-30 00:00:00,5.25,2010-03-30 00:00:00,5.25,5.25,22,113400,595350,2010-03-30 00:00:00,1
2010-03-31 00:00:00,2010-03-31 00:00:00,5.25,2010-03-31 00:00:00,5.25,5.25,4,4800,25200,2010-03-31 00:00:00,1
2010-04-01 00:00:00,2010-04-01 00:00:00,5.25,2010-04-01 00:00:00,5.25,5.25,2,1500,7875,2010-04-01 00:00:00,1
2010-04-05 00:00:00,2010-04-05 00:00:00,5.25,2010-04-05 00:00:00,5.25,5.25,2,5100,26775,2010-04-05 00:00:00,1
2010-04-06 00:00:00,2010-04-06 00:00:00,6,2010-04-06 00:00:00,5.25,5.75,98,602700,3428950,2010-04-06 00:00:00,1
2010-04-07 00:00:00,2010-04-07 00:00:00,5.75,2010-04-07 00:00:00,5.5,5.75,60,171700,987250,2010-04-07 00:00:00,1
2010-04-08 00:00:00,2010-04-08 00:00:00,6,2010-04-08 00:00:00,5.5,5.75,28,253100,1455450,2010-04-08 00:00:00,1
2010-04-12 00:00:00,2010-04-12 00:00:00,6,2010-04-12 00:00:00,5.75,5.75,37,100800,586650,2010-04-12 00:00:00,1
2010-04-15 00:00:00,2010-04-15 00:00:00,7,2010-04-15 00:00:00,5.75,6.75,527,3186000,20628725,2010-04-15 00:00:00,1
2010-04-16 00:00:00,2010-04-16 00:00:00,7,2010-04-16 00:00:00,6.5,6.5,111,396100,2620075,2010-04-16 00:00:00,1
2010-04-19 00:00:00,2010-04-19 00:00:00,6.5,2010-04-19 00:00:00,6.25,6.25,38,233500,1476250,2010-04-19 00:00:00,1
2010-04-20 00:00:00,2010-04-20 00:00:00,6.5,2010-04-20 00:00:00,6.25,6.25,66,163500,1022125,2010-04-20 00:00:00,1
2010-04-21 00:00:00,2010-04-21 00:00:00,6.5,2010-04-21 00:00:00,6,6.25,36,92900,574600,2010-04-21 00:00:00,1
2010-04-22 00:00:00,2010-04-22 00:00:00,6.25,2010-04-22 00:00:00,5.75,5.75,77,525400,3091350,2010-04-22 00:00:00,1
2010-04-23 00:00:00,2010-04-23 00:00:00,6.25,2010-04-23 00:00:00,6,6,19,102400,614425,2010-04-23 00:00:00,1
2010-04-26 00:00:00,2010-04-26 00:00:00,6,2010-04-26 00:00:00,5.75,6,17,67600,404600,2010-04-26 00:00:00,1
2010-04-27 00:00:00,2010-04-27 00:00:00,6.75,2010-04-27 00:00:00,5.75,6.5,177,1177200,7558550,2010-04-27 00:00:00,1
2010-04-29 00:00:00,2010-04-29 00:00:00,6.75,2010-04-29 00:00:00,6.5,6.5,55,533300,3466900,2010-04-29 00:00:00,1
2010-04-30 00:00:00,2010-04-30 00:00:00,7.25,2010-04-30 00:00:00,6.75,7,237,1837600,12872700,2010-04-30 00:00:00,1
2010-05-03 00:00:00,2010-05-03 00:00:00,7.5,2010-05-03 00:00:00,6.75,7,190,988600,7155900,2010-05-03 00:00:00,1
2010-05-04 00:00:00,2010-05-04 00:00:00,6.75,2010-05-04 00:00:00,6.5,6.75,80,260800,1734875,2010-05-04 00:00:00,1
2010-05-05 00:00:00,2010-05-05 00:00:00,6.75,2010-05-05 00:00:00,6.5,6.75,18,80400,542550,2010-05-05 00:00:00,1
2010-05-06 00:00:00,2010-05-06 00:00:00,7,2010-05-06 00:00:00,6.75,6.75,33,191900,1298075,2010-05-06 00:00:00,1
2010-05-07 00:00:00,2010-05-07 00:00:00,7,2010-05-07 00:00:00,6.5,6.75,67,340800,2357800,2010-05-07 00:00:00,1
2010-05-10 00:00:00,2010-05-10 00:00:00,6.75,2010-05-10 00:00:00,6.5,6.5,11,33700,223300,2010-05-10 00:00:00,1
2010-05-11 00:00:00,2010-05-11 00:00:00,7.25,2010-05-11 00:00:00,6.5,6.75,137,698100,4839200,2010-05-11 00:00:00,1
2010-05-12 00:00:00,2010-05-12 00:00:00,7,2010-05-12 00:00:00,6.5,6.75,36,135300,912200,2010-05-12 00:00:00,1
2010-05-13 00:00:00,2010-05-13 00:00:00,6.75,2010-05-13 00:00:00,6.5,6.75,36,140200,935775,2010-05-13 00:00:00,1
2010-05-14 00:00:00,2010-05-14 00:00:00,6.75,2010-05-14 00:00:00,6.5,6.5,27,82000,538125,2010-05-14 00:00:00,1
2010-05-17 00:00:00,2010-05-17 00:00:00,6.5,2010-05-17 00:00:00,6.5,6.5,16,40600,263900,2010-05-17 00:00:00,1
2010-05-18 00:00:00,2010-05-18 00:00:00,6.75,2010-05-18 00:00:00,6.5,6.5,32,91600,595525,2010-05-18 00:00:00,1
2010-05-19 00:00:00,2010-05-19 00:00:00,6.5,2010-05-19 00:00:00,6.25,6.5,8,8000,51875,2010-05-19 00:00:00,1
2010-05-20 00:00:00,2010-05-20 00:00:00,6.5,2010-05-20 00:00:00,6.25,6.25,13,100000,643750,2010-05-20 00:00:00,1
2010-05-21 00:00:00,2010-05-21 00:00:00,6.5,2010-05-21 00:00:00,6.25,6.5,30,232300,1469075,2010-05-21 00:00:00,1
2010-05-24 00:00:00,2010-05-24 00:00:00,6.5,2010-05-24 00:00:00,6.25,6.25,32,98400,626250,2010-05-24 00:00:00,1
2010-05-25 00:00:00,2010-05-25 00:00:00,6.75,2010-05-25 00:00:00,6.5,6.5,48,197100,1281200,2010-05-25 00:00:00,1
2010-05-26 00:00:00,2010-05-26 00:00:00,6.75,2010-05-26 00:00:00,6.5,6.5,11,47900,311375,2010-05-26 00:00:00,1
2010-05-31 00:00:00,2010-05-31 00:00:00,6.25,2010-05-31 00:00:00,6.25,6.25,10,105300,658125,2010-05-31 00:00:00,1
2010-06-01 00:00:00,2010-06-01 00:00:00,6.25,2010-06-01 00:00:00,6,6,34,169000,1030125,2010-06-01 00:00:00,1
2010-06-02 00:00:00,2010-06-02 00:00:00,6.25,2010-06-02 00:00:00,6,6.25,15,53600,334975,2010-06-02 00:00:00,1
2010-06-03 00:00:00,2010-06-03 00:00:00,6.25,2010-06-03 00:00:00,6,6.25,12,18300,114000,2010-06-03 00:00:00,1
2010-06-04 00:00:00,2010-06-04 00:00:00,6.5,2010-06-04 00:00:00,6.25,6.25,9,37900,237000,2010-06-04 00:00:00,1
2010-06-07 00:00:00,2010-06-07 00:00:00,6.25,2010-06-07 00:00:00,6.25,6.25,3,11000,68750,2010-06-07 00:00:00,1
2010-06-08 00:00:00,2010-06-08 00:00:00,6.25,2010-06-08 00:00:00,6.25,6.25,7,10200,63750,2010-06-08 00:00:00,1
2010-06-09 00:00:00,2010-06-09 00:00:00,6.5,2010-06-09 00:00:00,6.25,6.25,4,15800,98950,2010-06-09 00:00:00,1
2010-06-10 00:00:00,2010-06-10 00:00:00,6.25,2010-06-10 00:00:00,6.25,6.25,10,62200,388750,2010-06-10 00:00:00,1
2010-06-11 00:00:00,2010-06-11 00:00:00,6.25,2010-06-11 00:00:00,6,6,27,118200,711825,2010-06-11 00:00:00,1
2010-06-14 00:00:00,2010-06-14 00:00:00,6,2010-06-14 00:00:00,6,6,3,3400,20400,2010-06-14 00:00:00,1
2010-06-15 00:00:00,2010-06-15 00:00:00,6.75,2010-06-15 00:00:00,6.25,6.75,98,461500,3054750,2010-06-15 00:00:00,1
2010-06-16 00:00:00,2010-06-16 00:00:00,6.75,2010-06-16 00:00:00,6.75,6.75,39,178300,1203525,2010-06-16 00:00:00,1
2010-06-17 00:00:00,2010-06-17 00:00:00,7.75,2010-06-17 00:00:00,6.5,7.25,370,2935700,21535375,2010-06-17 00:00:00,1
2010-06-21 00:00:00,2010-06-21 00:00:00,7.25,2010-06-21 00:00:00,7,7,44,139300,987675,2010-06-21 00:00:00,1
2010-06-22 00:00:00,2010-06-22 00:00:00,7.25,2010-06-22 00:00:00,7,7,30,100400,708875,2010-06-22 00:00:00,1
2010-06-23 00:00:00,2010-06-23 00:00:00,7.25,2010-06-23 00:00:00,6.75,7,32,106900,749550,2010-06-23 00:00:00,1
2010-06-24 00:00:00,2010-06-24 00:00:00,7,2010-06-24 00:00:00,6.75,7,25,117500,793400,2010-06-24 00:00:00,1
2010-06-28 00:00:00,2010-06-28 00:00:00,7,2010-06-28 00:00:00,6.75,6.75,17,75700,511475,2010-06-28 00:00:00,1
2010-06-29 00:00:00,2010-06-29 00:00:00,8,2010-06-29 00:00:00,6.75,7.75,298,1831100,13914000,2010-06-29 00:00:00,1
2010-06-30 00:00:00,2010-06-30 00:00:00,10,2010-06-30 00:00:00,8,9.75,1343,11336900,103882075,2010-06-30 00:00:00,1
2010-07-01 00:00:00,2010-07-01 00:00:00,11.5,2010-07-01 00:00:00,9.5,9.75,1182,8931700,96241325,2010-07-01 00:00:00,1
2010-07-02 00:00:00,2010-07-02 00:00:00,10.5,2010-07-02 00:00:00,8.5,9.25,102,346900,3303850,2010-07-02 00:00:00,1
2010-07-05 00:00:00,2010-07-05 00:00:00,9.5,2010-07-05 00:00:00,8.75,9,64,204800,1835025,2010-07-05 00:00:00,1
2010-07-06 00:00:00,2010-07-06 00:00:00,9,2010-07-06 00:00:00,8.5,8.75,40,65500,574575,2010-07-06 00:00:00,1
2010-07-07 00:00:00,2010-07-07 00:00:00,9,2010-07-07 00:00:00,8.5,8.75,87,1087000,9283275,2010-07-07 00:00:00,1
2010-07-08 00:00:00,2010-07-08 00:00:00,9.5,2010-07-08 00:00:00,8.75,9,33,155300,1421525,2010-07-08 00:00:00,1
2010-07-09 00:00:00,2010-07-09 00:00:00,9.5,2010-07-09 00:00:00,8.5,9.25,71,1093900,10031700,2010-07-09 00:00:00,1
2010-07-12 00:00:00,2010-07-12 00:00:00,9.5,2010-07-12 00:00:00,8.75,8.75,31,187300,1679200,2010-07-12 00:00:00,1
2010-07-13 00:00:00,2010-07-13 00:00:00,9,2010-07-13 00:00:00,8.75,8.75,19,32800,287325,2010-07-13 00:00:00,1
2010-07-14 00:00:00,2010-07-14 00:00:00,9.25,2010-07-14 00:00:00,8.75,8.75,49,163100,1445025,2010-07-14 00:00:00,1
2010-07-15 00:00:00,2010-07-15 00:00:00,9.5,2010-07-15 00:00:00,8.75,9,256,939000,8472650,2010-07-15 00:00:00,1
2010-07-16 00:00:00,2010-07-16 00:00:00,9,2010-07-16 00:00:00,8.75,8.75,39,85600,762150,2010-07-16 00:00:00,1
2010-07-19 00:00:00,2010-07-19 00:00:00,9,2010-07-19 00:00:00,8.75,8.75,25,236900,2073125,2010-07-19 00:00:00,1
2010-07-20 00:00:00,2010-07-20 00:00:00,9.25,2010-07-20 00:00:00,8.75,9.25,73,416800,3734400,2010-07-20 00:00:00,1
2010-07-21 00:00:00,2010-07-21 00:00:00,9.25,2010-07-21 00:00:00,9,9,13,62300,562200,2010-07-21 00:00:00,1
2010-07-22 00:00:00,2010-07-22 00:00:00,9.25,2010-07-22 00:00:00,8.75,8.75,15,23300,209350,2010-07-22 00:00:00,1
2010-07-23 00:00:00,2010-07-23 00:00:00,9,2010-07-23 00:00:00,8.75,8.75,20,119500,1047075,2010-07-23 00:00:00,1
2010-07-26 00:00:00,2010-07-26 00:00:00,9.25,2010-07-26 00:00:00,8.75,9,25,40100,359425,2010-07-26 00:00:00,1
2010-07-27 00:00:00,2010-07-27 00:00:00,9,2010-07-27 00:00:00,8.75,8.75,9,25200,221500,2010-07-27 00:00:00,1
2010-07-28 00:00:00,2010-07-28 00:00:00,9,2010-07-28 00:00:00,8.75,8.75,53,143500,1264025,2010-07-28 00:00:00,1
2010-07-29 00:00:00,2010-07-29 00:00:00,9,2010-07-29 00:00:00,8.5,8.75,37,174800,1499225,2010-07-29 00:00:00,1
2010-07-30 00:00:00,2010-07-30 00:00:00,9.5,2010-07-30 00:00:00,8.5,9.25,128,774900,7188475,2010-07-30 00:00:00,1
2010-08-02 00:00:00,2010-08-02 00:00:00,9.5,2010-08-02 00:00:00,8.8,9,24,110300,1004450,2010-08-02 00:00:00,1
2010-08-03 00:00:00,2010-08-03 00:00:00,9.2,2010-08-03 00:00:00,8.5,8.5,47,300900,2592250,2010-08-03 00:00:00,1
2010-08-04 00:00:00,2010-08-04 00:00:00,9,2010-08-04 00:00:00,8.5,9,10,42800,364300,2010-08-04 00:00:00,1
2010-08-05 00:00:00,2010-08-05 00:00:00,8.9,2010-08-05 00:00:00,8.1,8.6,25,61900,520360,2010-08-05 00:00:00,1
2010-08-06 00:00:00,2010-08-06 00:00:00,9,2010-08-06 00:00:00,8,8.1,50,268500,2185070,2010-08-06 00:00:00,1
2010-08-09 00:00:00,2010-08-09 00:00:00,8,2010-08-09 00:00:00,7.5,7.6,48,186400,1412240,2010-08-09 00:00:00,1
2010-08-10 00:00:00,2010-08-10 00:00:00,8.3,2010-08-10 00:00:00,7.1,8.3,77,552800,4544440,2010-08-10 00:00:00,1
2010-08-11 00:00:00,2010-08-11 00:00:00,8.6,2010-08-11 00:00:00,8.3,8.4,40,165400,1388720,2010-08-11 00:00:00,1
2010-08-12 00:00:00,2010-08-12 00:00:00,8.4,2010-08-12 00:00:00,8,8.2,10,23600,193350,2010-08-12 00:00:00,1
2010-08-13 00:00:00,2010-08-13 00:00:00,8.2,2010-08-13 00:00:00,8.2,8.2,5,23300,191060,2010-08-13 00:00:00,1
2010-08-16 00:00:00,2010-08-16 00:00:00,8.1,2010-08-16 00:00:00,8,8,11,13900,111300,2010-08-16 00:00:00,1
2010-08-17 00:00:00,2010-08-17 00:00:00,8.6,2010-08-17 00:00:00,8.3,8.5,24,79300,674230,2010-08-17 00:00:00,1
2010-08-18 00:00:00,2010-08-18 00:00:00,8.6,2010-08-18 00:00:00,8.4,8.5,17,21900,187520,2010-08-18 00:00:00,1
2010-08-19 00:00:00,2010-08-19 00:00:00,9.1,2010-08-19 00:00:00,8.6,8.8,86,589000,5127300,2010-08-19 00:00:00,1
2010-08-20 00:00:00,2010-08-20 00:00:00,8.9,2010-08-20 00:00:00,8.6,8.7,23,37500,328350,2010-08-20 00:00:00,1
2010-08-23 00:00:00,2010-08-23 00:00:00,8.8,2010-08-23 00:00:00,8.7,8.7,13,35900,313280,2010-08-23 00:00:00,1
2010-08-25 00:00:00,2010-08-25 00:00:00,8.8,2010-08-25 00:00:00,8.5,8.6,43,85500,735660,2010-08-25 00:00:00,1
2010-08-26 00:00:00,2010-08-26 00:00:00,9,2010-08-26 00:00:00,8.4,8.8,40,84200,741230,2010-08-26 00:00:00,1
2010-08-27 00:00:00,2010-08-27 00:00:00,8.7,2010-08-27 00:00:00,8.6,8.6,14,40400,350180,2010-08-27 00:00:00,1
2010-08-30 00:00:00,2010-08-30 00:00:00,8.9,2010-08-30 00:00:00,8.5,8.6,33,203500,1790510,2010-08-30 00:00:00,1
2010-08-31 00:00:00,2010-08-31 00:00:00,8.7,2010-08-31 00:00:00,8.6,8.7,12,17100,147570,2010-08-31 00:00:00,1
2010-09-01 00:00:00,2010-09-01 00:00:00,8.9,2010-09-01 00:00:00,8.6,8.8,36,94100,821910,2010-09-01 00:00:00,1
2010-09-02 00:00:00,2010-09-02 00:00:00,8.9,2010-09-02 00:00:00,8.7,8.8,19,63200,555730,2010-09-02 00:00:00,1
2010-09-03 00:00:00,2010-09-03 00:00:00,9.2,2010-09-03 00:00:00,8.6,9,92,464400,4197470,2010-09-03 00:00:00,1
2010-09-06 00:00:00,2010-09-06 00:00:00,9.4,2010-09-06 00:00:00,9,9.2,82,358100,3301210,2010-09-06 00:00:00,1
2010-09-07 00:00:00,2010-09-07 00:00:00,9.4,2010-09-07 00:00:00,8.8,9.2,53,109100,995260,2010-09-07 00:00:00,1
2010-09-08 00:00:00,2010-09-08 00:00:00,9.2,2010-09-08 00:00:00,8.9,9.1,42,250200,2275820,2010-09-08 00:00:00,1
2010-09-09 00:00:00,2010-09-09 00:00:00,9,2010-09-09 00:00:00,8.8,8.9,18,99100,882830,2010-09-09 00:00:00,1
2010-09-13 00:00:00,2010-09-13 00:00:00,9.3,2010-09-13 00:00:00,8.9,9,57,158200,1438910,2010-09-13 00:00:00,1
2010-09-14 00:00:00,2010-09-14 00:00:00,9.5,2010-09-14 00:00:00,8.5,9.2,84,434300,4010320,2010-09-14 00:00:00,1
2010-09-15 00:00:00,2010-09-15 00:00:00,10.1,2010-09-15 00:00:00,9.4,9.6,266,1118100,10745110,2010-09-15 00:00:00,1
2010-09-16 00:00:00,2010-09-16 00:00:00,10.5,2010-09-16 00:00:00,9.6,10.4,500,2910100,29853980,2010-09-16 00:00:00,1
2010-09-17 00:00:00,2010-09-17 00:00:00,11.4,2010-09-17 00:00:00,10.7,11.4,681,2799400,31511400,2010-09-17 00:00:00,1
2010-09-20 00:00:00,2010-09-20 00:00:00,12.6,2010-09-20 00:00:00,9.9,10,828,2568200,27411990,2010-09-20 00:00:00,1
2010-09-21 00:00:00,2010-09-21 00:00:00,10.2,2010-09-21 00:00:00,9.3,9.5,185,462100,4489930,2010-09-21 00:00:00,1
2010-09-23 00:00:00,2010-09-23 00:00:00,9.5,2010-09-23 00:00:00,9.3,9.4,67,143400,1345850,2010-09-23 00:00:00,1
2010-09-24 00:00:00,2010-09-24 00:00:00,9.4,2010-09-24 00:00:00,8.9,8.9,77,151200,1365590,2010-09-24 00:00:00,1
2010-09-27 00:00:00,2010-09-27 00:00:00,9.2,2010-09-27 00:00:00,8.9,9,45,161000,1453060,2010-09-27 00:00:00,1
2010-09-28 00:00:00,2010-09-28 00:00:00,9,2010-09-28 00:00:00,8.7,9,38,60500,540770,2010-09-28 00:00:00,1
2010-09-29 00:00:00,2010-09-29 00:00:00,9.4,2010-09-29 00:00:00,9,9.2,48,352200,3242300,2010-09-29 00:00:00,1
2010-09-30 00:00:00,2010-09-30 00:00:00,9.4,2010-09-30 00:00:00,9.2,9.2,53,94100,872210,2010-09-30 00:00:00,1
2010-10-01 00:00:00,2010-10-01 00:00:00,9.8,2010-10-01 00:00:00,9.1,9.2,97,279100,2607620,2010-10-01 00:00:00,1
2010-10-04 00:00:00,2010-10-04 00:00:00,9.5,2010-10-04 00:00:00,9,9.1,51,207000,1876020,2010-10-04 00:00:00,1
2010-10-05 00:00:00,2010-10-05 00:00:00,9.2,2010-10-05 00:00:00,9,9.2,20,93300,853430,2010-10-05 00:00:00,1
2010-10-06 00:00:00,2010-10-06 00:00:00,9.3,2010-10-06 00:00:00,8.9,9,25,155300,1395060,2010-10-06 00:00:00,1
2010-10-07 00:00:00,2010-10-07 00:00:00,8.9,2010-10-07 00:00:00,8.6,8.7,26,45800,399980,2010-10-07 00:00:00,1
2010-10-08 00:00:00,2010-10-08 00:00:00,8.9,2010-10-08 00:00:00,8.5,8.7,31,62700,548920,2010-10-08 00:00:00,1
2010-10-11 00:00:00,2010-10-11 00:00:00,8.8,2010-10-11 00:00:00,8.6,8.6,29,37100,320710,2010-10-11 00:00:00,1
2010-10-12 00:00:00,2010-10-12 00:00:00,8.7,2010-10-12 00:00:00,8.3,8.4,44,75300,640000,2010-10-12 00:00:00,1
2010-10-13 00:00:00,2010-10-13 00:00:00,8.8,2010-10-13 00:00:00,8,8.5,42,84600,692200,2010-10-13 00:00:00,1
2010-10-14 00:00:00,2010-10-14 00:00:00,8.5,2010-10-14 00:00:00,8,8.2,11,10600,86900,2010-10-14 00:00:00,1
2010-10-15 00:00:00,2010-10-15 00:00:00,8.4,2010-10-15 00:00:00,8.2,8.4,4,1800,14780,2010-10-15 00:00:00,1
2010-10-18 00:00:00,2010-10-18 00:00:00,8.5,2010-10-18 00:00:00,8.2,8.2,5,5500,45700,2010-10-18 00:00:00,1
2010-10-19 00:00:00,2010-10-19 00:00:00,8.2,2010-10-19 00:00:00,8.1,8.1,3,9200,74540,2010-10-19 00:00:00,1
2010-10-20 00:00:00,2010-10-20 00:00:00,8.1,2010-10-20 00:00:00,8,8,11,18000,144570,2010-10-20 00:00:00,1
2010-10-21 00:00:00,2010-10-21 00:00:00,8.2,2010-10-21 00:00:00,8,8,25,66000,530450,2010-10-21 00:00:00,1
2010-10-25 00:00:00,2010-10-25 00:00:00,8.2,2010-10-25 00:00:00,8,8,14,31300,251870,2010-10-25 00:00:00,1
2010-10-26 00:00:00,2010-10-26 00:00:00,8,2010-10-26 00:00:00,7.6,7.6,19,58500,460600,2010-10-26 00:00:00,1
2010-10-27 00:00:00,2010-10-27 00:00:00,8.1,2010-10-27 00:00:00,7.6,7.9,17,45100,354130,2010-10-27 00:00:00,1
2010-10-28 00:00:00,2010-10-28 00:00:00,8,2010-10-28 00:00:00,7.7,7.8,10,17300,135140,2010-10-28 00:00:00,1
2010-10-29 00:00:00,2010-10-29 00:00:00,8.1,2010-10-29 00:00:00,7.9,7.9,17,18600,148740,2010-10-29 00:00:00,1
2010-11-01 00:00:00,2010-11-01 00:00:00,8.3,2010-11-01 00:00:00,8.1,8.2,13,35800,293540,2010-11-01 00:00:00,1
2010-11-02 00:00:00,2010-11-02 00:00:00,8.3,2010-11-02 00:00:00,7.8,8,15,20200,160560,2010-11-02 00:00:00,1
2010-11-03 00:00:00,2010-11-03 00:00:00,8,2010-11-03 00:00:00,7.9,8,5,11700,93580,2010-11-03 00:00:00,1
2010-11-04 00:00:00,2010-11-04 00:00:00,8.2,2010-11-04 00:00:00,8,8.1,17,74200,600940,2010-11-04 00:00:00,1
2010-11-08 00:00:00,2010-11-08 00:00:00,8.1,2010-11-08 00:00:00,7.9,8,8,4100,32800,2010-11-08 00:00:00,1
2010-11-09 00:00:00,2010-11-09 00:00:00,8,2010-11-09 00:00:00,7.8,7.9,20,25700,203210,2010-11-09 00:00:00,1
2010-11-10 00:00:00,2010-11-10 00:00:00,8,2010-11-10 00:00:00,7.8,7.8,36,103900,812890,2010-11-10 00:00:00,1
2010-11-11 00:00:00,2010-11-11 00:00:00,8,2010-11-11 00:00:00,7.7,7.8,15,86000,673800,2010-11-11 00:00:00,1
2010-11-12 00:00:00,2010-11-12 00:00:00,7.8,2010-11-12 00:00:00,7.6,7.7,20,28900,222140,2010-11-12 00:00:00,1
2010-11-15 00:00:00,2010-11-15 00:00:00,7.9,2010-11-15 00:00:00,7.6,7.6,8,14200,109660,2010-11-15 00:00:00,1
2010-11-16 00:00:00,2010-11-16 00:00:00,7.7,2010-11-16 00:00:00,7.6,7.7,7,15100,115960,2010-11-16 00:00:00,1
2010-11-18 00:00:00,2010-11-18 00:00:00,7.7,2010-11-18 00:00:00,7.6,7.7,15,14300,110010,2010-11-18 00:00:00,1
2010-11-22 00:00:00,2010-11-22 00:00:00,7.9,2010-11-22 00:00:00,7.8,7.8,14,59800,466660,2010-11-22 00:00:00,1
2010-11-23 00:00:00,2010-11-23 00:00:00,7.9,2010-11-23 00:00:00,7.7,7.8,13,20100,156460,2010-11-23 00:00:00,1
2010-11-24 00:00:00,2010-11-24 00:00:00,8,2010-11-24 00:00:00,7.7,7.9,36,42700,336290,2010-11-24 00:00:00,1
2010-11-25 00:00:00,2010-11-25 00:00:00,8.1,2010-11-25 00:00:00,7.9,8,24,122200,976710,2010-11-25 00:00:00,1
2010-11-26 00:00:00,2010-11-26 00:00:00,7.9,2010-11-26 00:00:00,7.9,7.9,15,25900,204610,2010-11-26 00:00:00,1
2010-11-29 00:00:00,2010-11-29 00:00:00,7.9,2010-11-29 00:00:00,7.7,7.8,16,42900,334750,2010-11-29 00:00:00,1
2010-11-30 00:00:00,2010-11-30 00:00:00,8,2010-11-30 00:00:00,7.9,7.9,21,143300,1134840,2010-11-30 00:00:00,1
2010-12-01 00:00:00,2010-12-01 00:00:00,8.2,2010-12-01 00:00:00,7.9,8.1,31,310200,2483910,2010-12-01 00:00:00,1
2010-12-02 00:00:00,2010-12-02 00:00:00,8.3,2010-12-02 00:00:00,8,8.3,36,116300,951080,2010-12-02 00:00:00,1
2010-12-03 00:00:00,2010-12-03 00:00:00,8.5,2010-12-03 00:00:00,8,8.2,26,152100,1241240,2010-12-03 00:00:00,1
2010-12-06 00:00:00,2010-12-06 00:00:00,8.3,2010-12-06 00:00:00,8,8,14,60500,489400,2010-12-06 00:00:00,1
2010-12-07 00:00:00,2010-12-07 00:00:00,8,2010-12-07 00:00:00,7.9,7.9,11,8300,65930,2010-12-07 00:00:00,1
2010-12-08 00:00:00,2010-12-08 00:00:00,7.9,2010-12-08 00:00:00,7.9,7.9,10,19100,150890,2010-12-08 00:00:00,1
2010-12-09 00:00:00,2010-12-09 00:00:00,8.1,2010-12-09 00:00:00,7.9,8,23,47200,376890,2010-12-09 00:00:00,1
2010-12-10 00:00:00,2010-12-10 00:00:00,7.9,2010-12-10 00:00:00,7.8,7.9,4,3500,27350,2010-12-10 00:00:00,1
2010-12-13 00:00:00,2010-12-13 00:00:00,8.2,2010-12-13 00:00:00,8,8,13,44800,358580,2010-12-13 00:00:00,1
2010-12-14 00:00:00,2010-12-14 00:00:00,8,2010-12-14 00:00:00,7.7,8,7,20500,162950,2010-12-14 00:00:00,1
2010-12-16 00:00:00,2010-12-16 00:00:00,8,2010-12-16 00:00:00,7.7,7.7,5,3700,28650,2010-12-16 00:00:00,1
2010-12-17 00:00:00,2010-12-17 00:00:00,8.1,2010-12-17 00:00:00,7.7,8,38,58100,455660,2010-12-17 00:00:00,1
2010-12-21 00:00:00,2010-12-21 00:00:00,8.1,2010-12-21 00:00:00,7.9,8,15,105700,844880,2010-12-21 00:00:00,1
2010-12-22 00:00:00,2010-12-22 00:00:00,8.1,2010-12-22 00:00:00,7.9,8,25,67700,539570,2010-12-22 00:00:00,1
2010-12-23 00:00:00,2010-12-23 00:00:00,8.1,2010-12-23 00:00:00,7.8,8.1,24,91100,731490,2010-12-23 00:00:00,1
2010-12-24 00:00:00,2010-12-24 00:00:00,8.3,2010-12-24 00:00:00,8,8.2,38,77200,633880,2010-12-24 00:00:00,1
2010-12-27 00:00:00,2010-12-27 00:00:00,8.5,2010-12-27 00:00:00,8.1,8.2,41,76300,626350,2010-12-27 00:00:00,1
2010-12-28 00:00:00,2010-12-28 00:00:00,8.4,2010-12-28 00:00:00,8.1,8.2,29,171900,1412210,2010-12-28 00:00:00,1
2010-12-29 00:00:00,2010-12-29 00:00:00,8.4,2010-12-29 00:00:00,8.1,8.2,51,286500,2344800,2010-12-29 00:00:00,1
2010-12-30 00:00:00,2010-12-30 00:00:00,8.3,2010-12-30 00:00:00,7.8,8.2,82,268100,2147180,2010-12-30 00:00:00,1
2010-12-31 00:00:00,2010-12-31 00:00:00,8.3,2010-12-31 00:00:00,8.2,8.2,25,55400,456900,2010-12-31 00:00:00,1
Company Id :  LITE,,Security Type :  R,,Sub Type :  0000,,,,,,
Short Name :  LAXAPANA,,,,,,,,,,
Day,Date High,High,Date Low,Low,Closing,No. of Trades,No. of Shares,Turnover,Last Traded,Days Traded
2010-11-25 00:00:00,2010-11-25 00:00:00,0.4,2010-11-25 00:00:00,0.2,0.2,56,355700,101330,2010-11-25 00:00:00,1
2010-11-26 00:00:00,2010-11-26 00:00:00,0.4,2010-11-26 00:00:00,0.3,0.3,74,659000,199490,2010-11-26 00:00:00,1
2010-11-29 00:00:00,2010-11-29 00:00:00,0.3,2010-11-29 00:00:00,0.2,0.2,56,246300,51790,2010-11-29 00:00:00,1
2010-11-30 00:00:00,2010-11-30 00:00:00,0.2,2010-11-30 00:00:00,0.1,0.1,47,565300,86340,2010-11-30 00:00:00,1
2010-12-01 00:00:00,2010-12-01 00:00:00,0.3,2010-12-01 00:00:00,0.2,0.3,115,1138500,273500,2010-12-01 00:00:00,1
2010-12-02 00:00:00,2010-12-02 00:00:00,0.4,2010-12-02 00:00:00,0.2,0.3,100,931400,289750,2010-12-02 00:00:00,1
Company Id :  LLUB,,Security Type :  N,,Sub Type :  0000,,,,,,
Short Name :  CHEVRON,,,,,,,,,,
Day,Date High,High,Date Low,Low,Closing,No. of Trades,No. of Shares,Turnover,Last Traded,Days Traded
2010-01-04 00:00:00,2010-01-04 00:00:00,145,2010-01-04 00:00:00,141,144,126,297000,42410925,2010-01-04 00:00:00,1
2010-01-05 00:00:00,2010-01-05 00:00:00,147,2010-01-05 00:00:00,145,146.5,114,91800,13418225,2010-01-05 00:00:00,1
2010-01-06 00:00:00,2010-01-06 00:00:00,149,2010-01-06 00:00:00,147,148,78,57800,8568800,2010-01-06 00:00:00,1
2010-01-07 00:00:00,2010-01-07 00:00:00,147.5,2010-01-07 00:00:00,145.5,146.75,90,94100,13778325,2010-01-07 00:00:00,1
2010-01-08 00:00:00,2010-01-08 00:00:00,149,2010-01-08 00:00:00,147,148.5,74,66100,9781375,2010-01-08 00:00:00,1
2010-01-11 00:00:00,2010-01-11 00:00:00,149,2010-01-11 00:00:00,147.5,148,62,53400,7924250,2010-01-11 00:00:00,1
2010-01-12 00:00:00,2010-01-12 00:00:00,148.5,2010-01-12 00:00:00,145,146.25,53,51100,7523025,2010-01-12 00:00:00,1
2010-01-13 00:00:00,2010-01-13 00:00:00,149,2010-01-13 00:00:00,145.25,148,52,58500,8648275,2010-01-13 00:00:00,1
2010-01-15 00:00:00,2010-01-15 00:00:00,153.75,2010-01-15 00:00:00,147.5,151,92,65200,9801275,2010-01-15 00:00:00,1
2010-01-18 00:00:00,2010-01-18 00:00:00,151,2010-01-18 00:00:00,148.5,149.25,66,147400,22074850,2010-01-18 00:00:00,1
2010-01-19 00:00:00,2010-01-19 00:00:00,149.5,2010-01-19 00:00:00,148,148.75,52,31700,4712725,2010-01-19 00:00:00,1
2010-01-20 00:00:00,2010-01-20 00:00:00,150,2010-01-20 00:00:00,149,150,66,242100,36273500,2010-01-20 00:00:00,1
2010-01-21 00:00:00,2010-01-21 00:00:00,150,2010-01-21 00:00:00,149,149.25,46,47400,7087425,2010-01-21 00:00:00,1
2010-01-22 00:00:00,2010-01-22 00:00:00,150,2010-01-22 00:00:00,149.5,150,102,519200,77870150,2010-01-22 00:00:00,1
2010-01-25 00:00:00,2010-01-25 00:00:00,150,2010-01-25 00:00:00,149,149.5,72,51900,7778275,2010-01-25 00:00:00,1
2010-01-26 00:00:00,2010-01-26 00:00:00,152,2010-01-26 00:00:00,148,150,60,475800,71357450,2010-01-26 00:00:00,1
2010-01-28 00:00:00,2010-01-28 00:00:00,154,2010-01-28 00:00:00,149.75,153.5,85,195600,29517950,2010-01-28 00:00:00,1
2010-02-01 00:00:00,2010-02-01 00:00:00,157,2010-02-01 00:00:00,153.75,156,100,286300,44394225,2010-02-01 00:00:00,1
2010-02-02 00:00:00,2010-02-02 00:00:00,159.25,2010-02-02 00:00:00,156.5,157.75,65,51800,8143100,2010-02-02 00:00:00,1
2010-02-03 00:00:00,2010-02-03 00:00:00,159,2010-02-03 00:00:00,157.75,158,65,218000,34445675,2010-02-03 00:00:00,1
2010-02-05 00:00:00,2010-02-05 00:00:00,159,2010-02-05 00:00:00,158.25,158.75,49,58300,9245850,2010-02-05 00:00:00,1
2010-02-08 00:00:00,2010-02-08 00:00:00,162,2010-02-08 00:00:00,157.75,161.75,74,783400,125353000,2010-02-08 00:00:00,1
2010-02-09 00:00:00,2010-02-09 00:00:00,160,2010-02-09 00:00:00,157.75,159.5,90,123600,19681125,2010-02-09 00:00:00,1
2010-02-10 00:00:00,2010-02-10 00:00:00,160,2010-02-10 00:00:00,158,160,58,197800,31639250,2010-02-10 00:00:00,1
2010-02-11 00:00:00,2010-02-11 00:00:00,161.5,2010-02-11 00:00:00,157.5,157.75,103,81000,12862125,2010-02-11 00:00:00,1
2010-02-12 00:00:00,2010-02-12 00:00:00,158.5,2010-02-12 00:00:00,155,157,70,71100,11145475,2010-02-12 00:00:00,1
2010-02-15 00:00:00,2010-02-15 00:00:00,159.75,2010-02-15 00:00:00,157,158,76,310600,49100050,2010-02-15 00:00:00,1
2010-02-16 00:00:00,2010-02-16 00:00:00,158.5,2010-02-16 00:00:00,157.25,157.5,56,66800,10527350,2010-02-16 00:00:00,1
2010-02-17 00:00:00,2010-02-17 00:00:00,157.75,2010-02-17 00:00:00,156.25,157,52,87900,13801500,2010-02-17 00:00:00,1
2010-02-18 00:00:00,2010-02-18 00:00:00,159.75,2010-02-18 00:00:00,157,159.25,84,122400,19434800,2010-02-18 00:00:00,1
2010-02-19 00:00:00,2010-02-19 00:00:00,160,2010-02-19 00:00:00,158,159.75,28,55600,8877400,2010-02-19 00:00:00,1
2010-02-22 00:00:00,2010-02-22 00:00:00,159.75,2010-02-22 00:00:00,159,159.25,28,26600,4231700,2010-02-22 00:00:00,1
2010-02-23 00:00:00,2010-02-23 00:00:00,160,2010-02-23 00:00:00,159,159.25,46,84100,13407675,2010-02-23 00:00:00,1
2010-02-24 00:00:00,2010-02-24 00:00:00,162.5,2010-02-24 00:00:00,159.5,162,105,387600,62222225,2010-02-24 00:00:00,1
2010-02-25 00:00:00,2010-02-25 00:00:00,164.75,2010-02-25 00:00:00,162,162.75,78,160400,26171175,2010-02-25 00:00:00,1
2010-02-26 00:00:00,2010-02-26 00:00:00,164.5,2010-02-26 00:00:00,163,164.25,29,28900,4737500,2010-02-26 00:00:00,1
2010-03-01 00:00:00,2010-03-01 00:00:00,170,2010-03-01 00:00:00,164,167.75,104,237900,39849250,2010-03-01 00:00:00,1
2010-03-02 00:00:00,2010-03-02 00:00:00,175,2010-03-02 00:00:00,168,174,204,394400,67392450,2010-03-02 00:00:00,1
2010-03-03 00:00:00,2010-03-03 00:00:00,193.75,2010-03-03 00:00:00,175,183.75,497,474600,88066475,2010-03-03 00:00:00,1
2010-03-04 00:00:00,2010-03-04 00:00:00,185,2010-03-04 00:00:00,179,180,165,101100,18247800,2010-03-04 00:00:00,1
2010-03-05 00:00:00,2010-03-05 00:00:00,180,2010-03-05 00:00:00,176,176,112,112300,19863050,2010-03-05 00:00:00,1
2010-03-08 00:00:00,2010-03-08 00:00:00,179.5,2010-03-08 00:00:00,176,178.5,66,540100,94648750,2010-03-08 00:00:00,1
2010-03-09 00:00:00,2010-03-09 00:00:00,179.25,2010-03-09 00:00:00,176,176.5,77,38500,6833425,2010-03-09 00:00:00,1
2010-03-10 00:00:00,2010-03-10 00:00:00,176,2010-03-10 00:00:00,173,173.75,85,45700,7976075,2010-03-10 00:00:00,1
2010-03-11 00:00:00,2010-03-11 00:00:00,175,2010-03-11 00:00:00,172.25,174.25,78,74500,12903650,2010-03-11 00:00:00,1
2010-03-12 00:00:00,2010-03-12 00:00:00,177,2010-03-12 00:00:00,175,175.25,60,529000,92099175,2010-03-12 00:00:00,1
2010-03-15 00:00:00,2010-03-15 00:00:00,176,2010-03-15 00:00:00,173,174,47,28000,4866750,2010-03-15 00:00:00,1
2010-03-16 00:00:00,2010-03-16 00:00:00,173.75,2010-03-16 00:00:00,172,172.5,31,26500,4578400,2010-03-16 00:00:00,1
2010-03-17 00:00:00,2010-03-17 00:00:00,173.5,2010-03-17 00:00:00,172.5,172.75,50,75300,13023150,2010-03-17 00:00:00,1
2010-03-18 00:00:00,2010-03-18 00:00:00,172.75,2010-03-18 00:00:00,169.5,170.25,75,298400,50754275,2010-03-18 00:00:00,1
2010-03-19 00:00:00,2010-03-19 00:00:00,172.5,2010-03-19 00:00:00,170,170.75,47,60300,10254575,2010-03-19 00:00:00,1
2010-03-22 00:00:00,2010-03-22 00:00:00,170,2010-03-22 00:00:00,168,168.75,30,6400,1078600,2010-03-22 00:00:00,1
2010-03-23 00:00:00,2010-03-23 00:00:00,170,2010-03-23 00:00:00,166.5,167.5,29,54100,9062475,2010-03-23 00:00:00,1
2010-03-24 00:00:00,2010-03-24 00:00:00,167,2010-03-24 00:00:00,165,166.5,56,35700,5937775,2010-03-24 00:00:00,1
2010-03-25 00:00:00,2010-03-25 00:00:00,170,2010-03-25 00:00:00,166,168,35,18300,3056650,2010-03-25 00:00:00,1
2010-03-26 00:00:00,2010-03-26 00:00:00,172,2010-03-26 00:00:00,168,170,58,76800,13053900,2010-03-26 00:00:00,1
2010-03-30 00:00:00,2010-03-30 00:00:00,170,2010-03-30 00:00:00,169,169.75,42,80800,13689575,2010-03-30 00:00:00,1
2010-03-31 00:00:00,2010-03-31 00:00:00,170,2010-03-31 00:00:00,168,170,38,59500,10107375,2010-03-31 00:00:00,1
2010-04-01 00:00:00,2010-04-01 00:00:00,170,2010-04-01 00:00:00,168,169.5,34,61400,10402000,2010-04-01 00:00:00,1
2010-04-05 00:00:00,2010-04-05 00:00:00,175,2010-04-05 00:00:00,171,173.5,27,32000,5549875,2010-04-05 00:00:00,1
2010-04-06 00:00:00,2010-04-06 00:00:00,176,2010-04-06 00:00:00,173,173,96,182900,31772275,2010-04-06 00:00:00,1
2010-04-07 00:00:00,2010-04-07 00:00:00,174,2010-04-07 00:00:00,172.5,173,88,164400,28451525,2010-04-07 00:00:00,1
2010-04-08 00:00:00,2010-04-08 00:00:00,175,2010-04-08 00:00:00,173,173.25,28,20300,3517800,2010-04-08 00:00:00,1
2010-04-12 00:00:00,2010-04-12 00:00:00,175,2010-04-12 00:00:00,172.75,173.25,55,104300,18063550,2010-04-12 00:00:00,1
2010-04-15 00:00:00,2010-04-15 00:00:00,172.5,2010-04-15 00:00:00,170,172,25,16600,2840525,2010-04-15 00:00:00,1
2010-04-16 00:00:00,2010-04-16 00:00:00,172.25,2010-04-16 00:00:00,171,172,26,13100,2248625,2010-04-16 00:00:00,1
2010-04-19 00:00:00,2010-04-19 00:00:00,172,2010-04-19 00:00:00,171,171.25,47,44900,7707725,2010-04-19 00:00:00,1
2010-04-20 00:00:00,2010-04-20 00:00:00,172,2010-04-20 00:00:00,170.5,170.75,31,10400,1781750,2010-04-20 00:00:00,1
2010-04-21 00:00:00,2010-04-21 00:00:00,171.5,2010-04-21 00:00:00,169.5,171,67,79800,13573125,2010-04-21 00:00:00,1
2010-04-22 00:00:00,2010-04-22 00:00:00,174.5,2010-04-22 00:00:00,170.5,174,67,2227000,382836900,2010-04-22 00:00:00,1
2010-04-23 00:00:00,2010-04-23 00:00:00,180,2010-04-23 00:00:00,175,177.75,73,260900,46124700,2010-04-23 00:00:00,1
2010-04-26 00:00:00,2010-04-26 00:00:00,178.5,2010-04-26 00:00:00,177,177,44,38000,6756250,2010-04-26 00:00:00,1
2010-04-27 00:00:00,2010-04-27 00:00:00,178,2010-04-27 00:00:00,176.75,177,28,17400,3091700,2010-04-27 00:00:00,1
2010-04-29 00:00:00,2010-04-29 00:00:00,177,2010-04-29 00:00:00,176,177,35,22700,4015100,2010-04-29 00:00:00,1
2010-04-30 00:00:00,2010-04-30 00:00:00,176,2010-04-30 00:00:00,175,175,11,2200,385400,2010-04-30 00:00:00,1
2010-05-03 00:00:00,2010-05-03 00:00:00,175,2010-05-03 00:00:00,173,173.25,37,31300,5437250,2010-05-03 00:00:00,1
2010-05-04 00:00:00,2010-05-04 00:00:00,177,2010-05-04 00:00:00,172,175,23,121200,21092750,2010-05-04 00:00:00,1
2010-05-05 00:00:00,2010-05-05 00:00:00,175,2010-05-05 00:00:00,172.5,174,16,23300,4072050,2010-05-05 00:00:00,1
2010-05-06 00:00:00,2010-05-06 00:00:00,173,2010-05-06 00:00:00,172,172.25,27,13600,2347525,2010-05-06 00:00:00,1
2010-05-07 00:00:00,2010-05-07 00:00:00,172,2010-05-07 00:00:00,170.5,171,20,14700,2514400,2010-05-07 00:00:00,1
2010-05-10 00:00:00,2010-05-10 00:00:00,174.75,2010-05-10 00:00:00,170.5,170.5,38,123500,21237575,2010-05-10 00:00:00,1
2010-05-11 00:00:00,2010-05-11 00:00:00,170.5,2010-05-11 00:00:00,169,170,32,39500,6714975,2010-05-11 00:00:00,1
2010-05-12 00:00:00,2010-05-12 00:00:00,170.25,2010-05-12 00:00:00,169,170,43,55000,9344075,2010-05-12 00:00:00,1
2010-05-13 00:00:00,2010-05-13 00:00:00,170,2010-05-13 00:00:00,170,170,18,7200,1224000,2010-05-13 00:00:00,1
2010-05-14 00:00:00,2010-05-14 00:00:00,170,2010-05-14 00:00:00,169,170,15,168200,28593300,2010-05-14 00:00:00,1
2010-05-17 00:00:00,2010-05-17 00:00:00,170,2010-05-17 00:00:00,169,169.5,27,50800,8633875,2010-05-17 00:00:00,1
2010-05-18 00:00:00,2010-05-18 00:00:00,170,2010-05-18 00:00:00,168,169,43,124700,21177900,2010-05-18 00:00:00,1
2010-05-19 00:00:00,2010-05-19 00:00:00,170,2010-05-19 00:00:00,168,168.5,21,130800,22225875,2010-05-19 00:00:00,1
2010-05-20 00:00:00,2010-05-20 00:00:00,169.5,2010-05-20 00:00:00,167,167.5,51,30200,5086625,2010-05-20 00:00:00,1
2010-05-21 00:00:00,2010-05-21 00:00:00,168,2010-05-21 00:00:00,165,165.75,82,151600,25261950,2010-05-21 00:00:00,1
2010-05-24 00:00:00,2010-05-24 00:00:00,166,2010-05-24 00:00:00,164.5,164.75,20,13400,2211575,2010-05-24 00:00:00,1
2010-05-25 00:00:00,2010-05-25 00:00:00,165,2010-05-25 00:00:00,163.75,164,31,18500,3041250,2010-05-25 00:00:00,1
2010-05-26 00:00:00,2010-05-26 00:00:00,164,2010-05-26 00:00:00,163,163.25,53,65400,10720100,2010-05-26 00:00:00,1
2010-05-31 00:00:00,2010-05-31 00:00:00,165.5,2010-05-31 00:00:00,165,165.25,26,14900,2459000,2010-05-31 00:00:00,1
2010-06-01 00:00:00,2010-06-01 00:00:00,167,2010-06-01 00:00:00,165,166,16,8800,1459100,2010-06-01 00:00:00,1
2010-06-02 00:00:00,2010-06-02 00:00:00,168,2010-06-02 00:00:00,163,164.75,52,49800,8252200,2010-06-02 00:00:00,1
2010-06-03 00:00:00,2010-06-03 00:00:00,167,2010-06-03 00:00:00,158,159.5,164,378600,60631550,2010-06-03 00:00:00,1
2010-06-04 00:00:00,2010-06-04 00:00:00,160,2010-06-04 00:00:00,158,158.25,111,194700,30871925,2010-06-04 00:00:00,1
2010-06-07 00:00:00,2010-06-07 00:00:00,162,2010-06-07 00:00:00,157,160.5,66,113600,17980925,2010-06-07 00:00:00,1
2010-06-08 00:00:00,2010-06-08 00:00:00,162,2010-06-08 00:00:00,158,159.75,63,158300,25076800,2010-06-08 00:00:00,1
2010-06-09 00:00:00,2010-06-09 00:00:00,167.25,2010-06-09 00:00:00,161.5,164.75,43,252700,40867350,2010-06-09 00:00:00,1
2010-06-10 00:00:00,2010-06-10 00:00:00,165.75,2010-06-10 00:00:00,164,165,46,124500,20539475,2010-06-10 00:00:00,1
2010-06-11 00:00:00,2010-06-11 00:00:00,165,2010-06-11 00:00:00,162,164.5,47,32100,5288775,2010-06-11 00:00:00,1
2010-06-14 00:00:00,2010-06-14 00:00:00,167,2010-06-14 00:00:00,165,165.5,31,133500,21756850,2010-06-14 00:00:00,1
2010-06-15 00:00:00,2010-06-15 00:00:00,165,2010-06-15 00:00:00,164,164.25,14,15600,2570625,2010-06-15 00:00:00,1
2010-06-16 00:00:00,2010-06-16 00:00:00,165,2010-06-16 00:00:00,162.75,163.75,19,139100,22572625,2010-06-16 00:00:00,1
2010-06-17 00:00:00,2010-06-17 00:00:00,163.75,2010-06-17 00:00:00,162.5,163.25,21,11300,1843950,2010-06-17 00:00:00,1
2010-06-21 00:00:00,2010-06-21 00:00:00,166,2010-06-21 00:00:00,164,165,29,60600,9988775,2010-06-21 00:00:00,1
2010-06-22 00:00:00,2010-06-22 00:00:00,166,2010-06-22 00:00:00,164.75,165,43,366400,60458425,2010-06-22 00:00:00,1
2010-06-23 00:00:00,2010-06-23 00:00:00,165,2010-06-23 00:00:00,163,163,33,62600,10307500,2010-06-23 00:00:00,1
2010-06-24 00:00:00,2010-06-24 00:00:00,163.25,2010-06-24 00:00:00,163,163,14,16600,2705900,2010-06-24 00:00:00,1
2010-06-28 00:00:00,2010-06-28 00:00:00,163.25,2010-06-28 00:00:00,162,162.5,19,17600,2866950,2010-06-28 00:00:00,1
2010-06-29 00:00:00,2010-06-29 00:00:00,162.5,2010-06-29 00:00:00,162.5,162.5,6,509100,83978750,2010-06-29 00:00:00,1
2010-06-30 00:00:00,2010-06-30 00:00:00,163.25,2010-06-30 00:00:00,163,163.25,18,9800,1597900,2010-06-30 00:00:00,1
2010-07-01 00:00:00,2010-07-01 00:00:00,164,2010-07-01 00:00:00,162.75,163.75,12,3800,621075,2010-07-01 00:00:00,1
2010-07-02 00:00:00,2010-07-02 00:00:00,163.75,2010-07-02 00:00:00,162,162.25,18,18400,2984400,2010-07-02 00:00:00,1
2010-07-05 00:00:00,2010-07-05 00:00:00,162,2010-07-05 00:00:00,161,161,17,4500,728050,2010-07-05 00:00:00,1
2010-07-06 00:00:00,2010-07-06 00:00:00,161,2010-07-06 00:00:00,160,160.25,37,95600,15360875,2010-07-06 00:00:00,1
2010-07-07 00:00:00,2010-07-07 00:00:00,162,2010-07-07 00:00:00,160,161.75,50,2450800,404139325,2010-07-07 00:00:00,1
2010-07-08 00:00:00,2010-07-08 00:00:00,162,2010-07-08 00:00:00,161,161,18,5300,854225,2010-07-08 00:00:00,1
2010-07-09 00:00:00,2010-07-09 00:00:00,161.5,2010-07-09 00:00:00,160.25,160.25,28,217100,34748425,2010-07-09 00:00:00,1
2010-07-12 00:00:00,2010-07-12 00:00:00,160.25,2010-07-12 00:00:00,160,160.25,20,8800,1408875,2010-07-12 00:00:00,1
2010-07-13 00:00:00,2010-07-13 00:00:00,160.5,2010-07-13 00:00:00,160.25,160.5,12,3200,513250,2010-07-13 00:00:00,1
2010-07-14 00:00:00,2010-07-14 00:00:00,163.75,2010-07-14 00:00:00,160.5,163,16,10100,1638700,2010-07-14 00:00:00,1
2010-07-15 00:00:00,2010-07-15 00:00:00,163,2010-07-15 00:00:00,160.5,161,30,32500,5234150,2010-07-15 00:00:00,1
2010-07-16 00:00:00,2010-07-16 00:00:00,163.5,2010-07-16 00:00:00,160.5,163,28,45800,7371400,2010-07-16 00:00:00,1
2010-07-19 00:00:00,2010-07-19 00:00:00,163.5,2010-07-19 00:00:00,161.5,162.25,21,10900,1770775,2010-07-19 00:00:00,1
2010-07-20 00:00:00,2010-07-20 00:00:00,162.5,2010-07-20 00:00:00,160.5,161.75,33,59700,9659250,2010-07-20 00:00:00,1
2010-07-21 00:00:00,2010-07-21 00:00:00,164.75,2010-07-21 00:00:00,160.5,162.5,49,2098800,345903700,2010-07-21 00:00:00,1
2010-07-22 00:00:00,2010-07-22 00:00:00,164.75,2010-07-22 00:00:00,162,163,20,21700,3533900,2010-07-22 00:00:00,1
2010-07-23 00:00:00,2010-07-23 00:00:00,163,2010-07-23 00:00:00,161.5,162.5,41,68200,11079525,2010-07-23 00:00:00,1
2010-07-26 00:00:00,2010-07-26 00:00:00,164,2010-07-26 00:00:00,162.5,163.25,12,7100,1156000,2010-07-26 00:00:00,1
2010-07-27 00:00:00,2010-07-27 00:00:00,163,2010-07-27 00:00:00,162,163,19,14800,2402550,2010-07-27 00:00:00,1
2010-07-28 00:00:00,2010-07-28 00:00:00,166,2010-07-28 00:00:00,164,164.75,39,35200,5788350,2010-07-28 00:00:00,1
2010-07-29 00:00:00,2010-07-29 00:00:00,173,2010-07-29 00:00:00,166,167.75,61,525600,87068275,2010-07-29 00:00:00,1
2010-07-30 00:00:00,2010-07-30 00:00:00,169.75,2010-07-30 00:00:00,165,165.75,31,31500,5250350,2010-07-30 00:00:00,1
2010-08-02 00:00:00,2010-08-02 00:00:00,165,2010-08-02 00:00:00,161,164.4,46,62500,10202450,2010-08-02 00:00:00,1
2010-08-03 00:00:00,2010-08-03 00:00:00,165.8,2010-08-03 00:00:00,163.5,164,40,71600,11767980,2010-08-03 00:00:00,1
2010-08-04 00:00:00,2010-08-04 00:00:00,165.8,2010-08-04 00:00:00,163.1,164.3,27,20200,3317270,2010-08-04 00:00:00,1
2010-08-05 00:00:00,2010-08-05 00:00:00,165,2010-08-05 00:00:00,160,163,40,32300,5239610,2010-08-05 00:00:00,1
2010-08-06 00:00:00,2010-08-06 00:00:00,163.9,2010-08-06 00:00:00,162,162.4,37,22200,3614780,2010-08-06 00:00:00,1
2010-08-09 00:00:00,2010-08-09 00:00:00,160.5,2010-08-09 00:00:00,154,154.6,112,83200,12988780,2010-08-09 00:00:00,1
2010-08-10 00:00:00,2010-08-10 00:00:00,165,2010-08-10 00:00:00,150,164.1,93,98100,15193380,2010-08-10 00:00:00,1
2010-08-11 00:00:00,2010-08-11 00:00:00,165,2010-08-11 00:00:00,160,160.2,35,28500,4646830,2010-08-11 00:00:00,1
2010-08-12 00:00:00,2010-08-12 00:00:00,160,2010-08-12 00:00:00,159,159.9,33,25800,4123660,2010-08-12 00:00:00,1
2010-08-13 00:00:00,2010-08-13 00:00:00,160,2010-08-13 00:00:00,157.6,159,47,42500,6727190,2010-08-13 00:00:00,1
2010-08-16 00:00:00,2010-08-16 00:00:00,160,2010-08-16 00:00:00,158.6,160,27,26800,4283000,2010-08-16 00:00:00,1
2010-08-17 00:00:00,2010-08-17 00:00:00,167,2010-08-17 00:00:00,160,165.7,65,437000,70099270,2010-08-17 00:00:00,1
2010-08-18 00:00:00,2010-08-18 00:00:00,166,2010-08-18 00:00:00,164.2,164.7,32,42700,7047040,2010-08-18 00:00:00,1
2010-08-19 00:00:00,2010-08-19 00:00:00,165,2010-08-19 00:00:00,162,163.9,16,7300,1193840,2010-08-19 00:00:00,1
2010-08-20 00:00:00,2010-08-20 00:00:00,164,2010-08-20 00:00:00,162,163.5,26,15500,2530640,2010-08-20 00:00:00,1
2010-08-23 00:00:00,2010-08-23 00:00:00,162,2010-08-23 00:00:00,160,162,28,16700,2690680,2010-08-23 00:00:00,1
2010-08-25 00:00:00,2010-08-25 00:00:00,163.1,2010-08-25 00:00:00,162,163,36,31900,5196530,2010-08-25 00:00:00,1
2010-08-26 00:00:00,2010-08-26 00:00:00,163,2010-08-26 00:00:00,161,162,37,48900,7914720,2010-08-26 00:00:00,1
2010-08-27 00:00:00,2010-08-27 00:00:00,163,2010-08-27 00:00:00,161,161.8,19,13700,2222440,2010-08-27 00:00:00,1
2010-08-30 00:00:00,2010-08-30 00:00:00,160,2010-08-30 00:00:00,155,157.9,52,39800,6295340,2010-08-30 00:00:00,1
2010-08-31 00:00:00,2010-08-31 00:00:00,160,2010-08-31 00:00:00,155,157.1,55,70000,10980430,2010-08-31 00:00:00,1
2010-09-01 00:00:00,2010-09-01 00:00:00,159.5,2010-09-01 00:00:00,157,159.4,35,31800,5016510,2010-09-01 00:00:00,1
2010-09-02 00:00:00,2010-09-02 00:00:00,160,2010-09-02 00:00:00,158,158.4,31,30200,4802030,2010-09-02 00:00:00,1
2010-09-03 00:00:00,2010-09-03 00:00:00,165,2010-09-03 00:00:00,159,160,87,512500,84663230,2010-09-03 00:00:00,1
2010-09-06 00:00:00,2010-09-06 00:00:00,161,2010-09-06 00:00:00,158.5,158.9,31,18800,2993960,2010-09-06 00:00:00,1
2010-09-07 00:00:00,2010-09-07 00:00:00,160,2010-09-07 00:00:00,158,159,40,25500,4055050,2010-09-07 00:00:00,1
2010-09-08 00:00:00,2010-09-08 00:00:00,160,2010-09-08 00:00:00,158.9,159.5,104,240500,38332380,2010-09-08 00:00:00,1
2010-09-09 00:00:00,2010-09-09 00:00:00,169.9,2010-09-09 00:00:00,159.9,167.1,92,513500,85570130,2010-09-09 00:00:00,1
2010-09-13 00:00:00,2010-09-13 00:00:00,170,2010-09-13 00:00:00,167,168.9,104,225400,37959250,2010-09-13 00:00:00,1
2010-09-14 00:00:00,2010-09-14 00:00:00,174,2010-09-14 00:00:00,168,171.6,129,359600,61111580,2010-09-14 00:00:00,1
2010-09-15 00:00:00,2010-09-15 00:00:00,175,2010-09-15 00:00:00,170,172.1,83,79100,13554990,2010-09-15 00:00:00,1
2010-09-16 00:00:00,2010-09-16 00:00:00,172.1,2010-09-16 00:00:00,170,170.1,37,38100,6492700,2010-09-16 00:00:00,1
2010-09-17 00:00:00,2010-09-17 00:00:00,173,2010-09-17 00:00:00,169.9,170.1,84,143600,24475800,2010-09-17 00:00:00,1
2010-09-20 00:00:00,2010-09-20 00:00:00,180,2010-09-20 00:00:00,168,170.1,50,59800,10310320,2010-09-20 00:00:00,1
2010-09-21 00:00:00,2010-09-21 00:00:00,174,2010-09-21 00:00:00,165,171.4,50,153600,26600210,2010-09-21 00:00:00,1
2010-09-23 00:00:00,2010-09-23 00:00:00,174,2010-09-23 00:00:00,170,170.9,40,15800,2706030,2010-09-23 00:00:00,1
2010-09-24 00:00:00,2010-09-24 00:00:00,170.5,2010-09-24 00:00:00,169.5,170,54,43100,7327580,2010-09-24 00:00:00,1
2010-09-27 00:00:00,2010-09-27 00:00:00,170.5,2010-09-27 00:00:00,169.5,170.1,59,53000,9007180,2010-09-27 00:00:00,1
2010-09-28 00:00:00,2010-09-28 00:00:00,170.5,2010-09-28 00:00:00,168,169.7,76,272500,46299570,2010-09-28 00:00:00,1
2010-09-29 00:00:00,2010-09-29 00:00:00,170.5,2010-09-29 00:00:00,169,170.1,41,35100,5961970,2010-09-29 00:00:00,1
2010-09-30 00:00:00,2010-09-30 00:00:00,171,2010-09-30 00:00:00,170,170.2,58,66300,11288490,2010-09-30 00:00:00,1
2010-10-01 00:00:00,2010-10-01 00:00:00,172,2010-10-01 00:00:00,169.5,170.3,59,69000,11742240,2010-10-01 00:00:00,1
2010-10-04 00:00:00,2010-10-04 00:00:00,171.9,2010-10-04 00:00:00,169.2,170,48,75000,12750000,2010-10-04 00:00:00,1
2010-10-05 00:00:00,2010-10-05 00:00:00,170,2010-10-05 00:00:00,168.1,170,49,108300,18409910,2010-10-05 00:00:00,1
2010-10-06 00:00:00,2010-10-06 00:00:00,170,2010-10-06 00:00:00,169,169.8,46,74700,12687060,2010-10-06 00:00:00,1
2010-10-07 00:00:00,2010-10-07 00:00:00,168.1,2010-10-07 00:00:00,165,167.1,34,11200,1860520,2010-10-07 00:00:00,1
2010-10-08 00:00:00,2010-10-08 00:00:00,169,2010-10-08 00:00:00,165,166.2,35,17500,2908690,2010-10-08 00:00:00,1
2010-10-11 00:00:00,2010-10-11 00:00:00,167,2010-10-11 00:00:00,165.1,165.8,25,10500,1748140,2010-10-11 00:00:00,1
2010-10-12 00:00:00,2010-10-12 00:00:00,165.2,2010-10-12 00:00:00,162,162.3,35,23500,3846220,2010-10-12 00:00:00,1
2010-10-13 00:00:00,2010-10-13 00:00:00,162,2010-10-13 00:00:00,155,160,47,33200,5295130,2010-10-13 00:00:00,1
2010-10-14 00:00:00,2010-10-14 00:00:00,164,2010-10-14 00:00:00,159.3,159.5,19,8600,1387160,2010-10-14 00:00:00,1
2010-10-15 00:00:00,2010-10-15 00:00:00,161,2010-10-15 00:00:00,159,160.1,48,114200,18273000,2010-10-15 00:00:00,1
2010-10-18 00:00:00,2010-10-18 00:00:00,166,2010-10-18 00:00:00,160,160,66,81800,13100330,2010-10-18 00:00:00,1
2010-10-19 00:00:00,2010-10-19 00:00:00,160.2,2010-10-19 00:00:00,159.5,160,38,43200,6911640,2010-10-19 00:00:00,1
2010-10-20 00:00:00,2010-10-20 00:00:00,161,2010-10-20 00:00:00,160,161,7,12100,1936340,2010-10-20 00:00:00,1
2010-10-21 00:00:00,2010-10-21 00:00:00,164,2010-10-21 00:00:00,160,163.5,34,42300,6823080,2010-10-21 00:00:00,1
2010-10-25 00:00:00,2010-10-25 00:00:00,164,2010-10-25 00:00:00,162,162.2,31,19400,3148630,2010-10-25 00:00:00,1
2010-10-26 00:00:00,2010-10-26 00:00:00,163,2010-10-26 00:00:00,160,160,38,25100,4032770,2010-10-26 00:00:00,1
2010-10-27 00:00:00,2010-10-27 00:00:00,159.7,2010-10-27 00:00:00,158,158.6,10,1700,270080,2010-10-27 00:00:00,1
2010-10-28 00:00:00,2010-10-28 00:00:00,160,2010-10-28 00:00:00,159,159.2,11,5700,907100,2010-10-28 00:00:00,1
2010-10-29 00:00:00,2010-10-29 00:00:00,160,2010-10-29 00:00:00,158.2,159.7,20,7700,1228170,2010-10-29 00:00:00,1
2010-11-01 00:00:00,2010-11-01 00:00:00,160,2010-11-01 00:00:00,159,159.2,16,9400,1502870,2010-11-01 00:00:00,1
2010-11-02 00:00:00,2010-11-02 00:00:00,159,2010-11-02 00:00:00,158,158.1,15,8600,1359780,2010-11-02 00:00:00,1
2010-11-03 00:00:00,2010-11-03 00:00:00,158,2010-11-03 00:00:00,156.5,156.8,24,6800,1068190,2010-11-03 00:00:00,1
2010-11-04 00:00:00,2010-11-04 00:00:00,158,2010-11-04 00:00:00,156.5,157.5,27,10200,1606650,2010-11-04 00:00:00,1
2010-11-08 00:00:00,2010-11-08 00:00:00,157.5,2010-11-08 00:00:00,155,156,13,3100,483330,2010-11-08 00:00:00,1
2010-11-09 00:00:00,2010-11-09 00:00:00,158,2010-11-09 00:00:00,155.5,157.2,11,7700,1201700,2010-11-09 00:00:00,1
2010-11-10 00:00:00,2010-11-10 00:00:00,157.5,2010-11-10 00:00:00,156,156,20,4500,703950,2010-11-10 00:00:00,1
2010-11-11 00:00:00,2010-11-11 00:00:00,156.1,2010-11-11 00:00:00,155,156,11,4900,763140,2010-11-11 00:00:00,1
2010-11-12 00:00:00,2010-11-12 00:00:00,158,2010-11-12 00:00:00,156.5,158,22,10400,1632470,2010-11-12 00:00:00,1
2010-11-15 00:00:00,2010-11-15 00:00:00,156,2010-11-15 00:00:00,155.3,155.7,15,4000,623230,2010-11-15 00:00:00,1
2010-11-16 00:00:00,2010-11-16 00:00:00,156,2010-11-16 00:00:00,155,155,25,13500,2095300,2010-11-16 00:00:00,1
2010-11-18 00:00:00,2010-11-18 00:00:00,156.5,2010-11-18 00:00:00,155,156.2,31,22400,3494410,2010-11-18 00:00:00,1
2010-11-22 00:00:00,2010-11-22 00:00:00,157,2010-11-22 00:00:00,155,155.4,25,8500,1324050,2010-11-22 00:00:00,1
2010-11-23 00:00:00,2010-11-23 00:00:00,156,2010-11-23 00:00:00,154,154,27,22800,3552700,2010-11-23 00:00:00,1
2010-11-24 00:00:00,2010-11-24 00:00:00,154.9,2010-11-24 00:00:00,153,153.9,17,3900,600470,2010-11-24 00:00:00,1
2010-11-25 00:00:00,2010-11-25 00:00:00,153.5,2010-11-25 00:00:00,152.1,152.6,16,8200,1252930,2010-11-25 00:00:00,1
2010-11-26 00:00:00,2010-11-26 00:00:00,155,2010-11-26 00:00:00,152.5,152.5,12,14200,2168310,2010-11-26 00:00:00,1
2010-11-29 00:00:00,2010-11-29 00:00:00,152.1,2010-11-29 00:00:00,151,152,23,24400,3699820,2010-11-29 00:00:00,1
2010-11-30 00:00:00,2010-11-30 00:00:00,153.5,2010-11-30 00:00:00,152,153,26,12600,1926760,2010-11-30 00:00:00,1
2010-12-01 00:00:00,2010-12-01 00:00:00,163.9,2010-12-01 00:00:00,154.5,160.7,37,12000,1902520,2010-12-01 00:00:00,1
2010-12-02 00:00:00,2010-12-02 00:00:00,176,2010-12-02 00:00:00,161,166.7,161,283900,48578690,2010-12-02 00:00:00,1
2010-12-03 00:00:00,2010-12-03 00:00:00,167,2010-12-03 00:00:00,165,165.9,28,27000,4488140,2010-12-03 00:00:00,1
2010-12-06 00:00:00,2010-12-06 00:00:00,166,2010-12-06 00:00:00,160,160.4,30,108200,17633960,2010-12-06 00:00:00,1
2010-12-07 00:00:00,2010-12-07 00:00:00,160,2010-12-07 00:00:00,160,160,7,1700,272000,2010-12-07 00:00:00,1
2010-12-08 00:00:00,2010-12-08 00:00:00,161.5,2010-12-08 00:00:00,160,160,13,3500,561670,2010-12-08 00:00:00,1
2010-12-09 00:00:00,2010-12-09 00:00:00,160.1,2010-12-09 00:00:00,159,159.9,13,4300,688000,2010-12-09 00:00:00,1
2010-12-10 00:00:00,2010-12-10 00:00:00,160,2010-12-10 00:00:00,158,158,10,4700,743750,2010-12-10 00:00:00,1
2010-12-13 00:00:00,2010-12-13 00:00:00,158.1,2010-12-13 00:00:00,158,158.1,9,4400,695210,2010-12-13 00:00:00,1
2010-12-14 00:00:00,2010-12-14 00:00:00,159.7,2010-12-14 00:00:00,157,157.3,24,42100,6647770,2010-12-14 00:00:00,1
2010-12-15 00:00:00,2010-12-15 00:00:00,156,2010-12-15 00:00:00,155,155.2,23,18900,2940970,2010-12-15 00:00:00,1
2010-12-16 00:00:00,2010-12-16 00:00:00,161.5,2010-12-16 00:00:00,157,159.8,50,42700,6825470,2010-12-16 00:00:00,1
2010-12-17 00:00:00,2010-12-17 00:00:00,161,2010-12-17 00:00:00,159,159.4,23,13300,2122690,2010-12-17 00:00:00,1
2010-12-21 00:00:00,2010-12-21 00:00:00,162,2010-12-21 00:00:00,160,161.6,19,27500,4413090,2010-12-21 00:00:00,1
2010-12-22 00:00:00,2010-12-22 00:00:00,164.9,2010-12-22 00:00:00,161.5,162,29,53200,8650540,2010-12-22 00:00:00,1
2010-12-23 00:00:00,2010-12-23 00:00:00,163,2010-12-23 00:00:00,162,162,32,47700,7749770,2010-12-23 00:00:00,1
2010-12-24 00:00:00,2010-12-24 00:00:00,162,2010-12-24 00:00:00,161.5,162,22,15900,2575150,2010-12-24 00:00:00,1
2010-12-27 00:00:00,2010-12-27 00:00:00,161,2010-12-27 00:00:00,159,160,20,34000,5435710,2010-12-27 00:00:00,1
2010-12-28 00:00:00,2010-12-28 00:00:00,161,2010-12-28 00:00:00,159.6,159.6,16,17700,2836860,2010-12-28 00:00:00,1
2010-12-29 00:00:00,2010-12-29 00:00:00,159.8,2010-12-29 00:00:00,158.1,158.1,13,3800,603290,2010-12-29 00:00:00,1
2010-12-30 00:00:00,2010-12-30 00:00:00,158,2010-12-30 00:00:00,157,157.6,24,6400,1007650,2010-12-30 00:00:00,1
2010-12-31 00:00:00,2010-12-31 00:00:00,159.5,2010-12-31 00:00:00,159,159.5,19,8700,1387010,2010-12-31 00:00:00,1
Company Id :  LMF,,Security Type :  N,,Sub Type :  0000,,,,,,
Short Name :  LMF,,,,,,,,,,
Day,Date High,High,Date Low,Low,Closing,No. of Trades,No. of Shares,Turnover,Last Traded,Days Traded
2010-01-04 00:00:00,2010-01-04 00:00:00,71,2010-01-04 00:00:00,65,69,115,166400,11217600,2010-01-04 00:00:00,1
2010-01-05 00:00:00,2010-01-05 00:00:00,71.5,2010-01-05 00:00:00,68,70,156,229700,16030000,2010-01-05 00:00:00,1
2010-01-06 00:00:00,2010-01-06 00:00:00,74,2010-01-06 00:00:00,71,71.5,136,203900,14846200,2010-01-06 00:00:00,1
2010-01-07 00:00:00,2010-01-07 00:00:00,72,2010-01-07 00:00:00,70,71,46,69600,4896725,2010-01-07 00:00:00,1
2010-01-08 00:00:00,2010-01-08 00:00:00,71.5,2010-01-08 00:00:00,70,70.5,25,17700,1254200,2010-01-08 00:00:00,1
2010-01-11 00:00:00,2010-01-11 00:00:00,71.25,2010-01-11 00:00:00,70,70.25,38,41600,2938100,2010-01-11 00:00:00,1
2010-01-12 00:00:00,2010-01-12 00:00:00,71,2010-01-12 00:00:00,69.25,70,49,57900,4054325,2010-01-12 00:00:00,1
2010-01-13 00:00:00,2010-01-13 00:00:00,75.75,2010-01-13 00:00:00,70.5,74.5,91,102100,7536425,2010-01-13 00:00:00,1
2010-01-15 00:00:00,2010-01-15 00:00:00,75.75,2010-01-15 00:00:00,73.25,74.5,26,24200,1806300,2010-01-15 00:00:00,1
2010-01-18 00:00:00,2010-01-18 00:00:00,75.75,2010-01-18 00:00:00,72,72.75,34,35900,2666150,2010-01-18 00:00:00,1
2010-01-19 00:00:00,2010-01-19 00:00:00,74,2010-01-19 00:00:00,71,74,6,5100,362500,2010-01-19 00:00:00,1
2010-01-20 00:00:00,2010-01-20 00:00:00,74.75,2010-01-20 00:00:00,70.5,74,6,4400,327125,2010-01-20 00:00:00,1
2010-01-21 00:00:00,2010-01-21 00:00:00,73.75,2010-01-21 00:00:00,71.25,73.5,5,2200,160500,2010-01-21 00:00:00,1
2010-01-22 00:00:00,2010-01-22 00:00:00,73,2010-01-22 00:00:00,73,73,1,500,36500,2010-01-22 00:00:00,1
2010-01-25 00:00:00,2010-01-25 00:00:00,74,2010-01-25 00:00:00,70.25,74,7,7100,520775,2010-01-25 00:00:00,1
2010-01-26 00:00:00,2010-01-26 00:00:00,75,2010-01-26 00:00:00,73,74.25,32,42400,3141000,2010-01-26 00:00:00,1
2010-01-28 00:00:00,2010-01-28 00:00:00,73.5,2010-01-28 00:00:00,73,73.25,3,2600,190450,2010-01-28 00:00:00,1
2010-02-01 00:00:00,2010-02-01 00:00:00,74.75,2010-02-01 00:00:00,73,74,22,17700,1309350,2010-02-01 00:00:00,1
2010-02-02 00:00:00,2010-02-02 00:00:00,73.5,2010-02-02 00:00:00,73,73,6,4400,321300,2010-02-02 00:00:00,1
2010-02-03 00:00:00,2010-02-03 00:00:00,73,2010-02-03 00:00:00,72,72.5,8,9100,658050,2010-02-03 00:00:00,1
2010-02-05 00:00:00,2010-02-05 00:00:00,72.5,2010-02-05 00:00:00,70,70,15,39100,2760875,2010-02-05 00:00:00,1
2010-02-08 00:00:00,2010-02-08 00:00:00,70.5,2010-02-08 00:00:00,70,70.25,11,5900,414025,2010-02-08 00:00:00,1
2010-02-09 00:00:00,2010-02-09 00:00:00,70.25,2010-02-09 00:00:00,69,69.25,16,20300,1422175,2010-02-09 00:00:00,1
2010-02-10 00:00:00,2010-02-10 00:00:00,70.25,2010-02-10 00:00:00,69.25,70,22,24100,1687175,2010-02-10 00:00:00,1
2010-02-11 00:00:00,2010-02-11 00:00:00,74,2010-02-11 00:00:00,71,72.25,54,94200,6836875,2010-02-11 00:00:00,1
2010-02-12 00:00:00,2010-02-12 00:00:00,72,2010-02-12 00:00:00,71,71.5,16,22100,1580975,2010-02-12 00:00:00,1
2010-02-15 00:00:00,2010-02-15 00:00:00,72.25,2010-02-15 00:00:00,71,71.75,14,9200,660725,2010-02-15 00:00:00,1
2010-02-16 00:00:00,2010-02-16 00:00:00,71.75,2010-02-16 00:00:00,70,71.25,5,3400,241875,2010-02-16 00:00:00,1
2010-02-17 00:00:00,2010-02-17 00:00:00,74,2010-02-17 00:00:00,71,74,18,28200,2080050,2010-02-17 00:00:00,1
2010-02-18 00:00:00,2010-02-18 00:00:00,74,2010-02-18 00:00:00,74,74,18,31900,2360600,2010-02-18 00:00:00,1
2010-02-19 00:00:00,2010-02-19 00:00:00,76.25,2010-02-19 00:00:00,72,74.75,27,46900,3493725,2010-02-19 00:00:00,1
2010-02-22 00:00:00,2010-02-22 00:00:00,74.75,2010-02-22 00:00:00,74,74,7,7300,541025,2010-02-22 00:00:00,1
2010-02-23 00:00:00,2010-02-23 00:00:00,74,2010-02-23 00:00:00,74,74,2,1500,111000,2010-02-23 00:00:00,1
2010-02-24 00:00:00,2010-02-24 00:00:00,75.5,2010-02-24 00:00:00,74,75.5,8,7300,546200,2010-02-24 00:00:00,1
2010-02-25 00:00:00,2010-02-25 00:00:00,76,2010-02-25 00:00:00,74.25,75,13,6900,521275,2010-02-25 00:00:00,1
2010-03-01 00:00:00,2010-03-01 00:00:00,78,2010-03-01 00:00:00,76.75,77.5,28,49100,3799625,2010-03-01 00:00:00,1
2010-03-02 00:00:00,2010-03-02 00:00:00,77.5,2010-03-02 00:00:00,77,77,22,30900,2380150,2010-03-02 00:00:00,1
2010-03-03 00:00:00,2010-03-03 00:00:00,77,2010-03-03 00:00:00,75,75,14,26400,1990300,2010-03-03 00:00:00,1
2010-03-04 00:00:00,2010-03-04 00:00:00,75,2010-03-04 00:00:00,75,75,5,7000,525000,2010-03-04 00:00:00,1
2010-03-05 00:00:00,2010-03-05 00:00:00,75,2010-03-05 00:00:00,75,75,2,200,15000,2010-03-05 00:00:00,1
2010-03-08 00:00:00,2010-03-08 00:00:00,75,2010-03-08 00:00:00,75,75,2,500,37500,2010-03-08 00:00:00,1
2010-03-09 00:00:00,2010-03-09 00:00:00,75,2010-03-09 00:00:00,75,75,2,700,52500,2010-03-09 00:00:00,1
2010-03-11 00:00:00,2010-03-11 00:00:00,75,2010-03-11 00:00:00,75,75,3,1500,112500,2010-03-11 00:00:00,1
2010-03-12 00:00:00,2010-03-12 00:00:00,77,2010-03-12 00:00:00,75,75,23,69000,5195600,2010-03-12 00:00:00,1
2010-03-15 00:00:00,2010-03-15 00:00:00,76,2010-03-15 00:00:00,75,75.75,10,21300,1600800,2010-03-15 00:00:00,1
2010-03-16 00:00:00,2010-03-16 00:00:00,76,2010-03-16 00:00:00,76,76,12,3000,228000,2010-03-16 00:00:00,1
2010-03-17 00:00:00,2010-03-17 00:00:00,81,2010-03-17 00:00:00,76,80,72,83600,6664800,2010-03-17 00:00:00,1
2010-03-18 00:00:00,2010-03-18 00:00:00,83,2010-03-18 00:00:00,80,81.5,23,11700,943825,2010-03-18 00:00:00,1
2010-03-19 00:00:00,2010-03-19 00:00:00,87.5,2010-03-19 00:00:00,81,81.5,135,147200,12529675,2010-03-19 00:00:00,1
2010-03-22 00:00:00,2010-03-22 00:00:00,85,2010-03-22 00:00:00,81.5,82,27,19300,1603950,2010-03-22 00:00:00,1
2010-03-23 00:00:00,2010-03-23 00:00:00,82.25,2010-03-23 00:00:00,82,82,4,2600,213225,2010-03-23 00:00:00,1
2010-03-24 00:00:00,2010-03-24 00:00:00,82,2010-03-24 00:00:00,82,82,5,3200,262400,2010-03-24 00:00:00,1
2010-03-25 00:00:00,2010-03-25 00:00:00,82,2010-03-25 00:00:00,80.5,80.75,9,3200,258700,2010-03-25 00:00:00,1
2010-03-26 00:00:00,2010-03-26 00:00:00,84,2010-03-26 00:00:00,81,82.5,16,23500,1935900,2010-03-26 00:00:00,1
2010-03-30 00:00:00,2010-03-30 00:00:00,82.5,2010-03-30 00:00:00,81.5,81.75,5,3000,246250,2010-03-30 00:00:00,1
2010-03-31 00:00:00,2010-03-31 00:00:00,83,2010-03-31 00:00:00,82,82.25,7,3100,255300,2010-03-31 00:00:00,1
2010-04-01 00:00:00,2010-04-01 00:00:00,84,2010-04-01 00:00:00,84,84,2,1100,92400,2010-04-01 00:00:00,1
2010-04-05 00:00:00,2010-04-05 00:00:00,84,2010-04-05 00:00:00,82.25,82.5,12,8600,711425,2010-04-05 00:00:00,1
2010-04-06 00:00:00,2010-04-06 00:00:00,85,2010-04-06 00:00:00,84,84.75,8,4200,356125,2010-04-06 00:00:00,1
2010-04-07 00:00:00,2010-04-07 00:00:00,90.25,2010-04-07 00:00:00,86,90,58,59700,5351150,2010-04-07 00:00:00,1
2010-04-08 00:00:00,2010-04-08 00:00:00,92,2010-04-08 00:00:00,90,91,16,8700,793725,2010-04-08 00:00:00,1
2010-04-12 00:00:00,2010-04-12 00:00:00,98,2010-04-12 00:00:00,93,95.25,48,65500,6187525,2010-04-12 00:00:00,1
2010-04-15 00:00:00,2010-04-15 00:00:00,97,2010-04-15 00:00:00,95,97,56,36800,3534425,2010-04-15 00:00:00,1
2010-04-16 00:00:00,2010-04-16 00:00:00,97,2010-04-16 00:00:00,95,95.25,12,28400,2708200,2010-04-16 00:00:00,1
2010-04-19 00:00:00,2010-04-19 00:00:00,100.5,2010-04-19 00:00:00,90,100,125,152300,14934950,2010-04-19 00:00:00,1
2010-04-20 00:00:00,2010-04-20 00:00:00,102.75,2010-04-20 00:00:00,98.5,98.75,21,23800,2367150,2010-04-20 00:00:00,1
2010-04-21 00:00:00,2010-04-21 00:00:00,101,2010-04-21 00:00:00,99.75,99.75,24,33600,3368975,2010-04-21 00:00:00,1
2010-04-22 00:00:00,2010-04-22 00:00:00,99.75,2010-04-22 00:00:00,98,99,2,2000,197750,2010-04-22 00:00:00,1
2010-04-23 00:00:00,2010-04-23 00:00:00,99,2010-04-23 00:00:00,97,97.75,17,11500,1122275,2010-04-23 00:00:00,1
2010-04-26 00:00:00,2010-04-26 00:00:00,98.5,2010-04-26 00:00:00,97.75,98,5,3600,352600,2010-04-26 00:00:00,1
2010-04-27 00:00:00,2010-04-27 00:00:00,98,2010-04-27 00:00:00,97.75,97.75,10,6400,626350,2010-04-27 00:00:00,1
2010-04-29 00:00:00,2010-04-29 00:00:00,102,2010-04-29 00:00:00,97.75,100,52,99100,9904650,2010-04-29 00:00:00,1
2010-04-30 00:00:00,2010-04-30 00:00:00,100,2010-04-30 00:00:00,100,100,32,236800,23680000,2010-04-30 00:00:00,1
2010-05-03 00:00:00,2010-05-03 00:00:00,101,2010-05-03 00:00:00,98.25,100,24,31700,3170900,2010-05-03 00:00:00,1
2010-05-04 00:00:00,2010-05-04 00:00:00,99.5,2010-05-04 00:00:00,98,99,10,105400,10482325,2010-05-04 00:00:00,1
2010-05-05 00:00:00,2010-05-05 00:00:00,99.5,2010-05-05 00:00:00,99,99.25,5,8500,842750,2010-05-05 00:00:00,1
2010-05-06 00:00:00,2010-05-06 00:00:00,99.5,2010-05-06 00:00:00,99,99.25,8,13100,1298450,2010-05-06 00:00:00,1
2010-05-07 00:00:00,2010-05-07 00:00:00,105,2010-05-07 00:00:00,98,99.75,35,73400,7290150,2010-05-07 00:00:00,1
2010-05-10 00:00:00,2010-05-10 00:00:00,105,2010-05-10 00:00:00,100,100.75,25,24100,2440600,2010-05-10 00:00:00,1
2010-05-11 00:00:00,2010-05-11 00:00:00,100,2010-05-11 00:00:00,99.75,100,6,7700,768500,2010-05-11 00:00:00,1
2010-05-12 00:00:00,2010-05-12 00:00:00,100,2010-05-12 00:00:00,96,98.25,8,5000,491000,2010-05-12 00:00:00,1
2010-05-13 00:00:00,2010-05-13 00:00:00,100,2010-05-13 00:00:00,100,100,2,1000,100000,2010-05-13 00:00:00,1
2010-05-14 00:00:00,2010-05-14 00:00:00,99,2010-05-14 00:00:00,99,99,1,2000,198000,2010-05-14 00:00:00,1
2010-05-17 00:00:00,2010-05-17 00:00:00,99,2010-05-17 00:00:00,97.75,98,8,18100,1774325,2010-05-17 00:00:00,1
2010-05-18 00:00:00,2010-05-18 00:00:00,99,2010-05-18 00:00:00,98,98,15,27800,2724900,2010-05-18 00:00:00,1
2010-05-19 00:00:00,2010-05-19 00:00:00,99,2010-05-19 00:00:00,98,99,12,11600,1145900,2010-05-19 00:00:00,1
2010-05-20 00:00:00,2010-05-20 00:00:00,98.25,2010-05-20 00:00:00,97.5,97.5,7,23200,2273675,2010-05-20 00:00:00,1
2010-05-21 00:00:00,2010-05-21 00:00:00,98,2010-05-21 00:00:00,98,98,6,5500,539000,2010-05-21 00:00:00,1
2010-05-25 00:00:00,2010-05-25 00:00:00,98,2010-05-25 00:00:00,96,96,3,1600,156600,2010-05-25 00:00:00,1
2010-05-26 00:00:00,2010-05-26 00:00:00,97,2010-05-26 00:00:00,97,97,4,6000,582000,2010-05-26 00:00:00,1
2010-05-31 00:00:00,2010-05-31 00:00:00,100,2010-05-31 00:00:00,97.5,100,59,124300,12407400,2010-05-31 00:00:00,1
2010-06-01 00:00:00,2010-06-01 00:00:00,100,2010-06-01 00:00:00,99,99.5,19,22800,2268825,2010-06-01 00:00:00,1
2010-06-02 00:00:00,2010-06-02 00:00:00,100,2010-06-02 00:00:00,95,95.5,62,25100,2451375,2010-06-02 00:00:00,1
2010-06-03 00:00:00,2010-06-03 00:00:00,93.5,2010-06-03 00:00:00,89.5,90,80,112300,10184775,2010-06-03 00:00:00,1
2010-06-04 00:00:00,2010-06-04 00:00:00,92,2010-06-04 00:00:00,90,90.25,27,231100,20827425,2010-06-04 00:00:00,1
2010-06-07 00:00:00,2010-06-07 00:00:00,93.5,2010-06-07 00:00:00,91,91.5,30,72200,6615350,2010-06-07 00:00:00,1
2010-06-08 00:00:00,2010-06-08 00:00:00,93,2010-06-08 00:00:00,91,92,11,253900,23358550,2010-06-08 00:00:00,1
2010-06-09 00:00:00,2010-06-09 00:00:00,92.75,2010-06-09 00:00:00,89,91.25,59,203300,18288475,2010-06-09 00:00:00,1
2010-06-10 00:00:00,2010-06-10 00:00:00,90,2010-06-10 00:00:00,90,90,26,77200,6948000,2010-06-10 00:00:00,1
2010-06-11 00:00:00,2010-06-11 00:00:00,92,2010-06-11 00:00:00,90,90.25,32,51500,4676775,2010-06-11 00:00:00,1
2010-06-14 00:00:00,2010-06-14 00:00:00,91.25,2010-06-14 00:00:00,90,91,46,123800,11156850,2010-06-14 00:00:00,1
2010-06-15 00:00:00,2010-06-15 00:00:00,91,2010-06-15 00:00:00,91,91,7,2500,227500,2010-06-15 00:00:00,1
2010-06-16 00:00:00,2010-06-16 00:00:00,91.25,2010-06-16 00:00:00,90.25,91,38,43000,3910050,2010-06-16 00:00:00,1
2010-06-17 00:00:00,2010-06-17 00:00:00,91,2010-06-17 00:00:00,91,91,15,25000,2275000,2010-06-17 00:00:00,1
2010-06-21 00:00:00,2010-06-21 00:00:00,93.5,2010-06-21 00:00:00,91.75,93.25,27,14600,1349925,2010-06-21 00:00:00,1
2010-06-22 00:00:00,2010-06-22 00:00:00,94,2010-06-22 00:00:00,92,92.75,16,7600,704600,2010-06-22 00:00:00,1
2010-06-23 00:00:00,2010-06-23 00:00:00,94.75,2010-06-23 00:00:00,92.75,92.75,2,11000,1022250,2010-06-23 00:00:00,1
2010-06-24 00:00:00,2010-06-24 00:00:00,93,2010-06-24 00:00:00,92.5,92.5,3,4500,416500,2010-06-24 00:00:00,1
2010-06-28 00:00:00,2010-06-28 00:00:00,92,2010-06-28 00:00:00,91.75,92,14,8800,809475,2010-06-28 00:00:00,1
2010-06-29 00:00:00,2010-06-29 00:00:00,97,2010-06-29 00:00:00,92,93.5,32,422700,38937475,2010-06-29 00:00:00,1
2010-06-30 00:00:00,2010-06-30 00:00:00,94.5,2010-06-30 00:00:00,93.5,93.75,23,16000,1496650,2010-06-30 00:00:00,1
2010-07-01 00:00:00,2010-07-01 00:00:00,94.5,2010-07-01 00:00:00,93.25,93.5,6,33200,3103300,2010-07-01 00:00:00,1
2010-07-02 00:00:00,2010-07-02 00:00:00,94.75,2010-07-02 00:00:00,94.5,94.5,35,84200,7960375,2010-07-02 00:00:00,1
2010-07-05 00:00:00,2010-07-05 00:00:00,95,2010-07-05 00:00:00,94,94,5,8700,824700,2010-07-05 00:00:00,1
2010-07-06 00:00:00,2010-07-06 00:00:00,93,2010-07-06 00:00:00,93,93,2,600,55800,2010-07-06 00:00:00,1
2010-07-07 00:00:00,2010-07-07 00:00:00,95,2010-07-07 00:00:00,91,91.5,18,20200,1862575,2010-07-07 00:00:00,1
2010-07-08 00:00:00,2010-07-08 00:00:00,94,2010-07-08 00:00:00,90,90,6,3100,281400,2010-07-08 00:00:00,1
2010-07-09 00:00:00,2010-07-09 00:00:00,93,2010-07-09 00:00:00,90.75,92.25,11,22100,2042200,2010-07-09 00:00:00,1
2010-07-12 00:00:00,2010-07-12 00:00:00,93,2010-07-12 00:00:00,90,93,7,5100,473775,2010-07-12 00:00:00,1
2010-07-13 00:00:00,2010-07-13 00:00:00,95.25,2010-07-13 00:00:00,92,94.75,10,10700,1012200,2010-07-13 00:00:00,1
2010-07-15 00:00:00,2010-07-15 00:00:00,95,2010-07-15 00:00:00,93,95,5,7500,711450,2010-07-15 00:00:00,1
2010-07-16 00:00:00,2010-07-16 00:00:00,95,2010-07-16 00:00:00,94,95,14,19200,1823000,2010-07-16 00:00:00,1
2010-07-19 00:00:00,2010-07-19 00:00:00,96,2010-07-19 00:00:00,94,95,14,15800,1501275,2010-07-19 00:00:00,1
2010-07-20 00:00:00,2010-07-20 00:00:00,102,2010-07-20 00:00:00,96.5,101,125,148500,14794000,2010-07-20 00:00:00,1
2010-07-21 00:00:00,2010-07-21 00:00:00,104,2010-07-21 00:00:00,102,103,46,29200,3003125,2010-07-21 00:00:00,1
2010-07-22 00:00:00,2010-07-22 00:00:00,103,2010-07-22 00:00:00,101,101,16,21700,2197000,2010-07-22 00:00:00,1
2010-07-23 00:00:00,2010-07-23 00:00:00,101,2010-07-23 00:00:00,100,101,30,60000,6009100,2010-07-23 00:00:00,1
2010-07-26 00:00:00,2010-07-26 00:00:00,101,2010-07-26 00:00:00,99.5,100,82,302300,30229550,2010-07-26 00:00:00,1
2010-07-27 00:00:00,2010-07-27 00:00:00,100,2010-07-27 00:00:00,99,100,13,12800,1277600,2010-07-27 00:00:00,1
2010-07-28 00:00:00,2010-07-28 00:00:00,100,2010-07-28 00:00:00,97.5,99.5,34,50300,4961300,2010-07-28 00:00:00,1
2010-07-29 00:00:00,2010-07-29 00:00:00,100,2010-07-29 00:00:00,98,98.75,12,53500,5345475,2010-07-29 00:00:00,1
2010-07-30 00:00:00,2010-07-30 00:00:00,100,2010-07-30 00:00:00,98,100,11,11600,1157350,2010-07-30 00:00:00,1
2010-08-02 00:00:00,2010-08-02 00:00:00,100,2010-08-02 00:00:00,97.5,97.9,16,4900,484800,2010-08-02 00:00:00,1
2010-08-03 00:00:00,2010-08-03 00:00:00,98,2010-08-03 00:00:00,94,98,14,11800,1125860,2010-08-03 00:00:00,1
2010-08-04 00:00:00,2010-08-04 00:00:00,98,2010-08-04 00:00:00,98,98,6,1600,156800,2010-08-04 00:00:00,1
2010-08-05 00:00:00,2010-08-05 00:00:00,100,2010-08-05 00:00:00,95,95.8,10,6100,593200,2010-08-05 00:00:00,1
2010-08-06 00:00:00,2010-08-06 00:00:00,98,2010-08-06 00:00:00,95,95.8,8,3800,364000,2010-08-06 00:00:00,1
2010-08-09 00:00:00,2010-08-09 00:00:00,91,2010-08-09 00:00:00,88,88.5,9,13900,1231210,2010-08-09 00:00:00,1
2010-08-10 00:00:00,2010-08-10 00:00:00,95,2010-08-10 00:00:00,84,95,14,11700,1053460,2010-08-10 00:00:00,1
2010-08-11 00:00:00,2010-08-11 00:00:00,100,2010-08-11 00:00:00,92.1,95,15,5700,553820,2010-08-11 00:00:00,1
2010-08-12 00:00:00,2010-08-12 00:00:00,99,2010-08-12 00:00:00,95,98,14,3900,379300,2010-08-12 00:00:00,1
2010-08-13 00:00:00,2010-08-13 00:00:00,98,2010-08-13 00:00:00,90,94.4,49,43000,4016040,2010-08-13 00:00:00,1
2010-08-16 00:00:00,2010-08-16 00:00:00,95,2010-08-16 00:00:00,94.4,95,9,6000,569910,2010-08-16 00:00:00,1
2010-08-17 00:00:00,2010-08-17 00:00:00,95,2010-08-17 00:00:00,94,94.5,6,3000,284000,2010-08-17 00:00:00,1
2010-08-18 00:00:00,2010-08-18 00:00:00,93.1,2010-08-18 00:00:00,93,93.1,6,4000,372350,2010-08-18 00:00:00,1
2010-08-19 00:00:00,2010-08-19 00:00:00,95,2010-08-19 00:00:00,93.1,94.2,8,7700,729260,2010-08-19 00:00:00,1
2010-08-20 00:00:00,2010-08-20 00:00:00,95,2010-08-20 00:00:00,91,94.8,15,15600,1476600,2010-08-20 00:00:00,1
2010-08-23 00:00:00,2010-08-23 00:00:00,91,2010-08-23 00:00:00,90,90,7,8300,747510,2010-08-23 00:00:00,1
2010-08-25 00:00:00,2010-08-25 00:00:00,98,2010-08-25 00:00:00,90,90,33,30400,2793700,2010-08-25 00:00:00,1
2010-08-26 00:00:00,2010-08-26 00:00:00,91,2010-08-26 00:00:00,90,90.2,4,1000,90150,2010-08-26 00:00:00,1
2010-08-27 00:00:00,2010-08-27 00:00:00,90,2010-08-27 00:00:00,86,87.3,6,4000,352000,2010-08-27 00:00:00,1
2010-08-30 00:00:00,2010-08-30 00:00:00,92,2010-08-30 00:00:00,86,88.5,14,13900,1245850,2010-08-30 00:00:00,1
2010-08-31 00:00:00,2010-08-31 00:00:00,90,2010-08-31 00:00:00,89,90,19,21900,1969190,2010-08-31 00:00:00,1
2010-09-01 00:00:00,2010-09-01 00:00:00,90.1,2010-09-01 00:00:00,90,90,22,36200,3258020,2010-09-01 00:00:00,1
2010-09-02 00:00:00,2010-09-02 00:00:00,92,2010-09-02 00:00:00,89,91.1,32,67900,6158760,2010-09-02 00:00:00,1
2010-09-03 00:00:00,2010-09-03 00:00:00,97.1,2010-09-03 00:00:00,91,96.9,76,242100,23393600,2010-09-03 00:00:00,1
2010-09-06 00:00:00,2010-09-06 00:00:00,102,2010-09-06 00:00:00,97.5,100.5,60,207100,20543910,2010-09-06 00:00:00,1
2010-09-07 00:00:00,2010-09-07 00:00:00,110.5,2010-09-07 00:00:00,106,110.5,89,245500,26723940,2010-09-07 00:00:00,1
2010-09-08 00:00:00,2010-09-08 00:00:00,121.5,2010-09-08 00:00:00,113,115.4,88,90100,10377220,2010-09-08 00:00:00,1
2010-09-09 00:00:00,2010-09-09 00:00:00,126.9,2010-09-09 00:00:00,118,125,115,199600,24635830,2010-09-09 00:00:00,1
2010-09-13 00:00:00,2010-09-13 00:00:00,134.8,2010-09-13 00:00:00,128,131.8,178,318900,41710560,2010-09-13 00:00:00,1
2010-09-14 00:00:00,2010-09-14 00:00:00,144.9,2010-09-14 00:00:00,130,140.9,369,543800,74690400,2010-09-14 00:00:00,1
2010-09-15 00:00:00,2010-09-15 00:00:00,154.9,2010-09-15 00:00:00,137,143.3,274,548900,78837220,2010-09-15 00:00:00,1
2010-09-16 00:00:00,2010-09-16 00:00:00,143.4,2010-09-16 00:00:00,130.2,136.1,95,100900,13797190,2010-09-16 00:00:00,1
2010-09-17 00:00:00,2010-09-17 00:00:00,147,2010-09-17 00:00:00,135,140.3,148,125900,17843650,2010-09-17 00:00:00,1
2010-09-20 00:00:00,2010-09-20 00:00:00,144,2010-09-20 00:00:00,135,136.4,80,89700,12498830,2010-09-20 00:00:00,1
2010-09-21 00:00:00,2010-09-21 00:00:00,137,2010-09-21 00:00:00,135,135.1,43,60800,8281900,2010-09-21 00:00:00,1
2010-09-23 00:00:00,2010-09-23 00:00:00,137,2010-09-23 00:00:00,133,135,59,93300,12644200,2010-09-23 00:00:00,1
2010-09-24 00:00:00,2010-09-24 00:00:00,133,2010-09-24 00:00:00,118,128.6,215,227900,28675590,2010-09-24 00:00:00,1
2010-09-27 00:00:00,2010-09-27 00:00:00,127.5,2010-09-27 00:00:00,125,126.2,158,181800,22767260,2010-09-27 00:00:00,1
2010-09-28 00:00:00,2010-09-28 00:00:00,127.9,2010-09-28 00:00:00,124,124.2,81,73700,9245390,2010-09-28 00:00:00,1
2010-09-29 00:00:00,2010-09-29 00:00:00,125,2010-09-29 00:00:00,120,121.1,44,85000,10416380,2010-09-29 00:00:00,1
2010-09-30 00:00:00,2010-09-30 00:00:00,130,2010-09-30 00:00:00,120,125.1,79,145800,18017090,2010-09-30 00:00:00,1
2010-10-01 00:00:00,2010-10-01 00:00:00,127,2010-10-01 00:00:00,122,125,43,62100,7811670,2010-10-01 00:00:00,1
2010-10-04 00:00:00,2010-10-04 00:00:00,126,2010-10-04 00:00:00,124.3,126,41,58400,7338010,2010-10-04 00:00:00,1
2010-10-05 00:00:00,2010-10-05 00:00:00,126.1,2010-10-05 00:00:00,123,125.8,47,80900,10136300,2010-10-05 00:00:00,1
2010-10-06 00:00:00,2010-10-06 00:00:00,123,2010-10-06 00:00:00,121.5,122,22,14100,1725510,2010-10-06 00:00:00,1
2010-10-07 00:00:00,2010-10-07 00:00:00,122,2010-10-07 00:00:00,117,119.4,28,46800,5629490,2010-10-07 00:00:00,1
2010-10-08 00:00:00,2010-10-08 00:00:00,124.8,2010-10-08 00:00:00,119,120.4,60,76700,9223380,2010-10-08 00:00:00,1
2010-10-11 00:00:00,2010-10-11 00:00:00,120.5,2010-10-11 00:00:00,119,119.8,28,34300,4104500,2010-10-11 00:00:00,1
2010-10-12 00:00:00,2010-10-12 00:00:00,119,2010-10-12 00:00:00,115,115.3,17,15700,1837130,2010-10-12 00:00:00,1
2010-10-13 00:00:00,2010-10-13 00:00:00,124.4,2010-10-13 00:00:00,110.1,121.2,50,32200,3765490,2010-10-13 00:00:00,1
2010-10-14 00:00:00,2010-10-14 00:00:00,120,2010-10-14 00:00:00,115,115,28,44700,5146400,2010-10-14 00:00:00,1
2010-10-15 00:00:00,2010-10-15 00:00:00,115.1,2010-10-15 00:00:00,115,115.1,23,39400,4533910,2010-10-15 00:00:00,1
2010-10-18 00:00:00,2010-10-18 00:00:00,120,2010-10-18 00:00:00,115,117.6,76,160300,18698000,2010-10-18 00:00:00,1
2010-10-19 00:00:00,2010-10-19 00:00:00,124.5,2010-10-19 00:00:00,115,119.9,33,75000,8776580,2010-10-19 00:00:00,1
2010-10-20 00:00:00,2010-10-20 00:00:00,119.9,2010-10-20 00:00:00,115,118,11,9200,1084490,2010-10-20 00:00:00,1
2010-10-21 00:00:00,2010-10-21 00:00:00,119,2010-10-21 00:00:00,115,115.3,23,11800,1374430,2010-10-21 00:00:00,1
2010-10-25 00:00:00,2010-10-25 00:00:00,115.3,2010-10-25 00:00:00,113.5,115,30,41100,4720300,2010-10-25 00:00:00,1
2010-10-26 00:00:00,2010-10-26 00:00:00,113.5,2010-10-26 00:00:00,112,112,15,16200,1825300,2010-10-26 00:00:00,1
2010-10-27 00:00:00,2010-10-27 00:00:00,112,2010-10-27 00:00:00,110,112,13,4500,503600,2010-10-27 00:00:00,1
2010-10-28 00:00:00,2010-10-28 00:00:00,113,2010-10-28 00:00:00,111,111.1,19,8800,981010,2010-10-28 00:00:00,1
2010-10-29 00:00:00,2010-10-29 00:00:00,115.3,2010-10-29 00:00:00,114.9,115,28,35500,4082920,2010-10-29 00:00:00,1
2010-11-01 00:00:00,2010-11-01 00:00:00,115,2010-11-01 00:00:00,113,114,16,12100,1383220,2010-11-01 00:00:00,1
2010-11-02 00:00:00,2010-11-02 00:00:00,115,2010-11-02 00:00:00,112.5,114.9,6,4400,505120,2010-11-02 00:00:00,1
2010-11-03 00:00:00,2010-11-03 00:00:00,113.1,2010-11-03 00:00:00,112.6,112.7,9,7300,824780,2010-11-03 00:00:00,1
2010-11-04 00:00:00,2010-11-04 00:00:00,115,2010-11-04 00:00:00,114.9,115,5,3600,413950,2010-11-04 00:00:00,1
2010-11-08 00:00:00,2010-11-08 00:00:00,115,2010-11-08 00:00:00,114,114.7,21,21800,2505000,2010-11-08 00:00:00,1
2010-11-09 00:00:00,2010-11-09 00:00:00,115.5,2010-11-09 00:00:00,114.5,115,23,18300,2104360,2010-11-09 00:00:00,1
2010-11-10 00:00:00,2010-11-10 00:00:00,115,2010-11-10 00:00:00,112.1,112.9,5,4800,542150,2010-11-10 00:00:00,1
2010-11-12 00:00:00,2010-11-12 00:00:00,115,2010-11-12 00:00:00,112.2,113,8,13700,1548250,2010-11-12 00:00:00,1
2010-11-15 00:00:00,2010-11-15 00:00:00,113,2010-11-15 00:00:00,106.5,106.5,12,19500,2159530,2010-11-15 00:00:00,1
2010-11-16 00:00:00,2010-11-16 00:00:00,106.5,2010-11-16 00:00:00,106,106.1,8,5600,593860,2010-11-16 00:00:00,1
2010-11-18 00:00:00,2010-11-18 00:00:00,112,2010-11-18 00:00:00,103,105.9,5,700,74100,2010-11-18 00:00:00,1
2010-11-22 00:00:00,2010-11-22 00:00:00,108,2010-11-22 00:00:00,106,108,11,28500,3046490,2010-11-22 00:00:00,1
2010-11-23 00:00:00,2010-11-23 00:00:00,108,2010-11-23 00:00:00,106,106,11,7500,801500,2010-11-23 00:00:00,1
2010-11-24 00:00:00,2010-11-24 00:00:00,107,2010-11-24 00:00:00,104,106.5,14,29500,3127890,2010-11-24 00:00:00,1
2010-11-25 00:00:00,2010-11-25 00:00:00,107,2010-11-25 00:00:00,105.5,105.7,14,8500,899900,2010-11-25 00:00:00,1
2010-11-26 00:00:00,2010-11-26 00:00:00,106,2010-11-26 00:00:00,100,102.3,19,33600,3445260,2010-11-26 00:00:00,1
2010-11-29 00:00:00,2010-11-29 00:00:00,98,2010-11-29 00:00:00,95,95.5,12,11900,1151220,2010-11-29 00:00:00,1
2010-11-30 00:00:00,2010-11-30 00:00:00,106,2010-11-30 00:00:00,98,98.6,23,21800,2212650,2010-11-30 00:00:00,1
2010-12-01 00:00:00,2010-12-01 00:00:00,110,2010-12-01 00:00:00,102,108.5,81,135200,14311620,2010-12-01 00:00:00,1
2010-12-02 00:00:00,2010-12-02 00:00:00,119,2010-12-02 00:00:00,109,110.2,126,158500,17994640,2010-12-02 00:00:00,1
2010-12-03 00:00:00,2010-12-03 00:00:00,106,2010-12-03 00:00:00,103.1,104.6,9,6500,678930,2010-12-03 00:00:00,1
2010-12-06 00:00:00,2010-12-06 00:00:00,105.4,2010-12-06 00:00:00,105,105.4,12,6700,704620,2010-12-06 00:00:00,1
2010-12-07 00:00:00,2010-12-07 00:00:00,105.3,2010-12-07 00:00:00,105,105.1,8,7800,819900,2010-12-07 00:00:00,1
2010-12-08 00:00:00,2010-12-08 00:00:00,109.6,2010-12-08 00:00:00,104.9,109.6,19,51200,5376430,2010-12-08 00:00:00,1
2010-12-10 00:00:00,2010-12-10 00:00:00,108,2010-12-10 00:00:00,108,108,5,3000,324000,2010-12-10 00:00:00,1
2010-12-13 00:00:00,2010-12-13 00:00:00,106.1,2010-12-13 00:00:00,106.1,106.1,6,10100,1071610,2010-12-13 00:00:00,1
2010-12-14 00:00:00,2010-12-14 00:00:00,105,2010-12-14 00:00:00,103,104.7,3,4700,492100,2010-12-14 00:00:00,1
2010-12-15 00:00:00,2010-12-15 00:00:00,103.5,2010-12-15 00:00:00,103.5,103.5,3,2000,207000,2010-12-15 00:00:00,1
2010-12-16 00:00:00,2010-12-16 00:00:00,104,2010-12-16 00:00:00,103.5,104,6,3600,374250,2010-12-16 00:00:00,1
2010-12-17 00:00:00,2010-12-17 00:00:00,104,2010-12-17 00:00:00,103.5,103.5,5,4500,465860,2010-12-17 00:00:00,1
2010-12-21 00:00:00,2010-12-21 00:00:00,103.5,2010-12-21 00:00:00,103,103,5,9700,999150,2010-12-21 00:00:00,1
2010-12-22 00:00:00,2010-12-22 00:00:00,104,2010-12-22 00:00:00,104,104,6,11500,1196000,2010-12-22 00:00:00,1
2010-12-23 00:00:00,2010-12-23 00:00:00,110,2010-12-23 00:00:00,104.1,108,28,127300,13739800,2010-12-23 00:00:00,1
2010-12-24 00:00:00,2010-12-24 00:00:00,110,2010-12-24 00:00:00,107.5,109.8,5,6400,701300,2010-12-24 00:00:00,1
2010-12-27 00:00:00,2010-12-27 00:00:00,110,2010-12-27 00:00:00,109.8,110,4,3500,384800,2010-12-27 00:00:00,1
2010-12-28 00:00:00,2010-12-28 00:00:00,110,2010-12-28 00:00:00,109,109.8,11,14200,1558600,2010-12-28 00:00:00,1
2010-12-29 00:00:00,2010-12-29 00:00:00,110,2010-12-29 00:00:00,110,110,3,15000,1650000,2010-12-29 00:00:00,1
2010-12-30 00:00:00,2010-12-30 00:00:00,113,2010-12-30 00:00:00,101,112.6,30,34400,3870570,2010-12-30 00:00:00,1
2010-12-31 00:00:00,2010-12-31 00:00:00,118,2010-12-31 00:00:00,110.5,113,86,215700,25014880,2010-12-31 00:00:00,1
Company Id :  LMF,,Security Type :  R,,Sub Type :  0000,,,,,,
Short Name :  LMF,,,,,,,,,,
Day,Date High,High,Date Low,Low,Closing,No. of Trades,No. of Shares,Turnover,Last Traded,Days Traded
2010-08-27 00:00:00,2010-08-27 00:00:00,17.5,2010-08-27 00:00:00,15,15,5,2100,34490,2010-08-27 00:00:00,1
2010-08-30 00:00:00,2010-08-30 00:00:00,15,2010-08-30 00:00:00,13.5,14.8,10,19600,288600,2010-08-30 00:00:00,1
2010-08-31 00:00:00,2010-08-31 00:00:00,15.9,2010-08-31 00:00:00,15,15,12,19100,291830,2010-08-31 00:00:00,1
2010-09-01 00:00:00,2010-09-01 00:00:00,16.5,2010-09-01 00:00:00,16.5,16.5,9,5000,82500,2010-09-01 00:00:00,1
Company Id :  LOLC,,Security Type :  N,,Sub Type :  0000,,,,,,
Short Name :  LOLC,,,,,,,,,,
Day,Date High,High,Date Low,Low,Closing,No. of Trades,No. of Shares,Turnover,Last Traded,Days Traded
2010-01-04 00:00:00,2010-01-04 00:00:00,142,2010-01-04 00:00:00,139,140.25,28,67700,9490975,2010-01-04 00:00:00,1
2010-01-05 00:00:00,2010-01-05 00:00:00,141,2010-01-05 00:00:00,140,140,41,78400,10986325,2010-01-05 00:00:00,1
2010-01-06 00:00:00,2010-01-06 00:00:00,146.25,2010-01-06 00:00:00,140.25,145,78,112100,16200975,2010-01-06 00:00:00,1
2010-01-07 00:00:00,2010-01-07 00:00:00,143,2010-01-07 00:00:00,141,141.25,16,7200,1018700,2010-01-07 00:00:00,1
2010-01-08 00:00:00,2010-01-08 00:00:00,153,2010-01-08 00:00:00,143.25,150,154,330100,49516225,2010-01-08 00:00:00,1
2010-01-11 00:00:00,2010-01-11 00:00:00,150.75,2010-01-11 00:00:00,149,150.75,37,29200,4381875,2010-01-11 00:00:00,1
2010-01-12 00:00:00,2010-01-12 00:00:00,150.5,2010-01-12 00:00:00,148,150,28,22800,3393950,2010-01-12 00:00:00,1
2010-01-13 00:00:00,2010-01-13 00:00:00,158,2010-01-13 00:00:00,150.5,154,51,69600,10673100,2010-01-13 00:00:00,1
2010-01-15 00:00:00,2010-01-15 00:00:00,154,2010-01-15 00:00:00,151,151,26,18800,2889175,2010-01-15 00:00:00,1
2010-01-18 00:00:00,2010-01-18 00:00:00,153.75,2010-01-18 00:00:00,148,148,36,40300,6067800,2010-01-18 00:00:00,1
2010-01-19 00:00:00,2010-01-19 00:00:00,150,2010-01-19 00:00:00,144.25,148.75,16,17800,2632275,2010-01-19 00:00:00,1
2010-01-20 00:00:00,2010-01-20 00:00:00,151,2010-01-20 00:00:00,150,150,12,11900,1794950,2010-01-20 00:00:00,1
2010-01-21 00:00:00,2010-01-21 00:00:00,151,2010-01-21 00:00:00,148,149.75,10,42100,6330700,2010-01-21 00:00:00,1
2010-01-22 00:00:00,2010-01-22 00:00:00,150.5,2010-01-22 00:00:00,148,149,5,14100,2105350,2010-01-22 00:00:00,1
2010-01-25 00:00:00,2010-01-25 00:00:00,150,2010-01-25 00:00:00,149,149,22,25200,3775500,2010-01-25 00:00:00,1
2010-01-26 00:00:00,2010-01-26 00:00:00,150.75,2010-01-26 00:00:00,149,150,7,6000,899525,2010-01-26 00:00:00,1
2010-01-28 00:00:00,2010-01-28 00:00:00,152,2010-01-28 00:00:00,146,152,46,108200,16254525,2010-01-28 00:00:00,1
2010-02-01 00:00:00,2010-02-01 00:00:00,165,2010-02-01 00:00:00,155,164,216,234000,37545600,2010-02-01 00:00:00,1
2010-02-02 00:00:00,2010-02-02 00:00:00,168,2010-02-02 00:00:00,164,165,114,113500,18816275,2010-02-02 00:00:00,1
2010-02-03 00:00:00,2010-02-03 00:00:00,166,2010-02-03 00:00:00,164,164.75,25,19700,3249775,2010-02-03 00:00:00,1
2010-02-05 00:00:00,2010-02-05 00:00:00,167,2010-02-05 00:00:00,165,167,19,41800,6911825,2010-02-05 00:00:00,1
2010-02-08 00:00:00,2010-02-08 00:00:00,171,2010-02-08 00:00:00,166,170,70,131900,22281000,2010-02-08 00:00:00,1
2010-02-09 00:00:00,2010-02-09 00:00:00,171,2010-02-09 00:00:00,165,170,38,31000,5243675,2010-02-09 00:00:00,1
2010-02-10 00:00:00,2010-02-10 00:00:00,183,2010-02-10 00:00:00,170,179.25,108,176500,31428850,2010-02-10 00:00:00,1
2010-02-11 00:00:00,2010-02-11 00:00:00,180,2010-02-11 00:00:00,173.25,174.25,22,27300,4758125,2010-02-11 00:00:00,1
2010-02-12 00:00:00,2010-02-12 00:00:00,174.5,2010-02-12 00:00:00,165,165.5,54,73300,12264150,2010-02-12 00:00:00,1
2010-02-15 00:00:00,2010-02-15 00:00:00,167,2010-02-15 00:00:00,165,165,16,32900,5430200,2010-02-15 00:00:00,1
2010-02-16 00:00:00,2010-02-16 00:00:00,166,2010-02-16 00:00:00,165,165,10,5200,860100,2010-02-16 00:00:00,1
2010-02-17 00:00:00,2010-02-17 00:00:00,166,2010-02-17 00:00:00,164.75,165,22,15900,2625600,2010-02-17 00:00:00,1
2010-02-18 00:00:00,2010-02-18 00:00:00,170,2010-02-18 00:00:00,163,166,20,39200,6536750,2010-02-18 00:00:00,1
2010-02-19 00:00:00,2010-02-19 00:00:00,166,2010-02-19 00:00:00,165,165,20,13600,2245200,2010-02-19 00:00:00,1
2010-02-22 00:00:00,2010-02-22 00:00:00,168,2010-02-22 00:00:00,165,166.25,13,13500,2240800,2010-02-22 00:00:00,1
2010-02-23 00:00:00,2010-02-23 00:00:00,168,2010-02-23 00:00:00,166,168,11,15300,2568800,2010-02-23 00:00:00,1
2010-02-24 00:00:00,2010-02-24 00:00:00,170,2010-02-24 00:00:00,168,168,2,2400,403600,2010-02-24 00:00:00,1
2010-02-25 00:00:00,2010-02-25 00:00:00,168,2010-02-25 00:00:00,168,168,6,2900,487200,2010-02-25 00:00:00,1
2010-02-26 00:00:00,2010-02-26 00:00:00,168,2010-02-26 00:00:00,166.25,166.5,11,11500,1914500,2010-02-26 00:00:00,1
2010-03-01 00:00:00,2010-03-01 00:00:00,169,2010-03-01 00:00:00,167,167,12,9900,1655075,2010-03-01 00:00:00,1
2010-03-02 00:00:00,2010-03-02 00:00:00,169,2010-03-02 00:00:00,167,167,3,20800,3475200,2010-03-02 00:00:00,1
2010-03-03 00:00:00,2010-03-03 00:00:00,163,2010-03-03 00:00:00,163,163,2,5500,896500,2010-03-03 00:00:00,1
2010-03-04 00:00:00,2010-03-04 00:00:00,166.75,2010-03-04 00:00:00,166.75,166.75,2,3100,516925,2010-03-04 00:00:00,1
2010-03-05 00:00:00,2010-03-05 00:00:00,165.25,2010-03-05 00:00:00,164.75,165,10,8400,1386250,2010-03-05 00:00:00,1
2010-03-08 00:00:00,2010-03-08 00:00:00,165,2010-03-08 00:00:00,163,163.5,8,7400,1213625,2010-03-08 00:00:00,1
2010-03-09 00:00:00,2010-03-09 00:00:00,164,2010-03-09 00:00:00,161,163,15,47400,7727400,2010-03-09 00:00:00,1
2010-03-10 00:00:00,2010-03-10 00:00:00,163,2010-03-10 00:00:00,162.5,162.75,15,54000,8792000,2010-03-10 00:00:00,1
2010-03-11 00:00:00,2010-03-11 00:00:00,163,2010-03-11 00:00:00,162.5,163,7,4600,749425,2010-03-11 00:00:00,1
2010-03-12 00:00:00,2010-03-12 00:00:00,168.75,2010-03-12 00:00:00,163,166.75,37,79200,13039525,2010-03-12 00:00:00,1
2010-03-15 00:00:00,2010-03-15 00:00:00,164.5,2010-03-15 00:00:00,164,164.5,13,3700,608400,2010-03-15 00:00:00,1
2010-03-16 00:00:00,2010-03-16 00:00:00,164.5,2010-03-16 00:00:00,163,163.25,9,10400,1698000,2010-03-16 00:00:00,1
2010-03-18 00:00:00,2010-03-18 00:00:00,165.75,2010-03-18 00:00:00,163.25,164.25,12,16200,2660325,2010-03-18 00:00:00,1
2010-03-19 00:00:00,2010-03-19 00:00:00,165,2010-03-19 00:00:00,163,164.75,6,8700,1434000,2010-03-19 00:00:00,1
2010-03-23 00:00:00,2010-03-23 00:00:00,164,2010-03-23 00:00:00,164,164,1,2000,328000,2010-03-23 00:00:00,1
2010-03-24 00:00:00,2010-03-24 00:00:00,164,2010-03-24 00:00:00,164,164,4,1800,295200,2010-03-24 00:00:00,1
2010-03-25 00:00:00,2010-03-25 00:00:00,170,2010-03-25 00:00:00,170,170,1,100,17000,2010-03-25 00:00:00,1
2010-03-26 00:00:00,2010-03-26 00:00:00,165.5,2010-03-26 00:00:00,165,165.5,5,28200,4653100,2010-03-26 00:00:00,1
2010-03-30 00:00:00,2010-03-30 00:00:00,165.5,2010-03-30 00:00:00,165,165.25,14,23600,3896025,2010-03-30 00:00:00,1
2010-03-31 00:00:00,2010-03-31 00:00:00,165,2010-03-31 00:00:00,165,165,10,37000,6105000,2010-03-31 00:00:00,1
2010-04-01 00:00:00,2010-04-01 00:00:00,166,2010-04-01 00:00:00,165,166,4,6300,1045500,2010-04-01 00:00:00,1
2010-04-05 00:00:00,2010-04-05 00:00:00,167,2010-04-05 00:00:00,165,167,3,8000,1322000,2010-04-05 00:00:00,1
2010-04-06 00:00:00,2010-04-06 00:00:00,174.75,2010-04-06 00:00:00,170,174,36,65700,11239100,2010-04-06 00:00:00,1
2010-04-07 00:00:00,2010-04-07 00:00:00,176,2010-04-07 00:00:00,174,175.75,28,28700,5033925,2010-04-07 00:00:00,1
2010-04-08 00:00:00,2010-04-08 00:00:00,176,2010-04-08 00:00:00,174,174.5,8,4500,786000,2010-04-08 00:00:00,1
2010-04-12 00:00:00,2010-04-12 00:00:00,175,2010-04-12 00:00:00,175,175,10,7600,1330000,2010-04-12 00:00:00,1
2010-04-15 00:00:00,2010-04-15 00:00:00,175,2010-04-15 00:00:00,175,175,10,17600,3080000,2010-04-15 00:00:00,1
2010-04-16 00:00:00,2010-04-16 00:00:00,187,2010-04-16 00:00:00,179.75,185.25,89,102500,18528925,2010-04-16 00:00:00,1
2010-04-19 00:00:00,2010-04-19 00:00:00,195,2010-04-19 00:00:00,185,192.5,137,399300,76015550,2010-04-19 00:00:00,1
2010-04-20 00:00:00,2010-04-20 00:00:00,200,2010-04-20 00:00:00,190,197.75,78,183500,36262025,2010-04-20 00:00:00,1
2010-04-21 00:00:00,2010-04-21 00:00:00,222,2010-04-21 00:00:00,200,215.5,191,254100,54488850,2010-04-21 00:00:00,1
2010-04-22 00:00:00,2010-04-22 00:00:00,219,2010-04-22 00:00:00,217,218.75,46,68400,14960700,2010-04-22 00:00:00,1
2010-04-23 00:00:00,2010-04-23 00:00:00,220,2010-04-23 00:00:00,210.25,217.25,40,57000,12458325,2010-04-23 00:00:00,1
2010-04-26 00:00:00,2010-04-26 00:00:00,217,2010-04-26 00:00:00,210,210.75,64,56200,11863725,2010-04-26 00:00:00,1
2010-04-27 00:00:00,2010-04-27 00:00:00,210.75,2010-04-27 00:00:00,210,210,17,39100,8211750,2010-04-27 00:00:00,1
2010-04-29 00:00:00,2010-04-29 00:00:00,212,2010-04-29 00:00:00,210,210.25,39,64900,13646725,2010-04-29 00:00:00,1
2010-04-30 00:00:00,2010-04-30 00:00:00,210.5,2010-04-30 00:00:00,210.25,210.25,3,2600,546750,2010-04-30 00:00:00,1
2010-05-03 00:00:00,2010-05-03 00:00:00,212.75,2010-05-03 00:00:00,210,211.5,16,12500,2639875,2010-05-03 00:00:00,1
2010-05-04 00:00:00,2010-05-04 00:00:00,220,2010-05-04 00:00:00,210,214,20,118200,24859625,2010-05-04 00:00:00,1
2010-05-05 00:00:00,2010-05-05 00:00:00,224,2010-05-05 00:00:00,214,220.25,41,47000,10337100,2010-05-05 00:00:00,1
2010-05-06 00:00:00,2010-05-06 00:00:00,245,2010-05-06 00:00:00,224.75,240.75,205,254200,58886875,2010-05-06 00:00:00,1
2010-05-07 00:00:00,2010-05-07 00:00:00,259.5,2010-05-07 00:00:00,240,243.5,89,78800,19543750,2010-05-07 00:00:00,1
2010-05-10 00:00:00,2010-05-10 00:00:00,254,2010-05-10 00:00:00,230,249.5,46,80900,19893900,2010-05-10 00:00:00,1
2010-05-11 00:00:00,2010-05-11 00:00:00,285,2010-05-11 00:00:00,252,276.5,385,399700,107082650,2010-05-11 00:00:00,1
2010-05-12 00:00:00,2010-05-12 00:00:00,278,2010-05-12 00:00:00,270,272,60,52200,14303625,2010-05-12 00:00:00,1
2010-05-13 00:00:00,2010-05-13 00:00:00,272.5,2010-05-13 00:00:00,260,270.5,31,26500,7163975,2010-05-13 00:00:00,1
2010-05-14 00:00:00,2010-05-14 00:00:00,270,2010-05-14 00:00:00,264,264.25,24,9000,2396400,2010-05-14 00:00:00,1
2010-05-17 00:00:00,2010-05-17 00:00:00,270,2010-05-17 00:00:00,260,261.5,19,8800,2318900,2010-05-17 00:00:00,1
2010-05-18 00:00:00,2010-05-18 00:00:00,260,2010-05-18 00:00:00,258.5,258.75,20,9300,2413025,2010-05-18 00:00:00,1
2010-05-19 00:00:00,2010-05-19 00:00:00,261,2010-05-19 00:00:00,258.75,260.5,17,66400,17248550,2010-05-19 00:00:00,1
2010-05-20 00:00:00,2010-05-20 00:00:00,260.25,2010-05-20 00:00:00,259,260,35,22400,5823850,2010-05-20 00:00:00,1
2010-05-21 00:00:00,2010-05-21 00:00:00,263,2010-05-21 00:00:00,258,260,71,109100,28300475,2010-05-21 00:00:00,1
2010-05-24 00:00:00,2010-05-24 00:00:00,260.5,2010-05-24 00:00:00,255,260.25,63,85200,22157050,2010-05-24 00:00:00,1
2010-05-25 00:00:00,2010-05-25 00:00:00,280,2010-05-25 00:00:00,265,276.75,56,27000,7441375,2010-05-25 00:00:00,1
2010-05-26 00:00:00,2010-05-26 00:00:00,284.5,2010-05-26 00:00:00,260,265.25,43,21800,5923675,2010-05-26 00:00:00,1
2010-05-31 00:00:00,2010-05-31 00:00:00,271,2010-05-31 00:00:00,265.25,270,49,42600,11499000,2010-05-31 00:00:00,1
2010-06-01 00:00:00,2010-06-01 00:00:00,275,2010-06-01 00:00:00,270,273.25,26,40700,11081625,2010-06-01 00:00:00,1
2010-06-02 00:00:00,2010-06-02 00:00:00,284.5,2010-06-02 00:00:00,260,281.25,58,99500,27651600,2010-06-02 00:00:00,1
2010-06-03 00:00:00,2010-06-03 00:00:00,286,2010-06-03 00:00:00,260,281,50,100900,28229100,2010-06-03 00:00:00,1
2010-06-04 00:00:00,2010-06-04 00:00:00,281,2010-06-04 00:00:00,280,280.25,29,20800,5825150,2010-06-04 00:00:00,1
2010-06-07 00:00:00,2010-06-07 00:00:00,287,2010-06-07 00:00:00,279,284.5,48,74400,20953900,2010-06-07 00:00:00,1
2010-06-08 00:00:00,2010-06-08 00:00:00,292,2010-06-08 00:00:00,280.5,290.5,68,206300,59535000,2010-06-08 00:00:00,1
2010-06-09 00:00:00,2010-06-09 00:00:00,292,2010-06-09 00:00:00,290,291.25,17,27000,7846725,2010-06-09 00:00:00,1
2010-06-10 00:00:00,2010-06-10 00:00:00,294,2010-06-10 00:00:00,290,290.75,9,4400,1283700,2010-06-10 00:00:00,1
2010-06-11 00:00:00,2010-06-11 00:00:00,295.75,2010-06-11 00:00:00,290,294.25,38,48900,14407750,2010-06-11 00:00:00,1
2010-06-14 00:00:00,2010-06-14 00:00:00,296,2010-06-14 00:00:00,294.25,294.75,19,11600,3419675,2010-06-14 00:00:00,1
2010-06-15 00:00:00,2010-06-15 00:00:00,296,2010-06-15 00:00:00,294.75,295.5,36,37200,10974325,2010-06-15 00:00:00,1
2010-06-16 00:00:00,2010-06-16 00:00:00,300,2010-06-16 00:00:00,294.25,300,40,90600,27149975,2010-06-16 00:00:00,1
2010-06-17 00:00:00,2010-06-17 00:00:00,306,2010-06-17 00:00:00,298,298.75,25,13200,3977425,2010-06-17 00:00:00,1
2010-06-21 00:00:00,2010-06-21 00:00:00,300,2010-06-21 00:00:00,297,300,18,10400,3108750,2010-06-21 00:00:00,1
2010-06-22 00:00:00,2010-06-22 00:00:00,300,2010-06-22 00:00:00,298.5,299.25,20,13100,3919400,2010-06-22 00:00:00,1
2010-06-23 00:00:00,2010-06-23 00:00:00,302,2010-06-23 00:00:00,300,300.25,49,196400,58928750,2010-06-23 00:00:00,1
2010-06-24 00:00:00,2010-06-24 00:00:00,305,2010-06-24 00:00:00,300,302.5,19,11500,3473000,2010-06-24 00:00:00,1
2010-06-28 00:00:00,2010-06-28 00:00:00,302.5,2010-06-28 00:00:00,280.25,298.75,8,4200,1201975,2010-06-28 00:00:00,1
2010-06-29 00:00:00,2010-06-29 00:00:00,300,2010-06-29 00:00:00,287,295,11,21800,6512275,2010-06-29 00:00:00,1
2010-06-30 00:00:00,2010-06-30 00:00:00,295,2010-06-30 00:00:00,286.25,286.25,7,2600,759325,2010-06-30 00:00:00,1
2010-07-01 00:00:00,2010-07-01 00:00:00,285,2010-07-01 00:00:00,283,284.5,9,7100,2020300,2010-07-01 00:00:00,1
2010-07-02 00:00:00,2010-07-02 00:00:00,285,2010-07-02 00:00:00,282,283,10,6100,1726800,2010-07-02 00:00:00,1
2010-07-05 00:00:00,2010-07-05 00:00:00,283,2010-07-05 00:00:00,283,283,14,9000,2547000,2010-07-05 00:00:00,1
2010-07-06 00:00:00,2010-07-06 00:00:00,285,2010-07-06 00:00:00,283,283,13,22500,6369700,2010-07-06 00:00:00,1
2010-07-07 00:00:00,2010-07-07 00:00:00,298.5,2010-07-07 00:00:00,283,283,26,77400,21986900,2010-07-07 00:00:00,1
2010-07-08 00:00:00,2010-07-08 00:00:00,295,2010-07-08 00:00:00,283,287.5,4,3200,920000,2010-07-08 00:00:00,1
2010-07-09 00:00:00,2010-07-09 00:00:00,283.75,2010-07-09 00:00:00,283,283.75,5,17700,5013125,2010-07-09 00:00:00,1
2010-07-12 00:00:00,2010-07-12 00:00:00,284.25,2010-07-12 00:00:00,283.75,284,5,2700,766575,2010-07-12 00:00:00,1
2010-07-13 00:00:00,2010-07-13 00:00:00,290,2010-07-13 00:00:00,284,285.5,5,1200,344300,2010-07-13 00:00:00,1
2010-07-14 00:00:00,2010-07-14 00:00:00,290,2010-07-14 00:00:00,289,289.5,8,3100,896750,2010-07-14 00:00:00,1
2010-07-15 00:00:00,2010-07-15 00:00:00,300,2010-07-15 00:00:00,285,299.5,30,84300,25235800,2010-07-15 00:00:00,1
2010-07-16 00:00:00,2010-07-16 00:00:00,301,2010-07-16 00:00:00,300,300,12,18300,5490300,2010-07-16 00:00:00,1
2010-07-19 00:00:00,2010-07-19 00:00:00,305,2010-07-19 00:00:00,300,305,15,26400,8014000,2010-07-19 00:00:00,1
2010-07-20 00:00:00,2010-07-20 00:00:00,309,2010-07-20 00:00:00,305,306.25,8,3900,1193150,2010-07-20 00:00:00,1
2010-07-21 00:00:00,2010-07-21 00:00:00,335,2010-07-21 00:00:00,305,328.75,57,108300,35071325,2010-07-21 00:00:00,1
2010-07-22 00:00:00,2010-07-22 00:00:00,325,2010-07-22 00:00:00,325,325,2,1000,325000,2010-07-22 00:00:00,1
2010-07-23 00:00:00,2010-07-23 00:00:00,327,2010-07-23 00:00:00,320,325,14,12700,4095600,2010-07-23 00:00:00,1
2010-07-26 00:00:00,2010-07-26 00:00:00,355,2010-07-26 00:00:00,325,351.25,61,118800,40664425,2010-07-26 00:00:00,1
2010-07-27 00:00:00,2010-07-27 00:00:00,361,2010-07-27 00:00:00,360,361,12,31400,11304100,2010-07-27 00:00:00,1
2010-07-28 00:00:00,2010-07-28 00:00:00,400,2010-07-28 00:00:00,370,400,72,101900,39817575,2010-07-28 00:00:00,1
2010-07-29 00:00:00,2010-07-29 00:00:00,410,2010-07-29 00:00:00,380,385,21,3200,1284450,2010-07-29 00:00:00,1
2010-07-30 00:00:00,2010-07-30 00:00:00,400,2010-07-30 00:00:00,385,400,21,31600,12636950,2010-07-30 00:00:00,1
2010-08-02 00:00:00,2010-08-02 00:00:00,400.1,2010-08-02 00:00:00,395,400,8,31200,12479600,2010-08-02 00:00:00,1
2010-08-03 00:00:00,2010-08-03 00:00:00,382,2010-08-03 00:00:00,380.5,382,8,1600,610760,2010-08-03 00:00:00,1
2010-08-04 00:00:00,2010-08-04 00:00:00,403,2010-08-04 00:00:00,395,400,30,56900,22729200,2010-08-04 00:00:00,1
2010-08-05 00:00:00,2010-08-05 00:00:00,400,2010-08-05 00:00:00,380,400,12,36900,14142010,2010-08-05 00:00:00,1
2010-08-06 00:00:00,2010-08-06 00:00:00,404,2010-08-06 00:00:00,390,398.6,17,29900,11959390,2010-08-06 00:00:00,1
2010-08-09 00:00:00,2010-08-09 00:00:00,390,2010-08-09 00:00:00,380,380.2,13,11900,4532240,2010-08-09 00:00:00,1
2010-08-10 00:00:00,2010-08-10 00:00:00,400.1,2010-08-10 00:00:00,370,397.9,33,30100,11598600,2010-08-10 00:00:00,1
2010-08-11 00:00:00,2010-08-11 00:00:00,405,2010-08-11 00:00:00,401,401,3,1500,605500,2010-08-11 00:00:00,1
2010-08-12 00:00:00,2010-08-12 00:00:00,401,2010-08-12 00:00:00,400,400.1,16,19900,7965300,2010-08-12 00:00:00,1
2010-08-13 00:00:00,2010-08-13 00:00:00,408,2010-08-13 00:00:00,400.1,405.1,14,23800,9577270,2010-08-13 00:00:00,1
2010-08-16 00:00:00,2010-08-16 00:00:00,445.6,2010-08-16 00:00:00,439.9,443.3,11,14400,6383280,2010-08-16 00:00:00,1
2010-08-17 00:00:00,2010-08-17 00:00:00,487.6,2010-08-17 00:00:00,445,487.4,68,54800,26054630,2010-08-17 00:00:00,1
2010-08-18 00:00:00,2010-08-18 00:00:00,536.1,2010-08-18 00:00:00,536,536.1,30,15900,8523520,2010-08-18 00:00:00,1
2010-08-19 00:00:00,2010-08-19 00:00:00,589.7,2010-08-19 00:00:00,589.7,589.7,22,5300,3125410,2010-08-19 00:00:00,1
2010-08-20 00:00:00,2010-08-20 00:00:00,648.6,2010-08-20 00:00:00,644,648.6,92,34900,22613090,2010-08-20 00:00:00,1
2010-08-23 00:00:00,2010-08-23 00:00:00,713.4,2010-08-23 00:00:00,711,713.4,40,14700,10485410,2010-08-23 00:00:00,1
2010-08-25 00:00:00,2010-08-25 00:00:00,784.7,2010-08-25 00:00:00,784.7,784.7,32,12500,9808750,2010-08-25 00:00:00,1
2010-08-26 00:00:00,2010-08-26 00:00:00,863.1,2010-08-26 00:00:00,784.1,863.1,127,45100,37443820,2010-08-26 00:00:00,1
2010-08-27 00:00:00,2010-08-27 00:00:00,949.4,2010-08-27 00:00:00,899,948.3,168,64300,59169850,2010-08-27 00:00:00,1
2010-08-30 00:00:00,2010-08-30 00:00:00,1000,2010-08-30 00:00:00,950,962.2,109,34000,33559020,2010-08-30 00:00:00,1
2010-08-31 00:00:00,2010-08-31 00:00:00,962,2010-08-31 00:00:00,872.1,915.4,90,36300,33218360,2010-08-31 00:00:00,1
2010-09-01 00:00:00,2010-09-01 00:00:00,950,2010-09-01 00:00:00,900,908.3,53,36700,33312290,2010-09-01 00:00:00,1
2010-09-02 00:00:00,2010-09-02 00:00:00,930,2010-09-02 00:00:00,870,919.4,85,73500,65690480,2010-09-02 00:00:00,1
2010-09-03 00:00:00,2010-09-03 00:00:00,930,2010-09-03 00:00:00,910,929.8,31,76000,70299830,2010-09-03 00:00:00,1
2010-09-06 00:00:00,2010-09-06 00:00:00,930,2010-09-06 00:00:00,910,928,19,71100,66689500,2010-09-06 00:00:00,1
2010-09-07 00:00:00,2010-09-07 00:00:00,989,2010-09-07 00:00:00,930,987.8,42,57400,54425700,2010-09-07 00:00:00,1
2010-09-08 00:00:00,2010-09-08 00:00:00,1030,2010-09-08 00:00:00,991,999.8,67,80500,80584460,2010-09-08 00:00:00,1
2010-09-09 00:00:00,2010-09-09 00:00:00,1050,2010-09-09 00:00:00,995,999.5,64,63100,63072660,2010-09-09 00:00:00,1
2010-09-13 00:00:00,2010-09-13 00:00:00,1099.4,2010-09-13 00:00:00,1000,1099.4,83,60500,61901590,2010-09-13 00:00:00,1
2010-09-14 00:00:00,2010-09-14 00:00:00,1209.3,2010-09-14 00:00:00,1199,1204.1,182,202100,242818510,2010-09-14 00:00:00,1
2010-09-15 00:00:00,2010-09-15 00:00:00,1324.5,2010-09-15 00:00:00,1250,1307.9,175,52300,68366600,2010-09-15 00:00:00,1
2010-09-16 00:00:00,2010-09-16 00:00:00,1389,2010-09-16 00:00:00,1280,1304.4,67,17600,23149540,2010-09-16 00:00:00,1
2010-09-17 00:00:00,2010-09-17 00:00:00,1350,2010-09-17 00:00:00,1290,1299.5,61,14500,19018580,2010-09-17 00:00:00,1
2010-09-20 00:00:00,2010-09-20 00:00:00,1434,2010-09-20 00:00:00,1250,1288.5,25,7700,10130200,2010-09-20 00:00:00,1
2010-09-21 00:00:00,2010-09-21 00:00:00,1440,2010-09-21 00:00:00,1200,1397.4,207,102700,137562440,2010-09-21 00:00:00,1
2010-09-23 00:00:00,2010-09-23 00:00:00,1600,2010-09-23 00:00:00,1360,1400.2,333,255900,370451690,2010-09-23 00:00:00,1
2010-09-24 00:00:00,2010-09-24 00:00:00,1450,2010-09-24 00:00:00,1380,1382.5,97,31900,45006190,2010-09-24 00:00:00,1
2010-09-27 00:00:00,2010-09-27 00:00:00,1399,2010-09-27 00:00:00,1300,1332.7,52,18300,24653540,2010-09-27 00:00:00,1
2010-09-28 00:00:00,2010-09-28 00:00:00,1448.9,2010-09-28 00:00:00,1300,1413.1,92,35100,48519920,2010-09-28 00:00:00,1
2010-09-29 00:00:00,2010-09-29 00:00:00,1450,2010-09-29 00:00:00,1400,1439.9,39,14900,21100800,2010-09-29 00:00:00,1
2010-09-30 00:00:00,2010-09-30 00:00:00,1450,2010-09-30 00:00:00,1300,1422,63,33600,47422360,2010-09-30 00:00:00,1
2010-10-01 00:00:00,2010-10-01 00:00:00,1449,2010-10-01 00:00:00,1301,1402,24,11300,15745920,2010-10-01 00:00:00,1
2010-10-04 00:00:00,2010-10-04 00:00:00,1402,2010-10-04 00:00:00,1350.1,1378.5,26,7200,10000600,2010-10-04 00:00:00,1
2010-10-05 00:00:00,2010-10-05 00:00:00,1380,2010-10-05 00:00:00,1320,1338.6,79,46600,62568320,2010-10-05 00:00:00,1
2010-10-06 00:00:00,2010-10-06 00:00:00,1400,2010-10-06 00:00:00,1305,1319.5,45,55400,74569200,2010-10-06 00:00:00,1
2010-10-07 00:00:00,2010-10-07 00:00:00,1349,2010-10-07 00:00:00,1280,1325.3,29,8300,10891700,2010-10-07 00:00:00,1
2010-10-08 00:00:00,2010-10-08 00:00:00,1340,2010-10-08 00:00:00,1300,1330.5,29,7900,10401000,2010-10-08 00:00:00,1
2010-10-11 00:00:00,2010-10-11 00:00:00,1400,2010-10-11 00:00:00,1340.1,1358.4,43,121100,168674260,2010-10-11 00:00:00,1
2010-10-12 00:00:00,2010-10-12 00:00:00,1350,2010-10-12 00:00:00,1300,1313.1,45,15800,20773850,2010-10-12 00:00:00,1
2010-10-13 00:00:00,2010-10-13 00:00:00,1349.8,2010-10-13 00:00:00,1280,1307.5,60,226600,299251020,2010-10-13 00:00:00,1
2010-10-14 00:00:00,2010-10-14 00:00:00,1339,2010-10-14 00:00:00,1281,1298.6,42,314700,416805210,2010-10-14 00:00:00,1
2010-10-15 00:00:00,2010-10-15 00:00:00,1301,2010-10-15 00:00:00,1285.1,1285.1,15,55900,73920620,2010-10-15 00:00:00,1
2010-10-18 00:00:00,2010-10-18 00:00:00,1300.1,2010-10-18 00:00:00,1275,1275.1,22,15500,19840230,2010-10-18 00:00:00,1
2010-10-19 00:00:00,2010-10-19 00:00:00,1300,2010-10-19 00:00:00,1290,1291.5,3,700,904900,2010-10-19 00:00:00,1
2010-10-20 00:00:00,2010-10-20 00:00:00,1310,2010-10-20 00:00:00,1280,1295.7,27,33600,43360700,2010-10-20 00:00:00,1
2010-10-21 00:00:00,2010-10-21 00:00:00,1298,2010-10-21 00:00:00,1290,1290.9,14,4700,6067600,2010-10-21 00:00:00,1
2010-10-25 00:00:00,2010-10-25 00:00:00,1299,2010-10-25 00:00:00,1290,1299,8,3200,4138900,2010-10-25 00:00:00,1
2010-10-26 00:00:00,2010-10-26 00:00:00,1280,2010-10-26 00:00:00,1270,1270.4,17,5200,6607450,2010-10-26 00:00:00,1
2010-10-27 00:00:00,2010-10-27 00:00:00,1290,2010-10-27 00:00:00,1268,1283.4,15,5000,6359810,2010-10-27 00:00:00,1
2010-10-28 00:00:00,2010-10-28 00:00:00,1290,2010-10-28 00:00:00,1251,1282,8,3200,4045990,2010-10-28 00:00:00,1
2010-10-29 00:00:00,2010-10-29 00:00:00,1300,2010-10-29 00:00:00,1270,1299.7,28,6100,7917640,2010-10-29 00:00:00,1
2010-11-01 00:00:00,2010-11-01 00:00:00,1300,2010-11-01 00:00:00,1290,1297,20,6900,8936290,2010-11-01 00:00:00,1
2010-11-02 00:00:00,2010-11-02 00:00:00,1310,2010-11-02 00:00:00,1295,1300,23,14500,18853000,2010-11-02 00:00:00,1
2010-11-03 00:00:00,2010-11-03 00:00:00,1325,2010-11-03 00:00:00,1315,1318.4,15,3200,4215500,2010-11-03 00:00:00,1
2010-11-04 00:00:00,2010-11-04 00:00:00,1340,2010-11-04 00:00:00,1312,1331.4,10,1800,2401500,2010-11-04 00:00:00,1
2010-11-08 00:00:00,2010-11-08 00:00:00,1330,2010-11-08 00:00:00,1310,1315,5,1000,1316500,2010-11-08 00:00:00,1
2010-11-09 00:00:00,2010-11-09 00:00:00,1300,2010-11-09 00:00:00,1290,1295.6,23,10400,13516000,2010-11-09 00:00:00,1
2010-11-10 00:00:00,2010-11-10 00:00:00,1310,2010-11-10 00:00:00,1290,1292,18,9500,12345700,2010-11-10 00:00:00,1
2010-11-11 00:00:00,2010-11-11 00:00:00,1310,2010-11-11 00:00:00,1290,1291.3,15,2000,2589300,2010-11-11 00:00:00,1
2010-11-12 00:00:00,2010-11-12 00:00:00,1319.8,2010-11-12 00:00:00,1290,1300,49,10100,13103460,2010-11-12 00:00:00,1
2010-11-22 00:00:00,2010-11-22 00:00:00,140,2010-11-22 00:00:00,129,129.6,340,268600,35744410,2010-11-22 00:00:00,1
2010-11-23 00:00:00,2010-11-23 00:00:00,134,2010-11-23 00:00:00,120,124.2,159,136400,16921380,2010-11-23 00:00:00,1
2010-11-24 00:00:00,2010-11-24 00:00:00,125,2010-11-24 00:00:00,120,120.2,227,201200,24355850,2010-11-24 00:00:00,1
2010-11-25 00:00:00,2010-11-25 00:00:00,210,2010-11-25 00:00:00,119.1,120,87,103000,12436080,2010-11-25 00:00:00,1
2010-11-26 00:00:00,2010-11-26 00:00:00,120,2010-11-26 00:00:00,117,117.4,133,233400,27639390,2010-11-26 00:00:00,1
2010-11-29 00:00:00,2010-11-29 00:00:00,124,2010-11-29 00:00:00,114,115,133,252100,29200290,2010-11-29 00:00:00,1
2010-11-30 00:00:00,2010-11-30 00:00:00,130,2010-11-30 00:00:00,120,120.7,302,311700,37972180,2010-11-30 00:00:00,1
2010-12-01 00:00:00,2010-12-01 00:00:00,134,2010-12-01 00:00:00,123.9,131.6,502,608200,79565800,2010-12-01 00:00:00,1
2010-12-02 00:00:00,2010-12-02 00:00:00,136,2010-12-02 00:00:00,130,132,294,372600,49436300,2010-12-02 00:00:00,1
2010-12-03 00:00:00,2010-12-03 00:00:00,133,2010-12-03 00:00:00,131,132,127,226600,29917540,2010-12-03 00:00:00,1
2010-12-06 00:00:00,2010-12-06 00:00:00,132.9,2010-12-06 00:00:00,131.5,131.5,70,95500,12577380,2010-12-06 00:00:00,1
2010-12-07 00:00:00,2010-12-07 00:00:00,131,2010-12-07 00:00:00,129,129.6,87,125800,16313990,2010-12-07 00:00:00,1
2010-12-08 00:00:00,2010-12-08 00:00:00,129.6,2010-12-08 00:00:00,126.2,128.7,32,15200,1952210,2010-12-08 00:00:00,1
2010-12-09 00:00:00,2010-12-09 00:00:00,128.5,2010-12-09 00:00:00,126.7,127,74,91900,11705290,2010-12-09 00:00:00,1
2010-12-10 00:00:00,2010-12-10 00:00:00,127.1,2010-12-10 00:00:00,126.3,127,57,71800,9099020,2010-12-10 00:00:00,1
2010-12-13 00:00:00,2010-12-13 00:00:00,131.9,2010-12-13 00:00:00,127,128.1,30,27300,3516170,2010-12-13 00:00:00,1
2010-12-14 00:00:00,2010-12-14 00:00:00,127.3,2010-12-14 00:00:00,125,125.7,36,28900,3666370,2010-12-14 00:00:00,1
2010-12-15 00:00:00,2010-12-15 00:00:00,128,2010-12-15 00:00:00,125,125.6,32,24700,3122010,2010-12-15 00:00:00,1
2010-12-16 00:00:00,2010-12-16 00:00:00,127.7,2010-12-16 00:00:00,125,126.5,28,103600,13097130,2010-12-16 00:00:00,1
2010-12-17 00:00:00,2010-12-17 00:00:00,127,2010-12-17 00:00:00,125.8,126.1,23,36500,4614090,2010-12-17 00:00:00,1
2010-12-21 00:00:00,2010-12-21 00:00:00,129.7,2010-12-21 00:00:00,126.8,127.9,42,40300,5159060,2010-12-21 00:00:00,1
2010-12-22 00:00:00,2010-12-22 00:00:00,129.5,2010-12-22 00:00:00,127.1,127.9,94,252400,32547810,2010-12-22 00:00:00,1
2010-12-23 00:00:00,2010-12-23 00:00:00,130,2010-12-23 00:00:00,128,128.9,89,220200,28444550,2010-12-23 00:00:00,1
2010-12-24 00:00:00,2010-12-24 00:00:00,129,2010-12-24 00:00:00,128,128.8,26,40200,5174570,2010-12-24 00:00:00,1
2010-12-27 00:00:00,2010-12-27 00:00:00,130.1,2010-12-27 00:00:00,128.3,129.2,92,83800,10836020,2010-12-27 00:00:00,1
2010-12-28 00:00:00,2010-12-28 00:00:00,130,2010-12-28 00:00:00,128,128.9,64,61000,7852850,2010-12-28 00:00:00,1
2010-12-29 00:00:00,2010-12-29 00:00:00,129,2010-12-29 00:00:00,128.1,128.6,28,46500,5996540,2010-12-29 00:00:00,1
2010-12-30 00:00:00,2010-12-30 00:00:00,128.9,2010-12-30 00:00:00,125.5,128.5,49,29700,3796980,2010-12-30 00:00:00,1
2010-12-31 00:00:00,2010-12-31 00:00:00,129,2010-12-31 00:00:00,127,127.8,90,132400,16949940,2010-12-31 00:00:00,1
Company Id :  LPRT,,Security Type :  N,,Sub Type :  0000,,,,,,
Short Name :  LAKE HOUSE PRIN.,,,,,,,,,,
Day,Date High,High,Date Low,Low,Closing,No. of Trades,No. of Shares,Turnover,Last Traded,Days Traded
2010-01-06 00:00:00,2010-01-06 00:00:00,66,2010-01-06 00:00:00,66,66,1,100,6600,2010-01-06 00:00:00,1
2010-01-20 00:00:00,2010-01-20 00:00:00,69.5,2010-01-20 00:00:00,69,69.25,2,700,48400,2010-01-20 00:00:00,1
2010-01-22 00:00:00,2010-01-22 00:00:00,68.75,2010-01-22 00:00:00,66,66.25,2,1400,92675,2010-01-22 00:00:00,1
2010-03-05 00:00:00,2010-03-05 00:00:00,68,2010-03-05 00:00:00,68,68,1,100,6800,2010-03-05 00:00:00,1
2010-03-08 00:00:00,2010-03-08 00:00:00,61.5,2010-03-08 00:00:00,61,61.5,3,300,18375,2010-03-08 00:00:00,1
2010-03-12 00:00:00,2010-03-12 00:00:00,68,2010-03-12 00:00:00,67,67.75,4,1500,101575,2010-03-12 00:00:00,1
2010-03-15 00:00:00,2010-03-15 00:00:00,75,2010-03-15 00:00:00,69,73.25,18,5700,418000,2010-03-15 00:00:00,1
2010-03-23 00:00:00,2010-03-23 00:00:00,71,2010-03-23 00:00:00,68,70,46,67900,4742975,2010-03-23 00:00:00,1
2010-03-24 00:00:00,2010-03-24 00:00:00,72,2010-03-24 00:00:00,71,71,10,6600,468700,2010-03-24 00:00:00,1
2010-03-25 00:00:00,2010-03-25 00:00:00,88,2010-03-25 00:00:00,73.5,81.5,73,35700,2917500,2010-03-25 00:00:00,1
2010-03-26 00:00:00,2010-03-26 00:00:00,83.75,2010-03-26 00:00:00,75,78.75,32,13500,1088450,2010-03-26 00:00:00,1
2010-03-30 00:00:00,2010-03-30 00:00:00,76,2010-03-30 00:00:00,75.75,75.75,4,2000,151750,2010-03-30 00:00:00,1
2010-03-31 00:00:00,2010-03-31 00:00:00,76.5,2010-03-31 00:00:00,75,75.5,20,16800,1276450,2010-03-31 00:00:00,1
2010-04-01 00:00:00,2010-04-01 00:00:00,79,2010-04-01 00:00:00,75,75.75,37,27200,2046950,2010-04-01 00:00:00,1
2010-04-05 00:00:00,2010-04-05 00:00:00,76,2010-04-05 00:00:00,76,76,2,1200,91200,2010-04-05 00:00:00,1
2010-04-06 00:00:00,2010-04-06 00:00:00,80,2010-04-06 00:00:00,75,75,8,5200,411425,2010-04-06 00:00:00,1
2010-04-07 00:00:00,2010-04-07 00:00:00,75,2010-04-07 00:00:00,73.5,73.5,3,1800,134250,2010-04-07 00:00:00,1
2010-04-12 00:00:00,2010-04-12 00:00:00,79,2010-04-12 00:00:00,76,76,7,6700,515200,2010-04-12 00:00:00,1
2010-04-15 00:00:00,2010-04-15 00:00:00,76,2010-04-15 00:00:00,76,76,1,100,7600,2010-04-15 00:00:00,1
2010-04-16 00:00:00,2010-04-16 00:00:00,75,2010-04-16 00:00:00,75,75,2,3000,225000,2010-04-16 00:00:00,1
2010-04-20 00:00:00,2010-04-20 00:00:00,70,2010-04-20 00:00:00,70,70,1,1000,70000,2010-04-20 00:00:00,1
2010-04-23 00:00:00,2010-04-23 00:00:00,70,2010-04-23 00:00:00,70,70,1,1000,70000,2010-04-23 00:00:00,1
2010-04-26 00:00:00,2010-04-26 00:00:00,72,2010-04-26 00:00:00,72,72,2,2000,144000,2010-04-26 00:00:00,1
2010-04-27 00:00:00,2010-04-27 00:00:00,70,2010-04-27 00:00:00,70,70,1,400,28000,2010-04-27 00:00:00,1
2010-05-03 00:00:00,2010-05-03 00:00:00,70,2010-05-03 00:00:00,70,70,6,2000,140000,2010-05-03 00:00:00,1
2010-06-08 00:00:00,2010-06-08 00:00:00,69.5,2010-06-08 00:00:00,66,68.5,4,12500,857500,2010-06-08 00:00:00,1
2010-06-11 00:00:00,2010-06-11 00:00:00,72.5,2010-06-11 00:00:00,68,71.75,37,68400,4881450,2010-06-11 00:00:00,1
2010-06-14 00:00:00,2010-06-14 00:00:00,72,2010-06-14 00:00:00,72,72,3,3500,252000,2010-06-14 00:00:00,1
2010-06-15 00:00:00,2010-06-15 00:00:00,74.25,2010-06-15 00:00:00,70,70,15,11400,844575,2010-06-15 00:00:00,1
2010-06-16 00:00:00,2010-06-16 00:00:00,71.5,2010-06-16 00:00:00,71,71.5,3,300,21400,2010-06-16 00:00:00,1
2010-06-17 00:00:00,2010-06-17 00:00:00,71,2010-06-17 00:00:00,71,71,1,300,21300,2010-06-17 00:00:00,1
2010-06-22 00:00:00,2010-06-22 00:00:00,74.75,2010-06-22 00:00:00,72,72,7,2300,165875,2010-06-22 00:00:00,1
2010-06-23 00:00:00,2010-06-23 00:00:00,79,2010-06-23 00:00:00,73,76,13,6000,455600,2010-06-23 00:00:00,1
2010-06-24 00:00:00,2010-06-24 00:00:00,72,2010-06-24 00:00:00,72,72,1,5000,360000,2010-06-24 00:00:00,1
2010-06-28 00:00:00,2010-06-28 00:00:00,76,2010-06-28 00:00:00,72,75.75,4,8800,647800,2010-06-28 00:00:00,1
2010-06-29 00:00:00,2010-06-29 00:00:00,78,2010-06-29 00:00:00,78,78,1,600,46800,2010-06-29 00:00:00,1
2010-07-05 00:00:00,2010-07-05 00:00:00,76,2010-07-05 00:00:00,68,68.5,10,35300,2401500,2010-07-05 00:00:00,1
2010-07-14 00:00:00,2010-07-14 00:00:00,65,2010-07-14 00:00:00,65,65,2,700,45500,2010-07-14 00:00:00,1
2010-07-19 00:00:00,2010-07-19 00:00:00,70,2010-07-19 00:00:00,70,70,1,1000,70000,2010-07-19 00:00:00,1
2010-07-22 00:00:00,2010-07-22 00:00:00,85,2010-07-22 00:00:00,72,80.25,45,84800,6695625,2010-07-22 00:00:00,1
2010-07-23 00:00:00,2010-07-23 00:00:00,84,2010-07-23 00:00:00,80,81.5,9,15600,1272150,2010-07-23 00:00:00,1
2010-07-26 00:00:00,2010-07-26 00:00:00,84,2010-07-26 00:00:00,80,80.5,16,13600,1096275,2010-07-26 00:00:00,1
2010-07-27 00:00:00,2010-07-27 00:00:00,85.75,2010-07-27 00:00:00,84.75,84.75,8,6100,519350,2010-07-27 00:00:00,1
2010-07-29 00:00:00,2010-07-29 00:00:00,84,2010-07-29 00:00:00,80,80,10,11600,928800,2010-07-29 00:00:00,1
2010-07-30 00:00:00,2010-07-30 00:00:00,84,2010-07-30 00:00:00,80.25,81,9,5100,420150,2010-07-30 00:00:00,1
2010-08-02 00:00:00,2010-08-02 00:00:00,84.5,2010-08-02 00:00:00,80,80.4,3,3600,288450,2010-08-02 00:00:00,1
2010-08-04 00:00:00,2010-08-04 00:00:00,84,2010-08-04 00:00:00,84,84,1,2000,168000,2010-08-04 00:00:00,1
2010-08-05 00:00:00,2010-08-05 00:00:00,82.5,2010-08-05 00:00:00,80,82.5,8,8200,657250,2010-08-05 00:00:00,1
2010-08-06 00:00:00,2010-08-06 00:00:00,88,2010-08-06 00:00:00,80,80,4,2100,172550,2010-08-06 00:00:00,1
2010-08-10 00:00:00,2010-08-10 00:00:00,80,2010-08-10 00:00:00,80,80,1,1700,136000,2010-08-10 00:00:00,1
2010-08-11 00:00:00,2010-08-11 00:00:00,80,2010-08-11 00:00:00,80,80,1,5000,400000,2010-08-11 00:00:00,1
2010-08-13 00:00:00,2010-08-13 00:00:00,86.9,2010-08-13 00:00:00,80,84.1,6,13700,1152170,2010-08-13 00:00:00,1
2010-08-19 00:00:00,2010-08-19 00:00:00,80.1,2010-08-19 00:00:00,80,80.1,2,1500,120040,2010-08-19 00:00:00,1
2010-08-20 00:00:00,2010-08-20 00:00:00,80,2010-08-20 00:00:00,80,80,1,100,8000,2010-08-20 00:00:00,1
2010-08-25 00:00:00,2010-08-25 00:00:00,80,2010-08-25 00:00:00,80,80,1,1000,80000,2010-08-25 00:00:00,1
2010-09-03 00:00:00,2010-09-03 00:00:00,85,2010-09-03 00:00:00,85,85,1,500,42500,2010-09-03 00:00:00,1
2010-09-06 00:00:00,2010-09-06 00:00:00,85,2010-09-06 00:00:00,85,85,1,1000,85000,2010-09-06 00:00:00,1
2010-09-07 00:00:00,2010-09-07 00:00:00,88,2010-09-07 00:00:00,87,87.3,2,400,34900,2010-09-07 00:00:00,1
2010-09-15 00:00:00,2010-09-15 00:00:00,90,2010-09-15 00:00:00,86.5,89,7,8000,712050,2010-09-15 00:00:00,1
2010-09-17 00:00:00,2010-09-17 00:00:00,92,2010-09-17 00:00:00,87,90.5,8,168800,14693700,2010-09-17 00:00:00,1
2010-09-20 00:00:00,2010-09-20 00:00:00,109,2010-09-20 00:00:00,94.5,104.8,33,18500,1866300,2010-09-20 00:00:00,1
2010-09-21 00:00:00,2010-09-21 00:00:00,188.9,2010-09-21 00:00:00,100,184.7,70,43100,5812850,2010-09-21 00:00:00,1
2010-09-23 00:00:00,2010-09-23 00:00:00,194.1,2010-09-23 00:00:00,175,185.8,30,23500,4360470,2010-09-23 00:00:00,1
2010-09-24 00:00:00,2010-09-24 00:00:00,168,2010-09-24 00:00:00,167.5,167.5,3,1100,184550,2010-09-24 00:00:00,1
2010-09-27 00:00:00,2010-09-27 00:00:00,150.8,2010-09-27 00:00:00,150.8,150.8,3,700,105560,2010-09-27 00:00:00,1
2010-09-28 00:00:00,2010-09-28 00:00:00,140,2010-09-28 00:00:00,140,140,3,1400,196000,2010-09-28 00:00:00,1
2010-10-12 00:00:00,2010-10-12 00:00:00,130,2010-10-12 00:00:00,130,130,1,100,13000,2010-10-12 00:00:00,1
2010-10-18 00:00:00,2010-10-18 00:00:00,155,2010-10-18 00:00:00,155,155,1,100,15500,2010-10-18 00:00:00,1
2010-10-20 00:00:00,2010-10-20 00:00:00,149.9,2010-10-20 00:00:00,140,140,6,148200,20749990,2010-10-20 00:00:00,1
2010-10-21 00:00:00,2010-10-21 00:00:00,155,2010-10-21 00:00:00,145,147.3,13,3700,563700,2010-10-21 00:00:00,1
2010-10-25 00:00:00,2010-10-25 00:00:00,150,2010-10-25 00:00:00,141.1,145.6,2,200,29110,2010-10-25 00:00:00,1
2010-10-28 00:00:00,2010-10-28 00:00:00,145,2010-10-28 00:00:00,100.2,145,2,600,82520,2010-10-28 00:00:00,1
2010-11-01 00:00:00,2010-11-01 00:00:00,144,2010-11-01 00:00:00,144,144,1,200,28800,2010-11-01 00:00:00,1
2010-11-03 00:00:00,2010-11-03 00:00:00,120,2010-11-03 00:00:00,120,120,1,100,12000,2010-11-03 00:00:00,1
2010-11-04 00:00:00,2010-11-04 00:00:00,126,2010-11-04 00:00:00,125,125.3,6,3000,375500,2010-11-04 00:00:00,1
2010-11-08 00:00:00,2010-11-08 00:00:00,125,2010-11-08 00:00:00,125,125,3,1000,125000,2010-11-08 00:00:00,1
2010-11-09 00:00:00,2010-11-09 00:00:00,125,2010-11-09 00:00:00,125,125,1,5000,625000,2010-11-09 00:00:00,1
2010-12-02 00:00:00,2010-12-02 00:00:00,110,2010-12-02 00:00:00,110,110,1,100,11000,2010-12-02 00:00:00,1
2010-12-30 00:00:00,2010-12-30 00:00:00,120,2010-12-30 00:00:00,120,120,1,100,12000,2010-12-30 00:00:00,1
2010-12-31 00:00:00,2010-12-31 00:00:00,135,2010-12-31 00:00:00,118,126.5,2,2200,278300,2010-12-31 00:00:00,1
Company Id :  LVEN,,Security Type :  N,,Sub Type :  0000,,,,,,
Short Name :  LANKA VENTURES,,,,,,,,,,
Day,Date High,High,Date Low,Low,Closing,No. of Trades,No. of Shares,Turnover,Last Traded,Days Traded
2010-01-04 00:00:00,2010-01-04 00:00:00,17.5,2010-01-04 00:00:00,17,17,9,14800,252100,2010-01-04 00:00:00,1
2010-01-05 00:00:00,2010-01-05 00:00:00,17.25,2010-01-05 00:00:00,17,17,4,2200,37425,2010-01-05 00:00:00,1
2010-01-06 00:00:00,2010-01-06 00:00:00,17.5,2010-01-06 00:00:00,16.75,17,11,21500,363475,2010-01-06 00:00:00,1
2010-01-07 00:00:00,2010-01-07 00:00:00,17,2010-01-07 00:00:00,16.5,16.5,12,36600,608750,2010-01-07 00:00:00,1
2010-01-08 00:00:00,2010-01-08 00:00:00,16.75,2010-01-08 00:00:00,16.75,16.75,36,75800,1269650,2010-01-08 00:00:00,1
2010-01-11 00:00:00,2010-01-11 00:00:00,17,2010-01-11 00:00:00,16.75,16.75,7,3200,54000,2010-01-11 00:00:00,1
2010-01-12 00:00:00,2010-01-12 00:00:00,16.5,2010-01-12 00:00:00,16.5,16.5,3,2100,34650,2010-01-12 00:00:00,1
2010-01-13 00:00:00,2010-01-13 00:00:00,16.75,2010-01-13 00:00:00,16.75,16.75,4,8300,139025,2010-01-13 00:00:00,1
2010-01-15 00:00:00,2010-01-15 00:00:00,16.75,2010-01-15 00:00:00,16.5,16.75,7,25800,428825,2010-01-15 00:00:00,1
2010-01-18 00:00:00,2010-01-18 00:00:00,18,2010-01-18 00:00:00,16.75,17,115,39420093,709396374,2010-01-18 00:00:00,1
2010-01-19 00:00:00,2010-01-19 00:00:00,17.5,2010-01-19 00:00:00,16.75,17,39,125600,2138450,2010-01-19 00:00:00,1
2010-01-20 00:00:00,2010-01-20 00:00:00,17.25,2010-01-20 00:00:00,17,17.25,15,83100,1426450,2010-01-20 00:00:00,1
2010-01-21 00:00:00,2010-01-21 00:00:00,17.25,2010-01-21 00:00:00,17,17,9,9400,160450,2010-01-21 00:00:00,1
2010-01-22 00:00:00,2010-01-22 00:00:00,17.25,2010-01-22 00:00:00,17,17,9,33900,583850,2010-01-22 00:00:00,1
2010-01-25 00:00:00,2010-01-25 00:00:00,17.5,2010-01-25 00:00:00,17,17.25,10,6000,103075,2010-01-25 00:00:00,1
2010-01-26 00:00:00,2010-01-26 00:00:00,17.5,2010-01-26 00:00:00,17.25,17.5,9,5400,94025,2010-01-26 00:00:00,1
2010-01-28 00:00:00,2010-01-28 00:00:00,17.5,2010-01-28 00:00:00,17,17.5,24,41900,724775,2010-01-28 00:00:00,1
2010-02-01 00:00:00,2010-02-01 00:00:00,17.25,2010-02-01 00:00:00,17,17.25,28,64900,1119275,2010-02-01 00:00:00,1
2010-02-02 00:00:00,2010-02-02 00:00:00,17.25,2010-02-02 00:00:00,17,17,17,50200,863450,2010-02-02 00:00:00,1
2010-02-03 00:00:00,2010-02-03 00:00:00,17.75,2010-02-03 00:00:00,17.25,17.25,18,30300,533500,2010-02-03 00:00:00,1
2010-02-05 00:00:00,2010-02-05 00:00:00,18.75,2010-02-05 00:00:00,17.5,18.25,242,714600,12883000,2010-02-05 00:00:00,1
2010-02-08 00:00:00,2010-02-08 00:00:00,18.75,2010-02-08 00:00:00,18,18.25,94,246400,4454575,2010-02-08 00:00:00,1
2010-02-09 00:00:00,2010-02-09 00:00:00,18.5,2010-02-09 00:00:00,18,18.25,55,144600,2619525,2010-02-09 00:00:00,1
2010-02-10 00:00:00,2010-02-10 00:00:00,18.75,2010-02-10 00:00:00,18,18.5,131,374400,6950225,2010-02-10 00:00:00,1
2010-02-11 00:00:00,2010-02-11 00:00:00,18.5,2010-02-11 00:00:00,18,18.25,35,86300,1577575,2010-02-11 00:00:00,1
2010-02-12 00:00:00,2010-02-12 00:00:00,18.25,2010-02-12 00:00:00,18,18.25,19,28000,507900,2010-02-12 00:00:00,1
2010-02-15 00:00:00,2010-02-15 00:00:00,18.5,2010-02-15 00:00:00,18,18,49,239400,4311375,2010-02-15 00:00:00,1
2010-02-16 00:00:00,2010-02-16 00:00:00,18.25,2010-02-16 00:00:00,18,18,20,16900,304700,2010-02-16 00:00:00,1
2010-02-17 00:00:00,2010-02-17 00:00:00,18,2010-02-17 00:00:00,17.75,17.75,31,172700,3108100,2010-02-17 00:00:00,1
2010-02-18 00:00:00,2010-02-18 00:00:00,17.75,2010-02-18 00:00:00,17.75,17.75,12,26200,465050,2010-02-18 00:00:00,1
2010-02-19 00:00:00,2010-02-19 00:00:00,18.25,2010-02-19 00:00:00,17.5,18.25,39,85300,1540150,2010-02-19 00:00:00,1
2010-02-22 00:00:00,2010-02-22 00:00:00,18.25,2010-02-22 00:00:00,18,18,30,43800,791225,2010-02-22 00:00:00,1
2010-02-23 00:00:00,2010-02-23 00:00:00,19.75,2010-02-23 00:00:00,18.25,18.5,232,522000,10050400,2010-02-23 00:00:00,1
2010-02-24 00:00:00,2010-02-24 00:00:00,19,2010-02-24 00:00:00,18.25,18.75,37,76600,1431550,2010-02-24 00:00:00,1
2010-02-25 00:00:00,2010-02-25 00:00:00,18.75,2010-02-25 00:00:00,18.25,18.5,37,100000,1850000,2010-02-25 00:00:00,1
2010-02-26 00:00:00,2010-02-26 00:00:00,18.75,2010-02-26 00:00:00,18.5,18.5,10,11100,205625,2010-02-26 00:00:00,1
2010-03-01 00:00:00,2010-03-01 00:00:00,18.75,2010-03-01 00:00:00,18.5,18.5,27,72200,1339925,2010-03-01 00:00:00,1
2010-03-02 00:00:00,2010-03-02 00:00:00,18.5,2010-03-02 00:00:00,18.25,18.5,59,179700,3323325,2010-03-02 00:00:00,1
2010-03-03 00:00:00,2010-03-03 00:00:00,18.5,2010-03-03 00:00:00,18.25,18.5,15,10500,193750,2010-03-03 00:00:00,1
2010-03-04 00:00:00,2010-03-04 00:00:00,18.5,2010-03-04 00:00:00,18.25,18.5,41,48700,890500,2010-03-04 00:00:00,1
2010-03-05 00:00:00,2010-03-05 00:00:00,18.25,2010-03-05 00:00:00,18.25,18.25,24,16700,304775,2010-03-05 00:00:00,1
2010-03-08 00:00:00,2010-03-08 00:00:00,18.5,2010-03-08 00:00:00,18,18.25,33,43000,782600,2010-03-08 00:00:00,1
2010-03-09 00:00:00,2010-03-09 00:00:00,18.25,2010-03-09 00:00:00,18.25,18.25,22,94800,1730100,2010-03-09 00:00:00,1
2010-03-10 00:00:00,2010-03-10 00:00:00,18.5,2010-03-10 00:00:00,18,18.5,19,18400,339675,2010-03-10 00:00:00,1
2010-03-11 00:00:00,2010-03-11 00:00:00,19.5,2010-03-11 00:00:00,18.5,19,123,298100,5630175,2010-03-11 00:00:00,1
2010-03-12 00:00:00,2010-03-12 00:00:00,20.75,2010-03-12 00:00:00,19.25,20,387,760100,15344650,2010-03-12 00:00:00,1
2010-03-15 00:00:00,2010-03-15 00:00:00,20,2010-03-15 00:00:00,18.5,18.75,238,383000,7298975,2010-03-15 00:00:00,1
2010-03-16 00:00:00,2010-03-16 00:00:00,19,2010-03-16 00:00:00,18.5,18.75,22,23900,448275,2010-03-16 00:00:00,1
2010-03-17 00:00:00,2010-03-17 00:00:00,18.75,2010-03-17 00:00:00,18,18,50,71800,1312300,2010-03-17 00:00:00,1
2010-03-18 00:00:00,2010-03-18 00:00:00,18.25,2010-03-18 00:00:00,18,18,12,14100,256575,2010-03-18 00:00:00,1
2010-03-19 00:00:00,2010-03-19 00:00:00,18.25,2010-03-19 00:00:00,18,18,15,14800,266475,2010-03-19 00:00:00,1
2010-03-22 00:00:00,2010-03-22 00:00:00,19,2010-03-22 00:00:00,18,18,6,1900,34325,2010-03-22 00:00:00,1
2010-03-23 00:00:00,2010-03-23 00:00:00,18.75,2010-03-23 00:00:00,18,18.25,18,7000,127375,2010-03-23 00:00:00,1
2010-03-24 00:00:00,2010-03-24 00:00:00,18.25,2010-03-24 00:00:00,18,18,12,20700,373850,2010-03-24 00:00:00,1
2010-03-26 00:00:00,2010-03-26 00:00:00,18.25,2010-03-26 00:00:00,18,18.25,18,15600,280975,2010-03-26 00:00:00,1
2010-03-30 00:00:00,2010-03-30 00:00:00,18.25,2010-03-30 00:00:00,18,18,6,16100,289825,2010-03-30 00:00:00,1
2010-03-31 00:00:00,2010-03-31 00:00:00,18,2010-03-31 00:00:00,17.5,17.75,45,45300,803375,2010-03-31 00:00:00,1
2010-04-05 00:00:00,2010-04-05 00:00:00,18,2010-04-05 00:00:00,17.75,17.75,3,1400,24950,2010-04-05 00:00:00,1
2010-04-06 00:00:00,2010-04-06 00:00:00,18.5,2010-04-06 00:00:00,18,18.5,23,29100,529500,2010-04-06 00:00:00,1
2010-04-07 00:00:00,2010-04-07 00:00:00,18.75,2010-04-07 00:00:00,18.25,18.25,18,54900,1003775,2010-04-07 00:00:00,1
2010-04-08 00:00:00,2010-04-08 00:00:00,18.75,2010-04-08 00:00:00,18,18,24,21500,392200,2010-04-08 00:00:00,1
2010-04-12 00:00:00,2010-04-12 00:00:00,18.5,2010-04-12 00:00:00,18.25,18.5,10,16200,297875,2010-04-12 00:00:00,1
2010-04-15 00:00:00,2010-04-15 00:00:00,18.75,2010-04-15 00:00:00,18.25,18.5,8,24200,442225,2010-04-15 00:00:00,1
2010-04-16 00:00:00,2010-04-16 00:00:00,19.25,2010-04-16 00:00:00,18.25,18.75,11,13600,255225,2010-04-16 00:00:00,1
2010-04-19 00:00:00,2010-04-19 00:00:00,19,2010-04-19 00:00:00,18.25,18.5,26,78400,1459725,2010-04-19 00:00:00,1
2010-04-20 00:00:00,2010-04-20 00:00:00,18.75,2010-04-20 00:00:00,18.25,18.25,12,15700,292300,2010-04-20 00:00:00,1
2010-04-21 00:00:00,2010-04-21 00:00:00,19,2010-04-21 00:00:00,18.25,18.5,16,26300,483300,2010-04-21 00:00:00,1
2010-04-22 00:00:00,2010-04-22 00:00:00,18.75,2010-04-22 00:00:00,18.25,18.5,14,14200,262900,2010-04-22 00:00:00,1
2010-04-23 00:00:00,2010-04-23 00:00:00,18.75,2010-04-23 00:00:00,18.5,18.5,16,20900,388675,2010-04-23 00:00:00,1
2010-04-26 00:00:00,2010-04-26 00:00:00,19,2010-04-26 00:00:00,18.25,19,14,19000,352150,2010-04-26 00:00:00,1
2010-04-27 00:00:00,2010-04-27 00:00:00,18.75,2010-04-27 00:00:00,18.5,18.5,28,187100,3461375,2010-04-27 00:00:00,1
2010-04-29 00:00:00,2010-04-29 00:00:00,19,2010-04-29 00:00:00,18.25,18.5,9,31000,573500,2010-04-29 00:00:00,1
2010-04-30 00:00:00,2010-04-30 00:00:00,18.75,2010-04-30 00:00:00,18.25,18.75,6,54000,1011875,2010-04-30 00:00:00,1
2010-05-03 00:00:00,2010-05-03 00:00:00,21,2010-05-03 00:00:00,19,20.25,294,535800,10756475,2010-05-03 00:00:00,1
2010-05-04 00:00:00,2010-05-04 00:00:00,21,2010-05-04 00:00:00,20,20,60,52300,1054475,2010-05-04 00:00:00,1
2010-05-05 00:00:00,2010-05-05 00:00:00,21,2010-05-05 00:00:00,18.5,19.75,28,56300,1069600,2010-05-05 00:00:00,1
2010-05-06 00:00:00,2010-05-06 00:00:00,19.5,2010-05-06 00:00:00,19,19.5,23,23800,453450,2010-05-06 00:00:00,1
2010-05-07 00:00:00,2010-05-07 00:00:00,20.5,2010-05-07 00:00:00,20,20,61,55600,1128400,2010-05-07 00:00:00,1
2010-05-10 00:00:00,2010-05-10 00:00:00,20.5,2010-05-10 00:00:00,19.5,19.75,17,15900,316300,2010-05-10 00:00:00,1
2010-05-11 00:00:00,2010-05-11 00:00:00,19.75,2010-05-11 00:00:00,19.25,19.25,8,5400,104625,2010-05-11 00:00:00,1
2010-05-12 00:00:00,2010-05-12 00:00:00,20,2010-05-12 00:00:00,19,19.25,11,4900,95975,2010-05-12 00:00:00,1
2010-05-13 00:00:00,2010-05-13 00:00:00,19.5,2010-05-13 00:00:00,19.25,19.25,7,3200,61725,2010-05-13 00:00:00,1
2010-05-14 00:00:00,2010-05-14 00:00:00,19.25,2010-05-14 00:00:00,19,19.25,11,15200,292100,2010-05-14 00:00:00,1
2010-05-17 00:00:00,2010-05-17 00:00:00,19.25,2010-05-17 00:00:00,19,19,19,18800,358825,2010-05-17 00:00:00,1
2010-05-18 00:00:00,2010-05-18 00:00:00,19.5,2010-05-18 00:00:00,19.25,19.5,14,27900,541500,2010-05-18 00:00:00,1
2010-05-19 00:00:00,2010-05-19 00:00:00,20,2010-05-19 00:00:00,19,19.25,11,26600,511875,2010-05-19 00:00:00,1
2010-05-20 00:00:00,2010-05-20 00:00:00,19.5,2010-05-20 00:00:00,19,19.25,15,39600,757875,2010-05-20 00:00:00,1
2010-05-21 00:00:00,2010-05-21 00:00:00,20.5,2010-05-21 00:00:00,19,19.5,38,60100,1183050,2010-05-21 00:00:00,1
2010-05-24 00:00:00,2010-05-24 00:00:00,19.25,2010-05-24 00:00:00,19,19,6,21300,404775,2010-05-24 00:00:00,1
2010-05-25 00:00:00,2010-05-25 00:00:00,19.25,2010-05-25 00:00:00,19,19,12,9100,172925,2010-05-25 00:00:00,1
2010-05-26 00:00:00,2010-05-26 00:00:00,19,2010-05-26 00:00:00,18.75,18.75,6,10600,199075,2010-05-26 00:00:00,1
2010-05-31 00:00:00,2010-05-31 00:00:00,19.25,2010-05-31 00:00:00,19,19,12,49300,938700,2010-05-31 00:00:00,1
2010-06-01 00:00:00,2010-06-01 00:00:00,20.25,2010-06-01 00:00:00,18.75,20,72,184700,3687650,2010-06-01 00:00:00,1
2010-06-02 00:00:00,2010-06-02 00:00:00,20.25,2010-06-02 00:00:00,19.75,20,15,12600,251925,2010-06-02 00:00:00,1
2010-06-03 00:00:00,2010-06-03 00:00:00,20,2010-06-03 00:00:00,20,20,25,47600,952000,2010-06-03 00:00:00,1
2010-06-04 00:00:00,2010-06-04 00:00:00,20.25,2010-06-04 00:00:00,20,20,14,34400,688075,2010-06-04 00:00:00,1
2010-06-07 00:00:00,2010-06-07 00:00:00,21.75,2010-06-07 00:00:00,20,21,141,307100,6427100,2010-06-07 00:00:00,1
2010-06-08 00:00:00,2010-06-08 00:00:00,22,2010-06-08 00:00:00,20.75,20.75,45,55100,1169000,2010-06-08 00:00:00,1
2010-06-09 00:00:00,2010-06-09 00:00:00,21.5,2010-06-09 00:00:00,20.5,21,27,26900,564350,2010-06-09 00:00:00,1
2010-06-10 00:00:00,2010-06-10 00:00:00,21,2010-06-10 00:00:00,20.75,21,14,10800,226250,2010-06-10 00:00:00,1
2010-06-11 00:00:00,2010-06-11 00:00:00,20.75,2010-06-11 00:00:00,20.5,20.75,16,18800,388775,2010-06-11 00:00:00,1
2010-06-14 00:00:00,2010-06-14 00:00:00,21,2010-06-14 00:00:00,20.5,21,16,20200,420200,2010-06-14 00:00:00,1
2010-06-15 00:00:00,2010-06-15 00:00:00,25.75,2010-06-15 00:00:00,21,23.75,324,457400,10652775,2010-06-15 00:00:00,1
2010-06-16 00:00:00,2010-06-16 00:00:00,24.75,2010-06-16 00:00:00,23.5,23.75,149,214900,5185250,2010-06-16 00:00:00,1
2010-06-17 00:00:00,2010-06-17 00:00:00,23.5,2010-06-17 00:00:00,22.75,23,37,43000,989275,2010-06-17 00:00:00,1
2010-06-21 00:00:00,2010-06-21 00:00:00,23.75,2010-06-21 00:00:00,23,23,38,27700,645575,2010-06-21 00:00:00,1
2010-06-22 00:00:00,2010-06-22 00:00:00,22.5,2010-06-22 00:00:00,22,22.25,21,28900,644800,2010-06-22 00:00:00,1
2010-06-23 00:00:00,2010-06-23 00:00:00,22,2010-06-23 00:00:00,21.25,21.5,6,8700,187500,2010-06-23 00:00:00,1
2010-06-24 00:00:00,2010-06-24 00:00:00,22,2010-06-24 00:00:00,21.25,22,6,2400,51950,2010-06-24 00:00:00,1
2010-06-28 00:00:00,2010-06-28 00:00:00,22,2010-06-28 00:00:00,20.75,21,15,13800,291050,2010-06-28 00:00:00,1
2010-06-29 00:00:00,2010-06-29 00:00:00,24.75,2010-06-29 00:00:00,21.5,23.25,49,74300,1726975,2010-06-29 00:00:00,1
2010-06-30 00:00:00,2010-06-30 00:00:00,23.5,2010-06-30 00:00:00,22.75,22.75,17,15100,347725,2010-06-30 00:00:00,1
2010-07-01 00:00:00,2010-07-01 00:00:00,23,2010-07-01 00:00:00,22,22,6,6500,144750,2010-07-01 00:00:00,1
2010-07-02 00:00:00,2010-07-02 00:00:00,23,2010-07-02 00:00:00,22,22.25,5,4800,107350,2010-07-02 00:00:00,1
2010-07-05 00:00:00,2010-07-05 00:00:00,23,2010-07-05 00:00:00,21,22,19,26300,565325,2010-07-05 00:00:00,1
2010-07-06 00:00:00,2010-07-06 00:00:00,22.75,2010-07-06 00:00:00,22,22,5,5900,129875,2010-07-06 00:00:00,1
2010-07-07 00:00:00,2010-07-07 00:00:00,22,2010-07-07 00:00:00,21.5,22,17,26500,582500,2010-07-07 00:00:00,1
2010-07-08 00:00:00,2010-07-08 00:00:00,22,2010-07-08 00:00:00,21,21.5,12,2700,58550,2010-07-08 00:00:00,1
2010-07-09 00:00:00,2010-07-09 00:00:00,22,2010-07-09 00:00:00,20.25,20.25,2,1300,28075,2010-07-09 00:00:00,1
2010-07-12 00:00:00,2010-07-12 00:00:00,22,2010-07-12 00:00:00,21.5,21.5,15,2900,63575,2010-07-12 00:00:00,1
2010-07-13 00:00:00,2010-07-13 00:00:00,22.5,2010-07-13 00:00:00,22,22,31,22700,500900,2010-07-13 00:00:00,1
2010-07-14 00:00:00,2010-07-14 00:00:00,25,2010-07-14 00:00:00,22,24.5,284,492800,11948775,2010-07-14 00:00:00,1
2010-07-15 00:00:00,2010-07-15 00:00:00,25,2010-07-15 00:00:00,24,24.5,52,57700,1412675,2010-07-15 00:00:00,1
2010-07-16 00:00:00,2010-07-16 00:00:00,24.5,2010-07-16 00:00:00,24,24,25,23600,573350,2010-07-16 00:00:00,1
2010-07-19 00:00:00,2010-07-19 00:00:00,24,2010-07-19 00:00:00,23.25,23.25,7,2400,56675,2010-07-19 00:00:00,1
2010-07-20 00:00:00,2010-07-20 00:00:00,24,2010-07-20 00:00:00,23.5,24,22,32100,763250,2010-07-20 00:00:00,1
2010-07-21 00:00:00,2010-07-21 00:00:00,25,2010-07-21 00:00:00,24,24,19,16700,408475,2010-07-21 00:00:00,1
2010-07-22 00:00:00,2010-07-22 00:00:00,24.25,2010-07-22 00:00:00,24,24,6,3200,77375,2010-07-22 00:00:00,1
2010-07-23 00:00:00,2010-07-23 00:00:00,25,2010-07-23 00:00:00,24,24.75,42,48000,1179550,2010-07-23 00:00:00,1
2010-07-26 00:00:00,2010-07-26 00:00:00,24.75,2010-07-26 00:00:00,23,24,6,14600,348900,2010-07-26 00:00:00,1
2010-07-27 00:00:00,2010-07-27 00:00:00,25,2010-07-27 00:00:00,24,24.75,43,77100,1888050,2010-07-27 00:00:00,1
2010-07-28 00:00:00,2010-07-28 00:00:00,25,2010-07-28 00:00:00,24.5,24.75,14,9000,221800,2010-07-28 00:00:00,1
2010-07-29 00:00:00,2010-07-29 00:00:00,26.5,2010-07-29 00:00:00,25,25,145,208800,5296975,2010-07-29 00:00:00,1
2010-07-30 00:00:00,2010-07-30 00:00:00,25.5,2010-07-30 00:00:00,25,25.5,24,28100,706925,2010-07-30 00:00:00,1
2010-08-02 00:00:00,2010-08-02 00:00:00,26,2010-08-02 00:00:00,24.6,24.6,28,22900,570970,2010-08-02 00:00:00,1
2010-08-03 00:00:00,2010-08-03 00:00:00,25,2010-08-03 00:00:00,24,24.3,36,54800,1342340,2010-08-03 00:00:00,1
2010-08-04 00:00:00,2010-08-04 00:00:00,25,2010-08-04 00:00:00,24,24.3,18,45900,1121620,2010-08-04 00:00:00,1
2010-08-05 00:00:00,2010-08-05 00:00:00,21.9,2010-08-05 00:00:00,21.9,21.9,1,100,2190,2010-08-05 00:00:00,1
2010-08-06 00:00:00,2010-08-06 00:00:00,24,2010-08-06 00:00:00,22.1,23.5,15,14400,337610,2010-08-06 00:00:00,1
2010-08-09 00:00:00,2010-08-09 00:00:00,24,2010-08-09 00:00:00,22,22.6,24,24100,535650,2010-08-09 00:00:00,1
2010-08-10 00:00:00,2010-08-10 00:00:00,24.8,2010-08-10 00:00:00,21.3,24.8,59,87700,2092290,2010-08-10 00:00:00,1
2010-08-11 00:00:00,2010-08-11 00:00:00,24.9,2010-08-11 00:00:00,23.1,23.5,21,30600,736740,2010-08-11 00:00:00,1
2010-08-12 00:00:00,2010-08-12 00:00:00,25,2010-08-12 00:00:00,23.2,24.8,10,4300,104550,2010-08-12 00:00:00,1
2010-08-13 00:00:00,2010-08-13 00:00:00,25,2010-08-13 00:00:00,24,24.2,12,24200,584190,2010-08-13 00:00:00,1
2010-08-16 00:00:00,2010-08-16 00:00:00,26.6,2010-08-16 00:00:00,24.5,25.2,54,43600,1094450,2010-08-16 00:00:00,1
2010-08-17 00:00:00,2010-08-17 00:00:00,26,2010-08-17 00:00:00,24.3,24.9,37,29500,741510,2010-08-17 00:00:00,1
2010-08-18 00:00:00,2010-08-18 00:00:00,25,2010-08-18 00:00:00,24.8,25,15,24500,612330,2010-08-18 00:00:00,1
2010-08-19 00:00:00,2010-08-19 00:00:00,25.5,2010-08-19 00:00:00,25,25.2,38,50200,1263780,2010-08-19 00:00:00,1
2010-08-20 00:00:00,2010-08-20 00:00:00,26,2010-08-20 00:00:00,25,25.2,25,23800,606800,2010-08-20 00:00:00,1
2010-08-23 00:00:00,2010-08-23 00:00:00,26.5,2010-08-23 00:00:00,25.6,25.6,39,34700,898030,2010-08-23 00:00:00,1
2010-08-25 00:00:00,2010-08-25 00:00:00,26,2010-08-25 00:00:00,25.5,25.6,18,11600,299750,2010-08-25 00:00:00,1
2010-08-26 00:00:00,2010-08-26 00:00:00,26,2010-08-26 00:00:00,25.6,25.8,34,48700,1260780,2010-08-26 00:00:00,1
2010-08-30 00:00:00,2010-08-30 00:00:00,26.3,2010-08-30 00:00:00,24.6,25.2,48,79500,2044250,2010-08-30 00:00:00,1
2010-08-31 00:00:00,2010-08-31 00:00:00,27.7,2010-08-31 00:00:00,25.7,27,125,295700,7953600,2010-08-31 00:00:00,1
2010-09-01 00:00:00,2010-09-01 00:00:00,29.7,2010-09-01 00:00:00,26,29.6,243,731500,21471630,2010-09-01 00:00:00,1
2010-09-02 00:00:00,2010-09-02 00:00:00,32.2,2010-09-02 00:00:00,29.9,31,202,318800,9868380,2010-09-02 00:00:00,1
2010-09-03 00:00:00,2010-09-03 00:00:00,34.1,2010-09-03 00:00:00,31,34,206,524000,17398710,2010-09-03 00:00:00,1
2010-09-06 00:00:00,2010-09-06 00:00:00,37.4,2010-09-06 00:00:00,34,34.5,191,646800,22640460,2010-09-06 00:00:00,1
2010-09-07 00:00:00,2010-09-07 00:00:00,35,2010-09-07 00:00:00,32,34.7,102,173000,5872670,2010-09-07 00:00:00,1
2010-09-08 00:00:00,2010-09-08 00:00:00,38.1,2010-09-08 00:00:00,35,38.1,236,836700,31186190,2010-09-08 00:00:00,1
2010-09-09 00:00:00,2010-09-09 00:00:00,41.9,2010-09-09 00:00:00,39.7,41.2,433,949700,39461850,2010-09-09 00:00:00,1
2010-09-13 00:00:00,2010-09-13 00:00:00,45.3,2010-09-13 00:00:00,40,45.3,650,1431600,63352930,2010-09-13 00:00:00,1
2010-09-14 00:00:00,2010-09-14 00:00:00,46.8,2010-09-14 00:00:00,40.9,42.1,337,470100,20715150,2010-09-14 00:00:00,1
2010-09-15 00:00:00,2010-09-15 00:00:00,44,2010-09-15 00:00:00,39,41.3,177,295000,12334310,2010-09-15 00:00:00,1
2010-09-16 00:00:00,2010-09-16 00:00:00,43.5,2010-09-16 00:00:00,38,42.8,235,901100,38536900,2010-09-16 00:00:00,1
2010-09-17 00:00:00,2010-09-17 00:00:00,42,2010-09-17 00:00:00,39,41.4,100,149800,6187030,2010-09-17 00:00:00,1
2010-09-20 00:00:00,2010-09-20 00:00:00,41.7,2010-09-20 00:00:00,38.7,40.9,47,98000,3918720,2010-09-20 00:00:00,1
2010-09-21 00:00:00,2010-09-21 00:00:00,41.5,2010-09-21 00:00:00,39,40,54,203400,8142940,2010-09-21 00:00:00,1
2010-09-23 00:00:00,2010-09-23 00:00:00,40.1,2010-09-23 00:00:00,38,38.2,51,99300,3922260,2010-09-23 00:00:00,1
2010-09-24 00:00:00,2010-09-24 00:00:00,39.4,2010-09-24 00:00:00,38,38.1,31,40700,1549010,2010-09-24 00:00:00,1
2010-09-27 00:00:00,2010-09-27 00:00:00,40,2010-09-27 00:00:00,37,37.2,30,31500,1186030,2010-09-27 00:00:00,1
2010-09-28 00:00:00,2010-09-28 00:00:00,38,2010-09-28 00:00:00,37,37.1,16,25300,941400,2010-09-28 00:00:00,1
2010-09-29 00:00:00,2010-09-29 00:00:00,38,2010-09-29 00:00:00,36.6,36.8,38,184300,6844850,2010-09-29 00:00:00,1
2010-09-30 00:00:00,2010-09-30 00:00:00,39.5,2010-09-30 00:00:00,36,36.6,49,45300,1669480,2010-09-30 00:00:00,1
2010-10-01 00:00:00,2010-10-01 00:00:00,38,2010-10-01 00:00:00,36,37.7,42,49000,1801700,2010-10-01 00:00:00,1
2010-10-04 00:00:00,2010-10-04 00:00:00,38,2010-10-04 00:00:00,36.8,37,19,18000,673390,2010-10-04 00:00:00,1
2010-10-05 00:00:00,2010-10-05 00:00:00,38,2010-10-05 00:00:00,35.8,35.9,29,47500,1729470,2010-10-05 00:00:00,1
2010-10-06 00:00:00,2010-10-06 00:00:00,37.5,2010-10-06 00:00:00,35.4,35.5,35,63400,2268960,2010-10-06 00:00:00,1
2010-10-07 00:00:00,2010-10-07 00:00:00,35.5,2010-10-07 00:00:00,34,35.1,29,34700,1216720,2010-10-07 00:00:00,1
2010-10-08 00:00:00,2010-10-08 00:00:00,36,2010-10-08 00:00:00,34.9,35.9,9,14200,497730,2010-10-08 00:00:00,1
2010-10-11 00:00:00,2010-10-11 00:00:00,36,2010-10-11 00:00:00,34,34.4,16,17800,612840,2010-10-11 00:00:00,1
2010-10-12 00:00:00,2010-10-12 00:00:00,34,2010-10-12 00:00:00,32.5,32.9,25,25800,873560,2010-10-12 00:00:00,1
2010-10-13 00:00:00,2010-10-13 00:00:00,34,2010-10-13 00:00:00,28,32,19,17300,522080,2010-10-13 00:00:00,1
2010-10-14 00:00:00,2010-10-14 00:00:00,31.9,2010-10-14 00:00:00,30.1,31.2,5,4000,123720,2010-10-14 00:00:00,1
2010-10-15 00:00:00,2010-10-15 00:00:00,32.5,2010-10-15 00:00:00,31.9,32,5,1500,48030,2010-10-15 00:00:00,1
2010-10-18 00:00:00,2010-10-18 00:00:00,32.5,2010-10-18 00:00:00,30.1,32.2,24,14700,456400,2010-10-18 00:00:00,1
2010-10-19 00:00:00,2010-10-19 00:00:00,37.8,2010-10-19 00:00:00,32.1,33.2,40,19800,670640,2010-10-19 00:00:00,1
2010-10-20 00:00:00,2010-10-20 00:00:00,34.9,2010-10-20 00:00:00,32.1,33.9,15,10200,339410,2010-10-20 00:00:00,1
2010-10-21 00:00:00,2010-10-21 00:00:00,34.5,2010-10-21 00:00:00,33.5,34.1,16,7300,246890,2010-10-21 00:00:00,1
2010-10-25 00:00:00,2010-10-25 00:00:00,34,2010-10-25 00:00:00,31,32.5,2,200,6500,2010-10-25 00:00:00,1
2010-10-26 00:00:00,2010-10-26 00:00:00,34.3,2010-10-26 00:00:00,30.5,31.1,24,17500,544530,2010-10-26 00:00:00,1
2010-10-27 00:00:00,2010-10-27 00:00:00,31.9,2010-10-27 00:00:00,31.9,31.9,2,500,15950,2010-10-27 00:00:00,1
2010-10-28 00:00:00,2010-10-28 00:00:00,32,2010-10-28 00:00:00,30.1,31.1,10,5000,154020,2010-10-28 00:00:00,1
2010-10-29 00:00:00,2010-10-29 00:00:00,32.8,2010-10-29 00:00:00,30.1,31,52,66500,2061150,2010-10-29 00:00:00,1
2010-11-01 00:00:00,2010-11-01 00:00:00,33.1,2010-11-01 00:00:00,30.1,31.1,16,6800,211180,2010-11-01 00:00:00,1
2010-11-02 00:00:00,2010-11-02 00:00:00,33,2010-11-02 00:00:00,30,30.2,62,92100,2828900,2010-11-02 00:00:00,1
2010-11-03 00:00:00,2010-11-03 00:00:00,32,2010-11-03 00:00:00,30.6,30.7,12,4400,136710,2010-11-03 00:00:00,1
2010-11-04 00:00:00,2010-11-04 00:00:00,31.5,2010-11-04 00:00:00,30,31,5,600,18660,2010-11-04 00:00:00,1
2010-11-08 00:00:00,2010-11-08 00:00:00,31,2010-11-08 00:00:00,30,30.5,15,5000,151690,2010-11-08 00:00:00,1
2010-11-10 00:00:00,2010-11-10 00:00:00,30,2010-11-10 00:00:00,30,30,3,400,12000,2010-11-10 00:00:00,1
2010-11-11 00:00:00,2010-11-11 00:00:00,30,2010-11-11 00:00:00,28.5,30,3,900,26600,2010-11-11 00:00:00,1
2010-11-12 00:00:00,2010-11-12 00:00:00,30.5,2010-11-12 00:00:00,29,29.5,16,11200,326600,2010-11-12 00:00:00,1
2010-11-15 00:00:00,2010-11-15 00:00:00,30,2010-11-15 00:00:00,29,29.7,8,5000,148650,2010-11-15 00:00:00,1
2010-11-16 00:00:00,2010-11-16 00:00:00,30.6,2010-11-16 00:00:00,28.7,28.9,12,5600,162900,2010-11-16 00:00:00,1
2010-11-18 00:00:00,2010-11-18 00:00:00,30,2010-11-18 00:00:00,30,30,3,500,15000,2010-11-18 00:00:00,1
2010-11-22 00:00:00,2010-11-22 00:00:00,30.5,2010-11-22 00:00:00,30,30,6,2500,75460,2010-11-22 00:00:00,1
2010-11-23 00:00:00,2010-11-23 00:00:00,28.7,2010-11-23 00:00:00,28,28.1,17,8500,240810,2010-11-23 00:00:00,1
2010-11-24 00:00:00,2010-11-24 00:00:00,29,2010-11-24 00:00:00,28.5,29,10,8900,257730,2010-11-24 00:00:00,1
2010-11-25 00:00:00,2010-11-25 00:00:00,29.3,2010-11-25 00:00:00,28.5,29.1,8,3800,110050,2010-11-25 00:00:00,1
2010-11-26 00:00:00,2010-11-26 00:00:00,29.8,2010-11-26 00:00:00,29.1,29.5,21,11000,322910,2010-11-26 00:00:00,1
2010-11-29 00:00:00,2010-11-29 00:00:00,29,2010-11-29 00:00:00,26.5,26.8,13,20400,550280,2010-11-29 00:00:00,1
2010-11-30 00:00:00,2010-11-30 00:00:00,33.9,2010-11-30 00:00:00,28.5,32.1,100,110000,3570610,2010-11-30 00:00:00,1
2010-12-01 00:00:00,2010-12-01 00:00:00,35,2010-12-01 00:00:00,32,34.9,68,79500,2673450,2010-12-01 00:00:00,1
2010-12-02 00:00:00,2010-12-02 00:00:00,35.5,2010-12-02 00:00:00,32,32.2,32,20000,670920,2010-12-02 00:00:00,1
2010-12-03 00:00:00,2010-12-03 00:00:00,34,2010-12-03 00:00:00,30.6,32.9,14,17500,561810,2010-12-03 00:00:00,1
2010-12-07 00:00:00,2010-12-07 00:00:00,32.9,2010-12-07 00:00:00,30.7,30.9,17,18900,584420,2010-12-07 00:00:00,1
2010-12-08 00:00:00,2010-12-08 00:00:00,31.8,2010-12-08 00:00:00,30.7,30.8,14,33200,1020100,2010-12-08 00:00:00,1
2010-12-09 00:00:00,2010-12-09 00:00:00,31.7,2010-12-09 00:00:00,30.5,31.7,3,800,25120,2010-12-09 00:00:00,1
2010-12-10 00:00:00,2010-12-10 00:00:00,31.2,2010-12-10 00:00:00,30.4,31.2,4,1700,52400,2010-12-10 00:00:00,1
2010-12-14 00:00:00,2010-12-14 00:00:00,30,2010-12-14 00:00:00,29.5,29.8,4,700,20780,2010-12-14 00:00:00,1
2010-12-15 00:00:00,2010-12-15 00:00:00,30.5,2010-12-15 00:00:00,30,30,12,6400,192600,2010-12-15 00:00:00,1
2010-12-16 00:00:00,2010-12-16 00:00:00,31.4,2010-12-16 00:00:00,29.5,31.4,9,5600,167350,2010-12-16 00:00:00,1
2010-12-17 00:00:00,2010-12-17 00:00:00,30.6,2010-12-17 00:00:00,29.6,30,10,31700,949440,2010-12-17 00:00:00,1
2010-12-21 00:00:00,2010-12-21 00:00:00,32,2010-12-21 00:00:00,30,30.1,21,7600,229610,2010-12-21 00:00:00,1
2010-12-22 00:00:00,2010-12-22 00:00:00,33.9,2010-12-22 00:00:00,31,33.3,93,80500,2647820,2010-12-22 00:00:00,1
2010-12-23 00:00:00,2010-12-23 00:00:00,34,2010-12-23 00:00:00,33,33.4,30,24700,835450,2010-12-23 00:00:00,1
2010-12-24 00:00:00,2010-12-24 00:00:00,34,2010-12-24 00:00:00,32.5,33.4,5,1000,33360,2010-12-24 00:00:00,1
2010-12-27 00:00:00,2010-12-27 00:00:00,34,2010-12-27 00:00:00,32.5,33,38,18600,617140,2010-12-27 00:00:00,1
2010-12-28 00:00:00,2010-12-28 00:00:00,34,2010-12-28 00:00:00,32.6,32.6,8,3600,117850,2010-12-28 00:00:00,1
2010-12-29 00:00:00,2010-12-29 00:00:00,33,2010-12-29 00:00:00,32.6,32.7,4,3200,104760,2010-12-29 00:00:00,1
2010-12-30 00:00:00,2010-12-30 00:00:00,32.5,2010-12-30 00:00:00,31.6,32.5,3,3500,112850,2010-12-30 00:00:00,1
2010-12-31 00:00:00,2010-12-31 00:00:00,33.8,2010-12-31 00:00:00,31.3,31.3,20,23400,762260,2010-12-31 00:00:00,1
Company Id :  LWL,,Security Type :  N,,Sub Type :  0000,,,,,,
Short Name :  LANKA WALLTILE,,,,,,,,,,
Day,Date High,High,Date Low,Low,Closing,No. of Trades,No. of Shares,Turnover,Last Traded,Days Traded
2010-01-04 00:00:00,2010-01-04 00:00:00,58.5,2010-01-04 00:00:00,57,57.5,39,34500,1981925,2010-01-04 00:00:00,1
2010-01-05 00:00:00,2010-01-05 00:00:00,58,2010-01-05 00:00:00,57,57,16,20700,1180100,2010-01-05 00:00:00,1
2010-01-06 00:00:00,2010-01-06 00:00:00,57,2010-01-06 00:00:00,55.5,56,14,6500,366500,2010-01-06 00:00:00,1
2010-01-07 00:00:00,2010-01-07 00:00:00,56,2010-01-07 00:00:00,55,55,33,71200,3925750,2010-01-07 00:00:00,1
2010-01-08 00:00:00,2010-01-08 00:00:00,56.75,2010-01-08 00:00:00,55,56,8,2000,111750,2010-01-08 00:00:00,1
2010-01-11 00:00:00,2010-01-11 00:00:00,58,2010-01-11 00:00:00,56,57,41,59200,3405550,2010-01-11 00:00:00,1
2010-01-12 00:00:00,2010-01-12 00:00:00,57,2010-01-12 00:00:00,54,56,19,7600,420625,2010-01-12 00:00:00,1
2010-01-13 00:00:00,2010-01-13 00:00:00,56,2010-01-13 00:00:00,55,55.25,14,30500,1687125,2010-01-13 00:00:00,1
2010-01-15 00:00:00,2010-01-15 00:00:00,57,2010-01-15 00:00:00,55.25,56.25,26,32400,1811900,2010-01-15 00:00:00,1
2010-01-18 00:00:00,2010-01-18 00:00:00,57,2010-01-18 00:00:00,55,55,17,21400,1202950,2010-01-18 00:00:00,1
2010-01-19 00:00:00,2010-01-19 00:00:00,56.75,2010-01-19 00:00:00,54.5,55,26,43100,2374350,2010-01-19 00:00:00,1
2010-01-20 00:00:00,2010-01-20 00:00:00,57,2010-01-20 00:00:00,55.25,56.25,15,10900,609100,2010-01-20 00:00:00,1
2010-01-21 00:00:00,2010-01-21 00:00:00,55.25,2010-01-21 00:00:00,55,55,10,26800,1476125,2010-01-21 00:00:00,1
2010-01-22 00:00:00,2010-01-22 00:00:00,57,2010-01-22 00:00:00,56,56,31,63700,3571600,2010-01-22 00:00:00,1
2010-01-25 00:00:00,2010-01-25 00:00:00,57.5,2010-01-25 00:00:00,56,56.25,39,41500,2346575,2010-01-25 00:00:00,1
2010-01-26 00:00:00,2010-01-26 00:00:00,57,2010-01-26 00:00:00,56.75,57,9,26600,1516100,2010-01-26 00:00:00,1
2010-01-28 00:00:00,2010-01-28 00:00:00,56.75,2010-01-28 00:00:00,55.25,56.25,15,17700,1001975,2010-01-28 00:00:00,1
2010-02-01 00:00:00,2010-02-01 00:00:00,58,2010-02-01 00:00:00,57,57.5,18,60600,3477175,2010-02-01 00:00:00,1
2010-02-02 00:00:00,2010-02-02 00:00:00,61,2010-02-02 00:00:00,58,59.75,45,70600,4217750,2010-02-02 00:00:00,1
2010-02-03 00:00:00,2010-02-03 00:00:00,64.75,2010-02-03 00:00:00,60.25,64,110,166200,10511925,2010-02-03 00:00:00,1
2010-02-05 00:00:00,2010-02-05 00:00:00,70.5,2010-02-05 00:00:00,63,69,128,274200,17995175,2010-02-05 00:00:00,1
2010-02-08 00:00:00,2010-02-08 00:00:00,75,2010-02-08 00:00:00,69.75,71,127,173700,12505850,2010-02-08 00:00:00,1
2010-02-09 00:00:00,2010-02-09 00:00:00,73,2010-02-09 00:00:00,68,71,91,181300,12773600,2010-02-09 00:00:00,1
2010-02-10 00:00:00,2010-02-10 00:00:00,74.75,2010-02-10 00:00:00,70.5,71.5,65,236400,16991275,2010-02-10 00:00:00,1
2010-02-11 00:00:00,2010-02-11 00:00:00,71.5,2010-02-11 00:00:00,69,69.25,53,132000,9226825,2010-02-11 00:00:00,1
2010-02-12 00:00:00,2010-02-12 00:00:00,70,2010-02-12 00:00:00,67,68.5,33,77300,5328850,2010-02-12 00:00:00,1
2010-02-15 00:00:00,2010-02-15 00:00:00,72,2010-02-15 00:00:00,70,70,43,109500,7671250,2010-02-15 00:00:00,1
2010-02-16 00:00:00,2010-02-16 00:00:00,69.75,2010-02-16 00:00:00,66.5,68,13,60300,4104700,2010-02-16 00:00:00,1
2010-02-17 00:00:00,2010-02-17 00:00:00,69,2010-02-17 00:00:00,69,69,1,500,34500,2010-02-17 00:00:00,1
2010-02-18 00:00:00,2010-02-18 00:00:00,72,2010-02-18 00:00:00,68.25,70,36,52800,3696700,2010-02-18 00:00:00,1
2010-02-19 00:00:00,2010-02-19 00:00:00,71.5,2010-02-19 00:00:00,68,70.5,23,11600,809650,2010-02-19 00:00:00,1
2010-02-22 00:00:00,2010-02-22 00:00:00,72,2010-02-22 00:00:00,69.75,69.75,18,25200,1811275,2010-02-22 00:00:00,1
2010-02-23 00:00:00,2010-02-23 00:00:00,71,2010-02-23 00:00:00,68,70,11,7900,547050,2010-02-23 00:00:00,1
2010-02-24 00:00:00,2010-02-24 00:00:00,70,2010-02-24 00:00:00,68.25,69.75,14,3600,250725,2010-02-24 00:00:00,1
2010-02-25 00:00:00,2010-02-25 00:00:00,74,2010-02-25 00:00:00,68.25,70.75,57,52900,3793325,2010-02-25 00:00:00,1
2010-02-26 00:00:00,2010-02-26 00:00:00,72,2010-02-26 00:00:00,69,70.5,7,3000,212275,2010-02-26 00:00:00,1
2010-03-01 00:00:00,2010-03-01 00:00:00,75,2010-03-01 00:00:00,71.75,75,162,259800,19218200,2010-03-01 00:00:00,1
2010-03-02 00:00:00,2010-03-02 00:00:00,83.5,2010-03-02 00:00:00,74,80.75,452,2093000,167722025,2010-03-02 00:00:00,1
2010-03-03 00:00:00,2010-03-03 00:00:00,83.25,2010-03-03 00:00:00,80,80,223,353400,28913800,2010-03-03 00:00:00,1
2010-03-04 00:00:00,2010-03-04 00:00:00,81,2010-03-04 00:00:00,80,80.75,36,53300,4281450,2010-03-04 00:00:00,1
2010-03-05 00:00:00,2010-03-05 00:00:00,83,2010-03-05 00:00:00,81,81,35,33500,2760375,2010-03-05 00:00:00,1
2010-03-08 00:00:00,2010-03-08 00:00:00,80.5,2010-03-08 00:00:00,79.5,80,18,7000,560200,2010-03-08 00:00:00,1
2010-03-09 00:00:00,2010-03-09 00:00:00,78.25,2010-03-09 00:00:00,78,78,7,5100,398025,2010-03-09 00:00:00,1
2010-03-10 00:00:00,2010-03-10 00:00:00,79,2010-03-10 00:00:00,78,78.75,5,2700,212850,2010-03-10 00:00:00,1
2010-03-11 00:00:00,2010-03-11 00:00:00,78.5,2010-03-11 00:00:00,77,77,2,700,54200,2010-03-11 00:00:00,1
2010-03-12 00:00:00,2010-03-12 00:00:00,83,2010-03-12 00:00:00,77.25,80,29,53600,4283825,2010-03-12 00:00:00,1
2010-03-16 00:00:00,2010-03-16 00:00:00,79.75,2010-03-16 00:00:00,78,78,4,800,63100,2010-03-16 00:00:00,1
2010-03-17 00:00:00,2010-03-17 00:00:00,80,2010-03-17 00:00:00,77.5,77.5,14,8400,657950,2010-03-17 00:00:00,1
2010-03-18 00:00:00,2010-03-18 00:00:00,78,2010-03-18 00:00:00,76.75,77.5,25,49100,3803325,2010-03-18 00:00:00,1
2010-03-19 00:00:00,2010-03-19 00:00:00,77,2010-03-19 00:00:00,76.75,77,4,125200,9640375,2010-03-19 00:00:00,1
2010-03-22 00:00:00,2010-03-22 00:00:00,79,2010-03-22 00:00:00,76,76,16,19700,1513200,2010-03-22 00:00:00,1
2010-03-23 00:00:00,2010-03-23 00:00:00,76.25,2010-03-23 00:00:00,75,75.25,5,2500,189250,2010-03-23 00:00:00,1
2010-03-24 00:00:00,2010-03-24 00:00:00,76,2010-03-24 00:00:00,74,76,6,6400,486175,2010-03-24 00:00:00,1
2010-03-25 00:00:00,2010-03-25 00:00:00,76,2010-03-25 00:00:00,73.25,73.75,12,19600,1448600,2010-03-25 00:00:00,1
2010-03-26 00:00:00,2010-03-26 00:00:00,76,2010-03-26 00:00:00,73.25,74.75,6,2700,202050,2010-03-26 00:00:00,1
2010-03-30 00:00:00,2010-03-30 00:00:00,76.75,2010-03-30 00:00:00,73,75,9,4000,295250,2010-03-30 00:00:00,1
2010-03-31 00:00:00,2010-03-31 00:00:00,76,2010-03-31 00:00:00,72.5,75,13,16400,1219175,2010-03-31 00:00:00,1
2010-04-01 00:00:00,2010-04-01 00:00:00,75,2010-04-01 00:00:00,72,72,4,3400,253800,2010-04-01 00:00:00,1
2010-04-05 00:00:00,2010-04-05 00:00:00,78,2010-04-05 00:00:00,72.25,75.5,10,2500,188050,2010-04-05 00:00:00,1
2010-04-06 00:00:00,2010-04-06 00:00:00,78,2010-04-06 00:00:00,76,77,42,63200,4834100,2010-04-06 00:00:00,1
2010-04-07 00:00:00,2010-04-07 00:00:00,77,2010-04-07 00:00:00,76.5,76.75,13,30900,2374500,2010-04-07 00:00:00,1
2010-04-08 00:00:00,2010-04-08 00:00:00,80,2010-04-08 00:00:00,77,78.75,16,17100,1360225,2010-04-08 00:00:00,1
2010-04-12 00:00:00,2010-04-12 00:00:00,81,2010-04-12 00:00:00,78,79,9,1800,143250,2010-04-12 00:00:00,1
2010-04-15 00:00:00,2010-04-15 00:00:00,79.75,2010-04-15 00:00:00,79,79.5,2,200,15875,2010-04-15 00:00:00,1
2010-04-19 00:00:00,2010-04-19 00:00:00,79,2010-04-19 00:00:00,75,79,10,70800,5592400,2010-04-19 00:00:00,1
2010-04-20 00:00:00,2010-04-20 00:00:00,79,2010-04-20 00:00:00,78,78.75,23,55400,4362575,2010-04-20 00:00:00,1
2010-04-21 00:00:00,2010-04-21 00:00:00,80,2010-04-21 00:00:00,74,77.25,12,23500,1815000,2010-04-21 00:00:00,1
2010-04-22 00:00:00,2010-04-22 00:00:00,79.25,2010-04-22 00:00:00,77,79,11,5200,408125,2010-04-22 00:00:00,1
2010-04-23 00:00:00,2010-04-23 00:00:00,86.5,2010-04-23 00:00:00,79,82.25,128,486500,39626325,2010-04-23 00:00:00,1
2010-04-26 00:00:00,2010-04-26 00:00:00,84.5,2010-04-26 00:00:00,82,83.75,52,117300,9780925,2010-04-26 00:00:00,1
2010-04-27 00:00:00,2010-04-27 00:00:00,83.5,2010-04-27 00:00:00,83,83,22,27200,2263750,2010-04-27 00:00:00,1
2010-04-29 00:00:00,2010-04-29 00:00:00,83.25,2010-04-29 00:00:00,82,82,25,59200,4912200,2010-04-29 00:00:00,1
2010-04-30 00:00:00,2010-04-30 00:00:00,83,2010-04-30 00:00:00,82,82.75,11,205300,16838325,2010-04-30 00:00:00,1
2010-05-03 00:00:00,2010-05-03 00:00:00,83,2010-05-03 00:00:00,81.5,82.5,37,37700,3096225,2010-05-03 00:00:00,1
2010-05-04 00:00:00,2010-05-04 00:00:00,84,2010-05-04 00:00:00,82,82,37,70300,5790650,2010-05-04 00:00:00,1
2010-05-05 00:00:00,2010-05-05 00:00:00,83.5,2010-05-05 00:00:00,81.5,82,44,396100,32532075,2010-05-05 00:00:00,1
2010-05-06 00:00:00,2010-05-06 00:00:00,82.5,2010-05-06 00:00:00,78,80,38,129600,10556925,2010-05-06 00:00:00,1
2010-05-07 00:00:00,2010-05-07 00:00:00,79,2010-05-07 00:00:00,78.25,78.25,18,23900,1887200,2010-05-07 00:00:00,1
2010-05-10 00:00:00,2010-05-10 00:00:00,79,2010-05-10 00:00:00,77.75,78.75,12,11600,905600,2010-05-10 00:00:00,1
2010-05-11 00:00:00,2010-05-11 00:00:00,78,2010-05-11 00:00:00,78,78,1,5000,390000,2010-05-11 00:00:00,1
2010-05-12 00:00:00,2010-05-12 00:00:00,82.25,2010-05-12 00:00:00,77,80.75,20,145700,11760025,2010-05-12 00:00:00,1
2010-05-13 00:00:00,2010-05-13 00:00:00,79.75,2010-05-13 00:00:00,79,79,4,18100,1442650,2010-05-13 00:00:00,1
2010-05-14 00:00:00,2010-05-14 00:00:00,79,2010-05-14 00:00:00,78,79,10,12900,1018450,2010-05-14 00:00:00,1
2010-05-17 00:00:00,2010-05-17 00:00:00,79,2010-05-17 00:00:00,78,78,13,70600,5507350,2010-05-17 00:00:00,1
2010-05-18 00:00:00,2010-05-18 00:00:00,78,2010-05-18 00:00:00,77.75,77.75,7,60500,4718875,2010-05-18 00:00:00,1
2010-05-19 00:00:00,2010-05-19 00:00:00,77.75,2010-05-19 00:00:00,77.5,77.75,12,49000,3809300,2010-05-19 00:00:00,1
2010-05-20 00:00:00,2010-05-20 00:00:00,78,2010-05-20 00:00:00,77.5,78,11,18200,1418850,2010-05-20 00:00:00,1
2010-05-21 00:00:00,2010-05-21 00:00:00,79,2010-05-21 00:00:00,78,78,14,60200,4696200,2010-05-21 00:00:00,1
2010-05-24 00:00:00,2010-05-24 00:00:00,78,2010-05-24 00:00:00,77.5,77.75,9,14900,1159775,2010-05-24 00:00:00,1
2010-05-25 00:00:00,2010-05-25 00:00:00,77.75,2010-05-25 00:00:00,77.5,77.5,7,7900,613500,2010-05-25 00:00:00,1
2010-05-26 00:00:00,2010-05-26 00:00:00,78,2010-05-26 00:00:00,77,77.5,17,35600,2766025,2010-05-26 00:00:00,1
2010-05-31 00:00:00,2010-05-31 00:00:00,82,2010-05-31 00:00:00,78.5,79.75,33,237600,19005925,2010-05-31 00:00:00,1
2010-06-01 00:00:00,2010-06-01 00:00:00,81.5,2010-06-01 00:00:00,79.5,79.5,5,102600,8207700,2010-06-01 00:00:00,1
2010-06-02 00:00:00,2010-06-02 00:00:00,81.5,2010-06-02 00:00:00,79.5,80.25,6,1200,96200,2010-06-02 00:00:00,1
2010-06-03 00:00:00,2010-06-03 00:00:00,84,2010-06-03 00:00:00,80,82.25,43,55200,4566200,2010-06-03 00:00:00,1
2010-06-04 00:00:00,2010-06-04 00:00:00,84.5,2010-06-04 00:00:00,80.25,80.5,27,26100,2158150,2010-06-04 00:00:00,1
2010-06-07 00:00:00,2010-06-07 00:00:00,87,2010-06-07 00:00:00,82.5,86,109,263700,22227225,2010-06-07 00:00:00,1
2010-06-08 00:00:00,2010-06-08 00:00:00,90,2010-06-08 00:00:00,85.25,86.75,54,56900,5033525,2010-06-08 00:00:00,1
2010-06-09 00:00:00,2010-06-09 00:00:00,88.25,2010-06-09 00:00:00,86,88,63,178400,15649800,2010-06-09 00:00:00,1
2010-06-10 00:00:00,2010-06-10 00:00:00,90,2010-06-10 00:00:00,87,87.5,53,74300,6520475,2010-06-10 00:00:00,1
2010-06-11 00:00:00,2010-06-11 00:00:00,91,2010-06-11 00:00:00,87,90,67,292000,26153650,2010-06-11 00:00:00,1
2010-06-14 00:00:00,2010-06-14 00:00:00,96,2010-06-14 00:00:00,91,94.5,147,240600,22793525,2010-06-14 00:00:00,1
2010-06-15 00:00:00,2010-06-15 00:00:00,95,2010-06-15 00:00:00,92,92.5,40,49000,4619675,2010-06-15 00:00:00,1
2010-06-16 00:00:00,2010-06-16 00:00:00,94,2010-06-16 00:00:00,90,91.75,19,15100,1373250,2010-06-16 00:00:00,1
2010-06-17 00:00:00,2010-06-17 00:00:00,100,2010-06-17 00:00:00,91,91,23,22800,2103200,2010-06-17 00:00:00,1
2010-06-21 00:00:00,2010-06-21 00:00:00,90,2010-06-21 00:00:00,89,90,15,27000,2429500,2010-06-21 00:00:00,1
2010-06-22 00:00:00,2010-06-22 00:00:00,92,2010-06-22 00:00:00,90,90,28,107900,9728350,2010-06-22 00:00:00,1
2010-06-23 00:00:00,2010-06-23 00:00:00,89.5,2010-06-23 00:00:00,89,89,9,4800,427350,2010-06-23 00:00:00,1
2010-06-24 00:00:00,2010-06-24 00:00:00,89.25,2010-06-24 00:00:00,85,88.25,17,11800,1040150,2010-06-24 00:00:00,1
2010-06-28 00:00:00,2010-06-28 00:00:00,88,2010-06-28 00:00:00,86,88,8,6500,569825,2010-06-28 00:00:00,1
2010-06-29 00:00:00,2010-06-29 00:00:00,88,2010-06-29 00:00:00,88,88,17,10200,897600,2010-06-29 00:00:00,1
2010-06-30 00:00:00,2010-06-30 00:00:00,89,2010-06-30 00:00:00,87.5,87.5,14,9400,824750,2010-06-30 00:00:00,1
2010-07-01 00:00:00,2010-07-01 00:00:00,88.75,2010-07-01 00:00:00,87.5,88,14,15600,1372425,2010-07-01 00:00:00,1
2010-07-02 00:00:00,2010-07-02 00:00:00,89,2010-07-02 00:00:00,86,88.25,16,5200,457625,2010-07-02 00:00:00,1
2010-07-05 00:00:00,2010-07-05 00:00:00,88,2010-07-05 00:00:00,81,87.5,6,3500,305200,2010-07-05 00:00:00,1
2010-07-06 00:00:00,2010-07-06 00:00:00,90,2010-07-06 00:00:00,83.75,87,17,7500,657725,2010-07-06 00:00:00,1
2010-07-07 00:00:00,2010-07-07 00:00:00,86.5,2010-07-07 00:00:00,83.5,86,13,18800,1580150,2010-07-07 00:00:00,1
2010-07-08 00:00:00,2010-07-08 00:00:00,89,2010-07-08 00:00:00,83.25,87.75,14,63700,5646100,2010-07-08 00:00:00,1
2010-07-09 00:00:00,2010-07-09 00:00:00,87,2010-07-09 00:00:00,86.25,86.25,5,11100,960250,2010-07-09 00:00:00,1
2010-07-12 00:00:00,2010-07-12 00:00:00,87,2010-07-12 00:00:00,86,86,8,7900,682825,2010-07-12 00:00:00,1
2010-07-13 00:00:00,2010-07-13 00:00:00,86,2010-07-13 00:00:00,86,86,4,7900,679400,2010-07-13 00:00:00,1
2010-07-14 00:00:00,2010-07-14 00:00:00,89.5,2010-07-14 00:00:00,86,87.25,16,59000,5085100,2010-07-14 00:00:00,1
2010-07-15 00:00:00,2010-07-15 00:00:00,89,2010-07-15 00:00:00,86,88,13,40000,3463100,2010-07-15 00:00:00,1
2010-07-16 00:00:00,2010-07-16 00:00:00,88.75,2010-07-16 00:00:00,86,87.75,4,1300,114075,2010-07-16 00:00:00,1
2010-07-19 00:00:00,2010-07-19 00:00:00,88,2010-07-19 00:00:00,88,88,1,200,17600,2010-07-19 00:00:00,1
2010-07-20 00:00:00,2010-07-20 00:00:00,88,2010-07-20 00:00:00,86.25,87.5,8,2100,183400,2010-07-20 00:00:00,1
2010-07-21 00:00:00,2010-07-21 00:00:00,89.75,2010-07-21 00:00:00,86,86.25,10,20500,1770450,2010-07-21 00:00:00,1
2010-07-22 00:00:00,2010-07-22 00:00:00,87.25,2010-07-22 00:00:00,87.25,87.25,6,3300,287925,2010-07-22 00:00:00,1
2010-07-23 00:00:00,2010-07-23 00:00:00,88.5,2010-07-23 00:00:00,88,88,12,19000,1672500,2010-07-23 00:00:00,1
2010-07-26 00:00:00,2010-07-26 00:00:00,90,2010-07-26 00:00:00,89,89.5,29,165900,14791525,2010-07-26 00:00:00,1
2010-07-27 00:00:00,2010-07-27 00:00:00,95.75,2010-07-27 00:00:00,89,93.75,298,898800,82327350,2010-07-27 00:00:00,1
2010-07-28 00:00:00,2010-07-28 00:00:00,108,2010-07-28 00:00:00,94.5,104.25,898,1327000,134505325,2010-07-28 00:00:00,1
2010-07-29 00:00:00,2010-07-29 00:00:00,106,2010-07-29 00:00:00,100.25,101.25,228,319800,32990725,2010-07-29 00:00:00,1
2010-07-30 00:00:00,2010-07-30 00:00:00,103.5,2010-07-30 00:00:00,94,97,90,141800,14267875,2010-07-30 00:00:00,1
2010-08-02 00:00:00,2010-08-02 00:00:00,104,2010-08-02 00:00:00,91,93.6,51,60200,5716580,2010-08-02 00:00:00,1
2010-08-03 00:00:00,2010-08-03 00:00:00,103,2010-08-03 00:00:00,94,94.9,35,48400,4590800,2010-08-03 00:00:00,1
2010-08-04 00:00:00,2010-08-04 00:00:00,98.9,2010-08-04 00:00:00,92,94.6,34,36400,3439620,2010-08-04 00:00:00,1
2010-08-05 00:00:00,2010-08-05 00:00:00,95,2010-08-05 00:00:00,90,92.3,57,62800,5732400,2010-08-05 00:00:00,1
2010-08-06 00:00:00,2010-08-06 00:00:00,96,2010-08-06 00:00:00,92,93.2,26,31300,2917630,2010-08-06 00:00:00,1
2010-08-09 00:00:00,2010-08-09 00:00:00,89,2010-08-09 00:00:00,85,85.6,44,69300,5909770,2010-08-09 00:00:00,1
2010-08-10 00:00:00,2010-08-10 00:00:00,94.1,2010-08-10 00:00:00,83,93.6,22,26400,2351510,2010-08-10 00:00:00,1
2010-08-11 00:00:00,2010-08-11 00:00:00,99,2010-08-11 00:00:00,93,93.5,29,23700,2299550,2010-08-11 00:00:00,1
2010-08-12 00:00:00,2010-08-12 00:00:00,90,2010-08-12 00:00:00,88.5,89.9,12,3600,322650,2010-08-12 00:00:00,1
2010-08-13 00:00:00,2010-08-13 00:00:00,95,2010-08-13 00:00:00,82,92.5,19,24100,2191660,2010-08-13 00:00:00,1
2010-08-16 00:00:00,2010-08-16 00:00:00,93,2010-08-16 00:00:00,88.2,88.2,9,2100,189770,2010-08-16 00:00:00,1
2010-08-17 00:00:00,2010-08-17 00:00:00,90,2010-08-17 00:00:00,85,88.8,53,39200,3444050,2010-08-17 00:00:00,1
2010-08-18 00:00:00,2010-08-18 00:00:00,86,2010-08-18 00:00:00,85,85.7,19,19100,1630220,2010-08-18 00:00:00,1
2010-08-19 00:00:00,2010-08-19 00:00:00,90,2010-08-19 00:00:00,86,88.1,23,13700,1190460,2010-08-19 00:00:00,1
2010-08-20 00:00:00,2010-08-20 00:00:00,92,2010-08-20 00:00:00,88,90.5,21,16200,1450920,2010-08-20 00:00:00,1
2010-08-23 00:00:00,2010-08-23 00:00:00,90,2010-08-23 00:00:00,88,89.9,16,7600,677260,2010-08-23 00:00:00,1
2010-08-25 00:00:00,2010-08-25 00:00:00,93.5,2010-08-25 00:00:00,89.9,90.2,17,19200,1777260,2010-08-25 00:00:00,1
2010-08-26 00:00:00,2010-08-26 00:00:00,90,2010-08-26 00:00:00,89.5,89.5,3,400,35950,2010-08-26 00:00:00,1
2010-08-27 00:00:00,2010-08-27 00:00:00,91,2010-08-27 00:00:00,89.5,89.6,10,14800,1324960,2010-08-27 00:00:00,1
2010-08-30 00:00:00,2010-08-30 00:00:00,90,2010-08-30 00:00:00,89.5,89.8,16,14800,1328020,2010-08-30 00:00:00,1
2010-08-31 00:00:00,2010-08-31 00:00:00,91.9,2010-08-31 00:00:00,89.8,90.5,24,41800,3767500,2010-08-31 00:00:00,1
2010-09-01 00:00:00,2010-09-01 00:00:00,99.5,2010-09-01 00:00:00,91,98.9,77,2425900,242371620,2010-09-01 00:00:00,1
2010-09-02 00:00:00,2010-09-02 00:00:00,106,2010-09-02 00:00:00,99.1,100.6,171,313200,31447880,2010-09-02 00:00:00,1
2010-09-03 00:00:00,2010-09-03 00:00:00,107,2010-09-03 00:00:00,100,104.9,97,602900,63150160,2010-09-03 00:00:00,1
2010-09-06 00:00:00,2010-09-06 00:00:00,105,2010-09-06 00:00:00,103,103.7,40,35300,3677810,2010-09-06 00:00:00,1
2010-09-07 00:00:00,2010-09-07 00:00:00,104,2010-09-07 00:00:00,102.5,103.4,59,132900,13732710,2010-09-07 00:00:00,1
2010-09-08 00:00:00,2010-09-08 00:00:00,103,2010-09-08 00:00:00,95,102.9,33,49400,5009700,2010-09-08 00:00:00,1
2010-09-09 00:00:00,2010-09-09 00:00:00,107,2010-09-09 00:00:00,100,100,29,18300,1892330,2010-09-09 00:00:00,1
2010-09-13 00:00:00,2010-09-13 00:00:00,104,2010-09-13 00:00:00,100,102.1,45,26500,2706020,2010-09-13 00:00:00,1
2010-09-14 00:00:00,2010-09-14 00:00:00,109,2010-09-14 00:00:00,101,102.4,66,256000,26294640,2010-09-14 00:00:00,1
2010-09-15 00:00:00,2010-09-15 00:00:00,105,2010-09-15 00:00:00,101.5,102.2,79,198800,20334170,2010-09-15 00:00:00,1
2010-09-16 00:00:00,2010-09-16 00:00:00,106.8,2010-09-16 00:00:00,102.5,105,109,207000,21748700,2010-09-16 00:00:00,1
2010-09-17 00:00:00,2010-09-17 00:00:00,110,2010-09-17 00:00:00,102,102.9,55,85300,8868880,2010-09-17 00:00:00,1
2010-09-20 00:00:00,2010-09-20 00:00:00,105,2010-09-20 00:00:00,102.5,103.2,36,30300,3142930,2010-09-20 00:00:00,1
2010-09-21 00:00:00,2010-09-21 00:00:00,115,2010-09-21 00:00:00,104.9,112.8,165,211300,23525730,2010-09-21 00:00:00,1
2010-09-23 00:00:00,2010-09-23 00:00:00,114.5,2010-09-23 00:00:00,108.5,108.5,48,74400,8296870,2010-09-23 00:00:00,1
2010-09-24 00:00:00,2010-09-24 00:00:00,109,2010-09-24 00:00:00,106,106.2,24,26200,2810960,2010-09-24 00:00:00,1
2010-09-27 00:00:00,2010-09-27 00:00:00,109.5,2010-09-27 00:00:00,105,108,67,170600,18350640,2010-09-27 00:00:00,1
2010-09-28 00:00:00,2010-09-28 00:00:00,108,2010-09-28 00:00:00,103,103.3,42,73900,7723580,2010-09-28 00:00:00,1
2010-09-29 00:00:00,2010-09-29 00:00:00,107,2010-09-29 00:00:00,102.4,104.9,10,2900,303510,2010-09-29 00:00:00,1
2010-09-30 00:00:00,2010-09-30 00:00:00,105,2010-09-30 00:00:00,103.5,104.8,27,51000,5336570,2010-09-30 00:00:00,1
2010-10-01 00:00:00,2010-10-01 00:00:00,107,2010-10-01 00:00:00,103,103.9,36,74100,7704760,2010-10-01 00:00:00,1
2010-10-04 00:00:00,2010-10-04 00:00:00,106.9,2010-10-04 00:00:00,103.9,104,28,35200,3661270,2010-10-04 00:00:00,1
2010-10-05 00:00:00,2010-10-05 00:00:00,104,2010-10-05 00:00:00,103,103.1,21,28200,2912100,2010-10-05 00:00:00,1
2010-10-06 00:00:00,2010-10-06 00:00:00,103.9,2010-10-06 00:00:00,97,97.9,48,58900,5864460,2010-10-06 00:00:00,1
2010-10-07 00:00:00,2010-10-07 00:00:00,102.9,2010-10-07 00:00:00,97,98,22,38700,3805720,2010-10-07 00:00:00,1
2010-10-08 00:00:00,2010-10-08 00:00:00,102,2010-10-08 00:00:00,94.8,101.9,23,37500,3594700,2010-10-08 00:00:00,1
2010-10-11 00:00:00,2010-10-11 00:00:00,102,2010-10-11 00:00:00,101,101.9,15,4500,457540,2010-10-11 00:00:00,1
2010-10-12 00:00:00,2010-10-12 00:00:00,98.9,2010-10-12 00:00:00,97,98,34,32700,3205090,2010-10-12 00:00:00,1
2010-10-13 00:00:00,2010-10-13 00:00:00,99,2010-10-13 00:00:00,93.5,98.3,16,14200,1356830,2010-10-13 00:00:00,1
2010-10-14 00:00:00,2010-10-14 00:00:00,98,2010-10-14 00:00:00,97,97.7,15,14900,1459200,2010-10-14 00:00:00,1
2010-10-15 00:00:00,2010-10-15 00:00:00,100,2010-10-15 00:00:00,95,99.3,16,8700,849670,2010-10-15 00:00:00,1
2010-10-18 00:00:00,2010-10-18 00:00:00,99.1,2010-10-18 00:00:00,99,99.1,3,300,29720,2010-10-18 00:00:00,1
2010-10-19 00:00:00,2010-10-19 00:00:00,99,2010-10-19 00:00:00,98,98,6,19700,1931350,2010-10-19 00:00:00,1
2010-10-20 00:00:00,2010-10-20 00:00:00,99,2010-10-20 00:00:00,95,95,10,12100,1162910,2010-10-20 00:00:00,1
2010-10-21 00:00:00,2010-10-21 00:00:00,95,2010-10-21 00:00:00,95,95,8,8800,836000,2010-10-21 00:00:00,1
2010-10-25 00:00:00,2010-10-25 00:00:00,95.6,2010-10-25 00:00:00,95.2,95.2,7,2800,266790,2010-10-25 00:00:00,1
2010-10-26 00:00:00,2010-10-26 00:00:00,94,2010-10-26 00:00:00,92,93.1,6,5400,502450,2010-10-26 00:00:00,1
2010-10-27 00:00:00,2010-10-27 00:00:00,99,2010-10-27 00:00:00,92.5,95.1,11,3000,284430,2010-10-27 00:00:00,1
2010-10-28 00:00:00,2010-10-28 00:00:00,93,2010-10-28 00:00:00,93,93,2,200,18600,2010-10-28 00:00:00,1
2010-10-29 00:00:00,2010-10-29 00:00:00,96,2010-10-29 00:00:00,94,95.6,7,1700,161920,2010-10-29 00:00:00,1
2010-11-01 00:00:00,2010-11-01 00:00:00,95.6,2010-11-01 00:00:00,95.6,95.6,2,200,19120,2010-11-01 00:00:00,1
2010-11-02 00:00:00,2010-11-02 00:00:00,99.5,2010-11-02 00:00:00,96,98.3,17,4200,409830,2010-11-02 00:00:00,1
2010-11-03 00:00:00,2010-11-03 00:00:00,98.3,2010-11-03 00:00:00,96,98.3,5,1900,183540,2010-11-03 00:00:00,1
2010-11-04 00:00:00,2010-11-04 00:00:00,100,2010-11-04 00:00:00,98,98,20,10600,1044300,2010-11-04 00:00:00,1
2010-11-08 00:00:00,2010-11-08 00:00:00,98,2010-11-08 00:00:00,97,98,13,3700,360600,2010-11-08 00:00:00,1
2010-11-09 00:00:00,2010-11-09 00:00:00,99.4,2010-11-09 00:00:00,95,99.4,4,500,48160,2010-11-09 00:00:00,1
2010-11-10 00:00:00,2010-11-10 00:00:00,99.5,2010-11-10 00:00:00,94.7,97.2,8,5100,495920,2010-11-10 00:00:00,1
2010-11-11 00:00:00,2010-11-11 00:00:00,99,2010-11-11 00:00:00,98.9,99,2,200,19790,2010-11-11 00:00:00,1
2010-11-12 00:00:00,2010-11-12 00:00:00,102,2010-11-12 00:00:00,98.5,100.7,10,4200,423340,2010-11-12 00:00:00,1
2010-11-15 00:00:00,2010-11-15 00:00:00,101,2010-11-15 00:00:00,98.3,98.5,19,19600,1935150,2010-11-15 00:00:00,1
2010-11-16 00:00:00,2010-11-16 00:00:00,99,2010-11-16 00:00:00,98.5,98.6,19,26600,2624650,2010-11-16 00:00:00,1
2010-11-18 00:00:00,2010-11-18 00:00:00,98,2010-11-18 00:00:00,95,97.9,8,8600,833420,2010-11-18 00:00:00,1
2010-11-22 00:00:00,2010-11-22 00:00:00,97.9,2010-11-22 00:00:00,97.9,97.9,1,1000,97900,2010-11-22 00:00:00,1
2010-11-23 00:00:00,2010-11-23 00:00:00,97.9,2010-11-23 00:00:00,95,95,11,6800,649050,2010-11-23 00:00:00,1
2010-11-24 00:00:00,2010-11-24 00:00:00,98,2010-11-24 00:00:00,95,97.9,3,3000,287910,2010-11-24 00:00:00,1
2010-11-25 00:00:00,2010-11-25 00:00:00,97.9,2010-11-25 00:00:00,96,96.8,11,4700,452890,2010-11-25 00:00:00,1
2010-11-26 00:00:00,2010-11-26 00:00:00,98.9,2010-11-26 00:00:00,98.5,98.8,2,500,49410,2010-11-26 00:00:00,1
2010-11-29 00:00:00,2010-11-29 00:00:00,97,2010-11-29 00:00:00,96,96,5,1600,154100,2010-11-29 00:00:00,1
2010-11-30 00:00:00,2010-11-30 00:00:00,100,2010-11-30 00:00:00,96,99.9,30,29300,2924210,2010-11-30 00:00:00,1
2010-12-01 00:00:00,2010-12-01 00:00:00,105,2010-12-01 00:00:00,99.9,104.8,19,15300,1547820,2010-12-01 00:00:00,1
2010-12-02 00:00:00,2010-12-02 00:00:00,109.5,2010-12-02 00:00:00,104.9,104.9,22,24300,2612000,2010-12-02 00:00:00,1
2010-12-03 00:00:00,2010-12-03 00:00:00,108,2010-12-03 00:00:00,101,105.9,23,35100,3710250,2010-12-03 00:00:00,1
2010-12-06 00:00:00,2010-12-06 00:00:00,111,2010-12-06 00:00:00,104,109.3,77,158600,17372040,2010-12-06 00:00:00,1
2010-12-07 00:00:00,2010-12-07 00:00:00,113.5,2010-12-07 00:00:00,108.5,112.1,149,432900,48301990,2010-12-07 00:00:00,1
2010-12-08 00:00:00,2010-12-08 00:00:00,114.8,2010-12-08 00:00:00,108,111.7,70,125600,14041790,2010-12-08 00:00:00,1
2010-12-09 00:00:00,2010-12-09 00:00:00,114.5,2010-12-09 00:00:00,110,114,129,282700,32024190,2010-12-09 00:00:00,1
2010-12-10 00:00:00,2010-12-10 00:00:00,115.9,2010-12-10 00:00:00,113,114.9,145,227300,26152620,2010-12-10 00:00:00,1
2010-12-13 00:00:00,2010-12-13 00:00:00,115,2010-12-13 00:00:00,114,114.9,30,33300,3826450,2010-12-13 00:00:00,1
2010-12-14 00:00:00,2010-12-14 00:00:00,114,2010-12-14 00:00:00,113,113,29,45300,5120780,2010-12-14 00:00:00,1
2010-12-15 00:00:00,2010-12-15 00:00:00,114,2010-12-15 00:00:00,112,113.1,20,17300,1956610,2010-12-15 00:00:00,1
2010-12-16 00:00:00,2010-12-16 00:00:00,113.5,2010-12-16 00:00:00,112.5,113,8,19300,2176700,2010-12-16 00:00:00,1
2010-12-17 00:00:00,2010-12-17 00:00:00,113,2010-12-17 00:00:00,113,113,7,7700,870100,2010-12-17 00:00:00,1
2010-12-21 00:00:00,2010-12-21 00:00:00,115,2010-12-21 00:00:00,113,114.9,40,37300,4270320,2010-12-21 00:00:00,1
2010-12-22 00:00:00,2010-12-22 00:00:00,130,2010-12-22 00:00:00,114.9,124.3,191,311900,38440770,2010-12-22 00:00:00,1
2010-12-23 00:00:00,2010-12-23 00:00:00,128,2010-12-23 00:00:00,121.2,124,138,131100,16317200,2010-12-23 00:00:00,1
2010-12-24 00:00:00,2010-12-24 00:00:00,124,2010-12-24 00:00:00,122,122.5,28,34700,4258890,2010-12-24 00:00:00,1
2010-12-27 00:00:00,2010-12-27 00:00:00,125,2010-12-27 00:00:00,122.1,122.9,39,73300,9012310,2010-12-27 00:00:00,1
2010-12-28 00:00:00,2010-12-28 00:00:00,126,2010-12-28 00:00:00,123.8,124.1,32,48400,6005910,2010-12-28 00:00:00,1
2010-12-29 00:00:00,2010-12-29 00:00:00,129.4,2010-12-29 00:00:00,122.5,126,81,82400,10291390,2010-12-29 00:00:00,1
2010-12-30 00:00:00,2010-12-30 00:00:00,134,2010-12-30 00:00:00,125,131.9,122,404900,51796750,2010-12-30 00:00:00,1
2010-12-31 00:00:00,2010-12-31 00:00:00,140,2010-12-31 00:00:00,132,138.9,129,132800,18264070,2010-12-31 00:00:00,1
Company Id :  MADU,,Security Type :  N,,Sub Type :  0000,,,,,,
Short Name :  MADULSIMA,,,,,,,,,,
Day,Date High,High,Date Low,Low,Closing,No. of Trades,No. of Shares,Turnover,Last Traded,Days Traded
2010-01-04 00:00:00,2010-01-04 00:00:00,14.25,2010-01-04 00:00:00,14,14,27,53400,747725,2010-01-04 00:00:00,1
2010-01-05 00:00:00,2010-01-05 00:00:00,14.25,2010-01-05 00:00:00,14,14.25,20,21900,309150,2010-01-05 00:00:00,1
2010-01-06 00:00:00,2010-01-06 00:00:00,14,2010-01-06 00:00:00,13.75,13.75,9,1800,24800,2010-01-06 00:00:00,1
2010-01-07 00:00:00,2010-01-07 00:00:00,14,2010-01-07 00:00:00,13.5,14,14,10600,146950,2010-01-07 00:00:00,1
2010-01-08 00:00:00,2010-01-08 00:00:00,15,2010-01-08 00:00:00,13.75,14.75,83,63600,931550,2010-01-08 00:00:00,1
2010-01-11 00:00:00,2010-01-11 00:00:00,15.25,2010-01-11 00:00:00,14.75,14.75,72,108900,1630750,2010-01-11 00:00:00,1
2010-01-12 00:00:00,2010-01-12 00:00:00,15,2010-01-12 00:00:00,14.25,14.25,11,3300,47700,2010-01-12 00:00:00,1
2010-01-13 00:00:00,2010-01-13 00:00:00,14.25,2010-01-13 00:00:00,13.75,13.75,17,11100,153400,2010-01-13 00:00:00,1
2010-01-15 00:00:00,2010-01-15 00:00:00,14.5,2010-01-15 00:00:00,14,14.25,17,16400,231875,2010-01-15 00:00:00,1
2010-01-18 00:00:00,2010-01-18 00:00:00,14.75,2010-01-18 00:00:00,14,14,15,7300,102350,2010-01-18 00:00:00,1
2010-01-19 00:00:00,2010-01-19 00:00:00,14.75,2010-01-19 00:00:00,14.25,14.25,9,6400,91750,2010-01-19 00:00:00,1
2010-01-20 00:00:00,2010-01-20 00:00:00,15.25,2010-01-20 00:00:00,14.5,15,54,85800,1283850,2010-01-20 00:00:00,1
2010-01-21 00:00:00,2010-01-21 00:00:00,15,2010-01-21 00:00:00,14.5,14.5,10,9000,132500,2010-01-21 00:00:00,1
2010-01-22 00:00:00,2010-01-22 00:00:00,14.5,2010-01-22 00:00:00,14.25,14.25,4,20700,296225,2010-01-22 00:00:00,1
2010-01-25 00:00:00,2010-01-25 00:00:00,14.25,2010-01-25 00:00:00,14,14,11,9600,135550,2010-01-25 00:00:00,1
2010-01-26 00:00:00,2010-01-26 00:00:00,14.75,2010-01-26 00:00:00,14,14.5,6,2500,35225,2010-01-26 00:00:00,1
2010-01-28 00:00:00,2010-01-28 00:00:00,15.25,2010-01-28 00:00:00,13.5,15,69,105900,1559475,2010-01-28 00:00:00,1
2010-02-01 00:00:00,2010-02-01 00:00:00,17.25,2010-02-01 00:00:00,15.25,16.75,433,1126100,18383125,2010-02-01 00:00:00,1
2010-02-02 00:00:00,2010-02-02 00:00:00,17.5,2010-02-02 00:00:00,16.25,16.5,216,356600,6085575,2010-02-02 00:00:00,1
2010-02-03 00:00:00,2010-02-03 00:00:00,17,2010-02-03 00:00:00,15.75,15.75,59,43600,697050,2010-02-03 00:00:00,1
2010-02-05 00:00:00,2010-02-05 00:00:00,16,2010-02-05 00:00:00,15.25,15.25,21,28800,441700,2010-02-05 00:00:00,1
2010-02-08 00:00:00,2010-02-08 00:00:00,17,2010-02-08 00:00:00,15.5,16.75,78,206200,3414300,2010-02-08 00:00:00,1
2010-02-09 00:00:00,2010-02-09 00:00:00,16.5,2010-02-09 00:00:00,15.75,16,27,30400,489600,2010-02-09 00:00:00,1
2010-02-10 00:00:00,2010-02-10 00:00:00,16,2010-02-10 00:00:00,15.25,15.5,17,19500,304475,2010-02-10 00:00:00,1
2010-02-11 00:00:00,2010-02-11 00:00:00,15.5,2010-02-11 00:00:00,15,15,25,41000,620325,2010-02-11 00:00:00,1
2010-02-12 00:00:00,2010-02-12 00:00:00,15.75,2010-02-12 00:00:00,14.75,15.5,6,7100,109975,2010-02-12 00:00:00,1
2010-02-15 00:00:00,2010-02-15 00:00:00,15.75,2010-02-15 00:00:00,15.25,15.25,5,4200,65075,2010-02-15 00:00:00,1
2010-02-16 00:00:00,2010-02-16 00:00:00,15.5,2010-02-16 00:00:00,15,15,9,9700,146525,2010-02-16 00:00:00,1
2010-02-17 00:00:00,2010-02-17 00:00:00,15,2010-02-17 00:00:00,14.75,15,14,9100,136000,2010-02-17 00:00:00,1
2010-02-18 00:00:00,2010-02-18 00:00:00,15,2010-02-18 00:00:00,15,15,4,4300,64500,2010-02-18 00:00:00,1
2010-02-19 00:00:00,2010-02-19 00:00:00,16.5,2010-02-19 00:00:00,14.75,16,51,57800,911850,2010-02-19 00:00:00,1
2010-02-22 00:00:00,2010-02-22 00:00:00,17.5,2010-02-22 00:00:00,15.75,16.75,220,338200,5772875,2010-02-22 00:00:00,1
2010-02-23 00:00:00,2010-02-23 00:00:00,17.5,2010-02-23 00:00:00,16.75,17.5,144,363500,6298900,2010-02-23 00:00:00,1
2010-02-24 00:00:00,2010-02-24 00:00:00,19,2010-02-24 00:00:00,17.5,17.75,560,1373500,25491175,2010-02-24 00:00:00,1
2010-02-25 00:00:00,2010-02-25 00:00:00,17,2010-02-25 00:00:00,15,16.75,150,130900,2157475,2010-02-25 00:00:00,1
2010-02-26 00:00:00,2010-02-26 00:00:00,17,2010-02-26 00:00:00,16.75,16.75,24,12900,216750,2010-02-26 00:00:00,1
2010-03-01 00:00:00,2010-03-01 00:00:00,17,2010-03-01 00:00:00,16.25,16.25,31,33900,554225,2010-03-01 00:00:00,1
2010-03-02 00:00:00,2010-03-02 00:00:00,16.25,2010-03-02 00:00:00,15.75,15.75,28,28500,455875,2010-03-02 00:00:00,1
2010-03-03 00:00:00,2010-03-03 00:00:00,16.5,2010-03-03 00:00:00,15.75,15.75,47,26400,423050,2010-03-03 00:00:00,1
2010-03-04 00:00:00,2010-03-04 00:00:00,16.75,2010-03-04 00:00:00,15.75,16,19,7300,118475,2010-03-04 00:00:00,1
2010-03-05 00:00:00,2010-03-05 00:00:00,16.25,2010-03-05 00:00:00,15.75,15.75,6,1600,25250,2010-03-05 00:00:00,1
2010-03-08 00:00:00,2010-03-08 00:00:00,16.25,2010-03-08 00:00:00,15.75,15.75,29,32300,512525,2010-03-08 00:00:00,1
2010-03-09 00:00:00,2010-03-09 00:00:00,16.5,2010-03-09 00:00:00,15.75,16,10,19400,309300,2010-03-09 00:00:00,1
2010-03-10 00:00:00,2010-03-10 00:00:00,16.5,2010-03-10 00:00:00,15.75,15.75,30,26400,421525,2010-03-10 00:00:00,1
2010-03-11 00:00:00,2010-03-11 00:00:00,16,2010-03-11 00:00:00,15.5,16,14,20700,330925,2010-03-11 00:00:00,1
2010-03-12 00:00:00,2010-03-12 00:00:00,16.25,2010-03-12 00:00:00,15.75,15.75,27,53800,853575,2010-03-12 00:00:00,1
2010-03-15 00:00:00,2010-03-15 00:00:00,16.25,2010-03-15 00:00:00,15.75,15.75,24,21500,342325,2010-03-15 00:00:00,1
2010-03-16 00:00:00,2010-03-16 00:00:00,15.5,2010-03-16 00:00:00,15.5,15.5,9,11300,175150,2010-03-16 00:00:00,1
2010-03-17 00:00:00,2010-03-17 00:00:00,15.5,2010-03-17 00:00:00,15,15.5,20,37800,568300,2010-03-17 00:00:00,1
2010-03-18 00:00:00,2010-03-18 00:00:00,15.5,2010-03-18 00:00:00,15.25,15.5,2,200,3075,2010-03-18 00:00:00,1
2010-03-19 00:00:00,2010-03-19 00:00:00,16,2010-03-19 00:00:00,15,15,29,14500,219050,2010-03-19 00:00:00,1
2010-03-22 00:00:00,2010-03-22 00:00:00,15.25,2010-03-22 00:00:00,14.75,14.75,6,1700,25250,2010-03-22 00:00:00,1
2010-03-23 00:00:00,2010-03-23 00:00:00,15.25,2010-03-23 00:00:00,14.75,15,12,6700,100875,2010-03-23 00:00:00,1
2010-03-24 00:00:00,2010-03-24 00:00:00,15,2010-03-24 00:00:00,14.5,14.5,18,19300,280225,2010-03-24 00:00:00,1
2010-03-25 00:00:00,2010-03-25 00:00:00,14.5,2010-03-25 00:00:00,14.25,14.5,6,2300,32850,2010-03-25 00:00:00,1
2010-03-26 00:00:00,2010-03-26 00:00:00,14.75,2010-03-26 00:00:00,14.5,14.75,16,12400,181350,2010-03-26 00:00:00,1
2010-03-30 00:00:00,2010-03-30 00:00:00,14.5,2010-03-30 00:00:00,14.5,14.5,9,4800,69600,2010-03-30 00:00:00,1
2010-03-31 00:00:00,2010-03-31 00:00:00,14.25,2010-03-31 00:00:00,14.25,14.25,2,700,9975,2010-03-31 00:00:00,1
2010-04-01 00:00:00,2010-04-01 00:00:00,14.75,2010-04-01 00:00:00,14.5,14.5,7,15300,222100,2010-04-01 00:00:00,1
2010-04-05 00:00:00,2010-04-05 00:00:00,16.5,2010-04-05 00:00:00,14.75,16,47,35000,557675,2010-04-05 00:00:00,1
2010-04-06 00:00:00,2010-04-06 00:00:00,16.25,2010-04-06 00:00:00,15.5,15.75,25,21200,337700,2010-04-06 00:00:00,1
2010-04-07 00:00:00,2010-04-07 00:00:00,15.75,2010-04-07 00:00:00,15.5,15.5,33,48200,753675,2010-04-07 00:00:00,1
2010-04-08 00:00:00,2010-04-08 00:00:00,15.75,2010-04-08 00:00:00,15.5,15.5,5,12100,189325,2010-04-08 00:00:00,1
2010-04-12 00:00:00,2010-04-12 00:00:00,16,2010-04-12 00:00:00,15.25,15.5,23,32500,506150,2010-04-12 00:00:00,1
2010-04-15 00:00:00,2010-04-15 00:00:00,15.5,2010-04-15 00:00:00,15.25,15.5,15,19100,294775,2010-04-15 00:00:00,1
2010-04-16 00:00:00,2010-04-16 00:00:00,16,2010-04-16 00:00:00,15.5,15.5,4,10200,158175,2010-04-16 00:00:00,1
2010-04-19 00:00:00,2010-04-19 00:00:00,16,2010-04-19 00:00:00,15,15.25,28,21800,332525,2010-04-19 00:00:00,1
2010-04-20 00:00:00,2010-04-20 00:00:00,17.25,2010-04-20 00:00:00,15,16.75,132,195900,3242300,2010-04-20 00:00:00,1
2010-04-21 00:00:00,2010-04-21 00:00:00,17.5,2010-04-21 00:00:00,16.5,16.75,74,82800,1406875,2010-04-21 00:00:00,1
2010-04-22 00:00:00,2010-04-22 00:00:00,16.5,2010-04-22 00:00:00,16.5,16.5,4,6000,99000,2010-04-22 00:00:00,1
2010-04-23 00:00:00,2010-04-23 00:00:00,16.75,2010-04-23 00:00:00,16,16.25,18,6600,107725,2010-04-23 00:00:00,1
2010-04-26 00:00:00,2010-04-26 00:00:00,16.75,2010-04-26 00:00:00,16,16.5,31,34000,564825,2010-04-26 00:00:00,1
2010-04-27 00:00:00,2010-04-27 00:00:00,17,2010-04-27 00:00:00,16.5,16.5,64,86300,1444900,2010-04-27 00:00:00,1
2010-04-29 00:00:00,2010-04-29 00:00:00,16.5,2010-04-29 00:00:00,16.5,16.5,13,14300,235950,2010-04-29 00:00:00,1
2010-04-30 00:00:00,2010-04-30 00:00:00,16.5,2010-04-30 00:00:00,16.25,16.25,10,16900,276775,2010-04-30 00:00:00,1
2010-05-03 00:00:00,2010-05-03 00:00:00,16.25,2010-05-03 00:00:00,16,16,16,6100,98200,2010-05-03 00:00:00,1
2010-05-04 00:00:00,2010-05-04 00:00:00,16.5,2010-05-04 00:00:00,15.75,16,19,9000,144325,2010-05-04 00:00:00,1
2010-05-05 00:00:00,2010-05-05 00:00:00,16.5,2010-05-05 00:00:00,15.5,16,32,45800,724150,2010-05-05 00:00:00,1
2010-05-06 00:00:00,2010-05-06 00:00:00,16.5,2010-05-06 00:00:00,15.75,16.5,16,26900,439300,2010-05-06 00:00:00,1
2010-05-07 00:00:00,2010-05-07 00:00:00,16.5,2010-05-07 00:00:00,15.75,16.25,10,15000,241250,2010-05-07 00:00:00,1
2010-05-10 00:00:00,2010-05-10 00:00:00,16.25,2010-05-10 00:00:00,16,16.25,22,23100,373650,2010-05-10 00:00:00,1
2010-05-11 00:00:00,2010-05-11 00:00:00,16.5,2010-05-11 00:00:00,16.25,16.25,10,31000,508325,2010-05-11 00:00:00,1
2010-05-12 00:00:00,2010-05-12 00:00:00,16.25,2010-05-12 00:00:00,16,16,5,500,8025,2010-05-12 00:00:00,1
2010-05-13 00:00:00,2010-05-13 00:00:00,16,2010-05-13 00:00:00,15.75,16,18,17400,277750,2010-05-13 00:00:00,1
2010-05-14 00:00:00,2010-05-14 00:00:00,16,2010-05-14 00:00:00,15.75,16,13,12100,191950,2010-05-14 00:00:00,1
2010-05-17 00:00:00,2010-05-17 00:00:00,16.25,2010-05-17 00:00:00,15.75,16,14,12300,197825,2010-05-17 00:00:00,1
2010-05-18 00:00:00,2010-05-18 00:00:00,16.25,2010-05-18 00:00:00,16,16,9,12600,201925,2010-05-18 00:00:00,1
2010-05-19 00:00:00,2010-05-19 00:00:00,15.75,2010-05-19 00:00:00,15.75,15.75,6,3000,47250,2010-05-19 00:00:00,1
2010-05-20 00:00:00,2010-05-20 00:00:00,15.75,2010-05-20 00:00:00,15.5,15.5,10,8700,135000,2010-05-20 00:00:00,1
2010-05-21 00:00:00,2010-05-21 00:00:00,15.75,2010-05-21 00:00:00,15.25,15.5,12,4200,64775,2010-05-21 00:00:00,1
2010-05-24 00:00:00,2010-05-24 00:00:00,15.75,2010-05-24 00:00:00,15.25,15.5,9,11200,174350,2010-05-24 00:00:00,1
2010-05-25 00:00:00,2010-05-25 00:00:00,15.5,2010-05-25 00:00:00,15,15,29,41300,621725,2010-05-25 00:00:00,1
2010-05-26 00:00:00,2010-05-26 00:00:00,15.5,2010-05-26 00:00:00,15.25,15.25,3,1000,15375,2010-05-26 00:00:00,1
2010-05-31 00:00:00,2010-05-31 00:00:00,15,2010-05-31 00:00:00,15,15,2,200,3000,2010-05-31 00:00:00,1
2010-06-01 00:00:00,2010-06-01 00:00:00,15,2010-06-01 00:00:00,15,15,15,15300,229500,2010-06-01 00:00:00,1
2010-06-02 00:00:00,2010-06-02 00:00:00,15,2010-06-02 00:00:00,15,15,3,1600,24000,2010-06-02 00:00:00,1
2010-06-03 00:00:00,2010-06-03 00:00:00,15.75,2010-06-03 00:00:00,15,15.5,18,11300,172300,2010-06-03 00:00:00,1
2010-06-04 00:00:00,2010-06-04 00:00:00,15.5,2010-06-04 00:00:00,15,15.25,11,5200,79450,2010-06-04 00:00:00,1
2010-06-07 00:00:00,2010-06-07 00:00:00,15.25,2010-06-07 00:00:00,15,15,15,11500,172550,2010-06-07 00:00:00,1
2010-06-08 00:00:00,2010-06-08 00:00:00,15.5,2010-06-08 00:00:00,15,15.25,7,2100,31900,2010-06-08 00:00:00,1
2010-06-09 00:00:00,2010-06-09 00:00:00,15.5,2010-06-09 00:00:00,15,15.25,12,12600,192200,2010-06-09 00:00:00,1
2010-06-10 00:00:00,2010-06-10 00:00:00,15.5,2010-06-10 00:00:00,15,15,20,17700,268400,2010-06-10 00:00:00,1
2010-06-11 00:00:00,2010-06-11 00:00:00,15.25,2010-06-11 00:00:00,14.75,15.25,33,24000,359275,2010-06-11 00:00:00,1
2010-06-14 00:00:00,2010-06-14 00:00:00,15,2010-06-14 00:00:00,15,15,9,6400,96000,2010-06-14 00:00:00,1
2010-06-15 00:00:00,2010-06-15 00:00:00,15.25,2010-06-15 00:00:00,14.75,15,16,15800,237275,2010-06-15 00:00:00,1
2010-06-16 00:00:00,2010-06-16 00:00:00,15.25,2010-06-16 00:00:00,15,15.25,11,8800,134000,2010-06-16 00:00:00,1
2010-06-17 00:00:00,2010-06-17 00:00:00,15.5,2010-06-17 00:00:00,15,15.25,34,22800,348125,2010-06-17 00:00:00,1
2010-06-21 00:00:00,2010-06-21 00:00:00,16.5,2010-06-21 00:00:00,15.25,16.25,53,122300,1967025,2010-06-21 00:00:00,1
2010-06-22 00:00:00,2010-06-22 00:00:00,16.5,2010-06-22 00:00:00,15.5,15.5,22,21100,337400,2010-06-22 00:00:00,1
2010-06-23 00:00:00,2010-06-23 00:00:00,15.75,2010-06-23 00:00:00,15.5,15.75,9,22300,348575,2010-06-23 00:00:00,1
2010-06-24 00:00:00,2010-06-24 00:00:00,16,2010-06-24 00:00:00,15.25,15.75,10,5700,87625,2010-06-24 00:00:00,1
2010-06-28 00:00:00,2010-06-28 00:00:00,16,2010-06-28 00:00:00,15.5,15.75,18,18400,290175,2010-06-28 00:00:00,1
2010-06-29 00:00:00,2010-06-29 00:00:00,16,2010-06-29 00:00:00,15.25,15.75,14,13400,209625,2010-06-29 00:00:00,1
2010-06-30 00:00:00,2010-06-30 00:00:00,19,2010-06-30 00:00:00,15.5,17.25,403,843300,15165025,2010-06-30 00:00:00,1
2010-07-01 00:00:00,2010-07-01 00:00:00,17.25,2010-07-01 00:00:00,16.25,16.75,27,30600,510000,2010-07-01 00:00:00,1
2010-07-02 00:00:00,2010-07-02 00:00:00,18.25,2010-07-02 00:00:00,16.5,17.5,121,128500,2267475,2010-07-02 00:00:00,1
2010-07-05 00:00:00,2010-07-05 00:00:00,19.75,2010-07-05 00:00:00,17.25,19,421,705400,13254150,2010-07-05 00:00:00,1
2010-07-06 00:00:00,2010-07-06 00:00:00,21,2010-07-06 00:00:00,19,19.25,396,617000,12370875,2010-07-06 00:00:00,1
2010-07-07 00:00:00,2010-07-07 00:00:00,20.25,2010-07-07 00:00:00,17.5,18.25,104,273200,5069050,2010-07-07 00:00:00,1
2010-07-08 00:00:00,2010-07-08 00:00:00,18.75,2010-07-08 00:00:00,18,18.25,44,74300,1364275,2010-07-08 00:00:00,1
2010-07-09 00:00:00,2010-07-09 00:00:00,19,2010-07-09 00:00:00,18.25,18.25,12,8000,149025,2010-07-09 00:00:00,1
2010-07-12 00:00:00,2010-07-12 00:00:00,18.5,2010-07-12 00:00:00,17.75,18,28,41700,750700,2010-07-12 00:00:00,1
2010-07-13 00:00:00,2010-07-13 00:00:00,19,2010-07-13 00:00:00,18,18.5,54,107200,1980600,2010-07-13 00:00:00,1
2010-07-14 00:00:00,2010-07-14 00:00:00,18.75,2010-07-14 00:00:00,18.5,18.75,23,39300,735525,2010-07-14 00:00:00,1
2010-07-15 00:00:00,2010-07-15 00:00:00,18.75,2010-07-15 00:00:00,18.5,18.75,18,28200,523225,2010-07-15 00:00:00,1
2010-07-16 00:00:00,2010-07-16 00:00:00,18.5,2010-07-16 00:00:00,18.25,18.25,7,17000,310500,2010-07-16 00:00:00,1
2010-07-19 00:00:00,2010-07-19 00:00:00,18.5,2010-07-19 00:00:00,18,18,30,28500,514450,2010-07-19 00:00:00,1
2010-07-20 00:00:00,2010-07-20 00:00:00,18,2010-07-20 00:00:00,17.5,17.75,20,19300,342025,2010-07-20 00:00:00,1
2010-07-21 00:00:00,2010-07-21 00:00:00,18.75,2010-07-21 00:00:00,17.75,18.5,45,101500,1844575,2010-07-21 00:00:00,1
2010-07-22 00:00:00,2010-07-22 00:00:00,18.75,2010-07-22 00:00:00,18.25,18.5,21,34600,639725,2010-07-22 00:00:00,1
2010-07-23 00:00:00,2010-07-23 00:00:00,18.75,2010-07-23 00:00:00,18.25,18.5,4,3700,68200,2010-07-23 00:00:00,1
2010-07-26 00:00:00,2010-07-26 00:00:00,19.5,2010-07-26 00:00:00,18.25,19.25,111,146100,2802000,2010-07-26 00:00:00,1
2010-07-27 00:00:00,2010-07-27 00:00:00,20.25,2010-07-27 00:00:00,18.75,19,193,322300,6358975,2010-07-27 00:00:00,1
2010-07-28 00:00:00,2010-07-28 00:00:00,19.5,2010-07-28 00:00:00,18.75,18.75,37,41000,777500,2010-07-28 00:00:00,1
2010-07-29 00:00:00,2010-07-29 00:00:00,19,2010-07-29 00:00:00,18,18.25,23,10300,189225,2010-07-29 00:00:00,1
2010-07-30 00:00:00,2010-07-30 00:00:00,18.25,2010-07-30 00:00:00,18,18,23,65000,1175425,2010-07-30 00:00:00,1
2010-08-02 00:00:00,2010-08-02 00:00:00,18.1,2010-08-02 00:00:00,18,18,32,41500,747600,2010-08-02 00:00:00,1
2010-08-03 00:00:00,2010-08-03 00:00:00,18.1,2010-08-03 00:00:00,17.6,17.9,13,12300,220180,2010-08-03 00:00:00,1
2010-08-04 00:00:00,2010-08-04 00:00:00,18,2010-08-04 00:00:00,17.5,17.7,30,62200,1091740,2010-08-04 00:00:00,1
2010-08-05 00:00:00,2010-08-05 00:00:00,17.7,2010-08-05 00:00:00,16.1,17.7,26,25100,431310,2010-08-05 00:00:00,1
2010-08-06 00:00:00,2010-08-06 00:00:00,17.7,2010-08-06 00:00:00,16.5,17,22,63400,1075830,2010-08-06 00:00:00,1
2010-08-09 00:00:00,2010-08-09 00:00:00,17,2010-08-09 00:00:00,15.5,16,26,26700,428000,2010-08-09 00:00:00,1
2010-08-10 00:00:00,2010-08-10 00:00:00,17.6,2010-08-10 00:00:00,14.4,17.6,22,23300,386250,2010-08-10 00:00:00,1
2010-08-11 00:00:00,2010-08-11 00:00:00,18.5,2010-08-11 00:00:00,17.5,17.5,27,28100,502670,2010-08-11 00:00:00,1
2010-08-12 00:00:00,2010-08-12 00:00:00,17.3,2010-08-12 00:00:00,17,17.3,6,3400,58700,2010-08-12 00:00:00,1
2010-08-13 00:00:00,2010-08-13 00:00:00,18,2010-08-13 00:00:00,17.8,18,7,10700,192480,2010-08-13 00:00:00,1
2010-08-16 00:00:00,2010-08-16 00:00:00,17.5,2010-08-16 00:00:00,17.3,17.3,2,11000,190500,2010-08-16 00:00:00,1
2010-08-17 00:00:00,2010-08-17 00:00:00,17.5,2010-08-17 00:00:00,17,17.2,20,27900,479220,2010-08-17 00:00:00,1
2010-08-18 00:00:00,2010-08-18 00:00:00,18,2010-08-18 00:00:00,17.1,17.3,10,4500,78310,2010-08-18 00:00:00,1
2010-08-19 00:00:00,2010-08-19 00:00:00,18.2,2010-08-19 00:00:00,17.2,18.1,39,48700,862960,2010-08-19 00:00:00,1
2010-08-20 00:00:00,2010-08-20 00:00:00,17.3,2010-08-20 00:00:00,17.3,17.3,5,11000,190300,2010-08-20 00:00:00,1
2010-08-23 00:00:00,2010-08-23 00:00:00,18,2010-08-23 00:00:00,17.3,17.7,20,15600,274720,2010-08-23 00:00:00,1
2010-08-25 00:00:00,2010-08-25 00:00:00,17.3,2010-08-25 00:00:00,17.2,17.2,9,6400,110260,2010-08-25 00:00:00,1
2010-08-26 00:00:00,2010-08-26 00:00:00,17.3,2010-08-26 00:00:00,17.2,17.3,9,7700,133070,2010-08-26 00:00:00,1
2010-08-27 00:00:00,2010-08-27 00:00:00,18,2010-08-27 00:00:00,17.5,17.5,21,16700,293550,2010-08-27 00:00:00,1
2010-08-30 00:00:00,2010-08-30 00:00:00,18,2010-08-30 00:00:00,16.7,17.3,18,13000,225070,2010-08-30 00:00:00,1
2010-08-31 00:00:00,2010-08-31 00:00:00,17.9,2010-08-31 00:00:00,17.5,17.6,4,1600,28200,2010-08-31 00:00:00,1
2010-09-01 00:00:00,2010-09-01 00:00:00,17.7,2010-09-01 00:00:00,17,17.2,22,28000,483700,2010-09-01 00:00:00,1
2010-09-02 00:00:00,2010-09-02 00:00:00,18.6,2010-09-02 00:00:00,17,18.4,84,127600,2324170,2010-09-02 00:00:00,1
2010-09-03 00:00:00,2010-09-03 00:00:00,19.7,2010-09-03 00:00:00,18.4,19.3,191,326000,6254510,2010-09-03 00:00:00,1
2010-09-06 00:00:00,2010-09-06 00:00:00,19.8,2010-09-06 00:00:00,18.5,19.2,62,92700,1773230,2010-09-06 00:00:00,1
2010-09-07 00:00:00,2010-09-07 00:00:00,19.2,2010-09-07 00:00:00,18.7,19,4,4100,78270,2010-09-07 00:00:00,1
2010-09-08 00:00:00,2010-09-08 00:00:00,20.9,2010-09-08 00:00:00,19,20.8,376,781600,16000020,2010-09-08 00:00:00,1
2010-09-09 00:00:00,2010-09-09 00:00:00,21.5,2010-09-09 00:00:00,19.6,19.9,110,173400,3564460,2010-09-09 00:00:00,1
2010-09-13 00:00:00,2010-09-13 00:00:00,21.3,2010-09-13 00:00:00,19.9,20.1,85,158500,3269890,2010-09-13 00:00:00,1
2010-09-14 00:00:00,2010-09-14 00:00:00,20.9,2010-09-14 00:00:00,19.3,19.4,30,34200,668620,2010-09-14 00:00:00,1
2010-09-15 00:00:00,2010-09-15 00:00:00,19.2,2010-09-15 00:00:00,18.5,19,23,17000,323830,2010-09-15 00:00:00,1
2010-09-16 00:00:00,2010-09-16 00:00:00,18.8,2010-09-16 00:00:00,18.7,18.8,28,12900,242360,2010-09-16 00:00:00,1
2010-09-17 00:00:00,2010-09-17 00:00:00,20,2010-09-17 00:00:00,18.6,19.5,40,46500,898680,2010-09-17 00:00:00,1
2010-09-20 00:00:00,2010-09-20 00:00:00,19.5,2010-09-20 00:00:00,19,19,23,21600,411200,2010-09-20 00:00:00,1
2010-09-21 00:00:00,2010-09-21 00:00:00,19,2010-09-21 00:00:00,18.5,18.9,23,33300,630970,2010-09-21 00:00:00,1
2010-09-23 00:00:00,2010-09-23 00:00:00,20,2010-09-23 00:00:00,18.6,18.8,69,80700,1547840,2010-09-23 00:00:00,1
2010-09-24 00:00:00,2010-09-24 00:00:00,19.4,2010-09-24 00:00:00,18.3,18.7,33,18600,348930,2010-09-24 00:00:00,1
2010-09-27 00:00:00,2010-09-27 00:00:00,19,2010-09-27 00:00:00,18.4,18.5,23,23300,436160,2010-09-27 00:00:00,1
2010-09-28 00:00:00,2010-09-28 00:00:00,19,2010-09-28 00:00:00,17.9,18.6,60,65500,1220050,2010-09-28 00:00:00,1
2010-09-29 00:00:00,2010-09-29 00:00:00,19,2010-09-29 00:00:00,18.4,18.6,30,10800,201970,2010-09-29 00:00:00,1
2010-09-30 00:00:00,2010-09-30 00:00:00,19.8,2010-09-30 00:00:00,18.5,19.1,53,39600,759300,2010-09-30 00:00:00,1
2010-10-01 00:00:00,2010-10-01 00:00:00,19.9,2010-10-01 00:00:00,18.5,18.9,23,20600,390920,2010-10-01 00:00:00,1
2010-10-04 00:00:00,2010-10-04 00:00:00,19,2010-10-04 00:00:00,18.6,18.6,11,1800,33800,2010-10-04 00:00:00,1
2010-10-05 00:00:00,2010-10-05 00:00:00,18.5,2010-10-05 00:00:00,18.2,18.5,30,18200,335180,2010-10-05 00:00:00,1
2010-10-06 00:00:00,2010-10-06 00:00:00,18.5,2010-10-06 00:00:00,18,18.1,16,21000,382660,2010-10-06 00:00:00,1
2010-10-07 00:00:00,2010-10-07 00:00:00,17.8,2010-10-07 00:00:00,17.5,17.5,18,15300,268620,2010-10-07 00:00:00,1
2010-10-08 00:00:00,2010-10-08 00:00:00,18.9,2010-10-08 00:00:00,17.6,18.5,35,28000,517670,2010-10-08 00:00:00,1
2010-10-11 00:00:00,2010-10-11 00:00:00,18.5,2010-10-11 00:00:00,18,18.5,8,5400,97300,2010-10-11 00:00:00,1
2010-10-12 00:00:00,2010-10-12 00:00:00,18,2010-10-12 00:00:00,17.2,17.3,17,12600,223590,2010-10-12 00:00:00,1
2010-10-13 00:00:00,2010-10-13 00:00:00,18.3,2010-10-13 00:00:00,16.5,17,38,33400,577150,2010-10-13 00:00:00,1
2010-10-14 00:00:00,2010-10-14 00:00:00,17.9,2010-10-14 00:00:00,16.7,16.9,8,13500,230530,2010-10-14 00:00:00,1
2010-10-15 00:00:00,2010-10-15 00:00:00,17.4,2010-10-15 00:00:00,16.8,17.1,18,11200,191340,2010-10-15 00:00:00,1
2010-10-18 00:00:00,2010-10-18 00:00:00,18.3,2010-10-18 00:00:00,17.9,18,7,3400,61530,2010-10-18 00:00:00,1
2010-10-19 00:00:00,2010-10-19 00:00:00,18,2010-10-19 00:00:00,17,17,6,5500,98600,2010-10-19 00:00:00,1
2010-10-20 00:00:00,2010-10-20 00:00:00,16.9,2010-10-20 00:00:00,16.8,16.9,4,1800,30400,2010-10-20 00:00:00,1
2010-10-21 00:00:00,2010-10-21 00:00:00,18,2010-10-21 00:00:00,16.9,17,24,12200,213510,2010-10-21 00:00:00,1
2010-10-25 00:00:00,2010-10-25 00:00:00,17,2010-10-25 00:00:00,16.9,16.9,4,6500,109900,2010-10-25 00:00:00,1
2010-10-26 00:00:00,2010-10-26 00:00:00,16.9,2010-10-26 00:00:00,16.7,16.8,10,4300,72080,2010-10-26 00:00:00,1
2010-10-27 00:00:00,2010-10-27 00:00:00,17,2010-10-27 00:00:00,16,16.3,8,3000,49790,2010-10-27 00:00:00,1
2010-10-28 00:00:00,2010-10-28 00:00:00,17,2010-10-28 00:00:00,16.5,16.9,9,2000,33600,2010-10-28 00:00:00,1
2010-10-29 00:00:00,2010-10-29 00:00:00,16.7,2010-10-29 00:00:00,16.5,16.7,9,2700,44990,2010-10-29 00:00:00,1
2010-11-01 00:00:00,2010-11-01 00:00:00,17.8,2010-11-01 00:00:00,16.6,16.7,12,5700,95850,2010-11-01 00:00:00,1
2010-11-02 00:00:00,2010-11-02 00:00:00,17.1,2010-11-02 00:00:00,16.9,17.1,8,7700,130730,2010-11-02 00:00:00,1
2010-11-03 00:00:00,2010-11-03 00:00:00,17.9,2010-11-03 00:00:00,16.5,16.9,8,10000,169250,2010-11-03 00:00:00,1
2010-11-04 00:00:00,2010-11-04 00:00:00,18,2010-11-04 00:00:00,16.8,17.1,7,4100,70600,2010-11-04 00:00:00,1
2010-11-08 00:00:00,2010-11-08 00:00:00,17.6,2010-11-08 00:00:00,17.6,17.6,2,200,3520,2010-11-08 00:00:00,1
2010-11-09 00:00:00,2010-11-09 00:00:00,17.1,2010-11-09 00:00:00,17,17,11,4900,83350,2010-11-09 00:00:00,1
2010-11-10 00:00:00,2010-11-10 00:00:00,17,2010-11-10 00:00:00,16.7,16.7,7,5500,92340,2010-11-10 00:00:00,1
2010-11-11 00:00:00,2010-11-11 00:00:00,17,2010-11-11 00:00:00,16.5,17,7,3200,53410,2010-11-11 00:00:00,1
2010-11-12 00:00:00,2010-11-12 00:00:00,16.6,2010-11-12 00:00:00,16.5,16.6,5,3800,63040,2010-11-12 00:00:00,1
2010-11-15 00:00:00,2010-11-15 00:00:00,16.5,2010-11-15 00:00:00,16.4,16.5,7,3100,51100,2010-11-15 00:00:00,1
2010-11-16 00:00:00,2010-11-16 00:00:00,16.2,2010-11-16 00:00:00,16,16,3,3300,53440,2010-11-16 00:00:00,1
2010-11-18 00:00:00,2010-11-18 00:00:00,16.1,2010-11-18 00:00:00,16,16.1,4,2700,43460,2010-11-18 00:00:00,1
2010-11-22 00:00:00,2010-11-22 00:00:00,16.5,2010-11-22 00:00:00,16.1,16.4,7,4200,68280,2010-11-22 00:00:00,1
2010-11-23 00:00:00,2010-11-23 00:00:00,16.4,2010-11-23 00:00:00,15.6,15.7,13,9800,154990,2010-11-23 00:00:00,1
2010-11-24 00:00:00,2010-11-24 00:00:00,16,2010-11-24 00:00:00,15.7,15.7,8,2000,31730,2010-11-24 00:00:00,1
2010-11-25 00:00:00,2010-11-25 00:00:00,15.9,2010-11-25 00:00:00,15.6,15.9,5,3300,51890,2010-11-25 00:00:00,1
2010-11-26 00:00:00,2010-11-26 00:00:00,15.6,2010-11-26 00:00:00,15,15.1,17,10700,164580,2010-11-26 00:00:00,1
2010-11-29 00:00:00,2010-11-29 00:00:00,15,2010-11-29 00:00:00,14.5,14.6,27,37000,545940,2010-11-29 00:00:00,1
2010-11-30 00:00:00,2010-11-30 00:00:00,15.9,2010-11-30 00:00:00,15,15.4,13,27600,418720,2010-11-30 00:00:00,1
2010-12-01 00:00:00,2010-12-01 00:00:00,17.8,2010-12-01 00:00:00,15.5,17.1,29,21700,361830,2010-12-01 00:00:00,1
2010-12-02 00:00:00,2010-12-02 00:00:00,17,2010-12-02 00:00:00,16.2,16.3,22,10500,172920,2010-12-02 00:00:00,1
2010-12-03 00:00:00,2010-12-03 00:00:00,16.8,2010-12-03 00:00:00,16.3,16.5,17,14900,245580,2010-12-03 00:00:00,1
2010-12-06 00:00:00,2010-12-06 00:00:00,16.3,2010-12-06 00:00:00,16.3,16.3,4,2000,32600,2010-12-06 00:00:00,1
2010-12-07 00:00:00,2010-12-07 00:00:00,16.4,2010-12-07 00:00:00,16.2,16.3,12,11700,191220,2010-12-07 00:00:00,1
2010-12-08 00:00:00,2010-12-08 00:00:00,16.4,2010-12-08 00:00:00,16.2,16.3,8,5800,94600,2010-12-08 00:00:00,1
2010-12-09 00:00:00,2010-12-09 00:00:00,16.4,2010-12-09 00:00:00,16.3,16.3,2,1200,19660,2010-12-09 00:00:00,1
2010-12-10 00:00:00,2010-12-10 00:00:00,16.5,2010-12-10 00:00:00,16.2,16.2,7,42800,705540,2010-12-10 00:00:00,1
2010-12-13 00:00:00,2010-12-13 00:00:00,16.1,2010-12-13 00:00:00,16,16.1,4,1900,30510,2010-12-13 00:00:00,1
2010-12-14 00:00:00,2010-12-14 00:00:00,16,2010-12-14 00:00:00,15.8,16,3,46100,736600,2010-12-14 00:00:00,1
2010-12-15 00:00:00,2010-12-15 00:00:00,16,2010-12-15 00:00:00,15.7,15.8,4,2100,33120,2010-12-15 00:00:00,1
2010-12-16 00:00:00,2010-12-16 00:00:00,16.2,2010-12-16 00:00:00,16,16,16,12900,207660,2010-12-16 00:00:00,1
2010-12-17 00:00:00,2010-12-17 00:00:00,16.2,2010-12-17 00:00:00,16,16.1,8,10000,160500,2010-12-17 00:00:00,1
2010-12-22 00:00:00,2010-12-22 00:00:00,17.1,2010-12-22 00:00:00,16.4,17.1,14,3700,61830,2010-12-22 00:00:00,1
2010-12-23 00:00:00,2010-12-23 00:00:00,17.1,2010-12-23 00:00:00,16.1,17.1,6,3300,56330,2010-12-23 00:00:00,1
2010-12-24 00:00:00,2010-12-24 00:00:00,17.4,2010-12-24 00:00:00,17.1,17.2,7,4300,74130,2010-12-24 00:00:00,1
2010-12-27 00:00:00,2010-12-27 00:00:00,18.4,2010-12-27 00:00:00,17,17.8,105,130800,2347130,2010-12-27 00:00:00,1
2010-12-28 00:00:00,2010-12-28 00:00:00,18,2010-12-28 00:00:00,17.4,17.5,14,25200,440800,2010-12-28 00:00:00,1
2010-12-29 00:00:00,2010-12-29 00:00:00,18.5,2010-12-29 00:00:00,17.4,18.4,83,85600,1553360,2010-12-29 00:00:00,1
2010-12-30 00:00:00,2010-12-30 00:00:00,18.5,2010-12-30 00:00:00,17,17.6,60,99800,1735010,2010-12-30 00:00:00,1
2010-12-31 00:00:00,2010-12-31 00:00:00,17.6,2010-12-31 00:00:00,17.3,17.5,17,18700,327980,2010-12-31 00:00:00,1
Company Id,:  MAL,Security,Type :  N,Sub Type,:  0000,,,,,
Short Name,:  MALWATTE,,,,,,,,,
Day,Date High,High,Date Low,Low,Closing,No. of Trades,No. of Shares,Turnover,Last Traded,Days Traded
2010-01-04 00:00:00,2010-01-04 00:00:00,33.5,2010-01-04 00:00:00,33,33.25,8,5900,195575,2010-01-04 00:00:00,1
2010-01-05 00:00:00,2010-01-05 00:00:00,33.5,2010-01-05 00:00:00,33,33.25,14,18600,619400,2010-01-05 00:00:00,1
2010-01-06 00:00:00,2010-01-06 00:00:00,33.5,2010-01-06 00:00:00,32.25,33,8,4200,138450,2010-01-06 00:00:00,1
2010-01-07 00:00:00,2010-01-07 00:00:00,32.25,2010-01-07 00:00:00,31.5,32,8,43100,1361700,2010-01-07 00:00:00,1
2010-01-08 00:00:00,2010-01-08 00:00:00,35.25,2010-01-08 00:00:00,33,35,99,124500,4311625,2010-01-08 00:00:00,1
2010-01-11 00:00:00,2010-01-11 00:00:00,36.75,2010-01-11 00:00:00,35,35.5,117,103500,3703325,2010-01-11 00:00:00,1
2010-01-12 00:00:00,2010-01-12 00:00:00,35.5,2010-01-12 00:00:00,35,35.5,13,10000,354250,2010-01-12 00:00:00,1
2010-01-13 00:00:00,2010-01-13 00:00:00,35.5,2010-01-13 00:00:00,33.75,35.25,14,30900,1076425,2010-01-13 00:00:00,1
2010-01-15 00:00:00,2010-01-15 00:00:00,36,2010-01-15 00:00:00,34,35.25,50,80700,2855900,2010-01-15 00:00:00,1
2010-01-18 00:00:00,2010-01-18 00:00:00,36,2010-01-18 00:00:00,35.25,35.5,37,31500,1126100,2010-01-18 00:00:00,1
2010-01-19 00:00:00,2010-01-19 00:00:00,35.5,2010-01-19 00:00:00,34,35,21,24900,867875,2010-01-19 00:00:00,1
2010-01-20 00:00:00,2010-01-20 00:00:00,36.5,2010-01-20 00:00:00,35,36.5,53,117600,4233075,2010-01-20 00:00:00,1
2010-01-21 00:00:00,2010-01-21 00:00:00,38,2010-01-21 00:00:00,36.5,37,102,128600,4801050,2010-01-21 00:00:00,1
2010-01-22 00:00:00,2010-01-22 00:00:00,37,2010-01-22 00:00:00,36,36,11,21000,774100,2010-01-22 00:00:00,1
2010-01-25 00:00:00,2010-01-25 00:00:00,36.5,2010-01-25 00:00:00,36,36.5,13,12800,463350,2010-01-25 00:00:00,1
2010-01-26 00:00:00,2010-01-26 00:00:00,36.5,2010-01-26 00:00:00,36,36.25,6,3800,137450,2010-01-26 00:00:00,1
2010-01-28 00:00:00,2010-01-28 00:00:00,45,2010-01-28 00:00:00,35,44.5,225,406300,16438225,2010-01-28 00:00:00,1
2010-02-01 00:00:00,2010-02-01 00:00:00,51,2010-02-01 00:00:00,46,49.75,189,254000,12573000,2010-02-01 00:00:00,1
2010-02-02 00:00:00,2010-02-02 00:00:00,60,2010-02-02 00:00:00,50,53,148,129200,6935450,2010-02-02 00:00:00,1
2010-02-03 00:00:00,2010-02-03 00:00:00,52.75,2010-02-03 00:00:00,48.75,49.75,62,69300,3440600,2010-02-03 00:00:00,1
2010-02-05 00:00:00,2010-02-05 00:00:00,50,2010-02-05 00:00:00,48,49.75,51,111000,5520675,2010-02-05 00:00:00,1
2010-02-08 00:00:00,2010-02-08 00:00:00,51,2010-02-08 00:00:00,49,50.25,46,111600,5586375,2010-02-08 00:00:00,1
2010-02-09 00:00:00,2010-02-09 00:00:00,49.5,2010-02-09 00:00:00,48,48.5,31,22100,1069975,2010-02-09 00:00:00,1
2010-02-10 00:00:00,2010-02-10 00:00:00,49,2010-02-10 00:00:00,46,47.75,13,8700,415875,2010-02-10 00:00:00,1
2010-02-11 00:00:00,2010-02-11 00:00:00,47,2010-02-11 00:00:00,46.75,47,23,28300,1324325,2010-02-11 00:00:00,1
2010-02-12 00:00:00,2010-02-12 00:00:00,50,2010-02-12 00:00:00,47,49.75,21,66800,3304200,2010-02-12 00:00:00,1
2010-02-15 00:00:00,2010-02-15 00:00:00,50,2010-02-15 00:00:00,49.75,50,16,25000,1248900,2010-02-15 00:00:00,1
2010-02-16 00:00:00,2010-02-16 00:00:00,51,2010-02-16 00:00:00,49.25,49.5,28,166700,8333175,2010-02-16 00:00:00,1
2010-02-17 00:00:00,2010-02-17 00:00:00,49.5,2010-02-17 00:00:00,47.5,49.25,12,7500,368075,2010-02-17 00:00:00,1
2010-02-18 00:00:00,2010-02-18 00:00:00,48,2010-02-18 00:00:00,48,48,2,2500,120000,2010-02-18 00:00:00,1
2010-02-19 00:00:00,2010-02-19 00:00:00,50,2010-02-19 00:00:00,47.75,49.5,22,33900,1662750,2010-02-19 00:00:00,1
2010-02-22 00:00:00,2010-02-22 00:00:00,51,2010-02-22 00:00:00,50,50,88,75500,3782625,2010-02-22 00:00:00,1
2010-02-23 00:00:00,2010-02-23 00:00:00,50,2010-02-23 00:00:00,49.5,49.75,18,11300,563100,2010-02-23 00:00:00,1
2010-02-24 00:00:00,2010-02-24 00:00:00,52.75,2010-02-24 00:00:00,49,52,68,170400,8585375,2010-02-24 00:00:00,1
2010-02-25 00:00:00,2010-02-25 00:00:00,56,2010-02-25 00:00:00,53,54,133,149300,8143650,2010-02-25 00:00:00,1
2010-02-26 00:00:00,2010-02-26 00:00:00,54.25,2010-02-26 00:00:00,53.5,54,20,37100,2002525,2010-02-26 00:00:00,1
2010-03-01 00:00:00,2010-03-01 00:00:00,54.5,2010-03-01 00:00:00,52.5,53,19,28600,1520875,2010-03-01 00:00:00,1
2010-03-02 00:00:00,2010-03-02 00:00:00,52.5,2010-03-02 00:00:00,51,51,21,17300,890525,2010-03-02 00:00:00,1
2010-03-03 00:00:00,2010-03-03 00:00:00,51,2010-03-03 00:00:00,49,50,33,29900,1499350,2010-03-03 00:00:00,1
2010-03-04 00:00:00,2010-03-04 00:00:00,50,2010-03-04 00:00:00,49.5,50,2,4500,224900,2010-03-04 00:00:00,1
2010-03-05 00:00:00,2010-03-05 00:00:00,50,2010-03-05 00:00:00,48.5,49,21,20000,986550,2010-03-05 00:00:00,1
2010-03-08 00:00:00,2010-03-08 00:00:00,49,2010-03-08 00:00:00,49,49,1,500,24500,2010-03-08 00:00:00,1
2010-03-09 00:00:00,2010-03-09 00:00:00,49,2010-03-09 00:00:00,48,49,15,13800,663575,2010-03-09 00:00:00,1
2010-03-10 00:00:00,2010-03-10 00:00:00,50,2010-03-10 00:00:00,49.5,49.75,16,42800,2139000,2010-03-10 00:00:00,1
2010-03-11 00:00:00,2010-03-11 00:00:00,49,2010-03-11 00:00:00,48,49,6,1500,73400,2010-03-11 00:00:00,1
2010-03-12 00:00:00,2010-03-12 00:00:00,50,2010-03-12 00:00:00,50,50,1,200,10000,2010-03-12 00:00:00,1
2010-03-15 00:00:00,2010-03-15 00:00:00,52.25,2010-03-15 00:00:00,48.25,48.5,8,6200,310025,2010-03-15 00:00:00,1
2010-03-16 00:00:00,2010-03-16 00:00:00,50,2010-03-16 00:00:00,47.75,47.75,7,2200,105575,2010-03-16 00:00:00,1
2010-03-17 00:00:00,2010-03-17 00:00:00,48,2010-03-17 00:00:00,47.5,47.5,14,14300,684425,2010-03-17 00:00:00,1
2010-03-18 00:00:00,2010-03-18 00:00:00,48,2010-03-18 00:00:00,47.75,47.75,5,3200,153375,2010-03-18 00:00:00,1
2010-03-19 00:00:00,2010-03-19 00:00:00,47.75,2010-03-19 00:00:00,47.25,47.5,4,1500,71100,2010-03-19 00:00:00,1
2010-03-22 00:00:00,2010-03-22 00:00:00,47.25,2010-03-22 00:00:00,47.25,47.25,3,1400,66150,2010-03-22 00:00:00,1
2010-03-23 00:00:00,2010-03-23 00:00:00,47.5,2010-03-23 00:00:00,47,47,13,12600,592350,2010-03-23 00:00:00,1
2010-03-24 00:00:00,2010-03-24 00:00:00,47.75,2010-03-24 00:00:00,45,46.75,58,165400,7548775,2010-03-24 00:00:00,1
2010-03-25 00:00:00,2010-03-25 00:00:00,47,2010-03-25 00:00:00,46.75,47,2,1000,46875,2010-03-25 00:00:00,1
2010-03-30 00:00:00,2010-03-30 00:00:00,47,2010-03-30 00:00:00,46,46.75,7,5400,252400,2010-03-30 00:00:00,1
2010-03-31 00:00:00,2010-03-31 00:00:00,45.25,2010-03-31 00:00:00,41,42,76,118400,5046975,2010-03-31 00:00:00,1
2010-04-01 00:00:00,2010-04-01 00:00:00,42,2010-04-01 00:00:00,41,42,26,22700,948350,2010-04-01 00:00:00,1
2010-04-05 00:00:00,2010-04-05 00:00:00,43.25,2010-04-05 00:00:00,41.5,42.5,98,91300,3875300,2010-04-05 00:00:00,1
2010-04-06 00:00:00,2010-04-06 00:00:00,44,2010-04-06 00:00:00,43.5,44,80,61400,2677275,2010-04-06 00:00:00,1
2010-04-07 00:00:00,2010-04-07 00:00:00,45,2010-04-07 00:00:00,44,45,62,81400,3657775,2010-04-07 00:00:00,1
2010-04-08 00:00:00,2010-04-08 00:00:00,45,2010-04-08 00:00:00,44,45,13,25000,1123350,2010-04-08 00:00:00,1
2010-04-12 00:00:00,2010-04-12 00:00:00,45.5,2010-04-12 00:00:00,44.75,44.75,7,4700,211575,2010-04-12 00:00:00,1
2010-04-15 00:00:00,2010-04-15 00:00:00,45,2010-04-15 00:00:00,44.25,45,13,7900,355325,2010-04-15 00:00:00,1
2010-04-16 00:00:00,2010-04-16 00:00:00,45,2010-04-16 00:00:00,44.75,44.75,5,5200,233825,2010-04-16 00:00:00,1
2010-04-19 00:00:00,2010-04-19 00:00:00,45,2010-04-19 00:00:00,44,44.5,26,6700,298925,2010-04-19 00:00:00,1
2010-04-20 00:00:00,2010-04-20 00:00:00,47.75,2010-04-20 00:00:00,44.5,46.75,100,105900,4921000,2010-04-20 00:00:00,1
2010-04-21 00:00:00,2010-04-21 00:00:00,49,2010-04-21 00:00:00,46.75,47,84,81300,3882525,2010-04-21 00:00:00,1
2010-04-22 00:00:00,2010-04-22 00:00:00,47,2010-04-22 00:00:00,46,46,16,11300,527225,2010-04-22 00:00:00,1
2010-04-23 00:00:00,2010-04-23 00:00:00,48.75,2010-04-23 00:00:00,46.25,48.5,137,501100,23744425,2010-04-23 00:00:00,1
2010-04-26 00:00:00,2010-04-26 00:00:00,52.5,2010-04-26 00:00:00,49,52,179,242700,12446475,2010-04-26 00:00:00,1
2010-04-27 00:00:00,2010-04-27 00:00:00,56.5,2010-04-27 00:00:00,52,56.25,402,658400,36323825,2010-04-27 00:00:00,1
2010-04-29 00:00:00,2010-04-29 00:00:00,57,2010-04-29 00:00:00,53,53.75,54,59900,3332500,2010-04-29 00:00:00,1
2010-04-30 00:00:00,2010-04-30 00:00:00,53.5,2010-04-30 00:00:00,52,52.75,26,12100,633875,2010-04-30 00:00:00,1
2010-05-03 00:00:00,2010-05-03 00:00:00,52.75,2010-05-03 00:00:00,51.75,52,26,15100,789225,2010-05-03 00:00:00,1
2010-05-04 00:00:00,2010-05-04 00:00:00,52,2010-05-04 00:00:00,50,50.25,36,14700,742225,2010-05-04 00:00:00,1
2010-05-05 00:00:00,2010-05-05 00:00:00,52,2010-05-05 00:00:00,50,50,22,13000,652500,2010-05-05 00:00:00,1
2010-05-06 00:00:00,2010-05-06 00:00:00,52,2010-05-06 00:00:00,49,50.75,21,24800,1245050,2010-05-06 00:00:00,1
2010-05-07 00:00:00,2010-05-07 00:00:00,54.25,2010-05-07 00:00:00,50,53.5,31,42500,2252450,2010-05-07 00:00:00,1
2010-05-10 00:00:00,2010-05-10 00:00:00,53.5,2010-05-10 00:00:00,51,51.25,10,4500,233375,2010-05-10 00:00:00,1
2010-05-11 00:00:00,2010-05-11 00:00:00,51.5,2010-05-11 00:00:00,50,50.25,19,12100,611650,2010-05-11 00:00:00,1
2010-05-12 00:00:00,2010-05-12 00:00:00,51.5,2010-05-12 00:00:00,50,50.5,26,15500,785925,2010-05-12 00:00:00,1
2010-05-13 00:00:00,2010-05-13 00:00:00,52,2010-05-13 00:00:00,50,50.25,17,35700,1825650,2010-05-13 00:00:00,1
2010-05-14 00:00:00,2010-05-14 00:00:00,51,2010-05-14 00:00:00,50.5,51,6,4200,213375,2010-05-14 00:00:00,1
2010-05-17 00:00:00,2010-05-17 00:00:00,53.5,2010-05-17 00:00:00,50,53,54,88000,4645675,2010-05-17 00:00:00,1
2010-05-18 00:00:00,2010-05-18 00:00:00,54.75,2010-05-18 00:00:00,53.75,54,86,110400,5961800,2010-05-18 00:00:00,1
2010-05-19 00:00:00,2010-05-19 00:00:00,54.25,2010-05-19 00:00:00,54,54,47,129700,7004050,2010-05-19 00:00:00,1
2010-05-20 00:00:00,2010-05-20 00:00:00,53.25,2010-05-20 00:00:00,52.5,52.75,4,800,42325,2010-05-20 00:00:00,1
2010-05-21 00:00:00,2010-05-21 00:00:00,51,2010-05-21 00:00:00,50.25,50.25,3,900,45475,2010-05-21 00:00:00,1
2010-05-24 00:00:00,2010-05-24 00:00:00,50.5,2010-05-24 00:00:00,50.25,50.5,10,3000,151450,2010-05-24 00:00:00,1
2010-05-25 00:00:00,2010-05-25 00:00:00,51.5,2010-05-25 00:00:00,50.25,50.5,12,4500,227850,2010-05-25 00:00:00,1
2010-05-26 00:00:00,2010-05-26 00:00:00,50.25,2010-05-26 00:00:00,49,49.75,12,5400,268525,2010-05-26 00:00:00,1
2010-05-31 00:00:00,2010-05-31 00:00:00,50,2010-05-31 00:00:00,49,49,12,6200,304300,2010-05-31 00:00:00,1
2010-06-01 00:00:00,2010-06-01 00:00:00,48,2010-06-01 00:00:00,47.5,48,6,5200,249225,2010-06-01 00:00:00,1
2010-06-02 00:00:00,2010-06-02 00:00:00,48,2010-06-02 00:00:00,47.5,47.5,6,8600,408600,2010-06-02 00:00:00,1
2010-06-03 00:00:00,2010-06-03 00:00:00,50,2010-06-03 00:00:00,48,48,24,16400,791475,2010-06-03 00:00:00,1
2010-06-04 00:00:00,2010-06-04 00:00:00,49.25,2010-06-04 00:00:00,47.75,47.75,5,5100,244350,2010-06-04 00:00:00,1
2010-06-07 00:00:00,2010-06-07 00:00:00,50.5,2010-06-07 00:00:00,49,49,28,18500,921100,2010-06-07 00:00:00,1
2010-06-08 00:00:00,2010-06-08 00:00:00,49,2010-06-08 00:00:00,48.25,48.75,13,10400,507125,2010-06-08 00:00:00,1
2010-06-09 00:00:00,2010-06-09 00:00:00,49,2010-06-09 00:00:00,48.5,49,13,20800,1019100,2010-06-09 00:00:00,1
2010-06-10 00:00:00,2010-06-10 00:00:00,50,2010-06-10 00:00:00,49.25,49.75,12,6500,323550,2010-06-10 00:00:00,1
2010-06-11 00:00:00,2010-06-11 00:00:00,49.75,2010-06-11 00:00:00,48.25,48.25,11,2300,112000,2010-06-11 00:00:00,1
2010-06-14 00:00:00,2010-06-14 00:00:00,49.75,2010-06-14 00:00:00,48,48.25,15,9500,459950,2010-06-14 00:00:00,1
2010-06-15 00:00:00,2010-06-15 00:00:00,49.5,2010-06-15 00:00:00,48,48.25,25,22900,1105250,2010-06-15 00:00:00,1
2010-06-16 00:00:00,2010-06-16 00:00:00,50,2010-06-16 00:00:00,49,50,19,28200,1403375,2010-06-16 00:00:00,1
2010-06-17 00:00:00,2010-06-17 00:00:00,50.5,2010-06-17 00:00:00,49.5,50.5,14,7400,372300,2010-06-17 00:00:00,1
2010-06-21 00:00:00,2010-06-21 00:00:00,50.5,2010-06-21 00:00:00,49.75,50.5,37,60900,3052350,2010-06-21 00:00:00,1
2010-06-22 00:00:00,2010-06-22 00:00:00,53,2010-06-22 00:00:00,51,52.5,76,142700,7485000,2010-06-22 00:00:00,1
2010-06-23 00:00:00,2010-06-23 00:00:00,52.5,2010-06-23 00:00:00,52,52.25,34,69300,3621925,2010-06-23 00:00:00,1
2010-06-24 00:00:00,2010-06-24 00:00:00,52.5,2010-06-24 00:00:00,52,52.5,21,28500,1485675,2010-06-24 00:00:00,1
2010-06-28 00:00:00,2010-06-28 00:00:00,52.5,2010-06-28 00:00:00,51.5,52,12,14400,751650,2010-06-28 00:00:00,1
2010-06-29 00:00:00,2010-06-29 00:00:00,53,2010-06-29 00:00:00,52,52.75,7,4200,219100,2010-06-29 00:00:00,1
2010-06-30 00:00:00,2010-06-30 00:00:00,56,2010-06-30 00:00:00,52.25,54.5,99,97800,5328775,2010-06-30 00:00:00,1
2010-07-01 00:00:00,2010-07-01 00:00:00,55,2010-07-01 00:00:00,53,53,9,5300,290700,2010-07-01 00:00:00,1
2010-07-02 00:00:00,2010-07-02 00:00:00,53,2010-07-02 00:00:00,51,52.5,9,9300,485075,2010-07-02 00:00:00,1
2010-07-05 00:00:00,2010-07-05 00:00:00,56,2010-07-05 00:00:00,52,55.25,48,38900,2142525,2010-07-05 00:00:00,1
2010-07-06 00:00:00,2010-07-06 00:00:00,56.5,2010-07-06 00:00:00,56,56.25,85,76500,4298075,2010-07-06 00:00:00,1
2010-07-07 00:00:00,2010-07-07 00:00:00,58,2010-07-07 00:00:00,54.75,55.75,69,94700,5357425,2010-07-07 00:00:00,1
2010-07-08 00:00:00,2010-07-08 00:00:00,56,2010-07-08 00:00:00,54.75,55.5,9,2800,154175,2010-07-08 00:00:00,1
2010-07-09 00:00:00,2010-07-09 00:00:00,55.25,2010-07-09 00:00:00,54.5,55,48,91100,5009575,2010-07-09 00:00:00,1
2010-07-12 00:00:00,2010-07-12 00:00:00,55,2010-07-12 00:00:00,53.75,55,25,44400,2441725,2010-07-12 00:00:00,1
2010-07-13 00:00:00,2010-07-13 00:00:00,55.5,2010-07-13 00:00:00,54.75,55,23,37100,2041100,2010-07-13 00:00:00,1
2010-07-14 00:00:00,2010-07-14 00:00:00,56,2010-07-14 00:00:00,51.75,53.75,8,1300,70200,2010-07-14 00:00:00,1
2010-07-15 00:00:00,2010-07-15 00:00:00,55,2010-07-15 00:00:00,53.75,53.75,2,200,10875,2010-07-15 00:00:00,1
2010-07-16 00:00:00,2010-07-16 00:00:00,52,2010-07-16 00:00:00,51.75,52,2,400,20775,2010-07-16 00:00:00,1
2010-07-19 00:00:00,2010-07-19 00:00:00,54,2010-07-19 00:00:00,51.25,52.25,7,2300,119875,2010-07-19 00:00:00,1
2010-07-20 00:00:00,2010-07-20 00:00:00,53,2010-07-20 00:00:00,53,53,3,1100,58300,2010-07-20 00:00:00,1
2010-07-21 00:00:00,2010-07-21 00:00:00,53,2010-07-21 00:00:00,52.75,52.75,8,1200,63475,2010-07-21 00:00:00,1
2010-07-22 00:00:00,2010-07-22 00:00:00,53.75,2010-07-22 00:00:00,50.25,53,5,3700,195900,2010-07-22 00:00:00,1
2010-07-23 00:00:00,2010-07-23 00:00:00,54.5,2010-07-23 00:00:00,53,54.25,17,17200,929750,2010-07-23 00:00:00,1
2010-07-26 00:00:00,2010-07-26 00:00:00,57.5,2010-07-26 00:00:00,54.75,56.25,33,18600,1048075,2010-07-26 00:00:00,1
2010-07-27 00:00:00,2010-07-27 00:00:00,58,2010-07-27 00:00:00,56,56.25,37,28300,1607475,2010-07-27 00:00:00,1
2010-07-28 00:00:00,2010-07-28 00:00:00,57,2010-07-28 00:00:00,55,56.25,31,33900,1899300,2010-07-28 00:00:00,1
2010-07-29 00:00:00,2010-07-29 00:00:00,56,2010-07-29 00:00:00,54,54,12,5200,281250,2010-07-29 00:00:00,1
2010-07-30 00:00:00,2010-07-30 00:00:00,55,2010-07-30 00:00:00,52.5,52.75,14,5100,271775,2010-07-30 00:00:00,1
2010-08-02 00:00:00,2010-08-02 00:00:00,51.3,2010-08-02 00:00:00,51.1,51.3,2,300,15350,2010-08-02 00:00:00,1
2010-08-03 00:00:00,2010-08-03 00:00:00,57,2010-08-03 00:00:00,52.8,53.2,10,7600,420220,2010-08-03 00:00:00,1
2010-08-04 00:00:00,2010-08-04 00:00:00,60,2010-08-04 00:00:00,55,55,58,98100,5763880,2010-08-04 00:00:00,1
2010-08-05 00:00:00,2010-08-05 00:00:00,54,2010-08-05 00:00:00,51.1,54,11,15700,814740,2010-08-05 00:00:00,1
2010-08-06 00:00:00,2010-08-06 00:00:00,55.9,2010-08-06 00:00:00,53.1,54.6,27,21200,1157380,2010-08-06 00:00:00,1
2010-08-09 00:00:00,2010-08-09 00:00:00,59.1,2010-08-09 00:00:00,55,55.3,106,66800,3782300,2010-08-09 00:00:00,1
2010-08-10 00:00:00,2010-08-10 00:00:00,60.8,2010-08-10 00:00:00,53.5,60.8,55,56400,3378110,2010-08-10 00:00:00,1
2010-08-11 00:00:00,2010-08-11 00:00:00,66.8,2010-08-11 00:00:00,66,66.8,151,131800,8792330,2010-08-11 00:00:00,1
2010-08-12 00:00:00,2010-08-12 00:00:00,73.4,2010-08-12 00:00:00,67.2,70,164,127300,9007730,2010-08-12 00:00:00,1
2010-08-13 00:00:00,2010-08-13 00:00:00,70,2010-08-13 00:00:00,67.3,68.1,43,26200,1800440,2010-08-13 00:00:00,1
2010-08-16 00:00:00,2010-08-16 00:00:00,68.9,2010-08-16 00:00:00,64.5,67.9,17,19200,1262160,2010-08-16 00:00:00,1
2010-08-17 00:00:00,2010-08-17 00:00:00,70,2010-08-17 00:00:00,63,66.8,46,23100,1564130,2010-08-17 00:00:00,1
2010-08-18 00:00:00,2010-08-18 00:00:00,69,2010-08-18 00:00:00,64,67.5,19,23500,1536630,2010-08-18 00:00:00,1
2010-08-19 00:00:00,2010-08-19 00:00:00,67.5,2010-08-19 00:00:00,64,65.1,15,10700,694230,2010-08-19 00:00:00,1
2010-08-20 00:00:00,2010-08-20 00:00:00,68.9,2010-08-20 00:00:00,66,67.8,25,34300,2322370,2010-08-20 00:00:00,1
2010-08-23 00:00:00,2010-08-23 00:00:00,67,2010-08-23 00:00:00,65,65.1,10,1600,105220,2010-08-23 00:00:00,1
2010-08-25 00:00:00,2010-08-25 00:00:00,66.8,2010-08-25 00:00:00,63,65.8,13,19900,1286520,2010-08-25 00:00:00,1
2010-08-26 00:00:00,2010-08-26 00:00:00,65.8,2010-08-26 00:00:00,64.1,65,16,20700,1336560,2010-08-26 00:00:00,1
2010-08-27 00:00:00,2010-08-27 00:00:00,66.2,2010-08-27 00:00:00,59.1,65,38,53800,3517370,2010-08-27 00:00:00,1
2010-08-30 00:00:00,2010-08-30 00:00:00,67.1,2010-08-30 00:00:00,65.3,66.9,22,28400,1891030,2010-08-30 00:00:00,1
2010-08-31 00:00:00,2010-08-31 00:00:00,67.5,2010-08-31 00:00:00,66,66.3,26,43900,2901450,2010-08-31 00:00:00,1
2010-09-01 00:00:00,2010-09-01 00:00:00,66.5,2010-09-01 00:00:00,65,65.7,28,29600,1939520,2010-09-01 00:00:00,1
2010-09-02 00:00:00,2010-09-02 00:00:00,72.2,2010-09-02 00:00:00,65,71.4,72,48800,3377150,2010-09-02 00:00:00,1
2010-09-03 00:00:00,2010-09-03 00:00:00,78.5,2010-09-03 00:00:00,73,77.8,177,249600,19306530,2010-09-03 00:00:00,1
2010-09-06 00:00:00,2010-09-06 00:00:00,85.5,2010-09-06 00:00:00,80.6,84,181,253200,21167560,2010-09-06 00:00:00,1
2010-09-07 00:00:00,2010-09-07 00:00:00,92,2010-09-07 00:00:00,84,84.9,99,219200,18983130,2010-09-07 00:00:00,1
2010-09-08 00:00:00,2010-09-08 00:00:00,89.7,2010-09-08 00:00:00,84,86.3,282,353800,30820250,2010-09-08 00:00:00,1
2010-09-09 00:00:00,2010-09-09 00:00:00,90,2010-09-09 00:00:00,86,88.1,114,95500,8443240,2010-09-09 00:00:00,1
2010-09-13 00:00:00,2010-09-13 00:00:00,96.9,2010-09-13 00:00:00,88.5,94.6,319,341000,32301960,2010-09-13 00:00:00,1
2010-09-14 00:00:00,2010-09-14 00:00:00,95,2010-09-14 00:00:00,87.5,93,161,251200,23392480,2010-09-14 00:00:00,1
2010-09-15 00:00:00,2010-09-15 00:00:00,95,2010-09-15 00:00:00,87,89.1,108,121700,10926460,2010-09-15 00:00:00,1
2010-09-16 00:00:00,2010-09-16 00:00:00,92.9,2010-09-16 00:00:00,89.5,90,63,41900,3811510,2010-09-16 00:00:00,1
2010-09-17 00:00:00,2010-09-17 00:00:00,90,2010-09-17 00:00:00,88.5,89.5,69,59800,5346830,2010-09-17 00:00:00,1
2010-09-20 00:00:00,2010-09-20 00:00:00,91,2010-09-20 00:00:00,88.1,88.9,24,19800,1769910,2010-09-20 00:00:00,1
2010-09-21 00:00:00,2010-09-21 00:00:00,89,2010-09-21 00:00:00,85,86.5,39,27100,2396260,2010-09-21 00:00:00,1
2010-09-23 00:00:00,2010-09-23 00:00:00,93,2010-09-23 00:00:00,84,87.6,85,78800,7062400,2010-09-23 00:00:00,1
2010-09-24 00:00:00,2010-09-24 00:00:00,88,2010-09-24 00:00:00,86,87.5,27,25400,2217770,2010-09-24 00:00:00,1
2010-09-27 00:00:00,2010-09-27 00:00:00,90,2010-09-27 00:00:00,88,89.3,16,11700,1042770,2010-09-27 00:00:00,1
2010-09-28 00:00:00,2010-09-28 00:00:00,90,2010-09-28 00:00:00,86.2,89,73,64700,5726350,2010-09-28 00:00:00,1
2010-09-29 00:00:00,2010-09-29 00:00:00,89,2010-09-29 00:00:00,87,87.5,24,9700,853170,2010-09-29 00:00:00,1
2010-09-30 00:00:00,2010-09-30 00:00:00,92,2010-09-30 00:00:00,86.2,88.2,75,61500,5462340,2010-09-30 00:00:00,1
2010-10-01 00:00:00,2010-10-01 00:00:00,90,2010-10-01 00:00:00,87,88.2,41,49100,4353600,2010-10-01 00:00:00,1
2010-10-04 00:00:00,2010-10-04 00:00:00,88.2,2010-10-04 00:00:00,87,87,24,27700,2432000,2010-10-04 00:00:00,1
2010-10-05 00:00:00,2010-10-05 00:00:00,87,2010-10-05 00:00:00,84.1,84.9,38,63500,5509370,2010-10-05 00:00:00,1
2010-10-06 00:00:00,2010-10-06 00:00:00,85,2010-10-06 00:00:00,83,83.1,33,27800,2328870,2010-10-06 00:00:00,1
2010-10-07 00:00:00,2010-10-07 00:00:00,85.1,2010-10-07 00:00:00,83,84.3,34,40400,3392210,2010-10-07 00:00:00,1
2010-10-08 00:00:00,2010-10-08 00:00:00,92,2010-10-08 00:00:00,81.6,89.7,65,45300,4001510,2010-10-08 00:00:00,1
2010-10-11 00:00:00,2010-10-11 00:00:00,91,2010-10-11 00:00:00,86,87.7,18,15400,1364780,2010-10-11 00:00:00,1
2010-10-12 00:00:00,2010-10-12 00:00:00,85.1,2010-10-12 00:00:00,81,81.1,15,9400,774880,2010-10-12 00:00:00,1
2010-10-13 00:00:00,2010-10-13 00:00:00,85,2010-10-13 00:00:00,70,82,60,35800,2773960,2010-10-13 00:00:00,1
2010-10-14 00:00:00,2010-10-14 00:00:00,87,2010-10-14 00:00:00,84.8,85.6,33,16000,1378290,2010-10-14 00:00:00,1
2010-10-15 00:00:00,2010-10-15 00:00:00,90,2010-10-15 00:00:00,84,89.2,44,21000,1851480,2010-10-15 00:00:00,1
2010-10-18 00:00:00,2010-10-18 00:00:00,90.2,2010-10-18 00:00:00,86,86.1,23,15700,1371880,2010-10-18 00:00:00,1
2010-10-19 00:00:00,2010-10-19 00:00:00,89,2010-10-19 00:00:00,88,89,16,8700,772200,2010-10-19 00:00:00,1
2010-10-20 00:00:00,2010-10-20 00:00:00,88,2010-10-20 00:00:00,85,86.2,9,6000,516050,2010-10-20 00:00:00,1
2010-10-21 00:00:00,2010-10-21 00:00:00,86.2,2010-10-21 00:00:00,85,85.8,15,10500,899580,2010-10-21 00:00:00,1
2010-10-25 00:00:00,2010-10-25 00:00:00,89,2010-10-25 00:00:00,85,85.3,12,3800,323740,2010-10-25 00:00:00,1
2010-10-26 00:00:00,2010-10-26 00:00:00,85,2010-10-26 00:00:00,84,84.9,25,34200,2904670,2010-10-26 00:00:00,1
2010-10-27 00:00:00,2010-10-27 00:00:00,86,2010-10-27 00:00:00,84.5,84.6,4,1400,118530,2010-10-27 00:00:00,1
2010-10-28 00:00:00,2010-10-28 00:00:00,87.9,2010-10-28 00:00:00,85,87.5,11,4700,409800,2010-10-28 00:00:00,1
2010-10-29 00:00:00,2010-10-29 00:00:00,87,2010-10-29 00:00:00,86,86.8,7,3500,303500,2010-10-29 00:00:00,1
2010-11-01 00:00:00,2010-11-01 00:00:00,88,2010-11-01 00:00:00,86.9,87,8,4900,428730,2010-11-01 00:00:00,1
2010-11-02 00:00:00,2010-11-02 00:00:00,87,2010-11-02 00:00:00,83.5,84,14,9200,779130,2010-11-02 00:00:00,1
2010-11-03 00:00:00,2010-11-03 00:00:00,86,2010-11-03 00:00:00,86,86,1,100,8600,2010-11-03 00:00:00,1
2010-11-04 00:00:00,2010-11-04 00:00:00,87,2010-11-04 00:00:00,84,86.9,3,2700,233400,2010-11-04 00:00:00,1
2010-11-08 00:00:00,2010-11-08 00:00:00,86,2010-11-08 00:00:00,86,86,5,1500,129000,2010-11-08 00:00:00,1
2010-11-09 00:00:00,2010-11-09 00:00:00,86.5,2010-11-09 00:00:00,85,85,14,5000,427600,2010-11-09 00:00:00,1
2010-11-10 00:00:00,2010-11-10 00:00:00,83.2,2010-11-10 00:00:00,75,77.7,253,156100,11930130,2010-11-10 00:00:00,1
2010-11-11 00:00:00,2010-11-11 00:00:00,78.5,2010-11-11 00:00:00,76.1,78,19,29000,2261270,2010-11-11 00:00:00,1
2010-11-12 00:00:00,2010-11-12 00:00:00,77.5,2010-11-12 00:00:00,75.1,75.8,33,21800,1657180,2010-11-12 00:00:00,1
2010-11-15 00:00:00,2010-11-15 00:00:00,76,2010-11-15 00:00:00,72,75,24,165500,12417130,2010-11-15 00:00:00,1
2010-11-16 00:00:00,2010-11-16 00:00:00,75,2010-11-16 00:00:00,72,73.7,18,13300,973400,2010-11-16 00:00:00,1
2010-11-18 00:00:00,2010-11-18 00:00:00,75.6,2010-11-18 00:00:00,74,74.2,14,26500,1981990,2010-11-18 00:00:00,1
2010-11-22 00:00:00,2010-11-22 00:00:00,74.5,2010-11-22 00:00:00,73,73.2,16,10300,760660,2010-11-22 00:00:00,1
2010-11-23 00:00:00,2010-11-23 00:00:00,74.5,2010-11-23 00:00:00,70.5,71.4,34,9000,643940,2010-11-23 00:00:00,1
2010-11-24 00:00:00,2010-11-24 00:00:00,71,2010-11-24 00:00:00,70.2,70.4,12,1700,120320,2010-11-24 00:00:00,1
2010-11-25 00:00:00,2010-11-25 00:00:00,70.1,2010-11-25 00:00:00,66.2,67.6,22,8800,609280,2010-11-25 00:00:00,1
2010-11-26 00:00:00,2010-11-26 00:00:00,74.9,2010-11-26 00:00:00,67,70.2,12,13600,958170,2010-11-26 00:00:00,1
2010-11-29 00:00:00,2010-11-29 00:00:00,68.5,2010-11-29 00:00:00,64,65.2,30,12300,807280,2010-11-29 00:00:00,1
2010-11-30 00:00:00,2010-11-30 00:00:00,74.8,2010-11-30 00:00:00,70,71.2,30,12200,865910,2010-11-30 00:00:00,1
2010-12-01 00:00:00,2010-12-01 00:00:00,75,2010-12-01 00:00:00,73.1,74.9,33,16100,1195270,2010-12-01 00:00:00,1
2010-12-02 00:00:00,2010-12-02 00:00:00,78.7,2010-12-02 00:00:00,71.2,75.8,36,56900,4308880,2010-12-02 00:00:00,1
2010-12-03 00:00:00,2010-12-03 00:00:00,75,2010-12-03 00:00:00,74,74,4,6200,464800,2010-12-03 00:00:00,1
2010-12-06 00:00:00,2010-12-06 00:00:00,79,2010-12-06 00:00:00,73,76.7,8,12000,919660,2010-12-06 00:00:00,1
2010-12-07 00:00:00,2010-12-07 00:00:00,75,2010-12-07 00:00:00,72,72.1,7,1400,101500,2010-12-07 00:00:00,1
2010-12-08 00:00:00,2010-12-08 00:00:00,76.2,2010-12-08 00:00:00,70,73.5,35,17700,1299450,2010-12-08 00:00:00,1
2010-12-09 00:00:00,2010-12-09 00:00:00,72.5,2010-12-09 00:00:00,70.1,71.2,5,7700,546860,2010-12-09 00:00:00,1
2010-12-10 00:00:00,2010-12-10 00:00:00,70.5,2010-12-10 00:00:00,70.5,70.5,5,1600,112800,2010-12-10 00:00:00,1
2010-12-13 00:00:00,2010-12-13 00:00:00,70.5,2010-12-13 00:00:00,69,69.1,4,800,55500,2010-12-13 00:00:00,1
2010-12-14 00:00:00,2010-12-14 00:00:00,70,2010-12-14 00:00:00,65,66.5,62,41700,2729530,2010-12-14 00:00:00,1
2010-12-15 00:00:00,2010-12-15 00:00:00,69,2010-12-15 00:00:00,68.7,68.8,15,3200,219970,2010-12-15 00:00:00,1
2010-12-16 00:00:00,2010-12-16 00:00:00,67.9,2010-12-16 00:00:00,66.2,67.5,3,300,20110,2010-12-16 00:00:00,1
2010-12-17 00:00:00,2010-12-17 00:00:00,68,2010-12-17 00:00:00,67,68,5,3200,217400,2010-12-17 00:00:00,1
2010-12-21 00:00:00,2010-12-21 00:00:00,68,2010-12-21 00:00:00,67,67,4,700,47100,2010-12-21 00:00:00,1
2010-12-22 00:00:00,2010-12-22 00:00:00,68,2010-12-22 00:00:00,66.9,67.2,61,38400,2597740,2010-12-22 00:00:00,1
2010-12-23 00:00:00,2010-12-23 00:00:00,69.9,2010-12-23 00:00:00,67.1,68.1,47,40600,2768320,2010-12-23 00:00:00,1
2010-12-24 00:00:00,2010-12-24 00:00:00,73.5,2010-12-24 00:00:00,69,71.6,46,26500,1896010,2010-12-24 00:00:00,1
2010-12-27 00:00:00,2010-12-27 00:00:00,75.8,2010-12-27 00:00:00,73.5,74.3,81,106900,7939690,2010-12-27 00:00:00,1
2010-12-28 00:00:00,2010-12-28 00:00:00,75.9,2010-12-28 00:00:00,73.3,74.3,38,10300,770110,2010-12-28 00:00:00,1
2010-12-29 00:00:00,2010-12-29 00:00:00,79.8,2010-12-29 00:00:00,72.6,78.5,78,67200,5216180,2010-12-29 00:00:00,1
2010-12-30 00:00:00,2010-12-30 00:00:00,84.9,2010-12-30 00:00:00,73,82.8,156,125700,10177130,2010-12-30 00:00:00,1
2010-12-31 00:00:00,2010-12-31 00:00:00,84.5,2010-12-31 00:00:00,80,82.4,79,70600,5879630,2010-12-31 00:00:00,1
Company Id,:  MAL,Security,Type :  X,Sub Type,:  0000,,,,,
Short Name,:  MALWATTE,,,,,,,,,
Day,Date High,High,Date Low,Low,Closing,No. of Trades,No. of Shares,Turnover,Last Traded,Days Traded
2010-08-12 00:00:00,2010-08-12 00:00:00,50,2010-08-12 00:00:00,40,44.7,39,244600,10563380,2010-08-12 00:00:00,1
2010-08-13 00:00:00,2010-08-13 00:00:00,46.5,2010-08-13 00:00:00,42,46.5,3,600,27200,2010-08-13 00:00:00,1
2010-08-16 00:00:00,2010-08-16 00:00:00,46,2010-08-16 00:00:00,46,46,1,1200,55200,2010-08-16 00:00:00,1
2010-08-17 00:00:00,2010-08-17 00:00:00,46,2010-08-17 00:00:00,45,45.9,6,4800,218930,2010-08-17 00:00:00,1
2010-08-19 00:00:00,2010-08-19 00:00:00,47,2010-08-19 00:00:00,47,47,4,10800,507600,2010-08-19 00:00:00,1
2010-08-27 00:00:00,2010-08-27 00:00:00,47.8,2010-08-27 00:00:00,47.8,47.8,4,10000,478000,2010-08-27 00:00:00,1
2010-09-02 00:00:00,2010-09-02 00:00:00,49.5,2010-09-02 00:00:00,48.9,49.3,2,300,14790,2010-09-02 00:00:00,1
2010-09-03 00:00:00,2010-09-03 00:00:00,54.2,2010-09-03 00:00:00,48,51.6,43,183200,9393120,2010-09-03 00:00:00,1
2010-09-06 00:00:00,2010-09-06 00:00:00,56.7,2010-09-06 00:00:00,55,56.6,9,43500,2466110,2010-09-06 00:00:00,1
2010-09-07 00:00:00,2010-09-07 00:00:00,61,2010-09-07 00:00:00,58,58.7,29,100400,6095050,2010-09-07 00:00:00,1
2010-09-08 00:00:00,2010-09-08 00:00:00,60,2010-09-08 00:00:00,58,58.1,3,2000,118050,2010-09-08 00:00:00,1
2010-09-09 00:00:00,2010-09-09 00:00:00,62,2010-09-09 00:00:00,61,61,4,3200,198200,2010-09-09 00:00:00,1
2010-09-13 00:00:00,2010-09-13 00:00:00,67.1,2010-09-13 00:00:00,64,65.7,13,69500,4516850,2010-09-13 00:00:00,1
2010-09-14 00:00:00,2010-09-14 00:00:00,64.9,2010-09-14 00:00:00,59.2,62.5,30,36300,2201780,2010-09-14 00:00:00,1
2010-09-15 00:00:00,2010-09-15 00:00:00,63,2010-09-15 00:00:00,56.4,57.2,12,17400,1043840,2010-09-15 00:00:00,1
2010-09-16 00:00:00,2010-09-16 00:00:00,61,2010-09-16 00:00:00,57.5,59.6,24,49400,2963100,2010-09-16 00:00:00,1
2010-09-17 00:00:00,2010-09-17 00:00:00,58.5,2010-09-17 00:00:00,57.5,57.8,3,600,34650,2010-09-17 00:00:00,1
2010-09-23 00:00:00,2010-09-23 00:00:00,61,2010-09-23 00:00:00,59.9,59.9,6,15800,953880,2010-09-23 00:00:00,1
2010-09-27 00:00:00,2010-09-27 00:00:00,59.9,2010-09-27 00:00:00,59.9,59.9,1,700,41930,2010-09-27 00:00:00,1
2010-09-28 00:00:00,2010-09-28 00:00:00,56,2010-09-28 00:00:00,56,56,1,700,39200,2010-09-28 00:00:00,1
2010-09-29 00:00:00,2010-09-29 00:00:00,56,2010-09-29 00:00:00,56,56,4,2300,128800,2010-09-29 00:00:00,1
2010-09-30 00:00:00,2010-09-30 00:00:00,56,2010-09-30 00:00:00,51,51,3,10100,515600,2010-09-30 00:00:00,1
2010-10-01 00:00:00,2010-10-01 00:00:00,51,2010-10-01 00:00:00,51,51,3,10100,515100,2010-10-01 00:00:00,1
2010-10-06 00:00:00,2010-10-06 00:00:00,60,2010-10-06 00:00:00,51.6,53.6,13,25500,1501040,2010-10-06 00:00:00,1
2010-10-07 00:00:00,2010-10-07 00:00:00,51.8,2010-10-07 00:00:00,50,50.7,2,500,25360,2010-10-07 00:00:00,1
2010-10-08 00:00:00,2010-10-08 00:00:00,60,2010-10-08 00:00:00,59.9,60,7,14000,839700,2010-10-08 00:00:00,1
2010-10-14 00:00:00,2010-10-14 00:00:00,57,2010-10-14 00:00:00,40.1,56,20,24300,1180120,2010-10-14 00:00:00,1
2010-10-15 00:00:00,2010-10-15 00:00:00,56.5,2010-10-15 00:00:00,56,56.4,4,2600,146600,2010-10-15 00:00:00,1
2010-10-18 00:00:00,2010-10-18 00:00:00,58.3,2010-10-18 00:00:00,58.3,58.3,3,5900,343970,2010-10-18 00:00:00,1
2010-10-25 00:00:00,2010-10-25 00:00:00,58,2010-10-25 00:00:00,57.9,58,2,2000,115900,2010-10-25 00:00:00,1
2010-10-29 00:00:00,2010-10-29 00:00:00,60,2010-10-29 00:00:00,56,58.5,12,13700,801840,2010-10-29 00:00:00,1
2010-11-01 00:00:00,2010-11-01 00:00:00,60,2010-11-01 00:00:00,60,60,1,100,6000,2010-11-01 00:00:00,1
2010-11-09 00:00:00,2010-11-09 00:00:00,59.8,2010-11-09 00:00:00,58,59.5,2,4900,291400,2010-11-09 00:00:00,1
2010-11-10 00:00:00,2010-11-10 00:00:00,60,2010-11-10 00:00:00,58,59.7,12,18500,1101570,2010-11-10 00:00:00,1
2010-11-25 00:00:00,2010-11-25 00:00:00,50.3,2010-11-25 00:00:00,50.1,50.1,4,2000,100230,2010-11-25 00:00:00,1
2010-11-26 00:00:00,2010-11-26 00:00:00,50.2,2010-11-26 00:00:00,50,50.1,3,500,25040,2010-11-26 00:00:00,1
2010-12-01 00:00:00,2010-12-01 00:00:00,50.1,2010-12-01 00:00:00,50.1,50.1,3,500,25050,2010-12-01 00:00:00,1
2010-12-03 00:00:00,2010-12-03 00:00:00,49,2010-12-03 00:00:00,45.2,45.6,2,1000,45580,2010-12-03 00:00:00,1
2010-12-27 00:00:00,2010-12-27 00:00:00,59,2010-12-27 00:00:00,58.9,59,4,2700,159190,2010-12-27 00:00:00,1
2010-12-28 00:00:00,2010-12-28 00:00:00,60.5,2010-12-28 00:00:00,59,59.2,7,1600,94700,2010-12-28 00:00:00,1
2010-12-30 00:00:00,2010-12-30 00:00:00,64.8,2010-12-30 00:00:00,55,63,15,36300,2024560,2010-12-30 00:00:00,1
2010-12-31 00:00:00,2010-12-31 00:00:00,62.5,2010-12-31 00:00:00,62.5,62.5,1,200,12500,2010-12-31 00:00:00,1
Company Id,:  MARA,Security,Type :  N,Sub Type,:  0000,,,,,
Short Name,:  MARAWILA RESORTS,,,,,,,,,
Day,Date High,High,Date Low,Low,Closing,No. of Trades,No. of Shares,Turnover,Last Traded,Days Traded
2010-01-04 00:00:00,2010-01-04 00:00:00,6,2010-01-04 00:00:00,5.75,5.75,25,66700,398450,2010-01-04 00:00:00,1
2010-01-05 00:00:00,2010-01-05 00:00:00,6.25,2010-01-05 00:00:00,6,6,69,214300,1285825,2010-01-05 00:00:00,1
2010-01-06 00:00:00,2010-01-06 00:00:00,6.25,2010-01-06 00:00:00,6,6,51,148200,890600,2010-01-06 00:00:00,1
2010-01-07 00:00:00,2010-01-07 00:00:00,6.25,2010-01-07 00:00:00,6,6,47,120900,727150,2010-01-07 00:00:00,1
2010-01-08 00:00:00,2010-01-08 00:00:00,6,2010-01-08 00:00:00,6,6,31,97800,586800,2010-01-08 00:00:00,1
2010-01-11 00:00:00,2010-01-11 00:00:00,6.25,2010-01-11 00:00:00,6,6,50,70600,424150,2010-01-11 00:00:00,1
2010-01-12 00:00:00,2010-01-12 00:00:00,6,2010-01-12 00:00:00,5.75,6,7,9700,57700,2010-01-12 00:00:00,1
2010-01-13 00:00:00,2010-01-13 00:00:00,6,2010-01-13 00:00:00,5.75,6,11,36800,218425,2010-01-13 00:00:00,1
2010-01-15 00:00:00,2010-01-15 00:00:00,6.5,2010-01-15 00:00:00,6,6.25,97,342200,2130950,2010-01-15 00:00:00,1
2010-01-18 00:00:00,2010-01-18 00:00:00,6.5,2010-01-18 00:00:00,6.25,6.25,57,211700,1323225,2010-01-18 00:00:00,1
2010-01-19 00:00:00,2010-01-19 00:00:00,6.25,2010-01-19 00:00:00,6,6,45,201000,1219375,2010-01-19 00:00:00,1
2010-01-20 00:00:00,2010-01-20 00:00:00,6.25,2010-01-20 00:00:00,6,6,7,10600,64250,2010-01-20 00:00:00,1
2010-01-21 00:00:00,2010-01-21 00:00:00,6,2010-01-21 00:00:00,6,6,9,26500,159000,2010-01-21 00:00:00,1
2010-01-22 00:00:00,2010-01-22 00:00:00,6.25,2010-01-22 00:00:00,6,6,30,65800,395075,2010-01-22 00:00:00,1
2010-01-25 00:00:00,2010-01-25 00:00:00,6.25,2010-01-25 00:00:00,6,6,9,7000,42400,2010-01-25 00:00:00,1
2010-01-26 00:00:00,2010-01-26 00:00:00,6.25,2010-01-26 00:00:00,6,6.25,11,6400,38650,2010-01-26 00:00:00,1
2010-01-28 00:00:00,2010-01-28 00:00:00,6,2010-01-28 00:00:00,6,6,29,50800,304800,2010-01-28 00:00:00,1
2010-02-01 00:00:00,2010-02-01 00:00:00,6.25,2010-02-01 00:00:00,6,6.25,77,213600,1316875,2010-02-01 00:00:00,1
2010-02-02 00:00:00,2010-02-02 00:00:00,6.25,2010-02-02 00:00:00,6,6,14,11500,70875,2010-02-02 00:00:00,1
2010-02-03 00:00:00,2010-02-03 00:00:00,6.25,2010-02-03 00:00:00,6,6,50,160300,965850,2010-02-03 00:00:00,1
2010-02-05 00:00:00,2010-02-05 00:00:00,6.5,2010-02-05 00:00:00,6,6,128,549000,3323775,2010-02-05 00:00:00,1
2010-02-08 00:00:00,2010-02-08 00:00:00,6.5,2010-02-08 00:00:00,6,6.25,56,542400,3386975,2010-02-08 00:00:00,1
2010-02-09 00:00:00,2010-02-09 00:00:00,8,2010-02-09 00:00:00,6.5,7.75,1002,6938800,50836225,2010-02-09 00:00:00,1
2010-02-10 00:00:00,2010-02-10 00:00:00,8,2010-02-10 00:00:00,7,7.25,186,1031300,7822575,2010-02-10 00:00:00,1
2010-02-11 00:00:00,2010-02-11 00:00:00,7.25,2010-02-11 00:00:00,7,7,54,133000,937050,2010-02-11 00:00:00,1
2010-02-12 00:00:00,2010-02-12 00:00:00,7,2010-02-12 00:00:00,6.75,7,28,108300,743325,2010-02-12 00:00:00,1
2010-02-15 00:00:00,2010-02-15 00:00:00,7.5,2010-02-15 00:00:00,6.75,7.5,170,460700,3349100,2010-02-15 00:00:00,1
2010-02-16 00:00:00,2010-02-16 00:00:00,8,2010-02-16 00:00:00,7.5,7.5,184,759000,5813150,2010-02-16 00:00:00,1
2010-02-17 00:00:00,2010-02-17 00:00:00,7.5,2010-02-17 00:00:00,7.25,7.25,41,145900,1059675,2010-02-17 00:00:00,1
2010-02-18 00:00:00,2010-02-18 00:00:00,7.5,2010-02-18 00:00:00,7,7,50,169700,1218575,2010-02-18 00:00:00,1
2010-02-19 00:00:00,2010-02-19 00:00:00,7.75,2010-02-19 00:00:00,7,7.5,86,357300,2634525,2010-02-19 00:00:00,1
2010-02-22 00:00:00,2010-02-22 00:00:00,7.5,2010-02-22 00:00:00,7.25,7.5,39,152400,1110950,2010-02-22 00:00:00,1
2010-02-23 00:00:00,2010-02-23 00:00:00,7.75,2010-02-23 00:00:00,7.25,7.5,52,148200,1111050,2010-02-23 00:00:00,1
2010-02-24 00:00:00,2010-02-24 00:00:00,7.5,2010-02-24 00:00:00,7.25,7.25,38,85100,619975,2010-02-24 00:00:00,1
2010-02-25 00:00:00,2010-02-25 00:00:00,7.5,2010-02-25 00:00:00,7.25,7.25,22,51700,379800,2010-02-25 00:00:00,1
2010-02-26 00:00:00,2010-02-26 00:00:00,7.75,2010-02-26 00:00:00,7.25,7.5,69,292300,2204675,2010-02-26 00:00:00,1
2010-03-01 00:00:00,2010-03-01 00:00:00,7.75,2010-03-01 00:00:00,7.25,7.5,60,295700,2218875,2010-03-01 00:00:00,1
2010-03-02 00:00:00,2010-03-02 00:00:00,7.5,2010-03-02 00:00:00,7.25,7.25,16,37500,280125,2010-03-02 00:00:00,1
2010-03-03 00:00:00,2010-03-03 00:00:00,7.5,2010-03-03 00:00:00,7.25,7.25,39,173600,1261850,2010-03-03 00:00:00,1
2010-03-04 00:00:00,2010-03-04 00:00:00,7.5,2010-03-04 00:00:00,7.25,7.25,48,95500,694325,2010-03-04 00:00:00,1
2010-03-05 00:00:00,2010-03-05 00:00:00,7.75,2010-03-05 00:00:00,7.5,7.75,81,204100,1541050,2010-03-05 00:00:00,1
2010-03-08 00:00:00,2010-03-08 00:00:00,8,2010-03-08 00:00:00,7.5,7.75,201,1541800,11810225,2010-03-08 00:00:00,1
2010-03-09 00:00:00,2010-03-09 00:00:00,7.75,2010-03-09 00:00:00,7.5,7.5,61,151300,1166900,2010-03-09 00:00:00,1
2010-03-10 00:00:00,2010-03-10 00:00:00,7.75,2010-03-10 00:00:00,7.5,7.75,49,223000,1699525,2010-03-10 00:00:00,1
2010-03-11 00:00:00,2010-03-11 00:00:00,7.75,2010-03-11 00:00:00,7.5,7.5,55,117700,894175,2010-03-11 00:00:00,1
2010-03-12 00:00:00,2010-03-12 00:00:00,7.75,2010-03-12 00:00:00,7.5,7.75,20,27600,210600,2010-03-12 00:00:00,1
2010-03-15 00:00:00,2010-03-15 00:00:00,7.75,2010-03-15 00:00:00,7.5,7.5,60,194400,1458150,2010-03-15 00:00:00,1
2010-03-16 00:00:00,2010-03-16 00:00:00,7.5,2010-03-16 00:00:00,7.25,7.25,24,74600,554875,2010-03-16 00:00:00,1
2010-03-17 00:00:00,2010-03-17 00:00:00,7.5,2010-03-17 00:00:00,7.25,7.25,16,30000,219625,2010-03-17 00:00:00,1
2010-03-18 00:00:00,2010-03-18 00:00:00,7.5,2010-03-18 00:00:00,7.25,7.25,17,49700,361175,2010-03-18 00:00:00,1
2010-03-19 00:00:00,2010-03-19 00:00:00,7.5,2010-03-19 00:00:00,7.25,7.5,13,17000,125950,2010-03-19 00:00:00,1
2010-03-22 00:00:00,2010-03-22 00:00:00,7.5,2010-03-22 00:00:00,7.25,7.25,8,75300,546425,2010-03-22 00:00:00,1
2010-03-23 00:00:00,2010-03-23 00:00:00,7.5,2010-03-23 00:00:00,7.25,7.25,28,58100,423375,2010-03-23 00:00:00,1
2010-03-24 00:00:00,2010-03-24 00:00:00,7.5,2010-03-24 00:00:00,7.25,7.25,90,264300,1922425,2010-03-24 00:00:00,1
2010-03-25 00:00:00,2010-03-25 00:00:00,7.25,2010-03-25 00:00:00,7,7,61,767200,5373150,2010-03-25 00:00:00,1
2010-03-26 00:00:00,2010-03-26 00:00:00,7.25,2010-03-26 00:00:00,7,7,50,290900,2044875,2010-03-26 00:00:00,1
2010-03-30 00:00:00,2010-03-30 00:00:00,7.5,2010-03-30 00:00:00,7.25,7.25,30,109000,790300,2010-03-30 00:00:00,1
2010-03-31 00:00:00,2010-03-31 00:00:00,7.5,2010-03-31 00:00:00,7.25,7.25,40,202600,1468875,2010-03-31 00:00:00,1
2010-04-01 00:00:00,2010-04-01 00:00:00,7.5,2010-04-01 00:00:00,7,7.25,15,28800,207500,2010-04-01 00:00:00,1
2010-04-05 00:00:00,2010-04-05 00:00:00,7.25,2010-04-05 00:00:00,7,7.25,15,44200,320425,2010-04-05 00:00:00,1
2010-04-06 00:00:00,2010-04-06 00:00:00,7.5,2010-04-06 00:00:00,7.25,7.5,75,314300,2326850,2010-04-06 00:00:00,1
2010-04-07 00:00:00,2010-04-07 00:00:00,7.75,2010-04-07 00:00:00,7.25,7.75,70,463800,3505100,2010-04-07 00:00:00,1
2010-04-08 00:00:00,2010-04-08 00:00:00,7.75,2010-04-08 00:00:00,7.5,7.75,89,539700,4143825,2010-04-08 00:00:00,1
2010-04-12 00:00:00,2010-04-12 00:00:00,7.75,2010-04-12 00:00:00,7.5,7.75,42,251600,1901350,2010-04-12 00:00:00,1
2010-04-15 00:00:00,2010-04-15 00:00:00,7.75,2010-04-15 00:00:00,7.5,7.75,40,224400,1738850,2010-04-15 00:00:00,1
2010-04-16 00:00:00,2010-04-16 00:00:00,8,2010-04-16 00:00:00,7.5,7.75,88,643100,4983350,2010-04-16 00:00:00,1
2010-04-19 00:00:00,2010-04-19 00:00:00,8.5,2010-04-19 00:00:00,7.75,8.25,415,3172500,25759475,2010-04-19 00:00:00,1
2010-04-20 00:00:00,2010-04-20 00:00:00,9,2010-04-20 00:00:00,8.25,8.5,643,4887200,43264650,2010-04-20 00:00:00,1
2010-04-21 00:00:00,2010-04-21 00:00:00,8.75,2010-04-21 00:00:00,8.25,8.5,108,322000,2736625,2010-04-21 00:00:00,1
2010-04-22 00:00:00,2010-04-22 00:00:00,8.75,2010-04-22 00:00:00,8.25,8.5,34,122600,1041500,2010-04-22 00:00:00,1
2010-04-23 00:00:00,2010-04-23 00:00:00,9,2010-04-23 00:00:00,8.5,8.75,157,866100,7553850,2010-04-23 00:00:00,1
2010-04-26 00:00:00,2010-04-26 00:00:00,9.25,2010-04-26 00:00:00,8.75,9,303,912400,8280350,2010-04-26 00:00:00,1
2010-04-27 00:00:00,2010-04-27 00:00:00,9,2010-04-27 00:00:00,8.75,8.75,92,320600,2836950,2010-04-27 00:00:00,1
2010-04-29 00:00:00,2010-04-29 00:00:00,9,2010-04-29 00:00:00,8.5,8.75,39,117100,1023575,2010-04-29 00:00:00,1
2010-04-30 00:00:00,2010-04-30 00:00:00,9,2010-04-30 00:00:00,8.75,8.75,18,83000,726500,2010-04-30 00:00:00,1
2010-05-03 00:00:00,2010-05-03 00:00:00,9,2010-05-03 00:00:00,8.75,8.75,87,305600,2718350,2010-05-03 00:00:00,1
2010-05-04 00:00:00,2010-05-04 00:00:00,9,2010-05-04 00:00:00,8.5,8.75,47,175200,1530075,2010-05-04 00:00:00,1
2010-05-05 00:00:00,2010-05-05 00:00:00,9,2010-05-05 00:00:00,8.75,8.75,65,209300,1849550,2010-05-05 00:00:00,1
2010-05-06 00:00:00,2010-05-06 00:00:00,9,2010-05-06 00:00:00,8.75,8.75,76,487900,4360200,2010-05-06 00:00:00,1
2010-05-07 00:00:00,2010-05-07 00:00:00,9.25,2010-05-07 00:00:00,8.75,9.25,149,1130900,10248650,2010-05-07 00:00:00,1
2010-05-10 00:00:00,2010-05-10 00:00:00,9.5,2010-05-10 00:00:00,9,9.25,142,669700,6205300,2010-05-10 00:00:00,1
2010-05-11 00:00:00,2010-05-11 00:00:00,10.25,2010-05-11 00:00:00,9,10,564,4810800,47573025,2010-05-11 00:00:00,1
2010-05-12 00:00:00,2010-05-12 00:00:00,10.5,2010-05-12 00:00:00,9.75,9.75,376,1990000,20071900,2010-05-12 00:00:00,1
2010-05-13 00:00:00,2010-05-13 00:00:00,10,2010-05-13 00:00:00,9.5,9.75,105,513400,4930325,2010-05-13 00:00:00,1
2010-05-14 00:00:00,2010-05-14 00:00:00,10.25,2010-05-14 00:00:00,9.5,10,154,1153200,11493775,2010-05-14 00:00:00,1
2010-05-17 00:00:00,2010-05-17 00:00:00,10,2010-05-17 00:00:00,9.75,9.75,60,224100,2187975,2010-05-17 00:00:00,1
2010-05-18 00:00:00,2010-05-18 00:00:00,10,2010-05-18 00:00:00,9.5,9.75,44,179700,1752375,2010-05-18 00:00:00,1
2010-05-19 00:00:00,2010-05-19 00:00:00,9.75,2010-05-19 00:00:00,9.5,9.5,77,312700,2980750,2010-05-19 00:00:00,1
2010-05-20 00:00:00,2010-05-20 00:00:00,9.75,2010-05-20 00:00:00,9.25,9.25,44,157400,1486600,2010-05-20 00:00:00,1
2010-05-21 00:00:00,2010-05-21 00:00:00,9.75,2010-05-21 00:00:00,9.25,9.25,72,200700,1875350,2010-05-21 00:00:00,1
2010-05-24 00:00:00,2010-05-24 00:00:00,9.5,2010-05-24 00:00:00,9,9.25,27,45800,421200,2010-05-24 00:00:00,1
2010-05-25 00:00:00,2010-05-25 00:00:00,9.5,2010-05-25 00:00:00,9.25,9.25,61,221600,2067875,2010-05-25 00:00:00,1
2010-05-26 00:00:00,2010-05-26 00:00:00,9.5,2010-05-26 00:00:00,9.25,9.5,42,193200,1835100,2010-05-26 00:00:00,1
2010-05-31 00:00:00,2010-05-31 00:00:00,9.75,2010-05-31 00:00:00,9.5,9.5,65,182400,1756675,2010-05-31 00:00:00,1
2010-06-01 00:00:00,2010-06-01 00:00:00,9.5,2010-06-01 00:00:00,9.25,9.25,40,98200,918800,2010-06-01 00:00:00,1
2010-06-02 00:00:00,2010-06-02 00:00:00,9.75,2010-06-02 00:00:00,9.25,9.5,32,228000,2161850,2010-06-02 00:00:00,1
2010-06-03 00:00:00,2010-06-03 00:00:00,9.5,2010-06-03 00:00:00,9.25,9.5,68,481400,4470350,2010-06-03 00:00:00,1
2010-06-04 00:00:00,2010-06-04 00:00:00,9.5,2010-06-04 00:00:00,9.25,9.25,44,242100,2248000,2010-06-04 00:00:00,1
2010-06-07 00:00:00,2010-06-07 00:00:00,9.5,2010-06-07 00:00:00,9.25,9.25,27,78100,722800,2010-06-07 00:00:00,1
2010-06-08 00:00:00,2010-06-08 00:00:00,10,2010-06-08 00:00:00,9.25,9.75,166,541100,5256925,2010-06-08 00:00:00,1
2010-06-09 00:00:00,2010-06-09 00:00:00,9.75,2010-06-09 00:00:00,9.5,9.5,22,30400,291800,2010-06-09 00:00:00,1
2010-06-10 00:00:00,2010-06-10 00:00:00,9.75,2010-06-10 00:00:00,9.5,9.5,82,270800,2623075,2010-06-10 00:00:00,1
2010-06-11 00:00:00,2010-06-11 00:00:00,9.75,2010-06-11 00:00:00,9.5,9.5,34,134300,1276850,2010-06-11 00:00:00,1
2010-06-14 00:00:00,2010-06-14 00:00:00,9.75,2010-06-14 00:00:00,9.25,9.25,21,36800,344200,2010-06-14 00:00:00,1
2010-06-15 00:00:00,2010-06-15 00:00:00,9.5,2010-06-15 00:00:00,9.25,9.25,19,102500,954950,2010-06-15 00:00:00,1
2010-06-16 00:00:00,2010-06-16 00:00:00,9.5,2010-06-16 00:00:00,9.5,9.5,33,139200,1322400,2010-06-16 00:00:00,1
2010-06-17 00:00:00,2010-06-17 00:00:00,9.5,2010-06-17 00:00:00,9.25,9.5,34,113900,1078925,2010-06-17 00:00:00,1
2010-06-21 00:00:00,2010-06-21 00:00:00,9.5,2010-06-21 00:00:00,9.25,9.5,33,98900,936875,2010-06-21 00:00:00,1
2010-06-22 00:00:00,2010-06-22 00:00:00,9.5,2010-06-22 00:00:00,9.25,9.25,25,150900,1409800,2010-06-22 00:00:00,1
2010-06-23 00:00:00,2010-06-23 00:00:00,9.5,2010-06-23 00:00:00,9.25,9.25,18,165300,1529400,2010-06-23 00:00:00,1
2010-06-24 00:00:00,2010-06-24 00:00:00,9.25,2010-06-24 00:00:00,9.25,9.25,43,515000,4763750,2010-06-24 00:00:00,1
2010-06-28 00:00:00,2010-06-28 00:00:00,9.5,2010-06-28 00:00:00,9.25,9.25,26,35100,324925,2010-06-28 00:00:00,1
2010-06-29 00:00:00,2010-06-29 00:00:00,9.5,2010-06-29 00:00:00,9.25,9.25,21,29600,273950,2010-06-29 00:00:00,1
2010-06-30 00:00:00,2010-06-30 00:00:00,9.5,2010-06-30 00:00:00,9.25,9.25,37,163200,1512175,2010-06-30 00:00:00,1
2010-07-01 00:00:00,2010-07-01 00:00:00,10.25,2010-07-01 00:00:00,9.25,10,407,3370700,33646375,2010-07-01 00:00:00,1
2010-07-02 00:00:00,2010-07-02 00:00:00,11.5,2010-07-02 00:00:00,10,10.75,933,9736500,102882975,2010-07-02 00:00:00,1
2010-07-05 00:00:00,2010-07-05 00:00:00,11.75,2010-07-05 00:00:00,11,11.25,457,3908500,44221525,2010-07-05 00:00:00,1
2010-07-06 00:00:00,2010-07-06 00:00:00,11.5,2010-07-06 00:00:00,10.75,11,177,1202600,13327325,2010-07-06 00:00:00,1
2010-07-07 00:00:00,2010-07-07 00:00:00,11,2010-07-07 00:00:00,10,10.5,205,843100,8861050,2010-07-07 00:00:00,1
2010-07-08 00:00:00,2010-07-08 00:00:00,11,2010-07-08 00:00:00,10.25,10.75,95,264400,2827350,2010-07-08 00:00:00,1
2010-07-09 00:00:00,2010-07-09 00:00:00,10.75,2010-07-09 00:00:00,10.25,10.5,62,202000,2123325,2010-07-09 00:00:00,1
2010-07-12 00:00:00,2010-07-12 00:00:00,11,2010-07-12 00:00:00,10.5,10.5,84,143900,1536975,2010-07-12 00:00:00,1
2010-07-13 00:00:00,2010-07-13 00:00:00,11.25,2010-07-13 00:00:00,10.75,11,219,1186900,13219675,2010-07-13 00:00:00,1
2010-07-14 00:00:00,2010-07-14 00:00:00,12,2010-07-14 00:00:00,11,11.75,407,1984300,22920825,2010-07-14 00:00:00,1
2010-07-15 00:00:00,2010-07-15 00:00:00,12.25,2010-07-15 00:00:00,11.75,12,561,2414100,29136350,2010-07-15 00:00:00,1
2010-07-16 00:00:00,2010-07-16 00:00:00,12.25,2010-07-16 00:00:00,11.5,11.5,170,659200,7828700,2010-07-16 00:00:00,1
2010-07-19 00:00:00,2010-07-19 00:00:00,11.75,2010-07-19 00:00:00,11.5,11.75,92,291600,3412225,2010-07-19 00:00:00,1
2010-07-20 00:00:00,2010-07-20 00:00:00,13.75,2010-07-20 00:00:00,11.5,13.25,776,4953900,63307725,2010-07-20 00:00:00,1
2010-07-21 00:00:00,2010-07-21 00:00:00,14,2010-07-21 00:00:00,12.75,13.5,683,4219700,56850675,2010-07-21 00:00:00,1
2010-07-22 00:00:00,2010-07-22 00:00:00,13.5,2010-07-22 00:00:00,12.75,12.75,340,1131500,14792750,2010-07-22 00:00:00,1
2010-07-23 00:00:00,2010-07-23 00:00:00,13,2010-07-23 00:00:00,12.75,12.75,124,362800,4653100,2010-07-23 00:00:00,1
2010-07-26 00:00:00,2010-07-26 00:00:00,13.25,2010-07-26 00:00:00,12.75,12.75,236,832500,10726075,2010-07-26 00:00:00,1
2010-07-27 00:00:00,2010-07-27 00:00:00,13,2010-07-27 00:00:00,12.5,12.75,227,895000,11391975,2010-07-27 00:00:00,1
2010-07-28 00:00:00,2010-07-28 00:00:00,13.25,2010-07-28 00:00:00,12.75,13,201,990900,12856850,2010-07-28 00:00:00,1
2010-07-29 00:00:00,2010-07-29 00:00:00,13.25,2010-07-29 00:00:00,12.75,13,156,1076300,13927550,2010-07-29 00:00:00,1
2010-07-30 00:00:00,2010-07-30 00:00:00,13,2010-07-30 00:00:00,12.5,12.75,143,469400,5905700,2010-07-30 00:00:00,1
2010-08-02 00:00:00,2010-08-02 00:00:00,13,2010-08-02 00:00:00,12.3,12.8,101,795700,10165770,2010-08-02 00:00:00,1
2010-08-03 00:00:00,2010-08-03 00:00:00,12.9,2010-08-03 00:00:00,12,12.2,92,762000,9426740,2010-08-03 00:00:00,1
2010-08-04 00:00:00,2010-08-04 00:00:00,13.2,2010-08-04 00:00:00,12.1,13.1,127,805700,10373730,2010-08-04 00:00:00,1
2010-08-05 00:00:00,2010-08-05 00:00:00,13.5,2010-08-05 00:00:00,12,12.7,182,811500,9953450,2010-08-05 00:00:00,1
2010-08-06 00:00:00,2010-08-06 00:00:00,12.9,2010-08-06 00:00:00,12,12.3,107,239900,2941560,2010-08-06 00:00:00,1
2010-08-09 00:00:00,2010-08-09 00:00:00,12.3,2010-08-09 00:00:00,11.1,11.2,333,1393400,15732670,2010-08-09 00:00:00,1
2010-08-10 00:00:00,2010-08-10 00:00:00,12.3,2010-08-10 00:00:00,10.3,12.3,310,1463900,17330390,2010-08-10 00:00:00,1
2010-08-11 00:00:00,2010-08-11 00:00:00,13,2010-08-11 00:00:00,12,12.2,229,855500,10532150,2010-08-11 00:00:00,1
2010-08-12 00:00:00,2010-08-12 00:00:00,12.2,2010-08-12 00:00:00,11.7,12.1,97,185100,2229080,2010-08-12 00:00:00,1
2010-08-13 00:00:00,2010-08-13 00:00:00,12.5,2010-08-13 00:00:00,12.1,12.3,90,502600,6176630,2010-08-13 00:00:00,1
2010-08-16 00:00:00,2010-08-16 00:00:00,12.8,2010-08-16 00:00:00,12.1,12.3,71,310600,3806340,2010-08-16 00:00:00,1
2010-08-17 00:00:00,2010-08-17 00:00:00,12.7,2010-08-17 00:00:00,12.1,12.4,116,279300,3472410,2010-08-17 00:00:00,1
2010-08-18 00:00:00,2010-08-18 00:00:00,12.9,2010-08-18 00:00:00,12.5,12.7,169,417600,5302040,2010-08-18 00:00:00,1
2010-08-19 00:00:00,2010-08-19 00:00:00,13.9,2010-08-19 00:00:00,12.7,13.9,754,4968600,67524150,2010-08-19 00:00:00,1
2010-08-20 00:00:00,2010-08-20 00:00:00,15.2,2010-08-20 00:00:00,13.5,14,687,2495700,34904410,2010-08-20 00:00:00,1
2010-08-23 00:00:00,2010-08-23 00:00:00,13.9,2010-08-23 00:00:00,13.5,13.7,169,392700,5367780,2010-08-23 00:00:00,1
2010-08-25 00:00:00,2010-08-25 00:00:00,14,2010-08-25 00:00:00,13.6,13.8,240,640400,8843940,2010-08-25 00:00:00,1
2010-08-26 00:00:00,2010-08-26 00:00:00,13.9,2010-08-26 00:00:00,13.5,13.7,124,346500,4710600,2010-08-26 00:00:00,1
2010-08-27 00:00:00,2010-08-27 00:00:00,14.6,2010-08-27 00:00:00,13.7,14.3,505,1891900,26802100,2010-08-27 00:00:00,1
2010-08-30 00:00:00,2010-08-30 00:00:00,15,2010-08-30 00:00:00,14,14.3,459,1523700,22064610,2010-08-30 00:00:00,1
2010-08-31 00:00:00,2010-08-31 00:00:00,14.7,2010-08-31 00:00:00,13.8,14.1,260,736300,10348190,2010-08-31 00:00:00,1
2010-09-01 00:00:00,2010-09-01 00:00:00,14.5,2010-09-01 00:00:00,13.9,13.9,168,466700,6549340,2010-09-01 00:00:00,1
2010-09-02 00:00:00,2010-09-02 00:00:00,14.2,2010-09-02 00:00:00,13.9,14,292,866900,12155920,2010-09-02 00:00:00,1
2010-09-03 00:00:00,2010-09-03 00:00:00,14.5,2010-09-03 00:00:00,13.8,13.9,209,681000,9474190,2010-09-03 00:00:00,1
2010-09-06 00:00:00,2010-09-06 00:00:00,14.3,2010-09-06 00:00:00,13.8,14,217,892300,12492390,2010-09-06 00:00:00,1
2010-09-07 00:00:00,2010-09-07 00:00:00,14.3,2010-09-07 00:00:00,13.9,14.1,164,574700,8033350,2010-09-07 00:00:00,1
2010-09-08 00:00:00,2010-09-08 00:00:00,14.4,2010-09-08 00:00:00,13.9,14,249,1110900,15699640,2010-09-08 00:00:00,1
2010-09-09 00:00:00,2010-09-09 00:00:00,14.1,2010-09-09 00:00:00,13.8,13.9,135,395800,5518780,2010-09-09 00:00:00,1
2010-09-13 00:00:00,2010-09-13 00:00:00,14,2010-09-13 00:00:00,13.8,13.8,61,102300,1416260,2010-09-13 00:00:00,1
2010-09-14 00:00:00,2010-09-14 00:00:00,13.9,2010-09-14 00:00:00,13.5,13.7,111,230000,3147180,2010-09-14 00:00:00,1
2010-09-15 00:00:00,2010-09-15 00:00:00,14,2010-09-15 00:00:00,13,13.5,211,661800,8969920,2010-09-15 00:00:00,1
2010-09-16 00:00:00,2010-09-16 00:00:00,14,2010-09-16 00:00:00,13.4,13.5,152,541700,7387470,2010-09-16 00:00:00,1
2010-09-17 00:00:00,2010-09-17 00:00:00,14,2010-09-17 00:00:00,13.4,13.9,178,784200,10861410,2010-09-17 00:00:00,1
2010-09-20 00:00:00,2010-09-20 00:00:00,14.5,2010-09-20 00:00:00,13.9,14,122,455300,6384750,2010-09-20 00:00:00,1
2010-09-21 00:00:00,2010-09-21 00:00:00,14.1,2010-09-21 00:00:00,13.5,13.9,99,387900,5389180,2010-09-21 00:00:00,1
2010-09-23 00:00:00,2010-09-23 00:00:00,15.1,2010-09-23 00:00:00,13.9,14.2,252,1443900,20366950,2010-09-23 00:00:00,1
2010-09-24 00:00:00,2010-09-24 00:00:00,14.1,2010-09-24 00:00:00,13.7,13.8,121,540900,7564550,2010-09-24 00:00:00,1
2010-09-27 00:00:00,2010-09-27 00:00:00,14.1,2010-09-27 00:00:00,13.6,13.7,111,325900,4498380,2010-09-27 00:00:00,1
2010-09-28 00:00:00,2010-09-28 00:00:00,13.9,2010-09-28 00:00:00,13.5,13.6,119,500800,6844360,2010-09-28 00:00:00,1
2010-09-29 00:00:00,2010-09-29 00:00:00,18.3,2010-09-29 00:00:00,13.8,16.8,2174,8364900,135581790,2010-09-29 00:00:00,1
2010-09-30 00:00:00,2010-09-30 00:00:00,18.1,2010-09-30 00:00:00,15.4,17.2,924,3068100,53225950,2010-09-30 00:00:00,1
2010-10-01 00:00:00,2010-10-01 00:00:00,17.5,2010-10-01 00:00:00,16.5,16.6,287,569100,9578830,2010-10-01 00:00:00,1
2010-10-04 00:00:00,2010-10-04 00:00:00,16.9,2010-10-04 00:00:00,15.6,16.1,260,606000,9783010,2010-10-04 00:00:00,1
2010-10-05 00:00:00,2010-10-05 00:00:00,16.9,2010-10-05 00:00:00,15.7,15.8,203,447000,7127820,2010-10-05 00:00:00,1
2010-10-06 00:00:00,2010-10-06 00:00:00,16.3,2010-10-06 00:00:00,15.1,15.2,194,439800,6808890,2010-10-06 00:00:00,1
2010-10-07 00:00:00,2010-10-07 00:00:00,15.5,2010-10-07 00:00:00,14.5,15.1,293,953700,14199670,2010-10-07 00:00:00,1
2010-10-08 00:00:00,2010-10-08 00:00:00,16,2010-10-08 00:00:00,14.5,15.8,213,630300,9764460,2010-10-08 00:00:00,1
2010-10-11 00:00:00,2010-10-11 00:00:00,16,2010-10-11 00:00:00,15.5,15.7,137,362800,5736980,2010-10-11 00:00:00,1
2010-10-12 00:00:00,2010-10-12 00:00:00,15.5,2010-10-12 00:00:00,14.5,14.6,115,374600,5590510,2010-10-12 00:00:00,1
2010-10-13 00:00:00,2010-10-13 00:00:00,15.2,2010-10-13 00:00:00,13.9,14.8,224,665800,9587320,2010-10-13 00:00:00,1
2010-10-14 00:00:00,2010-10-14 00:00:00,15.2,2010-10-14 00:00:00,14.5,14.5,128,350000,5190710,2010-10-14 00:00:00,1
2010-10-15 00:00:00,2010-10-15 00:00:00,14.8,2010-10-15 00:00:00,14.1,14.5,79,111200,1600760,2010-10-15 00:00:00,1
2010-10-18 00:00:00,2010-10-18 00:00:00,14.9,2010-10-18 00:00:00,14.5,14.6,47,60700,888680,2010-10-18 00:00:00,1
2010-10-19 00:00:00,2010-10-19 00:00:00,14.8,2010-10-19 00:00:00,14.2,14.4,95,233500,3354880,2010-10-19 00:00:00,1
2010-10-20 00:00:00,2010-10-20 00:00:00,14.8,2010-10-20 00:00:00,14.5,14.6,61,102700,1503130,2010-10-20 00:00:00,1
2010-10-21 00:00:00,2010-10-21 00:00:00,15.7,2010-10-21 00:00:00,14.5,15.5,478,1274800,19607990,2010-10-21 00:00:00,1
2010-10-25 00:00:00,2010-10-25 00:00:00,15.6,2010-10-25 00:00:00,14.9,15,90,152400,2327540,2010-10-25 00:00:00,1
2010-10-26 00:00:00,2010-10-26 00:00:00,15,2010-10-26 00:00:00,14.5,14.6,90,145700,2136560,2010-10-26 00:00:00,1
2010-10-27 00:00:00,2010-10-27 00:00:00,14.9,2010-10-27 00:00:00,14.6,14.8,82,235000,3453710,2010-10-27 00:00:00,1
2010-10-28 00:00:00,2010-10-28 00:00:00,15,2010-10-28 00:00:00,14.7,14.7,42,60900,901360,2010-10-28 00:00:00,1
2010-10-29 00:00:00,2010-10-29 00:00:00,15.2,2010-10-29 00:00:00,14.8,14.9,106,246800,3720130,2010-10-29 00:00:00,1
2010-11-01 00:00:00,2010-11-01 00:00:00,15.5,2010-11-01 00:00:00,14.8,15.3,114,123200,1876750,2010-11-01 00:00:00,1
2010-11-02 00:00:00,2010-11-02 00:00:00,15.3,2010-11-02 00:00:00,15,15.1,43,45300,684410,2010-11-02 00:00:00,1
2010-11-03 00:00:00,2010-11-03 00:00:00,15.1,2010-11-03 00:00:00,14.9,15,66,120100,1803020,2010-11-03 00:00:00,1
2010-11-04 00:00:00,2010-11-04 00:00:00,15.2,2010-11-04 00:00:00,14.9,14.9,39,51300,767360,2010-11-04 00:00:00,1
2010-11-08 00:00:00,2010-11-08 00:00:00,15.2,2010-11-08 00:00:00,14.7,14.8,68,81000,1201810,2010-11-08 00:00:00,1
2010-11-09 00:00:00,2010-11-09 00:00:00,14.9,2010-11-09 00:00:00,14.6,14.6,54,58900,863640,2010-11-09 00:00:00,1
2010-11-10 00:00:00,2010-11-10 00:00:00,14.8,2010-11-10 00:00:00,14.4,14.4,77,79000,1146620,2010-11-10 00:00:00,1
2010-11-11 00:00:00,2010-11-11 00:00:00,14.8,2010-11-11 00:00:00,14.5,14.7,30,33700,493740,2010-11-11 00:00:00,1
2010-11-12 00:00:00,2010-11-12 00:00:00,14.7,2010-11-12 00:00:00,14.5,14.6,50,57700,844020,2010-11-12 00:00:00,1
2010-11-15 00:00:00,2010-11-15 00:00:00,14.5,2010-11-15 00:00:00,14,14.1,52,78300,1113170,2010-11-15 00:00:00,1
2010-11-16 00:00:00,2010-11-16 00:00:00,14.3,2010-11-16 00:00:00,13.9,14,96,157500,2205870,2010-11-16 00:00:00,1
2010-11-18 00:00:00,2010-11-18 00:00:00,14.5,2010-11-18 00:00:00,14.1,14.2,71,144800,2067420,2010-11-18 00:00:00,1
2010-11-22 00:00:00,2010-11-22 00:00:00,14.4,2010-11-22 00:00:00,14,14,45,75400,1074270,2010-11-22 00:00:00,1
2010-11-23 00:00:00,2010-11-23 00:00:00,14.3,2010-11-23 00:00:00,13.8,13.8,83,147300,2056120,2010-11-23 00:00:00,1
2010-11-24 00:00:00,2010-11-24 00:00:00,14.2,2010-11-24 00:00:00,13.9,14,70,322000,4518280,2010-11-24 00:00:00,1
2010-11-25 00:00:00,2010-11-25 00:00:00,14.1,2010-11-25 00:00:00,14,14,22,44200,620420,2010-11-25 00:00:00,1
2010-11-26 00:00:00,2010-11-26 00:00:00,14,2010-11-26 00:00:00,13.8,14,44,101300,1415100,2010-11-26 00:00:00,1
2010-11-29 00:00:00,2010-11-29 00:00:00,13.9,2010-11-29 00:00:00,13.7,13.7,42,55100,760680,2010-11-29 00:00:00,1
2010-11-30 00:00:00,2010-11-30 00:00:00,14.8,2010-11-30 00:00:00,13.9,14.5,109,381600,5501640,2010-11-30 00:00:00,1
2010-12-01 00:00:00,2010-12-01 00:00:00,14.7,2010-12-01 00:00:00,14.2,14.6,68,162800,2352730,2010-12-01 00:00:00,1
2010-12-02 00:00:00,2010-12-02 00:00:00,14.9,2010-12-02 00:00:00,14.2,14.5,47,51300,748410,2010-12-02 00:00:00,1
2010-12-03 00:00:00,2010-12-03 00:00:00,14.5,2010-12-03 00:00:00,14.2,14.5,17,20700,299430,2010-12-03 00:00:00,1
2010-12-06 00:00:00,2010-12-06 00:00:00,14.3,2010-12-06 00:00:00,14,14,35,35500,500280,2010-12-06 00:00:00,1
2010-12-07 00:00:00,2010-12-07 00:00:00,14,2010-12-07 00:00:00,13.9,14,14,12600,176310,2010-12-07 00:00:00,1
2010-12-08 00:00:00,2010-12-08 00:00:00,14.4,2010-12-08 00:00:00,13.9,13.9,24,27800,387810,2010-12-08 00:00:00,1
2010-12-09 00:00:00,2010-12-09 00:00:00,14.2,2010-12-09 00:00:00,13.9,14,29,47500,665210,2010-12-09 00:00:00,1
2010-12-10 00:00:00,2010-12-10 00:00:00,14.2,2010-12-10 00:00:00,13.9,14,35,85400,1198830,2010-12-10 00:00:00,1
2010-12-13 00:00:00,2010-12-13 00:00:00,14.1,2010-12-13 00:00:00,13.9,13.9,31,45400,635150,2010-12-13 00:00:00,1
2010-12-14 00:00:00,2010-12-14 00:00:00,14,2010-12-14 00:00:00,13.9,13.9,10,17000,237400,2010-12-14 00:00:00,1
2010-12-15 00:00:00,2010-12-15 00:00:00,14.1,2010-12-15 00:00:00,13.9,14,52,86000,1203870,2010-12-15 00:00:00,1
2010-12-16 00:00:00,2010-12-16 00:00:00,14,2010-12-16 00:00:00,13.8,13.9,22,24000,334230,2010-12-16 00:00:00,1
2010-12-17 00:00:00,2010-12-17 00:00:00,14,2010-12-17 00:00:00,13.9,14,2,5800,81100,2010-12-17 00:00:00,1
2010-12-21 00:00:00,2010-12-21 00:00:00,14,2010-12-21 00:00:00,13.8,13.8,32,122500,1700600,2010-12-21 00:00:00,1
2010-12-22 00:00:00,2010-12-22 00:00:00,14.1,2010-12-22 00:00:00,13.8,14,47,197500,2763560,2010-12-22 00:00:00,1
2010-12-23 00:00:00,2010-12-23 00:00:00,14.7,2010-12-23 00:00:00,14.1,14.3,65,77000,1109300,2010-12-23 00:00:00,1
2010-12-24 00:00:00,2010-12-24 00:00:00,14.6,2010-12-24 00:00:00,14.4,14.5,27,36200,523710,2010-12-24 00:00:00,1
2010-12-27 00:00:00,2010-12-27 00:00:00,15.2,2010-12-27 00:00:00,14.5,15.1,247,689900,10318420,2010-12-27 00:00:00,1
2010-12-28 00:00:00,2010-12-28 00:00:00,15.4,2010-12-28 00:00:00,14.6,14.9,183,311000,4696240,2010-12-28 00:00:00,1
2010-12-29 00:00:00,2010-12-29 00:00:00,14.9,2010-12-29 00:00:00,14.7,14.8,62,179100,2649210,2010-12-29 00:00:00,1
2010-12-30 00:00:00,2010-12-30 00:00:00,14.7,2010-12-30 00:00:00,13.8,14.6,165,643300,9162290,2010-12-30 00:00:00,1
2010-12-31 00:00:00,2010-12-31 00:00:00,14.9,2010-12-31 00:00:00,14.6,14.8,71,108700,1605830,2010-12-31 00:00:00,1
Company Id,:  MASK,Security,Type :  N,Sub Type,:  0000,,,,,
Short Name,:  MASKELIYA,,,,,,,,,
Day,Date High,High,Date Low,Low,Closing,No. of Trades,No. of Shares,Turnover,Last Traded,Days Traded
2010-01-04 00:00:00,2010-01-04 00:00:00,18.75,2010-01-04 00:00:00,18.25,18.25,15,20700,379975,2010-01-04 00:00:00,1
2010-01-05 00:00:00,2010-01-05 00:00:00,18.75,2010-01-05 00:00:00,18.5,18.5,6,6300,116900,2010-01-05 00:00:00,1
2010-01-06 00:00:00,2010-01-06 00:00:00,18.5,2010-01-06 00:00:00,18,18.5,11,9200,169500,2010-01-06 00:00:00,1
2010-01-07 00:00:00,2010-01-07 00:00:00,18.75,2010-01-07 00:00:00,18,18.5,9,18100,333975,2010-01-07 00:00:00,1
2010-01-08 00:00:00,2010-01-08 00:00:00,19.75,2010-01-08 00:00:00,18.5,19.25,46,74300,1434600,2010-01-08 00:00:00,1
2010-01-11 00:00:00,2010-01-11 00:00:00,20.25,2010-01-11 00:00:00,19.5,19.5,58,94700,1892425,2010-01-11 00:00:00,1
2010-01-12 00:00:00,2010-01-12 00:00:00,20.25,2010-01-12 00:00:00,19.5,19.75,62,79400,1586400,2010-01-12 00:00:00,1
2010-01-13 00:00:00,2010-01-13 00:00:00,20,2010-01-13 00:00:00,19.5,19.75,15,19100,373425,2010-01-13 00:00:00,1
2010-01-15 00:00:00,2010-01-15 00:00:00,21,2010-01-15 00:00:00,19.75,20.25,79,112900,2289975,2010-01-15 00:00:00,1
2010-01-18 00:00:00,2010-01-18 00:00:00,21.25,2010-01-18 00:00:00,20.5,21,93,274600,5763675,2010-01-18 00:00:00,1
2010-01-19 00:00:00,2010-01-19 00:00:00,22.75,2010-01-19 00:00:00,21,22,441,1042800,22787675,2010-01-19 00:00:00,1
2010-01-20 00:00:00,2010-01-20 00:00:00,25.25,2010-01-20 00:00:00,22,24.5,636,1360500,31993100,2010-01-20 00:00:00,1
2010-01-21 00:00:00,2010-01-21 00:00:00,27.25,2010-01-21 00:00:00,23.5,23.75,598,1020300,26135650,2010-01-21 00:00:00,1
2010-01-22 00:00:00,2010-01-22 00:00:00,23.5,2010-01-22 00:00:00,22.5,23,75,137100,3136775,2010-01-22 00:00:00,1
2010-01-25 00:00:00,2010-01-25 00:00:00,24.25,2010-01-25 00:00:00,23,23.75,93,218600,5175100,2010-01-25 00:00:00,1
2010-01-26 00:00:00,2010-01-26 00:00:00,25,2010-01-26 00:00:00,23.75,24.75,119,279500,6860350,2010-01-26 00:00:00,1
2010-01-28 00:00:00,2010-01-28 00:00:00,25.5,2010-01-28 00:00:00,23.25,25,149,272200,6749425,2010-01-28 00:00:00,1
2010-02-01 00:00:00,2010-02-01 00:00:00,27.25,2010-02-01 00:00:00,25,26.5,177,281300,7402850,2010-02-01 00:00:00,1
2010-02-02 00:00:00,2010-02-02 00:00:00,28.75,2010-02-02 00:00:00,26.5,27,245,441000,12037300,2010-02-02 00:00:00,1
2010-02-03 00:00:00,2010-02-03 00:00:00,27,2010-02-03 00:00:00,25.5,26.5,106,167700,4408150,2010-02-03 00:00:00,1
2010-02-05 00:00:00,2010-02-05 00:00:00,26,2010-02-05 00:00:00,25.25,25.75,20,23600,604225,2010-02-05 00:00:00,1
2010-02-08 00:00:00,2010-02-08 00:00:00,27.5,2010-02-08 00:00:00,25.25,26.75,127,269500,7235750,2010-02-08 00:00:00,1
2010-02-09 00:00:00,2010-02-09 00:00:00,26.75,2010-02-09 00:00:00,25,26.75,38,101700,2686600,2010-02-09 00:00:00,1
2010-02-10 00:00:00,2010-02-10 00:00:00,26.5,2010-02-10 00:00:00,25.25,25.25,12,7000,176900,2010-02-10 00:00:00,1
2010-02-11 00:00:00,2010-02-11 00:00:00,25.5,2010-02-11 00:00:00,24.5,24.75,36,68700,1716975,2010-02-11 00:00:00,1
2010-02-12 00:00:00,2010-02-12 00:00:00,28,2010-02-12 00:00:00,26,27.25,363,577000,15756075,2010-02-12 00:00:00,1
2010-02-15 00:00:00,2010-02-15 00:00:00,28,2010-02-15 00:00:00,26.75,27,52,234600,6482575,2010-02-15 00:00:00,1
2010-02-16 00:00:00,2010-02-16 00:00:00,26.5,2010-02-16 00:00:00,25.5,25.75,26,19100,496250,2010-02-16 00:00:00,1
2010-02-17 00:00:00,2010-02-17 00:00:00,26,2010-02-17 00:00:00,25.5,25.75,16,13600,349950,2010-02-17 00:00:00,1
2010-02-18 00:00:00,2010-02-18 00:00:00,26.5,2010-02-18 00:00:00,25.5,26.25,26,26900,703125,2010-02-18 00:00:00,1
2010-02-19 00:00:00,2010-02-19 00:00:00,32.25,2010-02-19 00:00:00,26.25,30.25,762,2088400,61982000,2010-02-19 00:00:00,1
2010-02-22 00:00:00,2010-02-22 00:00:00,35.5,2010-02-22 00:00:00,31,33.75,843,1777900,59985600,2010-02-22 00:00:00,1
2010-02-23 00:00:00,2010-02-23 00:00:00,35.5,2010-02-23 00:00:00,32.5,32.75,231,283100,9521700,2010-02-23 00:00:00,1
2010-02-24 00:00:00,2010-02-24 00:00:00,33.5,2010-02-24 00:00:00,31.5,33,128,401200,13110025,2010-02-24 00:00:00,1
2010-02-25 00:00:00,2010-02-25 00:00:00,37,2010-02-25 00:00:00,33.25,35.25,434,1187100,42265150,2010-02-25 00:00:00,1
2010-02-26 00:00:00,2010-02-26 00:00:00,36.25,2010-02-26 00:00:00,35,35.5,66,188100,6720875,2010-02-26 00:00:00,1
2010-03-01 00:00:00,2010-03-01 00:00:00,35.5,2010-03-01 00:00:00,32,32.5,124,197400,6568350,2010-03-01 00:00:00,1
2010-03-02 00:00:00,2010-03-02 00:00:00,33.5,2010-03-02 00:00:00,31.75,32,60,150300,4831125,2010-03-02 00:00:00,1
2010-03-03 00:00:00,2010-03-03 00:00:00,32.25,2010-03-03 00:00:00,31,31.75,23,22800,719175,2010-03-03 00:00:00,1
2010-03-04 00:00:00,2010-03-04 00:00:00,32.5,2010-03-04 00:00:00,32,32,47,65900,2127500,2010-03-04 00:00:00,1
2010-03-05 00:00:00,2010-03-05 00:00:00,32,2010-03-05 00:00:00,31.5,31.5,28,56100,1793075,2010-03-05 00:00:00,1
2010-03-08 00:00:00,2010-03-08 00:00:00,31.5,2010-03-08 00:00:00,31,31.5,15,36400,1133275,2010-03-08 00:00:00,1
2010-03-09 00:00:00,2010-03-09 00:00:00,31.5,2010-03-09 00:00:00,30.5,31,24,25800,797300,2010-03-09 00:00:00,1
2010-03-10 00:00:00,2010-03-10 00:00:00,33.5,2010-03-10 00:00:00,30.25,32.75,121,145100,4704400,2010-03-10 00:00:00,1
2010-03-11 00:00:00,2010-03-11 00:00:00,32.75,2010-03-11 00:00:00,32,32.25,11,9600,310800,2010-03-11 00:00:00,1
2010-03-12 00:00:00,2010-03-12 00:00:00,33.25,2010-03-12 00:00:00,32.25,32.5,43,62800,2045800,2010-03-12 00:00:00,1
2010-03-15 00:00:00,2010-03-15 00:00:00,33,2010-03-15 00:00:00,32,32,19,32700,1047475,2010-03-15 00:00:00,1
2010-03-16 00:00:00,2010-03-16 00:00:00,32.5,2010-03-16 00:00:00,30,30.25,69,307000,9361050,2010-03-16 00:00:00,1
2010-03-17 00:00:00,2010-03-17 00:00:00,31,2010-03-17 00:00:00,29.75,30,24,22400,672075,2010-03-17 00:00:00,1
2010-03-18 00:00:00,2010-03-18 00:00:00,32.25,2010-03-18 00:00:00,31,31.5,26,108800,3376500,2010-03-18 00:00:00,1
2010-03-19 00:00:00,2010-03-19 00:00:00,31,2010-03-19 00:00:00,30,30,33,117500,3525250,2010-03-19 00:00:00,1
2010-03-22 00:00:00,2010-03-22 00:00:00,31,2010-03-22 00:00:00,30,30,18,19400,582425,2010-03-22 00:00:00,1
2010-03-23 00:00:00,2010-03-23 00:00:00,30.5,2010-03-23 00:00:00,29.75,30,17,19900,596575,2010-03-23 00:00:00,1
2010-03-24 00:00:00,2010-03-24 00:00:00,30.5,2010-03-24 00:00:00,29.5,30,11,17400,521825,2010-03-24 00:00:00,1
2010-03-25 00:00:00,2010-03-25 00:00:00,30,2010-03-25 00:00:00,28.75,29.75,50,89900,2678725,2010-03-25 00:00:00,1
2010-03-26 00:00:00,2010-03-26 00:00:00,30,2010-03-26 00:00:00,29.5,29.75,31,48500,1442650,2010-03-26 00:00:00,1
2010-03-30 00:00:00,2010-03-30 00:00:00,30,2010-03-30 00:00:00,29,29.75,9,7400,219575,2010-03-30 00:00:00,1
2010-03-31 00:00:00,2010-03-31 00:00:00,30,2010-03-31 00:00:00,28.5,29.75,18,18300,536750,2010-03-31 00:00:00,1
2010-04-01 00:00:00,2010-04-01 00:00:00,30,2010-04-01 00:00:00,29,29.5,12,5200,154150,2010-04-01 00:00:00,1
2010-04-05 00:00:00,2010-04-05 00:00:00,31.5,2010-04-05 00:00:00,29,30.25,67,51400,1562125,2010-04-05 00:00:00,1
2010-04-06 00:00:00,2010-04-06 00:00:00,32,2010-04-06 00:00:00,30.25,31,88,156400,4807100,2010-04-06 00:00:00,1
2010-04-07 00:00:00,2010-04-07 00:00:00,31.5,2010-04-07 00:00:00,30.5,30.75,34,18900,590225,2010-04-07 00:00:00,1
2010-04-08 00:00:00,2010-04-08 00:00:00,31.75,2010-04-08 00:00:00,30.5,31.25,16,55600,1737225,2010-04-08 00:00:00,1
2010-04-12 00:00:00,2010-04-12 00:00:00,31.75,2010-04-12 00:00:00,30.5,30.75,15,9400,291950,2010-04-12 00:00:00,1
2010-04-15 00:00:00,2010-04-15 00:00:00,31.25,2010-04-15 00:00:00,30.5,30.75,20,13000,401675,2010-04-15 00:00:00,1
2010-04-16 00:00:00,2010-04-16 00:00:00,31.5,2010-04-16 00:00:00,30.5,30.75,27,29600,910400,2010-04-16 00:00:00,1
2010-04-19 00:00:00,2010-04-19 00:00:00,30.75,2010-04-19 00:00:00,30,30.25,22,20100,609600,2010-04-19 00:00:00,1
2010-04-20 00:00:00,2010-04-20 00:00:00,33,2010-04-20 00:00:00,30.5,32.5,191,244700,7852575,2010-04-20 00:00:00,1
2010-04-21 00:00:00,2010-04-21 00:00:00,33.25,2010-04-21 00:00:00,30.25,31.25,196,244600,7899450,2010-04-21 00:00:00,1
2010-04-22 00:00:00,2010-04-22 00:00:00,32.25,2010-04-22 00:00:00,31.25,31.25,25,27800,877700,2010-04-22 00:00:00,1
2010-04-23 00:00:00,2010-04-23 00:00:00,31.25,2010-04-23 00:00:00,30.25,30.5,119,137900,4205725,2010-04-23 00:00:00,1
2010-04-26 00:00:00,2010-04-26 00:00:00,31.5,2010-04-26 00:00:00,30.75,31,59,125600,3904475,2010-04-26 00:00:00,1
2010-04-27 00:00:00,2010-04-27 00:00:00,31.75,2010-04-27 00:00:00,31,31,46,65600,2043950,2010-04-27 00:00:00,1
2010-04-29 00:00:00,2010-04-29 00:00:00,32.5,2010-04-29 00:00:00,30.75,31.75,35,134600,4308225,2010-04-29 00:00:00,1
2010-04-30 00:00:00,2010-04-30 00:00:00,32,2010-04-30 00:00:00,31.5,32,13,16100,512800,2010-04-30 00:00:00,1
2010-05-03 00:00:00,2010-05-03 00:00:00,32.5,2010-05-03 00:00:00,31.25,31.5,21,25800,813475,2010-05-03 00:00:00,1
2010-05-04 00:00:00,2010-05-04 00:00:00,32,2010-05-04 00:00:00,30.25,30.5,29,34900,1069500,2010-05-04 00:00:00,1
2010-05-05 00:00:00,2010-05-05 00:00:00,31.75,2010-05-05 00:00:00,30,30,45,66600,2006750,2010-05-05 00:00:00,1
2010-05-06 00:00:00,2010-05-06 00:00:00,30.25,2010-05-06 00:00:00,29.75,29.75,29,27100,812825,2010-05-06 00:00:00,1
2010-05-07 00:00:00,2010-05-07 00:00:00,30.25,2010-05-07 00:00:00,29,29.25,76,162800,4780225,2010-05-07 00:00:00,1
2010-05-10 00:00:00,2010-05-10 00:00:00,31.5,2010-05-10 00:00:00,29,29,69,107700,3218500,2010-05-10 00:00:00,1
2010-05-11 00:00:00,2010-05-11 00:00:00,29.5,2010-05-11 00:00:00,29,29,17,22600,656150,2010-05-11 00:00:00,1
2010-05-12 00:00:00,2010-05-12 00:00:00,30,2010-05-12 00:00:00,28.75,29,22,26800,781225,2010-05-12 00:00:00,1
2010-05-13 00:00:00,2010-05-13 00:00:00,30.25,2010-05-13 00:00:00,29,30,32,54800,1640775,2010-05-13 00:00:00,1
2010-05-14 00:00:00,2010-05-14 00:00:00,29.75,2010-05-14 00:00:00,29.5,29.5,8,8100,240650,2010-05-14 00:00:00,1
2010-05-17 00:00:00,2010-05-17 00:00:00,29.75,2010-05-17 00:00:00,29,29.5,12,11800,345900,2010-05-17 00:00:00,1
2010-05-18 00:00:00,2010-05-18 00:00:00,29.75,2010-05-18 00:00:00,29,29.25,19,40800,1197575,2010-05-18 00:00:00,1
2010-05-19 00:00:00,2010-05-19 00:00:00,32,2010-05-19 00:00:00,28.75,28.75,67,396900,11785425,2010-05-19 00:00:00,1
2010-05-20 00:00:00,2010-05-20 00:00:00,31,2010-05-20 00:00:00,29.75,30,21,270600,8365075,2010-05-20 00:00:00,1
2010-05-21 00:00:00,2010-05-21 00:00:00,29.75,2010-05-21 00:00:00,29,29,16,12000,351875,2010-05-21 00:00:00,1
2010-05-24 00:00:00,2010-05-24 00:00:00,29,2010-05-24 00:00:00,28.25,28.75,29,45400,1300800,2010-05-24 00:00:00,1
2010-05-25 00:00:00,2010-05-25 00:00:00,29,2010-05-25 00:00:00,28.25,28.25,7,4000,114050,2010-05-25 00:00:00,1
2010-05-26 00:00:00,2010-05-26 00:00:00,28.5,2010-05-26 00:00:00,28.5,28.5,4,1600,45600,2010-05-26 00:00:00,1
2010-05-31 00:00:00,2010-05-31 00:00:00,31,2010-05-31 00:00:00,28,28.25,103,120800,3451125,2010-05-31 00:00:00,1
2010-06-01 00:00:00,2010-06-01 00:00:00,28,2010-06-01 00:00:00,26.75,27,265,654300,17685250,2010-06-01 00:00:00,1
2010-06-02 00:00:00,2010-06-02 00:00:00,27.5,2010-06-02 00:00:00,26.5,27,28,72100,1919200,2010-06-02 00:00:00,1
2010-06-03 00:00:00,2010-06-03 00:00:00,27.5,2010-06-03 00:00:00,26,27,43,110800,2930850,2010-06-03 00:00:00,1
2010-06-04 00:00:00,2010-06-04 00:00:00,27.75,2010-06-04 00:00:00,27,27.5,14,5800,158025,2010-06-04 00:00:00,1
2010-06-07 00:00:00,2010-06-07 00:00:00,27,2010-06-07 00:00:00,26.5,26.5,24,23300,620925,2010-06-07 00:00:00,1
2010-06-08 00:00:00,2010-06-08 00:00:00,27.5,2010-06-08 00:00:00,26.75,27.25,10,7500,204775,2010-06-08 00:00:00,1
2010-06-09 00:00:00,2010-06-09 00:00:00,27.25,2010-06-09 00:00:00,27,27,4,4300,116175,2010-06-09 00:00:00,1
2010-06-10 00:00:00,2010-06-10 00:00:00,28,2010-06-10 00:00:00,27.25,28,16,14600,404250,2010-06-10 00:00:00,1
2010-06-11 00:00:00,2010-06-11 00:00:00,27.25,2010-06-11 00:00:00,26.75,26.75,22,12400,334450,2010-06-11 00:00:00,1
2010-06-14 00:00:00,2010-06-14 00:00:00,28,2010-06-14 00:00:00,27.25,27.25,18,30600,839350,2010-06-14 00:00:00,1
2010-06-15 00:00:00,2010-06-15 00:00:00,27.25,2010-06-15 00:00:00,26.75,27,18,25700,692675,2010-06-15 00:00:00,1
2010-06-16 00:00:00,2010-06-16 00:00:00,28,2010-06-16 00:00:00,27,27.5,37,39400,1084300,2010-06-16 00:00:00,1
2010-06-17 00:00:00,2010-06-17 00:00:00,28,2010-06-17 00:00:00,27.5,28,11,31400,873075,2010-06-17 00:00:00,1
2010-06-21 00:00:00,2010-06-21 00:00:00,28.75,2010-06-21 00:00:00,27.5,28.5,38,65700,1869125,2010-06-21 00:00:00,1
2010-06-22 00:00:00,2010-06-22 00:00:00,29,2010-06-22 00:00:00,28,28,22,25400,713900,2010-06-22 00:00:00,1
2010-06-23 00:00:00,2010-06-23 00:00:00,28,2010-06-23 00:00:00,28,28,4,10300,288400,2010-06-23 00:00:00,1
2010-06-24 00:00:00,2010-06-24 00:00:00,28.25,2010-06-24 00:00:00,27.5,27.75,10,7400,205575,2010-06-24 00:00:00,1
2010-06-28 00:00:00,2010-06-28 00:00:00,27.75,2010-06-28 00:00:00,27.5,27.5,11,6100,167825,2010-06-28 00:00:00,1
2010-06-29 00:00:00,2010-06-29 00:00:00,28.75,2010-06-29 00:00:00,27.75,28,34,133700,3805875,2010-06-29 00:00:00,1
2010-06-30 00:00:00,2010-06-30 00:00:00,30,2010-06-30 00:00:00,27.75,28.5,182,384300,11295725,2010-06-30 00:00:00,1
2010-07-01 00:00:00,2010-07-01 00:00:00,29.5,2010-07-01 00:00:00,27.5,28,29,37700,1071575,2010-07-01 00:00:00,1
2010-07-02 00:00:00,2010-07-02 00:00:00,29,2010-07-02 00:00:00,27.75,29,24,58900,1702250,2010-07-02 00:00:00,1
2010-07-05 00:00:00,2010-07-05 00:00:00,29.75,2010-07-05 00:00:00,28.5,29,79,91100,2659375,2010-07-05 00:00:00,1
2010-07-06 00:00:00,2010-07-06 00:00:00,29.75,2010-07-06 00:00:00,28.5,28.5,89,124000,3624600,2010-07-06 00:00:00,1
2010-07-07 00:00:00,2010-07-07 00:00:00,28.25,2010-07-07 00:00:00,26.25,26.75,43,58300,1576050,2010-07-07 00:00:00,1
2010-07-08 00:00:00,2010-07-08 00:00:00,28.5,2010-07-08 00:00:00,27.75,28,44,45900,1305950,2010-07-08 00:00:00,1
2010-07-09 00:00:00,2010-07-09 00:00:00,27.75,2010-07-09 00:00:00,27.25,27.5,13,8600,237575,2010-07-09 00:00:00,1
2010-07-12 00:00:00,2010-07-12 00:00:00,29.75,2010-07-12 00:00:00,28.25,29.25,131,569100,16542825,2010-07-12 00:00:00,1
2010-07-13 00:00:00,2010-07-13 00:00:00,30.75,2010-07-13 00:00:00,30,30.25,117,182300,5512150,2010-07-13 00:00:00,1
2010-07-14 00:00:00,2010-07-14 00:00:00,30.25,2010-07-14 00:00:00,29.5,30,47,86800,2597725,2010-07-14 00:00:00,1
2010-07-15 00:00:00,2010-07-15 00:00:00,30.5,2010-07-15 00:00:00,29,29.5,17,22300,656675,2010-07-15 00:00:00,1
2010-07-16 00:00:00,2010-07-16 00:00:00,30,2010-07-16 00:00:00,29,29.5,15,7000,205750,2010-07-16 00:00:00,1
2010-07-19 00:00:00,2010-07-19 00:00:00,30.75,2010-07-19 00:00:00,29,30,64,80000,2391050,2010-07-19 00:00:00,1
2010-07-20 00:00:00,2010-07-20 00:00:00,32.25,2010-07-20 00:00:00,29.25,30.25,35,60000,1818375,2010-07-20 00:00:00,1
2010-07-21 00:00:00,2010-07-21 00:00:00,30.5,2010-07-21 00:00:00,30,30,18,91700,2765275,2010-07-21 00:00:00,1
2010-07-22 00:00:00,2010-07-22 00:00:00,31,2010-07-22 00:00:00,29,29.25,17,26300,800650,2010-07-22 00:00:00,1
2010-07-23 00:00:00,2010-07-23 00:00:00,31.5,2010-07-23 00:00:00,29.5,31.25,141,241200,7442450,2010-07-23 00:00:00,1
2010-07-26 00:00:00,2010-07-26 00:00:00,34,2010-07-26 00:00:00,31.75,33.5,376,1251500,41353300,2010-07-26 00:00:00,1
2010-07-27 00:00:00,2010-07-27 00:00:00,34,2010-07-27 00:00:00,33.25,33.5,235,550000,18467400,2010-07-27 00:00:00,1
2010-07-28 00:00:00,2010-07-28 00:00:00,34,2010-07-28 00:00:00,33,33.5,150,298400,10007325,2010-07-28 00:00:00,1
2010-07-29 00:00:00,2010-07-29 00:00:00,33,2010-07-29 00:00:00,31.25,31.75,44,117600,3768725,2010-07-29 00:00:00,1
2010-07-30 00:00:00,2010-07-30 00:00:00,31.5,2010-07-30 00:00:00,31,31.5,17,24100,755650,2010-07-30 00:00:00,1
2010-08-02 00:00:00,2010-08-02 00:00:00,30.1,2010-08-02 00:00:00,29.7,30,28,23100,691800,2010-08-02 00:00:00,1
2010-08-03 00:00:00,2010-08-03 00:00:00,30.1,2010-08-03 00:00:00,29.5,29.7,22,40900,1223570,2010-08-03 00:00:00,1
2010-08-04 00:00:00,2010-08-04 00:00:00,30,2010-08-04 00:00:00,29.5,29.6,16,15300,457650,2010-08-04 00:00:00,1
2010-08-05 00:00:00,2010-08-05 00:00:00,29.5,2010-08-05 00:00:00,27.5,28.7,14,11500,331170,2010-08-05 00:00:00,1
2010-08-06 00:00:00,2010-08-06 00:00:00,28.6,2010-08-06 00:00:00,27.4,28.5,35,50500,1434530,2010-08-06 00:00:00,1
2010-08-09 00:00:00,2010-08-09 00:00:00,28.5,2010-08-09 00:00:00,27.1,27.2,14,8100,221510,2010-08-09 00:00:00,1
2010-08-10 00:00:00,2010-08-10 00:00:00,29.9,2010-08-10 00:00:00,24.5,29.2,52,73900,2085750,2010-08-10 00:00:00,1
2010-08-11 00:00:00,2010-08-11 00:00:00,29,2010-08-11 00:00:00,27.6,27.7,32,27200,759640,2010-08-11 00:00:00,1
2010-08-12 00:00:00,2010-08-12 00:00:00,30,2010-08-12 00:00:00,26.1,28,19,88100,2467680,2010-08-12 00:00:00,1
2010-08-13 00:00:00,2010-08-13 00:00:00,30,2010-08-13 00:00:00,28.3,29.2,44,106900,3202290,2010-08-13 00:00:00,1
2010-08-16 00:00:00,2010-08-16 00:00:00,30,2010-08-16 00:00:00,29.1,29.6,9,6300,186240,2010-08-16 00:00:00,1
2010-08-17 00:00:00,2010-08-17 00:00:00,29.5,2010-08-17 00:00:00,29,29.1,5,2600,75760,2010-08-17 00:00:00,1
2010-08-18 00:00:00,2010-08-18 00:00:00,29,2010-08-18 00:00:00,28,29,7,3100,88420,2010-08-18 00:00:00,1
2010-08-19 00:00:00,2010-08-19 00:00:00,29.5,2010-08-19 00:00:00,29,29.1,10,12800,371570,2010-08-19 00:00:00,1
2010-08-20 00:00:00,2010-08-20 00:00:00,30,2010-08-20 00:00:00,28.1,29.4,9,7700,224480,2010-08-20 00:00:00,1
2010-08-23 00:00:00,2010-08-23 00:00:00,29.8,2010-08-23 00:00:00,28,28.4,34,31400,897060,2010-08-23 00:00:00,1
2010-08-25 00:00:00,2010-08-25 00:00:00,29.9,2010-08-25 00:00:00,28.5,28.6,36,46200,1328150,2010-08-25 00:00:00,1
2010-08-26 00:00:00,2010-08-26 00:00:00,29,2010-08-26 00:00:00,28.4,28.5,25,21000,598680,2010-08-26 00:00:00,1
2010-08-27 00:00:00,2010-08-27 00:00:00,29,2010-08-27 00:00:00,28,28.2,17,10800,304410,2010-08-27 00:00:00,1
2010-08-30 00:00:00,2010-08-30 00:00:00,29.9,2010-08-30 00:00:00,28.2,29.4,15,12700,363860,2010-08-30 00:00:00,1
2010-08-31 00:00:00,2010-08-31 00:00:00,30,2010-08-31 00:00:00,28.5,28.6,27,58600,1743430,2010-08-31 00:00:00,1
2010-09-01 00:00:00,2010-09-01 00:00:00,28.8,2010-09-01 00:00:00,28,28.3,12,8000,225100,2010-09-01 00:00:00,1
2010-09-02 00:00:00,2010-09-02 00:00:00,31,2010-09-02 00:00:00,28.5,30.6,78,86700,2627200,2010-09-02 00:00:00,1
2010-09-03 00:00:00,2010-09-03 00:00:00,33.6,2010-09-03 00:00:00,30.6,32.7,244,308000,9998660,2010-09-03 00:00:00,1
2010-09-06 00:00:00,2010-09-06 00:00:00,35,2010-09-06 00:00:00,32,32.6,70,63000,2062260,2010-09-06 00:00:00,1
2010-09-07 00:00:00,2010-09-07 00:00:00,32.7,2010-09-07 00:00:00,31.5,32,40,23700,758870,2010-09-07 00:00:00,1
2010-09-08 00:00:00,2010-09-08 00:00:00,33.8,2010-09-08 00:00:00,31.5,32.6,222,321500,10619850,2010-09-08 00:00:00,1
2010-09-09 00:00:00,2010-09-09 00:00:00,35.8,2010-09-09 00:00:00,32.8,33.1,167,295700,9957950,2010-09-09 00:00:00,1
2010-09-13 00:00:00,2010-09-13 00:00:00,34.5,2010-09-13 00:00:00,32.8,33.9,224,399800,13653810,2010-09-13 00:00:00,1
2010-09-14 00:00:00,2010-09-14 00:00:00,34.4,2010-09-14 00:00:00,33.5,34,173,359700,12234350,2010-09-14 00:00:00,1
2010-09-15 00:00:00,2010-09-15 00:00:00,34,2010-09-15 00:00:00,32.1,33.9,52,84700,2816090,2010-09-15 00:00:00,1
2010-09-16 00:00:00,2010-09-16 00:00:00,35,2010-09-16 00:00:00,32,32.1,25,36000,1197410,2010-09-16 00:00:00,1
2010-09-17 00:00:00,2010-09-17 00:00:00,34,2010-09-17 00:00:00,32,32.4,51,40500,1318660,2010-09-17 00:00:00,1
2010-09-20 00:00:00,2010-09-20 00:00:00,32.5,2010-09-20 00:00:00,32,32,32,16100,518250,2010-09-20 00:00:00,1
2010-09-21 00:00:00,2010-09-21 00:00:00,33,2010-09-21 00:00:00,31.5,31.9,29,21700,696780,2010-09-21 00:00:00,1
2010-09-23 00:00:00,2010-09-23 00:00:00,32,2010-09-23 00:00:00,31.1,32,22,39900,1274370,2010-09-23 00:00:00,1
2010-09-24 00:00:00,2010-09-24 00:00:00,32,2010-09-24 00:00:00,31,31.6,26,29300,929790,2010-09-24 00:00:00,1
2010-09-27 00:00:00,2010-09-27 00:00:00,31.6,2010-09-27 00:00:00,30.5,31,21,47000,1460230,2010-09-27 00:00:00,1
2010-09-28 00:00:00,2010-09-28 00:00:00,33,2010-09-28 00:00:00,30.5,31.1,32,66700,2071780,2010-09-28 00:00:00,1
2010-09-29 00:00:00,2010-09-29 00:00:00,31.6,2010-09-29 00:00:00,30.6,30.7,21,13600,423050,2010-09-29 00:00:00,1
2010-09-30 00:00:00,2010-09-30 00:00:00,32.5,2010-09-30 00:00:00,31,31.6,13,6600,209400,2010-09-30 00:00:00,1
2010-10-01 00:00:00,2010-10-01 00:00:00,31.6,2010-10-01 00:00:00,31,31.3,27,28400,888920,2010-10-01 00:00:00,1
2010-10-04 00:00:00,2010-10-04 00:00:00,31,2010-10-04 00:00:00,30.1,30.7,17,10500,323960,2010-10-04 00:00:00,1
2010-10-05 00:00:00,2010-10-05 00:00:00,31.1,2010-10-05 00:00:00,30.1,30.3,8,3500,105850,2010-10-05 00:00:00,1
2010-10-06 00:00:00,2010-10-06 00:00:00,31.1,2010-10-06 00:00:00,28,29.6,24,29400,869940,2010-10-06 00:00:00,1
2010-10-07 00:00:00,2010-10-07 00:00:00,31,2010-10-07 00:00:00,29,29.2,9,6600,193000,2010-10-07 00:00:00,1
2010-10-08 00:00:00,2010-10-08 00:00:00,30,2010-10-08 00:00:00,29,29.9,18,10200,303500,2010-10-08 00:00:00,1
2010-10-11 00:00:00,2010-10-11 00:00:00,31,2010-10-11 00:00:00,28.5,28.9,11,2600,78760,2010-10-11 00:00:00,1
2010-10-12 00:00:00,2010-10-12 00:00:00,28.5,2010-10-12 00:00:00,28.5,28.5,3,3600,102600,2010-10-12 00:00:00,1
2010-10-13 00:00:00,2010-10-13 00:00:00,30,2010-10-13 00:00:00,26,30,16,16600,465050,2010-10-13 00:00:00,1
2010-10-14 00:00:00,2010-10-14 00:00:00,30,2010-10-14 00:00:00,28,28.1,22,40700,1190000,2010-10-14 00:00:00,1
2010-10-15 00:00:00,2010-10-15 00:00:00,28,2010-10-15 00:00:00,27.3,28,11,13100,363540,2010-10-15 00:00:00,1
2010-10-18 00:00:00,2010-10-18 00:00:00,30,2010-10-18 00:00:00,28.5,29,4,1000,29100,2010-10-18 00:00:00,1
2010-10-19 00:00:00,2010-10-19 00:00:00,29,2010-10-19 00:00:00,28.5,28.9,5,1100,31600,2010-10-19 00:00:00,1
2010-10-20 00:00:00,2010-10-20 00:00:00,29.5,2010-10-20 00:00:00,28.5,29.1,3,1800,52300,2010-10-20 00:00:00,1
2010-10-21 00:00:00,2010-10-21 00:00:00,29.5,2010-10-21 00:00:00,27.5,28,4,4000,112000,2010-10-21 00:00:00,1
2010-10-25 00:00:00,2010-10-25 00:00:00,28,2010-10-25 00:00:00,28,28,6,2800,78400,2010-10-25 00:00:00,1
2010-10-26 00:00:00,2010-10-26 00:00:00,27.5,2010-10-26 00:00:00,26.1,26.5,6,3800,100060,2010-10-26 00:00:00,1
2010-10-27 00:00:00,2010-10-27 00:00:00,27,2010-10-27 00:00:00,26.6,26.7,16,9500,253160,2010-10-27 00:00:00,1
2010-10-28 00:00:00,2010-10-28 00:00:00,27.2,2010-10-28 00:00:00,27,27.2,3,1400,37880,2010-10-28 00:00:00,1
2010-10-29 00:00:00,2010-10-29 00:00:00,27.4,2010-10-29 00:00:00,26.8,27.4,13,8100,219060,2010-10-29 00:00:00,1
2010-11-01 00:00:00,2010-11-01 00:00:00,28,2010-11-01 00:00:00,27.5,27.9,9,2700,74980,2010-11-01 00:00:00,1
2010-11-02 00:00:00,2010-11-02 00:00:00,28,2010-11-02 00:00:00,27.6,28,7,12400,345440,2010-11-02 00:00:00,1
2010-11-03 00:00:00,2010-11-03 00:00:00,27.8,2010-11-03 00:00:00,27.6,27.8,8,4800,133120,2010-11-03 00:00:00,1
2010-11-04 00:00:00,2010-11-04 00:00:00,27.5,2010-11-04 00:00:00,26.6,27.2,11,5600,151310,2010-11-04 00:00:00,1
2010-11-08 00:00:00,2010-11-08 00:00:00,28,2010-11-08 00:00:00,28,28,2,5000,140000,2010-11-08 00:00:00,1
2010-11-09 00:00:00,2010-11-09 00:00:00,28,2010-11-09 00:00:00,27.4,27.4,8,4600,128200,2010-11-09 00:00:00,1
2010-11-10 00:00:00,2010-11-10 00:00:00,27,2010-11-10 00:00:00,26.3,26.5,20,33900,901160,2010-11-10 00:00:00,1
2010-11-11 00:00:00,2010-11-11 00:00:00,27.9,2010-11-11 00:00:00,26,26.3,23,48600,1276040,2010-11-11 00:00:00,1
2010-11-12 00:00:00,2010-11-12 00:00:00,27.9,2010-11-12 00:00:00,26,26,29,58500,1557330,2010-11-12 00:00:00,1
2010-11-15 00:00:00,2010-11-15 00:00:00,26,2010-11-15 00:00:00,25,25.5,20,19200,487730,2010-11-15 00:00:00,1
2010-11-16 00:00:00,2010-11-16 00:00:00,25.2,2010-11-16 00:00:00,24.4,24.7,37,31800,786910,2010-11-16 00:00:00,1
2010-11-18 00:00:00,2010-11-18 00:00:00,26.4,2010-11-18 00:00:00,25,26.3,18,27300,702500,2010-11-18 00:00:00,1
2010-11-22 00:00:00,2010-11-22 00:00:00,25.6,2010-11-22 00:00:00,25,25,14,10300,258110,2010-11-22 00:00:00,1
2010-11-23 00:00:00,2010-11-23 00:00:00,25.5,2010-11-23 00:00:00,24.7,25,16,6800,170080,2010-11-23 00:00:00,1
2010-11-24 00:00:00,2010-11-24 00:00:00,25.4,2010-11-24 00:00:00,25,25,18,36900,922950,2010-11-24 00:00:00,1
2010-11-25 00:00:00,2010-11-25 00:00:00,25,2010-11-25 00:00:00,25,25,1,300,7500,2010-11-25 00:00:00,1
2010-11-26 00:00:00,2010-11-26 00:00:00,25,2010-11-26 00:00:00,24.7,25,3,900,22470,2010-11-26 00:00:00,1
2010-11-29 00:00:00,2010-11-29 00:00:00,25.1,2010-11-29 00:00:00,24,24.3,18,19200,475670,2010-11-29 00:00:00,1
2010-11-30 00:00:00,2010-11-30 00:00:00,25.9,2010-11-30 00:00:00,25,25,30,47900,1202370,2010-11-30 00:00:00,1
2010-12-01 00:00:00,2010-12-01 00:00:00,27.1,2010-12-01 00:00:00,25.1,26.9,50,56500,1474480,2010-12-01 00:00:00,1
2010-12-02 00:00:00,2010-12-02 00:00:00,27,2010-12-02 00:00:00,25.7,26.6,19,10800,283890,2010-12-02 00:00:00,1
2010-12-03 00:00:00,2010-12-03 00:00:00,26.1,2010-12-03 00:00:00,26,26,2,2100,54610,2010-12-03 00:00:00,1
2010-12-06 00:00:00,2010-12-06 00:00:00,26,2010-12-06 00:00:00,26,26,1,100,2600,2010-12-06 00:00:00,1
2010-12-07 00:00:00,2010-12-07 00:00:00,26,2010-12-07 00:00:00,25.4,25.4,12,2800,72070,2010-12-07 00:00:00,1
2010-12-08 00:00:00,2010-12-08 00:00:00,26,2010-12-08 00:00:00,26,26,2,5100,132600,2010-12-08 00:00:00,1
2010-12-10 00:00:00,2010-12-10 00:00:00,24.2,2010-12-10 00:00:00,24.2,24.2,1,100,2420,2010-12-10 00:00:00,1
2010-12-13 00:00:00,2010-12-13 00:00:00,25.1,2010-12-13 00:00:00,24.6,25,10,6300,157260,2010-12-13 00:00:00,1
2010-12-14 00:00:00,2010-12-14 00:00:00,26.4,2010-12-14 00:00:00,24.8,25.6,20,1258900,32107440,2010-12-14 00:00:00,1
2010-12-15 00:00:00,2010-12-15 00:00:00,26.5,2010-12-15 00:00:00,25.5,25.5,2,200,5200,2010-12-15 00:00:00,1
2010-12-16 00:00:00,2010-12-16 00:00:00,25.8,2010-12-16 00:00:00,25.2,25.2,5,5300,133620,2010-12-16 00:00:00,1
2010-12-17 00:00:00,2010-12-17 00:00:00,27,2010-12-17 00:00:00,26,26,6,2600,69900,2010-12-17 00:00:00,1
2010-12-21 00:00:00,2010-12-21 00:00:00,25.9,2010-12-21 00:00:00,25.6,25.6,6,6000,154010,2010-12-21 00:00:00,1
2010-12-22 00:00:00,2010-12-22 00:00:00,25.9,2010-12-22 00:00:00,25.9,25.9,1,100,2590,2010-12-22 00:00:00,1
2010-12-23 00:00:00,2010-12-23 00:00:00,27.2,2010-12-23 00:00:00,25.5,27,26,34000,912700,2010-12-23 00:00:00,1
2010-12-24 00:00:00,2010-12-24 00:00:00,27.9,2010-12-24 00:00:00,27,27.8,17,9900,274940,2010-12-24 00:00:00,1
2010-12-27 00:00:00,2010-12-27 00:00:00,29.8,2010-12-27 00:00:00,27,29,67,68300,1987480,2010-12-27 00:00:00,1
2010-12-28 00:00:00,2010-12-28 00:00:00,29.5,2010-12-28 00:00:00,27.6,27.9,12,6400,183640,2010-12-28 00:00:00,1
2010-12-29 00:00:00,2010-12-29 00:00:00,29.3,2010-12-29 00:00:00,28.5,29.2,23,29700,862920,2010-12-29 00:00:00,1
2010-12-30 00:00:00,2010-12-30 00:00:00,29.5,2010-12-30 00:00:00,28,29.1,31,61600,1759180,2010-12-30 00:00:00,1
2010-12-31 00:00:00,2010-12-31 00:00:00,29.3,2010-12-31 00:00:00,27.1,27.8,12,31100,864370,2010-12-31 00:00:00,1
Company Id,:  MBSL,Security,Type :  N,Sub Type,:  0000,,,,,
Short Name,:  MERCHANT BANK,,,,,,,,,
Day,Date High,High,Date Low,Low,Closing,No. of Trades,No. of Shares,Turnover,Last Traded,Days Traded
2010-01-04 00:00:00,2010-01-04 00:00:00,20,2010-01-04 00:00:00,19.25,19.25,16,32500,632325,2010-01-04 00:00:00,1
2010-01-05 00:00:00,2010-01-05 00:00:00,19.75,2010-01-05 00:00:00,19.25,19.5,34,33600,652775,2010-01-05 00:00:00,1
2010-01-06 00:00:00,2010-01-06 00:00:00,18.25,2010-01-06 00:00:00,17,17.25,587,1386600,24276400,2010-01-06 00:00:00,1
2010-01-07 00:00:00,2010-01-07 00:00:00,17.5,2010-01-07 00:00:00,16.75,17.5,121,241600,4136450,2010-01-07 00:00:00,1
2010-01-08 00:00:00,2010-01-08 00:00:00,17.5,2010-01-08 00:00:00,17,17.25,79,93800,1622750,2010-01-08 00:00:00,1
2010-01-11 00:00:00,2010-01-11 00:00:00,17.5,2010-01-11 00:00:00,17,17.25,74,110800,1903500,2010-01-11 00:00:00,1
2010-01-12 00:00:00,2010-01-12 00:00:00,17.25,2010-01-12 00:00:00,16.75,17,105,189200,3214025,2010-01-12 00:00:00,1
2010-01-13 00:00:00,2010-01-13 00:00:00,18.25,2010-01-13 00:00:00,16.75,17.75,225,609800,10672050,2010-01-13 00:00:00,1
2010-01-15 00:00:00,2010-01-15 00:00:00,18.25,2010-01-15 00:00:00,17.75,18.25,161,337400,6107075,2010-01-15 00:00:00,1
2010-01-18 00:00:00,2010-01-18 00:00:00,18.25,2010-01-18 00:00:00,17.5,17.75,84,174200,3115650,2010-01-18 00:00:00,1
2010-01-19 00:00:00,2010-01-19 00:00:00,17.75,2010-01-19 00:00:00,17.25,17.5,84,197400,3439625,2010-01-19 00:00:00,1
2010-01-20 00:00:00,2010-01-20 00:00:00,17.5,2010-01-20 00:00:00,17.25,17.5,69,324000,5667950,2010-01-20 00:00:00,1
2010-01-21 00:00:00,2010-01-21 00:00:00,17.5,2010-01-21 00:00:00,17.25,17.25,54,106000,1845375,2010-01-21 00:00:00,1
2010-01-22 00:00:00,2010-01-22 00:00:00,17.5,2010-01-22 00:00:00,17.25,17.5,19,32000,558025,2010-01-22 00:00:00,1
2010-01-25 00:00:00,2010-01-25 00:00:00,17.75,2010-01-25 00:00:00,17.5,17.75,51,121800,2136250,2010-01-25 00:00:00,1
2010-01-26 00:00:00,2010-01-26 00:00:00,18,2010-01-26 00:00:00,17.5,17.75,30,83100,1482900,2010-01-26 00:00:00,1
2010-01-28 00:00:00,2010-01-28 00:00:00,18.75,2010-01-28 00:00:00,17,18.5,195,551300,10001375,2010-01-28 00:00:00,1
2010-02-01 00:00:00,2010-02-01 00:00:00,21,2010-02-01 00:00:00,18.5,20,427,1465500,28896650,2010-02-01 00:00:00,1
2010-02-02 00:00:00,2010-02-02 00:00:00,22.5,2010-02-02 00:00:00,20.5,21,462,1045600,22501800,2010-02-02 00:00:00,1
2010-02-03 00:00:00,2010-02-03 00:00:00,22,2010-02-03 00:00:00,20.25,20.75,144,317000,6674150,2010-02-03 00:00:00,1
2010-02-05 00:00:00,2010-02-05 00:00:00,21,2010-02-05 00:00:00,20,20.5,84,177400,3653025,2010-02-05 00:00:00,1
2010-02-08 00:00:00,2010-02-08 00:00:00,20.75,2010-02-08 00:00:00,20,20.25,86,159600,3270650,2010-02-08 00:00:00,1
2010-02-09 00:00:00,2010-02-09 00:00:00,20.25,2010-02-09 00:00:00,19,20,101,201400,3999025,2010-02-09 00:00:00,1
2010-02-10 00:00:00,2010-02-10 00:00:00,20.5,2010-02-10 00:00:00,19.5,19.5,45,60400,1204975,2010-02-10 00:00:00,1
2010-02-11 00:00:00,2010-02-11 00:00:00,19.75,2010-02-11 00:00:00,19,19.25,51,98800,1922875,2010-02-11 00:00:00,1
2010-02-12 00:00:00,2010-02-12 00:00:00,20,2010-02-12 00:00:00,18.5,19.75,94,182400,3521075,2010-02-12 00:00:00,1
2010-02-15 00:00:00,2010-02-15 00:00:00,19.75,2010-02-15 00:00:00,19,19.25,56,73400,1424850,2010-02-15 00:00:00,1
2010-02-16 00:00:00,2010-02-16 00:00:00,19.75,2010-02-16 00:00:00,19,19,73,176300,3411275,2010-02-16 00:00:00,1
2010-02-17 00:00:00,2010-02-17 00:00:00,19.5,2010-02-17 00:00:00,19,19,34,60700,1158800,2010-02-17 00:00:00,1
2010-02-18 00:00:00,2010-02-18 00:00:00,19.5,2010-02-18 00:00:00,19,19.25,30,26900,517550,2010-02-18 00:00:00,1
2010-02-19 00:00:00,2010-02-19 00:00:00,19.5,2010-02-19 00:00:00,19,19.25,50,51000,986150,2010-02-19 00:00:00,1
2010-02-22 00:00:00,2010-02-22 00:00:00,20.25,2010-02-22 00:00:00,19.5,20,140,264500,5300050,2010-02-22 00:00:00,1
2010-02-23 00:00:00,2010-02-23 00:00:00,20.25,2010-02-23 00:00:00,19.75,20,38,40100,804100,2010-02-23 00:00:00,1
2010-02-24 00:00:00,2010-02-24 00:00:00,20.75,2010-02-24 00:00:00,19.75,20.25,83,174900,3529900,2010-02-24 00:00:00,1
2010-02-25 00:00:00,2010-02-25 00:00:00,20.25,2010-02-25 00:00:00,20,20,41,52000,1045725,2010-02-25 00:00:00,1
2010-02-26 00:00:00,2010-02-26 00:00:00,20.25,2010-02-26 00:00:00,20,20.25,26,28000,565200,2010-02-26 00:00:00,1
2010-03-01 00:00:00,2010-03-01 00:00:00,20.75,2010-03-01 00:00:00,20,20.5,98,226500,4669025,2010-03-01 00:00:00,1
2010-03-02 00:00:00,2010-03-02 00:00:00,21,2010-03-02 00:00:00,20,20.25,50,121400,2499775,2010-03-02 00:00:00,1
2010-03-03 00:00:00,2010-03-03 00:00:00,20.25,2010-03-03 00:00:00,19.75,19.75,34,41700,827025,2010-03-03 00:00:00,1
2010-03-04 00:00:00,2010-03-04 00:00:00,20.25,2010-03-04 00:00:00,19.5,19.5,79,193100,3824850,2010-03-04 00:00:00,1
2010-03-05 00:00:00,2010-03-05 00:00:00,20,2010-03-05 00:00:00,19.5,19.75,31,27500,541275,2010-03-05 00:00:00,1
2010-03-08 00:00:00,2010-03-08 00:00:00,19.75,2010-03-08 00:00:00,19.25,19.25,61,61500,1195375,2010-03-08 00:00:00,1
2010-03-09 00:00:00,2010-03-09 00:00:00,19.5,2010-03-09 00:00:00,19,19.25,41,63100,1214575,2010-03-09 00:00:00,1
2010-03-10 00:00:00,2010-03-10 00:00:00,19.5,2010-03-10 00:00:00,19,19.5,57,144100,2772150,2010-03-10 00:00:00,1
2010-03-11 00:00:00,2010-03-11 00:00:00,19.75,2010-03-11 00:00:00,19.25,19.5,33,101500,1981075,2010-03-11 00:00:00,1
2010-03-12 00:00:00,2010-03-12 00:00:00,19.5,2010-03-12 00:00:00,19,19.25,61,44200,848400,2010-03-12 00:00:00,1
2010-03-15 00:00:00,2010-03-15 00:00:00,19.5,2010-03-15 00:00:00,19.25,19.25,55,122700,2370300,2010-03-15 00:00:00,1
2010-03-16 00:00:00,2010-03-16 00:00:00,19.25,2010-03-16 00:00:00,18.75,18.75,70,121100,2292600,2010-03-16 00:00:00,1
2010-03-17 00:00:00,2010-03-17 00:00:00,19.5,2010-03-17 00:00:00,18.5,18.5,54,144500,2704925,2010-03-17 00:00:00,1
2010-03-18 00:00:00,2010-03-18 00:00:00,18.75,2010-03-18 00:00:00,18.5,18.5,18,65100,1218875,2010-03-18 00:00:00,1
2010-03-19 00:00:00,2010-03-19 00:00:00,19,2010-03-19 00:00:00,18.5,18.5,20,21800,409450,2010-03-19 00:00:00,1
2010-03-22 00:00:00,2010-03-22 00:00:00,19,2010-03-22 00:00:00,18.5,18.5,28,64300,1217400,2010-03-22 00:00:00,1
2010-03-23 00:00:00,2010-03-23 00:00:00,18.5,2010-03-23 00:00:00,18.25,18.5,15,18200,336500,2010-03-23 00:00:00,1
2010-03-24 00:00:00,2010-03-24 00:00:00,18.75,2010-03-24 00:00:00,18.5,18.5,7,4700,87025,2010-03-24 00:00:00,1
2010-03-25 00:00:00,2010-03-25 00:00:00,18.75,2010-03-25 00:00:00,18.25,18.5,34,18500,342700,2010-03-25 00:00:00,1
2010-03-26 00:00:00,2010-03-26 00:00:00,18.75,2010-03-26 00:00:00,18.5,18.5,24,45000,837875,2010-03-26 00:00:00,1
2010-03-30 00:00:00,2010-03-30 00:00:00,18.75,2010-03-30 00:00:00,18.25,18.25,49,51600,955400,2010-03-30 00:00:00,1
2010-03-31 00:00:00,2010-03-31 00:00:00,19,2010-03-31 00:00:00,18.5,18.75,45,48400,904825,2010-03-31 00:00:00,1
2010-04-01 00:00:00,2010-04-01 00:00:00,18.5,2010-04-01 00:00:00,18.25,18.25,13,7900,145475,2010-04-01 00:00:00,1
2010-04-05 00:00:00,2010-04-05 00:00:00,19,2010-04-05 00:00:00,18.5,18.5,27,28500,528350,2010-04-05 00:00:00,1
2010-04-06 00:00:00,2010-04-06 00:00:00,19.75,2010-04-06 00:00:00,18.5,19.75,78,96300,1865625,2010-04-06 00:00:00,1
2010-04-07 00:00:00,2010-04-07 00:00:00,21.5,2010-04-07 00:00:00,20,21.25,418,836600,17581775,2010-04-07 00:00:00,1
2010-04-08 00:00:00,2010-04-08 00:00:00,23.5,2010-04-08 00:00:00,21.25,23.25,657,1678600,38230250,2010-04-08 00:00:00,1
2010-04-12 00:00:00,2010-04-12 00:00:00,24.5,2010-04-12 00:00:00,23.25,23.25,388,1098600,26268750,2010-04-12 00:00:00,1
2010-04-15 00:00:00,2010-04-15 00:00:00,23.5,2010-04-15 00:00:00,22.5,22.75,92,98500,2256075,2010-04-15 00:00:00,1
2010-04-16 00:00:00,2010-04-16 00:00:00,23.25,2010-04-16 00:00:00,22.75,23,87,138100,3179700,2010-04-16 00:00:00,1
2010-04-19 00:00:00,2010-04-19 00:00:00,24.25,2010-04-19 00:00:00,23,23,111,174500,4115350,2010-04-19 00:00:00,1
2010-04-20 00:00:00,2010-04-20 00:00:00,23,2010-04-20 00:00:00,22,22,128,207600,4646725,2010-04-20 00:00:00,1
2010-04-21 00:00:00,2010-04-21 00:00:00,22.75,2010-04-21 00:00:00,22,22.75,43,58700,1320250,2010-04-21 00:00:00,1
2010-04-22 00:00:00,2010-04-22 00:00:00,22.5,2010-04-22 00:00:00,21.75,22,64,68700,1514350,2010-04-22 00:00:00,1
2010-04-23 00:00:00,2010-04-23 00:00:00,22.75,2010-04-23 00:00:00,22.25,22.25,51,142100,3181850,2010-04-23 00:00:00,1
2010-04-26 00:00:00,2010-04-26 00:00:00,22.25,2010-04-26 00:00:00,22,22,60,54100,1195475,2010-04-26 00:00:00,1
2010-04-27 00:00:00,2010-04-27 00:00:00,22,2010-04-27 00:00:00,21.75,22,46,136700,3007275,2010-04-27 00:00:00,1
2010-04-29 00:00:00,2010-04-29 00:00:00,22.75,2010-04-29 00:00:00,21.75,22.5,52,118300,2654575,2010-04-29 00:00:00,1
2010-04-30 00:00:00,2010-04-30 00:00:00,23.75,2010-04-30 00:00:00,22.5,23.25,184,476900,11023200,2010-04-30 00:00:00,1
2010-05-03 00:00:00,2010-05-03 00:00:00,23.5,2010-05-03 00:00:00,22.5,22.5,82,109400,2535100,2010-05-03 00:00:00,1
2010-05-04 00:00:00,2010-05-04 00:00:00,23,2010-05-04 00:00:00,22.25,22.5,68,97200,2191575,2010-05-04 00:00:00,1
2010-05-05 00:00:00,2010-05-05 00:00:00,22.75,2010-05-05 00:00:00,22.25,22.5,51,75600,1700625,2010-05-05 00:00:00,1
2010-05-06 00:00:00,2010-05-06 00:00:00,22.75,2010-05-06 00:00:00,22.25,22.5,50,61900,1392150,2010-05-06 00:00:00,1
2010-05-07 00:00:00,2010-05-07 00:00:00,22.75,2010-05-07 00:00:00,22.25,22.5,65,101900,2287325,2010-05-07 00:00:00,1
2010-05-10 00:00:00,2010-05-10 00:00:00,23,2010-05-10 00:00:00,22.5,22.75,141,304400,6962375,2010-05-10 00:00:00,1
2010-05-11 00:00:00,2010-05-11 00:00:00,22.75,2010-05-11 00:00:00,22,22.5,56,44000,986800,2010-05-11 00:00:00,1
2010-05-12 00:00:00,2010-05-12 00:00:00,22.5,2010-05-12 00:00:00,22.25,22.25,40,64700,1442275,2010-05-12 00:00:00,1
2010-05-13 00:00:00,2010-05-13 00:00:00,22.5,2010-05-13 00:00:00,22.25,22.5,53,97500,2187350,2010-05-13 00:00:00,1
2010-05-14 00:00:00,2010-05-14 00:00:00,22.75,2010-05-14 00:00:00,22.25,22.25,34,56000,1254025,2010-05-14 00:00:00,1
2010-05-17 00:00:00,2010-05-17 00:00:00,22.5,2010-05-17 00:00:00,22.25,22.25,21,23000,516250,2010-05-17 00:00:00,1
2010-05-18 00:00:00,2010-05-18 00:00:00,22.75,2010-05-18 00:00:00,22.25,22.5,69,116300,2615825,2010-05-18 00:00:00,1
2010-05-19 00:00:00,2010-05-19 00:00:00,22.5,2010-05-19 00:00:00,22.25,22.25,28,28600,636900,2010-05-19 00:00:00,1
2010-05-20 00:00:00,2010-05-20 00:00:00,22.5,2010-05-20 00:00:00,22.25,22.25,28,73200,1628750,2010-05-20 00:00:00,1
2010-05-21 00:00:00,2010-05-21 00:00:00,22.25,2010-05-21 00:00:00,22,22.25,47,144500,3201650,2010-05-21 00:00:00,1
2010-05-24 00:00:00,2010-05-24 00:00:00,22.25,2010-05-24 00:00:00,21.25,21.5,28,30700,674175,2010-05-24 00:00:00,1
2010-05-25 00:00:00,2010-05-25 00:00:00,22,2010-05-25 00:00:00,21.25,21.75,27,18000,390100,2010-05-25 00:00:00,1
2010-05-26 00:00:00,2010-05-26 00:00:00,21.75,2010-05-26 00:00:00,21.5,21.75,7,14100,305650,2010-05-26 00:00:00,1
2010-05-31 00:00:00,2010-05-31 00:00:00,21.75,2010-05-31 00:00:00,21,21,44,145400,3072500,2010-05-31 00:00:00,1
2010-06-01 00:00:00,2010-06-01 00:00:00,21.75,2010-06-01 00:00:00,21,21.5,20,24800,530250,2010-06-01 00:00:00,1
2010-06-02 00:00:00,2010-06-02 00:00:00,23.75,2010-06-02 00:00:00,21.5,23.25,211,281500,6385500,2010-06-02 00:00:00,1
2010-06-03 00:00:00,2010-06-03 00:00:00,24.25,2010-06-03 00:00:00,23,23.75,233,365700,8739425,2010-06-03 00:00:00,1
2010-06-04 00:00:00,2010-06-04 00:00:00,24.5,2010-06-04 00:00:00,23.25,24,178,368700,8850025,2010-06-04 00:00:00,1
2010-06-07 00:00:00,2010-06-07 00:00:00,27,2010-06-07 00:00:00,24.75,26.75,1826,6106400,157963225,2010-06-07 00:00:00,1
2010-06-08 00:00:00,2010-06-08 00:00:00,28.75,2010-06-08 00:00:00,26.75,27,1519,4050800,112623225,2010-06-08 00:00:00,1
2010-06-09 00:00:00,2010-06-09 00:00:00,27.5,2010-06-09 00:00:00,26.25,27.25,368,901100,24233625,2010-06-09 00:00:00,1
2010-06-10 00:00:00,2010-06-10 00:00:00,27.5,2010-06-10 00:00:00,27,27.25,258,552900,15072550,2010-06-10 00:00:00,1
2010-06-11 00:00:00,2010-06-11 00:00:00,28,2010-06-11 00:00:00,27.25,27.5,197,508700,14018075,2010-06-11 00:00:00,1
2010-06-14 00:00:00,2010-06-14 00:00:00,29.75,2010-06-14 00:00:00,27.75,29.5,713,1649600,47790675,2010-06-14 00:00:00,1
2010-06-15 00:00:00,2010-06-15 00:00:00,31.5,2010-06-15 00:00:00,30,30.75,749,2036500,62210425,2010-06-15 00:00:00,1
2010-06-16 00:00:00,2010-06-16 00:00:00,31.5,2010-06-16 00:00:00,30,30.5,282,483000,14757750,2010-06-16 00:00:00,1
2010-06-17 00:00:00,2010-06-17 00:00:00,30.25,2010-06-17 00:00:00,29.25,30,284,603500,17943000,2010-06-17 00:00:00,1
2010-06-21 00:00:00,2010-06-21 00:00:00,30.5,2010-06-21 00:00:00,29.75,30,186,385500,11599125,2010-06-21 00:00:00,1
2010-06-22 00:00:00,2010-06-22 00:00:00,30,2010-06-22 00:00:00,28.5,28.75,102,92300,2695925,2010-06-22 00:00:00,1
2010-06-23 00:00:00,2010-06-23 00:00:00,29.75,2010-06-23 00:00:00,27.5,28.5,110,249900,7120225,2010-06-23 00:00:00,1
2010-06-24 00:00:00,2010-06-24 00:00:00,29.5,2010-06-24 00:00:00,27.75,29.25,132,257400,7369400,2010-06-24 00:00:00,1
2010-06-28 00:00:00,2010-06-28 00:00:00,28.5,2010-06-28 00:00:00,27.75,28,106,217300,6108475,2010-06-28 00:00:00,1
2010-06-29 00:00:00,2010-06-29 00:00:00,29.5,2010-06-29 00:00:00,28.5,29.25,130,284300,8223850,2010-06-29 00:00:00,1
2010-06-30 00:00:00,2010-06-30 00:00:00,29,2010-06-30 00:00:00,28.25,28.5,44,50200,1427775,2010-06-30 00:00:00,1
2010-07-01 00:00:00,2010-07-01 00:00:00,28.75,2010-07-01 00:00:00,28,28.5,31,59000,1674475,2010-07-01 00:00:00,1
2010-07-02 00:00:00,2010-07-02 00:00:00,28.75,2010-07-02 00:00:00,28.25,28.5,65,110900,3148475,2010-07-02 00:00:00,1
2010-07-05 00:00:00,2010-07-05 00:00:00,28.75,2010-07-05 00:00:00,28,28.25,121,175200,4954100,2010-07-05 00:00:00,1
2010-07-06 00:00:00,2010-07-06 00:00:00,28.25,2010-07-06 00:00:00,27.75,27.75,51,80100,2233125,2010-07-06 00:00:00,1
2010-07-07 00:00:00,2010-07-07 00:00:00,27.75,2010-07-07 00:00:00,26.5,26.75,100,207100,5554375,2010-07-07 00:00:00,1
2010-07-08 00:00:00,2010-07-08 00:00:00,28,2010-07-08 00:00:00,26.5,28,108,290800,8110275,2010-07-08 00:00:00,1
2010-07-09 00:00:00,2010-07-09 00:00:00,28.25,2010-07-09 00:00:00,27,27.25,156,242900,6638225,2010-07-09 00:00:00,1
2010-07-12 00:00:00,2010-07-12 00:00:00,27.75,2010-07-12 00:00:00,27.25,27.25,68,141200,3858825,2010-07-12 00:00:00,1
2010-07-13 00:00:00,2010-07-13 00:00:00,29.5,2010-07-13 00:00:00,27,28.75,234,528000,15010500,2010-07-13 00:00:00,1
2010-07-14 00:00:00,2010-07-14 00:00:00,30.25,2010-07-14 00:00:00,29.5,29.75,287,687300,20499200,2010-07-14 00:00:00,1
2010-07-15 00:00:00,2010-07-15 00:00:00,30,2010-07-15 00:00:00,29.5,29.5,66,105500,3122950,2010-07-15 00:00:00,1
2010-07-16 00:00:00,2010-07-16 00:00:00,30,2010-07-16 00:00:00,28.75,29,28,24500,712225,2010-07-16 00:00:00,1
2010-07-19 00:00:00,2010-07-19 00:00:00,29.5,2010-07-19 00:00:00,28.5,28.75,43,76600,2206850,2010-07-19 00:00:00,1
2010-07-20 00:00:00,2010-07-20 00:00:00,29.25,2010-07-20 00:00:00,28.75,29.25,67,190500,5521275,2010-07-20 00:00:00,1
2010-07-21 00:00:00,2010-07-21 00:00:00,29,2010-07-21 00:00:00,28.75,28.75,61,161500,4652275,2010-07-21 00:00:00,1
2010-07-22 00:00:00,2010-07-22 00:00:00,29.5,2010-07-22 00:00:00,28.5,28.5,44,101400,2922250,2010-07-22 00:00:00,1
2010-07-23 00:00:00,2010-07-23 00:00:00,28.75,2010-07-23 00:00:00,28,28.5,66,153900,4376800,2010-07-23 00:00:00,1
2010-07-26 00:00:00,2010-07-26 00:00:00,28.25,2010-07-26 00:00:00,27.75,28,93,114800,3215950,2010-07-26 00:00:00,1
2010-07-27 00:00:00,2010-07-27 00:00:00,29.25,2010-07-27 00:00:00,28,28.75,124,170900,4907100,2010-07-27 00:00:00,1
2010-07-28 00:00:00,2010-07-28 00:00:00,32,2010-07-28 00:00:00,29,31.25,590,1386300,42831025,2010-07-28 00:00:00,1
2010-07-29 00:00:00,2010-07-29 00:00:00,32,2010-07-29 00:00:00,30.25,30.5,256,429000,13419250,2010-07-29 00:00:00,1
2010-07-30 00:00:00,2010-07-30 00:00:00,32,2010-07-30 00:00:00,30.25,31,158,441800,13700925,2010-07-30 00:00:00,1
2010-08-02 00:00:00,2010-08-02 00:00:00,31.5,2010-08-02 00:00:00,30.5,30.6,74,145500,4460980,2010-08-02 00:00:00,1
2010-08-03 00:00:00,2010-08-03 00:00:00,31.5,2010-08-03 00:00:00,30,30.8,134,354400,10938440,2010-08-03 00:00:00,1
2010-08-04 00:00:00,2010-08-04 00:00:00,32.5,2010-08-04 00:00:00,29.5,32,195,477600,15233220,2010-08-04 00:00:00,1
2010-08-05 00:00:00,2010-08-05 00:00:00,32.5,2010-08-05 00:00:00,30,31.4,150,379200,11791740,2010-08-05 00:00:00,1
2010-08-06 00:00:00,2010-08-06 00:00:00,31.7,2010-08-06 00:00:00,30.6,31.5,116,225600,7015860,2010-08-06 00:00:00,1
2010-08-09 00:00:00,2010-08-09 00:00:00,30.6,2010-08-09 00:00:00,29,29.3,164,353600,10425010,2010-08-09 00:00:00,1
2010-08-10 00:00:00,2010-08-10 00:00:00,32.2,2010-08-10 00:00:00,27.1,32,254,509000,15478870,2010-08-10 00:00:00,1
2010-08-11 00:00:00,2010-08-11 00:00:00,34.5,2010-08-11 00:00:00,32.5,33.3,626,1376400,45960420,2010-08-11 00:00:00,1
2010-08-12 00:00:00,2010-08-12 00:00:00,33,2010-08-12 00:00:00,31.5,31.8,80,153600,4921330,2010-08-12 00:00:00,1
2010-08-13 00:00:00,2010-08-13 00:00:00,34.3,2010-08-13 00:00:00,31.7,34,418,887000,29839970,2010-08-13 00:00:00,1
2010-08-16 00:00:00,2010-08-16 00:00:00,35.5,2010-08-16 00:00:00,34,34.6,302,410400,14213030,2010-08-16 00:00:00,1
2010-08-17 00:00:00,2010-08-17 00:00:00,35,2010-08-17 00:00:00,33.8,33.8,105,164200,5569010,2010-08-17 00:00:00,1
2010-08-18 00:00:00,2010-08-18 00:00:00,34.5,2010-08-18 00:00:00,33.5,33.6,138,219900,7431650,2010-08-18 00:00:00,1
2010-08-19 00:00:00,2010-08-19 00:00:00,36,2010-08-19 00:00:00,33.5,33.9,170,302100,10219480,2010-08-19 00:00:00,1
2010-08-20 00:00:00,2010-08-20 00:00:00,34,2010-08-20 00:00:00,33.3,33.9,82,182900,6166870,2010-08-20 00:00:00,1
2010-08-23 00:00:00,2010-08-23 00:00:00,36.4,2010-08-23 00:00:00,33.6,35.4,475,952500,33680320,2010-08-23 00:00:00,1
2010-08-25 00:00:00,2010-08-25 00:00:00,36.3,2010-08-25 00:00:00,35,35.4,146,202700,7223040,2010-08-25 00:00:00,1
2010-08-26 00:00:00,2010-08-26 00:00:00,35.5,2010-08-26 00:00:00,34.7,35.3,78,99800,3514550,2010-08-26 00:00:00,1
2010-08-27 00:00:00,2010-08-27 00:00:00,38.5,2010-08-27 00:00:00,35.1,36.8,535,935600,34367350,2010-08-27 00:00:00,1
2010-08-30 00:00:00,2010-08-30 00:00:00,38,2010-08-30 00:00:00,36,36.4,178,153200,5644830,2010-08-30 00:00:00,1
2010-08-31 00:00:00,2010-08-31 00:00:00,36.8,2010-08-31 00:00:00,35.4,35.6,138,225400,8081690,2010-08-31 00:00:00,1
2010-09-01 00:00:00,2010-09-01 00:00:00,37.3,2010-09-01 00:00:00,35,36.7,285,710700,25788300,2010-09-01 00:00:00,1
2010-09-02 00:00:00,2010-09-02 00:00:00,40.3,2010-09-02 00:00:00,37,40.3,1166,3212000,126860500,2010-09-02 00:00:00,1
2010-09-03 00:00:00,2010-09-03 00:00:00,44,2010-09-03 00:00:00,42,43.3,967,1905900,81888370,2010-09-03 00:00:00,1
2010-09-06 00:00:00,2010-09-06 00:00:00,44.6,2010-09-06 00:00:00,42.2,42.6,524,1131000,49171540,2010-09-06 00:00:00,1
2010-09-07 00:00:00,2010-09-07 00:00:00,43,2010-09-07 00:00:00,40.2,40.9,286,420700,17323690,2010-09-07 00:00:00,1
2010-09-08 00:00:00,2010-09-08 00:00:00,43.5,2010-09-08 00:00:00,40,43.1,423,687800,29032380,2010-09-08 00:00:00,1
2010-09-09 00:00:00,2010-09-09 00:00:00,43.8,2010-09-09 00:00:00,41.7,42.6,278,498100,21230770,2010-09-09 00:00:00,1
2010-09-13 00:00:00,2010-09-13 00:00:00,43.4,2010-09-13 00:00:00,41.9,42.3,217,282500,12032090,2010-09-13 00:00:00,1
2010-09-14 00:00:00,2010-09-14 00:00:00,43,2010-09-14 00:00:00,41,42.7,266,375700,15889900,2010-09-14 00:00:00,1
2010-09-15 00:00:00,2010-09-15 00:00:00,45.4,2010-09-15 00:00:00,40.2,44.6,481,916000,40146180,2010-09-15 00:00:00,1
2010-09-16 00:00:00,2010-09-16 00:00:00,49,2010-09-16 00:00:00,44.6,49,1219,2894500,137535260,2010-09-16 00:00:00,1
2010-09-17 00:00:00,2010-09-17 00:00:00,53.9,2010-09-17 00:00:00,50.7,53.3,1779,3541800,187221620,2010-09-17 00:00:00,1
2010-09-20 00:00:00,2010-09-20 00:00:00,57,2010-09-20 00:00:00,50,53.5,803,1374400,72931490,2010-09-20 00:00:00,1
2010-09-21 00:00:00,2010-09-21 00:00:00,58.8,2010-09-21 00:00:00,52.6,57.8,2055,4002200,227513420,2010-09-21 00:00:00,1
2010-09-23 00:00:00,2010-09-23 00:00:00,59.7,2010-09-23 00:00:00,53,53.9,892,1302800,73585230,2010-09-23 00:00:00,1
2010-09-24 00:00:00,2010-09-24 00:00:00,56,2010-09-24 00:00:00,52.6,53.7,560,782400,42322000,2010-09-24 00:00:00,1
2010-09-27 00:00:00,2010-09-27 00:00:00,56.1,2010-09-27 00:00:00,52.1,53,452,670900,36271020,2010-09-27 00:00:00,1
2010-09-28 00:00:00,2010-09-28 00:00:00,53.2,2010-09-28 00:00:00,50.6,51.5,309,477900,24806990,2010-09-28 00:00:00,1
2010-09-29 00:00:00,2010-09-29 00:00:00,53.7,2010-09-29 00:00:00,51.7,52.9,254,357300,18770850,2010-09-29 00:00:00,1
2010-09-30 00:00:00,2010-09-30 00:00:00,53.8,2010-09-30 00:00:00,52,52.6,205,244400,12913900,2010-09-30 00:00:00,1
2010-10-01 00:00:00,2010-10-01 00:00:00,53.5,2010-10-01 00:00:00,52.1,52.4,243,387400,20459500,2010-10-01 00:00:00,1
2010-10-04 00:00:00,2010-10-04 00:00:00,52.3,2010-10-04 00:00:00,49.4,50.2,271,210600,10671720,2010-10-04 00:00:00,1
2010-10-05 00:00:00,2010-10-05 00:00:00,51.2,2010-10-05 00:00:00,48.5,49.8,301,318200,15942430,2010-10-05 00:00:00,1
2010-10-06 00:00:00,2010-10-06 00:00:00,50.8,2010-10-06 00:00:00,47.7,48.3,202,194300,9449360,2010-10-06 00:00:00,1
2010-10-07 00:00:00,2010-10-07 00:00:00,50,2010-10-07 00:00:00,46,48.1,383,406800,19440340,2010-10-07 00:00:00,1
2010-10-08 00:00:00,2010-10-08 00:00:00,51,2010-10-08 00:00:00,46.9,50,208,209100,10295720,2010-10-08 00:00:00,1
2010-10-11 00:00:00,2010-10-11 00:00:00,55,2010-10-11 00:00:00,48.5,49,119,142600,7147300,2010-10-11 00:00:00,1
2010-10-12 00:00:00,2010-10-12 00:00:00,48,2010-10-12 00:00:00,45,45.4,243,286800,13218760,2010-10-12 00:00:00,1
2010-10-13 00:00:00,2010-10-13 00:00:00,47.9,2010-10-13 00:00:00,41,47.1,368,421300,18653910,2010-10-13 00:00:00,1
2010-10-14 00:00:00,2010-10-14 00:00:00,48.5,2010-10-14 00:00:00,45.2,46,120,89000,4216530,2010-10-14 00:00:00,1
2010-10-15 00:00:00,2010-10-15 00:00:00,46.4,2010-10-15 00:00:00,44.5,45.6,125,131200,5965740,2010-10-15 00:00:00,1
2010-10-18 00:00:00,2010-10-18 00:00:00,47.5,2010-10-18 00:00:00,44.2,45,90,88200,4029680,2010-10-18 00:00:00,1
2010-10-19 00:00:00,2010-10-19 00:00:00,49.6,2010-10-19 00:00:00,45,48.5,255,209400,9932680,2010-10-19 00:00:00,1
2010-10-20 00:00:00,2010-10-20 00:00:00,50,2010-10-20 00:00:00,46,46.6,234,254400,12229140,2010-10-20 00:00:00,1
2010-10-21 00:00:00,2010-10-21 00:00:00,48.9,2010-10-21 00:00:00,46.1,46.8,64,51700,2427780,2010-10-21 00:00:00,1
2010-10-25 00:00:00,2010-10-25 00:00:00,46.5,2010-10-25 00:00:00,46,46.1,57,64000,2948500,2010-10-25 00:00:00,1
2010-10-26 00:00:00,2010-10-26 00:00:00,46,2010-10-26 00:00:00,43,43.7,153,226500,10051730,2010-10-26 00:00:00,1
2010-10-27 00:00:00,2010-10-27 00:00:00,44.8,2010-10-27 00:00:00,43,44.1,97,82500,3627740,2010-10-27 00:00:00,1
2010-10-28 00:00:00,2010-10-28 00:00:00,44.7,2010-10-28 00:00:00,43.7,43.8,37,22500,988660,2010-10-28 00:00:00,1
2010-10-29 00:00:00,2010-10-29 00:00:00,47.4,2010-10-29 00:00:00,44,46.4,174,201700,9280200,2010-10-29 00:00:00,1
2010-11-01 00:00:00,2010-11-01 00:00:00,47,2010-11-01 00:00:00,45.6,46.8,90,66400,3080190,2010-11-01 00:00:00,1
2010-11-02 00:00:00,2010-11-02 00:00:00,46.1,2010-11-02 00:00:00,45.1,45.4,59,20700,941510,2010-11-02 00:00:00,1
2010-11-03 00:00:00,2010-11-03 00:00:00,45.9,2010-11-03 00:00:00,44.5,44.9,75,79000,3573250,2010-11-03 00:00:00,1
2010-11-04 00:00:00,2010-11-04 00:00:00,46,2010-11-04 00:00:00,44.5,44.8,68,35600,1598350,2010-11-04 00:00:00,1
2010-11-08 00:00:00,2010-11-08 00:00:00,46,2010-11-08 00:00:00,44.9,45,53,36300,1637000,2010-11-08 00:00:00,1
2010-11-09 00:00:00,2010-11-09 00:00:00,45,2010-11-09 00:00:00,44.5,44.6,58,50700,2273700,2010-11-09 00:00:00,1
2010-11-10 00:00:00,2010-11-10 00:00:00,44.5,2010-11-10 00:00:00,43.6,44.1,45,40800,1794050,2010-11-10 00:00:00,1
2010-11-11 00:00:00,2010-11-11 00:00:00,45.5,2010-11-11 00:00:00,43.7,45.1,38,31300,1401720,2010-11-11 00:00:00,1
2010-11-12 00:00:00,2010-11-12 00:00:00,46,2010-11-12 00:00:00,45,45.4,82,60000,2729930,2010-11-12 00:00:00,1
2010-11-15 00:00:00,2010-11-15 00:00:00,45.4,2010-11-15 00:00:00,42.5,43.4,72,63100,2750230,2010-11-15 00:00:00,1
2010-11-16 00:00:00,2010-11-16 00:00:00,43.5,2010-11-16 00:00:00,42.5,42.8,58,62300,2681460,2010-11-16 00:00:00,1
2010-11-18 00:00:00,2010-11-18 00:00:00,44.8,2010-11-18 00:00:00,43,44.4,98,75400,3343690,2010-11-18 00:00:00,1
2010-11-22 00:00:00,2010-11-22 00:00:00,45,2010-11-22 00:00:00,43.2,44.2,47,39100,1737850,2010-11-22 00:00:00,1
2010-11-23 00:00:00,2010-11-23 00:00:00,45,2010-11-23 00:00:00,42.7,42.9,79,83900,3650240,2010-11-23 00:00:00,1
2010-11-24 00:00:00,2010-11-24 00:00:00,43.7,2010-11-24 00:00:00,42.5,42.6,52,56300,2413370,2010-11-24 00:00:00,1
2010-11-25 00:00:00,2010-11-25 00:00:00,43,2010-11-25 00:00:00,41.5,41.9,55,30600,1284620,2010-11-25 00:00:00,1
2010-11-26 00:00:00,2010-11-26 00:00:00,43.4,2010-11-26 00:00:00,42.1,43.3,90,66500,2838200,2010-11-26 00:00:00,1
2010-11-29 00:00:00,2010-11-29 00:00:00,43.1,2010-11-29 00:00:00,40.1,40.7,98,76700,3193490,2010-11-29 00:00:00,1
2010-11-30 00:00:00,2010-11-30 00:00:00,45,2010-11-30 00:00:00,42.5,44.1,165,164100,7229410,2010-11-30 00:00:00,1
2010-12-01 00:00:00,2010-12-01 00:00:00,51.2,2010-12-01 00:00:00,44.8,50.1,663,1072300,52536030,2010-12-01 00:00:00,1
2010-12-02 00:00:00,2010-12-02 00:00:00,51.3,2010-12-02 00:00:00,48,48.2,290,356700,17667560,2010-12-02 00:00:00,1
2010-12-03 00:00:00,2010-12-03 00:00:00,48,2010-12-03 00:00:00,46.1,47.7,106,76100,3595530,2010-12-03 00:00:00,1
2010-12-06 00:00:00,2010-12-06 00:00:00,47.8,2010-12-06 00:00:00,46.1,46.8,45,27700,1294670,2010-12-06 00:00:00,1
2010-12-07 00:00:00,2010-12-07 00:00:00,46.4,2010-12-07 00:00:00,46,46.1,60,43500,2003150,2010-12-07 00:00:00,1
2010-12-08 00:00:00,2010-12-08 00:00:00,47,2010-12-08 00:00:00,45.1,45.9,48,42100,1917780,2010-12-08 00:00:00,1
2010-12-09 00:00:00,2010-12-09 00:00:00,47.1,2010-12-09 00:00:00,45,45.9,91,62400,2869830,2010-12-09 00:00:00,1
2010-12-10 00:00:00,2010-12-10 00:00:00,45.7,2010-12-10 00:00:00,45.1,45.3,28,19900,903300,2010-12-10 00:00:00,1
2010-12-13 00:00:00,2010-12-13 00:00:00,45.3,2010-12-13 00:00:00,44,44,47,44500,1980410,2010-12-13 00:00:00,1
2010-12-14 00:00:00,2010-12-14 00:00:00,44,2010-12-14 00:00:00,43,43.2,110,121700,5267690,2010-12-14 00:00:00,1
2010-12-15 00:00:00,2010-12-15 00:00:00,44,2010-12-15 00:00:00,43,43,41,34600,1492660,2010-12-15 00:00:00,1
2010-12-16 00:00:00,2010-12-16 00:00:00,44.4,2010-12-16 00:00:00,42.8,43,91,119900,5171530,2010-12-16 00:00:00,1
2010-12-17 00:00:00,2010-12-17 00:00:00,43.9,2010-12-17 00:00:00,42.9,43.1,29,24900,1071120,2010-12-17 00:00:00,1
2010-12-21 00:00:00,2010-12-21 00:00:00,44,2010-12-21 00:00:00,43.1,43.4,87,98700,4272710,2010-12-21 00:00:00,1
2010-12-22 00:00:00,2010-12-22 00:00:00,47,2010-12-22 00:00:00,43.5,46.3,247,432600,19771530,2010-12-22 00:00:00,1
2010-12-23 00:00:00,2010-12-23 00:00:00,47.4,2010-12-23 00:00:00,46.6,47,128,120700,5674070,2010-12-23 00:00:00,1
2010-12-24 00:00:00,2010-12-24 00:00:00,47,2010-12-24 00:00:00,46.6,46.8,37,31400,1468720,2010-12-24 00:00:00,1
2010-12-27 00:00:00,2010-12-27 00:00:00,47,2010-12-27 00:00:00,46,46.3,71,55200,2562690,2010-12-27 00:00:00,1
2010-12-28 00:00:00,2010-12-28 00:00:00,48,2010-12-28 00:00:00,45.8,46.5,145,183700,8628650,2010-12-28 00:00:00,1
2010-12-29 00:00:00,2010-12-29 00:00:00,46.9,2010-12-29 00:00:00,46,46.4,52,45100,2088650,2010-12-29 00:00:00,1
2010-12-30 00:00:00,2010-12-30 00:00:00,46,2010-12-30 00:00:00,44,45.5,128,142500,6418920,2010-12-30 00:00:00,1
2010-12-31 00:00:00,2010-12-31 00:00:00,46.2,2010-12-31 00:00:00,44.7,45.8,91,127100,5816140,2010-12-31 00:00:00,1
Company Id,:  MGT,Security,Type :  N,Sub Type,:  0000,,,,,
Short Name,:  HAYLEYS - MGT,,,,,,,,,
Day,Date High,High,Date Low,Low,Closing,No. of Trades,No. of Shares,Turnover,Last Traded,Days Traded
2010-01-04 00:00:00,2010-01-04 00:00:00,35,2010-01-04 00:00:00,34.5,34.75,28,45200,1577700,2010-01-04 00:00:00,1
2010-01-05 00:00:00,2010-01-05 00:00:00,35,2010-01-05 00:00:00,34.75,35,71,321200,11240875,2010-01-05 00:00:00,1
2010-01-06 00:00:00,2010-01-06 00:00:00,36.5,2010-01-06 00:00:00,35.5,36.25,168,437900,15862500,2010-01-06 00:00:00,1
2010-01-07 00:00:00,2010-01-07 00:00:00,37,2010-01-07 00:00:00,36,36.25,54,90100,3267950,2010-01-07 00:00:00,1
2010-01-08 00:00:00,2010-01-08 00:00:00,36.25,2010-01-08 00:00:00,36,36.25,22,24300,878875,2010-01-08 00:00:00,1
2010-01-11 00:00:00,2010-01-11 00:00:00,36.25,2010-01-11 00:00:00,36.25,36.25,12,7100,257375,2010-01-11 00:00:00,1
2010-01-12 00:00:00,2010-01-12 00:00:00,37,2010-01-12 00:00:00,36,36.25,10,7500,271725,2010-01-12 00:00:00,1
2010-01-13 00:00:00,2010-01-13 00:00:00,37,2010-01-13 00:00:00,36,36,19,26200,944625,2010-01-13 00:00:00,1
2010-01-15 00:00:00,2010-01-15 00:00:00,37,2010-01-15 00:00:00,35.5,35.75,54,53100,1930125,2010-01-15 00:00:00,1
2010-01-18 00:00:00,2010-01-18 00:00:00,36.25,2010-01-18 00:00:00,35.75,35.75,18,26400,950025,2010-01-18 00:00:00,1
2010-01-19 00:00:00,2010-01-19 00:00:00,35.75,2010-01-19 00:00:00,35.5,35.5,17,19700,700775,2010-01-19 00:00:00,1
2010-01-20 00:00:00,2010-01-20 00:00:00,36,2010-01-20 00:00:00,35.5,36,11,8000,284350,2010-01-20 00:00:00,1
2010-01-21 00:00:00,2010-01-21 00:00:00,36,2010-01-21 00:00:00,35.75,36,12,9200,330750,2010-01-21 00:00:00,1
2010-01-22 00:00:00,2010-01-22 00:00:00,36.75,2010-01-22 00:00:00,36,36,61,116800,4234950,2010-01-22 00:00:00,1
2010-01-25 00:00:00,2010-01-25 00:00:00,36.5,2010-01-25 00:00:00,35.75,36.25,79,200900,7236400,2010-01-25 00:00:00,1
2010-01-26 00:00:00,2010-01-26 00:00:00,37.5,2010-01-26 00:00:00,36.5,36.75,54,89800,3305750,2010-01-26 00:00:00,1
2010-01-28 00:00:00,2010-01-28 00:00:00,36.25,2010-01-28 00:00:00,35,35.75,42,74800,2649800,2010-01-28 00:00:00,1
2010-02-01 00:00:00,2010-02-01 00:00:00,37,2010-02-01 00:00:00,36,36,74,53300,1935275,2010-02-01 00:00:00,1
2010-02-02 00:00:00,2010-02-02 00:00:00,36.5,2010-02-02 00:00:00,36,36,34,38700,1404450,2010-02-02 00:00:00,1
2010-02-03 00:00:00,2010-02-03 00:00:00,36,2010-02-03 00:00:00,35.75,35.75,19,11300,404725,2010-02-03 00:00:00,1
2010-02-05 00:00:00,2010-02-05 00:00:00,36,2010-02-05 00:00:00,35.75,36,19,33600,1209550,2010-02-05 00:00:00,1
2010-02-08 00:00:00,2010-02-08 00:00:00,36,2010-02-08 00:00:00,35.5,35.5,14,10300,366425,2010-02-08 00:00:00,1
2010-02-09 00:00:00,2010-02-09 00:00:00,35.5,2010-02-09 00:00:00,34.75,35,32,56500,1982875,2010-02-09 00:00:00,1
2010-02-10 00:00:00,2010-02-10 00:00:00,35,2010-02-10 00:00:00,34.5,34.5,29,22000,764625,2010-02-10 00:00:00,1
2010-02-11 00:00:00,2010-02-11 00:00:00,34.5,2010-02-11 00:00:00,34,34,24,29700,1012900,2010-02-11 00:00:00,1
2010-02-12 00:00:00,2010-02-12 00:00:00,34,2010-02-12 00:00:00,34,34,7,2500,85000,2010-02-12 00:00:00,1
2010-02-15 00:00:00,2010-02-15 00:00:00,34,2010-02-15 00:00:00,34,34,9,4000,136000,2010-02-15 00:00:00,1
2010-02-16 00:00:00,2010-02-16 00:00:00,33.75,2010-02-16 00:00:00,33,33.25,24,19000,634550,2010-02-16 00:00:00,1
2010-02-17 00:00:00,2010-02-17 00:00:00,33.25,2010-02-17 00:00:00,32.5,33.25,12,8200,268525,2010-02-17 00:00:00,1
2010-02-18 00:00:00,2010-02-18 00:00:00,33.25,2010-02-18 00:00:00,33,33,3,900,29825,2010-02-18 00:00:00,1
2010-02-19 00:00:00,2010-02-19 00:00:00,35,2010-02-19 00:00:00,33,33.5,39,49700,1669675,2010-02-19 00:00:00,1
2010-02-22 00:00:00,2010-02-22 00:00:00,34,2010-02-22 00:00:00,33.5,33.5,20,9200,309625,2010-02-22 00:00:00,1
2010-02-23 00:00:00,2010-02-23 00:00:00,34,2010-02-23 00:00:00,33,33,16,12500,414850,2010-02-23 00:00:00,1
2010-02-24 00:00:00,2010-02-24 00:00:00,33,2010-02-24 00:00:00,32,32.5,21,19700,641625,2010-02-24 00:00:00,1
2010-02-25 00:00:00,2010-02-25 00:00:00,34,2010-02-25 00:00:00,32,32.5,17,17300,559900,2010-02-25 00:00:00,1
2010-02-26 00:00:00,2010-02-26 00:00:00,32.5,2010-02-26 00:00:00,32.5,32.5,1,1500,48750,2010-02-26 00:00:00,1
2010-03-01 00:00:00,2010-03-01 00:00:00,33.75,2010-03-01 00:00:00,32,33,21,282600,9049750,2010-03-01 00:00:00,1
2010-03-02 00:00:00,2010-03-02 00:00:00,34,2010-03-02 00:00:00,32.75,32.75,23,14000,467125,2010-03-02 00:00:00,1
2010-03-03 00:00:00,2010-03-03 00:00:00,35,2010-03-03 00:00:00,34,34,3,300,10300,2010-03-03 00:00:00,1
2010-03-04 00:00:00,2010-03-04 00:00:00,34.5,2010-03-04 00:00:00,33.25,33.75,7,12600,432975,2010-03-04 00:00:00,1
2010-03-05 00:00:00,2010-03-05 00:00:00,34,2010-03-05 00:00:00,33.25,33.25,11,12600,419325,2010-03-05 00:00:00,1
2010-03-08 00:00:00,2010-03-08 00:00:00,33,2010-03-08 00:00:00,33,33,10,13200,435600,2010-03-08 00:00:00,1
2010-03-09 00:00:00,2010-03-09 00:00:00,33.5,2010-03-09 00:00:00,33.5,33.5,5,10300,345050,2010-03-09 00:00:00,1
2010-03-10 00:00:00,2010-03-10 00:00:00,33,2010-03-10 00:00:00,33,33,2,1000,33000,2010-03-10 00:00:00,1
2010-03-11 00:00:00,2010-03-11 00:00:00,34,2010-03-11 00:00:00,33.75,33.75,12,7300,247600,2010-03-11 00:00:00,1
2010-03-12 00:00:00,2010-03-12 00:00:00,34.25,2010-03-12 00:00:00,34,34.25,13,17400,594025,2010-03-12 00:00:00,1
2010-03-15 00:00:00,2010-03-15 00:00:00,34.25,2010-03-15 00:00:00,33.75,33.75,7,4100,138575,2010-03-15 00:00:00,1
2010-03-17 00:00:00,2010-03-17 00:00:00,34,2010-03-17 00:00:00,34,34,5,1100,37400,2010-03-17 00:00:00,1
2010-03-18 00:00:00,2010-03-18 00:00:00,34.25,2010-03-18 00:00:00,32.5,33.75,15,20800,694475,2010-03-18 00:00:00,1
2010-03-19 00:00:00,2010-03-19 00:00:00,33.5,2010-03-19 00:00:00,33.25,33.25,3,1800,59975,2010-03-19 00:00:00,1
2010-03-22 00:00:00,2010-03-22 00:00:00,33,2010-03-22 00:00:00,32.75,33,6,4100,135175,2010-03-22 00:00:00,1
2010-03-23 00:00:00,2010-03-23 00:00:00,32.75,2010-03-23 00:00:00,32.5,32.5,18,11700,380900,2010-03-23 00:00:00,1
2010-03-25 00:00:00,2010-03-25 00:00:00,32.5,2010-03-25 00:00:00,32.25,32.25,9,5100,164500,2010-03-25 00:00:00,1
2010-03-26 00:00:00,2010-03-26 00:00:00,32,2010-03-26 00:00:00,31.75,31.75,16,9000,287200,2010-03-26 00:00:00,1
2010-03-30 00:00:00,2010-03-30 00:00:00,32,2010-03-30 00:00:00,31.75,32,3,1500,47900,2010-03-30 00:00:00,1
2010-03-31 00:00:00,2010-03-31 00:00:00,32.25,2010-03-31 00:00:00,32,32,6,4700,151025,2010-03-31 00:00:00,1
2010-04-01 00:00:00,2010-04-01 00:00:00,33.25,2010-04-01 00:00:00,32.5,33.25,9,10100,331400,2010-04-01 00:00:00,1
2010-04-05 00:00:00,2010-04-05 00:00:00,33.25,2010-04-05 00:00:00,33,33.25,4,3700,122925,2010-04-05 00:00:00,1
2010-04-06 00:00:00,2010-04-06 00:00:00,34.25,2010-04-06 00:00:00,33,34,22,17100,579200,2010-04-06 00:00:00,1
2010-04-07 00:00:00,2010-04-07 00:00:00,34,2010-04-07 00:00:00,33.75,34,15,13600,462375,2010-04-07 00:00:00,1
2010-04-08 00:00:00,2010-04-08 00:00:00,33.75,2010-04-08 00:00:00,33.5,33.75,10,14000,472375,2010-04-08 00:00:00,1
2010-04-12 00:00:00,2010-04-12 00:00:00,34.5,2010-04-12 00:00:00,33.75,33.75,29,27400,931775,2010-04-12 00:00:00,1
2010-04-16 00:00:00,2010-04-16 00:00:00,33.75,2010-04-16 00:00:00,33.75,33.75,3,3100,104625,2010-04-16 00:00:00,1
2010-04-19 00:00:00,2010-04-19 00:00:00,34.25,2010-04-19 00:00:00,33.75,34.25,11,8100,274600,2010-04-19 00:00:00,1
2010-04-20 00:00:00,2010-04-20 00:00:00,34.25,2010-04-20 00:00:00,34,34,12,48500,1649500,2010-04-20 00:00:00,1
2010-04-21 00:00:00,2010-04-21 00:00:00,34,2010-04-21 00:00:00,33.5,33.75,12,17600,592875,2010-04-21 00:00:00,1
2010-04-22 00:00:00,2010-04-22 00:00:00,34,2010-04-22 00:00:00,33.5,34,11,26400,897150,2010-04-22 00:00:00,1
2010-04-23 00:00:00,2010-04-23 00:00:00,34.25,2010-04-23 00:00:00,33.5,34.25,5,10600,359300,2010-04-23 00:00:00,1
2010-04-26 00:00:00,2010-04-26 00:00:00,36.75,2010-04-26 00:00:00,33.75,35,55,65400,2290675,2010-04-26 00:00:00,1
2010-04-27 00:00:00,2010-04-27 00:00:00,35.25,2010-04-27 00:00:00,34.75,34.75,28,18300,639325,2010-04-27 00:00:00,1
2010-04-29 00:00:00,2010-04-29 00:00:00,36,2010-04-29 00:00:00,34.5,35.25,39,34000,1202350,2010-04-29 00:00:00,1
2010-04-30 00:00:00,2010-04-30 00:00:00,36.5,2010-04-30 00:00:00,35.5,36,13,17200,619275,2010-04-30 00:00:00,1
2010-05-03 00:00:00,2010-05-03 00:00:00,36,2010-05-03 00:00:00,35.25,35.25,8,9800,348125,2010-05-03 00:00:00,1
2010-05-04 00:00:00,2010-05-04 00:00:00,36,2010-05-04 00:00:00,35.5,35.5,23,15500,553150,2010-05-04 00:00:00,1
2010-05-05 00:00:00,2010-05-05 00:00:00,35.25,2010-05-05 00:00:00,35,35.25,14,10200,359225,2010-05-05 00:00:00,1
2010-05-06 00:00:00,2010-05-06 00:00:00,35.25,2010-05-06 00:00:00,35,35,18,18600,651375,2010-05-06 00:00:00,1
2010-05-07 00:00:00,2010-05-07 00:00:00,35.25,2010-05-07 00:00:00,35,35.25,15,15500,545075,2010-05-07 00:00:00,1
2010-05-10 00:00:00,2010-05-10 00:00:00,35.25,2010-05-10 00:00:00,35,35.25,19,59800,2103200,2010-05-10 00:00:00,1
2010-05-11 00:00:00,2010-05-11 00:00:00,35.5,2010-05-11 00:00:00,35,35,10,12800,448600,2010-05-11 00:00:00,1
2010-05-12 00:00:00,2010-05-12 00:00:00,35,2010-05-12 00:00:00,34.5,34.5,8,13500,467125,2010-05-12 00:00:00,1
2010-05-13 00:00:00,2010-05-13 00:00:00,35,2010-05-13 00:00:00,34.5,35,6,7700,268450,2010-05-13 00:00:00,1
2010-05-14 00:00:00,2010-05-14 00:00:00,35.5,2010-05-14 00:00:00,34.5,35,14,22700,796950,2010-05-14 00:00:00,1
2010-05-17 00:00:00,2010-05-17 00:00:00,36.75,2010-05-17 00:00:00,35.75,36,62,66100,2398700,2010-05-17 00:00:00,1
2010-05-18 00:00:00,2010-05-18 00:00:00,36.75,2010-05-18 00:00:00,36,36,28,53000,1932950,2010-05-18 00:00:00,1
2010-05-19 00:00:00,2010-05-19 00:00:00,36.25,2010-05-19 00:00:00,35.75,36,16,8700,313500,2010-05-19 00:00:00,1
2010-05-20 00:00:00,2010-05-20 00:00:00,36.25,2010-05-20 00:00:00,35.75,36,38,30900,1115050,2010-05-20 00:00:00,1
2010-05-21 00:00:00,2010-05-21 00:00:00,36,2010-05-21 00:00:00,35.75,35.75,13,13600,487625,2010-05-21 00:00:00,1
2010-05-24 00:00:00,2010-05-24 00:00:00,36,2010-05-24 00:00:00,35,35.25,28,21000,743250,2010-05-24 00:00:00,1
2010-05-25 00:00:00,2010-05-25 00:00:00,35.5,2010-05-25 00:00:00,35.25,35.5,7,3600,127400,2010-05-25 00:00:00,1
2010-05-26 00:00:00,2010-05-26 00:00:00,36,2010-05-26 00:00:00,35.5,35.75,15,14800,529100,2010-05-26 00:00:00,1
2010-05-31 00:00:00,2010-05-31 00:00:00,35.75,2010-05-31 00:00:00,34.5,35.5,17,17000,594850,2010-05-31 00:00:00,1
2010-06-01 00:00:00,2010-06-01 00:00:00,36,2010-06-01 00:00:00,36,36,3,1200,43200,2010-06-01 00:00:00,1
2010-06-02 00:00:00,2010-06-02 00:00:00,36,2010-06-02 00:00:00,35.5,36,4,3000,107000,2010-06-02 00:00:00,1
2010-06-03 00:00:00,2010-06-03 00:00:00,36.25,2010-06-03 00:00:00,35.25,35.75,15,13900,499175,2010-06-03 00:00:00,1
2010-06-04 00:00:00,2010-06-04 00:00:00,36.5,2010-06-04 00:00:00,35.75,36,10,16300,586975,2010-06-04 00:00:00,1
2010-06-07 00:00:00,2010-06-07 00:00:00,36.5,2010-06-07 00:00:00,36,36,24,30800,1109875,2010-06-07 00:00:00,1
2010-06-08 00:00:00,2010-06-08 00:00:00,36.5,2010-06-08 00:00:00,36,36,8,9500,344500,2010-06-08 00:00:00,1
2010-06-09 00:00:00,2010-06-09 00:00:00,42.5,2010-06-09 00:00:00,36.75,39.5,384,531000,20979200,2010-06-09 00:00:00,1
2010-06-10 00:00:00,2010-06-10 00:00:00,39.75,2010-06-10 00:00:00,38,38.25,61,72900,2851050,2010-06-10 00:00:00,1
2010-06-11 00:00:00,2010-06-11 00:00:00,41.25,2010-06-11 00:00:00,38.5,40,122,448100,17872950,2010-06-11 00:00:00,1
2010-06-14 00:00:00,2010-06-14 00:00:00,44.75,2010-06-14 00:00:00,40,44,329,426400,18201475,2010-06-14 00:00:00,1
2010-06-15 00:00:00,2010-06-15 00:00:00,46.25,2010-06-15 00:00:00,43,44,438,628200,28489925,2010-06-15 00:00:00,1
2010-06-16 00:00:00,2010-06-16 00:00:00,45,2010-06-16 00:00:00,43,44.25,58,43500,1908900,2010-06-16 00:00:00,1
2010-06-17 00:00:00,2010-06-17 00:00:00,45,2010-06-17 00:00:00,44,44,74,62700,2794975,2010-06-17 00:00:00,1
2010-06-21 00:00:00,2010-06-21 00:00:00,49.25,2010-06-21 00:00:00,45,47,646,1246200,58887275,2010-06-21 00:00:00,1
2010-06-22 00:00:00,2010-06-22 00:00:00,49.5,2010-06-22 00:00:00,45.5,46,120,133800,6265150,2010-06-22 00:00:00,1
2010-06-23 00:00:00,2010-06-23 00:00:00,45.25,2010-06-23 00:00:00,42.75,43,94,87300,3791100,2010-06-23 00:00:00,1
2010-06-24 00:00:00,2010-06-24 00:00:00,43.5,2010-06-24 00:00:00,41.25,41.25,82,56600,2380100,2010-06-24 00:00:00,1
2010-06-28 00:00:00,2010-06-28 00:00:00,41.25,2010-06-28 00:00:00,38,39,111,126700,4973200,2010-06-28 00:00:00,1
2010-06-29 00:00:00,2010-06-29 00:00:00,40.5,2010-06-29 00:00:00,38,40,97,151200,5956350,2010-06-29 00:00:00,1
2010-06-30 00:00:00,2010-06-30 00:00:00,40,2010-06-30 00:00:00,39.5,39.5,15,12000,475650,2010-06-30 00:00:00,1
2010-07-01 00:00:00,2010-07-01 00:00:00,39.75,2010-07-01 00:00:00,39,39.5,30,29200,1141825,2010-07-01 00:00:00,1
2010-07-02 00:00:00,2010-07-02 00:00:00,40,2010-07-02 00:00:00,37,39.25,38,53700,2103050,2010-07-02 00:00:00,1
2010-07-05 00:00:00,2010-07-05 00:00:00,39,2010-07-05 00:00:00,39,39,18,15700,612300,2010-07-05 00:00:00,1
2010-07-06 00:00:00,2010-07-06 00:00:00,38,2010-07-06 00:00:00,37,37,38,95500,3570250,2010-07-06 00:00:00,1
2010-07-07 00:00:00,2010-07-07 00:00:00,37,2010-07-07 00:00:00,36,36.5,32,28300,1031425,2010-07-07 00:00:00,1
2010-07-08 00:00:00,2010-07-08 00:00:00,37.25,2010-07-08 00:00:00,36,37,12,7400,270600,2010-07-08 00:00:00,1
2010-07-09 00:00:00,2010-07-09 00:00:00,37.25,2010-07-09 00:00:00,36.25,36.75,10,5900,216975,2010-07-09 00:00:00,1
2010-07-12 00:00:00,2010-07-12 00:00:00,37,2010-07-12 00:00:00,36.5,37,15,13600,501600,2010-07-12 00:00:00,1
2010-07-13 00:00:00,2010-07-13 00:00:00,37,2010-07-13 00:00:00,36.25,36.5,14,9300,339400,2010-07-13 00:00:00,1
2010-07-14 00:00:00,2010-07-14 00:00:00,37,2010-07-14 00:00:00,36.5,37,6,3000,110500,2010-07-14 00:00:00,1
2010-07-15 00:00:00,2010-07-15 00:00:00,36.75,2010-07-15 00:00:00,35.5,35.75,27,18800,676575,2010-07-15 00:00:00,1
2010-07-16 00:00:00,2010-07-16 00:00:00,36,2010-07-16 00:00:00,35.5,35.5,18,13500,482150,2010-07-16 00:00:00,1
2010-07-19 00:00:00,2010-07-19 00:00:00,36.25,2010-07-19 00:00:00,35.75,36.25,27,23700,854575,2010-07-19 00:00:00,1
2010-07-20 00:00:00,2010-07-20 00:00:00,36.25,2010-07-20 00:00:00,36,36.25,35,58500,2118275,2010-07-20 00:00:00,1
2010-07-21 00:00:00,2010-07-21 00:00:00,37.5,2010-07-21 00:00:00,36.25,36.75,34,41800,1529850,2010-07-21 00:00:00,1
2010-07-22 00:00:00,2010-07-22 00:00:00,39,2010-07-22 00:00:00,36.25,36.25,43,52200,1914975,2010-07-22 00:00:00,1
2010-07-23 00:00:00,2010-07-23 00:00:00,38.75,2010-07-23 00:00:00,36.5,36.75,40,33700,1242700,2010-07-23 00:00:00,1
2010-07-26 00:00:00,2010-07-26 00:00:00,37.5,2010-07-26 00:00:00,36.25,36.75,22,41200,1509975,2010-07-26 00:00:00,1
2010-07-27 00:00:00,2010-07-27 00:00:00,36.5,2010-07-27 00:00:00,35.75,36,41,58700,2120825,2010-07-27 00:00:00,1
2010-07-28 00:00:00,2010-07-28 00:00:00,37.5,2010-07-28 00:00:00,35.5,37.25,30,40500,1478125,2010-07-28 00:00:00,1
2010-07-29 00:00:00,2010-07-29 00:00:00,36.75,2010-07-29 00:00:00,36.25,36.5,22,34600,1256825,2010-07-29 00:00:00,1
2010-07-30 00:00:00,2010-07-30 00:00:00,38.25,2010-07-30 00:00:00,36,37,26,62100,2290525,2010-07-30 00:00:00,1
2010-08-02 00:00:00,2010-08-02 00:00:00,37,2010-08-02 00:00:00,35.8,36,22,31000,1124250,2010-08-02 00:00:00,1
2010-08-03 00:00:00,2010-08-03 00:00:00,37.1,2010-08-03 00:00:00,35.7,35.7,19,24100,869430,2010-08-03 00:00:00,1
2010-08-04 00:00:00,2010-08-04 00:00:00,35.8,2010-08-04 00:00:00,34.7,35,60,70600,2479760,2010-08-04 00:00:00,1
2010-08-05 00:00:00,2010-08-05 00:00:00,38,2010-08-05 00:00:00,34.5,34.9,22,8600,301790,2010-08-05 00:00:00,1
2010-08-06 00:00:00,2010-08-06 00:00:00,34.2,2010-08-06 00:00:00,34.2,34.2,2,700,23940,2010-08-06 00:00:00,1
2010-08-09 00:00:00,2010-08-09 00:00:00,33,2010-08-09 00:00:00,31,31.1,30,13800,432370,2010-08-09 00:00:00,1
2010-08-10 00:00:00,2010-08-10 00:00:00,34,2010-08-10 00:00:00,31,33.9,24,9700,317380,2010-08-10 00:00:00,1
2010-08-11 00:00:00,2010-08-11 00:00:00,35.5,2010-08-11 00:00:00,34,34,20,17800,607800,2010-08-11 00:00:00,1
2010-08-12 00:00:00,2010-08-12 00:00:00,34,2010-08-12 00:00:00,34,34,1,500,17000,2010-08-12 00:00:00,1
2010-08-13 00:00:00,2010-08-13 00:00:00,33,2010-08-13 00:00:00,31,32.9,13,5000,159870,2010-08-13 00:00:00,1
2010-08-16 00:00:00,2010-08-16 00:00:00,35,2010-08-16 00:00:00,32.1,32.5,8,2400,78090,2010-08-16 00:00:00,1
2010-08-17 00:00:00,2010-08-17 00:00:00,32.5,2010-08-17 00:00:00,32.1,32.5,4,4500,145850,2010-08-17 00:00:00,1
2010-08-18 00:00:00,2010-08-18 00:00:00,32.6,2010-08-18 00:00:00,32.4,32.4,15,6200,201440,2010-08-18 00:00:00,1
2010-08-19 00:00:00,2010-08-19 00:00:00,34,2010-08-19 00:00:00,32.5,33,73,169900,5603700,2010-08-19 00:00:00,1
2010-08-20 00:00:00,2010-08-20 00:00:00,34,2010-08-20 00:00:00,33,33,5,7400,244430,2010-08-20 00:00:00,1
2010-08-23 00:00:00,2010-08-23 00:00:00,33.2,2010-08-23 00:00:00,33,33.2,4,6200,205040,2010-08-23 00:00:00,1
2010-08-25 00:00:00,2010-08-25 00:00:00,33.5,2010-08-25 00:00:00,33.1,33.2,8,7000,232420,2010-08-25 00:00:00,1
2010-08-26 00:00:00,2010-08-26 00:00:00,34,2010-08-26 00:00:00,32.1,33.1,17,42100,1391930,2010-08-26 00:00:00,1
2010-08-27 00:00:00,2010-08-27 00:00:00,36,2010-08-27 00:00:00,33.1,33.6,22,12300,428600,2010-08-27 00:00:00,1
2010-08-30 00:00:00,2010-08-30 00:00:00,33.7,2010-08-30 00:00:00,33,33.2,11,4800,159660,2010-08-30 00:00:00,1
2010-08-31 00:00:00,2010-08-31 00:00:00,33.2,2010-08-31 00:00:00,33,33.1,14,28700,949950,2010-08-31 00:00:00,1
2010-09-01 00:00:00,2010-09-01 00:00:00,36.4,2010-09-01 00:00:00,33,36.1,42,49300,1724690,2010-09-01 00:00:00,1
2010-09-02 00:00:00,2010-09-02 00:00:00,35.9,2010-09-02 00:00:00,35.2,35.7,20,18500,661650,2010-09-02 00:00:00,1
2010-09-03 00:00:00,2010-09-03 00:00:00,36.8,2010-09-03 00:00:00,33.8,34.7,10,7400,256680,2010-09-03 00:00:00,1
2010-09-06 00:00:00,2010-09-06 00:00:00,36.5,2010-09-06 00:00:00,34,34.2,4,2000,71840,2010-09-06 00:00:00,1
2010-09-07 00:00:00,2010-09-07 00:00:00,34.5,2010-09-07 00:00:00,33,34,20,22500,760690,2010-09-07 00:00:00,1
2010-09-08 00:00:00,2010-09-08 00:00:00,34.5,2010-09-08 00:00:00,34,34.5,34,31900,1089290,2010-09-08 00:00:00,1
2010-09-09 00:00:00,2010-09-09 00:00:00,36,2010-09-09 00:00:00,34.1,35.5,50,130900,4637440,2010-09-09 00:00:00,1
2010-09-13 00:00:00,2010-09-13 00:00:00,36.7,2010-09-13 00:00:00,35,35.1,19,20400,724670,2010-09-13 00:00:00,1
2010-09-14 00:00:00,2010-09-14 00:00:00,35.5,2010-09-14 00:00:00,34.3,35,18,14400,501880,2010-09-14 00:00:00,1
2010-09-15 00:00:00,2010-09-15 00:00:00,36,2010-09-15 00:00:00,35.3,35.4,4,1300,46130,2010-09-15 00:00:00,1
2010-09-16 00:00:00,2010-09-16 00:00:00,38.9,2010-09-16 00:00:00,34.2,38.6,182,151100,5701920,2010-09-16 00:00:00,1
2010-09-17 00:00:00,2010-09-17 00:00:00,39.2,2010-09-17 00:00:00,35,37.6,66,102900,3857810,2010-09-17 00:00:00,1
2010-09-20 00:00:00,2010-09-20 00:00:00,44,2010-09-20 00:00:00,38,42.5,290,521800,21945840,2010-09-20 00:00:00,1
2010-09-21 00:00:00,2010-09-21 00:00:00,55,2010-09-21 00:00:00,41.6,52.6,501,1245400,60491140,2010-09-21 00:00:00,1
2010-09-23 00:00:00,2010-09-23 00:00:00,57,2010-09-23 00:00:00,44.9,46.9,198,265000,13202440,2010-09-23 00:00:00,1
2010-09-24 00:00:00,2010-09-24 00:00:00,47,2010-09-24 00:00:00,44.6,45.9,86,117100,5285050,2010-09-24 00:00:00,1
2010-09-27 00:00:00,2010-09-27 00:00:00,44.5,2010-09-27 00:00:00,42,44.1,40,71900,3063770,2010-09-27 00:00:00,1
2010-09-28 00:00:00,2010-09-28 00:00:00,44,2010-09-28 00:00:00,42.6,42.7,31,25700,1099760,2010-09-28 00:00:00,1
2010-09-29 00:00:00,2010-09-29 00:00:00,48.6,2010-09-29 00:00:00,43,46.8,119,134600,6196330,2010-09-29 00:00:00,1
2010-09-30 00:00:00,2010-09-30 00:00:00,48,2010-09-30 00:00:00,45,46.1,45,85400,3938440,2010-09-30 00:00:00,1
2010-10-01 00:00:00,2010-10-01 00:00:00,46.5,2010-10-01 00:00:00,45,45.2,31,46600,2140360,2010-10-01 00:00:00,1
2010-10-04 00:00:00,2010-10-04 00:00:00,44.9,2010-10-04 00:00:00,44,44.3,10,4300,190800,2010-10-04 00:00:00,1
2010-10-05 00:00:00,2010-10-05 00:00:00,44.1,2010-10-05 00:00:00,41.5,41.9,11,4800,204930,2010-10-05 00:00:00,1
2010-10-06 00:00:00,2010-10-06 00:00:00,43,2010-10-06 00:00:00,41.5,42.4,19,7900,331300,2010-10-06 00:00:00,1
2010-10-07 00:00:00,2010-10-07 00:00:00,41,2010-10-07 00:00:00,40.1,41,27,16200,660310,2010-10-07 00:00:00,1
2010-10-08 00:00:00,2010-10-08 00:00:00,45,2010-10-08 00:00:00,41.9,43.3,19,15800,684140,2010-10-08 00:00:00,1
2010-10-11 00:00:00,2010-10-11 00:00:00,43,2010-10-11 00:00:00,42.2,42.9,6,1800,76550,2010-10-11 00:00:00,1
2010-10-12 00:00:00,2010-10-12 00:00:00,40.1,2010-10-12 00:00:00,38.1,38.5,12,5300,207230,2010-10-12 00:00:00,1
2010-10-13 00:00:00,2010-10-13 00:00:00,39.5,2010-10-13 00:00:00,35,37.3,33,35500,1302430,2010-10-13 00:00:00,1
2010-10-14 00:00:00,2010-10-14 00:00:00,38.5,2010-10-14 00:00:00,38.5,38.5,3,500,19250,2010-10-14 00:00:00,1
2010-10-15 00:00:00,2010-10-15 00:00:00,42,2010-10-15 00:00:00,39,40.6,26,22000,891920,2010-10-15 00:00:00,1
2010-10-18 00:00:00,2010-10-18 00:00:00,41,2010-10-18 00:00:00,38.5,40,13,42200,1688410,2010-10-18 00:00:00,1
2010-10-19 00:00:00,2010-10-19 00:00:00,40.5,2010-10-19 00:00:00,39,39.6,15,11900,470850,2010-10-19 00:00:00,1
2010-10-20 00:00:00,2010-10-20 00:00:00,39.5,2010-10-20 00:00:00,39,39.3,8,7900,310300,2010-10-20 00:00:00,1
2010-10-21 00:00:00,2010-10-21 00:00:00,38.1,2010-10-21 00:00:00,38,38.1,5,3600,137010,2010-10-21 00:00:00,1
2010-10-25 00:00:00,2010-10-25 00:00:00,38,2010-10-25 00:00:00,38,38,2,6000,228000,2010-10-25 00:00:00,1
2010-10-26 00:00:00,2010-10-26 00:00:00,38,2010-10-26 00:00:00,37.6,37.8,9,4300,162510,2010-10-26 00:00:00,1
2010-10-27 00:00:00,2010-10-27 00:00:00,39.9,2010-10-27 00:00:00,35,35.4,55,81100,2949740,2010-10-27 00:00:00,1
2010-10-28 00:00:00,2010-10-28 00:00:00,37,2010-10-28 00:00:00,35,35.9,16,4200,150510,2010-10-28 00:00:00,1
2010-10-29 00:00:00,2010-10-29 00:00:00,36.6,2010-10-29 00:00:00,36,36.1,12,14600,533370,2010-10-29 00:00:00,1
2010-11-01 00:00:00,2010-11-01 00:00:00,36,2010-11-01 00:00:00,35,35.6,23,41600,1464850,2010-11-01 00:00:00,1
2010-11-02 00:00:00,2010-11-02 00:00:00,36.3,2010-11-02 00:00:00,34.5,35.6,29,51000,1798700,2010-11-02 00:00:00,1
2010-11-03 00:00:00,2010-11-03 00:00:00,35,2010-11-03 00:00:00,35,35,7,8900,311500,2010-11-03 00:00:00,1
2010-11-04 00:00:00,2010-11-04 00:00:00,36.9,2010-11-04 00:00:00,35,36.8,18,48100,1746070,2010-11-04 00:00:00,1
2010-11-08 00:00:00,2010-11-08 00:00:00,38,2010-11-08 00:00:00,35.3,35.4,19,24800,937890,2010-11-08 00:00:00,1
2010-11-09 00:00:00,2010-11-09 00:00:00,35.8,2010-11-09 00:00:00,35,35.8,16,16200,569270,2010-11-09 00:00:00,1
2010-11-10 00:00:00,2010-11-10 00:00:00,35.5,2010-11-10 00:00:00,34,34,34,33800,1173730,2010-11-10 00:00:00,1
2010-11-11 00:00:00,2010-11-11 00:00:00,34.9,2010-11-11 00:00:00,33.3,34.3,7,3300,112690,2010-11-11 00:00:00,1
2010-11-12 00:00:00,2010-11-12 00:00:00,35.4,2010-11-12 00:00:00,35,35,7,10900,381540,2010-11-12 00:00:00,1
2010-11-15 00:00:00,2010-11-15 00:00:00,35,2010-11-15 00:00:00,34.5,34.5,15,19200,671150,2010-11-15 00:00:00,1
2010-11-16 00:00:00,2010-11-16 00:00:00,34.5,2010-11-16 00:00:00,34.4,34.5,5,2100,72430,2010-11-16 00:00:00,1
2010-11-22 00:00:00,2010-11-22 00:00:00,37,2010-11-22 00:00:00,35,36.2,11,29500,1080210,2010-11-22 00:00:00,1
2010-11-23 00:00:00,2010-11-23 00:00:00,34.5,2010-11-23 00:00:00,33.6,33.6,26,15600,531400,2010-11-23 00:00:00,1
2010-11-24 00:00:00,2010-11-24 00:00:00,33.2,2010-11-24 00:00:00,33,33,21,21500,709640,2010-11-24 00:00:00,1
2010-11-25 00:00:00,2010-11-25 00:00:00,33,2010-11-25 00:00:00,32.5,32.5,12,4600,150650,2010-11-25 00:00:00,1
2010-11-26 00:00:00,2010-11-26 00:00:00,33,2010-11-26 00:00:00,32,32.1,10,3900,125470,2010-11-26 00:00:00,1
2010-11-29 00:00:00,2010-11-29 00:00:00,32,2010-11-29 00:00:00,30,31.9,35,37300,1163270,2010-11-29 00:00:00,1
2010-11-30 00:00:00,2010-11-30 00:00:00,33.5,2010-11-30 00:00:00,31.5,32.8,27,32800,1057980,2010-11-30 00:00:00,1
2010-12-01 00:00:00,2010-12-01 00:00:00,34.4,2010-12-01 00:00:00,33.5,34,26,18900,641530,2010-12-01 00:00:00,1
2010-12-02 00:00:00,2010-12-02 00:00:00,34,2010-12-02 00:00:00,34,34,4,6000,204000,2010-12-02 00:00:00,1
2010-12-03 00:00:00,2010-12-03 00:00:00,33.1,2010-12-03 00:00:00,33,33,16,39100,1291100,2010-12-03 00:00:00,1
2010-12-06 00:00:00,2010-12-06 00:00:00,32.8,2010-12-06 00:00:00,32.5,32.7,6,15100,494150,2010-12-06 00:00:00,1
2010-12-08 00:00:00,2010-12-08 00:00:00,32.6,2010-12-08 00:00:00,32.5,32.6,8,38300,1246810,2010-12-08 00:00:00,1
2010-12-09 00:00:00,2010-12-09 00:00:00,32.5,2010-12-09 00:00:00,30.8,31,31,29600,921830,2010-12-09 00:00:00,1
2010-12-10 00:00:00,2010-12-10 00:00:00,31.2,2010-12-10 00:00:00,31,31.1,6,16800,521080,2010-12-10 00:00:00,1
2010-12-14 00:00:00,2010-12-14 00:00:00,31,2010-12-14 00:00:00,30,30.1,42,43400,1304890,2010-12-14 00:00:00,1
2010-12-15 00:00:00,2010-12-15 00:00:00,30.4,2010-12-15 00:00:00,30,30.4,10,9000,271390,2010-12-15 00:00:00,1
2010-12-16 00:00:00,2010-12-16 00:00:00,30,2010-12-16 00:00:00,30,30,2,5100,153000,2010-12-16 00:00:00,1
2010-12-17 00:00:00,2010-12-17 00:00:00,30,2010-12-17 00:00:00,28.6,30,13,9700,285470,2010-12-17 00:00:00,1
2010-12-21 00:00:00,2010-12-21 00:00:00,30,2010-12-21 00:00:00,29,30,21,12000,357200,2010-12-21 00:00:00,1
2010-12-22 00:00:00,2010-12-22 00:00:00,33.3,2010-12-22 00:00:00,30,32.3,38,26800,846340,2010-12-22 00:00:00,1
2010-12-23 00:00:00,2010-12-23 00:00:00,33,2010-12-23 00:00:00,30.6,32.8,16,12200,394930,2010-12-23 00:00:00,1
2010-12-24 00:00:00,2010-12-24 00:00:00,32,2010-12-24 00:00:00,31,32,5,1900,60700,2010-12-24 00:00:00,1
2010-12-27 00:00:00,2010-12-27 00:00:00,32.9,2010-12-27 00:00:00,31.5,32,11,8000,257040,2010-12-27 00:00:00,1
2010-12-28 00:00:00,2010-12-28 00:00:00,32.6,2010-12-28 00:00:00,32,32.4,31,22400,718300,2010-12-28 00:00:00,1
2010-12-29 00:00:00,2010-12-29 00:00:00,32.5,2010-12-29 00:00:00,32,32.5,9,11800,378090,2010-12-29 00:00:00,1
2010-12-30 00:00:00,2010-12-30 00:00:00,32.2,2010-12-30 00:00:00,32,32,3,1100,35220,2010-12-30 00:00:00,1
2010-12-31 00:00:00,2010-12-31 00:00:00,32,2010-12-31 00:00:00,31.9,32,6,6100,195190,2010-12-31 00:00:00,1
Company Id,:  MIRA,Security,Type :  N,Sub Type,:  0000,,,,,
Short Name,:  MIRAMAR,,,,,,,,,
Day,Date High,High,Date Low,Low,Closing,No. of Trades,No. of Shares,Turnover,Last Traded,Days Traded
2010-01-08 00:00:00,2010-01-08 00:00:00,70,2010-01-08 00:00:00,65,69,10,41300,2769200,2010-01-08 00:00:00,1
2010-01-20 00:00:00,2010-01-20 00:00:00,69,2010-01-20 00:00:00,69,69,5,15900,1097100,2010-01-20 00:00:00,1
2010-02-09 00:00:00,2010-02-09 00:00:00,75,2010-02-09 00:00:00,71,73.5,9,38000,2723425,2010-02-09 00:00:00,1
2010-03-05 00:00:00,2010-03-05 00:00:00,78.75,2010-03-05 00:00:00,70,78,9,3700,277675,2010-03-05 00:00:00,1
2010-03-09 00:00:00,2010-03-09 00:00:00,76,2010-03-09 00:00:00,75,76,2,600,45500,2010-03-09 00:00:00,1
2010-03-11 00:00:00,2010-03-11 00:00:00,80,2010-03-11 00:00:00,78,79.5,3,10200,795900,2010-03-11 00:00:00,1
2010-04-08 00:00:00,2010-04-08 00:00:00,87,2010-04-08 00:00:00,85,85.25,2,2000,170400,2010-04-08 00:00:00,1
2010-04-12 00:00:00,2010-04-12 00:00:00,95,2010-04-12 00:00:00,89.5,94.75,5,4300,406900,2010-04-12 00:00:00,1
2010-04-19 00:00:00,2010-04-19 00:00:00,90,2010-04-19 00:00:00,90,90,5,25500,2295000,2010-04-19 00:00:00,1
2010-07-02 00:00:00,2010-07-02 00:00:00,90,2010-07-02 00:00:00,90,90,2,1300,117000,2010-07-02 00:00:00,1
2010-07-13 00:00:00,2010-07-13 00:00:00,89.75,2010-07-13 00:00:00,89.75,89.75,1,100,8975,2010-07-13 00:00:00,1
2010-07-23 00:00:00,2010-07-23 00:00:00,89.25,2010-07-23 00:00:00,89.25,89.25,1,200,17850,2010-07-23 00:00:00,1
2010-07-26 00:00:00,2010-07-26 00:00:00,90,2010-07-26 00:00:00,90,90,1,500,45000,2010-07-26 00:00:00,1
2010-08-23 00:00:00,2010-08-23 00:00:00,98,2010-08-23 00:00:00,90,92.3,8,3200,295400,2010-08-23 00:00:00,1
2010-08-25 00:00:00,2010-08-25 00:00:00,101.5,2010-08-25 00:00:00,101,101.3,2,300,30400,2010-08-25 00:00:00,1
2010-09-07 00:00:00,2010-09-07 00:00:00,110,2010-09-07 00:00:00,110,110,1,100,11000,2010-09-07 00:00:00,1
2010-09-14 00:00:00,2010-09-14 00:00:00,100,2010-09-14 00:00:00,100,100,2,200,20000,2010-09-14 00:00:00,1
2010-09-17 00:00:00,2010-09-17 00:00:00,100,2010-09-17 00:00:00,100,100,1,100,10000,2010-09-17 00:00:00,1
2010-09-27 00:00:00,2010-09-27 00:00:00,110,2010-09-27 00:00:00,99.5,104.8,3,4800,502850,2010-09-27 00:00:00,1
2010-10-08 00:00:00,2010-10-08 00:00:00,90,2010-10-08 00:00:00,90,90,2,200,18000,2010-10-08 00:00:00,1
2010-10-20 00:00:00,2010-10-20 00:00:00,90,2010-10-20 00:00:00,90,90,2,200,18000,2010-10-20 00:00:00,1
2010-10-21 00:00:00,2010-10-21 00:00:00,180,2010-10-21 00:00:00,105,151,40,6300,936590,2010-10-21 00:00:00,1
2010-10-25 00:00:00,2010-10-25 00:00:00,185,2010-10-25 00:00:00,170.1,170.1,19,2800,500770,2010-10-25 00:00:00,1
2010-10-26 00:00:00,2010-10-26 00:00:00,185,2010-10-26 00:00:00,136.1,143.1,13,1600,267530,2010-10-26 00:00:00,1
2010-10-28 00:00:00,2010-10-28 00:00:00,135,2010-10-28 00:00:00,135,135,1,500,67500,2010-10-28 00:00:00,1
2010-12-27 00:00:00,2010-12-27 00:00:00,130,2010-12-27 00:00:00,130,130,1,100,13000,2010-12-27 00:00:00,1
Company Id,:  MORI,Security,Type :  N,Sub Type,:  0000,,,,,
Short Name,:  MORISONS,,,,,,,,,
Day,Date High,High,Date Low,Low,Closing,No. of Trades,No. of Shares,Turnover,Last Traded,Days Traded
2010-01-22 00:00:00,2010-01-22 00:00:00,850,2010-01-22 00:00:00,850,850,1,100,85000,2010-01-22 00:00:00,1
2010-02-05 00:00:00,2010-02-05 00:00:00,849.75,2010-02-05 00:00:00,849.75,849.75,2,1000,849750,2010-02-05 00:00:00,1
2010-02-18 00:00:00,2010-02-18 00:00:00,900,2010-02-18 00:00:00,810,900,2,200,171000,2010-02-18 00:00:00,1
2010-02-24 00:00:00,2010-02-24 00:00:00,900,2010-02-24 00:00:00,900,900,1,100,90000,2010-02-24 00:00:00,1
2010-02-25 00:00:00,2010-02-25 00:00:00,949,2010-02-25 00:00:00,900,919.5,3,500,459800,2010-02-25 00:00:00,1
2010-02-26 00:00:00,2010-02-26 00:00:00,1050,2010-02-26 00:00:00,998,1050,4,400,404800,2010-02-26 00:00:00,1
2010-03-02 00:00:00,2010-03-02 00:00:00,1060,2010-03-02 00:00:00,1060,1060,1,100,106000,2010-03-02 00:00:00,1
2010-03-03 00:00:00,2010-03-03 00:00:00,1000,2010-03-03 00:00:00,1000,1000,1,100,100000,2010-03-03 00:00:00,1
2010-03-04 00:00:00,2010-03-04 00:00:00,1200,2010-03-04 00:00:00,1050,1100,8,800,885000,2010-03-04 00:00:00,1
2010-03-05 00:00:00,2010-03-05 00:00:00,1000,2010-03-05 00:00:00,1000,1000,2,600,600000,2010-03-05 00:00:00,1
2010-03-12 00:00:00,2010-03-12 00:00:00,1000,2010-03-12 00:00:00,950,990,6,1000,970000,2010-03-12 00:00:00,1
2010-03-18 00:00:00,2010-03-18 00:00:00,950,2010-03-18 00:00:00,900,900,2,300,275000,2010-03-18 00:00:00,1
2010-04-26 00:00:00,2010-04-26 00:00:00,950,2010-04-26 00:00:00,950,950,1,100,95000,2010-04-26 00:00:00,1
2010-05-10 00:00:00,2010-05-10 00:00:00,950,2010-05-10 00:00:00,950,950,1,100,95000,2010-05-10 00:00:00,1
2010-05-21 00:00:00,2010-05-21 00:00:00,940,2010-05-21 00:00:00,940,940,1,100,94000,2010-05-21 00:00:00,1
2010-06-03 00:00:00,2010-06-03 00:00:00,900,2010-06-03 00:00:00,875,881.25,2,400,352500,2010-06-03 00:00:00,1
2010-06-04 00:00:00,2010-06-04 00:00:00,875,2010-06-04 00:00:00,875,875,1,100,87500,2010-06-04 00:00:00,1
2010-06-21 00:00:00,2010-06-21 00:00:00,900,2010-06-21 00:00:00,900,900,1,300,270000,2010-06-21 00:00:00,1
2010-06-23 00:00:00,2010-06-23 00:00:00,880,2010-06-23 00:00:00,875,877.5,2,200,175500,2010-06-23 00:00:00,1
2010-06-29 00:00:00,2010-06-29 00:00:00,900,2010-06-29 00:00:00,900,900,1,300,270000,2010-06-29 00:00:00,1
2010-07-07 00:00:00,2010-07-07 00:00:00,900,2010-07-07 00:00:00,900,900,2,400,360000,2010-07-07 00:00:00,1
2010-07-09 00:00:00,2010-07-09 00:00:00,900,2010-07-09 00:00:00,900,900,1,100,90000,2010-07-09 00:00:00,1
2010-07-13 00:00:00,2010-07-13 00:00:00,900.25,2010-07-13 00:00:00,900.25,900.25,1,100,90025,2010-07-13 00:00:00,1
2010-07-14 00:00:00,2010-07-14 00:00:00,950,2010-07-14 00:00:00,950,950,1,100,95000,2010-07-14 00:00:00,1
2010-07-15 00:00:00,2010-07-15 00:00:00,925,2010-07-15 00:00:00,925,925,1,100,92500,2010-07-15 00:00:00,1
2010-07-20 00:00:00,2010-07-20 00:00:00,950,2010-07-20 00:00:00,950,950,1,400,380000,2010-07-20 00:00:00,1
2010-07-21 00:00:00,2010-07-21 00:00:00,960,2010-07-21 00:00:00,950,960,2,200,191000,2010-07-21 00:00:00,1
2010-07-23 00:00:00,2010-07-23 00:00:00,970,2010-07-23 00:00:00,970,970,1,100,97000,2010-07-23 00:00:00,1
2010-07-26 00:00:00,2010-07-26 00:00:00,970,2010-07-26 00:00:00,970,970,1,100,97000,2010-07-26 00:00:00,1
2010-07-28 00:00:00,2010-07-28 00:00:00,1000,2010-07-28 00:00:00,950,983.75,4,500,488500,2010-07-28 00:00:00,1
2010-07-30 00:00:00,2010-07-30 00:00:00,999.5,2010-07-30 00:00:00,900,900,2,200,189950,2010-07-30 00:00:00,1
2010-08-04 00:00:00,2010-08-04 00:00:00,950,2010-08-04 00:00:00,950,950,1,100,95000,2010-08-04 00:00:00,1
2010-08-10 00:00:00,2010-08-10 00:00:00,900,2010-08-10 00:00:00,880,900,3,500,442000,2010-08-10 00:00:00,1
2010-08-12 00:00:00,2010-08-12 00:00:00,950,2010-08-12 00:00:00,950,950,2,400,380000,2010-08-12 00:00:00,1
2010-08-13 00:00:00,2010-08-13 00:00:00,1000,2010-08-13 00:00:00,1000,1000,2,200,200000,2010-08-13 00:00:00,1
2010-08-16 00:00:00,2010-08-16 00:00:00,1100,2010-08-16 00:00:00,1080,1100,18,2000,2195650,2010-08-16 00:00:00,1
2010-08-17 00:00:00,2010-08-17 00:00:00,1210,2010-08-17 00:00:00,1195,1204,10,1900,2287500,2010-08-17 00:00:00,1
2010-08-18 00:00:00,2010-08-18 00:00:00,1320,2010-08-18 00:00:00,1310,1320,6,600,791000,2010-08-18 00:00:00,1
2010-08-19 00:00:00,2010-08-19 00:00:00,1452,2010-08-19 00:00:00,1433,1450.8,6,600,868700,2010-08-19 00:00:00,1
2010-08-20 00:00:00,2010-08-20 00:00:00,1595.8,2010-08-20 00:00:00,1450,1585,7,700,1086810,2010-08-20 00:00:00,1
2010-08-23 00:00:00,2010-08-23 00:00:00,1743.5,2010-08-23 00:00:00,1426.5,1426.5,3,300,475500,2010-08-23 00:00:00,1
2010-08-25 00:00:00,2010-08-25 00:00:00,1569.1,2010-08-25 00:00:00,1560,1561.7,4,400,625410,2010-08-25 00:00:00,1
2010-08-30 00:00:00,2010-08-30 00:00:00,1455,2010-08-30 00:00:00,1406,1406,4,400,572400,2010-08-30 00:00:00,1
2010-08-31 00:00:00,2010-08-31 00:00:00,1406,2010-08-31 00:00:00,1399,1399,2,200,280500,2010-08-31 00:00:00,1
2010-09-01 00:00:00,2010-09-01 00:00:00,1300,2010-09-01 00:00:00,1262,1293.7,4,700,906200,2010-09-01 00:00:00,1
2010-09-02 00:00:00,2010-09-02 00:00:00,1400,2010-09-02 00:00:00,1400,1400,6,600,840000,2010-09-02 00:00:00,1
2010-09-03 00:00:00,2010-09-03 00:00:00,1430,2010-09-03 00:00:00,1430,1430,1,400,572000,2010-09-03 00:00:00,1
2010-09-14 00:00:00,2010-09-14 00:00:00,1430,2010-09-14 00:00:00,1430,1430,1,100,143000,2010-09-14 00:00:00,1
2010-09-21 00:00:00,2010-09-21 00:00:00,1590,2010-09-21 00:00:00,1450,1587.5,7,900,1355500,2010-09-21 00:00:00,1
2010-09-23 00:00:00,2010-09-23 00:00:00,1900,2010-09-23 00:00:00,1800,1800,8,800,1464990,2010-09-23 00:00:00,1
2010-09-24 00:00:00,2010-09-24 00:00:00,2000,2010-09-24 00:00:00,1850,1930,16,1600,3124300,2010-09-24 00:00:00,1
2010-09-27 00:00:00,2010-09-27 00:00:00,2400,2010-09-27 00:00:00,2000,2300,12,1200,2760000,2010-09-27 00:00:00,1
2010-09-28 00:00:00,2010-09-28 00:00:00,2499,2010-09-28 00:00:00,2002,2333.3,2,300,700000,2010-09-28 00:00:00,1
2010-10-04 00:00:00,2010-10-04 00:00:00,2000,2010-10-04 00:00:00,2000,2000,1,100,200000,2010-10-04 00:00:00,1
2010-10-08 00:00:00,2010-10-08 00:00:00,1600,2010-10-08 00:00:00,1550,1554.6,2,1100,1710000,2010-10-08 00:00:00,1
2010-10-12 00:00:00,2010-10-12 00:00:00,1300,2010-10-12 00:00:00,1300,1300,1,100,130000,2010-10-12 00:00:00,1
2010-10-13 00:00:00,2010-10-13 00:00:00,1300,2010-10-13 00:00:00,1000,1300,5,500,550000,2010-10-13 00:00:00,1
2010-10-15 00:00:00,2010-10-15 00:00:00,1450,2010-10-15 00:00:00,1300,1450,11,2300,3080000,2010-10-15 00:00:00,1
2010-10-19 00:00:00,2010-10-19 00:00:00,1450,2010-10-19 00:00:00,1450,1450,1,100,145000,2010-10-19 00:00:00,1
2010-10-29 00:00:00,2010-10-29 00:00:00,1500,2010-10-29 00:00:00,1500,1500,1,100,150000,2010-10-29 00:00:00,1
2010-11-03 00:00:00,2010-11-03 00:00:00,1499.7,2010-11-03 00:00:00,1499.7,1499.7,1,400,599880,2010-11-03 00:00:00,1
2010-11-08 00:00:00,2010-11-08 00:00:00,1300,2010-11-08 00:00:00,1300,1300,1,100,130000,2010-11-08 00:00:00,1
2010-12-28 00:00:00,2010-12-28 00:00:00,1600,2010-12-28 00:00:00,1600,1600,1,200,320000,2010-12-28 00:00:00,1
Company Id,:  MORI,Security,Type :  X,Sub Type,:  0000,,,,,
Short Name,:  MORISONS,,,,,,,,,
Day,Date High,High,Date Low,Low,Closing,No. of Trades,No. of Shares,Turnover,Last Traded,Days Traded
2010-01-18 00:00:00,2010-01-18 00:00:00,725,2010-01-18 00:00:00,725,725,1,100,72500,2010-01-18 00:00:00,1
2010-01-22 00:00:00,2010-01-22 00:00:00,750,2010-01-22 00:00:00,750,750,1,500,375000,2010-01-22 00:00:00,1
2010-02-26 00:00:00,2010-02-26 00:00:00,800,2010-02-26 00:00:00,790,796.25,3,300,238900,2010-02-26 00:00:00,1
2010-03-04 00:00:00,2010-03-04 00:00:00,1100,2010-03-04 00:00:00,800,1025,4,400,387500,2010-03-04 00:00:00,1
2010-03-05 00:00:00,2010-03-05 00:00:00,1000,2010-03-05 00:00:00,900,912.5,5,800,730000,2010-03-05 00:00:00,1
2010-03-08 00:00:00,2010-03-08 00:00:00,850,2010-03-08 00:00:00,850,850,1,200,170000,2010-03-08 00:00:00,1
2010-03-10 00:00:00,2010-03-10 00:00:00,850,2010-03-10 00:00:00,850,850,1,300,255000,2010-03-10 00:00:00,1
2010-03-12 00:00:00,2010-03-12 00:00:00,816,2010-03-12 00:00:00,800,807.75,3,600,484700,2010-03-12 00:00:00,1
2010-03-15 00:00:00,2010-03-15 00:00:00,850,2010-03-15 00:00:00,850,850,1,100,85000,2010-03-15 00:00:00,1
2010-03-19 00:00:00,2010-03-19 00:00:00,800,2010-03-19 00:00:00,725,737.5,6,1400,1045000,2010-03-19 00:00:00,1
2010-03-24 00:00:00,2010-03-24 00:00:00,720,2010-03-24 00:00:00,720,720,2,300,216000,2010-03-24 00:00:00,1
2010-07-06 00:00:00,2010-07-06 00:00:00,700,2010-07-06 00:00:00,700,700,2,200,140000,2010-07-06 00:00:00,1
2010-07-08 00:00:00,2010-07-08 00:00:00,700,2010-07-08 00:00:00,675,691,4,500,345500,2010-07-08 00:00:00,1
2010-07-09 00:00:00,2010-07-09 00:00:00,700,2010-07-09 00:00:00,700,700,1,500,350000,2010-07-09 00:00:00,1
2010-07-13 00:00:00,2010-07-13 00:00:00,750,2010-07-13 00:00:00,750,750,3,800,600000,2010-07-13 00:00:00,1
2010-07-21 00:00:00,2010-07-21 00:00:00,800,2010-07-21 00:00:00,800,800,1,100,80000,2010-07-21 00:00:00,1
2010-07-28 00:00:00,2010-07-28 00:00:00,875,2010-07-28 00:00:00,850,858.25,3,300,257500,2010-07-28 00:00:00,1
2010-07-30 00:00:00,2010-07-30 00:00:00,860,2010-07-30 00:00:00,860,860,1,100,86000,2010-07-30 00:00:00,1
2010-08-09 00:00:00,2010-08-09 00:00:00,775,2010-08-09 00:00:00,775,775,1,100,77500,2010-08-09 00:00:00,1
2010-08-16 00:00:00,2010-08-16 00:00:00,850,2010-08-16 00:00:00,850,850,7,900,765000,2010-08-16 00:00:00,1
2010-08-17 00:00:00,2010-08-17 00:00:00,935,2010-08-17 00:00:00,935,935,2,200,187000,2010-08-17 00:00:00,1
2010-08-18 00:00:00,2010-08-18 00:00:00,1028.5,2010-08-18 00:00:00,1028.5,1028.5,4,400,411400,2010-08-18 00:00:00,1
2010-08-19 00:00:00,2010-08-19 00:00:00,1131.3,2010-08-19 00:00:00,1050,1130.7,3,300,331130,2010-08-19 00:00:00,1
2010-08-20 00:00:00,2010-08-20 00:00:00,1243.7,2010-08-20 00:00:00,1233,1241.6,5,500,620780,2010-08-20 00:00:00,1
2010-08-23 00:00:00,2010-08-23 00:00:00,1275,2010-08-23 00:00:00,1275,1275,1,100,127500,2010-08-23 00:00:00,1
2010-08-25 00:00:00,2010-08-25 00:00:00,1250,2010-08-25 00:00:00,1200,1200,2,200,245000,2010-08-25 00:00:00,1
2010-08-27 00:00:00,2010-08-27 00:00:00,1100,2010-08-27 00:00:00,1100,1100,1,100,110000,2010-08-27 00:00:00,1
2010-08-30 00:00:00,2010-08-30 00:00:00,1100,2010-08-30 00:00:00,1100,1100,1,200,220000,2010-08-30 00:00:00,1
2010-09-03 00:00:00,2010-09-03 00:00:00,990.1,2010-09-03 00:00:00,990,990,4,400,396010,2010-09-03 00:00:00,1
2010-09-16 00:00:00,2010-09-16 00:00:00,1050,2010-09-16 00:00:00,1050,1050,5,500,525000,2010-09-16 00:00:00,1
2010-09-21 00:00:00,2010-09-21 00:00:00,1325,2010-09-21 00:00:00,1300,1325,5,600,782500,2010-09-21 00:00:00,1
2010-09-23 00:00:00,2010-09-23 00:00:00,1600,2010-09-23 00:00:00,1400,1581.3,10,1300,1962500,2010-09-23 00:00:00,1
2010-09-24 00:00:00,2010-09-24 00:00:00,1500,2010-09-24 00:00:00,1500,1500,1,100,150000,2010-09-24 00:00:00,1
2010-09-27 00:00:00,2010-09-27 00:00:00,1998,2010-09-27 00:00:00,1600,1924,9,900,1677190,2010-09-27 00:00:00,1
2010-09-28 00:00:00,2010-09-28 00:00:00,1920,2010-09-28 00:00:00,1850,1885,2,400,754000,2010-09-28 00:00:00,1
2010-10-01 00:00:00,2010-10-01 00:00:00,1350,2010-10-01 00:00:00,1201,1250.5,6,600,775700,2010-10-01 00:00:00,1
2010-10-04 00:00:00,2010-10-04 00:00:00,1690,2010-10-04 00:00:00,1600,1600,5,600,969000,2010-10-04 00:00:00,1
2010-10-08 00:00:00,2010-10-08 00:00:00,1302,2010-10-08 00:00:00,1302,1302,1,100,130200,2010-10-08 00:00:00,1
2010-10-29 00:00:00,2010-10-29 00:00:00,1250,2010-10-29 00:00:00,1200,1250,2,200,245000,2010-10-29 00:00:00,1
2010-11-09 00:00:00,2010-11-09 00:00:00,1100.1,2010-11-09 00:00:00,1100.1,1100.1,1,100,110010,2010-11-09 00:00:00,1
2010-11-12 00:00:00,2010-11-12 00:00:00,1000,2010-11-12 00:00:00,1000,1000,1,100,100000,2010-11-12 00:00:00,1
2010-11-15 00:00:00,2010-11-15 00:00:00,1000.1,2010-11-15 00:00:00,1000.1,1000.1,1,100,100010,2010-11-15 00:00:00,1
2010-11-29 00:00:00,2010-11-29 00:00:00,1005,2010-11-29 00:00:00,1005,1005,1,100,100500,2010-11-29 00:00:00,1
Company Id,:  MPRH,Security,Type :  N,Sub Type,:  0000,,,,,
Short Name,:  MET. RES.HOL.,,,,,,,,,
Day,Date High,High,Date Low,Low,Closing,No. of Trades,No. of Shares,Turnover,Last Traded,Days Traded
2010-01-12 00:00:00,2010-01-12 00:00:00,85,2010-01-12 00:00:00,85,85,1,100,8500,2010-01-12 00:00:00,1
2010-02-03 00:00:00,2010-02-03 00:00:00,52,2010-02-03 00:00:00,52,52,1,100,5200,2010-02-03 00:00:00,1
2010-02-08 00:00:00,2010-02-08 00:00:00,62,2010-02-08 00:00:00,62,62,1,100,6200,2010-02-08 00:00:00,1
2010-02-18 00:00:00,2010-02-18 00:00:00,62,2010-02-18 00:00:00,62,62,1,100,6200,2010-02-18 00:00:00,1
2010-03-04 00:00:00,2010-03-04 00:00:00,69,2010-03-04 00:00:00,68,68.75,2,500,34400,2010-03-04 00:00:00,1
2010-03-23 00:00:00,2010-03-23 00:00:00,55,2010-03-23 00:00:00,40,42.5,586,645400,28444825,2010-03-23 00:00:00,1
2010-03-24 00:00:00,2010-03-24 00:00:00,42,2010-03-24 00:00:00,34.75,35.75,244,340700,12785075,2010-03-24 00:00:00,1
2010-03-25 00:00:00,2010-03-25 00:00:00,35,2010-03-25 00:00:00,30,30.25,80,60100,1881375,2010-03-25 00:00:00,1
2010-03-26 00:00:00,2010-03-26 00:00:00,32,2010-03-26 00:00:00,26.5,28.75,204,260600,7551775,2010-03-26 00:00:00,1
2010-03-30 00:00:00,2010-03-30 00:00:00,30,2010-03-30 00:00:00,27.75,27.75,46,53700,1527200,2010-03-30 00:00:00,1
2010-03-31 00:00:00,2010-03-31 00:00:00,29.5,2010-03-31 00:00:00,26.25,26.25,40,24900,675475,2010-03-31 00:00:00,1
2010-04-01 00:00:00,2010-04-01 00:00:00,30.5,2010-04-01 00:00:00,27.5,28.5,133,145700,4200375,2010-04-01 00:00:00,1
2010-04-05 00:00:00,2010-04-05 00:00:00,30,2010-04-05 00:00:00,28,28.25,35,80500,2256400,2010-04-05 00:00:00,1
2010-04-06 00:00:00,2010-04-06 00:00:00,31.75,2010-04-06 00:00:00,27.5,29.5,103,190500,5582275,2010-04-06 00:00:00,1
2010-04-07 00:00:00,2010-04-07 00:00:00,36.5,2010-04-07 00:00:00,31.5,34,248,322200,10937475,2010-04-07 00:00:00,1
2010-04-08 00:00:00,2010-04-08 00:00:00,39.75,2010-04-08 00:00:00,30,37.75,549,2047700,67645150,2010-04-08 00:00:00,1
2010-04-12 00:00:00,2010-04-12 00:00:00,44,2010-04-12 00:00:00,38.75,43,644,874800,37032825,2010-04-12 00:00:00,1
2010-04-15 00:00:00,2010-04-15 00:00:00,43,2010-04-15 00:00:00,41,42,40,24500,1027875,2010-04-15 00:00:00,1
2010-04-16 00:00:00,2010-04-16 00:00:00,45.75,2010-04-16 00:00:00,42.5,43.25,256,245200,10889600,2010-04-16 00:00:00,1
2010-04-19 00:00:00,2010-04-19 00:00:00,44.75,2010-04-19 00:00:00,41.25,42.75,82,101000,4257575,2010-04-19 00:00:00,1
2010-04-20 00:00:00,2010-04-20 00:00:00,45,2010-04-20 00:00:00,42.25,43.25,142,209000,9170600,2010-04-20 00:00:00,1
2010-04-21 00:00:00,2010-04-21 00:00:00,44,2010-04-21 00:00:00,41.25,41.75,51,49900,2095800,2010-04-21 00:00:00,1
2010-04-22 00:00:00,2010-04-22 00:00:00,43.5,2010-04-22 00:00:00,40,41.25,43,56000,2301050,2010-04-22 00:00:00,1
2010-04-23 00:00:00,2010-04-23 00:00:00,43,2010-04-23 00:00:00,41,42.75,43,58600,2466500,2010-04-23 00:00:00,1
2010-04-26 00:00:00,2010-04-26 00:00:00,44,2010-04-26 00:00:00,41,41.25,38,27800,1162200,2010-04-26 00:00:00,1
2010-04-27 00:00:00,2010-04-27 00:00:00,43,2010-04-27 00:00:00,40.75,42.5,41,54500,2287100,2010-04-27 00:00:00,1
2010-04-29 00:00:00,2010-04-29 00:00:00,42,2010-04-29 00:00:00,41,41.25,9,15800,658275,2010-04-29 00:00:00,1
2010-04-30 00:00:00,2010-04-30 00:00:00,43.75,2010-04-30 00:00:00,40.5,42.25,30,69400,2934275,2010-04-30 00:00:00,1
2010-05-03 00:00:00,2010-05-03 00:00:00,41,2010-05-03 00:00:00,40.5,41,27,23600,966900,2010-05-03 00:00:00,1
2010-05-04 00:00:00,2010-05-04 00:00:00,41.75,2010-05-04 00:00:00,40.5,41.5,16,37400,1536500,2010-05-04 00:00:00,1
2010-05-05 00:00:00,2010-05-05 00:00:00,41.75,2010-05-05 00:00:00,40.5,40.5,8,5300,215275,2010-05-05 00:00:00,1
2010-05-06 00:00:00,2010-05-06 00:00:00,40,2010-05-06 00:00:00,39,39.75,10,5300,210900,2010-05-06 00:00:00,1
2010-05-07 00:00:00,2010-05-07 00:00:00,39.25,2010-05-07 00:00:00,38,38.75,16,11500,446275,2010-05-07 00:00:00,1
2010-05-10 00:00:00,2010-05-10 00:00:00,39,2010-05-10 00:00:00,38,39,11,1500,57550,2010-05-10 00:00:00,1
2010-05-11 00:00:00,2010-05-11 00:00:00,40,2010-05-11 00:00:00,38,38.5,12,9200,360900,2010-05-11 00:00:00,1
2010-05-12 00:00:00,2010-05-12 00:00:00,39,2010-05-12 00:00:00,36,36.5,55,33900,1245950,2010-05-12 00:00:00,1
2010-05-13 00:00:00,2010-05-13 00:00:00,37.5,2010-05-13 00:00:00,37,37,4,1100,40750,2010-05-13 00:00:00,1
2010-05-14 00:00:00,2010-05-14 00:00:00,37,2010-05-14 00:00:00,36,36,18,19000,687125,2010-05-14 00:00:00,1
2010-05-18 00:00:00,2010-05-18 00:00:00,37,2010-05-18 00:00:00,36.5,37,6,15400,564800,2010-05-18 00:00:00,1
2010-05-19 00:00:00,2010-05-19 00:00:00,37,2010-05-19 00:00:00,36,36,14,16400,597125,2010-05-19 00:00:00,1
2010-05-20 00:00:00,2010-05-20 00:00:00,37.5,2010-05-20 00:00:00,35,35.25,15,5200,183950,2010-05-20 00:00:00,1
2010-05-21 00:00:00,2010-05-21 00:00:00,36.75,2010-05-21 00:00:00,34.5,35,12,8000,280075,2010-05-21 00:00:00,1
2010-05-24 00:00:00,2010-05-24 00:00:00,35.75,2010-05-24 00:00:00,34.25,35.75,6,11600,414550,2010-05-24 00:00:00,1
2010-05-25 00:00:00,2010-05-25 00:00:00,34.25,2010-05-25 00:00:00,34,34.25,5,2100,71600,2010-05-25 00:00:00,1
2010-05-26 00:00:00,2010-05-26 00:00:00,34,2010-05-26 00:00:00,34,34,6,1900,64600,2010-05-26 00:00:00,1
2010-05-31 00:00:00,2010-05-31 00:00:00,37,2010-05-31 00:00:00,35.5,35.5,4,529000,17194300,2010-05-31 00:00:00,1
2010-06-02 00:00:00,2010-06-02 00:00:00,37,2010-06-02 00:00:00,35,35,5,10300,361100,2010-06-02 00:00:00,1
2010-06-03 00:00:00,2010-06-03 00:00:00,37,2010-06-03 00:00:00,36,36,3,2400,86900,2010-06-03 00:00:00,1
2010-06-04 00:00:00,2010-06-04 00:00:00,37,2010-06-04 00:00:00,37,37,1,100,3700,2010-06-04 00:00:00,1
2010-06-07 00:00:00,2010-06-07 00:00:00,37,2010-06-07 00:00:00,34.5,35.25,12,6900,249275,2010-06-07 00:00:00,1
2010-06-08 00:00:00,2010-06-08 00:00:00,35.25,2010-06-08 00:00:00,35.25,35.25,3,9200,324300,2010-06-08 00:00:00,1
2010-06-09 00:00:00,2010-06-09 00:00:00,35,2010-06-09 00:00:00,34.75,34.75,7,3800,132875,2010-06-09 00:00:00,1
2010-06-11 00:00:00,2010-06-11 00:00:00,34.75,2010-06-11 00:00:00,34.5,34.5,2,1000,34625,2010-06-11 00:00:00,1
2010-06-14 00:00:00,2010-06-14 00:00:00,37.75,2010-06-14 00:00:00,35,36,31,49100,1800525,2010-06-14 00:00:00,1
2010-06-15 00:00:00,2010-06-15 00:00:00,35,2010-06-15 00:00:00,34,34.25,16,15600,541525,2010-06-15 00:00:00,1
2010-06-16 00:00:00,2010-06-16 00:00:00,36.75,2010-06-16 00:00:00,35,35,13,22400,785050,2010-06-16 00:00:00,1
2010-06-17 00:00:00,2010-06-17 00:00:00,35,2010-06-17 00:00:00,35,35,9,4600,161000,2010-06-17 00:00:00,1
2010-06-21 00:00:00,2010-06-21 00:00:00,37,2010-06-21 00:00:00,35.5,36.75,12,16600,603575,2010-06-21 00:00:00,1
2010-06-22 00:00:00,2010-06-22 00:00:00,35.25,2010-06-22 00:00:00,35.25,35.25,1,500,17625,2010-06-22 00:00:00,1
2010-06-23 00:00:00,2010-06-23 00:00:00,35.75,2010-06-23 00:00:00,35.25,35.75,2,900,31975,2010-06-23 00:00:00,1
2010-06-24 00:00:00,2010-06-24 00:00:00,35.5,2010-06-24 00:00:00,35,35,3,6600,231700,2010-06-24 00:00:00,1
2010-06-28 00:00:00,2010-06-28 00:00:00,35,2010-06-28 00:00:00,35,35,4,3600,126000,2010-06-28 00:00:00,1
2010-06-29 00:00:00,2010-06-29 00:00:00,35,2010-06-29 00:00:00,34,34.5,15,10500,364250,2010-06-29 00:00:00,1
2010-06-30 00:00:00,2010-06-30 00:00:00,37,2010-06-30 00:00:00,34,36.5,7,3400,118025,2010-06-30 00:00:00,1
2010-07-01 00:00:00,2010-07-01 00:00:00,37,2010-07-01 00:00:00,35,35,6,6200,217200,2010-07-01 00:00:00,1
2010-07-02 00:00:00,2010-07-02 00:00:00,36,2010-07-02 00:00:00,33.5,34.5,10,6200,211775,2010-07-02 00:00:00,1
2010-07-05 00:00:00,2010-07-05 00:00:00,34.5,2010-07-05 00:00:00,34,34.25,7,3300,112800,2010-07-05 00:00:00,1
2010-07-06 00:00:00,2010-07-06 00:00:00,36.5,2010-07-06 00:00:00,35,36,2,300,10800,2010-07-06 00:00:00,1
2010-07-07 00:00:00,2010-07-07 00:00:00,34.5,2010-07-07 00:00:00,34,34,7,3000,102150,2010-07-07 00:00:00,1
2010-07-09 00:00:00,2010-07-09 00:00:00,34.5,2010-07-09 00:00:00,33,33,12,11500,389375,2010-07-09 00:00:00,1
2010-07-13 00:00:00,2010-07-13 00:00:00,33.75,2010-07-13 00:00:00,33.75,33.75,1,100,3375,2010-07-13 00:00:00,1
2010-07-14 00:00:00,2010-07-14 00:00:00,34.25,2010-07-14 00:00:00,33.5,33.75,6,7000,236075,2010-07-14 00:00:00,1
2010-07-15 00:00:00,2010-07-15 00:00:00,34,2010-07-15 00:00:00,33.5,33.5,3,2600,87400,2010-07-15 00:00:00,1
2010-07-16 00:00:00,2010-07-16 00:00:00,34,2010-07-16 00:00:00,33.25,33.5,9,12000,401100,2010-07-16 00:00:00,1
2010-07-20 00:00:00,2010-07-20 00:00:00,35,2010-07-20 00:00:00,33.75,34,6,2700,92700,2010-07-20 00:00:00,1
2010-07-21 00:00:00,2010-07-21 00:00:00,39,2010-07-21 00:00:00,33.5,38.5,194,265300,9958000,2010-07-21 00:00:00,1
2010-07-22 00:00:00,2010-07-22 00:00:00,39.75,2010-07-22 00:00:00,33.75,38,45,69700,2663325,2010-07-22 00:00:00,1
2010-07-23 00:00:00,2010-07-23 00:00:00,36.25,2010-07-23 00:00:00,36.25,36.25,1,100,3625,2010-07-23 00:00:00,1
2010-07-26 00:00:00,2010-07-26 00:00:00,38.25,2010-07-26 00:00:00,35.25,38.25,4,600,21800,2010-07-26 00:00:00,1
2010-07-27 00:00:00,2010-07-27 00:00:00,37.5,2010-07-27 00:00:00,36.25,36.5,4,1400,51250,2010-07-27 00:00:00,1
2010-07-28 00:00:00,2010-07-28 00:00:00,38.75,2010-07-28 00:00:00,37,37,12,7300,277100,2010-07-28 00:00:00,1
2010-07-29 00:00:00,2010-07-29 00:00:00,37.25,2010-07-29 00:00:00,36.5,36.5,17,21400,785425,2010-07-29 00:00:00,1
2010-07-30 00:00:00,2010-07-30 00:00:00,37,2010-07-30 00:00:00,34.75,35.5,30,37300,1323300,2010-07-30 00:00:00,1
2010-08-02 00:00:00,2010-08-02 00:00:00,37,2010-08-02 00:00:00,34.5,36,16,15800,569450,2010-08-02 00:00:00,1
2010-08-03 00:00:00,2010-08-03 00:00:00,36,2010-08-03 00:00:00,34,35.1,11,16000,561050,2010-08-03 00:00:00,1
2010-08-04 00:00:00,2010-08-04 00:00:00,37,2010-08-04 00:00:00,35.2,36,6,9300,333250,2010-08-04 00:00:00,1
2010-08-05 00:00:00,2010-08-05 00:00:00,37.5,2010-08-05 00:00:00,34,37.5,2,300,10900,2010-08-05 00:00:00,1
2010-08-06 00:00:00,2010-08-06 00:00:00,35.5,2010-08-06 00:00:00,35,35.3,8,14900,522700,2010-08-06 00:00:00,1
2010-08-09 00:00:00,2010-08-09 00:00:00,35,2010-08-09 00:00:00,31.8,32,28,24100,775020,2010-08-09 00:00:00,1
2010-08-10 00:00:00,2010-08-10 00:00:00,34,2010-08-10 00:00:00,28.8,33.8,9,4500,140090,2010-08-10 00:00:00,1
2010-08-11 00:00:00,2010-08-11 00:00:00,34.6,2010-08-11 00:00:00,33,33.7,5,6900,237050,2010-08-11 00:00:00,1
2010-08-12 00:00:00,2010-08-12 00:00:00,35,2010-08-12 00:00:00,35,35,5,5900,206500,2010-08-12 00:00:00,1
2010-08-13 00:00:00,2010-08-13 00:00:00,35,2010-08-13 00:00:00,35,35,1,100,3500,2010-08-13 00:00:00,1
2010-08-16 00:00:00,2010-08-16 00:00:00,34,2010-08-16 00:00:00,33,33.1,3,1800,59500,2010-08-16 00:00:00,1
2010-08-17 00:00:00,2010-08-17 00:00:00,35,2010-08-17 00:00:00,34.9,34.9,4,2200,76850,2010-08-17 00:00:00,1
2010-08-18 00:00:00,2010-08-18 00:00:00,36,2010-08-18 00:00:00,35,35,2,300,10600,2010-08-18 00:00:00,1
2010-08-19 00:00:00,2010-08-19 00:00:00,36.5,2010-08-19 00:00:00,33.2,36,5,2700,96290,2010-08-19 00:00:00,1
2010-08-23 00:00:00,2010-08-23 00:00:00,35.4,2010-08-23 00:00:00,33.9,35.3,4,900,31660,2010-08-23 00:00:00,1
2010-08-25 00:00:00,2010-08-25 00:00:00,36,2010-08-25 00:00:00,34.5,34.6,6,4900,174060,2010-08-25 00:00:00,1
2010-08-26 00:00:00,2010-08-26 00:00:00,35,2010-08-26 00:00:00,35,35,4,1500,52500,2010-08-26 00:00:00,1
2010-08-27 00:00:00,2010-08-27 00:00:00,35,2010-08-27 00:00:00,34,34,5,4200,144400,2010-08-27 00:00:00,1
2010-08-30 00:00:00,2010-08-30 00:00:00,34.9,2010-08-30 00:00:00,34,34,5,2200,75700,2010-08-30 00:00:00,1
2010-08-31 00:00:00,2010-08-31 00:00:00,35,2010-08-31 00:00:00,34.5,34.9,10,3300,115020,2010-08-31 00:00:00,1
2010-09-01 00:00:00,2010-09-01 00:00:00,35,2010-09-01 00:00:00,34,34.1,15,6000,206080,2010-09-01 00:00:00,1
2010-09-02 00:00:00,2010-09-02 00:00:00,35.9,2010-09-02 00:00:00,34,35.8,6,4400,157010,2010-09-02 00:00:00,1
2010-09-03 00:00:00,2010-09-03 00:00:00,37.5,2010-09-03 00:00:00,32.5,36.2,21,20700,749280,2010-09-03 00:00:00,1
2010-09-06 00:00:00,2010-09-06 00:00:00,36,2010-09-06 00:00:00,35.1,36,5,4400,156010,2010-09-06 00:00:00,1
2010-09-07 00:00:00,2010-09-07 00:00:00,39.6,2010-09-07 00:00:00,35.7,39.6,162,252500,9898390,2010-09-07 00:00:00,1
2010-09-08 00:00:00,2010-09-08 00:00:00,43.5,2010-09-08 00:00:00,40,40.9,236,341900,14389310,2010-09-08 00:00:00,1
2010-09-09 00:00:00,2010-09-09 00:00:00,42.3,2010-09-09 00:00:00,40.1,41,47,29300,1203260,2010-09-09 00:00:00,1
2010-09-13 00:00:00,2010-09-13 00:00:00,40.7,2010-09-13 00:00:00,39,39.1,14,7100,279540,2010-09-13 00:00:00,1
2010-09-14 00:00:00,2010-09-14 00:00:00,39.9,2010-09-14 00:00:00,37.1,38.7,10,10500,409110,2010-09-14 00:00:00,1
2010-09-15 00:00:00,2010-09-15 00:00:00,36,2010-09-15 00:00:00,36,36,8,10000,360000,2010-09-15 00:00:00,1
2010-09-16 00:00:00,2010-09-16 00:00:00,39,2010-09-16 00:00:00,36.5,38.1,8,2600,98950,2010-09-16 00:00:00,1
2010-09-17 00:00:00,2010-09-17 00:00:00,39.9,2010-09-17 00:00:00,36,36.9,16,8600,324450,2010-09-17 00:00:00,1
2010-09-20 00:00:00,2010-09-20 00:00:00,37,2010-09-20 00:00:00,37,37,5,5000,185000,2010-09-20 00:00:00,1
2010-09-21 00:00:00,2010-09-21 00:00:00,40,2010-09-21 00:00:00,38,40,30,28900,1154310,2010-09-21 00:00:00,1
2010-09-23 00:00:00,2010-09-23 00:00:00,59.1,2010-09-23 00:00:00,41,56.5,1182,1373700,71326350,2010-09-23 00:00:00,1
2010-09-24 00:00:00,2010-09-24 00:00:00,62.5,2010-09-24 00:00:00,52.1,54.5,479,425600,24533760,2010-09-24 00:00:00,1
2010-09-27 00:00:00,2010-09-27 00:00:00,56,2010-09-27 00:00:00,50,55.2,161,203600,10866210,2010-09-27 00:00:00,1
2010-09-28 00:00:00,2010-09-28 00:00:00,57,2010-09-28 00:00:00,54,54,64,41700,2284360,2010-09-28 00:00:00,1
2010-09-29 00:00:00,2010-09-29 00:00:00,54,2010-09-29 00:00:00,48.6,48.8,44,44700,2187760,2010-09-29 00:00:00,1
2010-09-30 00:00:00,2010-09-30 00:00:00,53.5,2010-09-30 00:00:00,49.6,50.9,43,15200,785540,2010-09-30 00:00:00,1
2010-10-01 00:00:00,2010-10-01 00:00:00,55.6,2010-10-01 00:00:00,50,50.9,17,11300,578270,2010-10-01 00:00:00,1
2010-10-04 00:00:00,2010-10-04 00:00:00,54,2010-10-04 00:00:00,50,51.6,19,7300,384400,2010-10-04 00:00:00,1
2010-10-05 00:00:00,2010-10-05 00:00:00,52,2010-10-05 00:00:00,47,47.5,13,24200,1144160,2010-10-05 00:00:00,1
2010-10-06 00:00:00,2010-10-06 00:00:00,51.9,2010-10-06 00:00:00,51,51,3,1200,61380,2010-10-06 00:00:00,1
2010-10-07 00:00:00,2010-10-07 00:00:00,52.7,2010-10-07 00:00:00,46.5,47.8,5,3200,154140,2010-10-07 00:00:00,1
2010-10-08 00:00:00,2010-10-08 00:00:00,52,2010-10-08 00:00:00,43.5,49.3,5,2100,103240,2010-10-08 00:00:00,1
2010-10-11 00:00:00,2010-10-11 00:00:00,54,2010-10-11 00:00:00,47,47.2,8,5400,256530,2010-10-11 00:00:00,1
2010-10-12 00:00:00,2010-10-12 00:00:00,48,2010-10-12 00:00:00,45,45.8,7,4300,201900,2010-10-12 00:00:00,1
2010-10-14 00:00:00,2010-10-14 00:00:00,50,2010-10-14 00:00:00,50,50,1,1000,50000,2010-10-14 00:00:00,1
2010-10-18 00:00:00,2010-10-18 00:00:00,55,2010-10-18 00:00:00,50,50,2,700,36000,2010-10-18 00:00:00,1
2010-10-19 00:00:00,2010-10-19 00:00:00,53.8,2010-10-19 00:00:00,50,51.6,9,2500,129250,2010-10-19 00:00:00,1
2010-10-20 00:00:00,2010-10-20 00:00:00,52.9,2010-10-20 00:00:00,45,47,22,5700,269280,2010-10-20 00:00:00,1
2010-10-21 00:00:00,2010-10-21 00:00:00,52,2010-10-21 00:00:00,48,48,4,400,19690,2010-10-21 00:00:00,1
2010-10-25 00:00:00,2010-10-25 00:00:00,50,2010-10-25 00:00:00,46.5,46.8,10,8800,423260,2010-10-25 00:00:00,1
2010-10-26 00:00:00,2010-10-26 00:00:00,46.1,2010-10-26 00:00:00,45,45,8,1100,49730,2010-10-26 00:00:00,1
2010-10-29 00:00:00,2010-10-29 00:00:00,47.9,2010-10-29 00:00:00,45,45.2,6,4500,203560,2010-10-29 00:00:00,1
2010-11-01 00:00:00,2010-11-01 00:00:00,47.9,2010-11-01 00:00:00,40,41.2,27,13600,591810,2010-11-01 00:00:00,1
2010-11-02 00:00:00,2010-11-02 00:00:00,44.9,2010-11-02 00:00:00,44,44.3,14,2900,128740,2010-11-02 00:00:00,1
2010-11-03 00:00:00,2010-11-03 00:00:00,47,2010-11-03 00:00:00,40,40.8,22,16300,670750,2010-11-03 00:00:00,1
2010-11-04 00:00:00,2010-11-04 00:00:00,44,2010-11-04 00:00:00,40,40.5,16,9500,385780,2010-11-04 00:00:00,1
2010-11-08 00:00:00,2010-11-08 00:00:00,42.5,2010-11-08 00:00:00,41,41,10,1900,78500,2010-11-08 00:00:00,1
2010-11-09 00:00:00,2010-11-09 00:00:00,42,2010-11-09 00:00:00,41,41,2,500,20700,2010-11-09 00:00:00,1
2010-11-10 00:00:00,2010-11-10 00:00:00,41,2010-11-10 00:00:00,38.1,38.4,10,3400,132710,2010-11-10 00:00:00,1
2010-11-11 00:00:00,2010-11-11 00:00:00,41.5,2010-11-11 00:00:00,37,40,8,2500,97130,2010-11-11 00:00:00,1
2010-11-12 00:00:00,2010-11-12 00:00:00,41,2010-11-12 00:00:00,41,41,1,100,4100,2010-11-12 00:00:00,1
2010-11-15 00:00:00,2010-11-15 00:00:00,39,2010-11-15 00:00:00,37,37.3,13,12900,484530,2010-11-15 00:00:00,1
2010-11-16 00:00:00,2010-11-16 00:00:00,38,2010-11-16 00:00:00,37.3,37.6,6,1200,45330,2010-11-16 00:00:00,1
2010-11-18 00:00:00,2010-11-18 00:00:00,39.7,2010-11-18 00:00:00,38,38.1,5,2500,95170,2010-11-18 00:00:00,1
2010-11-22 00:00:00,2010-11-22 00:00:00,39.9,2010-11-22 00:00:00,38.1,38.1,4,2100,81980,2010-11-22 00:00:00,1
2010-11-23 00:00:00,2010-11-23 00:00:00,40.5,2010-11-23 00:00:00,36.3,38.7,20,15900,599540,2010-11-23 00:00:00,1
2010-11-24 00:00:00,2010-11-24 00:00:00,40.2,2010-11-24 00:00:00,35.2,38.5,13,3900,146900,2010-11-24 00:00:00,1
2010-11-25 00:00:00,2010-11-25 00:00:00,41,2010-11-25 00:00:00,37,37,2,1100,41100,2010-11-25 00:00:00,1
2010-11-26 00:00:00,2010-11-26 00:00:00,40.8,2010-11-26 00:00:00,37.5,37.5,2,200,7830,2010-11-26 00:00:00,1
2010-11-29 00:00:00,2010-11-29 00:00:00,37.5,2010-11-29 00:00:00,34,34.3,2,1100,37750,2010-11-29 00:00:00,1
2010-11-30 00:00:00,2010-11-30 00:00:00,40.7,2010-11-30 00:00:00,37,37.1,13,7600,288310,2010-11-30 00:00:00,1
2010-12-01 00:00:00,2010-12-01 00:00:00,41.5,2010-12-01 00:00:00,37.6,40.6,40,31500,1262790,2010-12-01 00:00:00,1
2010-12-02 00:00:00,2010-12-02 00:00:00,41.8,2010-12-02 00:00:00,38.3,40,17,11500,466640,2010-12-02 00:00:00,1
2010-12-03 00:00:00,2010-12-03 00:00:00,42,2010-12-03 00:00:00,39.5,40.8,6,1700,68850,2010-12-03 00:00:00,1
2010-12-06 00:00:00,2010-12-06 00:00:00,43,2010-12-06 00:00:00,38.4,38.5,16,7500,312580,2010-12-06 00:00:00,1
2010-12-07 00:00:00,2010-12-07 00:00:00,41.9,2010-12-07 00:00:00,38.1,38.2,12,4700,182070,2010-12-07 00:00:00,1
2010-12-08 00:00:00,2010-12-08 00:00:00,40,2010-12-08 00:00:00,40,40,2,2000,80000,2010-12-08 00:00:00,1
2010-12-09 00:00:00,2010-12-09 00:00:00,40,2010-12-09 00:00:00,38.5,39.4,5,800,31550,2010-12-09 00:00:00,1
2010-12-10 00:00:00,2010-12-10 00:00:00,39.7,2010-12-10 00:00:00,38,38.2,13,3700,141730,2010-12-10 00:00:00,1
2010-12-13 00:00:00,2010-12-13 00:00:00,40,2010-12-13 00:00:00,40,40,1,100,4000,2010-12-13 00:00:00,1
2010-12-15 00:00:00,2010-12-15 00:00:00,39.5,2010-12-15 00:00:00,39.5,39.5,1,100,3950,2010-12-15 00:00:00,1
2010-12-16 00:00:00,2010-12-16 00:00:00,39.5,2010-12-16 00:00:00,39.5,39.5,1,200,7900,2010-12-16 00:00:00,1
2010-12-17 00:00:00,2010-12-17 00:00:00,39.4,2010-12-17 00:00:00,39.4,39.4,1,100,3940,2010-12-17 00:00:00,1
2010-12-21 00:00:00,2010-12-21 00:00:00,39,2010-12-21 00:00:00,37.6,37.6,4,1700,64620,2010-12-21 00:00:00,1
2010-12-22 00:00:00,2010-12-22 00:00:00,40,2010-12-22 00:00:00,37.8,38.1,6,3000,115140,2010-12-22 00:00:00,1
2010-12-23 00:00:00,2010-12-23 00:00:00,40.2,2010-12-23 00:00:00,38.8,39.3,32,31700,1246240,2010-12-23 00:00:00,1
2010-12-24 00:00:00,2010-12-24 00:00:00,39.4,2010-12-24 00:00:00,38,39,6,4100,160000,2010-12-24 00:00:00,1
2010-12-27 00:00:00,2010-12-27 00:00:00,41.5,2010-12-27 00:00:00,39,40.3,21,9600,383800,2010-12-27 00:00:00,1
2010-12-28 00:00:00,2010-12-28 00:00:00,40.5,2010-12-28 00:00:00,40.5,40.5,1,100,4050,2010-12-28 00:00:00,1
2010-12-29 00:00:00,2010-12-29 00:00:00,40,2010-12-29 00:00:00,38.8,40,3,1600,63580,2010-12-29 00:00:00,1
2010-12-30 00:00:00,2010-12-30 00:00:00,40,2010-12-30 00:00:00,35,39,23,43800,1636520,2010-12-30 00:00:00,1
2010-12-31 00:00:00,2010-12-31 00:00:00,40.2,2010-12-31 00:00:00,39.3,39.5,4,4900,193570,2010-12-31 00:00:00,1
Company Id,:  MRH,Security,Type :  N,Sub Type,:  0000,,,,,
Short Name,:  MAHAWELI,REACH,,,,,,,,
Day,Date High,High,Date Low,Low,Closing,No. of Trades,No. of Shares,Turnover,Last Traded,Days Traded
2010-01-04 00:00:00,2010-01-04 00:00:00,18.5,2010-01-04 00:00:00,18.5,18.5,2,6500,120250,2010-01-04 00:00:00,1
2010-01-05 00:00:00,2010-01-05 00:00:00,20,2010-01-05 00:00:00,18.5,20,20,20300,393300,2010-01-05 00:00:00,1
2010-01-06 00:00:00,2010-01-06 00:00:00,19.75,2010-01-06 00:00:00,19,19.5,3,2000,38750,2010-01-06 00:00:00,1
2010-01-07 00:00:00,2010-01-07 00:00:00,19.5,2010-01-07 00:00:00,18.5,18.75,11,4700,87625,2010-01-07 00:00:00,1
2010-01-11 00:00:00,2010-01-11 00:00:00,19.5,2010-01-11 00:00:00,19.5,19.5,5,5100,99450,2010-01-11 00:00:00,1
2010-01-12 00:00:00,2010-01-12 00:00:00,19,2010-01-12 00:00:00,18.75,19,7,24500,465375,2010-01-12 00:00:00,1
2010-01-13 00:00:00,2010-01-13 00:00:00,19,2010-01-13 00:00:00,18.75,19,9,9600,181400,2010-01-13 00:00:00,1
2010-01-15 00:00:00,2010-01-15 00:00:00,19,2010-01-15 00:00:00,18.75,19,5,4700,88800,2010-01-15 00:00:00,1
2010-01-18 00:00:00,2010-01-18 00:00:00,18.5,2010-01-18 00:00:00,18.5,18.5,2,1100,20350,2010-01-18 00:00:00,1
2010-01-19 00:00:00,2010-01-19 00:00:00,18.75,2010-01-19 00:00:00,18,18,12,2500,45325,2010-01-19 00:00:00,1
2010-01-20 00:00:00,2010-01-20 00:00:00,18.5,2010-01-20 00:00:00,18.5,18.5,4,5000,92500,2010-01-20 00:00:00,1
2010-01-21 00:00:00,2010-01-21 00:00:00,18.25,2010-01-21 00:00:00,18,18.25,3,2500,45250,2010-01-21 00:00:00,1
2010-01-22 00:00:00,2010-01-22 00:00:00,18.25,2010-01-22 00:00:00,18.25,18.25,4,1000,18250,2010-01-22 00:00:00,1
2010-01-25 00:00:00,2010-01-25 00:00:00,19,2010-01-25 00:00:00,18.75,19,13,10300,194350,2010-01-25 00:00:00,1
2010-01-28 00:00:00,2010-01-28 00:00:00,19,2010-01-28 00:00:00,18.5,18.75,5,3200,59550,2010-01-28 00:00:00,1
2010-02-01 00:00:00,2010-02-01 00:00:00,19.25,2010-02-01 00:00:00,19,19,3,2000,38025,2010-02-01 00:00:00,1
2010-02-02 00:00:00,2010-02-02 00:00:00,19,2010-02-02 00:00:00,19,19,2,700,13300,2010-02-02 00:00:00,1
2010-02-03 00:00:00,2010-02-03 00:00:00,18.75,2010-02-03 00:00:00,18.5,18.5,16,26400,488725,2010-02-03 00:00:00,1
2010-02-05 00:00:00,2010-02-05 00:00:00,19.5,2010-02-05 00:00:00,18.75,19.25,5,2200,42500,2010-02-05 00:00:00,1
2010-02-08 00:00:00,2010-02-08 00:00:00,19.5,2010-02-08 00:00:00,19.5,19.5,2,1200,23400,2010-02-08 00:00:00,1
2010-02-09 00:00:00,2010-02-09 00:00:00,19.5,2010-02-09 00:00:00,19,19,6,1400,26700,2010-02-09 00:00:00,1
2010-02-10 00:00:00,2010-02-10 00:00:00,19.5,2010-02-10 00:00:00,18.75,18.75,10,11200,210900,2010-02-10 00:00:00,1
2010-02-11 00:00:00,2010-02-11 00:00:00,19.5,2010-02-11 00:00:00,18.25,18.25,11,16900,313825,2010-02-11 00:00:00,1
2010-02-12 00:00:00,2010-02-12 00:00:00,18.5,2010-02-12 00:00:00,18,18.25,6,5800,106075,2010-02-12 00:00:00,1
2010-02-16 00:00:00,2010-02-16 00:00:00,18.5,2010-02-16 00:00:00,18.25,18.5,4,700,12850,2010-02-16 00:00:00,1
2010-02-17 00:00:00,2010-02-17 00:00:00,18.5,2010-02-17 00:00:00,18,18.25,8,18600,339500,2010-02-17 00:00:00,1
2010-02-18 00:00:00,2010-02-18 00:00:00,18.75,2010-02-18 00:00:00,18.25,18.25,3,5300,96975,2010-02-18 00:00:00,1
2010-02-22 00:00:00,2010-02-22 00:00:00,19,2010-02-22 00:00:00,19,19,2,1200,22800,2010-02-22 00:00:00,1
2010-02-23 00:00:00,2010-02-23 00:00:00,19.5,2010-02-23 00:00:00,19.25,19.5,10,12300,239600,2010-02-23 00:00:00,1
2010-02-24 00:00:00,2010-02-24 00:00:00,19.75,2010-02-24 00:00:00,19.5,19.5,6,4800,94350,2010-02-24 00:00:00,1
2010-02-25 00:00:00,2010-02-25 00:00:00,19.5,2010-02-25 00:00:00,19.5,19.5,2,1000,19500,2010-02-25 00:00:00,1
2010-02-26 00:00:00,2010-02-26 00:00:00,19.5,2010-02-26 00:00:00,19,19.5,12,7300,140250,2010-02-26 00:00:00,1
2010-03-01 00:00:00,2010-03-01 00:00:00,19.75,2010-03-01 00:00:00,19.5,19.75,5,5300,104575,2010-03-01 00:00:00,1
2010-03-02 00:00:00,2010-03-02 00:00:00,19.25,2010-03-02 00:00:00,19,19,6,6100,116400,2010-03-02 00:00:00,1
2010-03-03 00:00:00,2010-03-03 00:00:00,19.25,2010-03-03 00:00:00,19,19,10,9600,182600,2010-03-03 00:00:00,1
2010-03-04 00:00:00,2010-03-04 00:00:00,19,2010-03-04 00:00:00,18.5,18.5,16,13800,255475,2010-03-04 00:00:00,1
2010-03-05 00:00:00,2010-03-05 00:00:00,20.5,2010-03-05 00:00:00,18.5,19.75,64,133300,2617425,2010-03-05 00:00:00,1
2010-03-08 00:00:00,2010-03-08 00:00:00,22,2010-03-08 00:00:00,19.75,21.5,320,564100,12060725,2010-03-08 00:00:00,1
2010-03-09 00:00:00,2010-03-09 00:00:00,23,2010-03-09 00:00:00,21.25,21.5,271,565900,12675875,2010-03-09 00:00:00,1
2010-03-10 00:00:00,2010-03-10 00:00:00,22.75,2010-03-10 00:00:00,21.5,22.25,75,94900,2097650,2010-03-10 00:00:00,1
2010-03-11 00:00:00,2010-03-11 00:00:00,22.5,2010-03-11 00:00:00,21.75,21.75,29,32200,703625,2010-03-11 00:00:00,1
2010-03-12 00:00:00,2010-03-12 00:00:00,22.5,2010-03-12 00:00:00,21.25,22,34,34900,764075,2010-03-12 00:00:00,1
2010-03-15 00:00:00,2010-03-15 00:00:00,22,2010-03-15 00:00:00,21.5,21.5,8,4200,90800,2010-03-15 00:00:00,1
2010-03-16 00:00:00,2010-03-16 00:00:00,22,2010-03-16 00:00:00,21,21,9,4500,96025,2010-03-16 00:00:00,1
2010-03-17 00:00:00,2010-03-17 00:00:00,22.75,2010-03-17 00:00:00,21.75,22.25,62,108500,2409575,2010-03-17 00:00:00,1
2010-03-18 00:00:00,2010-03-18 00:00:00,23.75,2010-03-18 00:00:00,22,23.75,345,836100,19372175,2010-03-18 00:00:00,1
2010-03-19 00:00:00,2010-03-19 00:00:00,24.25,2010-03-19 00:00:00,23.25,23.5,94,115000,2735100,2010-03-19 00:00:00,1
2010-03-22 00:00:00,2010-03-22 00:00:00,23,2010-03-22 00:00:00,22,22.5,8,20700,465825,2010-03-22 00:00:00,1
2010-03-23 00:00:00,2010-03-23 00:00:00,23,2010-03-23 00:00:00,21.5,21.5,22,24000,523525,2010-03-23 00:00:00,1
2010-03-24 00:00:00,2010-03-24 00:00:00,22.5,2010-03-24 00:00:00,21.5,21.75,12,3100,67350,2010-03-24 00:00:00,1
2010-03-25 00:00:00,2010-03-25 00:00:00,21.5,2010-03-25 00:00:00,21.5,21.5,15,16800,361200,2010-03-25 00:00:00,1
2010-03-26 00:00:00,2010-03-26 00:00:00,22,2010-03-26 00:00:00,21.5,22,7,18600,404075,2010-03-26 00:00:00,1
2010-03-30 00:00:00,2010-03-30 00:00:00,22,2010-03-30 00:00:00,21.75,21.75,8,9000,196000,2010-03-30 00:00:00,1
2010-03-31 00:00:00,2010-03-31 00:00:00,22.5,2010-03-31 00:00:00,21.75,22,19,9400,206700,2010-03-31 00:00:00,1
2010-04-01 00:00:00,2010-04-01 00:00:00,22,2010-04-01 00:00:00,21.5,21.75,7,13600,295300,2010-04-01 00:00:00,1
2010-04-05 00:00:00,2010-04-05 00:00:00,21.75,2010-04-05 00:00:00,21.25,21.75,16,29800,638275,2010-04-05 00:00:00,1
2010-04-06 00:00:00,2010-04-06 00:00:00,23.75,2010-04-06 00:00:00,21.5,23,71,127000,2868300,2010-04-06 00:00:00,1
2010-04-07 00:00:00,2010-04-07 00:00:00,24,2010-04-07 00:00:00,23,23.25,64,77300,1837925,2010-04-07 00:00:00,1
2010-04-08 00:00:00,2010-04-08 00:00:00,24.25,2010-04-08 00:00:00,23.5,24,48,52200,1250650,2010-04-08 00:00:00,1
2010-04-12 00:00:00,2010-04-12 00:00:00,24,2010-04-12 00:00:00,23.25,23.75,37,59300,1416600,2010-04-12 00:00:00,1
2010-04-15 00:00:00,2010-04-15 00:00:00,23.75,2010-04-15 00:00:00,23,23.75,19,33700,800000,2010-04-15 00:00:00,1
2010-04-16 00:00:00,2010-04-16 00:00:00,23.75,2010-04-16 00:00:00,23.5,23.5,21,19600,463350,2010-04-16 00:00:00,1
2010-04-19 00:00:00,2010-04-19 00:00:00,24,2010-04-19 00:00:00,23,24,80,116900,2776150,2010-04-19 00:00:00,1
2010-04-20 00:00:00,2010-04-20 00:00:00,24.75,2010-04-20 00:00:00,23.25,23.25,79,115100,2796000,2010-04-20 00:00:00,1
2010-04-21 00:00:00,2010-04-21 00:00:00,23.75,2010-04-21 00:00:00,22.5,22.5,24,17500,400900,2010-04-21 00:00:00,1
2010-04-22 00:00:00,2010-04-22 00:00:00,23,2010-04-22 00:00:00,22.5,22.75,27,30900,703675,2010-04-22 00:00:00,1
2010-04-23 00:00:00,2010-04-23 00:00:00,28.25,2010-04-23 00:00:00,23.5,27.75,584,1019300,26676375,2010-04-23 00:00:00,1
2010-04-26 00:00:00,2010-04-26 00:00:00,31,2010-04-26 00:00:00,28,28.5,449,692700,20235225,2010-04-26 00:00:00,1
2010-04-27 00:00:00,2010-04-27 00:00:00,29,2010-04-27 00:00:00,27,27.5,69,74200,2056275,2010-04-27 00:00:00,1
2010-04-29 00:00:00,2010-04-29 00:00:00,28,2010-04-29 00:00:00,27.25,27.5,46,38500,1067000,2010-04-29 00:00:00,1
2010-04-30 00:00:00,2010-04-30 00:00:00,28,2010-04-30 00:00:00,27.25,27.5,19,82100,2258200,2010-04-30 00:00:00,1
2010-05-03 00:00:00,2010-05-03 00:00:00,28,2010-05-03 00:00:00,27.5,27.5,49,96900,2679650,2010-05-03 00:00:00,1
2010-05-04 00:00:00,2010-05-04 00:00:00,28,2010-05-04 00:00:00,27,27.5,43,63600,1740700,2010-05-04 00:00:00,1
2010-05-05 00:00:00,2010-05-05 00:00:00,27.75,2010-05-05 00:00:00,27,27,37,32400,876675,2010-05-05 00:00:00,1
2010-05-06 00:00:00,2010-05-06 00:00:00,27.5,2010-05-06 00:00:00,27,27,18,23400,636900,2010-05-06 00:00:00,1
2010-05-07 00:00:00,2010-05-07 00:00:00,27,2010-05-07 00:00:00,26.5,26.5,15,6100,162000,2010-05-07 00:00:00,1
2010-05-10 00:00:00,2010-05-10 00:00:00,26.5,2010-05-10 00:00:00,26.25,26.25,5,1900,49950,2010-05-10 00:00:00,1
2010-05-11 00:00:00,2010-05-11 00:00:00,26,2010-05-11 00:00:00,25.5,25.5,38,17400,450000,2010-05-11 00:00:00,1
2010-05-12 00:00:00,2010-05-12 00:00:00,26.5,2010-05-12 00:00:00,25.5,26,25,21700,565425,2010-05-12 00:00:00,1
2010-05-13 00:00:00,2010-05-13 00:00:00,26.75,2010-05-13 00:00:00,26,26,10,7700,200425,2010-05-13 00:00:00,1
2010-05-14 00:00:00,2010-05-14 00:00:00,26.75,2010-05-14 00:00:00,25.5,26,21,20900,546525,2010-05-14 00:00:00,1
2010-05-17 00:00:00,2010-05-17 00:00:00,26.5,2010-05-17 00:00:00,26,26.25,22,22500,585200,2010-05-17 00:00:00,1
2010-05-18 00:00:00,2010-05-18 00:00:00,26.5,2010-05-18 00:00:00,25.75,25.75,17,16900,441875,2010-05-18 00:00:00,1
2010-05-19 00:00:00,2010-05-19 00:00:00,25.75,2010-05-19 00:00:00,25.5,25.75,17,24000,614500,2010-05-19 00:00:00,1
2010-05-20 00:00:00,2010-05-20 00:00:00,25.25,2010-05-20 00:00:00,25.25,25.25,7,7500,189375,2010-05-20 00:00:00,1
2010-05-21 00:00:00,2010-05-21 00:00:00,25.5,2010-05-21 00:00:00,25,25.25,12,5100,129650,2010-05-21 00:00:00,1
2010-05-24 00:00:00,2010-05-24 00:00:00,25.25,2010-05-24 00:00:00,25.25,25.25,7,2200,55550,2010-05-24 00:00:00,1
2010-05-25 00:00:00,2010-05-25 00:00:00,27,2010-05-25 00:00:00,25.5,26,28,36000,941100,2010-05-25 00:00:00,1
2010-05-26 00:00:00,2010-05-26 00:00:00,27,2010-05-26 00:00:00,26,26.75,25,37200,984700,2010-05-26 00:00:00,1
2010-05-31 00:00:00,2010-05-31 00:00:00,27,2010-05-31 00:00:00,25,26.25,15,33600,857725,2010-05-31 00:00:00,1
2010-06-01 00:00:00,2010-06-01 00:00:00,26,2010-06-01 00:00:00,26,26,7,4100,106600,2010-06-01 00:00:00,1
2010-06-02 00:00:00,2010-06-02 00:00:00,26.5,2010-06-02 00:00:00,25.75,26,20,11500,299300,2010-06-02 00:00:00,1
2010-06-03 00:00:00,2010-06-03 00:00:00,26.5,2010-06-03 00:00:00,26.25,26.25,10,5000,131500,2010-06-03 00:00:00,1
2010-06-04 00:00:00,2010-06-04 00:00:00,28,2010-06-04 00:00:00,26.25,27,60,85500,2290150,2010-06-04 00:00:00,1
2010-06-07 00:00:00,2010-06-07 00:00:00,27.75,2010-06-07 00:00:00,27,27.5,18,11900,326575,2010-06-07 00:00:00,1
2010-06-08 00:00:00,2010-06-08 00:00:00,28.75,2010-06-08 00:00:00,27.5,28.5,125,190700,5388950,2010-06-08 00:00:00,1
2010-06-09 00:00:00,2010-06-09 00:00:00,29.25,2010-06-09 00:00:00,28,29,47,73800,2135550,2010-06-09 00:00:00,1
2010-06-10 00:00:00,2010-06-10 00:00:00,31.75,2010-06-10 00:00:00,29,30.25,214,470800,14372500,2010-06-10 00:00:00,1
2010-06-11 00:00:00,2010-06-11 00:00:00,32.5,2010-06-11 00:00:00,30.25,31.75,254,577800,18224950,2010-06-11 00:00:00,1
2010-06-14 00:00:00,2010-06-14 00:00:00,32.25,2010-06-14 00:00:00,30.25,31,46,53100,1652125,2010-06-14 00:00:00,1
2010-06-15 00:00:00,2010-06-15 00:00:00,31.75,2010-06-15 00:00:00,30.5,30.75,44,48000,1491375,2010-06-15 00:00:00,1
2010-06-16 00:00:00,2010-06-16 00:00:00,33,2010-06-16 00:00:00,30,32.75,184,577300,18323725,2010-06-16 00:00:00,1
2010-06-17 00:00:00,2010-06-17 00:00:00,37.25,2010-06-17 00:00:00,32.5,36.75,552,1306600,46366950,2010-06-17 00:00:00,1
2010-06-21 00:00:00,2010-06-21 00:00:00,37.75,2010-06-21 00:00:00,34.5,35,113,232300,8537175,2010-06-21 00:00:00,1
2010-06-22 00:00:00,2010-06-22 00:00:00,35,2010-06-22 00:00:00,33,33,51,42900,1446075,2010-06-22 00:00:00,1
2010-06-23 00:00:00,2010-06-23 00:00:00,34,2010-06-23 00:00:00,31,32.25,40,48400,1558125,2010-06-23 00:00:00,1
2010-06-24 00:00:00,2010-06-24 00:00:00,33.25,2010-06-24 00:00:00,31.5,33.25,41,58400,1906075,2010-06-24 00:00:00,1
2010-06-28 00:00:00,2010-06-28 00:00:00,32.75,2010-06-28 00:00:00,32,32,25,22200,718825,2010-06-28 00:00:00,1
2010-06-29 00:00:00,2010-06-29 00:00:00,35,2010-06-29 00:00:00,32.5,33,25,37900,1268975,2010-06-29 00:00:00,1
2010-06-30 00:00:00,2010-06-30 00:00:00,35,2010-06-30 00:00:00,33,33.25,63,135400,4599900,2010-06-30 00:00:00,1
2010-07-01 00:00:00,2010-07-01 00:00:00,37,2010-07-01 00:00:00,34,35.5,231,327900,11711050,2010-07-01 00:00:00,1
2010-07-02 00:00:00,2010-07-02 00:00:00,37.5,2010-07-02 00:00:00,34.5,34.75,65,109500,4018775,2010-07-02 00:00:00,1
2010-07-05 00:00:00,2010-07-05 00:00:00,34.75,2010-07-05 00:00:00,33.75,34,32,33100,1124075,2010-07-05 00:00:00,1
2010-07-06 00:00:00,2010-07-06 00:00:00,35,2010-07-06 00:00:00,33,33,34,51100,1708425,2010-07-06 00:00:00,1
2010-07-07 00:00:00,2010-07-07 00:00:00,33,2010-07-07 00:00:00,31.25,31.75,59,96600,3055375,2010-07-07 00:00:00,1
2010-07-08 00:00:00,2010-07-08 00:00:00,35.75,2010-07-08 00:00:00,31.75,33,35,36200,1212275,2010-07-08 00:00:00,1
2010-07-09 00:00:00,2010-07-09 00:00:00,33.5,2010-07-09 00:00:00,32.5,32.5,29,35400,1160875,2010-07-09 00:00:00,1
2010-07-12 00:00:00,2010-07-12 00:00:00,34.5,2010-07-12 00:00:00,32.5,33,23,20900,690825,2010-07-12 00:00:00,1
2010-07-13 00:00:00,2010-07-13 00:00:00,34.25,2010-07-13 00:00:00,33.25,33.75,18,14400,487475,2010-07-13 00:00:00,1
2010-07-14 00:00:00,2010-07-14 00:00:00,37.5,2010-07-14 00:00:00,34,35.25,369,796600,28797000,2010-07-14 00:00:00,1
2010-07-15 00:00:00,2010-07-15 00:00:00,37.25,2010-07-15 00:00:00,35.25,36.75,79,214100,7762700,2010-07-15 00:00:00,1
2010-07-16 00:00:00,2010-07-16 00:00:00,37.5,2010-07-16 00:00:00,35,35.25,25,9900,357175,2010-07-16 00:00:00,1
2010-07-19 00:00:00,2010-07-19 00:00:00,36.5,2010-07-19 00:00:00,35.25,36,23,43600,1574650,2010-07-19 00:00:00,1
2010-07-20 00:00:00,2010-07-20 00:00:00,39.25,2010-07-20 00:00:00,35,38.75,301,558500,21178200,2010-07-20 00:00:00,1
2010-07-21 00:00:00,2010-07-21 00:00:00,41,2010-07-21 00:00:00,37.5,38.5,212,405100,15965200,2010-07-21 00:00:00,1
2010-07-22 00:00:00,2010-07-22 00:00:00,38.5,2010-07-22 00:00:00,37,37.5,58,116600,4402200,2010-07-22 00:00:00,1
2010-07-23 00:00:00,2010-07-23 00:00:00,37.75,2010-07-23 00:00:00,36.5,36.75,35,20400,756150,2010-07-23 00:00:00,1
2010-07-26 00:00:00,2010-07-26 00:00:00,37.5,2010-07-26 00:00:00,36.5,37,29,26700,987825,2010-07-26 00:00:00,1
2010-07-27 00:00:00,2010-07-27 00:00:00,38.75,2010-07-27 00:00:00,37.5,38.5,57,82000,3108425,2010-07-27 00:00:00,1
2010-07-28 00:00:00,2010-07-28 00:00:00,39.5,2010-07-28 00:00:00,38.5,39,90,206000,8063850,2010-07-28 00:00:00,1
2010-07-29 00:00:00,2010-07-29 00:00:00,39.5,2010-07-29 00:00:00,37.5,37.5,25,23200,890750,2010-07-29 00:00:00,1
2010-07-30 00:00:00,2010-07-30 00:00:00,39,2010-07-30 00:00:00,37,37.5,58,297100,11058975,2010-07-30 00:00:00,1
2010-08-02 00:00:00,2010-08-02 00:00:00,39,2010-08-02 00:00:00,36.5,38.9,39,52600,2006050,2010-08-02 00:00:00,1
2010-08-03 00:00:00,2010-08-03 00:00:00,39.5,2010-08-03 00:00:00,37.6,38.6,37,46400,1810530,2010-08-03 00:00:00,1
2010-08-04 00:00:00,2010-08-04 00:00:00,42.5,2010-08-04 00:00:00,36.6,39.6,174,313200,12731420,2010-08-04 00:00:00,1
2010-08-05 00:00:00,2010-08-05 00:00:00,43,2010-08-05 00:00:00,36,38.8,89,142300,5456870,2010-08-05 00:00:00,1
2010-08-06 00:00:00,2010-08-06 00:00:00,39,2010-08-06 00:00:00,37.5,38.7,24,21000,796210,2010-08-06 00:00:00,1
2010-08-09 00:00:00,2010-08-09 00:00:00,38.5,2010-08-09 00:00:00,35.9,36.4,72,106200,3840840,2010-08-09 00:00:00,1
2010-08-10 00:00:00,2010-08-10 00:00:00,39.9,2010-08-10 00:00:00,35,39.6,125,138500,5253910,2010-08-10 00:00:00,1
2010-08-11 00:00:00,2010-08-11 00:00:00,40,2010-08-11 00:00:00,38,39,25,15100,594680,2010-08-11 00:00:00,1
2010-08-12 00:00:00,2010-08-12 00:00:00,39,2010-08-12 00:00:00,36.1,38.7,42,62000,2369490,2010-08-12 00:00:00,1
2010-08-13 00:00:00,2010-08-13 00:00:00,39.5,2010-08-13 00:00:00,39,39,33,47300,1847530,2010-08-13 00:00:00,1
2010-08-16 00:00:00,2010-08-16 00:00:00,39.5,2010-08-16 00:00:00,38,38.5,30,26000,1006860,2010-08-16 00:00:00,1
2010-08-17 00:00:00,2010-08-17 00:00:00,39.5,2010-08-17 00:00:00,37,37.2,45,46500,1752070,2010-08-17 00:00:00,1
2010-08-18 00:00:00,2010-08-18 00:00:00,40.2,2010-08-18 00:00:00,37.5,38.5,33,28000,1078890,2010-08-18 00:00:00,1
2010-08-19 00:00:00,2010-08-19 00:00:00,42.3,2010-08-19 00:00:00,38.5,42.1,357,768000,31603550,2010-08-19 00:00:00,1
2010-08-20 00:00:00,2010-08-20 00:00:00,43.9,2010-08-20 00:00:00,39,41.8,146,188100,7908380,2010-08-20 00:00:00,1
2010-08-23 00:00:00,2010-08-23 00:00:00,42.1,2010-08-23 00:00:00,40.6,41.1,93,135300,5548850,2010-08-23 00:00:00,1
2010-08-25 00:00:00,2010-08-25 00:00:00,42,2010-08-25 00:00:00,40.1,40.4,28,44600,1847800,2010-08-25 00:00:00,1
2010-08-26 00:00:00,2010-08-26 00:00:00,41.9,2010-08-26 00:00:00,39,40.2,81,48300,1959000,2010-08-26 00:00:00,1
2010-08-27 00:00:00,2010-08-27 00:00:00,43,2010-08-27 00:00:00,40,42.2,138,217800,9154770,2010-08-27 00:00:00,1
2010-08-30 00:00:00,2010-08-30 00:00:00,43,2010-08-30 00:00:00,41,42,116,107500,4525090,2010-08-30 00:00:00,1
2010-08-31 00:00:00,2010-08-31 00:00:00,42,2010-08-31 00:00:00,40.1,40.7,48,40500,1656230,2010-08-31 00:00:00,1
2010-09-01 00:00:00,2010-09-01 00:00:00,42,2010-09-01 00:00:00,40.1,41.1,47,49900,2054220,2010-09-01 00:00:00,1
2010-09-02 00:00:00,2010-09-02 00:00:00,42,2010-09-02 00:00:00,40.8,41,44,58800,2431080,2010-09-02 00:00:00,1
2010-09-03 00:00:00,2010-09-03 00:00:00,41.5,2010-09-03 00:00:00,40,40.9,28,11300,461650,2010-09-03 00:00:00,1
2010-09-06 00:00:00,2010-09-06 00:00:00,40.9,2010-09-06 00:00:00,40,40.2,29,55000,2208300,2010-09-06 00:00:00,1
2010-09-07 00:00:00,2010-09-07 00:00:00,42,2010-09-07 00:00:00,40,40.5,29,16000,658610,2010-09-07 00:00:00,1
2010-09-08 00:00:00,2010-09-08 00:00:00,41.5,2010-09-08 00:00:00,40,40.4,31,25200,1019480,2010-09-08 00:00:00,1
2010-09-09 00:00:00,2010-09-09 00:00:00,40,2010-09-09 00:00:00,39.6,39.7,18,8900,353520,2010-09-09 00:00:00,1
2010-09-13 00:00:00,2010-09-13 00:00:00,40.5,2010-09-13 00:00:00,39,39.4,28,12800,507190,2010-09-13 00:00:00,1
2010-09-14 00:00:00,2010-09-14 00:00:00,40,2010-09-14 00:00:00,38,38.7,30,19500,750890,2010-09-14 00:00:00,1
2010-09-15 00:00:00,2010-09-15 00:00:00,41,2010-09-15 00:00:00,38,38.2,31,28400,1102510,2010-09-15 00:00:00,1
2010-09-16 00:00:00,2010-09-16 00:00:00,40,2010-09-16 00:00:00,38.2,38.5,16,27900,1111950,2010-09-16 00:00:00,1
2010-09-17 00:00:00,2010-09-17 00:00:00,41.4,2010-09-17 00:00:00,38.6,40.3,54,74200,2982980,2010-09-17 00:00:00,1
2010-09-20 00:00:00,2010-09-20 00:00:00,41,2010-09-20 00:00:00,38,38.9,58,51500,2024350,2010-09-20 00:00:00,1
2010-09-21 00:00:00,2010-09-21 00:00:00,39.5,2010-09-21 00:00:00,38,39,33,38700,1509040,2010-09-21 00:00:00,1
2010-09-23 00:00:00,2010-09-23 00:00:00,41.4,2010-09-23 00:00:00,39,39.9,50,38300,1554940,2010-09-23 00:00:00,1
2010-09-24 00:00:00,2010-09-24 00:00:00,40,2010-09-24 00:00:00,38.5,39.5,34,31900,1254470,2010-09-24 00:00:00,1
2010-09-27 00:00:00,2010-09-27 00:00:00,41,2010-09-27 00:00:00,39,39.3,39,32000,1279540,2010-09-27 00:00:00,1
2010-09-28 00:00:00,2010-09-28 00:00:00,39,2010-09-28 00:00:00,37.5,37.9,23,21600,819970,2010-09-28 00:00:00,1
2010-09-29 00:00:00,2010-09-29 00:00:00,40.5,2010-09-29 00:00:00,38,39.6,46,44600,1778580,2010-09-29 00:00:00,1
2010-09-30 00:00:00,2010-09-30 00:00:00,40.4,2010-09-30 00:00:00,39,39.2,30,18000,712240,2010-09-30 00:00:00,1
2010-10-01 00:00:00,2010-10-01 00:00:00,40.6,2010-10-01 00:00:00,39,40.2,57,39200,1569040,2010-10-01 00:00:00,1
2010-10-04 00:00:00,2010-10-04 00:00:00,40.6,2010-10-04 00:00:00,38.5,38.8,12,3500,137540,2010-10-04 00:00:00,1
2010-10-05 00:00:00,2010-10-05 00:00:00,39.8,2010-10-05 00:00:00,37,38.6,26,29200,1093470,2010-10-05 00:00:00,1
2010-10-06 00:00:00,2010-10-06 00:00:00,38,2010-10-06 00:00:00,36.7,37.5,13,11300,427400,2010-10-06 00:00:00,1
2010-10-07 00:00:00,2010-10-07 00:00:00,39,2010-10-07 00:00:00,36,37.5,36,26400,972820,2010-10-07 00:00:00,1
2010-10-08 00:00:00,2010-10-08 00:00:00,38.6,2010-10-08 00:00:00,35,37.7,30,62000,2199300,2010-10-08 00:00:00,1
2010-10-11 00:00:00,2010-10-11 00:00:00,38.5,2010-10-11 00:00:00,36,36.1,18,18200,671260,2010-10-11 00:00:00,1
2010-10-12 00:00:00,2010-10-12 00:00:00,36,2010-10-12 00:00:00,34.5,35.2,18,15000,526100,2010-10-12 00:00:00,1
2010-10-13 00:00:00,2010-10-13 00:00:00,37.5,2010-10-13 00:00:00,30,37,23,40100,1316850,2010-10-13 00:00:00,1
2010-10-14 00:00:00,2010-10-14 00:00:00,38,2010-10-14 00:00:00,34,34.2,20,14300,511340,2010-10-14 00:00:00,1
2010-10-15 00:00:00,2010-10-15 00:00:00,35.5,2010-10-15 00:00:00,33,34.5,28,31200,1095200,2010-10-15 00:00:00,1
2010-10-18 00:00:00,2010-10-18 00:00:00,35.4,2010-10-18 00:00:00,34.5,34.5,14,14400,502840,2010-10-18 00:00:00,1
2010-10-19 00:00:00,2010-10-19 00:00:00,34.5,2010-10-19 00:00:00,34,34.5,9,2600,89650,2010-10-19 00:00:00,1
2010-10-20 00:00:00,2010-10-20 00:00:00,34.9,2010-10-20 00:00:00,34.1,34.6,6,7100,245710,2010-10-20 00:00:00,1
2010-10-21 00:00:00,2010-10-21 00:00:00,37.5,2010-10-21 00:00:00,34.7,36.1,24,8500,309860,2010-10-21 00:00:00,1
2010-10-25 00:00:00,2010-10-25 00:00:00,36,2010-10-25 00:00:00,36,36,20,38200,1375200,2010-10-25 00:00:00,1
2010-10-26 00:00:00,2010-10-26 00:00:00,37,2010-10-26 00:00:00,34,34.1,29,9500,330020,2010-10-26 00:00:00,1
2010-10-27 00:00:00,2010-10-27 00:00:00,35,2010-10-27 00:00:00,32,34.7,5,4100,140960,2010-10-27 00:00:00,1
2010-10-28 00:00:00,2010-10-28 00:00:00,34.9,2010-10-28 00:00:00,34,34.1,12,14400,493380,2010-10-28 00:00:00,1
2010-10-29 00:00:00,2010-10-29 00:00:00,36.5,2010-10-29 00:00:00,35,36,28,19400,694110,2010-10-29 00:00:00,1
2010-11-01 00:00:00,2010-11-01 00:00:00,36.7,2010-11-01 00:00:00,36,36.5,25,30900,1127720,2010-11-01 00:00:00,1
2010-11-02 00:00:00,2010-11-02 00:00:00,38,2010-11-02 00:00:00,35.5,35.5,3,1100,40750,2010-11-02 00:00:00,1
2010-11-03 00:00:00,2010-11-03 00:00:00,35.5,2010-11-03 00:00:00,35.5,35.5,1,500,17750,2010-11-03 00:00:00,1
2010-11-04 00:00:00,2010-11-04 00:00:00,36,2010-11-04 00:00:00,35.6,35.6,3,4100,147520,2010-11-04 00:00:00,1
2010-11-09 00:00:00,2010-11-09 00:00:00,35.6,2010-11-09 00:00:00,33,33,14,4000,138910,2010-11-09 00:00:00,1
2010-11-10 00:00:00,2010-11-10 00:00:00,34.9,2010-11-10 00:00:00,33.5,33.7,6,1200,40440,2010-11-10 00:00:00,1
2010-11-11 00:00:00,2010-11-11 00:00:00,33,2010-11-11 00:00:00,33,33,1,100,3300,2010-11-11 00:00:00,1
2010-11-12 00:00:00,2010-11-12 00:00:00,35,2010-11-12 00:00:00,33.5,35,14,7100,241080,2010-11-12 00:00:00,1
2010-11-15 00:00:00,2010-11-15 00:00:00,35,2010-11-15 00:00:00,34,34,9,23200,789900,2010-11-15 00:00:00,1
2010-11-16 00:00:00,2010-11-16 00:00:00,35,2010-11-16 00:00:00,33,33.6,16,12700,427660,2010-11-16 00:00:00,1
2010-11-18 00:00:00,2010-11-18 00:00:00,35,2010-11-18 00:00:00,34,34.2,6,2100,72600,2010-11-18 00:00:00,1
2010-11-22 00:00:00,2010-11-22 00:00:00,35.2,2010-11-22 00:00:00,35,35,7,3100,108560,2010-11-22 00:00:00,1
2010-11-23 00:00:00,2010-11-23 00:00:00,35,2010-11-23 00:00:00,33.1,33.8,19,10500,356260,2010-11-23 00:00:00,1
2010-11-24 00:00:00,2010-11-24 00:00:00,35,2010-11-24 00:00:00,34,34.1,9,3000,103150,2010-11-24 00:00:00,1
2010-11-25 00:00:00,2010-11-25 00:00:00,34.1,2010-11-25 00:00:00,33.9,34,10,12500,425110,2010-11-25 00:00:00,1
2010-11-26 00:00:00,2010-11-26 00:00:00,33.6,2010-11-26 00:00:00,33,33,9,5500,183300,2010-11-26 00:00:00,1
2010-11-29 00:00:00,2010-11-29 00:00:00,33,2010-11-29 00:00:00,32.6,33,7,3500,115380,2010-11-29 00:00:00,1
2010-11-30 00:00:00,2010-11-30 00:00:00,35,2010-11-30 00:00:00,33,35,9,7000,242750,2010-11-30 00:00:00,1
2010-12-01 00:00:00,2010-12-01 00:00:00,39,2010-12-01 00:00:00,35.5,35.6,20,15300,558580,2010-12-01 00:00:00,1
2010-12-02 00:00:00,2010-12-02 00:00:00,38,2010-12-02 00:00:00,34,34.1,14,12200,435000,2010-12-02 00:00:00,1
2010-12-06 00:00:00,2010-12-06 00:00:00,35,2010-12-06 00:00:00,34.1,34.8,2,4000,139100,2010-12-06 00:00:00,1
2010-12-07 00:00:00,2010-12-07 00:00:00,34.1,2010-12-07 00:00:00,34,34,8,3500,119010,2010-12-07 00:00:00,1
2010-12-08 00:00:00,2010-12-08 00:00:00,34,2010-12-08 00:00:00,34,34,1,1000,34000,2010-12-08 00:00:00,1
2010-12-09 00:00:00,2010-12-09 00:00:00,35,2010-12-09 00:00:00,34.5,34.8,8,7300,254890,2010-12-09 00:00:00,1
2010-12-10 00:00:00,2010-12-10 00:00:00,34.5,2010-12-10 00:00:00,34,34,4,1900,64850,2010-12-10 00:00:00,1
2010-12-13 00:00:00,2010-12-13 00:00:00,34.2,2010-12-13 00:00:00,34,34,6,2900,98660,2010-12-13 00:00:00,1
2010-12-14 00:00:00,2010-12-14 00:00:00,36,2010-12-14 00:00:00,34.1,35.5,6,3500,124190,2010-12-14 00:00:00,1
2010-12-15 00:00:00,2010-12-15 00:00:00,37,2010-12-15 00:00:00,35,35.2,30,20400,732100,2010-12-15 00:00:00,1
2010-12-17 00:00:00,2010-12-17 00:00:00,34.5,2010-12-17 00:00:00,34.2,34.3,15,10200,349770,2010-12-17 00:00:00,1
2010-12-21 00:00:00,2010-12-21 00:00:00,35.9,2010-12-21 00:00:00,34.2,34.5,8,10200,349040,2010-12-21 00:00:00,1
2010-12-22 00:00:00,2010-12-22 00:00:00,35.9,2010-12-22 00:00:00,35,35.5,4,1600,56590,2010-12-22 00:00:00,1
2010-12-23 00:00:00,2010-12-23 00:00:00,36.4,2010-12-23 00:00:00,34,36,22,14900,531540,2010-12-23 00:00:00,1
2010-12-24 00:00:00,2010-12-24 00:00:00,36,2010-12-24 00:00:00,35.8,35.9,2,700,25160,2010-12-24 00:00:00,1
2010-12-27 00:00:00,2010-12-27 00:00:00,36.9,2010-12-27 00:00:00,35.5,35.5,9,2900,103090,2010-12-27 00:00:00,1
2010-12-28 00:00:00,2010-12-28 00:00:00,36.8,2010-12-28 00:00:00,35.6,35.6,3,2200,78450,2010-12-28 00:00:00,1
2010-12-29 00:00:00,2010-12-29 00:00:00,36.5,2010-12-29 00:00:00,35,35.1,5,2100,73710,2010-12-29 00:00:00,1
2010-12-30 00:00:00,2010-12-30 00:00:00,36.5,2010-12-30 00:00:00,34,36,9,13600,470390,2010-12-30 00:00:00,1
2010-12-31 00:00:00,2010-12-31 00:00:00,36.5,2010-12-31 00:00:00,34.1,35,8,2200,77000,2010-12-31 00:00:00,1
Company Id,:  MSL,Security,Type :  N,Sub Type,:  0000,,,,,
Short Name,:  MERC. SHIPPING,,,,,,,,,
Day,Date High,High,Date Low,Low,Closing,No. of Trades,No. of Shares,Turnover,Last Traded,Days Traded
2010-01-20 00:00:00,2010-01-20 00:00:00,127,2010-01-20 00:00:00,105,120,21,3400,381500,2010-01-20 00:00:00,1
2010-02-03 00:00:00,2010-02-03 00:00:00,120,2010-02-03 00:00:00,110,115.75,5,700,81000,2010-02-03 00:00:00,1
2010-02-08 00:00:00,2010-02-08 00:00:00,120,2010-02-08 00:00:00,120,120,3,500,60000,2010-02-08 00:00:00,1
2010-02-11 00:00:00,2010-02-11 00:00:00,121,2010-02-11 00:00:00,120,120.25,3,1600,192500,2010-02-11 00:00:00,1
2010-02-12 00:00:00,2010-02-12 00:00:00,121,2010-02-12 00:00:00,121,121,2,300,36300,2010-02-12 00:00:00,1
2010-03-01 00:00:00,2010-03-01 00:00:00,125,2010-03-01 00:00:00,124.75,125,2,400,49950,2010-03-01 00:00:00,1
2010-03-02 00:00:00,2010-03-02 00:00:00,127.5,2010-03-02 00:00:00,127.5,127.5,5,600,76500,2010-03-02 00:00:00,1
2010-03-03 00:00:00,2010-03-03 00:00:00,125,2010-03-03 00:00:00,125,125,2,200,25000,2010-03-03 00:00:00,1
2010-03-04 00:00:00,2010-03-04 00:00:00,160,2010-03-04 00:00:00,129,146.25,110,18000,2597900,2010-03-04 00:00:00,1
2010-03-05 00:00:00,2010-03-05 00:00:00,173,2010-03-05 00:00:00,150,158.5,82,15000,2451500,2010-03-05 00:00:00,1
2010-03-08 00:00:00,2010-03-08 00:00:00,168,2010-03-08 00:00:00,166.5,166.75,3,500,83725,2010-03-08 00:00:00,1
2010-03-12 00:00:00,2010-03-12 00:00:00,150,2010-03-12 00:00:00,150,150,1,100,15000,2010-03-12 00:00:00,1
2010-03-15 00:00:00,2010-03-15 00:00:00,155,2010-03-15 00:00:00,155,155,1,100,15500,2010-03-15 00:00:00,1
2010-03-16 00:00:00,2010-03-16 00:00:00,150,2010-03-16 00:00:00,150,150,1,100,15000,2010-03-16 00:00:00,1
2010-03-17 00:00:00,2010-03-17 00:00:00,147,2010-03-17 00:00:00,147,147,1,100,14700,2010-03-17 00:00:00,1
2010-03-19 00:00:00,2010-03-19 00:00:00,164,2010-03-19 00:00:00,150,157,3,600,94200,2010-03-19 00:00:00,1
2010-03-23 00:00:00,2010-03-23 00:00:00,145,2010-03-23 00:00:00,145,145,1,100,14500,2010-03-23 00:00:00,1
2010-03-26 00:00:00,2010-03-26 00:00:00,115,2010-03-26 00:00:00,115,115,1,100,11500,2010-03-26 00:00:00,1
2010-04-01 00:00:00,2010-04-01 00:00:00,125,2010-04-01 00:00:00,125,125,2,200,25000,2010-04-01 00:00:00,1
2010-04-12 00:00:00,2010-04-12 00:00:00,125,2010-04-12 00:00:00,125,125,1,200,25000,2010-04-12 00:00:00,1
2010-04-22 00:00:00,2010-04-22 00:00:00,135,2010-04-22 00:00:00,130,132.5,2,200,26500,2010-04-22 00:00:00,1
2010-04-29 00:00:00,2010-04-29 00:00:00,145,2010-04-29 00:00:00,125,145,2,200,27000,2010-04-29 00:00:00,1
2010-05-03 00:00:00,2010-05-03 00:00:00,140,2010-05-03 00:00:00,138.25,138.25,3,1400,193900,2010-05-03 00:00:00,1
2010-05-05 00:00:00,2010-05-05 00:00:00,138.25,2010-05-05 00:00:00,131.25,134.25,4,500,67075,2010-05-05 00:00:00,1
2010-05-06 00:00:00,2010-05-06 00:00:00,130.25,2010-05-06 00:00:00,130.25,130.25,1,100,13025,2010-05-06 00:00:00,1
2010-05-07 00:00:00,2010-05-07 00:00:00,155,2010-05-07 00:00:00,145,150,7,2300,345500,2010-05-07 00:00:00,1
2010-05-11 00:00:00,2010-05-11 00:00:00,160,2010-05-11 00:00:00,150,159.25,4,700,110650,2010-05-11 00:00:00,1
2010-05-21 00:00:00,2010-05-21 00:00:00,170,2010-05-21 00:00:00,160,160,19,2900,472100,2010-05-21 00:00:00,1
2010-05-26 00:00:00,2010-05-26 00:00:00,179.75,2010-05-26 00:00:00,170,173.25,17,1700,294625,2010-05-26 00:00:00,1
2010-05-31 00:00:00,2010-05-31 00:00:00,174,2010-05-31 00:00:00,174,174,3,700,121800,2010-05-31 00:00:00,1
2010-06-08 00:00:00,2010-06-08 00:00:00,169.75,2010-06-08 00:00:00,169.75,169.75,1,200,33950,2010-06-08 00:00:00,1
2010-06-09 00:00:00,2010-06-09 00:00:00,160,2010-06-09 00:00:00,145,153,8,1300,199000,2010-06-09 00:00:00,1
2010-06-11 00:00:00,2010-06-11 00:00:00,153,2010-06-11 00:00:00,153,153,1,300,45900,2010-06-11 00:00:00,1
2010-06-15 00:00:00,2010-06-15 00:00:00,180,2010-06-15 00:00:00,173.75,175.5,23,4500,788125,2010-06-15 00:00:00,1
2010-06-17 00:00:00,2010-06-17 00:00:00,189.75,2010-06-17 00:00:00,183,185.5,8,1500,278475,2010-06-17 00:00:00,1
2010-06-22 00:00:00,2010-06-22 00:00:00,185,2010-06-22 00:00:00,185,185,1,100,18500,2010-06-22 00:00:00,1
2010-06-23 00:00:00,2010-06-23 00:00:00,175,2010-06-23 00:00:00,175,175,1,200,35000,2010-06-23 00:00:00,1
2010-06-28 00:00:00,2010-06-28 00:00:00,185,2010-06-28 00:00:00,185,185,1,100,18500,2010-06-28 00:00:00,1
2010-06-29 00:00:00,2010-06-29 00:00:00,185,2010-06-29 00:00:00,185,185,1,100,18500,2010-06-29 00:00:00,1
2010-06-30 00:00:00,2010-06-30 00:00:00,189,2010-06-30 00:00:00,185,186.5,2,500,93300,2010-06-30 00:00:00,1
2010-07-05 00:00:00,2010-07-05 00:00:00,184.75,2010-07-05 00:00:00,180,183.5,5,500,91775,2010-07-05 00:00:00,1
2010-07-08 00:00:00,2010-07-08 00:00:00,180,2010-07-08 00:00:00,180,180,1,200,36000,2010-07-08 00:00:00,1
2010-07-09 00:00:00,2010-07-09 00:00:00,180,2010-07-09 00:00:00,180,180,1,100,18000,2010-07-09 00:00:00,1
2010-07-12 00:00:00,2010-07-12 00:00:00,185.25,2010-07-12 00:00:00,182,185.25,4,400,73625,2010-07-12 00:00:00,1
2010-07-13 00:00:00,2010-07-13 00:00:00,184.75,2010-07-13 00:00:00,184.75,184.75,1,100,18475,2010-07-13 00:00:00,1
2010-07-14 00:00:00,2010-07-14 00:00:00,185,2010-07-14 00:00:00,184.75,185,7,1000,184975,2010-07-14 00:00:00,1
2010-07-15 00:00:00,2010-07-15 00:00:00,189.75,2010-07-15 00:00:00,189.75,189.75,1,100,18975,2010-07-15 00:00:00,1
2010-07-16 00:00:00,2010-07-16 00:00:00,190,2010-07-16 00:00:00,189.75,190,3,300,56975,2010-07-16 00:00:00,1
2010-07-20 00:00:00,2010-07-20 00:00:00,200,2010-07-20 00:00:00,195,196.75,7,700,137225,2010-07-20 00:00:00,1
2010-07-21 00:00:00,2010-07-21 00:00:00,209.75,2010-07-21 00:00:00,200,206,6,600,122800,2010-07-21 00:00:00,1
2010-07-22 00:00:00,2010-07-22 00:00:00,209.75,2010-07-22 00:00:00,209.75,209.75,1,100,20975,2010-07-22 00:00:00,1
2010-07-23 00:00:00,2010-07-23 00:00:00,230,2010-07-23 00:00:00,205,223,20,4900,1043425,2010-07-23 00:00:00,1
2010-07-26 00:00:00,2010-07-26 00:00:00,310,2010-07-26 00:00:00,240,282.25,39,6200,1763150,2010-07-26 00:00:00,1
2010-07-27 00:00:00,2010-07-27 00:00:00,275,2010-07-27 00:00:00,270,275,3,400,109000,2010-07-27 00:00:00,1
2010-07-28 00:00:00,2010-07-28 00:00:00,319.75,2010-07-28 00:00:00,300,300,7,700,217375,2010-07-28 00:00:00,1
2010-07-29 00:00:00,2010-07-29 00:00:00,300,2010-07-29 00:00:00,300,300,1,300,90000,2010-07-29 00:00:00,1
2010-07-30 00:00:00,2010-07-30 00:00:00,300,2010-07-30 00:00:00,290,300,36,8900,2667700,2010-07-30 00:00:00,1
2010-08-02 00:00:00,2010-08-02 00:00:00,310,2010-08-02 00:00:00,300,300.1,24,3400,1045200,2010-08-02 00:00:00,1
2010-08-03 00:00:00,2010-08-03 00:00:00,310,2010-08-03 00:00:00,300,305,2,400,122000,2010-08-03 00:00:00,1
2010-08-05 00:00:00,2010-08-05 00:00:00,305,2010-08-05 00:00:00,274.5,300,6,700,202840,2010-08-05 00:00:00,1
2010-08-10 00:00:00,2010-08-10 00:00:00,295,2010-08-10 00:00:00,295,295,1,100,29500,2010-08-10 00:00:00,1
2010-08-11 00:00:00,2010-08-11 00:00:00,295,2010-08-11 00:00:00,295,295,2,200,59000,2010-08-11 00:00:00,1
2010-08-16 00:00:00,2010-08-16 00:00:00,280,2010-08-16 00:00:00,280,280,1,100,28000,2010-08-16 00:00:00,1
2010-08-17 00:00:00,2010-08-17 00:00:00,280,2010-08-17 00:00:00,275,275,3,300,83500,2010-08-17 00:00:00,1
2010-08-18 00:00:00,2010-08-18 00:00:00,275,2010-08-18 00:00:00,247.5,253,13,2100,533580,2010-08-18 00:00:00,1
2010-08-23 00:00:00,2010-08-23 00:00:00,277.9,2010-08-23 00:00:00,228,277.9,2,200,50590,2010-08-23 00:00:00,1
2010-08-26 00:00:00,2010-08-26 00:00:00,265,2010-08-26 00:00:00,252,260.7,5,500,129000,2010-08-26 00:00:00,1
2010-08-27 00:00:00,2010-08-27 00:00:00,250,2010-08-27 00:00:00,250,250,2,200,50000,2010-08-27 00:00:00,1
2010-08-30 00:00:00,2010-08-30 00:00:00,260,2010-08-30 00:00:00,225.1,225.1,6,700,170040,2010-08-30 00:00:00,1
2010-08-31 00:00:00,2010-08-31 00:00:00,247.5,2010-08-31 00:00:00,247.5,247.5,1,100,24750,2010-08-31 00:00:00,1
2010-09-01 00:00:00,2010-09-01 00:00:00,230,2010-09-01 00:00:00,230,230,3,400,92000,2010-09-01 00:00:00,1
2010-09-02 00:00:00,2010-09-02 00:00:00,235,2010-09-02 00:00:00,232,232,2,200,46700,2010-09-02 00:00:00,1
2010-09-03 00:00:00,2010-09-03 00:00:00,250,2010-09-03 00:00:00,249.9,249.9,2,300,74980,2010-09-03 00:00:00,1
2010-09-06 00:00:00,2010-09-06 00:00:00,248,2010-09-06 00:00:00,248,248,1,100,24800,2010-09-06 00:00:00,1
2010-09-07 00:00:00,2010-09-07 00:00:00,248.1,2010-09-07 00:00:00,248,248,3,400,99210,2010-09-07 00:00:00,1
2010-09-08 00:00:00,2010-09-08 00:00:00,250,2010-09-08 00:00:00,250,250,1,100,25000,2010-09-08 00:00:00,1
2010-09-09 00:00:00,2010-09-09 00:00:00,250,2010-09-09 00:00:00,250,250,2,200,50000,2010-09-09 00:00:00,1
2010-09-13 00:00:00,2010-09-13 00:00:00,250.1,2010-09-13 00:00:00,250,250,9,1500,375020,2010-09-13 00:00:00,1
2010-09-14 00:00:00,2010-09-14 00:00:00,250,2010-09-14 00:00:00,225,250,7,1200,285560,2010-09-14 00:00:00,1
2010-09-15 00:00:00,2010-09-15 00:00:00,240,2010-09-15 00:00:00,240,240,4,400,96000,2010-09-15 00:00:00,1
2010-09-23 00:00:00,2010-09-23 00:00:00,210,2010-09-23 00:00:00,210,210,1,500,105000,2010-09-23 00:00:00,1
2010-09-24 00:00:00,2010-09-24 00:00:00,230,2010-09-24 00:00:00,220,227.1,3,700,159000,2010-09-24 00:00:00,1
2010-09-27 00:00:00,2010-09-27 00:00:00,250,2010-09-27 00:00:00,230,249.3,9,1600,393100,2010-09-27 00:00:00,1
2010-09-28 00:00:00,2010-09-28 00:00:00,260,2010-09-28 00:00:00,260,260,1,200,52000,2010-09-28 00:00:00,1
2010-09-29 00:00:00,2010-09-29 00:00:00,260,2010-09-29 00:00:00,258.5,259.8,7,800,207700,2010-09-29 00:00:00,1
2010-09-30 00:00:00,2010-09-30 00:00:00,260,2010-09-30 00:00:00,260,260,1,100,26000,2010-09-30 00:00:00,1
2010-10-04 00:00:00,2010-10-04 00:00:00,235,2010-10-04 00:00:00,221,233.4,12,3000,671240,2010-10-04 00:00:00,1
2010-10-05 00:00:00,2010-10-05 00:00:00,236,2010-10-05 00:00:00,233.4,235.7,3,800,188520,2010-10-05 00:00:00,1
2010-10-06 00:00:00,2010-10-06 00:00:00,226.5,2010-10-06 00:00:00,225,225,4,900,202800,2010-10-06 00:00:00,1
2010-10-07 00:00:00,2010-10-07 00:00:00,238,2010-10-07 00:00:00,222,222,2,400,92000,2010-10-07 00:00:00,1
2010-10-08 00:00:00,2010-10-08 00:00:00,222.1,2010-10-08 00:00:00,222,222.1,2,600,133230,2010-10-08 00:00:00,1
2010-10-11 00:00:00,2010-10-11 00:00:00,223,2010-10-11 00:00:00,223,223,1,100,22300,2010-10-11 00:00:00,1
2010-10-12 00:00:00,2010-10-12 00:00:00,223,2010-10-12 00:00:00,220,222.2,7,1800,400000,2010-10-12 00:00:00,1
2010-10-13 00:00:00,2010-10-13 00:00:00,222,2010-10-13 00:00:00,222,222,1,300,66600,2010-10-13 00:00:00,1
2010-10-14 00:00:00,2010-10-14 00:00:00,220,2010-10-14 00:00:00,220,220,2,200,44000,2010-10-14 00:00:00,1
2010-10-15 00:00:00,2010-10-15 00:00:00,220,2010-10-15 00:00:00,215,215,2,400,87000,2010-10-15 00:00:00,1
2010-10-18 00:00:00,2010-10-18 00:00:00,235,2010-10-18 00:00:00,235,235,1,100,23500,2010-10-18 00:00:00,1
2010-10-20 00:00:00,2010-10-20 00:00:00,210.1,2010-10-20 00:00:00,210.1,210.1,1,300,63030,2010-10-20 00:00:00,1
2010-10-26 00:00:00,2010-10-26 00:00:00,210,2010-10-26 00:00:00,210,210,1,300,63000,2010-10-26 00:00:00,1
2010-10-29 00:00:00,2010-10-29 00:00:00,210,2010-10-29 00:00:00,175,192.5,2,200,38500,2010-10-29 00:00:00,1
2010-11-01 00:00:00,2010-11-01 00:00:00,175.1,2010-11-01 00:00:00,175.1,175.1,1,100,17510,2010-11-01 00:00:00,1
2010-11-03 00:00:00,2010-11-03 00:00:00,181,2010-11-03 00:00:00,181,181,1,100,18100,2010-11-03 00:00:00,1
2010-11-04 00:00:00,2010-11-04 00:00:00,181,2010-11-04 00:00:00,180,180.1,7,1500,270200,2010-11-04 00:00:00,1
2010-11-08 00:00:00,2010-11-08 00:00:00,179.1,2010-11-08 00:00:00,175.2,176,5,600,105900,2010-11-08 00:00:00,1
2010-11-09 00:00:00,2010-11-09 00:00:00,175.2,2010-11-09 00:00:00,175.2,175.2,2,300,52560,2010-11-09 00:00:00,1
2010-11-12 00:00:00,2010-11-12 00:00:00,190,2010-11-12 00:00:00,185,189.2,5,600,113500,2010-11-12 00:00:00,1
2010-11-15 00:00:00,2010-11-15 00:00:00,204.9,2010-11-15 00:00:00,204.9,204.9,1,100,20490,2010-11-15 00:00:00,1
2010-11-18 00:00:00,2010-11-18 00:00:00,220,2010-11-18 00:00:00,205,212.5,2,200,42500,2010-11-18 00:00:00,1
2010-11-22 00:00:00,2010-11-22 00:00:00,219.9,2010-11-22 00:00:00,219,219.5,2,200,43890,2010-11-22 00:00:00,1
2010-11-30 00:00:00,2010-11-30 00:00:00,210,2010-11-30 00:00:00,210,210,2,200,42000,2010-11-30 00:00:00,1
2010-12-08 00:00:00,2010-12-08 00:00:00,200,2010-12-08 00:00:00,200,200,1,100,20000,2010-12-08 00:00:00,1
2010-12-09 00:00:00,2010-12-09 00:00:00,209,2010-12-09 00:00:00,209,209,1,100,20900,2010-12-09 00:00:00,1
2010-12-13 00:00:00,2010-12-13 00:00:00,210,2010-12-13 00:00:00,180,180,19,6600,1195460,2010-12-13 00:00:00,1
2010-12-15 00:00:00,2010-12-15 00:00:00,180,2010-12-15 00:00:00,180,180,1,100,18000,2010-12-15 00:00:00,1
2010-12-21 00:00:00,2010-12-21 00:00:00,180,2010-12-21 00:00:00,170,171.4,3,900,156000,2010-12-21 00:00:00,1
2010-12-23 00:00:00,2010-12-23 00:00:00,185,2010-12-23 00:00:00,170,185,3,3100,529250,2010-12-23 00:00:00,1
Company Id,:  MULL,Security,Type :  N,Sub Type,:  0000,,,,,
Short Name,:  MULLERS,,,,,,,,,
Day,Date High,High,Date Low,Low,Closing,No. of Trades,No. of Shares,Turnover,Last Traded,Days Traded
2010-01-04 00:00:00,2010-01-04 00:00:00,1,2010-01-04 00:00:00,0.9,1,11,252000,251600,2010-01-04 00:00:00,1
2010-01-05 00:00:00,2010-01-05 00:00:00,1,2010-01-05 00:00:00,0.9,0.9,9,102100,97000,2010-01-05 00:00:00,1
2010-01-06 00:00:00,2010-01-06 00:00:00,1,2010-01-06 00:00:00,0.9,1,8,75900,68790,2010-01-06 00:00:00,1
2010-01-07 00:00:00,2010-01-07 00:00:00,1,2010-01-07 00:00:00,0.9,0.9,7,171100,160600,2010-01-07 00:00:00,1
2010-01-08 00:00:00,2010-01-08 00:00:00,1,2010-01-08 00:00:00,0.9,1,26,296100,293900,2010-01-08 00:00:00,1
2010-01-11 00:00:00,2010-01-11 00:00:00,1,2010-01-11 00:00:00,0.9,1,6,25000,24500,2010-01-11 00:00:00,1
2010-01-12 00:00:00,2010-01-12 00:00:00,1,2010-01-12 00:00:00,1,1,2,10000,10000,2010-01-12 00:00:00,1
2010-01-13 00:00:00,2010-01-13 00:00:00,1,2010-01-13 00:00:00,1,1,21,595700,595700,2010-01-13 00:00:00,1
2010-01-15 00:00:00,2010-01-15 00:00:00,1.1,2010-01-15 00:00:00,1,1,14,440000,440480,2010-01-15 00:00:00,1
2010-01-18 00:00:00,2010-01-18 00:00:00,1,2010-01-18 00:00:00,1,1,14,123300,123300,2010-01-18 00:00:00,1
2010-01-19 00:00:00,2010-01-19 00:00:00,1,2010-01-19 00:00:00,0.9,0.9,6,11100,10000,2010-01-19 00:00:00,1
2010-01-20 00:00:00,2010-01-20 00:00:00,1,2010-01-20 00:00:00,1,1,9,16500,16500,2010-01-20 00:00:00,1
2010-01-21 00:00:00,2010-01-21 00:00:00,1,2010-01-21 00:00:00,0.9,1,14,61700,61690,2010-01-21 00:00:00,1
2010-01-22 00:00:00,2010-01-22 00:00:00,1,2010-01-22 00:00:00,0.9,1,5,39200,39130,2010-01-22 00:00:00,1
2010-01-25 00:00:00,2010-01-25 00:00:00,1,2010-01-25 00:00:00,1,1,7,119000,119000,2010-01-25 00:00:00,1
2010-01-26 00:00:00,2010-01-26 00:00:00,1,2010-01-26 00:00:00,1,1,8,29400,29400,2010-01-26 00:00:00,1
2010-01-28 00:00:00,2010-01-28 00:00:00,1,2010-01-28 00:00:00,0.9,0.9,8,87500,79590,2010-01-28 00:00:00,1
2010-02-01 00:00:00,2010-02-01 00:00:00,1.1,2010-02-01 00:00:00,1,1,25,1178100,1179100,2010-02-01 00:00:00,1
2010-02-02 00:00:00,2010-02-02 00:00:00,1.1,2010-02-02 00:00:00,1,1,15,313600,314770,2010-02-02 00:00:00,1
2010-02-03 00:00:00,2010-02-03 00:00:00,1,2010-02-03 00:00:00,1,1,12,565000,565000,2010-02-03 00:00:00,1
2010-02-05 00:00:00,2010-02-05 00:00:00,1.1,2010-02-05 00:00:00,1,1,17,290400,290410,2010-02-05 00:00:00,1
2010-02-08 00:00:00,2010-02-08 00:00:00,1.1,2010-02-08 00:00:00,1,1.1,72,1565900,1692890,2010-02-08 00:00:00,1
2010-02-09 00:00:00,2010-02-09 00:00:00,1.1,2010-02-09 00:00:00,1,1.1,96,2144100,2330190,2010-02-09 00:00:00,1
2010-02-10 00:00:00,2010-02-10 00:00:00,1.2,2010-02-10 00:00:00,1.1,1.1,34,675300,742870,2010-02-10 00:00:00,1
2010-02-11 00:00:00,2010-02-11 00:00:00,1.1,2010-02-11 00:00:00,1,1.1,30,2605200,2865620,2010-02-11 00:00:00,1
2010-02-12 00:00:00,2010-02-12 00:00:00,1.1,2010-02-12 00:00:00,1,1.1,20,550300,605300,2010-02-12 00:00:00,1
2010-02-15 00:00:00,2010-02-15 00:00:00,1.2,2010-02-15 00:00:00,1.1,1.1,16,162600,179250,2010-02-15 00:00:00,1
2010-02-16 00:00:00,2010-02-16 00:00:00,1.3,2010-02-16 00:00:00,1.1,1.1,108,1518700,1823240,2010-02-16 00:00:00,1
2010-02-17 00:00:00,2010-02-17 00:00:00,1.1,2010-02-17 00:00:00,1.1,1.1,8,177600,195360,2010-02-17 00:00:00,1
2010-02-18 00:00:00,2010-02-18 00:00:00,1.4,2010-02-18 00:00:00,1.1,1.3,167,5512500,7300160,2010-02-18 00:00:00,1
2010-02-19 00:00:00,2010-02-19 00:00:00,1.4,2010-02-19 00:00:00,1.2,1.3,55,419000,551660,2010-02-19 00:00:00,1
2010-02-22 00:00:00,2010-02-22 00:00:00,1.3,2010-02-22 00:00:00,1.2,1.3,28,1478700,1776940,2010-02-22 00:00:00,1
2010-02-23 00:00:00,2010-02-23 00:00:00,1.2,2010-02-23 00:00:00,1.2,1.2,28,140800,168960,2010-02-23 00:00:00,1
2010-02-24 00:00:00,2010-02-24 00:00:00,1.2,2010-02-24 00:00:00,1.2,1.2,8,192500,231000,2010-02-24 00:00:00,1
2010-02-25 00:00:00,2010-02-25 00:00:00,1.2,2010-02-25 00:00:00,1.2,1.2,2,51000,61200,2010-02-25 00:00:00,1
2010-03-01 00:00:00,2010-03-01 00:00:00,1.2,2010-03-01 00:00:00,1.2,1.2,40,652400,782880,2010-03-01 00:00:00,1
2010-03-02 00:00:00,2010-03-02 00:00:00,1.2,2010-03-02 00:00:00,1.2,1.2,4,60800,72960,2010-03-02 00:00:00,1
2010-03-03 00:00:00,2010-03-03 00:00:00,1.2,2010-03-03 00:00:00,1.1,1.1,5,20000,22500,2010-03-03 00:00:00,1
2010-03-04 00:00:00,2010-03-04 00:00:00,1.2,2010-03-04 00:00:00,1.2,1.2,10,501000,601200,2010-03-04 00:00:00,1
2010-03-05 00:00:00,2010-03-05 00:00:00,1.2,2010-03-05 00:00:00,1,1.1,142,2759000,2883480,2010-03-05 00:00:00,1
2010-03-08 00:00:00,2010-03-08 00:00:00,1.2,2010-03-08 00:00:00,1,1.1,45,405700,447270,2010-03-08 00:00:00,1
2010-03-09 00:00:00,2010-03-09 00:00:00,1.2,2010-03-09 00:00:00,1,1.1,92,4384800,4503640,2010-03-09 00:00:00,1
2010-03-10 00:00:00,2010-03-10 00:00:00,1,2010-03-10 00:00:00,1,1,42,1115100,1115100,2010-03-10 00:00:00,1
2010-03-11 00:00:00,2010-03-11 00:00:00,1.1,2010-03-11 00:00:00,1,1,14,55800,56060,2010-03-11 00:00:00,1
2010-03-12 00:00:00,2010-03-12 00:00:00,1.1,2010-03-12 00:00:00,1,1.1,14,138200,151770,2010-03-12 00:00:00,1
2010-03-15 00:00:00,2010-03-15 00:00:00,1.1,2010-03-15 00:00:00,1,1.1,3,7000,7600,2010-03-15 00:00:00,1
2010-03-16 00:00:00,2010-03-16 00:00:00,1.1,2010-03-16 00:00:00,1,1,29,2114500,2114510,2010-03-16 00:00:00,1
2010-03-17 00:00:00,2010-03-17 00:00:00,1.1,2010-03-17 00:00:00,1,1,22,3797000,3797600,2010-03-17 00:00:00,1
2010-03-18 00:00:00,2010-03-18 00:00:00,1.1,2010-03-18 00:00:00,1,1,6,74000,74100,2010-03-18 00:00:00,1
2010-03-19 00:00:00,2010-03-19 00:00:00,1,2010-03-19 00:00:00,1,1,19,310200,310200,2010-03-19 00:00:00,1
2010-03-22 00:00:00,2010-03-22 00:00:00,1,2010-03-22 00:00:00,0.9,0.9,8,22700,21690,2010-03-22 00:00:00,1
2010-03-24 00:00:00,2010-03-24 00:00:00,1,2010-03-24 00:00:00,1,1,10,72000,72000,2010-03-24 00:00:00,1
2010-03-25 00:00:00,2010-03-25 00:00:00,1,2010-03-25 00:00:00,0.9,0.9,6,25000,23000,2010-03-25 00:00:00,1
2010-03-26 00:00:00,2010-03-26 00:00:00,1,2010-03-26 00:00:00,1,1,1,5000,5000,2010-03-26 00:00:00,1
2010-03-30 00:00:00,2010-03-30 00:00:00,1,2010-03-30 00:00:00,0.9,0.9,14,22500,21700,2010-03-30 00:00:00,1
2010-03-31 00:00:00,2010-03-31 00:00:00,1,2010-03-31 00:00:00,0.9,1,9,68300,62500,2010-03-31 00:00:00,1
2010-04-01 00:00:00,2010-04-01 00:00:00,1,2010-04-01 00:00:00,0.9,0.9,33,195600,181090,2010-04-01 00:00:00,1
2010-04-05 00:00:00,2010-04-05 00:00:00,0.9,2010-04-05 00:00:00,0.9,0.9,25,20000,18000,2010-04-05 00:00:00,1
2010-04-06 00:00:00,2010-04-06 00:00:00,1,2010-04-06 00:00:00,0.9,0.9,21,167900,151610,2010-04-06 00:00:00,1
2010-04-07 00:00:00,2010-04-07 00:00:00,1,2010-04-07 00:00:00,0.9,1,10,47000,45860,2010-04-07 00:00:00,1
2010-04-08 00:00:00,2010-04-08 00:00:00,1,2010-04-08 00:00:00,1,1,39,631300,631300,2010-04-08 00:00:00,1
2010-04-12 00:00:00,2010-04-12 00:00:00,1.1,2010-04-12 00:00:00,1,1,17,179200,179700,2010-04-12 00:00:00,1
2010-04-15 00:00:00,2010-04-15 00:00:00,1.1,2010-04-15 00:00:00,1,1,25,307900,308400,2010-04-15 00:00:00,1
2010-04-16 00:00:00,2010-04-16 00:00:00,1,2010-04-16 00:00:00,1,1,4,37000,37000,2010-04-16 00:00:00,1
2010-04-19 00:00:00,2010-04-19 00:00:00,1,2010-04-19 00:00:00,0.9,1,22,115500,110290,2010-04-19 00:00:00,1
2010-04-20 00:00:00,2010-04-20 00:00:00,1,2010-04-20 00:00:00,1,1,7,135200,135200,2010-04-20 00:00:00,1
2010-04-21 00:00:00,2010-04-21 00:00:00,1,2010-04-21 00:00:00,1,1,5,11400,11400,2010-04-21 00:00:00,1
2010-04-22 00:00:00,2010-04-22 00:00:00,1,2010-04-22 00:00:00,0.9,1,7,121100,118990,2010-04-22 00:00:00,1
2010-04-23 00:00:00,2010-04-23 00:00:00,1,2010-04-23 00:00:00,0.9,0.9,24,1745900,1583170,2010-04-23 00:00:00,1
2010-04-26 00:00:00,2010-04-26 00:00:00,1,2010-04-26 00:00:00,0.9,0.9,19,134400,125860,2010-04-26 00:00:00,1
2010-04-27 00:00:00,2010-04-27 00:00:00,1,2010-04-27 00:00:00,0.9,0.9,98,3051000,2746010,2010-04-27 00:00:00,1
2010-04-29 00:00:00,2010-04-29 00:00:00,1,2010-04-29 00:00:00,1,1,6,50000,50000,2010-04-29 00:00:00,1
2010-04-30 00:00:00,2010-04-30 00:00:00,0.9,2010-04-30 00:00:00,0.9,0.9,1,500,450,2010-04-30 00:00:00,1
2010-05-03 00:00:00,2010-05-03 00:00:00,1,2010-05-03 00:00:00,0.9,0.9,14,707300,702870,2010-05-03 00:00:00,1
2010-05-04 00:00:00,2010-05-04 00:00:00,1,2010-05-04 00:00:00,0.9,0.9,48,473400,427160,2010-05-04 00:00:00,1
2010-05-05 00:00:00,2010-05-05 00:00:00,0.9,2010-05-05 00:00:00,0.9,0.9,2,12000,10800,2010-05-05 00:00:00,1
2010-05-06 00:00:00,2010-05-06 00:00:00,1,2010-05-06 00:00:00,0.9,0.9,23,13100,12100,2010-05-06 00:00:00,1
2010-05-07 00:00:00,2010-05-07 00:00:00,0.9,2010-05-07 00:00:00,0.9,0.9,47,517200,465480,2010-05-07 00:00:00,1
2010-05-12 00:00:00,2010-05-12 00:00:00,1,2010-05-12 00:00:00,0.9,0.9,8,22600,20750,2010-05-12 00:00:00,1
2010-05-13 00:00:00,2010-05-13 00:00:00,1,2010-05-13 00:00:00,1,1,2,6000,6000,2010-05-13 00:00:00,1
2010-05-14 00:00:00,2010-05-14 00:00:00,1,2010-05-14 00:00:00,0.9,1,4,34000,33100,2010-05-14 00:00:00,1
2010-05-17 00:00:00,2010-05-17 00:00:00,0.9,2010-05-17 00:00:00,0.9,0.9,5,32100,28890,2010-05-17 00:00:00,1
2010-05-18 00:00:00,2010-05-18 00:00:00,1,2010-05-18 00:00:00,0.9,0.9,16,82600,79090,2010-05-18 00:00:00,1
2010-05-19 00:00:00,2010-05-19 00:00:00,1,2010-05-19 00:00:00,0.9,0.9,12,15600,14100,2010-05-19 00:00:00,1
2010-05-20 00:00:00,2010-05-20 00:00:00,1,2010-05-20 00:00:00,0.9,0.9,27,550900,496810,2010-05-20 00:00:00,1
2010-05-21 00:00:00,2010-05-21 00:00:00,1,2010-05-21 00:00:00,0.9,0.9,57,1171300,1054780,2010-05-21 00:00:00,1
2010-05-24 00:00:00,2010-05-24 00:00:00,0.9,2010-05-24 00:00:00,0.8,0.9,77,147700,132820,2010-05-24 00:00:00,1
2010-05-25 00:00:00,2010-05-25 00:00:00,0.9,2010-05-25 00:00:00,0.8,0.9,14,165500,144450,2010-05-25 00:00:00,1
2010-05-26 00:00:00,2010-05-26 00:00:00,0.9,2010-05-26 00:00:00,0.8,0.9,13,52300,46800,2010-05-26 00:00:00,1
2010-05-31 00:00:00,2010-05-31 00:00:00,0.9,2010-05-31 00:00:00,0.8,0.8,16,1163000,941620,2010-05-31 00:00:00,1
2010-06-01 00:00:00,2010-06-01 00:00:00,0.9,2010-06-01 00:00:00,0.8,0.9,4,17000,15150,2010-06-01 00:00:00,1
2010-06-02 00:00:00,2010-06-02 00:00:00,0.8,2010-06-02 00:00:00,0.8,0.8,3,19700,15760,2010-06-02 00:00:00,1
2010-06-03 00:00:00,2010-06-03 00:00:00,0.9,2010-06-03 00:00:00,0.8,0.9,6,47800,38580,2010-06-03 00:00:00,1
2010-06-04 00:00:00,2010-06-04 00:00:00,0.9,2010-06-04 00:00:00,0.9,0.9,31,2510600,2259540,2010-06-04 00:00:00,1
2010-06-07 00:00:00,2010-06-07 00:00:00,1,2010-06-07 00:00:00,0.9,0.9,13,171100,154990,2010-06-07 00:00:00,1
2010-06-08 00:00:00,2010-06-08 00:00:00,1,2010-06-08 00:00:00,0.9,0.9,32,643400,579070,2010-06-08 00:00:00,1
2010-06-09 00:00:00,2010-06-09 00:00:00,1,2010-06-09 00:00:00,0.9,0.9,42,1253100,1127890,2010-06-09 00:00:00,1
2010-06-10 00:00:00,2010-06-10 00:00:00,1,2010-06-10 00:00:00,0.9,0.9,18,486200,439080,2010-06-10 00:00:00,1
2010-06-11 00:00:00,2010-06-11 00:00:00,0.9,2010-06-11 00:00:00,0.9,0.9,29,574900,517410,2010-06-11 00:00:00,1
2010-06-14 00:00:00,2010-06-14 00:00:00,0.9,2010-06-14 00:00:00,0.9,0.9,7,179500,161550,2010-06-14 00:00:00,1
2010-06-15 00:00:00,2010-06-15 00:00:00,0.9,2010-06-15 00:00:00,0.9,0.9,7,62700,56430,2010-06-15 00:00:00,1
2010-06-16 00:00:00,2010-06-16 00:00:00,1,2010-06-16 00:00:00,0.9,0.9,7,48400,43570,2010-06-16 00:00:00,1
2010-06-17 00:00:00,2010-06-17 00:00:00,1,2010-06-17 00:00:00,0.9,0.9,27,299500,269560,2010-06-17 00:00:00,1
2010-06-21 00:00:00,2010-06-21 00:00:00,1,2010-06-21 00:00:00,0.9,0.9,4,11200,10180,2010-06-21 00:00:00,1
2010-06-22 00:00:00,2010-06-22 00:00:00,1,2010-06-22 00:00:00,0.9,0.9,9,144100,129700,2010-06-22 00:00:00,1
2010-06-23 00:00:00,2010-06-23 00:00:00,0.9,2010-06-23 00:00:00,0.9,0.9,17,612000,550800,2010-06-23 00:00:00,1
2010-06-24 00:00:00,2010-06-24 00:00:00,0.9,2010-06-24 00:00:00,0.9,0.9,3,63000,56700,2010-06-24 00:00:00,1
2010-06-28 00:00:00,2010-06-28 00:00:00,0.9,2010-06-28 00:00:00,0.9,0.9,7,286500,257850,2010-06-28 00:00:00,1
2010-06-29 00:00:00,2010-06-29 00:00:00,1,2010-06-29 00:00:00,0.9,0.9,36,700200,630380,2010-06-29 00:00:00,1
2010-06-30 00:00:00,2010-06-30 00:00:00,1,2010-06-30 00:00:00,0.9,1,23,327700,314080,2010-06-30 00:00:00,1
2010-07-01 00:00:00,2010-07-01 00:00:00,1.3,2010-07-01 00:00:00,1,1.2,661,33627500,39663310,2010-07-01 00:00:00,1
2010-07-02 00:00:00,2010-07-02 00:00:00,1.5,2010-07-02 00:00:00,1.3,1.4,716,36360700,51560260,2010-07-02 00:00:00,1
2010-07-05 00:00:00,2010-07-05 00:00:00,1.6,2010-07-05 00:00:00,1.4,1.5,418,14343100,21826800,2010-07-05 00:00:00,1
2010-07-06 00:00:00,2010-07-06 00:00:00,1.6,2010-07-06 00:00:00,1.4,1.4,173,5053400,7279150,2010-07-06 00:00:00,1
2010-07-07 00:00:00,2010-07-07 00:00:00,1.4,2010-07-07 00:00:00,1.2,1.3,105,1904200,2477410,2010-07-07 00:00:00,1
2010-07-08 00:00:00,2010-07-08 00:00:00,1.5,2010-07-08 00:00:00,1.4,1.4,87,1819300,2553560,2010-07-08 00:00:00,1
2010-07-09 00:00:00,2010-07-09 00:00:00,1.5,2010-07-09 00:00:00,1.4,1.4,17,263500,373710,2010-07-09 00:00:00,1
2010-07-12 00:00:00,2010-07-12 00:00:00,1.5,2010-07-12 00:00:00,1.3,1.4,50,794100,1094630,2010-07-12 00:00:00,1
2010-07-13 00:00:00,2010-07-13 00:00:00,1.5,2010-07-13 00:00:00,1.4,1.4,74,1423500,2085200,2010-07-13 00:00:00,1
2010-07-14 00:00:00,2010-07-14 00:00:00,1.5,2010-07-14 00:00:00,1.4,1.4,81,3051000,4276720,2010-07-14 00:00:00,1
2010-07-15 00:00:00,2010-07-15 00:00:00,1.4,2010-07-15 00:00:00,1.3,1.3,88,3027700,3965230,2010-07-15 00:00:00,1
2010-07-16 00:00:00,2010-07-16 00:00:00,1.4,2010-07-16 00:00:00,1.3,1.4,24,192800,266320,2010-07-16 00:00:00,1
2010-07-19 00:00:00,2010-07-19 00:00:00,1.4,2010-07-19 00:00:00,1.2,1.3,97,1813300,2352380,2010-07-19 00:00:00,1
2010-07-20 00:00:00,2010-07-20 00:00:00,1.4,2010-07-20 00:00:00,1.2,1.3,108,2834700,3688400,2010-07-20 00:00:00,1
2010-07-21 00:00:00,2010-07-21 00:00:00,1.4,2010-07-21 00:00:00,1.3,1.4,127,1791700,2363500,2010-07-21 00:00:00,1
2010-07-22 00:00:00,2010-07-22 00:00:00,1.4,2010-07-22 00:00:00,1.2,1.3,144,2318100,3013610,2010-07-22 00:00:00,1
2010-07-23 00:00:00,2010-07-23 00:00:00,1.3,2010-07-23 00:00:00,1.2,1.3,82,1286200,1671930,2010-07-23 00:00:00,1
2010-07-26 00:00:00,2010-07-26 00:00:00,1.3,2010-07-26 00:00:00,1.3,1.3,40,815800,1060540,2010-07-26 00:00:00,1
2010-07-27 00:00:00,2010-07-27 00:00:00,1.4,2010-07-27 00:00:00,1.2,1.3,73,1171800,1524630,2010-07-27 00:00:00,1
2010-07-28 00:00:00,2010-07-28 00:00:00,1.4,2010-07-28 00:00:00,1.3,1.3,85,386100,536380,2010-07-28 00:00:00,1
2010-07-29 00:00:00,2010-07-29 00:00:00,1.4,2010-07-29 00:00:00,1.3,1.4,115,153435073,199500184.9,2010-07-29 00:00:00,1
2010-07-30 00:00:00,2010-07-30 00:00:00,1.4,2010-07-30 00:00:00,1.3,1.4,166,2203300,3006350,2010-07-30 00:00:00,1
2010-08-02 00:00:00,2010-08-02 00:00:00,1.5,2010-08-02 00:00:00,1.3,1.4,269,7252600,10151420,2010-08-02 00:00:00,1
2010-08-03 00:00:00,2010-08-03 00:00:00,1.6,2010-08-03 00:00:00,1.4,1.4,286,5927200,8639000,2010-08-03 00:00:00,1
2010-08-04 00:00:00,2010-08-04 00:00:00,1.5,2010-08-04 00:00:00,1.4,1.4,51,1382400,1937020,2010-08-04 00:00:00,1
2010-08-05 00:00:00,2010-08-05 00:00:00,1.5,2010-08-05 00:00:00,1.3,1.4,127,2437700,3200620,2010-08-05 00:00:00,1
2010-08-06 00:00:00,2010-08-06 00:00:00,1.4,2010-08-06 00:00:00,1.3,1.3,32,558900,727470,2010-08-06 00:00:00,1
2010-08-09 00:00:00,2010-08-09 00:00:00,1.3,2010-08-09 00:00:00,1.2,1.2,145,4220200,5255260,2010-08-09 00:00:00,1
2010-08-10 00:00:00,2010-08-10 00:00:00,1.3,2010-08-10 00:00:00,1.1,1.3,110,2137500,2610370,2010-08-10 00:00:00,1
2010-08-11 00:00:00,2010-08-11 00:00:00,1.4,2010-08-11 00:00:00,1.3,1.3,75,1432600,1873690,2010-08-11 00:00:00,1
2010-08-12 00:00:00,2010-08-12 00:00:00,1.4,2010-08-12 00:00:00,1.2,1.3,68,878700,1142910,2010-08-12 00:00:00,1
2010-08-13 00:00:00,2010-08-13 00:00:00,1.4,2010-08-13 00:00:00,1.2,1.3,49,724000,938900,2010-08-13 00:00:00,1
2010-08-16 00:00:00,2010-08-16 00:00:00,1.4,2010-08-16 00:00:00,1.3,1.3,28,323700,433250,2010-08-16 00:00:00,1
2010-08-17 00:00:00,2010-08-17 00:00:00,1.4,2010-08-17 00:00:00,1.3,1.3,34,349300,454100,2010-08-17 00:00:00,1
2010-08-18 00:00:00,2010-08-18 00:00:00,1.4,2010-08-18 00:00:00,1.3,1.3,23,157000,204210,2010-08-18 00:00:00,1
2010-08-19 00:00:00,2010-08-19 00:00:00,1.4,2010-08-19 00:00:00,1.3,1.4,52,733600,975960,2010-08-19 00:00:00,1
2010-08-20 00:00:00,2010-08-20 00:00:00,1.4,2010-08-20 00:00:00,1.3,1.4,66,278100,380830,2010-08-20 00:00:00,1
2010-08-23 00:00:00,2010-08-23 00:00:00,1.4,2010-08-23 00:00:00,1.3,1.3,63,120600,160370,2010-08-23 00:00:00,1
2010-08-25 00:00:00,2010-08-25 00:00:00,1.4,2010-08-25 00:00:00,1.3,1.4,52,486600,642900,2010-08-25 00:00:00,1
2010-08-26 00:00:00,2010-08-26 00:00:00,1.5,2010-08-26 00:00:00,1.3,1.4,158,5170900,7141170,2010-08-26 00:00:00,1
2010-08-27 00:00:00,2010-08-27 00:00:00,1.4,2010-08-27 00:00:00,1.3,1.4,61,608100,839660,2010-08-27 00:00:00,1
2010-08-30 00:00:00,2010-08-30 00:00:00,1.5,2010-08-30 00:00:00,1.3,1.5,214,9303300,13626540,2010-08-30 00:00:00,1
2010-08-31 00:00:00,2010-08-31 00:00:00,1.6,2010-08-31 00:00:00,1.5,1.6,457,13595400,21615720,2010-08-31 00:00:00,1
2010-09-01 00:00:00,2010-09-01 00:00:00,1.7,2010-09-01 00:00:00,1.5,1.6,282,4579100,7337290,2010-09-01 00:00:00,1
2010-09-02 00:00:00,2010-09-02 00:00:00,1.7,2010-09-02 00:00:00,1.6,1.6,195,3435000,5521440,2010-09-02 00:00:00,1
2010-09-03 00:00:00,2010-09-03 00:00:00,1.7,2010-09-03 00:00:00,1.5,1.6,167,1995500,3193640,2010-09-03 00:00:00,1
2010-09-06 00:00:00,2010-09-06 00:00:00,1.6,2010-09-06 00:00:00,1.5,1.5,61,996700,1527350,2010-09-06 00:00:00,1
2010-09-07 00:00:00,2010-09-07 00:00:00,1.6,2010-09-07 00:00:00,1.5,1.5,65,432700,657860,2010-09-07 00:00:00,1
2010-09-08 00:00:00,2010-09-08 00:00:00,1.6,2010-09-08 00:00:00,1.5,1.6,93,1989700,3160230,2010-09-08 00:00:00,1
2010-09-09 00:00:00,2010-09-09 00:00:00,1.7,2010-09-09 00:00:00,1.5,1.6,156,5296100,8473460,2010-09-09 00:00:00,1
2010-09-13 00:00:00,2010-09-13 00:00:00,1.7,2010-09-13 00:00:00,1.5,1.6,90,817600,1307450,2010-09-13 00:00:00,1
2010-09-14 00:00:00,2010-09-14 00:00:00,1.6,2010-09-14 00:00:00,1.5,1.6,135,2844400,4325310,2010-09-14 00:00:00,1
2010-09-15 00:00:00,2010-09-15 00:00:00,1.7,2010-09-15 00:00:00,1.5,1.6,222,3921700,6311280,2010-09-15 00:00:00,1
2010-09-16 00:00:00,2010-09-16 00:00:00,1.7,2010-09-16 00:00:00,1.5,1.6,98,1333100,2112670,2010-09-16 00:00:00,1
2010-09-17 00:00:00,2010-09-17 00:00:00,1.7,2010-09-17 00:00:00,1.5,1.6,205,2180300,3487430,2010-09-17 00:00:00,1
2010-09-20 00:00:00,2010-09-20 00:00:00,1.7,2010-09-20 00:00:00,1.6,1.6,97,1028700,1652150,2010-09-20 00:00:00,1
2010-09-21 00:00:00,2010-09-21 00:00:00,1.7,2010-09-21 00:00:00,1.6,1.6,62,2486700,3980890,2010-09-21 00:00:00,1
2010-09-23 00:00:00,2010-09-23 00:00:00,1.7,2010-09-23 00:00:00,1.6,1.6,39,639000,1022930,2010-09-23 00:00:00,1
2010-09-24 00:00:00,2010-09-24 00:00:00,1.7,2010-09-24 00:00:00,1.5,1.6,85,2520000,3982310,2010-09-24 00:00:00,1
2010-09-27 00:00:00,2010-09-27 00:00:00,1.7,2010-09-27 00:00:00,1.6,1.6,62,987000,1580790,2010-09-27 00:00:00,1
2010-09-28 00:00:00,2010-09-28 00:00:00,1.7,2010-09-28 00:00:00,1.5,1.6,67,1100600,1766470,2010-09-28 00:00:00,1
2010-09-29 00:00:00,2010-09-29 00:00:00,1.7,2010-09-29 00:00:00,1.6,1.7,57,1160500,1905590,2010-09-29 00:00:00,1
2010-09-30 00:00:00,2010-09-30 00:00:00,1.7,2010-09-30 00:00:00,1.6,1.6,143,936600,1569830,2010-09-30 00:00:00,1
2010-10-01 00:00:00,2010-10-01 00:00:00,2.3,2010-10-01 00:00:00,1.7,2.1,1264,28386000,56904000,2010-10-01 00:00:00,1
2010-10-04 00:00:00,2010-10-04 00:00:00,2.4,2010-10-04 00:00:00,2.2,2.3,533,9330300,21441350,2010-10-04 00:00:00,1
2010-10-05 00:00:00,2010-10-05 00:00:00,2.1,2010-10-05 00:00:00,2.1,2.1,59,2244700,4713870,2010-10-05 00:00:00,1
2010-10-06 00:00:00,2010-10-06 00:00:00,2,2010-10-06 00:00:00,1.9,1.9,20,221900,428170,2010-10-06 00:00:00,1
2010-10-07 00:00:00,2010-10-07 00:00:00,1.8,2010-10-07 00:00:00,1.8,1.8,51,250300,450540,2010-10-07 00:00:00,1
2010-10-08 00:00:00,2010-10-08 00:00:00,1.9,2010-10-08 00:00:00,1.7,1.8,91,1538400,2708150,2010-10-08 00:00:00,1
2010-10-11 00:00:00,2010-10-11 00:00:00,1.9,2010-10-11 00:00:00,1.8,1.9,84,1668700,3134670,2010-10-11 00:00:00,1
2010-10-12 00:00:00,2010-10-12 00:00:00,1.9,2010-10-12 00:00:00,1.8,1.8,33,1072700,1930870,2010-10-12 00:00:00,1
2010-10-13 00:00:00,2010-10-13 00:00:00,1.9,2010-10-13 00:00:00,1.7,1.8,66,1413500,2452420,2010-10-13 00:00:00,1
2010-10-14 00:00:00,2010-10-14 00:00:00,1.8,2010-10-14 00:00:00,1.7,1.8,31,711900,1262200,2010-10-14 00:00:00,1
2010-10-15 00:00:00,2010-10-15 00:00:00,1.8,2010-10-15 00:00:00,1.7,1.7,44,669600,1138550,2010-10-15 00:00:00,1
2010-10-18 00:00:00,2010-10-18 00:00:00,1.7,2010-10-18 00:00:00,1.6,1.6,28,382300,624660,2010-10-18 00:00:00,1
2010-10-19 00:00:00,2010-10-19 00:00:00,1.7,2010-10-19 00:00:00,1.6,1.7,25,719100,1214950,2010-10-19 00:00:00,1
2010-10-20 00:00:00,2010-10-20 00:00:00,1.8,2010-10-20 00:00:00,1.7,1.8,26,502600,881160,2010-10-20 00:00:00,1
2010-10-21 00:00:00,2010-10-21 00:00:00,1.8,2010-10-21 00:00:00,1.7,1.7,17,215500,366400,2010-10-21 00:00:00,1
2010-10-25 00:00:00,2010-10-25 00:00:00,1.7,2010-10-25 00:00:00,1.6,1.6,17,285500,478350,2010-10-25 00:00:00,1
2010-10-26 00:00:00,2010-10-26 00:00:00,1.7,2010-10-26 00:00:00,1.6,1.7,22,248000,411280,2010-10-26 00:00:00,1
2010-10-27 00:00:00,2010-10-27 00:00:00,1.9,2010-10-27 00:00:00,1.7,1.8,49,889100,1567110,2010-10-27 00:00:00,1
2010-10-28 00:00:00,2010-10-28 00:00:00,1.8,2010-10-28 00:00:00,1.7,1.7,24,395800,678960,2010-10-28 00:00:00,1
2010-10-29 00:00:00,2010-10-29 00:00:00,1.9,2010-10-29 00:00:00,1.7,1.8,109,1484400,2655290,2010-10-29 00:00:00,1
2010-11-01 00:00:00,2010-11-01 00:00:00,1.9,2010-11-01 00:00:00,1.7,1.7,34,368100,657710,2010-11-01 00:00:00,1
2010-11-02 00:00:00,2010-11-02 00:00:00,1.9,2010-11-02 00:00:00,1.7,1.8,65,478700,861340,2010-11-02 00:00:00,1
2010-11-03 00:00:00,2010-11-03 00:00:00,2.1,2010-11-03 00:00:00,1.8,1.9,257,4654100,9059780,2010-11-03 00:00:00,1
2010-11-04 00:00:00,2010-11-04 00:00:00,2.1,2010-11-04 00:00:00,1.9,2.1,166,2889000,5915220,2010-11-04 00:00:00,1
2010-11-08 00:00:00,2010-11-08 00:00:00,2.1,2010-11-08 00:00:00,1.9,1.9,89,1862400,3687250,2010-11-08 00:00:00,1
2010-11-09 00:00:00,2010-11-09 00:00:00,2,2010-11-09 00:00:00,1.9,1.9,39,180300,343120,2010-11-09 00:00:00,1
2010-11-10 00:00:00,2010-11-10 00:00:00,2,2010-11-10 00:00:00,1.9,1.9,104,1787700,3396920,2010-11-10 00:00:00,1
2010-11-11 00:00:00,2010-11-11 00:00:00,2,2010-11-11 00:00:00,1.9,1.9,39,518000,985980,2010-11-11 00:00:00,1
2010-11-12 00:00:00,2010-11-12 00:00:00,2,2010-11-12 00:00:00,1.9,1.9,47,775000,1472530,2010-11-12 00:00:00,1
2010-11-15 00:00:00,2010-11-15 00:00:00,2,2010-11-15 00:00:00,1.8,1.9,39,644000,1203400,2010-11-15 00:00:00,1
2010-11-16 00:00:00,2010-11-16 00:00:00,1.9,2010-11-16 00:00:00,1.8,1.8,18,235400,428030,2010-11-16 00:00:00,1
2010-11-18 00:00:00,2010-11-18 00:00:00,1.9,2010-11-18 00:00:00,1.8,1.9,64,1776200,3371520,2010-11-18 00:00:00,1
2010-11-22 00:00:00,2010-11-22 00:00:00,2,2010-11-22 00:00:00,1.8,1.9,54,823700,1555530,2010-11-22 00:00:00,1
2010-11-23 00:00:00,2010-11-23 00:00:00,1.9,2010-11-23 00:00:00,1.8,1.8,34,357800,655530,2010-11-23 00:00:00,1
2010-11-24 00:00:00,2010-11-24 00:00:00,2,2010-11-24 00:00:00,1.8,1.9,41,353200,665410,2010-11-24 00:00:00,1
2010-11-25 00:00:00,2010-11-25 00:00:00,1.9,2010-11-25 00:00:00,1.8,1.8,10,112100,201980,2010-11-25 00:00:00,1
2010-11-26 00:00:00,2010-11-26 00:00:00,1.9,2010-11-26 00:00:00,1.8,1.9,10,66500,121070,2010-11-26 00:00:00,1
2010-11-29 00:00:00,2010-11-29 00:00:00,1.9,2010-11-29 00:00:00,1.8,1.8,82,1758000,3164960,2010-11-29 00:00:00,1
2010-11-30 00:00:00,2010-11-30 00:00:00,1.9,2010-11-30 00:00:00,1.8,1.9,187,1515900,2876370,2010-11-30 00:00:00,1
2010-12-01 00:00:00,2010-12-01 00:00:00,2,2010-12-01 00:00:00,1.9,1.9,269,1419400,2718760,2010-12-01 00:00:00,1
2010-12-02 00:00:00,2010-12-02 00:00:00,2.1,2010-12-02 00:00:00,1.9,2,288,8616300,17209120,2010-12-02 00:00:00,1
2010-12-03 00:00:00,2010-12-03 00:00:00,2,2010-12-03 00:00:00,1.9,2,152,627500,1232160,2010-12-03 00:00:00,1
2010-12-06 00:00:00,2010-12-06 00:00:00,2,2010-12-06 00:00:00,1.9,2,69,339000,676790,2010-12-06 00:00:00,1
2010-12-07 00:00:00,2010-12-07 00:00:00,2,2010-12-07 00:00:00,1.9,1.9,21,228200,435400,2010-12-07 00:00:00,1
2010-12-08 00:00:00,2010-12-08 00:00:00,2,2010-12-08 00:00:00,1.9,1.9,13,54500,103600,2010-12-08 00:00:00,1
2010-12-09 00:00:00,2010-12-09 00:00:00,2,2010-12-09 00:00:00,1.8,1.9,70,1805500,3430380,2010-12-09 00:00:00,1
2010-12-10 00:00:00,2010-12-10 00:00:00,2,2010-12-10 00:00:00,1.8,1.9,90,1029700,1955690,2010-12-10 00:00:00,1
2010-12-13 00:00:00,2010-12-13 00:00:00,2,2010-12-13 00:00:00,1.8,1.9,46,153600,290410,2010-12-13 00:00:00,1
2010-12-14 00:00:00,2010-12-14 00:00:00,1.9,2010-12-14 00:00:00,1.8,1.8,16,77900,144460,2010-12-14 00:00:00,1
2010-12-15 00:00:00,2010-12-15 00:00:00,1.9,2010-12-15 00:00:00,1.8,1.8,8,36500,66450,2010-12-15 00:00:00,1
2010-12-16 00:00:00,2010-12-16 00:00:00,2.1,2010-12-16 00:00:00,1.8,2,229,3896200,7678650,2010-12-16 00:00:00,1
2010-12-17 00:00:00,2010-12-17 00:00:00,1.9,2010-12-17 00:00:00,1.8,1.9,40,319700,604480,2010-12-17 00:00:00,1
2010-12-21 00:00:00,2010-12-21 00:00:00,2,2010-12-21 00:00:00,1.9,1.9,20,144100,273800,2010-12-21 00:00:00,1
2010-12-22 00:00:00,2010-12-22 00:00:00,2,2010-12-22 00:00:00,1.9,1.9,40,267000,507470,2010-12-22 00:00:00,1
2010-12-23 00:00:00,2010-12-23 00:00:00,2,2010-12-23 00:00:00,1.9,2,210,625000,1193150,2010-12-23 00:00:00,1
2010-12-24 00:00:00,2010-12-24 00:00:00,2,2010-12-24 00:00:00,1.9,1.9,54,685600,1302820,2010-12-24 00:00:00,1
2010-12-27 00:00:00,2010-12-27 00:00:00,2,2010-12-27 00:00:00,1.8,1.9,33,528600,1004250,2010-12-27 00:00:00,1
2010-12-28 00:00:00,2010-12-28 00:00:00,2,2010-12-28 00:00:00,1.9,1.9,34,380900,723760,2010-12-28 00:00:00,1
2010-12-29 00:00:00,2010-12-29 00:00:00,2,2010-12-29 00:00:00,1.9,1.9,26,114200,217670,2010-12-29 00:00:00,1
2010-12-30 00:00:00,2010-12-30 00:00:00,2,2010-12-30 00:00:00,1.8,1.9,173,2742700,5029090,2010-12-30 00:00:00,1
2010-12-31 00:00:00,2010-12-31 00:00:00,2,2010-12-31 00:00:00,1.8,1.8,87,654200,1189630,2010-12-31 00:00:00,1
Company Id,:  MULL,Security,Type :  R,Sub Type,:  0000,,,,,
Short Name,:  MULLERS,,,,,,,,,
Day,Date High,High,Date Low,Low,Closing,No. of Trades,No. of Shares,Turnover,Last Traded,Days Traded
2010-04-19 00:00:00,2010-04-19 00:00:00,0.2,2010-04-19 00:00:00,0.1,0.1,89,5670000,577210,2010-04-19 00:00:00,1
2010-04-20 00:00:00,2010-04-20 00:00:00,0.1,2010-04-20 00:00:00,0.1,0.1,9,494700,49470,2010-04-20 00:00:00,1
2010-04-21 00:00:00,2010-04-21 00:00:00,0.1,2010-04-21 00:00:00,0.1,0.1,6,37400,3740,2010-04-21 00:00:00,1
2010-04-22 00:00:00,2010-04-22 00:00:00,0.1,2010-04-22 00:00:00,0.1,0.1,13,907600,90760,2010-04-22 00:00:00,1
2010-04-23 00:00:00,2010-04-23 00:00:00,0.1,2010-04-23 00:00:00,0.1,0.1,13,660200,66020,2010-04-23 00:00:00,1
2010-04-26 00:00:00,2010-04-26 00:00:00,0.1,2010-04-26 00:00:00,0.1,0.1,1,1000,100,2010-04-26 00:00:00,1
Company Id,:  NAMU,Security,Type :  N,Sub Type,:  0000,,,,,
Short Name,:  NAMUNUKULA,,,,,,,,,
Day,Date High,High,Date Low,Low,Closing,No. of Trades,No. of Shares,Turnover,Last Traded,Days Traded
2010-01-04 00:00:00,2010-01-04 00:00:00,31.5,2010-01-04 00:00:00,29,29.5,19,28400,840100,2010-01-04 00:00:00,1
2010-01-05 00:00:00,2010-01-05 00:00:00,30,2010-01-05 00:00:00,29,30,46,41900,1255400,2010-01-05 00:00:00,1
2010-01-06 00:00:00,2010-01-06 00:00:00,30,2010-01-06 00:00:00,30,30,3,4800,144000,2010-01-06 00:00:00,1
2010-01-07 00:00:00,2010-01-07 00:00:00,30,2010-01-07 00:00:00,27.5,30,30,76700,2289500,2010-01-07 00:00:00,1
2010-01-08 00:00:00,2010-01-08 00:00:00,30.75,2010-01-08 00:00:00,29.75,30.25,10,6800,205025,2010-01-08 00:00:00,1
2010-01-11 00:00:00,2010-01-11 00:00:00,33.5,2010-01-11 00:00:00,30.75,32.25,54,68600,2187450,2010-01-11 00:00:00,1
2010-01-12 00:00:00,2010-01-12 00:00:00,32.75,2010-01-12 00:00:00,31.5,31.5,3,3100,100650,2010-01-12 00:00:00,1
2010-01-13 00:00:00,2010-01-13 00:00:00,33,2010-01-13 00:00:00,30,31.75,12,4300,134325,2010-01-13 00:00:00,1
2010-01-15 00:00:00,2010-01-15 00:00:00,32.75,2010-01-15 00:00:00,32.5,32.5,3,2100,68650,2010-01-15 00:00:00,1
2010-01-18 00:00:00,2010-01-18 00:00:00,32.5,2010-01-18 00:00:00,32.25,32.25,2,1500,48500,2010-01-18 00:00:00,1
2010-01-19 00:00:00,2010-01-19 00:00:00,32.25,2010-01-19 00:00:00,30.75,30.75,5,8900,277050,2010-01-19 00:00:00,1
2010-01-20 00:00:00,2010-01-20 00:00:00,31.75,2010-01-20 00:00:00,30.5,31.5,13,25600,788950,2010-01-20 00:00:00,1
2010-01-21 00:00:00,2010-01-21 00:00:00,30.5,2010-01-21 00:00:00,30.5,30.5,3,4100,125050,2010-01-21 00:00:00,1
2010-01-22 00:00:00,2010-01-22 00:00:00,30.25,2010-01-22 00:00:00,30,30,4,10900,327500,2010-01-22 00:00:00,1
2010-01-25 00:00:00,2010-01-25 00:00:00,31,2010-01-25 00:00:00,29.25,29.5,5,6600,197750,2010-01-25 00:00:00,1
2010-01-26 00:00:00,2010-01-26 00:00:00,30,2010-01-26 00:00:00,30,30,1,200,6000,2010-01-26 00:00:00,1
2010-01-28 00:00:00,2010-01-28 00:00:00,32.25,2010-01-28 00:00:00,29,31,29,14100,431200,2010-01-28 00:00:00,1
2010-02-01 00:00:00,2010-02-01 00:00:00,36.5,2010-02-01 00:00:00,32.25,35.5,66,41800,1437600,2010-02-01 00:00:00,1
2010-02-02 00:00:00,2010-02-02 00:00:00,38.5,2010-02-02 00:00:00,36,36.5,43,29500,1084600,2010-02-02 00:00:00,1
2010-02-03 00:00:00,2010-02-03 00:00:00,36.5,2010-02-03 00:00:00,34,34.25,21,26400,913850,2010-02-03 00:00:00,1
2010-02-05 00:00:00,2010-02-05 00:00:00,34,2010-02-05 00:00:00,33.5,33.5,3,1200,40300,2010-02-05 00:00:00,1
2010-02-08 00:00:00,2010-02-08 00:00:00,36,2010-02-08 00:00:00,35,35.75,17,24500,877250,2010-02-08 00:00:00,1
2010-02-09 00:00:00,2010-02-09 00:00:00,35,2010-02-09 00:00:00,35,35,3,1600,56000,2010-02-09 00:00:00,1
2010-02-10 00:00:00,2010-02-10 00:00:00,34.75,2010-02-10 00:00:00,32.5,34.75,3,1400,47850,2010-02-10 00:00:00,1
2010-02-11 00:00:00,2010-02-11 00:00:00,34,2010-02-11 00:00:00,33.25,34,3,1500,50725,2010-02-11 00:00:00,1
2010-02-12 00:00:00,2010-02-12 00:00:00,34,2010-02-12 00:00:00,33,34,6,4400,146575,2010-02-12 00:00:00,1
2010-02-15 00:00:00,2010-02-15 00:00:00,35.5,2010-02-15 00:00:00,33.25,35.25,19,26600,939575,2010-02-15 00:00:00,1
2010-02-16 00:00:00,2010-02-16 00:00:00,34,2010-02-16 00:00:00,34,34,2,3000,102000,2010-02-16 00:00:00,1
2010-02-17 00:00:00,2010-02-17 00:00:00,33.75,2010-02-17 00:00:00,33,33,3,1200,39725,2010-02-17 00:00:00,1
2010-02-19 00:00:00,2010-02-19 00:00:00,35.75,2010-02-19 00:00:00,34.75,35.25,26,14700,519000,2010-02-19 00:00:00,1
2010-02-22 00:00:00,2010-02-22 00:00:00,36,2010-02-22 00:00:00,35,36,12,9500,339275,2010-02-22 00:00:00,1
2010-02-23 00:00:00,2010-02-23 00:00:00,36,2010-02-23 00:00:00,35,35,6,4500,159900,2010-02-23 00:00:00,1
2010-02-24 00:00:00,2010-02-24 00:00:00,36,2010-02-24 00:00:00,36,36,1,5000,180000,2010-02-24 00:00:00,1
2010-02-25 00:00:00,2010-02-25 00:00:00,35.5,2010-02-25 00:00:00,35.5,35.5,1,200,7100,2010-02-25 00:00:00,1
2010-02-26 00:00:00,2010-02-26 00:00:00,34,2010-02-26 00:00:00,34,34,1,200,6800,2010-02-26 00:00:00,1
2010-03-01 00:00:00,2010-03-01 00:00:00,34,2010-03-01 00:00:00,34,34,1,100,3400,2010-03-01 00:00:00,1
2010-03-02 00:00:00,2010-03-02 00:00:00,32,2010-03-02 00:00:00,32,32,1,1500,48000,2010-03-02 00:00:00,1
2010-03-03 00:00:00,2010-03-03 00:00:00,31.5,2010-03-03 00:00:00,31.5,31.5,7,8000,252000,2010-03-03 00:00:00,1
2010-03-04 00:00:00,2010-03-04 00:00:00,31.25,2010-03-04 00:00:00,31.25,31.25,1,100,3125,2010-03-04 00:00:00,1
2010-03-05 00:00:00,2010-03-05 00:00:00,31.25,2010-03-05 00:00:00,31.25,31.25,1,100,3125,2010-03-05 00:00:00,1
2010-03-08 00:00:00,2010-03-08 00:00:00,31.25,2010-03-08 00:00:00,31,31,2,1100,34125,2010-03-08 00:00:00,1
2010-03-09 00:00:00,2010-03-09 00:00:00,31,2010-03-09 00:00:00,31,31,1,100,3100,2010-03-09 00:00:00,1
2010-03-11 00:00:00,2010-03-11 00:00:00,31.5,2010-03-11 00:00:00,31,31,3,10300,321800,2010-03-11 00:00:00,1
2010-03-12 00:00:00,2010-03-12 00:00:00,34,2010-03-12 00:00:00,31,31.25,5,1400,43700,2010-03-12 00:00:00,1
2010-03-15 00:00:00,2010-03-15 00:00:00,31.25,2010-03-15 00:00:00,31.25,31.25,2,400,12500,2010-03-15 00:00:00,1
2010-03-16 00:00:00,2010-03-16 00:00:00,31.25,2010-03-16 00:00:00,31.25,31.25,1,200,6250,2010-03-16 00:00:00,1
2010-03-17 00:00:00,2010-03-17 00:00:00,30.25,2010-03-17 00:00:00,30.25,30.25,1,100,3025,2010-03-17 00:00:00,1
2010-03-19 00:00:00,2010-03-19 00:00:00,30.25,2010-03-19 00:00:00,30,30,5,11100,333025,2010-03-19 00:00:00,1
2010-03-22 00:00:00,2010-03-22 00:00:00,30,2010-03-22 00:00:00,29.25,29.5,4,500,14825,2010-03-22 00:00:00,1
2010-03-23 00:00:00,2010-03-23 00:00:00,29.75,2010-03-23 00:00:00,29.5,29.5,3,1100,32600,2010-03-23 00:00:00,1
2010-03-25 00:00:00,2010-03-25 00:00:00,30.25,2010-03-25 00:00:00,30,30,2,1400,42100,2010-03-25 00:00:00,1
2010-03-26 00:00:00,2010-03-26 00:00:00,30,2010-03-26 00:00:00,30,30,1,200,6000,2010-03-26 00:00:00,1
2010-03-30 00:00:00,2010-03-30 00:00:00,29.5,2010-03-30 00:00:00,29.5,29.5,1,100,2950,2010-03-30 00:00:00,1
2010-03-31 00:00:00,2010-03-31 00:00:00,29.75,2010-03-31 00:00:00,29.75,29.75,1,300,8925,2010-03-31 00:00:00,1
2010-04-01 00:00:00,2010-04-01 00:00:00,30,2010-04-01 00:00:00,29.75,30,2,200,5975,2010-04-01 00:00:00,1
2010-04-05 00:00:00,2010-04-05 00:00:00,34.5,2010-04-05 00:00:00,30,32.5,22,22200,711925,2010-04-05 00:00:00,1
2010-04-06 00:00:00,2010-04-06 00:00:00,34.25,2010-04-06 00:00:00,33.75,34,16,8800,300225,2010-04-06 00:00:00,1
2010-04-07 00:00:00,2010-04-07 00:00:00,35,2010-04-07 00:00:00,34,34.75,24,21400,738475,2010-04-07 00:00:00,1
2010-04-08 00:00:00,2010-04-08 00:00:00,34.5,2010-04-08 00:00:00,34.5,34.5,6,4000,138000,2010-04-08 00:00:00,1
2010-04-12 00:00:00,2010-04-12 00:00:00,35,2010-04-12 00:00:00,34,34,8,3900,134375,2010-04-12 00:00:00,1
2010-04-15 00:00:00,2010-04-15 00:00:00,35,2010-04-15 00:00:00,34,34.5,11,13900,478075,2010-04-15 00:00:00,1
2010-04-16 00:00:00,2010-04-16 00:00:00,35.5,2010-04-16 00:00:00,34,34.25,25,31100,1068975,2010-04-16 00:00:00,1
2010-04-20 00:00:00,2010-04-20 00:00:00,37,2010-04-20 00:00:00,34,36,55,41300,1478325,2010-04-20 00:00:00,1
2010-04-21 00:00:00,2010-04-21 00:00:00,39.25,2010-04-21 00:00:00,37,37.5,105,269700,10069175,2010-04-21 00:00:00,1
2010-04-22 00:00:00,2010-04-22 00:00:00,38.75,2010-04-22 00:00:00,37,37.75,32,35900,1369550,2010-04-22 00:00:00,1
2010-04-23 00:00:00,2010-04-23 00:00:00,38,2010-04-23 00:00:00,37,37.75,13,8600,325050,2010-04-23 00:00:00,1
2010-04-26 00:00:00,2010-04-26 00:00:00,41,2010-04-26 00:00:00,37.75,39.5,52,75500,2981275,2010-04-26 00:00:00,1
2010-04-27 00:00:00,2010-04-27 00:00:00,40.5,2010-04-27 00:00:00,39,40,12,6900,275900,2010-04-27 00:00:00,1
2010-04-29 00:00:00,2010-04-29 00:00:00,40,2010-04-29 00:00:00,39.75,40,7,3800,151975,2010-04-29 00:00:00,1
2010-04-30 00:00:00,2010-04-30 00:00:00,39.5,2010-04-30 00:00:00,38.25,39,2,700,27275,2010-04-30 00:00:00,1
2010-05-03 00:00:00,2010-05-03 00:00:00,38.5,2010-05-03 00:00:00,38,38,8,1700,65025,2010-05-03 00:00:00,1
2010-05-04 00:00:00,2010-05-04 00:00:00,37.75,2010-05-04 00:00:00,37.5,37.5,4,1100,41450,2010-05-04 00:00:00,1
2010-05-05 00:00:00,2010-05-05 00:00:00,38,2010-05-05 00:00:00,37.5,37.5,3,1200,45500,2010-05-05 00:00:00,1
2010-05-06 00:00:00,2010-05-06 00:00:00,37,2010-05-06 00:00:00,37,37,5,4600,170200,2010-05-06 00:00:00,1
2010-05-07 00:00:00,2010-05-07 00:00:00,38,2010-05-07 00:00:00,35,36.75,11,7400,263200,2010-05-07 00:00:00,1
2010-05-10 00:00:00,2010-05-10 00:00:00,40,2010-05-10 00:00:00,36.25,37,8,6400,238325,2010-05-10 00:00:00,1
2010-05-11 00:00:00,2010-05-11 00:00:00,37,2010-05-11 00:00:00,37,37,2,1400,51800,2010-05-11 00:00:00,1
2010-05-12 00:00:00,2010-05-12 00:00:00,37,2010-05-12 00:00:00,36.5,36.5,11,7600,279700,2010-05-12 00:00:00,1
2010-05-13 00:00:00,2010-05-13 00:00:00,39,2010-05-13 00:00:00,37.75,39,11,5900,226550,2010-05-13 00:00:00,1
2010-05-17 00:00:00,2010-05-17 00:00:00,39.5,2010-05-17 00:00:00,38.75,39.5,7,10300,401825,2010-05-17 00:00:00,1
2010-05-18 00:00:00,2010-05-18 00:00:00,38.5,2010-05-18 00:00:00,36.25,36.25,10,22000,802500,2010-05-18 00:00:00,1
2010-05-19 00:00:00,2010-05-19 00:00:00,37.5,2010-05-19 00:00:00,37,37.5,5,700,25950,2010-05-19 00:00:00,1
2010-05-20 00:00:00,2010-05-20 00:00:00,37.5,2010-05-20 00:00:00,37.5,37.5,2,200,7500,2010-05-20 00:00:00,1
2010-05-21 00:00:00,2010-05-21 00:00:00,37.5,2010-05-21 00:00:00,37.5,37.5,6,2400,90000,2010-05-21 00:00:00,1
2010-05-24 00:00:00,2010-05-24 00:00:00,37.75,2010-05-24 00:00:00,37.5,37.5,10,4500,169125,2010-05-24 00:00:00,1
2010-05-26 00:00:00,2010-05-26 00:00:00,38,2010-05-26 00:00:00,37.5,38,6,2500,94600,2010-05-26 00:00:00,1
2010-05-31 00:00:00,2010-05-31 00:00:00,39,2010-05-31 00:00:00,37,37,8,14000,529300,2010-05-31 00:00:00,1
2010-06-01 00:00:00,2010-06-01 00:00:00,38.5,2010-06-01 00:00:00,35.5,36.75,6,1000,36725,2010-06-01 00:00:00,1
2010-06-02 00:00:00,2010-06-02 00:00:00,38,2010-06-02 00:00:00,38,38,5,8100,307800,2010-06-02 00:00:00,1
2010-06-03 00:00:00,2010-06-03 00:00:00,38.75,2010-06-03 00:00:00,36.5,38.5,14,16700,638150,2010-06-03 00:00:00,1
2010-06-04 00:00:00,2010-06-04 00:00:00,39,2010-06-04 00:00:00,38,38,8,1500,57825,2010-06-04 00:00:00,1
2010-06-07 00:00:00,2010-06-07 00:00:00,37.75,2010-06-07 00:00:00,37.25,37.25,12,5800,217150,2010-06-07 00:00:00,1
2010-06-08 00:00:00,2010-06-08 00:00:00,37,2010-06-08 00:00:00,37,37,5,12600,466200,2010-06-08 00:00:00,1
2010-06-09 00:00:00,2010-06-09 00:00:00,37,2010-06-09 00:00:00,36.5,36.5,16,13700,500925,2010-06-09 00:00:00,1
2010-06-10 00:00:00,2010-06-10 00:00:00,36.5,2010-06-10 00:00:00,36,36,37,70000,2530700,2010-06-10 00:00:00,1
2010-06-11 00:00:00,2010-06-11 00:00:00,36.25,2010-06-11 00:00:00,36,36.25,16,11100,402300,2010-06-11 00:00:00,1
2010-06-14 00:00:00,2010-06-14 00:00:00,38.5,2010-06-14 00:00:00,36.75,38.5,41,89500,3393500,2010-06-14 00:00:00,1
2010-06-15 00:00:00,2010-06-15 00:00:00,41.5,2010-06-15 00:00:00,38.5,40.75,78,113600,4568875,2010-06-15 00:00:00,1
2010-06-16 00:00:00,2010-06-16 00:00:00,41.5,2010-06-16 00:00:00,41,41.5,49,55400,2287775,2010-06-16 00:00:00,1
2010-06-17 00:00:00,2010-06-17 00:00:00,42.75,2010-06-17 00:00:00,41.75,42,91,143200,6014450,2010-06-17 00:00:00,1
2010-06-21 00:00:00,2010-06-21 00:00:00,44,2010-06-21 00:00:00,42,43.5,69,129100,5530600,2010-06-21 00:00:00,1
2010-06-22 00:00:00,2010-06-22 00:00:00,43.5,2010-06-22 00:00:00,42.25,42.5,19,10800,459675,2010-06-22 00:00:00,1
2010-06-23 00:00:00,2010-06-23 00:00:00,42.25,2010-06-23 00:00:00,42,42.25,31,36600,1539775,2010-06-23 00:00:00,1
2010-06-24 00:00:00,2010-06-24 00:00:00,42.5,2010-06-24 00:00:00,42,42,7,6500,273050,2010-06-24 00:00:00,1
2010-06-28 00:00:00,2010-06-28 00:00:00,42,2010-06-28 00:00:00,41.5,42,15,28800,1209100,2010-06-28 00:00:00,1
2010-06-29 00:00:00,2010-06-29 00:00:00,43.5,2010-06-29 00:00:00,42,43,23,55300,2372000,2010-06-29 00:00:00,1
2010-06-30 00:00:00,2010-06-30 00:00:00,46,2010-06-30 00:00:00,42.25,45.25,61,40700,1828325,2010-06-30 00:00:00,1
2010-07-01 00:00:00,2010-07-01 00:00:00,46.75,2010-07-01 00:00:00,45,45.75,41,32900,1519175,2010-07-01 00:00:00,1
2010-07-02 00:00:00,2010-07-02 00:00:00,50,2010-07-02 00:00:00,46,49.75,91,147000,7140675,2010-07-02 00:00:00,1
2010-07-05 00:00:00,2010-07-05 00:00:00,52.75,2010-07-05 00:00:00,48.5,52.25,55,38500,1974625,2010-07-05 00:00:00,1
2010-07-06 00:00:00,2010-07-06 00:00:00,57,2010-07-06 00:00:00,51.25,53.75,57,40000,2152300,2010-07-06 00:00:00,1
2010-07-07 00:00:00,2010-07-07 00:00:00,55,2010-07-07 00:00:00,50,52.5,46,40400,2082475,2010-07-07 00:00:00,1
2010-07-08 00:00:00,2010-07-08 00:00:00,54,2010-07-08 00:00:00,50.25,52,17,6400,332950,2010-07-08 00:00:00,1
2010-07-09 00:00:00,2010-07-09 00:00:00,52,2010-07-09 00:00:00,51.25,51.25,6,5000,259325,2010-07-09 00:00:00,1
2010-07-12 00:00:00,2010-07-12 00:00:00,51,2010-07-12 00:00:00,50,51,8,9300,465100,2010-07-12 00:00:00,1
2010-07-13 00:00:00,2010-07-13 00:00:00,51.5,2010-07-13 00:00:00,50,51.25,22,27600,1417200,2010-07-13 00:00:00,1
2010-07-14 00:00:00,2010-07-14 00:00:00,52,2010-07-14 00:00:00,52,52,18,26700,1388400,2010-07-14 00:00:00,1
2010-07-15 00:00:00,2010-07-15 00:00:00,53.25,2010-07-15 00:00:00,51,51.5,11,5500,283850,2010-07-15 00:00:00,1
2010-07-16 00:00:00,2010-07-16 00:00:00,53,2010-07-16 00:00:00,51,51.25,14,17800,915400,2010-07-16 00:00:00,1
2010-07-19 00:00:00,2010-07-19 00:00:00,52,2010-07-19 00:00:00,50.5,51,14,13000,663000,2010-07-19 00:00:00,1
2010-07-20 00:00:00,2010-07-20 00:00:00,53,2010-07-20 00:00:00,50,52.25,8,10700,551200,2010-07-20 00:00:00,1
2010-07-21 00:00:00,2010-07-21 00:00:00,57,2010-07-21 00:00:00,50,54.5,29,60300,3232975,2010-07-21 00:00:00,1
2010-07-22 00:00:00,2010-07-22 00:00:00,54,2010-07-22 00:00:00,52.25,53.5,14,17400,919500,2010-07-22 00:00:00,1
2010-07-23 00:00:00,2010-07-23 00:00:00,57,2010-07-23 00:00:00,54.5,56.75,28,19500,1095600,2010-07-23 00:00:00,1
2010-07-26 00:00:00,2010-07-26 00:00:00,64.5,2010-07-26 00:00:00,57,61,65,78300,4723100,2010-07-26 00:00:00,1
2010-07-27 00:00:00,2010-07-27 00:00:00,67.75,2010-07-27 00:00:00,62.75,66.75,59,74300,4851025,2010-07-27 00:00:00,1
2010-07-28 00:00:00,2010-07-28 00:00:00,68.5,2010-07-28 00:00:00,64.25,65,36,18000,1196600,2010-07-28 00:00:00,1
2010-07-29 00:00:00,2010-07-29 00:00:00,68,2010-07-29 00:00:00,64,65,18,18200,1173450,2010-07-29 00:00:00,1
2010-07-30 00:00:00,2010-07-30 00:00:00,68.5,2010-07-30 00:00:00,67.75,67.75,8,5000,338900,2010-07-30 00:00:00,1
2010-08-02 00:00:00,2010-08-02 00:00:00,68.5,2010-08-02 00:00:00,64,66.4,26,25300,1673770,2010-08-02 00:00:00,1
2010-08-03 00:00:00,2010-08-03 00:00:00,79,2010-08-03 00:00:00,68,76.2,77,129200,9579200,2010-08-03 00:00:00,1
2010-08-04 00:00:00,2010-08-04 00:00:00,80,2010-08-04 00:00:00,75.1,79.4,60,52500,4160430,2010-08-04 00:00:00,1
2010-08-05 00:00:00,2010-08-05 00:00:00,86.4,2010-08-05 00:00:00,72,78,47,58600,4432610,2010-08-05 00:00:00,1
2010-08-06 00:00:00,2010-08-06 00:00:00,85.8,2010-08-06 00:00:00,75.2,80.2,48,22100,1803670,2010-08-06 00:00:00,1
2010-08-09 00:00:00,2010-08-09 00:00:00,85,2010-08-09 00:00:00,74.1,76.5,77,104900,7988070,2010-08-09 00:00:00,1
2010-08-10 00:00:00,2010-08-10 00:00:00,83.9,2010-08-10 00:00:00,69.5,80.8,66,124600,9997130,2010-08-10 00:00:00,1
2010-08-11 00:00:00,2010-08-11 00:00:00,84,2010-08-11 00:00:00,79.9,80,87,298000,23866710,2010-08-11 00:00:00,1
2010-08-12 00:00:00,2010-08-12 00:00:00,82,2010-08-12 00:00:00,80,80.2,26,42900,3435640,2010-08-12 00:00:00,1
2010-08-13 00:00:00,2010-08-13 00:00:00,83.9,2010-08-13 00:00:00,80,80.5,12,2900,235680,2010-08-13 00:00:00,1
2010-08-16 00:00:00,2010-08-16 00:00:00,85,2010-08-16 00:00:00,78,81.1,21,20400,1668980,2010-08-16 00:00:00,1
2010-08-17 00:00:00,2010-08-17 00:00:00,84.5,2010-08-17 00:00:00,80,80.1,17,20800,1678790,2010-08-17 00:00:00,1
2010-08-18 00:00:00,2010-08-18 00:00:00,82,2010-08-18 00:00:00,80,80.1,33,51400,4128150,2010-08-18 00:00:00,1
2010-08-19 00:00:00,2010-08-19 00:00:00,81.5,2010-08-19 00:00:00,75.1,77.8,21,40000,3135750,2010-08-19 00:00:00,1
2010-08-20 00:00:00,2010-08-20 00:00:00,78.4,2010-08-20 00:00:00,77.6,78,13,12900,1005760,2010-08-20 00:00:00,1
2010-08-23 00:00:00,2010-08-23 00:00:00,78.5,2010-08-23 00:00:00,75,78.5,8,6900,540850,2010-08-23 00:00:00,1
2010-08-25 00:00:00,2010-08-25 00:00:00,81.9,2010-08-25 00:00:00,76,78.7,9,5700,448330,2010-08-25 00:00:00,1
2010-08-26 00:00:00,2010-08-26 00:00:00,78.7,2010-08-26 00:00:00,75,78.2,7,13900,1092840,2010-08-26 00:00:00,1
2010-08-27 00:00:00,2010-08-27 00:00:00,79,2010-08-27 00:00:00,78,78,12,14800,1157700,2010-08-27 00:00:00,1
2010-08-30 00:00:00,2010-08-30 00:00:00,80,2010-08-30 00:00:00,78,79.9,8,12600,1004500,2010-08-30 00:00:00,1
2010-08-31 00:00:00,2010-08-31 00:00:00,87.5,2010-08-31 00:00:00,78,83.1,30,47800,3959650,2010-08-31 00:00:00,1
2010-09-01 00:00:00,2010-09-01 00:00:00,87.5,2010-09-01 00:00:00,83,84.6,32,57500,4858010,2010-09-01 00:00:00,1
2010-09-02 00:00:00,2010-09-02 00:00:00,93,2010-09-02 00:00:00,84,88.7,117,516600,45684310,2010-09-02 00:00:00,1
2010-09-03 00:00:00,2010-09-03 00:00:00,97.5,2010-09-03 00:00:00,95,97.4,86,187900,18171410,2010-09-03 00:00:00,1
2010-09-06 00:00:00,2010-09-06 00:00:00,102,2010-09-06 00:00:00,98,98.7,37,227500,22499730,2010-09-06 00:00:00,1
2010-09-07 00:00:00,2010-09-07 00:00:00,107,2010-09-07 00:00:00,98.7,104.9,27,16800,1758680,2010-09-07 00:00:00,1
2010-09-08 00:00:00,2010-09-08 00:00:00,112,2010-09-08 00:00:00,104.9,110.9,60,121900,13238030,2010-09-08 00:00:00,1
2010-09-09 00:00:00,2010-09-09 00:00:00,115,2010-09-09 00:00:00,112,114.6,39,27700,3144650,2010-09-09 00:00:00,1
2010-09-13 00:00:00,2010-09-13 00:00:00,115,2010-09-13 00:00:00,105,112.5,9,3000,333090,2010-09-13 00:00:00,1
2010-09-14 00:00:00,2010-09-14 00:00:00,112,2010-09-14 00:00:00,105,109.8,23,9000,987200,2010-09-14 00:00:00,1
2010-09-15 00:00:00,2010-09-15 00:00:00,114,2010-09-15 00:00:00,105,109.9,15,13300,1465640,2010-09-15 00:00:00,1
2010-09-16 00:00:00,2010-09-16 00:00:00,108.7,2010-09-16 00:00:00,102.1,105.2,27,19600,2077900,2010-09-16 00:00:00,1
2010-09-17 00:00:00,2010-09-17 00:00:00,112,2010-09-17 00:00:00,105,107.9,28,57800,6239110,2010-09-17 00:00:00,1
2010-09-20 00:00:00,2010-09-20 00:00:00,110,2010-09-20 00:00:00,103.1,108.5,13,21000,2244640,2010-09-20 00:00:00,1
2010-09-21 00:00:00,2010-09-21 00:00:00,115,2010-09-21 00:00:00,104.1,110.3,71,116300,12792270,2010-09-21 00:00:00,1
2010-09-23 00:00:00,2010-09-23 00:00:00,115,2010-09-23 00:00:00,111,114.5,22,30000,3426850,2010-09-23 00:00:00,1
2010-09-24 00:00:00,2010-09-24 00:00:00,115,2010-09-24 00:00:00,110,113.5,22,32600,3733910,2010-09-24 00:00:00,1
2010-09-27 00:00:00,2010-09-27 00:00:00,114,2010-09-27 00:00:00,106,113.5,7,1700,184400,2010-09-27 00:00:00,1
2010-09-28 00:00:00,2010-09-28 00:00:00,126,2010-09-28 00:00:00,108,121.6,78,156300,18872890,2010-09-28 00:00:00,1
2010-09-29 00:00:00,2010-09-29 00:00:00,125,2010-09-29 00:00:00,117,120,48,122600,14899830,2010-09-29 00:00:00,1
2010-09-30 00:00:00,2010-09-30 00:00:00,125,2010-09-30 00:00:00,120,124.3,22,22600,2807350,2010-09-30 00:00:00,1
2010-10-01 00:00:00,2010-10-01 00:00:00,125,2010-10-01 00:00:00,117.1,120.2,26,53100,6434700,2010-10-01 00:00:00,1
2010-10-04 00:00:00,2010-10-04 00:00:00,125,2010-10-04 00:00:00,118,120.7,17,6000,743160,2010-10-04 00:00:00,1
2010-10-05 00:00:00,2010-10-05 00:00:00,121.5,2010-10-05 00:00:00,120,120,6,5500,660450,2010-10-05 00:00:00,1
2010-10-06 00:00:00,2010-10-06 00:00:00,115,2010-10-06 00:00:00,105,111.8,9,5500,608350,2010-10-06 00:00:00,1
2010-10-07 00:00:00,2010-10-07 00:00:00,118,2010-10-07 00:00:00,110,115,10,11300,1297790,2010-10-07 00:00:00,1
2010-10-08 00:00:00,2010-10-08 00:00:00,114.8,2010-10-08 00:00:00,105.3,114.8,11,3600,406990,2010-10-08 00:00:00,1
2010-10-11 00:00:00,2010-10-11 00:00:00,114.2,2010-10-11 00:00:00,114,114.2,4,600,68500,2010-10-11 00:00:00,1
2010-10-12 00:00:00,2010-10-12 00:00:00,113.5,2010-10-12 00:00:00,100,104,6,2100,232170,2010-10-12 00:00:00,1
2010-10-13 00:00:00,2010-10-13 00:00:00,107.9,2010-10-13 00:00:00,90,106.2,10,5900,602010,2010-10-13 00:00:00,1
2010-10-14 00:00:00,2010-10-14 00:00:00,108,2010-10-14 00:00:00,97.3,103,20,16000,1654460,2010-10-14 00:00:00,1
2010-10-15 00:00:00,2010-10-15 00:00:00,108,2010-10-15 00:00:00,101,107.9,8,10600,1076700,2010-10-15 00:00:00,1
2010-10-18 00:00:00,2010-10-18 00:00:00,107,2010-10-18 00:00:00,100,100.8,5,16300,1642440,2010-10-18 00:00:00,1
2010-10-19 00:00:00,2010-10-19 00:00:00,110,2010-10-19 00:00:00,107.9,109.9,15,7500,821740,2010-10-19 00:00:00,1
2010-10-21 00:00:00,2010-10-21 00:00:00,104,2010-10-21 00:00:00,103,103,3,1200,124400,2010-10-21 00:00:00,1
2010-10-25 00:00:00,2010-10-25 00:00:00,103,2010-10-25 00:00:00,100,100,12,58600,5860900,2010-10-25 00:00:00,1
2010-10-26 00:00:00,2010-10-26 00:00:00,108,2010-10-26 00:00:00,100,100,19,11500,1154700,2010-10-26 00:00:00,1
2010-10-27 00:00:00,2010-10-27 00:00:00,105,2010-10-27 00:00:00,97,105,3,700,72300,2010-10-27 00:00:00,1
2010-10-28 00:00:00,2010-10-28 00:00:00,105,2010-10-28 00:00:00,100,100.1,14,9400,941900,2010-10-28 00:00:00,1
2010-10-29 00:00:00,2010-10-29 00:00:00,101,2010-10-29 00:00:00,100,100.2,2,4300,431000,2010-10-29 00:00:00,1
2010-11-01 00:00:00,2010-11-01 00:00:00,100.1,2010-11-01 00:00:00,100,100,5,1700,170020,2010-11-01 00:00:00,1
2010-11-02 00:00:00,2010-11-02 00:00:00,105,2010-11-02 00:00:00,100,102.1,6,3700,383210,2010-11-02 00:00:00,1
2010-11-03 00:00:00,2010-11-03 00:00:00,105,2010-11-03 00:00:00,100,101.7,2,300,30500,2010-11-03 00:00:00,1
2010-11-04 00:00:00,2010-11-04 00:00:00,100,2010-11-04 00:00:00,98,99.8,5,1600,159800,2010-11-04 00:00:00,1
2010-11-08 00:00:00,2010-11-08 00:00:00,100,2010-11-08 00:00:00,99.8,100,7,1500,149980,2010-11-08 00:00:00,1
2010-11-09 00:00:00,2010-11-09 00:00:00,114,2010-11-09 00:00:00,100,101.6,35,11900,1260720,2010-11-09 00:00:00,1
2010-11-10 00:00:00,2010-11-10 00:00:00,109,2010-11-10 00:00:00,102,102.6,15,4200,447510,2010-11-10 00:00:00,1
2010-11-11 00:00:00,2010-11-11 00:00:00,107.8,2010-11-11 00:00:00,105,107.1,4,500,53560,2010-11-11 00:00:00,1
2010-11-12 00:00:00,2010-11-12 00:00:00,107.8,2010-11-12 00:00:00,105.8,106.2,4,600,63700,2010-11-12 00:00:00,1
2010-11-15 00:00:00,2010-11-15 00:00:00,105,2010-11-15 00:00:00,105,105,4,100000,10500000,2010-11-15 00:00:00,1
2010-11-16 00:00:00,2010-11-16 00:00:00,105,2010-11-16 00:00:00,100,102.9,5,900,92610,2010-11-16 00:00:00,1
2010-11-18 00:00:00,2010-11-18 00:00:00,105,2010-11-18 00:00:00,99,103.3,7,2700,269800,2010-11-18 00:00:00,1
2010-11-22 00:00:00,2010-11-22 00:00:00,105.9,2010-11-22 00:00:00,90,105.9,3,500,50180,2010-11-22 00:00:00,1
2010-11-24 00:00:00,2010-11-24 00:00:00,102.5,2010-11-24 00:00:00,95.6,101.2,15,3600,364770,2010-11-24 00:00:00,1
2010-11-25 00:00:00,2010-11-25 00:00:00,100,2010-11-25 00:00:00,100,100,3,1200,120000,2010-11-25 00:00:00,1
2010-11-26 00:00:00,2010-11-26 00:00:00,96.6,2010-11-26 00:00:00,93.3,95.3,12,50100,4756740,2010-11-26 00:00:00,1
2010-11-29 00:00:00,2010-11-29 00:00:00,95.3,2010-11-29 00:00:00,95.3,95.3,1,7000,667100,2010-11-29 00:00:00,1
2010-11-30 00:00:00,2010-11-30 00:00:00,103.8,2010-11-30 00:00:00,98,98,4,95000,9311160,2010-11-30 00:00:00,1
2010-12-01 00:00:00,2010-12-01 00:00:00,108,2010-12-01 00:00:00,103.9,105.8,7,4300,452050,2010-12-01 00:00:00,1
2010-12-02 00:00:00,2010-12-02 00:00:00,110,2010-12-02 00:00:00,104.9,105.4,5,7500,791040,2010-12-02 00:00:00,1
2010-12-03 00:00:00,2010-12-03 00:00:00,110,2010-12-03 00:00:00,105,107.5,5,1000,107540,2010-12-03 00:00:00,1
2010-12-06 00:00:00,2010-12-06 00:00:00,103,2010-12-06 00:00:00,100,103,10,41200,4121610,2010-12-06 00:00:00,1
2010-12-07 00:00:00,2010-12-07 00:00:00,100.1,2010-12-07 00:00:00,100,100,5,22200,2220200,2010-12-07 00:00:00,1
2010-12-08 00:00:00,2010-12-08 00:00:00,108.9,2010-12-08 00:00:00,100,100.1,11,18700,1874800,2010-12-08 00:00:00,1
2010-12-09 00:00:00,2010-12-09 00:00:00,107.7,2010-12-09 00:00:00,107.7,107.7,1,100,10770,2010-12-09 00:00:00,1
2010-12-10 00:00:00,2010-12-10 00:00:00,100,2010-12-10 00:00:00,100,100,2,400,40000,2010-12-10 00:00:00,1
2010-12-13 00:00:00,2010-12-13 00:00:00,100,2010-12-13 00:00:00,100,100,4,1100,110000,2010-12-13 00:00:00,1
2010-12-15 00:00:00,2010-12-15 00:00:00,100,2010-12-15 00:00:00,100,100,7,1100,110000,2010-12-15 00:00:00,1
2010-12-16 00:00:00,2010-12-16 00:00:00,106.9,2010-12-16 00:00:00,100,103.5,2,200,20690,2010-12-16 00:00:00,1
2010-12-22 00:00:00,2010-12-22 00:00:00,100,2010-12-22 00:00:00,95.2,100,4,600,59040,2010-12-22 00:00:00,1
2010-12-23 00:00:00,2010-12-23 00:00:00,114,2010-12-23 00:00:00,100,107,7,900,96260,2010-12-23 00:00:00,1
2010-12-24 00:00:00,2010-12-24 00:00:00,108,2010-12-24 00:00:00,100.1,106.3,8,1000,106260,2010-12-24 00:00:00,1
2010-12-27 00:00:00,2010-12-27 00:00:00,112,2010-12-27 00:00:00,105,106.7,54,154800,16890980,2010-12-27 00:00:00,1
2010-12-28 00:00:00,2010-12-28 00:00:00,112,2010-12-28 00:00:00,105,105.3,39,119700,12916550,2010-12-28 00:00:00,1
2010-12-29 00:00:00,2010-12-29 00:00:00,114,2010-12-29 00:00:00,105,111.5,62,165700,18470120,2010-12-29 00:00:00,1
2010-12-30 00:00:00,2010-12-30 00:00:00,122,2010-12-30 00:00:00,107.1,119.7,91,92800,10867380,2010-12-30 00:00:00,1
2010-12-31 00:00:00,2010-12-31 00:00:00,122.5,2010-12-31 00:00:00,115,119.1,40,53800,6367410,2010-12-31 00:00:00,1
Company Id,:  NAVF,Security,Type :  U,Sub Type,:  0000,,,,,
Short Name,:  NAMAL ACUITY VF,,,,,,,,,
Day,Date High,High,Date Low,Low,Closing,No. of Trades,No. of Shares,Turnover,Last Traded,Days Traded
2010-01-04 00:00:00,2010-01-04 00:00:00,52.75,2010-01-04 00:00:00,49.75,52.25,57,22100,1142850,2010-01-04 00:00:00,1
2010-01-05 00:00:00,2010-01-05 00:00:00,52,2010-01-05 00:00:00,51.5,51.5,3,1400,72700,2010-01-05 00:00:00,1
2010-01-07 00:00:00,2010-01-07 00:00:00,51,2010-01-07 00:00:00,50,50,6,800,40525,2010-01-07 00:00:00,1
2010-01-08 00:00:00,2010-01-08 00:00:00,50,2010-01-08 00:00:00,50,50,1,200,10000,2010-01-08 00:00:00,1
2010-01-11 00:00:00,2010-01-11 00:00:00,51,2010-01-11 00:00:00,51,51,1,100,5100,2010-01-11 00:00:00,1
2010-01-12 00:00:00,2010-01-12 00:00:00,50.25,2010-01-12 00:00:00,50,50,5,2400,120100,2010-01-12 00:00:00,1
2010-01-15 00:00:00,2010-01-15 00:00:00,51,2010-01-15 00:00:00,51,51,4,3100,158100,2010-01-15 00:00:00,1
2010-01-18 00:00:00,2010-01-18 00:00:00,50.25,2010-01-18 00:00:00,50.25,50.25,2,200,10050,2010-01-18 00:00:00,1
2010-01-19 00:00:00,2010-01-19 00:00:00,51.25,2010-01-19 00:00:00,48.25,51.25,12,8800,446825,2010-01-19 00:00:00,1
2010-01-20 00:00:00,2010-01-20 00:00:00,50,2010-01-20 00:00:00,50,50,2,400,20000,2010-01-20 00:00:00,1
2010-01-26 00:00:00,2010-01-26 00:00:00,50.5,2010-01-26 00:00:00,50,50.25,2,200,10050,2010-01-26 00:00:00,1
2010-01-28 00:00:00,2010-01-28 00:00:00,51,2010-01-28 00:00:00,48,51,15,2900,142575,2010-01-28 00:00:00,1
2010-02-01 00:00:00,2010-02-01 00:00:00,54,2010-02-01 00:00:00,51,52.5,85,82600,4322850,2010-02-01 00:00:00,1
2010-02-02 00:00:00,2010-02-02 00:00:00,53.5,2010-02-02 00:00:00,51.5,52,19,7900,411275,2010-02-02 00:00:00,1
2010-02-03 00:00:00,2010-02-03 00:00:00,51.75,2010-02-03 00:00:00,51.5,51.75,6,1500,77375,2010-02-03 00:00:00,1
2010-02-05 00:00:00,2010-02-05 00:00:00,51.25,2010-02-05 00:00:00,50,50.5,3,400,20150,2010-02-05 00:00:00,1
2010-02-08 00:00:00,2010-02-08 00:00:00,52.5,2010-02-08 00:00:00,50.25,50.75,3,600,30700,2010-02-08 00:00:00,1
2010-02-09 00:00:00,2010-02-09 00:00:00,50.75,2010-02-09 00:00:00,50,50,5,1400,70425,2010-02-09 00:00:00,1
2010-02-10 00:00:00,2010-02-10 00:00:00,50.25,2010-02-10 00:00:00,50,50,6,2900,145025,2010-02-10 00:00:00,1
2010-02-11 00:00:00,2010-02-11 00:00:00,50.25,2010-02-11 00:00:00,50.25,50.25,1,200,10050,2010-02-11 00:00:00,1
2010-02-12 00:00:00,2010-02-12 00:00:00,49.5,2010-02-12 00:00:00,49,49,8,3000,147100,2010-02-12 00:00:00,1
2010-02-15 00:00:00,2010-02-15 00:00:00,50,2010-02-15 00:00:00,50,50,1,600,30000,2010-02-15 00:00:00,1
2010-02-19 00:00:00,2010-02-19 00:00:00,51.5,2010-02-19 00:00:00,51,51.25,2,3500,179500,2010-02-19 00:00:00,1
2010-02-22 00:00:00,2010-02-22 00:00:00,52,2010-02-22 00:00:00,50,50,6,1900,97050,2010-02-22 00:00:00,1
2010-02-23 00:00:00,2010-02-23 00:00:00,50,2010-02-23 00:00:00,50,50,4,1500,75000,2010-02-23 00:00:00,1
2010-02-24 00:00:00,2010-02-24 00:00:00,51.5,2010-02-24 00:00:00,50,50,12,4100,206150,2010-02-24 00:00:00,1
2010-02-25 00:00:00,2010-02-25 00:00:00,50.75,2010-02-25 00:00:00,50,50,8,3300,165750,2010-02-25 00:00:00,1
2010-02-26 00:00:00,2010-02-26 00:00:00,50,2010-02-26 00:00:00,50,50,1,700,35000,2010-02-26 00:00:00,1
2010-03-01 00:00:00,2010-03-01 00:00:00,50,2010-03-01 00:00:00,50,50,11,8800,440000,2010-03-01 00:00:00,1
2010-03-02 00:00:00,2010-03-02 00:00:00,60,2010-03-02 00:00:00,51,54,316,150800,8551425,2010-03-02 00:00:00,1
2010-03-03 00:00:00,2010-03-03 00:00:00,54,2010-03-03 00:00:00,52.25,52.5,14,8200,433400,2010-03-03 00:00:00,1
2010-03-04 00:00:00,2010-03-04 00:00:00,52,2010-03-04 00:00:00,52,52,3,1000,52000,2010-03-04 00:00:00,1
2010-03-05 00:00:00,2010-03-05 00:00:00,51,2010-03-05 00:00:00,51,51,1,200,10200,2010-03-05 00:00:00,1
2010-03-08 00:00:00,2010-03-08 00:00:00,52.75,2010-03-08 00:00:00,52.75,52.75,1,100,5275,2010-03-08 00:00:00,1
2010-03-09 00:00:00,2010-03-09 00:00:00,52,2010-03-09 00:00:00,51,51,4,2100,107275,2010-03-09 00:00:00,1
2010-03-10 00:00:00,2010-03-10 00:00:00,52.75,2010-03-10 00:00:00,52,52.25,5,6300,328775,2010-03-10 00:00:00,1
2010-03-12 00:00:00,2010-03-12 00:00:00,52.25,2010-03-12 00:00:00,51.5,51.75,10,3600,186575,2010-03-12 00:00:00,1
2010-03-15 00:00:00,2010-03-15 00:00:00,52,2010-03-15 00:00:00,51.75,52,5,1800,93550,2010-03-15 00:00:00,1
2010-03-16 00:00:00,2010-03-16 00:00:00,52.25,2010-03-16 00:00:00,52,52,8,3500,182100,2010-03-16 00:00:00,1
2010-03-18 00:00:00,2010-03-18 00:00:00,52,2010-03-18 00:00:00,51.75,51.75,11,4400,227725,2010-03-18 00:00:00,1
2010-03-19 00:00:00,2010-03-19 00:00:00,53.5,2010-03-19 00:00:00,51.25,53,13,30200,1600550,2010-03-19 00:00:00,1
2010-03-23 00:00:00,2010-03-23 00:00:00,53.5,2010-03-23 00:00:00,52.75,53.5,2,2600,138950,2010-03-23 00:00:00,1
2010-03-24 00:00:00,2010-03-24 00:00:00,52.75,2010-03-24 00:00:00,52.5,52.5,8,1500,78925,2010-03-24 00:00:00,1
2010-03-25 00:00:00,2010-03-25 00:00:00,53.25,2010-03-25 00:00:00,52,52.25,9,3500,182575,2010-03-25 00:00:00,1
2010-03-26 00:00:00,2010-03-26 00:00:00,55.5,2010-03-26 00:00:00,51.75,53.75,12,13100,704975,2010-03-26 00:00:00,1
2010-03-30 00:00:00,2010-03-30 00:00:00,52.75,2010-03-30 00:00:00,52.5,52.5,5,2500,131300,2010-03-30 00:00:00,1
2010-03-31 00:00:00,2010-03-31 00:00:00,53,2010-03-31 00:00:00,53,53,1,200,10600,2010-03-31 00:00:00,1
2010-04-01 00:00:00,2010-04-01 00:00:00,57,2010-04-01 00:00:00,53.25,54.5,66,26300,1460525,2010-04-01 00:00:00,1
2010-04-05 00:00:00,2010-04-05 00:00:00,52.75,2010-04-05 00:00:00,52.5,52.5,7,2900,152700,2010-04-05 00:00:00,1
2010-04-06 00:00:00,2010-04-06 00:00:00,55,2010-04-06 00:00:00,52.5,54.5,26,35800,1913000,2010-04-06 00:00:00,1
2010-04-07 00:00:00,2010-04-07 00:00:00,55,2010-04-07 00:00:00,54,55,19,6200,339925,2010-04-07 00:00:00,1
2010-04-08 00:00:00,2010-04-08 00:00:00,56,2010-04-08 00:00:00,54,55.5,14,6400,353000,2010-04-08 00:00:00,1
2010-04-12 00:00:00,2010-04-12 00:00:00,56,2010-04-12 00:00:00,54.5,54.75,14,9200,505275,2010-04-12 00:00:00,1
2010-04-16 00:00:00,2010-04-16 00:00:00,54.75,2010-04-16 00:00:00,54,54.5,11,8600,468025,2010-04-16 00:00:00,1
2010-04-19 00:00:00,2010-04-19 00:00:00,54.25,2010-04-19 00:00:00,54,54,5,4500,243125,2010-04-19 00:00:00,1
2010-04-20 00:00:00,2010-04-20 00:00:00,56,2010-04-20 00:00:00,56,56,2,300,16800,2010-04-20 00:00:00,1
2010-04-21 00:00:00,2010-04-21 00:00:00,55,2010-04-21 00:00:00,54.25,54.5,9,5100,279875,2010-04-21 00:00:00,1
2010-04-23 00:00:00,2010-04-23 00:00:00,55.75,2010-04-23 00:00:00,54,55.75,15,7300,402850,2010-04-23 00:00:00,1
2010-04-26 00:00:00,2010-04-26 00:00:00,56.5,2010-04-26 00:00:00,55.75,56.25,17,3800,213175,2010-04-26 00:00:00,1
2010-04-27 00:00:00,2010-04-27 00:00:00,56.25,2010-04-27 00:00:00,56.25,56.25,4,1600,90000,2010-04-27 00:00:00,1
2010-04-29 00:00:00,2010-04-29 00:00:00,56.5,2010-04-29 00:00:00,55.75,55.75,19,12500,698450,2010-04-29 00:00:00,1
2010-04-30 00:00:00,2010-04-30 00:00:00,58,2010-04-30 00:00:00,54,57,65,51500,2906525,2010-04-30 00:00:00,1
2010-05-03 00:00:00,2010-05-03 00:00:00,72.5,2010-05-03 00:00:00,56.5,67.5,603,516700,34244625,2010-05-03 00:00:00,1
2010-05-04 00:00:00,2010-05-04 00:00:00,66.5,2010-05-04 00:00:00,60.25,62.5,38,24500,1562100,2010-05-04 00:00:00,1
2010-05-05 00:00:00,2010-05-05 00:00:00,64.75,2010-05-05 00:00:00,61.75,62.5,18,6400,402700,2010-05-05 00:00:00,1
2010-05-06 00:00:00,2010-05-06 00:00:00,67.5,2010-05-06 00:00:00,62,65,19,8500,549700,2010-05-06 00:00:00,1
2010-05-07 00:00:00,2010-05-07 00:00:00,63.25,2010-05-07 00:00:00,60,60.75,53,73800,4489075,2010-05-07 00:00:00,1
2010-05-10 00:00:00,2010-05-10 00:00:00,63.5,2010-05-10 00:00:00,60,60.5,119,146700,8933550,2010-05-10 00:00:00,1
2010-05-11 00:00:00,2010-05-11 00:00:00,61.25,2010-05-11 00:00:00,60.25,61,13,13900,841100,2010-05-11 00:00:00,1
2010-05-12 00:00:00,2010-05-12 00:00:00,61.75,2010-05-12 00:00:00,60,61.25,18,12900,776525,2010-05-12 00:00:00,1
2010-05-13 00:00:00,2010-05-13 00:00:00,61,2010-05-13 00:00:00,60,60.75,21,9400,568450,2010-05-13 00:00:00,1
2010-05-14 00:00:00,2010-05-14 00:00:00,62,2010-05-14 00:00:00,60,60.25,28,12700,767575,2010-05-14 00:00:00,1
2010-05-17 00:00:00,2010-05-17 00:00:00,62.5,2010-05-17 00:00:00,60.5,61.5,23,21200,1299950,2010-05-17 00:00:00,1
2010-05-18 00:00:00,2010-05-18 00:00:00,66,2010-05-18 00:00:00,60,61,164,204900,12629250,2010-05-18 00:00:00,1
2010-05-19 00:00:00,2010-05-19 00:00:00,63,2010-05-19 00:00:00,60,60.5,125,164500,9924800,2010-05-19 00:00:00,1
2010-05-20 00:00:00,2010-05-20 00:00:00,61.5,2010-05-20 00:00:00,60.25,60.25,26,20400,1239825,2010-05-20 00:00:00,1
2010-05-21 00:00:00,2010-05-21 00:00:00,61.25,2010-05-21 00:00:00,60,60.25,33,27200,1648625,2010-05-21 00:00:00,1
2010-05-24 00:00:00,2010-05-24 00:00:00,68,2010-05-24 00:00:00,60.5,66.5,397,699800,44016825,2010-05-24 00:00:00,1
2010-05-25 00:00:00,2010-05-25 00:00:00,69.25,2010-05-25 00:00:00,65,65.5,121,83700,5570275,2010-05-25 00:00:00,1
2010-05-26 00:00:00,2010-05-26 00:00:00,69.25,2010-05-26 00:00:00,66,68.75,144,108800,7422675,2010-05-26 00:00:00,1
2010-05-31 00:00:00,2010-05-31 00:00:00,71.75,2010-05-31 00:00:00,68.25,71.25,231,184700,13015375,2010-05-31 00:00:00,1
2010-06-01 00:00:00,2010-06-01 00:00:00,73.5,2010-06-01 00:00:00,66,67,442,331600,23506575,2010-06-01 00:00:00,1
2010-06-02 00:00:00,2010-06-02 00:00:00,67,2010-06-02 00:00:00,65,65.25,80,82000,5354875,2010-06-02 00:00:00,1
2010-06-03 00:00:00,2010-06-03 00:00:00,67,2010-06-03 00:00:00,65.75,66,16,11800,780425,2010-06-03 00:00:00,1
2010-06-04 00:00:00,2010-06-04 00:00:00,67.5,2010-06-04 00:00:00,66.5,67.25,10,11300,758550,2010-06-04 00:00:00,1
2010-06-07 00:00:00,2010-06-07 00:00:00,69.75,2010-06-07 00:00:00,68,69.25,52,54900,3779000,2010-06-07 00:00:00,1
2010-06-08 00:00:00,2010-06-08 00:00:00,70,2010-06-08 00:00:00,68.25,69,35,26600,1838550,2010-06-08 00:00:00,1
2010-06-09 00:00:00,2010-06-09 00:00:00,70,2010-06-09 00:00:00,69,69.75,30,27700,1933250,2010-06-09 00:00:00,1
2010-06-10 00:00:00,2010-06-10 00:00:00,70,2010-06-10 00:00:00,69,69,13,12500,866375,2010-06-10 00:00:00,1
2010-06-11 00:00:00,2010-06-11 00:00:00,72.25,2010-06-11 00:00:00,70,70.75,97,61000,4340075,2010-06-11 00:00:00,1
2010-06-14 00:00:00,2010-06-14 00:00:00,72,2010-06-14 00:00:00,71,71,33,21100,1509800,2010-06-14 00:00:00,1
2010-06-15 00:00:00,2010-06-15 00:00:00,73,2010-06-15 00:00:00,71.25,71.25,54,18200,1316800,2010-06-15 00:00:00,1
2010-06-16 00:00:00,2010-06-16 00:00:00,73,2010-06-16 00:00:00,71.25,72.25,24,28300,2040275,2010-06-16 00:00:00,1
2010-06-17 00:00:00,2010-06-17 00:00:00,72.5,2010-06-17 00:00:00,71.25,71.25,6,2600,186250,2010-06-17 00:00:00,1
2010-06-21 00:00:00,2010-06-21 00:00:00,75.25,2010-06-21 00:00:00,72,75,109,99300,7364450,2010-06-21 00:00:00,1
2010-06-22 00:00:00,2010-06-22 00:00:00,79.5,2010-06-22 00:00:00,74.5,77.25,146,167000,12835000,2010-06-22 00:00:00,1
2010-06-23 00:00:00,2010-06-23 00:00:00,79.75,2010-06-23 00:00:00,76.5,77.5,36,50800,3944375,2010-06-23 00:00:00,1
2010-06-24 00:00:00,2010-06-24 00:00:00,78.25,2010-06-24 00:00:00,75,77.25,55,38200,2909025,2010-06-24 00:00:00,1
2010-06-28 00:00:00,2010-06-28 00:00:00,79,2010-06-28 00:00:00,75,75.5,29,22800,1771675,2010-06-28 00:00:00,1
2010-06-29 00:00:00,2010-06-29 00:00:00,77.5,2010-06-29 00:00:00,75,75.75,45,55300,4232500,2010-06-29 00:00:00,1
2010-06-30 00:00:00,2010-06-30 00:00:00,76,2010-06-30 00:00:00,74.5,76,38,46300,3473300,2010-06-30 00:00:00,1
2010-07-01 00:00:00,2010-07-01 00:00:00,77,2010-07-01 00:00:00,72.5,72.75,63,47600,3547225,2010-07-01 00:00:00,1
2010-07-02 00:00:00,2010-07-02 00:00:00,73.5,2010-07-02 00:00:00,71.5,72.5,21,28300,2053075,2010-07-02 00:00:00,1
2010-07-05 00:00:00,2010-07-05 00:00:00,71.5,2010-07-05 00:00:00,71,71,14,7700,547625,2010-07-05 00:00:00,1
2010-07-06 00:00:00,2010-07-06 00:00:00,72.25,2010-07-06 00:00:00,70.25,71,15,4900,346400,2010-07-06 00:00:00,1
2010-07-07 00:00:00,2010-07-07 00:00:00,70.25,2010-07-07 00:00:00,68,69.5,18,8600,600000,2010-07-07 00:00:00,1
2010-07-08 00:00:00,2010-07-08 00:00:00,70.75,2010-07-08 00:00:00,70,70.5,12,17200,1207975,2010-07-08 00:00:00,1
2010-07-09 00:00:00,2010-07-09 00:00:00,69.75,2010-07-09 00:00:00,69,69.75,9,6200,431850,2010-07-09 00:00:00,1
2010-07-12 00:00:00,2010-07-12 00:00:00,70,2010-07-12 00:00:00,69.75,70,5,1300,90850,2010-07-12 00:00:00,1
2010-07-13 00:00:00,2010-07-13 00:00:00,70,2010-07-13 00:00:00,70,70,6,5800,406000,2010-07-13 00:00:00,1
2010-07-14 00:00:00,2010-07-14 00:00:00,70,2010-07-14 00:00:00,69.25,70,7,2600,181700,2010-07-14 00:00:00,1
2010-07-15 00:00:00,2010-07-15 00:00:00,71,2010-07-15 00:00:00,70,70,33,28800,2016250,2010-07-15 00:00:00,1
2010-07-16 00:00:00,2010-07-16 00:00:00,71,2010-07-16 00:00:00,71,71,3,300,21300,2010-07-16 00:00:00,1
2010-07-19 00:00:00,2010-07-19 00:00:00,71,2010-07-19 00:00:00,70.5,70.75,6,2700,191350,2010-07-19 00:00:00,1
2010-07-20 00:00:00,2010-07-20 00:00:00,72.25,2010-07-20 00:00:00,70.5,71.5,8,3500,249675,2010-07-20 00:00:00,1
2010-07-21 00:00:00,2010-07-21 00:00:00,71.75,2010-07-21 00:00:00,70.75,71.5,10,16100,1149150,2010-07-21 00:00:00,1
2010-07-22 00:00:00,2010-07-22 00:00:00,71.25,2010-07-22 00:00:00,71.25,71.25,5,1200,85500,2010-07-22 00:00:00,1
2010-07-23 00:00:00,2010-07-23 00:00:00,74.25,2010-07-23 00:00:00,71.25,72.25,15,3900,282350,2010-07-23 00:00:00,1
2010-07-26 00:00:00,2010-07-26 00:00:00,74.5,2010-07-26 00:00:00,73,74.25,16,17900,1323775,2010-07-26 00:00:00,1
2010-07-27 00:00:00,2010-07-27 00:00:00,74.5,2010-07-27 00:00:00,73.25,74,13,7000,517850,2010-07-27 00:00:00,1
2010-07-28 00:00:00,2010-07-28 00:00:00,75,2010-07-28 00:00:00,73.25,74.5,23,25700,1913650,2010-07-28 00:00:00,1
2010-07-29 00:00:00,2010-07-29 00:00:00,78,2010-07-29 00:00:00,74,75.25,56,65400,4965700,2010-07-29 00:00:00,1
2010-07-30 00:00:00,2010-07-30 00:00:00,77,2010-07-30 00:00:00,74,74.75,39,39800,2990625,2010-07-30 00:00:00,1
2010-08-02 00:00:00,2010-08-02 00:00:00,80,2010-08-02 00:00:00,73.8,74.5,148,164900,12762210,2010-08-02 00:00:00,1
2010-08-03 00:00:00,2010-08-03 00:00:00,74.5,2010-08-03 00:00:00,72,72.7,24,9600,697500,2010-08-03 00:00:00,1
2010-08-04 00:00:00,2010-08-04 00:00:00,74,2010-08-04 00:00:00,73,73.2,10,9100,671400,2010-08-04 00:00:00,1
2010-08-05 00:00:00,2010-08-05 00:00:00,73,2010-08-05 00:00:00,69,71,32,15100,1061270,2010-08-05 00:00:00,1
2010-08-06 00:00:00,2010-08-06 00:00:00,75,2010-08-06 00:00:00,71,72.3,15,2500,179040,2010-08-06 00:00:00,1
2010-08-09 00:00:00,2010-08-09 00:00:00,70,2010-08-09 00:00:00,66.1,66.7,36,17200,1152800,2010-08-09 00:00:00,1
2010-08-10 00:00:00,2010-08-10 00:00:00,72,2010-08-10 00:00:00,60.2,71.1,72,80200,5323800,2010-08-10 00:00:00,1
2010-08-11 00:00:00,2010-08-11 00:00:00,73,2010-08-11 00:00:00,71.5,72.3,8,3500,252900,2010-08-11 00:00:00,1
2010-08-12 00:00:00,2010-08-12 00:00:00,72,2010-08-12 00:00:00,70,70.1,9,10800,776450,2010-08-12 00:00:00,1
2010-08-13 00:00:00,2010-08-13 00:00:00,72,2010-08-13 00:00:00,70,71.9,12,6400,458850,2010-08-13 00:00:00,1
2010-08-16 00:00:00,2010-08-16 00:00:00,72,2010-08-16 00:00:00,69.9,70.3,14,8000,562430,2010-08-16 00:00:00,1
2010-08-17 00:00:00,2010-08-17 00:00:00,72,2010-08-17 00:00:00,70.6,71.7,16,8200,586840,2010-08-17 00:00:00,1
2010-08-18 00:00:00,2010-08-18 00:00:00,74.4,2010-08-18 00:00:00,64.6,73.5,75,105800,7679070,2010-08-18 00:00:00,1
2010-08-19 00:00:00,2010-08-19 00:00:00,78,2010-08-19 00:00:00,73.8,74.2,59,27000,2010430,2010-08-19 00:00:00,1
2010-08-20 00:00:00,2010-08-20 00:00:00,76.5,2010-08-20 00:00:00,73.8,74,9,3200,237300,2010-08-20 00:00:00,1
2010-08-23 00:00:00,2010-08-23 00:00:00,77,2010-08-23 00:00:00,74.2,75.1,13,217200,16304080,2010-08-23 00:00:00,1
2010-08-25 00:00:00,2010-08-25 00:00:00,75.5,2010-08-25 00:00:00,73.5,74.3,10,2100,155670,2010-08-25 00:00:00,1
2010-08-26 00:00:00,2010-08-26 00:00:00,79,2010-08-26 00:00:00,72.8,74.7,13,5000,367730,2010-08-26 00:00:00,1
2010-08-27 00:00:00,2010-08-27 00:00:00,75,2010-08-27 00:00:00,75,75,3,400,30000,2010-08-27 00:00:00,1
2010-08-30 00:00:00,2010-08-30 00:00:00,75.5,2010-08-30 00:00:00,74,74.3,14,5000,372670,2010-08-30 00:00:00,1
2010-08-31 00:00:00,2010-08-31 00:00:00,76.9,2010-08-31 00:00:00,74,75.5,63,53400,4012230,2010-08-31 00:00:00,1
2010-09-01 00:00:00,2010-09-01 00:00:00,81.7,2010-09-01 00:00:00,75.2,78,488,771500,60928100,2010-09-01 00:00:00,1
2010-09-02 00:00:00,2010-09-02 00:00:00,80.2,2010-09-02 00:00:00,77.9,79.9,152,200800,15890710,2010-09-02 00:00:00,1
2010-09-03 00:00:00,2010-09-03 00:00:00,86.5,2010-09-03 00:00:00,81,85.3,211,194900,16272390,2010-09-03 00:00:00,1
2010-09-06 00:00:00,2010-09-06 00:00:00,87.2,2010-09-06 00:00:00,82,83.4,64,443800,38497610,2010-09-06 00:00:00,1
2010-09-07 00:00:00,2010-09-07 00:00:00,85,2010-09-07 00:00:00,81.4,85,54,37900,3184930,2010-09-07 00:00:00,1
2010-09-08 00:00:00,2010-09-08 00:00:00,87,2010-09-08 00:00:00,83,84.5,29,20500,1727660,2010-09-08 00:00:00,1
2010-09-09 00:00:00,2010-09-09 00:00:00,86,2010-09-09 00:00:00,83.7,83.9,20,16200,1363820,2010-09-09 00:00:00,1
2010-09-13 00:00:00,2010-09-13 00:00:00,85,2010-09-13 00:00:00,84,84.5,17,10700,907200,2010-09-13 00:00:00,1
2010-09-14 00:00:00,2010-09-14 00:00:00,84.5,2010-09-14 00:00:00,83,84,20,14700,1226510,2010-09-14 00:00:00,1
2010-09-15 00:00:00,2010-09-15 00:00:00,86,2010-09-15 00:00:00,84.5,85.7,34,21300,1819560,2010-09-15 00:00:00,1
2010-09-16 00:00:00,2010-09-16 00:00:00,94.2,2010-09-16 00:00:00,87.5,94.1,156,178900,16598510,2010-09-16 00:00:00,1
2010-09-17 00:00:00,2010-09-17 00:00:00,103.5,2010-09-17 00:00:00,100,102.6,72,68700,7086190,2010-09-17 00:00:00,1
2010-09-20 00:00:00,2010-09-20 00:00:00,106,2010-09-20 00:00:00,98.9,100.2,49,34800,3492270,2010-09-20 00:00:00,1
2010-09-21 00:00:00,2010-09-21 00:00:00,105,2010-09-21 00:00:00,99,102,21,16400,1663300,2010-09-21 00:00:00,1
2010-09-23 00:00:00,2010-09-23 00:00:00,110.9,2010-09-23 00:00:00,99.5,104.4,170,151000,15794170,2010-09-23 00:00:00,1
2010-09-24 00:00:00,2010-09-24 00:00:00,115,2010-09-24 00:00:00,105,110.6,72,88400,9766540,2010-09-24 00:00:00,1
2010-09-27 00:00:00,2010-09-27 00:00:00,115,2010-09-27 00:00:00,106.7,107.9,40,15800,1748230,2010-09-27 00:00:00,1
2010-09-28 00:00:00,2010-09-28 00:00:00,109,2010-09-28 00:00:00,106.5,106.8,32,15600,1665790,2010-09-28 00:00:00,1
2010-09-29 00:00:00,2010-09-29 00:00:00,112,2010-09-29 00:00:00,108,110.6,30,12000,1320050,2010-09-29 00:00:00,1
2010-09-30 00:00:00,2010-09-30 00:00:00,120,2010-09-30 00:00:00,110.6,119.8,83,49600,5818010,2010-09-30 00:00:00,1
2010-10-01 00:00:00,2010-10-01 00:00:00,124,2010-10-01 00:00:00,115,116.6,144,78700,9364860,2010-10-01 00:00:00,1
2010-10-04 00:00:00,2010-10-04 00:00:00,119,2010-10-04 00:00:00,115,115.1,52,16900,1950110,2010-10-04 00:00:00,1
2010-10-05 00:00:00,2010-10-05 00:00:00,115,2010-10-05 00:00:00,113.1,114.3,30,18000,2064310,2010-10-05 00:00:00,1
2010-10-06 00:00:00,2010-10-06 00:00:00,115,2010-10-06 00:00:00,112,112.9,21,7700,874360,2010-10-06 00:00:00,1
2010-10-07 00:00:00,2010-10-07 00:00:00,113,2010-10-07 00:00:00,108,111.2,52,18100,2016570,2010-10-07 00:00:00,1
2010-10-08 00:00:00,2010-10-08 00:00:00,117,2010-10-08 00:00:00,108.1,115.6,31,20800,2365950,2010-10-08 00:00:00,1
2010-10-11 00:00:00,2010-10-11 00:00:00,120,2010-10-11 00:00:00,113,114.3,22,11100,1281890,2010-10-11 00:00:00,1
2010-10-12 00:00:00,2010-10-12 00:00:00,114.1,2010-10-12 00:00:00,99,100.5,75,28600,2976290,2010-10-12 00:00:00,1
2010-10-13 00:00:00,2010-10-13 00:00:00,104.5,2010-10-13 00:00:00,97,102.4,44,21800,2198190,2010-10-13 00:00:00,1
2010-10-14 00:00:00,2010-10-14 00:00:00,101.5,2010-10-14 00:00:00,98,98.6,19,6800,679720,2010-10-14 00:00:00,1
2010-10-19 00:00:00,2010-10-19 00:00:00,100,2010-10-19 00:00:00,95.1,100,13,6500,645840,2010-10-19 00:00:00,1
2010-10-20 00:00:00,2010-10-20 00:00:00,101,2010-10-20 00:00:00,99,99,6,2700,272300,2010-10-20 00:00:00,1
2010-10-21 00:00:00,2010-10-21 00:00:00,101,2010-10-21 00:00:00,100,100.6,14,3100,311700,2010-10-21 00:00:00,1
2010-10-25 00:00:00,2010-10-25 00:00:00,100,2010-10-25 00:00:00,99.9,100,5,2900,289990,2010-10-25 00:00:00,1
2010-10-26 00:00:00,2010-10-26 00:00:00,101.5,2010-10-26 00:00:00,96.1,96.4,8,2500,246620,2010-10-26 00:00:00,1
2010-10-27 00:00:00,2010-10-27 00:00:00,96.1,2010-10-27 00:00:00,92,93.2,22,14300,1349770,2010-10-27 00:00:00,1
2010-10-28 00:00:00,2010-10-28 00:00:00,96.8,2010-10-28 00:00:00,91,95.5,14,15500,1480280,2010-10-28 00:00:00,1
2010-10-29 00:00:00,2010-10-29 00:00:00,103.9,2010-10-29 00:00:00,96,100,27,91900,9186670,2010-10-29 00:00:00,1
2010-11-01 00:00:00,2010-11-01 00:00:00,105,2010-11-01 00:00:00,96.6,97.6,39,17500,1769320,2010-11-01 00:00:00,1
2010-11-02 00:00:00,2010-11-02 00:00:00,98,2010-11-02 00:00:00,95,95,7,1400,135040,2010-11-02 00:00:00,1
2010-11-03 00:00:00,2010-11-03 00:00:00,98.9,2010-11-03 00:00:00,96,96,3,700,67490,2010-11-03 00:00:00,1
2010-11-04 00:00:00,2010-11-04 00:00:00,98,2010-11-04 00:00:00,95,95.4,16,3700,354080,2010-11-04 00:00:00,1
2010-11-08 00:00:00,2010-11-08 00:00:00,95,2010-11-08 00:00:00,94,94.2,7,66800,6345430,2010-11-08 00:00:00,1
2010-11-09 00:00:00,2010-11-09 00:00:00,95,2010-11-09 00:00:00,93.5,93.9,9,84700,8025420,2010-11-09 00:00:00,1
2010-11-10 00:00:00,2010-11-10 00:00:00,93.5,2010-11-10 00:00:00,93.1,93.4,3,600,56020,2010-11-10 00:00:00,1
2010-11-11 00:00:00,2010-11-11 00:00:00,94,2010-11-11 00:00:00,91.5,94,4,1700,158020,2010-11-11 00:00:00,1
2010-11-15 00:00:00,2010-11-15 00:00:00,91.8,2010-11-15 00:00:00,90,90,10,7900,714540,2010-11-15 00:00:00,1
2010-11-16 00:00:00,2010-11-16 00:00:00,90,2010-11-16 00:00:00,88,89,13,5600,495900,2010-11-16 00:00:00,1
2010-11-18 00:00:00,2010-11-18 00:00:00,93.5,2010-11-18 00:00:00,87.2,93,6,3200,296110,2010-11-18 00:00:00,1
2010-11-22 00:00:00,2010-11-22 00:00:00,92.5,2010-11-22 00:00:00,91,91,6,3200,292770,2010-11-22 00:00:00,1
2010-11-23 00:00:00,2010-11-23 00:00:00,90,2010-11-23 00:00:00,88.5,89,6,3500,313400,2010-11-23 00:00:00,1
2010-11-24 00:00:00,2010-11-24 00:00:00,90,2010-11-24 00:00:00,89,90,2,1200,107800,2010-11-24 00:00:00,1
2010-11-25 00:00:00,2010-11-25 00:00:00,89,2010-11-25 00:00:00,88,88.8,4,4600,408810,2010-11-25 00:00:00,1
2010-11-26 00:00:00,2010-11-26 00:00:00,89,2010-11-26 00:00:00,88,88.9,4,2700,238700,2010-11-26 00:00:00,1
2010-11-29 00:00:00,2010-11-29 00:00:00,88.1,2010-11-29 00:00:00,86,86,7,11500,997100,2010-11-29 00:00:00,1
2010-11-30 00:00:00,2010-11-30 00:00:00,93,2010-11-30 00:00:00,88.1,92.6,7,5800,529540,2010-11-30 00:00:00,1
2010-12-01 00:00:00,2010-12-01 00:00:00,100,2010-12-01 00:00:00,95,95,41,17400,1704180,2010-12-01 00:00:00,1
2010-12-02 00:00:00,2010-12-02 00:00:00,95,2010-12-02 00:00:00,94,94,6,2200,208010,2010-12-02 00:00:00,1
2010-12-06 00:00:00,2010-12-06 00:00:00,91,2010-12-06 00:00:00,90,90.1,4,2000,180110,2010-12-06 00:00:00,1
2010-12-07 00:00:00,2010-12-07 00:00:00,90.1,2010-12-07 00:00:00,90,90.1,5,1600,144040,2010-12-07 00:00:00,1
2010-12-10 00:00:00,2010-12-10 00:00:00,90.1,2010-12-10 00:00:00,90.1,90.1,1,500,45050,2010-12-10 00:00:00,1
2010-12-13 00:00:00,2010-12-13 00:00:00,90.2,2010-12-13 00:00:00,90.1,90.1,3,600,54070,2010-12-13 00:00:00,1
2010-12-14 00:00:00,2010-12-14 00:00:00,88.1,2010-12-14 00:00:00,85,85,7,13000,1122720,2010-12-14 00:00:00,1
2010-12-15 00:00:00,2010-12-15 00:00:00,87,2010-12-15 00:00:00,86,87,5,14100,1226600,2010-12-15 00:00:00,1
2010-12-16 00:00:00,2010-12-16 00:00:00,86.7,2010-12-16 00:00:00,86.6,86.6,2,2000,173210,2010-12-16 00:00:00,1
2010-12-21 00:00:00,2010-12-21 00:00:00,93.9,2010-12-21 00:00:00,86.5,87.6,4,1800,157700,2010-12-21 00:00:00,1
2010-12-23 00:00:00,2010-12-23 00:00:00,89.2,2010-12-23 00:00:00,89.2,89.2,1,1000,89200,2010-12-23 00:00:00,1
2010-12-28 00:00:00,2010-12-28 00:00:00,93.5,2010-12-28 00:00:00,89.3,91,8,2600,234950,2010-12-28 00:00:00,1
2010-12-29 00:00:00,2010-12-29 00:00:00,90.1,2010-12-29 00:00:00,89.5,89.5,11,5700,513390,2010-12-29 00:00:00,1
2010-12-30 00:00:00,2010-12-30 00:00:00,90,2010-12-30 00:00:00,89,90,4,2100,188800,2010-12-30 00:00:00,1
2010-12-31 00:00:00,2010-12-31 00:00:00,90.1,2010-12-31 00:00:00,89,90,7,4900,440120,2010-12-31 00:00:00,1
Company Id,:  NDB,Security,Type :  N,Sub Type,:  0000,,,,,
Short Name,:  NAT. DEV.BANK,,,,,,,,,
Day,Date High,High,Date Low,Low,Closing,No. of Trades,No. of Shares,Turnover,Last Traded,Days Traded
2010-01-04 00:00:00,2010-01-04 00:00:00,210,2010-01-04 00:00:00,207.25,209.5,65,122300,25609150,2010-01-04 00:00:00,1
2010-01-05 00:00:00,2010-01-05 00:00:00,215,2010-01-05 00:00:00,210,211.5,99,301900,63488250,2010-01-05 00:00:00,1
2010-01-06 00:00:00,2010-01-06 00:00:00,212,2010-01-06 00:00:00,208.25,209.75,48,170600,36005250,2010-01-06 00:00:00,1
2010-01-07 00:00:00,2010-01-07 00:00:00,210,2010-01-07 00:00:00,207,210,41,125100,26256075,2010-01-07 00:00:00,1
2010-01-08 00:00:00,2010-01-08 00:00:00,210,2010-01-08 00:00:00,209,209.75,31,83200,17466925,2010-01-08 00:00:00,1
2010-01-11 00:00:00,2010-01-11 00:00:00,209,2010-01-11 00:00:00,207,207.25,20,18300,3803700,2010-01-11 00:00:00,1
2010-01-12 00:00:00,2010-01-12 00:00:00,206,2010-01-12 00:00:00,200.25,204.25,43,35400,7249925,2010-01-12 00:00:00,1
2010-01-13 00:00:00,2010-01-13 00:00:00,207,2010-01-13 00:00:00,203,206.5,27,37800,7793650,2010-01-13 00:00:00,1
2010-01-15 00:00:00,2010-01-15 00:00:00,208.75,2010-01-15 00:00:00,202,207,55,237300,49100700,2010-01-15 00:00:00,1
2010-01-18 00:00:00,2010-01-18 00:00:00,206.75,2010-01-18 00:00:00,204,205,19,365600,73917675,2010-01-18 00:00:00,1
2010-01-19 00:00:00,2010-01-19 00:00:00,203.75,2010-01-19 00:00:00,200,202.5,30,19100,3822950,2010-01-19 00:00:00,1
2010-01-20 00:00:00,2010-01-20 00:00:00,207,2010-01-20 00:00:00,202,202.25,72,339300,68591875,2010-01-20 00:00:00,1
2010-01-21 00:00:00,2010-01-21 00:00:00,204.75,2010-01-21 00:00:00,202,202,23,164900,33312325,2010-01-21 00:00:00,1
2010-01-22 00:00:00,2010-01-22 00:00:00,204,2010-01-22 00:00:00,202,202.25,30,24500,4958450,2010-01-22 00:00:00,1
2010-01-25 00:00:00,2010-01-25 00:00:00,205,2010-01-25 00:00:00,203,203.75,40,56900,11584025,2010-01-25 00:00:00,1
2010-01-26 00:00:00,2010-01-26 00:00:00,210,2010-01-26 00:00:00,203.5,207.75,18,207200,41957625,2010-01-26 00:00:00,1
2010-01-28 00:00:00,2010-01-28 00:00:00,208.25,2010-01-28 00:00:00,200.25,206.75,30,217400,43976300,2010-01-28 00:00:00,1
2010-02-01 00:00:00,2010-02-01 00:00:00,214.75,2010-02-01 00:00:00,206.75,210.75,43,72000,15125175,2010-02-01 00:00:00,1
2010-02-02 00:00:00,2010-02-02 00:00:00,215.75,2010-02-02 00:00:00,210,215,94,478700,101281775,2010-02-02 00:00:00,1
2010-02-03 00:00:00,2010-02-03 00:00:00,224,2010-02-03 00:00:00,215,220.75,147,171000,37353025,2010-02-03 00:00:00,1
2010-02-05 00:00:00,2010-02-05 00:00:00,220,2010-02-05 00:00:00,218.25,219,35,31500,6922900,2010-02-05 00:00:00,1
2010-02-08 00:00:00,2010-02-08 00:00:00,222.5,2010-02-08 00:00:00,219.75,221.25,115,249400,55139775,2010-02-08 00:00:00,1
2010-02-09 00:00:00,2010-02-09 00:00:00,220.25,2010-02-09 00:00:00,215.25,218.75,42,106800,23363175,2010-02-09 00:00:00,1
2010-02-10 00:00:00,2010-02-10 00:00:00,218,2010-02-10 00:00:00,217,217,30,42700,9278775,2010-02-10 00:00:00,1
2010-02-11 00:00:00,2010-02-11 00:00:00,218,2010-02-11 00:00:00,210,214.25,55,218200,47415050,2010-02-11 00:00:00,1
2010-02-12 00:00:00,2010-02-12 00:00:00,219,2010-02-12 00:00:00,215,218,50,97300,21101750,2010-02-12 00:00:00,1
2010-02-15 00:00:00,2010-02-15 00:00:00,218,2010-02-15 00:00:00,215.25,215.25,20,13500,2912100,2010-02-15 00:00:00,1
2010-02-16 00:00:00,2010-02-16 00:00:00,217,2010-02-16 00:00:00,214.5,216.5,28,96300,20668600,2010-02-16 00:00:00,1
2010-02-17 00:00:00,2010-02-17 00:00:00,218,2010-02-17 00:00:00,212,218,53,147400,31950625,2010-02-17 00:00:00,1
2010-02-18 00:00:00,2010-02-18 00:00:00,219,2010-02-18 00:00:00,217.75,218,14,11900,2597050,2010-02-18 00:00:00,1
2010-02-19 00:00:00,2010-02-19 00:00:00,220,2010-02-19 00:00:00,218,218,20,466200,101661925,2010-02-19 00:00:00,1
2010-02-22 00:00:00,2010-02-22 00:00:00,220,2010-02-22 00:00:00,219,219.25,38,39800,8723500,2010-02-22 00:00:00,1
2010-02-23 00:00:00,2010-02-23 00:00:00,220.75,2010-02-23 00:00:00,219,219.75,56,75000,16496975,2010-02-23 00:00:00,1
2010-02-24 00:00:00,2010-02-24 00:00:00,222,2010-02-24 00:00:00,219,220,34,47200,10380100,2010-02-24 00:00:00,1
2010-02-25 00:00:00,2010-02-25 00:00:00,223,2010-02-25 00:00:00,220,220,28,514100,113102900,2010-02-25 00:00:00,1
2010-02-26 00:00:00,2010-02-26 00:00:00,223.25,2010-02-26 00:00:00,222,222.75,14,265100,58362300,2010-02-26 00:00:00,1
2010-03-01 00:00:00,2010-03-01 00:00:00,224,2010-03-01 00:00:00,222.5,224,24,19400,4332675,2010-03-01 00:00:00,1
2010-03-02 00:00:00,2010-03-02 00:00:00,225,2010-03-02 00:00:00,220,220.5,25,1054300,233219775,2010-03-02 00:00:00,1
2010-03-03 00:00:00,2010-03-03 00:00:00,223.5,2010-03-03 00:00:00,220,221,21,14700,3246650,2010-03-03 00:00:00,1
2010-03-04 00:00:00,2010-03-04 00:00:00,224,2010-03-04 00:00:00,219.5,220,23,2523100,555085000,2010-03-04 00:00:00,1
2010-03-05 00:00:00,2010-03-05 00:00:00,224,2010-03-05 00:00:00,220.5,221.5,25,480300,105713200,2010-03-05 00:00:00,1
2010-03-08 00:00:00,2010-03-08 00:00:00,221,2010-03-08 00:00:00,218,219.75,23,53300,11723725,2010-03-08 00:00:00,1
2010-03-09 00:00:00,2010-03-09 00:00:00,219.25,2010-03-09 00:00:00,218.75,219,15,87500,19162725,2010-03-09 00:00:00,1
2010-03-10 00:00:00,2010-03-10 00:00:00,219.75,2010-03-10 00:00:00,217,217,13,2800,610650,2010-03-10 00:00:00,1
2010-03-11 00:00:00,2010-03-11 00:00:00,219,2010-03-11 00:00:00,218,218,9,644800,140568000,2010-03-11 00:00:00,1
2010-03-12 00:00:00,2010-03-12 00:00:00,218,2010-03-12 00:00:00,215,215,7,2800,603175,2010-03-12 00:00:00,1
2010-03-15 00:00:00,2010-03-15 00:00:00,217,2010-03-15 00:00:00,215,215.25,17,13700,2953675,2010-03-15 00:00:00,1
2010-03-16 00:00:00,2010-03-16 00:00:00,218,2010-03-16 00:00:00,215,217,9,3100,672900,2010-03-16 00:00:00,1
2010-03-17 00:00:00,2010-03-17 00:00:00,215,2010-03-17 00:00:00,215,215,7,3200,688000,2010-03-17 00:00:00,1
2010-03-18 00:00:00,2010-03-18 00:00:00,220,2010-03-18 00:00:00,215,215,63,35700,7746300,2010-03-18 00:00:00,1
2010-03-19 00:00:00,2010-03-19 00:00:00,217,2010-03-19 00:00:00,215,217,7,1700,367475,2010-03-19 00:00:00,1
2010-03-22 00:00:00,2010-03-22 00:00:00,216.75,2010-03-22 00:00:00,215,215,18,14700,3162925,2010-03-22 00:00:00,1
2010-03-23 00:00:00,2010-03-23 00:00:00,216.5,2010-03-23 00:00:00,213,213.5,50,565800,120590575,2010-03-23 00:00:00,1
2010-03-24 00:00:00,2010-03-24 00:00:00,215,2010-03-24 00:00:00,214,214.5,30,120700,25934650,2010-03-24 00:00:00,1
2010-03-25 00:00:00,2010-03-25 00:00:00,214,2010-03-25 00:00:00,212,214,17,10800,2290500,2010-03-25 00:00:00,1
2010-03-26 00:00:00,2010-03-26 00:00:00,215,2010-03-26 00:00:00,212.5,213.25,44,91400,19573350,2010-03-26 00:00:00,1
2010-03-30 00:00:00,2010-03-30 00:00:00,218,2010-03-30 00:00:00,213.25,217.5,24,5800,1257100,2010-03-30 00:00:00,1
2010-03-31 00:00:00,2010-03-31 00:00:00,215,2010-03-31 00:00:00,210,210,36,19900,4194900,2010-03-31 00:00:00,1
2010-04-01 00:00:00,2010-04-01 00:00:00,210,2010-04-01 00:00:00,206,208,11,5000,1039800,2010-04-01 00:00:00,1
2010-04-05 00:00:00,2010-04-05 00:00:00,210,2010-04-05 00:00:00,207,210,19,16400,3420925,2010-04-05 00:00:00,1
2010-04-06 00:00:00,2010-04-06 00:00:00,219.5,2010-04-06 00:00:00,211,218.5,56,159000,34483925,2010-04-06 00:00:00,1
2010-04-07 00:00:00,2010-04-07 00:00:00,220,2010-04-07 00:00:00,218,218,48,105300,23115600,2010-04-07 00:00:00,1
2010-04-08 00:00:00,2010-04-08 00:00:00,222,2010-04-08 00:00:00,218,219.25,19,31100,6819875,2010-04-08 00:00:00,1
2010-04-12 00:00:00,2010-04-12 00:00:00,223,2010-04-12 00:00:00,221,223,45,40100,8913675,2010-04-12 00:00:00,1
2010-04-15 00:00:00,2010-04-15 00:00:00,224.75,2010-04-15 00:00:00,223,223,10,3800,848700,2010-04-15 00:00:00,1
2010-04-16 00:00:00,2010-04-16 00:00:00,223,2010-04-16 00:00:00,220,220,26,277300,61010125,2010-04-16 00:00:00,1
2010-04-19 00:00:00,2010-04-19 00:00:00,223.5,2010-04-19 00:00:00,219,220.25,43,134400,29603400,2010-04-19 00:00:00,1
2010-04-20 00:00:00,2010-04-20 00:00:00,222.25,2010-04-20 00:00:00,220,220.25,46,163900,36180600,2010-04-20 00:00:00,1
2010-04-21 00:00:00,2010-04-21 00:00:00,222,2010-04-21 00:00:00,220,220,37,45500,10013700,2010-04-21 00:00:00,1
2010-04-22 00:00:00,2010-04-22 00:00:00,222,2010-04-22 00:00:00,220,220,30,110900,24399700,2010-04-22 00:00:00,1
2010-04-23 00:00:00,2010-04-23 00:00:00,223.75,2010-04-23 00:00:00,220,221.75,50,75700,16784175,2010-04-23 00:00:00,1
2010-04-26 00:00:00,2010-04-26 00:00:00,222,2010-04-26 00:00:00,220,220.25,50,1156300,254526050,2010-04-26 00:00:00,1
2010-04-27 00:00:00,2010-04-27 00:00:00,222,2010-04-27 00:00:00,217,220,51,491600,108287825,2010-04-27 00:00:00,1
2010-04-29 00:00:00,2010-04-29 00:00:00,220.25,2010-04-29 00:00:00,219.75,219.75,14,16700,3674150,2010-04-29 00:00:00,1
2010-04-30 00:00:00,2010-04-30 00:00:00,220,2010-04-30 00:00:00,218,218.25,12,5000,1092850,2010-04-30 00:00:00,1
2010-05-03 00:00:00,2010-05-03 00:00:00,220,2010-05-03 00:00:00,219,219.75,27,24700,5430750,2010-05-03 00:00:00,1
2010-05-04 00:00:00,2010-05-04 00:00:00,220,2010-05-04 00:00:00,218.75,219,27,62500,13687775,2010-05-04 00:00:00,1
2010-05-05 00:00:00,2010-05-05 00:00:00,219,2010-05-05 00:00:00,218.75,218.75,23,43300,9481325,2010-05-05 00:00:00,1
2010-05-06 00:00:00,2010-05-06 00:00:00,219.5,2010-05-06 00:00:00,218.75,219.5,25,44300,9709525,2010-05-06 00:00:00,1
2010-05-07 00:00:00,2010-05-07 00:00:00,219,2010-05-07 00:00:00,215,218,25,17500,3820325,2010-05-07 00:00:00,1
2010-05-10 00:00:00,2010-05-10 00:00:00,219,2010-05-10 00:00:00,217.75,217.75,22,114500,24967050,2010-05-10 00:00:00,1
2010-05-11 00:00:00,2010-05-11 00:00:00,217.75,2010-05-11 00:00:00,214,215,42,77200,16636150,2010-05-11 00:00:00,1
2010-05-12 00:00:00,2010-05-12 00:00:00,215.5,2010-05-12 00:00:00,215,215,46,1289400,277228375,2010-05-12 00:00:00,1
2010-05-13 00:00:00,2010-05-13 00:00:00,217.5,2010-05-13 00:00:00,215,215,9,119100,25607250,2010-05-13 00:00:00,1
2010-05-14 00:00:00,2010-05-14 00:00:00,215,2010-05-14 00:00:00,212,212.5,19,6900,1468225,2010-05-14 00:00:00,1
2010-05-17 00:00:00,2010-05-17 00:00:00,218,2010-05-17 00:00:00,210,215.75,29,10100,2151500,2010-05-17 00:00:00,1
2010-05-18 00:00:00,2010-05-18 00:00:00,218,2010-05-18 00:00:00,215,216.25,18,41400,8911600,2010-05-18 00:00:00,1
2010-05-19 00:00:00,2010-05-19 00:00:00,218,2010-05-19 00:00:00,215,215,14,38700,8322300,2010-05-19 00:00:00,1
2010-05-20 00:00:00,2010-05-20 00:00:00,218,2010-05-20 00:00:00,215,215,16,44200,9505575,2010-05-20 00:00:00,1
2010-05-21 00:00:00,2010-05-21 00:00:00,217.5,2010-05-21 00:00:00,215,215,21,60600,13031350,2010-05-21 00:00:00,1
2010-05-24 00:00:00,2010-05-24 00:00:00,217.5,2010-05-24 00:00:00,215,215.25,17,11100,2389600,2010-05-24 00:00:00,1
2010-05-25 00:00:00,2010-05-25 00:00:00,218,2010-05-25 00:00:00,214.5,218,14,11300,2453600,2010-05-25 00:00:00,1
2010-05-26 00:00:00,2010-05-26 00:00:00,218,2010-05-26 00:00:00,214.75,215,42,40800,8794400,2010-05-26 00:00:00,1
2010-05-31 00:00:00,2010-05-31 00:00:00,215.5,2010-05-31 00:00:00,215,215,23,124700,26811250,2010-05-31 00:00:00,1
2010-06-01 00:00:00,2010-06-01 00:00:00,216,2010-06-01 00:00:00,214,216,37,360400,77790475,2010-06-01 00:00:00,1
2010-06-02 00:00:00,2010-06-02 00:00:00,221,2010-06-02 00:00:00,216,219.75,71,131600,28736100,2010-06-02 00:00:00,1
2010-06-03 00:00:00,2010-06-03 00:00:00,230,2010-06-03 00:00:00,224.75,228.5,103,85300,19371550,2010-06-03 00:00:00,1
2010-06-04 00:00:00,2010-06-04 00:00:00,235,2010-06-04 00:00:00,229.75,232.25,115,197600,45805075,2010-06-04 00:00:00,1
2010-06-07 00:00:00,2010-06-07 00:00:00,250,2010-06-07 00:00:00,234,249.5,152,227800,54172350,2010-06-07 00:00:00,1
2010-06-08 00:00:00,2010-06-08 00:00:00,250,2010-06-08 00:00:00,241,245,114,112700,27837950,2010-06-08 00:00:00,1
2010-06-09 00:00:00,2010-06-09 00:00:00,245,2010-06-09 00:00:00,244,245,46,82000,20084625,2010-06-09 00:00:00,1
2010-06-10 00:00:00,2010-06-10 00:00:00,247,2010-06-10 00:00:00,246.5,247,28,17600,4344450,2010-06-10 00:00:00,1
2010-06-11 00:00:00,2010-06-11 00:00:00,249.5,2010-06-11 00:00:00,245.5,247,32,48600,12013000,2010-06-11 00:00:00,1
2010-06-14 00:00:00,2010-06-14 00:00:00,253.75,2010-06-14 00:00:00,248,252.5,65,72500,18229375,2010-06-14 00:00:00,1
2010-06-15 00:00:00,2010-06-15 00:00:00,253.75,2010-06-15 00:00:00,252,252.75,43,24800,6274775,2010-06-15 00:00:00,1
2010-06-16 00:00:00,2010-06-16 00:00:00,253,2010-06-16 00:00:00,250,250.5,22,58500,14655200,2010-06-16 00:00:00,1
2010-06-17 00:00:00,2010-06-17 00:00:00,251,2010-06-17 00:00:00,250,250.25,32,92900,23238075,2010-06-17 00:00:00,1
2010-06-21 00:00:00,2010-06-21 00:00:00,252.75,2010-06-21 00:00:00,246,248.25,32,85300,21325900,2010-06-21 00:00:00,1
2010-06-22 00:00:00,2010-06-22 00:00:00,251,2010-06-22 00:00:00,248,248.75,42,176100,44017575,2010-06-22 00:00:00,1
2010-06-23 00:00:00,2010-06-23 00:00:00,249.75,2010-06-23 00:00:00,247,247.75,27,67500,16737350,2010-06-23 00:00:00,1
2010-06-24 00:00:00,2010-06-24 00:00:00,249,2010-06-24 00:00:00,247.5,248,36,82100,20362250,2010-06-24 00:00:00,1
2010-06-28 00:00:00,2010-06-28 00:00:00,248,2010-06-28 00:00:00,246,246,17,41400,10236150,2010-06-28 00:00:00,1
2010-06-29 00:00:00,2010-06-29 00:00:00,247,2010-06-29 00:00:00,240,245,20,24600,6038100,2010-06-29 00:00:00,1
2010-06-30 00:00:00,2010-06-30 00:00:00,245.75,2010-06-30 00:00:00,243.25,245,26,51400,12593650,2010-06-30 00:00:00,1
2010-07-01 00:00:00,2010-07-01 00:00:00,245,2010-07-01 00:00:00,243,245,23,9800,2396500,2010-07-01 00:00:00,1
2010-07-02 00:00:00,2010-07-02 00:00:00,245,2010-07-02 00:00:00,243.75,244.5,15,107100,26187225,2010-07-02 00:00:00,1
2010-07-05 00:00:00,2010-07-05 00:00:00,243.25,2010-07-05 00:00:00,240,243,5,1900,457225,2010-07-05 00:00:00,1
2010-07-06 00:00:00,2010-07-06 00:00:00,243,2010-07-06 00:00:00,240,240,10,4700,1134000,2010-07-06 00:00:00,1
2010-07-07 00:00:00,2010-07-07 00:00:00,235,2010-07-07 00:00:00,230,230,33,356200,81934625,2010-07-07 00:00:00,1
2010-07-08 00:00:00,2010-07-08 00:00:00,237.5,2010-07-08 00:00:00,230,230.25,27,36700,8445975,2010-07-08 00:00:00,1
2010-07-09 00:00:00,2010-07-09 00:00:00,235,2010-07-09 00:00:00,231,231,10,34200,7900625,2010-07-09 00:00:00,1
2010-07-13 00:00:00,2010-07-13 00:00:00,240.25,2010-07-13 00:00:00,232,240,30,46600,11181600,2010-07-13 00:00:00,1
2010-07-14 00:00:00,2010-07-14 00:00:00,244,2010-07-14 00:00:00,239.75,242.75,12,90600,21764950,2010-07-14 00:00:00,1
2010-07-15 00:00:00,2010-07-15 00:00:00,242,2010-07-15 00:00:00,239.75,240.25,15,125900,30216300,2010-07-15 00:00:00,1
2010-07-16 00:00:00,2010-07-16 00:00:00,245,2010-07-16 00:00:00,241,241,13,240500,57740675,2010-07-16 00:00:00,1
2010-07-19 00:00:00,2010-07-19 00:00:00,241,2010-07-19 00:00:00,240,240,23,127100,30505100,2010-07-19 00:00:00,1
2010-07-20 00:00:00,2010-07-20 00:00:00,245,2010-07-20 00:00:00,239,239,54,181200,43416850,2010-07-20 00:00:00,1
2010-07-21 00:00:00,2010-07-21 00:00:00,240,2010-07-21 00:00:00,238,239.5,16,43100,10264550,2010-07-21 00:00:00,1
2010-07-22 00:00:00,2010-07-22 00:00:00,240,2010-07-22 00:00:00,238,239.25,13,3900,933825,2010-07-22 00:00:00,1
2010-07-23 00:00:00,2010-07-23 00:00:00,240,2010-07-23 00:00:00,236,236,18,20700,4917200,2010-07-23 00:00:00,1
2010-07-26 00:00:00,2010-07-26 00:00:00,240,2010-07-26 00:00:00,237,240,26,252300,60533450,2010-07-26 00:00:00,1
2010-07-27 00:00:00,2010-07-27 00:00:00,244,2010-07-27 00:00:00,240,240,18,476400,114339375,2010-07-27 00:00:00,1
2010-07-28 00:00:00,2010-07-28 00:00:00,242,2010-07-28 00:00:00,240,242,23,8600,2074600,2010-07-28 00:00:00,1
2010-07-29 00:00:00,2010-07-29 00:00:00,247,2010-07-29 00:00:00,244,244.75,30,25400,6244550,2010-07-29 00:00:00,1
2010-07-30 00:00:00,2010-07-30 00:00:00,245,2010-07-30 00:00:00,245,245,42,181000,44345000,2010-07-30 00:00:00,1
2010-08-02 00:00:00,2010-08-02 00:00:00,245.5,2010-08-02 00:00:00,243,244.9,29,26100,6391450,2010-08-02 00:00:00,1
2010-08-03 00:00:00,2010-08-03 00:00:00,247,2010-08-03 00:00:00,242.5,242.5,21,30200,7387170,2010-08-03 00:00:00,1
2010-08-04 00:00:00,2010-08-04 00:00:00,242.5,2010-08-04 00:00:00,241.6,242,12,8300,2011660,2010-08-04 00:00:00,1
2010-08-05 00:00:00,2010-08-05 00:00:00,242,2010-08-05 00:00:00,230,235.3,15,6900,1639700,2010-08-05 00:00:00,1
2010-08-06 00:00:00,2010-08-06 00:00:00,244.5,2010-08-06 00:00:00,240,240.1,20,14300,3432830,2010-08-06 00:00:00,1
2010-08-09 00:00:00,2010-08-09 00:00:00,240,2010-08-09 00:00:00,228,235,40,145700,34826040,2010-08-09 00:00:00,1
2010-08-10 00:00:00,2010-08-10 00:00:00,250,2010-08-10 00:00:00,234.9,249.5,40,41100,10081230,2010-08-10 00:00:00,1
2010-08-11 00:00:00,2010-08-11 00:00:00,255,2010-08-11 00:00:00,249,250.1,38,125200,31305260,2010-08-11 00:00:00,1
2010-08-12 00:00:00,2010-08-12 00:00:00,249.9,2010-08-12 00:00:00,249.9,249.9,2,300,74970,2010-08-12 00:00:00,1
2010-08-13 00:00:00,2010-08-13 00:00:00,260,2010-08-13 00:00:00,246,247.3,51,55900,13922030,2010-08-13 00:00:00,1
2010-08-16 00:00:00,2010-08-16 00:00:00,255,2010-08-16 00:00:00,250,251.6,35,22600,5669750,2010-08-16 00:00:00,1
2010-08-17 00:00:00,2010-08-17 00:00:00,255,2010-08-17 00:00:00,252,254.9,24,12100,3074610,2010-08-17 00:00:00,1
2010-08-18 00:00:00,2010-08-18 00:00:00,260,2010-08-18 00:00:00,250,259.4,51,113600,29481290,2010-08-18 00:00:00,1
2010-08-19 00:00:00,2010-08-19 00:00:00,265.4,2010-08-19 00:00:00,255,255.1,31,19100,4922780,2010-08-19 00:00:00,1
2010-08-20 00:00:00,2010-08-20 00:00:00,258,2010-08-20 00:00:00,250,250.3,31,42700,10824360,2010-08-20 00:00:00,1
2010-08-23 00:00:00,2010-08-23 00:00:00,255,2010-08-23 00:00:00,250.3,251,19,16100,4044200,2010-08-23 00:00:00,1
2010-08-25 00:00:00,2010-08-25 00:00:00,260,2010-08-25 00:00:00,250.9,258,41,149000,38469600,2010-08-25 00:00:00,1
2010-08-26 00:00:00,2010-08-26 00:00:00,283.8,2010-08-26 00:00:00,258,259.9,75,79800,20813600,2010-08-26 00:00:00,1
2010-08-27 00:00:00,2010-08-27 00:00:00,265,2010-08-27 00:00:00,255,261.2,72,95900,25064510,2010-08-27 00:00:00,1
2010-08-30 00:00:00,2010-08-30 00:00:00,263,2010-08-30 00:00:00,260,262,63,100700,26392460,2010-08-30 00:00:00,1
2010-08-31 00:00:00,2010-08-31 00:00:00,270,2010-08-31 00:00:00,261.7,265.6,86,221300,58526540,2010-08-31 00:00:00,1
2010-09-01 00:00:00,2010-09-01 00:00:00,290,2010-09-01 00:00:00,271,277.2,52,25300,6973960,2010-09-01 00:00:00,1
2010-09-02 00:00:00,2010-09-02 00:00:00,280,2010-09-02 00:00:00,275,275.1,51,41600,11566000,2010-09-02 00:00:00,1
2010-09-03 00:00:00,2010-09-03 00:00:00,279,2010-09-03 00:00:00,276.1,278,19,62200,17314250,2010-09-03 00:00:00,1
2010-09-06 00:00:00,2010-09-06 00:00:00,278.1,2010-09-06 00:00:00,275,275.4,27,76100,21141770,2010-09-06 00:00:00,1
2010-09-07 00:00:00,2010-09-07 00:00:00,275.5,2010-09-07 00:00:00,271.2,274.9,33,41000,11270220,2010-09-07 00:00:00,1
2010-09-08 00:00:00,2010-09-08 00:00:00,280,2010-09-08 00:00:00,260,274.9,44,142800,39378450,2010-09-08 00:00:00,1
2010-09-09 00:00:00,2010-09-09 00:00:00,283,2010-09-09 00:00:00,276,280,62,963000,269601030,2010-09-09 00:00:00,1
2010-09-13 00:00:00,2010-09-13 00:00:00,295,2010-09-13 00:00:00,281,292.3,126,274500,79913730,2010-09-13 00:00:00,1
2010-09-14 00:00:00,2010-09-14 00:00:00,306,2010-09-14 00:00:00,294,299.5,120,194400,58049810,2010-09-14 00:00:00,1
2010-09-15 00:00:00,2010-09-15 00:00:00,304,2010-09-15 00:00:00,288.5,295,42,47700,14066170,2010-09-15 00:00:00,1
2010-09-16 00:00:00,2010-09-16 00:00:00,306,2010-09-16 00:00:00,297.9,305,78,129600,39245730,2010-09-16 00:00:00,1
2010-09-17 00:00:00,2010-09-17 00:00:00,325.9,2010-09-17 00:00:00,306,320,96,89900,28618150,2010-09-17 00:00:00,1
2010-09-20 00:00:00,2010-09-20 00:00:00,330,2010-09-20 00:00:00,315,317.4,52,32100,10278390,2010-09-20 00:00:00,1
2010-09-21 00:00:00,2010-09-21 00:00:00,326,2010-09-21 00:00:00,320,325,82,94400,30618370,2010-09-21 00:00:00,1
2010-09-23 00:00:00,2010-09-23 00:00:00,339,2010-09-23 00:00:00,330,337.3,120,296600,99045190,2010-09-23 00:00:00,1
2010-09-24 00:00:00,2010-09-24 00:00:00,355,2010-09-24 00:00:00,340,347.5,202,1016200,354903580,2010-09-24 00:00:00,1
2010-09-27 00:00:00,2010-09-27 00:00:00,363,2010-09-27 00:00:00,320,346.1,180,235300,81977310,2010-09-27 00:00:00,1
2010-09-28 00:00:00,2010-09-28 00:00:00,349,2010-09-28 00:00:00,330,341.7,97,157700,53818270,2010-09-28 00:00:00,1
2010-09-29 00:00:00,2010-09-29 00:00:00,354,2010-09-29 00:00:00,345,349.9,104,188200,65395740,2010-09-29 00:00:00,1
2010-09-30 00:00:00,2010-09-30 00:00:00,380,2010-09-30 00:00:00,355,377.7,482,732800,270101500,2010-09-30 00:00:00,1
2010-10-01 00:00:00,2010-10-01 00:00:00,410,2010-10-01 00:00:00,381,407.9,465,555700,222785480,2010-10-01 00:00:00,1
2010-10-04 00:00:00,2010-10-04 00:00:00,415,2010-10-04 00:00:00,396,400.1,323,409700,165906120,2010-10-04 00:00:00,1
2010-10-05 00:00:00,2010-10-05 00:00:00,400,2010-10-05 00:00:00,388,393.5,163,257300,102388370,2010-10-05 00:00:00,1
2010-10-06 00:00:00,2010-10-06 00:00:00,405,2010-10-06 00:00:00,390,393.6,163,331800,132505910,2010-10-06 00:00:00,1
2010-10-07 00:00:00,2010-10-07 00:00:00,391,2010-10-07 00:00:00,370,378.7,193,153100,58412290,2010-10-07 00:00:00,1
2010-10-08 00:00:00,2010-10-08 00:00:00,385,2010-10-08 00:00:00,365,380.7,172,215400,81395320,2010-10-08 00:00:00,1
2010-10-11 00:00:00,2010-10-11 00:00:00,385,2010-10-11 00:00:00,378,378.1,58,56400,21452290,2010-10-11 00:00:00,1
2010-10-12 00:00:00,2010-10-12 00:00:00,378,2010-10-12 00:00:00,350,355.5,158,151600,54792080,2010-10-12 00:00:00,1
2010-10-13 00:00:00,2010-10-13 00:00:00,369,2010-10-13 00:00:00,336,360.2,209,237400,83896500,2010-10-13 00:00:00,1
2010-10-14 00:00:00,2010-10-14 00:00:00,368,2010-10-14 00:00:00,350,351.4,114,186500,66367060,2010-10-14 00:00:00,1
2010-10-15 00:00:00,2010-10-15 00:00:00,357,2010-10-15 00:00:00,345,354,51,108900,38403450,2010-10-15 00:00:00,1
2010-10-18 00:00:00,2010-10-18 00:00:00,356,2010-10-18 00:00:00,352.1,353.8,35,17000,6040420,2010-10-18 00:00:00,1
2010-10-19 00:00:00,2010-10-19 00:00:00,388,2010-10-19 00:00:00,352,380.3,210,313200,117500910,2010-10-19 00:00:00,1
2010-10-20 00:00:00,2010-10-20 00:00:00,385,2010-10-20 00:00:00,375,376.2,135,324600,123277860,2010-10-20 00:00:00,1
2010-10-21 00:00:00,2010-10-21 00:00:00,380,2010-10-21 00:00:00,375,378,59,183300,69341460,2010-10-21 00:00:00,1
2010-10-25 00:00:00,2010-10-25 00:00:00,378,2010-10-25 00:00:00,367,367,36,23900,8922600,2010-10-25 00:00:00,1
2010-10-26 00:00:00,2010-10-26 00:00:00,370,2010-10-26 00:00:00,358,360.1,39,21600,7785740,2010-10-26 00:00:00,1
2010-10-27 00:00:00,2010-10-27 00:00:00,365,2010-10-27 00:00:00,354,361.2,25,14000,5024470,2010-10-27 00:00:00,1
2010-10-28 00:00:00,2010-10-28 00:00:00,365,2010-10-28 00:00:00,360,363.3,23,11500,4173110,2010-10-28 00:00:00,1
2010-10-29 00:00:00,2010-10-29 00:00:00,380.9,2010-10-29 00:00:00,363.3,374.8,82,233100,87930790,2010-10-29 00:00:00,1
2010-11-01 00:00:00,2010-11-01 00:00:00,380,2010-11-01 00:00:00,374.8,375,31,27800,10489930,2010-11-01 00:00:00,1
2010-11-02 00:00:00,2010-11-02 00:00:00,375,2010-11-02 00:00:00,366.1,369.4,16,4100,1517810,2010-11-02 00:00:00,1
2010-11-03 00:00:00,2010-11-03 00:00:00,374,2010-11-03 00:00:00,365,370.2,33,28900,10678030,2010-11-03 00:00:00,1
2010-11-04 00:00:00,2010-11-04 00:00:00,370.5,2010-11-04 00:00:00,362,370,35,16900,6255420,2010-11-04 00:00:00,1
2010-11-08 00:00:00,2010-11-08 00:00:00,375,2010-11-08 00:00:00,370,370.1,29,15600,5779720,2010-11-08 00:00:00,1
2010-11-09 00:00:00,2010-11-09 00:00:00,370,2010-11-09 00:00:00,360,365.4,33,23800,8778750,2010-11-09 00:00:00,1
2010-11-10 00:00:00,2010-11-10 00:00:00,360,2010-11-10 00:00:00,360,360,6,2200,792000,2010-11-10 00:00:00,1
2010-11-11 00:00:00,2010-11-11 00:00:00,360,2010-11-11 00:00:00,355.1,360,10,24100,8661050,2010-11-11 00:00:00,1
2010-11-12 00:00:00,2010-11-12 00:00:00,365.5,2010-11-12 00:00:00,360,361.9,46,39600,14337330,2010-11-12 00:00:00,1
2010-11-15 00:00:00,2010-11-15 00:00:00,362,2010-11-15 00:00:00,355,355,31,27000,9605320,2010-11-15 00:00:00,1
2010-11-16 00:00:00,2010-11-16 00:00:00,355,2010-11-16 00:00:00,345.2,348,38,26500,9295520,2010-11-16 00:00:00,1
2010-11-18 00:00:00,2010-11-18 00:00:00,359.9,2010-11-18 00:00:00,345,351.2,71,110100,38554580,2010-11-18 00:00:00,1
2010-11-22 00:00:00,2010-11-22 00:00:00,360,2010-11-22 00:00:00,350,352,47,78400,27477220,2010-11-22 00:00:00,1
2010-11-23 00:00:00,2010-11-23 00:00:00,360,2010-11-23 00:00:00,350.1,350.2,32,32200,11373100,2010-11-23 00:00:00,1
2010-11-24 00:00:00,2010-11-24 00:00:00,358,2010-11-24 00:00:00,353,355.5,33,16100,5710200,2010-11-24 00:00:00,1
2010-11-25 00:00:00,2010-11-25 00:00:00,355,2010-11-25 00:00:00,351,353.6,17,11600,4093800,2010-11-25 00:00:00,1
2010-11-26 00:00:00,2010-11-26 00:00:00,352,2010-11-26 00:00:00,350.1,351,19,15100,5301250,2010-11-26 00:00:00,1
2010-11-29 00:00:00,2010-11-29 00:00:00,360,2010-11-29 00:00:00,340,342.5,68,55700,19390580,2010-11-29 00:00:00,1
2010-11-30 00:00:00,2010-11-30 00:00:00,360.1,2010-11-30 00:00:00,349.9,350,100,189800,66475160,2010-11-30 00:00:00,1
2010-12-01 00:00:00,2010-12-01 00:00:00,357,2010-12-01 00:00:00,350,354.1,34,51300,18112610,2010-12-01 00:00:00,1
2010-12-02 00:00:00,2010-12-02 00:00:00,356,2010-12-02 00:00:00,350,350.6,62,316500,111135100,2010-12-02 00:00:00,1
2010-12-03 00:00:00,2010-12-03 00:00:00,353.6,2010-12-03 00:00:00,350,350,9,6600,2310660,2010-12-03 00:00:00,1
2010-12-06 00:00:00,2010-12-06 00:00:00,351,2010-12-06 00:00:00,350,351,22,66900,23470300,2010-12-06 00:00:00,1
2010-12-07 00:00:00,2010-12-07 00:00:00,351,2010-12-07 00:00:00,351,351,12,7000,2457000,2010-12-07 00:00:00,1
2010-12-08 00:00:00,2010-12-08 00:00:00,350,2010-12-08 00:00:00,347.9,349.8,13,29900,10456760,2010-12-08 00:00:00,1
2010-12-09 00:00:00,2010-12-09 00:00:00,349,2010-12-09 00:00:00,343,348,9,7300,2538510,2010-12-09 00:00:00,1
2010-12-10 00:00:00,2010-12-10 00:00:00,348,2010-12-10 00:00:00,345,347.8,11,9700,3368310,2010-12-10 00:00:00,1
2010-12-13 00:00:00,2010-12-13 00:00:00,348,2010-12-13 00:00:00,345,347,21,18100,6290990,2010-12-13 00:00:00,1
2010-12-14 00:00:00,2010-12-14 00:00:00,347,2010-12-14 00:00:00,345,347,14,3800,1314300,2010-12-14 00:00:00,1
2010-12-15 00:00:00,2010-12-15 00:00:00,347.1,2010-12-15 00:00:00,345,345.1,21,14700,5091570,2010-12-15 00:00:00,1
2010-12-16 00:00:00,2010-12-16 00:00:00,347,2010-12-16 00:00:00,347,347,7,2100,728700,2010-12-16 00:00:00,1
2010-12-17 00:00:00,2010-12-17 00:00:00,357,2010-12-17 00:00:00,347,348.9,25,9900,3460460,2010-12-17 00:00:00,1
2010-12-21 00:00:00,2010-12-21 00:00:00,346.7,2010-12-21 00:00:00,346,346.2,12,4200,1453760,2010-12-21 00:00:00,1
2010-12-22 00:00:00,2010-12-22 00:00:00,350,2010-12-22 00:00:00,346.2,350,22,15600,5453290,2010-12-22 00:00:00,1
2010-12-23 00:00:00,2010-12-23 00:00:00,352,2010-12-23 00:00:00,350,351.1,26,18300,6420700,2010-12-23 00:00:00,1
2010-12-24 00:00:00,2010-12-24 00:00:00,355,2010-12-24 00:00:00,350,350.1,17,10500,3676930,2010-12-24 00:00:00,1
2010-12-27 00:00:00,2010-12-27 00:00:00,355,2010-12-27 00:00:00,353,354.3,8,4900,1735500,2010-12-27 00:00:00,1
2010-12-28 00:00:00,2010-12-28 00:00:00,357.4,2010-12-28 00:00:00,352,355,13,155400,54719280,2010-12-28 00:00:00,1
2010-12-29 00:00:00,2010-12-29 00:00:00,352.1,2010-12-29 00:00:00,352,352,11,7400,2604940,2010-12-29 00:00:00,1
2010-12-30 00:00:00,2010-12-30 00:00:00,351.1,2010-12-30 00:00:00,350,350,22,13800,4832970,2010-12-30 00:00:00,1
2010-12-31 00:00:00,2010-12-31 00:00:00,352,2010-12-31 00:00:00,349.5,349.5,19,4500,1576250,2010-12-31 00:00:00,1
Company Id,:  NEH,Security,Type :  N,Sub Type,:  0000,,,,,
Short Name,:  NUWARA ELIYA,,,,,,,,,
Day,Date High,High,Date Low,Low,Closing,No. of Trades,No. of Shares,Turnover,Last Traded,Days Traded
2010-01-04 00:00:00,2010-01-04 00:00:00,400,2010-01-04 00:00:00,390,400,3,600,239000,2010-01-04 00:00:00,1
2010-01-06 00:00:00,2010-01-06 00:00:00,420,2010-01-06 00:00:00,390,390,40,12100,4944500,2010-01-06 00:00:00,1
2010-01-08 00:00:00,2010-01-08 00:00:00,407,2010-01-08 00:00:00,404,407,15,3100,1254400,2010-01-08 00:00:00,1
2010-01-15 00:00:00,2010-01-15 00:00:00,406,2010-01-15 00:00:00,404,404,2,200,81000,2010-01-15 00:00:00,1
2010-01-18 00:00:00,2010-01-18 00:00:00,407,2010-01-18 00:00:00,401,403,3,300,120900,2010-01-18 00:00:00,1
2010-01-19 00:00:00,2010-01-19 00:00:00,405,2010-01-19 00:00:00,399,400.25,3,700,280100,2010-01-19 00:00:00,1
2010-01-20 00:00:00,2010-01-20 00:00:00,382,2010-01-20 00:00:00,382,382,1,100,38200,2010-01-20 00:00:00,1
2010-02-01 00:00:00,2010-02-01 00:00:00,450,2010-02-01 00:00:00,382,426.25,15,6700,2850800,2010-02-01 00:00:00,1
2010-02-02 00:00:00,2010-02-02 00:00:00,435,2010-02-02 00:00:00,425,427.25,11,2700,1158500,2010-02-02 00:00:00,1
2010-02-05 00:00:00,2010-02-05 00:00:00,425,2010-02-05 00:00:00,425,425,3,1100,467500,2010-02-05 00:00:00,1
2010-02-08 00:00:00,2010-02-08 00:00:00,420,2010-02-08 00:00:00,420,420,2,1500,630000,2010-02-08 00:00:00,1
2010-02-09 00:00:00,2010-02-09 00:00:00,419,2010-02-09 00:00:00,410,410,3,1100,451900,2010-02-09 00:00:00,1
2010-02-15 00:00:00,2010-02-15 00:00:00,400,2010-02-15 00:00:00,395,395,2,200,79500,2010-02-15 00:00:00,1
2010-02-18 00:00:00,2010-02-18 00:00:00,409,2010-02-18 00:00:00,409,409,1,200,81800,2010-02-18 00:00:00,1
2010-02-19 00:00:00,2010-02-19 00:00:00,407.5,2010-02-19 00:00:00,407.5,407.5,1,100,40750,2010-02-19 00:00:00,1
2010-02-22 00:00:00,2010-02-22 00:00:00,407.5,2010-02-22 00:00:00,380.25,385.25,5,2000,774375,2010-02-22 00:00:00,1
2010-02-25 00:00:00,2010-02-25 00:00:00,410,2010-02-25 00:00:00,396,400.25,6,3300,1321125,2010-02-25 00:00:00,1
2010-02-26 00:00:00,2010-02-26 00:00:00,405,2010-02-26 00:00:00,405,405,2,400,162000,2010-02-26 00:00:00,1
2010-03-01 00:00:00,2010-03-01 00:00:00,419,2010-03-01 00:00:00,410,419,2,300,123900,2010-03-01 00:00:00,1
2010-03-02 00:00:00,2010-03-02 00:00:00,400,2010-03-02 00:00:00,400,400,1,100,40000,2010-03-02 00:00:00,1
2010-03-04 00:00:00,2010-03-04 00:00:00,400,2010-03-04 00:00:00,400,400,1,200,80000,2010-03-04 00:00:00,1
2010-03-05 00:00:00,2010-03-05 00:00:00,418,2010-03-05 00:00:00,418,418,1,100,41800,2010-03-05 00:00:00,1
2010-03-08 00:00:00,2010-03-08 00:00:00,469,2010-03-08 00:00:00,419,454,35,6300,2779800,2010-03-08 00:00:00,1
2010-03-09 00:00:00,2010-03-09 00:00:00,450,2010-03-09 00:00:00,450,450,1,100,45000,2010-03-09 00:00:00,1
2010-03-10 00:00:00,2010-03-10 00:00:00,427,2010-03-10 00:00:00,426.5,427,3,600,256150,2010-03-10 00:00:00,1
2010-03-11 00:00:00,2010-03-11 00:00:00,430,2010-03-11 00:00:00,430,430,1,100,43000,2010-03-11 00:00:00,1
2010-03-12 00:00:00,2010-03-12 00:00:00,430,2010-03-12 00:00:00,430,430,4,400,172000,2010-03-12 00:00:00,1
2010-03-15 00:00:00,2010-03-15 00:00:00,427,2010-03-15 00:00:00,427,427,4,900,384300,2010-03-15 00:00:00,1
2010-03-16 00:00:00,2010-03-16 00:00:00,426.5,2010-03-16 00:00:00,426.5,426.5,1,900,383850,2010-03-16 00:00:00,1
2010-03-22 00:00:00,2010-03-22 00:00:00,390.25,2010-03-22 00:00:00,390.25,390.25,1,100,39025,2010-03-22 00:00:00,1
2010-03-25 00:00:00,2010-03-25 00:00:00,420,2010-03-25 00:00:00,420,420,4,500,210000,2010-03-25 00:00:00,1
2010-03-31 00:00:00,2010-03-31 00:00:00,415,2010-03-31 00:00:00,405.5,405.5,3,700,285750,2010-03-31 00:00:00,1
2010-04-01 00:00:00,2010-04-01 00:00:00,382,2010-04-01 00:00:00,380,381,2,200,76200,2010-04-01 00:00:00,1
2010-04-06 00:00:00,2010-04-06 00:00:00,420,2010-04-06 00:00:00,420,420,1,100,42000,2010-04-06 00:00:00,1
2010-04-08 00:00:00,2010-04-08 00:00:00,460,2010-04-08 00:00:00,418,431.5,32,6200,2672125,2010-04-08 00:00:00,1
2010-04-12 00:00:00,2010-04-12 00:00:00,440,2010-04-12 00:00:00,440,440,4,1500,660000,2010-04-12 00:00:00,1
2010-04-15 00:00:00,2010-04-15 00:00:00,438,2010-04-15 00:00:00,438,438,1,100,43800,2010-04-15 00:00:00,1
2010-04-16 00:00:00,2010-04-16 00:00:00,438,2010-04-16 00:00:00,435,436.25,3,500,218100,2010-04-16 00:00:00,1
2010-04-19 00:00:00,2010-04-19 00:00:00,455,2010-04-19 00:00:00,435,448.75,16,3400,1519200,2010-04-19 00:00:00,1
2010-04-20 00:00:00,2010-04-20 00:00:00,444.75,2010-04-20 00:00:00,434,439.5,2,200,87875,2010-04-20 00:00:00,1
2010-04-23 00:00:00,2010-04-23 00:00:00,449.5,2010-04-23 00:00:00,449.5,449.5,1,100,44950,2010-04-23 00:00:00,1
2010-04-26 00:00:00,2010-04-26 00:00:00,499,2010-04-26 00:00:00,449.75,475,25,6000,2858550,2010-04-26 00:00:00,1
2010-04-27 00:00:00,2010-04-27 00:00:00,467,2010-04-27 00:00:00,460,464,3,300,139200,2010-04-27 00:00:00,1
2010-04-29 00:00:00,2010-04-29 00:00:00,441.25,2010-04-29 00:00:00,441.25,441.25,1,100,44125,2010-04-29 00:00:00,1
2010-04-30 00:00:00,2010-04-30 00:00:00,440,2010-04-30 00:00:00,440,440,1,100,44000,2010-04-30 00:00:00,1
2010-05-03 00:00:00,2010-05-03 00:00:00,460,2010-05-03 00:00:00,450,460,4,1300,595000,2010-05-03 00:00:00,1
2010-05-05 00:00:00,2010-05-05 00:00:00,430,2010-05-05 00:00:00,427,430,3,300,128500,2010-05-05 00:00:00,1
2010-05-06 00:00:00,2010-05-06 00:00:00,455,2010-05-06 00:00:00,455,455,1,100,45500,2010-05-06 00:00:00,1
2010-05-11 00:00:00,2010-05-11 00:00:00,455,2010-05-11 00:00:00,455,455,1,200,91000,2010-05-11 00:00:00,1
2010-05-18 00:00:00,2010-05-18 00:00:00,430,2010-05-18 00:00:00,430,430,6,1100,473000,2010-05-18 00:00:00,1
2010-05-21 00:00:00,2010-05-21 00:00:00,426,2010-05-21 00:00:00,426,426,3,700,298200,2010-05-21 00:00:00,1
2010-05-24 00:00:00,2010-05-24 00:00:00,449.75,2010-05-24 00:00:00,426,449.75,4,3200,1422450,2010-05-24 00:00:00,1
2010-05-25 00:00:00,2010-05-25 00:00:00,449.75,2010-05-25 00:00:00,449.75,449.75,1,100,44975,2010-05-25 00:00:00,1
2010-05-31 00:00:00,2010-05-31 00:00:00,450,2010-05-31 00:00:00,450,450,1,200,90000,2010-05-31 00:00:00,1
2010-06-01 00:00:00,2010-06-01 00:00:00,460,2010-06-01 00:00:00,448,448,10,2200,995200,2010-06-01 00:00:00,1
2010-06-02 00:00:00,2010-06-02 00:00:00,455,2010-06-02 00:00:00,455,455,1,100,45500,2010-06-02 00:00:00,1
2010-06-03 00:00:00,2010-06-03 00:00:00,455,2010-06-03 00:00:00,455,455,1,100,45500,2010-06-03 00:00:00,1
2010-06-04 00:00:00,2010-06-04 00:00:00,448,2010-06-04 00:00:00,448,448,1,100,44800,2010-06-04 00:00:00,1
2010-06-07 00:00:00,2010-06-07 00:00:00,445,2010-06-07 00:00:00,445,445,1,200,89000,2010-06-07 00:00:00,1
2010-06-08 00:00:00,2010-06-08 00:00:00,455,2010-06-08 00:00:00,455,455,1,100,45500,2010-06-08 00:00:00,1
2010-06-09 00:00:00,2010-06-09 00:00:00,430,2010-06-09 00:00:00,430,430,1,200,86000,2010-06-09 00:00:00,1
2010-06-10 00:00:00,2010-06-10 00:00:00,435,2010-06-10 00:00:00,435,435,1,300,130500,2010-06-10 00:00:00,1
2010-06-11 00:00:00,2010-06-11 00:00:00,453.75,2010-06-11 00:00:00,453.75,453.75,2,200,90750,2010-06-11 00:00:00,1
2010-06-14 00:00:00,2010-06-14 00:00:00,440,2010-06-14 00:00:00,435,440,8,1200,524500,2010-06-14 00:00:00,1
2010-06-15 00:00:00,2010-06-15 00:00:00,450,2010-06-15 00:00:00,450,450,1,100,45000,2010-06-15 00:00:00,1
2010-06-16 00:00:00,2010-06-16 00:00:00,455,2010-06-16 00:00:00,452.5,453,7,1900,860550,2010-06-16 00:00:00,1
2010-06-22 00:00:00,2010-06-22 00:00:00,465,2010-06-22 00:00:00,455,465,3,1300,602500,2010-06-22 00:00:00,1
2010-06-23 00:00:00,2010-06-23 00:00:00,455,2010-06-23 00:00:00,455,455,1,200,91000,2010-06-23 00:00:00,1
2010-06-24 00:00:00,2010-06-24 00:00:00,455,2010-06-24 00:00:00,455,455,1,100,45500,2010-06-24 00:00:00,1
2010-06-29 00:00:00,2010-06-29 00:00:00,455,2010-06-29 00:00:00,450,451,6,3600,1623700,2010-06-29 00:00:00,1
2010-06-30 00:00:00,2010-06-30 00:00:00,499,2010-06-30 00:00:00,480,480,18,5600,2717500,2010-06-30 00:00:00,1
2010-07-01 00:00:00,2010-07-01 00:00:00,500,2010-07-01 00:00:00,499,499.5,2,200,99900,2010-07-01 00:00:00,1
2010-07-06 00:00:00,2010-07-06 00:00:00,500,2010-07-06 00:00:00,490,499,6,1500,748675,2010-07-06 00:00:00,1
2010-07-07 00:00:00,2010-07-07 00:00:00,500,2010-07-07 00:00:00,500,500,2,200,100000,2010-07-07 00:00:00,1
2010-07-12 00:00:00,2010-07-12 00:00:00,500,2010-07-12 00:00:00,500,500,1,100,50000,2010-07-12 00:00:00,1
2010-07-13 00:00:00,2010-07-13 00:00:00,500,2010-07-13 00:00:00,500,500,3,1000,500000,2010-07-13 00:00:00,1
2010-07-15 00:00:00,2010-07-15 00:00:00,500,2010-07-15 00:00:00,500,500,1,100,50000,2010-07-15 00:00:00,1
2010-07-16 00:00:00,2010-07-16 00:00:00,500,2010-07-16 00:00:00,500,500,9,1000,500000,2010-07-16 00:00:00,1
2010-07-19 00:00:00,2010-07-19 00:00:00,520,2010-07-19 00:00:00,510,515,3,400,205000,2010-07-19 00:00:00,1
2010-07-20 00:00:00,2010-07-20 00:00:00,595.25,2010-07-20 00:00:00,525,576.5,17,10400,5805150,2010-07-20 00:00:00,1
2010-07-21 00:00:00,2010-07-21 00:00:00,630,2010-07-21 00:00:00,561,589,16,3500,2047750,2010-07-21 00:00:00,1
2010-07-22 00:00:00,2010-07-22 00:00:00,660,2010-07-22 00:00:00,601,626,9,1100,689400,2010-07-22 00:00:00,1
2010-07-23 00:00:00,2010-07-23 00:00:00,625,2010-07-23 00:00:00,600,607,9,1300,783825,2010-07-23 00:00:00,1
2010-07-26 00:00:00,2010-07-26 00:00:00,639,2010-07-26 00:00:00,639,639,1,100,63900,2010-07-26 00:00:00,1
2010-07-27 00:00:00,2010-07-27 00:00:00,749,2010-07-27 00:00:00,650,743.25,21,3500,2414775,2010-07-27 00:00:00,1
2010-07-28 00:00:00,2010-07-28 00:00:00,710,2010-07-28 00:00:00,650,703.25,9,1300,894000,2010-07-28 00:00:00,1
2010-07-29 00:00:00,2010-07-29 00:00:00,735,2010-07-29 00:00:00,705,706,8,900,639550,2010-07-29 00:00:00,1
2010-07-30 00:00:00,2010-07-30 00:00:00,710,2010-07-30 00:00:00,695,707.5,3,300,211000,2010-07-30 00:00:00,1
2010-08-02 00:00:00,2010-08-02 00:00:00,700,2010-08-02 00:00:00,700,700,3,400,280000,2010-08-02 00:00:00,1
2010-08-03 00:00:00,2010-08-03 00:00:00,690.1,2010-08-03 00:00:00,690.1,690.1,3,500,345050,2010-08-03 00:00:00,1
2010-08-04 00:00:00,2010-08-04 00:00:00,690,2010-08-04 00:00:00,627,690,11,1900,1304300,2010-08-04 00:00:00,1
2010-08-05 00:00:00,2010-08-05 00:00:00,626,2010-08-05 00:00:00,625,625.3,2,300,187600,2010-08-05 00:00:00,1
2010-08-06 00:00:00,2010-08-06 00:00:00,660,2010-08-06 00:00:00,660,660,3,300,198000,2010-08-06 00:00:00,1
2010-08-09 00:00:00,2010-08-09 00:00:00,601,2010-08-09 00:00:00,600,600,10,2600,1560100,2010-08-09 00:00:00,1
2010-08-10 00:00:00,2010-08-10 00:00:00,660,2010-08-10 00:00:00,590,653.7,15,3200,2073900,2010-08-10 00:00:00,1
2010-08-11 00:00:00,2010-08-11 00:00:00,660,2010-08-11 00:00:00,650,659.5,13,5200,3430000,2010-08-11 00:00:00,1
2010-08-17 00:00:00,2010-08-17 00:00:00,699,2010-08-17 00:00:00,699,699,4,400,279600,2010-08-17 00:00:00,1
2010-08-18 00:00:00,2010-08-18 00:00:00,768.9,2010-08-18 00:00:00,750,764.5,23,3400,2601670,2010-08-18 00:00:00,1
2010-08-19 00:00:00,2010-08-19 00:00:00,840.9,2010-08-19 00:00:00,840,840.4,15,1900,1596530,2010-08-19 00:00:00,1
2010-08-20 00:00:00,2010-08-20 00:00:00,924.4,2010-08-20 00:00:00,850,909.1,34,5600,4991180,2010-08-20 00:00:00,1
2010-08-23 00:00:00,2010-08-23 00:00:00,976,2010-08-23 00:00:00,900,975.5,14,2300,2146910,2010-08-23 00:00:00,1
2010-08-25 00:00:00,2010-08-25 00:00:00,1050,2010-08-25 00:00:00,975,1005.1,11,1600,1602090,2010-08-25 00:00:00,1
2010-08-26 00:00:00,2010-08-26 00:00:00,1100,2010-08-26 00:00:00,990,1046.5,10,2100,2213960,2010-08-26 00:00:00,1
2010-08-27 00:00:00,2010-08-27 00:00:00,1010,2010-08-27 00:00:00,1000,1000,5,600,601000,2010-08-27 00:00:00,1
2010-08-30 00:00:00,2010-08-30 00:00:00,1050,2010-08-30 00:00:00,1000,1016.7,8,1100,1111700,2010-08-30 00:00:00,1
2010-08-31 00:00:00,2010-08-31 00:00:00,1000,2010-08-31 00:00:00,1000,1000,6,1000,1000000,2010-08-31 00:00:00,1
2010-09-02 00:00:00,2010-09-02 00:00:00,950,2010-09-02 00:00:00,902,950,4,700,637700,2010-09-02 00:00:00,1
2010-09-06 00:00:00,2010-09-06 00:00:00,1045,2010-09-06 00:00:00,900,1043.3,14,1700,1630810,2010-09-06 00:00:00,1
2010-09-07 00:00:00,2010-09-07 00:00:00,1000,2010-09-07 00:00:00,995,995.1,4,400,398520,2010-09-07 00:00:00,1
2010-09-08 00:00:00,2010-09-08 00:00:00,1000,2010-09-08 00:00:00,955,1000,3,400,391000,2010-09-08 00:00:00,1
2010-09-14 00:00:00,2010-09-14 00:00:00,990,2010-09-14 00:00:00,910.1,912.1,4,500,463830,2010-09-14 00:00:00,1
2010-09-15 00:00:00,2010-09-15 00:00:00,989.9,2010-09-15 00:00:00,910,910.7,8,800,738300,2010-09-15 00:00:00,1
2010-09-16 00:00:00,2010-09-16 00:00:00,960,2010-09-16 00:00:00,901,958,5,700,659200,2010-09-16 00:00:00,1
2010-09-17 00:00:00,2010-09-17 00:00:00,960,2010-09-17 00:00:00,865,918.8,20,3200,2944110,2010-09-17 00:00:00,1
2010-09-20 00:00:00,2010-09-20 00:00:00,900,2010-09-20 00:00:00,890,896.9,6,1600,1435000,2010-09-20 00:00:00,1
2010-09-21 00:00:00,2010-09-21 00:00:00,900.2,2010-09-21 00:00:00,900,900,7,1500,1350040,2010-09-21 00:00:00,1
2010-09-23 00:00:00,2010-09-23 00:00:00,950,2010-09-23 00:00:00,900,900,6,1800,1635000,2010-09-23 00:00:00,1
2010-09-24 00:00:00,2010-09-24 00:00:00,950,2010-09-24 00:00:00,895,950,15,2700,2437900,2010-09-24 00:00:00,1
2010-09-27 00:00:00,2010-09-27 00:00:00,998,2010-09-27 00:00:00,950,990.4,11,1700,1677600,2010-09-27 00:00:00,1
2010-09-28 00:00:00,2010-09-28 00:00:00,920.1,2010-09-28 00:00:00,900,900,9,1500,1363030,2010-09-28 00:00:00,1
2010-09-29 00:00:00,2010-09-29 00:00:00,900,2010-09-29 00:00:00,900,900,1,200,180000,2010-09-29 00:00:00,1
2010-09-30 00:00:00,2010-09-30 00:00:00,910,2010-09-30 00:00:00,899.1,900,6,800,721010,2010-09-30 00:00:00,1
2010-10-01 00:00:00,2010-10-01 00:00:00,900,2010-10-01 00:00:00,900,900,2,200,180000,2010-10-01 00:00:00,1
2010-10-04 00:00:00,2010-10-04 00:00:00,900,2010-10-04 00:00:00,900,900,2,200,180000,2010-10-04 00:00:00,1
2010-10-05 00:00:00,2010-10-05 00:00:00,900,2010-10-05 00:00:00,850,863.7,4,800,698200,2010-10-05 00:00:00,1
2010-10-06 00:00:00,2010-10-06 00:00:00,860,2010-10-06 00:00:00,860,860,2,600,516000,2010-10-06 00:00:00,1
2010-10-08 00:00:00,2010-10-08 00:00:00,900,2010-10-08 00:00:00,831,899,7,800,687900,2010-10-08 00:00:00,1
2010-10-11 00:00:00,2010-10-11 00:00:00,875,2010-10-11 00:00:00,875,875,1,100,87500,2010-10-11 00:00:00,1
2010-10-12 00:00:00,2010-10-12 00:00:00,855,2010-10-12 00:00:00,800,808,5,500,408700,2010-10-12 00:00:00,1
2010-10-13 00:00:00,2010-10-13 00:00:00,808,2010-10-13 00:00:00,808,808,1,100,80800,2010-10-13 00:00:00,1
2010-10-14 00:00:00,2010-10-14 00:00:00,800.1,2010-10-14 00:00:00,800,800,2,2600,2080250,2010-10-14 00:00:00,1
2010-10-15 00:00:00,2010-10-15 00:00:00,810,2010-10-15 00:00:00,810,810,2,300,243000,2010-10-15 00:00:00,1
2010-10-18 00:00:00,2010-10-18 00:00:00,810,2010-10-18 00:00:00,810,810,2,200,162000,2010-10-18 00:00:00,1
2010-10-27 00:00:00,2010-10-27 00:00:00,825,2010-10-27 00:00:00,702,825,2,200,152700,2010-10-27 00:00:00,1
2010-10-28 00:00:00,2010-10-28 00:00:00,994,2010-10-28 00:00:00,994,994,1,100,99400,2010-10-28 00:00:00,1
2010-10-29 00:00:00,2010-10-29 00:00:00,899.9,2010-10-29 00:00:00,899.9,899.9,1,100,89990,2010-10-29 00:00:00,1
2010-11-01 00:00:00,2010-11-01 00:00:00,900,2010-11-01 00:00:00,900,900,2,200,180000,2010-11-01 00:00:00,1
2010-11-10 00:00:00,2010-11-10 00:00:00,760,2010-11-10 00:00:00,760,760,1,200,152000,2010-11-10 00:00:00,1
2010-11-12 00:00:00,2010-11-12 00:00:00,849,2010-11-12 00:00:00,760,807,5,500,389400,2010-11-12 00:00:00,1
2010-11-15 00:00:00,2010-11-15 00:00:00,850,2010-11-15 00:00:00,760,825,5,900,710000,2010-11-15 00:00:00,1
2010-11-16 00:00:00,2010-11-16 00:00:00,860,2010-11-16 00:00:00,850,852.5,3,300,256500,2010-11-16 00:00:00,1
2010-11-18 00:00:00,2010-11-18 00:00:00,855.1,2010-11-18 00:00:00,855,855,2,300,256520,2010-11-18 00:00:00,1
2010-11-30 00:00:00,2010-11-30 00:00:00,900,2010-11-30 00:00:00,882,893,4,500,446500,2010-11-30 00:00:00,1
2010-12-01 00:00:00,2010-12-01 00:00:00,900,2010-12-01 00:00:00,900,900,2,300,270000,2010-12-01 00:00:00,1
2010-12-02 00:00:00,2010-12-02 00:00:00,815.1,2010-12-02 00:00:00,804,813.4,8,1600,1292630,2010-12-02 00:00:00,1
2010-12-03 00:00:00,2010-12-03 00:00:00,810,2010-12-03 00:00:00,810,810,2,300,243000,2010-12-03 00:00:00,1
2010-12-06 00:00:00,2010-12-06 00:00:00,825.1,2010-12-06 00:00:00,825,825.1,3,800,660040,2010-12-06 00:00:00,1
2010-12-08 00:00:00,2010-12-08 00:00:00,810,2010-12-08 00:00:00,805.2,810,5,600,483800,2010-12-08 00:00:00,1
2010-12-09 00:00:00,2010-12-09 00:00:00,810,2010-12-09 00:00:00,810,810,1,200,162000,2010-12-09 00:00:00,1
2010-12-13 00:00:00,2010-12-13 00:00:00,815,2010-12-13 00:00:00,815,815,2,200,163000,2010-12-13 00:00:00,1
2010-12-14 00:00:00,2010-12-14 00:00:00,810.1,2010-12-14 00:00:00,810.1,810.1,1,100,81010,2010-12-14 00:00:00,1
2010-12-15 00:00:00,2010-12-15 00:00:00,815,2010-12-15 00:00:00,810,815,3,300,243500,2010-12-15 00:00:00,1
2010-12-21 00:00:00,2010-12-21 00:00:00,815,2010-12-21 00:00:00,815,815,2,200,163000,2010-12-21 00:00:00,1
2010-12-23 00:00:00,2010-12-23 00:00:00,830,2010-12-23 00:00:00,815,830,2,200,164500,2010-12-23 00:00:00,1
2010-12-30 00:00:00,2010-12-30 00:00:00,820,2010-12-30 00:00:00,810,820,3,400,326600,2010-12-30 00:00:00,1
2010-12-31 00:00:00,2010-12-31 00:00:00,850,2010-12-31 00:00:00,850,850,1,100,85000,2010-12-31 00:00:00,1
Company Id,:  NEST,Security,Type :  N,Sub Type,:  0000,,,,,
Short Name,:  NESTLE,,,,,,,,,
Day,Date High,High,Date Low,Low,Closing,No. of Trades,No. of Shares,Turnover,Last Traded,Days Traded
2010-01-04 00:00:00,2010-01-04 00:00:00,427,2010-01-04 00:00:00,425,425.25,4,1200,510400,2010-01-04 00:00:00,1
2010-01-05 00:00:00,2010-01-05 00:00:00,435,2010-01-05 00:00:00,430,434.5,4,800,346700,2010-01-05 00:00:00,1
2010-01-07 00:00:00,2010-01-07 00:00:00,435,2010-01-07 00:00:00,430,430,7,17300,7444500,2010-01-07 00:00:00,1
2010-01-08 00:00:00,2010-01-08 00:00:00,433,2010-01-08 00:00:00,430.5,433,4,700,301700,2010-01-08 00:00:00,1
2010-01-11 00:00:00,2010-01-11 00:00:00,450,2010-01-11 00:00:00,435,435,3,900,403500,2010-01-11 00:00:00,1
2010-01-12 00:00:00,2010-01-12 00:00:00,450,2010-01-12 00:00:00,435,441.75,6,1800,795000,2010-01-12 00:00:00,1
2010-01-13 00:00:00,2010-01-13 00:00:00,450,2010-01-13 00:00:00,440,449.75,11,16300,7327675,2010-01-13 00:00:00,1
2010-01-18 00:00:00,2010-01-18 00:00:00,450,2010-01-18 00:00:00,450,450,2,200,90000,2010-01-18 00:00:00,1
2010-01-19 00:00:00,2010-01-19 00:00:00,450,2010-01-19 00:00:00,449,449.25,4,1100,494175,2010-01-19 00:00:00,1
2010-01-20 00:00:00,2010-01-20 00:00:00,450,2010-01-20 00:00:00,450,450,2,1200,540000,2010-01-20 00:00:00,1
2010-01-21 00:00:00,2010-01-21 00:00:00,450,2010-01-21 00:00:00,450,450,1,5000,2250000,2010-01-21 00:00:00,1
2010-01-22 00:00:00,2010-01-22 00:00:00,460,2010-01-22 00:00:00,460,460,1,100,46000,2010-01-22 00:00:00,1
2010-01-25 00:00:00,2010-01-25 00:00:00,459.75,2010-01-25 00:00:00,459.75,459.75,1,100,45975,2010-01-25 00:00:00,1
2010-01-26 00:00:00,2010-01-26 00:00:00,460,2010-01-26 00:00:00,460,460,1,100,46000,2010-01-26 00:00:00,1
2010-01-28 00:00:00,2010-01-28 00:00:00,465,2010-01-28 00:00:00,460,465,3,10200,4742500,2010-01-28 00:00:00,1
2010-02-01 00:00:00,2010-02-01 00:00:00,470,2010-02-01 00:00:00,465,469.25,4,900,422500,2010-02-01 00:00:00,1
2010-02-02 00:00:00,2010-02-02 00:00:00,470,2010-02-02 00:00:00,469.75,470,2,600,281975,2010-02-02 00:00:00,1
2010-02-03 00:00:00,2010-02-03 00:00:00,465,2010-02-03 00:00:00,452,458.25,4,1100,504075,2010-02-03 00:00:00,1
2010-02-05 00:00:00,2010-02-05 00:00:00,470,2010-02-05 00:00:00,465,467.75,6,2800,1310000,2010-02-05 00:00:00,1
2010-02-08 00:00:00,2010-02-08 00:00:00,467.75,2010-02-08 00:00:00,467.75,467.75,3,400,187100,2010-02-08 00:00:00,1
2010-02-09 00:00:00,2010-02-09 00:00:00,468,2010-02-09 00:00:00,455,468,2,700,323700,2010-02-09 00:00:00,1
2010-02-11 00:00:00,2010-02-11 00:00:00,465,2010-02-11 00:00:00,465,465,6,900,418500,2010-02-11 00:00:00,1
2010-02-12 00:00:00,2010-02-12 00:00:00,470,2010-02-12 00:00:00,465,466,6,900,419625,2010-02-12 00:00:00,1
2010-02-15 00:00:00,2010-02-15 00:00:00,466,2010-02-15 00:00:00,465,465,4,2200,1023100,2010-02-15 00:00:00,1
2010-02-18 00:00:00,2010-02-18 00:00:00,470,2010-02-18 00:00:00,470,470,1,100,47000,2010-02-18 00:00:00,1
2010-02-19 00:00:00,2010-02-19 00:00:00,470,2010-02-19 00:00:00,470,470,1,900,423000,2010-02-19 00:00:00,1
2010-02-22 00:00:00,2010-02-22 00:00:00,475,2010-02-22 00:00:00,475,475,4,1800,855000,2010-02-22 00:00:00,1
2010-02-23 00:00:00,2010-02-23 00:00:00,475,2010-02-23 00:00:00,474,474.25,5,2200,1043500,2010-02-23 00:00:00,1
2010-02-24 00:00:00,2010-02-24 00:00:00,465.5,2010-02-24 00:00:00,465.5,465.5,2,500,232750,2010-02-24 00:00:00,1
2010-02-25 00:00:00,2010-02-25 00:00:00,473,2010-02-25 00:00:00,472,472,2,200,94500,2010-02-25 00:00:00,1
2010-03-01 00:00:00,2010-03-01 00:00:00,472,2010-03-01 00:00:00,470,470,3,2100,987200,2010-03-01 00:00:00,1
2010-03-02 00:00:00,2010-03-02 00:00:00,469.75,2010-03-02 00:00:00,469.75,469.75,2,200,93950,2010-03-02 00:00:00,1
2010-03-03 00:00:00,2010-03-03 00:00:00,470,2010-03-03 00:00:00,470,470,1,100,47000,2010-03-03 00:00:00,1
2010-03-05 00:00:00,2010-03-05 00:00:00,470,2010-03-05 00:00:00,469.75,470,2,1400,657975,2010-03-05 00:00:00,1
2010-03-09 00:00:00,2010-03-09 00:00:00,470,2010-03-09 00:00:00,468,468,8,8800,4135000,2010-03-09 00:00:00,1
2010-03-16 00:00:00,2010-03-16 00:00:00,465.25,2010-03-16 00:00:00,465.25,465.25,1,100,46525,2010-03-16 00:00:00,1
2010-03-17 00:00:00,2010-03-17 00:00:00,468,2010-03-17 00:00:00,468,468,1,100,46800,2010-03-17 00:00:00,1
2010-03-19 00:00:00,2010-03-19 00:00:00,451,2010-03-19 00:00:00,451,451,1,100,45100,2010-03-19 00:00:00,1
2010-03-24 00:00:00,2010-03-24 00:00:00,455,2010-03-24 00:00:00,455,455,1,300,136500,2010-03-24 00:00:00,1
2010-03-25 00:00:00,2010-03-25 00:00:00,460,2010-03-25 00:00:00,460,460,2,200,92000,2010-03-25 00:00:00,1
2010-03-26 00:00:00,2010-03-26 00:00:00,480,2010-03-26 00:00:00,470,471.75,8,1700,808450,2010-03-26 00:00:00,1
2010-03-30 00:00:00,2010-03-30 00:00:00,479.25,2010-03-30 00:00:00,479.25,479.25,1,200,95850,2010-03-30 00:00:00,1
2010-03-31 00:00:00,2010-03-31 00:00:00,490,2010-03-31 00:00:00,478,490,9,13200,6448475,2010-03-31 00:00:00,1
2010-04-01 00:00:00,2010-04-01 00:00:00,500,2010-04-01 00:00:00,485,499.5,5,1200,597000,2010-04-01 00:00:00,1
2010-04-05 00:00:00,2010-04-05 00:00:00,500,2010-04-05 00:00:00,479,490,4,400,196800,2010-04-05 00:00:00,1
2010-04-06 00:00:00,2010-04-06 00:00:00,500,2010-04-06 00:00:00,500,500,4,1100,550000,2010-04-06 00:00:00,1
2010-04-07 00:00:00,2010-04-07 00:00:00,509,2010-04-07 00:00:00,509,509,1,100,50900,2010-04-07 00:00:00,1
2010-04-15 00:00:00,2010-04-15 00:00:00,515,2010-04-15 00:00:00,515,515,2,200,103000,2010-04-15 00:00:00,1
2010-04-16 00:00:00,2010-04-16 00:00:00,515,2010-04-16 00:00:00,515,515,3,600,309000,2010-04-16 00:00:00,1
2010-04-19 00:00:00,2010-04-19 00:00:00,515.25,2010-04-19 00:00:00,515,515,5,600,309025,2010-04-19 00:00:00,1
2010-04-20 00:00:00,2010-04-20 00:00:00,515,2010-04-20 00:00:00,515,515,4,1100,566500,2010-04-20 00:00:00,1
2010-04-21 00:00:00,2010-04-21 00:00:00,515,2010-04-21 00:00:00,515,515,1,500,257500,2010-04-21 00:00:00,1
2010-04-22 00:00:00,2010-04-22 00:00:00,525,2010-04-22 00:00:00,515,515.25,2,3100,1597500,2010-04-22 00:00:00,1
2010-04-23 00:00:00,2010-04-23 00:00:00,535,2010-04-23 00:00:00,525,526.5,8,1300,683500,2010-04-23 00:00:00,1
2010-04-26 00:00:00,2010-04-26 00:00:00,526.5,2010-04-26 00:00:00,526.25,526.5,4,400,210550,2010-04-26 00:00:00,1
2010-05-03 00:00:00,2010-05-03 00:00:00,526.5,2010-05-03 00:00:00,520,520,2,200,104650,2010-05-03 00:00:00,1
2010-05-04 00:00:00,2010-05-04 00:00:00,526.5,2010-05-04 00:00:00,520,525.5,4,1000,522800,2010-05-04 00:00:00,1
2010-05-05 00:00:00,2010-05-05 00:00:00,525.5,2010-05-05 00:00:00,525.5,525.5,1,200,105100,2010-05-05 00:00:00,1
2010-05-07 00:00:00,2010-05-07 00:00:00,526,2010-05-07 00:00:00,526,526,1,100,52600,2010-05-07 00:00:00,1
2010-05-10 00:00:00,2010-05-10 00:00:00,526,2010-05-10 00:00:00,526,526,1,100,52600,2010-05-10 00:00:00,1
2010-05-12 00:00:00,2010-05-12 00:00:00,549.75,2010-05-12 00:00:00,540,541.75,6,1500,816475,2010-05-12 00:00:00,1
2010-05-13 00:00:00,2010-05-13 00:00:00,542.75,2010-05-13 00:00:00,536,542.75,2,200,107875,2010-05-13 00:00:00,1
2010-05-17 00:00:00,2010-05-17 00:00:00,550,2010-05-17 00:00:00,545,547.75,4,600,328700,2010-05-17 00:00:00,1
2010-05-18 00:00:00,2010-05-18 00:00:00,555,2010-05-18 00:00:00,555,555,2,200,111000,2010-05-18 00:00:00,1
2010-05-19 00:00:00,2010-05-19 00:00:00,600.25,2010-05-19 00:00:00,578,600.25,6,10600,6313825,2010-05-19 00:00:00,1
2010-05-20 00:00:00,2010-05-20 00:00:00,660,2010-05-20 00:00:00,602,660,6,1700,1057600,2010-05-20 00:00:00,1
2010-05-21 00:00:00,2010-05-21 00:00:00,800,2010-05-21 00:00:00,700,756.5,51,17100,12953450,2010-05-21 00:00:00,1
2010-05-24 00:00:00,2010-05-24 00:00:00,770,2010-05-24 00:00:00,760,765,2,200,153000,2010-05-24 00:00:00,1
2010-05-26 00:00:00,2010-05-26 00:00:00,764,2010-05-26 00:00:00,764,764,1,7000,5348000,2010-05-26 00:00:00,1
2010-05-31 00:00:00,2010-05-31 00:00:00,750,2010-05-31 00:00:00,705,705,2,200,145500,2010-05-31 00:00:00,1
2010-06-01 00:00:00,2010-06-01 00:00:00,705,2010-06-01 00:00:00,700,700,4,800,563500,2010-06-01 00:00:00,1
2010-06-02 00:00:00,2010-06-02 00:00:00,700,2010-06-02 00:00:00,700,700,2,300,210000,2010-06-02 00:00:00,1
2010-06-03 00:00:00,2010-06-03 00:00:00,680,2010-06-03 00:00:00,680,680,4,400,272000,2010-06-03 00:00:00,1
2010-06-04 00:00:00,2010-06-04 00:00:00,680,2010-06-04 00:00:00,670,670,5,800,538000,2010-06-04 00:00:00,1
2010-06-07 00:00:00,2010-06-07 00:00:00,680,2010-06-07 00:00:00,670,670.25,7,1600,1084000,2010-06-07 00:00:00,1
2010-06-08 00:00:00,2010-06-08 00:00:00,670,2010-06-08 00:00:00,660,662,7,1200,795000,2010-06-08 00:00:00,1
2010-06-09 00:00:00,2010-06-09 00:00:00,650.25,2010-06-09 00:00:00,650,650,3,1200,780025,2010-06-09 00:00:00,1
2010-06-10 00:00:00,2010-06-10 00:00:00,640,2010-06-10 00:00:00,600.25,639.25,7,700,432500,2010-06-10 00:00:00,1
2010-06-11 00:00:00,2010-06-11 00:00:00,635,2010-06-11 00:00:00,630,632.5,2,200,126500,2010-06-11 00:00:00,1
2010-06-15 00:00:00,2010-06-15 00:00:00,610,2010-06-15 00:00:00,610,610,5,1600,976000,2010-06-15 00:00:00,1
2010-06-16 00:00:00,2010-06-16 00:00:00,610,2010-06-16 00:00:00,610,610,4,2700,1647000,2010-06-16 00:00:00,1
2010-06-17 00:00:00,2010-06-17 00:00:00,630,2010-06-17 00:00:00,630,630,1,100,63000,2010-06-17 00:00:00,1
2010-06-21 00:00:00,2010-06-21 00:00:00,650,2010-06-21 00:00:00,630,650,2,200,128000,2010-06-21 00:00:00,1
2010-06-22 00:00:00,2010-06-22 00:00:00,650,2010-06-22 00:00:00,640,643.25,4,500,323000,2010-06-22 00:00:00,1
2010-06-23 00:00:00,2010-06-23 00:00:00,649.75,2010-06-23 00:00:00,600,637.5,3,300,187475,2010-06-23 00:00:00,1
2010-06-24 00:00:00,2010-06-24 00:00:00,621,2010-06-24 00:00:00,620,620,9,1500,930100,2010-06-24 00:00:00,1
2010-06-28 00:00:00,2010-06-28 00:00:00,620,2010-06-28 00:00:00,620,620,2,500,310000,2010-06-28 00:00:00,1
2010-06-29 00:00:00,2010-06-29 00:00:00,620.25,2010-06-29 00:00:00,620,620,4,2200,1364050,2010-06-29 00:00:00,1
2010-07-01 00:00:00,2010-07-01 00:00:00,620,2010-07-01 00:00:00,620,620,3,400,248000,2010-07-01 00:00:00,1
2010-07-02 00:00:00,2010-07-02 00:00:00,630,2010-07-02 00:00:00,620,620,3,400,250000,2010-07-02 00:00:00,1
2010-07-05 00:00:00,2010-07-05 00:00:00,620,2010-07-05 00:00:00,620,620,1,100,62000,2010-07-05 00:00:00,1
2010-07-06 00:00:00,2010-07-06 00:00:00,620,2010-07-06 00:00:00,620,620,4,1900,1178000,2010-07-06 00:00:00,1
2010-07-07 00:00:00,2010-07-07 00:00:00,620,2010-07-07 00:00:00,620,620,2,800,496000,2010-07-07 00:00:00,1
2010-07-08 00:00:00,2010-07-08 00:00:00,640,2010-07-08 00:00:00,640,640,1,100,64000,2010-07-08 00:00:00,1
2010-07-09 00:00:00,2010-07-09 00:00:00,650,2010-07-09 00:00:00,650,650,1,100,65000,2010-07-09 00:00:00,1
2010-07-13 00:00:00,2010-07-13 00:00:00,700,2010-07-13 00:00:00,650,651,5,1400,916075,2010-07-13 00:00:00,1
2010-07-14 00:00:00,2010-07-14 00:00:00,699.75,2010-07-14 00:00:00,699.75,699.75,1,100,69975,2010-07-14 00:00:00,1
2010-07-22 00:00:00,2010-07-22 00:00:00,690,2010-07-22 00:00:00,687,690,4,3200,2202000,2010-07-22 00:00:00,1
2010-07-23 00:00:00,2010-07-23 00:00:00,690,2010-07-23 00:00:00,690,690,3,5200,3588000,2010-07-23 00:00:00,1
2010-07-27 00:00:00,2010-07-27 00:00:00,692,2010-07-27 00:00:00,680,690,6,1500,1032800,2010-07-27 00:00:00,1
2010-07-29 00:00:00,2010-07-29 00:00:00,690,2010-07-29 00:00:00,690,690,2,300,207000,2010-07-29 00:00:00,1
2010-08-02 00:00:00,2010-08-02 00:00:00,679,2010-08-02 00:00:00,679,679,1,100,67900,2010-08-02 00:00:00,1
2010-08-04 00:00:00,2010-08-04 00:00:00,690,2010-08-04 00:00:00,690,690,2,200,138000,2010-08-04 00:00:00,1
2010-08-06 00:00:00,2010-08-06 00:00:00,690,2010-08-06 00:00:00,690,690,1,1400,966000,2010-08-06 00:00:00,1
2010-08-09 00:00:00,2010-08-09 00:00:00,622,2010-08-09 00:00:00,621,621.2,4,500,310600,2010-08-09 00:00:00,1
2010-08-10 00:00:00,2010-08-10 00:00:00,650,2010-08-10 00:00:00,615,650,6,1100,699990,2010-08-10 00:00:00,1
2010-08-11 00:00:00,2010-08-11 00:00:00,689,2010-08-11 00:00:00,670,670,2,200,135900,2010-08-11 00:00:00,1
2010-08-12 00:00:00,2010-08-12 00:00:00,620,2010-08-12 00:00:00,620,620,1,100,62000,2010-08-12 00:00:00,1
2010-08-13 00:00:00,2010-08-13 00:00:00,662,2010-08-13 00:00:00,620,656.4,13,2000,1264520,2010-08-13 00:00:00,1
2010-08-16 00:00:00,2010-08-16 00:00:00,700,2010-08-16 00:00:00,656.4,695.5,6,1200,834540,2010-08-16 00:00:00,1
2010-08-17 00:00:00,2010-08-17 00:00:00,749,2010-08-17 00:00:00,748.9,748.9,3,400,299570,2010-08-17 00:00:00,1
2010-08-18 00:00:00,2010-08-18 00:00:00,747.8,2010-08-18 00:00:00,740,740,2,200,148780,2010-08-18 00:00:00,1
2010-08-19 00:00:00,2010-08-19 00:00:00,700,2010-08-19 00:00:00,699.9,700,7,1100,769990,2010-08-19 00:00:00,1
2010-08-20 00:00:00,2010-08-20 00:00:00,700,2010-08-20 00:00:00,700,700,3,600,420000,2010-08-20 00:00:00,1
2010-08-23 00:00:00,2010-08-23 00:00:00,700,2010-08-23 00:00:00,660,676.1,8,1200,802410,2010-08-23 00:00:00,1
2010-08-25 00:00:00,2010-08-25 00:00:00,700,2010-08-25 00:00:00,699.9,699.9,7,1800,1259970,2010-08-25 00:00:00,1
2010-08-26 00:00:00,2010-08-26 00:00:00,699.9,2010-08-26 00:00:00,699.9,699.9,1,100,69990,2010-08-26 00:00:00,1
2010-08-30 00:00:00,2010-08-30 00:00:00,700,2010-08-30 00:00:00,700,700,3,300,210000,2010-08-30 00:00:00,1
2010-08-31 00:00:00,2010-08-31 00:00:00,700,2010-08-31 00:00:00,700,700,2,600,420000,2010-08-31 00:00:00,1
2010-09-01 00:00:00,2010-09-01 00:00:00,700,2010-09-01 00:00:00,690,699.1,11,1500,1044100,2010-09-01 00:00:00,1
2010-09-02 00:00:00,2010-09-02 00:00:00,700,2010-09-02 00:00:00,700,700,1,100,70000,2010-09-02 00:00:00,1
2010-09-03 00:00:00,2010-09-03 00:00:00,700,2010-09-03 00:00:00,700,700,3,1000,700000,2010-09-03 00:00:00,1
2010-09-07 00:00:00,2010-09-07 00:00:00,700,2010-09-07 00:00:00,699,699.7,6,2400,1679400,2010-09-07 00:00:00,1
2010-09-08 00:00:00,2010-09-08 00:00:00,699.6,2010-09-08 00:00:00,699.6,699.6,3,2500,1749000,2010-09-08 00:00:00,1
2010-09-09 00:00:00,2010-09-09 00:00:00,690,2010-09-09 00:00:00,690,690,1,100,69000,2010-09-09 00:00:00,1
2010-09-13 00:00:00,2010-09-13 00:00:00,698,2010-09-13 00:00:00,690,691.6,12,3100,2142450,2010-09-13 00:00:00,1
2010-09-14 00:00:00,2010-09-14 00:00:00,689,2010-09-14 00:00:00,685,687,2,200,137400,2010-09-14 00:00:00,1
2010-09-15 00:00:00,2010-09-15 00:00:00,691,2010-09-15 00:00:00,650,675.8,10,5500,3766500,2010-09-15 00:00:00,1
2010-09-16 00:00:00,2010-09-16 00:00:00,655,2010-09-16 00:00:00,655,655,1,100,65500,2010-09-16 00:00:00,1
2010-09-20 00:00:00,2010-09-20 00:00:00,689.9,2010-09-20 00:00:00,665,670,23,4400,2969970,2010-09-20 00:00:00,1
2010-09-21 00:00:00,2010-09-21 00:00:00,685,2010-09-21 00:00:00,670,670.3,14,30300,20310100,2010-09-21 00:00:00,1
2010-09-23 00:00:00,2010-09-23 00:00:00,685,2010-09-23 00:00:00,654,685,2,200,133900,2010-09-23 00:00:00,1
2010-09-24 00:00:00,2010-09-24 00:00:00,670,2010-09-24 00:00:00,665,669.1,6,1100,736000,2010-09-24 00:00:00,1
2010-09-27 00:00:00,2010-09-27 00:00:00,670,2010-09-27 00:00:00,660,670,13,6700,4487000,2010-09-27 00:00:00,1
2010-09-28 00:00:00,2010-09-28 00:00:00,670,2010-09-28 00:00:00,665,670,8,1700,1137200,2010-09-28 00:00:00,1
2010-09-29 00:00:00,2010-09-29 00:00:00,670,2010-09-29 00:00:00,665.9,670,4,500,334590,2010-09-29 00:00:00,1
2010-09-30 00:00:00,2010-09-30 00:00:00,670,2010-09-30 00:00:00,665,670,5,500,334010,2010-09-30 00:00:00,1
2010-10-01 00:00:00,2010-10-01 00:00:00,680,2010-10-01 00:00:00,675,675,3,400,271000,2010-10-01 00:00:00,1
2010-10-04 00:00:00,2010-10-04 00:00:00,670,2010-10-04 00:00:00,658,665.6,5,500,332800,2010-10-04 00:00:00,1
2010-10-05 00:00:00,2010-10-05 00:00:00,660,2010-10-05 00:00:00,650,652.5,5,600,393000,2010-10-05 00:00:00,1
2010-10-07 00:00:00,2010-10-07 00:00:00,669,2010-10-07 00:00:00,650,650,5,600,391910,2010-10-07 00:00:00,1
2010-10-08 00:00:00,2010-10-08 00:00:00,660,2010-10-08 00:00:00,615,659.5,3,700,457450,2010-10-08 00:00:00,1
2010-10-11 00:00:00,2010-10-11 00:00:00,659,2010-10-11 00:00:00,659,659,1,100,65900,2010-10-11 00:00:00,1
2010-10-12 00:00:00,2010-10-12 00:00:00,669,2010-10-12 00:00:00,626,648.9,7,800,519100,2010-10-12 00:00:00,1
2010-10-13 00:00:00,2010-10-13 00:00:00,670,2010-10-13 00:00:00,630,665,3,300,196000,2010-10-13 00:00:00,1
2010-10-14 00:00:00,2010-10-14 00:00:00,668,2010-10-14 00:00:00,641.3,652.7,16,2100,1369760,2010-10-14 00:00:00,1
2010-10-15 00:00:00,2010-10-15 00:00:00,660,2010-10-15 00:00:00,660,660,2,10000,6600000,2010-10-15 00:00:00,1
2010-10-18 00:00:00,2010-10-18 00:00:00,660,2010-10-18 00:00:00,660,660,8,11200,7392000,2010-10-18 00:00:00,1
2010-10-19 00:00:00,2010-10-19 00:00:00,669,2010-10-19 00:00:00,660,666,7,10100,6675000,2010-10-19 00:00:00,1
2010-10-20 00:00:00,2010-10-20 00:00:00,660,2010-10-20 00:00:00,660,660,2,5100,3366000,2010-10-20 00:00:00,1
2010-10-21 00:00:00,2010-10-21 00:00:00,660,2010-10-21 00:00:00,650,660,4,2000,1304000,2010-10-21 00:00:00,1
2010-10-25 00:00:00,2010-10-25 00:00:00,659,2010-10-25 00:00:00,659,659,1,100,65900,2010-10-25 00:00:00,1
2010-10-26 00:00:00,2010-10-26 00:00:00,659,2010-10-26 00:00:00,650,652.5,5,900,587400,2010-10-26 00:00:00,1
2010-10-27 00:00:00,2010-10-27 00:00:00,750,2010-10-27 00:00:00,652,681.5,21,8500,5861040,2010-10-27 00:00:00,1
2010-10-28 00:00:00,2010-10-28 00:00:00,685,2010-10-28 00:00:00,651,665.5,4,700,474090,2010-10-28 00:00:00,1
2010-11-01 00:00:00,2010-11-01 00:00:00,680,2010-11-01 00:00:00,679,679.8,2,500,339900,2010-11-01 00:00:00,1
2010-11-02 00:00:00,2010-11-02 00:00:00,680,2010-11-02 00:00:00,625,672.9,4,1200,807500,2010-11-02 00:00:00,1
2010-11-04 00:00:00,2010-11-04 00:00:00,650.1,2010-11-04 00:00:00,650.1,650.1,1,100,65010,2010-11-04 00:00:00,1
2010-11-09 00:00:00,2010-11-09 00:00:00,650,2010-11-09 00:00:00,650,650,3,600,390000,2010-11-09 00:00:00,1
2010-11-10 00:00:00,2010-11-10 00:00:00,650,2010-11-10 00:00:00,640,640.2,5,800,514100,2010-11-10 00:00:00,1
2010-11-11 00:00:00,2010-11-11 00:00:00,650,2010-11-11 00:00:00,650,650,1,200,130000,2010-11-11 00:00:00,1
2010-11-12 00:00:00,2010-11-12 00:00:00,678.9,2010-11-12 00:00:00,650,678.9,3,400,262890,2010-11-12 00:00:00,1
2010-11-15 00:00:00,2010-11-15 00:00:00,690,2010-11-15 00:00:00,679,684.8,4,400,273900,2010-11-15 00:00:00,1
2010-11-16 00:00:00,2010-11-16 00:00:00,639.1,2010-11-16 00:00:00,639.1,639.1,1,100,63910,2010-11-16 00:00:00,1
2010-11-18 00:00:00,2010-11-18 00:00:00,669.9,2010-11-18 00:00:00,660,660.2,2,5100,3366990,2010-11-18 00:00:00,1
2010-11-22 00:00:00,2010-11-22 00:00:00,650,2010-11-22 00:00:00,640,650,3,400,257000,2010-11-22 00:00:00,1
2010-11-23 00:00:00,2010-11-23 00:00:00,699,2010-11-23 00:00:00,642,672.8,13,7200,4779190,2010-11-23 00:00:00,1
2010-11-24 00:00:00,2010-11-24 00:00:00,680,2010-11-24 00:00:00,680,680,1,100,68000,2010-11-24 00:00:00,1
2010-11-25 00:00:00,2010-11-25 00:00:00,704,2010-11-25 00:00:00,675,697.7,7,1000,697700,2010-11-25 00:00:00,1
2010-11-26 00:00:00,2010-11-26 00:00:00,670,2010-11-26 00:00:00,670,670,2,7000,4690000,2010-11-26 00:00:00,1
2010-11-29 00:00:00,2010-11-29 00:00:00,670,2010-11-29 00:00:00,670,670,3,2500,1675000,2010-11-29 00:00:00,1
2010-11-30 00:00:00,2010-11-30 00:00:00,670,2010-11-30 00:00:00,670,670,2,200,134000,2010-11-30 00:00:00,1
2010-12-02 00:00:00,2010-12-02 00:00:00,670,2010-12-02 00:00:00,655,670,3,10200,6831500,2010-12-02 00:00:00,1
2010-12-07 00:00:00,2010-12-07 00:00:00,670,2010-12-07 00:00:00,670,670,9,37800,25326000,2010-12-07 00:00:00,1
2010-12-08 00:00:00,2010-12-08 00:00:00,670,2010-12-08 00:00:00,670,670,2,600,402000,2010-12-08 00:00:00,1
2010-12-10 00:00:00,2010-12-10 00:00:00,670,2010-12-10 00:00:00,670,670,7,10400,6968000,2010-12-10 00:00:00,1
2010-12-13 00:00:00,2010-12-13 00:00:00,670,2010-12-13 00:00:00,665,668.4,2,1600,1069500,2010-12-13 00:00:00,1
2010-12-21 00:00:00,2010-12-21 00:00:00,670,2010-12-21 00:00:00,670,670,1,2000,1340000,2010-12-21 00:00:00,1
2010-12-22 00:00:00,2010-12-22 00:00:00,680,2010-12-22 00:00:00,670,675,5,1300,876400,2010-12-22 00:00:00,1
2010-12-23 00:00:00,2010-12-23 00:00:00,671,2010-12-23 00:00:00,670,671,3,2700,1809700,2010-12-23 00:00:00,1
2010-12-27 00:00:00,2010-12-27 00:00:00,680,2010-12-27 00:00:00,680,680,2,200,136000,2010-12-27 00:00:00,1
2010-12-30 00:00:00,2010-12-30 00:00:00,663,2010-12-30 00:00:00,663,663,1,100,66300,2010-12-30 00:00:00,1
Company Id,:  NHL,Security,Type :  N,Sub Type,:  0000,,,,,
Short Name,:  NAWALOKA,,,,,,,,,
Day,Date High,High,Date Low,Low,Closing,No. of Trades,No. of Shares,Turnover,Last Traded,Days Traded
2010-01-04 00:00:00,2010-01-04 00:00:00,3.2,2010-01-04 00:00:00,3,3.1,15,169000,523870,2010-01-04 00:00:00,1
2010-01-05 00:00:00,2010-01-05 00:00:00,3.2,2010-01-05 00:00:00,3,3.1,43,1612400,4999770,2010-01-05 00:00:00,1
2010-01-06 00:00:00,2010-01-06 00:00:00,3.1,2010-01-06 00:00:00,3.1,3.1,22,159800,495380,2010-01-06 00:00:00,1
2010-01-07 00:00:00,2010-01-07 00:00:00,3.1,2010-01-07 00:00:00,3,3.1,8,124200,375020,2010-01-07 00:00:00,1
2010-01-08 00:00:00,2010-01-08 00:00:00,3.1,2010-01-08 00:00:00,3.1,3.1,16,141000,437100,2010-01-08 00:00:00,1
2010-01-11 00:00:00,2010-01-11 00:00:00,3.1,2010-01-11 00:00:00,3.1,3.1,27,480900,1490790,2010-01-11 00:00:00,1
2010-01-12 00:00:00,2010-01-12 00:00:00,3.1,2010-01-12 00:00:00,3.1,3.1,20,222100,688510,2010-01-12 00:00:00,1
2010-01-13 00:00:00,2010-01-13 00:00:00,3.1,2010-01-13 00:00:00,3,3.1,8,381600,1182950,2010-01-13 00:00:00,1
2010-01-15 00:00:00,2010-01-15 00:00:00,3.2,2010-01-15 00:00:00,3.1,3.2,115,2176300,6963680,2010-01-15 00:00:00,1
2010-01-18 00:00:00,2010-01-18 00:00:00,3.2,2010-01-18 00:00:00,3.1,3.1,40,1580700,5056710,2010-01-18 00:00:00,1
2010-01-19 00:00:00,2010-01-19 00:00:00,3.3,2010-01-19 00:00:00,3.1,3.2,42,387500,1242290,2010-01-19 00:00:00,1
2010-01-20 00:00:00,2010-01-20 00:00:00,3.2,2010-01-20 00:00:00,3.2,3.2,9,38100,121920,2010-01-20 00:00:00,1
2010-01-21 00:00:00,2010-01-21 00:00:00,3.2,2010-01-21 00:00:00,3.1,3.1,23,423000,1311310,2010-01-21 00:00:00,1
2010-01-22 00:00:00,2010-01-22 00:00:00,3.2,2010-01-22 00:00:00,3.1,3.1,20,215400,668910,2010-01-22 00:00:00,1
2010-01-25 00:00:00,2010-01-25 00:00:00,3.1,2010-01-25 00:00:00,3,3.1,32,472700,1464510,2010-01-25 00:00:00,1
2010-01-26 00:00:00,2010-01-26 00:00:00,3.2,2010-01-26 00:00:00,3,3.1,17,265200,830620,2010-01-26 00:00:00,1
2010-01-28 00:00:00,2010-01-28 00:00:00,3.1,2010-01-28 00:00:00,3,3.1,37,618800,1913260,2010-01-28 00:00:00,1
2010-02-01 00:00:00,2010-02-01 00:00:00,3.1,2010-02-01 00:00:00,3,3.1,44,3154000,9777000,2010-02-01 00:00:00,1
2010-02-02 00:00:00,2010-02-02 00:00:00,3.2,2010-02-02 00:00:00,3.1,3.2,66,3147700,10067860,2010-02-02 00:00:00,1
2010-02-03 00:00:00,2010-02-03 00:00:00,3.2,2010-02-03 00:00:00,3.1,3.1,24,222100,702020,2010-02-03 00:00:00,1
2010-02-05 00:00:00,2010-02-05 00:00:00,3.4,2010-02-05 00:00:00,3.1,3.3,266,7353600,24100680,2010-02-05 00:00:00,1
2010-02-08 00:00:00,2010-02-08 00:00:00,3.8,2010-02-08 00:00:00,3.3,3.7,709,21317800,74406450,2010-02-08 00:00:00,1
2010-02-09 00:00:00,2010-02-09 00:00:00,3.6,2010-02-09 00:00:00,3.4,3.5,263,4593000,16113750,2010-02-09 00:00:00,1
2010-02-10 00:00:00,2010-02-10 00:00:00,3.5,2010-02-10 00:00:00,3.3,3.3,204,3929600,13115750,2010-02-10 00:00:00,1
2010-02-11 00:00:00,2010-02-11 00:00:00,3.4,2010-02-11 00:00:00,3.3,3.3,86,1098800,3626650,2010-02-11 00:00:00,1
2010-02-12 00:00:00,2010-02-12 00:00:00,3.4,2010-02-12 00:00:00,3.2,3.3,63,1906800,6193130,2010-02-12 00:00:00,1
2010-02-15 00:00:00,2010-02-15 00:00:00,3.3,2010-02-15 00:00:00,3.2,3.3,64,1955300,6285710,2010-02-15 00:00:00,1
2010-02-16 00:00:00,2010-02-16 00:00:00,3.3,2010-02-16 00:00:00,3.2,3.3,47,1240700,4094210,2010-02-16 00:00:00,1
2010-02-17 00:00:00,2010-02-17 00:00:00,3.4,2010-02-17 00:00:00,3.3,3.3,33,1175000,3880530,2010-02-17 00:00:00,1
2010-02-18 00:00:00,2010-02-18 00:00:00,3.4,2010-02-18 00:00:00,3.3,3.3,34,1384600,4570700,2010-02-18 00:00:00,1
2010-02-19 00:00:00,2010-02-19 00:00:00,3.3,2010-02-19 00:00:00,3.2,3.3,63,307700,1015110,2010-02-19 00:00:00,1
2010-02-22 00:00:00,2010-02-22 00:00:00,3.4,2010-02-22 00:00:00,3.3,3.4,92,1850100,6253440,2010-02-22 00:00:00,1
2010-02-23 00:00:00,2010-02-23 00:00:00,3.4,2010-02-23 00:00:00,3.3,3.4,45,247600,833640,2010-02-23 00:00:00,1
2010-02-24 00:00:00,2010-02-24 00:00:00,3.6,2010-02-24 00:00:00,3.4,3.5,227,6295300,22050300,2010-02-24 00:00:00,1
2010-02-25 00:00:00,2010-02-25 00:00:00,3.7,2010-02-25 00:00:00,3.5,3.6,305,9997400,35989990,2010-02-25 00:00:00,1
2010-02-26 00:00:00,2010-02-26 00:00:00,3.9,2010-02-26 00:00:00,3.6,3.8,435,14299300,53768900,2010-02-26 00:00:00,1
2010-03-01 00:00:00,2010-03-01 00:00:00,4,2010-03-01 00:00:00,3.7,3.7,381,6238200,23601830,2010-03-01 00:00:00,1
2010-03-02 00:00:00,2010-03-02 00:00:00,3.8,2010-03-02 00:00:00,3.6,3.7,100,1831700,6753920,2010-03-02 00:00:00,1
2010-03-03 00:00:00,2010-03-03 00:00:00,3.7,2010-03-03 00:00:00,3.6,3.6,82,1163400,4189300,2010-03-03 00:00:00,1
2010-03-04 00:00:00,2010-03-04 00:00:00,3.7,2010-03-04 00:00:00,3.6,3.6,48,1055900,3802780,2010-03-04 00:00:00,1
2010-03-05 00:00:00,2010-03-05 00:00:00,3.8,2010-03-05 00:00:00,3.7,3.7,147,3609000,13353330,2010-03-05 00:00:00,1
2010-03-08 00:00:00,2010-03-08 00:00:00,3.8,2010-03-08 00:00:00,3.6,3.7,124,2278500,8429960,2010-03-08 00:00:00,1
2010-03-09 00:00:00,2010-03-09 00:00:00,3.7,2010-03-09 00:00:00,3.6,3.6,32,141100,515810,2010-03-09 00:00:00,1
2010-03-10 00:00:00,2010-03-10 00:00:00,3.7,2010-03-10 00:00:00,3.6,3.6,24,252700,910560,2010-03-10 00:00:00,1
2010-03-11 00:00:00,2010-03-11 00:00:00,3.7,2010-03-11 00:00:00,3.6,3.6,21,230800,842260,2010-03-11 00:00:00,1
2010-03-12 00:00:00,2010-03-12 00:00:00,3.6,2010-03-12 00:00:00,3.6,3.6,63,849300,3057480,2010-03-12 00:00:00,1
2010-03-15 00:00:00,2010-03-15 00:00:00,3.7,2010-03-15 00:00:00,3.6,3.6,62,494900,1782080,2010-03-15 00:00:00,1
2010-03-16 00:00:00,2010-03-16 00:00:00,3.7,2010-03-16 00:00:00,3.5,3.5,103,2249800,7937390,2010-03-16 00:00:00,1
2010-03-17 00:00:00,2010-03-17 00:00:00,3.6,2010-03-17 00:00:00,3.5,3.5,47,306300,1089330,2010-03-17 00:00:00,1
2010-03-18 00:00:00,2010-03-18 00:00:00,3.6,2010-03-18 00:00:00,3.5,3.5,27,362500,1269550,2010-03-18 00:00:00,1
2010-03-19 00:00:00,2010-03-19 00:00:00,3.6,2010-03-19 00:00:00,3.5,3.6,28,195100,684050,2010-03-19 00:00:00,1
2010-03-22 00:00:00,2010-03-22 00:00:00,3.6,2010-03-22 00:00:00,3.5,3.5,50,917500,3211650,2010-03-22 00:00:00,1
2010-03-23 00:00:00,2010-03-23 00:00:00,3.5,2010-03-23 00:00:00,3.5,3.5,27,120000,420000,2010-03-23 00:00:00,1
2010-03-24 00:00:00,2010-03-24 00:00:00,3.5,2010-03-24 00:00:00,3.5,3.5,13,45800,160300,2010-03-24 00:00:00,1
2010-03-25 00:00:00,2010-03-25 00:00:00,3.5,2010-03-25 00:00:00,3.4,3.4,33,447700,1523930,2010-03-25 00:00:00,1
2010-03-26 00:00:00,2010-03-26 00:00:00,3.5,2010-03-26 00:00:00,3.4,3.4,11,216400,737500,2010-03-26 00:00:00,1
2010-03-30 00:00:00,2010-03-30 00:00:00,3.5,2010-03-30 00:00:00,3.4,3.4,8,122300,416220,2010-03-30 00:00:00,1
2010-03-31 00:00:00,2010-03-31 00:00:00,3.6,2010-03-31 00:00:00,3.4,3.5,104,2030500,7170600,2010-03-31 00:00:00,1
2010-04-01 00:00:00,2010-04-01 00:00:00,3.6,2010-04-01 00:00:00,3.5,3.5,22,252500,884880,2010-04-01 00:00:00,1
2010-04-05 00:00:00,2010-04-05 00:00:00,3.5,2010-04-05 00:00:00,3.5,3.5,32,123800,433300,2010-04-05 00:00:00,1
2010-04-06 00:00:00,2010-04-06 00:00:00,3.6,2010-04-06 00:00:00,3.5,3.6,68,1182000,4148610,2010-04-06 00:00:00,1
2010-04-07 00:00:00,2010-04-07 00:00:00,3.7,2010-04-07 00:00:00,3.5,3.6,69,1320800,4753800,2010-04-07 00:00:00,1
2010-04-08 00:00:00,2010-04-08 00:00:00,3.8,2010-04-08 00:00:00,3.6,3.7,158,3255300,12117050,2010-04-08 00:00:00,1
2010-04-12 00:00:00,2010-04-12 00:00:00,3.8,2010-04-12 00:00:00,3.6,3.7,38,274700,1013390,2010-04-12 00:00:00,1
2010-04-15 00:00:00,2010-04-15 00:00:00,3.7,2010-04-15 00:00:00,3.6,3.7,36,368300,1362690,2010-04-15 00:00:00,1
2010-04-16 00:00:00,2010-04-16 00:00:00,3.9,2010-04-16 00:00:00,3.7,3.9,186,4833100,18408050,2010-04-16 00:00:00,1
2010-04-19 00:00:00,2010-04-19 00:00:00,4.6,2010-04-19 00:00:00,3.9,4.5,962,24382300,102942360,2010-04-19 00:00:00,1
2010-04-20 00:00:00,2010-04-20 00:00:00,4.7,2010-04-20 00:00:00,4.3,4.4,372,9106700,41026980,2010-04-20 00:00:00,1
2010-04-21 00:00:00,2010-04-21 00:00:00,4.5,2010-04-21 00:00:00,4.3,4.3,184,4895500,21561440,2010-04-21 00:00:00,1
2010-04-22 00:00:00,2010-04-22 00:00:00,4.4,2010-04-22 00:00:00,4.2,4.3,107,1248700,5405860,2010-04-22 00:00:00,1
2010-04-23 00:00:00,2010-04-23 00:00:00,4.3,2010-04-23 00:00:00,4.2,4.2,155,3976100,16738220,2010-04-23 00:00:00,1
2010-04-26 00:00:00,2010-04-26 00:00:00,4.6,2010-04-26 00:00:00,4.3,4.4,550,22445300,100287150,2010-04-26 00:00:00,1
2010-04-27 00:00:00,2010-04-27 00:00:00,4.6,2010-04-27 00:00:00,4.4,4.5,188,2956900,13306940,2010-04-27 00:00:00,1
2010-04-29 00:00:00,2010-04-29 00:00:00,4.6,2010-04-29 00:00:00,4.5,4.5,150,3484500,15750090,2010-04-29 00:00:00,1
2010-04-30 00:00:00,2010-04-30 00:00:00,4.7,2010-04-30 00:00:00,4.5,4.7,194,4100700,18886270,2010-04-30 00:00:00,1
2010-05-03 00:00:00,2010-05-03 00:00:00,5.25,2010-05-03 00:00:00,4.7,4.9,841,15272300,75528545,2010-05-03 00:00:00,1
2010-05-04 00:00:00,2010-05-04 00:00:00,5.75,2010-05-04 00:00:00,4.9,5.5,921,25299500,134184320,2010-05-04 00:00:00,1
2010-05-05 00:00:00,2010-05-05 00:00:00,6.25,2010-05-05 00:00:00,5.5,5.75,2447,61506400,367718775,2010-05-05 00:00:00,1
2010-05-06 00:00:00,2010-05-06 00:00:00,6.25,2010-05-06 00:00:00,5.75,6,788,18314700,109636800,2010-05-06 00:00:00,1
2010-05-07 00:00:00,2010-05-07 00:00:00,7,2010-05-07 00:00:00,6,6.75,1655,35580500,235722100,2010-05-07 00:00:00,1
2010-05-10 00:00:00,2010-05-10 00:00:00,7,2010-05-10 00:00:00,6.25,6.5,450,5736000,37812200,2010-05-10 00:00:00,1
2010-05-11 00:00:00,2010-05-11 00:00:00,6.5,2010-05-11 00:00:00,5.75,6,553,7247800,43490625,2010-05-11 00:00:00,1
2010-05-12 00:00:00,2010-05-12 00:00:00,7,2010-05-12 00:00:00,6,6.5,914,20204000,132421625,2010-05-12 00:00:00,1
2010-05-13 00:00:00,2010-05-13 00:00:00,6.75,2010-05-13 00:00:00,6.25,6.25,268,4778100,31281100,2010-05-13 00:00:00,1
2010-05-14 00:00:00,2010-05-14 00:00:00,6.5,2010-05-14 00:00:00,6.25,6.25,171,2574800,16499850,2010-05-14 00:00:00,1
2010-05-17 00:00:00,2010-05-17 00:00:00,6.5,2010-05-17 00:00:00,6.25,6.25,72,1032700,6461400,2010-05-17 00:00:00,1
2010-05-18 00:00:00,2010-05-18 00:00:00,6.25,2010-05-18 00:00:00,6,6,169,1394300,8653850,2010-05-18 00:00:00,1
2010-05-19 00:00:00,2010-05-19 00:00:00,6.5,2010-05-19 00:00:00,6,6.25,94,970900,6064275,2010-05-19 00:00:00,1
2010-05-20 00:00:00,2010-05-20 00:00:00,6.25,2010-05-20 00:00:00,6,6,148,1002500,6017850,2010-05-20 00:00:00,1
2010-05-21 00:00:00,2010-05-21 00:00:00,6.25,2010-05-21 00:00:00,5.75,6,212,1585300,9509050,2010-05-21 00:00:00,1
2010-05-24 00:00:00,2010-05-24 00:00:00,6.25,2010-05-24 00:00:00,6,6,175,2263500,13587825,2010-05-24 00:00:00,1
2010-05-25 00:00:00,2010-05-25 00:00:00,6,2010-05-25 00:00:00,5.75,6,100,1272800,7635350,2010-05-25 00:00:00,1
2010-05-26 00:00:00,2010-05-26 00:00:00,6.25,2010-05-26 00:00:00,6,6,89,3059300,18355825,2010-05-26 00:00:00,1
2010-05-31 00:00:00,2010-05-31 00:00:00,6.5,2010-05-31 00:00:00,6,6,138,1483500,9148125,2010-05-31 00:00:00,1
2010-06-01 00:00:00,2010-06-01 00:00:00,6.25,2010-06-01 00:00:00,6,6,99,1540000,9582200,2010-06-01 00:00:00,1
2010-06-02 00:00:00,2010-06-02 00:00:00,6.25,2010-06-02 00:00:00,6,6,73,307600,1847500,2010-06-02 00:00:00,1
2010-06-03 00:00:00,2010-06-03 00:00:00,6,2010-06-03 00:00:00,5.75,6,80,515200,3090800,2010-06-03 00:00:00,1
2010-06-04 00:00:00,2010-06-04 00:00:00,6,2010-06-04 00:00:00,5.75,6,117,680200,4075900,2010-06-04 00:00:00,1
2010-06-07 00:00:00,2010-06-07 00:00:00,6.25,2010-06-07 00:00:00,5.75,6,70,1147500,6878675,2010-06-07 00:00:00,1
2010-06-08 00:00:00,2010-06-08 00:00:00,6.5,2010-06-08 00:00:00,6,6,217,4480200,27241500,2010-06-08 00:00:00,1
2010-06-09 00:00:00,2010-06-09 00:00:00,6.25,2010-06-09 00:00:00,6,6,63,899300,5402750,2010-06-09 00:00:00,1
2010-06-10 00:00:00,2010-06-10 00:00:00,6.5,2010-06-10 00:00:00,6,6.25,229,4552100,27819200,2010-06-10 00:00:00,1
2010-06-11 00:00:00,2010-06-11 00:00:00,6.5,2010-06-11 00:00:00,6.25,6.25,204,4312900,27032150,2010-06-11 00:00:00,1
2010-06-14 00:00:00,2010-06-14 00:00:00,6.75,2010-06-14 00:00:00,6.25,6.5,350,3638900,23653900,2010-06-14 00:00:00,1
2010-06-15 00:00:00,2010-06-15 00:00:00,6.75,2010-06-15 00:00:00,6.5,6.5,129,1310700,8545400,2010-06-15 00:00:00,1
2010-06-16 00:00:00,2010-06-16 00:00:00,6.75,2010-06-16 00:00:00,6.5,6.5,115,1397900,9105075,2010-06-16 00:00:00,1
2010-06-17 00:00:00,2010-06-17 00:00:00,7.5,2010-06-17 00:00:00,6.5,7.25,744,9713600,68733900,2010-06-17 00:00:00,1
2010-06-21 00:00:00,2010-06-21 00:00:00,8,2010-06-21 00:00:00,7.25,7.75,695,8241100,62042925,2010-06-21 00:00:00,1
2010-06-22 00:00:00,2010-06-22 00:00:00,8,2010-06-22 00:00:00,7.5,7.75,680,7027100,55354800,2010-06-22 00:00:00,1
2010-06-23 00:00:00,2010-06-23 00:00:00,8,2010-06-23 00:00:00,7.25,7.5,244,1923600,14478925,2010-06-23 00:00:00,1
2010-06-24 00:00:00,2010-06-24 00:00:00,7.5,2010-06-24 00:00:00,7.25,7.5,238,2901500,21309525,2010-06-24 00:00:00,1
2010-06-28 00:00:00,2010-06-28 00:00:00,7.5,2010-06-28 00:00:00,7.25,7.25,122,1317400,9677525,2010-06-28 00:00:00,1
2010-06-29 00:00:00,2010-06-29 00:00:00,7.5,2010-06-29 00:00:00,7.25,7.5,141,1348800,10074450,2010-06-29 00:00:00,1
2010-06-30 00:00:00,2010-06-30 00:00:00,7.5,2010-06-30 00:00:00,7.25,7.5,168,2034500,15246675,2010-06-30 00:00:00,1
2010-07-01 00:00:00,2010-07-01 00:00:00,7.75,2010-07-01 00:00:00,7.25,7.5,128,1251000,9395975,2010-07-01 00:00:00,1
2010-07-02 00:00:00,2010-07-02 00:00:00,7.75,2010-07-02 00:00:00,7.25,7.5,144,2689300,20176550,2010-07-02 00:00:00,1
2010-07-05 00:00:00,2010-07-05 00:00:00,7.75,2010-07-05 00:00:00,7.25,7.5,173,2658500,19911225,2010-07-05 00:00:00,1
2010-07-06 00:00:00,2010-07-06 00:00:00,8.5,2010-07-06 00:00:00,7.5,8,859,11574400,94955250,2010-07-06 00:00:00,1
2010-07-07 00:00:00,2010-07-07 00:00:00,8,2010-07-07 00:00:00,7.25,7.5,300,4452600,33527900,2010-07-07 00:00:00,1
2010-07-08 00:00:00,2010-07-08 00:00:00,8,2010-07-08 00:00:00,7.5,7.75,178,4479000,34840300,2010-07-08 00:00:00,1
2010-07-09 00:00:00,2010-07-09 00:00:00,8,2010-07-09 00:00:00,7.5,7.5,238,4535900,34502825,2010-07-09 00:00:00,1
2010-07-12 00:00:00,2010-07-12 00:00:00,8,2010-07-12 00:00:00,7.5,7.75,121,948100,7375350,2010-07-12 00:00:00,1
2010-07-13 00:00:00,2010-07-13 00:00:00,8.25,2010-07-13 00:00:00,8,8.25,341,6268600,50367100,2010-07-13 00:00:00,1
2010-07-14 00:00:00,2010-07-14 00:00:00,8.25,2010-07-14 00:00:00,8,8.25,341,4365700,36006900,2010-07-14 00:00:00,1
2010-07-15 00:00:00,2010-07-15 00:00:00,8.25,2010-07-15 00:00:00,8,8,251,4326000,34801375,2010-07-15 00:00:00,1
2010-07-16 00:00:00,2010-07-16 00:00:00,8.25,2010-07-16 00:00:00,7.75,8,140,3331200,26647475,2010-07-16 00:00:00,1
2010-07-19 00:00:00,2010-07-19 00:00:00,8,2010-07-19 00:00:00,7.75,7.75,160,1137600,8927350,2010-07-19 00:00:00,1
2010-07-20 00:00:00,2010-07-20 00:00:00,8,2010-07-20 00:00:00,7.75,8,165,1720700,13752725,2010-07-20 00:00:00,1
2010-07-21 00:00:00,2010-07-21 00:00:00,8.25,2010-07-21 00:00:00,7.75,8,106,846700,6761975,2010-07-21 00:00:00,1
2010-07-22 00:00:00,2010-07-22 00:00:00,8,2010-07-22 00:00:00,7.75,7.75,37,287600,2253275,2010-07-22 00:00:00,1
2010-07-23 00:00:00,2010-07-23 00:00:00,8,2010-07-23 00:00:00,7.75,7.75,103,973900,7771900,2010-07-23 00:00:00,1
2010-07-26 00:00:00,2010-07-26 00:00:00,8,2010-07-26 00:00:00,7.75,7.75,62,265500,2089100,2010-07-26 00:00:00,1
2010-07-27 00:00:00,2010-07-27 00:00:00,8,2010-07-27 00:00:00,7.75,7.75,105,500000,3881750,2010-07-27 00:00:00,1
2010-07-28 00:00:00,2010-07-28 00:00:00,8,2010-07-28 00:00:00,7.75,7.75,55,220400,1731450,2010-07-28 00:00:00,1
2010-07-29 00:00:00,2010-07-29 00:00:00,8,2010-07-29 00:00:00,7.75,7.75,166,2341500,18635025,2010-07-29 00:00:00,1
2010-07-30 00:00:00,2010-07-30 00:00:00,8,2010-07-30 00:00:00,7.75,7.75,82,778400,6100050,2010-07-30 00:00:00,1
2010-08-02 00:00:00,2010-08-02 00:00:00,8.2,2010-08-02 00:00:00,7.9,8,200,3237500,26018320,2010-08-02 00:00:00,1
2010-08-03 00:00:00,2010-08-03 00:00:00,8.8,2010-08-03 00:00:00,8,8.5,548,10537400,88837560,2010-08-03 00:00:00,1
2010-08-04 00:00:00,2010-08-04 00:00:00,8.7,2010-08-04 00:00:00,8.3,8.6,469,9428500,80969690,2010-08-04 00:00:00,1
2010-08-05 00:00:00,2010-08-05 00:00:00,8.8,2010-08-05 00:00:00,8,8.4,488,5963400,49650190,2010-08-05 00:00:00,1
2010-08-06 00:00:00,2010-08-06 00:00:00,8.7,2010-08-06 00:00:00,8.1,8.2,219,2332300,19283570,2010-08-06 00:00:00,1
2010-08-09 00:00:00,2010-08-09 00:00:00,8.1,2010-08-09 00:00:00,7.5,7.5,415,4916800,37391650,2010-08-09 00:00:00,1
2010-08-10 00:00:00,2010-08-10 00:00:00,8.2,2010-08-10 00:00:00,7,8.2,584,6837600,53837570,2010-08-10 00:00:00,1
2010-08-11 00:00:00,2010-08-11 00:00:00,8.5,2010-08-11 00:00:00,7.7,7.9,279,2432800,19670440,2010-08-11 00:00:00,1
2010-08-12 00:00:00,2010-08-12 00:00:00,8.2,2010-08-12 00:00:00,7.8,7.8,107,411100,3228850,2010-08-12 00:00:00,1
2010-08-13 00:00:00,2010-08-13 00:00:00,8.2,2010-08-13 00:00:00,7.8,8,101,522800,4116860,2010-08-13 00:00:00,1
2010-08-16 00:00:00,2010-08-16 00:00:00,8,2010-08-16 00:00:00,7.8,7.9,82,529700,4172490,2010-08-16 00:00:00,1
2010-08-17 00:00:00,2010-08-17 00:00:00,7.9,2010-08-17 00:00:00,7.7,7.8,185,2411900,18837880,2010-08-17 00:00:00,1
2010-08-18 00:00:00,2010-08-18 00:00:00,8,2010-08-18 00:00:00,7.8,7.8,102,571800,4482550,2010-08-18 00:00:00,1
2010-08-19 00:00:00,2010-08-19 00:00:00,8,2010-08-19 00:00:00,7.8,7.8,140,707300,5546880,2010-08-19 00:00:00,1
2010-08-20 00:00:00,2010-08-20 00:00:00,8.1,2010-08-20 00:00:00,7.7,7.8,103,399800,3108670,2010-08-20 00:00:00,1
2010-08-23 00:00:00,2010-08-23 00:00:00,8,2010-08-23 00:00:00,7.7,7.7,106,600800,4672110,2010-08-23 00:00:00,1
2010-08-25 00:00:00,2010-08-25 00:00:00,7.8,2010-08-25 00:00:00,7.6,7.7,130,789300,6084020,2010-08-25 00:00:00,1
2010-08-26 00:00:00,2010-08-26 00:00:00,7.7,2010-08-26 00:00:00,7.5,7.6,154,575700,4375240,2010-08-26 00:00:00,1
2010-08-27 00:00:00,2010-08-27 00:00:00,7.6,2010-08-27 00:00:00,7.3,7.5,365,2362400,17620580,2010-08-27 00:00:00,1
2010-08-30 00:00:00,2010-08-30 00:00:00,7.6,2010-08-30 00:00:00,7.4,7.4,167,534300,3976720,2010-08-30 00:00:00,1
2010-08-31 00:00:00,2010-08-31 00:00:00,7.6,2010-08-31 00:00:00,7.3,7.4,146,935300,6926080,2010-08-31 00:00:00,1
2010-09-01 00:00:00,2010-09-01 00:00:00,7.6,2010-09-01 00:00:00,7.4,7.4,114,1130100,8452150,2010-09-01 00:00:00,1
2010-09-02 00:00:00,2010-09-02 00:00:00,7.5,2010-09-02 00:00:00,7.3,7.4,129,606900,4493150,2010-09-02 00:00:00,1
2010-09-03 00:00:00,2010-09-03 00:00:00,7.8,2010-09-03 00:00:00,7.4,7.7,229,2208200,16646810,2010-09-03 00:00:00,1
2010-09-06 00:00:00,2010-09-06 00:00:00,7.7,2010-09-06 00:00:00,7.4,7.7,136,1129300,8596200,2010-09-06 00:00:00,1
2010-09-07 00:00:00,2010-09-07 00:00:00,8,2010-09-07 00:00:00,7.7,7.7,116,576000,4493880,2010-09-07 00:00:00,1
2010-09-08 00:00:00,2010-09-08 00:00:00,7.9,2010-09-08 00:00:00,7.6,7.8,134,2428000,18799500,2010-09-08 00:00:00,1
2010-09-09 00:00:00,2010-09-09 00:00:00,7.9,2010-09-09 00:00:00,7.6,7.7,162,5117300,39450290,2010-09-09 00:00:00,1
2010-09-13 00:00:00,2010-09-13 00:00:00,7.8,2010-09-13 00:00:00,7.6,7.7,62,218700,1684340,2010-09-13 00:00:00,1
2010-09-14 00:00:00,2010-09-14 00:00:00,7.8,2010-09-14 00:00:00,7.5,7.7,127,2017800,15349440,2010-09-14 00:00:00,1
2010-09-15 00:00:00,2010-09-15 00:00:00,7.7,2010-09-15 00:00:00,7.6,7.6,98,2084000,15860850,2010-09-15 00:00:00,1
2010-09-16 00:00:00,2010-09-16 00:00:00,8,2010-09-16 00:00:00,7.6,7.7,199,2114300,16278810,2010-09-16 00:00:00,1
2010-09-17 00:00:00,2010-09-17 00:00:00,8.1,2010-09-17 00:00:00,7.6,7.9,345,3384200,26925680,2010-09-17 00:00:00,1
2010-09-20 00:00:00,2010-09-20 00:00:00,8,2010-09-20 00:00:00,7.7,7.7,98,718900,5640100,2010-09-20 00:00:00,1
2010-09-21 00:00:00,2010-09-21 00:00:00,7.9,2010-09-21 00:00:00,7.6,7.7,120,642700,4967080,2010-09-21 00:00:00,1
2010-09-23 00:00:00,2010-09-23 00:00:00,8,2010-09-23 00:00:00,7.6,7.9,235,4753600,37284560,2010-09-23 00:00:00,1
2010-09-24 00:00:00,2010-09-24 00:00:00,8.7,2010-09-24 00:00:00,7.9,8.4,1170,22073200,181065660,2010-09-24 00:00:00,1
2010-09-27 00:00:00,2010-09-27 00:00:00,9.2,2010-09-27 00:00:00,8.5,8.8,1046,12579900,111007430,2010-09-27 00:00:00,1
2010-09-28 00:00:00,2010-09-28 00:00:00,8.8,2010-09-28 00:00:00,8.4,8.5,366,1764600,15127200,2010-09-28 00:00:00,1
2010-09-29 00:00:00,2010-09-29 00:00:00,8.7,2010-09-29 00:00:00,8.4,8.4,240,1795600,15337260,2010-09-29 00:00:00,1
2010-09-30 00:00:00,2010-09-30 00:00:00,8.7,2010-09-30 00:00:00,8.4,8.4,235,1316300,11223750,2010-09-30 00:00:00,1
2010-10-01 00:00:00,2010-10-01 00:00:00,9.1,2010-10-01 00:00:00,8.4,9,765,12864300,113770930,2010-10-01 00:00:00,1
2010-10-04 00:00:00,2010-10-04 00:00:00,9.4,2010-10-04 00:00:00,9,9.2,722,10310500,94593890,2010-10-04 00:00:00,1
2010-10-05 00:00:00,2010-10-05 00:00:00,10,2010-10-05 00:00:00,9.1,9.3,2601,42715700,409556020,2010-10-05 00:00:00,1
2010-10-06 00:00:00,2010-10-06 00:00:00,9.4,2010-10-06 00:00:00,8.8,9,560,6712300,61245530,2010-10-06 00:00:00,1
2010-10-07 00:00:00,2010-10-07 00:00:00,9.1,2010-10-07 00:00:00,8.5,8.7,366,2541000,22146330,2010-10-07 00:00:00,1
2010-10-08 00:00:00,2010-10-08 00:00:00,8.9,2010-10-08 00:00:00,8.6,8.7,170,1641800,14303820,2010-10-08 00:00:00,1
2010-10-11 00:00:00,2010-10-11 00:00:00,8.9,2010-10-11 00:00:00,8.5,8.6,145,741800,6411440,2010-10-11 00:00:00,1
2010-10-12 00:00:00,2010-10-12 00:00:00,8.8,2010-10-12 00:00:00,7.9,8.1,268,1767700,14584000,2010-10-12 00:00:00,1
2010-10-13 00:00:00,2010-10-13 00:00:00,8.2,2010-10-13 00:00:00,7.4,8.1,295,2426500,18890840,2010-10-13 00:00:00,1
2010-10-14 00:00:00,2010-10-14 00:00:00,8.4,2010-10-14 00:00:00,8,8,133,1347300,10944540,2010-10-14 00:00:00,1
2010-10-15 00:00:00,2010-10-15 00:00:00,8.2,2010-10-15 00:00:00,8,8.1,83,503000,4059480,2010-10-15 00:00:00,1
2010-10-18 00:00:00,2010-10-18 00:00:00,8.2,2010-10-18 00:00:00,8,8.1,115,740900,6006110,2010-10-18 00:00:00,1
2010-10-19 00:00:00,2010-10-19 00:00:00,8.7,2010-10-19 00:00:00,8,8.5,304,8722400,74061240,2010-10-19 00:00:00,1
2010-10-20 00:00:00,2010-10-20 00:00:00,8.6,2010-10-20 00:00:00,8.4,8.5,97,1320400,11221030,2010-10-20 00:00:00,1
2010-10-21 00:00:00,2010-10-21 00:00:00,8.7,2010-10-21 00:00:00,8.5,8.6,161,2994500,25537710,2010-10-21 00:00:00,1
2010-10-25 00:00:00,2010-10-25 00:00:00,8.6,2010-10-25 00:00:00,8.4,8.4,94,1859900,15767770,2010-10-25 00:00:00,1
2010-10-26 00:00:00,2010-10-26 00:00:00,8.4,2010-10-26 00:00:00,8.1,8.1,68,160900,1329470,2010-10-26 00:00:00,1
2010-10-27 00:00:00,2010-10-27 00:00:00,8.2,2010-10-27 00:00:00,8,8.1,85,615800,4939520,2010-10-27 00:00:00,1
2010-10-28 00:00:00,2010-10-28 00:00:00,8.2,2010-10-28 00:00:00,8,8.1,63,285400,2295890,2010-10-28 00:00:00,1
2010-10-29 00:00:00,2010-10-29 00:00:00,8.6,2010-10-29 00:00:00,8,8.5,138,2578200,21843140,2010-10-29 00:00:00,1
2010-11-01 00:00:00,2010-11-01 00:00:00,8.5,2010-11-01 00:00:00,8.3,8.4,62,1015200,8569120,2010-11-01 00:00:00,1
2010-11-02 00:00:00,2010-11-02 00:00:00,8.5,2010-11-02 00:00:00,8.3,8.3,48,344100,2884540,2010-11-02 00:00:00,1
2010-11-03 00:00:00,2010-11-03 00:00:00,8.4,2010-11-03 00:00:00,8.1,8.3,74,310000,2558680,2010-11-03 00:00:00,1
2010-11-04 00:00:00,2010-11-04 00:00:00,8.4,2010-11-04 00:00:00,8.2,8.3,31,81200,667280,2010-11-04 00:00:00,1
2010-11-08 00:00:00,2010-11-08 00:00:00,8.3,2010-11-08 00:00:00,8.2,8.2,31,101700,835030,2010-11-08 00:00:00,1
2010-11-09 00:00:00,2010-11-09 00:00:00,8.3,2010-11-09 00:00:00,8,8,87,369800,2977140,2010-11-09 00:00:00,1
2010-11-10 00:00:00,2010-11-10 00:00:00,8.1,2010-11-10 00:00:00,7.9,8,66,467500,3740310,2010-11-10 00:00:00,1
2010-11-11 00:00:00,2010-11-11 00:00:00,8.1,2010-11-11 00:00:00,7.9,8,33,220800,1768240,2010-11-11 00:00:00,1
2010-11-12 00:00:00,2010-11-12 00:00:00,8,2010-11-12 00:00:00,7.9,8,39,94200,753120,2010-11-12 00:00:00,1
2010-11-15 00:00:00,2010-11-15 00:00:00,8,2010-11-15 00:00:00,7.9,7.9,54,98700,781790,2010-11-15 00:00:00,1
2010-11-16 00:00:00,2010-11-16 00:00:00,8.1,2010-11-16 00:00:00,7.8,7.9,67,275400,2187860,2010-11-16 00:00:00,1
2010-11-18 00:00:00,2010-11-18 00:00:00,8.1,2010-11-18 00:00:00,7.9,8,76,378700,3026800,2010-11-18 00:00:00,1
2010-11-22 00:00:00,2010-11-22 00:00:00,8,2010-11-22 00:00:00,7.8,8,52,132400,1055080,2010-11-22 00:00:00,1
2010-11-23 00:00:00,2010-11-23 00:00:00,8,2010-11-23 00:00:00,7.7,7.8,53,246200,1928590,2010-11-23 00:00:00,1
2010-11-29 00:00:00,2010-11-29 00:00:00,3.9,2010-11-29 00:00:00,3.6,3.7,119,709500,2672470,2010-11-29 00:00:00,1
2010-11-30 00:00:00,2010-11-30 00:00:00,4,2010-11-30 00:00:00,3.8,3.9,195,7388600,28769510,2010-11-30 00:00:00,1
2010-12-01 00:00:00,2010-12-01 00:00:00,4.1,2010-12-01 00:00:00,3.9,4,199,2942300,11730650,2010-12-01 00:00:00,1
2010-12-02 00:00:00,2010-12-02 00:00:00,4,2010-12-02 00:00:00,3.9,4,112,2156500,8599840,2010-12-02 00:00:00,1
2010-12-03 00:00:00,2010-12-03 00:00:00,4,2010-12-03 00:00:00,3.9,4,84,991600,3868580,2010-12-03 00:00:00,1
2010-12-06 00:00:00,2010-12-06 00:00:00,4,2010-12-06 00:00:00,3.8,3.9,75,326600,1274480,2010-12-06 00:00:00,1
2010-12-07 00:00:00,2010-12-07 00:00:00,4,2010-12-07 00:00:00,3.9,3.9,48,231000,903390,2010-12-07 00:00:00,1
2010-12-08 00:00:00,2010-12-08 00:00:00,3.9,2010-12-08 00:00:00,3.8,3.8,37,123400,472520,2010-12-08 00:00:00,1
2010-12-09 00:00:00,2010-12-09 00:00:00,3.9,2010-12-09 00:00:00,3.8,3.9,67,516600,2008350,2010-12-09 00:00:00,1
2010-12-10 00:00:00,2010-12-10 00:00:00,3.9,2010-12-10 00:00:00,3.8,3.9,41,229700,892000,2010-12-10 00:00:00,1
2010-12-13 00:00:00,2010-12-13 00:00:00,3.9,2010-12-13 00:00:00,3.8,3.8,45,329100,1254300,2010-12-13 00:00:00,1
2010-12-14 00:00:00,2010-12-14 00:00:00,3.9,2010-12-14 00:00:00,3.7,3.7,106,576200,2187390,2010-12-14 00:00:00,1
2010-12-15 00:00:00,2010-12-15 00:00:00,3.9,2010-12-15 00:00:00,3.7,3.7,67,513700,1904100,2010-12-15 00:00:00,1
2010-12-16 00:00:00,2010-12-16 00:00:00,3.8,2010-12-16 00:00:00,3.7,3.7,33,119400,443000,2010-12-16 00:00:00,1
2010-12-17 00:00:00,2010-12-17 00:00:00,3.8,2010-12-17 00:00:00,3.7,3.7,47,317400,1177820,2010-12-17 00:00:00,1
2010-12-21 00:00:00,2010-12-21 00:00:00,3.8,2010-12-21 00:00:00,3.6,3.7,55,234600,869910,2010-12-21 00:00:00,1
2010-12-22 00:00:00,2010-12-22 00:00:00,3.8,2010-12-22 00:00:00,3.7,3.7,46,340600,1268000,2010-12-22 00:00:00,1
2010-12-23 00:00:00,2010-12-23 00:00:00,3.8,2010-12-23 00:00:00,3.7,3.7,82,413200,1532360,2010-12-23 00:00:00,1
2010-12-24 00:00:00,2010-12-24 00:00:00,3.8,2010-12-24 00:00:00,3.7,3.7,60,282700,1049340,2010-12-24 00:00:00,1
2010-12-27 00:00:00,2010-12-27 00:00:00,3.8,2010-12-27 00:00:00,3.7,3.7,77,133600,495060,2010-12-27 00:00:00,1
2010-12-28 00:00:00,2010-12-28 00:00:00,3.8,2010-12-28 00:00:00,3.7,3.7,101,1012700,3749970,2010-12-28 00:00:00,1
2010-12-29 00:00:00,2010-12-29 00:00:00,3.8,2010-12-29 00:00:00,3.6,3.7,89,1421700,5260790,2010-12-29 00:00:00,1
2010-12-30 00:00:00,2010-12-30 00:00:00,3.8,2010-12-30 00:00:00,3.6,3.7,76,859900,3151090,2010-12-30 00:00:00,1
2010-12-31 00:00:00,2010-12-31 00:00:00,3.8,2010-12-31 00:00:00,3.6,3.7,82,760200,2813090,2010-12-31 00:00:00,1
Company Id,:  NTB,Security,Type :  N,Sub Type,:  0000,,,,,
Short Name,:  NATIONS TRUST,,,,,,,,,
Day,Date High,High,Date Low,Low,Closing,No. of Trades,No. of Shares,Turnover,Last Traded,Days Traded
2010-01-04 00:00:00,2010-01-04 00:00:00,38.5,2010-01-04 00:00:00,36.5,38,92,281000,10562925,2010-01-04 00:00:00,1
2010-01-05 00:00:00,2010-01-05 00:00:00,39.25,2010-01-05 00:00:00,37.25,38,132,309100,11778225,2010-01-05 00:00:00,1
2010-01-06 00:00:00,2010-01-06 00:00:00,38.5,2010-01-06 00:00:00,37.75,38,47,104700,3991075,2010-01-06 00:00:00,1
2010-01-07 00:00:00,2010-01-07 00:00:00,38,2010-01-07 00:00:00,37,37.5,37,99700,3723125,2010-01-07 00:00:00,1
2010-01-08 00:00:00,2010-01-08 00:00:00,38,2010-01-08 00:00:00,37.5,38,24,47600,1792725,2010-01-08 00:00:00,1
2010-01-11 00:00:00,2010-01-11 00:00:00,38.5,2010-01-11 00:00:00,37.75,38,70,226500,8614275,2010-01-11 00:00:00,1
2010-01-12 00:00:00,2010-01-12 00:00:00,38.25,2010-01-12 00:00:00,37.5,37.5,35,81000,3082300,2010-01-12 00:00:00,1
2010-01-13 00:00:00,2010-01-13 00:00:00,38.5,2010-01-13 00:00:00,37.5,38,59,598900,22754500,2010-01-13 00:00:00,1
2010-01-15 00:00:00,2010-01-15 00:00:00,38.25,2010-01-15 00:00:00,37.5,38,52,1182200,44922025,2010-01-15 00:00:00,1
2010-01-18 00:00:00,2010-01-18 00:00:00,38.25,2010-01-18 00:00:00,37.5,38,64,803700,30539775,2010-01-18 00:00:00,1
2010-01-19 00:00:00,2010-01-19 00:00:00,38,2010-01-19 00:00:00,37.25,37.75,41,69900,2622125,2010-01-19 00:00:00,1
2010-01-20 00:00:00,2010-01-20 00:00:00,38.75,2010-01-20 00:00:00,37.75,38.5,67,149800,5741775,2010-01-20 00:00:00,1
2010-01-21 00:00:00,2010-01-21 00:00:00,38.5,2010-01-21 00:00:00,38,38,30,201800,7763850,2010-01-21 00:00:00,1
2010-01-22 00:00:00,2010-01-22 00:00:00,38.75,2010-01-22 00:00:00,38.5,38.5,55,101600,3913950,2010-01-22 00:00:00,1
2010-01-25 00:00:00,2010-01-25 00:00:00,38.75,2010-01-25 00:00:00,38,38.5,56,118400,4550300,2010-01-25 00:00:00,1
2010-01-26 00:00:00,2010-01-26 00:00:00,39.5,2010-01-26 00:00:00,38.5,39,52,84200,3270475,2010-01-26 00:00:00,1
2010-01-28 00:00:00,2010-01-28 00:00:00,39.5,2010-01-28 00:00:00,37,39,83,286800,11127425,2010-01-28 00:00:00,1
2010-02-01 00:00:00,2010-02-01 00:00:00,39.5,2010-02-01 00:00:00,39,39.25,59,749900,29284350,2010-02-01 00:00:00,1
2010-02-02 00:00:00,2010-02-02 00:00:00,39.75,2010-02-02 00:00:00,39,39.25,53,113700,4460525,2010-02-02 00:00:00,1
2010-02-03 00:00:00,2010-02-03 00:00:00,39.5,2010-02-03 00:00:00,38.5,38.75,27,32500,1263125,2010-02-03 00:00:00,1
2010-02-05 00:00:00,2010-02-05 00:00:00,39,2010-02-05 00:00:00,38.25,38.75,18,49600,1917250,2010-02-05 00:00:00,1
2010-02-08 00:00:00,2010-02-08 00:00:00,39,2010-02-08 00:00:00,38.5,39,31,28800,1119775,2010-02-08 00:00:00,1
2010-02-09 00:00:00,2010-02-09 00:00:00,39,2010-02-09 00:00:00,37.75,37.75,44,66600,2547250,2010-02-09 00:00:00,1
2010-02-10 00:00:00,2010-02-10 00:00:00,38.5,2010-02-10 00:00:00,37.5,38,49,186900,7083300,2010-02-10 00:00:00,1
2010-02-11 00:00:00,2010-02-11 00:00:00,39,2010-02-11 00:00:00,37.25,38.25,78,137100,5199100,2010-02-11 00:00:00,1
2010-02-12 00:00:00,2010-02-12 00:00:00,38.75,2010-02-12 00:00:00,37,37.25,32,46900,1759050,2010-02-12 00:00:00,1
2010-02-15 00:00:00,2010-02-15 00:00:00,39,2010-02-15 00:00:00,37,39,79,5805800,226212925,2010-02-15 00:00:00,1
2010-02-16 00:00:00,2010-02-16 00:00:00,38.75,2010-02-16 00:00:00,37,37.5,14,5300,198875,2010-02-16 00:00:00,1
2010-02-17 00:00:00,2010-02-17 00:00:00,37.5,2010-02-17 00:00:00,36.75,36.75,21,24300,899225,2010-02-17 00:00:00,1
2010-02-18 00:00:00,2010-02-18 00:00:00,38,2010-02-18 00:00:00,36.75,37,26,227300,8459675,2010-02-18 00:00:00,1
2010-02-19 00:00:00,2010-02-19 00:00:00,38,2010-02-19 00:00:00,37.25,37.5,61,141400,5298625,2010-02-19 00:00:00,1
2010-02-22 00:00:00,2010-02-22 00:00:00,37.5,2010-02-22 00:00:00,36.75,37,34,49100,1822100,2010-02-22 00:00:00,1
2010-02-23 00:00:00,2010-02-23 00:00:00,37,2010-02-23 00:00:00,36.5,36.75,12,13100,481025,2010-02-23 00:00:00,1
2010-02-24 00:00:00,2010-02-24 00:00:00,37,2010-02-24 00:00:00,36.5,36.5,27,15500,569625,2010-02-24 00:00:00,1
2010-02-25 00:00:00,2010-02-25 00:00:00,37,2010-02-25 00:00:00,36.5,37,20,22200,818275,2010-02-25 00:00:00,1
2010-02-26 00:00:00,2010-02-26 00:00:00,37.5,2010-02-26 00:00:00,36.75,36.75,34,32800,1207775,2010-02-26 00:00:00,1
2010-03-01 00:00:00,2010-03-01 00:00:00,37.5,2010-03-01 00:00:00,36.75,37.25,47,51000,1891875,2010-03-01 00:00:00,1
2010-03-02 00:00:00,2010-03-02 00:00:00,37.5,2010-03-02 00:00:00,37,37,27,59300,2195125,2010-03-02 00:00:00,1
2010-03-03 00:00:00,2010-03-03 00:00:00,37,2010-03-03 00:00:00,36.25,37,36,60700,2222100,2010-03-03 00:00:00,1
2010-03-04 00:00:00,2010-03-04 00:00:00,37,2010-03-04 00:00:00,36.25,36.25,18,14400,524875,2010-03-04 00:00:00,1
2010-03-05 00:00:00,2010-03-05 00:00:00,37,2010-03-05 00:00:00,36.25,37,30,44600,1641300,2010-03-05 00:00:00,1
2010-03-08 00:00:00,2010-03-08 00:00:00,37,2010-03-08 00:00:00,36.5,36.5,18,25800,949225,2010-03-08 00:00:00,1
2010-03-09 00:00:00,2010-03-09 00:00:00,37,2010-03-09 00:00:00,36.5,36.5,41,32000,1170875,2010-03-09 00:00:00,1
2010-03-10 00:00:00,2010-03-10 00:00:00,36.75,2010-03-10 00:00:00,36.25,36.5,38,188000,6863925,2010-03-10 00:00:00,1
2010-03-11 00:00:00,2010-03-11 00:00:00,36.75,2010-03-11 00:00:00,36.5,36.75,21,29600,1087400,2010-03-11 00:00:00,1
2010-03-12 00:00:00,2010-03-12 00:00:00,37,2010-03-12 00:00:00,36.5,36.75,48,69500,2554300,2010-03-12 00:00:00,1
2010-03-15 00:00:00,2010-03-15 00:00:00,36.75,2010-03-15 00:00:00,36,36.5,34,70900,2591725,2010-03-15 00:00:00,1
2010-03-16 00:00:00,2010-03-16 00:00:00,37,2010-03-16 00:00:00,36.5,37,15,22600,827175,2010-03-16 00:00:00,1
2010-03-17 00:00:00,2010-03-17 00:00:00,37,2010-03-17 00:00:00,36.25,36.5,19,25000,911675,2010-03-17 00:00:00,1
2010-03-18 00:00:00,2010-03-18 00:00:00,36.75,2010-03-18 00:00:00,36.25,36.25,19,25200,917675,2010-03-18 00:00:00,1
2010-03-19 00:00:00,2010-03-19 00:00:00,36.75,2010-03-19 00:00:00,36.5,36.5,16,26900,982100,2010-03-19 00:00:00,1
2010-03-22 00:00:00,2010-03-22 00:00:00,36.75,2010-03-22 00:00:00,36,36,35,55700,2014150,2010-03-22 00:00:00,1
2010-03-23 00:00:00,2010-03-23 00:00:00,36.5,2010-03-23 00:00:00,36,36.25,9,12300,443925,2010-03-23 00:00:00,1
2010-03-24 00:00:00,2010-03-24 00:00:00,36.25,2010-03-24 00:00:00,35.75,36,26,58600,2110425,2010-03-24 00:00:00,1
2010-03-25 00:00:00,2010-03-25 00:00:00,36.25,2010-03-25 00:00:00,36,36,12,454400,16358425,2010-03-25 00:00:00,1
2010-03-26 00:00:00,2010-03-26 00:00:00,36.25,2010-03-26 00:00:00,34.5,36,124,769300,27002000,2010-03-26 00:00:00,1
2010-03-30 00:00:00,2010-03-30 00:00:00,36.25,2010-03-30 00:00:00,35,36,49,933900,33564375,2010-03-30 00:00:00,1
2010-03-31 00:00:00,2010-03-31 00:00:00,35.25,2010-03-31 00:00:00,35,35,43,86100,3014150,2010-03-31 00:00:00,1
2010-04-01 00:00:00,2010-04-01 00:00:00,35,2010-04-01 00:00:00,34.25,34.5,30,42400,1464200,2010-04-01 00:00:00,1
2010-04-05 00:00:00,2010-04-05 00:00:00,34.5,2010-04-05 00:00:00,34,34.25,31,54700,1877900,2010-04-05 00:00:00,1
2010-04-06 00:00:00,2010-04-06 00:00:00,35.75,2010-04-06 00:00:00,34.5,35.25,65,99100,3452850,2010-04-06 00:00:00,1
2010-04-07 00:00:00,2010-04-07 00:00:00,37.75,2010-04-07 00:00:00,35.5,36.5,186,1185400,43383075,2010-04-07 00:00:00,1
2010-04-08 00:00:00,2010-04-08 00:00:00,36.5,2010-04-08 00:00:00,36,36.5,34,105000,3829200,2010-04-08 00:00:00,1
2010-04-12 00:00:00,2010-04-12 00:00:00,37,2010-04-12 00:00:00,36.5,36.75,37,28700,1055475,2010-04-12 00:00:00,1
2010-04-15 00:00:00,2010-04-15 00:00:00,37,2010-04-15 00:00:00,36.5,36.5,20,22600,826900,2010-04-15 00:00:00,1
2010-04-16 00:00:00,2010-04-16 00:00:00,38.5,2010-04-16 00:00:00,36.5,38,130,479800,18012225,2010-04-16 00:00:00,1
2010-04-19 00:00:00,2010-04-19 00:00:00,38.5,2010-04-19 00:00:00,37.75,38,46,538800,20475200,2010-04-19 00:00:00,1
2010-04-20 00:00:00,2010-04-20 00:00:00,38.25,2010-04-20 00:00:00,37,37.75,47,95000,3605225,2010-04-20 00:00:00,1
2010-04-21 00:00:00,2010-04-21 00:00:00,38.25,2010-04-21 00:00:00,37.5,38,87,755100,28453775,2010-04-21 00:00:00,1
2010-04-22 00:00:00,2010-04-22 00:00:00,38.25,2010-04-22 00:00:00,37.75,37.75,26,28200,1067650,2010-04-22 00:00:00,1
2010-04-23 00:00:00,2010-04-23 00:00:00,38.25,2010-04-23 00:00:00,37.75,37.75,82,158600,6013725,2010-04-23 00:00:00,1
2010-04-26 00:00:00,2010-04-26 00:00:00,38,2010-04-26 00:00:00,37.5,37.75,65,262000,9947325,2010-04-26 00:00:00,1
2010-04-27 00:00:00,2010-04-27 00:00:00,38,2010-04-27 00:00:00,37.5,37.5,32,221500,8373200,2010-04-27 00:00:00,1
2010-04-29 00:00:00,2010-04-29 00:00:00,37.75,2010-04-29 00:00:00,37.25,37.5,27,29600,1110225,2010-04-29 00:00:00,1
2010-04-30 00:00:00,2010-04-30 00:00:00,37.5,2010-04-30 00:00:00,37,37.25,29,75400,2803175,2010-04-30 00:00:00,1
2010-05-03 00:00:00,2010-05-03 00:00:00,38,2010-05-03 00:00:00,37.5,37.75,56,100400,3778950,2010-05-03 00:00:00,1
2010-05-04 00:00:00,2010-05-04 00:00:00,37.75,2010-05-04 00:00:00,37.25,37.5,25,60600,2271400,2010-05-04 00:00:00,1
2010-05-05 00:00:00,2010-05-05 00:00:00,37.5,2010-05-05 00:00:00,36.75,37,58,118700,4418050,2010-05-05 00:00:00,1
2010-05-06 00:00:00,2010-05-06 00:00:00,37.25,2010-05-06 00:00:00,36.5,36.5,51,115700,4240350,2010-05-06 00:00:00,1
2010-05-07 00:00:00,2010-05-07 00:00:00,37.5,2010-05-07 00:00:00,36.5,37.25,68,111900,4161475,2010-05-07 00:00:00,1
2010-05-10 00:00:00,2010-05-10 00:00:00,37.5,2010-05-10 00:00:00,37,37,46,91800,3403875,2010-05-10 00:00:00,1
2010-05-11 00:00:00,2010-05-11 00:00:00,37.5,2010-05-11 00:00:00,37,37,31,104500,3889075,2010-05-11 00:00:00,1
2010-05-12 00:00:00,2010-05-12 00:00:00,37.25,2010-05-12 00:00:00,36.75,36.75,59,128700,4760475,2010-05-12 00:00:00,1
2010-05-13 00:00:00,2010-05-13 00:00:00,37.5,2010-05-13 00:00:00,37,37,74,107900,4001750,2010-05-13 00:00:00,1
2010-05-14 00:00:00,2010-05-14 00:00:00,37.5,2010-05-14 00:00:00,37,37.25,39,74600,2774425,2010-05-14 00:00:00,1
2010-05-17 00:00:00,2010-05-17 00:00:00,38,2010-05-17 00:00:00,37.5,37.75,81,300500,11316850,2010-05-17 00:00:00,1
2010-05-18 00:00:00,2010-05-18 00:00:00,38,2010-05-18 00:00:00,37.5,37.5,85,383700,14531275,2010-05-18 00:00:00,1
2010-05-19 00:00:00,2010-05-19 00:00:00,38,2010-05-19 00:00:00,37.5,37.5,54,472200,17755275,2010-05-19 00:00:00,1
2010-05-20 00:00:00,2010-05-20 00:00:00,37.5,2010-05-20 00:00:00,37.25,37.25,40,152500,5703575,2010-05-20 00:00:00,1
2010-05-21 00:00:00,2010-05-21 00:00:00,37.5,2010-05-21 00:00:00,37.25,37.25,33,176300,6584075,2010-05-21 00:00:00,1
2010-05-24 00:00:00,2010-05-24 00:00:00,37.5,2010-05-24 00:00:00,37.25,37.5,37,202700,7599550,2010-05-24 00:00:00,1
2010-05-25 00:00:00,2010-05-25 00:00:00,37.5,2010-05-25 00:00:00,37.25,37.25,43,135000,5037675,2010-05-25 00:00:00,1
2010-05-26 00:00:00,2010-05-26 00:00:00,37.5,2010-05-26 00:00:00,37.25,37.25,21,54500,2031750,2010-05-26 00:00:00,1
2010-05-31 00:00:00,2010-05-31 00:00:00,37.5,2010-05-31 00:00:00,37,37.25,33,108000,4047050,2010-05-31 00:00:00,1
2010-06-01 00:00:00,2010-06-01 00:00:00,38,2010-06-01 00:00:00,37.5,38,65,219800,8272625,2010-06-01 00:00:00,1
2010-06-02 00:00:00,2010-06-02 00:00:00,42.75,2010-06-02 00:00:00,37.5,42,745,5807000,227405450,2010-06-02 00:00:00,1
2010-06-03 00:00:00,2010-06-03 00:00:00,44.5,2010-06-03 00:00:00,42,42.25,501,1192700,51389625,2010-06-03 00:00:00,1
2010-06-04 00:00:00,2010-06-04 00:00:00,45.25,2010-06-04 00:00:00,41.5,44.75,669,1918700,84329425,2010-06-04 00:00:00,1
2010-06-07 00:00:00,2010-06-07 00:00:00,48.25,2010-06-07 00:00:00,45,47.5,646,1630400,76434050,2010-06-07 00:00:00,1
2010-06-08 00:00:00,2010-06-08 00:00:00,49,2010-06-08 00:00:00,45,46,391,771500,35903475,2010-06-08 00:00:00,1
2010-06-09 00:00:00,2010-06-09 00:00:00,46.5,2010-06-09 00:00:00,43.75,44.5,131,235500,10627025,2010-06-09 00:00:00,1
2010-06-10 00:00:00,2010-06-10 00:00:00,47.25,2010-06-10 00:00:00,45,47,195,906400,42179400,2010-06-10 00:00:00,1
2010-06-11 00:00:00,2010-06-11 00:00:00,48.25,2010-06-11 00:00:00,46.75,47.75,201,735200,34913200,2010-06-11 00:00:00,1
2010-06-14 00:00:00,2010-06-14 00:00:00,49.75,2010-06-14 00:00:00,47.75,49.25,241,987500,48303700,2010-06-14 00:00:00,1
2010-06-15 00:00:00,2010-06-15 00:00:00,52,2010-06-15 00:00:00,49.75,50.5,428,1603600,81380600,2010-06-15 00:00:00,1
2010-06-16 00:00:00,2010-06-16 00:00:00,51,2010-06-16 00:00:00,50,50.5,186,494500,25013625,2010-06-16 00:00:00,1
2010-06-17 00:00:00,2010-06-17 00:00:00,51,2010-06-17 00:00:00,49.5,49.75,138,323300,16150625,2010-06-17 00:00:00,1
2010-06-21 00:00:00,2010-06-21 00:00:00,50.5,2010-06-21 00:00:00,49.25,49.75,136,363000,18106975,2010-06-21 00:00:00,1
2010-06-22 00:00:00,2010-06-22 00:00:00,50,2010-06-22 00:00:00,49,49.25,99,248000,12218775,2010-06-22 00:00:00,1
2010-06-23 00:00:00,2010-06-23 00:00:00,52,2010-06-23 00:00:00,49,51.75,312,1175600,60094225,2010-06-23 00:00:00,1
2010-06-24 00:00:00,2010-06-24 00:00:00,53.5,2010-06-24 00:00:00,51.5,52.75,279,790100,41518925,2010-06-24 00:00:00,1
2010-06-28 00:00:00,2010-06-28 00:00:00,54,2010-06-28 00:00:00,53,54,182,464600,24988100,2010-06-28 00:00:00,1
2010-06-29 00:00:00,2010-06-29 00:00:00,57.5,2010-06-29 00:00:00,54,55.5,456,1492200,82538100,2010-06-29 00:00:00,1
2010-06-30 00:00:00,2010-06-30 00:00:00,57.5,2010-06-30 00:00:00,55.25,55.5,209,434700,24559150,2010-06-30 00:00:00,1
2010-07-01 00:00:00,2010-07-01 00:00:00,56,2010-07-01 00:00:00,55,55.25,116,175300,9735425,2010-07-01 00:00:00,1
2010-07-02 00:00:00,2010-07-02 00:00:00,55.25,2010-07-02 00:00:00,53,53.5,95,99400,5346375,2010-07-02 00:00:00,1
2010-07-05 00:00:00,2010-07-05 00:00:00,54,2010-07-05 00:00:00,52.25,53.75,108,721000,38680725,2010-07-05 00:00:00,1
2010-07-06 00:00:00,2010-07-06 00:00:00,53.75,2010-07-06 00:00:00,52,52.75,98,131900,6971875,2010-07-06 00:00:00,1
2010-07-07 00:00:00,2010-07-07 00:00:00,53.25,2010-07-07 00:00:00,50.5,52,118,738300,38206700,2010-07-07 00:00:00,1
2010-07-08 00:00:00,2010-07-08 00:00:00,56,2010-07-08 00:00:00,50.5,54.5,151,399900,21502650,2010-07-08 00:00:00,1
2010-07-09 00:00:00,2010-07-09 00:00:00,55.5,2010-07-09 00:00:00,53.25,53.5,96,147200,7994300,2010-07-09 00:00:00,1
2010-07-12 00:00:00,2010-07-12 00:00:00,53.5,2010-07-12 00:00:00,52.25,52.5,63,70900,3754875,2010-07-12 00:00:00,1
2010-07-13 00:00:00,2010-07-13 00:00:00,54.25,2010-07-13 00:00:00,53,54,93,161600,8664925,2010-07-13 00:00:00,1
2010-07-14 00:00:00,2010-07-14 00:00:00,55.75,2010-07-14 00:00:00,53.5,55,151,527100,28932650,2010-07-14 00:00:00,1
2010-07-15 00:00:00,2010-07-15 00:00:00,56.5,2010-07-15 00:00:00,55.5,56.5,145,398300,22348600,2010-07-15 00:00:00,1
2010-07-16 00:00:00,2010-07-16 00:00:00,56.75,2010-07-16 00:00:00,56.25,56.5,101,223100,12593375,2010-07-16 00:00:00,1
2010-07-19 00:00:00,2010-07-19 00:00:00,57,2010-07-19 00:00:00,56.5,57,117,346000,19660575,2010-07-19 00:00:00,1
2010-07-20 00:00:00,2010-07-20 00:00:00,58,2010-07-20 00:00:00,56.5,57.75,165,651800,37450375,2010-07-20 00:00:00,1
2010-07-21 00:00:00,2010-07-21 00:00:00,58,2010-07-21 00:00:00,57,57.5,82,260700,14977275,2010-07-21 00:00:00,1
2010-07-22 00:00:00,2010-07-22 00:00:00,59,2010-07-22 00:00:00,57.25,57.25,103,506500,29214075,2010-07-22 00:00:00,1
2010-07-23 00:00:00,2010-07-23 00:00:00,58,2010-07-23 00:00:00,57.5,57.5,76,390200,22491200,2010-07-23 00:00:00,1
2010-07-26 00:00:00,2010-07-26 00:00:00,60,2010-07-26 00:00:00,57.25,59.75,165,821700,48516200,2010-07-26 00:00:00,1
2010-07-27 00:00:00,2010-07-27 00:00:00,62,2010-07-27 00:00:00,59.75,61.25,294,1090700,66056700,2010-07-27 00:00:00,1
2010-07-28 00:00:00,2010-07-28 00:00:00,64.75,2010-07-28 00:00:00,61.5,64.5,352,1653900,104190475,2010-07-28 00:00:00,1
2010-07-29 00:00:00,2010-07-29 00:00:00,65,2010-07-29 00:00:00,62.75,63,277,921700,59036325,2010-07-29 00:00:00,1
2010-07-30 00:00:00,2010-07-30 00:00:00,63.5,2010-07-30 00:00:00,62,62.5,99,156900,9840675,2010-07-30 00:00:00,1
2010-08-02 00:00:00,2010-08-02 00:00:00,64.4,2010-08-02 00:00:00,61.7,62.7,79,176300,11059260,2010-08-02 00:00:00,1
2010-08-03 00:00:00,2010-08-03 00:00:00,64.1,2010-08-03 00:00:00,62.7,63.6,111,453800,28903480,2010-08-03 00:00:00,1
2010-08-04 00:00:00,2010-08-04 00:00:00,64.3,2010-08-04 00:00:00,62.1,64,137,623600,39788510,2010-08-04 00:00:00,1
2010-08-05 00:00:00,2010-08-05 00:00:00,64.5,2010-08-05 00:00:00,60,64.1,182,621500,38894270,2010-08-05 00:00:00,1
2010-08-06 00:00:00,2010-08-06 00:00:00,64.1,2010-08-06 00:00:00,62.5,62.6,99,126800,8023670,2010-08-06 00:00:00,1
2010-08-09 00:00:00,2010-08-09 00:00:00,61,2010-08-09 00:00:00,58,59,237,758600,45207680,2010-08-09 00:00:00,1
2010-08-10 00:00:00,2010-08-10 00:00:00,63,2010-08-10 00:00:00,55,62.2,263,572700,34033480,2010-08-10 00:00:00,1
2010-08-11 00:00:00,2010-08-11 00:00:00,65,2010-08-11 00:00:00,62,63,165,707200,44803260,2010-08-11 00:00:00,1
2010-08-12 00:00:00,2010-08-12 00:00:00,63.2,2010-08-12 00:00:00,61.3,62.5,42,54500,3410530,2010-08-12 00:00:00,1
2010-08-13 00:00:00,2010-08-13 00:00:00,63,2010-08-13 00:00:00,62,62.6,56,100000,6254060,2010-08-13 00:00:00,1
2010-08-16 00:00:00,2010-08-16 00:00:00,64,2010-08-16 00:00:00,62.5,62.6,56,124000,7801750,2010-08-16 00:00:00,1
2010-08-17 00:00:00,2010-08-17 00:00:00,62.4,2010-08-17 00:00:00,61.3,61.7,108,276900,17104110,2010-08-17 00:00:00,1
2010-08-18 00:00:00,2010-08-18 00:00:00,62.5,2010-08-18 00:00:00,61.5,61.6,125,237300,14721120,2010-08-18 00:00:00,1
2010-08-19 00:00:00,2010-08-19 00:00:00,63.5,2010-08-19 00:00:00,61.8,62,137,605400,37556710,2010-08-19 00:00:00,1
2010-08-20 00:00:00,2010-08-20 00:00:00,63,2010-08-20 00:00:00,61.6,61.8,76,212500,13161700,2010-08-20 00:00:00,1
2010-08-23 00:00:00,2010-08-23 00:00:00,62.4,2010-08-23 00:00:00,61.5,61.8,117,355800,22057170,2010-08-23 00:00:00,1
2010-08-25 00:00:00,2010-08-25 00:00:00,67,2010-08-25 00:00:00,62,64,183,481400,30813420,2010-08-25 00:00:00,1
2010-08-26 00:00:00,2010-08-26 00:00:00,65,2010-08-26 00:00:00,62,62.1,90,426200,27102830,2010-08-26 00:00:00,1
2010-08-27 00:00:00,2010-08-27 00:00:00,63,2010-08-27 00:00:00,62,62.4,52,91800,5736710,2010-08-27 00:00:00,1
2010-08-30 00:00:00,2010-08-30 00:00:00,62.5,2010-08-30 00:00:00,61.7,62,55,119800,7429650,2010-08-30 00:00:00,1
2010-08-31 00:00:00,2010-08-31 00:00:00,62,2010-08-31 00:00:00,61,62,58,130100,8056320,2010-08-31 00:00:00,1
2010-09-01 00:00:00,2010-09-01 00:00:00,65,2010-09-01 00:00:00,61.5,62,58,244700,15174600,2010-09-01 00:00:00,1
2010-09-02 00:00:00,2010-09-02 00:00:00,64,2010-09-02 00:00:00,61,63,188,722200,45358640,2010-09-02 00:00:00,1
2010-09-03 00:00:00,2010-09-03 00:00:00,64,2010-09-03 00:00:00,62.1,63.6,140,444300,28227070,2010-09-03 00:00:00,1
2010-09-06 00:00:00,2010-09-06 00:00:00,64.5,2010-09-06 00:00:00,63,64.1,130,564000,36068690,2010-09-06 00:00:00,1
2010-09-07 00:00:00,2010-09-07 00:00:00,65.9,2010-09-07 00:00:00,64,65,155,440200,28447460,2010-09-07 00:00:00,1
2010-09-08 00:00:00,2010-09-08 00:00:00,66,2010-09-08 00:00:00,64,64,99,345900,22303880,2010-09-08 00:00:00,1
2010-09-09 00:00:00,2010-09-09 00:00:00,68.5,2010-09-09 00:00:00,64,66,262,1533600,100101280,2010-09-09 00:00:00,1
2010-09-13 00:00:00,2010-09-13 00:00:00,68.5,2010-09-13 00:00:00,66,68,225,547200,36972330,2010-09-13 00:00:00,1
2010-09-14 00:00:00,2010-09-14 00:00:00,70.7,2010-09-14 00:00:00,68,69.5,373,729600,50740820,2010-09-14 00:00:00,1
2010-09-15 00:00:00,2010-09-15 00:00:00,76.4,2010-09-15 00:00:00,66,76.4,602,1788500,129320140,2010-09-15 00:00:00,1
2010-09-16 00:00:00,2010-09-16 00:00:00,84,2010-09-16 00:00:00,78,84,1070,2886500,236815850,2010-09-16 00:00:00,1
2010-09-17 00:00:00,2010-09-17 00:00:00,92.4,2010-09-17 00:00:00,90,92.4,347,669200,61566000,2010-09-17 00:00:00,1
2010-09-20 00:00:00,2010-09-20 00:00:00,105,2010-09-20 00:00:00,91,98.2,1395,2845200,274450360,2010-09-20 00:00:00,1
2010-09-21 00:00:00,2010-09-21 00:00:00,114.7,2010-09-21 00:00:00,95.5,101.6,1544,3047500,313026970,2010-09-21 00:00:00,1
2010-09-23 00:00:00,2010-09-23 00:00:00,104,2010-09-23 00:00:00,93.5,94.9,722,1284700,126852910,2010-09-23 00:00:00,1
2010-09-24 00:00:00,2010-09-24 00:00:00,100,2010-09-24 00:00:00,92,95.6,424,1096700,106839610,2010-09-24 00:00:00,1
2010-09-27 00:00:00,2010-09-27 00:00:00,97,2010-09-27 00:00:00,92,92.7,334,502700,47296760,2010-09-27 00:00:00,1
2010-09-28 00:00:00,2010-09-28 00:00:00,95,2010-09-28 00:00:00,90,94,219,342900,31876330,2010-09-28 00:00:00,1
2010-09-29 00:00:00,2010-09-29 00:00:00,97,2010-09-29 00:00:00,93.2,95.6,152,202900,19283320,2010-09-29 00:00:00,1
2010-09-30 00:00:00,2010-09-30 00:00:00,95.7,2010-09-30 00:00:00,93,94.9,169,420600,39868640,2010-09-30 00:00:00,1
2010-10-01 00:00:00,2010-10-01 00:00:00,99,2010-10-01 00:00:00,94.6,95.6,251,521600,50074190,2010-10-01 00:00:00,1
2010-10-04 00:00:00,2010-10-04 00:00:00,96.1,2010-10-04 00:00:00,93,93.2,124,207500,19581510,2010-10-04 00:00:00,1
2010-10-05 00:00:00,2010-10-05 00:00:00,100,2010-10-05 00:00:00,92,98.6,470,1523300,149458990,2010-10-05 00:00:00,1
2010-10-06 00:00:00,2010-10-06 00:00:00,98.7,2010-10-06 00:00:00,93.1,93.8,118,145800,13755550,2010-10-06 00:00:00,1
2010-10-07 00:00:00,2010-10-07 00:00:00,95,2010-10-07 00:00:00,89,92.2,318,553500,50440770,2010-10-07 00:00:00,1
2010-10-08 00:00:00,2010-10-08 00:00:00,93.8,2010-10-08 00:00:00,90,93,204,268800,24592630,2010-10-08 00:00:00,1
2010-10-11 00:00:00,2010-10-11 00:00:00,95,2010-10-11 00:00:00,90.1,94,176,445900,41804250,2010-10-11 00:00:00,1
2010-10-12 00:00:00,2010-10-12 00:00:00,94,2010-10-12 00:00:00,88,88.2,226,285700,25691710,2010-10-12 00:00:00,1
2010-10-13 00:00:00,2010-10-13 00:00:00,91,2010-10-13 00:00:00,80.4,84.9,575,1714200,145509520,2010-10-13 00:00:00,1
2010-10-14 00:00:00,2010-10-14 00:00:00,89.5,2010-10-14 00:00:00,83.4,83.6,222,225900,19371800,2010-10-14 00:00:00,1
2010-10-15 00:00:00,2010-10-15 00:00:00,86.9,2010-10-15 00:00:00,82,85.6,135,142100,11973960,2010-10-15 00:00:00,1
2010-10-18 00:00:00,2010-10-18 00:00:00,90,2010-10-18 00:00:00,85,87.3,203,288000,25189060,2010-10-18 00:00:00,1
2010-10-19 00:00:00,2010-10-19 00:00:00,89.8,2010-10-19 00:00:00,86,89.2,231,334100,29644750,2010-10-19 00:00:00,1
2010-10-20 00:00:00,2010-10-20 00:00:00,92,2010-10-20 00:00:00,87,87.3,292,395400,35207890,2010-10-20 00:00:00,1
2010-10-21 00:00:00,2010-10-21 00:00:00,89.4,2010-10-21 00:00:00,87.6,88.3,99,149800,13223170,2010-10-21 00:00:00,1
2010-10-25 00:00:00,2010-10-25 00:00:00,89.5,2010-10-25 00:00:00,85,85.4,177,4242000,372731410,2010-10-25 00:00:00,1
2010-10-26 00:00:00,2010-10-26 00:00:00,89,2010-10-26 00:00:00,83,85.7,194,540500,46130410,2010-10-26 00:00:00,1
2010-10-27 00:00:00,2010-10-27 00:00:00,86.7,2010-10-27 00:00:00,84,85.3,100,183500,15630450,2010-10-27 00:00:00,1
2010-10-28 00:00:00,2010-10-28 00:00:00,86,2010-10-28 00:00:00,84.5,85,63,88600,7528540,2010-10-28 00:00:00,1
2010-10-29 00:00:00,2010-10-29 00:00:00,87,2010-10-29 00:00:00,84,85.8,129,192400,16458860,2010-10-29 00:00:00,1
2010-11-01 00:00:00,2010-11-01 00:00:00,87.5,2010-11-01 00:00:00,86,86.1,62,81900,7098930,2010-11-01 00:00:00,1
2010-11-02 00:00:00,2010-11-02 00:00:00,86.5,2010-11-02 00:00:00,85.5,85.8,66,97100,8347190,2010-11-02 00:00:00,1
2010-11-03 00:00:00,2010-11-03 00:00:00,89,2010-11-03 00:00:00,85.8,86.7,155,122700,10728070,2010-11-03 00:00:00,1
2010-11-04 00:00:00,2010-11-04 00:00:00,88,2010-11-04 00:00:00,85,85.5,81,71800,6133120,2010-11-04 00:00:00,1
2010-11-08 00:00:00,2010-11-08 00:00:00,86.5,2010-11-08 00:00:00,85,85.1,110,101300,8692280,2010-11-08 00:00:00,1
2010-11-09 00:00:00,2010-11-09 00:00:00,86,2010-11-09 00:00:00,84,84.4,98,91600,7784230,2010-11-09 00:00:00,1
2010-11-10 00:00:00,2010-11-10 00:00:00,86,2010-11-10 00:00:00,83.5,85,71,54600,4600160,2010-11-10 00:00:00,1
2010-11-11 00:00:00,2010-11-11 00:00:00,86.2,2010-11-11 00:00:00,84.1,86,58,93800,8025430,2010-11-11 00:00:00,1
2010-11-12 00:00:00,2010-11-12 00:00:00,86.3,2010-11-12 00:00:00,85.1,85.6,59,34300,2944430,2010-11-12 00:00:00,1
2010-11-15 00:00:00,2010-11-15 00:00:00,86.5,2010-11-15 00:00:00,83.6,83.8,75,71200,5995510,2010-11-15 00:00:00,1
2010-11-16 00:00:00,2010-11-16 00:00:00,86.5,2010-11-16 00:00:00,83,83.1,90,317300,26530060,2010-11-16 00:00:00,1
2010-11-18 00:00:00,2010-11-18 00:00:00,85.5,2010-11-18 00:00:00,83.6,84.9,100,87000,7372750,2010-11-18 00:00:00,1
2010-11-22 00:00:00,2010-11-22 00:00:00,87,2010-11-22 00:00:00,84,85.1,165,296700,25363820,2010-11-22 00:00:00,1
2010-11-23 00:00:00,2010-11-23 00:00:00,87,2010-11-23 00:00:00,82.6,83.1,128,108000,9085850,2010-11-23 00:00:00,1
2010-11-24 00:00:00,2010-11-24 00:00:00,84.5,2010-11-24 00:00:00,83,83.1,44,56600,4733540,2010-11-24 00:00:00,1
2010-11-25 00:00:00,2010-11-25 00:00:00,84,2010-11-25 00:00:00,82,82.1,33,21800,1795210,2010-11-25 00:00:00,1
2010-11-26 00:00:00,2010-11-26 00:00:00,82.5,2010-11-26 00:00:00,79,80,137,139400,11234710,2010-11-26 00:00:00,1
2010-11-29 00:00:00,2010-11-29 00:00:00,81,2010-11-29 00:00:00,75,75.8,177,105400,8119490,2010-11-29 00:00:00,1
2010-11-30 00:00:00,2010-11-30 00:00:00,84.5,2010-11-30 00:00:00,80,83,307,325900,26823910,2010-11-30 00:00:00,1
2010-12-01 00:00:00,2010-12-01 00:00:00,86.3,2010-12-01 00:00:00,82,85.9,344,684200,58333240,2010-12-01 00:00:00,1
2010-12-02 00:00:00,2010-12-02 00:00:00,87,2010-12-02 00:00:00,83,83.8,105,93100,7904520,2010-12-02 00:00:00,1
2010-12-03 00:00:00,2010-12-03 00:00:00,83.8,2010-12-03 00:00:00,82.5,82.8,73,61000,5056640,2010-12-03 00:00:00,1
2010-12-06 00:00:00,2010-12-06 00:00:00,83,2010-12-06 00:00:00,80,80.1,136,123300,9957490,2010-12-06 00:00:00,1
2010-12-07 00:00:00,2010-12-07 00:00:00,81,2010-12-07 00:00:00,79.8,80.5,70,71800,5751040,2010-12-07 00:00:00,1
2010-12-08 00:00:00,2010-12-08 00:00:00,80.5,2010-12-08 00:00:00,78,79.8,58,82800,6555170,2010-12-08 00:00:00,1
2010-12-09 00:00:00,2010-12-09 00:00:00,80,2010-12-09 00:00:00,79.5,79.6,87,134800,10776750,2010-12-09 00:00:00,1
2010-12-10 00:00:00,2010-12-10 00:00:00,80,2010-12-10 00:00:00,79.2,79.3,57,87600,6976130,2010-12-10 00:00:00,1
2010-12-13 00:00:00,2010-12-13 00:00:00,80,2010-12-13 00:00:00,78.6,79,62,81600,6477530,2010-12-13 00:00:00,1
2010-12-14 00:00:00,2010-12-14 00:00:00,79,2010-12-14 00:00:00,78,78.3,53,41000,3205320,2010-12-14 00:00:00,1
2010-12-15 00:00:00,2010-12-15 00:00:00,79,2010-12-15 00:00:00,77,78.6,37,22300,1733030,2010-12-15 00:00:00,1
2010-12-16 00:00:00,2010-12-16 00:00:00,79,2010-12-16 00:00:00,78,78.7,38,37900,2969180,2010-12-16 00:00:00,1
2010-12-17 00:00:00,2010-12-17 00:00:00,78,2010-12-17 00:00:00,77.5,78,30,26500,2066580,2010-12-17 00:00:00,1
2010-12-21 00:00:00,2010-12-21 00:00:00,79,2010-12-21 00:00:00,78,78.7,39,46700,3665270,2010-12-21 00:00:00,1
2010-12-22 00:00:00,2010-12-22 00:00:00,81,2010-12-22 00:00:00,78.4,80.7,102,113000,9057330,2010-12-22 00:00:00,1
2010-12-23 00:00:00,2010-12-23 00:00:00,83.4,2010-12-23 00:00:00,80,82.7,189,373900,30733850,2010-12-23 00:00:00,1
2010-12-24 00:00:00,2010-12-24 00:00:00,83,2010-12-24 00:00:00,82,82.9,42,82300,6811740,2010-12-24 00:00:00,1
2010-12-27 00:00:00,2010-12-27 00:00:00,99,2010-12-27 00:00:00,82.6,84.9,189,229300,19670800,2010-12-27 00:00:00,1
2010-12-28 00:00:00,2010-12-28 00:00:00,85.3,2010-12-28 00:00:00,82.7,83.1,116,98900,8250800,2010-12-28 00:00:00,1
2010-12-29 00:00:00,2010-12-29 00:00:00,84.1,2010-12-29 00:00:00,83,83.1,74,68400,5697500,2010-12-29 00:00:00,1
2010-12-30 00:00:00,2010-12-30 00:00:00,83.2,2010-12-30 00:00:00,80.5,82.5,99,104100,8588000,2010-12-30 00:00:00,1
2010-12-31 00:00:00,2010-12-31 00:00:00,83.5,2010-12-31 00:00:00,83,83.4,67,55900,4661170,2010-12-31 00:00:00,1
Company Id,:  NTB,Security,Type :  W,Sub Type,:  0010,,,,,
Short Name,:  NATIONS TRUST,,,,,,,,,
Day,Date High,High,Date Low,Low,Closing,No. of Trades,No. of Shares,Turnover,Last Traded,Days Traded
2010-01-04 00:00:00,2010-01-04 00:00:00,8.25,2010-01-04 00:00:00,7.5,8,54,536800,4299475,2010-01-04 00:00:00,1
2010-01-05 00:00:00,2010-01-05 00:00:00,8.75,2010-01-05 00:00:00,8.25,8.25,64,385700,3287200,2010-01-05 00:00:00,1
2010-01-06 00:00:00,2010-01-06 00:00:00,8.75,2010-01-06 00:00:00,8.25,8.25,15,44400,374500,2010-01-06 00:00:00,1
2010-01-07 00:00:00,2010-01-07 00:00:00,8.5,2010-01-07 00:00:00,8,8.25,23,119800,970650,2010-01-07 00:00:00,1
2010-01-08 00:00:00,2010-01-08 00:00:00,8.5,2010-01-08 00:00:00,8.25,8.25,6,16600,137600,2010-01-08 00:00:00,1
2010-01-11 00:00:00,2010-01-11 00:00:00,8.75,2010-01-11 00:00:00,8.25,8.25,17,23200,197150,2010-01-11 00:00:00,1
2010-01-12 00:00:00,2010-01-12 00:00:00,8.25,2010-01-12 00:00:00,8.25,8.25,5,4300,35475,2010-01-12 00:00:00,1
2010-01-13 00:00:00,2010-01-13 00:00:00,8.5,2010-01-13 00:00:00,8,8,13,15500,126500,2010-01-13 00:00:00,1
2010-01-15 00:00:00,2010-01-15 00:00:00,8,2010-01-15 00:00:00,7.75,8,10,90400,723100,2010-01-15 00:00:00,1
2010-01-18 00:00:00,2010-01-18 00:00:00,8,2010-01-18 00:00:00,8,8,16,122700,981600,2010-01-18 00:00:00,1
2010-01-19 00:00:00,2010-01-19 00:00:00,8.25,2010-01-19 00:00:00,7.75,7.75,11,98100,784350,2010-01-19 00:00:00,1
2010-01-20 00:00:00,2010-01-20 00:00:00,8.5,2010-01-20 00:00:00,7.75,8.25,62,733600,6050525,2010-01-20 00:00:00,1
2010-01-21 00:00:00,2010-01-21 00:00:00,8.25,2010-01-21 00:00:00,8.25,8.25,8,63000,519750,2010-01-21 00:00:00,1
2010-01-22 00:00:00,2010-01-22 00:00:00,8.5,2010-01-22 00:00:00,8.25,8.25,15,83400,693575,2010-01-22 00:00:00,1
2010-01-25 00:00:00,2010-01-25 00:00:00,8.25,2010-01-25 00:00:00,8,8,3,10000,81375,2010-01-25 00:00:00,1
2010-01-26 00:00:00,2010-01-26 00:00:00,8.5,2010-01-26 00:00:00,8,8.25,31,333800,2701900,2010-01-26 00:00:00,1
2010-01-28 00:00:00,2010-01-28 00:00:00,8.5,2010-01-28 00:00:00,8,8.25,13,124500,1028125,2010-01-28 00:00:00,1
2010-02-01 00:00:00,2010-02-01 00:00:00,8.75,2010-02-01 00:00:00,8.25,8.75,68,517800,4472925,2010-02-01 00:00:00,1
2010-02-02 00:00:00,2010-02-02 00:00:00,8.5,2010-02-02 00:00:00,8.25,8.25,26,208400,1725350,2010-02-02 00:00:00,1
2010-02-03 00:00:00,2010-02-03 00:00:00,8.25,2010-02-03 00:00:00,8,8,64,251300,2021950,2010-02-03 00:00:00,1
2010-02-05 00:00:00,2010-02-05 00:00:00,8.25,2010-02-05 00:00:00,8,8,41,164000,1312250,2010-02-05 00:00:00,1
2010-02-08 00:00:00,2010-02-08 00:00:00,8,2010-02-08 00:00:00,7.75,8,24,110900,886950,2010-02-08 00:00:00,1
2010-02-09 00:00:00,2010-02-09 00:00:00,8,2010-02-09 00:00:00,6.75,7.25,129,685200,5105300,2010-02-09 00:00:00,1
2010-02-10 00:00:00,2010-02-10 00:00:00,7.25,2010-02-10 00:00:00,6.25,6.75,146,601900,3990400,2010-02-10 00:00:00,1
2010-02-11 00:00:00,2010-02-11 00:00:00,7,2010-02-11 00:00:00,6,6.25,80,380100,2416200,2010-02-11 00:00:00,1
2010-02-12 00:00:00,2010-02-12 00:00:00,6.25,2010-02-12 00:00:00,6,6.25,92,587800,3566275,2010-02-12 00:00:00,1
2010-02-15 00:00:00,2010-02-15 00:00:00,6.5,2010-02-15 00:00:00,6,6.25,92,727100,4577600,2010-02-15 00:00:00,1
2010-02-16 00:00:00,2010-02-16 00:00:00,6.25,2010-02-16 00:00:00,6,6,60,256400,1545900,2010-02-16 00:00:00,1
2010-02-17 00:00:00,2010-02-17 00:00:00,6,2010-02-17 00:00:00,5.5,5.75,70,533400,3169925,2010-02-17 00:00:00,1
2010-02-18 00:00:00,2010-02-18 00:00:00,5.75,2010-02-18 00:00:00,5,5.5,111,1110600,5909575,2010-02-18 00:00:00,1
2010-02-19 00:00:00,2010-02-19 00:00:00,6,2010-02-19 00:00:00,5.25,5.75,165,1248700,6935000,2010-02-19 00:00:00,1
2010-02-22 00:00:00,2010-02-22 00:00:00,6,2010-02-22 00:00:00,5,5.5,245,708300,3803375,2010-02-22 00:00:00,1
Company Id,:  NTB,Security,Type :  W,Sub Type,:  0011,,,,,
Short Name,:  NATIONS TRUST,,,,,,,,,
Day,Date High,High,Date Low,Low,Closing,No. of Trades,No. of Shares,Turnover,Last Traded,Days Traded
2010-01-04 00:00:00,2010-01-04 00:00:00,9,2010-01-04 00:00:00,8.5,8.75,14,45200,393975,2010-01-04 00:00:00,1
2010-01-05 00:00:00,2010-01-05 00:00:00,9,2010-01-05 00:00:00,8.75,8.75,16,45100,403800,2010-01-05 00:00:00,1
2010-01-06 00:00:00,2010-01-06 00:00:00,9,2010-01-06 00:00:00,8.75,8.75,5,20000,179250,2010-01-06 00:00:00,1
2010-01-07 00:00:00,2010-01-07 00:00:00,8.75,2010-01-07 00:00:00,8.5,8.75,4,5400,47150,2010-01-07 00:00:00,1
2010-01-08 00:00:00,2010-01-08 00:00:00,8.75,2010-01-08 00:00:00,8.5,8.75,4,3400,29350,2010-01-08 00:00:00,1
2010-01-11 00:00:00,2010-01-11 00:00:00,9,2010-01-11 00:00:00,8.5,8.75,26,76600,672425,2010-01-11 00:00:00,1
2010-01-12 00:00:00,2010-01-12 00:00:00,8.75,2010-01-12 00:00:00,8.5,8.5,8,38600,330100,2010-01-12 00:00:00,1
2010-01-13 00:00:00,2010-01-13 00:00:00,8.75,2010-01-13 00:00:00,8.5,8.5,7,13000,110750,2010-01-13 00:00:00,1
2010-01-15 00:00:00,2010-01-15 00:00:00,9,2010-01-15 00:00:00,8.25,8.5,8,19500,165700,2010-01-15 00:00:00,1
2010-01-18 00:00:00,2010-01-18 00:00:00,8.5,2010-01-18 00:00:00,8,8.5,16,63400,518425,2010-01-18 00:00:00,1
2010-01-19 00:00:00,2010-01-19 00:00:00,8.5,2010-01-19 00:00:00,8.25,8.25,5,3200,26425,2010-01-19 00:00:00,1
2010-01-20 00:00:00,2010-01-20 00:00:00,8.75,2010-01-20 00:00:00,8.5,8.5,6,12400,107000,2010-01-20 00:00:00,1
2010-01-21 00:00:00,2010-01-21 00:00:00,8.5,2010-01-21 00:00:00,8.5,8.5,6,10600,90100,2010-01-21 00:00:00,1
2010-01-22 00:00:00,2010-01-22 00:00:00,9,2010-01-22 00:00:00,8.5,8.5,23,95200,842175,2010-01-22 00:00:00,1
2010-01-25 00:00:00,2010-01-25 00:00:00,8.75,2010-01-25 00:00:00,8.75,8.75,3,15000,131250,2010-01-25 00:00:00,1
2010-01-26 00:00:00,2010-01-26 00:00:00,8.75,2010-01-26 00:00:00,8.75,8.75,1,900,7875,2010-01-26 00:00:00,1
2010-01-28 00:00:00,2010-01-28 00:00:00,9,2010-01-28 00:00:00,8.25,9,10,40000,358300,2010-01-28 00:00:00,1
2010-02-01 00:00:00,2010-02-01 00:00:00,9.5,2010-02-01 00:00:00,9,9,25,114800,1081450,2010-02-01 00:00:00,1
2010-02-02 00:00:00,2010-02-02 00:00:00,9,2010-02-02 00:00:00,8.75,8.75,4,25000,221750,2010-02-02 00:00:00,1
2010-02-03 00:00:00,2010-02-03 00:00:00,9.5,2010-02-03 00:00:00,8.75,8.75,12,29700,270575,2010-02-03 00:00:00,1
2010-02-05 00:00:00,2010-02-05 00:00:00,8.75,2010-02-05 00:00:00,8.75,8.75,2,2200,19250,2010-02-05 00:00:00,1
2010-02-08 00:00:00,2010-02-08 00:00:00,9.25,2010-02-08 00:00:00,8.75,9,5,700,6250,2010-02-08 00:00:00,1
2010-02-09 00:00:00,2010-02-09 00:00:00,8.75,2010-02-09 00:00:00,8.5,8.5,10,16500,142250,2010-02-09 00:00:00,1
2010-02-10 00:00:00,2010-02-10 00:00:00,8.25,2010-02-10 00:00:00,8,8.25,6,8000,65750,2010-02-10 00:00:00,1
2010-02-11 00:00:00,2010-02-11 00:00:00,8.5,2010-02-11 00:00:00,7.5,7.5,18,70700,544750,2010-02-11 00:00:00,1
2010-02-12 00:00:00,2010-02-12 00:00:00,8.25,2010-02-12 00:00:00,8,8,5,29900,245900,2010-02-12 00:00:00,1
2010-02-15 00:00:00,2010-02-15 00:00:00,8.75,2010-02-15 00:00:00,8,8.5,10,16200,133475,2010-02-15 00:00:00,1
2010-02-16 00:00:00,2010-02-16 00:00:00,8.25,2010-02-16 00:00:00,8,8.25,3,7000,57250,2010-02-16 00:00:00,1
2010-02-17 00:00:00,2010-02-17 00:00:00,8,2010-02-17 00:00:00,7.75,7.75,16,22100,173050,2010-02-17 00:00:00,1
2010-02-18 00:00:00,2010-02-18 00:00:00,7.75,2010-02-18 00:00:00,7.5,7.5,7,21900,165625,2010-02-18 00:00:00,1
2010-02-19 00:00:00,2010-02-19 00:00:00,8.25,2010-02-19 00:00:00,7.5,7.75,21,74000,579225,2010-02-19 00:00:00,1
2010-02-22 00:00:00,2010-02-22 00:00:00,8,2010-02-22 00:00:00,8,8,10,18600,148800,2010-02-22 00:00:00,1
2010-02-23 00:00:00,2010-02-23 00:00:00,7.75,2010-02-23 00:00:00,7.75,7.75,2,4500,34875,2010-02-23 00:00:00,1
2010-02-24 00:00:00,2010-02-24 00:00:00,8,2010-02-24 00:00:00,7.75,7.75,19,120000,945750,2010-02-24 00:00:00,1
2010-02-25 00:00:00,2010-02-25 00:00:00,8,2010-02-25 00:00:00,7.5,7.5,11,35400,267000,2010-02-25 00:00:00,1
2010-02-26 00:00:00,2010-02-26 00:00:00,8,2010-02-26 00:00:00,7.5,7.5,14,131800,995325,2010-02-26 00:00:00,1
2010-03-01 00:00:00,2010-03-01 00:00:00,7.5,2010-03-01 00:00:00,7.25,7.5,22,64400,471525,2010-03-01 00:00:00,1
2010-03-02 00:00:00,2010-03-02 00:00:00,8,2010-03-02 00:00:00,7.75,7.75,6,78100,624750,2010-03-02 00:00:00,1
2010-03-03 00:00:00,2010-03-03 00:00:00,7.5,2010-03-03 00:00:00,7.5,7.5,2,6800,51000,2010-03-03 00:00:00,1
2010-03-04 00:00:00,2010-03-04 00:00:00,7.75,2010-03-04 00:00:00,7.5,7.75,4,5500,41375,2010-03-04 00:00:00,1
2010-03-05 00:00:00,2010-03-05 00:00:00,7.5,2010-03-05 00:00:00,7.5,7.5,5,6000,45000,2010-03-05 00:00:00,1
2010-03-08 00:00:00,2010-03-08 00:00:00,7.5,2010-03-08 00:00:00,7.25,7.5,4,19000,141400,2010-03-08 00:00:00,1
2010-03-09 00:00:00,2010-03-09 00:00:00,7.75,2010-03-09 00:00:00,7.25,7.25,14,64400,471775,2010-03-09 00:00:00,1
2010-03-10 00:00:00,2010-03-10 00:00:00,7.5,2010-03-10 00:00:00,7.25,7.25,4,7000,50775,2010-03-10 00:00:00,1
2010-03-11 00:00:00,2010-03-11 00:00:00,7.5,2010-03-11 00:00:00,7.25,7.5,8,81000,607150,2010-03-11 00:00:00,1
2010-03-12 00:00:00,2010-03-12 00:00:00,7.5,2010-03-12 00:00:00,7.5,7.5,3,1500,11250,2010-03-12 00:00:00,1
2010-03-17 00:00:00,2010-03-17 00:00:00,7.5,2010-03-17 00:00:00,7.25,7.25,9,47200,343450,2010-03-17 00:00:00,1
2010-03-18 00:00:00,2010-03-18 00:00:00,7.25,2010-03-18 00:00:00,7,7.25,3,10300,74600,2010-03-18 00:00:00,1
2010-03-19 00:00:00,2010-03-19 00:00:00,7.25,2010-03-19 00:00:00,7,7.25,2,12100,87600,2010-03-19 00:00:00,1
2010-03-22 00:00:00,2010-03-22 00:00:00,7,2010-03-22 00:00:00,7,7,2,2500,17500,2010-03-22 00:00:00,1
2010-03-23 00:00:00,2010-03-23 00:00:00,7,2010-03-23 00:00:00,7,7,1,1200,8400,2010-03-23 00:00:00,1
2010-03-24 00:00:00,2010-03-24 00:00:00,7,2010-03-24 00:00:00,7,7,1,300,2100,2010-03-24 00:00:00,1
2010-03-25 00:00:00,2010-03-25 00:00:00,7,2010-03-25 00:00:00,7,7,1,300,2100,2010-03-25 00:00:00,1
2010-03-26 00:00:00,2010-03-26 00:00:00,7.25,2010-03-26 00:00:00,7,7.25,6,24200,174875,2010-03-26 00:00:00,1
2010-03-30 00:00:00,2010-03-30 00:00:00,7,2010-03-30 00:00:00,6.75,6.75,4,7700,52650,2010-03-30 00:00:00,1
2010-04-05 00:00:00,2010-04-05 00:00:00,7,2010-04-05 00:00:00,6.75,6.75,11,13800,93900,2010-04-05 00:00:00,1
2010-04-06 00:00:00,2010-04-06 00:00:00,7.5,2010-04-06 00:00:00,7,7.5,6,21300,156750,2010-04-06 00:00:00,1
2010-04-07 00:00:00,2010-04-07 00:00:00,8.5,2010-04-07 00:00:00,7.5,8.5,25,72300,609225,2010-04-07 00:00:00,1
2010-04-08 00:00:00,2010-04-08 00:00:00,8.5,2010-04-08 00:00:00,8,8.25,10,3600,29675,2010-04-08 00:00:00,1
2010-04-12 00:00:00,2010-04-12 00:00:00,8.5,2010-04-12 00:00:00,8,8,18,32600,274850,2010-04-12 00:00:00,1
2010-04-15 00:00:00,2010-04-15 00:00:00,8,2010-04-15 00:00:00,8,8,2,1500,12000,2010-04-15 00:00:00,1
2010-04-16 00:00:00,2010-04-16 00:00:00,8.75,2010-04-16 00:00:00,8,8.5,28,50600,418825,2010-04-16 00:00:00,1
2010-04-19 00:00:00,2010-04-19 00:00:00,8.5,2010-04-19 00:00:00,8,8.25,21,144000,1218850,2010-04-19 00:00:00,1
2010-04-20 00:00:00,2010-04-20 00:00:00,8,2010-04-20 00:00:00,8,8,8,32700,261600,2010-04-20 00:00:00,1
2010-04-21 00:00:00,2010-04-21 00:00:00,8.25,2010-04-21 00:00:00,8,8,6,18400,148075,2010-04-21 00:00:00,1
2010-04-22 00:00:00,2010-04-22 00:00:00,8.25,2010-04-22 00:00:00,7.75,8,11,160800,1285700,2010-04-22 00:00:00,1
2010-04-23 00:00:00,2010-04-23 00:00:00,8.25,2010-04-23 00:00:00,8,8,22,156100,1248900,2010-04-23 00:00:00,1
2010-04-26 00:00:00,2010-04-26 00:00:00,8.25,2010-04-26 00:00:00,8,8,14,61000,495625,2010-04-26 00:00:00,1
2010-04-27 00:00:00,2010-04-27 00:00:00,8.25,2010-04-27 00:00:00,8,8.25,12,201800,1619950,2010-04-27 00:00:00,1
2010-04-29 00:00:00,2010-04-29 00:00:00,8.5,2010-04-29 00:00:00,8,8.25,4,41700,339200,2010-04-29 00:00:00,1
2010-04-30 00:00:00,2010-04-30 00:00:00,8.25,2010-04-30 00:00:00,8,8,5,14200,114600,2010-04-30 00:00:00,1
2010-05-03 00:00:00,2010-05-03 00:00:00,8.5,2010-05-03 00:00:00,8.25,8.5,11,40400,333700,2010-05-03 00:00:00,1
2010-05-04 00:00:00,2010-05-04 00:00:00,8.25,2010-05-04 00:00:00,8.25,8.25,5,12100,99825,2010-05-04 00:00:00,1
2010-05-05 00:00:00,2010-05-05 00:00:00,8.25,2010-05-05 00:00:00,8.25,8.25,5,30000,247500,2010-05-05 00:00:00,1
2010-05-06 00:00:00,2010-05-06 00:00:00,8.25,2010-05-06 00:00:00,8.25,8.25,9,12600,103950,2010-05-06 00:00:00,1
2010-05-07 00:00:00,2010-05-07 00:00:00,8.25,2010-05-07 00:00:00,8,8,8,50700,405650,2010-05-07 00:00:00,1
2010-05-10 00:00:00,2010-05-10 00:00:00,8.25,2010-05-10 00:00:00,8.25,8.25,4,17000,140250,2010-05-10 00:00:00,1
2010-05-11 00:00:00,2010-05-11 00:00:00,8.25,2010-05-11 00:00:00,8,8,6,22500,185500,2010-05-11 00:00:00,1
2010-05-12 00:00:00,2010-05-12 00:00:00,8.25,2010-05-12 00:00:00,8,8.25,6,29700,242600,2010-05-12 00:00:00,1
2010-05-13 00:00:00,2010-05-13 00:00:00,8.5,2010-05-13 00:00:00,8.25,8.25,27,69100,579825,2010-05-13 00:00:00,1
2010-05-14 00:00:00,2010-05-14 00:00:00,8.5,2010-05-14 00:00:00,8.25,8.25,11,64500,532150,2010-05-14 00:00:00,1
2010-05-17 00:00:00,2010-05-17 00:00:00,8.5,2010-05-17 00:00:00,8.25,8.25,4,21000,178300,2010-05-17 00:00:00,1
2010-05-18 00:00:00,2010-05-18 00:00:00,8.25,2010-05-18 00:00:00,8.25,8.25,11,161200,1329900,2010-05-18 00:00:00,1
2010-05-19 00:00:00,2010-05-19 00:00:00,8.25,2010-05-19 00:00:00,8,8.25,5,78100,643775,2010-05-19 00:00:00,1
2010-05-21 00:00:00,2010-05-21 00:00:00,8.25,2010-05-21 00:00:00,8,8,6,29900,243200,2010-05-21 00:00:00,1
2010-05-24 00:00:00,2010-05-24 00:00:00,8,2010-05-24 00:00:00,8,8,1,2000,16000,2010-05-24 00:00:00,1
2010-05-25 00:00:00,2010-05-25 00:00:00,8,2010-05-25 00:00:00,8,8,2,15000,120000,2010-05-25 00:00:00,1
2010-05-26 00:00:00,2010-05-26 00:00:00,8,2010-05-26 00:00:00,8,8,1,700,5600,2010-05-26 00:00:00,1
2010-05-31 00:00:00,2010-05-31 00:00:00,8,2010-05-31 00:00:00,8,8,3,9400,75200,2010-05-31 00:00:00,1
2010-06-01 00:00:00,2010-06-01 00:00:00,8,2010-06-01 00:00:00,7.75,7.75,5,5000,38775,2010-06-01 00:00:00,1
2010-06-02 00:00:00,2010-06-02 00:00:00,11.25,2010-06-02 00:00:00,8.25,11,534,3220600,32674400,2010-06-02 00:00:00,1
2010-06-03 00:00:00,2010-06-03 00:00:00,13.5,2010-06-03 00:00:00,11.5,13,657,2826500,36231825,2010-06-03 00:00:00,1
2010-06-04 00:00:00,2010-06-04 00:00:00,19,2010-06-04 00:00:00,12.5,17.5,1537,6442000,103581600,2010-06-04 00:00:00,1
2010-06-07 00:00:00,2010-06-07 00:00:00,19.75,2010-06-07 00:00:00,17.5,18.75,890,3059500,57733850,2010-06-07 00:00:00,1
2010-06-08 00:00:00,2010-06-08 00:00:00,20,2010-06-08 00:00:00,18,18.25,291,923500,17255525,2010-06-08 00:00:00,1
2010-06-09 00:00:00,2010-06-09 00:00:00,18.5,2010-06-09 00:00:00,16.75,17,83,111600,1910825,2010-06-09 00:00:00,1
2010-06-10 00:00:00,2010-06-10 00:00:00,18.5,2010-06-10 00:00:00,17,18,98,120400,2181750,2010-06-10 00:00:00,1
2010-06-11 00:00:00,2010-06-11 00:00:00,18.25,2010-06-11 00:00:00,17.5,17.75,70,107700,1920300,2010-06-11 00:00:00,1
2010-06-14 00:00:00,2010-06-14 00:00:00,18.75,2010-06-14 00:00:00,17.75,18.5,76,174100,3144225,2010-06-14 00:00:00,1
2010-06-15 00:00:00,2010-06-15 00:00:00,20.75,2010-06-15 00:00:00,18.75,19.5,397,1301000,26013225,2010-06-15 00:00:00,1
2010-06-16 00:00:00,2010-06-16 00:00:00,20.25,2010-06-16 00:00:00,19.5,19.75,90,144100,2850125,2010-06-16 00:00:00,1
2010-06-17 00:00:00,2010-06-17 00:00:00,20,2010-06-17 00:00:00,19.25,19.5,44,101700,1989200,2010-06-17 00:00:00,1
2010-06-21 00:00:00,2010-06-21 00:00:00,19.75,2010-06-21 00:00:00,18.75,19,37,109300,2078800,2010-06-21 00:00:00,1
2010-06-22 00:00:00,2010-06-22 00:00:00,19,2010-06-22 00:00:00,18.5,18.75,22,39700,746600,2010-06-22 00:00:00,1
2010-06-23 00:00:00,2010-06-23 00:00:00,21,2010-06-23 00:00:00,18.5,20.5,399,1365000,27824825,2010-06-23 00:00:00,1
2010-06-24 00:00:00,2010-06-24 00:00:00,22.5,2010-06-24 00:00:00,21,22,495,1536500,33657575,2010-06-24 00:00:00,1
2010-06-28 00:00:00,2010-06-28 00:00:00,24.5,2010-06-28 00:00:00,22.5,24,386,1095300,25997750,2010-06-28 00:00:00,1
2010-06-29 00:00:00,2010-06-29 00:00:00,30,2010-06-29 00:00:00,25,27.75,800,1791800,49657650,2010-06-29 00:00:00,1
2010-06-30 00:00:00,2010-06-30 00:00:00,30.5,2010-06-30 00:00:00,28.25,29.75,413,981300,29059875,2010-06-30 00:00:00,1
2010-07-01 00:00:00,2010-07-01 00:00:00,30.25,2010-07-01 00:00:00,28.25,28.25,70,73400,2107725,2010-07-01 00:00:00,1
2010-07-02 00:00:00,2010-07-02 00:00:00,29,2010-07-02 00:00:00,26,27,85,129400,3565475,2010-07-02 00:00:00,1
2010-07-05 00:00:00,2010-07-05 00:00:00,27,2010-07-05 00:00:00,25,26,67,84900,2181125,2010-07-05 00:00:00,1
2010-07-06 00:00:00,2010-07-06 00:00:00,26.75,2010-07-06 00:00:00,26,26,34,55100,1438800,2010-07-06 00:00:00,1
2010-07-07 00:00:00,2010-07-07 00:00:00,26.5,2010-07-07 00:00:00,24.5,25,105,197900,4928450,2010-07-07 00:00:00,1
2010-07-08 00:00:00,2010-07-08 00:00:00,28,2010-07-08 00:00:00,25,27,137,294600,7905775,2010-07-08 00:00:00,1
2010-07-09 00:00:00,2010-07-09 00:00:00,29,2010-07-09 00:00:00,27,27.25,124,269300,7587450,2010-07-09 00:00:00,1
2010-07-12 00:00:00,2010-07-12 00:00:00,27.75,2010-07-12 00:00:00,27,27,59,113500,3068600,2010-07-12 00:00:00,1
2010-07-13 00:00:00,2010-07-13 00:00:00,27.5,2010-07-13 00:00:00,26.5,26.75,95,155800,4186550,2010-07-13 00:00:00,1
2010-07-14 00:00:00,2010-07-14 00:00:00,28,2010-07-14 00:00:00,26.75,27.5,86,114600,3131950,2010-07-14 00:00:00,1
2010-07-15 00:00:00,2010-07-15 00:00:00,28.25,2010-07-15 00:00:00,27,27.25,55,75700,2097225,2010-07-15 00:00:00,1
2010-07-16 00:00:00,2010-07-16 00:00:00,27.75,2010-07-16 00:00:00,26.25,27,62,160800,4337925,2010-07-16 00:00:00,1
2010-07-19 00:00:00,2010-07-19 00:00:00,28.75,2010-07-19 00:00:00,27,28.25,98,204100,5692300,2010-07-19 00:00:00,1
2010-07-20 00:00:00,2010-07-20 00:00:00,28.75,2010-07-20 00:00:00,27.5,28,57,101500,2856425,2010-07-20 00:00:00,1
2010-07-21 00:00:00,2010-07-21 00:00:00,28.5,2010-07-21 00:00:00,28,28.25,41,47700,1342475,2010-07-21 00:00:00,1
2010-07-22 00:00:00,2010-07-22 00:00:00,28.75,2010-07-22 00:00:00,27.25,27.75,84,329800,9260450,2010-07-22 00:00:00,1
2010-07-23 00:00:00,2010-07-23 00:00:00,28.5,2010-07-23 00:00:00,27.75,28,39,88600,2485400,2010-07-23 00:00:00,1
2010-07-26 00:00:00,2010-07-26 00:00:00,31,2010-07-26 00:00:00,28,30,237,483000,14370925,2010-07-26 00:00:00,1
2010-07-27 00:00:00,2010-07-27 00:00:00,32.5,2010-07-27 00:00:00,30,32,393,710300,22551200,2010-07-27 00:00:00,1
2010-07-28 00:00:00,2010-07-28 00:00:00,35.25,2010-07-28 00:00:00,32.5,34.75,438,869100,29460625,2010-07-28 00:00:00,1
2010-07-29 00:00:00,2010-07-29 00:00:00,36.5,2010-07-29 00:00:00,33,33.25,252,434700,15161500,2010-07-29 00:00:00,1
2010-07-30 00:00:00,2010-07-30 00:00:00,34,2010-07-30 00:00:00,32.5,33,71,171100,5705075,2010-07-30 00:00:00,1
2010-08-02 00:00:00,2010-08-02 00:00:00,34,2010-08-02 00:00:00,31,31.6,96,159500,5135020,2010-08-02 00:00:00,1
2010-08-03 00:00:00,2010-08-03 00:00:00,33.5,2010-08-03 00:00:00,29.9,30.4,67,86800,2710650,2010-08-03 00:00:00,1
2010-08-04 00:00:00,2010-08-04 00:00:00,34.7,2010-08-04 00:00:00,30.6,33.9,82,120900,4069990,2010-08-04 00:00:00,1
2010-08-05 00:00:00,2010-08-05 00:00:00,35,2010-08-05 00:00:00,31,34,146,266700,8802800,2010-08-05 00:00:00,1
2010-08-06 00:00:00,2010-08-06 00:00:00,34,2010-08-06 00:00:00,32.5,32.6,55,52900,1740990,2010-08-06 00:00:00,1
2010-08-09 00:00:00,2010-08-09 00:00:00,33,2010-08-09 00:00:00,29.4,29.4,71,156100,4661200,2010-08-09 00:00:00,1
2010-08-10 00:00:00,2010-08-10 00:00:00,32.2,2010-08-10 00:00:00,26.5,32.1,99,119900,3613950,2010-08-10 00:00:00,1
2010-08-11 00:00:00,2010-08-11 00:00:00,35.3,2010-08-11 00:00:00,32.1,32.2,127,142500,4801340,2010-08-11 00:00:00,1
2010-08-12 00:00:00,2010-08-12 00:00:00,33.5,2010-08-12 00:00:00,31.5,32.9,26,12100,388730,2010-08-12 00:00:00,1
2010-08-13 00:00:00,2010-08-13 00:00:00,33,2010-08-13 00:00:00,32,32.9,14,8000,263100,2010-08-13 00:00:00,1
2010-08-16 00:00:00,2010-08-16 00:00:00,33,2010-08-16 00:00:00,32.4,32.4,33,26300,859810,2010-08-16 00:00:00,1
2010-08-17 00:00:00,2010-08-17 00:00:00,32.7,2010-08-17 00:00:00,32.1,32.5,17,28300,919610,2010-08-17 00:00:00,1
2010-08-18 00:00:00,2010-08-18 00:00:00,33,2010-08-18 00:00:00,30.1,32.1,44,35600,1146440,2010-08-18 00:00:00,1
2010-08-19 00:00:00,2010-08-19 00:00:00,32.8,2010-08-19 00:00:00,31.5,32.3,30,78500,2527640,2010-08-19 00:00:00,1
2010-08-20 00:00:00,2010-08-20 00:00:00,32.3,2010-08-20 00:00:00,31.5,31.6,40,44800,1418160,2010-08-20 00:00:00,1
2010-08-23 00:00:00,2010-08-23 00:00:00,32.4,2010-08-23 00:00:00,31.5,31.9,12,19700,632210,2010-08-23 00:00:00,1
2010-08-25 00:00:00,2010-08-25 00:00:00,34.4,2010-08-25 00:00:00,31.9,33.6,139,233400,7805340,2010-08-25 00:00:00,1
2010-08-26 00:00:00,2010-08-26 00:00:00,34.5,2010-08-26 00:00:00,32,32.4,37,22500,732710,2010-08-26 00:00:00,1
2010-08-27 00:00:00,2010-08-27 00:00:00,33.2,2010-08-27 00:00:00,32.1,32.5,5,4600,149440,2010-08-27 00:00:00,1
2010-08-30 00:00:00,2010-08-30 00:00:00,32,2010-08-30 00:00:00,31,31.3,5,2000,63050,2010-08-30 00:00:00,1
2010-08-31 00:00:00,2010-08-31 00:00:00,33,2010-08-31 00:00:00,30.5,30.9,24,27100,843790,2010-08-31 00:00:00,1
2010-09-01 00:00:00,2010-09-01 00:00:00,32.9,2010-09-01 00:00:00,29.4,31.3,35,97100,2955000,2010-09-01 00:00:00,1
2010-09-02 00:00:00,2010-09-02 00:00:00,34.1,2010-09-02 00:00:00,32,33.1,94,159600,5330670,2010-09-02 00:00:00,1
2010-09-03 00:00:00,2010-09-03 00:00:00,34,2010-09-03 00:00:00,31.8,32.4,35,51400,1708670,2010-09-03 00:00:00,1
2010-09-06 00:00:00,2010-09-06 00:00:00,34,2010-09-06 00:00:00,31.8,33.2,48,113600,3739220,2010-09-06 00:00:00,1
2010-09-07 00:00:00,2010-09-07 00:00:00,34.4,2010-09-07 00:00:00,32.2,34,75,109700,3716930,2010-09-07 00:00:00,1
2010-09-08 00:00:00,2010-09-08 00:00:00,35,2010-09-08 00:00:00,33.5,33.6,50,69500,2354800,2010-09-08 00:00:00,1
2010-09-09 00:00:00,2010-09-09 00:00:00,36,2010-09-09 00:00:00,32.5,34.5,139,304100,10586420,2010-09-09 00:00:00,1
2010-09-13 00:00:00,2010-09-13 00:00:00,35.5,2010-09-13 00:00:00,34,35.1,89,107700,3772860,2010-09-13 00:00:00,1
2010-09-14 00:00:00,2010-09-14 00:00:00,37.5,2010-09-14 00:00:00,35.1,35.9,224,280200,10201320,2010-09-14 00:00:00,1
2010-09-15 00:00:00,2010-09-15 00:00:00,39.4,2010-09-15 00:00:00,35,39.2,290,524400,19925460,2010-09-15 00:00:00,1
2010-09-16 00:00:00,2010-09-16 00:00:00,43.1,2010-09-16 00:00:00,41.5,43.1,216,478100,20495520,2010-09-16 00:00:00,1
2010-09-17 00:00:00,2010-09-17 00:00:00,47.4,2010-09-17 00:00:00,47.4,47.4,63,65100,3085740,2010-09-17 00:00:00,1
2010-09-20 00:00:00,2010-09-20 00:00:00,74,2010-09-20 00:00:00,55,66,1259,1620500,100857120,2010-09-20 00:00:00,1
2010-09-21 00:00:00,2010-09-21 00:00:00,93.9,2010-09-21 00:00:00,66,84.6,1370,1442100,116500870,2010-09-21 00:00:00,1
2010-09-23 00:00:00,2010-09-23 00:00:00,85.1,2010-09-23 00:00:00,69.9,75.1,551,561900,42808070,2010-09-23 00:00:00,1
2010-09-24 00:00:00,2010-09-24 00:00:00,79.9,2010-09-24 00:00:00,68.7,75,286,284400,21114680,2010-09-24 00:00:00,1
2010-09-27 00:00:00,2010-09-27 00:00:00,79.9,2010-09-27 00:00:00,70,70.9,140,112700,8213010,2010-09-27 00:00:00,1
2010-09-28 00:00:00,2010-09-28 00:00:00,73.9,2010-09-28 00:00:00,68,71.1,90,62100,4373460,2010-09-28 00:00:00,1
2010-09-29 00:00:00,2010-09-29 00:00:00,74.7,2010-09-29 00:00:00,69,70.4,62,46900,3316440,2010-09-29 00:00:00,1
2010-09-30 00:00:00,2010-09-30 00:00:00,74.9,2010-09-30 00:00:00,69,71.4,68,66000,4767330,2010-09-30 00:00:00,1
2010-10-01 00:00:00,2010-10-01 00:00:00,77.5,2010-10-01 00:00:00,71.1,71.8,94,44600,3326040,2010-10-01 00:00:00,1
2010-10-04 00:00:00,2010-10-04 00:00:00,72.5,2010-10-04 00:00:00,68,68.9,66,81500,5649310,2010-10-04 00:00:00,1
2010-10-05 00:00:00,2010-10-05 00:00:00,77,2010-10-05 00:00:00,65,73.6,180,173700,12780280,2010-10-05 00:00:00,1
2010-10-06 00:00:00,2010-10-06 00:00:00,74.8,2010-10-06 00:00:00,69.1,69.5,66,47300,3326740,2010-10-06 00:00:00,1
2010-10-07 00:00:00,2010-10-07 00:00:00,72,2010-10-07 00:00:00,66.3,68.3,115,139500,9595140,2010-10-07 00:00:00,1
2010-10-08 00:00:00,2010-10-08 00:00:00,72.3,2010-10-08 00:00:00,67.2,70.7,74,61400,4250070,2010-10-08 00:00:00,1
2010-10-11 00:00:00,2010-10-11 00:00:00,72,2010-10-11 00:00:00,69,69.6,64,50000,3534110,2010-10-11 00:00:00,1
2010-10-12 00:00:00,2010-10-12 00:00:00,69.5,2010-10-12 00:00:00,62.5,65.9,72,75700,5072830,2010-10-12 00:00:00,1
2010-10-13 00:00:00,2010-10-13 00:00:00,68,2010-10-13 00:00:00,55,65.9,142,120800,7617080,2010-10-13 00:00:00,1
2010-10-14 00:00:00,2010-10-14 00:00:00,67,2010-10-14 00:00:00,62,62.5,47,53000,3425620,2010-10-14 00:00:00,1
2010-10-15 00:00:00,2010-10-15 00:00:00,66,2010-10-15 00:00:00,60.2,64.9,14,16500,1065130,2010-10-15 00:00:00,1
2010-10-18 00:00:00,2010-10-18 00:00:00,66.9,2010-10-18 00:00:00,64.2,65.6,51,68700,4517330,2010-10-18 00:00:00,1
2010-10-19 00:00:00,2010-10-19 00:00:00,67,2010-10-19 00:00:00,64,66.4,76,106900,7015480,2010-10-19 00:00:00,1
2010-10-20 00:00:00,2010-10-20 00:00:00,68.7,2010-10-20 00:00:00,64.1,64.7,64,49700,3310850,2010-10-20 00:00:00,1
2010-10-21 00:00:00,2010-10-21 00:00:00,67,2010-10-21 00:00:00,63,64,41,29300,1888680,2010-10-21 00:00:00,1
2010-10-25 00:00:00,2010-10-25 00:00:00,66.9,2010-10-25 00:00:00,64.2,64.3,26,18600,1202830,2010-10-25 00:00:00,1
2010-10-26 00:00:00,2010-10-26 00:00:00,65,2010-10-26 00:00:00,62,64.2,22,14000,899990,2010-10-26 00:00:00,1
2010-10-27 00:00:00,2010-10-27 00:00:00,64,2010-10-27 00:00:00,62,62.6,25,35700,2237310,2010-10-27 00:00:00,1
2010-10-28 00:00:00,2010-10-28 00:00:00,63,2010-10-28 00:00:00,60.3,60.9,14,6400,395480,2010-10-28 00:00:00,1
2010-10-29 00:00:00,2010-10-29 00:00:00,63,2010-10-29 00:00:00,60.1,62,21,24900,1536500,2010-10-29 00:00:00,1
2010-11-01 00:00:00,2010-11-01 00:00:00,64,2010-11-01 00:00:00,61,61.6,25,27600,1703960,2010-11-01 00:00:00,1
2010-11-02 00:00:00,2010-11-02 00:00:00,63.9,2010-11-02 00:00:00,60.7,61,17,6200,379270,2010-11-02 00:00:00,1
2010-11-03 00:00:00,2010-11-03 00:00:00,68,2010-11-03 00:00:00,61.5,62.1,50,65500,4161620,2010-11-03 00:00:00,1
2010-11-04 00:00:00,2010-11-04 00:00:00,63.8,2010-11-04 00:00:00,61.2,62.7,16,17100,1054660,2010-11-04 00:00:00,1
2010-11-08 00:00:00,2010-11-08 00:00:00,64.5,2010-11-08 00:00:00,62,63.4,24,36500,2295260,2010-11-08 00:00:00,1
2010-11-09 00:00:00,2010-11-09 00:00:00,63.4,2010-11-09 00:00:00,61.5,63.3,16,40200,2509910,2010-11-09 00:00:00,1
2010-11-10 00:00:00,2010-11-10 00:00:00,62.5,2010-11-10 00:00:00,61.5,62,10,5100,315200,2010-11-10 00:00:00,1
2010-11-11 00:00:00,2010-11-11 00:00:00,62,2010-11-11 00:00:00,61.3,62,12,8600,531100,2010-11-11 00:00:00,1
2010-11-12 00:00:00,2010-11-12 00:00:00,63,2010-11-12 00:00:00,61.5,61.8,23,14100,871780,2010-11-12 00:00:00,1
2010-11-15 00:00:00,2010-11-15 00:00:00,62,2010-11-15 00:00:00,61.1,61.3,15,6800,417070,2010-11-15 00:00:00,1
2010-11-16 00:00:00,2010-11-16 00:00:00,61,2010-11-16 00:00:00,58,59.3,25,17600,1050700,2010-11-16 00:00:00,1
2010-11-18 00:00:00,2010-11-18 00:00:00,61.5,2010-11-18 00:00:00,58.6,60.6,22,13100,791450,2010-11-18 00:00:00,1
2010-11-22 00:00:00,2010-11-22 00:00:00,62,2010-11-22 00:00:00,58,60.7,23,27000,1607200,2010-11-22 00:00:00,1
2010-11-23 00:00:00,2010-11-23 00:00:00,59.1,2010-11-23 00:00:00,56.3,57.5,14,16100,919980,2010-11-23 00:00:00,1
2010-11-24 00:00:00,2010-11-24 00:00:00,59,2010-11-24 00:00:00,57.5,58.9,15,8100,472400,2010-11-24 00:00:00,1
2010-11-25 00:00:00,2010-11-25 00:00:00,59.5,2010-11-25 00:00:00,56,56.4,13,4800,273440,2010-11-25 00:00:00,1
2010-11-26 00:00:00,2010-11-26 00:00:00,55,2010-11-26 00:00:00,15.5,54.2,47,53000,2288450,2010-11-26 00:00:00,1
2010-11-29 00:00:00,2010-11-29 00:00:00,58,2010-11-29 00:00:00,52,52.6,54,49200,2642690,2010-11-29 00:00:00,1
2010-11-30 00:00:00,2010-11-30 00:00:00,61.5,2010-11-30 00:00:00,55,59.5,85,101500,5985690,2010-11-30 00:00:00,1
2010-12-01 00:00:00,2010-12-01 00:00:00,65.9,2010-12-01 00:00:00,60,65.4,121,143000,9230830,2010-12-01 00:00:00,1
2010-12-02 00:00:00,2010-12-02 00:00:00,67,2010-12-02 00:00:00,62,62.2,30,29700,1904950,2010-12-02 00:00:00,1
2010-12-03 00:00:00,2010-12-03 00:00:00,61.5,2010-12-03 00:00:00,60,60.2,35,47800,2884340,2010-12-03 00:00:00,1
2010-12-06 00:00:00,2010-12-06 00:00:00,59.5,2010-12-06 00:00:00,55.1,57.2,25,18000,1034450,2010-12-06 00:00:00,1
2010-12-07 00:00:00,2010-12-07 00:00:00,58.5,2010-12-07 00:00:00,56.5,56.7,31,28900,1648110,2010-12-07 00:00:00,1
2010-12-08 00:00:00,2010-12-08 00:00:00,60,2010-12-08 00:00:00,56.5,56.5,9,13000,758200,2010-12-08 00:00:00,1
2010-12-09 00:00:00,2010-12-09 00:00:00,59,2010-12-09 00:00:00,56.5,56.9,23,14700,842320,2010-12-09 00:00:00,1
2010-12-10 00:00:00,2010-12-10 00:00:00,58,2010-12-10 00:00:00,57.9,58,4,1500,86980,2010-12-10 00:00:00,1
2010-12-13 00:00:00,2010-12-13 00:00:00,59.6,2010-12-13 00:00:00,55.5,56.3,19,7400,422690,2010-12-13 00:00:00,1
2010-12-14 00:00:00,2010-12-14 00:00:00,56,2010-12-14 00:00:00,55,55.3,22,31800,1753340,2010-12-14 00:00:00,1
2010-12-16 00:00:00,2010-12-16 00:00:00,55,2010-12-16 00:00:00,54,54,8,2300,125440,2010-12-16 00:00:00,1
2010-12-17 00:00:00,2010-12-17 00:00:00,55,2010-12-17 00:00:00,52.5,53.3,36,101000,5361160,2010-12-17 00:00:00,1
2010-12-21 00:00:00,2010-12-21 00:00:00,53.1,2010-12-21 00:00:00,52.5,52.9,8,21500,1136460,2010-12-21 00:00:00,1
2010-12-22 00:00:00,2010-12-22 00:00:00,58,2010-12-22 00:00:00,52.6,56.5,52,40300,2240290,2010-12-22 00:00:00,1
2010-12-23 00:00:00,2010-12-23 00:00:00,59.5,2010-12-23 00:00:00,58.3,58.9,53,51900,3058160,2010-12-23 00:00:00,1
2010-12-24 00:00:00,2010-12-24 00:00:00,59,2010-12-24 00:00:00,57.5,57.5,16,5700,331500,2010-12-24 00:00:00,1
2010-12-27 00:00:00,2010-12-27 00:00:00,61.5,2010-12-27 00:00:00,57,59.5,89,111700,6594050,2010-12-27 00:00:00,1
2010-12-28 00:00:00,2010-12-28 00:00:00,61.2,2010-12-28 00:00:00,58.3,58.8,7,2300,136250,2010-12-28 00:00:00,1
2010-12-29 00:00:00,2010-12-29 00:00:00,58,2010-12-29 00:00:00,57.8,57.9,20,16600,960890,2010-12-29 00:00:00,1
2010-12-30 00:00:00,2010-12-30 00:00:00,58,2010-12-30 00:00:00,55,56.1,37,36800,2070640,2010-12-30 00:00:00,1
2010-12-31 00:00:00,2010-12-31 00:00:00,58,2010-12-31 00:00:00,57.5,57.6,19,15400,890410,2010-12-31 00:00:00,1
Company Id,:  ODEL,Security,Type :  N,Sub Type,:  0000,,,,,
Short Name,:  ODEL PLC,,,,,,,,,
Day,Date High,High,Date Low,Low,Closing,No. of Trades,No. of Shares,Turnover,Last Traded,Days Traded
2010-08-04 00:00:00,2010-08-04 00:00:00,38.5,2010-08-04 00:00:00,29.8,32.5,14196,18539600,613745670,2010-08-04 00:00:00,1
2010-08-05 00:00:00,2010-08-05 00:00:00,35,2010-08-05 00:00:00,30,31.9,1631,2045300,66000200,2010-08-05 00:00:00,1
2010-08-06 00:00:00,2010-08-06 00:00:00,32.5,2010-08-06 00:00:00,30.2,30.9,589,542900,16773450,2010-08-06 00:00:00,1
2010-08-09 00:00:00,2010-08-09 00:00:00,30.3,2010-08-09 00:00:00,27.9,28.1,716,1026600,29001750,2010-08-09 00:00:00,1
2010-08-10 00:00:00,2010-08-10 00:00:00,30.9,2010-08-10 00:00:00,25.3,30.9,833,1893200,54930810,2010-08-10 00:00:00,1
2010-08-11 00:00:00,2010-08-11 00:00:00,33.6,2010-08-11 00:00:00,31,31.1,598,931500,29809300,2010-08-11 00:00:00,1
2010-08-12 00:00:00,2010-08-12 00:00:00,31.8,2010-08-12 00:00:00,29.5,31,225,264400,8146720,2010-08-12 00:00:00,1
2010-08-13 00:00:00,2010-08-13 00:00:00,32,2010-08-13 00:00:00,30.8,31.6,228,337400,10567180,2010-08-13 00:00:00,1
2010-08-16 00:00:00,2010-08-16 00:00:00,31.3,2010-08-16 00:00:00,30.1,30.9,190,193400,5958070,2010-08-16 00:00:00,1
2010-08-17 00:00:00,2010-08-17 00:00:00,31.4,2010-08-17 00:00:00,30.5,31.2,393,501500,15547680,2010-08-17 00:00:00,1
2010-08-18 00:00:00,2010-08-18 00:00:00,32.2,2010-08-18 00:00:00,31,32,355,567100,18035890,2010-08-18 00:00:00,1
2010-08-19 00:00:00,2010-08-19 00:00:00,32.6,2010-08-19 00:00:00,31.1,31.8,211,231000,7382900,2010-08-19 00:00:00,1
2010-08-20 00:00:00,2010-08-20 00:00:00,32,2010-08-20 00:00:00,31,31.4,127,192300,6024990,2010-08-20 00:00:00,1
2010-08-23 00:00:00,2010-08-23 00:00:00,31.5,2010-08-23 00:00:00,30.7,30.9,108,75000,2324920,2010-08-23 00:00:00,1
2010-08-25 00:00:00,2010-08-25 00:00:00,31.1,2010-08-25 00:00:00,30.4,30.5,166,216300,6624010,2010-08-25 00:00:00,1
2010-08-26 00:00:00,2010-08-26 00:00:00,30.4,2010-08-26 00:00:00,29.1,30,177,167900,5021490,2010-08-26 00:00:00,1
2010-08-27 00:00:00,2010-08-27 00:00:00,32,2010-08-27 00:00:00,30,30.8,261,365500,11327480,2010-08-27 00:00:00,1
2010-08-30 00:00:00,2010-08-30 00:00:00,32,2010-08-30 00:00:00,30.3,30.4,146,214600,6699480,2010-08-30 00:00:00,1
2010-08-31 00:00:00,2010-08-31 00:00:00,31.5,2010-08-31 00:00:00,30.2,30.7,109,150500,4588980,2010-08-31 00:00:00,1
2010-09-01 00:00:00,2010-09-01 00:00:00,30.9,2010-09-01 00:00:00,30,30.3,86,109100,3290730,2010-09-01 00:00:00,1
2010-09-02 00:00:00,2010-09-02 00:00:00,33.3,2010-09-02 00:00:00,30.3,33.2,1099,2601200,84130370,2010-09-02 00:00:00,1
2010-09-03 00:00:00,2010-09-03 00:00:00,34.3,2010-09-03 00:00:00,32.6,32.7,394,730600,24384650,2010-09-03 00:00:00,1
2010-09-06 00:00:00,2010-09-06 00:00:00,33.3,2010-09-06 00:00:00,31.5,32.1,197,353700,11540310,2010-09-06 00:00:00,1
2010-09-07 00:00:00,2010-09-07 00:00:00,32.5,2010-09-07 00:00:00,31.5,31.9,113,128900,4114200,2010-09-07 00:00:00,1
2010-09-08 00:00:00,2010-09-08 00:00:00,33.5,2010-09-08 00:00:00,32,32.4,204,272700,8814190,2010-09-08 00:00:00,1
2010-09-09 00:00:00,2010-09-09 00:00:00,33,2010-09-09 00:00:00,31.8,32.2,114,357600,11529170,2010-09-09 00:00:00,1
2010-09-13 00:00:00,2010-09-13 00:00:00,32.2,2010-09-13 00:00:00,31.7,31.8,153,261600,8350180,2010-09-13 00:00:00,1
2010-09-14 00:00:00,2010-09-14 00:00:00,31.8,2010-09-14 00:00:00,31,31.5,98,169800,5324220,2010-09-14 00:00:00,1
2010-09-15 00:00:00,2010-09-15 00:00:00,31.9,2010-09-15 00:00:00,30.3,31.5,120,204900,6376800,2010-09-15 00:00:00,1
2010-09-16 00:00:00,2010-09-16 00:00:00,34,2010-09-16 00:00:00,31,31.3,129,277200,8644110,2010-09-16 00:00:00,1
2010-09-17 00:00:00,2010-09-17 00:00:00,32.6,2010-09-17 00:00:00,31,31.9,261,589400,18626160,2010-09-17 00:00:00,1
2010-09-20 00:00:00,2010-09-20 00:00:00,32.8,2010-09-20 00:00:00,31.3,31.9,199,1213400,38589010,2010-09-20 00:00:00,1
2010-09-21 00:00:00,2010-09-21 00:00:00,33.3,2010-09-21 00:00:00,32,32.1,268,861800,28151310,2010-09-21 00:00:00,1
2010-09-23 00:00:00,2010-09-23 00:00:00,32.9,2010-09-23 00:00:00,31.5,32.7,155,320600,10300850,2010-09-23 00:00:00,1
2010-09-24 00:00:00,2010-09-24 00:00:00,32.8,2010-09-24 00:00:00,31.6,32,109,142500,4579270,2010-09-24 00:00:00,1
2010-09-27 00:00:00,2010-09-27 00:00:00,32.3,2010-09-27 00:00:00,31.5,32,100,96600,3094740,2010-09-27 00:00:00,1
2010-09-28 00:00:00,2010-09-28 00:00:00,32.4,2010-09-28 00:00:00,31.5,32.1,158,175300,5617040,2010-09-28 00:00:00,1
2010-09-29 00:00:00,2010-09-29 00:00:00,32.6,2010-09-29 00:00:00,32.3,32.5,195,252800,8214450,2010-09-29 00:00:00,1
2010-09-30 00:00:00,2010-09-30 00:00:00,37.1,2010-09-30 00:00:00,32.7,36.2,1674,3657600,129633540,2010-09-30 00:00:00,1
2010-10-01 00:00:00,2010-10-01 00:00:00,38.6,2010-10-01 00:00:00,35.3,37.8,798,2715200,100542600,2010-10-01 00:00:00,1
2010-10-04 00:00:00,2010-10-04 00:00:00,38,2010-10-04 00:00:00,35.5,36,373,727100,26554590,2010-10-04 00:00:00,1
2010-10-05 00:00:00,2010-10-05 00:00:00,37.8,2010-10-05 00:00:00,34.5,35.1,228,858000,30102310,2010-10-05 00:00:00,1
2010-10-06 00:00:00,2010-10-06 00:00:00,35.9,2010-10-06 00:00:00,33.9,34.1,168,270400,9305540,2010-10-06 00:00:00,1
2010-10-07 00:00:00,2010-10-07 00:00:00,35,2010-10-07 00:00:00,32,33.9,288,1563600,51167840,2010-10-07 00:00:00,1
2010-10-08 00:00:00,2010-10-08 00:00:00,35,2010-10-08 00:00:00,33,34.5,142,298900,10320930,2010-10-08 00:00:00,1
2010-10-11 00:00:00,2010-10-11 00:00:00,35.4,2010-10-11 00:00:00,33.8,34.1,73,65700,2251950,2010-10-11 00:00:00,1
2010-10-12 00:00:00,2010-10-12 00:00:00,34.1,2010-10-12 00:00:00,31.9,32.3,160,387200,12615450,2010-10-12 00:00:00,1
2010-10-13 00:00:00,2010-10-13 00:00:00,33.5,2010-10-13 00:00:00,31.2,32.7,147,258600,8310790,2010-10-13 00:00:00,1
2010-10-14 00:00:00,2010-10-14 00:00:00,33.2,2010-10-14 00:00:00,31.8,32,89,100800,3274180,2010-10-14 00:00:00,1
2010-10-15 00:00:00,2010-10-15 00:00:00,32.7,2010-10-15 00:00:00,31.7,32.4,61,63700,2041670,2010-10-15 00:00:00,1
2010-10-18 00:00:00,2010-10-18 00:00:00,33,2010-10-18 00:00:00,31,31.2,139,350900,11157840,2010-10-18 00:00:00,1
2010-10-19 00:00:00,2010-10-19 00:00:00,32.8,2010-10-19 00:00:00,31.3,32.6,79,73300,2361750,2010-10-19 00:00:00,1
2010-10-20 00:00:00,2010-10-20 00:00:00,34.3,2010-10-20 00:00:00,32.1,32.6,278,424300,14110070,2010-10-20 00:00:00,1
2010-10-21 00:00:00,2010-10-21 00:00:00,34,2010-10-21 00:00:00,32.7,33,160,279800,9314230,2010-10-21 00:00:00,1
2010-10-25 00:00:00,2010-10-25 00:00:00,33,2010-10-25 00:00:00,31.7,31.7,75,83400,2707520,2010-10-25 00:00:00,1
2010-10-26 00:00:00,2010-10-26 00:00:00,32,2010-10-26 00:00:00,31,31.4,72,71600,2243180,2010-10-26 00:00:00,1
2010-10-27 00:00:00,2010-10-27 00:00:00,32,2010-10-27 00:00:00,31.1,31.9,48,30600,973780,2010-10-27 00:00:00,1
2010-10-28 00:00:00,2010-10-28 00:00:00,32.4,2010-10-28 00:00:00,31.5,31.6,43,43400,1380940,2010-10-28 00:00:00,1
2010-10-29 00:00:00,2010-10-29 00:00:00,32.9,2010-10-29 00:00:00,31.1,32,59,73400,2370000,2010-10-29 00:00:00,1
2010-11-01 00:00:00,2010-11-01 00:00:00,32,2010-11-01 00:00:00,31.6,31.7,36,12700,403970,2010-11-01 00:00:00,1
2010-11-02 00:00:00,2010-11-02 00:00:00,32,2010-11-02 00:00:00,31.5,31.6,50,46400,1465140,2010-11-02 00:00:00,1
2010-11-03 00:00:00,2010-11-03 00:00:00,32.7,2010-11-03 00:00:00,31.4,32.6,131,155800,5044340,2010-11-03 00:00:00,1
2010-11-04 00:00:00,2010-11-04 00:00:00,32.7,2010-11-04 00:00:00,32,32.6,92,152800,4952500,2010-11-04 00:00:00,1
2010-11-08 00:00:00,2010-11-08 00:00:00,33,2010-11-08 00:00:00,32.4,32.9,72,129700,4255970,2010-11-08 00:00:00,1
2010-11-09 00:00:00,2010-11-09 00:00:00,33.1,2010-11-09 00:00:00,32,33,97,224800,7385150,2010-11-09 00:00:00,1
2010-11-10 00:00:00,2010-11-10 00:00:00,33.1,2010-11-10 00:00:00,32.6,33,124,231200,7612300,2010-11-10 00:00:00,1
2010-11-11 00:00:00,2010-11-11 00:00:00,33.1,2010-11-11 00:00:00,32.7,33.1,46,30000,990070,2010-11-11 00:00:00,1
2010-11-12 00:00:00,2010-11-12 00:00:00,33.7,2010-11-12 00:00:00,32.7,33.5,168,240800,8024450,2010-11-12 00:00:00,1
2010-11-15 00:00:00,2010-11-15 00:00:00,33.5,2010-11-15 00:00:00,32.7,32.9,38,34800,1148270,2010-11-15 00:00:00,1
2010-11-16 00:00:00,2010-11-16 00:00:00,32.9,2010-11-16 00:00:00,31.7,31.8,48,32300,1031310,2010-11-16 00:00:00,1
2010-11-18 00:00:00,2010-11-18 00:00:00,33,2010-11-18 00:00:00,32,32.5,55,49200,1598720,2010-11-18 00:00:00,1
2010-11-22 00:00:00,2010-11-22 00:00:00,33.5,2010-11-22 00:00:00,32.3,32.5,106,156600,5175170,2010-11-22 00:00:00,1
2010-11-23 00:00:00,2010-11-23 00:00:00,33,2010-11-23 00:00:00,32.1,32.2,52,39600,1288880,2010-11-23 00:00:00,1
2010-11-24 00:00:00,2010-11-24 00:00:00,32.8,2010-11-24 00:00:00,32.1,32.5,59,29900,974110,2010-11-24 00:00:00,1
2010-11-25 00:00:00,2010-11-25 00:00:00,32.5,2010-11-25 00:00:00,32,32.1,24,17200,552630,2010-11-25 00:00:00,1
2010-11-26 00:00:00,2010-11-26 00:00:00,32.6,2010-11-26 00:00:00,32.1,32.3,32,25900,835970,2010-11-26 00:00:00,1
2010-11-29 00:00:00,2010-11-29 00:00:00,32.3,2010-11-29 00:00:00,31,31.2,64,120100,3833650,2010-11-29 00:00:00,1
2010-11-30 00:00:00,2010-11-30 00:00:00,33.1,2010-11-30 00:00:00,31.9,32.4,90,463700,15094850,2010-11-30 00:00:00,1
2010-12-01 00:00:00,2010-12-01 00:00:00,33,2010-12-01 00:00:00,32.6,32.8,65,66000,2171560,2010-12-01 00:00:00,1
2010-12-02 00:00:00,2010-12-02 00:00:00,32.8,2010-12-02 00:00:00,32.1,32.5,61,62500,2029700,2010-12-02 00:00:00,1
2010-12-03 00:00:00,2010-12-03 00:00:00,33.9,2010-12-03 00:00:00,32.5,32.7,55,58400,1919750,2010-12-03 00:00:00,1
2010-12-06 00:00:00,2010-12-06 00:00:00,33,2010-12-06 00:00:00,32.4,32.9,47,155200,5064660,2010-12-06 00:00:00,1
2010-12-07 00:00:00,2010-12-07 00:00:00,32.6,2010-12-07 00:00:00,32.4,32.5,41,41400,1343500,2010-12-07 00:00:00,1
2010-12-08 00:00:00,2010-12-08 00:00:00,33,2010-12-08 00:00:00,32,32.5,84,278100,8942380,2010-12-08 00:00:00,1
2010-12-09 00:00:00,2010-12-09 00:00:00,32.9,2010-12-09 00:00:00,32,32.4,26,19900,644490,2010-12-09 00:00:00,1
2010-12-10 00:00:00,2010-12-10 00:00:00,32.8,2010-12-10 00:00:00,32.5,32.5,34,10800,351400,2010-12-10 00:00:00,1
2010-12-13 00:00:00,2010-12-13 00:00:00,32.5,2010-12-13 00:00:00,32.1,32.4,42,26800,866720,2010-12-13 00:00:00,1
2010-12-14 00:00:00,2010-12-14 00:00:00,32.4,2010-12-14 00:00:00,32,32,40,23800,763730,2010-12-14 00:00:00,1
2010-12-15 00:00:00,2010-12-15 00:00:00,32.2,2010-12-15 00:00:00,31.8,32.2,32,41700,1337340,2010-12-15 00:00:00,1
2010-12-16 00:00:00,2010-12-16 00:00:00,32,2010-12-16 00:00:00,31.8,32,17,6900,219960,2010-12-16 00:00:00,1
2010-12-17 00:00:00,2010-12-17 00:00:00,32,2010-12-17 00:00:00,31.8,31.9,10,6700,213640,2010-12-17 00:00:00,1
2010-12-21 00:00:00,2010-12-21 00:00:00,32.2,2010-12-21 00:00:00,32,32.1,46,94100,3011850,2010-12-21 00:00:00,1
2010-12-22 00:00:00,2010-12-22 00:00:00,35.3,2010-12-22 00:00:00,31.8,34.8,564,924400,32083970,2010-12-22 00:00:00,1
2010-12-23 00:00:00,2010-12-23 00:00:00,37.4,2010-12-23 00:00:00,34.9,36.7,711,1575200,57348170,2010-12-23 00:00:00,1
2010-12-24 00:00:00,2010-12-24 00:00:00,37.4,2010-12-24 00:00:00,36,36.5,141,229600,8410620,2010-12-24 00:00:00,1
2010-12-27 00:00:00,2010-12-27 00:00:00,36.8,2010-12-27 00:00:00,35.8,35.9,124,146600,5278560,2010-12-27 00:00:00,1
2010-12-28 00:00:00,2010-12-28 00:00:00,36.2,2010-12-28 00:00:00,35.6,35.8,112,191400,6862050,2010-12-28 00:00:00,1
2010-12-29 00:00:00,2010-12-29 00:00:00,35.9,2010-12-29 00:00:00,35,35.8,150,381700,13472440,2010-12-29 00:00:00,1
2010-12-30 00:00:00,2010-12-30 00:00:00,35.8,2010-12-30 00:00:00,34,35.2,167,451500,15635900,2010-12-30 00:00:00,1
2010-12-31 00:00:00,2010-12-31 00:00:00,36.5,2010-12-31 00:00:00,35.2,36.4,219,557300,20171360,2010-12-31 00:00:00,1
Company Id,:  OFEQ,Security,Type :  N,Sub Type,:  0000,,,,,
Short Name,:  OFFICE EQUIPMENT,,,,,,,,,
Day,Date High,High,Date Low,Low,Closing,No. of Trades,No. of Shares,Turnover,Last Traded,Days Traded
2010-02-02 00:00:00,2010-02-02 00:00:00,80.25,2010-02-02 00:00:00,80.25,80.25,1,100,8025,2010-02-02 00:00:00,1
Company Id,:  ONAL,Security,Type :  N,Sub Type,:  0000,,,,,
Short Name,:  ON'ALLY,,,,,,,,,
Day,Date High,High,Date Low,Low,Closing,No. of Trades,No. of Shares,Turnover,Last Traded,Days Traded
2010-01-05 00:00:00,2010-01-05 00:00:00,34,2010-01-05 00:00:00,34,34,1,2700,91800,2010-01-05 00:00:00,1
2010-01-07 00:00:00,2010-01-07 00:00:00,35,2010-01-07 00:00:00,35,35,1,2800,98000,2010-01-07 00:00:00,1
2010-01-08 00:00:00,2010-01-08 00:00:00,43.5,2010-01-08 00:00:00,36,40.25,35,29900,1206350,2010-01-08 00:00:00,1
2010-01-11 00:00:00,2010-01-11 00:00:00,41,2010-01-11 00:00:00,40.25,40.75,7,2700,109300,2010-01-11 00:00:00,1
2010-01-12 00:00:00,2010-01-12 00:00:00,41.25,2010-01-12 00:00:00,40.75,41,3,300,12300,2010-01-12 00:00:00,1
2010-01-13 00:00:00,2010-01-13 00:00:00,42.75,2010-01-13 00:00:00,38,38.5,19,19100,781150,2010-01-13 00:00:00,1
2010-01-15 00:00:00,2010-01-15 00:00:00,38,2010-01-15 00:00:00,38,38,1,100,3800,2010-01-15 00:00:00,1
2010-01-18 00:00:00,2010-01-18 00:00:00,38,2010-01-18 00:00:00,38,38,1,500,19000,2010-01-18 00:00:00,1
2010-01-19 00:00:00,2010-01-19 00:00:00,38,2010-01-19 00:00:00,38,38,1,800,30400,2010-01-19 00:00:00,1
2010-01-20 00:00:00,2010-01-20 00:00:00,42.5,2010-01-20 00:00:00,36,41,23,21600,883400,2010-01-20 00:00:00,1
2010-01-28 00:00:00,2010-01-28 00:00:00,37,2010-01-28 00:00:00,37,37,1,600,22200,2010-01-28 00:00:00,1
2010-02-02 00:00:00,2010-02-02 00:00:00,39.75,2010-02-02 00:00:00,39.75,39.75,1,500,19875,2010-02-02 00:00:00,1
2010-02-03 00:00:00,2010-02-03 00:00:00,44,2010-02-03 00:00:00,40,42.25,8,5800,245325,2010-02-03 00:00:00,1
2010-02-05 00:00:00,2010-02-05 00:00:00,45,2010-02-05 00:00:00,45,45,1,100,4500,2010-02-05 00:00:00,1
2010-02-08 00:00:00,2010-02-08 00:00:00,43.5,2010-02-08 00:00:00,43.5,43.5,2,200,8700,2010-02-08 00:00:00,1
2010-02-09 00:00:00,2010-02-09 00:00:00,43.25,2010-02-09 00:00:00,37.75,42,9,11100,456325,2010-02-09 00:00:00,1
2010-02-11 00:00:00,2010-02-11 00:00:00,38,2010-02-11 00:00:00,38,38,1,300,11400,2010-02-11 00:00:00,1
2010-02-16 00:00:00,2010-02-16 00:00:00,39,2010-02-16 00:00:00,38.5,38.5,3,600,23150,2010-02-16 00:00:00,1
2010-02-18 00:00:00,2010-02-18 00:00:00,40,2010-02-18 00:00:00,40,40,2,400,16000,2010-02-18 00:00:00,1
2010-02-19 00:00:00,2010-02-19 00:00:00,44,2010-02-19 00:00:00,38.5,42,3,1200,49700,2010-02-19 00:00:00,1
2010-02-25 00:00:00,2010-02-25 00:00:00,42,2010-02-25 00:00:00,42,42,8,1000,42000,2010-02-25 00:00:00,1
2010-03-04 00:00:00,2010-03-04 00:00:00,38.75,2010-03-04 00:00:00,38.75,38.75,2,1000,38750,2010-03-04 00:00:00,1
2010-03-09 00:00:00,2010-03-09 00:00:00,38.75,2010-03-09 00:00:00,38.75,38.75,1,500,19375,2010-03-09 00:00:00,1
2010-03-10 00:00:00,2010-03-10 00:00:00,41.5,2010-03-10 00:00:00,38.75,39,2,3000,116800,2010-03-10 00:00:00,1
2010-03-24 00:00:00,2010-03-24 00:00:00,44.75,2010-03-24 00:00:00,39.25,42,2,200,8400,2010-03-24 00:00:00,1
2010-04-01 00:00:00,2010-04-01 00:00:00,37,2010-04-01 00:00:00,37,37,1,400,14800,2010-04-01 00:00:00,1
2010-04-07 00:00:00,2010-04-07 00:00:00,39,2010-04-07 00:00:00,37.25,39,4,5400,205500,2010-04-07 00:00:00,1
2010-04-15 00:00:00,2010-04-15 00:00:00,43.25,2010-04-15 00:00:00,40,41.75,2,4000,166500,2010-04-15 00:00:00,1
2010-04-23 00:00:00,2010-04-23 00:00:00,47.75,2010-04-23 00:00:00,45,46.5,3,4200,194775,2010-04-23 00:00:00,1
2010-04-26 00:00:00,2010-04-26 00:00:00,44.25,2010-04-26 00:00:00,41,43.75,5,2800,122425,2010-04-26 00:00:00,1
2010-04-27 00:00:00,2010-04-27 00:00:00,44.5,2010-04-27 00:00:00,43.75,44.5,11,4500,199425,2010-04-27 00:00:00,1
2010-04-29 00:00:00,2010-04-29 00:00:00,43.75,2010-04-29 00:00:00,43.75,43.75,1,200,8750,2010-04-29 00:00:00,1
2010-04-30 00:00:00,2010-04-30 00:00:00,45,2010-04-30 00:00:00,44,44.75,18,13500,603000,2010-04-30 00:00:00,1
2010-05-04 00:00:00,2010-05-04 00:00:00,41.25,2010-05-04 00:00:00,41.25,41.25,1,200,8250,2010-05-04 00:00:00,1
2010-05-05 00:00:00,2010-05-05 00:00:00,44,2010-05-05 00:00:00,44,44,1,200,8800,2010-05-05 00:00:00,1
2010-05-06 00:00:00,2010-05-06 00:00:00,46,2010-05-06 00:00:00,45.75,46,2,200,9175,2010-05-06 00:00:00,1
2010-05-07 00:00:00,2010-05-07 00:00:00,46,2010-05-07 00:00:00,44.75,44.75,4,2500,113250,2010-05-07 00:00:00,1
2010-05-11 00:00:00,2010-05-11 00:00:00,45.5,2010-05-11 00:00:00,43,44.25,2,400,17700,2010-05-11 00:00:00,1
2010-05-12 00:00:00,2010-05-12 00:00:00,44.25,2010-05-12 00:00:00,43,44.25,2,300,13150,2010-05-12 00:00:00,1
2010-05-14 00:00:00,2010-05-14 00:00:00,43.75,2010-05-14 00:00:00,43.75,43.75,1,100,4375,2010-05-14 00:00:00,1
2010-05-19 00:00:00,2010-05-19 00:00:00,43.25,2010-05-19 00:00:00,43.25,43.25,3,1300,56225,2010-05-19 00:00:00,1
2010-05-20 00:00:00,2010-05-20 00:00:00,43.25,2010-05-20 00:00:00,43.25,43.25,2,700,30275,2010-05-20 00:00:00,1
2010-05-21 00:00:00,2010-05-21 00:00:00,49,2010-05-21 00:00:00,45,45.5,17,6400,291925,2010-05-21 00:00:00,1
2010-05-24 00:00:00,2010-05-24 00:00:00,43.25,2010-05-24 00:00:00,43.25,43.25,2,2400,103800,2010-05-24 00:00:00,1
2010-06-01 00:00:00,2010-06-01 00:00:00,44,2010-06-01 00:00:00,42,43.5,6,3500,152000,2010-06-01 00:00:00,1
2010-06-07 00:00:00,2010-06-07 00:00:00,45.75,2010-06-07 00:00:00,45.75,45.75,2,1500,68625,2010-06-07 00:00:00,1
2010-06-11 00:00:00,2010-06-11 00:00:00,40.75,2010-06-11 00:00:00,40,40.5,3,600,24175,2010-06-11 00:00:00,1
2010-06-16 00:00:00,2010-06-16 00:00:00,44.75,2010-06-16 00:00:00,44.75,44.75,1,100,4475,2010-06-16 00:00:00,1
2010-06-17 00:00:00,2010-06-17 00:00:00,44,2010-06-17 00:00:00,42,42,4,1000,43200,2010-06-17 00:00:00,1
2010-06-21 00:00:00,2010-06-21 00:00:00,45,2010-06-21 00:00:00,45,45,1,1000,45000,2010-06-21 00:00:00,1
2010-06-22 00:00:00,2010-06-22 00:00:00,44.5,2010-06-22 00:00:00,41,44.5,6,2100,93100,2010-06-22 00:00:00,1
2010-06-23 00:00:00,2010-06-23 00:00:00,43,2010-06-23 00:00:00,42,42.75,3,1300,55600,2010-06-23 00:00:00,1
2010-06-24 00:00:00,2010-06-24 00:00:00,43,2010-06-24 00:00:00,42.75,43,2,300,12850,2010-06-24 00:00:00,1
2010-06-28 00:00:00,2010-06-28 00:00:00,44,2010-06-28 00:00:00,43.25,43.75,2,200,8725,2010-06-28 00:00:00,1
2010-06-29 00:00:00,2010-06-29 00:00:00,47.75,2010-06-29 00:00:00,44,44.75,32,34100,1549275,2010-06-29 00:00:00,1
2010-06-30 00:00:00,2010-06-30 00:00:00,53.5,2010-06-30 00:00:00,47,48,35,26400,1308875,2010-06-30 00:00:00,1
2010-07-01 00:00:00,2010-07-01 00:00:00,49,2010-07-01 00:00:00,47.5,48.25,17,10200,492325,2010-07-01 00:00:00,1
2010-07-02 00:00:00,2010-07-02 00:00:00,48.5,2010-07-02 00:00:00,48.5,48.5,1,100,4850,2010-07-02 00:00:00,1
2010-07-05 00:00:00,2010-07-05 00:00:00,45,2010-07-05 00:00:00,45,45,3,1600,72000,2010-07-05 00:00:00,1
2010-07-08 00:00:00,2010-07-08 00:00:00,45,2010-07-08 00:00:00,45,45,1,500,22500,2010-07-08 00:00:00,1
2010-07-09 00:00:00,2010-07-09 00:00:00,45.25,2010-07-09 00:00:00,45.25,45.25,1,100,4525,2010-07-09 00:00:00,1
2010-07-12 00:00:00,2010-07-12 00:00:00,45.25,2010-07-12 00:00:00,45,45,2,2000,90025,2010-07-12 00:00:00,1
2010-07-13 00:00:00,2010-07-13 00:00:00,45.25,2010-07-13 00:00:00,45,45,4,1100,49525,2010-07-13 00:00:00,1
2010-07-16 00:00:00,2010-07-16 00:00:00,45,2010-07-16 00:00:00,45,45,2,1000,45000,2010-07-16 00:00:00,1
2010-07-19 00:00:00,2010-07-19 00:00:00,49.75,2010-07-19 00:00:00,45,48.75,7,2700,125400,2010-07-19 00:00:00,1
2010-07-20 00:00:00,2010-07-20 00:00:00,49.75,2010-07-20 00:00:00,46,46,4,400,19425,2010-07-20 00:00:00,1
2010-07-21 00:00:00,2010-07-21 00:00:00,46,2010-07-21 00:00:00,45.75,46,3,2300,105675,2010-07-21 00:00:00,1
2010-07-23 00:00:00,2010-07-23 00:00:00,46,2010-07-23 00:00:00,46,46,1,100,4600,2010-07-23 00:00:00,1
2010-07-27 00:00:00,2010-07-27 00:00:00,74,2010-07-27 00:00:00,48,70.75,312,253100,16240000,2010-07-27 00:00:00,1
2010-07-28 00:00:00,2010-07-28 00:00:00,73,2010-07-28 00:00:00,62,65.25,62,32900,2279175,2010-07-28 00:00:00,1
2010-07-29 00:00:00,2010-07-29 00:00:00,69.75,2010-07-29 00:00:00,63.25,67.5,16,7800,528200,2010-07-29 00:00:00,1
2010-07-30 00:00:00,2010-07-30 00:00:00,65,2010-07-30 00:00:00,63.25,63.5,13,4500,287475,2010-07-30 00:00:00,1
2010-08-02 00:00:00,2010-08-02 00:00:00,64,2010-08-02 00:00:00,63.5,63.8,12,5200,332750,2010-08-02 00:00:00,1
2010-08-03 00:00:00,2010-08-03 00:00:00,63,2010-08-03 00:00:00,63,63,2,10000,630000,2010-08-03 00:00:00,1
2010-08-04 00:00:00,2010-08-04 00:00:00,69.9,2010-08-04 00:00:00,63,68.1,7,1500,102080,2010-08-04 00:00:00,1
2010-08-05 00:00:00,2010-08-05 00:00:00,71,2010-08-05 00:00:00,61.2,70.8,8,1900,126710,2010-08-05 00:00:00,1
2010-08-09 00:00:00,2010-08-09 00:00:00,67.8,2010-08-09 00:00:00,63.8,63.8,5,1300,84540,2010-08-09 00:00:00,1
2010-08-10 00:00:00,2010-08-10 00:00:00,70,2010-08-10 00:00:00,70,70,1,100,7000,2010-08-10 00:00:00,1
2010-08-11 00:00:00,2010-08-11 00:00:00,69,2010-08-11 00:00:00,67,67,3,1500,103100,2010-08-11 00:00:00,1
2010-08-12 00:00:00,2010-08-12 00:00:00,68,2010-08-12 00:00:00,60.3,66.1,4,400,26430,2010-08-12 00:00:00,1
2010-08-16 00:00:00,2010-08-16 00:00:00,66.1,2010-08-16 00:00:00,66.1,66.1,1,100,6610,2010-08-16 00:00:00,1
2010-08-17 00:00:00,2010-08-17 00:00:00,63.9,2010-08-17 00:00:00,60,63.9,2,300,18390,2010-08-17 00:00:00,1
2010-08-18 00:00:00,2010-08-18 00:00:00,60,2010-08-18 00:00:00,60,60,3,600,36000,2010-08-18 00:00:00,1
2010-08-19 00:00:00,2010-08-19 00:00:00,65.9,2010-08-19 00:00:00,65.8,65.9,2,200,13170,2010-08-19 00:00:00,1
2010-08-25 00:00:00,2010-08-25 00:00:00,70,2010-08-25 00:00:00,60,61.8,8,2000,123470,2010-08-25 00:00:00,1
2010-08-26 00:00:00,2010-08-26 00:00:00,60,2010-08-26 00:00:00,60,60,4,2900,174000,2010-08-26 00:00:00,1
2010-08-27 00:00:00,2010-08-27 00:00:00,60,2010-08-27 00:00:00,60,60,6,1700,102000,2010-08-27 00:00:00,1
2010-08-30 00:00:00,2010-08-30 00:00:00,60,2010-08-30 00:00:00,60,60,3,400,24000,2010-08-30 00:00:00,1
2010-08-31 00:00:00,2010-08-31 00:00:00,66,2010-08-31 00:00:00,61,64.2,3,600,38500,2010-08-31 00:00:00,1
2010-09-01 00:00:00,2010-09-01 00:00:00,65,2010-09-01 00:00:00,61,61.7,5,1400,86500,2010-09-01 00:00:00,1
2010-09-02 00:00:00,2010-09-02 00:00:00,65,2010-09-02 00:00:00,65,65,1,500,32500,2010-09-02 00:00:00,1
2010-09-03 00:00:00,2010-09-03 00:00:00,69,2010-09-03 00:00:00,60,65,6,5600,349400,2010-09-03 00:00:00,1
2010-09-08 00:00:00,2010-09-08 00:00:00,64,2010-09-08 00:00:00,64,64,1,100,6400,2010-09-08 00:00:00,1
2010-09-09 00:00:00,2010-09-09 00:00:00,67.9,2010-09-09 00:00:00,67.9,67.9,1,100,6790,2010-09-09 00:00:00,1
2010-09-13 00:00:00,2010-09-13 00:00:00,67.9,2010-09-13 00:00:00,62,64.6,6,1500,95480,2010-09-13 00:00:00,1
2010-09-14 00:00:00,2010-09-14 00:00:00,63,2010-09-14 00:00:00,63,63,3,2100,132300,2010-09-14 00:00:00,1
2010-09-15 00:00:00,2010-09-15 00:00:00,65,2010-09-15 00:00:00,63,63,5,1100,69500,2010-09-15 00:00:00,1
2010-09-20 00:00:00,2010-09-20 00:00:00,63,2010-09-20 00:00:00,60,63,3,1100,67500,2010-09-20 00:00:00,1
2010-09-21 00:00:00,2010-09-21 00:00:00,63,2010-09-21 00:00:00,63,63,2,400,25200,2010-09-21 00:00:00,1
2010-09-23 00:00:00,2010-09-23 00:00:00,60,2010-09-23 00:00:00,60,60,1,100,6000,2010-09-23 00:00:00,1
2010-09-24 00:00:00,2010-09-24 00:00:00,67,2010-09-24 00:00:00,60,67,2,200,12700,2010-09-24 00:00:00,1
2010-09-28 00:00:00,2010-09-28 00:00:00,67,2010-09-28 00:00:00,67,67,8,2600,174200,2010-09-28 00:00:00,1
2010-09-29 00:00:00,2010-09-29 00:00:00,70,2010-09-29 00:00:00,67,69.3,11,5500,377300,2010-09-29 00:00:00,1
2010-09-30 00:00:00,2010-09-30 00:00:00,70,2010-09-30 00:00:00,69,70,6,10200,713800,2010-09-30 00:00:00,1
2010-10-05 00:00:00,2010-10-05 00:00:00,70,2010-10-05 00:00:00,62,70,3,2900,180600,2010-10-05 00:00:00,1
2010-10-07 00:00:00,2010-10-07 00:00:00,62,2010-10-07 00:00:00,62,62,1,100,6200,2010-10-07 00:00:00,1
2010-10-08 00:00:00,2010-10-08 00:00:00,62,2010-10-08 00:00:00,62,62,1,500,31000,2010-10-08 00:00:00,1
2010-10-11 00:00:00,2010-10-11 00:00:00,62,2010-10-11 00:00:00,62,62,2,1100,68200,2010-10-11 00:00:00,1
2010-10-12 00:00:00,2010-10-12 00:00:00,62,2010-10-12 00:00:00,62,62,3,1500,93000,2010-10-12 00:00:00,1
2010-10-13 00:00:00,2010-10-13 00:00:00,60,2010-10-13 00:00:00,59,59.9,4,1300,77800,2010-10-13 00:00:00,1
2010-10-14 00:00:00,2010-10-14 00:00:00,60,2010-10-14 00:00:00,60,60,2,2000,120000,2010-10-14 00:00:00,1
2010-10-15 00:00:00,2010-10-15 00:00:00,60,2010-10-15 00:00:00,60,60,2,1200,72000,2010-10-15 00:00:00,1
2010-10-28 00:00:00,2010-10-28 00:00:00,82.9,2010-10-28 00:00:00,58,70.2,146,40800,3013930,2010-10-28 00:00:00,1
2010-10-29 00:00:00,2010-10-29 00:00:00,69.5,2010-10-29 00:00:00,63.2,69.3,7,1400,92630,2010-10-29 00:00:00,1
2010-11-01 00:00:00,2010-11-01 00:00:00,65,2010-11-01 00:00:00,63.4,65,11,13800,878120,2010-11-01 00:00:00,1
2010-11-02 00:00:00,2010-11-02 00:00:00,66.8,2010-11-02 00:00:00,64,64,5,700,45080,2010-11-02 00:00:00,1
2010-11-03 00:00:00,2010-11-03 00:00:00,63.5,2010-11-03 00:00:00,63.4,63.5,5,3500,222190,2010-11-03 00:00:00,1
2010-11-04 00:00:00,2010-11-04 00:00:00,63.4,2010-11-04 00:00:00,63.3,63.3,2,300,19000,2010-11-04 00:00:00,1
2010-11-08 00:00:00,2010-11-08 00:00:00,63.5,2010-11-08 00:00:00,62,62,5,2400,151280,2010-11-08 00:00:00,1
2010-11-09 00:00:00,2010-11-09 00:00:00,60,2010-11-09 00:00:00,60,60,1,400,24000,2010-11-09 00:00:00,1
2010-11-10 00:00:00,2010-11-10 00:00:00,64,2010-11-10 00:00:00,55.1,63,7,700,43320,2010-11-10 00:00:00,1
2010-11-15 00:00:00,2010-11-15 00:00:00,64.5,2010-11-15 00:00:00,60.1,62.9,4,2700,169250,2010-11-15 00:00:00,1
2010-11-16 00:00:00,2010-11-16 00:00:00,62,2010-11-16 00:00:00,62,62,1,300,18600,2010-11-16 00:00:00,1
2010-11-18 00:00:00,2010-11-18 00:00:00,62.9,2010-11-18 00:00:00,62,62,2,200,12490,2010-11-18 00:00:00,1
2010-11-22 00:00:00,2010-11-22 00:00:00,60,2010-11-22 00:00:00,60,60,8,1500,90000,2010-11-22 00:00:00,1
2010-11-23 00:00:00,2010-11-23 00:00:00,61,2010-11-23 00:00:00,61,61,1,800,48800,2010-11-23 00:00:00,1
2010-11-24 00:00:00,2010-11-24 00:00:00,56,2010-11-24 00:00:00,56,56,1,100,5600,2010-11-24 00:00:00,1
2010-11-26 00:00:00,2010-11-26 00:00:00,60,2010-11-26 00:00:00,60,60,1,200,12000,2010-11-26 00:00:00,1
2010-11-29 00:00:00,2010-11-29 00:00:00,62.9,2010-11-29 00:00:00,62.9,62.9,1,1100,69190,2010-11-29 00:00:00,1
2010-11-30 00:00:00,2010-11-30 00:00:00,63.2,2010-11-30 00:00:00,60,60,7,1500,90940,2010-11-30 00:00:00,1
2010-12-01 00:00:00,2010-12-01 00:00:00,62,2010-12-01 00:00:00,62,62,1,100,6200,2010-12-01 00:00:00,1
2010-12-02 00:00:00,2010-12-02 00:00:00,62,2010-12-02 00:00:00,60,60,5,1000,61200,2010-12-02 00:00:00,1
2010-12-07 00:00:00,2010-12-07 00:00:00,60,2010-12-07 00:00:00,60,60,3,1500,90000,2010-12-07 00:00:00,1
2010-12-08 00:00:00,2010-12-08 00:00:00,60,2010-12-08 00:00:00,60,60,1,1000,60000,2010-12-08 00:00:00,1
2010-12-09 00:00:00,2010-12-09 00:00:00,60,2010-12-09 00:00:00,60,60,1,100,6000,2010-12-09 00:00:00,1
2010-12-13 00:00:00,2010-12-13 00:00:00,60,2010-12-13 00:00:00,60,60,2,600,36000,2010-12-13 00:00:00,1
2010-12-15 00:00:00,2010-12-15 00:00:00,60,2010-12-15 00:00:00,60,60,2,300,18000,2010-12-15 00:00:00,1
2010-12-21 00:00:00,2010-12-21 00:00:00,60,2010-12-21 00:00:00,60,60,1,500,30000,2010-12-21 00:00:00,1
2010-12-22 00:00:00,2010-12-22 00:00:00,65,2010-12-22 00:00:00,58,63.8,3,500,30150,2010-12-22 00:00:00,1
2010-12-29 00:00:00,2010-12-29 00:00:00,60,2010-12-29 00:00:00,60,60,1,100,6000,2010-12-29 00:00:00,1
2010-12-30 00:00:00,2010-12-30 00:00:00,60,2010-12-30 00:00:00,60,60,1,300,18000,2010-12-30 00:00:00,1
2010-12-31 00:00:00,2010-12-31 00:00:00,60,2010-12-31 00:00:00,60,60,4,1100,66000,2010-12-31 00:00:00,1
Company Id,:  OSEA,Security,Type :  N,Sub Type,:  0000,,,,,
Short Name,:  OVERSEAS,REALTY,,,,,,,,
Day,Date High,High,Date Low,Low,Closing,No. of Trades,No. of Shares,Turnover,Last Traded,Days Traded
2010-01-04 00:00:00,2010-01-04 00:00:00,16,2010-01-04 00:00:00,15.5,15.75,31,48500,767650,2010-01-04 00:00:00,1
2010-01-05 00:00:00,2010-01-05 00:00:00,16.25,2010-01-05 00:00:00,15.75,15.75,58,182000,2932200,2010-01-05 00:00:00,1
2010-01-06 00:00:00,2010-01-06 00:00:00,16.25,2010-01-06 00:00:00,15.75,16,51,259800,4157900,2010-01-06 00:00:00,1
2010-01-07 00:00:00,2010-01-07 00:00:00,17.25,2010-01-07 00:00:00,15.75,16.25,504,2379300,39812200,2010-01-07 00:00:00,1
2010-01-08 00:00:00,2010-01-08 00:00:00,17.25,2010-01-08 00:00:00,16.25,16.25,254,2927400,48162675,2010-01-08 00:00:00,1
2010-01-11 00:00:00,2010-01-11 00:00:00,16.75,2010-01-11 00:00:00,16.25,16.25,141,761800,12588750,2010-01-11 00:00:00,1
2010-01-12 00:00:00,2010-01-12 00:00:00,16.5,2010-01-12 00:00:00,16.25,16.25,31,41700,678800,2010-01-12 00:00:00,1
2010-01-13 00:00:00,2010-01-13 00:00:00,16.75,2010-01-13 00:00:00,16.25,16.5,74,1240300,20194550,2010-01-13 00:00:00,1
2010-01-15 00:00:00,2010-01-15 00:00:00,16.5,2010-01-15 00:00:00,16.25,16.5,55,234400,3867350,2010-01-15 00:00:00,1
2010-01-18 00:00:00,2010-01-18 00:00:00,16.5,2010-01-18 00:00:00,16.25,16.25,80,2142000,34827550,2010-01-18 00:00:00,1
2010-01-19 00:00:00,2010-01-19 00:00:00,16.5,2010-01-19 00:00:00,16,16.25,100,812900,13221625,2010-01-19 00:00:00,1
2010-01-20 00:00:00,2010-01-20 00:00:00,16.75,2010-01-20 00:00:00,16.25,16.5,93,654300,10798425,2010-01-20 00:00:00,1
2010-01-21 00:00:00,2010-01-21 00:00:00,16.75,2010-01-21 00:00:00,16.5,16.75,91,709300,11796050,2010-01-21 00:00:00,1
2010-01-22 00:00:00,2010-01-22 00:00:00,16.75,2010-01-22 00:00:00,16.5,16.5,151,4669300,77131900,2010-01-22 00:00:00,1
2010-01-25 00:00:00,2010-01-25 00:00:00,17,2010-01-25 00:00:00,16.75,16.75,140,779500,13164975,2010-01-25 00:00:00,1
2010-01-26 00:00:00,2010-01-26 00:00:00,17.25,2010-01-26 00:00:00,16.75,17,192,1176100,20005575,2010-01-26 00:00:00,1
2010-01-28 00:00:00,2010-01-28 00:00:00,17,2010-01-28 00:00:00,16.5,17,198,884400,14856225,2010-01-28 00:00:00,1
2010-02-01 00:00:00,2010-02-01 00:00:00,17.25,2010-02-01 00:00:00,16.75,17,136,2167700,36857900,2010-02-01 00:00:00,1
2010-02-02 00:00:00,2010-02-02 00:00:00,17.5,2010-02-02 00:00:00,17,17.5,182,1257600,21916250,2010-02-02 00:00:00,1
2010-02-03 00:00:00,2010-02-03 00:00:00,17.75,2010-02-03 00:00:00,17.25,17.5,160,2472900,43247750,2010-02-03 00:00:00,1
2010-02-05 00:00:00,2010-02-05 00:00:00,17.5,2010-02-05 00:00:00,17.25,17.5,57,544400,9488850,2010-02-05 00:00:00,1
2010-02-08 00:00:00,2010-02-08 00:00:00,18,2010-02-08 00:00:00,17.25,18,335,3255100,57494300,2010-02-08 00:00:00,1
2010-02-09 00:00:00,2010-02-09 00:00:00,18,2010-02-09 00:00:00,17.25,17.5,156,537000,9391875,2010-02-09 00:00:00,1
2010-02-10 00:00:00,2010-02-10 00:00:00,17.75,2010-02-10 00:00:00,17,17,103,398700,6863150,2010-02-10 00:00:00,1
2010-02-11 00:00:00,2010-02-11 00:00:00,17.5,2010-02-11 00:00:00,16.75,16.75,49,191100,3271050,2010-02-11 00:00:00,1
2010-02-12 00:00:00,2010-02-12 00:00:00,16.75,2010-02-12 00:00:00,16.25,16.5,95,300600,4964625,2010-02-12 00:00:00,1
2010-02-15 00:00:00,2010-02-15 00:00:00,16.75,2010-02-15 00:00:00,16.25,16.25,48,134300,2214475,2010-02-15 00:00:00,1
2010-02-16 00:00:00,2010-02-16 00:00:00,16.25,2010-02-16 00:00:00,16.25,16.25,30,51600,838500,2010-02-16 00:00:00,1
2010-02-17 00:00:00,2010-02-17 00:00:00,16.5,2010-02-17 00:00:00,16,16,63,134400,2155275,2010-02-17 00:00:00,1
2010-02-18 00:00:00,2010-02-18 00:00:00,16.75,2010-02-18 00:00:00,16.25,16.5,28,81000,1334550,2010-02-18 00:00:00,1
2010-02-19 00:00:00,2010-02-19 00:00:00,16.75,2010-02-19 00:00:00,16.5,16.5,21,44700,745125,2010-02-19 00:00:00,1
2010-02-22 00:00:00,2010-02-22 00:00:00,16.5,2010-02-22 00:00:00,16.25,16.25,47,520400,8547825,2010-02-22 00:00:00,1
2010-02-23 00:00:00,2010-02-23 00:00:00,16.5,2010-02-23 00:00:00,16,16.25,67,78000,1267325,2010-02-23 00:00:00,1
2010-02-24 00:00:00,2010-02-24 00:00:00,16.5,2010-02-24 00:00:00,16,16.5,46,114200,1873700,2010-02-24 00:00:00,1
2010-02-25 00:00:00,2010-02-25 00:00:00,16.5,2010-02-25 00:00:00,16,16.25,34,173900,2823100,2010-02-25 00:00:00,1
2010-02-26 00:00:00,2010-02-26 00:00:00,17,2010-02-26 00:00:00,16,16.75,102,1328100,22123025,2010-02-26 00:00:00,1
2010-03-01 00:00:00,2010-03-01 00:00:00,17,2010-03-01 00:00:00,16.5,16.5,29,35100,583825,2010-03-01 00:00:00,1
2010-03-02 00:00:00,2010-03-02 00:00:00,16.5,2010-03-02 00:00:00,16,16.25,47,111100,1819450,2010-03-02 00:00:00,1
2010-03-03 00:00:00,2010-03-03 00:00:00,16.25,2010-03-03 00:00:00,15.75,16,104,259400,4150900,2010-03-03 00:00:00,1
2010-03-04 00:00:00,2010-03-04 00:00:00,16,2010-03-04 00:00:00,15.75,16,26,35200,558325,2010-03-04 00:00:00,1
2010-03-05 00:00:00,2010-03-05 00:00:00,16.25,2010-03-05 00:00:00,16.25,16.25,10,19000,308750,2010-03-05 00:00:00,1
2010-03-08 00:00:00,2010-03-08 00:00:00,16.5,2010-03-08 00:00:00,16,16.25,30,80700,1311450,2010-03-08 00:00:00,1
2010-03-09 00:00:00,2010-03-09 00:00:00,16.5,2010-03-09 00:00:00,16,16.25,38,121100,1967725,2010-03-09 00:00:00,1
2010-03-10 00:00:00,2010-03-10 00:00:00,16.5,2010-03-10 00:00:00,16,16.25,32,87200,1417800,2010-03-10 00:00:00,1
2010-03-11 00:00:00,2010-03-11 00:00:00,16.5,2010-03-11 00:00:00,16.25,16.25,24,75500,1229525,2010-03-11 00:00:00,1
2010-03-12 00:00:00,2010-03-12 00:00:00,16.75,2010-03-12 00:00:00,16.25,16.5,76,253200,4176975,2010-03-12 00:00:00,1
2010-03-15 00:00:00,2010-03-15 00:00:00,16.5,2010-03-15 00:00:00,16.25,16.25,60,361200,5893850,2010-03-15 00:00:00,1
2010-03-16 00:00:00,2010-03-16 00:00:00,16.25,2010-03-16 00:00:00,16,16,53,125400,2010475,2010-03-16 00:00:00,1
2010-03-17 00:00:00,2010-03-17 00:00:00,16,2010-03-17 00:00:00,16,16,37,157000,2512000,2010-03-17 00:00:00,1
2010-03-18 00:00:00,2010-03-18 00:00:00,16,2010-03-18 00:00:00,15.75,15.75,34,55600,877025,2010-03-18 00:00:00,1
2010-03-19 00:00:00,2010-03-19 00:00:00,16.25,2010-03-19 00:00:00,15.75,16,16,10800,173150,2010-03-19 00:00:00,1
2010-03-22 00:00:00,2010-03-22 00:00:00,15.75,2010-03-22 00:00:00,15.75,15.75,11,9800,154350,2010-03-22 00:00:00,1
2010-03-23 00:00:00,2010-03-23 00:00:00,16.25,2010-03-23 00:00:00,15.5,15.75,43,48600,760675,2010-03-23 00:00:00,1
2010-03-24 00:00:00,2010-03-24 00:00:00,16,2010-03-24 00:00:00,15.5,16,8,13300,209725,2010-03-24 00:00:00,1
2010-03-25 00:00:00,2010-03-25 00:00:00,16,2010-03-25 00:00:00,15.75,16,20,68500,1095700,2010-03-25 00:00:00,1
2010-03-26 00:00:00,2010-03-26 00:00:00,16.25,2010-03-26 00:00:00,15.75,16,42,128800,2061950,2010-03-26 00:00:00,1
2010-03-30 00:00:00,2010-03-30 00:00:00,15.75,2010-03-30 00:00:00,15.75,15.75,25,72700,1145025,2010-03-30 00:00:00,1
2010-03-31 00:00:00,2010-03-31 00:00:00,15.75,2010-03-31 00:00:00,15.5,15.5,48,268800,4174525,2010-03-31 00:00:00,1
2010-04-01 00:00:00,2010-04-01 00:00:00,15.75,2010-04-01 00:00:00,15.5,15.5,27,20600,319675,2010-04-01 00:00:00,1
2010-04-05 00:00:00,2010-04-05 00:00:00,15.75,2010-04-05 00:00:00,15.5,15.75,22,86600,1358275,2010-04-05 00:00:00,1
2010-04-06 00:00:00,2010-04-06 00:00:00,16.25,2010-04-06 00:00:00,15.5,16,29,129100,2061500,2010-04-06 00:00:00,1
2010-04-07 00:00:00,2010-04-07 00:00:00,16.25,2010-04-07 00:00:00,16,16.25,27,125400,2035500,2010-04-07 00:00:00,1
2010-04-08 00:00:00,2010-04-08 00:00:00,16.5,2010-04-08 00:00:00,16.25,16.25,25,21300,346850,2010-04-08 00:00:00,1
2010-04-12 00:00:00,2010-04-12 00:00:00,16.25,2010-04-12 00:00:00,15.5,16,46,160500,2518250,2010-04-12 00:00:00,1
2010-04-15 00:00:00,2010-04-15 00:00:00,16.25,2010-04-15 00:00:00,15.75,15.75,23,26100,418300,2010-04-15 00:00:00,1
2010-04-16 00:00:00,2010-04-16 00:00:00,16.25,2010-04-16 00:00:00,16,16,28,28200,452450,2010-04-16 00:00:00,1
2010-04-19 00:00:00,2010-04-19 00:00:00,17,2010-04-19 00:00:00,16,16.5,79,524200,8622150,2010-04-19 00:00:00,1
2010-04-20 00:00:00,2010-04-20 00:00:00,17,2010-04-20 00:00:00,16.5,16.5,59,218500,3644625,2010-04-20 00:00:00,1
2010-04-21 00:00:00,2010-04-21 00:00:00,16.75,2010-04-21 00:00:00,16.25,16.25,30,65500,1080775,2010-04-21 00:00:00,1
2010-04-22 00:00:00,2010-04-22 00:00:00,16.5,2010-04-22 00:00:00,16.25,16.25,35,137100,2248250,2010-04-22 00:00:00,1
2010-04-23 00:00:00,2010-04-23 00:00:00,16.25,2010-04-23 00:00:00,15.75,16,58,216700,3472075,2010-04-23 00:00:00,1
2010-04-26 00:00:00,2010-04-26 00:00:00,16.25,2010-04-26 00:00:00,15.75,16,56,353100,5618075,2010-04-26 00:00:00,1
2010-04-27 00:00:00,2010-04-27 00:00:00,17,2010-04-27 00:00:00,16,16.75,145,1153500,19295525,2010-04-27 00:00:00,1
2010-04-29 00:00:00,2010-04-29 00:00:00,18,2010-04-29 00:00:00,17,17.5,440,23107200,389058200,2010-04-29 00:00:00,1
2010-04-30 00:00:00,2010-04-30 00:00:00,18,2010-04-30 00:00:00,17.5,17.5,200,1057500,18740925,2010-04-30 00:00:00,1
2010-05-03 00:00:00,2010-05-03 00:00:00,17.75,2010-05-03 00:00:00,17.25,17.5,167,548800,9615725,2010-05-03 00:00:00,1
2010-05-04 00:00:00,2010-05-04 00:00:00,17.5,2010-05-04 00:00:00,17,17,66,202900,3480025,2010-05-04 00:00:00,1
2010-05-05 00:00:00,2010-05-05 00:00:00,17.75,2010-05-05 00:00:00,17.25,17.5,191,1004600,17574600,2010-05-05 00:00:00,1
2010-05-06 00:00:00,2010-05-06 00:00:00,17.5,2010-05-06 00:00:00,17.25,17.25,49,131500,2273875,2010-05-06 00:00:00,1
2010-05-07 00:00:00,2010-05-07 00:00:00,17.5,2010-05-07 00:00:00,17,17.25,50,131800,2269450,2010-05-07 00:00:00,1
2010-05-10 00:00:00,2010-05-10 00:00:00,17.25,2010-05-10 00:00:00,16.75,16.75,62,131200,2223325,2010-05-10 00:00:00,1
2010-05-11 00:00:00,2010-05-11 00:00:00,17,2010-05-11 00:00:00,16.75,16.75,28,39000,653850,2010-05-11 00:00:00,1
2010-05-12 00:00:00,2010-05-12 00:00:00,17,2010-05-12 00:00:00,16.75,16.75,31,193800,3276475,2010-05-12 00:00:00,1
2010-05-13 00:00:00,2010-05-13 00:00:00,17,2010-05-13 00:00:00,16.5,16.75,25,45200,756925,2010-05-13 00:00:00,1
2010-05-14 00:00:00,2010-05-14 00:00:00,17.5,2010-05-14 00:00:00,17,17,60,568700,9927775,2010-05-14 00:00:00,1
2010-05-17 00:00:00,2010-05-17 00:00:00,17.25,2010-05-17 00:00:00,16.75,16.75,17,32100,545100,2010-05-17 00:00:00,1
2010-05-18 00:00:00,2010-05-18 00:00:00,17,2010-05-18 00:00:00,16.75,16.75,85,276300,4672175,2010-05-18 00:00:00,1
2010-05-19 00:00:00,2010-05-19 00:00:00,17,2010-05-19 00:00:00,16.75,16.75,31,86300,1449975,2010-05-19 00:00:00,1
2010-05-20 00:00:00,2010-05-20 00:00:00,17,2010-05-20 00:00:00,16.5,16.75,48,255700,4283625,2010-05-20 00:00:00,1
2010-05-21 00:00:00,2010-05-21 00:00:00,17,2010-05-21 00:00:00,16.5,16.75,44,223500,3764350,2010-05-21 00:00:00,1
2010-05-24 00:00:00,2010-05-24 00:00:00,17,2010-05-24 00:00:00,16.75,16.75,29,238100,3988275,2010-05-24 00:00:00,1
2010-05-25 00:00:00,2010-05-25 00:00:00,16.75,2010-05-25 00:00:00,16.5,16.5,32,79800,1320800,2010-05-25 00:00:00,1
2010-05-26 00:00:00,2010-05-26 00:00:00,16.75,2010-05-26 00:00:00,16.5,16.75,8,29000,484225,2010-05-26 00:00:00,1
2010-05-31 00:00:00,2010-05-31 00:00:00,16.75,2010-05-31 00:00:00,16.25,16.5,19,35600,587525,2010-05-31 00:00:00,1
2010-06-01 00:00:00,2010-06-01 00:00:00,16.75,2010-06-01 00:00:00,16.5,16.5,14,45700,755375,2010-06-01 00:00:00,1
2010-06-02 00:00:00,2010-06-02 00:00:00,16.5,2010-06-02 00:00:00,16,16.5,36,578900,9427325,2010-06-02 00:00:00,1
2010-06-03 00:00:00,2010-06-03 00:00:00,16.75,2010-06-03 00:00:00,16.25,16.5,49,155600,2569525,2010-06-03 00:00:00,1
2010-06-04 00:00:00,2010-06-04 00:00:00,16.5,2010-06-04 00:00:00,16.25,16.25,68,504400,8199500,2010-06-04 00:00:00,1
2010-06-07 00:00:00,2010-06-07 00:00:00,16.5,2010-06-07 00:00:00,16.25,16.5,47,140500,2299775,2010-06-07 00:00:00,1
2010-06-08 00:00:00,2010-06-08 00:00:00,17,2010-06-08 00:00:00,16.25,16.75,56,610300,10091900,2010-06-08 00:00:00,1
2010-06-09 00:00:00,2010-06-09 00:00:00,17,2010-06-09 00:00:00,16.5,16.5,63,250200,4139950,2010-06-09 00:00:00,1
2010-06-10 00:00:00,2010-06-10 00:00:00,17,2010-06-10 00:00:00,16.5,16.5,26,65200,1104450,2010-06-10 00:00:00,1
2010-06-11 00:00:00,2010-06-11 00:00:00,16.75,2010-06-11 00:00:00,16.5,16.5,19,50600,839450,2010-06-11 00:00:00,1
2010-06-14 00:00:00,2010-06-14 00:00:00,16.75,2010-06-14 00:00:00,16.5,16.75,43,162300,2708375,2010-06-14 00:00:00,1
2010-06-15 00:00:00,2010-06-15 00:00:00,17.75,2010-06-15 00:00:00,16.75,17.25,237,1587700,27251925,2010-06-15 00:00:00,1
2010-06-16 00:00:00,2010-06-16 00:00:00,17.25,2010-06-16 00:00:00,16.75,16.75,61,118600,2010575,2010-06-16 00:00:00,1
2010-06-17 00:00:00,2010-06-17 00:00:00,17.25,2010-06-17 00:00:00,16.75,17,133,620600,10545100,2010-06-17 00:00:00,1
2010-06-21 00:00:00,2010-06-21 00:00:00,18.5,2010-06-21 00:00:00,17,18,646,9333200,163355700,2010-06-21 00:00:00,1
2010-06-22 00:00:00,2010-06-22 00:00:00,20,2010-06-22 00:00:00,18,19.5,1384,13419200,252679850,2010-06-22 00:00:00,1
2010-06-23 00:00:00,2010-06-23 00:00:00,20.25,2010-06-23 00:00:00,19,19.25,743,5177500,102721125,2010-06-23 00:00:00,1
2010-06-24 00:00:00,2010-06-24 00:00:00,20.75,2010-06-24 00:00:00,19.25,20.5,696,5740200,115576600,2010-06-24 00:00:00,1
2010-06-28 00:00:00,2010-06-28 00:00:00,21.5,2010-06-28 00:00:00,20.25,20.25,437,1966600,41271925,2010-06-28 00:00:00,1
2010-06-29 00:00:00,2010-06-29 00:00:00,23.5,2010-06-29 00:00:00,20.5,22.75,1342,8642800,191626300,2010-06-29 00:00:00,1
2010-06-30 00:00:00,2010-06-30 00:00:00,24,2010-06-30 00:00:00,22.5,22.5,615,4026200,94765975,2010-06-30 00:00:00,1
2010-07-01 00:00:00,2010-07-01 00:00:00,23,2010-07-01 00:00:00,21.75,22,261,1547500,34459950,2010-07-01 00:00:00,1
2010-07-02 00:00:00,2010-07-02 00:00:00,22.5,2010-07-02 00:00:00,21.5,21.5,142,812400,17662650,2010-07-02 00:00:00,1
2010-07-05 00:00:00,2010-07-05 00:00:00,22,2010-07-05 00:00:00,20.25,20.5,161,614900,12769050,2010-07-05 00:00:00,1
2010-07-06 00:00:00,2010-07-06 00:00:00,22,2010-07-06 00:00:00,20.5,20.5,124,478100,10088725,2010-07-06 00:00:00,1
2010-07-07 00:00:00,2010-07-07 00:00:00,20.5,2010-07-07 00:00:00,19.5,20,189,774100,15461825,2010-07-07 00:00:00,1
2010-07-08 00:00:00,2010-07-08 00:00:00,22,2010-07-08 00:00:00,20.5,21.5,231,925900,19836475,2010-07-08 00:00:00,1
2010-07-09 00:00:00,2010-07-09 00:00:00,22,2010-07-09 00:00:00,20.75,21,225,1013800,21853850,2010-07-09 00:00:00,1
2010-07-12 00:00:00,2010-07-12 00:00:00,21.25,2010-07-12 00:00:00,20.75,20.75,48,202600,4214575,2010-07-12 00:00:00,1
2010-07-13 00:00:00,2010-07-13 00:00:00,22.5,2010-07-13 00:00:00,20.75,21.75,295,1712500,37600100,2010-07-13 00:00:00,1
2010-07-14 00:00:00,2010-07-14 00:00:00,22.5,2010-07-14 00:00:00,22,22,144,690200,15335675,2010-07-14 00:00:00,1
2010-07-15 00:00:00,2010-07-15 00:00:00,22.5,2010-07-15 00:00:00,21.75,22,92,591900,13035900,2010-07-15 00:00:00,1
2010-07-16 00:00:00,2010-07-16 00:00:00,22.25,2010-07-16 00:00:00,21.25,22,101,746300,16333050,2010-07-16 00:00:00,1
2010-07-19 00:00:00,2010-07-19 00:00:00,22.25,2010-07-19 00:00:00,21,22,65,293600,6426650,2010-07-19 00:00:00,1
2010-07-20 00:00:00,2010-07-20 00:00:00,22.25,2010-07-20 00:00:00,21.75,22.25,118,1185000,26079450,2010-07-20 00:00:00,1
2010-07-21 00:00:00,2010-07-21 00:00:00,22.5,2010-07-21 00:00:00,21.75,22.5,122,298900,6605775,2010-07-21 00:00:00,1
2010-07-22 00:00:00,2010-07-22 00:00:00,22.75,2010-07-22 00:00:00,21.75,21.75,65,156300,3440825,2010-07-22 00:00:00,1
2010-07-23 00:00:00,2010-07-23 00:00:00,22.25,2010-07-23 00:00:00,22,22,115,604900,13312700,2010-07-23 00:00:00,1
2010-07-26 00:00:00,2010-07-26 00:00:00,22.75,2010-07-26 00:00:00,22,22.5,85,759100,16979425,2010-07-26 00:00:00,1
2010-07-27 00:00:00,2010-07-27 00:00:00,22.5,2010-07-27 00:00:00,22.25,22.25,71,225200,5039900,2010-07-27 00:00:00,1
2010-07-28 00:00:00,2010-07-28 00:00:00,22.5,2010-07-28 00:00:00,22,22.25,60,318800,7090150,2010-07-28 00:00:00,1
2010-07-29 00:00:00,2010-07-29 00:00:00,22.5,2010-07-29 00:00:00,22,22.25,116,831800,18494700,2010-07-29 00:00:00,1
2010-07-30 00:00:00,2010-07-30 00:00:00,22.25,2010-07-30 00:00:00,22,22,71,307400,6767250,2010-07-30 00:00:00,1
2010-08-02 00:00:00,2010-08-02 00:00:00,21.8,2010-08-02 00:00:00,19.9,21,155,1027500,20890730,2010-08-02 00:00:00,1
2010-08-03 00:00:00,2010-08-03 00:00:00,23,2010-08-03 00:00:00,20.5,21,56,270400,5643540,2010-08-03 00:00:00,1
2010-08-04 00:00:00,2010-08-04 00:00:00,21.1,2010-08-04 00:00:00,20.3,20.9,40,71500,1467620,2010-08-04 00:00:00,1
2010-08-05 00:00:00,2010-08-05 00:00:00,20.8,2010-08-05 00:00:00,19.6,20.7,73,183500,3755190,2010-08-05 00:00:00,1
2010-08-06 00:00:00,2010-08-06 00:00:00,20.3,2010-08-06 00:00:00,19.8,19.9,89,316400,6344750,2010-08-06 00:00:00,1
2010-08-09 00:00:00,2010-08-09 00:00:00,19.9,2010-08-09 00:00:00,18,18.8,90,231400,4298630,2010-08-09 00:00:00,1
2010-08-10 00:00:00,2010-08-10 00:00:00,20.6,2010-08-10 00:00:00,18,20.2,279,942000,18672010,2010-08-10 00:00:00,1
2010-08-11 00:00:00,2010-08-11 00:00:00,21,2010-08-11 00:00:00,19.6,19.8,151,2774300,56046340,2010-08-11 00:00:00,1
2010-08-12 00:00:00,2010-08-12 00:00:00,20.4,2010-08-12 00:00:00,19.6,19.6,78,167500,3310120,2010-08-12 00:00:00,1
2010-08-13 00:00:00,2010-08-13 00:00:00,20,2010-08-13 00:00:00,19.3,19.5,109,204700,3990410,2010-08-13 00:00:00,1
2010-08-16 00:00:00,2010-08-16 00:00:00,20.1,2010-08-16 00:00:00,19.5,19.7,81,920500,18388420,2010-08-16 00:00:00,1
2010-08-17 00:00:00,2010-08-17 00:00:00,20.1,2010-08-17 00:00:00,19.7,19.8,68,114500,2280280,2010-08-17 00:00:00,1
2010-08-18 00:00:00,2010-08-18 00:00:00,19.8,2010-08-18 00:00:00,19.5,19.7,67,1536700,30031630,2010-08-18 00:00:00,1
2010-08-19 00:00:00,2010-08-19 00:00:00,21,2010-08-19 00:00:00,19.5,19.9,116,261500,5206410,2010-08-19 00:00:00,1
2010-08-20 00:00:00,2010-08-20 00:00:00,20.3,2010-08-20 00:00:00,19.5,19.6,43,93400,1841960,2010-08-20 00:00:00,1
2010-08-23 00:00:00,2010-08-23 00:00:00,19.9,2010-08-23 00:00:00,19.3,19.6,64,181000,3540670,2010-08-23 00:00:00,1
2010-08-25 00:00:00,2010-08-25 00:00:00,19.9,2010-08-25 00:00:00,19.5,19.5,87,339700,6647510,2010-08-25 00:00:00,1
2010-08-26 00:00:00,2010-08-26 00:00:00,21,2010-08-26 00:00:00,19.5,19.5,326,726200,14504420,2010-08-26 00:00:00,1
2010-08-27 00:00:00,2010-08-27 00:00:00,20,2010-08-27 00:00:00,19,19.4,145,301300,5842590,2010-08-27 00:00:00,1
2010-08-30 00:00:00,2010-08-30 00:00:00,20,2010-08-30 00:00:00,19.1,19.5,87,317600,6205400,2010-08-30 00:00:00,1
2010-08-31 00:00:00,2010-08-31 00:00:00,19.8,2010-08-31 00:00:00,19,19.2,78,163000,3145800,2010-08-31 00:00:00,1
2010-09-01 00:00:00,2010-09-01 00:00:00,19.5,2010-09-01 00:00:00,19,19,63,270800,5191170,2010-09-01 00:00:00,1
2010-09-02 00:00:00,2010-09-02 00:00:00,19.1,2010-09-02 00:00:00,18.9,18.9,75,128600,2442580,2010-09-02 00:00:00,1
2010-09-03 00:00:00,2010-09-03 00:00:00,19.5,2010-09-03 00:00:00,18.8,19,133,190400,3611880,2010-09-03 00:00:00,1
2010-09-06 00:00:00,2010-09-06 00:00:00,19.4,2010-09-06 00:00:00,18.6,19,81,158500,3006640,2010-09-06 00:00:00,1
2010-09-07 00:00:00,2010-09-07 00:00:00,19,2010-09-07 00:00:00,18.7,18.8,64,93000,1748320,2010-09-07 00:00:00,1
2010-09-08 00:00:00,2010-09-08 00:00:00,20,2010-09-08 00:00:00,18.3,19.3,288,847300,16127390,2010-09-08 00:00:00,1
2010-09-09 00:00:00,2010-09-09 00:00:00,20.3,2010-09-09 00:00:00,19,19,134,321600,6221920,2010-09-09 00:00:00,1
2010-09-13 00:00:00,2010-09-13 00:00:00,20,2010-09-13 00:00:00,19.1,19.3,84,176000,3432220,2010-09-13 00:00:00,1
2010-09-14 00:00:00,2010-09-14 00:00:00,19.3,2010-09-14 00:00:00,18.5,18.7,96,120200,2257230,2010-09-14 00:00:00,1
2010-09-15 00:00:00,2010-09-15 00:00:00,19.2,2010-09-15 00:00:00,18.1,18.3,137,435900,8028390,2010-09-15 00:00:00,1
2010-09-16 00:00:00,2010-09-16 00:00:00,18.5,2010-09-16 00:00:00,17.9,18,172,385000,6991960,2010-09-16 00:00:00,1
2010-09-17 00:00:00,2010-09-17 00:00:00,18.3,2010-09-17 00:00:00,17.8,18,202,660300,11880240,2010-09-17 00:00:00,1
2010-09-20 00:00:00,2010-09-20 00:00:00,18.5,2010-09-20 00:00:00,17.3,17.7,253,2163700,38005060,2010-09-20 00:00:00,1
2010-09-21 00:00:00,2010-09-21 00:00:00,18,2010-09-21 00:00:00,17.3,17.5,175,1442500,25237130,2010-09-21 00:00:00,1
2010-09-23 00:00:00,2010-09-23 00:00:00,17.5,2010-09-23 00:00:00,17,17.5,100,1067400,18648260,2010-09-23 00:00:00,1
2010-09-24 00:00:00,2010-09-24 00:00:00,17.5,2010-09-24 00:00:00,16.9,17,132,766900,13047530,2010-09-24 00:00:00,1
2010-09-27 00:00:00,2010-09-27 00:00:00,17.2,2010-09-27 00:00:00,16.9,17,86,325900,5540040,2010-09-27 00:00:00,1
2010-09-28 00:00:00,2010-09-28 00:00:00,18,2010-09-28 00:00:00,17,17.4,235,850600,14744220,2010-09-28 00:00:00,1
2010-09-29 00:00:00,2010-09-29 00:00:00,19.4,2010-09-29 00:00:00,18.1,18.6,534,1937600,36430770,2010-09-29 00:00:00,1
2010-09-30 00:00:00,2010-09-30 00:00:00,18.9,2010-09-30 00:00:00,18.4,18.8,146,443000,8270470,2010-09-30 00:00:00,1
2010-10-01 00:00:00,2010-10-01 00:00:00,19,2010-10-01 00:00:00,18.5,18.5,99,230200,4305340,2010-10-01 00:00:00,1
2010-10-04 00:00:00,2010-10-04 00:00:00,18.6,2010-10-04 00:00:00,18,18.2,67,231600,4222360,2010-10-04 00:00:00,1
2010-10-05 00:00:00,2010-10-05 00:00:00,18.4,2010-10-05 00:00:00,17.7,18,54,137700,2471440,2010-10-05 00:00:00,1
2010-10-06 00:00:00,2010-10-06 00:00:00,18.1,2010-10-06 00:00:00,17.6,17.7,52,130400,2336340,2010-10-06 00:00:00,1
2010-10-07 00:00:00,2010-10-07 00:00:00,17.9,2010-10-07 00:00:00,16.7,17,133,216600,3695130,2010-10-07 00:00:00,1
2010-10-08 00:00:00,2010-10-08 00:00:00,17.1,2010-10-08 00:00:00,16.3,16.9,100,121800,2044540,2010-10-08 00:00:00,1
2010-10-11 00:00:00,2010-10-11 00:00:00,17.7,2010-10-11 00:00:00,16.8,17.2,100,174800,3009700,2010-10-11 00:00:00,1
2010-10-12 00:00:00,2010-10-12 00:00:00,16.8,2010-10-12 00:00:00,16,16.2,91,235200,3902780,2010-10-12 00:00:00,1
2010-10-13 00:00:00,2010-10-13 00:00:00,16.9,2010-10-13 00:00:00,15.4,15.8,81,182500,2849690,2010-10-13 00:00:00,1
2010-10-14 00:00:00,2010-10-14 00:00:00,16.3,2010-10-14 00:00:00,15.9,16,62,126800,2025660,2010-10-14 00:00:00,1
2010-10-15 00:00:00,2010-10-15 00:00:00,16.4,2010-10-15 00:00:00,15.9,16.2,25,67100,1090040,2010-10-15 00:00:00,1
2010-10-18 00:00:00,2010-10-18 00:00:00,17.2,2010-10-18 00:00:00,15.9,16,20,32100,522600,2010-10-18 00:00:00,1
2010-10-19 00:00:00,2010-10-19 00:00:00,15.8,2010-10-19 00:00:00,15.4,15.5,36,40300,625340,2010-10-19 00:00:00,1
2010-10-20 00:00:00,2010-10-20 00:00:00,15.5,2010-10-20 00:00:00,15.3,15.3,11,16800,258150,2010-10-20 00:00:00,1
2010-10-21 00:00:00,2010-10-21 00:00:00,15.5,2010-10-21 00:00:00,15.1,15.2,29,41200,623950,2010-10-21 00:00:00,1
2010-10-25 00:00:00,2010-10-25 00:00:00,16.4,2010-10-25 00:00:00,15.1,16.1,157,189000,2997600,2010-10-25 00:00:00,1
2010-10-26 00:00:00,2010-10-26 00:00:00,17.5,2010-10-26 00:00:00,16.1,16.2,264,363100,6045160,2010-10-26 00:00:00,1
2010-10-27 00:00:00,2010-10-27 00:00:00,16,2010-10-27 00:00:00,15.3,15.4,29,75900,1183250,2010-10-27 00:00:00,1
2010-10-28 00:00:00,2010-10-28 00:00:00,16,2010-10-28 00:00:00,15.1,15.2,56,186900,2888970,2010-10-28 00:00:00,1
2010-10-29 00:00:00,2010-10-29 00:00:00,15.6,2010-10-29 00:00:00,15.1,15.2,67,157600,2398580,2010-10-29 00:00:00,1
2010-11-01 00:00:00,2010-11-01 00:00:00,15.3,2010-11-01 00:00:00,15.1,15.2,66,107900,1644310,2010-11-01 00:00:00,1
2010-11-02 00:00:00,2010-11-02 00:00:00,15.4,2010-11-02 00:00:00,15.1,15.3,34,58700,896860,2010-11-02 00:00:00,1
2010-11-03 00:00:00,2010-11-03 00:00:00,16,2010-11-03 00:00:00,15.3,15.5,50,62600,971910,2010-11-03 00:00:00,1
2010-11-04 00:00:00,2010-11-04 00:00:00,15.7,2010-11-04 00:00:00,15.2,15.2,22,29600,453290,2010-11-04 00:00:00,1
2010-11-08 00:00:00,2010-11-08 00:00:00,15.8,2010-11-08 00:00:00,15.3,15.5,29,42000,648730,2010-11-08 00:00:00,1
2010-11-09 00:00:00,2010-11-09 00:00:00,15.7,2010-11-09 00:00:00,15.3,15.4,26,52000,796490,2010-11-09 00:00:00,1
2010-11-10 00:00:00,2010-11-10 00:00:00,15.3,2010-11-10 00:00:00,15.1,15.1,26,22200,336060,2010-11-10 00:00:00,1
2010-11-11 00:00:00,2010-11-11 00:00:00,15.1,2010-11-11 00:00:00,14,15,41,39900,592030,2010-11-11 00:00:00,1
2010-11-12 00:00:00,2010-11-12 00:00:00,15.4,2010-11-12 00:00:00,14.9,14.9,33,65400,979760,2010-11-12 00:00:00,1
2010-11-15 00:00:00,2010-11-15 00:00:00,16,2010-11-15 00:00:00,14.8,15.4,65,134700,2070650,2010-11-15 00:00:00,1
2010-11-16 00:00:00,2010-11-16 00:00:00,15.4,2010-11-16 00:00:00,14.8,15,22,15600,231670,2010-11-16 00:00:00,1
2010-11-18 00:00:00,2010-11-18 00:00:00,15.3,2010-11-18 00:00:00,14.8,15,28,59600,893870,2010-11-18 00:00:00,1
2010-11-22 00:00:00,2010-11-22 00:00:00,15.7,2010-11-22 00:00:00,15,15.1,21,25000,380750,2010-11-22 00:00:00,1
2010-11-23 00:00:00,2010-11-23 00:00:00,15,2010-11-23 00:00:00,14.6,14.7,37,25900,382010,2010-11-23 00:00:00,1
2010-11-24 00:00:00,2010-11-24 00:00:00,14.9,2010-11-24 00:00:00,14.6,14.7,102,245400,3621140,2010-11-24 00:00:00,1
2010-11-25 00:00:00,2010-11-25 00:00:00,14.7,2010-11-25 00:00:00,14.5,14.6,36,79300,1151230,2010-11-25 00:00:00,1
2010-11-26 00:00:00,2010-11-26 00:00:00,14.7,2010-11-26 00:00:00,14.4,14.6,51,130900,1904520,2010-11-26 00:00:00,1
2010-11-29 00:00:00,2010-11-29 00:00:00,14.6,2010-11-29 00:00:00,14.4,14.4,48,134500,1944370,2010-11-29 00:00:00,1
2010-11-30 00:00:00,2010-11-30 00:00:00,15.2,2010-11-30 00:00:00,14.5,15,52,67100,1004710,2010-11-30 00:00:00,1
2010-12-01 00:00:00,2010-12-01 00:00:00,15.4,2010-12-01 00:00:00,15.1,15.3,34,56700,860880,2010-12-01 00:00:00,1
2010-12-02 00:00:00,2010-12-02 00:00:00,15.5,2010-12-02 00:00:00,15,15.1,71,121000,1843960,2010-12-02 00:00:00,1
2010-12-03 00:00:00,2010-12-03 00:00:00,15.2,2010-12-03 00:00:00,15,15,23,45800,687930,2010-12-03 00:00:00,1
2010-12-06 00:00:00,2010-12-06 00:00:00,15.2,2010-12-06 00:00:00,15,15.1,20,20100,303010,2010-12-06 00:00:00,1
2010-12-07 00:00:00,2010-12-07 00:00:00,15.1,2010-12-07 00:00:00,15,15,42,134700,2023860,2010-12-07 00:00:00,1
2010-12-08 00:00:00,2010-12-08 00:00:00,15.2,2010-12-08 00:00:00,14.8,15,24,39500,589450,2010-12-08 00:00:00,1
2010-12-09 00:00:00,2010-12-09 00:00:00,15.1,2010-12-09 00:00:00,15,15,19,80700,1211730,2010-12-09 00:00:00,1
2010-12-10 00:00:00,2010-12-10 00:00:00,15.1,2010-12-10 00:00:00,14.9,14.9,29,57400,860010,2010-12-10 00:00:00,1
2010-12-13 00:00:00,2010-12-13 00:00:00,15.1,2010-12-13 00:00:00,14.9,15,75,180600,2706430,2010-12-13 00:00:00,1
2010-12-14 00:00:00,2010-12-14 00:00:00,15,2010-12-14 00:00:00,14.9,15,13,105900,1579420,2010-12-14 00:00:00,1
2010-12-15 00:00:00,2010-12-15 00:00:00,15.1,2010-12-15 00:00:00,14.9,15,31,232100,3481970,2010-12-15 00:00:00,1
2010-12-16 00:00:00,2010-12-16 00:00:00,15.1,2010-12-16 00:00:00,14.8,14.9,28,105300,1577010,2010-12-16 00:00:00,1
2010-12-17 00:00:00,2010-12-17 00:00:00,15,2010-12-17 00:00:00,14.8,14.9,15,13900,207080,2010-12-17 00:00:00,1
2010-12-21 00:00:00,2010-12-21 00:00:00,15,2010-12-21 00:00:00,14.9,14.9,18,37600,562930,2010-12-21 00:00:00,1
2010-12-22 00:00:00,2010-12-22 00:00:00,15.1,2010-12-22 00:00:00,14.9,14.9,50,92900,1393710,2010-12-22 00:00:00,1
2010-12-23 00:00:00,2010-12-23 00:00:00,15.3,2010-12-23 00:00:00,15,15.2,51,43500,656240,2010-12-23 00:00:00,1
2010-12-24 00:00:00,2010-12-24 00:00:00,15.4,2010-12-24 00:00:00,15,15,14,38900,584460,2010-12-24 00:00:00,1
2010-12-27 00:00:00,2010-12-27 00:00:00,15.2,2010-12-27 00:00:00,15,15.1,23,35500,535750,2010-12-27 00:00:00,1
2010-12-28 00:00:00,2010-12-28 00:00:00,16,2010-12-28 00:00:00,15.2,15.8,81,175600,2715670,2010-12-28 00:00:00,1
2010-12-29 00:00:00,2010-12-29 00:00:00,15.9,2010-12-29 00:00:00,15.3,15.5,36,22800,356880,2010-12-29 00:00:00,1
2010-12-30 00:00:00,2010-12-30 00:00:00,15.5,2010-12-30 00:00:00,15,15.3,38,56900,862290,2010-12-30 00:00:00,1
2010-12-31 00:00:00,2010-12-31 00:00:00,15.5,2010-12-31 00:00:00,15.2,15.3,37,46200,704130,2010-12-31 00:00:00,1
Company Id,:  OSEA,Security,Type :  R,Sub Type,:  0000,,,,,
Short Name,:  OVERSEASREALTY,,,,,,,,,
Day,Date High,High,Date Low,Low,Closing,No. of Trades,No. of Shares,Turnover,Last Traded,Days Traded
2010-10-25 00:00:00,2010-10-25 00:00:00,2.2,2010-10-25 00:00:00,0.3,2,211,574600,871810,2010-10-25 00:00:00,1
2010-10-26 00:00:00,2010-10-26 00:00:00,4,2010-10-26 00:00:00,2.5,3.9,315,768100,2970330,2010-10-26 00:00:00,1
2010-10-27 00:00:00,2010-10-27 00:00:00,4,2010-10-27 00:00:00,1.3,1.5,262,858100,1670270,2010-10-27 00:00:00,1
2010-10-28 00:00:00,2010-10-28 00:00:00,2,2010-10-28 00:00:00,0.4,0.5,313,4257500,2239210,2010-10-28 00:00:00,1
2010-10-29 00:00:00,2010-10-29 00:00:00,0.4,2010-10-29 00:00:00,0.2,0.2,219,2246600,624970,2010-10-29 00:00:00,1
2010-11-01 00:00:00,2010-11-01 00:00:00,0.2,2010-11-01 00:00:00,0.1,0.1,398,15121400,1600260,2010-11-01 00:00:00,1
Company Id,:  PABC,Security,Type :  N,Sub Type,:  0000,,,,,
Short Name,:  PAN ASIA,,,,,,,,,
Day,Date High,High,Date Low,Low,Closing,No. of Trades,No. of Shares,Turnover,Last Traded,Days Traded
2010-01-04 00:00:00,2010-01-04 00:00:00,21,2010-01-04 00:00:00,20.5,20.75,173,357200,7391600,2010-01-04 00:00:00,1
2010-01-05 00:00:00,2010-01-05 00:00:00,21,2010-01-05 00:00:00,20.25,20.25,114,175500,3625150,2010-01-05 00:00:00,1
2010-01-06 00:00:00,2010-01-06 00:00:00,20.75,2010-01-06 00:00:00,20,20.25,56,137200,2778575,2010-01-06 00:00:00,1
2010-01-07 00:00:00,2010-01-07 00:00:00,20.75,2010-01-07 00:00:00,20,20.5,62,126900,2589375,2010-01-07 00:00:00,1
2010-01-08 00:00:00,2010-01-08 00:00:00,20.75,2010-01-08 00:00:00,20.25,20.5,26,45400,926825,2010-01-08 00:00:00,1
2010-01-11 00:00:00,2010-01-11 00:00:00,20.5,2010-01-11 00:00:00,20.25,20.25,47,68700,1397925,2010-01-11 00:00:00,1
2010-01-12 00:00:00,2010-01-12 00:00:00,20.25,2010-01-12 00:00:00,19.75,20,62,73400,1469525,2010-01-12 00:00:00,1
2010-01-13 00:00:00,2010-01-13 00:00:00,20,2010-01-13 00:00:00,19.5,19.5,63,111400,2206875,2010-01-13 00:00:00,1
2010-01-15 00:00:00,2010-01-15 00:00:00,20,2010-01-15 00:00:00,19.5,19.75,63,98700,1946050,2010-01-15 00:00:00,1
2010-01-18 00:00:00,2010-01-18 00:00:00,20,2010-01-18 00:00:00,19.25,19.5,51,54400,1067250,2010-01-18 00:00:00,1
2010-01-19 00:00:00,2010-01-19 00:00:00,19.5,2010-01-19 00:00:00,19,19.25,85,95200,1825625,2010-01-19 00:00:00,1
2010-01-20 00:00:00,2010-01-20 00:00:00,19.75,2010-01-20 00:00:00,19.5,19.75,54,119600,2340200,2010-01-20 00:00:00,1
2010-01-21 00:00:00,2010-01-21 00:00:00,20,2010-01-21 00:00:00,19.25,19.5,22,32800,639800,2010-01-21 00:00:00,1
2010-01-22 00:00:00,2010-01-22 00:00:00,19.75,2010-01-22 00:00:00,19.25,19.25,38,36600,711925,2010-01-22 00:00:00,1
2010-01-25 00:00:00,2010-01-25 00:00:00,20,2010-01-25 00:00:00,19.25,19.75,73,124900,2452875,2010-01-25 00:00:00,1
2010-01-26 00:00:00,2010-01-26 00:00:00,20.5,2010-01-26 00:00:00,19.5,20,51,122200,2424050,2010-01-26 00:00:00,1
2010-01-28 00:00:00,2010-01-28 00:00:00,20.5,2010-01-28 00:00:00,19.5,20,101,358600,7200575,2010-01-28 00:00:00,1
2010-02-01 00:00:00,2010-02-01 00:00:00,22.5,2010-02-01 00:00:00,20.75,22.25,406,1248200,27107450,2010-02-01 00:00:00,1
2010-02-02 00:00:00,2010-02-02 00:00:00,22.5,2010-02-02 00:00:00,21.5,21.75,186,697500,15297625,2010-02-02 00:00:00,1
2010-02-03 00:00:00,2010-02-03 00:00:00,22,2010-02-03 00:00:00,20.5,21.5,134,348000,7393875,2010-02-03 00:00:00,1
2010-02-05 00:00:00,2010-02-05 00:00:00,22,2010-02-05 00:00:00,21,21.25,68,133500,2852600,2010-02-05 00:00:00,1
2010-02-08 00:00:00,2010-02-08 00:00:00,21.75,2010-02-08 00:00:00,21.25,21.5,89,351200,7555050,2010-02-08 00:00:00,1
2010-02-09 00:00:00,2010-02-09 00:00:00,21.5,2010-02-09 00:00:00,21,21.25,100,396900,8448500,2010-02-09 00:00:00,1
2010-02-10 00:00:00,2010-02-10 00:00:00,21.25,2010-02-10 00:00:00,20.5,20.5,68,189200,3938150,2010-02-10 00:00:00,1
2010-02-11 00:00:00,2010-02-11 00:00:00,20.75,2010-02-11 00:00:00,20.25,20.25,71,183600,3750425,2010-02-11 00:00:00,1
2010-02-12 00:00:00,2010-02-12 00:00:00,20.5,2010-02-12 00:00:00,20,20.25,73,97500,1965175,2010-02-12 00:00:00,1
2010-02-15 00:00:00,2010-02-15 00:00:00,20.5,2010-02-15 00:00:00,20,20.25,32,36900,747175,2010-02-15 00:00:00,1
2010-02-16 00:00:00,2010-02-16 00:00:00,20.25,2010-02-16 00:00:00,19.75,20,39,63100,1265325,2010-02-16 00:00:00,1
2010-02-17 00:00:00,2010-02-17 00:00:00,21,2010-02-17 00:00:00,20,20.5,65,143800,2953975,2010-02-17 00:00:00,1
2010-02-18 00:00:00,2010-02-18 00:00:00,21,2010-02-18 00:00:00,20.5,20.75,36,62300,1287975,2010-02-18 00:00:00,1
2010-02-19 00:00:00,2010-02-19 00:00:00,22.5,2010-02-19 00:00:00,20.5,22,315,1218100,26572800,2010-02-19 00:00:00,1
2010-02-22 00:00:00,2010-02-22 00:00:00,24.25,2010-02-22 00:00:00,22.5,22.5,583,1546600,35911325,2010-02-22 00:00:00,1
2010-02-23 00:00:00,2010-02-23 00:00:00,22.75,2010-02-23 00:00:00,21.5,22.5,126,332800,7453700,2010-02-23 00:00:00,1
2010-02-24 00:00:00,2010-02-24 00:00:00,22.5,2010-02-24 00:00:00,22,22.25,79,215800,4793800,2010-02-24 00:00:00,1
2010-02-25 00:00:00,2010-02-25 00:00:00,22.75,2010-02-25 00:00:00,21.5,22,387,1025300,22536775,2010-02-25 00:00:00,1
2010-02-26 00:00:00,2010-02-26 00:00:00,22.5,2010-02-26 00:00:00,21.75,22,114,663300,14594225,2010-02-26 00:00:00,1
2010-03-01 00:00:00,2010-03-01 00:00:00,22,2010-03-01 00:00:00,21,21,195,353600,7535250,2010-03-01 00:00:00,1
2010-03-02 00:00:00,2010-03-02 00:00:00,21.5,2010-03-02 00:00:00,20.75,21,70,230500,4848300,2010-03-02 00:00:00,1
2010-03-03 00:00:00,2010-03-03 00:00:00,21.25,2010-03-03 00:00:00,20,21,60,83000,1714000,2010-03-03 00:00:00,1
2010-03-04 00:00:00,2010-03-04 00:00:00,21,2010-03-04 00:00:00,20.5,20.5,41,65000,1340325,2010-03-04 00:00:00,1
2010-03-05 00:00:00,2010-03-05 00:00:00,20.75,2010-03-05 00:00:00,20,20.75,93,591300,11871175,2010-03-05 00:00:00,1
2010-03-08 00:00:00,2010-03-08 00:00:00,21.25,2010-03-08 00:00:00,20.5,20.75,75,181100,3807950,2010-03-08 00:00:00,1
2010-03-09 00:00:00,2010-03-09 00:00:00,21,2010-03-09 00:00:00,20.75,20.75,34,33600,698150,2010-03-09 00:00:00,1
2010-03-10 00:00:00,2010-03-10 00:00:00,21,2010-03-10 00:00:00,20.5,20.5,49,49200,1013275,2010-03-10 00:00:00,1
2010-03-11 00:00:00,2010-03-11 00:00:00,20.75,2010-03-11 00:00:00,20.25,20.5,52,78200,1603150,2010-03-11 00:00:00,1
2010-03-12 00:00:00,2010-03-12 00:00:00,21,2010-03-12 00:00:00,20.5,20.75,34,38300,792400,2010-03-12 00:00:00,1
2010-03-15 00:00:00,2010-03-15 00:00:00,21,2010-03-15 00:00:00,20.5,20.5,78,81600,1684650,2010-03-15 00:00:00,1
2010-03-16 00:00:00,2010-03-16 00:00:00,20.5,2010-03-16 00:00:00,20.25,20.5,55,69200,1410050,2010-03-16 00:00:00,1
2010-03-17 00:00:00,2010-03-17 00:00:00,20.5,2010-03-17 00:00:00,19.75,20,111,279900,5602025,2010-03-17 00:00:00,1
2010-03-18 00:00:00,2010-03-18 00:00:00,20,2010-03-18 00:00:00,19.5,19.75,42,17700,351225,2010-03-18 00:00:00,1
2010-03-19 00:00:00,2010-03-19 00:00:00,20,2010-03-19 00:00:00,19.5,19.5,55,75500,1479175,2010-03-19 00:00:00,1
2010-03-22 00:00:00,2010-03-22 00:00:00,19.75,2010-03-22 00:00:00,19.5,19.5,40,39600,773500,2010-03-22 00:00:00,1
2010-03-23 00:00:00,2010-03-23 00:00:00,19.75,2010-03-23 00:00:00,19,19.25,70,63200,1222100,2010-03-23 00:00:00,1
2010-03-24 00:00:00,2010-03-24 00:00:00,19.5,2010-03-24 00:00:00,18.75,19,75,96300,1830475,2010-03-24 00:00:00,1
2010-03-25 00:00:00,2010-03-25 00:00:00,19,2010-03-25 00:00:00,18.75,18.75,75,57200,1074425,2010-03-25 00:00:00,1
2010-03-26 00:00:00,2010-03-26 00:00:00,19.25,2010-03-26 00:00:00,19,19,84,178100,3386775,2010-03-26 00:00:00,1
2010-03-30 00:00:00,2010-03-30 00:00:00,19.5,2010-03-30 00:00:00,19,19,102,191500,3679100,2010-03-30 00:00:00,1
2010-03-31 00:00:00,2010-03-31 00:00:00,19.25,2010-03-31 00:00:00,18.75,18.75,161,172100,3257575,2010-03-31 00:00:00,1
2010-04-01 00:00:00,2010-04-01 00:00:00,18,2010-04-01 00:00:00,16,16.5,174,201600,3428825,2010-04-01 00:00:00,1
2010-04-05 00:00:00,2010-04-05 00:00:00,17,2010-04-05 00:00:00,16.5,16.75,90,115500,1940450,2010-04-05 00:00:00,1
2010-04-06 00:00:00,2010-04-06 00:00:00,17.25,2010-04-06 00:00:00,16.75,17.25,73,99300,1692850,2010-04-06 00:00:00,1
2010-04-07 00:00:00,2010-04-07 00:00:00,18.25,2010-04-07 00:00:00,17.25,18,170,689400,12235075,2010-04-07 00:00:00,1
2010-04-08 00:00:00,2010-04-08 00:00:00,18.75,2010-04-08 00:00:00,18,18.25,153,844000,15389650,2010-04-08 00:00:00,1
2010-04-12 00:00:00,2010-04-12 00:00:00,18.75,2010-04-12 00:00:00,18.25,18.5,101,198100,3660575,2010-04-12 00:00:00,1
2010-04-15 00:00:00,2010-04-15 00:00:00,18.75,2010-04-15 00:00:00,18,18.25,59,154900,2805525,2010-04-15 00:00:00,1
2010-04-16 00:00:00,2010-04-16 00:00:00,18.25,2010-04-16 00:00:00,18,18,31,57600,1048675,2010-04-16 00:00:00,1
2010-04-19 00:00:00,2010-04-19 00:00:00,18.5,2010-04-19 00:00:00,18,18.25,96,178300,3251725,2010-04-19 00:00:00,1
2010-04-20 00:00:00,2010-04-20 00:00:00,18.25,2010-04-20 00:00:00,17.75,18,45,48100,866100,2010-04-20 00:00:00,1
2010-04-21 00:00:00,2010-04-21 00:00:00,18,2010-04-21 00:00:00,17,17.25,78,219300,3842325,2010-04-21 00:00:00,1
2010-04-22 00:00:00,2010-04-22 00:00:00,18,2010-04-22 00:00:00,17,17,85,177000,3028650,2010-04-22 00:00:00,1
2010-04-23 00:00:00,2010-04-23 00:00:00,17.75,2010-04-23 00:00:00,17,17.25,117,488000,8451125,2010-04-23 00:00:00,1
2010-04-26 00:00:00,2010-04-26 00:00:00,18,2010-04-26 00:00:00,17.25,17.75,125,473600,8411150,2010-04-26 00:00:00,1
2010-04-27 00:00:00,2010-04-27 00:00:00,18.5,2010-04-27 00:00:00,18.25,18.25,92,168900,3097250,2010-04-27 00:00:00,1
2010-04-29 00:00:00,2010-04-29 00:00:00,18.5,2010-04-29 00:00:00,18,18.5,78,840800,15190900,2010-04-29 00:00:00,1
2010-04-30 00:00:00,2010-04-30 00:00:00,21.75,2010-04-30 00:00:00,18.25,20.5,307,2767000,55424775,2010-04-30 00:00:00,1
2010-05-03 00:00:00,2010-05-03 00:00:00,22.25,2010-05-03 00:00:00,20.5,20.75,316,1931700,41291750,2010-05-03 00:00:00,1
2010-05-04 00:00:00,2010-05-04 00:00:00,21,2010-05-04 00:00:00,20.5,20.75,99,163200,3383575,2010-05-04 00:00:00,1
2010-05-05 00:00:00,2010-05-05 00:00:00,20.75,2010-05-05 00:00:00,20,20,73,659900,13256850,2010-05-05 00:00:00,1
2010-05-06 00:00:00,2010-05-06 00:00:00,20.75,2010-05-06 00:00:00,20,20,89,186000,3765400,2010-05-06 00:00:00,1
2010-05-07 00:00:00,2010-05-07 00:00:00,20.5,2010-05-07 00:00:00,19.75,20,75,155500,3108125,2010-05-07 00:00:00,1
2010-05-10 00:00:00,2010-05-10 00:00:00,20.5,2010-05-10 00:00:00,20,20,63,535900,10788975,2010-05-10 00:00:00,1
2010-05-11 00:00:00,2010-05-11 00:00:00,20.25,2010-05-11 00:00:00,19.25,19.5,106,270100,5272950,2010-05-11 00:00:00,1
2010-05-12 00:00:00,2010-05-12 00:00:00,19.75,2010-05-12 00:00:00,19.25,19.5,83,294100,5735350,2010-05-12 00:00:00,1
2010-05-13 00:00:00,2010-05-13 00:00:00,19.5,2010-05-13 00:00:00,19.25,19.25,39,86900,1681950,2010-05-13 00:00:00,1
2010-05-14 00:00:00,2010-05-14 00:00:00,19.75,2010-05-14 00:00:00,18.75,19.5,336,1420700,27392575,2010-05-14 00:00:00,1
2010-05-17 00:00:00,2010-05-17 00:00:00,19.75,2010-05-17 00:00:00,19.25,19.5,139,476500,9252225,2010-05-17 00:00:00,1
2010-05-18 00:00:00,2010-05-18 00:00:00,19.75,2010-05-18 00:00:00,19.25,19.5,76,303100,5906450,2010-05-18 00:00:00,1
2010-05-19 00:00:00,2010-05-19 00:00:00,19.75,2010-05-19 00:00:00,19.5,19.5,97,196700,3852475,2010-05-19 00:00:00,1
2010-05-20 00:00:00,2010-05-20 00:00:00,19.5,2010-05-20 00:00:00,19.25,19.25,33,92900,1805725,2010-05-20 00:00:00,1
2010-05-21 00:00:00,2010-05-21 00:00:00,19.5,2010-05-21 00:00:00,19.25,19.5,43,82200,1595725,2010-05-21 00:00:00,1
2010-05-24 00:00:00,2010-05-24 00:00:00,19.75,2010-05-24 00:00:00,19.25,19.5,42,248400,4814825,2010-05-24 00:00:00,1
2010-05-25 00:00:00,2010-05-25 00:00:00,19.5,2010-05-25 00:00:00,19.25,19.25,30,213900,4121675,2010-05-25 00:00:00,1
2010-05-26 00:00:00,2010-05-26 00:00:00,19.5,2010-05-26 00:00:00,19.25,19.5,41,132900,2590475,2010-05-26 00:00:00,1
2010-05-31 00:00:00,2010-05-31 00:00:00,19.5,2010-05-31 00:00:00,19.25,19.5,31,106200,2070050,2010-05-31 00:00:00,1
2010-06-01 00:00:00,2010-06-01 00:00:00,21.25,2010-06-01 00:00:00,19.75,21,384,3637033,75641218,2010-06-01 00:00:00,1
2010-06-02 00:00:00,2010-06-02 00:00:00,24.5,2010-06-02 00:00:00,21.25,24.25,1216,5640600,131056350,2010-06-02 00:00:00,1
2010-06-03 00:00:00,2010-06-03 00:00:00,27.75,2010-06-03 00:00:00,24.5,26.75,1688,7338900,195303725,2010-06-03 00:00:00,1
2010-06-04 00:00:00,2010-06-04 00:00:00,28.75,2010-06-04 00:00:00,27.5,28,733,2459700,68811600,2010-06-04 00:00:00,1
2010-06-07 00:00:00,2010-06-07 00:00:00,33.25,2010-06-07 00:00:00,27.75,32.75,1487,5397700,168281450,2010-06-07 00:00:00,1
2010-06-08 00:00:00,2010-06-08 00:00:00,34.25,2010-06-08 00:00:00,30,30.5,761,1245800,39290400,2010-06-08 00:00:00,1
2010-06-09 00:00:00,2010-06-09 00:00:00,31,2010-06-09 00:00:00,29,29.5,365,767800,22702250,2010-06-09 00:00:00,1
2010-06-10 00:00:00,2010-06-10 00:00:00,36.5,2010-06-10 00:00:00,29.75,31.25,232,375800,11611625,2010-06-10 00:00:00,1
2010-06-11 00:00:00,2010-06-11 00:00:00,31.25,2010-06-11 00:00:00,30.5,31,135,217900,6745550,2010-06-11 00:00:00,1
2010-06-14 00:00:00,2010-06-14 00:00:00,31.25,2010-06-14 00:00:00,30,31,166,386400,11898850,2010-06-14 00:00:00,1
2010-06-15 00:00:00,2010-06-15 00:00:00,31.5,2010-06-15 00:00:00,30.75,31.25,150,385900,11987425,2010-06-15 00:00:00,1
2010-06-16 00:00:00,2010-06-16 00:00:00,31.75,2010-06-16 00:00:00,30.75,31.25,113,2059800,63883450,2010-06-16 00:00:00,1
2010-06-17 00:00:00,2010-06-17 00:00:00,32.5,2010-06-17 00:00:00,31.25,32,131,526800,16856700,2010-06-17 00:00:00,1
2010-06-21 00:00:00,2010-06-21 00:00:00,32.75,2010-06-21 00:00:00,31.25,31.5,103,283300,8969200,2010-06-21 00:00:00,1
2010-06-22 00:00:00,2010-06-22 00:00:00,31.75,2010-06-22 00:00:00,31.25,31.25,42,152500,4772875,2010-06-22 00:00:00,1
2010-06-23 00:00:00,2010-06-23 00:00:00,32,2010-06-23 00:00:00,31,31,88,261000,8158125,2010-06-23 00:00:00,1
2010-06-24 00:00:00,2010-06-24 00:00:00,32,2010-06-24 00:00:00,31,31.75,84,210900,6622700,2010-06-24 00:00:00,1
2010-06-28 00:00:00,2010-06-28 00:00:00,31.75,2010-06-28 00:00:00,31,31,83,149200,4635925,2010-06-28 00:00:00,1
2010-06-29 00:00:00,2010-06-29 00:00:00,33.25,2010-06-29 00:00:00,31,33,211,510000,16415200,2010-06-29 00:00:00,1
2010-06-30 00:00:00,2010-06-30 00:00:00,33.5,2010-06-30 00:00:00,32,32,98,100500,3302525,2010-06-30 00:00:00,1
2010-07-01 00:00:00,2010-07-01 00:00:00,32.25,2010-07-01 00:00:00,31.25,31.5,36,21000,663975,2010-07-01 00:00:00,1
2010-07-02 00:00:00,2010-07-02 00:00:00,32,2010-07-02 00:00:00,31,31.5,40,129700,4044025,2010-07-02 00:00:00,1
2010-07-05 00:00:00,2010-07-05 00:00:00,31.5,2010-07-05 00:00:00,30.75,31,40,134400,4166175,2010-07-05 00:00:00,1
2010-07-06 00:00:00,2010-07-06 00:00:00,31.25,2010-07-06 00:00:00,30.5,31,36,911300,28251800,2010-07-06 00:00:00,1
2010-07-07 00:00:00,2010-07-07 00:00:00,31,2010-07-07 00:00:00,30,30.5,120,531500,16153250,2010-07-07 00:00:00,1
2010-07-08 00:00:00,2010-07-08 00:00:00,32,2010-07-08 00:00:00,30,32,76,82600,2601175,2010-07-08 00:00:00,1
2010-07-09 00:00:00,2010-07-09 00:00:00,32,2010-07-09 00:00:00,31.25,31.25,37,71900,2250550,2010-07-09 00:00:00,1
2010-07-12 00:00:00,2010-07-12 00:00:00,31.5,2010-07-12 00:00:00,31,31,39,60900,1892650,2010-07-12 00:00:00,1
2010-07-13 00:00:00,2010-07-13 00:00:00,32,2010-07-13 00:00:00,31,31.75,54,69800,2227375,2010-07-13 00:00:00,1
2010-07-14 00:00:00,2010-07-14 00:00:00,32.75,2010-07-14 00:00:00,32,32.25,78,147100,4777800,2010-07-14 00:00:00,1
2010-07-15 00:00:00,2010-07-15 00:00:00,32.5,2010-07-15 00:00:00,32,32.25,36,39100,1265950,2010-07-15 00:00:00,1
2010-07-16 00:00:00,2010-07-16 00:00:00,32.5,2010-07-16 00:00:00,31.75,32,58,190200,6087300,2010-07-16 00:00:00,1
2010-07-19 00:00:00,2010-07-19 00:00:00,32.25,2010-07-19 00:00:00,31.5,31.5,40,66600,2108200,2010-07-19 00:00:00,1
2010-07-20 00:00:00,2010-07-20 00:00:00,33,2010-07-20 00:00:00,31.5,32.75,65,139700,4535475,2010-07-20 00:00:00,1
2010-07-21 00:00:00,2010-07-21 00:00:00,33.25,2010-07-21 00:00:00,32,33,99,362000,11919450,2010-07-21 00:00:00,1
2010-07-22 00:00:00,2010-07-22 00:00:00,36.5,2010-07-22 00:00:00,33,35.75,577,1668100,58776375,2010-07-22 00:00:00,1
2010-07-23 00:00:00,2010-07-23 00:00:00,36.5,2010-07-23 00:00:00,35.75,36,157,297800,10752650,2010-07-23 00:00:00,1
2010-07-26 00:00:00,2010-07-26 00:00:00,39.75,2010-07-26 00:00:00,36,39.25,357,593700,22820675,2010-07-26 00:00:00,1
2010-07-27 00:00:00,2010-07-27 00:00:00,42.25,2010-07-27 00:00:00,39.5,41.75,502,1162300,47346900,2010-07-27 00:00:00,1
2010-07-28 00:00:00,2010-07-28 00:00:00,47.75,2010-07-28 00:00:00,42,45.25,862,1383100,62693650,2010-07-28 00:00:00,1
2010-07-29 00:00:00,2010-07-29 00:00:00,47,2010-07-29 00:00:00,44.75,46,247,848800,39067750,2010-07-29 00:00:00,1
2010-07-30 00:00:00,2010-07-30 00:00:00,45.25,2010-07-30 00:00:00,41.25,42.25,220,206300,8799275,2010-07-30 00:00:00,1
2010-08-02 00:00:00,2010-08-02 00:00:00,42,2010-08-02 00:00:00,39.3,40,213,281400,11306680,2010-08-02 00:00:00,1
2010-08-03 00:00:00,2010-08-03 00:00:00,40.5,2010-08-03 00:00:00,38,38.6,137,262100,10366230,2010-08-03 00:00:00,1
2010-08-04 00:00:00,2010-08-04 00:00:00,40,2010-08-04 00:00:00,38,40,116,155600,6180600,2010-08-04 00:00:00,1
2010-08-05 00:00:00,2010-08-05 00:00:00,40,2010-08-05 00:00:00,37.5,39.8,119,228800,8913380,2010-08-05 00:00:00,1
2010-08-06 00:00:00,2010-08-06 00:00:00,38.5,2010-08-06 00:00:00,37.7,38,170,570300,21688730,2010-08-06 00:00:00,1
2010-08-09 00:00:00,2010-08-09 00:00:00,39.5,2010-08-09 00:00:00,35,35.6,155,335800,12181080,2010-08-09 00:00:00,1
2010-08-10 00:00:00,2010-08-10 00:00:00,39.1,2010-08-10 00:00:00,32.5,39.1,172,339400,12335920,2010-08-10 00:00:00,1
2010-08-11 00:00:00,2010-08-11 00:00:00,42,2010-08-11 00:00:00,39.5,40,226,325400,13270960,2010-08-11 00:00:00,1
2010-08-12 00:00:00,2010-08-12 00:00:00,40.5,2010-08-12 00:00:00,39,39.3,53,50300,1997970,2010-08-12 00:00:00,1
2010-08-13 00:00:00,2010-08-13 00:00:00,40.5,2010-08-13 00:00:00,39.2,40,53,51300,2047550,2010-08-13 00:00:00,1
2010-08-16 00:00:00,2010-08-16 00:00:00,41.6,2010-08-16 00:00:00,39,39.3,98,84400,3383690,2010-08-16 00:00:00,1
2010-08-17 00:00:00,2010-08-17 00:00:00,40.4,2010-08-17 00:00:00,39,40,73,81700,3246380,2010-08-17 00:00:00,1
2010-08-18 00:00:00,2010-08-18 00:00:00,40.5,2010-08-18 00:00:00,39,39.2,39,50900,2008540,2010-08-18 00:00:00,1
2010-08-19 00:00:00,2010-08-19 00:00:00,41,2010-08-19 00:00:00,39,40,132,356800,14264900,2010-08-19 00:00:00,1
2010-08-20 00:00:00,2010-08-20 00:00:00,40,2010-08-20 00:00:00,39.1,39.9,18,35900,1432650,2010-08-20 00:00:00,1
2010-08-23 00:00:00,2010-08-23 00:00:00,40.2,2010-08-23 00:00:00,39,39.9,58,46100,1837960,2010-08-23 00:00:00,1
2010-08-25 00:00:00,2010-08-25 00:00:00,40,2010-08-25 00:00:00,38.2,39.6,31,27300,1079560,2010-08-25 00:00:00,1
2010-08-26 00:00:00,2010-08-26 00:00:00,39.6,2010-08-26 00:00:00,38.5,39,22,47800,1864230,2010-08-26 00:00:00,1
2010-08-27 00:00:00,2010-08-27 00:00:00,39.4,2010-08-27 00:00:00,38.5,38.5,49,23600,917480,2010-08-27 00:00:00,1
2010-08-30 00:00:00,2010-08-30 00:00:00,39.5,2010-08-30 00:00:00,37.6,38.2,52,42500,1637540,2010-08-30 00:00:00,1
2010-08-31 00:00:00,2010-08-31 00:00:00,39.5,2010-08-31 00:00:00,38,38.5,76,61000,2342240,2010-08-31 00:00:00,1
2010-09-01 00:00:00,2010-09-01 00:00:00,39,2010-09-01 00:00:00,38,38.2,60,78300,2998770,2010-09-01 00:00:00,1
2010-09-02 00:00:00,2010-09-02 00:00:00,42,2010-09-02 00:00:00,38.2,42,381,632600,26269660,2010-09-02 00:00:00,1
2010-09-03 00:00:00,2010-09-03 00:00:00,43.1,2010-09-03 00:00:00,40.8,41.1,136,141500,5922330,2010-09-03 00:00:00,1
2010-09-06 00:00:00,2010-09-06 00:00:00,41,2010-09-06 00:00:00,40,40.1,65,64900,2606010,2010-09-06 00:00:00,1
2010-09-07 00:00:00,2010-09-07 00:00:00,41.5,2010-09-07 00:00:00,40,40.2,35,29000,1174060,2010-09-07 00:00:00,1
2010-09-08 00:00:00,2010-09-08 00:00:00,40.8,2010-09-08 00:00:00,40,40.1,83,110800,4456070,2010-09-08 00:00:00,1
2010-09-09 00:00:00,2010-09-09 00:00:00,40,2010-09-09 00:00:00,39.2,39.9,75,84200,3350410,2010-09-09 00:00:00,1
2010-09-13 00:00:00,2010-09-13 00:00:00,40.5,2010-09-13 00:00:00,39.5,39.9,104,188500,7533360,2010-09-13 00:00:00,1
2010-09-14 00:00:00,2010-09-14 00:00:00,41.4,2010-09-14 00:00:00,39.9,40,115,182600,7347740,2010-09-14 00:00:00,1
2010-09-15 00:00:00,2010-09-15 00:00:00,44,2010-09-15 00:00:00,39.5,43.8,580,1279300,54678000,2010-09-15 00:00:00,1
2010-09-16 00:00:00,2010-09-16 00:00:00,48.1,2010-09-16 00:00:00,44,48.1,1043,2125600,99175260,2010-09-16 00:00:00,1
2010-09-17 00:00:00,2010-09-17 00:00:00,52.9,2010-09-17 00:00:00,49,52.7,1131,2159600,112348670,2010-09-17 00:00:00,1
2010-09-20 00:00:00,2010-09-20 00:00:00,58.1,2010-09-20 00:00:00,42,53.6,697,938500,49732800,2010-09-20 00:00:00,1
2010-09-21 00:00:00,2010-09-21 00:00:00,76.5,2010-09-21 00:00:00,54.1,73.8,3641,6497500,432662710,2010-09-21 00:00:00,1
2010-09-23 00:00:00,2010-09-23 00:00:00,74.4,2010-09-23 00:00:00,64.5,66,1333,2074000,142779220,2010-09-23 00:00:00,1
2010-09-24 00:00:00,2010-09-24 00:00:00,68.9,2010-09-24 00:00:00,60,64.9,765,833100,53991410,2010-09-24 00:00:00,1
2010-09-27 00:00:00,2010-09-27 00:00:00,68.9,2010-09-27 00:00:00,62,63.1,442,604800,39318960,2010-09-27 00:00:00,1
2010-09-28 00:00:00,2010-09-28 00:00:00,64.9,2010-09-28 00:00:00,60.1,61.8,240,348800,21673610,2010-09-28 00:00:00,1
2010-09-29 00:00:00,2010-09-29 00:00:00,63.4,2010-09-29 00:00:00,61,62.3,164,217200,13595160,2010-09-29 00:00:00,1
2010-09-30 00:00:00,2010-09-30 00:00:00,63,2010-09-30 00:00:00,58,61,252,243600,14720830,2010-09-30 00:00:00,1
2010-10-01 00:00:00,2010-10-01 00:00:00,63,2010-10-01 00:00:00,61.1,61.8,144,168300,10437730,2010-10-01 00:00:00,1
2010-10-04 00:00:00,2010-10-04 00:00:00,62.3,2010-10-04 00:00:00,58.4,58.9,198,368800,22042100,2010-10-04 00:00:00,1
2010-10-05 00:00:00,2010-10-05 00:00:00,62.5,2010-10-05 00:00:00,57,59.4,290,300100,17941990,2010-10-05 00:00:00,1
2010-10-06 00:00:00,2010-10-06 00:00:00,60,2010-10-06 00:00:00,56,57.4,151,186200,10796010,2010-10-06 00:00:00,1
2010-10-07 00:00:00,2010-10-07 00:00:00,60,2010-10-07 00:00:00,53,55.9,370,351000,19772520,2010-10-07 00:00:00,1
2010-10-08 00:00:00,2010-10-08 00:00:00,59.1,2010-10-08 00:00:00,55,58.8,169,205600,11765950,2010-10-08 00:00:00,1
2010-10-11 00:00:00,2010-10-11 00:00:00,60,2010-10-11 00:00:00,57,57.3,96,62900,3663320,2010-10-11 00:00:00,1
2010-10-12 00:00:00,2010-10-12 00:00:00,57.5,2010-10-12 00:00:00,53.2,53.9,134,102900,5641890,2010-10-12 00:00:00,1
2010-10-13 00:00:00,2010-10-13 00:00:00,56.5,2010-10-13 00:00:00,48.1,55.2,295,415200,21544420,2010-10-13 00:00:00,1
2010-10-14 00:00:00,2010-10-14 00:00:00,56.3,2010-10-14 00:00:00,52,52.4,146,118100,6363260,2010-10-14 00:00:00,1
2010-10-15 00:00:00,2010-10-15 00:00:00,53,2010-10-15 00:00:00,51,52.5,92,64600,3354950,2010-10-15 00:00:00,1
2010-10-18 00:00:00,2010-10-18 00:00:00,53.3,2010-10-18 00:00:00,51.8,52,58,53700,2825800,2010-10-18 00:00:00,1
2010-10-19 00:00:00,2010-10-19 00:00:00,58,2010-10-19 00:00:00,52.3,56.3,387,553300,30618450,2010-10-19 00:00:00,1
2010-10-20 00:00:00,2010-10-20 00:00:00,60.5,2010-10-20 00:00:00,56,56.8,439,341100,19877230,2010-10-20 00:00:00,1
2010-10-21 00:00:00,2010-10-21 00:00:00,57.7,2010-10-21 00:00:00,55,55.6,148,104000,5869150,2010-10-21 00:00:00,1
2010-10-25 00:00:00,2010-10-25 00:00:00,56.5,2010-10-25 00:00:00,53,53.9,73,53700,2908810,2010-10-25 00:00:00,1
2010-10-26 00:00:00,2010-10-26 00:00:00,56.5,2010-10-26 00:00:00,52,52.2,154,136400,7237440,2010-10-26 00:00:00,1
2010-10-27 00:00:00,2010-10-27 00:00:00,53.9,2010-10-27 00:00:00,51.5,53.1,105,114300,6018480,2010-10-27 00:00:00,1
2010-10-28 00:00:00,2010-10-28 00:00:00,52.5,2010-10-28 00:00:00,51.4,51.6,185,300600,15594770,2010-10-28 00:00:00,1
2010-10-29 00:00:00,2010-10-29 00:00:00,53.5,2010-10-29 00:00:00,51.9,52.9,259,336400,17679000,2010-10-29 00:00:00,1
2010-11-01 00:00:00,2010-11-01 00:00:00,53.5,2010-11-01 00:00:00,52.1,52.8,119,177400,9426580,2010-11-01 00:00:00,1
2010-11-02 00:00:00,2010-11-02 00:00:00,52.9,2010-11-02 00:00:00,51.5,51.7,82,63100,3281450,2010-11-02 00:00:00,1
2010-11-03 00:00:00,2010-11-03 00:00:00,53.5,2010-11-03 00:00:00,51.6,53,72,98300,5156230,2010-11-03 00:00:00,1
2010-11-04 00:00:00,2010-11-04 00:00:00,52.9,2010-11-04 00:00:00,51.7,52,81,126500,6595410,2010-11-04 00:00:00,1
2010-11-08 00:00:00,2010-11-08 00:00:00,52,2010-11-08 00:00:00,51,51.2,119,169400,8715680,2010-11-08 00:00:00,1
2010-11-09 00:00:00,2010-11-09 00:00:00,51.2,2010-11-09 00:00:00,50.1,51,59,34400,1747020,2010-11-09 00:00:00,1
2010-11-10 00:00:00,2010-11-10 00:00:00,51.7,2010-11-10 00:00:00,50,50.3,70,79200,3987520,2010-11-10 00:00:00,1
2010-11-11 00:00:00,2010-11-11 00:00:00,52.5,2010-11-11 00:00:00,50,51.7,103,85300,4377340,2010-11-11 00:00:00,1
2010-11-12 00:00:00,2010-11-12 00:00:00,52.8,2010-11-12 00:00:00,50,51.2,81,87300,4432200,2010-11-12 00:00:00,1
2010-11-15 00:00:00,2010-11-15 00:00:00,51,2010-11-15 00:00:00,50,50.3,64,54200,2719300,2010-11-15 00:00:00,1
2010-11-16 00:00:00,2010-11-16 00:00:00,50.4,2010-11-16 00:00:00,49.2,49.7,71,40000,1988910,2010-11-16 00:00:00,1
2010-11-18 00:00:00,2010-11-18 00:00:00,52,2010-11-18 00:00:00,49.3,51.9,104,93700,4804120,2010-11-18 00:00:00,1
2010-11-22 00:00:00,2010-11-22 00:00:00,52.9,2010-11-22 00:00:00,50,50.8,155,194000,9866710,2010-11-22 00:00:00,1
2010-11-23 00:00:00,2010-11-23 00:00:00,52.4,2010-11-23 00:00:00,50,50.1,95,110400,5608110,2010-11-23 00:00:00,1
2010-11-24 00:00:00,2010-11-24 00:00:00,51.4,2010-11-24 00:00:00,49.9,50,50,53200,2668860,2010-11-24 00:00:00,1
2010-11-25 00:00:00,2010-11-25 00:00:00,50,2010-11-25 00:00:00,49.5,49.5,42,34100,1693260,2010-11-25 00:00:00,1
2010-11-26 00:00:00,2010-11-26 00:00:00,50,2010-11-26 00:00:00,48.9,49,60,41400,2031240,2010-11-26 00:00:00,1
2010-11-29 00:00:00,2010-11-29 00:00:00,51,2010-11-29 00:00:00,45,45.7,118,98800,4603140,2010-11-29 00:00:00,1
2010-11-30 00:00:00,2010-11-30 00:00:00,52.5,2010-11-30 00:00:00,50,51.9,341,582000,30061810,2010-11-30 00:00:00,1
2010-12-01 00:00:00,2010-12-01 00:00:00,56.8,2010-12-01 00:00:00,52.5,55.8,706,1127700,62621570,2010-12-01 00:00:00,1
2010-12-02 00:00:00,2010-12-02 00:00:00,57.4,2010-12-02 00:00:00,52.5,54.2,191,138500,7642340,2010-12-02 00:00:00,1
2010-12-03 00:00:00,2010-12-03 00:00:00,53.9,2010-12-03 00:00:00,52.1,52.6,64,52800,2779200,2010-12-03 00:00:00,1
2010-12-06 00:00:00,2010-12-06 00:00:00,52.9,2010-12-06 00:00:00,51.3,51.6,60,36600,1893940,2010-12-06 00:00:00,1
2010-12-07 00:00:00,2010-12-07 00:00:00,51.5,2010-12-07 00:00:00,51,51.1,42,20500,1048590,2010-12-07 00:00:00,1
2010-12-08 00:00:00,2010-12-08 00:00:00,51,2010-12-08 00:00:00,49,49.9,39,31000,1549280,2010-12-08 00:00:00,1
2010-12-09 00:00:00,2010-12-09 00:00:00,51.8,2010-12-09 00:00:00,49.4,50.2,96,74600,3789350,2010-12-09 00:00:00,1
2010-12-10 00:00:00,2010-12-10 00:00:00,51,2010-12-10 00:00:00,50,50.1,41,30500,1537040,2010-12-10 00:00:00,1
2010-12-13 00:00:00,2010-12-13 00:00:00,51.5,2010-12-13 00:00:00,49.9,50.2,38,31500,1585350,2010-12-13 00:00:00,1
2010-12-14 00:00:00,2010-12-14 00:00:00,50,2010-12-14 00:00:00,49,49.1,82,54600,2691050,2010-12-14 00:00:00,1
2010-12-15 00:00:00,2010-12-15 00:00:00,49.5,2010-12-15 00:00:00,49,49.2,73,110500,5424200,2010-12-15 00:00:00,1
2010-12-16 00:00:00,2010-12-16 00:00:00,49.2,2010-12-16 00:00:00,49,49,48,33100,1623560,2010-12-16 00:00:00,1
2010-12-17 00:00:00,2010-12-17 00:00:00,49.4,2010-12-17 00:00:00,49,49.2,57,51900,2548580,2010-12-17 00:00:00,1
2010-12-21 00:00:00,2010-12-21 00:00:00,49.5,2010-12-21 00:00:00,49.1,49.3,58,46400,2289910,2010-12-21 00:00:00,1
2010-12-22 00:00:00,2010-12-22 00:00:00,52.6,2010-12-22 00:00:00,49.5,52,242,208700,10792210,2010-12-22 00:00:00,1
2010-12-23 00:00:00,2010-12-23 00:00:00,53.1,2010-12-23 00:00:00,51.6,52,136,202600,10609930,2010-12-23 00:00:00,1
2010-12-24 00:00:00,2010-12-24 00:00:00,52.8,2010-12-24 00:00:00,52,52.5,30,21500,1125340,2010-12-24 00:00:00,1
2010-12-27 00:00:00,2010-12-27 00:00:00,53.3,2010-12-27 00:00:00,51.9,52,87,79200,4144020,2010-12-27 00:00:00,1
2010-12-28 00:00:00,2010-12-28 00:00:00,52.9,2010-12-28 00:00:00,52,52.1,54,46000,2401340,2010-12-28 00:00:00,1
2010-12-29 00:00:00,2010-12-29 00:00:00,52.4,2010-12-29 00:00:00,52,52,35,22300,1161590,2010-12-29 00:00:00,1
2010-12-30 00:00:00,2010-12-30 00:00:00,52,2010-12-30 00:00:00,49,51.9,150,107700,5465710,2010-12-30 00:00:00,1
2010-12-31 00:00:00,2010-12-31 00:00:00,52.3,2010-12-31 00:00:00,51.4,52,40,18400,956190,2010-12-31 00:00:00,1
Company Id,:  PABC,Security,Type :  R,Sub Type,:  0000,,,,,
Short Name,:  PAN ASIA,,,,,,,,,
Day,Date High,High,Date Low,Low,Closing,No. of Trades,No. of Shares,Turnover,Last Traded,Days Traded
2010-04-19 00:00:00,2010-04-19 00:00:00,5.75,2010-04-19 00:00:00,5,5.5,38,58400,306000,2010-04-19 00:00:00,1
2010-04-20 00:00:00,2010-04-20 00:00:00,5.75,2010-04-20 00:00:00,5.25,5.25,57,162500,877975,2010-04-20 00:00:00,1
2010-04-21 00:00:00,2010-04-21 00:00:00,5.5,2010-04-21 00:00:00,5,5,80,763300,3842475,2010-04-21 00:00:00,1
2010-04-22 00:00:00,2010-04-22 00:00:00,5.25,2010-04-22 00:00:00,4.9,5,36,178200,903895,2010-04-22 00:00:00,1
2010-04-23 00:00:00,2010-04-23 00:00:00,5.25,2010-04-23 00:00:00,4.9,5,66,154200,785730,2010-04-23 00:00:00,1
2010-04-26 00:00:00,2010-04-26 00:00:00,5.5,2010-04-26 00:00:00,5,5.25,63,244800,1297200,2010-04-26 00:00:00,1
Company Id,:  PALM,Security,Type :  N,Sub Type,:  0000,,,,,
Short Name,:  CONFIFI HOTEL,,,,,,,,,
Day,Date High,High,Date Low,Low,Closing,No. of Trades,No. of Shares,Turnover,Last Traded,Days Traded
2010-01-07 00:00:00,2010-01-07 00:00:00,155,2010-01-07 00:00:00,155,155,1,100,15500,2010-01-07 00:00:00,1
2010-01-11 00:00:00,2010-01-11 00:00:00,155,2010-01-11 00:00:00,155,155,1,1000,155000,2010-01-11 00:00:00,1
2010-01-12 00:00:00,2010-01-12 00:00:00,155,2010-01-12 00:00:00,155,155,7,2400,372000,2010-01-12 00:00:00,1
2010-01-13 00:00:00,2010-01-13 00:00:00,160,2010-01-13 00:00:00,155,160,2,7500,1175000,2010-01-13 00:00:00,1
2010-01-15 00:00:00,2010-01-15 00:00:00,170,2010-01-15 00:00:00,158,165.25,8,4300,706000,2010-01-15 00:00:00,1
2010-01-18 00:00:00,2010-01-18 00:00:00,175,2010-01-18 00:00:00,169,169.5,12,8200,1409850,2010-01-18 00:00:00,1
2010-01-19 00:00:00,2010-01-19 00:00:00,165,2010-01-19 00:00:00,165,165,1,5500,907500,2010-01-19 00:00:00,1
2010-01-21 00:00:00,2010-01-21 00:00:00,165,2010-01-21 00:00:00,165,165,2,1200,198000,2010-01-21 00:00:00,1
2010-01-25 00:00:00,2010-01-25 00:00:00,165,2010-01-25 00:00:00,160,165,4,1400,226100,2010-01-25 00:00:00,1
2010-02-01 00:00:00,2010-02-01 00:00:00,170,2010-02-01 00:00:00,170,170,2,2000,340000,2010-02-01 00:00:00,1
2010-02-02 00:00:00,2010-02-02 00:00:00,170,2010-02-02 00:00:00,170,170,1,500,85000,2010-02-02 00:00:00,1
2010-02-03 00:00:00,2010-02-03 00:00:00,170.25,2010-02-03 00:00:00,170,170,3,4400,748125,2010-02-03 00:00:00,1
2010-02-05 00:00:00,2010-02-05 00:00:00,165,2010-02-05 00:00:00,165,165,3,500,82500,2010-02-05 00:00:00,1
2010-02-08 00:00:00,2010-02-08 00:00:00,165,2010-02-08 00:00:00,165,165,1,5000,825000,2010-02-08 00:00:00,1
2010-02-09 00:00:00,2010-02-09 00:00:00,170,2010-02-09 00:00:00,170,170,4,6000,1020000,2010-02-09 00:00:00,1
2010-02-10 00:00:00,2010-02-10 00:00:00,170,2010-02-10 00:00:00,170,170,3,4600,782000,2010-02-10 00:00:00,1
2010-02-12 00:00:00,2010-02-12 00:00:00,165,2010-02-12 00:00:00,165,165,3,7600,1254000,2010-02-12 00:00:00,1
2010-02-15 00:00:00,2010-02-15 00:00:00,165,2010-02-15 00:00:00,165,165,1,1000,165000,2010-02-15 00:00:00,1
2010-02-16 00:00:00,2010-02-16 00:00:00,165,2010-02-16 00:00:00,165,165,2,1500,247500,2010-02-16 00:00:00,1
2010-02-17 00:00:00,2010-02-17 00:00:00,165,2010-02-17 00:00:00,165,165,1,1000,165000,2010-02-17 00:00:00,1
2010-02-18 00:00:00,2010-02-18 00:00:00,162,2010-02-18 00:00:00,160,160,3,10300,1660600,2010-02-18 00:00:00,1
2010-02-23 00:00:00,2010-02-23 00:00:00,165,2010-02-23 00:00:00,160,165,4,26500,4370000,2010-02-23 00:00:00,1
2010-02-25 00:00:00,2010-02-25 00:00:00,165,2010-02-25 00:00:00,165,165,3,4500,742500,2010-02-25 00:00:00,1
2010-02-26 00:00:00,2010-02-26 00:00:00,165,2010-02-26 00:00:00,165,165,1,200,33000,2010-02-26 00:00:00,1
2010-03-01 00:00:00,2010-03-01 00:00:00,165,2010-03-01 00:00:00,165,165,5,1700,280500,2010-03-01 00:00:00,1
2010-03-02 00:00:00,2010-03-02 00:00:00,165,2010-03-02 00:00:00,165,165,1,5000,825000,2010-03-02 00:00:00,1
2010-03-04 00:00:00,2010-03-04 00:00:00,165,2010-03-04 00:00:00,160,162.75,4,11500,1872500,2010-03-04 00:00:00,1
2010-03-05 00:00:00,2010-03-05 00:00:00,170,2010-03-05 00:00:00,170,170,7,4800,816000,2010-03-05 00:00:00,1
2010-03-08 00:00:00,2010-03-08 00:00:00,175,2010-03-08 00:00:00,170,174.75,8,20700,3592600,2010-03-08 00:00:00,1
2010-03-16 00:00:00,2010-03-16 00:00:00,188,2010-03-16 00:00:00,180,186.75,7,7000,1308000,2010-03-16 00:00:00,1
2010-03-17 00:00:00,2010-03-17 00:00:00,195,2010-03-17 00:00:00,188,195,17,23100,4454750,2010-03-17 00:00:00,1
2010-03-19 00:00:00,2010-03-19 00:00:00,190,2010-03-19 00:00:00,190,190,2,2000,380000,2010-03-19 00:00:00,1
2010-03-23 00:00:00,2010-03-23 00:00:00,191,2010-03-23 00:00:00,190,190,4,4000,761000,2010-03-23 00:00:00,1
2010-03-24 00:00:00,2010-03-24 00:00:00,190,2010-03-24 00:00:00,190,190,1,1000,190000,2010-03-24 00:00:00,1
2010-03-25 00:00:00,2010-03-25 00:00:00,189.5,2010-03-25 00:00:00,189.5,189.5,1,200,37900,2010-03-25 00:00:00,1
2010-03-31 00:00:00,2010-03-31 00:00:00,190.25,2010-03-31 00:00:00,190,190,2,1200,228050,2010-03-31 00:00:00,1
2010-04-06 00:00:00,2010-04-06 00:00:00,200,2010-04-06 00:00:00,190,200,6,3200,609500,2010-04-06 00:00:00,1
2010-04-07 00:00:00,2010-04-07 00:00:00,199.75,2010-04-07 00:00:00,196,196,5,6000,1196000,2010-04-07 00:00:00,1
2010-04-16 00:00:00,2010-04-16 00:00:00,229.5,2010-04-16 00:00:00,196,212,4,2100,445100,2010-04-16 00:00:00,1
2010-04-19 00:00:00,2010-04-19 00:00:00,210,2010-04-19 00:00:00,210,210,5,4500,945000,2010-04-19 00:00:00,1
2010-04-20 00:00:00,2010-04-20 00:00:00,220,2010-04-20 00:00:00,215,220,4,4400,958000,2010-04-20 00:00:00,1
2010-04-21 00:00:00,2010-04-21 00:00:00,220,2010-04-21 00:00:00,220,220,1,500,110000,2010-04-21 00:00:00,1
2010-04-27 00:00:00,2010-04-27 00:00:00,225,2010-04-27 00:00:00,224.5,225,3,1200,269925,2010-04-27 00:00:00,1
2010-04-30 00:00:00,2010-04-30 00:00:00,225,2010-04-30 00:00:00,225,225,1,5000,1125000,2010-04-30 00:00:00,1
2010-05-05 00:00:00,2010-05-05 00:00:00,210.75,2010-05-05 00:00:00,210.75,210.75,2,1200,252900,2010-05-05 00:00:00,1
2010-05-07 00:00:00,2010-05-07 00:00:00,210,2010-05-07 00:00:00,210,210,2,10000,2100000,2010-05-07 00:00:00,1
2010-05-13 00:00:00,2010-05-13 00:00:00,212,2010-05-13 00:00:00,212,212,2,10000,2120000,2010-05-13 00:00:00,1
2010-05-14 00:00:00,2010-05-14 00:00:00,248.5,2010-05-14 00:00:00,220,220,3,12000,2668500,2010-05-14 00:00:00,1
2010-05-18 00:00:00,2010-05-18 00:00:00,215,2010-05-18 00:00:00,215,215,3,13100,2816500,2010-05-18 00:00:00,1
2010-05-20 00:00:00,2010-05-20 00:00:00,220,2010-05-20 00:00:00,211.25,220,3,9300,2045125,2010-05-20 00:00:00,1
2010-05-24 00:00:00,2010-05-24 00:00:00,218,2010-05-24 00:00:00,218,218,1,100,21800,2010-05-24 00:00:00,1
2010-05-25 00:00:00,2010-05-25 00:00:00,245,2010-05-25 00:00:00,210,217,28,3167447,665853270,2010-05-25 00:00:00,1
2010-05-26 00:00:00,2010-05-26 00:00:00,327.5,2010-05-26 00:00:00,250,318,128,63000,18394075,2010-05-26 00:00:00,1
2010-05-31 00:00:00,2010-05-31 00:00:00,323,2010-05-31 00:00:00,235.5,246,25,7600,2001200,2010-05-31 00:00:00,1
2010-06-01 00:00:00,2010-06-01 00:00:00,229.5,2010-06-01 00:00:00,216,220.5,72,92300,20381325,2010-06-01 00:00:00,1
2010-06-02 00:00:00,2010-06-02 00:00:00,230,2010-06-02 00:00:00,217,224.75,31,15600,3496450,2010-06-02 00:00:00,1
2010-06-03 00:00:00,2010-06-03 00:00:00,222.25,2010-06-03 00:00:00,210,210,87,2509200,527362550,2010-06-03 00:00:00,1
2010-06-04 00:00:00,2010-06-04 00:00:00,212.5,2010-06-04 00:00:00,210,212.25,12,6600,1399500,2010-06-04 00:00:00,1
2010-06-07 00:00:00,2010-06-07 00:00:00,212,2010-06-07 00:00:00,210,210.25,6,800,168525,2010-06-07 00:00:00,1
2010-06-08 00:00:00,2010-06-08 00:00:00,210,2010-06-08 00:00:00,209,209,6,10200,2141300,2010-06-08 00:00:00,1
2010-06-09 00:00:00,2010-06-09 00:00:00,207,2010-06-09 00:00:00,207,207,4,3300,683100,2010-06-09 00:00:00,1
2010-06-10 00:00:00,2010-06-10 00:00:00,205.25,2010-06-10 00:00:00,205.25,205.25,1,200,41050,2010-06-10 00:00:00,1
2010-06-14 00:00:00,2010-06-14 00:00:00,202,2010-06-14 00:00:00,202,202,1,1800,363600,2010-06-14 00:00:00,1
2010-06-15 00:00:00,2010-06-15 00:00:00,202,2010-06-15 00:00:00,202,202,5,2100,424200,2010-06-15 00:00:00,1
2010-06-16 00:00:00,2010-06-16 00:00:00,250,2010-06-16 00:00:00,201,210,9,46000,9663100,2010-06-16 00:00:00,1
2010-06-17 00:00:00,2010-06-17 00:00:00,210,2010-06-17 00:00:00,210,210,2,200,42000,2010-06-17 00:00:00,1
2010-06-22 00:00:00,2010-06-22 00:00:00,216,2010-06-22 00:00:00,210.5,215,6,13500,2902450,2010-06-22 00:00:00,1
2010-06-24 00:00:00,2010-06-24 00:00:00,215,2010-06-24 00:00:00,210,215,9,33000,7055375,2010-06-24 00:00:00,1
2010-06-28 00:00:00,2010-06-28 00:00:00,215,2010-06-28 00:00:00,211,213.75,6,2100,449500,2010-06-28 00:00:00,1
2010-06-29 00:00:00,2010-06-29 00:00:00,212,2010-06-29 00:00:00,212,212,6,2000,424000,2010-06-29 00:00:00,1
2010-06-30 00:00:00,2010-06-30 00:00:00,213,2010-06-30 00:00:00,210,210.75,5,1100,231300,2010-06-30 00:00:00,1
2010-07-01 00:00:00,2010-07-01 00:00:00,240,2010-07-01 00:00:00,213,228.25,8,2100,471975,2010-07-01 00:00:00,1
2010-07-02 00:00:00,2010-07-02 00:00:00,220,2010-07-02 00:00:00,220,220,1,1300,286000,2010-07-02 00:00:00,1
2010-07-05 00:00:00,2010-07-05 00:00:00,222,2010-07-05 00:00:00,220,221,6,1500,331100,2010-07-05 00:00:00,1
2010-07-09 00:00:00,2010-07-09 00:00:00,218.75,2010-07-09 00:00:00,195.25,218.75,2,200,41400,2010-07-09 00:00:00,1
2010-07-13 00:00:00,2010-07-13 00:00:00,218,2010-07-13 00:00:00,218,218,1,100,21800,2010-07-13 00:00:00,1
2010-07-14 00:00:00,2010-07-14 00:00:00,219,2010-07-14 00:00:00,200,210,2,1900,399000,2010-07-14 00:00:00,1
2010-07-15 00:00:00,2010-07-15 00:00:00,219,2010-07-15 00:00:00,219,219,1,100,21900,2010-07-15 00:00:00,1
2010-07-16 00:00:00,2010-07-16 00:00:00,219,2010-07-16 00:00:00,219,219,4,700,153300,2010-07-16 00:00:00,1
2010-07-20 00:00:00,2010-07-20 00:00:00,225,2010-07-20 00:00:00,220,221.75,6,19600,4344375,2010-07-20 00:00:00,1
2010-07-21 00:00:00,2010-07-21 00:00:00,222,2010-07-21 00:00:00,220,222,7,5500,1220000,2010-07-21 00:00:00,1
2010-07-22 00:00:00,2010-07-22 00:00:00,222,2010-07-22 00:00:00,221.5,221.75,3,1400,310200,2010-07-22 00:00:00,1
2010-07-23 00:00:00,2010-07-23 00:00:00,221.75,2010-07-23 00:00:00,221.75,221.75,2,200,44350,2010-07-23 00:00:00,1
2010-07-26 00:00:00,2010-07-26 00:00:00,221.5,2010-07-26 00:00:00,221.5,221.5,1,700,155050,2010-07-26 00:00:00,1
2010-07-27 00:00:00,2010-07-27 00:00:00,221.5,2010-07-27 00:00:00,221.5,221.5,2,300,66450,2010-07-27 00:00:00,1
2010-07-28 00:00:00,2010-07-28 00:00:00,240,2010-07-28 00:00:00,222,240,2,200,46200,2010-07-28 00:00:00,1
2010-07-29 00:00:00,2010-07-29 00:00:00,222,2010-07-29 00:00:00,222,222,3,300,66600,2010-07-29 00:00:00,1
2010-07-30 00:00:00,2010-07-30 00:00:00,238.75,2010-07-30 00:00:00,225,229.5,3,1500,344375,2010-07-30 00:00:00,1
2010-08-02 00:00:00,2010-08-02 00:00:00,224.5,2010-08-02 00:00:00,224.1,224.1,3,10100,2263450,2010-08-02 00:00:00,1
2010-08-03 00:00:00,2010-08-03 00:00:00,224,2010-08-03 00:00:00,224,224,3,3000,672000,2010-08-03 00:00:00,1
2010-08-04 00:00:00,2010-08-04 00:00:00,220,2010-08-04 00:00:00,220,220,1,200,44000,2010-08-04 00:00:00,1
2010-08-06 00:00:00,2010-08-06 00:00:00,213,2010-08-06 00:00:00,210,210.5,3,800,168400,2010-08-06 00:00:00,1
2010-08-09 00:00:00,2010-08-09 00:00:00,205,2010-08-09 00:00:00,201,205,4,2400,489600,2010-08-09 00:00:00,1
2010-08-10 00:00:00,2010-08-10 00:00:00,224.8,2010-08-10 00:00:00,205,213.4,9,3300,699060,2010-08-10 00:00:00,1
2010-08-16 00:00:00,2010-08-16 00:00:00,234.7,2010-08-16 00:00:00,233,233.9,3,300,70170,2010-08-16 00:00:00,1
2010-08-17 00:00:00,2010-08-17 00:00:00,233,2010-08-17 00:00:00,233,233,4,700,163100,2010-08-17 00:00:00,1
2010-08-18 00:00:00,2010-08-18 00:00:00,215.1,2010-08-18 00:00:00,212,215.1,5,1500,322030,2010-08-18 00:00:00,1
2010-08-19 00:00:00,2010-08-19 00:00:00,235.9,2010-08-19 00:00:00,215.1,235.9,10,4300,987590,2010-08-19 00:00:00,1
2010-08-20 00:00:00,2010-08-20 00:00:00,259.4,2010-08-20 00:00:00,250,258.9,11,2600,668830,2010-08-20 00:00:00,1
2010-08-23 00:00:00,2010-08-23 00:00:00,284.7,2010-08-23 00:00:00,258,263.6,23,11200,2966790,2010-08-23 00:00:00,1
2010-08-25 00:00:00,2010-08-25 00:00:00,283,2010-08-25 00:00:00,270,270,20,6800,1857130,2010-08-25 00:00:00,1
2010-08-26 00:00:00,2010-08-26 00:00:00,266.1,2010-08-26 00:00:00,264,266.1,4,2600,686610,2010-08-26 00:00:00,1
2010-08-27 00:00:00,2010-08-27 00:00:00,280,2010-08-27 00:00:00,279,279.9,11,7600,2127680,2010-08-27 00:00:00,1
2010-08-30 00:00:00,2010-08-30 00:00:00,305,2010-08-30 00:00:00,282,305,39,18800,5687850,2010-08-30 00:00:00,1
2010-08-31 00:00:00,2010-08-31 00:00:00,310,2010-08-31 00:00:00,300,300,15,12800,3899500,2010-08-31 00:00:00,1
2010-09-01 00:00:00,2010-09-01 00:00:00,305,2010-09-01 00:00:00,285,285,6,2500,753500,2010-09-01 00:00:00,1
2010-09-02 00:00:00,2010-09-02 00:00:00,310,2010-09-02 00:00:00,290,290.1,11,12100,3527430,2010-09-02 00:00:00,1
2010-09-03 00:00:00,2010-09-03 00:00:00,300,2010-09-03 00:00:00,287,298.2,14,6100,1791500,2010-09-03 00:00:00,1
2010-09-06 00:00:00,2010-09-06 00:00:00,300,2010-09-06 00:00:00,290,298.1,5,7300,2152800,2010-09-06 00:00:00,1
2010-09-08 00:00:00,2010-09-08 00:00:00,300,2010-09-08 00:00:00,300,300,2,700,210000,2010-09-08 00:00:00,1
2010-09-09 00:00:00,2010-09-09 00:00:00,300,2010-09-09 00:00:00,290,294.8,4,600,177400,2010-09-09 00:00:00,1
2010-09-13 00:00:00,2010-09-13 00:00:00,282,2010-09-13 00:00:00,282,282,2,400,112800,2010-09-13 00:00:00,1
2010-09-14 00:00:00,2010-09-14 00:00:00,283,2010-09-14 00:00:00,275,278,6,1400,389700,2010-09-14 00:00:00,1
2010-09-15 00:00:00,2010-09-15 00:00:00,290,2010-09-15 00:00:00,270,272.2,4,900,245010,2010-09-15 00:00:00,1
2010-09-16 00:00:00,2010-09-16 00:00:00,280,2010-09-16 00:00:00,250,276.4,3,2500,691000,2010-09-16 00:00:00,1
2010-09-17 00:00:00,2010-09-17 00:00:00,299.9,2010-09-17 00:00:00,299.9,299.9,1,100,29990,2010-09-17 00:00:00,1
2010-09-20 00:00:00,2010-09-20 00:00:00,310,2010-09-20 00:00:00,298.9,309.9,19,39800,12021600,2010-09-20 00:00:00,1
2010-09-21 00:00:00,2010-09-21 00:00:00,304.9,2010-09-21 00:00:00,304.9,304.9,1,10400,3170960,2010-09-21 00:00:00,1
2010-09-23 00:00:00,2010-09-23 00:00:00,300,2010-09-23 00:00:00,296.6,296.6,3,1500,449660,2010-09-23 00:00:00,1
2010-09-24 00:00:00,2010-09-24 00:00:00,299.5,2010-09-24 00:00:00,290,290,3,800,238070,2010-09-24 00:00:00,1
2010-09-27 00:00:00,2010-09-27 00:00:00,290,2010-09-27 00:00:00,270,270,2,600,172000,2010-09-27 00:00:00,1
2010-09-29 00:00:00,2010-09-29 00:00:00,288.5,2010-09-29 00:00:00,285,288.4,5,5200,1499850,2010-09-29 00:00:00,1
2010-09-30 00:00:00,2010-09-30 00:00:00,288,2010-09-30 00:00:00,272.2,287.7,4,6800,1956120,2010-09-30 00:00:00,1
2010-10-01 00:00:00,2010-10-01 00:00:00,315,2010-10-01 00:00:00,290,311.4,5,5000,1556990,2010-10-01 00:00:00,1
2010-10-04 00:00:00,2010-10-04 00:00:00,290,2010-10-04 00:00:00,290,290,3,300,87000,2010-10-04 00:00:00,1
2010-10-05 00:00:00,2010-10-05 00:00:00,290,2010-10-05 00:00:00,290,290,1,100,29000,2010-10-05 00:00:00,1
2010-10-06 00:00:00,2010-10-06 00:00:00,280.1,2010-10-06 00:00:00,280,280,5,2600,728010,2010-10-06 00:00:00,1
2010-10-07 00:00:00,2010-10-07 00:00:00,275,2010-10-07 00:00:00,275,275,1,1000,275000,2010-10-07 00:00:00,1
2010-10-11 00:00:00,2010-10-11 00:00:00,281,2010-10-11 00:00:00,280,280.9,15,10900,3060100,2010-10-11 00:00:00,1
2010-10-12 00:00:00,2010-10-12 00:00:00,273.5,2010-10-12 00:00:00,273.5,273.5,2,200,54700,2010-10-12 00:00:00,1
2010-10-14 00:00:00,2010-10-14 00:00:00,255,2010-10-14 00:00:00,245.1,245.4,3,8900,2183860,2010-10-14 00:00:00,1
2010-10-19 00:00:00,2010-10-19 00:00:00,298.3,2010-10-19 00:00:00,298.3,298.3,1,100,29830,2010-10-19 00:00:00,1
2010-10-20 00:00:00,2010-10-20 00:00:00,285,2010-10-20 00:00:00,285,285,1,200,57000,2010-10-20 00:00:00,1
2010-10-27 00:00:00,2010-10-27 00:00:00,285,2010-10-27 00:00:00,285,285,1,100,28500,2010-10-27 00:00:00,1
2010-11-23 00:00:00,2010-11-23 00:00:00,275,2010-11-23 00:00:00,175,216.2,6,1000,216200,2010-11-23 00:00:00,1
2010-11-25 00:00:00,2010-11-25 00:00:00,192,2010-11-25 00:00:00,190,190.5,2,400,76200,2010-11-25 00:00:00,1
2010-11-26 00:00:00,2010-11-26 00:00:00,210,2010-11-26 00:00:00,205,207.6,5,2100,436000,2010-11-26 00:00:00,1
2010-11-29 00:00:00,2010-11-29 00:00:00,240,2010-11-29 00:00:00,213.5,224.6,13,7400,1714330,2010-11-29 00:00:00,1
2010-11-30 00:00:00,2010-11-30 00:00:00,229.9,2010-11-30 00:00:00,229.9,229.9,2,2800,643720,2010-11-30 00:00:00,1
2010-12-01 00:00:00,2010-12-01 00:00:00,250,2010-12-01 00:00:00,230,241.8,8,1100,266000,2010-12-01 00:00:00,1
2010-12-02 00:00:00,2010-12-02 00:00:00,251,2010-12-02 00:00:00,235,235.5,5,1200,298100,2010-12-02 00:00:00,1
2010-12-10 00:00:00,2010-12-10 00:00:00,234,2010-12-10 00:00:00,234,234,1,1000,234000,2010-12-10 00:00:00,1
2010-12-15 00:00:00,2010-12-15 00:00:00,220,2010-12-15 00:00:00,220,220,2,4500,990000,2010-12-15 00:00:00,1
2010-12-22 00:00:00,2010-12-22 00:00:00,279.9,2010-12-22 00:00:00,278.9,279.2,3,300,83770,2010-12-22 00:00:00,1
2010-12-27 00:00:00,2010-12-27 00:00:00,250,2010-12-27 00:00:00,220,249.5,6,4000,978600,2010-12-27 00:00:00,1
2010-12-28 00:00:00,2010-12-28 00:00:00,246,2010-12-28 00:00:00,246,246,5,3800,934800,2010-12-28 00:00:00,1
2010-12-30 00:00:00,2010-12-30 00:00:00,250,2010-12-30 00:00:00,250,250,2,2000,500000,2010-12-30 00:00:00,1
2010-12-31 00:00:00,2010-12-31 00:00:00,243.1,2010-12-31 00:00:00,243.1,243.1,1,100,24310,2010-12-31 00:00:00,1
Company Id,:  PARA,Security,Type :  N,Sub Type,:  0000,,,,,
Short Name,:  PARAGON,,,,,,,,,
Day,Date High,High,Date Low,Low,Closing,No. of Trades,No. of Shares,Turnover,Last Traded,Days Traded
2010-06-10 00:00:00,2010-06-10 00:00:00,220,2010-06-10 00:00:00,220,220,1,100,22000,2010-06-10 00:00:00,1
2010-06-14 00:00:00,2010-06-14 00:00:00,225,2010-06-14 00:00:00,225,225,1,100,22500,2010-06-14 00:00:00,1
2010-07-13 00:00:00,2010-07-13 00:00:00,225,2010-07-13 00:00:00,225,225,1,100,22500,2010-07-13 00:00:00,1
2010-07-23 00:00:00,2010-07-23 00:00:00,330,2010-07-23 00:00:00,330,330,1,100,33000,2010-07-23 00:00:00,1
2010-12-14 00:00:00,2010-12-14 00:00:00,300,2010-12-14 00:00:00,300,300,1,300,90000,2010-12-14 00:00:00,1
2010-12-17 00:00:00,2010-12-17 00:00:00,300,2010-12-17 00:00:00,300,300,1,100,30000,2010-12-17 00:00:00,1
Company Id,:  PARQ,Security,Type :  N,Sub Type,:  0000,,,,,
Short Name,:  PARQUET,,,,,,,,,
Day,Date High,High,Date Low,Low,Closing,No. of Trades,No. of Shares,Turnover,Last Traded,Days Traded
2010-01-04 00:00:00,2010-01-04 00:00:00,12.25,2010-01-04 00:00:00,12.25,12.25,1,10000,122500,2010-01-04 00:00:00,1
2010-01-05 00:00:00,2010-01-05 00:00:00,12.75,2010-01-05 00:00:00,12,12.25,5,10500,126175,2010-01-05 00:00:00,1
2010-01-06 00:00:00,2010-01-06 00:00:00,12.25,2010-01-06 00:00:00,12,12.25,3,5300,64800,2010-01-06 00:00:00,1
2010-01-07 00:00:00,2010-01-07 00:00:00,12,2010-01-07 00:00:00,11.75,12,5,12600,151150,2010-01-07 00:00:00,1
2010-01-08 00:00:00,2010-01-08 00:00:00,12.75,2010-01-08 00:00:00,12,12.5,36,39400,489900,2010-01-08 00:00:00,1
2010-01-11 00:00:00,2010-01-11 00:00:00,12.5,2010-01-11 00:00:00,12.5,12.5,16,41700,521250,2010-01-11 00:00:00,1
2010-01-12 00:00:00,2010-01-12 00:00:00,12.5,2010-01-12 00:00:00,12,12,5,9600,119200,2010-01-12 00:00:00,1
2010-01-18 00:00:00,2010-01-18 00:00:00,12,2010-01-18 00:00:00,12,12,3,5000,60000,2010-01-18 00:00:00,1
2010-01-19 00:00:00,2010-01-19 00:00:00,12,2010-01-19 00:00:00,11.75,11.75,4,1600,19075,2010-01-19 00:00:00,1
2010-01-20 00:00:00,2010-01-20 00:00:00,12,2010-01-20 00:00:00,11.25,11.75,8,9600,111200,2010-01-20 00:00:00,1
2010-01-21 00:00:00,2010-01-21 00:00:00,12.25,2010-01-21 00:00:00,11.75,11.75,4,6500,77125,2010-01-21 00:00:00,1
2010-01-22 00:00:00,2010-01-22 00:00:00,11.75,2010-01-22 00:00:00,11.25,11.75,3,11900,138825,2010-01-22 00:00:00,1
2010-01-25 00:00:00,2010-01-25 00:00:00,12,2010-01-25 00:00:00,11.25,11.75,4,6000,70875,2010-01-25 00:00:00,1
2010-01-26 00:00:00,2010-01-26 00:00:00,11.5,2010-01-26 00:00:00,11.5,11.5,1,1500,17250,2010-01-26 00:00:00,1
2010-01-28 00:00:00,2010-01-28 00:00:00,12,2010-01-28 00:00:00,11.75,12,28,36200,433250,2010-01-28 00:00:00,1
2010-02-01 00:00:00,2010-02-01 00:00:00,12.25,2010-02-01 00:00:00,12,12,4,4500,54050,2010-02-01 00:00:00,1
2010-02-02 00:00:00,2010-02-02 00:00:00,12,2010-02-02 00:00:00,12,12,9,51400,616800,2010-02-02 00:00:00,1
2010-02-03 00:00:00,2010-02-03 00:00:00,13.75,2010-02-03 00:00:00,12,13.25,200,342600,4498325,2010-02-03 00:00:00,1
2010-02-05 00:00:00,2010-02-05 00:00:00,13.5,2010-02-05 00:00:00,12.75,12.75,19,22500,294500,2010-02-05 00:00:00,1
2010-02-08 00:00:00,2010-02-08 00:00:00,13.5,2010-02-08 00:00:00,13,13.25,10,17700,230850,2010-02-08 00:00:00,1
2010-02-09 00:00:00,2010-02-09 00:00:00,13.25,2010-02-09 00:00:00,12.5,13,11,17800,230275,2010-02-09 00:00:00,1
2010-02-10 00:00:00,2010-02-10 00:00:00,13,2010-02-10 00:00:00,12.25,12.5,12,16700,213225,2010-02-10 00:00:00,1
2010-02-11 00:00:00,2010-02-11 00:00:00,12.25,2010-02-11 00:00:00,11.75,11.75,9,21000,251000,2010-02-11 00:00:00,1
2010-02-12 00:00:00,2010-02-12 00:00:00,11.5,2010-02-12 00:00:00,11.5,11.5,3,7200,82800,2010-02-12 00:00:00,1
2010-02-15 00:00:00,2010-02-15 00:00:00,11.75,2010-02-15 00:00:00,11.5,11.5,7,10800,124450,2010-02-15 00:00:00,1
2010-02-16 00:00:00,2010-02-16 00:00:00,11.5,2010-02-16 00:00:00,11.5,11.5,2,400,4600,2010-02-16 00:00:00,1
2010-02-18 00:00:00,2010-02-18 00:00:00,12.75,2010-02-18 00:00:00,11.75,12.25,45,88600,1069325,2010-02-18 00:00:00,1
2010-02-19 00:00:00,2010-02-19 00:00:00,12.75,2010-02-19 00:00:00,12,12.75,6,4400,55325,2010-02-19 00:00:00,1
2010-02-22 00:00:00,2010-02-22 00:00:00,11.75,2010-02-22 00:00:00,11.75,11.75,11,4300,50525,2010-02-22 00:00:00,1
2010-02-23 00:00:00,2010-02-23 00:00:00,12.75,2010-02-23 00:00:00,12,12.5,35,32600,405675,2010-02-23 00:00:00,1
2010-02-24 00:00:00,2010-02-24 00:00:00,14.5,2010-02-24 00:00:00,12.5,14,394,1014600,14306300,2010-02-24 00:00:00,1
2010-02-25 00:00:00,2010-02-25 00:00:00,14.5,2010-02-25 00:00:00,14.25,14.25,98,194800,2780525,2010-02-25 00:00:00,1
2010-02-26 00:00:00,2010-02-26 00:00:00,15.25,2010-02-26 00:00:00,14.5,15,255,806500,12066300,2010-02-26 00:00:00,1
2010-03-01 00:00:00,2010-03-01 00:00:00,15.25,2010-03-01 00:00:00,14.5,15,59,165100,2483400,2010-03-01 00:00:00,1
2010-03-02 00:00:00,2010-03-02 00:00:00,16,2010-03-02 00:00:00,14.5,15.5,202,581700,8950900,2010-03-02 00:00:00,1
2010-03-03 00:00:00,2010-03-03 00:00:00,16.25,2010-03-03 00:00:00,15.25,15.25,113,345700,5481275,2010-03-03 00:00:00,1
2010-03-04 00:00:00,2010-03-04 00:00:00,15.5,2010-03-04 00:00:00,15.25,15.25,32,34400,526125,2010-03-04 00:00:00,1
2010-03-05 00:00:00,2010-03-05 00:00:00,15.5,2010-03-05 00:00:00,15.25,15.25,21,40300,618150,2010-03-05 00:00:00,1
2010-03-08 00:00:00,2010-03-08 00:00:00,15.5,2010-03-08 00:00:00,15,15.25,28,72200,1105750,2010-03-08 00:00:00,1
2010-03-09 00:00:00,2010-03-09 00:00:00,15.5,2010-03-09 00:00:00,14.5,14.5,10,52800,810375,2010-03-09 00:00:00,1
2010-03-11 00:00:00,2010-03-11 00:00:00,15.75,2010-03-11 00:00:00,15,15.25,78,282500,4362225,2010-03-11 00:00:00,1
2010-03-12 00:00:00,2010-03-12 00:00:00,15,2010-03-12 00:00:00,14.75,15,16,36500,545000,2010-03-12 00:00:00,1
2010-03-15 00:00:00,2010-03-15 00:00:00,17,2010-03-15 00:00:00,15.25,16.5,190,660500,10701275,2010-03-15 00:00:00,1
2010-03-16 00:00:00,2010-03-16 00:00:00,20,2010-03-16 00:00:00,16.75,18.75,334,663600,12015150,2010-03-16 00:00:00,1
2010-03-17 00:00:00,2010-03-17 00:00:00,21,2010-03-17 00:00:00,17.25,18,388,910300,16893550,2010-03-17 00:00:00,1
2010-03-18 00:00:00,2010-03-18 00:00:00,18.75,2010-03-18 00:00:00,18,18,45,69400,1254025,2010-03-18 00:00:00,1
2010-03-19 00:00:00,2010-03-19 00:00:00,18.5,2010-03-19 00:00:00,17.5,18,17,13900,251200,2010-03-19 00:00:00,1
2010-03-22 00:00:00,2010-03-22 00:00:00,20,2010-03-22 00:00:00,17.75,19.5,195,382800,7344225,2010-03-22 00:00:00,1
2010-03-23 00:00:00,2010-03-23 00:00:00,19.5,2010-03-23 00:00:00,19,19,48,68500,1311550,2010-03-23 00:00:00,1
2010-03-24 00:00:00,2010-03-24 00:00:00,19,2010-03-24 00:00:00,18,18,43,44700,820400,2010-03-24 00:00:00,1
2010-03-25 00:00:00,2010-03-25 00:00:00,19.5,2010-03-25 00:00:00,18.5,19.25,104,260100,5000200,2010-03-25 00:00:00,1
2010-03-26 00:00:00,2010-03-26 00:00:00,20.5,2010-03-26 00:00:00,19.5,19.75,153,530700,10629475,2010-03-26 00:00:00,1
2010-03-30 00:00:00,2010-03-30 00:00:00,20,2010-03-30 00:00:00,19,19.25,6,9700,186975,2010-03-30 00:00:00,1
2010-03-31 00:00:00,2010-03-31 00:00:00,19.25,2010-03-31 00:00:00,18.5,18.5,40,93600,1752125,2010-03-31 00:00:00,1
2010-04-01 00:00:00,2010-04-01 00:00:00,20.25,2010-04-01 00:00:00,19,19.75,86,186800,3673125,2010-04-01 00:00:00,1
2010-04-05 00:00:00,2010-04-05 00:00:00,21,2010-04-05 00:00:00,20,20.75,137,565800,11621600,2010-04-05 00:00:00,1
2010-04-06 00:00:00,2010-04-06 00:00:00,20.75,2010-04-06 00:00:00,20,20.25,73,141800,2876050,2010-04-06 00:00:00,1
2010-04-07 00:00:00,2010-04-07 00:00:00,20.25,2010-04-07 00:00:00,19.25,19.75,62,159900,3169200,2010-04-07 00:00:00,1
2010-04-08 00:00:00,2010-04-08 00:00:00,21,2010-04-08 00:00:00,19.75,20.75,25,21100,431825,2010-04-08 00:00:00,1
2010-04-12 00:00:00,2010-04-12 00:00:00,20.75,2010-04-12 00:00:00,20.25,20.5,25,60200,1232600,2010-04-12 00:00:00,1
2010-04-15 00:00:00,2010-04-15 00:00:00,20.75,2010-04-15 00:00:00,20,20,48,48500,986200,2010-04-15 00:00:00,1
2010-04-16 00:00:00,2010-04-16 00:00:00,20.5,2010-04-16 00:00:00,20,20.25,7,6000,120125,2010-04-16 00:00:00,1
2010-04-19 00:00:00,2010-04-19 00:00:00,20.75,2010-04-19 00:00:00,20,20,46,159400,3300150,2010-04-19 00:00:00,1
2010-04-20 00:00:00,2010-04-20 00:00:00,20.75,2010-04-20 00:00:00,20,20,34,44500,905275,2010-04-20 00:00:00,1
2010-04-21 00:00:00,2010-04-21 00:00:00,20,2010-04-21 00:00:00,18.75,18.75,47,148500,2888000,2010-04-21 00:00:00,1
2010-04-22 00:00:00,2010-04-22 00:00:00,19.25,2010-04-22 00:00:00,18.5,18.75,23,52000,980925,2010-04-22 00:00:00,1
2010-04-23 00:00:00,2010-04-23 00:00:00,20,2010-04-23 00:00:00,18.5,18.75,49,122000,2313225,2010-04-23 00:00:00,1
2010-04-26 00:00:00,2010-04-26 00:00:00,19.75,2010-04-26 00:00:00,18.75,18.75,11,28800,550775,2010-04-26 00:00:00,1
2010-04-27 00:00:00,2010-04-27 00:00:00,19.5,2010-04-27 00:00:00,18.75,19.25,12,3800,72300,2010-04-27 00:00:00,1
2010-04-29 00:00:00,2010-04-29 00:00:00,19,2010-04-29 00:00:00,18.25,18.5,57,124500,2300125,2010-04-29 00:00:00,1
2010-04-30 00:00:00,2010-04-30 00:00:00,19.25,2010-04-30 00:00:00,18.75,19,9,36000,677750,2010-04-30 00:00:00,1
2010-05-03 00:00:00,2010-05-03 00:00:00,21,2010-05-03 00:00:00,19.25,19.5,154,345400,7031925,2010-05-03 00:00:00,1
2010-05-04 00:00:00,2010-05-04 00:00:00,20.5,2010-05-04 00:00:00,19.5,19.75,17,74300,1488225,2010-05-04 00:00:00,1
2010-05-05 00:00:00,2010-05-05 00:00:00,21.25,2010-05-05 00:00:00,20,20,61,84900,1757275,2010-05-05 00:00:00,1
2010-05-06 00:00:00,2010-05-06 00:00:00,20.75,2010-05-06 00:00:00,19.75,20.25,29,34400,696900,2010-05-06 00:00:00,1
2010-05-07 00:00:00,2010-05-07 00:00:00,20.5,2010-05-07 00:00:00,20,20.25,10,8300,167575,2010-05-07 00:00:00,1
2010-05-10 00:00:00,2010-05-10 00:00:00,20,2010-05-10 00:00:00,19.75,19.75,7,13200,261325,2010-05-10 00:00:00,1
2010-05-11 00:00:00,2010-05-11 00:00:00,19.75,2010-05-11 00:00:00,19,19.75,13,20300,393750,2010-05-11 00:00:00,1
2010-05-12 00:00:00,2010-05-12 00:00:00,20,2010-05-12 00:00:00,19.25,19.75,8,5000,97250,2010-05-12 00:00:00,1
2010-05-13 00:00:00,2010-05-13 00:00:00,20,2010-05-13 00:00:00,19,19.25,14,29200,562100,2010-05-13 00:00:00,1
2010-05-14 00:00:00,2010-05-14 00:00:00,20.5,2010-05-14 00:00:00,19,20.25,35,41100,821100,2010-05-14 00:00:00,1
2010-05-17 00:00:00,2010-05-17 00:00:00,20.5,2010-05-17 00:00:00,20,20.25,13,19300,391125,2010-05-17 00:00:00,1
2010-05-18 00:00:00,2010-05-18 00:00:00,20.25,2010-05-18 00:00:00,20,20,14,23100,463875,2010-05-18 00:00:00,1
2010-05-19 00:00:00,2010-05-19 00:00:00,20,2010-05-19 00:00:00,19.75,19.75,4,6800,134325,2010-05-19 00:00:00,1
2010-05-20 00:00:00,2010-05-20 00:00:00,21.25,2010-05-20 00:00:00,19.75,20,135,243800,5086925,2010-05-20 00:00:00,1
2010-05-21 00:00:00,2010-05-21 00:00:00,20,2010-05-21 00:00:00,19.75,20,14,15900,316750,2010-05-21 00:00:00,1
2010-05-24 00:00:00,2010-05-24 00:00:00,20.5,2010-05-24 00:00:00,20.25,20.25,7,9000,182500,2010-05-24 00:00:00,1
2010-05-25 00:00:00,2010-05-25 00:00:00,20,2010-05-25 00:00:00,19,19.25,19,27000,521200,2010-05-25 00:00:00,1
2010-05-26 00:00:00,2010-05-26 00:00:00,20,2010-05-26 00:00:00,19.5,19.5,6,1900,37275,2010-05-26 00:00:00,1
2010-05-31 00:00:00,2010-05-31 00:00:00,20,2010-05-31 00:00:00,19,19.5,10,8600,166250,2010-05-31 00:00:00,1
2010-06-01 00:00:00,2010-06-01 00:00:00,19,2010-06-01 00:00:00,18,18.25,115,322100,5857700,2010-06-01 00:00:00,1
2010-06-02 00:00:00,2010-06-02 00:00:00,19,2010-06-02 00:00:00,18.5,18.75,32,17100,319225,2010-06-02 00:00:00,1
2010-06-03 00:00:00,2010-06-03 00:00:00,18.75,2010-06-03 00:00:00,17.75,18,61,80900,1458650,2010-06-03 00:00:00,1
2010-06-07 00:00:00,2010-06-07 00:00:00,18.75,2010-06-07 00:00:00,18,18,6,5000,90125,2010-06-07 00:00:00,1
2010-06-08 00:00:00,2010-06-08 00:00:00,18.75,2010-06-08 00:00:00,18.25,18.5,10,4800,88825,2010-06-08 00:00:00,1
2010-06-09 00:00:00,2010-06-09 00:00:00,19.5,2010-06-09 00:00:00,18.5,19,129,169000,3223175,2010-06-09 00:00:00,1
2010-06-10 00:00:00,2010-06-10 00:00:00,20,2010-06-10 00:00:00,19,19,20,18300,352425,2010-06-10 00:00:00,1
2010-06-11 00:00:00,2010-06-11 00:00:00,19,2010-06-11 00:00:00,18.5,18.75,12,16300,303200,2010-06-11 00:00:00,1
2010-06-14 00:00:00,2010-06-14 00:00:00,18.75,2010-06-14 00:00:00,18.75,18.75,3,3500,65625,2010-06-14 00:00:00,1
2010-06-15 00:00:00,2010-06-15 00:00:00,20.75,2010-06-15 00:00:00,19,19.75,192,346900,6953875,2010-06-15 00:00:00,1
2010-06-16 00:00:00,2010-06-16 00:00:00,20,2010-06-16 00:00:00,19,19.25,37,59700,1165175,2010-06-16 00:00:00,1
2010-06-17 00:00:00,2010-06-17 00:00:00,20.5,2010-06-17 00:00:00,19.5,19.75,75,152700,3047125,2010-06-17 00:00:00,1
2010-06-21 00:00:00,2010-06-21 00:00:00,22,2010-06-21 00:00:00,20,21.25,186,465400,9953000,2010-06-21 00:00:00,1
2010-06-22 00:00:00,2010-06-22 00:00:00,22,2010-06-22 00:00:00,20,20.5,60,83900,1762625,2010-06-22 00:00:00,1
2010-06-23 00:00:00,2010-06-23 00:00:00,21,2010-06-23 00:00:00,20.25,21,16,22600,473950,2010-06-23 00:00:00,1
2010-06-24 00:00:00,2010-06-24 00:00:00,22.5,2010-06-24 00:00:00,21.25,22,328,582500,12763850,2010-06-24 00:00:00,1
2010-06-28 00:00:00,2010-06-28 00:00:00,24,2010-06-28 00:00:00,21.5,23.25,159,328800,7545075,2010-06-28 00:00:00,1
2010-06-29 00:00:00,2010-06-29 00:00:00,37,2010-06-29 00:00:00,24.5,29.25,1631,3226800,103945275,2010-06-29 00:00:00,1
2010-06-30 00:00:00,2010-06-30 00:00:00,30,2010-06-30 00:00:00,26,27,214,297200,8083850,2010-06-30 00:00:00,1
2010-07-01 00:00:00,2010-07-01 00:00:00,27.5,2010-07-01 00:00:00,25,25,75,74400,1898925,2010-07-01 00:00:00,1
2010-07-02 00:00:00,2010-07-02 00:00:00,30,2010-07-02 00:00:00,24,29,315,446900,12836300,2010-07-02 00:00:00,1
2010-07-05 00:00:00,2010-07-05 00:00:00,30,2010-07-05 00:00:00,27,27.5,19,11300,319100,2010-07-05 00:00:00,1
2010-07-06 00:00:00,2010-07-06 00:00:00,29.75,2010-07-06 00:00:00,27.25,28.75,98,114000,3256075,2010-07-06 00:00:00,1
2010-07-07 00:00:00,2010-07-07 00:00:00,29.25,2010-07-07 00:00:00,25,26.25,73,71700,1878175,2010-07-07 00:00:00,1
2010-07-08 00:00:00,2010-07-08 00:00:00,29.5,2010-07-08 00:00:00,27,28.5,96,120600,3428800,2010-07-08 00:00:00,1
2010-07-09 00:00:00,2010-07-09 00:00:00,29.75,2010-07-09 00:00:00,27.5,28.25,36,52400,1497325,2010-07-09 00:00:00,1
2010-07-12 00:00:00,2010-07-12 00:00:00,29,2010-07-12 00:00:00,27,27,19,17700,489775,2010-07-12 00:00:00,1
2010-07-13 00:00:00,2010-07-13 00:00:00,27.25,2010-07-13 00:00:00,26.5,26.75,26,23800,636400,2010-07-13 00:00:00,1
2010-07-14 00:00:00,2010-07-14 00:00:00,27.5,2010-07-14 00:00:00,26.75,27,25,28400,769050,2010-07-14 00:00:00,1
2010-07-15 00:00:00,2010-07-15 00:00:00,28,2010-07-15 00:00:00,26.75,27,29,23000,623475,2010-07-15 00:00:00,1
2010-07-16 00:00:00,2010-07-16 00:00:00,28,2010-07-16 00:00:00,26.5,27,48,28400,766150,2010-07-16 00:00:00,1
2010-07-19 00:00:00,2010-07-19 00:00:00,27,2010-07-19 00:00:00,26.25,27,13,9800,259975,2010-07-19 00:00:00,1
2010-07-20 00:00:00,2010-07-20 00:00:00,28,2010-07-20 00:00:00,26,28,53,29300,806625,2010-07-20 00:00:00,1
2010-07-21 00:00:00,2010-07-21 00:00:00,27.75,2010-07-21 00:00:00,27,27,10,12800,351275,2010-07-21 00:00:00,1
2010-07-22 00:00:00,2010-07-22 00:00:00,27,2010-07-22 00:00:00,27,27,8,10900,294300,2010-07-22 00:00:00,1
2010-07-23 00:00:00,2010-07-23 00:00:00,27.5,2010-07-23 00:00:00,26.75,27.25,16,24900,674200,2010-07-23 00:00:00,1
2010-07-26 00:00:00,2010-07-26 00:00:00,27.75,2010-07-26 00:00:00,26.5,26.5,14,8100,220100,2010-07-26 00:00:00,1
2010-07-27 00:00:00,2010-07-27 00:00:00,27,2010-07-27 00:00:00,26.75,26.75,20,24900,668475,2010-07-27 00:00:00,1
2010-07-28 00:00:00,2010-07-28 00:00:00,29.5,2010-07-28 00:00:00,27.25,27.5,34,54800,1562725,2010-07-28 00:00:00,1
2010-07-29 00:00:00,2010-07-29 00:00:00,27.5,2010-07-29 00:00:00,26,26.25,16,8800,232175,2010-07-29 00:00:00,1
2010-07-30 00:00:00,2010-07-30 00:00:00,26.25,2010-07-30 00:00:00,25.75,26,30,33100,862475,2010-07-30 00:00:00,1
2010-08-02 00:00:00,2010-08-02 00:00:00,29.5,2010-08-02 00:00:00,26,27.5,31,47500,1373700,2010-08-02 00:00:00,1
2010-08-03 00:00:00,2010-08-03 00:00:00,27.8,2010-08-03 00:00:00,26,27.1,17,10000,273650,2010-08-03 00:00:00,1
2010-08-04 00:00:00,2010-08-04 00:00:00,26,2010-08-04 00:00:00,25.5,26,14,8600,221390,2010-08-04 00:00:00,1
2010-08-05 00:00:00,2010-08-05 00:00:00,28.6,2010-08-05 00:00:00,23.9,24.8,48,39200,1010160,2010-08-05 00:00:00,1
2010-08-06 00:00:00,2010-08-06 00:00:00,25.1,2010-08-06 00:00:00,24,24.5,27,26200,634450,2010-08-06 00:00:00,1
2010-08-09 00:00:00,2010-08-09 00:00:00,24,2010-08-09 00:00:00,22.1,22.5,26,26300,607270,2010-08-09 00:00:00,1
2010-08-10 00:00:00,2010-08-10 00:00:00,24.7,2010-08-10 00:00:00,20.3,24.7,34,27600,649020,2010-08-10 00:00:00,1
2010-08-11 00:00:00,2010-08-11 00:00:00,25.7,2010-08-11 00:00:00,25,25.1,32,26600,671300,2010-08-11 00:00:00,1
2010-08-12 00:00:00,2010-08-12 00:00:00,25,2010-08-12 00:00:00,24,24.2,3,1300,31500,2010-08-12 00:00:00,1
2010-08-13 00:00:00,2010-08-13 00:00:00,26.4,2010-08-13 00:00:00,24.2,26,25,7300,185250,2010-08-13 00:00:00,1
2010-08-16 00:00:00,2010-08-16 00:00:00,28.3,2010-08-16 00:00:00,26.8,26.8,4,2500,67320,2010-08-16 00:00:00,1
2010-08-18 00:00:00,2010-08-18 00:00:00,27,2010-08-18 00:00:00,25,25.2,20,13700,349000,2010-08-18 00:00:00,1
2010-08-19 00:00:00,2010-08-19 00:00:00,27,2010-08-19 00:00:00,25,26.6,56,198400,5053470,2010-08-19 00:00:00,1
2010-08-20 00:00:00,2010-08-20 00:00:00,25.4,2010-08-20 00:00:00,25.1,25.4,4,2700,68430,2010-08-20 00:00:00,1
2010-08-23 00:00:00,2010-08-23 00:00:00,25.7,2010-08-23 00:00:00,25,25.2,29,29600,745160,2010-08-23 00:00:00,1
2010-08-25 00:00:00,2010-08-25 00:00:00,27.7,2010-08-25 00:00:00,25,27.1,126,86000,2344660,2010-08-25 00:00:00,1
2010-08-26 00:00:00,2010-08-26 00:00:00,27.2,2010-08-26 00:00:00,25.6,25.7,10,5300,138320,2010-08-26 00:00:00,1
2010-08-27 00:00:00,2010-08-27 00:00:00,25.9,2010-08-27 00:00:00,25.7,25.9,18,9300,239760,2010-08-27 00:00:00,1
2010-08-30 00:00:00,2010-08-30 00:00:00,26,2010-08-30 00:00:00,25,25.8,20,18900,485640,2010-08-30 00:00:00,1
2010-08-31 00:00:00,2010-08-31 00:00:00,26,2010-08-31 00:00:00,25,25.4,16,24600,633010,2010-08-31 00:00:00,1
2010-09-01 00:00:00,2010-09-01 00:00:00,26.5,2010-09-01 00:00:00,25.1,25.8,17,14000,358950,2010-09-01 00:00:00,1
2010-09-02 00:00:00,2010-09-02 00:00:00,26,2010-09-02 00:00:00,25,25.4,50,90800,2300680,2010-09-02 00:00:00,1
2010-09-03 00:00:00,2010-09-03 00:00:00,27,2010-09-03 00:00:00,25.1,26,25,26600,690760,2010-09-03 00:00:00,1
2010-09-06 00:00:00,2010-09-06 00:00:00,27.4,2010-09-06 00:00:00,26.7,26.8,11,7700,208690,2010-09-06 00:00:00,1
2010-09-07 00:00:00,2010-09-07 00:00:00,29,2010-09-07 00:00:00,26,27.9,92,135800,3787530,2010-09-07 00:00:00,1
2010-09-08 00:00:00,2010-09-08 00:00:00,28.9,2010-09-08 00:00:00,27,27,27,21500,588140,2010-09-08 00:00:00,1
2010-09-09 00:00:00,2010-09-09 00:00:00,28.8,2010-09-09 00:00:00,26,28.2,93,142100,3978400,2010-09-09 00:00:00,1
2010-09-13 00:00:00,2010-09-13 00:00:00,28.2,2010-09-13 00:00:00,26.5,27.4,41,29800,816770,2010-09-13 00:00:00,1
2010-09-14 00:00:00,2010-09-14 00:00:00,27.5,2010-09-14 00:00:00,27,27,12,11600,316050,2010-09-14 00:00:00,1
2010-09-15 00:00:00,2010-09-15 00:00:00,28,2010-09-15 00:00:00,26.7,27.4,10,6700,184350,2010-09-15 00:00:00,1
2010-09-16 00:00:00,2010-09-16 00:00:00,28.5,2010-09-16 00:00:00,26.5,26.5,9,12600,349100,2010-09-16 00:00:00,1
2010-09-17 00:00:00,2010-09-17 00:00:00,27.5,2010-09-17 00:00:00,27,27.1,18,6200,167680,2010-09-17 00:00:00,1
2010-09-20 00:00:00,2010-09-20 00:00:00,28,2010-09-20 00:00:00,27.7,27.8,12,7900,220840,2010-09-20 00:00:00,1
2010-09-21 00:00:00,2010-09-21 00:00:00,27.9,2010-09-21 00:00:00,26,26.5,13,7600,204160,2010-09-21 00:00:00,1
2010-09-23 00:00:00,2010-09-23 00:00:00,28.3,2010-09-23 00:00:00,27.1,27.1,29,34500,953150,2010-09-23 00:00:00,1
2010-09-24 00:00:00,2010-09-24 00:00:00,27.5,2010-09-24 00:00:00,27,27.2,11,8000,217750,2010-09-24 00:00:00,1
2010-09-27 00:00:00,2010-09-27 00:00:00,27.5,2010-09-27 00:00:00,26.1,26.8,11,6600,176380,2010-09-27 00:00:00,1
2010-09-28 00:00:00,2010-09-28 00:00:00,26.5,2010-09-28 00:00:00,26,26.1,14,14100,368550,2010-09-28 00:00:00,1
2010-09-29 00:00:00,2010-09-29 00:00:00,26.2,2010-09-29 00:00:00,26.2,26.2,3,1100,28820,2010-09-29 00:00:00,1
2010-09-30 00:00:00,2010-09-30 00:00:00,31,2010-09-30 00:00:00,27.5,30.1,375,660900,19655300,2010-09-30 00:00:00,1
2010-10-01 00:00:00,2010-10-01 00:00:00,33.5,2010-10-01 00:00:00,30.2,32.4,314,448300,14555270,2010-10-01 00:00:00,1
2010-10-04 00:00:00,2010-10-04 00:00:00,35.5,2010-10-04 00:00:00,32.5,33.6,238,479700,16259640,2010-10-04 00:00:00,1
2010-10-05 00:00:00,2010-10-05 00:00:00,34.4,2010-10-05 00:00:00,32.5,32.6,28,35000,1148510,2010-10-05 00:00:00,1
2010-10-06 00:00:00,2010-10-06 00:00:00,33.5,2010-10-06 00:00:00,31.6,32,44,84400,2728860,2010-10-06 00:00:00,1
2010-10-07 00:00:00,2010-10-07 00:00:00,34.5,2010-10-07 00:00:00,30,30.3,76,162400,5085620,2010-10-07 00:00:00,1
2010-10-08 00:00:00,2010-10-08 00:00:00,33.5,2010-10-08 00:00:00,30.3,32,69,148600,4825870,2010-10-08 00:00:00,1
2010-10-11 00:00:00,2010-10-11 00:00:00,32,2010-10-11 00:00:00,31,31.1,7,17400,555400,2010-10-11 00:00:00,1
2010-10-12 00:00:00,2010-10-12 00:00:00,32.5,2010-10-12 00:00:00,27,27.5,31,53800,1622480,2010-10-12 00:00:00,1
2010-10-13 00:00:00,2010-10-13 00:00:00,32.5,2010-10-13 00:00:00,28,31.5,66,102000,3097680,2010-10-13 00:00:00,1
2010-10-14 00:00:00,2010-10-14 00:00:00,33.2,2010-10-14 00:00:00,30,31.2,48,51500,1594320,2010-10-14 00:00:00,1
2010-10-15 00:00:00,2010-10-15 00:00:00,30,2010-10-15 00:00:00,29,29.9,4,12000,358150,2010-10-15 00:00:00,1
2010-10-18 00:00:00,2010-10-18 00:00:00,31.4,2010-10-18 00:00:00,30,30,14,18800,568500,2010-10-18 00:00:00,1
2010-10-19 00:00:00,2010-10-19 00:00:00,33.4,2010-10-19 00:00:00,30,32.1,67,113900,3697720,2010-10-19 00:00:00,1
2010-10-20 00:00:00,2010-10-20 00:00:00,33,2010-10-20 00:00:00,32,32,49,324100,10397160,2010-10-20 00:00:00,1
2010-10-21 00:00:00,2010-10-21 00:00:00,33.2,2010-10-21 00:00:00,31.5,32.1,16,15700,513250,2010-10-21 00:00:00,1
2010-10-25 00:00:00,2010-10-25 00:00:00,33,2010-10-25 00:00:00,30.1,31,33,43200,1361920,2010-10-25 00:00:00,1
2010-10-26 00:00:00,2010-10-26 00:00:00,31,2010-10-26 00:00:00,31,31,3,5100,158100,2010-10-26 00:00:00,1
2010-10-27 00:00:00,2010-10-27 00:00:00,32,2010-10-27 00:00:00,29.1,30.1,44,58500,1809110,2010-10-27 00:00:00,1
2010-10-28 00:00:00,2010-10-28 00:00:00,30,2010-10-28 00:00:00,29.5,29.9,23,19200,575200,2010-10-28 00:00:00,1
2010-10-29 00:00:00,2010-10-29 00:00:00,31,2010-10-29 00:00:00,29.9,30,11,14200,427020,2010-10-29 00:00:00,1
2010-11-01 00:00:00,2010-11-01 00:00:00,30.5,2010-11-01 00:00:00,30,30,17,8300,250550,2010-11-01 00:00:00,1
2010-11-02 00:00:00,2010-11-02 00:00:00,30,2010-11-02 00:00:00,29,29.2,12,32200,961110,2010-11-02 00:00:00,1
2010-11-03 00:00:00,2010-11-03 00:00:00,30,2010-11-03 00:00:00,30,30,13,12700,381000,2010-11-03 00:00:00,1
2010-11-04 00:00:00,2010-11-04 00:00:00,30,2010-11-04 00:00:00,30,30,4,2200,66000,2010-11-04 00:00:00,1
2010-11-08 00:00:00,2010-11-08 00:00:00,31.6,2010-11-08 00:00:00,30,30.6,31,60800,1867150,2010-11-08 00:00:00,1
2010-11-09 00:00:00,2010-11-09 00:00:00,30.6,2010-11-09 00:00:00,30,30,7,20200,611500,2010-11-09 00:00:00,1
2010-11-10 00:00:00,2010-11-10 00:00:00,30,2010-11-10 00:00:00,30,30,4,10100,303000,2010-11-10 00:00:00,1
2010-11-12 00:00:00,2010-11-12 00:00:00,30,2010-11-12 00:00:00,30,30,2,2100,63000,2010-11-12 00:00:00,1
2010-11-15 00:00:00,2010-11-15 00:00:00,29.1,2010-11-15 00:00:00,29.1,29.1,3,1200,34920,2010-11-15 00:00:00,1
2010-11-16 00:00:00,2010-11-16 00:00:00,29,2010-11-16 00:00:00,28.3,28.3,2,800,23060,2010-11-16 00:00:00,1
2010-11-18 00:00:00,2010-11-18 00:00:00,29.5,2010-11-18 00:00:00,29.5,29.5,3,2500,73750,2010-11-18 00:00:00,1
2010-11-22 00:00:00,2010-11-22 00:00:00,29.9,2010-11-22 00:00:00,29.8,29.9,2,2100,62590,2010-11-22 00:00:00,1
2010-11-23 00:00:00,2010-11-23 00:00:00,29.5,2010-11-23 00:00:00,28.1,29.1,5,1900,55230,2010-11-23 00:00:00,1
2010-11-24 00:00:00,2010-11-24 00:00:00,29.5,2010-11-24 00:00:00,29.5,29.5,1,1000,29500,2010-11-24 00:00:00,1
2010-11-25 00:00:00,2010-11-25 00:00:00,29,2010-11-25 00:00:00,29,29,1,100,2900,2010-11-25 00:00:00,1
2010-11-26 00:00:00,2010-11-26 00:00:00,29,2010-11-26 00:00:00,29,29,1,100,2900,2010-11-26 00:00:00,1
2010-11-29 00:00:00,2010-11-29 00:00:00,29,2010-11-29 00:00:00,28,28.2,17,19400,554890,2010-11-29 00:00:00,1
2010-11-30 00:00:00,2010-11-30 00:00:00,30,2010-11-30 00:00:00,30,30,2,600,18000,2010-11-30 00:00:00,1
2010-12-01 00:00:00,2010-12-01 00:00:00,30,2010-12-01 00:00:00,28,28.9,33,21500,620630,2010-12-01 00:00:00,1
2010-12-02 00:00:00,2010-12-02 00:00:00,27.5,2010-12-02 00:00:00,27.5,27.5,1,100,2750,2010-12-02 00:00:00,1
2010-12-03 00:00:00,2010-12-03 00:00:00,27.1,2010-12-03 00:00:00,27,27.1,3,600,16240,2010-12-03 00:00:00,1
2010-12-06 00:00:00,2010-12-06 00:00:00,28.4,2010-12-06 00:00:00,28.4,28.4,6,3400,96560,2010-12-06 00:00:00,1
2010-12-07 00:00:00,2010-12-07 00:00:00,28,2010-12-07 00:00:00,26.3,28,7,4200,115050,2010-12-07 00:00:00,1
2010-12-08 00:00:00,2010-12-08 00:00:00,26.5,2010-12-08 00:00:00,26.5,26.5,1,100,2650,2010-12-08 00:00:00,1
2010-12-09 00:00:00,2010-12-09 00:00:00,29,2010-12-09 00:00:00,27.2,28.7,5,22200,637230,2010-12-09 00:00:00,1
2010-12-10 00:00:00,2010-12-10 00:00:00,30,2010-12-10 00:00:00,28,29,28,12100,350450,2010-12-10 00:00:00,1
2010-12-13 00:00:00,2010-12-13 00:00:00,29.7,2010-12-13 00:00:00,29.5,29.5,9,3500,103700,2010-12-13 00:00:00,1
2010-12-14 00:00:00,2010-12-14 00:00:00,29.5,2010-12-14 00:00:00,29,29,5,1400,40660,2010-12-14 00:00:00,1
2010-12-15 00:00:00,2010-12-15 00:00:00,29,2010-12-15 00:00:00,28.5,28.9,12,1600,46090,2010-12-15 00:00:00,1
2010-12-16 00:00:00,2010-12-16 00:00:00,29,2010-12-16 00:00:00,28,28.2,18,3600,101930,2010-12-16 00:00:00,1
2010-12-17 00:00:00,2010-12-17 00:00:00,29,2010-12-17 00:00:00,29,29,1,200,5800,2010-12-17 00:00:00,1
2010-12-21 00:00:00,2010-12-21 00:00:00,28.5,2010-12-21 00:00:00,28.5,28.5,4,1300,37050,2010-12-21 00:00:00,1
2010-12-22 00:00:00,2010-12-22 00:00:00,29.9,2010-12-22 00:00:00,28,28.7,15,18700,533450,2010-12-22 00:00:00,1
2010-12-23 00:00:00,2010-12-23 00:00:00,29,2010-12-23 00:00:00,28.5,29,20,24500,708220,2010-12-23 00:00:00,1
2010-12-24 00:00:00,2010-12-24 00:00:00,29.7,2010-12-24 00:00:00,29,29,4,3700,109730,2010-12-24 00:00:00,1
2010-12-27 00:00:00,2010-12-27 00:00:00,29.6,2010-12-27 00:00:00,28.6,29,37,17400,505960,2010-12-27 00:00:00,1
2010-12-28 00:00:00,2010-12-28 00:00:00,29,2010-12-28 00:00:00,27.9,28,61,42100,1196720,2010-12-28 00:00:00,1
2010-12-29 00:00:00,2010-12-29 00:00:00,28,2010-12-29 00:00:00,27.5,28,22,5400,150500,2010-12-29 00:00:00,1
2010-12-30 00:00:00,2010-12-30 00:00:00,28.2,2010-12-30 00:00:00,27,27.1,72,91900,2506470,2010-12-30 00:00:00,1
2010-12-31 00:00:00,2010-12-31 00:00:00,25.2,2010-12-31 00:00:00,20.7,21.1,142,142400,3028890,2010-12-31 00:00:00,1
Company Id,:  PCH,Security,Type :  N,Sub Type,:  0000,,,,,
Short Name,:  PC HOUSE,,,,,,,,,
Day,Date High,High,Date Low,Low,Closing,No. of Trades,No. of Shares,Turnover,Last Traded,Days Traded
2010-08-26 00:00:00,2010-08-26 00:00:00,14.7,2010-08-26 00:00:00,10.9,11,4319,12243800,147530310,2010-08-26 00:00:00,1
2010-08-27 00:00:00,2010-08-27 00:00:00,10.9,2010-08-27 00:00:00,9.9,10,1008,2220100,22352220,2010-08-27 00:00:00,1
2010-08-30 00:00:00,2010-08-30 00:00:00,10.5,2010-08-30 00:00:00,9.5,9.8,382,471700,4667800,2010-08-30 00:00:00,1
2010-08-31 00:00:00,2010-08-31 00:00:00,9.9,2010-08-31 00:00:00,9.6,9.8,105,144800,1420860,2010-08-31 00:00:00,1
2010-09-01 00:00:00,2010-09-01 00:00:00,9.8,2010-09-01 00:00:00,9.5,9.6,183,279300,2686630,2010-09-01 00:00:00,1
2010-09-02 00:00:00,2010-09-02 00:00:00,9.7,2010-09-02 00:00:00,9.4,9.6,267,520100,4966760,2010-09-02 00:00:00,1
2010-09-03 00:00:00,2010-09-03 00:00:00,9.6,2010-09-03 00:00:00,9.4,9.5,228,492800,4677590,2010-09-03 00:00:00,1
2010-09-06 00:00:00,2010-09-06 00:00:00,9.5,2010-09-06 00:00:00,9,9.1,363,1034100,9445260,2010-09-06 00:00:00,1
2010-09-07 00:00:00,2010-09-07 00:00:00,9.4,2010-09-07 00:00:00,8.7,8.8,268,410300,3664810,2010-09-07 00:00:00,1
2010-09-08 00:00:00,2010-09-08 00:00:00,9.6,2010-09-08 00:00:00,8.5,9.2,526,2489100,22658600,2010-09-08 00:00:00,1
2010-09-09 00:00:00,2010-09-09 00:00:00,9.7,2010-09-09 00:00:00,9.3,9.4,195,425900,4029060,2010-09-09 00:00:00,1
2010-09-13 00:00:00,2010-09-13 00:00:00,9.7,2010-09-13 00:00:00,9.2,9.3,110,211500,1992690,2010-09-13 00:00:00,1
2010-09-14 00:00:00,2010-09-14 00:00:00,9.4,2010-09-14 00:00:00,9.1,9.3,120,220000,2023340,2010-09-14 00:00:00,1
2010-09-15 00:00:00,2010-09-15 00:00:00,9.4,2010-09-15 00:00:00,9,9.1,131,423000,3898600,2010-09-15 00:00:00,1
2010-09-16 00:00:00,2010-09-16 00:00:00,9.3,2010-09-16 00:00:00,8.9,9,183,717500,6443540,2010-09-16 00:00:00,1
2010-09-17 00:00:00,2010-09-17 00:00:00,9.2,2010-09-17 00:00:00,8.9,9.1,113,159800,1455850,2010-09-17 00:00:00,1
2010-09-20 00:00:00,2010-09-20 00:00:00,9.2,2010-09-20 00:00:00,8.9,9,117,233900,2109070,2010-09-20 00:00:00,1
2010-09-21 00:00:00,2010-09-21 00:00:00,9,2010-09-21 00:00:00,8.9,9,82,186600,1675770,2010-09-21 00:00:00,1
2010-09-23 00:00:00,2010-09-23 00:00:00,9,2010-09-23 00:00:00,8.8,8.8,82,202800,1795410,2010-09-23 00:00:00,1
2010-09-24 00:00:00,2010-09-24 00:00:00,9,2010-09-24 00:00:00,8.8,8.8,83,170600,1510910,2010-09-24 00:00:00,1
2010-09-27 00:00:00,2010-09-27 00:00:00,8.9,2010-09-27 00:00:00,8.6,8.8,126,587300,5158080,2010-09-27 00:00:00,1
2010-09-28 00:00:00,2010-09-28 00:00:00,9,2010-09-28 00:00:00,8.6,9,172,563800,5008660,2010-09-28 00:00:00,1
2010-09-29 00:00:00,2010-09-29 00:00:00,10.3,2010-09-29 00:00:00,8.8,10,800,3818600,36779730,2010-09-29 00:00:00,1
2010-09-30 00:00:00,2010-09-30 00:00:00,10.8,2010-09-30 00:00:00,9.9,10.4,438,2159500,22146390,2010-09-30 00:00:00,1
2010-10-01 00:00:00,2010-10-01 00:00:00,11.3,2010-10-01 00:00:00,10.7,11.1,633,5232900,58104000,2010-10-01 00:00:00,1
2010-10-04 00:00:00,2010-10-04 00:00:00,11.2,2010-10-04 00:00:00,10.5,10.8,182,900800,9728180,2010-10-04 00:00:00,1
2010-10-05 00:00:00,2010-10-05 00:00:00,10.9,2010-10-05 00:00:00,10.6,10.9,156,773100,8352480,2010-10-05 00:00:00,1
2010-10-06 00:00:00,2010-10-06 00:00:00,11.1,2010-10-06 00:00:00,10.6,11,380,8848100,97369040,2010-10-06 00:00:00,1
2010-10-07 00:00:00,2010-10-07 00:00:00,11.1,2010-10-07 00:00:00,10.5,10.8,118,402700,4376210,2010-10-07 00:00:00,1
2010-10-08 00:00:00,2010-10-08 00:00:00,10.9,2010-10-08 00:00:00,10.5,10.8,70,161200,1717100,2010-10-08 00:00:00,1
2010-10-11 00:00:00,2010-10-11 00:00:00,10.9,2010-10-11 00:00:00,10.5,10.9,67,143200,1544370,2010-10-11 00:00:00,1
2010-10-12 00:00:00,2010-10-12 00:00:00,10.5,2010-10-12 00:00:00,9.7,10,75,270500,2766780,2010-10-12 00:00:00,1
2010-10-13 00:00:00,2010-10-13 00:00:00,10.2,2010-10-13 00:00:00,9.2,10.1,84,215200,2125680,2010-10-13 00:00:00,1
2010-10-14 00:00:00,2010-10-14 00:00:00,10.2,2010-10-14 00:00:00,9.5,10,41,125100,1240500,2010-10-14 00:00:00,1
2010-10-15 00:00:00,2010-10-15 00:00:00,10,2010-10-15 00:00:00,9.4,9.9,74,168600,1631150,2010-10-15 00:00:00,1
2010-10-18 00:00:00,2010-10-18 00:00:00,10,2010-10-18 00:00:00,9.5,9.8,74,145100,1407440,2010-10-18 00:00:00,1
2010-10-19 00:00:00,2010-10-19 00:00:00,10,2010-10-19 00:00:00,9.6,9.9,34,29600,288960,2010-10-19 00:00:00,1
2010-10-20 00:00:00,2010-10-20 00:00:00,10.2,2010-10-20 00:00:00,9.9,10.2,130,483000,4841100,2010-10-20 00:00:00,1
2010-10-21 00:00:00,2010-10-21 00:00:00,10.3,2010-10-21 00:00:00,10,10.3,64,553700,5584120,2010-10-21 00:00:00,1
2010-10-25 00:00:00,2010-10-25 00:00:00,10,2010-10-25 00:00:00,9.8,9.9,32,166000,1657010,2010-10-25 00:00:00,1
2010-10-26 00:00:00,2010-10-26 00:00:00,9.8,2010-10-26 00:00:00,9.4,9.5,34,57700,548590,2010-10-26 00:00:00,1
2010-10-27 00:00:00,2010-10-27 00:00:00,9.7,2010-10-27 00:00:00,9.2,9.7,61,211900,2025810,2010-10-27 00:00:00,1
2010-10-28 00:00:00,2010-10-28 00:00:00,9.8,2010-10-28 00:00:00,9.4,9.5,25,82400,783250,2010-10-28 00:00:00,1
2010-10-29 00:00:00,2010-10-29 00:00:00,10.1,2010-10-29 00:00:00,9.5,9.8,53,117700,1170060,2010-10-29 00:00:00,1
2010-11-01 00:00:00,2010-11-01 00:00:00,10,2010-11-01 00:00:00,9.5,9.9,46,70600,694560,2010-11-01 00:00:00,1
2010-11-02 00:00:00,2010-11-02 00:00:00,11,2010-11-02 00:00:00,9.6,9.9,55,54100,533080,2010-11-02 00:00:00,1
2010-11-03 00:00:00,2010-11-03 00:00:00,10,2010-11-03 00:00:00,9.5,9.7,32,59500,581750,2010-11-03 00:00:00,1
2010-11-04 00:00:00,2010-11-04 00:00:00,9.8,2010-11-04 00:00:00,9.6,9.8,9,7300,70970,2010-11-04 00:00:00,1
2010-11-08 00:00:00,2010-11-08 00:00:00,9.8,2010-11-08 00:00:00,9.6,9.7,29,20300,197680,2010-11-08 00:00:00,1
2010-11-09 00:00:00,2010-11-09 00:00:00,10,2010-11-09 00:00:00,9.5,9.6,34,35900,345510,2010-11-09 00:00:00,1
2010-11-10 00:00:00,2010-11-10 00:00:00,9.6,2010-11-10 00:00:00,9.5,9.5,36,177300,1684390,2010-11-10 00:00:00,1
2010-11-11 00:00:00,2010-11-11 00:00:00,9.6,2010-11-11 00:00:00,9.5,9.5,6,6200,59260,2010-11-11 00:00:00,1
2010-11-12 00:00:00,2010-11-12 00:00:00,9.6,2010-11-12 00:00:00,9.4,9.5,30,58500,555580,2010-11-12 00:00:00,1
2010-11-15 00:00:00,2010-11-15 00:00:00,9.5,2010-11-15 00:00:00,9.2,9.4,23,15700,146070,2010-11-15 00:00:00,1
2010-11-16 00:00:00,2010-11-16 00:00:00,9.9,2010-11-16 00:00:00,9.2,9.6,48,55200,524550,2010-11-16 00:00:00,1
2010-11-18 00:00:00,2010-11-18 00:00:00,10,2010-11-18 00:00:00,9.5,9.8,58,161000,1557730,2010-11-18 00:00:00,1
2010-11-22 00:00:00,2010-11-22 00:00:00,10,2010-11-22 00:00:00,9.7,9.8,66,152600,1505400,2010-11-22 00:00:00,1
2010-11-23 00:00:00,2010-11-23 00:00:00,10,2010-11-23 00:00:00,9.3,9.4,59,122300,1160910,2010-11-23 00:00:00,1
2010-11-24 00:00:00,2010-11-24 00:00:00,9.7,2010-11-24 00:00:00,9.3,9.6,31,85800,823080,2010-11-24 00:00:00,1
2010-11-25 00:00:00,2010-11-25 00:00:00,9.7,2010-11-25 00:00:00,9.3,9.4,26,48700,460220,2010-11-25 00:00:00,1
2010-11-26 00:00:00,2010-11-26 00:00:00,9.4,2010-11-26 00:00:00,9.1,9.2,50,84900,784240,2010-11-26 00:00:00,1
2010-11-29 00:00:00,2010-11-29 00:00:00,9.5,2010-11-29 00:00:00,9.1,9.2,36,63600,586500,2010-11-29 00:00:00,1
2010-11-30 00:00:00,2010-11-30 00:00:00,9.6,2010-11-30 00:00:00,9.1,9.2,91,340700,3168180,2010-11-30 00:00:00,1
2010-12-01 00:00:00,2010-12-01 00:00:00,9.5,2010-12-01 00:00:00,9.3,9.5,99,325800,3068720,2010-12-01 00:00:00,1
2010-12-02 00:00:00,2010-12-02 00:00:00,9.6,2010-12-02 00:00:00,9.3,9.4,51,77300,732920,2010-12-02 00:00:00,1
2010-12-03 00:00:00,2010-12-03 00:00:00,9.4,2010-12-03 00:00:00,9.3,9.3,25,56300,524270,2010-12-03 00:00:00,1
2010-12-06 00:00:00,2010-12-06 00:00:00,9.8,2010-12-06 00:00:00,9.3,9.6,116,369300,3539490,2010-12-06 00:00:00,1
2010-12-07 00:00:00,2010-12-07 00:00:00,9.7,2010-12-07 00:00:00,9.4,9.6,65,80900,774190,2010-12-07 00:00:00,1
2010-12-08 00:00:00,2010-12-08 00:00:00,9.6,2010-12-08 00:00:00,9.3,9.3,57,90800,847180,2010-12-08 00:00:00,1
2010-12-09 00:00:00,2010-12-09 00:00:00,9.5,2010-12-09 00:00:00,9.3,9.5,28,29700,278210,2010-12-09 00:00:00,1
2010-12-10 00:00:00,2010-12-10 00:00:00,9.5,2010-12-10 00:00:00,9.3,9.5,28,41500,386740,2010-12-10 00:00:00,1
2010-12-13 00:00:00,2010-12-13 00:00:00,9.5,2010-12-13 00:00:00,9.3,9.3,47,47600,447670,2010-12-13 00:00:00,1
2010-12-14 00:00:00,2010-12-14 00:00:00,9.5,2010-12-14 00:00:00,9.4,9.4,42,123000,1162300,2010-12-14 00:00:00,1
2010-12-15 00:00:00,2010-12-15 00:00:00,9.7,2010-12-15 00:00:00,9.4,9.5,51,103300,989160,2010-12-15 00:00:00,1
2010-12-16 00:00:00,2010-12-16 00:00:00,9.5,2010-12-16 00:00:00,9.4,9.5,31,32400,306320,2010-12-16 00:00:00,1
2010-12-17 00:00:00,2010-12-17 00:00:00,9.5,2010-12-17 00:00:00,9.4,9.4,10,14100,132710,2010-12-17 00:00:00,1
2010-12-21 00:00:00,2010-12-21 00:00:00,9.5,2010-12-21 00:00:00,9.3,9.4,24,30100,283230,2010-12-21 00:00:00,1
2010-12-22 00:00:00,2010-12-22 00:00:00,9.7,2010-12-22 00:00:00,9.5,9.6,120,531100,5092710,2010-12-22 00:00:00,1
2010-12-23 00:00:00,2010-12-23 00:00:00,10,2010-12-23 00:00:00,9.7,9.9,199,903200,8922150,2010-12-23 00:00:00,1
2010-12-24 00:00:00,2010-12-24 00:00:00,11,2010-12-24 00:00:00,10,10.9,749,2785700,30112050,2010-12-24 00:00:00,1
2010-12-27 00:00:00,2010-12-27 00:00:00,11.3,2010-12-27 00:00:00,10.9,11,456,1548100,17111550,2010-12-27 00:00:00,1
2010-12-28 00:00:00,2010-12-28 00:00:00,11,2010-12-28 00:00:00,10.8,11,201,652500,7137210,2010-12-28 00:00:00,1
2010-12-29 00:00:00,2010-12-29 00:00:00,11,2010-12-29 00:00:00,10.5,10.7,216,386100,4157180,2010-12-29 00:00:00,1
2010-12-30 00:00:00,2010-12-30 00:00:00,11,2010-12-30 00:00:00,10.6,10.9,222,497500,5380320,2010-12-30 00:00:00,1
2010-12-31 00:00:00,2010-12-31 00:00:00,11.5,2010-12-31 00:00:00,10.9,11.3,955,3834600,43393430,2010-12-31 00:00:00,1
Company Id,:  PDL,Security,Type :  N,Sub Type,:  0000,,,,,
Short Name,:  PDL,,,,,,,,,
Day,Date High,High,Date Low,Low,Closing,No. of Trades,No. of Shares,Turnover,Last Traded,Days Traded
2010-01-04 00:00:00,2010-01-04 00:00:00,30,2010-01-04 00:00:00,28.75,28.75,4,5600,161125,2010-01-04 00:00:00,1
2010-01-05 00:00:00,2010-01-05 00:00:00,29.5,2010-01-05 00:00:00,29,29.5,6,2100,61150,2010-01-05 00:00:00,1
2010-01-06 00:00:00,2010-01-06 00:00:00,32.25,2010-01-06 00:00:00,30,31.5,34,88000,2731075,2010-01-06 00:00:00,1
2010-01-07 00:00:00,2010-01-07 00:00:00,31,2010-01-07 00:00:00,30,30,4,2800,85100,2010-01-07 00:00:00,1
2010-01-08 00:00:00,2010-01-08 00:00:00,31,2010-01-08 00:00:00,30,31,3,2500,76500,2010-01-08 00:00:00,1
2010-01-11 00:00:00,2010-01-11 00:00:00,31.75,2010-01-11 00:00:00,30.25,31.5,39,61100,1905125,2010-01-11 00:00:00,1
2010-01-12 00:00:00,2010-01-12 00:00:00,35,2010-01-12 00:00:00,31.5,33.75,185,266100,8904775,2010-01-12 00:00:00,1
2010-01-13 00:00:00,2010-01-13 00:00:00,38.75,2010-01-13 00:00:00,34,36.25,341,400300,14885050,2010-01-13 00:00:00,1
2010-01-15 00:00:00,2010-01-15 00:00:00,38,2010-01-15 00:00:00,34,34.25,19,8100,279200,2010-01-15 00:00:00,1
2010-01-18 00:00:00,2010-01-18 00:00:00,34,2010-01-18 00:00:00,31.75,31.75,2,3800,122450,2010-01-18 00:00:00,1
2010-01-19 00:00:00,2010-01-19 00:00:00,34,2010-01-19 00:00:00,31.75,33.25,15,7300,237450,2010-01-19 00:00:00,1
2010-01-20 00:00:00,2010-01-20 00:00:00,34,2010-01-20 00:00:00,33,33.5,11,2900,97375,2010-01-20 00:00:00,1
2010-01-22 00:00:00,2010-01-22 00:00:00,33,2010-01-22 00:00:00,31.5,32.75,8,4400,144700,2010-01-22 00:00:00,1
2010-01-25 00:00:00,2010-01-25 00:00:00,32,2010-01-25 00:00:00,32,32,1,300,9600,2010-01-25 00:00:00,1
2010-01-26 00:00:00,2010-01-26 00:00:00,32,2010-01-26 00:00:00,31,31.75,4,2700,85400,2010-01-26 00:00:00,1
2010-01-28 00:00:00,2010-01-28 00:00:00,32.75,2010-01-28 00:00:00,30.25,30.5,5,1200,36700,2010-01-28 00:00:00,1
2010-02-01 00:00:00,2010-02-01 00:00:00,33.5,2010-02-01 00:00:00,30.5,33.25,13,7100,221925,2010-02-01 00:00:00,1
2010-02-02 00:00:00,2010-02-02 00:00:00,33,2010-02-02 00:00:00,33,33,1,100,3300,2010-02-02 00:00:00,1
2010-02-03 00:00:00,2010-02-03 00:00:00,34,2010-02-03 00:00:00,33.25,34,14,18100,610075,2010-02-03 00:00:00,1
2010-02-05 00:00:00,2010-02-05 00:00:00,35,2010-02-05 00:00:00,34,34,2,1500,52000,2010-02-05 00:00:00,1
2010-02-08 00:00:00,2010-02-08 00:00:00,32.5,2010-02-08 00:00:00,32.5,32.5,1,500,16250,2010-02-08 00:00:00,1
2010-02-09 00:00:00,2010-02-09 00:00:00,33.25,2010-02-09 00:00:00,32.5,32.75,7,3900,127625,2010-02-09 00:00:00,1
2010-02-10 00:00:00,2010-02-10 00:00:00,34.75,2010-02-10 00:00:00,33,33.75,38,21100,718600,2010-02-10 00:00:00,1
2010-02-11 00:00:00,2010-02-11 00:00:00,33.5,2010-02-11 00:00:00,32.5,32.5,5,2500,81950,2010-02-11 00:00:00,1
2010-02-12 00:00:00,2010-02-12 00:00:00,32,2010-02-12 00:00:00,32,32,3,2000,64000,2010-02-12 00:00:00,1
2010-02-15 00:00:00,2010-02-15 00:00:00,32,2010-02-15 00:00:00,31.75,32,6,4500,143550,2010-02-15 00:00:00,1
2010-02-16 00:00:00,2010-02-16 00:00:00,32.75,2010-02-16 00:00:00,31.75,31.75,5,1000,32000,2010-02-16 00:00:00,1
2010-02-17 00:00:00,2010-02-17 00:00:00,31.75,2010-02-17 00:00:00,31.75,31.75,3,600,19050,2010-02-17 00:00:00,1
2010-02-18 00:00:00,2010-02-18 00:00:00,31.5,2010-02-18 00:00:00,30,30.25,13,7000,214850,2010-02-18 00:00:00,1
2010-02-19 00:00:00,2010-02-19 00:00:00,31,2010-02-19 00:00:00,30,30.75,8,6500,199150,2010-02-19 00:00:00,1
2010-02-22 00:00:00,2010-02-22 00:00:00,30.75,2010-02-22 00:00:00,30.25,30.5,5,5300,161675,2010-02-22 00:00:00,1
2010-02-23 00:00:00,2010-02-23 00:00:00,31.5,2010-02-23 00:00:00,31,31,5,3500,109250,2010-02-23 00:00:00,1
2010-02-24 00:00:00,2010-02-24 00:00:00,33,2010-02-24 00:00:00,32.5,32.75,6,4200,137300,2010-02-24 00:00:00,1
2010-02-25 00:00:00,2010-02-25 00:00:00,35,2010-02-25 00:00:00,32.75,33.75,28,18100,620950,2010-02-25 00:00:00,1
2010-02-26 00:00:00,2010-02-26 00:00:00,35,2010-02-26 00:00:00,33.5,34,15,3900,133675,2010-02-26 00:00:00,1
2010-03-01 00:00:00,2010-03-01 00:00:00,34,2010-03-01 00:00:00,34,34,2,500,17000,2010-03-01 00:00:00,1
2010-03-02 00:00:00,2010-03-02 00:00:00,34,2010-03-02 00:00:00,34,34,3,400,13600,2010-03-02 00:00:00,1
2010-03-03 00:00:00,2010-03-03 00:00:00,33.25,2010-03-03 00:00:00,32,32.25,4,1400,45000,2010-03-03 00:00:00,1
2010-03-04 00:00:00,2010-03-04 00:00:00,32.25,2010-03-04 00:00:00,32,32.25,2,2000,64250,2010-03-04 00:00:00,1
2010-03-05 00:00:00,2010-03-05 00:00:00,32.5,2010-03-05 00:00:00,32.5,32.5,2,2000,65000,2010-03-05 00:00:00,1
2010-03-08 00:00:00,2010-03-08 00:00:00,34,2010-03-08 00:00:00,34,34,3,800,27200,2010-03-08 00:00:00,1
2010-03-09 00:00:00,2010-03-09 00:00:00,34,2010-03-09 00:00:00,33,33.5,12,3700,124350,2010-03-09 00:00:00,1
2010-03-10 00:00:00,2010-03-10 00:00:00,33.5,2010-03-10 00:00:00,33.25,33.25,6,1900,63275,2010-03-10 00:00:00,1
2010-03-11 00:00:00,2010-03-11 00:00:00,33.25,2010-03-11 00:00:00,33,33,15,10200,338100,2010-03-11 00:00:00,1
2010-03-12 00:00:00,2010-03-12 00:00:00,33.75,2010-03-12 00:00:00,33.75,33.75,1,500,16875,2010-03-12 00:00:00,1
2010-03-15 00:00:00,2010-03-15 00:00:00,33.75,2010-03-15 00:00:00,33.5,33.5,5,2000,67400,2010-03-15 00:00:00,1
2010-03-16 00:00:00,2010-03-16 00:00:00,34,2010-03-16 00:00:00,33.5,33.5,4,3600,122100,2010-03-16 00:00:00,1
2010-03-17 00:00:00,2010-03-17 00:00:00,33,2010-03-17 00:00:00,33,33,1,500,16500,2010-03-17 00:00:00,1
2010-03-18 00:00:00,2010-03-18 00:00:00,33,2010-03-18 00:00:00,33,33,7,2400,79200,2010-03-18 00:00:00,1
2010-03-19 00:00:00,2010-03-19 00:00:00,32.75,2010-03-19 00:00:00,32.75,32.75,2,400,13100,2010-03-19 00:00:00,1
2010-03-22 00:00:00,2010-03-22 00:00:00,33.75,2010-03-22 00:00:00,32.5,32.5,10,15500,520600,2010-03-22 00:00:00,1
2010-03-23 00:00:00,2010-03-23 00:00:00,33,2010-03-23 00:00:00,32.5,33,6,5000,164400,2010-03-23 00:00:00,1
2010-03-24 00:00:00,2010-03-24 00:00:00,33,2010-03-24 00:00:00,32.5,33,8,3000,98900,2010-03-24 00:00:00,1
2010-03-25 00:00:00,2010-03-25 00:00:00,32.25,2010-03-25 00:00:00,29.25,31.5,5,900,27200,2010-03-25 00:00:00,1
2010-03-26 00:00:00,2010-03-26 00:00:00,30.75,2010-03-26 00:00:00,30,30.75,12,2900,87800,2010-03-26 00:00:00,1
2010-03-30 00:00:00,2010-03-30 00:00:00,30,2010-03-30 00:00:00,30,30,2,2500,75000,2010-03-30 00:00:00,1
2010-03-31 00:00:00,2010-03-31 00:00:00,30,2010-03-31 00:00:00,30,30,8,2600,78000,2010-03-31 00:00:00,1
2010-04-01 00:00:00,2010-04-01 00:00:00,34,2010-04-01 00:00:00,30,30.75,24,15500,497600,2010-04-01 00:00:00,1
2010-04-05 00:00:00,2010-04-05 00:00:00,32,2010-04-05 00:00:00,30.5,30.75,8,5300,163000,2010-04-05 00:00:00,1
2010-04-06 00:00:00,2010-04-06 00:00:00,31.75,2010-04-06 00:00:00,30,30.75,10,7200,219850,2010-04-06 00:00:00,1
2010-04-07 00:00:00,2010-04-07 00:00:00,31,2010-04-07 00:00:00,30.5,30.5,8,3600,111000,2010-04-07 00:00:00,1
2010-04-08 00:00:00,2010-04-08 00:00:00,30.5,2010-04-08 00:00:00,30.5,30.5,1,800,24400,2010-04-08 00:00:00,1
2010-04-12 00:00:00,2010-04-12 00:00:00,30.75,2010-04-12 00:00:00,30.5,30.5,10,4500,137500,2010-04-12 00:00:00,1
2010-04-15 00:00:00,2010-04-15 00:00:00,31.25,2010-04-15 00:00:00,30.75,31.25,5,5300,164475,2010-04-15 00:00:00,1
2010-04-16 00:00:00,2010-04-16 00:00:00,32.5,2010-04-16 00:00:00,32.5,32.5,2,300,9750,2010-04-16 00:00:00,1
2010-04-19 00:00:00,2010-04-19 00:00:00,30.75,2010-04-19 00:00:00,30.5,30.75,10,8400,256275,2010-04-19 00:00:00,1
2010-04-20 00:00:00,2010-04-20 00:00:00,31.5,2010-04-20 00:00:00,30.5,30.5,16,17600,540125,2010-04-20 00:00:00,1
2010-04-21 00:00:00,2010-04-21 00:00:00,31.25,2010-04-21 00:00:00,30.75,31,7,13800,427075,2010-04-21 00:00:00,1
2010-04-22 00:00:00,2010-04-22 00:00:00,31,2010-04-22 00:00:00,30.5,30.5,9,4600,140525,2010-04-22 00:00:00,1
2010-04-23 00:00:00,2010-04-23 00:00:00,32,2010-04-23 00:00:00,30.5,30.5,5,2200,67400,2010-04-23 00:00:00,1
2010-04-26 00:00:00,2010-04-26 00:00:00,30.75,2010-04-26 00:00:00,30.5,30.5,10,7900,241275,2010-04-26 00:00:00,1
2010-04-27 00:00:00,2010-04-27 00:00:00,34.5,2010-04-27 00:00:00,30.75,33.75,119,90600,3032650,2010-04-27 00:00:00,1
2010-04-29 00:00:00,2010-04-29 00:00:00,36,2010-04-29 00:00:00,32.5,32.5,41,40200,1391500,2010-04-29 00:00:00,1
2010-04-30 00:00:00,2010-04-30 00:00:00,37,2010-04-30 00:00:00,34,36.75,109,116900,4242700,2010-04-30 00:00:00,1
2010-05-03 00:00:00,2010-05-03 00:00:00,37,2010-05-03 00:00:00,34.25,34.25,17,16200,583875,2010-05-03 00:00:00,1
2010-05-04 00:00:00,2010-05-04 00:00:00,34.75,2010-05-04 00:00:00,32.75,33.75,10,8100,270175,2010-05-04 00:00:00,1
2010-05-05 00:00:00,2010-05-05 00:00:00,34.5,2010-05-05 00:00:00,33.75,34,8,6800,232750,2010-05-05 00:00:00,1
2010-05-06 00:00:00,2010-05-06 00:00:00,38.25,2010-05-06 00:00:00,35,37.25,103,140600,5173200,2010-05-06 00:00:00,1
2010-05-07 00:00:00,2010-05-07 00:00:00,41.5,2010-05-07 00:00:00,37,41,148,142100,5666825,2010-05-07 00:00:00,1
2010-05-10 00:00:00,2010-05-10 00:00:00,41.5,2010-05-10 00:00:00,38.75,39.5,14,6900,277500,2010-05-10 00:00:00,1
2010-05-11 00:00:00,2010-05-11 00:00:00,45,2010-05-11 00:00:00,39.5,43.5,105,235900,10301600,2010-05-11 00:00:00,1
2010-05-12 00:00:00,2010-05-12 00:00:00,43.5,2010-05-12 00:00:00,40,41.5,20,20900,858425,2010-05-12 00:00:00,1
2010-05-13 00:00:00,2010-05-13 00:00:00,40.25,2010-05-13 00:00:00,39.5,39.75,4,2200,87525,2010-05-13 00:00:00,1
2010-05-14 00:00:00,2010-05-14 00:00:00,42,2010-05-14 00:00:00,40,40,14,13600,549125,2010-05-14 00:00:00,1
2010-05-18 00:00:00,2010-05-18 00:00:00,42.5,2010-05-18 00:00:00,39,40.25,57,59200,2406200,2010-05-18 00:00:00,1
2010-05-21 00:00:00,2010-05-21 00:00:00,40,2010-05-21 00:00:00,38.5,39.25,2,400,15700,2010-05-21 00:00:00,1
2010-05-24 00:00:00,2010-05-24 00:00:00,39.25,2010-05-24 00:00:00,38,39,24,60700,2361775,2010-05-24 00:00:00,1
2010-05-25 00:00:00,2010-05-25 00:00:00,42.5,2010-05-25 00:00:00,39,42,87,162600,6722200,2010-05-25 00:00:00,1
2010-05-26 00:00:00,2010-05-26 00:00:00,43,2010-05-26 00:00:00,41,41.25,6,2400,99100,2010-05-26 00:00:00,1
2010-05-31 00:00:00,2010-05-31 00:00:00,41,2010-05-31 00:00:00,40.25,40.75,13,15000,611275,2010-05-31 00:00:00,1
2010-06-01 00:00:00,2010-06-01 00:00:00,42,2010-06-01 00:00:00,41,41,6,8900,365100,2010-06-01 00:00:00,1
2010-06-02 00:00:00,2010-06-02 00:00:00,40,2010-06-02 00:00:00,40,40,1,500,20000,2010-06-02 00:00:00,1
2010-06-03 00:00:00,2010-06-03 00:00:00,40,2010-06-03 00:00:00,39,39,4,2200,86000,2010-06-03 00:00:00,1
2010-06-04 00:00:00,2010-06-04 00:00:00,41.75,2010-06-04 00:00:00,40,41.75,23,17200,707625,2010-06-04 00:00:00,1
2010-06-09 00:00:00,2010-06-09 00:00:00,42,2010-06-09 00:00:00,41,41.75,2,300,12500,2010-06-09 00:00:00,1
2010-06-11 00:00:00,2010-06-11 00:00:00,40,2010-06-11 00:00:00,40,40,1,5000,200000,2010-06-11 00:00:00,1
2010-06-14 00:00:00,2010-06-14 00:00:00,41.75,2010-06-14 00:00:00,38.25,40.5,6,5200,210375,2010-06-14 00:00:00,1
2010-06-15 00:00:00,2010-06-15 00:00:00,42,2010-06-15 00:00:00,41,41.5,2,400,16600,2010-06-15 00:00:00,1
2010-06-16 00:00:00,2010-06-16 00:00:00,42.25,2010-06-16 00:00:00,41.75,42,8,3200,134050,2010-06-16 00:00:00,1
2010-06-17 00:00:00,2010-06-17 00:00:00,45,2010-06-17 00:00:00,41.5,43,102,154700,6813375,2010-06-17 00:00:00,1
2010-06-21 00:00:00,2010-06-21 00:00:00,44.5,2010-06-21 00:00:00,43,43.5,9,3500,152025,2010-06-21 00:00:00,1
2010-06-22 00:00:00,2010-06-22 00:00:00,44,2010-06-22 00:00:00,41,41.5,10,5300,221100,2010-06-22 00:00:00,1
2010-06-23 00:00:00,2010-06-23 00:00:00,41,2010-06-23 00:00:00,40.25,40.75,4,1900,77250,2010-06-23 00:00:00,1
2010-06-24 00:00:00,2010-06-24 00:00:00,40.75,2010-06-24 00:00:00,40.75,40.75,1,100,4075,2010-06-24 00:00:00,1
2010-06-29 00:00:00,2010-06-29 00:00:00,44.5,2010-06-29 00:00:00,40.25,43.5,42,15400,661800,2010-06-29 00:00:00,1
2010-06-30 00:00:00,2010-06-30 00:00:00,46,2010-06-30 00:00:00,41.5,44.5,55,53100,2375975,2010-06-30 00:00:00,1
2010-07-01 00:00:00,2010-07-01 00:00:00,44.5,2010-07-01 00:00:00,42,43.75,5,2500,109525,2010-07-01 00:00:00,1
2010-07-02 00:00:00,2010-07-02 00:00:00,44.5,2010-07-02 00:00:00,41,42.5,9,9200,390950,2010-07-02 00:00:00,1
2010-07-05 00:00:00,2010-07-05 00:00:00,40.5,2010-07-05 00:00:00,40.5,40.5,1,1000,40500,2010-07-05 00:00:00,1
2010-07-06 00:00:00,2010-07-06 00:00:00,40.75,2010-07-06 00:00:00,40.75,40.75,3,300,12225,2010-07-06 00:00:00,1
2010-07-07 00:00:00,2010-07-07 00:00:00,40.75,2010-07-07 00:00:00,39,40,6,3700,148300,2010-07-07 00:00:00,1
2010-07-09 00:00:00,2010-07-09 00:00:00,39.25,2010-07-09 00:00:00,39,39.25,2,900,35225,2010-07-09 00:00:00,1
2010-07-12 00:00:00,2010-07-12 00:00:00,46,2010-07-12 00:00:00,41,44.5,32,23700,1049650,2010-07-12 00:00:00,1
2010-07-13 00:00:00,2010-07-13 00:00:00,46,2010-07-13 00:00:00,42.75,43,11,4000,177500,2010-07-13 00:00:00,1
2010-07-14 00:00:00,2010-07-14 00:00:00,45.5,2010-07-14 00:00:00,43,43.25,23,13600,601100,2010-07-14 00:00:00,1
2010-07-15 00:00:00,2010-07-15 00:00:00,45,2010-07-15 00:00:00,42.5,44.25,21,19500,857025,2010-07-15 00:00:00,1
2010-07-19 00:00:00,2010-07-19 00:00:00,44,2010-07-19 00:00:00,43,43.25,8,5000,217875,2010-07-19 00:00:00,1
2010-07-20 00:00:00,2010-07-20 00:00:00,45,2010-07-20 00:00:00,44,45,3,1800,80900,2010-07-20 00:00:00,1
2010-07-21 00:00:00,2010-07-21 00:00:00,45,2010-07-21 00:00:00,44,45,14,10200,458050,2010-07-21 00:00:00,1
2010-07-22 00:00:00,2010-07-22 00:00:00,44,2010-07-22 00:00:00,44,44,2,400,17600,2010-07-22 00:00:00,1
2010-07-23 00:00:00,2010-07-23 00:00:00,44.5,2010-07-23 00:00:00,44,44,8,8300,365750,2010-07-23 00:00:00,1
2010-07-27 00:00:00,2010-07-27 00:00:00,53.75,2010-07-27 00:00:00,44.5,49.5,259,319800,16155875,2010-07-27 00:00:00,1
2010-07-28 00:00:00,2010-07-28 00:00:00,51.5,2010-07-28 00:00:00,47.25,48.75,35,55200,2802750,2010-07-28 00:00:00,1
2010-07-29 00:00:00,2010-07-29 00:00:00,47.5,2010-07-29 00:00:00,47.5,47.5,4,4000,190000,2010-07-29 00:00:00,1
2010-07-30 00:00:00,2010-07-30 00:00:00,49,2010-07-30 00:00:00,46.25,47,4,400,18975,2010-07-30 00:00:00,1
2010-08-02 00:00:00,2010-08-02 00:00:00,47,2010-08-02 00:00:00,46,46.1,5,1900,87930,2010-08-02 00:00:00,1
2010-08-03 00:00:00,2010-08-03 00:00:00,49.5,2010-08-03 00:00:00,45.7,46,10,7200,331320,2010-08-03 00:00:00,1
2010-08-04 00:00:00,2010-08-04 00:00:00,46,2010-08-04 00:00:00,45.5,45.6,8,6200,282640,2010-08-04 00:00:00,1
2010-08-05 00:00:00,2010-08-05 00:00:00,44,2010-08-05 00:00:00,41,42.6,8,2200,91340,2010-08-05 00:00:00,1
2010-08-06 00:00:00,2010-08-06 00:00:00,42.7,2010-08-06 00:00:00,42,42.3,3,500,21130,2010-08-06 00:00:00,1
2010-08-10 00:00:00,2010-08-10 00:00:00,45,2010-08-10 00:00:00,44,44.6,9,19300,851500,2010-08-10 00:00:00,1
2010-08-11 00:00:00,2010-08-11 00:00:00,44.9,2010-08-11 00:00:00,44.9,44.9,1,2500,112250,2010-08-11 00:00:00,1
2010-08-12 00:00:00,2010-08-12 00:00:00,47,2010-08-12 00:00:00,42,46.4,7,7900,364710,2010-08-12 00:00:00,1
2010-08-13 00:00:00,2010-08-13 00:00:00,48.2,2010-08-13 00:00:00,47,47.1,2,1100,51820,2010-08-13 00:00:00,1
2010-08-17 00:00:00,2010-08-17 00:00:00,47,2010-08-17 00:00:00,45.9,46,17,15900,733840,2010-08-17 00:00:00,1
2010-08-18 00:00:00,2010-08-18 00:00:00,48.4,2010-08-18 00:00:00,46,46,7,12900,621590,2010-08-18 00:00:00,1
2010-08-20 00:00:00,2010-08-20 00:00:00,47.9,2010-08-20 00:00:00,44,44,13,17000,777630,2010-08-20 00:00:00,1
2010-08-23 00:00:00,2010-08-23 00:00:00,44.2,2010-08-23 00:00:00,44,44,10,12500,550450,2010-08-23 00:00:00,1
2010-08-25 00:00:00,2010-08-25 00:00:00,48.2,2010-08-25 00:00:00,44,48,45,53400,2543990,2010-08-25 00:00:00,1
2010-08-26 00:00:00,2010-08-26 00:00:00,48.3,2010-08-26 00:00:00,47,48,12,12700,607430,2010-08-26 00:00:00,1
2010-08-27 00:00:00,2010-08-27 00:00:00,47.8,2010-08-27 00:00:00,44.2,46,8,4500,206100,2010-08-27 00:00:00,1
2010-08-30 00:00:00,2010-08-30 00:00:00,46.9,2010-08-30 00:00:00,44.3,44.7,5,2000,89380,2010-08-30 00:00:00,1
2010-08-31 00:00:00,2010-08-31 00:00:00,48.9,2010-08-31 00:00:00,44.6,48.5,21,25400,1217050,2010-08-31 00:00:00,1
2010-09-01 00:00:00,2010-09-01 00:00:00,50,2010-09-01 00:00:00,48,48,9,6900,333000,2010-09-01 00:00:00,1
2010-09-02 00:00:00,2010-09-02 00:00:00,49.5,2010-09-02 00:00:00,48,48,6,3200,153900,2010-09-02 00:00:00,1
2010-09-03 00:00:00,2010-09-03 00:00:00,52.8,2010-09-03 00:00:00,48,52.6,36,37200,1931960,2010-09-03 00:00:00,1
2010-09-06 00:00:00,2010-09-06 00:00:00,57.8,2010-09-06 00:00:00,51.1,57.8,84,94600,5307800,2010-09-06 00:00:00,1
2010-09-07 00:00:00,2010-09-07 00:00:00,61.5,2010-09-07 00:00:00,57,58.8,13,4700,279850,2010-09-07 00:00:00,1
2010-09-08 00:00:00,2010-09-08 00:00:00,63,2010-09-08 00:00:00,59,60.5,60,60500,3739820,2010-09-08 00:00:00,1
2010-09-09 00:00:00,2010-09-09 00:00:00,62.5,2010-09-09 00:00:00,62.5,62.5,3,1000,62500,2010-09-09 00:00:00,1
2010-09-14 00:00:00,2010-09-14 00:00:00,62,2010-09-14 00:00:00,56.5,58.5,32,30500,1787780,2010-09-14 00:00:00,1
2010-09-15 00:00:00,2010-09-15 00:00:00,60.5,2010-09-15 00:00:00,56,56.1,8,4900,277000,2010-09-15 00:00:00,1
2010-09-16 00:00:00,2010-09-16 00:00:00,55,2010-09-16 00:00:00,53,55,8,7500,400560,2010-09-16 00:00:00,1
2010-09-17 00:00:00,2010-09-17 00:00:00,58,2010-09-17 00:00:00,55,55.5,11,9700,549640,2010-09-17 00:00:00,1
2010-09-20 00:00:00,2010-09-20 00:00:00,59.5,2010-09-20 00:00:00,56,56,2,200,11550,2010-09-20 00:00:00,1
2010-09-21 00:00:00,2010-09-21 00:00:00,59.9,2010-09-21 00:00:00,56.1,59.8,5,10300,614320,2010-09-21 00:00:00,1
2010-09-23 00:00:00,2010-09-23 00:00:00,56.2,2010-09-23 00:00:00,52,55.9,5,14500,811000,2010-09-23 00:00:00,1
2010-09-24 00:00:00,2010-09-24 00:00:00,60,2010-09-24 00:00:00,56,60,11,11100,661400,2010-09-24 00:00:00,1
2010-09-27 00:00:00,2010-09-27 00:00:00,63.5,2010-09-27 00:00:00,60,60.1,30,33600,2102560,2010-09-27 00:00:00,1
2010-09-28 00:00:00,2010-09-28 00:00:00,60.1,2010-09-28 00:00:00,60.1,60.1,1,700,42070,2010-09-28 00:00:00,1
2010-09-29 00:00:00,2010-09-29 00:00:00,65,2010-09-29 00:00:00,60.1,62.4,7,4000,249380,2010-09-29 00:00:00,1
2010-09-30 00:00:00,2010-09-30 00:00:00,63,2010-09-30 00:00:00,60,60.4,5,2900,175100,2010-09-30 00:00:00,1
2010-10-01 00:00:00,2010-10-01 00:00:00,62,2010-10-01 00:00:00,61,61,6,10300,638150,2010-10-01 00:00:00,1
2010-10-05 00:00:00,2010-10-05 00:00:00,60,2010-10-05 00:00:00,55,60,5,800,46900,2010-10-05 00:00:00,1
2010-10-06 00:00:00,2010-10-06 00:00:00,63.5,2010-10-06 00:00:00,53,60.7,10,6100,333100,2010-10-06 00:00:00,1
2010-10-08 00:00:00,2010-10-08 00:00:00,61.5,2010-10-08 00:00:00,58,59.9,4,2200,131800,2010-10-08 00:00:00,1
2010-10-12 00:00:00,2010-10-12 00:00:00,51,2010-10-12 00:00:00,51,51,1,200,10200,2010-10-12 00:00:00,1
2010-10-13 00:00:00,2010-10-13 00:00:00,59,2010-10-13 00:00:00,50,59,6,5900,304010,2010-10-13 00:00:00,1
2010-10-14 00:00:00,2010-10-14 00:00:00,60,2010-10-14 00:00:00,60,60,1,100,6000,2010-10-14 00:00:00,1
2010-10-20 00:00:00,2010-10-20 00:00:00,59,2010-10-20 00:00:00,59,59,4,3100,182900,2010-10-20 00:00:00,1
2010-10-21 00:00:00,2010-10-21 00:00:00,59.9,2010-10-21 00:00:00,59,59.8,3,12100,723260,2010-10-21 00:00:00,1
2010-10-26 00:00:00,2010-10-26 00:00:00,52.2,2010-10-26 00:00:00,52.2,52.2,1,100,5220,2010-10-26 00:00:00,1
2010-10-27 00:00:00,2010-10-27 00:00:00,53,2010-10-27 00:00:00,52.1,52.9,2,1100,58210,2010-10-27 00:00:00,1
2010-10-28 00:00:00,2010-10-28 00:00:00,55,2010-10-28 00:00:00,55,55,1,500,27500,2010-10-28 00:00:00,1
2010-11-03 00:00:00,2010-11-03 00:00:00,48,2010-11-03 00:00:00,48,48,2,1000,48000,2010-11-03 00:00:00,1
2010-11-04 00:00:00,2010-11-04 00:00:00,52,2010-11-04 00:00:00,52,52,1,100,5200,2010-11-04 00:00:00,1
2010-11-08 00:00:00,2010-11-08 00:00:00,48.1,2010-11-08 00:00:00,48.1,48.1,1,300,14430,2010-11-08 00:00:00,1
2010-11-09 00:00:00,2010-11-09 00:00:00,48.1,2010-11-09 00:00:00,48,48,6,2700,129620,2010-11-09 00:00:00,1
2010-11-10 00:00:00,2010-11-10 00:00:00,52,2010-11-10 00:00:00,48.1,48.6,9,13700,699170,2010-11-10 00:00:00,1
2010-11-12 00:00:00,2010-11-12 00:00:00,48,2010-11-12 00:00:00,48,48,1,100,4800,2010-11-12 00:00:00,1
2010-11-30 00:00:00,2010-11-30 00:00:00,46,2010-11-30 00:00:00,45.2,45.3,6,2300,104780,2010-11-30 00:00:00,1
2010-12-02 00:00:00,2010-12-02 00:00:00,45.2,2010-12-02 00:00:00,45.2,45.2,1,2900,131080,2010-12-02 00:00:00,1
2010-12-03 00:00:00,2010-12-03 00:00:00,48,2010-12-03 00:00:00,45.5,47.5,8,4900,231300,2010-12-03 00:00:00,1
2010-12-06 00:00:00,2010-12-06 00:00:00,52.9,2010-12-06 00:00:00,52,52,3,4500,237690,2010-12-06 00:00:00,1
2010-12-07 00:00:00,2010-12-07 00:00:00,52,2010-12-07 00:00:00,52,52,1,100,5200,2010-12-07 00:00:00,1
2010-12-08 00:00:00,2010-12-08 00:00:00,46.2,2010-12-08 00:00:00,42.5,46.2,3,2600,119300,2010-12-08 00:00:00,1
2010-12-14 00:00:00,2010-12-14 00:00:00,46,2010-12-14 00:00:00,46,46,1,100,4600,2010-12-14 00:00:00,1
2010-12-16 00:00:00,2010-12-16 00:00:00,46,2010-12-16 00:00:00,43.1,43.1,4,900,40810,2010-12-16 00:00:00,1
2010-12-21 00:00:00,2010-12-21 00:00:00,45.8,2010-12-21 00:00:00,42,45.8,16,20300,901270,2010-12-21 00:00:00,1
2010-12-22 00:00:00,2010-12-22 00:00:00,46,2010-12-22 00:00:00,44.9,45.3,5,2600,117930,2010-12-22 00:00:00,1
2010-12-24 00:00:00,2010-12-24 00:00:00,44.9,2010-12-24 00:00:00,44.9,44.9,1,500,22450,2010-12-24 00:00:00,1
2010-12-28 00:00:00,2010-12-28 00:00:00,45,2010-12-28 00:00:00,45,45,1,1000,45000,2010-12-28 00:00:00,1
Company Id,:  PEG,Security,Type :  N,Sub Type,:  0000,,,,,
Short Name,:  PEGASUS HOTELS,,,,,,,,,
Day,Date High,High,Date Low,Low,Closing,No. of Trades,No. of Shares,Turnover,Last Traded,Days Traded
2010-01-04 00:00:00,2010-01-04 00:00:00,34.5,2010-01-04 00:00:00,34.5,34.5,1,100,3450,2010-01-04 00:00:00,1
2010-01-05 00:00:00,2010-01-05 00:00:00,35.5,2010-01-05 00:00:00,34,35.25,34,30600,1067625,2010-01-05 00:00:00,1
2010-01-06 00:00:00,2010-01-06 00:00:00,35.5,2010-01-06 00:00:00,35,35,15,8700,304700,2010-01-06 00:00:00,1
2010-01-07 00:00:00,2010-01-07 00:00:00,35,2010-01-07 00:00:00,34,34,8,3300,113025,2010-01-07 00:00:00,1
2010-01-08 00:00:00,2010-01-08 00:00:00,35,2010-01-08 00:00:00,35,35,1,100,3500,2010-01-08 00:00:00,1
2010-01-11 00:00:00,2010-01-11 00:00:00,35,2010-01-11 00:00:00,34.75,35,5,1500,52200,2010-01-11 00:00:00,1
2010-01-12 00:00:00,2010-01-12 00:00:00,34.5,2010-01-12 00:00:00,34.5,34.5,2,300,10350,2010-01-12 00:00:00,1
2010-01-13 00:00:00,2010-01-13 00:00:00,34.5,2010-01-13 00:00:00,33.75,34.25,5,600,20525,2010-01-13 00:00:00,1
2010-01-15 00:00:00,2010-01-15 00:00:00,36,2010-01-15 00:00:00,34.5,35,48,47400,1644300,2010-01-15 00:00:00,1
2010-01-18 00:00:00,2010-01-18 00:00:00,36.75,2010-01-18 00:00:00,34.5,35,12,4100,144250,2010-01-18 00:00:00,1
2010-01-19 00:00:00,2010-01-19 00:00:00,34,2010-01-19 00:00:00,32.75,33,5,1500,49875,2010-01-19 00:00:00,1
2010-01-20 00:00:00,2010-01-20 00:00:00,35,2010-01-20 00:00:00,33,34,14,7100,240675,2010-01-20 00:00:00,1
2010-01-21 00:00:00,2010-01-21 00:00:00,35,2010-01-21 00:00:00,33.5,33.75,4,2400,80975,2010-01-21 00:00:00,1
2010-01-22 00:00:00,2010-01-22 00:00:00,34,2010-01-22 00:00:00,33.25,33.5,13,11900,399450,2010-01-22 00:00:00,1
2010-01-25 00:00:00,2010-01-25 00:00:00,34,2010-01-25 00:00:00,33.5,34,5,1800,61000,2010-01-25 00:00:00,1
2010-01-26 00:00:00,2010-01-26 00:00:00,35.5,2010-01-26 00:00:00,34,34.5,15,8500,292000,2010-01-26 00:00:00,1
2010-01-28 00:00:00,2010-01-28 00:00:00,36,2010-01-28 00:00:00,34,35.5,13,3800,134675,2010-01-28 00:00:00,1
2010-02-01 00:00:00,2010-02-01 00:00:00,36.5,2010-02-01 00:00:00,35,36.25,33,27700,997625,2010-02-01 00:00:00,1
2010-02-02 00:00:00,2010-02-02 00:00:00,38,2010-02-02 00:00:00,36,36,23,20400,748275,2010-02-02 00:00:00,1
2010-02-03 00:00:00,2010-02-03 00:00:00,37,2010-02-03 00:00:00,35,35.25,3,400,14300,2010-02-03 00:00:00,1
2010-02-05 00:00:00,2010-02-05 00:00:00,36.25,2010-02-05 00:00:00,34.75,35,8,1600,57025,2010-02-05 00:00:00,1
2010-02-08 00:00:00,2010-02-08 00:00:00,37,2010-02-08 00:00:00,35,37,29,62300,2261275,2010-02-08 00:00:00,1
2010-02-09 00:00:00,2010-02-09 00:00:00,38,2010-02-09 00:00:00,35.75,37.5,26,31000,1156350,2010-02-09 00:00:00,1
2010-02-11 00:00:00,2010-02-11 00:00:00,37,2010-02-11 00:00:00,35.5,36.25,17,19600,713850,2010-02-11 00:00:00,1
2010-02-12 00:00:00,2010-02-12 00:00:00,36.75,2010-02-12 00:00:00,34.75,36.5,7,3600,127175,2010-02-12 00:00:00,1
2010-02-15 00:00:00,2010-02-15 00:00:00,40.75,2010-02-15 00:00:00,36.75,38.5,211,278300,10937175,2010-02-15 00:00:00,1
2010-02-16 00:00:00,2010-02-16 00:00:00,38.5,2010-02-16 00:00:00,37.25,37.5,12,6600,250625,2010-02-16 00:00:00,1
2010-02-17 00:00:00,2010-02-17 00:00:00,38,2010-02-17 00:00:00,36,37.5,7,5200,188675,2010-02-17 00:00:00,1
2010-02-18 00:00:00,2010-02-18 00:00:00,37,2010-02-18 00:00:00,35.25,36.75,10,10900,394525,2010-02-18 00:00:00,1
2010-02-19 00:00:00,2010-02-19 00:00:00,36.75,2010-02-19 00:00:00,35.5,36.75,8,5300,190375,2010-02-19 00:00:00,1
2010-02-22 00:00:00,2010-02-22 00:00:00,37.25,2010-02-22 00:00:00,37.25,37.25,2,400,14900,2010-02-22 00:00:00,1
2010-02-23 00:00:00,2010-02-23 00:00:00,36.75,2010-02-23 00:00:00,30.5,36.5,43,54200,1882350,2010-02-23 00:00:00,1
2010-02-24 00:00:00,2010-02-24 00:00:00,36.5,2010-02-24 00:00:00,35,35,15,10700,375550,2010-02-24 00:00:00,1
2010-02-25 00:00:00,2010-02-25 00:00:00,36.5,2010-02-25 00:00:00,35,35.5,23,17700,628075,2010-02-25 00:00:00,1
2010-02-26 00:00:00,2010-02-26 00:00:00,37.5,2010-02-26 00:00:00,35.75,36.5,21,17400,638350,2010-02-26 00:00:00,1
2010-03-01 00:00:00,2010-03-01 00:00:00,39.25,2010-03-01 00:00:00,37,38.5,111,130400,4986750,2010-03-01 00:00:00,1
2010-03-02 00:00:00,2010-03-02 00:00:00,39,2010-03-02 00:00:00,37.5,37.5,13,5300,201575,2010-03-02 00:00:00,1
2010-03-03 00:00:00,2010-03-03 00:00:00,37,2010-03-03 00:00:00,36.25,36.5,4,1600,58275,2010-03-03 00:00:00,1
2010-03-04 00:00:00,2010-03-04 00:00:00,38.75,2010-03-04 00:00:00,37,38.25,21,10500,400600,2010-03-04 00:00:00,1
2010-03-05 00:00:00,2010-03-05 00:00:00,39.5,2010-03-05 00:00:00,37,38.5,63,45900,1765075,2010-03-05 00:00:00,1
2010-03-08 00:00:00,2010-03-08 00:00:00,41.75,2010-03-08 00:00:00,38.5,41.25,231,263900,10752025,2010-03-08 00:00:00,1
2010-03-09 00:00:00,2010-03-09 00:00:00,42.5,2010-03-09 00:00:00,40,40.5,136,127800,5272750,2010-03-09 00:00:00,1
2010-03-10 00:00:00,2010-03-10 00:00:00,42,2010-03-10 00:00:00,40,41.75,65,69200,2836400,2010-03-10 00:00:00,1
2010-03-11 00:00:00,2010-03-11 00:00:00,44.5,2010-03-11 00:00:00,42,43.5,172,215600,9337175,2010-03-11 00:00:00,1
2010-03-12 00:00:00,2010-03-12 00:00:00,44,2010-03-12 00:00:00,42,42.75,42,44000,1917825,2010-03-12 00:00:00,1
2010-03-15 00:00:00,2010-03-15 00:00:00,43.75,2010-03-15 00:00:00,42.75,43,23,11300,490275,2010-03-15 00:00:00,1
2010-03-16 00:00:00,2010-03-16 00:00:00,42.75,2010-03-16 00:00:00,41,41.75,21,7000,293325,2010-03-16 00:00:00,1
2010-03-17 00:00:00,2010-03-17 00:00:00,47,2010-03-17 00:00:00,43.75,45.75,380,502600,22870800,2010-03-17 00:00:00,1
2010-03-18 00:00:00,2010-03-18 00:00:00,45,2010-03-18 00:00:00,43.25,43.75,19,13500,590475,2010-03-18 00:00:00,1
2010-03-19 00:00:00,2010-03-19 00:00:00,45,2010-03-19 00:00:00,43.25,43.5,8,4400,191150,2010-03-19 00:00:00,1
2010-03-22 00:00:00,2010-03-22 00:00:00,45,2010-03-22 00:00:00,43.25,43.5,10,11300,489700,2010-03-22 00:00:00,1
2010-03-23 00:00:00,2010-03-23 00:00:00,45,2010-03-23 00:00:00,43,43.25,36,48000,2077375,2010-03-23 00:00:00,1
2010-03-24 00:00:00,2010-03-24 00:00:00,46.5,2010-03-24 00:00:00,42.5,45.25,79,133700,6017100,2010-03-24 00:00:00,1
2010-03-25 00:00:00,2010-03-25 00:00:00,45.25,2010-03-25 00:00:00,43.5,44.25,12,7200,318050,2010-03-25 00:00:00,1
2010-03-26 00:00:00,2010-03-26 00:00:00,44.75,2010-03-26 00:00:00,43,43.5,23,6900,300250,2010-03-26 00:00:00,1
2010-03-30 00:00:00,2010-03-30 00:00:00,44.25,2010-03-30 00:00:00,42,42.25,17,17300,731225,2010-03-30 00:00:00,1
2010-03-31 00:00:00,2010-03-31 00:00:00,44.5,2010-03-31 00:00:00,42,43,15,9600,406500,2010-03-31 00:00:00,1
2010-04-01 00:00:00,2010-04-01 00:00:00,44,2010-04-01 00:00:00,43,43.5,9,3900,168550,2010-04-01 00:00:00,1
2010-04-05 00:00:00,2010-04-05 00:00:00,44.75,2010-04-05 00:00:00,43.5,44.25,26,10300,454700,2010-04-05 00:00:00,1
2010-04-06 00:00:00,2010-04-06 00:00:00,45.25,2010-04-06 00:00:00,44.25,44.75,40,29900,1337425,2010-04-06 00:00:00,1
2010-04-07 00:00:00,2010-04-07 00:00:00,46.75,2010-04-07 00:00:00,45,45.75,115,92600,4245750,2010-04-07 00:00:00,1
2010-04-08 00:00:00,2010-04-08 00:00:00,47,2010-04-08 00:00:00,45.5,46,25,18500,853200,2010-04-08 00:00:00,1
2010-04-12 00:00:00,2010-04-12 00:00:00,47,2010-04-12 00:00:00,45.25,46,11,4300,197975,2010-04-12 00:00:00,1
2010-04-16 00:00:00,2010-04-16 00:00:00,46.75,2010-04-16 00:00:00,46,46.75,13,6000,279275,2010-04-16 00:00:00,1
2010-04-19 00:00:00,2010-04-19 00:00:00,47.5,2010-04-19 00:00:00,46,46.75,58,38000,1785750,2010-04-19 00:00:00,1
2010-04-20 00:00:00,2010-04-20 00:00:00,47.75,2010-04-20 00:00:00,45.25,45.75,26,15700,731775,2010-04-20 00:00:00,1
2010-04-21 00:00:00,2010-04-21 00:00:00,47,2010-04-21 00:00:00,45.5,46,13,4800,221425,2010-04-21 00:00:00,1
2010-04-22 00:00:00,2010-04-22 00:00:00,46.5,2010-04-22 00:00:00,45.25,45.25,7,4800,219525,2010-04-22 00:00:00,1
2010-04-23 00:00:00,2010-04-23 00:00:00,47,2010-04-23 00:00:00,46,46.75,16,11500,537200,2010-04-23 00:00:00,1
2010-04-26 00:00:00,2010-04-26 00:00:00,48,2010-04-26 00:00:00,46,47,102,80100,3790700,2010-04-26 00:00:00,1
2010-04-27 00:00:00,2010-04-27 00:00:00,48.5,2010-04-27 00:00:00,46,46.25,17,10000,470725,2010-04-27 00:00:00,1
2010-04-29 00:00:00,2010-04-29 00:00:00,47.75,2010-04-29 00:00:00,46.5,46.75,12,2100,98175,2010-04-29 00:00:00,1
2010-04-30 00:00:00,2010-04-30 00:00:00,47.25,2010-04-30 00:00:00,46.25,46.5,15,9500,443425,2010-04-30 00:00:00,1
2010-05-03 00:00:00,2010-05-03 00:00:00,46.75,2010-05-03 00:00:00,46,46.5,13,7800,360550,2010-05-03 00:00:00,1
2010-05-04 00:00:00,2010-05-04 00:00:00,47.25,2010-05-04 00:00:00,46,47,4,1600,74725,2010-05-04 00:00:00,1
2010-05-05 00:00:00,2010-05-05 00:00:00,47.5,2010-05-05 00:00:00,45.5,46,12,6900,318300,2010-05-05 00:00:00,1
2010-05-06 00:00:00,2010-05-06 00:00:00,47,2010-05-06 00:00:00,46.5,46.75,6,800,37350,2010-05-06 00:00:00,1
2010-05-07 00:00:00,2010-05-07 00:00:00,47.5,2010-05-07 00:00:00,46,46,11,3400,157325,2010-05-07 00:00:00,1
2010-05-10 00:00:00,2010-05-10 00:00:00,46.25,2010-05-10 00:00:00,46.25,46.25,2,400,18500,2010-05-10 00:00:00,1
2010-05-11 00:00:00,2010-05-11 00:00:00,46.5,2010-05-11 00:00:00,45,46,11,6800,308850,2010-05-11 00:00:00,1
2010-05-12 00:00:00,2010-05-12 00:00:00,46.5,2010-05-12 00:00:00,44,46.25,14,24400,1125275,2010-05-12 00:00:00,1
2010-05-13 00:00:00,2010-05-13 00:00:00,45.75,2010-05-13 00:00:00,43,44.25,25,27400,1215025,2010-05-13 00:00:00,1
2010-05-14 00:00:00,2010-05-14 00:00:00,46,2010-05-14 00:00:00,45.75,45.75,2,1100,50575,2010-05-14 00:00:00,1
2010-05-17 00:00:00,2010-05-17 00:00:00,46,2010-05-17 00:00:00,43.25,44,18,14100,621850,2010-05-17 00:00:00,1
2010-05-18 00:00:00,2010-05-18 00:00:00,45,2010-05-18 00:00:00,43.75,44,12,5300,232325,2010-05-18 00:00:00,1
2010-05-19 00:00:00,2010-05-19 00:00:00,44,2010-05-19 00:00:00,44,44,1,200,8800,2010-05-19 00:00:00,1
2010-05-20 00:00:00,2010-05-20 00:00:00,45,2010-05-20 00:00:00,43.5,44.75,9,14200,625950,2010-05-20 00:00:00,1
2010-05-24 00:00:00,2010-05-24 00:00:00,44.75,2010-05-24 00:00:00,44.75,44.75,1,5000,223750,2010-05-24 00:00:00,1
2010-05-25 00:00:00,2010-05-25 00:00:00,45.75,2010-05-25 00:00:00,44.25,44.75,35,31900,1431350,2010-05-25 00:00:00,1
2010-05-26 00:00:00,2010-05-26 00:00:00,45.75,2010-05-26 00:00:00,45.25,45.5,11,2200,100025,2010-05-26 00:00:00,1
2010-05-31 00:00:00,2010-05-31 00:00:00,45.75,2010-05-31 00:00:00,45.25,45.75,9,2100,95425,2010-05-31 00:00:00,1
2010-06-01 00:00:00,2010-06-01 00:00:00,45.75,2010-06-01 00:00:00,44.25,44.5,15,5100,228350,2010-06-01 00:00:00,1
2010-06-02 00:00:00,2010-06-02 00:00:00,45.5,2010-06-02 00:00:00,44.5,44.75,7,5100,228000,2010-06-02 00:00:00,1
2010-06-03 00:00:00,2010-06-03 00:00:00,45.5,2010-06-03 00:00:00,44,44.25,21,6600,292275,2010-06-03 00:00:00,1
2010-06-04 00:00:00,2010-06-04 00:00:00,45.5,2010-06-04 00:00:00,44.75,45,9,5900,266075,2010-06-04 00:00:00,1
2010-06-07 00:00:00,2010-06-07 00:00:00,45.25,2010-06-07 00:00:00,44.5,45,9,7700,346800,2010-06-07 00:00:00,1
2010-06-08 00:00:00,2010-06-08 00:00:00,45.5,2010-06-08 00:00:00,44.5,45.25,10,10400,470975,2010-06-08 00:00:00,1
2010-06-09 00:00:00,2010-06-09 00:00:00,45.25,2010-06-09 00:00:00,45,45.25,6,3100,140025,2010-06-09 00:00:00,1
2010-06-10 00:00:00,2010-06-10 00:00:00,46,2010-06-10 00:00:00,45.25,45.5,10,5000,227700,2010-06-10 00:00:00,1
2010-06-11 00:00:00,2010-06-11 00:00:00,47,2010-06-11 00:00:00,45.25,45.75,32,20600,955625,2010-06-11 00:00:00,1
2010-06-14 00:00:00,2010-06-14 00:00:00,45.5,2010-06-14 00:00:00,45.5,45.5,2,200,9100,2010-06-14 00:00:00,1
2010-06-15 00:00:00,2010-06-15 00:00:00,45,2010-06-15 00:00:00,44.25,45,3,2300,103275,2010-06-15 00:00:00,1
2010-06-16 00:00:00,2010-06-16 00:00:00,45.5,2010-06-16 00:00:00,44.25,45.5,2,200,8975,2010-06-16 00:00:00,1
2010-06-17 00:00:00,2010-06-17 00:00:00,46,2010-06-17 00:00:00,44,45.25,18,12000,530100,2010-06-17 00:00:00,1
2010-06-21 00:00:00,2010-06-21 00:00:00,46.75,2010-06-21 00:00:00,45.5,46,12,9500,440200,2010-06-21 00:00:00,1
2010-06-22 00:00:00,2010-06-22 00:00:00,44.25,2010-06-22 00:00:00,44.25,44.25,8,2200,97350,2010-06-22 00:00:00,1
2010-06-23 00:00:00,2010-06-23 00:00:00,45,2010-06-23 00:00:00,44,45,12,5200,230750,2010-06-23 00:00:00,1
2010-06-24 00:00:00,2010-06-24 00:00:00,45,2010-06-24 00:00:00,44,44,25,27300,1201475,2010-06-24 00:00:00,1
2010-06-28 00:00:00,2010-06-28 00:00:00,45,2010-06-28 00:00:00,43.25,45,3,300,13150,2010-06-28 00:00:00,1
2010-06-29 00:00:00,2010-06-29 00:00:00,45,2010-06-29 00:00:00,45,45,3,500,22500,2010-06-29 00:00:00,1
2010-06-30 00:00:00,2010-06-30 00:00:00,45,2010-06-30 00:00:00,43,45,6,1800,80000,2010-06-30 00:00:00,1
2010-07-01 00:00:00,2010-07-01 00:00:00,46.5,2010-07-01 00:00:00,45.75,45.75,2,800,36675,2010-07-01 00:00:00,1
2010-07-02 00:00:00,2010-07-02 00:00:00,45.25,2010-07-02 00:00:00,44,44.75,6,7300,328250,2010-07-02 00:00:00,1
2010-07-05 00:00:00,2010-07-05 00:00:00,45,2010-07-05 00:00:00,43.75,43.75,5,1800,78875,2010-07-05 00:00:00,1
2010-07-06 00:00:00,2010-07-06 00:00:00,45,2010-07-06 00:00:00,43,43.25,3,1300,56100,2010-07-06 00:00:00,1
2010-07-07 00:00:00,2010-07-07 00:00:00,44.75,2010-07-07 00:00:00,42.5,44,5,1700,74125,2010-07-07 00:00:00,1
2010-07-08 00:00:00,2010-07-08 00:00:00,44,2010-07-08 00:00:00,43,43.5,2,200,8700,2010-07-08 00:00:00,1
2010-07-09 00:00:00,2010-07-09 00:00:00,45,2010-07-09 00:00:00,42,42.5,10,4800,208300,2010-07-09 00:00:00,1
2010-07-12 00:00:00,2010-07-12 00:00:00,43,2010-07-12 00:00:00,42,42,5,2100,88350,2010-07-12 00:00:00,1
2010-07-13 00:00:00,2010-07-13 00:00:00,45,2010-07-13 00:00:00,42,44.5,5,2100,89650,2010-07-13 00:00:00,1
2010-07-14 00:00:00,2010-07-14 00:00:00,44.75,2010-07-14 00:00:00,44.75,44.75,2,200,8950,2010-07-14 00:00:00,1
2010-07-15 00:00:00,2010-07-15 00:00:00,45,2010-07-15 00:00:00,44.75,45,6,3600,161625,2010-07-15 00:00:00,1
2010-07-16 00:00:00,2010-07-16 00:00:00,45,2010-07-16 00:00:00,44.5,44.75,10,8900,399150,2010-07-16 00:00:00,1
2010-07-19 00:00:00,2010-07-19 00:00:00,46,2010-07-19 00:00:00,43,43.75,21,12600,553125,2010-07-19 00:00:00,1
2010-07-20 00:00:00,2010-07-20 00:00:00,47.5,2010-07-20 00:00:00,45.5,47,55,58800,2757675,2010-07-20 00:00:00,1
2010-07-21 00:00:00,2010-07-21 00:00:00,47,2010-07-21 00:00:00,46.5,47,26,17300,811975,2010-07-21 00:00:00,1
2010-07-22 00:00:00,2010-07-22 00:00:00,48,2010-07-22 00:00:00,46.25,46.75,24,16000,749800,2010-07-22 00:00:00,1
2010-07-23 00:00:00,2010-07-23 00:00:00,47,2010-07-23 00:00:00,46,46.25,9,3400,158000,2010-07-23 00:00:00,1
2010-07-26 00:00:00,2010-07-26 00:00:00,47,2010-07-26 00:00:00,46,46.25,6,1700,78800,2010-07-26 00:00:00,1
2010-07-27 00:00:00,2010-07-27 00:00:00,46.75,2010-07-27 00:00:00,46,46.75,10,13700,630425,2010-07-27 00:00:00,1
2010-07-28 00:00:00,2010-07-28 00:00:00,47,2010-07-28 00:00:00,46.5,46.75,12,17000,798100,2010-07-28 00:00:00,1
2010-07-29 00:00:00,2010-07-29 00:00:00,47.25,2010-07-29 00:00:00,46.5,47,8,7800,363475,2010-07-29 00:00:00,1
2010-07-30 00:00:00,2010-07-30 00:00:00,46.5,2010-07-30 00:00:00,46.25,46.5,3,300,13925,2010-07-30 00:00:00,1
2010-08-02 00:00:00,2010-08-02 00:00:00,47.5,2010-08-02 00:00:00,47,47.4,16,26800,1266710,2010-08-02 00:00:00,1
2010-08-03 00:00:00,2010-08-03 00:00:00,47,2010-08-03 00:00:00,45,45.9,8,4100,192060,2010-08-03 00:00:00,1
2010-08-04 00:00:00,2010-08-04 00:00:00,47,2010-08-04 00:00:00,46,46.9,3,400,18590,2010-08-04 00:00:00,1
2010-08-05 00:00:00,2010-08-05 00:00:00,46.8,2010-08-05 00:00:00,43,44.6,45,34200,1505750,2010-08-05 00:00:00,1
2010-08-06 00:00:00,2010-08-06 00:00:00,45.9,2010-08-06 00:00:00,43.1,45.5,4,1400,60810,2010-08-06 00:00:00,1
2010-08-09 00:00:00,2010-08-09 00:00:00,43.9,2010-08-09 00:00:00,42,42.2,10,8300,350290,2010-08-09 00:00:00,1
2010-08-10 00:00:00,2010-08-10 00:00:00,45,2010-08-10 00:00:00,38.6,45,40,32300,1326930,2010-08-10 00:00:00,1
2010-08-11 00:00:00,2010-08-11 00:00:00,45.5,2010-08-11 00:00:00,44,45,13,4700,210650,2010-08-11 00:00:00,1
2010-08-12 00:00:00,2010-08-12 00:00:00,46.8,2010-08-12 00:00:00,46.8,46.8,1,100,4680,2010-08-12 00:00:00,1
2010-08-13 00:00:00,2010-08-13 00:00:00,46.9,2010-08-13 00:00:00,46.5,46.6,5,800,37310,2010-08-13 00:00:00,1
2010-08-16 00:00:00,2010-08-16 00:00:00,45.9,2010-08-16 00:00:00,43.2,45.9,2,200,8910,2010-08-16 00:00:00,1
2010-08-17 00:00:00,2010-08-17 00:00:00,46,2010-08-17 00:00:00,44.5,46,10,8100,364100,2010-08-17 00:00:00,1
2010-08-18 00:00:00,2010-08-18 00:00:00,50,2010-08-18 00:00:00,45.5,46.4,71,86300,4175270,2010-08-18 00:00:00,1
2010-08-19 00:00:00,2010-08-19 00:00:00,51,2010-08-19 00:00:00,48,51,97,146200,7367540,2010-08-19 00:00:00,1
2010-08-20 00:00:00,2010-08-20 00:00:00,56.1,2010-08-20 00:00:00,53,56,185,190800,10586810,2010-08-20 00:00:00,1
2010-08-23 00:00:00,2010-08-23 00:00:00,61.6,2010-08-23 00:00:00,57,61.3,149,158600,9547380,2010-08-23 00:00:00,1
2010-08-25 00:00:00,2010-08-25 00:00:00,67.4,2010-08-25 00:00:00,65,67.4,53,51200,3434280,2010-08-25 00:00:00,1
2010-08-26 00:00:00,2010-08-26 00:00:00,74.1,2010-08-26 00:00:00,68,74,183,236400,17063600,2010-08-26 00:00:00,1
2010-08-27 00:00:00,2010-08-27 00:00:00,81.4,2010-08-27 00:00:00,75,81.4,152,161600,12928770,2010-08-27 00:00:00,1
2010-08-30 00:00:00,2010-08-30 00:00:00,89.5,2010-08-30 00:00:00,85,89.5,118,143200,12778380,2010-08-30 00:00:00,1
2010-08-31 00:00:00,2010-08-31 00:00:00,97.9,2010-08-31 00:00:00,84,86.7,147,98700,8886910,2010-08-31 00:00:00,1
2010-09-01 00:00:00,2010-09-01 00:00:00,89.9,2010-09-01 00:00:00,83,85.8,98,118000,10119800,2010-09-01 00:00:00,1
2010-09-02 00:00:00,2010-09-02 00:00:00,89,2010-09-02 00:00:00,80,83.5,55,26500,2217230,2010-09-02 00:00:00,1
2010-09-03 00:00:00,2010-09-03 00:00:00,85,2010-09-03 00:00:00,79.2,80.2,25,11800,952030,2010-09-03 00:00:00,1
2010-09-06 00:00:00,2010-09-06 00:00:00,86,2010-09-06 00:00:00,81,83,55,84400,7008640,2010-09-06 00:00:00,1
2010-09-07 00:00:00,2010-09-07 00:00:00,82,2010-09-07 00:00:00,79.5,80.1,32,19200,1546690,2010-09-07 00:00:00,1
2010-09-08 00:00:00,2010-09-08 00:00:00,80,2010-09-08 00:00:00,78,78.1,31,15200,1197430,2010-09-08 00:00:00,1
2010-09-09 00:00:00,2010-09-09 00:00:00,78.8,2010-09-09 00:00:00,74,76.3,45,60600,4600510,2010-09-09 00:00:00,1
2010-09-13 00:00:00,2010-09-13 00:00:00,83.2,2010-09-13 00:00:00,78.3,78.8,29,13400,1074490,2010-09-13 00:00:00,1
2010-09-14 00:00:00,2010-09-14 00:00:00,82.9,2010-09-14 00:00:00,76,78.5,44,50500,3961180,2010-09-14 00:00:00,1
2010-09-15 00:00:00,2010-09-15 00:00:00,80.9,2010-09-15 00:00:00,78,78,19,36100,2825360,2010-09-15 00:00:00,1
2010-09-16 00:00:00,2010-09-16 00:00:00,84,2010-09-16 00:00:00,78,80,23,19600,1575100,2010-09-16 00:00:00,1
2010-09-17 00:00:00,2010-09-17 00:00:00,85,2010-09-17 00:00:00,81,83.8,54,28000,2360150,2010-09-17 00:00:00,1
2010-09-20 00:00:00,2010-09-20 00:00:00,85,2010-09-20 00:00:00,76,80.4,11,4700,370440,2010-09-20 00:00:00,1
2010-09-21 00:00:00,2010-09-21 00:00:00,80,2010-09-21 00:00:00,73.8,77.1,8,3700,282980,2010-09-21 00:00:00,1
2010-09-23 00:00:00,2010-09-23 00:00:00,83.5,2010-09-23 00:00:00,79.3,82.5,60,61200,4972730,2010-09-23 00:00:00,1
2010-09-24 00:00:00,2010-09-24 00:00:00,83.9,2010-09-24 00:00:00,81,81,28,25200,2081500,2010-09-24 00:00:00,1
2010-09-27 00:00:00,2010-09-27 00:00:00,84,2010-09-27 00:00:00,81.9,82,20,35800,2937440,2010-09-27 00:00:00,1
2010-09-28 00:00:00,2010-09-28 00:00:00,82,2010-09-28 00:00:00,78,79.3,21,16600,1334400,2010-09-28 00:00:00,1
2010-09-29 00:00:00,2010-09-29 00:00:00,82,2010-09-29 00:00:00,81,81,2,300,24400,2010-09-29 00:00:00,1
2010-09-30 00:00:00,2010-09-30 00:00:00,80,2010-09-30 00:00:00,79,79.6,4,1600,127400,2010-09-30 00:00:00,1
2010-10-01 00:00:00,2010-10-01 00:00:00,78,2010-10-01 00:00:00,77,78,3,1200,93100,2010-10-01 00:00:00,1
2010-10-04 00:00:00,2010-10-04 00:00:00,78.5,2010-10-04 00:00:00,76.1,77.3,2,200,15460,2010-10-04 00:00:00,1
2010-10-05 00:00:00,2010-10-05 00:00:00,78,2010-10-05 00:00:00,72.1,75.1,2,200,15010,2010-10-05 00:00:00,1
2010-10-06 00:00:00,2010-10-06 00:00:00,75.2,2010-10-06 00:00:00,73,74.9,16,11800,868140,2010-10-06 00:00:00,1
2010-10-07 00:00:00,2010-10-07 00:00:00,78,2010-10-07 00:00:00,70,78,9,3500,253700,2010-10-07 00:00:00,1
2010-10-08 00:00:00,2010-10-08 00:00:00,77.5,2010-10-08 00:00:00,67.5,76.9,8,1200,87650,2010-10-08 00:00:00,1
2010-10-11 00:00:00,2010-10-11 00:00:00,75.9,2010-10-11 00:00:00,67,75.7,17,13500,963910,2010-10-11 00:00:00,1
2010-10-12 00:00:00,2010-10-12 00:00:00,74,2010-10-12 00:00:00,67,68.8,21,17300,1165380,2010-10-12 00:00:00,1
2010-10-13 00:00:00,2010-10-13 00:00:00,74.9,2010-10-13 00:00:00,60.1,72.3,22,10400,732860,2010-10-13 00:00:00,1
2010-10-14 00:00:00,2010-10-14 00:00:00,75.5,2010-10-14 00:00:00,68.1,71.9,15,9600,712940,2010-10-14 00:00:00,1
2010-10-15 00:00:00,2010-10-15 00:00:00,72.4,2010-10-15 00:00:00,68,71.4,15,7600,531580,2010-10-15 00:00:00,1
2010-10-18 00:00:00,2010-10-18 00:00:00,73.1,2010-10-18 00:00:00,66.3,68.6,4,2200,150910,2010-10-18 00:00:00,1
2010-10-19 00:00:00,2010-10-19 00:00:00,71,2010-10-19 00:00:00,71,71,1,100,7100,2010-10-19 00:00:00,1
2010-10-20 00:00:00,2010-10-20 00:00:00,71,2010-10-20 00:00:00,69,71,13,3300,229300,2010-10-20 00:00:00,1
2010-10-21 00:00:00,2010-10-21 00:00:00,74.8,2010-10-21 00:00:00,69,74.8,21,9600,695570,2010-10-21 00:00:00,1
2010-10-25 00:00:00,2010-10-25 00:00:00,74.7,2010-10-25 00:00:00,70,70.4,6,2000,144650,2010-10-25 00:00:00,1
2010-10-26 00:00:00,2010-10-26 00:00:00,70,2010-10-26 00:00:00,68,70,10,1600,110180,2010-10-26 00:00:00,1
2010-10-27 00:00:00,2010-10-27 00:00:00,69,2010-10-27 00:00:00,64,65.9,9,2200,149040,2010-10-27 00:00:00,1
2010-10-28 00:00:00,2010-10-28 00:00:00,74,2010-10-28 00:00:00,66.5,68.8,5,800,55060,2010-10-28 00:00:00,1
2010-10-29 00:00:00,2010-10-29 00:00:00,74,2010-10-29 00:00:00,68,71.7,10,4900,352950,2010-10-29 00:00:00,1
2010-11-02 00:00:00,2010-11-02 00:00:00,74.1,2010-11-02 00:00:00,70,72.6,11,2300,165600,2010-11-02 00:00:00,1
2010-11-03 00:00:00,2010-11-03 00:00:00,74,2010-11-03 00:00:00,72,72.8,15,5200,380000,2010-11-03 00:00:00,1
2010-11-04 00:00:00,2010-11-04 00:00:00,74,2010-11-04 00:00:00,71,73.3,7,4000,290350,2010-11-04 00:00:00,1
2010-11-08 00:00:00,2010-11-08 00:00:00,73,2010-11-08 00:00:00,70,73,13,4200,295660,2010-11-08 00:00:00,1
2010-11-09 00:00:00,2010-11-09 00:00:00,70.1,2010-11-09 00:00:00,70,70,3,300,21010,2010-11-09 00:00:00,1
2010-11-10 00:00:00,2010-11-10 00:00:00,73,2010-11-10 00:00:00,68,69.1,5,800,55300,2010-11-10 00:00:00,1
2010-11-11 00:00:00,2010-11-11 00:00:00,72.9,2010-11-11 00:00:00,70,70.3,5,900,63290,2010-11-11 00:00:00,1
2010-11-12 00:00:00,2010-11-12 00:00:00,72,2010-11-12 00:00:00,70,70,3,500,35400,2010-11-12 00:00:00,1
2010-11-15 00:00:00,2010-11-15 00:00:00,72,2010-11-15 00:00:00,67.2,68.2,4,600,41080,2010-11-15 00:00:00,1
2010-11-16 00:00:00,2010-11-16 00:00:00,73,2010-11-16 00:00:00,68.5,72,8,2400,165900,2010-11-16 00:00:00,1
2010-11-23 00:00:00,2010-11-23 00:00:00,70,2010-11-23 00:00:00,68.5,70,10,4300,294950,2010-11-23 00:00:00,1
2010-11-24 00:00:00,2010-11-24 00:00:00,78.5,2010-11-24 00:00:00,71,72.3,80,86800,6507840,2010-11-24 00:00:00,1
2010-11-25 00:00:00,2010-11-25 00:00:00,78,2010-11-25 00:00:00,72.4,72.4,15,9900,729610,2010-11-25 00:00:00,1
2010-11-26 00:00:00,2010-11-26 00:00:00,72.5,2010-11-26 00:00:00,72.4,72.5,4,1100,79680,2010-11-26 00:00:00,1
2010-11-29 00:00:00,2010-11-29 00:00:00,72,2010-11-29 00:00:00,68.1,68.7,10,2700,187230,2010-11-29 00:00:00,1
2010-11-30 00:00:00,2010-11-30 00:00:00,80,2010-11-30 00:00:00,72.5,75.9,57,52400,4111620,2010-11-30 00:00:00,1
2010-12-01 00:00:00,2010-12-01 00:00:00,78.9,2010-12-01 00:00:00,75.4,77,12,7500,574620,2010-12-01 00:00:00,1
2010-12-02 00:00:00,2010-12-02 00:00:00,77,2010-12-02 00:00:00,77,77,1,1000,77000,2010-12-02 00:00:00,1
2010-12-03 00:00:00,2010-12-03 00:00:00,76.8,2010-12-03 00:00:00,73,76,5,900,66910,2010-12-03 00:00:00,1
2010-12-08 00:00:00,2010-12-08 00:00:00,74.8,2010-12-08 00:00:00,68.4,70,37,17600,1237780,2010-12-08 00:00:00,1
2010-12-09 00:00:00,2010-12-09 00:00:00,72,2010-12-09 00:00:00,70.5,71,6,11000,781350,2010-12-09 00:00:00,1
2010-12-10 00:00:00,2010-12-10 00:00:00,71,2010-12-10 00:00:00,70,70.2,10,12200,864430,2010-12-10 00:00:00,1
2010-12-13 00:00:00,2010-12-13 00:00:00,70.3,2010-12-13 00:00:00,68,68.5,6,12700,869330,2010-12-13 00:00:00,1
2010-12-14 00:00:00,2010-12-14 00:00:00,71.6,2010-12-14 00:00:00,71.6,71.6,1,2000,143200,2010-12-14 00:00:00,1
2010-12-15 00:00:00,2010-12-15 00:00:00,71.2,2010-12-15 00:00:00,71,71,11,5400,383630,2010-12-15 00:00:00,1
2010-12-16 00:00:00,2010-12-16 00:00:00,78,2010-12-16 00:00:00,71.5,72.1,28,12600,944410,2010-12-16 00:00:00,1
2010-12-17 00:00:00,2010-12-17 00:00:00,74.3,2010-12-17 00:00:00,74.3,74.3,1,100,7430,2010-12-17 00:00:00,1
2010-12-23 00:00:00,2010-12-23 00:00:00,75.8,2010-12-23 00:00:00,74,74.8,29,14400,1077080,2010-12-23 00:00:00,1
2010-12-24 00:00:00,2010-12-24 00:00:00,75,2010-12-24 00:00:00,72,72.8,8,2700,196570,2010-12-24 00:00:00,1
2010-12-27 00:00:00,2010-12-27 00:00:00,74,2010-12-27 00:00:00,74,74,1,500,37000,2010-12-27 00:00:00,1
2010-12-28 00:00:00,2010-12-28 00:00:00,74,2010-12-28 00:00:00,72,72.7,11,5100,373360,2010-12-28 00:00:00,1
2010-12-29 00:00:00,2010-12-29 00:00:00,73.4,2010-12-29 00:00:00,72.5,72.5,4,5600,410860,2010-12-29 00:00:00,1
2010-12-30 00:00:00,2010-12-30 00:00:00,75,2010-12-30 00:00:00,72,73.3,7,2300,166770,2010-12-30 00:00:00,1
2010-12-31 00:00:00,2010-12-31 00:00:00,75,2010-12-31 00:00:00,72,74.6,6,2800,202290,2010-12-31 00:00:00,1
Company Id,:  PHAR,Security,Type :  N,Sub Type,:  0000,,,,,
Short Name,:  COL PHARMACY,,,,,,,,,
Day,Date High,High,Date Low,Low,Closing,No. of Trades,No. of Shares,Turnover,Last Traded,Days Traded
2010-01-15 00:00:00,2010-01-15 00:00:00,300,2010-01-15 00:00:00,300,300,1,100,30000,2010-01-15 00:00:00,1
2010-01-22 00:00:00,2010-01-22 00:00:00,300,2010-01-22 00:00:00,300,300,1,200,60000,2010-01-22 00:00:00,1
2010-01-25 00:00:00,2010-01-25 00:00:00,350,2010-01-25 00:00:00,250,300,2,200,60000,2010-01-25 00:00:00,1
2010-02-02 00:00:00,2010-02-02 00:00:00,300.25,2010-02-02 00:00:00,300.25,300.25,1,1900,570475,2010-02-02 00:00:00,1
2010-02-16 00:00:00,2010-02-16 00:00:00,300,2010-02-16 00:00:00,300,300,1,100,30000,2010-02-16 00:00:00,1
2010-02-18 00:00:00,2010-02-18 00:00:00,320,2010-02-18 00:00:00,310,315,4,500,157500,2010-02-18 00:00:00,1
2010-02-23 00:00:00,2010-02-23 00:00:00,360,2010-02-23 00:00:00,340,350,2,200,70000,2010-02-23 00:00:00,1
2010-02-26 00:00:00,2010-02-26 00:00:00,385,2010-02-26 00:00:00,350,367.5,2,200,73500,2010-02-26 00:00:00,1
2010-03-01 00:00:00,2010-03-01 00:00:00,425,2010-03-01 00:00:00,380,408,14,1700,692100,2010-03-01 00:00:00,1
2010-03-02 00:00:00,2010-03-02 00:00:00,400,2010-03-02 00:00:00,400,400,1,100,40000,2010-03-02 00:00:00,1
2010-03-04 00:00:00,2010-03-04 00:00:00,414,2010-03-04 00:00:00,360,404,11,1600,613725,2010-03-04 00:00:00,1
2010-03-05 00:00:00,2010-03-05 00:00:00,400,2010-03-05 00:00:00,400,400,2,300,120000,2010-03-05 00:00:00,1
2010-03-11 00:00:00,2010-03-11 00:00:00,407,2010-03-11 00:00:00,400,403.5,2,200,80700,2010-03-11 00:00:00,1
2010-05-19 00:00:00,2010-05-19 00:00:00,381,2010-05-19 00:00:00,381,381,2,200,76200,2010-05-19 00:00:00,1
2010-05-20 00:00:00,2010-05-20 00:00:00,370,2010-05-20 00:00:00,370,370,1,800,296000,2010-05-20 00:00:00,1
2010-05-21 00:00:00,2010-05-21 00:00:00,415,2010-05-21 00:00:00,400,400,9,1000,403000,2010-05-21 00:00:00,1
2010-05-25 00:00:00,2010-05-25 00:00:00,450,2010-05-25 00:00:00,420,435,10,1300,569000,2010-05-25 00:00:00,1
2010-05-26 00:00:00,2010-05-26 00:00:00,430,2010-05-26 00:00:00,430,430,1,100,43000,2010-05-26 00:00:00,1
2010-05-31 00:00:00,2010-05-31 00:00:00,510,2010-05-31 00:00:00,450,454,17,1800,854550,2010-05-31 00:00:00,1
2010-06-01 00:00:00,2010-06-01 00:00:00,468.75,2010-06-01 00:00:00,450,450,3,300,138750,2010-06-01 00:00:00,1
2010-06-02 00:00:00,2010-06-02 00:00:00,435,2010-06-02 00:00:00,435,435,1,500,217500,2010-06-02 00:00:00,1
2010-06-09 00:00:00,2010-06-09 00:00:00,469,2010-06-09 00:00:00,360,426.25,3,300,127900,2010-06-09 00:00:00,1
2010-06-14 00:00:00,2010-06-14 00:00:00,400,2010-06-14 00:00:00,365,400,4,600,222500,2010-06-14 00:00:00,1
2010-07-07 00:00:00,2010-07-07 00:00:00,400,2010-07-07 00:00:00,400,400,1,100,40000,2010-07-07 00:00:00,1
2010-07-13 00:00:00,2010-07-13 00:00:00,400.5,2010-07-13 00:00:00,400.5,400.5,1,200,80100,2010-07-13 00:00:00,1
2010-07-20 00:00:00,2010-07-20 00:00:00,400,2010-07-20 00:00:00,400,400,1,100,40000,2010-07-20 00:00:00,1
2010-07-23 00:00:00,2010-07-23 00:00:00,400,2010-07-23 00:00:00,400,400,2,200,80000,2010-07-23 00:00:00,1
2010-08-17 00:00:00,2010-08-17 00:00:00,440,2010-08-17 00:00:00,440,440,1,200,88000,2010-08-17 00:00:00,1
2010-08-20 00:00:00,2010-08-20 00:00:00,484,2010-08-20 00:00:00,480,484,5,500,240800,2010-08-20 00:00:00,1
2010-08-23 00:00:00,2010-08-23 00:00:00,532.4,2010-08-23 00:00:00,532.4,532.4,6,800,425920,2010-08-23 00:00:00,1
2010-08-25 00:00:00,2010-08-25 00:00:00,585.6,2010-08-25 00:00:00,585,585.6,4,400,234180,2010-08-25 00:00:00,1
2010-08-26 00:00:00,2010-08-26 00:00:00,644.1,2010-08-26 00:00:00,644.1,644.1,5,600,386460,2010-08-26 00:00:00,1
2010-08-27 00:00:00,2010-08-27 00:00:00,708.5,2010-08-27 00:00:00,700,700,8,1000,704250,2010-08-27 00:00:00,1
2010-08-30 00:00:00,2010-08-30 00:00:00,770,2010-08-30 00:00:00,770,770,6,600,462000,2010-08-30 00:00:00,1
2010-08-31 00:00:00,2010-08-31 00:00:00,770,2010-08-31 00:00:00,770,770,1,100,77000,2010-08-31 00:00:00,1
2010-09-01 00:00:00,2010-09-01 00:00:00,845,2010-09-01 00:00:00,840,845,8,1000,843300,2010-09-01 00:00:00,1
2010-09-02 00:00:00,2010-09-02 00:00:00,929,2010-09-02 00:00:00,845,913.5,28,6600,5773900,2010-09-02 00:00:00,1
2010-09-03 00:00:00,2010-09-03 00:00:00,1004,2010-09-03 00:00:00,948,966.7,9,1800,1738400,2010-09-03 00:00:00,1
2010-09-06 00:00:00,2010-09-06 00:00:00,1063,2010-09-06 00:00:00,1050,1050,17,3000,3167800,2010-09-06 00:00:00,1
2010-09-07 00:00:00,2010-09-07 00:00:00,1155,2010-09-07 00:00:00,1060,1155,21,3800,4302020,2010-09-07 00:00:00,1
2010-09-08 00:00:00,2010-09-08 00:00:00,1100,2010-09-08 00:00:00,1100,1100,7,2000,2200000,2010-09-08 00:00:00,1
2010-09-09 00:00:00,2010-09-09 00:00:00,1150,2010-09-09 00:00:00,1000,1036.4,11,1100,1140030,2010-09-09 00:00:00,1
2010-09-15 00:00:00,2010-09-15 00:00:00,1000,2010-09-15 00:00:00,950,1000,2,200,195000,2010-09-15 00:00:00,1
2010-09-17 00:00:00,2010-09-17 00:00:00,900.1,2010-09-17 00:00:00,900,900.1,3,300,270020,2010-09-17 00:00:00,1
2010-09-20 00:00:00,2010-09-20 00:00:00,1050,2010-09-20 00:00:00,680,684,9,10100,6944500,2010-09-20 00:00:00,1
2010-09-21 00:00:00,2010-09-21 00:00:00,1365,2010-09-21 00:00:00,900,1335,162,1002425,670908475,2010-09-21 00:00:00,1
2010-09-23 00:00:00,2010-09-23 00:00:00,2610,2010-09-23 00:00:00,1500,2160.9,145,21500,45006320,2010-09-23 00:00:00,1
2010-09-24 00:00:00,2010-09-24 00:00:00,3200,2010-09-24 00:00:00,2490,2915,140,21700,63190120,2010-09-24 00:00:00,1
2010-09-27 00:00:00,2010-09-27 00:00:00,3000,2010-09-27 00:00:00,2800,2850,20,2600,7552500,2010-09-27 00:00:00,1
2010-09-28 00:00:00,2010-09-28 00:00:00,2880,2010-09-28 00:00:00,2000,2284.4,41,5100,12023430,2010-09-28 00:00:00,1
2010-09-29 00:00:00,2010-09-29 00:00:00,2550,2010-09-29 00:00:00,2550,2550,6,700,1785000,2010-09-29 00:00:00,1
2010-09-30 00:00:00,2010-09-30 00:00:00,2260,2010-09-30 00:00:00,2115,2115.5,5,700,1540100,2010-09-30 00:00:00,1
2010-10-01 00:00:00,2010-10-01 00:00:00,2100,2010-10-01 00:00:00,2001,2001,16,2000,4024210,2010-10-01 00:00:00,1
2010-10-04 00:00:00,2010-10-04 00:00:00,2010,2010-10-04 00:00:00,1900,2000,10,1100,2172060,2010-10-04 00:00:00,1
2010-10-05 00:00:00,2010-10-05 00:00:00,2000,2010-10-05 00:00:00,1706,1819.6,11,1100,2037590,2010-10-05 00:00:00,1
2010-10-06 00:00:00,2010-10-06 00:00:00,1989.9,2010-10-06 00:00:00,1989.9,1989.9,1,100,198990,2010-10-06 00:00:00,1
2010-10-07 00:00:00,2010-10-07 00:00:00,1690,2010-10-07 00:00:00,1600,1607,11,1400,2264200,2010-10-07 00:00:00,1
2010-10-08 00:00:00,2010-10-08 00:00:00,1900,2010-10-08 00:00:00,1601,1773.9,8,800,1419100,2010-10-08 00:00:00,1
2010-10-11 00:00:00,2010-10-11 00:00:00,1770,2010-10-11 00:00:00,1600,1624.3,9,900,1457510,2010-10-11 00:00:00,1
2010-10-12 00:00:00,2010-10-12 00:00:00,1790,2010-10-12 00:00:00,1550,1664.2,22,2500,4183310,2010-10-12 00:00:00,1
2010-10-13 00:00:00,2010-10-13 00:00:00,2200,2010-10-13 00:00:00,1499,1923.5,22,2200,4024580,2010-10-13 00:00:00,1
2010-10-14 00:00:00,2010-10-14 00:00:00,1851,2010-10-14 00:00:00,1800,1840.2,6,600,1102600,2010-10-14 00:00:00,1
2010-10-15 00:00:00,2010-10-15 00:00:00,2400,2010-10-15 00:00:00,2197.9,2198.4,3,300,679680,2010-10-15 00:00:00,1
2010-10-18 00:00:00,2010-10-18 00:00:00,2198.4,2010-10-18 00:00:00,1800,1811,4,400,762040,2010-10-18 00:00:00,1
2010-10-19 00:00:00,2010-10-19 00:00:00,2000,2010-10-19 00:00:00,1999,2000,6,700,1399900,2010-10-19 00:00:00,1
2010-10-21 00:00:00,2010-10-21 00:00:00,1825,2010-10-21 00:00:00,1823,1824,2,200,364800,2010-10-21 00:00:00,1
2010-10-25 00:00:00,2010-10-25 00:00:00,1999.5,2010-10-25 00:00:00,1950,1950,3,400,789750,2010-10-25 00:00:00,1
2010-10-26 00:00:00,2010-10-26 00:00:00,1948,2010-10-26 00:00:00,1801,1823.6,5,1200,2188300,2010-10-26 00:00:00,1
2010-10-27 00:00:00,2010-10-27 00:00:00,1950,2010-10-27 00:00:00,1900,1933.3,3,300,579990,2010-10-27 00:00:00,1
2010-10-28 00:00:00,2010-10-28 00:00:00,1945.9,2010-10-28 00:00:00,1800,1873,5,500,919840,2010-10-28 00:00:00,1
2010-11-01 00:00:00,2010-11-01 00:00:00,2100,2010-11-01 00:00:00,2100,2100,1,100,210000,2010-11-01 00:00:00,1
2010-11-02 00:00:00,2010-11-02 00:00:00,1980,2010-11-02 00:00:00,1900,1900.1,11,1300,2489130,2010-11-02 00:00:00,1
2010-11-03 00:00:00,2010-11-03 00:00:00,1910,2010-11-03 00:00:00,1881.2,1890.8,2,300,567240,2010-11-03 00:00:00,1
2010-11-09 00:00:00,2010-11-09 00:00:00,1800,2010-11-09 00:00:00,1780,1783.4,5,500,895010,2010-11-09 00:00:00,1
2010-11-10 00:00:00,2010-11-10 00:00:00,1898,2010-11-10 00:00:00,1750.1,1863,5,500,931500,2010-11-10 00:00:00,1
2010-11-12 00:00:00,2010-11-12 00:00:00,1800,2010-11-12 00:00:00,1800,1800,1,100,180000,2010-11-12 00:00:00,1
2010-11-16 00:00:00,2010-11-16 00:00:00,1899.9,2010-11-16 00:00:00,1700,1760,4,500,879990,2010-11-16 00:00:00,1
2010-11-18 00:00:00,2010-11-18 00:00:00,1810,2010-11-18 00:00:00,1810,1810,1,100,181000,2010-11-18 00:00:00,1
2010-11-23 00:00:00,2010-11-23 00:00:00,1701,2010-11-23 00:00:00,1700,1700.7,3,300,510200,2010-11-23 00:00:00,1
2010-11-29 00:00:00,2010-11-29 00:00:00,1799,2010-11-29 00:00:00,1500,1596.7,6,600,983910,2010-11-29 00:00:00,1
2010-11-30 00:00:00,2010-11-30 00:00:00,1900,2010-11-30 00:00:00,1850,1874.7,5,500,940910,2010-11-30 00:00:00,1
2010-12-02 00:00:00,2010-12-02 00:00:00,1929.9,2010-12-02 00:00:00,1850,1880,4,400,751990,2010-12-02 00:00:00,1
2010-12-03 00:00:00,2010-12-03 00:00:00,1881.9,2010-12-03 00:00:00,1750,1810.6,3,300,543190,2010-12-03 00:00:00,1
2010-12-07 00:00:00,2010-12-07 00:00:00,1710,2010-12-07 00:00:00,1710,1710,1,100,171000,2010-12-07 00:00:00,1
2010-12-14 00:00:00,2010-12-14 00:00:00,1620,2010-12-14 00:00:00,1620,1620,1,100,162000,2010-12-14 00:00:00,1
2010-12-16 00:00:00,2010-12-16 00:00:00,1900,2010-12-16 00:00:00,1749,1819.8,5,500,909890,2010-12-16 00:00:00,1
2010-12-22 00:00:00,2010-12-22 00:00:00,1890,2010-12-22 00:00:00,1890,1890,1,100,189000,2010-12-22 00:00:00,1
2010-12-23 00:00:00,2010-12-23 00:00:00,1850,2010-12-23 00:00:00,1850,1850,1,100,185000,2010-12-23 00:00:00,1
2010-12-27 00:00:00,2010-12-27 00:00:00,1650.1,2010-12-27 00:00:00,1650.1,1650.1,1,100,165010,2010-12-27 00:00:00,1
2010-12-30 00:00:00,2010-12-30 00:00:00,1651,2010-12-30 00:00:00,1550,1618.5,6,600,971100,2010-12-30 00:00:00,1
2010-12-31 00:00:00,2010-12-31 00:00:00,1825,2010-12-31 00:00:00,1825,1825,1,100,182500,2010-12-31 00:00:00,1
Company Id,:  PMB,Security,Type :  N,Sub Type,:  0000,,,,,
Short Name,:  PEOPLE'S MERCH,,,,,,,,,
Day,Date High,High,Date Low,Low,Closing,No. of Trades,No. of Shares,Turnover,Last Traded,Days Traded
2010-01-04 00:00:00,2010-01-04 00:00:00,35.5,2010-01-04 00:00:00,35,35.5,3,1000,35050,2010-01-04 00:00:00,1
2010-01-05 00:00:00,2010-01-05 00:00:00,35,2010-01-05 00:00:00,33.25,33.5,13,4700,161350,2010-01-05 00:00:00,1
2010-01-06 00:00:00,2010-01-06 00:00:00,33.5,2010-01-06 00:00:00,32.5,33,14,3200,106000,2010-01-06 00:00:00,1
2010-01-07 00:00:00,2010-01-07 00:00:00,32.75,2010-01-07 00:00:00,32.5,32.75,5,600,19550,2010-01-07 00:00:00,1
2010-01-08 00:00:00,2010-01-08 00:00:00,33,2010-01-08 00:00:00,32.75,32.75,6,1200,39425,2010-01-08 00:00:00,1
2010-01-11 00:00:00,2010-01-11 00:00:00,32.5,2010-01-11 00:00:00,32,32,9,3200,102525,2010-01-11 00:00:00,1
2010-01-12 00:00:00,2010-01-12 00:00:00,39,2010-01-12 00:00:00,32,37.25,87,45900,1669400,2010-01-12 00:00:00,1
2010-01-13 00:00:00,2010-01-13 00:00:00,61.75,2010-01-13 00:00:00,38,46,859,947200,46977300,2010-01-13 00:00:00,1
2010-01-15 00:00:00,2010-01-15 00:00:00,49.5,2010-01-15 00:00:00,39.25,39.75,180,207200,9166550,2010-01-15 00:00:00,1
2010-01-18 00:00:00,2010-01-18 00:00:00,40,2010-01-18 00:00:00,34,34.75,80,81500,2943125,2010-01-18 00:00:00,1
2010-01-19 00:00:00,2010-01-19 00:00:00,39.5,2010-01-19 00:00:00,35,36,94,73000,2750950,2010-01-19 00:00:00,1
2010-01-20 00:00:00,2010-01-20 00:00:00,39.5,2010-01-20 00:00:00,36.5,36.5,29,11900,451850,2010-01-20 00:00:00,1
2010-01-21 00:00:00,2010-01-21 00:00:00,37,2010-01-21 00:00:00,36,36,24,9100,332000,2010-01-21 00:00:00,1
2010-01-22 00:00:00,2010-01-22 00:00:00,35.75,2010-01-22 00:00:00,35,35.25,9,1700,59650,2010-01-22 00:00:00,1
2010-01-25 00:00:00,2010-01-25 00:00:00,38.75,2010-01-25 00:00:00,35,36.75,49,30300,1115000,2010-01-25 00:00:00,1
2010-01-26 00:00:00,2010-01-26 00:00:00,36,2010-01-26 00:00:00,36,36,1,500,18000,2010-01-26 00:00:00,1
2010-01-28 00:00:00,2010-01-28 00:00:00,37.75,2010-01-28 00:00:00,35,37.5,19,5000,181175,2010-01-28 00:00:00,1
2010-02-01 00:00:00,2010-02-01 00:00:00,37.75,2010-02-01 00:00:00,36,36,16,11000,404150,2010-02-01 00:00:00,1
2010-02-02 00:00:00,2010-02-02 00:00:00,36.5,2010-02-02 00:00:00,34.75,35.25,62,42500,1508575,2010-02-02 00:00:00,1
2010-02-03 00:00:00,2010-02-03 00:00:00,34,2010-02-03 00:00:00,33.25,33.5,6,1600,53350,2010-02-03 00:00:00,1
2010-02-05 00:00:00,2010-02-05 00:00:00,36,2010-02-05 00:00:00,33.75,34.5,44,26800,933700,2010-02-05 00:00:00,1
2010-02-08 00:00:00,2010-02-08 00:00:00,34.5,2010-02-08 00:00:00,33.25,33.5,34,14500,489925,2010-02-08 00:00:00,1
2010-02-09 00:00:00,2010-02-09 00:00:00,30,2010-02-09 00:00:00,26.5,28.5,483,460200,13033000,2010-02-09 00:00:00,1
2010-02-10 00:00:00,2010-02-10 00:00:00,30.75,2010-02-10 00:00:00,28,28.25,262,383200,11244025,2010-02-10 00:00:00,1
2010-02-11 00:00:00,2010-02-11 00:00:00,29,2010-02-11 00:00:00,27,27,98,101700,2798950,2010-02-11 00:00:00,1
2010-02-12 00:00:00,2010-02-12 00:00:00,27.5,2010-02-12 00:00:00,26.75,27,30,16900,456875,2010-02-12 00:00:00,1
2010-02-15 00:00:00,2010-02-15 00:00:00,27.75,2010-02-15 00:00:00,27,27,44,25300,685650,2010-02-15 00:00:00,1
2010-02-16 00:00:00,2010-02-16 00:00:00,27.5,2010-02-16 00:00:00,26.25,26.25,34,58400,1563375,2010-02-16 00:00:00,1
2010-02-17 00:00:00,2010-02-17 00:00:00,27,2010-02-17 00:00:00,26.25,26.75,52,38100,1013425,2010-02-17 00:00:00,1
2010-02-18 00:00:00,2010-02-18 00:00:00,26.5,2010-02-18 00:00:00,26,26.25,45,38700,1022450,2010-02-18 00:00:00,1
2010-02-19 00:00:00,2010-02-19 00:00:00,26.5,2010-02-19 00:00:00,25.75,26,60,88100,2276475,2010-02-19 00:00:00,1
2010-02-22 00:00:00,2010-02-22 00:00:00,27,2010-02-22 00:00:00,26,26.25,39,23800,628750,2010-02-22 00:00:00,1
2010-02-23 00:00:00,2010-02-23 00:00:00,27,2010-02-23 00:00:00,26.25,26.5,20,8200,216975,2010-02-23 00:00:00,1
2010-02-24 00:00:00,2010-02-24 00:00:00,28.25,2010-02-24 00:00:00,26,26.5,100,111800,2997125,2010-02-24 00:00:00,1
2010-02-25 00:00:00,2010-02-25 00:00:00,27.5,2010-02-25 00:00:00,26.5,27,9,11800,317775,2010-02-25 00:00:00,1
2010-02-26 00:00:00,2010-02-26 00:00:00,27,2010-02-26 00:00:00,26.75,26.75,15,6200,167100,2010-02-26 00:00:00,1
2010-03-01 00:00:00,2010-03-01 00:00:00,27,2010-03-01 00:00:00,26,26.25,41,30400,799650,2010-03-01 00:00:00,1
2010-03-02 00:00:00,2010-03-02 00:00:00,26,2010-03-02 00:00:00,25.75,25.75,45,51600,1336925,2010-03-02 00:00:00,1
2010-03-03 00:00:00,2010-03-03 00:00:00,26,2010-03-03 00:00:00,25.75,25.75,16,13300,342550,2010-03-03 00:00:00,1
2010-03-04 00:00:00,2010-03-04 00:00:00,25.75,2010-03-04 00:00:00,25.5,25.5,13,18300,466825,2010-03-04 00:00:00,1
2010-03-05 00:00:00,2010-03-05 00:00:00,26.25,2010-03-05 00:00:00,25,25.25,56,51800,1309425,2010-03-05 00:00:00,1
2010-03-08 00:00:00,2010-03-08 00:00:00,26.25,2010-03-08 00:00:00,25,25.5,10,4200,107625,2010-03-08 00:00:00,1
2010-03-09 00:00:00,2010-03-09 00:00:00,25.25,2010-03-09 00:00:00,24.75,24.75,23,23700,592625,2010-03-09 00:00:00,1
2010-03-10 00:00:00,2010-03-10 00:00:00,25.25,2010-03-10 00:00:00,25,25,29,46200,1155300,2010-03-10 00:00:00,1
2010-03-11 00:00:00,2010-03-11 00:00:00,25.25,2010-03-11 00:00:00,24.75,24.75,23,13000,324475,2010-03-11 00:00:00,1
2010-03-12 00:00:00,2010-03-12 00:00:00,25.5,2010-03-12 00:00:00,24.75,25.5,51,71100,1788225,2010-03-12 00:00:00,1
2010-03-15 00:00:00,2010-03-15 00:00:00,25.75,2010-03-15 00:00:00,25,25,26,19000,477900,2010-03-15 00:00:00,1
2010-03-16 00:00:00,2010-03-16 00:00:00,25,2010-03-16 00:00:00,24.75,25,15,10500,260400,2010-03-16 00:00:00,1
2010-03-17 00:00:00,2010-03-17 00:00:00,26.75,2010-03-17 00:00:00,24.5,26.25,153,139300,3589475,2010-03-17 00:00:00,1
2010-03-18 00:00:00,2010-03-18 00:00:00,26.75,2010-03-18 00:00:00,25,25.25,44,39000,1001000,2010-03-18 00:00:00,1
2010-03-19 00:00:00,2010-03-19 00:00:00,26,2010-03-19 00:00:00,24.75,24.75,34,33600,843325,2010-03-19 00:00:00,1
2010-03-22 00:00:00,2010-03-22 00:00:00,24.5,2010-03-22 00:00:00,24.5,24.5,24,23600,578200,2010-03-22 00:00:00,1
2010-03-23 00:00:00,2010-03-23 00:00:00,24.75,2010-03-23 00:00:00,24,24,19,12700,306800,2010-03-23 00:00:00,1
2010-03-24 00:00:00,2010-03-24 00:00:00,24,2010-03-24 00:00:00,24,24,15,7700,184800,2010-03-24 00:00:00,1
2010-03-25 00:00:00,2010-03-25 00:00:00,24.75,2010-03-25 00:00:00,23.75,24.25,21,8800,212850,2010-03-25 00:00:00,1
2010-03-26 00:00:00,2010-03-26 00:00:00,24.75,2010-03-26 00:00:00,24.5,24.5,17,16900,414075,2010-03-26 00:00:00,1
2010-03-30 00:00:00,2010-03-30 00:00:00,24,2010-03-30 00:00:00,24,24,14,49600,1190400,2010-03-30 00:00:00,1
2010-03-31 00:00:00,2010-03-31 00:00:00,24,2010-03-31 00:00:00,23.5,23.5,28,20400,483625,2010-03-31 00:00:00,1
2010-04-01 00:00:00,2010-04-01 00:00:00,24,2010-04-01 00:00:00,23.25,23.5,29,19800,466075,2010-04-01 00:00:00,1
2010-04-05 00:00:00,2010-04-05 00:00:00,23.5,2010-04-05 00:00:00,23.25,23.5,35,31000,727750,2010-04-05 00:00:00,1
2010-04-06 00:00:00,2010-04-06 00:00:00,25.5,2010-04-06 00:00:00,23.5,24.75,101,104300,2549875,2010-04-06 00:00:00,1
2010-04-07 00:00:00,2010-04-07 00:00:00,25,2010-04-07 00:00:00,24.5,24.5,14,6400,158525,2010-04-07 00:00:00,1
2010-04-08 00:00:00,2010-04-08 00:00:00,25.5,2010-04-08 00:00:00,24,25.25,24,11000,277375,2010-04-08 00:00:00,1
2010-04-12 00:00:00,2010-04-12 00:00:00,25.75,2010-04-12 00:00:00,25.25,25.25,25,16100,411625,2010-04-12 00:00:00,1
2010-04-15 00:00:00,2010-04-15 00:00:00,25.75,2010-04-15 00:00:00,25,25.25,16,8200,206750,2010-04-15 00:00:00,1
2010-04-16 00:00:00,2010-04-16 00:00:00,25,2010-04-16 00:00:00,24.5,25,14,10100,251475,2010-04-16 00:00:00,1
2010-04-19 00:00:00,2010-04-19 00:00:00,25,2010-04-19 00:00:00,24.5,25,25,17800,442850,2010-04-19 00:00:00,1
2010-04-20 00:00:00,2010-04-20 00:00:00,25.5,2010-04-20 00:00:00,24.5,25,30,35900,900825,2010-04-20 00:00:00,1
2010-04-21 00:00:00,2010-04-21 00:00:00,25.5,2010-04-21 00:00:00,24.5,24.5,38,33000,826100,2010-04-21 00:00:00,1
2010-04-22 00:00:00,2010-04-22 00:00:00,24.5,2010-04-22 00:00:00,24.5,24.5,8,3700,90650,2010-04-22 00:00:00,1
2010-04-23 00:00:00,2010-04-23 00:00:00,24.5,2010-04-23 00:00:00,24,24.25,20,15800,382975,2010-04-23 00:00:00,1
2010-04-26 00:00:00,2010-04-26 00:00:00,26.5,2010-04-26 00:00:00,24.5,26,248,476500,12352900,2010-04-26 00:00:00,1
2010-04-27 00:00:00,2010-04-27 00:00:00,27.25,2010-04-27 00:00:00,24.5,25,190,285400,7352400,2010-04-27 00:00:00,1
2010-04-29 00:00:00,2010-04-29 00:00:00,25.75,2010-04-29 00:00:00,25,25,26,27200,688550,2010-04-29 00:00:00,1
2010-04-30 00:00:00,2010-04-30 00:00:00,25,2010-04-30 00:00:00,24.5,24.75,23,20300,504250,2010-04-30 00:00:00,1
2010-05-03 00:00:00,2010-05-03 00:00:00,25.25,2010-05-03 00:00:00,24.75,25,17,4900,122500,2010-05-03 00:00:00,1
2010-05-04 00:00:00,2010-05-04 00:00:00,25,2010-05-04 00:00:00,24.25,24.5,42,30000,742275,2010-05-04 00:00:00,1
2010-05-05 00:00:00,2010-05-05 00:00:00,25,2010-05-05 00:00:00,24.25,24.25,11,5900,144000,2010-05-05 00:00:00,1
2010-05-06 00:00:00,2010-05-06 00:00:00,25.75,2010-05-06 00:00:00,24,24.5,152,236000,5897250,2010-05-06 00:00:00,1
2010-05-07 00:00:00,2010-05-07 00:00:00,24.75,2010-05-07 00:00:00,24,24.25,24,24200,591100,2010-05-07 00:00:00,1
2010-05-10 00:00:00,2010-05-10 00:00:00,24.5,2010-05-10 00:00:00,24,24,48,49500,1193750,2010-05-10 00:00:00,1
2010-05-11 00:00:00,2010-05-11 00:00:00,24.25,2010-05-11 00:00:00,24,24.25,13,8900,215425,2010-05-11 00:00:00,1
2010-05-12 00:00:00,2010-05-12 00:00:00,24,2010-05-12 00:00:00,23.75,23.75,121,228200,5457575,2010-05-12 00:00:00,1
2010-05-13 00:00:00,2010-05-13 00:00:00,25,2010-05-13 00:00:00,23.75,23.75,60,71500,1722400,2010-05-13 00:00:00,1
2010-05-14 00:00:00,2010-05-14 00:00:00,23.75,2010-05-14 00:00:00,23.5,23.5,27,19300,453900,2010-05-14 00:00:00,1
2010-05-17 00:00:00,2010-05-17 00:00:00,24,2010-05-17 00:00:00,23,23.5,27,15400,360925,2010-05-17 00:00:00,1
2010-05-18 00:00:00,2010-05-18 00:00:00,25.25,2010-05-18 00:00:00,23.25,24.5,488,3695400,89806825,2010-05-18 00:00:00,1
2010-05-19 00:00:00,2010-05-19 00:00:00,26.25,2010-05-19 00:00:00,24.75,25,739,1717000,43894525,2010-05-19 00:00:00,1
2010-05-20 00:00:00,2010-05-20 00:00:00,25,2010-05-20 00:00:00,24,24.25,68,77800,1907825,2010-05-20 00:00:00,1
2010-05-21 00:00:00,2010-05-21 00:00:00,24.5,2010-05-21 00:00:00,23.5,23.75,95,107800,2575225,2010-05-21 00:00:00,1
2010-05-24 00:00:00,2010-05-24 00:00:00,24.5,2010-05-24 00:00:00,23.25,23.5,51,47200,1115875,2010-05-24 00:00:00,1
2010-05-25 00:00:00,2010-05-25 00:00:00,23.5,2010-05-25 00:00:00,23.25,23.25,27,27500,642850,2010-05-25 00:00:00,1
2010-05-26 00:00:00,2010-05-26 00:00:00,24.25,2010-05-26 00:00:00,23.5,23.5,22,28700,674775,2010-05-26 00:00:00,1
2010-05-31 00:00:00,2010-05-31 00:00:00,23.75,2010-05-31 00:00:00,23.5,23.5,23,43500,1026750,2010-05-31 00:00:00,1
2010-06-01 00:00:00,2010-06-01 00:00:00,23.75,2010-06-01 00:00:00,23.25,23.25,29,42100,989775,2010-06-01 00:00:00,1
2010-06-02 00:00:00,2010-06-02 00:00:00,24,2010-06-02 00:00:00,23.25,24,70,97200,2313700,2010-06-02 00:00:00,1
2010-06-03 00:00:00,2010-06-03 00:00:00,24.5,2010-06-03 00:00:00,23.75,24,63,88800,2139625,2010-06-03 00:00:00,1
2010-06-04 00:00:00,2010-06-04 00:00:00,24.25,2010-06-04 00:00:00,23.75,24,28,32400,776075,2010-06-04 00:00:00,1
2010-06-07 00:00:00,2010-06-07 00:00:00,25.75,2010-06-07 00:00:00,24,25.5,297,479700,12127925,2010-06-07 00:00:00,1
2010-06-08 00:00:00,2010-06-08 00:00:00,26.25,2010-06-08 00:00:00,24.75,24.75,217,422900,10822000,2010-06-08 00:00:00,1
2010-06-09 00:00:00,2010-06-09 00:00:00,25.5,2010-06-09 00:00:00,24.5,24.5,72,103500,2568900,2010-06-09 00:00:00,1
2010-06-10 00:00:00,2010-06-10 00:00:00,25,2010-06-10 00:00:00,24.25,24.25,15,14400,354850,2010-06-10 00:00:00,1
2010-06-11 00:00:00,2010-06-11 00:00:00,24.25,2010-06-11 00:00:00,24,24,48,38300,920300,2010-06-11 00:00:00,1
2010-06-14 00:00:00,2010-06-14 00:00:00,24,2010-06-14 00:00:00,23.5,23.75,53,47900,1133925,2010-06-14 00:00:00,1
2010-06-15 00:00:00,2010-06-15 00:00:00,24.5,2010-06-15 00:00:00,23.75,24.25,33,46400,1117600,2010-06-15 00:00:00,1
2010-06-16 00:00:00,2010-06-16 00:00:00,24.5,2010-06-16 00:00:00,23.75,24,41,47700,1146550,2010-06-16 00:00:00,1
2010-06-17 00:00:00,2010-06-17 00:00:00,24.5,2010-06-17 00:00:00,23.25,24,75,73000,1736400,2010-06-17 00:00:00,1
2010-06-21 00:00:00,2010-06-21 00:00:00,24.5,2010-06-21 00:00:00,24,24,54,85500,2067125,2010-06-21 00:00:00,1
2010-06-22 00:00:00,2010-06-22 00:00:00,24.25,2010-06-22 00:00:00,23.75,24,47,49200,1181825,2010-06-22 00:00:00,1
2010-06-23 00:00:00,2010-06-23 00:00:00,24,2010-06-23 00:00:00,23.5,23.75,37,23900,565825,2010-06-23 00:00:00,1
2010-06-24 00:00:00,2010-06-24 00:00:00,24.25,2010-06-24 00:00:00,23.25,24,55,55100,1306275,2010-06-24 00:00:00,1
2010-06-28 00:00:00,2010-06-28 00:00:00,24.5,2010-06-28 00:00:00,23.75,24,25,17200,412875,2010-06-28 00:00:00,1
2010-06-29 00:00:00,2010-06-29 00:00:00,24.5,2010-06-29 00:00:00,23.5,24,54,68400,1634150,2010-06-29 00:00:00,1
2010-06-30 00:00:00,2010-06-30 00:00:00,24.5,2010-06-30 00:00:00,23.5,23.5,51,58400,1393100,2010-06-30 00:00:00,1
2010-07-01 00:00:00,2010-07-01 00:00:00,23.75,2010-07-01 00:00:00,23.5,23.5,45,69700,1643500,2010-07-01 00:00:00,1
2010-07-02 00:00:00,2010-07-02 00:00:00,24.25,2010-07-02 00:00:00,23.5,23.75,43,73100,1743375,2010-07-02 00:00:00,1
2010-07-05 00:00:00,2010-07-05 00:00:00,24,2010-07-05 00:00:00,23.5,24,47,79700,1911050,2010-07-05 00:00:00,1
2010-07-06 00:00:00,2010-07-06 00:00:00,24,2010-07-06 00:00:00,23.5,24,30,40700,973475,2010-07-06 00:00:00,1
2010-07-07 00:00:00,2010-07-07 00:00:00,23.5,2010-07-07 00:00:00,22.75,23.25,64,99800,2302675,2010-07-07 00:00:00,1
2010-07-08 00:00:00,2010-07-08 00:00:00,23.75,2010-07-08 00:00:00,23,23.25,27,53800,1253900,2010-07-08 00:00:00,1
2010-07-09 00:00:00,2010-07-09 00:00:00,24,2010-07-09 00:00:00,23,23.5,21,16200,377175,2010-07-09 00:00:00,1
2010-07-12 00:00:00,2010-07-12 00:00:00,24.75,2010-07-12 00:00:00,23,24.5,86,175700,4267025,2010-07-12 00:00:00,1
2010-07-13 00:00:00,2010-07-13 00:00:00,28.5,2010-07-13 00:00:00,24.5,26.5,882,1841600,49467575,2010-07-13 00:00:00,1
2010-07-14 00:00:00,2010-07-14 00:00:00,27,2010-07-14 00:00:00,25,25.25,134,159600,4186950,2010-07-14 00:00:00,1
2010-07-15 00:00:00,2010-07-15 00:00:00,26.5,2010-07-15 00:00:00,24.75,25.25,58,57900,1482900,2010-07-15 00:00:00,1
2010-07-16 00:00:00,2010-07-16 00:00:00,25.25,2010-07-16 00:00:00,24.5,24.75,49,35400,885300,2010-07-16 00:00:00,1
2010-07-19 00:00:00,2010-07-19 00:00:00,25.5,2010-07-19 00:00:00,24.25,24.5,55,69100,1709650,2010-07-19 00:00:00,1
2010-07-20 00:00:00,2010-07-20 00:00:00,25.5,2010-07-20 00:00:00,24.5,25.25,37,75300,1876500,2010-07-20 00:00:00,1
2010-07-21 00:00:00,2010-07-21 00:00:00,25.75,2010-07-21 00:00:00,25,25.25,43,44800,1126275,2010-07-21 00:00:00,1
2010-07-22 00:00:00,2010-07-22 00:00:00,25.25,2010-07-22 00:00:00,24.25,24.5,46,55600,1367350,2010-07-22 00:00:00,1
2010-07-23 00:00:00,2010-07-23 00:00:00,26,2010-07-23 00:00:00,24.5,24.5,61,95900,2413600,2010-07-23 00:00:00,1
2010-07-26 00:00:00,2010-07-26 00:00:00,25.75,2010-07-26 00:00:00,24.5,25,21,14900,373275,2010-07-26 00:00:00,1
2010-07-27 00:00:00,2010-07-27 00:00:00,25.5,2010-07-27 00:00:00,24.75,25.25,28,31300,786625,2010-07-27 00:00:00,1
2010-07-28 00:00:00,2010-07-28 00:00:00,25.5,2010-07-28 00:00:00,24.75,24.75,65,98400,2462100,2010-07-28 00:00:00,1
2010-07-29 00:00:00,2010-07-29 00:00:00,25,2010-07-29 00:00:00,24.75,24.75,25,34700,859325,2010-07-29 00:00:00,1
2010-07-30 00:00:00,2010-07-30 00:00:00,25,2010-07-30 00:00:00,24,24.75,65,74000,1813775,2010-07-30 00:00:00,1
2010-08-02 00:00:00,2010-08-02 00:00:00,26,2010-08-02 00:00:00,24,24.3,64,93200,2305280,2010-08-02 00:00:00,1
2010-08-03 00:00:00,2010-08-03 00:00:00,25.9,2010-08-03 00:00:00,24,24.6,26,30200,742940,2010-08-03 00:00:00,1
2010-08-04 00:00:00,2010-08-04 00:00:00,25.9,2010-08-04 00:00:00,23.7,25.6,44,65900,1633350,2010-08-04 00:00:00,1
2010-08-05 00:00:00,2010-08-05 00:00:00,25.5,2010-08-05 00:00:00,23.5,24.7,62,150600,3606980,2010-08-05 00:00:00,1
2010-08-06 00:00:00,2010-08-06 00:00:00,24.8,2010-08-06 00:00:00,23.5,23.5,39,78700,1862510,2010-08-06 00:00:00,1
2010-08-09 00:00:00,2010-08-09 00:00:00,23,2010-08-09 00:00:00,22,22.1,95,180400,3993170,2010-08-09 00:00:00,1
2010-08-10 00:00:00,2010-08-10 00:00:00,24,2010-08-10 00:00:00,19.9,23.9,144,240500,5416970,2010-08-10 00:00:00,1
2010-08-11 00:00:00,2010-08-11 00:00:00,24.2,2010-08-11 00:00:00,23.2,23.4,46,51600,1230210,2010-08-11 00:00:00,1
2010-08-12 00:00:00,2010-08-12 00:00:00,24,2010-08-12 00:00:00,22.6,23.3,13,5600,128980,2010-08-12 00:00:00,1
2010-08-13 00:00:00,2010-08-13 00:00:00,23.3,2010-08-13 00:00:00,22,23,19,17800,402860,2010-08-13 00:00:00,1
2010-08-16 00:00:00,2010-08-16 00:00:00,23.2,2010-08-16 00:00:00,23,23,25,15300,352460,2010-08-16 00:00:00,1
2010-08-17 00:00:00,2010-08-17 00:00:00,23.2,2010-08-17 00:00:00,23,23,15,12300,283390,2010-08-17 00:00:00,1
2010-08-18 00:00:00,2010-08-18 00:00:00,24,2010-08-18 00:00:00,23,23.5,17,17300,409230,2010-08-18 00:00:00,1
2010-08-19 00:00:00,2010-08-19 00:00:00,24.7,2010-08-19 00:00:00,23.8,24,33,50500,1213270,2010-08-19 00:00:00,1
2010-08-20 00:00:00,2010-08-20 00:00:00,24,2010-08-20 00:00:00,23,23.5,24,30700,720920,2010-08-20 00:00:00,1
2010-08-23 00:00:00,2010-08-23 00:00:00,25,2010-08-23 00:00:00,23.5,24.3,53,59700,1452310,2010-08-23 00:00:00,1
2010-08-25 00:00:00,2010-08-25 00:00:00,24.3,2010-08-25 00:00:00,23.7,24,26,71900,1725340,2010-08-25 00:00:00,1
2010-08-26 00:00:00,2010-08-26 00:00:00,24,2010-08-26 00:00:00,23.5,24,13,6200,148270,2010-08-26 00:00:00,1
2010-08-27 00:00:00,2010-08-27 00:00:00,24.2,2010-08-27 00:00:00,23.6,24,22,31200,747520,2010-08-27 00:00:00,1
2010-08-30 00:00:00,2010-08-30 00:00:00,24.9,2010-08-30 00:00:00,23.1,24.4,114,168900,4054790,2010-08-30 00:00:00,1
2010-08-31 00:00:00,2010-08-31 00:00:00,24.4,2010-08-31 00:00:00,24,24.1,29,27800,671470,2010-08-31 00:00:00,1
2010-09-01 00:00:00,2010-09-01 00:00:00,25.4,2010-09-01 00:00:00,24,24.8,88,113900,2804870,2010-09-01 00:00:00,1
2010-09-02 00:00:00,2010-09-02 00:00:00,27.2,2010-09-02 00:00:00,24.9,27.2,563,1261900,33615900,2010-09-02 00:00:00,1
2010-09-03 00:00:00,2010-09-03 00:00:00,29.9,2010-09-03 00:00:00,27.5,29.9,700,1734600,50782560,2010-09-03 00:00:00,1
2010-09-06 00:00:00,2010-09-06 00:00:00,32.2,2010-09-06 00:00:00,28,28.2,765,1280100,38443550,2010-09-06 00:00:00,1
2010-09-07 00:00:00,2010-09-07 00:00:00,28.5,2010-09-07 00:00:00,26,27.4,205,207300,5666930,2010-09-07 00:00:00,1
2010-09-08 00:00:00,2010-09-08 00:00:00,29.9,2010-09-08 00:00:00,27,28.7,261,444500,12834380,2010-09-08 00:00:00,1
2010-09-09 00:00:00,2010-09-09 00:00:00,28.6,2010-09-09 00:00:00,27.8,28,117,219600,6154440,2010-09-09 00:00:00,1
2010-09-13 00:00:00,2010-09-13 00:00:00,28.3,2010-09-13 00:00:00,27.2,27.9,123,236900,6604620,2010-09-13 00:00:00,1
2010-09-14 00:00:00,2010-09-14 00:00:00,27.9,2010-09-14 00:00:00,26.7,27.4,89,110200,3002400,2010-09-14 00:00:00,1
2010-09-15 00:00:00,2010-09-15 00:00:00,30.1,2010-09-15 00:00:00,27.2,30,561,1206600,35226520,2010-09-15 00:00:00,1
2010-09-16 00:00:00,2010-09-16 00:00:00,33,2010-09-16 00:00:00,29.9,33,1009,2421500,77908230,2010-09-16 00:00:00,1
2010-09-17 00:00:00,2010-09-17 00:00:00,35.9,2010-09-17 00:00:00,33.1,34.6,1097,1873100,64282060,2010-09-17 00:00:00,1
2010-09-20 00:00:00,2010-09-20 00:00:00,36,2010-09-20 00:00:00,31.5,32.9,283,447400,14769620,2010-09-20 00:00:00,1
2010-09-21 00:00:00,2010-09-21 00:00:00,34.9,2010-09-21 00:00:00,32,34.1,452,782000,26544540,2010-09-21 00:00:00,1
2010-09-23 00:00:00,2010-09-23 00:00:00,35,2010-09-23 00:00:00,33.1,33.2,223,269600,9225960,2010-09-23 00:00:00,1
2010-09-24 00:00:00,2010-09-24 00:00:00,33.2,2010-09-24 00:00:00,31.7,31.9,168,206600,6696670,2010-09-24 00:00:00,1
2010-09-27 00:00:00,2010-09-27 00:00:00,32.8,2010-09-27 00:00:00,31.6,31.8,83,84400,2711420,2010-09-27 00:00:00,1
2010-09-28 00:00:00,2010-09-28 00:00:00,32.2,2010-09-28 00:00:00,31.6,32,92,138800,4418850,2010-09-28 00:00:00,1
2010-09-29 00:00:00,2010-09-29 00:00:00,32.4,2010-09-29 00:00:00,31.6,31.9,61,111500,3560200,2010-09-29 00:00:00,1
2010-09-30 00:00:00,2010-09-30 00:00:00,32.3,2010-09-30 00:00:00,31.5,31.7,124,238600,7625440,2010-09-30 00:00:00,1
2010-10-01 00:00:00,2010-10-01 00:00:00,31.8,2010-10-01 00:00:00,30.9,31,74,145600,4570580,2010-10-01 00:00:00,1
2010-10-04 00:00:00,2010-10-04 00:00:00,31.5,2010-10-04 00:00:00,29,29.7,78,129900,3946550,2010-10-04 00:00:00,1
2010-10-05 00:00:00,2010-10-05 00:00:00,30.7,2010-10-05 00:00:00,29,30,44,30500,912120,2010-10-05 00:00:00,1
2010-10-06 00:00:00,2010-10-06 00:00:00,31,2010-10-06 00:00:00,28.9,28.9,73,119300,3478260,2010-10-06 00:00:00,1
2010-10-07 00:00:00,2010-10-07 00:00:00,33.5,2010-10-07 00:00:00,26.6,28.9,128,119200,3394330,2010-10-07 00:00:00,1
2010-10-08 00:00:00,2010-10-08 00:00:00,30,2010-10-08 00:00:00,28,29.9,66,63100,1826440,2010-10-08 00:00:00,1
2010-10-11 00:00:00,2010-10-11 00:00:00,30.8,2010-10-11 00:00:00,29.6,29.8,53,60000,1798090,2010-10-11 00:00:00,1
2010-10-12 00:00:00,2010-10-12 00:00:00,29.7,2010-10-12 00:00:00,28.2,28.8,95,162100,4703970,2010-10-12 00:00:00,1
2010-10-13 00:00:00,2010-10-13 00:00:00,29.5,2010-10-13 00:00:00,26,28.7,92,174000,4750690,2010-10-13 00:00:00,1
2010-10-14 00:00:00,2010-10-14 00:00:00,30,2010-10-14 00:00:00,28.7,28.9,36,35100,1018120,2010-10-14 00:00:00,1
2010-10-15 00:00:00,2010-10-15 00:00:00,28.3,2010-10-15 00:00:00,28.1,28.3,11,14900,420310,2010-10-15 00:00:00,1
2010-10-18 00:00:00,2010-10-18 00:00:00,28.9,2010-10-18 00:00:00,28,28.2,20,14600,411330,2010-10-18 00:00:00,1
2010-10-19 00:00:00,2010-10-19 00:00:00,29.6,2010-10-19 00:00:00,28.1,29.5,60,69500,2017020,2010-10-19 00:00:00,1
2010-10-20 00:00:00,2010-10-20 00:00:00,29.6,2010-10-20 00:00:00,28.3,29.6,22,22800,671720,2010-10-20 00:00:00,1
2010-10-21 00:00:00,2010-10-21 00:00:00,29.6,2010-10-21 00:00:00,29,29.5,24,30300,887970,2010-10-21 00:00:00,1
2010-10-25 00:00:00,2010-10-25 00:00:00,29.7,2010-10-25 00:00:00,29,29.4,82,175800,5146020,2010-10-25 00:00:00,1
2010-10-26 00:00:00,2010-10-26 00:00:00,29.9,2010-10-26 00:00:00,28.4,29.5,32,30700,900910,2010-10-26 00:00:00,1
2010-10-27 00:00:00,2010-10-27 00:00:00,29.9,2010-10-27 00:00:00,28.4,29.6,48,84500,2468880,2010-10-27 00:00:00,1
2010-10-28 00:00:00,2010-10-28 00:00:00,29.7,2010-10-28 00:00:00,29,29.3,17,13000,381800,2010-10-28 00:00:00,1
2010-10-29 00:00:00,2010-10-29 00:00:00,29.8,2010-10-29 00:00:00,28.6,29.2,25,21800,641900,2010-10-29 00:00:00,1
2010-11-01 00:00:00,2010-11-01 00:00:00,29.5,2010-11-01 00:00:00,28.7,29.5,14,7700,226200,2010-11-01 00:00:00,1
2010-11-02 00:00:00,2010-11-02 00:00:00,30.5,2010-11-02 00:00:00,28.5,29.8,45,59700,1783120,2010-11-02 00:00:00,1
2010-11-03 00:00:00,2010-11-03 00:00:00,29.6,2010-11-03 00:00:00,28,29.5,23,18900,544680,2010-11-03 00:00:00,1
2010-11-04 00:00:00,2010-11-04 00:00:00,30.9,2010-11-04 00:00:00,28.6,30,56,59500,1782550,2010-11-04 00:00:00,1
2010-11-08 00:00:00,2010-11-08 00:00:00,30.3,2010-11-08 00:00:00,30,30,37,48600,1458200,2010-11-08 00:00:00,1
2010-11-09 00:00:00,2010-11-09 00:00:00,30,2010-11-09 00:00:00,30,30,33,17700,531000,2010-11-09 00:00:00,1
2010-11-10 00:00:00,2010-11-10 00:00:00,31.5,2010-11-10 00:00:00,30,30.8,133,136700,4200170,2010-11-10 00:00:00,1
2010-11-11 00:00:00,2010-11-11 00:00:00,31,2010-11-11 00:00:00,30,30.1,18,14700,442130,2010-11-11 00:00:00,1
2010-11-12 00:00:00,2010-11-12 00:00:00,31,2010-11-12 00:00:00,29.8,30.9,33,53800,1647410,2010-11-12 00:00:00,1
2010-11-15 00:00:00,2010-11-15 00:00:00,31,2010-11-15 00:00:00,29,29.1,19,29800,870340,2010-11-15 00:00:00,1
2010-11-16 00:00:00,2010-11-16 00:00:00,31.1,2010-11-16 00:00:00,29.8,30.9,138,181000,5506020,2010-11-16 00:00:00,1
2010-11-18 00:00:00,2010-11-18 00:00:00,31.2,2010-11-18 00:00:00,30.5,31,82,109000,3369550,2010-11-18 00:00:00,1
2010-11-22 00:00:00,2010-11-22 00:00:00,30.5,2010-11-22 00:00:00,29.9,30,73,91800,2753190,2010-11-22 00:00:00,1
2010-11-23 00:00:00,2010-11-23 00:00:00,30,2010-11-23 00:00:00,29,29.5,26,27000,790130,2010-11-23 00:00:00,1
2010-11-24 00:00:00,2010-11-24 00:00:00,31.2,2010-11-24 00:00:00,29.5,30.9,95,123400,3768030,2010-11-24 00:00:00,1
2010-11-25 00:00:00,2010-11-25 00:00:00,32,2010-11-25 00:00:00,31.2,31.4,114,176900,5571810,2010-11-25 00:00:00,1
2010-11-26 00:00:00,2010-11-26 00:00:00,32,2010-11-26 00:00:00,31,31.6,71,82300,2600180,2010-11-26 00:00:00,1
2010-11-29 00:00:00,2010-11-29 00:00:00,32.2,2010-11-29 00:00:00,30,30.2,76,147800,4603290,2010-11-29 00:00:00,1
2010-11-30 00:00:00,2010-11-30 00:00:00,31.8,2010-11-30 00:00:00,30.9,31.1,50,61900,1939860,2010-11-30 00:00:00,1
2010-12-01 00:00:00,2010-12-01 00:00:00,32.4,2010-12-01 00:00:00,31,31.2,79,108000,3443230,2010-12-01 00:00:00,1
2010-12-02 00:00:00,2010-12-02 00:00:00,32,2010-12-02 00:00:00,30.6,30.9,42,53600,1669020,2010-12-02 00:00:00,1
2010-12-03 00:00:00,2010-12-03 00:00:00,31,2010-12-03 00:00:00,30.6,31,11,11300,350160,2010-12-03 00:00:00,1
2010-12-06 00:00:00,2010-12-06 00:00:00,32,2010-12-06 00:00:00,30.3,30.4,25,28500,883100,2010-12-06 00:00:00,1
2010-12-07 00:00:00,2010-12-07 00:00:00,31.8,2010-12-07 00:00:00,30.5,31.3,51,74200,2307660,2010-12-07 00:00:00,1
2010-12-08 00:00:00,2010-12-08 00:00:00,31.7,2010-12-08 00:00:00,31,31.1,27,34800,1082040,2010-12-08 00:00:00,1
2010-12-09 00:00:00,2010-12-09 00:00:00,31.2,2010-12-09 00:00:00,31,31.1,11,22600,703290,2010-12-09 00:00:00,1
2010-12-10 00:00:00,2010-12-10 00:00:00,32.5,2010-12-10 00:00:00,30.2,32.1,205,327900,10484840,2010-12-10 00:00:00,1
2010-12-13 00:00:00,2010-12-13 00:00:00,32.1,2010-12-13 00:00:00,31.2,31.5,22,51800,1644080,2010-12-13 00:00:00,1
2010-12-14 00:00:00,2010-12-14 00:00:00,31.9,2010-12-14 00:00:00,31,31.1,51,116300,3681480,2010-12-14 00:00:00,1
2010-12-15 00:00:00,2010-12-15 00:00:00,30.5,2010-12-15 00:00:00,30.2,30.2,23,14100,427940,2010-12-15 00:00:00,1
2010-12-16 00:00:00,2010-12-16 00:00:00,30.5,2010-12-16 00:00:00,30.1,30.2,15,10100,305470,2010-12-16 00:00:00,1
2010-12-17 00:00:00,2010-12-17 00:00:00,30.3,2010-12-17 00:00:00,30,30.1,17,30200,911800,2010-12-17 00:00:00,1
2010-12-21 00:00:00,2010-12-21 00:00:00,31,2010-12-21 00:00:00,29.5,29.7,26,24000,716790,2010-12-21 00:00:00,1
2010-12-22 00:00:00,2010-12-22 00:00:00,30.5,2010-12-22 00:00:00,30,30.5,22,30000,909290,2010-12-22 00:00:00,1
2010-12-23 00:00:00,2010-12-23 00:00:00,30.8,2010-12-23 00:00:00,30.1,30.7,32,68000,2088950,2010-12-23 00:00:00,1
2010-12-24 00:00:00,2010-12-24 00:00:00,30.4,2010-12-24 00:00:00,30.3,30.3,5,2100,63640,2010-12-24 00:00:00,1
2010-12-27 00:00:00,2010-12-27 00:00:00,30.3,2010-12-27 00:00:00,29.7,30,15,8200,246490,2010-12-27 00:00:00,1
2010-12-28 00:00:00,2010-12-28 00:00:00,30.8,2010-12-28 00:00:00,30,30.1,25,39900,1211670,2010-12-28 00:00:00,1
2010-12-29 00:00:00,2010-12-29 00:00:00,30.9,2010-12-29 00:00:00,29.8,29.9,41,38300,1151430,2010-12-29 00:00:00,1
2010-12-30 00:00:00,2010-12-30 00:00:00,30,2010-12-30 00:00:00,29.6,29.9,5,2000,59500,2010-12-30 00:00:00,1
2010-12-31 00:00:00,2010-12-31 00:00:00,30,2010-12-31 00:00:00,29.1,29.4,31,27100,796630,2010-12-31 00:00:00,1
Company Id,:  PMB,Security,Type :  R,Sub Type,:  0000,,,,,
Short Name,:  PEOPLE'S,MERCH,,,,,,,,
Day,Date High,High,Date Low,Low,Closing,No. of Trades,No. of Shares,Turnover,Last Traded,Days Traded
2010-01-08 00:00:00,2010-01-08 00:00:00,10,2010-01-08 00:00:00,8,8.5,8,1400,12800,2010-01-08 00:00:00,1
2010-01-11 00:00:00,2010-01-11 00:00:00,8.5,2010-01-11 00:00:00,8.5,8.5,1,100,850,2010-01-11 00:00:00,1
2010-01-12 00:00:00,2010-01-12 00:00:00,13,2010-01-12 00:00:00,8,12.25,30,17900,187550,2010-01-12 00:00:00,1
2010-01-13 00:00:00,2010-01-13 00:00:00,21,2010-01-13 00:00:00,11,14.5,203,280000,4521825,2010-01-13 00:00:00,1
2010-01-15 00:00:00,2010-01-15 00:00:00,16,2010-01-15 00:00:00,9.5,9.75,62,4950700,48355225,2010-01-15 00:00:00,1
2010-01-18 00:00:00,2010-01-18 00:00:00,10,2010-01-18 00:00:00,2.5,4,490,2917300,12510640,2010-01-18 00:00:00,1
Company Id,:  RAL,Security,Type :  N,Sub Type,:  0000,,,,,
Short Name,:  RENUKA AGRI,,,,,,,,,
Day,Date High,High,Date Low,Low,Closing,No. of Trades,No. of Shares,Turnover,Last Traded,Days Traded
2010-01-04 00:00:00,2010-01-04 00:00:00,4.3,2010-01-04 00:00:00,3.5,3.7,3221,41355100,160322670,2010-01-04 00:00:00,1
2010-01-05 00:00:00,2010-01-05 00:00:00,3.9,2010-01-05 00:00:00,3.6,3.6,510,5532200,20333670,2010-01-05 00:00:00,1
2010-01-06 00:00:00,2010-01-06 00:00:00,3.6,2010-01-06 00:00:00,3.3,3.3,425,6761200,23080500,2010-01-06 00:00:00,1
2010-01-07 00:00:00,2010-01-07 00:00:00,3.4,2010-01-07 00:00:00,3.1,3.3,273,2029500,6581310,2010-01-07 00:00:00,1
2010-01-08 00:00:00,2010-01-08 00:00:00,3.5,2010-01-08 00:00:00,3.2,3.5,245,3070200,10366950,2010-01-08 00:00:00,1
2010-01-11 00:00:00,2010-01-11 00:00:00,3.5,2010-01-11 00:00:00,3.3,3.4,98,738900,2515210,2010-01-11 00:00:00,1
2010-01-12 00:00:00,2010-01-12 00:00:00,3.4,2010-01-12 00:00:00,3.2,3.3,133,1384500,4569950,2010-01-12 00:00:00,1
2010-01-13 00:00:00,2010-01-13 00:00:00,3.4,2010-01-13 00:00:00,3.2,3.3,165,1279000,4215870,2010-01-13 00:00:00,1
2010-01-15 00:00:00,2010-01-15 00:00:00,3.4,2010-01-15 00:00:00,3.3,3.3,100,1113000,3675770,2010-01-15 00:00:00,1
2010-01-18 00:00:00,2010-01-18 00:00:00,3.5,2010-01-18 00:00:00,3.4,3.5,250,7948200,27699860,2010-01-18 00:00:00,1
2010-01-19 00:00:00,2010-01-19 00:00:00,3.5,2010-01-19 00:00:00,3.4,3.4,72,821500,2834890,2010-01-19 00:00:00,1
2010-01-20 00:00:00,2010-01-20 00:00:00,3.6,2010-01-20 00:00:00,3.4,3.5,169,2821300,9820600,2010-01-20 00:00:00,1
2010-01-21 00:00:00,2010-01-21 00:00:00,3.6,2010-01-21 00:00:00,3.4,3.5,53,738900,2586180,2010-01-21 00:00:00,1
2010-01-22 00:00:00,2010-01-22 00:00:00,3.6,2010-01-22 00:00:00,3.4,3.5,71,802900,2810430,2010-01-22 00:00:00,1
2010-01-25 00:00:00,2010-01-25 00:00:00,3.6,2010-01-25 00:00:00,3.5,3.5,30,160000,560290,2010-01-25 00:00:00,1
2010-01-26 00:00:00,2010-01-26 00:00:00,3.6,2010-01-26 00:00:00,3.5,3.5,53,1062300,3720440,2010-01-26 00:00:00,1
2010-01-28 00:00:00,2010-01-28 00:00:00,3.6,2010-01-28 00:00:00,3.4,3.5,87,1069100,3733750,2010-01-28 00:00:00,1
2010-02-01 00:00:00,2010-02-01 00:00:00,3.6,2010-02-01 00:00:00,3.5,3.5,51,463300,1621660,2010-02-01 00:00:00,1
2010-02-02 00:00:00,2010-02-02 00:00:00,3.5,2010-02-02 00:00:00,3.4,3.4,53,723100,2511400,2010-02-02 00:00:00,1
2010-02-03 00:00:00,2010-02-03 00:00:00,3.5,2010-02-03 00:00:00,3.4,3.4,13,78000,265400,2010-02-03 00:00:00,1
2010-02-05 00:00:00,2010-02-05 00:00:00,3.5,2010-02-05 00:00:00,3.4,3.4,110,3882400,13275790,2010-02-05 00:00:00,1
2010-02-08 00:00:00,2010-02-08 00:00:00,3.4,2010-02-08 00:00:00,3.4,3.4,32,328900,1118260,2010-02-08 00:00:00,1
2010-02-09 00:00:00,2010-02-09 00:00:00,3.5,2010-02-09 00:00:00,3.4,3.4,63,831600,2829240,2010-02-09 00:00:00,1
2010-02-10 00:00:00,2010-02-10 00:00:00,3.4,2010-02-10 00:00:00,3.4,3.4,30,360500,1225700,2010-02-10 00:00:00,1
2010-02-11 00:00:00,2010-02-11 00:00:00,3.4,2010-02-11 00:00:00,3.3,3.3,42,393800,1315430,2010-02-11 00:00:00,1
2010-02-12 00:00:00,2010-02-12 00:00:00,3.4,2010-02-12 00:00:00,3.3,3.3,29,116500,384530,2010-02-12 00:00:00,1
2010-02-15 00:00:00,2010-02-15 00:00:00,3.4,2010-02-15 00:00:00,3.3,3.3,19,171700,569220,2010-02-15 00:00:00,1
2010-02-16 00:00:00,2010-02-16 00:00:00,3.4,2010-02-16 00:00:00,3.2,3.2,134,627900,2050270,2010-02-16 00:00:00,1
2010-02-17 00:00:00,2010-02-17 00:00:00,3.4,2010-02-17 00:00:00,3.2,3.3,60,438300,1430030,2010-02-17 00:00:00,1
2010-02-18 00:00:00,2010-02-18 00:00:00,3.4,2010-02-18 00:00:00,3.2,3.2,25,202200,658280,2010-02-18 00:00:00,1
2010-02-19 00:00:00,2010-02-19 00:00:00,3.4,2010-02-19 00:00:00,3.2,3.3,43,110600,364930,2010-02-19 00:00:00,1
2010-02-22 00:00:00,2010-02-22 00:00:00,3.4,2010-02-22 00:00:00,3.2,3.3,26,433800,1431550,2010-02-22 00:00:00,1
2010-02-23 00:00:00,2010-02-23 00:00:00,3.4,2010-02-23 00:00:00,3.3,3.3,30,154300,509240,2010-02-23 00:00:00,1
2010-02-24 00:00:00,2010-02-24 00:00:00,3.4,2010-02-24 00:00:00,3.2,3.3,36,981400,3238760,2010-02-24 00:00:00,1
2010-02-25 00:00:00,2010-02-25 00:00:00,3.4,2010-02-25 00:00:00,3.3,3.3,19,258900,854450,2010-02-25 00:00:00,1
2010-02-26 00:00:00,2010-02-26 00:00:00,3.4,2010-02-26 00:00:00,3.3,3.3,22,39800,132030,2010-02-26 00:00:00,1
2010-03-01 00:00:00,2010-03-01 00:00:00,3.3,2010-03-01 00:00:00,3.3,3.3,24,283100,934230,2010-03-01 00:00:00,1
2010-03-02 00:00:00,2010-03-02 00:00:00,3.4,2010-03-02 00:00:00,3.3,3.3,29,297400,981560,2010-03-02 00:00:00,1
2010-03-03 00:00:00,2010-03-03 00:00:00,3.4,2010-03-03 00:00:00,3.2,3.3,36,188200,619370,2010-03-03 00:00:00,1
2010-03-04 00:00:00,2010-03-04 00:00:00,3.4,2010-03-04 00:00:00,3.3,3.3,29,308800,1019150,2010-03-04 00:00:00,1
2010-03-05 00:00:00,2010-03-05 00:00:00,3.4,2010-03-05 00:00:00,3.3,3.4,21,151900,501290,2010-03-05 00:00:00,1
2010-03-08 00:00:00,2010-03-08 00:00:00,3.4,2010-03-08 00:00:00,3.3,3.3,23,163400,539280,2010-03-08 00:00:00,1
2010-03-09 00:00:00,2010-03-09 00:00:00,3.4,2010-03-09 00:00:00,3.3,3.3,28,226300,746830,2010-03-09 00:00:00,1
2010-03-10 00:00:00,2010-03-10 00:00:00,3.4,2010-03-10 00:00:00,3.2,3.3,28,486100,1603060,2010-03-10 00:00:00,1
2010-03-11 00:00:00,2010-03-11 00:00:00,3.4,2010-03-11 00:00:00,3.3,3.3,27,162900,537720,2010-03-11 00:00:00,1
2010-03-12 00:00:00,2010-03-12 00:00:00,3.3,2010-03-12 00:00:00,3.3,3.3,20,243600,803880,2010-03-12 00:00:00,1
2010-03-15 00:00:00,2010-03-15 00:00:00,3.4,2010-03-15 00:00:00,3.3,3.3,65,283900,938220,2010-03-15 00:00:00,1
2010-03-16 00:00:00,2010-03-16 00:00:00,3.4,2010-03-16 00:00:00,3.3,3.3,55,679100,2241820,2010-03-16 00:00:00,1
2010-03-17 00:00:00,2010-03-17 00:00:00,3.3,2010-03-17 00:00:00,3.3,3.3,38,786500,2595450,2010-03-17 00:00:00,1
2010-03-18 00:00:00,2010-03-18 00:00:00,3.3,2010-03-18 00:00:00,3.2,3.2,21,389300,1284190,2010-03-18 00:00:00,1
2010-03-19 00:00:00,2010-03-19 00:00:00,3.4,2010-03-19 00:00:00,3.2,3.3,74,1737800,5728560,2010-03-19 00:00:00,1
2010-03-22 00:00:00,2010-03-22 00:00:00,3.4,2010-03-22 00:00:00,3.2,3.3,47,1168700,3855560,2010-03-22 00:00:00,1
2010-03-23 00:00:00,2010-03-23 00:00:00,3.4,2010-03-23 00:00:00,3.2,3.2,28,328200,1075720,2010-03-23 00:00:00,1
2010-03-24 00:00:00,2010-03-24 00:00:00,3.3,2010-03-24 00:00:00,3.2,3.2,3,16700,53450,2010-03-24 00:00:00,1
2010-03-25 00:00:00,2010-03-25 00:00:00,3.3,2010-03-25 00:00:00,3.2,3.3,8,264100,845930,2010-03-25 00:00:00,1
2010-03-26 00:00:00,2010-03-26 00:00:00,3.4,2010-03-26 00:00:00,3.2,3.3,100,1327500,4420400,2010-03-26 00:00:00,1
2010-03-30 00:00:00,2010-03-30 00:00:00,3.5,2010-03-30 00:00:00,3.3,3.4,47,1456700,4874900,2010-03-30 00:00:00,1
2010-03-31 00:00:00,2010-03-31 00:00:00,3.4,2010-03-31 00:00:00,3.3,3.3,28,271500,913430,2010-03-31 00:00:00,1
2010-04-01 00:00:00,2010-04-01 00:00:00,3.5,2010-04-01 00:00:00,3.3,3.3,20,598800,1980980,2010-04-01 00:00:00,1
2010-04-05 00:00:00,2010-04-05 00:00:00,3.4,2010-04-05 00:00:00,3.3,3.3,12,72600,239630,2010-04-05 00:00:00,1
2010-04-06 00:00:00,2010-04-06 00:00:00,3.4,2010-04-06 00:00:00,3.3,3.4,83,1757700,5973390,2010-04-06 00:00:00,1
2010-04-07 00:00:00,2010-04-07 00:00:00,3.5,2010-04-07 00:00:00,3.3,3.3,29,190800,648620,2010-04-07 00:00:00,1
2010-04-08 00:00:00,2010-04-08 00:00:00,3.4,2010-04-08 00:00:00,3.3,3.4,10,39000,132200,2010-04-08 00:00:00,1
2010-04-12 00:00:00,2010-04-12 00:00:00,3.5,2010-04-12 00:00:00,3.4,3.4,23,549300,1867630,2010-04-12 00:00:00,1
2010-04-15 00:00:00,2010-04-15 00:00:00,3.5,2010-04-15 00:00:00,3.4,3.4,33,603500,2052730,2010-04-15 00:00:00,1
2010-04-16 00:00:00,2010-04-16 00:00:00,3.5,2010-04-16 00:00:00,3.4,3.4,25,72400,248750,2010-04-16 00:00:00,1
2010-04-19 00:00:00,2010-04-19 00:00:00,3.8,2010-04-19 00:00:00,3.5,3.6,266,4950100,17875390,2010-04-19 00:00:00,1
2010-04-20 00:00:00,2010-04-20 00:00:00,3.6,2010-04-20 00:00:00,3.5,3.6,77,1805600,6487260,2010-04-20 00:00:00,1
2010-04-21 00:00:00,2010-04-21 00:00:00,3.7,2010-04-21 00:00:00,3.5,3.6,93,1362300,4967220,2010-04-21 00:00:00,1
2010-04-22 00:00:00,2010-04-22 00:00:00,3.8,2010-04-22 00:00:00,3.6,3.7,156,1501300,5546260,2010-04-22 00:00:00,1
2010-04-23 00:00:00,2010-04-23 00:00:00,3.8,2010-04-23 00:00:00,3.6,3.7,70,1057200,3920020,2010-04-23 00:00:00,1
2010-04-26 00:00:00,2010-04-26 00:00:00,3.9,2010-04-26 00:00:00,3.8,3.8,114,5849900,22293760,2010-04-26 00:00:00,1
2010-04-27 00:00:00,2010-04-27 00:00:00,3.9,2010-04-27 00:00:00,3.8,3.8,30,828400,3148030,2010-04-27 00:00:00,1
2010-04-29 00:00:00,2010-04-29 00:00:00,3.9,2010-04-29 00:00:00,3.8,3.8,63,2091100,7976480,2010-04-29 00:00:00,1
2010-04-30 00:00:00,2010-04-30 00:00:00,3.9,2010-04-30 00:00:00,3.8,3.8,34,810300,3079160,2010-04-30 00:00:00,1
2010-05-03 00:00:00,2010-05-03 00:00:00,3.9,2010-05-03 00:00:00,3.8,3.8,57,391500,1488010,2010-05-03 00:00:00,1
2010-05-04 00:00:00,2010-05-04 00:00:00,3.8,2010-05-04 00:00:00,3.7,3.8,46,1162200,4403980,2010-05-04 00:00:00,1
2010-05-05 00:00:00,2010-05-05 00:00:00,3.8,2010-05-05 00:00:00,3.7,3.7,36,309300,1170290,2010-05-05 00:00:00,1
2010-05-06 00:00:00,2010-05-06 00:00:00,3.8,2010-05-06 00:00:00,3.7,3.7,13,164000,606830,2010-05-06 00:00:00,1
2010-05-07 00:00:00,2010-05-07 00:00:00,3.8,2010-05-07 00:00:00,3.7,3.7,27,123200,456220,2010-05-07 00:00:00,1
2010-05-10 00:00:00,2010-05-10 00:00:00,4,2010-05-10 00:00:00,3.7,3.9,120,3003500,11612250,2010-05-10 00:00:00,1
2010-05-11 00:00:00,2010-05-11 00:00:00,4.1,2010-05-11 00:00:00,3.9,4,180,3092600,12518320,2010-05-11 00:00:00,1
2010-05-12 00:00:00,2010-05-12 00:00:00,4,2010-05-12 00:00:00,3.9,3.9,60,251000,979280,2010-05-12 00:00:00,1
2010-05-13 00:00:00,2010-05-13 00:00:00,4,2010-05-13 00:00:00,3.9,3.9,35,177900,694800,2010-05-13 00:00:00,1
2010-05-14 00:00:00,2010-05-14 00:00:00,4,2010-05-14 00:00:00,3.9,4,69,970100,3860810,2010-05-14 00:00:00,1
2010-05-17 00:00:00,2010-05-17 00:00:00,4.2,2010-05-17 00:00:00,4,4.1,115,7583300,30575370,2010-05-17 00:00:00,1
2010-05-18 00:00:00,2010-05-18 00:00:00,4.2,2010-05-18 00:00:00,4,4,49,595400,2436160,2010-05-18 00:00:00,1
2010-05-19 00:00:00,2010-05-19 00:00:00,4,2010-05-19 00:00:00,3.9,4,48,561100,2237310,2010-05-19 00:00:00,1
2010-05-20 00:00:00,2010-05-20 00:00:00,4,2010-05-20 00:00:00,3.9,4,22,125700,501220,2010-05-20 00:00:00,1
2010-05-21 00:00:00,2010-05-21 00:00:00,4.2,2010-05-21 00:00:00,3.9,4,73,1629700,6733210,2010-05-21 00:00:00,1
2010-05-24 00:00:00,2010-05-24 00:00:00,4,2010-05-24 00:00:00,3.9,3.9,32,324200,1293260,2010-05-24 00:00:00,1
2010-05-25 00:00:00,2010-05-25 00:00:00,4,2010-05-25 00:00:00,3.9,3.9,35,483700,1929940,2010-05-25 00:00:00,1
2010-05-26 00:00:00,2010-05-26 00:00:00,4.2,2010-05-26 00:00:00,4,4.2,146,3767700,15466940,2010-05-26 00:00:00,1
2010-05-31 00:00:00,2010-05-31 00:00:00,4.4,2010-05-31 00:00:00,4.1,4.1,159,3576900,15333340,2010-05-31 00:00:00,1
2010-06-01 00:00:00,2010-06-01 00:00:00,4.3,2010-06-01 00:00:00,4.1,4.1,40,387900,1593480,2010-06-01 00:00:00,1
2010-06-02 00:00:00,2010-06-02 00:00:00,4.2,2010-06-02 00:00:00,4.1,4.1,26,340000,1394060,2010-06-02 00:00:00,1
2010-06-03 00:00:00,2010-06-03 00:00:00,4.3,2010-06-03 00:00:00,4.2,4.3,119,2807200,11929480,2010-06-03 00:00:00,1
2010-06-04 00:00:00,2010-06-04 00:00:00,4.3,2010-06-04 00:00:00,4.2,4.3,63,1207500,5180450,2010-06-04 00:00:00,1
2010-06-07 00:00:00,2010-06-07 00:00:00,4.2,2010-06-07 00:00:00,4.1,4.1,25,402400,1673640,2010-06-07 00:00:00,1
2010-06-08 00:00:00,2010-06-08 00:00:00,4.2,2010-06-08 00:00:00,4.1,4.2,51,1240000,5090590,2010-06-08 00:00:00,1
2010-06-09 00:00:00,2010-06-09 00:00:00,4.2,2010-06-09 00:00:00,4.2,4.2,9,709500,2979900,2010-06-09 00:00:00,1
2010-06-10 00:00:00,2010-06-10 00:00:00,4.2,2010-06-10 00:00:00,4.1,4.1,16,86000,354300,2010-06-10 00:00:00,1
2010-06-11 00:00:00,2010-06-11 00:00:00,4.2,2010-06-11 00:00:00,4.1,4.1,26,620100,2596280,2010-06-11 00:00:00,1
2010-06-14 00:00:00,2010-06-14 00:00:00,4.5,2010-06-14 00:00:00,4.1,4.2,82,781600,3378240,2010-06-14 00:00:00,1
2010-06-15 00:00:00,2010-06-15 00:00:00,4.2,2010-06-15 00:00:00,4,4.1,44,950000,3826100,2010-06-15 00:00:00,1
2010-06-16 00:00:00,2010-06-16 00:00:00,4.2,2010-06-16 00:00:00,4,4,93,2727300,10971890,2010-06-16 00:00:00,1
2010-06-17 00:00:00,2010-06-17 00:00:00,4.1,2010-06-17 00:00:00,4,4,30,1188200,4857920,2010-06-17 00:00:00,1
2010-06-21 00:00:00,2010-06-21 00:00:00,4.1,2010-06-21 00:00:00,4,4,41,992900,3983940,2010-06-21 00:00:00,1
2010-06-22 00:00:00,2010-06-22 00:00:00,4.1,2010-06-22 00:00:00,3.9,4,53,1818300,7273900,2010-06-22 00:00:00,1
2010-06-23 00:00:00,2010-06-23 00:00:00,4,2010-06-23 00:00:00,3.9,4,19,465500,1861880,2010-06-23 00:00:00,1
2010-06-24 00:00:00,2010-06-24 00:00:00,4,2010-06-24 00:00:00,3.9,4,21,99100,386900,2010-06-24 00:00:00,1
2010-06-28 00:00:00,2010-06-28 00:00:00,4,2010-06-28 00:00:00,3.9,3.9,27,445100,1736260,2010-06-28 00:00:00,1
2010-06-29 00:00:00,2010-06-29 00:00:00,4.2,2010-06-29 00:00:00,4,4.1,40,696900,2845680,2010-06-29 00:00:00,1
2010-06-30 00:00:00,2010-06-30 00:00:00,4.3,2010-06-30 00:00:00,4,4.1,85,2104800,8890040,2010-06-30 00:00:00,1
2010-07-01 00:00:00,2010-07-01 00:00:00,4.2,2010-07-01 00:00:00,4.1,4.1,4,81000,333100,2010-07-01 00:00:00,1
2010-07-02 00:00:00,2010-07-02 00:00:00,4.3,2010-07-02 00:00:00,4.1,4.2,58,467400,1966760,2010-07-02 00:00:00,1
2010-07-05 00:00:00,2010-07-05 00:00:00,4.2,2010-07-05 00:00:00,4,4,50,845400,3450090,2010-07-05 00:00:00,1
2010-07-06 00:00:00,2010-07-06 00:00:00,4,2010-07-06 00:00:00,4,4,42,557500,2230000,2010-07-06 00:00:00,1
2010-07-07 00:00:00,2010-07-07 00:00:00,4,2010-07-07 00:00:00,3.8,3.9,102,2162700,8419960,2010-07-07 00:00:00,1
2010-07-08 00:00:00,2010-07-08 00:00:00,4,2010-07-08 00:00:00,3.8,3.9,42,158000,615960,2010-07-08 00:00:00,1
2010-07-09 00:00:00,2010-07-09 00:00:00,4,2010-07-09 00:00:00,3.9,3.9,6,55800,217630,2010-07-09 00:00:00,1
2010-07-12 00:00:00,2010-07-12 00:00:00,4,2010-07-12 00:00:00,3.9,4,18,55600,222230,2010-07-12 00:00:00,1
2010-07-13 00:00:00,2010-07-13 00:00:00,4.1,2010-07-13 00:00:00,4,4.1,49,655900,2668810,2010-07-13 00:00:00,1
2010-07-14 00:00:00,2010-07-14 00:00:00,4.1,2010-07-14 00:00:00,4,4,12,22300,90670,2010-07-14 00:00:00,1
2010-07-15 00:00:00,2010-07-15 00:00:00,4.1,2010-07-15 00:00:00,4,4,18,49300,197340,2010-07-15 00:00:00,1
2010-07-16 00:00:00,2010-07-16 00:00:00,4.1,2010-07-16 00:00:00,3.9,4,67,591400,2347300,2010-07-16 00:00:00,1
2010-07-19 00:00:00,2010-07-19 00:00:00,4.1,2010-07-19 00:00:00,4,4.1,22,106200,430990,2010-07-19 00:00:00,1
2010-07-20 00:00:00,2010-07-20 00:00:00,4.1,2010-07-20 00:00:00,4,4,30,446300,1785350,2010-07-20 00:00:00,1
2010-07-21 00:00:00,2010-07-21 00:00:00,4.1,2010-07-21 00:00:00,4,4,11,44400,177660,2010-07-21 00:00:00,1
2010-07-22 00:00:00,2010-07-22 00:00:00,4.1,2010-07-22 00:00:00,4,4.1,17,160400,642200,2010-07-22 00:00:00,1
2010-07-23 00:00:00,2010-07-23 00:00:00,4.1,2010-07-23 00:00:00,4,4,6,17000,68450,2010-07-23 00:00:00,1
2010-07-26 00:00:00,2010-07-26 00:00:00,4.1,2010-07-26 00:00:00,4,4.1,27,252600,1032760,2010-07-26 00:00:00,1
2010-07-27 00:00:00,2010-07-27 00:00:00,4.3,2010-07-27 00:00:00,4.1,4.1,46,666000,2835020,2010-07-27 00:00:00,1
2010-07-28 00:00:00,2010-07-28 00:00:00,4.2,2010-07-28 00:00:00,4.1,4.1,15,27200,112970,2010-07-28 00:00:00,1
2010-07-29 00:00:00,2010-07-29 00:00:00,4.2,2010-07-29 00:00:00,4.1,4.1,49,466100,1949270,2010-07-29 00:00:00,1
2010-07-30 00:00:00,2010-07-30 00:00:00,4.3,2010-07-30 00:00:00,4.1,4.1,20,128600,537400,2010-07-30 00:00:00,1
2010-08-02 00:00:00,2010-08-02 00:00:00,4.2,2010-08-02 00:00:00,4.1,4.1,12,125100,513940,2010-08-02 00:00:00,1
2010-08-03 00:00:00,2010-08-03 00:00:00,4.6,2010-08-03 00:00:00,4.1,4.1,94,1249100,5423490,2010-08-03 00:00:00,1
2010-08-04 00:00:00,2010-08-04 00:00:00,4.1,2010-08-04 00:00:00,4,4.1,31,217000,869500,2010-08-04 00:00:00,1
2010-08-05 00:00:00,2010-08-05 00:00:00,4.1,2010-08-05 00:00:00,3.9,4.1,40,347500,1399270,2010-08-05 00:00:00,1
2010-08-06 00:00:00,2010-08-06 00:00:00,4.2,2010-08-06 00:00:00,4,4.1,5,32900,132800,2010-08-06 00:00:00,1
2010-08-09 00:00:00,2010-08-09 00:00:00,4,2010-08-09 00:00:00,3.9,3.9,28,399600,1571910,2010-08-09 00:00:00,1
2010-08-10 00:00:00,2010-08-10 00:00:00,4.1,2010-08-10 00:00:00,3.7,4.1,48,372600,1446170,2010-08-10 00:00:00,1
2010-08-11 00:00:00,2010-08-11 00:00:00,4.1,2010-08-11 00:00:00,4,4,19,136600,554100,2010-08-11 00:00:00,1
2010-08-12 00:00:00,2010-08-12 00:00:00,4.1,2010-08-12 00:00:00,3.9,3.9,15,62800,246660,2010-08-12 00:00:00,1
2010-08-13 00:00:00,2010-08-13 00:00:00,4.1,2010-08-13 00:00:00,3.9,4,14,123600,483660,2010-08-13 00:00:00,1
2010-08-16 00:00:00,2010-08-16 00:00:00,4,2010-08-16 00:00:00,3.9,4,15,468300,1872200,2010-08-16 00:00:00,1
2010-08-17 00:00:00,2010-08-17 00:00:00,4,2010-08-17 00:00:00,3.9,3.9,24,152400,596560,2010-08-17 00:00:00,1
2010-08-18 00:00:00,2010-08-18 00:00:00,4.1,2010-08-18 00:00:00,4,4,30,90600,364150,2010-08-18 00:00:00,1
2010-08-19 00:00:00,2010-08-19 00:00:00,4.2,2010-08-19 00:00:00,4,4,40,247900,1035720,2010-08-19 00:00:00,1
2010-08-20 00:00:00,2010-08-20 00:00:00,4.3,2010-08-20 00:00:00,4,4.2,39,890000,3713920,2010-08-20 00:00:00,1
2010-08-23 00:00:00,2010-08-23 00:00:00,4.3,2010-08-23 00:00:00,4.1,4.1,17,477300,2017840,2010-08-23 00:00:00,1
2010-08-25 00:00:00,2010-08-25 00:00:00,4.2,2010-08-25 00:00:00,4.1,4.1,29,304400,1254420,2010-08-25 00:00:00,1
2010-08-26 00:00:00,2010-08-26 00:00:00,4.2,2010-08-26 00:00:00,4,4.1,11,80100,332700,2010-08-26 00:00:00,1
2010-08-27 00:00:00,2010-08-27 00:00:00,4,2010-08-27 00:00:00,3.9,4,47,428400,1679890,2010-08-27 00:00:00,1
2010-08-30 00:00:00,2010-08-30 00:00:00,4,2010-08-30 00:00:00,3.9,4,25,128400,513590,2010-08-30 00:00:00,1
2010-08-31 00:00:00,2010-08-31 00:00:00,4,2010-08-31 00:00:00,3.9,4,40,271600,1084890,2010-08-31 00:00:00,1
2010-09-01 00:00:00,2010-09-01 00:00:00,4.1,2010-09-01 00:00:00,3.9,4,22,221600,886010,2010-09-01 00:00:00,1
2010-09-02 00:00:00,2010-09-02 00:00:00,4,2010-09-02 00:00:00,3.9,4,22,134500,537990,2010-09-02 00:00:00,1
2010-09-03 00:00:00,2010-09-03 00:00:00,4.3,2010-09-03 00:00:00,4,4.1,58,1007900,4262470,2010-09-03 00:00:00,1
2010-09-06 00:00:00,2010-09-06 00:00:00,4.3,2010-09-06 00:00:00,4.1,4.2,103,1914600,8032830,2010-09-06 00:00:00,1
2010-09-07 00:00:00,2010-09-07 00:00:00,4.4,2010-09-07 00:00:00,4.2,4.3,115,1906700,8160160,2010-09-07 00:00:00,1
2010-09-08 00:00:00,2010-09-08 00:00:00,4.3,2010-09-08 00:00:00,4.1,4.1,65,783700,3313650,2010-09-08 00:00:00,1
2010-09-09 00:00:00,2010-09-09 00:00:00,4.3,2010-09-09 00:00:00,4.1,4.2,78,823500,3477550,2010-09-09 00:00:00,1
2010-09-13 00:00:00,2010-09-13 00:00:00,4.5,2010-09-13 00:00:00,4.2,4.3,130,1396000,6104750,2010-09-13 00:00:00,1
2010-09-14 00:00:00,2010-09-14 00:00:00,4.4,2010-09-14 00:00:00,4.2,4.3,27,94400,401770,2010-09-14 00:00:00,1
2010-09-15 00:00:00,2010-09-15 00:00:00,4.3,2010-09-15 00:00:00,4.1,4.1,44,1162400,4890170,2010-09-15 00:00:00,1
2010-09-16 00:00:00,2010-09-16 00:00:00,4.3,2010-09-16 00:00:00,4.2,4.3,34,587300,2511940,2010-09-16 00:00:00,1
2010-09-17 00:00:00,2010-09-17 00:00:00,4.7,2010-09-17 00:00:00,4.3,4.7,353,13751400,61437000,2010-09-17 00:00:00,1
2010-09-20 00:00:00,2010-09-20 00:00:00,5.1,2010-09-20 00:00:00,4.7,4.8,177,2371400,11647790,2010-09-20 00:00:00,1
2010-09-21 00:00:00,2010-09-21 00:00:00,5,2010-09-21 00:00:00,4.6,4.8,93,1134000,5437630,2010-09-21 00:00:00,1
2010-09-23 00:00:00,2010-09-23 00:00:00,5,2010-09-23 00:00:00,4.5,4.9,91,833500,3995130,2010-09-23 00:00:00,1
2010-09-24 00:00:00,2010-09-24 00:00:00,5,2010-09-24 00:00:00,4.8,4.8,85,1276600,6167590,2010-09-24 00:00:00,1
2010-09-27 00:00:00,2010-09-27 00:00:00,5.4,2010-09-27 00:00:00,4.9,5.1,197,1971400,10124290,2010-09-27 00:00:00,1
2010-09-28 00:00:00,2010-09-28 00:00:00,5.2,2010-09-28 00:00:00,4.9,5.1,79,247800,1257920,2010-09-28 00:00:00,1
2010-09-29 00:00:00,2010-09-29 00:00:00,7.2,2010-09-29 00:00:00,5,6.3,733,5157900,32252270,2010-09-29 00:00:00,1
2010-09-30 00:00:00,2010-09-30 00:00:00,7.4,2010-09-30 00:00:00,6.7,6.8,570,5294800,37091550,2010-09-30 00:00:00,1
2010-10-01 00:00:00,2010-10-01 00:00:00,8.1,2010-10-01 00:00:00,7,7.7,849,9645200,74522040,2010-10-01 00:00:00,1
2010-10-04 00:00:00,2010-10-04 00:00:00,8.4,2010-10-04 00:00:00,7.7,8,332,3100400,25102520,2010-10-04 00:00:00,1
2010-10-05 00:00:00,2010-10-05 00:00:00,8.5,2010-10-05 00:00:00,7.9,8.1,376,4037200,33150240,2010-10-05 00:00:00,1
2010-10-06 00:00:00,2010-10-06 00:00:00,8.3,2010-10-06 00:00:00,7.6,7.6,178,940900,7347980,2010-10-06 00:00:00,1
2010-10-07 00:00:00,2010-10-07 00:00:00,8.2,2010-10-07 00:00:00,7.3,7.9,182,1217400,9475320,2010-10-07 00:00:00,1
2010-10-08 00:00:00,2010-10-08 00:00:00,8.2,2010-10-08 00:00:00,7.5,8,162,1516300,12063550,2010-10-08 00:00:00,1
2010-10-11 00:00:00,2010-10-11 00:00:00,8.2,2010-10-11 00:00:00,7.7,7.8,67,404600,3177280,2010-10-11 00:00:00,1
2010-10-12 00:00:00,2010-10-12 00:00:00,7.8,2010-10-12 00:00:00,7,7.1,146,960100,6986810,2010-10-12 00:00:00,1
2010-10-13 00:00:00,2010-10-13 00:00:00,7.4,2010-10-13 00:00:00,6.5,7,170,1863600,12993790,2010-10-13 00:00:00,1
2010-10-14 00:00:00,2010-10-14 00:00:00,7.3,2010-10-14 00:00:00,6.9,6.9,120,877000,6185900,2010-10-14 00:00:00,1
2010-10-15 00:00:00,2010-10-15 00:00:00,6.9,2010-10-15 00:00:00,6.6,6.8,36,91900,623700,2010-10-15 00:00:00,1
2010-10-18 00:00:00,2010-10-18 00:00:00,7,2010-10-18 00:00:00,6.7,6.7,47,145500,988710,2010-10-18 00:00:00,1
2010-10-19 00:00:00,2010-10-19 00:00:00,7.3,2010-10-19 00:00:00,6.7,7,70,303100,2136830,2010-10-19 00:00:00,1
2010-10-20 00:00:00,2010-10-20 00:00:00,7.6,2010-10-20 00:00:00,7,7.5,129,698900,5179620,2010-10-20 00:00:00,1
2010-10-21 00:00:00,2010-10-21 00:00:00,7.9,2010-10-21 00:00:00,7,7.4,103,1021900,7781450,2010-10-21 00:00:00,1
2010-10-25 00:00:00,2010-10-25 00:00:00,7.6,2010-10-25 00:00:00,6.9,6.9,106,788400,5481530,2010-10-25 00:00:00,1
2010-10-26 00:00:00,2010-10-26 00:00:00,7,2010-10-26 00:00:00,6.6,6.7,82,184900,1246960,2010-10-26 00:00:00,1
2010-10-27 00:00:00,2010-10-27 00:00:00,7.1,2010-10-27 00:00:00,6.6,7,94,1010800,6976720,2010-10-27 00:00:00,1
2010-10-28 00:00:00,2010-10-28 00:00:00,7.1,2010-10-28 00:00:00,6.7,6.9,70,576100,3981990,2010-10-28 00:00:00,1
2010-10-29 00:00:00,2010-10-29 00:00:00,7.4,2010-10-29 00:00:00,6.9,7,107,1127100,8081050,2010-10-29 00:00:00,1
2010-11-01 00:00:00,2010-11-01 00:00:00,7.2,2010-11-01 00:00:00,6.8,7.1,82,791000,5532420,2010-11-01 00:00:00,1
2010-11-02 00:00:00,2010-11-02 00:00:00,7.1,2010-11-02 00:00:00,6.8,7,79,721500,5005510,2010-11-02 00:00:00,1
2010-11-03 00:00:00,2010-11-03 00:00:00,7.1,2010-11-03 00:00:00,6.8,7,56,865400,6025110,2010-11-03 00:00:00,1
2010-11-04 00:00:00,2010-11-04 00:00:00,7,2010-11-04 00:00:00,6.8,6.9,43,536300,3714080,2010-11-04 00:00:00,1
2010-11-08 00:00:00,2010-11-08 00:00:00,6.9,2010-11-08 00:00:00,6.8,6.9,17,54300,372810,2010-11-08 00:00:00,1
2010-11-09 00:00:00,2010-11-09 00:00:00,6.9,2010-11-09 00:00:00,6.8,6.8,30,49500,336660,2010-11-09 00:00:00,1
2010-11-10 00:00:00,2010-11-10 00:00:00,6.9,2010-11-10 00:00:00,6.7,6.7,44,191700,1288410,2010-11-10 00:00:00,1
2010-11-11 00:00:00,2010-11-11 00:00:00,6.8,2010-11-11 00:00:00,6.7,6.8,43,115300,780770,2010-11-11 00:00:00,1
2010-11-12 00:00:00,2010-11-12 00:00:00,6.8,2010-11-12 00:00:00,6.6,6.6,99,694700,4672040,2010-11-12 00:00:00,1
2010-11-15 00:00:00,2010-11-15 00:00:00,6.7,2010-11-15 00:00:00,6.4,6.5,46,236400,1538150,2010-11-15 00:00:00,1
2010-11-16 00:00:00,2010-11-16 00:00:00,6.4,2010-11-16 00:00:00,6.4,6.4,14,17900,114560,2010-11-16 00:00:00,1
2010-11-18 00:00:00,2010-11-18 00:00:00,6.7,2010-11-18 00:00:00,6.4,6.6,94,1582700,10435730,2010-11-18 00:00:00,1
2010-11-22 00:00:00,2010-11-22 00:00:00,6.5,2010-11-22 00:00:00,6.4,6.4,31,119100,765010,2010-11-22 00:00:00,1
2010-11-23 00:00:00,2010-11-23 00:00:00,6.6,2010-11-23 00:00:00,6.2,6.5,74,442200,2841240,2010-11-23 00:00:00,1
2010-11-24 00:00:00,2010-11-24 00:00:00,6.5,2010-11-24 00:00:00,6.4,6.4,17,32900,210750,2010-11-24 00:00:00,1
2010-11-25 00:00:00,2010-11-25 00:00:00,6.6,2010-11-25 00:00:00,6.3,6.3,55,2341000,15154650,2010-11-25 00:00:00,1
2010-11-26 00:00:00,2010-11-26 00:00:00,6.3,2010-11-26 00:00:00,6.2,6.3,13,69100,435320,2010-11-26 00:00:00,1
2010-11-29 00:00:00,2010-11-29 00:00:00,6.3,2010-11-29 00:00:00,5.9,6.1,55,12401855,78096546.5,2010-11-29 00:00:00,1
2010-11-30 00:00:00,2010-11-30 00:00:00,6.8,2010-11-30 00:00:00,6.3,6.7,247,5405800,35758410,2010-11-30 00:00:00,1
2010-12-01 00:00:00,2010-12-01 00:00:00,7.3,2010-12-01 00:00:00,6.8,7.1,238,1965700,13918160,2010-12-01 00:00:00,1
2010-12-02 00:00:00,2010-12-02 00:00:00,7.3,2010-12-02 00:00:00,6.7,6.8,96,551300,3862510,2010-12-02 00:00:00,1
2010-12-03 00:00:00,2010-12-03 00:00:00,6.9,2010-12-03 00:00:00,6.8,6.8,56,222300,1514440,2010-12-03 00:00:00,1
2010-12-06 00:00:00,2010-12-06 00:00:00,7.1,2010-12-06 00:00:00,6.6,6.6,54,332500,2259310,2010-12-06 00:00:00,1
2010-12-07 00:00:00,2010-12-07 00:00:00,6.9,2010-12-07 00:00:00,6.5,6.6,58,282600,1861130,2010-12-07 00:00:00,1
2010-12-08 00:00:00,2010-12-08 00:00:00,6.7,2010-12-08 00:00:00,6.5,6.6,29,105000,694100,2010-12-08 00:00:00,1
2010-12-09 00:00:00,2010-12-09 00:00:00,6.7,2010-12-09 00:00:00,6.5,6.5,68,362900,2369220,2010-12-09 00:00:00,1
2010-12-10 00:00:00,2010-12-10 00:00:00,6.8,2010-12-10 00:00:00,6.5,6.8,69,300000,2007860,2010-12-10 00:00:00,1
2010-12-13 00:00:00,2010-12-13 00:00:00,6.8,2010-12-13 00:00:00,6.6,6.7,23,52600,349930,2010-12-13 00:00:00,1
2010-12-14 00:00:00,2010-12-14 00:00:00,6.8,2010-12-14 00:00:00,6.6,6.6,32,340500,2249400,2010-12-14 00:00:00,1
2010-12-15 00:00:00,2010-12-15 00:00:00,6.6,2010-12-15 00:00:00,6.5,6.6,27,154400,1017330,2010-12-15 00:00:00,1
2010-12-16 00:00:00,2010-12-16 00:00:00,6.7,2010-12-16 00:00:00,6.5,6.5,22,48100,316710,2010-12-16 00:00:00,1
2010-12-17 00:00:00,2010-12-17 00:00:00,6.6,2010-12-17 00:00:00,6.5,6.5,37,345800,2247860,2010-12-17 00:00:00,1
2010-12-21 00:00:00,2010-12-21 00:00:00,6.9,2010-12-21 00:00:00,6.5,6.5,45,158000,1036760,2010-12-21 00:00:00,1
2010-12-22 00:00:00,2010-12-22 00:00:00,6.8,2010-12-22 00:00:00,6.6,6.7,107,799000,5352830,2010-12-22 00:00:00,1
2010-12-23 00:00:00,2010-12-23 00:00:00,6.8,2010-12-23 00:00:00,6.6,6.7,52,441900,2951780,2010-12-23 00:00:00,1
2010-12-24 00:00:00,2010-12-24 00:00:00,7,2010-12-24 00:00:00,6.8,6.9,71,882200,6074940,2010-12-24 00:00:00,1
2010-12-27 00:00:00,2010-12-27 00:00:00,7.8,2010-12-27 00:00:00,6.8,6.8,71,349800,2417240,2010-12-27 00:00:00,1
2010-12-28 00:00:00,2010-12-28 00:00:00,6.9,2010-12-28 00:00:00,6.8,6.8,76,444800,3045880,2010-12-28 00:00:00,1
2010-12-29 00:00:00,2010-12-29 00:00:00,6.8,2010-12-29 00:00:00,6.7,6.7,32,127000,860410,2010-12-29 00:00:00,1
2010-12-30 00:00:00,2010-12-30 00:00:00,6.7,2010-12-30 00:00:00,6.4,6.5,109,7499500,48774960,2010-12-30 00:00:00,1
2010-12-31 00:00:00,2010-12-31 00:00:00,6.8,2010-12-31 00:00:00,6.6,6.7,53,356700,2393620,2010-12-31 00:00:00,1
Company Id,:  RCL,Security,Type :  N,Sub Type,:  0000,,,,,
Short Name,:  ROYAL CERAMIC,,,,,,,,,
Day,Date High,High,Date Low,Low,Closing,No. of Trades,No. of Shares,Turnover,Last Traded,Days Traded
2010-01-04 00:00:00,2010-01-04 00:00:00,70,2010-01-04 00:00:00,66.5,68.25,34,37900,2607025,2010-01-04 00:00:00,1
2010-01-05 00:00:00,2010-01-05 00:00:00,71,2010-01-05 00:00:00,68,69.25,52,101900,7109525,2010-01-05 00:00:00,1
2010-01-06 00:00:00,2010-01-06 00:00:00,70.75,2010-01-06 00:00:00,67,68,6,900,61850,2010-01-06 00:00:00,1
2010-01-07 00:00:00,2010-01-07 00:00:00,72,2010-01-07 00:00:00,66.5,70.25,55,176400,12345300,2010-01-07 00:00:00,1
2010-01-08 00:00:00,2010-01-08 00:00:00,74,2010-01-08 00:00:00,70,73.25,11,2800,203575,2010-01-08 00:00:00,1
2010-01-11 00:00:00,2010-01-11 00:00:00,75,2010-01-11 00:00:00,73.25,74,11,28600,2115850,2010-01-11 00:00:00,1
2010-01-12 00:00:00,2010-01-12 00:00:00,75,2010-01-12 00:00:00,70,72,18,8800,638625,2010-01-12 00:00:00,1
2010-01-13 00:00:00,2010-01-13 00:00:00,74,2010-01-13 00:00:00,72,72,3,1300,95950,2010-01-13 00:00:00,1
2010-01-15 00:00:00,2010-01-15 00:00:00,79,2010-01-15 00:00:00,72,78.25,124,257800,19472575,2010-01-15 00:00:00,1
2010-01-18 00:00:00,2010-01-18 00:00:00,80,2010-01-18 00:00:00,76,77.25,42,37400,2905375,2010-01-18 00:00:00,1
2010-01-19 00:00:00,2010-01-19 00:00:00,79,2010-01-19 00:00:00,74,74.25,20,20900,1558400,2010-01-19 00:00:00,1
2010-01-20 00:00:00,2010-01-20 00:00:00,78,2010-01-20 00:00:00,74.25,75,28,27600,2098450,2010-01-20 00:00:00,1
2010-01-21 00:00:00,2010-01-21 00:00:00,75,2010-01-21 00:00:00,75,75,4,2000,150000,2010-01-21 00:00:00,1
2010-01-22 00:00:00,2010-01-22 00:00:00,77,2010-01-22 00:00:00,73,73.75,33,17800,1333575,2010-01-22 00:00:00,1
2010-01-25 00:00:00,2010-01-25 00:00:00,75,2010-01-25 00:00:00,72.5,73.25,34,32900,2408850,2010-01-25 00:00:00,1
2010-01-26 00:00:00,2010-01-26 00:00:00,75.5,2010-01-26 00:00:00,73,73.25,16,21100,1551275,2010-01-26 00:00:00,1
2010-01-28 00:00:00,2010-01-28 00:00:00,76,2010-01-28 00:00:00,73,74.5,67,145000,10798675,2010-01-28 00:00:00,1
2010-02-01 00:00:00,2010-02-01 00:00:00,79,2010-02-01 00:00:00,75,77,57,107700,8225600,2010-02-01 00:00:00,1
2010-02-02 00:00:00,2010-02-02 00:00:00,83,2010-02-02 00:00:00,78.25,82,168,684800,54802050,2010-02-02 00:00:00,1
2010-02-03 00:00:00,2010-02-03 00:00:00,90,2010-02-03 00:00:00,83,87,176,1841500,164837650,2010-02-03 00:00:00,1
2010-02-05 00:00:00,2010-02-05 00:00:00,88,2010-02-05 00:00:00,85,85.5,69,223000,19254700,2010-02-05 00:00:00,1
2010-02-08 00:00:00,2010-02-08 00:00:00,98.25,2010-02-08 00:00:00,90,97.25,209,383600,36861050,2010-02-08 00:00:00,1
2010-02-09 00:00:00,2010-02-09 00:00:00,105,2010-02-09 00:00:00,93,97.25,125,158400,15160250,2010-02-09 00:00:00,1
2010-02-10 00:00:00,2010-02-10 00:00:00,103,2010-02-10 00:00:00,97.25,100.5,151,658800,66656400,2010-02-10 00:00:00,1
2010-02-11 00:00:00,2010-02-11 00:00:00,100.75,2010-02-11 00:00:00,97.25,97.5,49,104400,10312300,2010-02-11 00:00:00,1
2010-02-12 00:00:00,2010-02-12 00:00:00,98,2010-02-12 00:00:00,95.25,96,34,21500,2066725,2010-02-12 00:00:00,1
2010-02-15 00:00:00,2010-02-15 00:00:00,98,2010-02-15 00:00:00,95.25,97.5,20,10800,1049000,2010-02-15 00:00:00,1
2010-02-16 00:00:00,2010-02-16 00:00:00,97,2010-02-16 00:00:00,95,95,27,33300,3204750,2010-02-16 00:00:00,1
2010-02-17 00:00:00,2010-02-17 00:00:00,96.75,2010-02-17 00:00:00,95,96,8,11400,1094150,2010-02-17 00:00:00,1
2010-02-18 00:00:00,2010-02-18 00:00:00,98,2010-02-18 00:00:00,95,95,30,53200,5071450,2010-02-18 00:00:00,1
2010-02-19 00:00:00,2010-02-19 00:00:00,100,2010-02-19 00:00:00,97,97.75,5,3000,292900,2010-02-19 00:00:00,1
2010-02-22 00:00:00,2010-02-22 00:00:00,100.25,2010-02-22 00:00:00,98,98.75,59,57100,5695350,2010-02-22 00:00:00,1
2010-02-23 00:00:00,2010-02-23 00:00:00,99.75,2010-02-23 00:00:00,98.25,99,25,18100,1797475,2010-02-23 00:00:00,1
2010-02-24 00:00:00,2010-02-24 00:00:00,99,2010-02-24 00:00:00,95,98,13,9800,960625,2010-02-24 00:00:00,1
2010-02-25 00:00:00,2010-02-25 00:00:00,99,2010-02-25 00:00:00,95.5,98.75,13,5600,552775,2010-02-25 00:00:00,1
2010-02-26 00:00:00,2010-02-26 00:00:00,102,2010-02-26 00:00:00,97.5,100.25,73,418200,42049550,2010-02-26 00:00:00,1
2010-03-01 00:00:00,2010-03-01 00:00:00,112,2010-03-01 00:00:00,100.25,109.25,274,723900,78267700,2010-03-01 00:00:00,1
2010-03-02 00:00:00,2010-03-02 00:00:00,114.5,2010-03-02 00:00:00,110,114,191,339400,38112200,2010-03-02 00:00:00,1
2010-03-03 00:00:00,2010-03-03 00:00:00,114.75,2010-03-03 00:00:00,110,111,50,59100,6588100,2010-03-03 00:00:00,1
2010-03-04 00:00:00,2010-03-04 00:00:00,113.25,2010-03-04 00:00:00,110.5,113,54,198300,22270425,2010-03-04 00:00:00,1
2010-03-05 00:00:00,2010-03-05 00:00:00,114,2010-03-05 00:00:00,113,113.75,30,26300,2992225,2010-03-05 00:00:00,1
2010-03-08 00:00:00,2010-03-08 00:00:00,114,2010-03-08 00:00:00,111.25,112,35,43900,4922200,2010-03-08 00:00:00,1
2010-03-09 00:00:00,2010-03-09 00:00:00,112,2010-03-09 00:00:00,110.25,112,12,8400,935525,2010-03-09 00:00:00,1
2010-03-10 00:00:00,2010-03-10 00:00:00,112,2010-03-10 00:00:00,112,112,23,34500,3864000,2010-03-10 00:00:00,1
2010-03-11 00:00:00,2010-03-11 00:00:00,113,2010-03-11 00:00:00,111,113,23,32800,3688475,2010-03-11 00:00:00,1
2010-03-12 00:00:00,2010-03-12 00:00:00,116.5,2010-03-12 00:00:00,113.5,116,43,147700,16989150,2010-03-12 00:00:00,1
2010-03-15 00:00:00,2010-03-15 00:00:00,116,2010-03-15 00:00:00,114,115.25,19,14600,1674850,2010-03-15 00:00:00,1
2010-03-16 00:00:00,2010-03-16 00:00:00,115,2010-03-16 00:00:00,114.25,114.5,6,4400,503875,2010-03-16 00:00:00,1
2010-03-17 00:00:00,2010-03-17 00:00:00,114.5,2010-03-17 00:00:00,113,113.75,20,9500,1082600,2010-03-17 00:00:00,1
2010-03-18 00:00:00,2010-03-18 00:00:00,112.5,2010-03-18 00:00:00,110,111.5,24,42700,4776400,2010-03-18 00:00:00,1
2010-03-19 00:00:00,2010-03-19 00:00:00,111.75,2010-03-19 00:00:00,110,110,32,67700,7509450,2010-03-19 00:00:00,1
2010-03-22 00:00:00,2010-03-22 00:00:00,112,2010-03-22 00:00:00,110,111.25,12,45800,5040150,2010-03-22 00:00:00,1
2010-03-23 00:00:00,2010-03-23 00:00:00,111,2010-03-23 00:00:00,110,110,14,24700,2717550,2010-03-23 00:00:00,1
2010-03-24 00:00:00,2010-03-24 00:00:00,108,2010-03-24 00:00:00,107,108,13,18400,1985200,2010-03-24 00:00:00,1
2010-03-25 00:00:00,2010-03-25 00:00:00,112,2010-03-25 00:00:00,105,110,27,72000,7908500,2010-03-25 00:00:00,1
2010-03-26 00:00:00,2010-03-26 00:00:00,113,2010-03-26 00:00:00,110,112.75,22,37600,4212275,2010-03-26 00:00:00,1
2010-03-30 00:00:00,2010-03-30 00:00:00,113,2010-03-30 00:00:00,111.5,113,24,40000,4505500,2010-03-30 00:00:00,1
2010-03-31 00:00:00,2010-03-31 00:00:00,113,2010-03-31 00:00:00,110,113,6,5000,564700,2010-03-31 00:00:00,1
2010-04-01 00:00:00,2010-04-01 00:00:00,113,2010-04-01 00:00:00,111,113,20,28400,3205500,2010-04-01 00:00:00,1
2010-04-05 00:00:00,2010-04-05 00:00:00,114,2010-04-05 00:00:00,111,113,29,59600,6733350,2010-04-05 00:00:00,1
2010-04-06 00:00:00,2010-04-06 00:00:00,118,2010-04-06 00:00:00,113,116.75,67,330800,38376950,2010-04-06 00:00:00,1
2010-04-07 00:00:00,2010-04-07 00:00:00,118,2010-04-07 00:00:00,116,116,52,182100,21222825,2010-04-07 00:00:00,1
2010-04-08 00:00:00,2010-04-08 00:00:00,120,2010-04-08 00:00:00,115,117.25,43,231700,27080625,2010-04-08 00:00:00,1
2010-04-12 00:00:00,2010-04-12 00:00:00,122.5,2010-04-12 00:00:00,117.5,119.75,27,70000,8272725,2010-04-12 00:00:00,1
2010-04-15 00:00:00,2010-04-15 00:00:00,120,2010-04-15 00:00:00,118,119.75,29,80800,9695600,2010-04-15 00:00:00,1
2010-04-16 00:00:00,2010-04-16 00:00:00,120,2010-04-16 00:00:00,119.5,120,24,92300,11065550,2010-04-16 00:00:00,1
2010-04-19 00:00:00,2010-04-19 00:00:00,125,2010-04-19 00:00:00,120,124,78,192000,23872900,2010-04-19 00:00:00,1
2010-04-20 00:00:00,2010-04-20 00:00:00,126,2010-04-20 00:00:00,124,125,51,155200,19396450,2010-04-20 00:00:00,1
2010-04-21 00:00:00,2010-04-21 00:00:00,129,2010-04-21 00:00:00,123.75,125.5,42,31400,3931425,2010-04-21 00:00:00,1
2010-04-22 00:00:00,2010-04-22 00:00:00,135,2010-04-22 00:00:00,126,133,83,201100,26609825,2010-04-22 00:00:00,1
2010-04-23 00:00:00,2010-04-23 00:00:00,140,2010-04-23 00:00:00,134.25,140,118,174300,24304900,2010-04-23 00:00:00,1
2010-04-26 00:00:00,2010-04-26 00:00:00,145,2010-04-26 00:00:00,141,143.25,44,57900,8348750,2010-04-26 00:00:00,1
2010-04-27 00:00:00,2010-04-27 00:00:00,143,2010-04-27 00:00:00,141,142.25,23,12500,1773450,2010-04-27 00:00:00,1
2010-04-29 00:00:00,2010-04-29 00:00:00,142,2010-04-29 00:00:00,138,140,27,22400,3155350,2010-04-29 00:00:00,1
2010-04-30 00:00:00,2010-04-30 00:00:00,142,2010-04-30 00:00:00,140,140.5,12,9100,1277500,2010-04-30 00:00:00,1
2010-05-03 00:00:00,2010-05-03 00:00:00,142,2010-05-03 00:00:00,135,139.75,25,14300,2002050,2010-05-03 00:00:00,1
2010-05-04 00:00:00,2010-05-04 00:00:00,140,2010-05-04 00:00:00,139.75,139.75,10,2700,377850,2010-05-04 00:00:00,1
2010-05-05 00:00:00,2010-05-05 00:00:00,142,2010-05-05 00:00:00,139.75,140.75,65,106800,15046225,2010-05-05 00:00:00,1
2010-05-06 00:00:00,2010-05-06 00:00:00,145,2010-05-06 00:00:00,141.5,144.75,55,79800,11532375,2010-05-06 00:00:00,1
2010-05-07 00:00:00,2010-05-07 00:00:00,143,2010-05-07 00:00:00,140.25,141.75,28,45800,6504625,2010-05-07 00:00:00,1
2010-05-10 00:00:00,2010-05-10 00:00:00,145,2010-05-10 00:00:00,142,143,31,97800,13953925,2010-05-10 00:00:00,1
2010-05-11 00:00:00,2010-05-11 00:00:00,145,2010-05-11 00:00:00,142.5,144.5,67,174000,25091425,2010-05-11 00:00:00,1
2010-05-12 00:00:00,2010-05-12 00:00:00,143,2010-05-12 00:00:00,141,141.5,14,4100,584150,2010-05-12 00:00:00,1
2010-05-13 00:00:00,2010-05-13 00:00:00,143.75,2010-05-13 00:00:00,140,140,57,123700,17341300,2010-05-13 00:00:00,1
2010-05-14 00:00:00,2010-05-14 00:00:00,141,2010-05-14 00:00:00,140,140.25,15,161500,22612525,2010-05-14 00:00:00,1
2010-05-17 00:00:00,2010-05-17 00:00:00,142,2010-05-17 00:00:00,138,138.5,17,18800,2610675,2010-05-17 00:00:00,1
2010-05-18 00:00:00,2010-05-18 00:00:00,140,2010-05-18 00:00:00,137.5,139.75,26,52000,7275000,2010-05-18 00:00:00,1
2010-05-19 00:00:00,2010-05-19 00:00:00,141,2010-05-19 00:00:00,138,140,17,10700,1499200,2010-05-19 00:00:00,1
2010-05-20 00:00:00,2010-05-20 00:00:00,139.25,2010-05-20 00:00:00,137.5,138.75,23,54000,7489125,2010-05-20 00:00:00,1
2010-05-21 00:00:00,2010-05-21 00:00:00,138.5,2010-05-21 00:00:00,138,138.5,14,76900,10623200,2010-05-21 00:00:00,1
2010-05-24 00:00:00,2010-05-24 00:00:00,138.5,2010-05-24 00:00:00,137.75,137.75,10,104500,14471000,2010-05-24 00:00:00,1
2010-05-25 00:00:00,2010-05-25 00:00:00,137.75,2010-05-25 00:00:00,135,135.25,25,172600,23482700,2010-05-25 00:00:00,1
2010-05-26 00:00:00,2010-05-26 00:00:00,136,2010-05-26 00:00:00,134.75,135,13,17100,2309175,2010-05-26 00:00:00,1
2010-05-31 00:00:00,2010-05-31 00:00:00,136,2010-05-31 00:00:00,133.25,134,23,29900,4026250,2010-05-31 00:00:00,1
2010-06-01 00:00:00,2010-06-01 00:00:00,133.5,2010-06-01 00:00:00,133.5,133.5,10,22700,3030450,2010-06-01 00:00:00,1
2010-06-02 00:00:00,2010-06-02 00:00:00,133.5,2010-06-02 00:00:00,132.25,133,26,140200,18659225,2010-06-02 00:00:00,1
2010-06-03 00:00:00,2010-06-03 00:00:00,135,2010-06-03 00:00:00,130,132.5,59,249900,32671600,2010-06-03 00:00:00,1
2010-06-04 00:00:00,2010-06-04 00:00:00,133,2010-06-04 00:00:00,130.25,132,36,129000,16944125,2010-06-04 00:00:00,1
2010-06-07 00:00:00,2010-06-07 00:00:00,147.5,2010-06-07 00:00:00,132,145.25,218,804100,115595250,2010-06-07 00:00:00,1
2010-06-08 00:00:00,2010-06-08 00:00:00,155,2010-06-08 00:00:00,147,153.5,160,248700,37812850,2010-06-08 00:00:00,1
2010-06-09 00:00:00,2010-06-09 00:00:00,162,2010-06-09 00:00:00,154.25,156.5,66,177300,27875125,2010-06-09 00:00:00,1
2010-06-10 00:00:00,2010-06-10 00:00:00,161,2010-06-10 00:00:00,157,160,58,131900,21080700,2010-06-10 00:00:00,1
2010-06-11 00:00:00,2010-06-11 00:00:00,160,2010-06-11 00:00:00,158.75,160,36,100700,16101875,2010-06-11 00:00:00,1
2010-06-14 00:00:00,2010-06-14 00:00:00,168.75,2010-06-14 00:00:00,161.25,168.75,36,20300,3364925,2010-06-14 00:00:00,1
2010-06-15 00:00:00,2010-06-15 00:00:00,169,2010-06-15 00:00:00,160,166.5,37,44000,7391475,2010-06-15 00:00:00,1
2010-06-16 00:00:00,2010-06-16 00:00:00,167.75,2010-06-16 00:00:00,163.5,164.25,12,3600,593575,2010-06-16 00:00:00,1
2010-06-17 00:00:00,2010-06-17 00:00:00,165,2010-06-17 00:00:00,158,160,23,43300,6953175,2010-06-17 00:00:00,1
2010-06-21 00:00:00,2010-06-21 00:00:00,160,2010-06-21 00:00:00,156.75,158.75,24,54000,8548750,2010-06-21 00:00:00,1
2010-06-22 00:00:00,2010-06-22 00:00:00,160,2010-06-22 00:00:00,158,160,12,12700,2031525,2010-06-22 00:00:00,1
2010-06-23 00:00:00,2010-06-23 00:00:00,160,2010-06-23 00:00:00,156,157.75,24,53100,8428200,2010-06-23 00:00:00,1
2010-06-24 00:00:00,2010-06-24 00:00:00,160,2010-06-24 00:00:00,156,159,21,12800,2027725,2010-06-24 00:00:00,1
2010-06-28 00:00:00,2010-06-28 00:00:00,167.5,2010-06-28 00:00:00,161,164,32,36500,5990400,2010-06-28 00:00:00,1
2010-06-29 00:00:00,2010-06-29 00:00:00,164,2010-06-29 00:00:00,160,160.5,7,2400,386100,2010-06-29 00:00:00,1
2010-06-30 00:00:00,2010-06-30 00:00:00,161,2010-06-30 00:00:00,158,159.75,12,5000,799575,2010-06-30 00:00:00,1
2010-07-01 00:00:00,2010-07-01 00:00:00,162,2010-07-01 00:00:00,158,160,7,3800,606700,2010-07-01 00:00:00,1
2010-07-02 00:00:00,2010-07-02 00:00:00,160,2010-07-02 00:00:00,160,160,3,1800,288000,2010-07-02 00:00:00,1
2010-07-05 00:00:00,2010-07-05 00:00:00,159,2010-07-05 00:00:00,156.5,157.5,17,9400,1477425,2010-07-05 00:00:00,1
2010-07-06 00:00:00,2010-07-06 00:00:00,160,2010-07-06 00:00:00,156,157.75,27,40200,6323400,2010-07-06 00:00:00,1
2010-07-07 00:00:00,2010-07-07 00:00:00,156,2010-07-07 00:00:00,152.5,152.5,16,15900,2452025,2010-07-07 00:00:00,1
2010-07-08 00:00:00,2010-07-08 00:00:00,156,2010-07-08 00:00:00,151,155.5,10,23400,3633400,2010-07-08 00:00:00,1
2010-07-09 00:00:00,2010-07-09 00:00:00,155,2010-07-09 00:00:00,152,152.5,9,3200,490300,2010-07-09 00:00:00,1
2010-07-12 00:00:00,2010-07-12 00:00:00,155,2010-07-12 00:00:00,152,153,9,2100,321600,2010-07-12 00:00:00,1
2010-07-13 00:00:00,2010-07-13 00:00:00,160,2010-07-13 00:00:00,152,159.25,21,28100,4450025,2010-07-13 00:00:00,1
2010-07-14 00:00:00,2010-07-14 00:00:00,167,2010-07-14 00:00:00,159.25,165,162,387000,62704600,2010-07-14 00:00:00,1
2010-07-15 00:00:00,2010-07-15 00:00:00,167,2010-07-15 00:00:00,164,165,29,29700,4906350,2010-07-15 00:00:00,1
2010-07-16 00:00:00,2010-07-16 00:00:00,173,2010-07-16 00:00:00,165.75,166,107,167100,28082575,2010-07-16 00:00:00,1
2010-07-19 00:00:00,2010-07-19 00:00:00,170,2010-07-19 00:00:00,166,167.5,67,69000,11708300,2010-07-19 00:00:00,1
2010-07-20 00:00:00,2010-07-20 00:00:00,172,2010-07-20 00:00:00,168,170,88,126700,21571300,2010-07-20 00:00:00,1
2010-07-21 00:00:00,2010-07-21 00:00:00,173,2010-07-21 00:00:00,170,173,43,104200,17981150,2010-07-21 00:00:00,1
2010-07-22 00:00:00,2010-07-22 00:00:00,178,2010-07-22 00:00:00,171.5,177.5,83,442600,78254125,2010-07-22 00:00:00,1
2010-07-23 00:00:00,2010-07-23 00:00:00,180,2010-07-23 00:00:00,175,179.75,69,117500,21008775,2010-07-23 00:00:00,1
2010-07-26 00:00:00,2010-07-26 00:00:00,182,2010-07-26 00:00:00,179,180.5,34,142100,25584275,2010-07-26 00:00:00,1
2010-07-27 00:00:00,2010-07-27 00:00:00,182,2010-07-27 00:00:00,179,182,57,206800,37310425,2010-07-27 00:00:00,1
2010-07-28 00:00:00,2010-07-28 00:00:00,189.5,2010-07-28 00:00:00,182,186.25,63,122400,22614825,2010-07-28 00:00:00,1
2010-07-29 00:00:00,2010-07-29 00:00:00,195,2010-07-29 00:00:00,188,188.75,111,214900,40776875,2010-07-29 00:00:00,1
2010-07-30 00:00:00,2010-07-30 00:00:00,190,2010-07-30 00:00:00,186,189.25,29,151500,28780600,2010-07-30 00:00:00,1
2010-08-02 00:00:00,2010-08-02 00:00:00,195,2010-08-02 00:00:00,190,190.2,16,9000,1714070,2010-08-02 00:00:00,1
2010-08-03 00:00:00,2010-08-03 00:00:00,190,2010-08-03 00:00:00,188,188.5,30,150500,28354080,2010-08-03 00:00:00,1
2010-08-04 00:00:00,2010-08-04 00:00:00,190,2010-08-04 00:00:00,186,188.9,28,68400,12905570,2010-08-04 00:00:00,1
2010-08-05 00:00:00,2010-08-05 00:00:00,190,2010-08-05 00:00:00,180,187.7,39,144900,26562750,2010-08-05 00:00:00,1
2010-08-06 00:00:00,2010-08-06 00:00:00,186,2010-08-06 00:00:00,183,183.8,23,57500,10620300,2010-08-06 00:00:00,1
2010-08-09 00:00:00,2010-08-09 00:00:00,180,2010-08-09 00:00:00,171,174.5,37,156400,27420800,2010-08-09 00:00:00,1
2010-08-10 00:00:00,2010-08-10 00:00:00,185,2010-08-10 00:00:00,170,184.1,55,95600,16736890,2010-08-10 00:00:00,1
2010-08-11 00:00:00,2010-08-11 00:00:00,190,2010-08-11 00:00:00,183.5,185,45,145800,27156440,2010-08-11 00:00:00,1
2010-08-12 00:00:00,2010-08-12 00:00:00,185,2010-08-12 00:00:00,172,182.1,9,2100,378720,2010-08-12 00:00:00,1
2010-08-13 00:00:00,2010-08-13 00:00:00,185,2010-08-13 00:00:00,178,184.8,11,3700,679160,2010-08-13 00:00:00,1
2010-08-16 00:00:00,2010-08-16 00:00:00,184,2010-08-16 00:00:00,182,183.5,10,4900,896800,2010-08-16 00:00:00,1
2010-08-17 00:00:00,2010-08-17 00:00:00,185,2010-08-17 00:00:00,182,183.5,15,23200,4260080,2010-08-17 00:00:00,1
2010-08-18 00:00:00,2010-08-18 00:00:00,189.8,2010-08-18 00:00:00,184.9,187,43,276200,51116670,2010-08-18 00:00:00,1
2010-08-19 00:00:00,2010-08-19 00:00:00,190,2010-08-19 00:00:00,186,187.1,22,27300,5095300,2010-08-19 00:00:00,1
2010-08-20 00:00:00,2010-08-20 00:00:00,190,2010-08-20 00:00:00,185,188.1,8,2700,508430,2010-08-20 00:00:00,1
2010-08-23 00:00:00,2010-08-23 00:00:00,190,2010-08-23 00:00:00,185,190,21,292900,55647320,2010-08-23 00:00:00,1
2010-08-25 00:00:00,2010-08-25 00:00:00,195,2010-08-25 00:00:00,190,192.3,28,103100,19680890,2010-08-25 00:00:00,1
2010-08-26 00:00:00,2010-08-26 00:00:00,194,2010-08-26 00:00:00,188,192.1,12,20600,3940940,2010-08-26 00:00:00,1
2010-08-27 00:00:00,2010-08-27 00:00:00,197,2010-08-27 00:00:00,190,192,29,93500,17860100,2010-08-27 00:00:00,1
2010-08-30 00:00:00,2010-08-30 00:00:00,194.8,2010-08-30 00:00:00,192.5,192.6,19,23800,4584510,2010-08-30 00:00:00,1
2010-08-31 00:00:00,2010-08-31 00:00:00,194,2010-08-31 00:00:00,190,193,17,26300,5075100,2010-08-31 00:00:00,1
2010-09-01 00:00:00,2010-09-01 00:00:00,195,2010-09-01 00:00:00,193,193,25,20400,3957990,2010-09-01 00:00:00,1
2010-09-02 00:00:00,2010-09-02 00:00:00,210,2010-09-02 00:00:00,193.1,199.6,52,109400,21568360,2010-09-02 00:00:00,1
2010-09-03 00:00:00,2010-09-03 00:00:00,215,2010-09-03 00:00:00,200,210,93,149500,31490150,2010-09-03 00:00:00,1
2010-09-06 00:00:00,2010-09-06 00:00:00,215,2010-09-06 00:00:00,200.1,207.5,13,3200,670810,2010-09-06 00:00:00,1
2010-09-07 00:00:00,2010-09-07 00:00:00,214,2010-09-07 00:00:00,205,211.4,33,31300,6583300,2010-09-07 00:00:00,1
2010-09-08 00:00:00,2010-09-08 00:00:00,214.5,2010-09-08 00:00:00,206.1,209.1,28,13400,2815780,2010-09-08 00:00:00,1
2010-09-09 00:00:00,2010-09-09 00:00:00,215.5,2010-09-09 00:00:00,205,214.7,52,86000,18379930,2010-09-09 00:00:00,1
2010-09-13 00:00:00,2010-09-13 00:00:00,236.1,2010-09-13 00:00:00,215,236.1,161,631800,144529340,2010-09-13 00:00:00,1
2010-09-14 00:00:00,2010-09-14 00:00:00,259.7,2010-09-14 00:00:00,245,259.7,205,342000,87718030,2010-09-14 00:00:00,1
2010-09-15 00:00:00,2010-09-15 00:00:00,285.6,2010-09-15 00:00:00,260.3,279.1,377,361300,101597880,2010-09-15 00:00:00,1
2010-09-16 00:00:00,2010-09-16 00:00:00,290,2010-09-16 00:00:00,275,286.8,153,204600,58532120,2010-09-16 00:00:00,1
2010-09-17 00:00:00,2010-09-17 00:00:00,300.5,2010-09-17 00:00:00,280,295.7,158,165000,49093600,2010-09-17 00:00:00,1
2010-09-20 00:00:00,2010-09-20 00:00:00,320,2010-09-20 00:00:00,300,307.7,180,237000,73353750,2010-09-20 00:00:00,1
2010-09-21 00:00:00,2010-09-21 00:00:00,310,2010-09-21 00:00:00,303,307.3,81,100300,30943190,2010-09-21 00:00:00,1
2010-09-23 00:00:00,2010-09-23 00:00:00,300,2010-09-23 00:00:00,291.5,299.5,74,395000,118405190,2010-09-23 00:00:00,1
2010-09-24 00:00:00,2010-09-24 00:00:00,316,2010-09-24 00:00:00,300,308,226,296400,90824900,2010-09-24 00:00:00,1
2010-09-27 00:00:00,2010-09-27 00:00:00,325,2010-09-27 00:00:00,311.1,319.6,113,91100,29146380,2010-09-27 00:00:00,1
2010-09-28 00:00:00,2010-09-28 00:00:00,322,2010-09-28 00:00:00,312.5,319.7,81,62400,19867350,2010-09-28 00:00:00,1
2010-09-29 00:00:00,2010-09-29 00:00:00,319.9,2010-09-29 00:00:00,300,314.8,45,19300,6005250,2010-09-29 00:00:00,1
2010-09-30 00:00:00,2010-09-30 00:00:00,320,2010-09-30 00:00:00,295,315.2,94,73500,23191700,2010-09-30 00:00:00,1
2010-10-01 00:00:00,2010-10-01 00:00:00,320,2010-10-01 00:00:00,314,315.5,46,60500,19065520,2010-10-01 00:00:00,1
2010-10-04 00:00:00,2010-10-04 00:00:00,315,2010-10-04 00:00:00,305,309.8,21,39700,12334600,2010-10-04 00:00:00,1
2010-10-05 00:00:00,2010-10-05 00:00:00,310,2010-10-05 00:00:00,303,305.3,69,97400,29937580,2010-10-05 00:00:00,1
2010-10-06 00:00:00,2010-10-06 00:00:00,325,2010-10-06 00:00:00,290,299.7,41,54400,16332100,2010-10-06 00:00:00,1
2010-10-07 00:00:00,2010-10-07 00:00:00,299,2010-10-07 00:00:00,280,290.5,100,64000,18708180,2010-10-07 00:00:00,1
2010-10-08 00:00:00,2010-10-08 00:00:00,296.8,2010-10-08 00:00:00,286,294,62,41600,12229850,2010-10-08 00:00:00,1
2010-10-11 00:00:00,2010-10-11 00:00:00,310,2010-10-11 00:00:00,296.8,299.1,54,55300,16614030,2010-10-11 00:00:00,1
2010-10-12 00:00:00,2010-10-12 00:00:00,300,2010-10-12 00:00:00,280,288.5,43,27200,7941670,2010-10-12 00:00:00,1
2010-10-13 00:00:00,2010-10-13 00:00:00,310,2010-10-13 00:00:00,280.5,299.6,96,66900,19379470,2010-10-13 00:00:00,1
2010-10-14 00:00:00,2010-10-14 00:00:00,300.1,2010-10-14 00:00:00,287,287.1,44,51700,14952470,2010-10-14 00:00:00,1
2010-10-15 00:00:00,2010-10-15 00:00:00,299,2010-10-15 00:00:00,285.5,294.1,50,76800,22240720,2010-10-15 00:00:00,1
2010-10-18 00:00:00,2010-10-18 00:00:00,300.1,2010-10-18 00:00:00,294.1,299,53,60400,17989110,2010-10-18 00:00:00,1
2010-10-19 00:00:00,2010-10-19 00:00:00,309,2010-10-19 00:00:00,299,305,78,98800,30098410,2010-10-19 00:00:00,1
2010-10-20 00:00:00,2010-10-20 00:00:00,308,2010-10-20 00:00:00,300,304.7,37,16200,4966410,2010-10-20 00:00:00,1
2010-10-21 00:00:00,2010-10-21 00:00:00,325,2010-10-21 00:00:00,302,323.9,177,266300,83853060,2010-10-21 00:00:00,1
2010-10-25 00:00:00,2010-10-25 00:00:00,336,2010-10-25 00:00:00,320,329.7,214,243300,79298890,2010-10-25 00:00:00,1
2010-10-26 00:00:00,2010-10-26 00:00:00,335,2010-10-26 00:00:00,320.1,324.6,83,"28,383,100    9",",224,821,810.00",2010-10-26 00:00:00,1
2010-10-27 00:00:00,2010-10-27 00:00:00,320.2,2010-10-27 00:00:00,310,317.4,63,30100,9537950,2010-10-27 00:00:00,1
2010-10-28 00:00:00,2010-10-28 00:00:00,318,2010-10-28 00:00:00,310,315.7,53,141400,44617400,2010-10-28 00:00:00,1
2010-10-29 00:00:00,2010-10-29 00:00:00,320,2010-10-29 00:00:00,307,319.4,37,40600,12914010,2010-10-29 00:00:00,1
2010-11-01 00:00:00,2010-11-01 00:00:00,325,2010-11-01 00:00:00,311,320,42,172700,54841940,2010-11-01 00:00:00,1
2010-11-02 00:00:00,2010-11-02 00:00:00,320,2010-11-02 00:00:00,315,317.1,28,56300,17857410,2010-11-02 00:00:00,1
2010-11-03 00:00:00,2010-11-03 00:00:00,317,2010-11-03 00:00:00,315,316.7,26,30800,9730280,2010-11-03 00:00:00,1
2010-11-04 00:00:00,2010-11-04 00:00:00,315.1,2010-11-04 00:00:00,312,313.9,29,129100,40659700,2010-11-04 00:00:00,1
2010-11-08 00:00:00,2010-11-08 00:00:00,315,2010-11-08 00:00:00,306,314,31,86700,27134090,2010-11-08 00:00:00,1
2010-11-09 00:00:00,2010-11-09 00:00:00,310,2010-11-09 00:00:00,302,307.8,15,2900,895470,2010-11-09 00:00:00,1
2010-11-10 00:00:00,2010-11-10 00:00:00,305.1,2010-11-10 00:00:00,302.5,303.2,15,4600,1394490,2010-11-10 00:00:00,1
2010-11-11 00:00:00,2010-11-11 00:00:00,305,2010-11-11 00:00:00,300,304.7,27,157400,47324540,2010-11-11 00:00:00,1
2010-11-12 00:00:00,2010-11-12 00:00:00,307,2010-11-12 00:00:00,300,305.1,20,10300,3136990,2010-11-12 00:00:00,1
2010-11-15 00:00:00,2010-11-15 00:00:00,309.9,2010-11-15 00:00:00,300.5,300.5,20,12300,3747450,2010-11-15 00:00:00,1
2010-11-16 00:00:00,2010-11-16 00:00:00,304.9,2010-11-16 00:00:00,292.5,296.9,21,218000,66190580,2010-11-16 00:00:00,1
2010-11-18 00:00:00,2010-11-18 00:00:00,300,2010-11-18 00:00:00,295,298,26,42400,12708880,2010-11-18 00:00:00,1
2010-11-22 00:00:00,2010-11-22 00:00:00,300,2010-11-22 00:00:00,296,297,24,401400,120392900,2010-11-22 00:00:00,1
2010-11-23 00:00:00,2010-11-23 00:00:00,295.1,2010-11-23 00:00:00,290,290.1,13,8700,2561840,2010-11-23 00:00:00,1
2010-11-24 00:00:00,2010-11-24 00:00:00,295,2010-11-24 00:00:00,290,295,11,14900,4369860,2010-11-24 00:00:00,1
2010-11-25 00:00:00,2010-11-25 00:00:00,319,2010-11-25 00:00:00,290,310.9,380,704600,214592620,2010-11-25 00:00:00,1
2010-11-26 00:00:00,2010-11-26 00:00:00,308,2010-11-26 00:00:00,299.1,299.9,48,42300,12742720,2010-11-26 00:00:00,1
2010-11-29 00:00:00,2010-11-29 00:00:00,300,2010-11-29 00:00:00,283,286.4,45,69500,20387820,2010-11-29 00:00:00,1
2010-11-30 00:00:00,2010-11-30 00:00:00,298,2010-11-30 00:00:00,287.1,292.1,64,69100,20156510,2010-11-30 00:00:00,1
2010-12-01 00:00:00,2010-12-01 00:00:00,308,2010-12-01 00:00:00,297,303.8,49,149100,45365330,2010-12-01 00:00:00,1
2010-12-02 00:00:00,2010-12-02 00:00:00,305.1,2010-12-02 00:00:00,297.3,297.9,16,37000,11192580,2010-12-02 00:00:00,1
2010-12-03 00:00:00,2010-12-03 00:00:00,300,2010-12-03 00:00:00,296,297,11,14900,4428690,2010-12-03 00:00:00,1
2010-12-06 00:00:00,2010-12-06 00:00:00,296.9,2010-12-06 00:00:00,295.5,296.5,3,600,177910,2010-12-06 00:00:00,1
2010-12-07 00:00:00,2010-12-07 00:00:00,292.1,2010-12-07 00:00:00,285,290,11,5300,1535720,2010-12-07 00:00:00,1
2010-12-08 00:00:00,2010-12-08 00:00:00,295,2010-12-08 00:00:00,290,290.9,29,29500,8620630,2010-12-08 00:00:00,1
2010-12-09 00:00:00,2010-12-09 00:00:00,290.9,2010-12-09 00:00:00,289,289.6,13,20100,5844760,2010-12-09 00:00:00,1
2010-12-10 00:00:00,2010-12-10 00:00:00,296.9,2010-12-10 00:00:00,288,289.3,27,30500,8823400,2010-12-10 00:00:00,1
2010-12-13 00:00:00,2010-12-13 00:00:00,290,2010-12-13 00:00:00,287,287.5,6,800,230990,2010-12-13 00:00:00,1
2010-12-14 00:00:00,2010-12-14 00:00:00,285,2010-12-14 00:00:00,285,285,4,1400,399000,2010-12-14 00:00:00,1
2010-12-15 00:00:00,2010-12-15 00:00:00,285,2010-12-15 00:00:00,285,285,9,23200,6612000,2010-12-15 00:00:00,1
2010-12-16 00:00:00,2010-12-16 00:00:00,288,2010-12-16 00:00:00,285,285,26,12100,3450840,2010-12-16 00:00:00,1
2010-12-17 00:00:00,2010-12-17 00:00:00,287.9,2010-12-17 00:00:00,285,285.1,6,2400,685260,2010-12-17 00:00:00,1
2010-12-21 00:00:00,2010-12-21 00:00:00,289.9,2010-12-21 00:00:00,279,280.6,18,11700,3291580,2010-12-21 00:00:00,1
2010-12-22 00:00:00,2010-12-22 00:00:00,299,2010-12-22 00:00:00,285.5,285.5,17,11300,3253150,2010-12-22 00:00:00,1
2010-12-23 00:00:00,2010-12-23 00:00:00,290,2010-12-23 00:00:00,283.1,289.7,13,15500,4445740,2010-12-23 00:00:00,1
2010-12-24 00:00:00,2010-12-24 00:00:00,298,2010-12-24 00:00:00,288.8,297.9,10,11400,3313660,2010-12-24 00:00:00,1
2010-12-27 00:00:00,2010-12-27 00:00:00,300,2010-12-27 00:00:00,297,300,26,24300,7280700,2010-12-27 00:00:00,1
2010-12-28 00:00:00,2010-12-28 00:00:00,302.5,2010-12-28 00:00:00,300,300.4,14,29300,8790720,2010-12-28 00:00:00,1
2010-12-29 00:00:00,2010-12-29 00:00:00,300,2010-12-29 00:00:00,295,298.7,26,38600,11565720,2010-12-29 00:00:00,1
2010-12-30 00:00:00,2010-12-30 00:00:00,300,2010-12-30 00:00:00,295,297,28,14700,4379350,2010-12-30 00:00:00,1
2010-12-31 00:00:00,2010-12-31 00:00:00,308.9,2010-12-31 00:00:00,300,304.9,34,86800,26232260,2010-12-31 00:00:00,1
Company Id,:  REEF,Security,Type :  N,Sub Type,:  0000,,,,,
Short Name,:  CITRUS LEISURE,,,,,,,,,
Day,Date High,High,Date Low,Low,Closing,No. of Trades,No. of Shares,Turnover,Last Traded,Days Traded
2010-01-04 00:00:00,2010-01-04 00:00:00,2.2,2010-01-04 00:00:00,2,2.1,28,279000,586270,2010-01-04 00:00:00,1
2010-01-05 00:00:00,2010-01-05 00:00:00,2.2,2010-01-05 00:00:00,2.1,2.1,29,362600,763230,2010-01-05 00:00:00,1
2010-01-06 00:00:00,2010-01-06 00:00:00,2.2,2010-01-06 00:00:00,2.1,2.1,20,62500,132450,2010-01-06 00:00:00,1
2010-01-07 00:00:00,2010-01-07 00:00:00,2.2,2010-01-07 00:00:00,2.1,2.2,13,43800,92260,2010-01-07 00:00:00,1
2010-01-08 00:00:00,2010-01-08 00:00:00,2.2,2010-01-08 00:00:00,2.1,2.2,61,669700,1453040,2010-01-08 00:00:00,1
2010-01-11 00:00:00,2010-01-11 00:00:00,2.2,2010-01-11 00:00:00,2.1,2.1,11,17400,37770,2010-01-11 00:00:00,1
2010-01-12 00:00:00,2010-01-12 00:00:00,2.1,2010-01-12 00:00:00,2.1,2.1,10,107300,225330,2010-01-12 00:00:00,1
2010-01-13 00:00:00,2010-01-13 00:00:00,2.1,2010-01-13 00:00:00,2,2.1,30,266800,552780,2010-01-13 00:00:00,1
2010-01-15 00:00:00,2010-01-15 00:00:00,2.3,2010-01-15 00:00:00,2.1,2.2,70,1217800,2666010,2010-01-15 00:00:00,1
2010-01-18 00:00:00,2010-01-18 00:00:00,2.3,2010-01-18 00:00:00,2.2,2.2,33,435800,959580,2010-01-18 00:00:00,1
2010-01-19 00:00:00,2010-01-19 00:00:00,2.3,2010-01-19 00:00:00,2.1,2.2,32,301000,654580,2010-01-19 00:00:00,1
2010-01-20 00:00:00,2010-01-20 00:00:00,2.2,2010-01-20 00:00:00,2.1,2.2,13,167600,368520,2010-01-20 00:00:00,1
2010-01-21 00:00:00,2010-01-21 00:00:00,2.2,2010-01-21 00:00:00,2.1,2.1,27,680300,1436660,2010-01-21 00:00:00,1
2010-01-22 00:00:00,2010-01-22 00:00:00,2.2,2010-01-22 00:00:00,2,2.1,17,127900,268210,2010-01-22 00:00:00,1
2010-01-25 00:00:00,2010-01-25 00:00:00,2.2,2010-01-25 00:00:00,2.1,2.2,34,238200,522130,2010-01-25 00:00:00,1
2010-01-26 00:00:00,2010-01-26 00:00:00,2.4,2010-01-26 00:00:00,2.2,2.3,53,783300,1799040,2010-01-26 00:00:00,1
2010-01-28 00:00:00,2010-01-28 00:00:00,2.3,2010-01-28 00:00:00,2.1,2.2,52,586600,1286680,2010-01-28 00:00:00,1
2010-02-01 00:00:00,2010-02-01 00:00:00,2.4,2010-02-01 00:00:00,2.2,2.3,49,408900,935000,2010-02-01 00:00:00,1
2010-02-02 00:00:00,2010-02-02 00:00:00,2.4,2010-02-02 00:00:00,2.2,2.3,40,559300,1286660,2010-02-02 00:00:00,1
2010-02-03 00:00:00,2010-02-03 00:00:00,2.4,2010-02-03 00:00:00,2.3,2.3,53,371500,854460,2010-02-03 00:00:00,1
2010-02-05 00:00:00,2010-02-05 00:00:00,2.4,2010-02-05 00:00:00,2.2,2.3,63,1264000,2890700,2010-02-05 00:00:00,1
2010-02-08 00:00:00,2010-02-08 00:00:00,2.4,2010-02-08 00:00:00,2.3,2.3,37,421600,970540,2010-02-08 00:00:00,1
2010-02-09 00:00:00,2010-02-09 00:00:00,2.4,2010-02-09 00:00:00,2.3,2.3,26,642000,1476640,2010-02-09 00:00:00,1
2010-02-10 00:00:00,2010-02-10 00:00:00,2.4,2010-02-10 00:00:00,2.3,2.3,20,281600,648890,2010-02-10 00:00:00,1
2010-02-11 00:00:00,2010-02-11 00:00:00,2.3,2010-02-11 00:00:00,2.3,2.3,39,602600,1385980,2010-02-11 00:00:00,1
2010-02-12 00:00:00,2010-02-12 00:00:00,2.3,2010-02-12 00:00:00,2.2,2.3,24,601100,1381180,2010-02-12 00:00:00,1
2010-02-15 00:00:00,2010-02-15 00:00:00,2.4,2010-02-15 00:00:00,2.3,2.3,22,993500,2285360,2010-02-15 00:00:00,1
2010-02-16 00:00:00,2010-02-16 00:00:00,2.3,2010-02-16 00:00:00,2.2,2.3,14,157800,362770,2010-02-16 00:00:00,1
2010-02-17 00:00:00,2010-02-17 00:00:00,2.4,2010-02-17 00:00:00,2.3,2.3,14,133100,306230,2010-02-17 00:00:00,1
2010-02-18 00:00:00,2010-02-18 00:00:00,2.5,2010-02-18 00:00:00,2.3,2.4,149,1883300,4525150,2010-02-18 00:00:00,1
2010-02-19 00:00:00,2010-02-19 00:00:00,2.4,2010-02-19 00:00:00,2.3,2.4,5,7100,16980,2010-02-19 00:00:00,1
2010-02-22 00:00:00,2010-02-22 00:00:00,2.6,2010-02-22 00:00:00,2.3,2.5,232,3648500,9023360,2010-02-22 00:00:00,1
2010-02-23 00:00:00,2010-02-23 00:00:00,2.6,2010-02-23 00:00:00,2.5,2.5,132,2261500,5654230,2010-02-23 00:00:00,1
2010-02-24 00:00:00,2010-02-24 00:00:00,2.5,2010-02-24 00:00:00,2.4,2.4,55,683900,1645840,2010-02-24 00:00:00,1
2010-02-25 00:00:00,2010-02-25 00:00:00,2.4,2010-02-25 00:00:00,2.4,2.4,29,150700,361680,2010-02-25 00:00:00,1
2010-02-26 00:00:00,2010-02-26 00:00:00,2.4,2010-02-26 00:00:00,2.4,2.4,36,702500,1686000,2010-02-26 00:00:00,1
2010-03-01 00:00:00,2010-03-01 00:00:00,2.5,2010-03-01 00:00:00,2.3,2.4,66,970400,2328440,2010-03-01 00:00:00,1
2010-03-02 00:00:00,2010-03-02 00:00:00,2.4,2010-03-02 00:00:00,2.4,2.4,14,165700,397680,2010-03-02 00:00:00,1
2010-03-03 00:00:00,2010-03-03 00:00:00,2.4,2010-03-03 00:00:00,2.3,2.4,8,52100,125030,2010-03-03 00:00:00,1
2010-03-04 00:00:00,2010-03-04 00:00:00,2.4,2010-03-04 00:00:00,2.3,2.4,7,142500,341200,2010-03-04 00:00:00,1
2010-03-05 00:00:00,2010-03-05 00:00:00,2.6,2010-03-05 00:00:00,2.4,2.5,97,1298300,3208670,2010-03-05 00:00:00,1
2010-03-08 00:00:00,2010-03-08 00:00:00,2.6,2010-03-08 00:00:00,2.5,2.5,61,646200,1620000,2010-03-08 00:00:00,1
2010-03-09 00:00:00,2010-03-09 00:00:00,2.6,2010-03-09 00:00:00,2.4,2.5,52,598600,1496980,2010-03-09 00:00:00,1
2010-03-10 00:00:00,2010-03-10 00:00:00,2.5,2010-03-10 00:00:00,2.4,2.5,18,87900,219720,2010-03-10 00:00:00,1
2010-03-11 00:00:00,2010-03-11 00:00:00,2.6,2010-03-11 00:00:00,2.5,2.6,17,92700,233450,2010-03-11 00:00:00,1
2010-03-12 00:00:00,2010-03-12 00:00:00,2.6,2010-03-12 00:00:00,2.5,2.6,19,134500,343540,2010-03-12 00:00:00,1
2010-03-15 00:00:00,2010-03-15 00:00:00,2.6,2010-03-15 00:00:00,2.5,2.5,34,524400,1311260,2010-03-15 00:00:00,1
2010-03-16 00:00:00,2010-03-16 00:00:00,2.6,2010-03-16 00:00:00,2.5,2.5,24,311500,778760,2010-03-16 00:00:00,1
2010-03-17 00:00:00,2010-03-17 00:00:00,2.5,2010-03-17 00:00:00,2.4,2.4,46,595600,1430040,2010-03-17 00:00:00,1
2010-03-18 00:00:00,2010-03-18 00:00:00,2.5,2010-03-18 00:00:00,2.4,2.4,29,237900,572970,2010-03-18 00:00:00,1
2010-03-19 00:00:00,2010-03-19 00:00:00,2.5,2010-03-19 00:00:00,2.4,2.4,24,317300,761750,2010-03-19 00:00:00,1
2010-03-22 00:00:00,2010-03-22 00:00:00,2.5,2010-03-22 00:00:00,2.4,2.4,10,29300,71520,2010-03-22 00:00:00,1
2010-03-23 00:00:00,2010-03-23 00:00:00,2.5,2010-03-23 00:00:00,2.4,2.4,24,306700,736380,2010-03-23 00:00:00,1
2010-03-24 00:00:00,2010-03-24 00:00:00,2.4,2010-03-24 00:00:00,2.3,2.4,7,33200,79610,2010-03-24 00:00:00,1
2010-03-25 00:00:00,2010-03-25 00:00:00,2.4,2010-03-25 00:00:00,2.4,2.4,20,203600,488640,2010-03-25 00:00:00,1
2010-03-26 00:00:00,2010-03-26 00:00:00,2.5,2010-03-26 00:00:00,2.3,2.4,21,332300,797640,2010-03-26 00:00:00,1
2010-03-30 00:00:00,2010-03-30 00:00:00,2.4,2010-03-30 00:00:00,2.4,2.4,13,31700,76080,2010-03-30 00:00:00,1
2010-03-31 00:00:00,2010-03-31 00:00:00,2.4,2010-03-31 00:00:00,2.3,2.3,21,319100,734170,2010-03-31 00:00:00,1
2010-04-01 00:00:00,2010-04-01 00:00:00,2.5,2010-04-01 00:00:00,2.3,2.4,23,57400,137930,2010-04-01 00:00:00,1
2010-04-05 00:00:00,2010-04-05 00:00:00,2.5,2010-04-05 00:00:00,2.4,2.4,17,246300,591220,2010-04-05 00:00:00,1
2010-04-06 00:00:00,2010-04-06 00:00:00,2.6,2010-04-06 00:00:00,2.4,2.5,114,1320900,3292260,2010-04-06 00:00:00,1
2010-04-07 00:00:00,2010-04-07 00:00:00,2.7,2010-04-07 00:00:00,2.5,2.6,122,3210200,8329890,2010-04-07 00:00:00,1
2010-04-08 00:00:00,2010-04-08 00:00:00,2.9,2010-04-08 00:00:00,2.6,2.8,210,5152900,14301050,2010-04-08 00:00:00,1
2010-04-12 00:00:00,2010-04-12 00:00:00,2.9,2010-04-12 00:00:00,2.7,2.8,102,1039200,2928630,2010-04-12 00:00:00,1
2010-04-15 00:00:00,2010-04-15 00:00:00,2.9,2010-04-15 00:00:00,2.8,2.8,44,249100,699400,2010-04-15 00:00:00,1
2010-04-16 00:00:00,2010-04-16 00:00:00,3,2010-04-16 00:00:00,2.8,2.9,107,1406000,4044690,2010-04-16 00:00:00,1
2010-04-19 00:00:00,2010-04-19 00:00:00,3.3,2010-04-19 00:00:00,2.9,3.2,516,9680000,30033430,2010-04-19 00:00:00,1
2010-04-20 00:00:00,2010-04-20 00:00:00,3.4,2010-04-20 00:00:00,3.1,3.1,306,4890400,15975080,2010-04-20 00:00:00,1
2010-04-21 00:00:00,2010-04-21 00:00:00,3.4,2010-04-21 00:00:00,3.1,3.4,190,2574800,8396070,2010-04-21 00:00:00,1
2010-04-22 00:00:00,2010-04-22 00:00:00,3.4,2010-04-22 00:00:00,3.3,3.3,81,680600,2266570,2010-04-22 00:00:00,1
2010-04-23 00:00:00,2010-04-23 00:00:00,3.7,2010-04-23 00:00:00,3.4,3.7,518,8061200,28620680,2010-04-23 00:00:00,1
2010-04-26 00:00:00,2010-04-26 00:00:00,4,2010-04-26 00:00:00,3.8,3.9,427,4394900,17107610,2010-04-26 00:00:00,1
2010-04-27 00:00:00,2010-04-27 00:00:00,4,2010-04-27 00:00:00,3.8,3.9,156,1048100,4052810,2010-04-27 00:00:00,1
2010-04-29 00:00:00,2010-04-29 00:00:00,3.9,2010-04-29 00:00:00,3.7,3.8,163,1309200,4971910,2010-04-29 00:00:00,1
2010-04-30 00:00:00,2010-04-30 00:00:00,3.8,2010-04-30 00:00:00,3.6,3.7,66,628600,2316040,2010-04-30 00:00:00,1
2010-05-03 00:00:00,2010-05-03 00:00:00,3.8,2010-05-03 00:00:00,3.7,3.7,111,1248700,4628400,2010-05-03 00:00:00,1
2010-05-04 00:00:00,2010-05-04 00:00:00,3.8,2010-05-04 00:00:00,3.6,3.8,84,584100,2188850,2010-05-04 00:00:00,1
2010-05-05 00:00:00,2010-05-05 00:00:00,4.1,2010-05-05 00:00:00,3.8,4,232,2933100,11645970,2010-05-05 00:00:00,1
2010-05-06 00:00:00,2010-05-06 00:00:00,4,2010-05-06 00:00:00,3.8,3.9,118,1002000,3908490,2010-05-06 00:00:00,1
2010-05-07 00:00:00,2010-05-07 00:00:00,4,2010-05-07 00:00:00,3.8,3.9,56,584900,2274300,2010-05-07 00:00:00,1
2010-05-10 00:00:00,2010-05-10 00:00:00,4,2010-05-10 00:00:00,3.9,3.9,38,208600,815190,2010-05-10 00:00:00,1
2010-05-11 00:00:00,2010-05-11 00:00:00,3.9,2010-05-11 00:00:00,3.8,3.9,107,344700,1314150,2010-05-11 00:00:00,1
2010-05-12 00:00:00,2010-05-12 00:00:00,3.9,2010-05-12 00:00:00,3.7,3.8,99,590300,2244150,2010-05-12 00:00:00,1
2010-05-13 00:00:00,2010-05-13 00:00:00,3.8,2010-05-13 00:00:00,3.7,3.8,48,182500,693300,2010-05-13 00:00:00,1
2010-05-14 00:00:00,2010-05-14 00:00:00,3.9,2010-05-14 00:00:00,3.7,3.8,71,416900,1598660,2010-05-14 00:00:00,1
2010-05-17 00:00:00,2010-05-17 00:00:00,3.8,2010-05-17 00:00:00,3.8,3.8,30,144000,547200,2010-05-17 00:00:00,1
2010-05-18 00:00:00,2010-05-18 00:00:00,3.8,2010-05-18 00:00:00,3.7,3.7,43,323100,1212680,2010-05-18 00:00:00,1
2010-05-19 00:00:00,2010-05-19 00:00:00,3.8,2010-05-19 00:00:00,3.6,3.6,240,2337600,8496380,2010-05-19 00:00:00,1
2010-05-20 00:00:00,2010-05-20 00:00:00,3.7,2010-05-20 00:00:00,3.6,3.6,110,763700,2749450,2010-05-20 00:00:00,1
2010-05-21 00:00:00,2010-05-21 00:00:00,3.7,2010-05-21 00:00:00,3.5,3.6,51,395100,1422450,2010-05-21 00:00:00,1
2010-05-24 00:00:00,2010-05-24 00:00:00,3.6,2010-05-24 00:00:00,3.5,3.5,47,341800,1202640,2010-05-24 00:00:00,1
2010-05-25 00:00:00,2010-05-25 00:00:00,3.8,2010-05-25 00:00:00,3.5,3.7,106,972400,3551990,2010-05-25 00:00:00,1
2010-05-26 00:00:00,2010-05-26 00:00:00,3.8,2010-05-26 00:00:00,3.7,3.7,43,137000,510960,2010-05-26 00:00:00,1
2010-05-31 00:00:00,2010-05-31 00:00:00,3.9,2010-05-31 00:00:00,3.8,3.8,127,1017900,3872520,2010-05-31 00:00:00,1
2010-06-01 00:00:00,2010-06-01 00:00:00,3.9,2010-06-01 00:00:00,3.8,3.8,59,137000,520900,2010-06-01 00:00:00,1
2010-06-02 00:00:00,2010-06-02 00:00:00,3.8,2010-06-02 00:00:00,3.7,3.8,33,179700,672750,2010-06-02 00:00:00,1
2010-06-03 00:00:00,2010-06-03 00:00:00,3.9,2010-06-03 00:00:00,3.7,3.8,45,515500,1955710,2010-06-03 00:00:00,1
2010-06-04 00:00:00,2010-06-04 00:00:00,3.9,2010-06-04 00:00:00,3.7,3.8,43,188300,715360,2010-06-04 00:00:00,1
2010-06-07 00:00:00,2010-06-07 00:00:00,3.8,2010-06-07 00:00:00,3.7,3.7,60,615900,2315860,2010-06-07 00:00:00,1
2010-06-08 00:00:00,2010-06-08 00:00:00,3.8,2010-06-08 00:00:00,3.7,3.7,93,572300,2121840,2010-06-08 00:00:00,1
2010-06-09 00:00:00,2010-06-09 00:00:00,3.8,2010-06-09 00:00:00,3.7,3.7,47,344000,1274310,2010-06-09 00:00:00,1
2010-06-10 00:00:00,2010-06-10 00:00:00,3.8,2010-06-10 00:00:00,3.7,3.7,26,291400,1086520,2010-06-10 00:00:00,1
2010-06-11 00:00:00,2010-06-11 00:00:00,3.8,2010-06-11 00:00:00,3.7,3.8,46,610800,2275560,2010-06-11 00:00:00,1
2010-06-14 00:00:00,2010-06-14 00:00:00,3.8,2010-06-14 00:00:00,3.7,3.7,28,61400,229810,2010-06-14 00:00:00,1
2010-06-15 00:00:00,2010-06-15 00:00:00,3.8,2010-06-15 00:00:00,3.7,3.7,19,162100,600180,2010-06-15 00:00:00,1
2010-06-16 00:00:00,2010-06-16 00:00:00,3.7,2010-06-16 00:00:00,3.7,3.7,49,177100,655270,2010-06-16 00:00:00,1
2010-06-17 00:00:00,2010-06-17 00:00:00,3.7,2010-06-17 00:00:00,3.6,3.7,50,522300,1932300,2010-06-17 00:00:00,1
2010-06-21 00:00:00,2010-06-21 00:00:00,3.9,2010-06-21 00:00:00,3.7,3.8,87,1097100,4140100,2010-06-21 00:00:00,1
2010-06-22 00:00:00,2010-06-22 00:00:00,3.9,2010-06-22 00:00:00,3.7,3.8,48,274200,1040110,2010-06-22 00:00:00,1
2010-06-23 00:00:00,2010-06-23 00:00:00,3.8,2010-06-23 00:00:00,3.7,3.7,14,116700,432190,2010-06-23 00:00:00,1
2010-06-24 00:00:00,2010-06-24 00:00:00,3.8,2010-06-24 00:00:00,3.7,3.7,12,44600,165770,2010-06-24 00:00:00,1
2010-06-28 00:00:00,2010-06-28 00:00:00,3.7,2010-06-28 00:00:00,3.6,3.7,73,486500,1798300,2010-06-28 00:00:00,1
2010-06-29 00:00:00,2010-06-29 00:00:00,3.7,2010-06-29 00:00:00,3.6,3.7,30,113900,418890,2010-06-29 00:00:00,1
2010-06-30 00:00:00,2010-06-30 00:00:00,3.7,2010-06-30 00:00:00,3.6,3.7,28,215900,797830,2010-06-30 00:00:00,1
2010-07-01 00:00:00,2010-07-01 00:00:00,4,2010-07-01 00:00:00,3.6,3.9,307,8605100,33624260,2010-07-01 00:00:00,1
2010-07-02 00:00:00,2010-07-02 00:00:00,4.4,2010-07-02 00:00:00,3.9,4.1,741,15783400,65699280,2010-07-02 00:00:00,1
2010-07-05 00:00:00,2010-07-05 00:00:00,4.2,2010-07-05 00:00:00,3.9,3.9,199,1236400,5022710,2010-07-05 00:00:00,1
2010-07-06 00:00:00,2010-07-06 00:00:00,4,2010-07-06 00:00:00,3.9,3.9,72,357800,1415780,2010-07-06 00:00:00,1
2010-07-07 00:00:00,2010-07-07 00:00:00,3.9,2010-07-07 00:00:00,3.8,3.8,63,728600,2810640,2010-07-07 00:00:00,1
2010-07-08 00:00:00,2010-07-08 00:00:00,4,2010-07-08 00:00:00,3.9,4,75,538300,2121870,2010-07-08 00:00:00,1
2010-07-09 00:00:00,2010-07-09 00:00:00,4,2010-07-09 00:00:00,3.8,3.9,75,336000,1311970,2010-07-09 00:00:00,1
2010-07-12 00:00:00,2010-07-12 00:00:00,4,2010-07-12 00:00:00,3.8,3.8,20,183300,714720,2010-07-12 00:00:00,1
2010-07-13 00:00:00,2010-07-13 00:00:00,4,2010-07-13 00:00:00,3.8,3.9,54,563800,2210530,2010-07-13 00:00:00,1
2010-07-14 00:00:00,2010-07-14 00:00:00,4.1,2010-07-14 00:00:00,4,4,130,855300,3422340,2010-07-14 00:00:00,1
2010-07-15 00:00:00,2010-07-15 00:00:00,4.2,2010-07-15 00:00:00,4,4.1,134,1257200,5152460,2010-07-15 00:00:00,1
2010-07-16 00:00:00,2010-07-16 00:00:00,4.3,2010-07-16 00:00:00,4.1,4.2,246,2470300,10393060,2010-07-16 00:00:00,1
2010-07-19 00:00:00,2010-07-19 00:00:00,4.3,2010-07-19 00:00:00,4.1,4.2,76,617800,2594620,2010-07-19 00:00:00,1
2010-07-20 00:00:00,2010-07-20 00:00:00,5,2010-07-20 00:00:00,4.1,4.6,694,10821800,48847010,2010-07-20 00:00:00,1
2010-07-21 00:00:00,2010-07-21 00:00:00,5.75,2010-07-21 00:00:00,4.9,5,1649,21987700,115093130,2010-07-21 00:00:00,1
2010-07-22 00:00:00,2010-07-22 00:00:00,5.25,2010-07-22 00:00:00,4.1,4.2,3722,146682900,633641075,2010-07-22 00:00:00,1
2010-07-23 00:00:00,2010-07-23 00:00:00,4.3,2010-07-23 00:00:00,4,4.1,426,7335700,30262020,2010-07-23 00:00:00,1
2010-07-26 00:00:00,2010-07-26 00:00:00,4.3,2010-07-26 00:00:00,4.1,4.2,218,2028200,8524960,2010-07-26 00:00:00,1
2010-07-27 00:00:00,2010-07-27 00:00:00,4.2,2010-07-27 00:00:00,4.1,4.1,94,677500,2807980,2010-07-27 00:00:00,1
2010-07-28 00:00:00,2010-07-28 00:00:00,4.2,2010-07-28 00:00:00,4,4.1,211,3460100,14229090,2010-07-28 00:00:00,1
2010-07-29 00:00:00,2010-07-29 00:00:00,4.1,2010-07-29 00:00:00,3.9,3.9,438,4375000,17367490,2010-07-29 00:00:00,1
2010-07-30 00:00:00,2010-07-30 00:00:00,4,2010-07-30 00:00:00,3.8,3.9,253,1871800,7307560,2010-07-30 00:00:00,1
2010-08-02 00:00:00,2010-08-02 00:00:00,4,2010-08-02 00:00:00,3.8,3.9,167,1474200,5741600,2010-08-02 00:00:00,1
2010-08-03 00:00:00,2010-08-03 00:00:00,4.1,2010-08-03 00:00:00,3.8,3.9,218,3362100,13310660,2010-08-03 00:00:00,1
2010-08-04 00:00:00,2010-08-04 00:00:00,4.2,2010-08-04 00:00:00,3.8,4.1,211,4353900,17509860,2010-08-04 00:00:00,1
2010-08-05 00:00:00,2010-08-05 00:00:00,4.2,2010-08-05 00:00:00,3.8,4.1,147,1141900,4565020,2010-08-05 00:00:00,1
2010-08-06 00:00:00,2010-08-06 00:00:00,4.1,2010-08-06 00:00:00,3.9,3.9,95,1118100,4448280,2010-08-06 00:00:00,1
2010-08-09 00:00:00,2010-08-09 00:00:00,4,2010-08-09 00:00:00,3.6,3.7,188,2932700,11010720,2010-08-09 00:00:00,1
2010-08-10 00:00:00,2010-08-10 00:00:00,4,2010-08-10 00:00:00,3.6,4,140,1682400,6348550,2010-08-10 00:00:00,1
2010-08-11 00:00:00,2010-08-11 00:00:00,4.1,2010-08-11 00:00:00,3.9,3.9,98,994100,3949060,2010-08-11 00:00:00,1
2010-08-12 00:00:00,2010-08-12 00:00:00,4,2010-08-12 00:00:00,3.8,3.9,69,673900,2593850,2010-08-12 00:00:00,1
2010-08-13 00:00:00,2010-08-13 00:00:00,4.1,2010-08-13 00:00:00,3.9,4.1,162,2297100,9297870,2010-08-13 00:00:00,1
2010-08-16 00:00:00,2010-08-16 00:00:00,4.1,2010-08-16 00:00:00,4,4,65,400200,1606890,2010-08-16 00:00:00,1
2010-08-17 00:00:00,2010-08-17 00:00:00,4.1,2010-08-17 00:00:00,3.9,4,98,524000,2094710,2010-08-17 00:00:00,1
2010-08-18 00:00:00,2010-08-18 00:00:00,4.2,2010-08-18 00:00:00,4,4.2,180,1102200,4585880,2010-08-18 00:00:00,1
2010-08-19 00:00:00,2010-08-19 00:00:00,4.6,2010-08-19 00:00:00,4.2,4.5,796,11692700,51803110,2010-08-19 00:00:00,1
2010-08-20 00:00:00,2010-08-20 00:00:00,4.7,2010-08-20 00:00:00,4.4,4.4,298,2387100,10692450,2010-08-20 00:00:00,1
2010-08-23 00:00:00,2010-08-23 00:00:00,4.6,2010-08-23 00:00:00,4.4,4.5,260,4533200,20376820,2010-08-23 00:00:00,1
2010-08-25 00:00:00,2010-08-25 00:00:00,4.7,2010-08-25 00:00:00,4.5,4.7,423,7365200,34022420,2010-08-25 00:00:00,1
2010-08-26 00:00:00,2010-08-26 00:00:00,4.8,2010-08-26 00:00:00,4.5,4.6,152,1769600,8134740,2010-08-26 00:00:00,1
2010-08-27 00:00:00,2010-08-27 00:00:00,4.8,2010-08-27 00:00:00,4.5,4.7,315,7238400,33629020,2010-08-27 00:00:00,1
2010-08-30 00:00:00,2010-08-30 00:00:00,5.1,2010-08-30 00:00:00,4.8,5.1,644,8887900,44690400,2010-08-30 00:00:00,1
2010-08-31 00:00:00,2010-08-31 00:00:00,5.6,2010-08-31 00:00:00,5.6,5.6,349,5072800,28407680,2010-08-31 00:00:00,1
2010-09-01 00:00:00,2010-09-01 00:00:00,6.1,2010-09-01 00:00:00,5.4,6.1,2068,29566500,178393360,2010-09-01 00:00:00,1
2010-09-02 00:00:00,2010-09-02 00:00:00,6.7,2010-09-02 00:00:00,6.5,6.7,592,8241800,56799800,2010-09-02 00:00:00,1
2010-09-03 00:00:00,2010-09-03 00:00:00,7.3,2010-09-03 00:00:00,7.3,7.3,227,5624200,41056660,2010-09-03 00:00:00,1
2010-09-06 00:00:00,2010-09-06 00:00:00,8,2010-09-06 00:00:00,7.8,8,937,9232900,73809070,2010-09-06 00:00:00,1
2010-09-07 00:00:00,2010-09-07 00:00:00,8.8,2010-09-07 00:00:00,8.8,8.8,155,1064000,9363200,2010-09-07 00:00:00,1
2010-09-08 00:00:00,2010-09-08 00:00:00,9.6,2010-09-08 00:00:00,9.6,9.6,300,1496500,14366400,2010-09-08 00:00:00,1
2010-09-09 00:00:00,2010-09-09 00:00:00,10.5,2010-09-09 00:00:00,10.5,10.5,355,983100,10322550,2010-09-09 00:00:00,1
2010-09-13 00:00:00,2010-09-13 00:00:00,11.5,2010-09-13 00:00:00,11.5,11.5,447,1199300,13791950,2010-09-13 00:00:00,1
2010-09-14 00:00:00,2010-09-14 00:00:00,12.6,2010-09-14 00:00:00,12.6,12.6,361,1245400,15692040,2010-09-14 00:00:00,1
2010-09-15 00:00:00,2010-09-15 00:00:00,13.8,2010-09-15 00:00:00,11.7,13.8,2306,17902800,242778450,2010-09-15 00:00:00,1
2010-09-16 00:00:00,2010-09-16 00:00:00,15.1,2010-09-16 00:00:00,13.8,15.1,2206,19279300,287475170,2010-09-16 00:00:00,1
2010-09-17 00:00:00,2010-09-17 00:00:00,16,2010-09-17 00:00:00,14.5,15.6,1342,7639800,117270930,2010-09-17 00:00:00,1
2010-09-20 00:00:00,2010-09-20 00:00:00,16.2,2010-09-20 00:00:00,14.3,14.5,597,2802100,42292100,2010-09-20 00:00:00,1
2010-09-21 00:00:00,2010-09-21 00:00:00,14.5,2010-09-21 00:00:00,12.2,12.5,809,3902000,50415290,2010-09-21 00:00:00,1
2010-09-23 00:00:00,2010-09-23 00:00:00,13.4,2010-09-23 00:00:00,12.6,12.9,405,1819300,23692750,2010-09-23 00:00:00,1
2010-09-24 00:00:00,2010-09-24 00:00:00,16.4,2010-09-24 00:00:00,12.9,15.9,1291,6656300,100997820,2010-09-24 00:00:00,1
2010-09-27 00:00:00,2010-09-27 00:00:00,19.2,2010-09-27 00:00:00,16.2,18.5,1496,7904200,140404620,2010-09-27 00:00:00,1
2010-09-28 00:00:00,2010-09-28 00:00:00,21.5,2010-09-28 00:00:00,19.8,21.2,1801,7986900,165027850,2010-09-28 00:00:00,1
2010-09-29 00:00:00,2010-09-29 00:00:00,21.6,2010-09-29 00:00:00,17.2,19.6,765,3413200,68036120,2010-09-29 00:00:00,1
2010-09-30 00:00:00,2010-09-30 00:00:00,22,2010-09-30 00:00:00,21,21.2,618,2914500,62387870,2010-09-30 00:00:00,1
2010-10-01 00:00:00,2010-10-01 00:00:00,21.3,2010-10-01 00:00:00,19.4,20.3,395,1075900,21635560,2010-10-01 00:00:00,1
2010-10-04 00:00:00,2010-10-04 00:00:00,22,2010-10-04 00:00:00,19.1,19.2,535,2342200,47126470,2010-10-04 00:00:00,1
2010-10-05 00:00:00,2010-10-05 00:00:00,20,2010-10-05 00:00:00,18.5,18.7,302,732900,13890120,2010-10-05 00:00:00,1
2010-10-06 00:00:00,2010-10-06 00:00:00,18.5,2010-10-06 00:00:00,17.1,17.3,342,936700,16667440,2010-10-06 00:00:00,1
2010-10-07 00:00:00,2010-10-07 00:00:00,18.5,2010-10-07 00:00:00,16,17.4,510,1531300,26258910,2010-10-07 00:00:00,1
2010-10-08 00:00:00,2010-10-08 00:00:00,20.2,2010-10-08 00:00:00,17.4,19.5,634,2505900,48501060,2010-10-08 00:00:00,1
2010-10-11 00:00:00,2010-10-11 00:00:00,21,2010-10-11 00:00:00,19.4,19.8,370,959200,19396090,2010-10-11 00:00:00,1
2010-10-12 00:00:00,2010-10-12 00:00:00,19.8,2010-10-12 00:00:00,17.4,17.9,389,1627800,29806220,2010-10-12 00:00:00,1
2010-10-13 00:00:00,2010-10-13 00:00:00,19,2010-10-13 00:00:00,16.5,18.5,379,1055500,19027760,2010-10-13 00:00:00,1
2010-10-14 00:00:00,2010-10-14 00:00:00,19.2,2010-10-14 00:00:00,17.6,18,168,335900,6204900,2010-10-14 00:00:00,1
2010-10-15 00:00:00,2010-10-15 00:00:00,18.9,2010-10-15 00:00:00,17.5,18,202,464200,8347200,2010-10-15 00:00:00,1
2010-10-18 00:00:00,2010-10-18 00:00:00,18.4,2010-10-18 00:00:00,17.8,17.8,82,128800,2315480,2010-10-18 00:00:00,1
2010-10-19 00:00:00,2010-10-19 00:00:00,18.3,2010-10-19 00:00:00,17.6,18,239,962500,17300810,2010-10-19 00:00:00,1
2010-10-20 00:00:00,2010-10-20 00:00:00,20.7,2010-10-20 00:00:00,17.5,20.2,1138,7504900,143436530,2010-10-20 00:00:00,1
2010-10-21 00:00:00,2010-10-21 00:00:00,22.2,2010-10-21 00:00:00,20.5,21.3,1135,6162900,131970280,2010-10-21 00:00:00,1
2010-10-25 00:00:00,2010-10-25 00:00:00,21.5,2010-10-25 00:00:00,20.4,20.5,284,930200,19471530,2010-10-25 00:00:00,1
2010-10-26 00:00:00,2010-10-26 00:00:00,20.5,2010-10-26 00:00:00,19.6,19.8,189,541200,10766730,2010-10-26 00:00:00,1
2010-10-27 00:00:00,2010-10-27 00:00:00,20.5,2010-10-27 00:00:00,18,19.8,364,1945700,37647370,2010-10-27 00:00:00,1
2010-10-28 00:00:00,2010-10-28 00:00:00,20.1,2010-10-28 00:00:00,19,19.1,291,1539200,30432980,2010-10-28 00:00:00,1
2010-10-29 00:00:00,2010-10-29 00:00:00,20.6,2010-10-29 00:00:00,19.5,19.9,363,2377000,47569650,2010-10-29 00:00:00,1
2010-11-01 00:00:00,2010-11-01 00:00:00,20.5,2010-11-01 00:00:00,19.8,20.2,446,1886300,38052050,2010-11-01 00:00:00,1
2010-11-02 00:00:00,2010-11-02 00:00:00,20.2,2010-11-02 00:00:00,19.2,20,589,4660000,92941770,2010-11-02 00:00:00,1
2010-11-09 00:00:00,2010-11-09 00:00:00,91,2010-11-09 00:00:00,70.1,71.2,695,548300,40449660,2010-11-09 00:00:00,1
2010-11-10 00:00:00,2010-11-10 00:00:00,70.5,2010-11-10 00:00:00,67,69.6,126,75800,5274480,2010-11-10 00:00:00,1
2010-11-11 00:00:00,2010-11-11 00:00:00,71.5,2010-11-11 00:00:00,65.5,68.2,32,12800,889870,2010-11-11 00:00:00,1
2010-11-12 00:00:00,2010-11-12 00:00:00,69.9,2010-11-12 00:00:00,67.3,67.8,37,17800,1229060,2010-11-12 00:00:00,1
2010-11-15 00:00:00,2010-11-15 00:00:00,68.7,2010-11-15 00:00:00,64.5,64.7,43,25200,1647070,2010-11-15 00:00:00,1
2010-11-16 00:00:00,2010-11-16 00:00:00,66,2010-11-16 00:00:00,62,62.9,79,72500,4643280,2010-11-16 00:00:00,1
2010-11-18 00:00:00,2010-11-18 00:00:00,69,2010-11-18 00:00:00,60,67.4,173,172300,11465730,2010-11-18 00:00:00,1
2010-11-22 00:00:00,2010-11-22 00:00:00,68.9,2010-11-22 00:00:00,60.5,65.1,50,33200,2180210,2010-11-22 00:00:00,1
2010-11-23 00:00:00,2010-11-23 00:00:00,62,2010-11-23 00:00:00,58,58.7,83,76600,4606420,2010-11-23 00:00:00,1
2010-11-24 00:00:00,2010-11-24 00:00:00,60,2010-11-24 00:00:00,57,57.3,35,15500,894470,2010-11-24 00:00:00,1
2010-11-25 00:00:00,2010-11-25 00:00:00,56,2010-11-25 00:00:00,50.5,50.9,85,71900,3716610,2010-11-25 00:00:00,1
2010-11-26 00:00:00,2010-11-26 00:00:00,53,2010-11-26 00:00:00,47.5,49.6,87,43500,2189930,2010-11-26 00:00:00,1
2010-11-29 00:00:00,2010-11-29 00:00:00,50.5,2010-11-29 00:00:00,44,44.5,64,37300,1690030,2010-11-29 00:00:00,1
2010-11-30 00:00:00,2010-11-30 00:00:00,55.2,2010-11-30 00:00:00,47,52.9,194,157000,8124930,2010-11-30 00:00:00,1
2010-12-01 00:00:00,2010-12-01 00:00:00,57,2010-12-01 00:00:00,53,54.8,124,129700,7201860,2010-12-01 00:00:00,1
2010-12-02 00:00:00,2010-12-02 00:00:00,58.1,2010-12-02 00:00:00,53,53,60,56600,3185790,2010-12-02 00:00:00,1
2010-12-03 00:00:00,2010-12-03 00:00:00,56.2,2010-12-03 00:00:00,52.5,53.4,24,17200,935890,2010-12-03 00:00:00,1
2010-12-06 00:00:00,2010-12-06 00:00:00,55.8,2010-12-06 00:00:00,52.5,52.5,19,13800,742390,2010-12-06 00:00:00,1
2010-12-07 00:00:00,2010-12-07 00:00:00,51,2010-12-07 00:00:00,50.1,51,9,5700,290610,2010-12-07 00:00:00,1
2010-12-08 00:00:00,2010-12-08 00:00:00,53,2010-12-08 00:00:00,49.5,50,49,54400,2743700,2010-12-08 00:00:00,1
2010-12-09 00:00:00,2010-12-09 00:00:00,51,2010-12-09 00:00:00,49.7,50.4,29,37700,1885270,2010-12-09 00:00:00,1
2010-12-10 00:00:00,2010-12-10 00:00:00,52.9,2010-12-10 00:00:00,50.1,52,65,75200,3898030,2010-12-10 00:00:00,1
2010-12-13 00:00:00,2010-12-13 00:00:00,51.5,2010-12-13 00:00:00,50.5,50.7,6,1200,60880,2010-12-13 00:00:00,1
2010-12-14 00:00:00,2010-12-14 00:00:00,49.9,2010-12-14 00:00:00,49.2,49.4,17,7700,381950,2010-12-14 00:00:00,1
2010-12-15 00:00:00,2010-12-15 00:00:00,49.1,2010-12-15 00:00:00,46,47,15,19200,904620,2010-12-15 00:00:00,1
2010-12-16 00:00:00,2010-12-16 00:00:00,47.4,2010-12-16 00:00:00,46.7,47,36,26700,1254980,2010-12-16 00:00:00,1
2010-12-17 00:00:00,2010-12-17 00:00:00,49.9,2010-12-17 00:00:00,46.4,46.4,14,4500,209860,2010-12-17 00:00:00,1
2010-12-21 00:00:00,2010-12-21 00:00:00,49.6,2010-12-21 00:00:00,47,47.4,39,47300,2263620,2010-12-21 00:00:00,1
2010-12-22 00:00:00,2010-12-22 00:00:00,46,2010-12-22 00:00:00,40,42.7,657,916700,38543100,2010-12-22 00:00:00,1
2010-12-23 00:00:00,2010-12-23 00:00:00,50,2010-12-23 00:00:00,42,47.1,926,867400,40625190,2010-12-23 00:00:00,1
2010-12-24 00:00:00,2010-12-24 00:00:00,48.4,2010-12-24 00:00:00,43.5,44.1,181,159300,7215360,2010-12-24 00:00:00,1
2010-12-27 00:00:00,2010-12-27 00:00:00,45,2010-12-27 00:00:00,42.1,42.9,178,178100,7704110,2010-12-27 00:00:00,1
2010-12-28 00:00:00,2010-12-28 00:00:00,44.9,2010-12-28 00:00:00,42.5,43.2,265,392200,16929530,2010-12-28 00:00:00,1
2010-12-29 00:00:00,2010-12-29 00:00:00,44.1,2010-12-29 00:00:00,42.9,43.6,126,107400,4667500,2010-12-29 00:00:00,1
2010-12-30 00:00:00,2010-12-30 00:00:00,43.6,2010-12-30 00:00:00,40.6,42.4,148,155800,6581430,2010-12-30 00:00:00,1
2010-12-31 00:00:00,2010-12-31 00:00:00,43.2,2010-12-31 00:00:00,42.2,42.7,69,64700,2768440,2010-12-31 00:00:00,1
Company Id,:  REEF,Security,Type :  R,Sub Type,:  0000,,,,,
Short Name,:  CITRUS LE,ISURE,,,,,,,,
Day,Date High,High,Date Low,Low,Closing,No. of Trades,No. of Shares,Turnover,Last Traded,Days Traded
2010-11-23 00:00:00,2010-11-23 00:00:00,72,2010-11-23 00:00:00,49,66,212,440900,30299730,2010-11-23 00:00:00,1
2010-11-24 00:00:00,2010-11-24 00:00:00,68.4,2010-11-24 00:00:00,63.1,64.9,76,72900,4744940,2010-11-24 00:00:00,1
2010-11-25 00:00:00,2010-11-25 00:00:00,65,2010-11-25 00:00:00,60,61.6,51,97700,6242690,2010-11-25 00:00:00,1
2010-11-26 00:00:00,2010-11-26 00:00:00,64,2010-11-26 00:00:00,56,57.4,161,258100,15078900,2010-11-26 00:00:00,1
2010-11-29 00:00:00,2010-11-29 00:00:00,61,2010-11-29 00:00:00,54.3,55.7,133,113000,6423570,2010-11-29 00:00:00,1
2010-11-30 00:00:00,2010-11-30 00:00:00,65,2010-11-30 00:00:00,54,59.8,314,433000,25023390,2010-11-30 00:00:00,1
Company Id,:  REEF,Security,Type :  W,Sub Type,:  0017,,,,,
Short Name,:  CITRUS LEISURE,,,,,,,,,
Day,Date High,High,Date Low,Low,Closing,No. of Trades,No. of Shares,Turnover,Last Traded,Days Traded
2010-12-24 00:00:00,2010-12-24 00:00:00,17,2010-12-24 00:00:00,13.3,13.9,479,1297500,18351980,2010-12-24 00:00:00,1
2010-12-27 00:00:00,2010-12-27 00:00:00,14.3,2010-12-27 00:00:00,13.2,13.5,141,186000,2517120,2010-12-27 00:00:00,1
2010-12-28 00:00:00,2010-12-28 00:00:00,14,2010-12-28 00:00:00,13.2,13.4,86,289200,3943830,2010-12-28 00:00:00,1
2010-12-29 00:00:00,2010-12-29 00:00:00,13.8,2010-12-29 00:00:00,13.3,13.5,51,167900,2266440,2010-12-29 00:00:00,1
2010-12-30 00:00:00,2010-12-30 00:00:00,13.4,2010-12-30 00:00:00,13,13.3,23,44100,582860,2010-12-30 00:00:00,1
2010-12-31 00:00:00,2010-12-31 00:00:00,13.5,2010-12-31 00:00:00,13.1,13.3,34,42000,559240,2010-12-31 00:00:00,1
Company Id,:  REEF,Security,Type :  W,Sub Type,:  0018,,,,,
Short Name,:  CITRUS LEISURE,,,,,,,,,
Day,Date High,High,Date Low,Low,Closing,No. of Trades,No. of Shares,Turnover,Last Traded,Days Traded
2010-12-24 00:00:00,2010-12-24 00:00:00,17,2010-12-24 00:00:00,12.7,13.1,336,1157600,15525860,2010-12-24 00:00:00,1
2010-12-27 00:00:00,2010-12-27 00:00:00,13.9,2010-12-27 00:00:00,12.3,12.8,123,219600,2777490,2010-12-27 00:00:00,1
2010-12-28 00:00:00,2010-12-28 00:00:00,13.3,2010-12-28 00:00:00,12.8,13.1,100,268100,3489130,2010-12-28 00:00:00,1
2010-12-29 00:00:00,2010-12-29 00:00:00,13.2,2010-12-29 00:00:00,12.5,13,46,100800,1306000,2010-12-29 00:00:00,1
2010-12-30 00:00:00,2010-12-30 00:00:00,13.3,2010-12-30 00:00:00,12.1,13.2,61,171100,2187300,2010-12-30 00:00:00,1
2010-12-31 00:00:00,2010-12-31 00:00:00,13.1,2010-12-31 00:00:00,12.7,12.8,31,43300,555090,2010-12-31 00:00:00,1
Company Id,:  REEF,Security,Type :  W,Sub Type,:  0019,,,,,
Short Name,:  CITRUS LEISURE,,,,,,,,,
Day,Date High,High,Date Low,Low,Closing,No. of Trades,No. of Shares,Turnover,Last Traded,Days Traded
2010-12-24 00:00:00,2010-12-24 00:00:00,15.2,2010-12-24 00:00:00,11.5,11.9,645,1982400,24458320,2010-12-24 00:00:00,1
2010-12-27 00:00:00,2010-12-27 00:00:00,12.1,2010-12-27 00:00:00,11.3,11.4,190,354500,4082390,2010-12-27 00:00:00,1
2010-12-28 00:00:00,2010-12-28 00:00:00,11.9,2010-12-28 00:00:00,11.4,11.6,100,300000,3486940,2010-12-28 00:00:00,1
2010-12-29 00:00:00,2010-12-29 00:00:00,11.8,2010-12-29 00:00:00,11.3,11.5,107,398600,4582100,2010-12-29 00:00:00,1
2010-12-30 00:00:00,2010-12-30 00:00:00,11.5,2010-12-30 00:00:00,10,11.4,52,122300,1341210,2010-12-30 00:00:00,1
2010-12-31 00:00:00,2010-12-31 00:00:00,11.4,2010-12-31 00:00:00,11,11,64,140700,1554680,2010-12-31 00:00:00,1
Company Id,:  REG,Security,Type :  N,Sub Type,:  0000,,,,,
Short Name,:  REGNIS,,,,,,,,,
Day,Date High,High,Date Low,Low,Closing,No. of Trades,No. of Shares,Turnover,Last Traded,Days Traded
2010-01-08 00:00:00,2010-01-08 00:00:00,70,2010-01-08 00:00:00,65,67.25,15,10500,706075,2010-01-08 00:00:00,1
2010-01-11 00:00:00,2010-01-11 00:00:00,73,2010-01-11 00:00:00,70,72.75,9,8100,588675,2010-01-11 00:00:00,1
2010-01-12 00:00:00,2010-01-12 00:00:00,75,2010-01-12 00:00:00,72,74.5,9,11000,818800,2010-01-12 00:00:00,1
2010-01-19 00:00:00,2010-01-19 00:00:00,74,2010-01-19 00:00:00,73,73.5,6,700,51500,2010-01-19 00:00:00,1
2010-01-21 00:00:00,2010-01-21 00:00:00,74,2010-01-21 00:00:00,73.25,73.75,3,500,36925,2010-01-21 00:00:00,1
2010-01-22 00:00:00,2010-01-22 00:00:00,79.5,2010-01-22 00:00:00,73.75,74.25,26,17100,1267850,2010-01-22 00:00:00,1
2010-01-25 00:00:00,2010-01-25 00:00:00,77,2010-01-25 00:00:00,77,77,2,500,38500,2010-01-25 00:00:00,1
2010-02-02 00:00:00,2010-02-02 00:00:00,84,2010-02-02 00:00:00,75,80.25,38,78100,6232150,2010-02-02 00:00:00,1
2010-02-03 00:00:00,2010-02-03 00:00:00,88,2010-02-03 00:00:00,81.5,82.25,25,31700,2676125,2010-02-03 00:00:00,1
2010-02-05 00:00:00,2010-02-05 00:00:00,83,2010-02-05 00:00:00,83,83,11,16000,1328000,2010-02-05 00:00:00,1
2010-02-08 00:00:00,2010-02-08 00:00:00,85,2010-02-08 00:00:00,85,85,3,3700,314500,2010-02-08 00:00:00,1
2010-02-12 00:00:00,2010-02-12 00:00:00,85,2010-02-12 00:00:00,85,85,2,6600,561000,2010-02-12 00:00:00,1
2010-02-15 00:00:00,2010-02-15 00:00:00,89,2010-02-15 00:00:00,86,88,3,5900,519100,2010-02-15 00:00:00,1
2010-02-25 00:00:00,2010-02-25 00:00:00,78,2010-02-25 00:00:00,78,78,1,100,7800,2010-02-25 00:00:00,1
2010-02-26 00:00:00,2010-02-26 00:00:00,89,2010-02-26 00:00:00,83,88.5,3,9000,752550,2010-02-26 00:00:00,1
2010-03-01 00:00:00,2010-03-01 00:00:00,91,2010-03-01 00:00:00,86,89.5,86,40300,3626525,2010-03-01 00:00:00,1
2010-03-03 00:00:00,2010-03-03 00:00:00,85,2010-03-03 00:00:00,85,85,2,200,17000,2010-03-03 00:00:00,1
2010-03-08 00:00:00,2010-03-08 00:00:00,84,2010-03-08 00:00:00,84,84,1,100,8400,2010-03-08 00:00:00,1
2010-03-09 00:00:00,2010-03-09 00:00:00,84.25,2010-03-09 00:00:00,84,84.25,4,4100,345400,2010-03-09 00:00:00,1
2010-03-12 00:00:00,2010-03-12 00:00:00,84,2010-03-12 00:00:00,84,84,1,100,8400,2010-03-12 00:00:00,1
2010-03-15 00:00:00,2010-03-15 00:00:00,89,2010-03-15 00:00:00,89,89,1,100,8900,2010-03-15 00:00:00,1
2010-03-16 00:00:00,2010-03-16 00:00:00,88,2010-03-16 00:00:00,82.25,82.25,3,400,33500,2010-03-16 00:00:00,1
2010-03-17 00:00:00,2010-03-17 00:00:00,84,2010-03-17 00:00:00,84,84,1,1000,84000,2010-03-17 00:00:00,1
2010-03-22 00:00:00,2010-03-22 00:00:00,83.75,2010-03-22 00:00:00,83.75,83.75,1,600,50250,2010-03-22 00:00:00,1
2010-03-24 00:00:00,2010-03-24 00:00:00,83.75,2010-03-24 00:00:00,80,80,2,200,16375,2010-03-24 00:00:00,1
2010-04-01 00:00:00,2010-04-01 00:00:00,80.25,2010-04-01 00:00:00,80.25,80.25,1,200,16050,2010-04-01 00:00:00,1
2010-04-05 00:00:00,2010-04-05 00:00:00,80.25,2010-04-05 00:00:00,80.25,80.25,1,4000,321000,2010-04-05 00:00:00,1
2010-04-06 00:00:00,2010-04-06 00:00:00,80.25,2010-04-06 00:00:00,80,80.25,12,19300,1548700,2010-04-06 00:00:00,1
2010-04-08 00:00:00,2010-04-08 00:00:00,86,2010-04-08 00:00:00,80,82.75,12,16800,1392175,2010-04-08 00:00:00,1
2010-04-12 00:00:00,2010-04-12 00:00:00,89,2010-04-12 00:00:00,86,88.5,5,9900,876900,2010-04-12 00:00:00,1
2010-04-23 00:00:00,2010-04-23 00:00:00,80,2010-04-23 00:00:00,80,80,4,1600,128000,2010-04-23 00:00:00,1
2010-04-29 00:00:00,2010-04-29 00:00:00,82,2010-04-29 00:00:00,82,82,1,100,8200,2010-04-29 00:00:00,1
2010-05-03 00:00:00,2010-05-03 00:00:00,90,2010-05-03 00:00:00,82,89,22,23000,2031500,2010-05-03 00:00:00,1
2010-05-04 00:00:00,2010-05-04 00:00:00,90,2010-05-04 00:00:00,86.5,86.5,4,500,43925,2010-05-04 00:00:00,1
2010-05-06 00:00:00,2010-05-06 00:00:00,85,2010-05-06 00:00:00,85,85,1,200,17000,2010-05-06 00:00:00,1
2010-05-10 00:00:00,2010-05-10 00:00:00,80,2010-05-10 00:00:00,80,80,1,100,8000,2010-05-10 00:00:00,1
2010-05-11 00:00:00,2010-05-11 00:00:00,93,2010-05-11 00:00:00,85,92.25,11,6500,592350,2010-05-11 00:00:00,1
2010-05-13 00:00:00,2010-05-13 00:00:00,92,2010-05-13 00:00:00,90,92,25,26800,2434375,2010-05-13 00:00:00,1
2010-05-14 00:00:00,2010-05-14 00:00:00,90,2010-05-14 00:00:00,89,89,2,5000,448000,2010-05-14 00:00:00,1
2010-05-17 00:00:00,2010-05-17 00:00:00,89,2010-05-17 00:00:00,89,89,1,100,8900,2010-05-17 00:00:00,1
2010-05-20 00:00:00,2010-05-20 00:00:00,85,2010-05-20 00:00:00,85,85,2,400,34000,2010-05-20 00:00:00,1
2010-05-21 00:00:00,2010-05-21 00:00:00,85.25,2010-05-21 00:00:00,85,85,7,2100,178650,2010-05-21 00:00:00,1
2010-05-24 00:00:00,2010-05-24 00:00:00,87,2010-05-24 00:00:00,87,87,1,5000,435000,2010-05-24 00:00:00,1
2010-05-31 00:00:00,2010-05-31 00:00:00,85.25,2010-05-31 00:00:00,85,85,13,3900,331550,2010-05-31 00:00:00,1
2010-06-01 00:00:00,2010-06-01 00:00:00,100,2010-06-01 00:00:00,90,98,78,105900,9910075,2010-06-01 00:00:00,1
2010-06-02 00:00:00,2010-06-02 00:00:00,100,2010-06-02 00:00:00,96.75,98.25,98,158000,15556050,2010-06-02 00:00:00,1
2010-06-03 00:00:00,2010-06-03 00:00:00,104.25,2010-06-03 00:00:00,98.25,100,59,93600,9375250,2010-06-03 00:00:00,1
2010-06-04 00:00:00,2010-06-04 00:00:00,101.75,2010-06-04 00:00:00,99.5,99.75,13,22700,2273025,2010-06-04 00:00:00,1
2010-06-07 00:00:00,2010-06-07 00:00:00,98,2010-06-07 00:00:00,96,96.75,2,1500,145000,2010-06-07 00:00:00,1
2010-06-08 00:00:00,2010-06-08 00:00:00,99.5,2010-06-08 00:00:00,98,99.5,7,13800,1372350,2010-06-08 00:00:00,1
2010-06-10 00:00:00,2010-06-10 00:00:00,99.5,2010-06-10 00:00:00,99.25,99.25,2,300,29800,2010-06-10 00:00:00,1
2010-06-11 00:00:00,2010-06-11 00:00:00,99.75,2010-06-11 00:00:00,95,97,3,6200,601825,2010-06-11 00:00:00,1
2010-06-14 00:00:00,2010-06-14 00:00:00,99.75,2010-06-14 00:00:00,97.75,97.75,8,7800,775075,2010-06-14 00:00:00,1
2010-06-15 00:00:00,2010-06-15 00:00:00,95,2010-06-15 00:00:00,95,95,1,400,38000,2010-06-15 00:00:00,1
2010-06-16 00:00:00,2010-06-16 00:00:00,94,2010-06-16 00:00:00,94,94,1,500,47000,2010-06-16 00:00:00,1
2010-06-17 00:00:00,2010-06-17 00:00:00,99,2010-06-17 00:00:00,91.5,99,4,700,65050,2010-06-17 00:00:00,1
2010-06-24 00:00:00,2010-06-24 00:00:00,96,2010-06-24 00:00:00,96,96,5,6900,662400,2010-06-24 00:00:00,1
2010-07-09 00:00:00,2010-07-09 00:00:00,93,2010-07-09 00:00:00,90.25,90.25,3,700,63625,2010-07-09 00:00:00,1
2010-07-13 00:00:00,2010-07-13 00:00:00,98.5,2010-07-13 00:00:00,90.25,90.5,5,2800,253675,2010-07-13 00:00:00,1
2010-07-14 00:00:00,2010-07-14 00:00:00,93,2010-07-14 00:00:00,90.25,90.25,3,4800,433475,2010-07-14 00:00:00,1
2010-07-15 00:00:00,2010-07-15 00:00:00,92.5,2010-07-15 00:00:00,90.25,90.25,5,2800,252950,2010-07-15 00:00:00,1
2010-07-20 00:00:00,2010-07-20 00:00:00,97,2010-07-20 00:00:00,90.25,96.5,5,1700,157800,2010-07-20 00:00:00,1
2010-07-22 00:00:00,2010-07-22 00:00:00,101,2010-07-22 00:00:00,96,98.5,41,119000,11679550,2010-07-22 00:00:00,1
2010-07-23 00:00:00,2010-07-23 00:00:00,98.5,2010-07-23 00:00:00,98.5,98.5,1,500,49250,2010-07-23 00:00:00,1
2010-07-27 00:00:00,2010-07-27 00:00:00,102,2010-07-27 00:00:00,98.5,100.25,10,6800,682525,2010-07-27 00:00:00,1
2010-07-28 00:00:00,2010-07-28 00:00:00,105,2010-07-28 00:00:00,102,104.25,8,4500,469550,2010-07-28 00:00:00,1
2010-07-29 00:00:00,2010-07-29 00:00:00,103,2010-07-29 00:00:00,103,103,5,5000,515000,2010-07-29 00:00:00,1
2010-08-02 00:00:00,2010-08-02 00:00:00,104.8,2010-08-02 00:00:00,104.8,104.8,2,1000,104800,2010-08-02 00:00:00,1
2010-08-03 00:00:00,2010-08-03 00:00:00,105,2010-08-03 00:00:00,103.9,104.8,18,26000,2724670,2010-08-03 00:00:00,1
2010-08-04 00:00:00,2010-08-04 00:00:00,108,2010-08-04 00:00:00,106.9,107,3,6800,731300,2010-08-04 00:00:00,1
2010-08-05 00:00:00,2010-08-05 00:00:00,105,2010-08-05 00:00:00,103.9,103.9,2,5900,618510,2010-08-05 00:00:00,1
2010-08-09 00:00:00,2010-08-09 00:00:00,94,2010-08-09 00:00:00,93.6,93.9,6,2000,187800,2010-08-09 00:00:00,1
2010-08-10 00:00:00,2010-08-10 00:00:00,95,2010-08-10 00:00:00,84.6,94.5,47,36200,3193580,2010-08-10 00:00:00,1
2010-08-17 00:00:00,2010-08-17 00:00:00,100,2010-08-17 00:00:00,99.9,100,11,1500,149990,2010-08-17 00:00:00,1
2010-08-18 00:00:00,2010-08-18 00:00:00,101,2010-08-18 00:00:00,100,100.1,15,4400,440550,2010-08-18 00:00:00,1
2010-08-19 00:00:00,2010-08-19 00:00:00,100.2,2010-08-19 00:00:00,100,100.1,11,2100,210060,2010-08-19 00:00:00,1
2010-08-23 00:00:00,2010-08-23 00:00:00,101,2010-08-23 00:00:00,101,101,7,1000,101000,2010-08-23 00:00:00,1
2010-08-25 00:00:00,2010-08-25 00:00:00,110,2010-08-25 00:00:00,102.1,102.1,2,200,21210,2010-08-25 00:00:00,1
2010-08-26 00:00:00,2010-08-26 00:00:00,104,2010-08-26 00:00:00,101,103.3,13,16300,1681110,2010-08-26 00:00:00,1
2010-08-27 00:00:00,2010-08-27 00:00:00,105,2010-08-27 00:00:00,103,103,5,4000,414200,2010-08-27 00:00:00,1
2010-08-30 00:00:00,2010-08-30 00:00:00,102,2010-08-30 00:00:00,99,99,6,700,70500,2010-08-30 00:00:00,1
2010-09-01 00:00:00,2010-09-01 00:00:00,106,2010-09-01 00:00:00,100.3,100.3,5,5200,550530,2010-09-01 00:00:00,1
2010-09-06 00:00:00,2010-09-06 00:00:00,103.3,2010-09-06 00:00:00,103.2,103.3,6,700,72290,2010-09-06 00:00:00,1
2010-09-07 00:00:00,2010-09-07 00:00:00,107,2010-09-07 00:00:00,106,106.3,10,4300,456500,2010-09-07 00:00:00,1
2010-09-08 00:00:00,2010-09-08 00:00:00,110,2010-09-08 00:00:00,105.3,108.3,13,18400,1992150,2010-09-08 00:00:00,1
2010-09-13 00:00:00,2010-09-13 00:00:00,118,2010-09-13 00:00:00,107.5,115.2,17,10400,1178010,2010-09-13 00:00:00,1
2010-09-14 00:00:00,2010-09-14 00:00:00,118,2010-09-14 00:00:00,117.5,118,6,4200,494900,2010-09-14 00:00:00,1
2010-09-15 00:00:00,2010-09-15 00:00:00,116,2010-09-15 00:00:00,115,115.3,4,2000,230500,2010-09-15 00:00:00,1
2010-09-16 00:00:00,2010-09-16 00:00:00,116,2010-09-16 00:00:00,115.9,115.9,5,1500,173950,2010-09-16 00:00:00,1
2010-09-17 00:00:00,2010-09-17 00:00:00,118,2010-09-17 00:00:00,112,115.5,22,8300,965110,2010-09-17 00:00:00,1
2010-09-20 00:00:00,2010-09-20 00:00:00,117.5,2010-09-20 00:00:00,115.5,116.2,19,12700,1470720,2010-09-20 00:00:00,1
2010-09-21 00:00:00,2010-09-21 00:00:00,130,2010-09-21 00:00:00,115.5,126.8,85,59800,7329090,2010-09-21 00:00:00,1
2010-09-23 00:00:00,2010-09-23 00:00:00,140,2010-09-23 00:00:00,120,127.1,33,22600,2834010,2010-09-23 00:00:00,1
2010-09-24 00:00:00,2010-09-24 00:00:00,135,2010-09-24 00:00:00,115.1,122.4,20,9500,1221420,2010-09-24 00:00:00,1
2010-09-27 00:00:00,2010-09-27 00:00:00,125.1,2010-09-27 00:00:00,122,122,10,5100,633320,2010-09-27 00:00:00,1
2010-09-28 00:00:00,2010-09-28 00:00:00,120,2010-09-28 00:00:00,119,119.9,31,4800,575080,2010-09-28 00:00:00,1
2010-09-29 00:00:00,2010-09-29 00:00:00,125,2010-09-29 00:00:00,120,125,3,1300,157000,2010-09-29 00:00:00,1
2010-09-30 00:00:00,2010-09-30 00:00:00,135.1,2010-09-30 00:00:00,126,130.8,72,52300,6815670,2010-09-30 00:00:00,1
2010-10-01 00:00:00,2010-10-01 00:00:00,135,2010-10-01 00:00:00,134.8,135,16,15000,2024920,2010-10-01 00:00:00,1
2010-10-04 00:00:00,2010-10-04 00:00:00,135,2010-10-04 00:00:00,132,134.9,26,39100,5270090,2010-10-04 00:00:00,1
2010-10-05 00:00:00,2010-10-05 00:00:00,145,2010-10-05 00:00:00,130,140.3,90,394500,53132450,2010-10-05 00:00:00,1
2010-10-06 00:00:00,2010-10-06 00:00:00,140,2010-10-06 00:00:00,131,133.4,18,23200,3103730,2010-10-06 00:00:00,1
2010-10-07 00:00:00,2010-10-07 00:00:00,135.1,2010-10-07 00:00:00,130,134.7,24,28200,3796580,2010-10-07 00:00:00,1
2010-10-08 00:00:00,2010-10-08 00:00:00,130.1,2010-10-08 00:00:00,130,130,10,21300,2769050,2010-10-08 00:00:00,1
2010-10-11 00:00:00,2010-10-11 00:00:00,135,2010-10-11 00:00:00,129.9,130.2,12,5200,676510,2010-10-11 00:00:00,1
2010-10-12 00:00:00,2010-10-12 00:00:00,131,2010-10-12 00:00:00,120,126.3,50,49000,6272570,2010-10-12 00:00:00,1
2010-10-13 00:00:00,2010-10-13 00:00:00,122,2010-10-13 00:00:00,121,121.6,5,1100,133700,2010-10-13 00:00:00,1
2010-10-14 00:00:00,2010-10-14 00:00:00,130,2010-10-14 00:00:00,123,130,5,5500,711510,2010-10-14 00:00:00,1
2010-10-15 00:00:00,2010-10-15 00:00:00,130,2010-10-15 00:00:00,130,130,10,8000,1040000,2010-10-15 00:00:00,1
2010-10-18 00:00:00,2010-10-18 00:00:00,130,2010-10-18 00:00:00,130,130,2,2800,364000,2010-10-18 00:00:00,1
2010-10-19 00:00:00,2010-10-19 00:00:00,130,2010-10-19 00:00:00,129.9,129.9,8,3700,480950,2010-10-19 00:00:00,1
2010-10-20 00:00:00,2010-10-20 00:00:00,131,2010-10-20 00:00:00,127.8,129,4,1200,154820,2010-10-20 00:00:00,1
2010-10-21 00:00:00,2010-10-21 00:00:00,135,2010-10-21 00:00:00,133,134.7,5,1000,134660,2010-10-21 00:00:00,1
2010-10-25 00:00:00,2010-10-25 00:00:00,130.1,2010-10-25 00:00:00,130,130,5,6500,845020,2010-10-25 00:00:00,1
2010-10-26 00:00:00,2010-10-26 00:00:00,129.1,2010-10-26 00:00:00,129,129,2,1100,141910,2010-10-26 00:00:00,1
2010-10-28 00:00:00,2010-10-28 00:00:00,126.7,2010-10-28 00:00:00,126.7,126.7,3,300,38010,2010-10-28 00:00:00,1
2010-10-29 00:00:00,2010-10-29 00:00:00,127.1,2010-10-29 00:00:00,127.1,127.1,3,2100,266910,2010-10-29 00:00:00,1
2010-11-01 00:00:00,2010-11-01 00:00:00,134.5,2010-11-01 00:00:00,127.1,132.4,10,2100,270100,2010-11-01 00:00:00,1
2010-11-02 00:00:00,2010-11-02 00:00:00,134,2010-11-02 00:00:00,127.4,127.4,6,3800,503340,2010-11-02 00:00:00,1
2010-11-03 00:00:00,2010-11-03 00:00:00,130,2010-11-03 00:00:00,130,130,1,400,52000,2010-11-03 00:00:00,1
2010-11-04 00:00:00,2010-11-04 00:00:00,134,2010-11-04 00:00:00,127.3,132.9,5,2000,263200,2010-11-04 00:00:00,1
2010-11-08 00:00:00,2010-11-08 00:00:00,132,2010-11-08 00:00:00,130,131.7,3,1300,171200,2010-11-08 00:00:00,1
2010-11-09 00:00:00,2010-11-09 00:00:00,132.9,2010-11-09 00:00:00,132.9,132.9,1,1100,146190,2010-11-09 00:00:00,1
2010-11-10 00:00:00,2010-11-10 00:00:00,125,2010-11-10 00:00:00,125,125,1,400,50000,2010-11-10 00:00:00,1
2010-11-11 00:00:00,2010-11-11 00:00:00,132.9,2010-11-11 00:00:00,132.9,132.9,1,100,13290,2010-11-11 00:00:00,1
2010-11-12 00:00:00,2010-11-12 00:00:00,135,2010-11-12 00:00:00,130,133.2,12,8600,1145500,2010-11-12 00:00:00,1
2010-11-15 00:00:00,2010-11-15 00:00:00,133.2,2010-11-15 00:00:00,132,133.1,5,1900,252960,2010-11-15 00:00:00,1
2010-11-16 00:00:00,2010-11-16 00:00:00,125,2010-11-16 00:00:00,120,125,3,3800,459730,2010-11-16 00:00:00,1
2010-11-18 00:00:00,2010-11-18 00:00:00,133,2010-11-18 00:00:00,133,133,1,100,13300,2010-11-18 00:00:00,1
2010-11-22 00:00:00,2010-11-22 00:00:00,133,2010-11-22 00:00:00,133,133,1,1900,252700,2010-11-22 00:00:00,1
2010-11-26 00:00:00,2010-11-26 00:00:00,126.9,2010-11-26 00:00:00,126.9,126.9,1,400,50760,2010-11-26 00:00:00,1
2010-11-29 00:00:00,2010-11-29 00:00:00,126.9,2010-11-29 00:00:00,120,120,5,6900,868710,2010-11-29 00:00:00,1
2010-11-30 00:00:00,2010-11-30 00:00:00,126.9,2010-11-30 00:00:00,126,126.6,2,300,37980,2010-11-30 00:00:00,1
2010-12-02 00:00:00,2010-12-02 00:00:00,130,2010-12-02 00:00:00,130,130,1,100,13000,2010-12-02 00:00:00,1
2010-12-06 00:00:00,2010-12-06 00:00:00,130,2010-12-06 00:00:00,130,130,3,5500,715000,2010-12-06 00:00:00,1
2010-12-07 00:00:00,2010-12-07 00:00:00,127.9,2010-12-07 00:00:00,127.9,127.9,1,100,12790,2010-12-07 00:00:00,1
2010-12-08 00:00:00,2010-12-08 00:00:00,130,2010-12-08 00:00:00,129.9,130,10,5500,714940,2010-12-08 00:00:00,1
2010-12-09 00:00:00,2010-12-09 00:00:00,130,2010-12-09 00:00:00,130,130,1,100,13000,2010-12-09 00:00:00,1
2010-12-10 00:00:00,2010-12-10 00:00:00,129.5,2010-12-10 00:00:00,129,129,2,700,90550,2010-12-10 00:00:00,1
2010-12-13 00:00:00,2010-12-13 00:00:00,129,2010-12-13 00:00:00,129,129,2,1900,245100,2010-12-13 00:00:00,1
2010-12-14 00:00:00,2010-12-14 00:00:00,129,2010-12-14 00:00:00,129,129,3,4100,528900,2010-12-14 00:00:00,1
2010-12-21 00:00:00,2010-12-21 00:00:00,132,2010-12-21 00:00:00,129,130.7,9,6200,802070,2010-12-21 00:00:00,1
2010-12-22 00:00:00,2010-12-22 00:00:00,132,2010-12-22 00:00:00,132,132,2,300,39600,2010-12-22 00:00:00,1
2010-12-28 00:00:00,2010-12-28 00:00:00,128,2010-12-28 00:00:00,128,128,1,100,12800,2010-12-28 00:00:00,1
2010-12-29 00:00:00,2010-12-29 00:00:00,124.5,2010-12-29 00:00:00,124.5,124.5,19,4900,610050,2010-12-29 00:00:00,1
2010-12-30 00:00:00,2010-12-30 00:00:00,124.5,2010-12-30 00:00:00,124.5,124.5,1,100,12450,2010-12-30 00:00:00,1
2010-12-31 00:00:00,2010-12-31 00:00:00,124.5,2010-12-31 00:00:00,124.5,124.5,4,18600,2315700,2010-12-31 00:00:00,1
Company Id,:  RENU,Security,Type :  N,Sub Type,:  0000,,,,,
Short Name,:  RENUKA CITY HOT.,,,,,,,,,
Day,Date High,High,Date Low,Low,Closing,No. of Trades,No. of Shares,Turnover,Last Traded,Days Traded
2010-01-05 00:00:00,2010-01-05 00:00:00,200.25,2010-01-05 00:00:00,199,200,19,14300,2856950,2010-01-05 00:00:00,1
2010-01-06 00:00:00,2010-01-06 00:00:00,204.75,2010-01-06 00:00:00,200,200,13,14500,2914175,2010-01-06 00:00:00,1
2010-01-07 00:00:00,2010-01-07 00:00:00,201,2010-01-07 00:00:00,200,200,6,3200,641000,2010-01-07 00:00:00,1
2010-01-08 00:00:00,2010-01-08 00:00:00,201,2010-01-08 00:00:00,200,200,3,4900,981000,2010-01-08 00:00:00,1
2010-01-11 00:00:00,2010-01-11 00:00:00,204.75,2010-01-11 00:00:00,201.5,204.25,4,7000,1429425,2010-01-11 00:00:00,1
2010-01-12 00:00:00,2010-01-12 00:00:00,204.75,2010-01-12 00:00:00,203.75,204.25,3,5000,1021250,2010-01-12 00:00:00,1
2010-01-13 00:00:00,2010-01-13 00:00:00,225,2010-01-13 00:00:00,204.75,211,27,44100,9189675,2010-01-13 00:00:00,1
2010-01-15 00:00:00,2010-01-15 00:00:00,210,2010-01-15 00:00:00,210,210,2,1500,315000,2010-01-15 00:00:00,1
2010-01-18 00:00:00,2010-01-18 00:00:00,205,2010-01-18 00:00:00,205,205,2,300,61500,2010-01-18 00:00:00,1
2010-01-19 00:00:00,2010-01-19 00:00:00,228,2010-01-19 00:00:00,205,222.25,22,16800,3731750,2010-01-19 00:00:00,1
2010-01-20 00:00:00,2010-01-20 00:00:00,205,2010-01-20 00:00:00,205,205,1,200,41000,2010-01-20 00:00:00,1
2010-01-22 00:00:00,2010-01-22 00:00:00,230,2010-01-22 00:00:00,225,227.5,8,2200,500500,2010-01-22 00:00:00,1
2010-01-25 00:00:00,2010-01-25 00:00:00,230,2010-01-25 00:00:00,225,225,4,3000,687500,2010-01-25 00:00:00,1
2010-01-26 00:00:00,2010-01-26 00:00:00,230,2010-01-26 00:00:00,230,230,2,2500,575000,2010-01-26 00:00:00,1
2010-02-01 00:00:00,2010-02-01 00:00:00,225,2010-02-01 00:00:00,225,225,2,800,180000,2010-02-01 00:00:00,1
2010-02-10 00:00:00,2010-02-10 00:00:00,225,2010-02-10 00:00:00,200,212.5,4,600,127500,2010-02-10 00:00:00,1
2010-02-12 00:00:00,2010-02-12 00:00:00,210,2010-02-12 00:00:00,200,205,2,400,82000,2010-02-12 00:00:00,1
2010-02-15 00:00:00,2010-02-15 00:00:00,210,2010-02-15 00:00:00,206,209.25,5,3500,733100,2010-02-15 00:00:00,1
2010-02-16 00:00:00,2010-02-16 00:00:00,210,2010-02-16 00:00:00,210,210,5,10500,2205000,2010-02-16 00:00:00,1
2010-02-17 00:00:00,2010-02-17 00:00:00,208.25,2010-02-17 00:00:00,208.25,208.25,1,1100,229075,2010-02-17 00:00:00,1
2010-02-18 00:00:00,2010-02-18 00:00:00,225,2010-02-18 00:00:00,225,225,3,1300,292500,2010-02-18 00:00:00,1
2010-02-19 00:00:00,2010-02-19 00:00:00,220,2010-02-19 00:00:00,220,220,2,5000,1100000,2010-02-19 00:00:00,1
2010-02-24 00:00:00,2010-02-24 00:00:00,225,2010-02-24 00:00:00,225,225,2,3600,810000,2010-02-24 00:00:00,1
2010-02-25 00:00:00,2010-02-25 00:00:00,224.75,2010-02-25 00:00:00,218,221.5,8,2200,484275,2010-02-25 00:00:00,1
2010-03-01 00:00:00,2010-03-01 00:00:00,232,2010-03-01 00:00:00,230,230.75,4,2600,599700,2010-03-01 00:00:00,1
2010-03-02 00:00:00,2010-03-02 00:00:00,223,2010-03-02 00:00:00,223,223,1,200,44600,2010-03-02 00:00:00,1
2010-03-03 00:00:00,2010-03-03 00:00:00,220,2010-03-03 00:00:00,220,220,10,3500,770000,2010-03-03 00:00:00,1
2010-03-04 00:00:00,2010-03-04 00:00:00,235,2010-03-04 00:00:00,220,230.25,4,3100,693200,2010-03-04 00:00:00,1
2010-03-05 00:00:00,2010-03-05 00:00:00,249,2010-03-05 00:00:00,238,248,5,1500,363300,2010-03-05 00:00:00,1
2010-03-08 00:00:00,2010-03-08 00:00:00,270,2010-03-08 00:00:00,245,245,68,42300,10582550,2010-03-08 00:00:00,1
2010-03-09 00:00:00,2010-03-09 00:00:00,230,2010-03-09 00:00:00,230,230,6,8000,1840000,2010-03-09 00:00:00,1
2010-03-11 00:00:00,2010-03-11 00:00:00,250,2010-03-11 00:00:00,234,244.5,3,300,73375,2010-03-11 00:00:00,1
2010-03-12 00:00:00,2010-03-12 00:00:00,240,2010-03-12 00:00:00,240,240,2,400,96000,2010-03-12 00:00:00,1
2010-03-15 00:00:00,2010-03-15 00:00:00,249.75,2010-03-15 00:00:00,248,249,6,1600,398475,2010-03-15 00:00:00,1
2010-03-17 00:00:00,2010-03-17 00:00:00,249.75,2010-03-17 00:00:00,238,248.5,7,2300,565550,2010-03-17 00:00:00,1
2010-03-18 00:00:00,2010-03-18 00:00:00,249.75,2010-03-18 00:00:00,230,234,4,1700,416700,2010-03-18 00:00:00,1
2010-03-19 00:00:00,2010-03-19 00:00:00,230,2010-03-19 00:00:00,230,230,4,1900,437000,2010-03-19 00:00:00,1
2010-03-22 00:00:00,2010-03-22 00:00:00,250,2010-03-22 00:00:00,240,242.75,14,6500,1606025,2010-03-22 00:00:00,1
2010-03-23 00:00:00,2010-03-23 00:00:00,241,2010-03-23 00:00:00,241,241,2,1500,361500,2010-03-23 00:00:00,1
2010-04-01 00:00:00,2010-04-01 00:00:00,225,2010-04-01 00:00:00,225,225,1,100,22500,2010-04-01 00:00:00,1
2010-04-05 00:00:00,2010-04-05 00:00:00,225,2010-04-05 00:00:00,225,225,2,600,135000,2010-04-05 00:00:00,1
2010-04-07 00:00:00,2010-04-07 00:00:00,240,2010-04-07 00:00:00,240,240,2,200,48000,2010-04-07 00:00:00,1
2010-04-12 00:00:00,2010-04-12 00:00:00,245,2010-04-12 00:00:00,242,245,6,20300,4972900,2010-04-12 00:00:00,1
2010-04-15 00:00:00,2010-04-15 00:00:00,249.75,2010-04-15 00:00:00,249.75,249.75,1,500,124875,2010-04-15 00:00:00,1
2010-04-16 00:00:00,2010-04-16 00:00:00,249.75,2010-04-16 00:00:00,249.75,249.75,1,500,124875,2010-04-16 00:00:00,1
2010-04-19 00:00:00,2010-04-19 00:00:00,249.75,2010-04-19 00:00:00,249.75,249.75,1,100,24975,2010-04-19 00:00:00,1
2010-04-20 00:00:00,2010-04-20 00:00:00,260,2010-04-20 00:00:00,250,260,3,5200,1302000,2010-04-20 00:00:00,1
2010-04-21 00:00:00,2010-04-21 00:00:00,260,2010-04-21 00:00:00,250,259.75,4,6100,1574750,2010-04-21 00:00:00,1
2010-04-22 00:00:00,2010-04-22 00:00:00,269.75,2010-04-22 00:00:00,259,263.5,5,2500,658925,2010-04-22 00:00:00,1
2010-04-23 00:00:00,2010-04-23 00:00:00,260,2010-04-23 00:00:00,255,259.75,8,8400,2181375,2010-04-23 00:00:00,1
2010-04-26 00:00:00,2010-04-26 00:00:00,260,2010-04-26 00:00:00,260,260,1,100,26000,2010-04-26 00:00:00,1
2010-05-11 00:00:00,2010-05-11 00:00:00,259,2010-05-11 00:00:00,259,259,1,200,51800,2010-05-11 00:00:00,1
2010-05-18 00:00:00,2010-05-18 00:00:00,257.75,2010-05-18 00:00:00,250,255,4,5300,1350475,2010-05-18 00:00:00,1
2010-05-20 00:00:00,2010-05-20 00:00:00,250,2010-05-20 00:00:00,250,250,4,5800,1450000,2010-05-20 00:00:00,1
2010-05-21 00:00:00,2010-05-21 00:00:00,225,2010-05-21 00:00:00,225,225,1,500,112500,2010-05-21 00:00:00,1
2010-05-24 00:00:00,2010-05-24 00:00:00,255,2010-05-24 00:00:00,254,254.75,12,20200,5142000,2010-05-24 00:00:00,1
2010-05-25 00:00:00,2010-05-25 00:00:00,254,2010-05-25 00:00:00,253.75,253.75,4,5300,1345200,2010-05-25 00:00:00,1
2010-06-01 00:00:00,2010-06-01 00:00:00,235,2010-06-01 00:00:00,235,235,1,300,70500,2010-06-01 00:00:00,1
2010-06-02 00:00:00,2010-06-02 00:00:00,259.75,2010-06-02 00:00:00,248,257,4,1500,385550,2010-06-02 00:00:00,1
2010-06-03 00:00:00,2010-06-03 00:00:00,258,2010-06-03 00:00:00,254.75,257,3,700,179950,2010-06-03 00:00:00,1
2010-06-04 00:00:00,2010-06-04 00:00:00,245,2010-06-04 00:00:00,240,245,11,5500,1339250,2010-06-04 00:00:00,1
2010-06-07 00:00:00,2010-06-07 00:00:00,249.75,2010-06-07 00:00:00,249,249,8,10500,2614575,2010-06-07 00:00:00,1
2010-06-09 00:00:00,2010-06-09 00:00:00,249.75,2010-06-09 00:00:00,249.75,249.75,1,300,74925,2010-06-09 00:00:00,1
2010-06-10 00:00:00,2010-06-10 00:00:00,250,2010-06-10 00:00:00,240,240,4,3600,898000,2010-06-10 00:00:00,1
2010-06-11 00:00:00,2010-06-11 00:00:00,270,2010-06-11 00:00:00,245,245,7,4700,1162125,2010-06-11 00:00:00,1
2010-06-14 00:00:00,2010-06-14 00:00:00,245,2010-06-14 00:00:00,245,245,1,100,24500,2010-06-14 00:00:00,1
2010-06-15 00:00:00,2010-06-15 00:00:00,250,2010-06-15 00:00:00,245,250,4,55700,13676500,2010-06-15 00:00:00,1
2010-06-16 00:00:00,2010-06-16 00:00:00,245,2010-06-16 00:00:00,245,245,8,9500,2327500,2010-06-16 00:00:00,1
2010-06-22 00:00:00,2010-06-22 00:00:00,263.5,2010-06-22 00:00:00,263,263,2,200,52650,2010-06-22 00:00:00,1
2010-06-23 00:00:00,2010-06-23 00:00:00,247,2010-06-23 00:00:00,245.75,247,4,12900,3182700,2010-06-23 00:00:00,1
2010-06-28 00:00:00,2010-06-28 00:00:00,260,2010-06-28 00:00:00,251,260,14,8500,2209050,2010-06-28 00:00:00,1
2010-06-29 00:00:00,2010-06-29 00:00:00,261,2010-06-29 00:00:00,260,261,3,2500,652400,2010-06-29 00:00:00,1
2010-06-30 00:00:00,2010-06-30 00:00:00,260,2010-06-30 00:00:00,260,260,1,400,104000,2010-06-30 00:00:00,1
2010-07-05 00:00:00,2010-07-05 00:00:00,260,2010-07-05 00:00:00,254,260,5,5100,1325400,2010-07-05 00:00:00,1
2010-07-06 00:00:00,2010-07-06 00:00:00,253,2010-07-06 00:00:00,253,253,1,1000,253000,2010-07-06 00:00:00,1
2010-07-07 00:00:00,2010-07-07 00:00:00,245,2010-07-07 00:00:00,245,245,1,2000,490000,2010-07-07 00:00:00,1
2010-07-08 00:00:00,2010-07-08 00:00:00,250,2010-07-08 00:00:00,250,250,1,2000,500000,2010-07-08 00:00:00,1
2010-07-09 00:00:00,2010-07-09 00:00:00,250,2010-07-09 00:00:00,240,249.5,2,6800,1697000,2010-07-09 00:00:00,1
2010-07-13 00:00:00,2010-07-13 00:00:00,248,2010-07-13 00:00:00,248,248,1,4000,992000,2010-07-13 00:00:00,1
2010-07-20 00:00:00,2010-07-20 00:00:00,250,2010-07-20 00:00:00,250,250,3,1200,300000,2010-07-20 00:00:00,1
2010-07-21 00:00:00,2010-07-21 00:00:00,270,2010-07-21 00:00:00,250,263,14,4700,1232700,2010-07-21 00:00:00,1
2010-07-22 00:00:00,2010-07-22 00:00:00,269,2010-07-22 00:00:00,269,269,1,100,26900,2010-07-22 00:00:00,1
2010-07-23 00:00:00,2010-07-23 00:00:00,268,2010-07-23 00:00:00,268,268,1,500,134000,2010-07-23 00:00:00,1
2010-07-26 00:00:00,2010-07-26 00:00:00,268,2010-07-26 00:00:00,260,260,6,900,234800,2010-07-26 00:00:00,1
2010-07-28 00:00:00,2010-07-28 00:00:00,269,2010-07-28 00:00:00,260,264,17,29600,7897275,2010-07-28 00:00:00,1
2010-07-29 00:00:00,2010-07-29 00:00:00,265,2010-07-29 00:00:00,260,260,2,1100,286500,2010-07-29 00:00:00,1
2010-07-30 00:00:00,2010-07-30 00:00:00,270.25,2010-07-30 00:00:00,260,260.25,4,3600,937225,2010-07-30 00:00:00,1
2010-08-02 00:00:00,2010-08-02 00:00:00,280,2010-08-02 00:00:00,265,267.2,6,3600,967900,2010-08-02 00:00:00,1
2010-08-03 00:00:00,2010-08-03 00:00:00,255,2010-08-03 00:00:00,255,255,1,1100,280500,2010-08-03 00:00:00,1
2010-08-09 00:00:00,2010-08-09 00:00:00,232.1,2010-08-09 00:00:00,230,232.1,3,700,161420,2010-08-09 00:00:00,1
2010-08-10 00:00:00,2010-08-10 00:00:00,250,2010-08-10 00:00:00,237.7,250,2,700,173770,2010-08-10 00:00:00,1
2010-08-11 00:00:00,2010-08-11 00:00:00,257,2010-08-11 00:00:00,245,256.3,5,900,229500,2010-08-11 00:00:00,1
2010-08-12 00:00:00,2010-08-12 00:00:00,260,2010-08-12 00:00:00,260,260,1,1000,260000,2010-08-12 00:00:00,1
2010-08-13 00:00:00,2010-08-13 00:00:00,286,2010-08-13 00:00:00,280,280,2,200,56600,2010-08-13 00:00:00,1
2010-08-16 00:00:00,2010-08-16 00:00:00,273,2010-08-16 00:00:00,268,268,5,1200,325100,2010-08-16 00:00:00,1
2010-08-17 00:00:00,2010-08-17 00:00:00,268,2010-08-17 00:00:00,268,268,1,100,26800,2010-08-17 00:00:00,1
2010-08-18 00:00:00,2010-08-18 00:00:00,268,2010-08-18 00:00:00,256,256.2,12,5100,1312210,2010-08-18 00:00:00,1
2010-08-19 00:00:00,2010-08-19 00:00:00,275,2010-08-19 00:00:00,270,275,4,1400,384500,2010-08-19 00:00:00,1
2010-08-20 00:00:00,2010-08-20 00:00:00,285,2010-08-20 00:00:00,274,278,4,2300,636800,2010-08-20 00:00:00,1
2010-08-23 00:00:00,2010-08-23 00:00:00,285,2010-08-23 00:00:00,278,280.3,8,2100,588100,2010-08-23 00:00:00,1
2010-08-25 00:00:00,2010-08-25 00:00:00,286,2010-08-25 00:00:00,270,275.5,5,2700,743300,2010-08-25 00:00:00,1
2010-08-26 00:00:00,2010-08-26 00:00:00,280,2010-08-26 00:00:00,270,270.5,6,6200,1678000,2010-08-26 00:00:00,1
2010-08-30 00:00:00,2010-08-30 00:00:00,270.5,2010-08-30 00:00:00,270.5,270.5,1,100,27050,2010-08-30 00:00:00,1
2010-08-31 00:00:00,2010-08-31 00:00:00,296,2010-08-31 00:00:00,274,275.8,13,4000,1117950,2010-08-31 00:00:00,1
2010-09-01 00:00:00,2010-09-01 00:00:00,290,2010-09-01 00:00:00,275,280,26,7500,2078900,2010-09-01 00:00:00,1
2010-09-02 00:00:00,2010-09-02 00:00:00,293,2010-09-02 00:00:00,276,281.1,42,37300,10612130,2010-09-02 00:00:00,1
2010-09-03 00:00:00,2010-09-03 00:00:00,282,2010-09-03 00:00:00,280,280.7,8,7600,2133000,2010-09-03 00:00:00,1
2010-09-06 00:00:00,2010-09-06 00:00:00,282,2010-09-06 00:00:00,281.9,281.9,2,1100,310190,2010-09-06 00:00:00,1
2010-09-07 00:00:00,2010-09-07 00:00:00,291.5,2010-09-07 00:00:00,282.9,289.2,34,52700,15232180,2010-09-07 00:00:00,1
2010-09-08 00:00:00,2010-09-08 00:00:00,310,2010-09-08 00:00:00,290,296.1,24,11500,3382370,2010-09-08 00:00:00,1
2010-09-09 00:00:00,2010-09-09 00:00:00,324,2010-09-09 00:00:00,305,309.6,26,16600,5136650,2010-09-09 00:00:00,1
2010-09-13 00:00:00,2010-09-13 00:00:00,333.9,2010-09-13 00:00:00,320,323.6,29,21200,6931810,2010-09-13 00:00:00,1
2010-09-14 00:00:00,2010-09-14 00:00:00,325,2010-09-14 00:00:00,320,320,6,4500,1445000,2010-09-14 00:00:00,1
2010-09-15 00:00:00,2010-09-15 00:00:00,319,2010-09-15 00:00:00,315,319,3,1200,382000,2010-09-15 00:00:00,1
2010-09-16 00:00:00,2010-09-16 00:00:00,319,2010-09-16 00:00:00,310,312.4,10,5000,1556900,2010-09-16 00:00:00,1
2010-09-17 00:00:00,2010-09-17 00:00:00,332,2010-09-17 00:00:00,320,325.6,29,35700,11577540,2010-09-17 00:00:00,1
2010-09-20 00:00:00,2010-09-20 00:00:00,340,2010-09-20 00:00:00,320,320.6,23,9700,3199880,2010-09-20 00:00:00,1
2010-09-21 00:00:00,2010-09-21 00:00:00,344,2010-09-21 00:00:00,339.9,340,26,16000,5467840,2010-09-21 00:00:00,1
2010-09-23 00:00:00,2010-09-23 00:00:00,340,2010-09-23 00:00:00,320,321.6,12,4500,1519600,2010-09-23 00:00:00,1
2010-09-24 00:00:00,2010-09-24 00:00:00,340,2010-09-24 00:00:00,335,339,21,7400,2508000,2010-09-24 00:00:00,1
2010-09-27 00:00:00,2010-09-27 00:00:00,333,2010-09-27 00:00:00,320,321.3,8,5000,1629850,2010-09-27 00:00:00,1
2010-09-28 00:00:00,2010-09-28 00:00:00,320,2010-09-28 00:00:00,320,320,3,1500,480000,2010-09-28 00:00:00,1
2010-09-29 00:00:00,2010-09-29 00:00:00,321,2010-09-29 00:00:00,310,313.4,4,1000,316420,2010-09-29 00:00:00,1
2010-09-30 00:00:00,2010-09-30 00:00:00,360,2010-09-30 00:00:00,330,355,36,26500,9275050,2010-09-30 00:00:00,1
2010-10-01 00:00:00,2010-10-01 00:00:00,435,2010-10-01 00:00:00,360,431.8,64,23800,9781280,2010-10-01 00:00:00,1
2010-10-04 00:00:00,2010-10-04 00:00:00,450,2010-10-04 00:00:00,415,416,17,3000,1274320,2010-10-04 00:00:00,1
2010-10-05 00:00:00,2010-10-05 00:00:00,420,2010-10-05 00:00:00,400.1,419.4,4,900,375610,2010-10-05 00:00:00,1
2010-10-06 00:00:00,2010-10-06 00:00:00,405,2010-10-06 00:00:00,350,370.8,10,4300,1604700,2010-10-06 00:00:00,1
2010-10-07 00:00:00,2010-10-07 00:00:00,410,2010-10-07 00:00:00,380,406.4,13,2300,927500,2010-10-07 00:00:00,1
2010-10-08 00:00:00,2010-10-08 00:00:00,410,2010-10-08 00:00:00,400,407.5,4,600,243000,2010-10-08 00:00:00,1
2010-10-11 00:00:00,2010-10-11 00:00:00,410,2010-10-11 00:00:00,405,405.8,7,6300,2557300,2010-10-11 00:00:00,1
2010-10-12 00:00:00,2010-10-12 00:00:00,405,2010-10-12 00:00:00,365,372.9,5,2100,796000,2010-10-12 00:00:00,1
2010-10-13 00:00:00,2010-10-13 00:00:00,367,2010-10-13 00:00:00,320,344,10,13800,4777500,2010-10-13 00:00:00,1
2010-10-14 00:00:00,2010-10-14 00:00:00,350,2010-10-14 00:00:00,340,340.8,9,2600,886760,2010-10-14 00:00:00,1
2010-10-15 00:00:00,2010-10-15 00:00:00,340.8,2010-10-15 00:00:00,330,340.8,3,3000,1005120,2010-10-15 00:00:00,1
2010-10-18 00:00:00,2010-10-18 00:00:00,351,2010-10-18 00:00:00,351,351,1,100,35100,2010-10-18 00:00:00,1
2010-10-21 00:00:00,2010-10-21 00:00:00,350,2010-10-21 00:00:00,350,350,1,100,35000,2010-10-21 00:00:00,1
2010-10-28 00:00:00,2010-10-28 00:00:00,355,2010-10-28 00:00:00,350,351.9,8,5300,1865000,2010-10-28 00:00:00,1
2010-10-29 00:00:00,2010-10-29 00:00:00,390,2010-10-29 00:00:00,355,371.5,16,3500,1326740,2010-10-29 00:00:00,1
2010-11-01 00:00:00,2010-11-01 00:00:00,445,2010-11-01 00:00:00,380,414.6,69,19200,7990450,2010-11-01 00:00:00,1
2010-11-02 00:00:00,2010-11-02 00:00:00,439.9,2010-11-02 00:00:00,415,421.6,13,15000,6511890,2010-11-02 00:00:00,1
2010-11-03 00:00:00,2010-11-03 00:00:00,415,2010-11-03 00:00:00,415,415,2,500,207500,2010-11-03 00:00:00,1
2010-11-04 00:00:00,2010-11-04 00:00:00,400,2010-11-04 00:00:00,398,398,6,1300,518800,2010-11-04 00:00:00,1
2010-11-08 00:00:00,2010-11-08 00:00:00,386.5,2010-11-08 00:00:00,386.2,386.4,3,400,154550,2010-11-08 00:00:00,1
2010-11-09 00:00:00,2010-11-09 00:00:00,380.1,2010-11-09 00:00:00,375.2,376.1,13,3200,1208380,2010-11-09 00:00:00,1
2010-11-10 00:00:00,2010-11-10 00:00:00,378,2010-11-10 00:00:00,375,377.3,7,2300,864470,2010-11-10 00:00:00,1
2010-11-11 00:00:00,2010-11-11 00:00:00,398,2010-11-11 00:00:00,398,398,1,300,119400,2010-11-11 00:00:00,1
2010-11-15 00:00:00,2010-11-15 00:00:00,378,2010-11-15 00:00:00,370,371.2,6,900,335900,2010-11-15 00:00:00,1
2010-11-16 00:00:00,2010-11-16 00:00:00,370,2010-11-16 00:00:00,360,362.5,12,7900,2864760,2010-11-16 00:00:00,1
2010-11-18 00:00:00,2010-11-18 00:00:00,365,2010-11-18 00:00:00,356,360.3,6,2500,900720,2010-11-18 00:00:00,1
2010-11-22 00:00:00,2010-11-22 00:00:00,369,2010-11-22 00:00:00,362.1,365.6,2,200,73110,2010-11-22 00:00:00,1
2010-11-23 00:00:00,2010-11-23 00:00:00,358,2010-11-23 00:00:00,358,358,2,1000,358000,2010-11-23 00:00:00,1
2010-11-24 00:00:00,2010-11-24 00:00:00,355,2010-11-24 00:00:00,350,353.3,6,3300,1162500,2010-11-24 00:00:00,1
2010-11-26 00:00:00,2010-11-26 00:00:00,340,2010-11-26 00:00:00,330,336.3,2,2400,807000,2010-11-26 00:00:00,1
2010-11-29 00:00:00,2010-11-29 00:00:00,345,2010-11-29 00:00:00,340,340,6,1000,342000,2010-11-29 00:00:00,1
2010-11-30 00:00:00,2010-11-30 00:00:00,360,2010-11-30 00:00:00,350,360,8,3100,1113000,2010-11-30 00:00:00,1
2010-12-01 00:00:00,2010-12-01 00:00:00,362.5,2010-12-01 00:00:00,350.1,360.2,11,4700,1681310,2010-12-01 00:00:00,1
2010-12-02 00:00:00,2010-12-02 00:00:00,362,2010-12-02 00:00:00,350,350.4,5,1500,531400,2010-12-02 00:00:00,1
2010-12-06 00:00:00,2010-12-06 00:00:00,360,2010-12-06 00:00:00,360,360,3,1200,432000,2010-12-06 00:00:00,1
2010-12-07 00:00:00,2010-12-07 00:00:00,359.9,2010-12-07 00:00:00,359.9,359.9,1,1000,359900,2010-12-07 00:00:00,1
2010-12-08 00:00:00,2010-12-08 00:00:00,355,2010-12-08 00:00:00,355,355,3,500,177500,2010-12-08 00:00:00,1
2010-12-13 00:00:00,2010-12-13 00:00:00,350,2010-12-13 00:00:00,350,350,1,3000,1050000,2010-12-13 00:00:00,1
2010-12-15 00:00:00,2010-12-15 00:00:00,340,2010-12-15 00:00:00,340,340,2,900,306000,2010-12-15 00:00:00,1
2010-12-17 00:00:00,2010-12-17 00:00:00,330.1,2010-12-17 00:00:00,300,330,6,2600,849230,2010-12-17 00:00:00,1
2010-12-21 00:00:00,2010-12-21 00:00:00,348,2010-12-21 00:00:00,348,348,1,100,34800,2010-12-21 00:00:00,1
2010-12-22 00:00:00,2010-12-22 00:00:00,340,2010-12-22 00:00:00,325,340,9,3000,1016500,2010-12-22 00:00:00,1
2010-12-23 00:00:00,2010-12-23 00:00:00,345,2010-12-23 00:00:00,345,345,2,1300,448500,2010-12-23 00:00:00,1
2010-12-28 00:00:00,2010-12-28 00:00:00,345,2010-12-28 00:00:00,345,345,1,500,172500,2010-12-28 00:00:00,1
2010-12-29 00:00:00,2010-12-29 00:00:00,333.5,2010-12-29 00:00:00,330.1,332.7,7,5900,1963420,2010-12-29 00:00:00,1
2010-12-30 00:00:00,2010-12-30 00:00:00,345,2010-12-30 00:00:00,320,342.4,9,8700,2872000,2010-12-30 00:00:00,1
2010-12-31 00:00:00,2010-12-31 00:00:00,345,2010-12-31 00:00:00,340,343.1,4,1300,446000,2010-12-31 00:00:00,1
Company Id,:  REXP,Security,Type :  N,Sub Type,:  0000,,,,,
Short Name,:  RICH PIERIS EXP,,,,,,,,,
Day,Date High,High,Date Low,Low,Closing,No. of Trades,No. of Shares,Turnover,Last Traded,Days Traded
2010-01-04 00:00:00,2010-01-04 00:00:00,28.5,2010-01-04 00:00:00,27.75,28.25,29,57300,1614100,2010-01-04 00:00:00,1
2010-01-05 00:00:00,2010-01-05 00:00:00,29,2010-01-05 00:00:00,28,28.5,56,111900,3203575,2010-01-05 00:00:00,1
2010-01-06 00:00:00,2010-01-06 00:00:00,28.5,2010-01-06 00:00:00,28,28,11,10100,284050,2010-01-06 00:00:00,1
2010-01-07 00:00:00,2010-01-07 00:00:00,28.5,2010-01-07 00:00:00,27.5,27.5,5,13000,365000,2010-01-07 00:00:00,1
2010-01-08 00:00:00,2010-01-08 00:00:00,28,2010-01-08 00:00:00,27.75,27.75,13,22800,636500,2010-01-08 00:00:00,1
2010-01-11 00:00:00,2010-01-11 00:00:00,28,2010-01-11 00:00:00,27.25,27.5,16,24800,685550,2010-01-11 00:00:00,1
2010-01-12 00:00:00,2010-01-12 00:00:00,27,2010-01-12 00:00:00,26.75,26.75,4,3400,91300,2010-01-12 00:00:00,1
2010-01-15 00:00:00,2010-01-15 00:00:00,28,2010-01-15 00:00:00,26.5,27.75,10,13400,370100,2010-01-15 00:00:00,1
2010-01-18 00:00:00,2010-01-18 00:00:00,27.5,2010-01-18 00:00:00,26,27,10,38600,1051100,2010-01-18 00:00:00,1
2010-01-19 00:00:00,2010-01-19 00:00:00,28.25,2010-01-19 00:00:00,26.25,28,102,125100,3470850,2010-01-19 00:00:00,1
2010-01-20 00:00:00,2010-01-20 00:00:00,29.5,2010-01-20 00:00:00,28.25,28.75,141,255400,7335125,2010-01-20 00:00:00,1
2010-01-21 00:00:00,2010-01-21 00:00:00,29,2010-01-21 00:00:00,27.75,27.75,11,22200,618750,2010-01-21 00:00:00,1
2010-01-22 00:00:00,2010-01-22 00:00:00,28,2010-01-22 00:00:00,28,28,3,11000,308000,2010-01-22 00:00:00,1
2010-01-25 00:00:00,2010-01-25 00:00:00,29.25,2010-01-25 00:00:00,28,28,14,29400,844450,2010-01-25 00:00:00,1
2010-01-26 00:00:00,2010-01-26 00:00:00,29.25,2010-01-26 00:00:00,29,29,17,20200,588100,2010-01-26 00:00:00,1
2010-01-28 00:00:00,2010-01-28 00:00:00,29,2010-01-28 00:00:00,28.5,28.5,17,25400,733950,2010-01-28 00:00:00,1
2010-02-01 00:00:00,2010-02-01 00:00:00,29,2010-02-01 00:00:00,28,28.5,22,70900,2020300,2010-02-01 00:00:00,1
2010-02-02 00:00:00,2010-02-02 00:00:00,29,2010-02-02 00:00:00,28.5,28.75,17,26700,767100,2010-02-02 00:00:00,1
2010-02-03 00:00:00,2010-02-03 00:00:00,29,2010-02-03 00:00:00,27,28,17,56800,1601450,2010-02-03 00:00:00,1
2010-02-05 00:00:00,2010-02-05 00:00:00,27,2010-02-05 00:00:00,26.75,27,5,4600,123975,2010-02-05 00:00:00,1
2010-02-08 00:00:00,2010-02-08 00:00:00,27,2010-02-08 00:00:00,27,27,1,1000,27000,2010-02-08 00:00:00,1
2010-02-09 00:00:00,2010-02-09 00:00:00,28,2010-02-09 00:00:00,26,26.25,9,2700,71625,2010-02-09 00:00:00,1
2010-02-10 00:00:00,2010-02-10 00:00:00,26,2010-02-10 00:00:00,26,26,3,400,10400,2010-02-10 00:00:00,1
2010-02-11 00:00:00,2010-02-11 00:00:00,28,2010-02-11 00:00:00,25,27.5,7,7200,190350,2010-02-11 00:00:00,1
2010-02-12 00:00:00,2010-02-12 00:00:00,29,2010-02-12 00:00:00,28,28,2,800,22700,2010-02-12 00:00:00,1
2010-02-15 00:00:00,2010-02-15 00:00:00,29.5,2010-02-15 00:00:00,28,28.25,46,57300,1647150,2010-02-15 00:00:00,1
2010-02-16 00:00:00,2010-02-16 00:00:00,29.25,2010-02-16 00:00:00,28.25,28.25,15,17500,497625,2010-02-16 00:00:00,1
2010-02-17 00:00:00,2010-02-17 00:00:00,28.75,2010-02-17 00:00:00,27.25,28.75,11,48800,1401075,2010-02-17 00:00:00,1
2010-02-18 00:00:00,2010-02-18 00:00:00,31.5,2010-02-18 00:00:00,28.75,29.25,272,384000,11564300,2010-02-18 00:00:00,1
2010-02-19 00:00:00,2010-02-19 00:00:00,31,2010-02-19 00:00:00,30,30,112,162600,4946125,2010-02-19 00:00:00,1
2010-02-22 00:00:00,2010-02-22 00:00:00,31,2010-02-22 00:00:00,29,29.5,64,61800,1876200,2010-02-22 00:00:00,1
2010-02-23 00:00:00,2010-02-23 00:00:00,29,2010-02-23 00:00:00,28.25,28.25,7,4400,126050,2010-02-23 00:00:00,1
2010-02-24 00:00:00,2010-02-24 00:00:00,28.25,2010-02-24 00:00:00,28.25,28.25,1,2700,76275,2010-02-24 00:00:00,1
2010-02-25 00:00:00,2010-02-25 00:00:00,28.25,2010-02-25 00:00:00,28.25,28.25,3,2100,59325,2010-02-25 00:00:00,1
2010-02-26 00:00:00,2010-02-26 00:00:00,28.25,2010-02-26 00:00:00,28,28.25,5,5100,144025,2010-02-26 00:00:00,1
2010-03-01 00:00:00,2010-03-01 00:00:00,29,2010-03-01 00:00:00,29,29,1,300,8700,2010-03-01 00:00:00,1
2010-03-02 00:00:00,2010-03-02 00:00:00,28.75,2010-03-02 00:00:00,28.5,28.5,7,8300,236775,2010-03-02 00:00:00,1
2010-03-03 00:00:00,2010-03-03 00:00:00,29,2010-03-03 00:00:00,28,28.75,9,16300,466800,2010-03-03 00:00:00,1
2010-03-04 00:00:00,2010-03-04 00:00:00,28.75,2010-03-04 00:00:00,28.75,28.75,3,4200,120750,2010-03-04 00:00:00,1
2010-03-05 00:00:00,2010-03-05 00:00:00,28.5,2010-03-05 00:00:00,28,28,9,4800,134850,2010-03-05 00:00:00,1
2010-03-08 00:00:00,2010-03-08 00:00:00,29.25,2010-03-08 00:00:00,28.25,28.25,9,14300,407225,2010-03-08 00:00:00,1
2010-03-09 00:00:00,2010-03-09 00:00:00,29.25,2010-03-09 00:00:00,29.25,29.25,1,500,14625,2010-03-09 00:00:00,1
2010-03-10 00:00:00,2010-03-10 00:00:00,28,2010-03-10 00:00:00,27,27,9,5700,157900,2010-03-10 00:00:00,1
2010-03-12 00:00:00,2010-03-12 00:00:00,27.25,2010-03-12 00:00:00,27,27.25,7,11100,302100,2010-03-12 00:00:00,1
2010-03-15 00:00:00,2010-03-15 00:00:00,27,2010-03-15 00:00:00,27,27,22,33800,912600,2010-03-15 00:00:00,1
2010-03-16 00:00:00,2010-03-16 00:00:00,27,2010-03-16 00:00:00,27,27,5,7500,202500,2010-03-16 00:00:00,1
2010-03-18 00:00:00,2010-03-18 00:00:00,27,2010-03-18 00:00:00,26.75,26.75,2,800,21425,2010-03-18 00:00:00,1
2010-03-19 00:00:00,2010-03-19 00:00:00,28.5,2010-03-19 00:00:00,26.5,28.5,3,12500,351250,2010-03-19 00:00:00,1
2010-03-22 00:00:00,2010-03-22 00:00:00,27.75,2010-03-22 00:00:00,27,27,2,1500,40575,2010-03-22 00:00:00,1
2010-03-23 00:00:00,2010-03-23 00:00:00,27,2010-03-23 00:00:00,27,27,4,1400,37800,2010-03-23 00:00:00,1
2010-03-24 00:00:00,2010-03-24 00:00:00,26.5,2010-03-24 00:00:00,26.5,26.5,5,14900,394850,2010-03-24 00:00:00,1
2010-03-25 00:00:00,2010-03-25 00:00:00,26.5,2010-03-25 00:00:00,26.5,26.5,1,200,5300,2010-03-25 00:00:00,1
2010-03-30 00:00:00,2010-03-30 00:00:00,26.5,2010-03-30 00:00:00,26.5,26.5,3,800,21200,2010-03-30 00:00:00,1
2010-04-01 00:00:00,2010-04-01 00:00:00,26.5,2010-04-01 00:00:00,26.5,26.5,4,700,18550,2010-04-01 00:00:00,1
2010-04-05 00:00:00,2010-04-05 00:00:00,26.5,2010-04-05 00:00:00,26.5,26.5,1,1000,26500,2010-04-05 00:00:00,1
2010-04-06 00:00:00,2010-04-06 00:00:00,27.75,2010-04-06 00:00:00,27,27.5,3,1300,35250,2010-04-06 00:00:00,1
2010-04-07 00:00:00,2010-04-07 00:00:00,30,2010-04-07 00:00:00,28,30,114,285400,8409125,2010-04-07 00:00:00,1
2010-04-08 00:00:00,2010-04-08 00:00:00,31.75,2010-04-08 00:00:00,30.5,31,125,297000,9255225,2010-04-08 00:00:00,1
2010-04-12 00:00:00,2010-04-12 00:00:00,32,2010-04-12 00:00:00,31.25,31.5,28,33300,1045875,2010-04-12 00:00:00,1
2010-04-15 00:00:00,2010-04-15 00:00:00,31.75,2010-04-15 00:00:00,31,31.75,25,25500,806450,2010-04-15 00:00:00,1
2010-04-16 00:00:00,2010-04-16 00:00:00,31.25,2010-04-16 00:00:00,30.25,30.5,10,11500,351750,2010-04-16 00:00:00,1
2010-04-19 00:00:00,2010-04-19 00:00:00,30,2010-04-19 00:00:00,30,30,9,13800,414000,2010-04-19 00:00:00,1
2010-04-20 00:00:00,2010-04-20 00:00:00,30.5,2010-04-20 00:00:00,30,30.5,6,6000,182500,2010-04-20 00:00:00,1
2010-04-21 00:00:00,2010-04-21 00:00:00,34,2010-04-21 00:00:00,30,33.75,226,383700,12663350,2010-04-21 00:00:00,1
2010-04-22 00:00:00,2010-04-22 00:00:00,37,2010-04-22 00:00:00,33,33.5,206,344200,12141550,2010-04-22 00:00:00,1
2010-04-23 00:00:00,2010-04-23 00:00:00,35.5,2010-04-23 00:00:00,33.75,34,31,34400,1187600,2010-04-23 00:00:00,1
2010-04-26 00:00:00,2010-04-26 00:00:00,35,2010-04-26 00:00:00,33.25,33.25,32,35400,1193375,2010-04-26 00:00:00,1
2010-04-27 00:00:00,2010-04-27 00:00:00,36,2010-04-27 00:00:00,34,35,56,113700,3979925,2010-04-27 00:00:00,1
2010-04-29 00:00:00,2010-04-29 00:00:00,35.5,2010-04-29 00:00:00,34,35,27,41300,1447550,2010-04-29 00:00:00,1
2010-04-30 00:00:00,2010-04-30 00:00:00,36,2010-04-30 00:00:00,34.5,34.75,26,44100,1554325,2010-04-30 00:00:00,1
2010-05-03 00:00:00,2010-05-03 00:00:00,35,2010-05-03 00:00:00,33,35,13,25500,891450,2010-05-03 00:00:00,1
2010-05-04 00:00:00,2010-05-04 00:00:00,35,2010-05-04 00:00:00,33.5,33.75,7,18300,622150,2010-05-04 00:00:00,1
2010-05-05 00:00:00,2010-05-05 00:00:00,33.5,2010-05-05 00:00:00,33,33,7,4400,145250,2010-05-05 00:00:00,1
2010-05-06 00:00:00,2010-05-06 00:00:00,33,2010-05-06 00:00:00,33,33,3,1100,36300,2010-05-06 00:00:00,1
2010-05-07 00:00:00,2010-05-07 00:00:00,33.5,2010-05-07 00:00:00,32.5,32.75,8,7500,245875,2010-05-07 00:00:00,1
2010-05-10 00:00:00,2010-05-10 00:00:00,37,2010-05-10 00:00:00,33,35,236,228200,8220775,2010-05-10 00:00:00,1
2010-05-11 00:00:00,2010-05-11 00:00:00,35,2010-05-11 00:00:00,34,34,19,17000,583525,2010-05-11 00:00:00,1
2010-05-12 00:00:00,2010-05-12 00:00:00,33.25,2010-05-12 00:00:00,33.25,33.25,1,200,6650,2010-05-12 00:00:00,1
2010-05-13 00:00:00,2010-05-13 00:00:00,35,2010-05-13 00:00:00,34,34,4,900,30975,2010-05-13 00:00:00,1
2010-05-14 00:00:00,2010-05-14 00:00:00,34,2010-05-14 00:00:00,33,33.25,8,6700,222425,2010-05-14 00:00:00,1
2010-05-17 00:00:00,2010-05-17 00:00:00,36,2010-05-17 00:00:00,34.75,35.5,27,27400,982875,2010-05-17 00:00:00,1
2010-05-18 00:00:00,2010-05-18 00:00:00,35.25,2010-05-18 00:00:00,33.5,34.5,2,400,13750,2010-05-18 00:00:00,1
2010-05-19 00:00:00,2010-05-19 00:00:00,35,2010-05-19 00:00:00,33.5,35,5,3000,103500,2010-05-19 00:00:00,1
2010-05-21 00:00:00,2010-05-21 00:00:00,33.5,2010-05-21 00:00:00,33,33,16,5200,172200,2010-05-21 00:00:00,1
2010-05-24 00:00:00,2010-05-24 00:00:00,34.25,2010-05-24 00:00:00,33.75,34,42,37400,1271275,2010-05-24 00:00:00,1
2010-05-25 00:00:00,2010-05-25 00:00:00,34,2010-05-25 00:00:00,33,33.75,7,7700,259925,2010-05-25 00:00:00,1
2010-05-31 00:00:00,2010-05-31 00:00:00,34.75,2010-05-31 00:00:00,33.75,34,6,1400,47625,2010-05-31 00:00:00,1
2010-06-01 00:00:00,2010-06-01 00:00:00,33.25,2010-06-01 00:00:00,33,33,3,700,23150,2010-06-01 00:00:00,1
2010-06-02 00:00:00,2010-06-02 00:00:00,33,2010-06-02 00:00:00,33,33,2,1200,39600,2010-06-02 00:00:00,1
2010-06-03 00:00:00,2010-06-03 00:00:00,32.5,2010-06-03 00:00:00,32.25,32.5,6,1200,38875,2010-06-03 00:00:00,1
2010-06-04 00:00:00,2010-06-04 00:00:00,33,2010-06-04 00:00:00,32.5,33,4,2700,88450,2010-06-04 00:00:00,1
2010-06-07 00:00:00,2010-06-07 00:00:00,33,2010-06-07 00:00:00,32.25,32.25,7,5100,164950,2010-06-07 00:00:00,1
2010-06-08 00:00:00,2010-06-08 00:00:00,32.5,2010-06-08 00:00:00,32,32.25,16,31700,1023000,2010-06-08 00:00:00,1
2010-06-09 00:00:00,2010-06-09 00:00:00,32.5,2010-06-09 00:00:00,31,32.25,17,22600,733200,2010-06-09 00:00:00,1
2010-06-10 00:00:00,2010-06-10 00:00:00,32,2010-06-10 00:00:00,31.75,31.75,2,600,19075,2010-06-10 00:00:00,1
2010-06-11 00:00:00,2010-06-11 00:00:00,36,2010-06-11 00:00:00,32,35.25,63,113200,3908200,2010-06-11 00:00:00,1
2010-06-14 00:00:00,2010-06-14 00:00:00,37.75,2010-06-14 00:00:00,35,36.5,150,146100,5413750,2010-06-14 00:00:00,1
2010-06-15 00:00:00,2010-06-15 00:00:00,37.5,2010-06-15 00:00:00,36,36,47,51700,1916325,2010-06-15 00:00:00,1
2010-06-16 00:00:00,2010-06-16 00:00:00,35.5,2010-06-16 00:00:00,35,35.5,4,3200,113500,2010-06-16 00:00:00,1
2010-06-17 00:00:00,2010-06-17 00:00:00,37.5,2010-06-17 00:00:00,35.5,37,107,162200,6022225,2010-06-17 00:00:00,1
2010-06-21 00:00:00,2010-06-21 00:00:00,38,2010-06-21 00:00:00,37,37,36,47500,1793250,2010-06-21 00:00:00,1
2010-06-22 00:00:00,2010-06-22 00:00:00,36.5,2010-06-22 00:00:00,36.5,36.5,7,6600,240900,2010-06-22 00:00:00,1
2010-06-23 00:00:00,2010-06-23 00:00:00,36,2010-06-23 00:00:00,35.5,35.5,8,5300,190700,2010-06-23 00:00:00,1
2010-06-24 00:00:00,2010-06-24 00:00:00,35.25,2010-06-24 00:00:00,32,35,15,35400,1226800,2010-06-24 00:00:00,1
2010-06-28 00:00:00,2010-06-28 00:00:00,35.25,2010-06-28 00:00:00,34,35,9,54600,1912150,2010-06-28 00:00:00,1
2010-06-29 00:00:00,2010-06-29 00:00:00,37,2010-06-29 00:00:00,33.25,34.5,38,95300,3459150,2010-06-29 00:00:00,1
2010-06-30 00:00:00,2010-06-30 00:00:00,37,2010-06-30 00:00:00,35.25,35.25,3,600,21550,2010-06-30 00:00:00,1
2010-07-01 00:00:00,2010-07-01 00:00:00,35.25,2010-07-01 00:00:00,35.25,35.25,1,200,7050,2010-07-01 00:00:00,1
2010-07-05 00:00:00,2010-07-05 00:00:00,32.25,2010-07-05 00:00:00,32,32,4,1800,57650,2010-07-05 00:00:00,1
2010-07-06 00:00:00,2010-07-06 00:00:00,35,2010-07-06 00:00:00,32,35,6,7400,251400,2010-07-06 00:00:00,1
2010-07-07 00:00:00,2010-07-07 00:00:00,33,2010-07-07 00:00:00,30.5,32.25,27,36900,1185400,2010-07-07 00:00:00,1
2010-07-08 00:00:00,2010-07-08 00:00:00,35,2010-07-08 00:00:00,33.75,34.5,8,17100,591500,2010-07-08 00:00:00,1
2010-07-09 00:00:00,2010-07-09 00:00:00,32.5,2010-07-09 00:00:00,32,32,5,2000,64200,2010-07-09 00:00:00,1
2010-07-12 00:00:00,2010-07-12 00:00:00,32,2010-07-12 00:00:00,31.5,31.5,14,6500,206575,2010-07-12 00:00:00,1
2010-07-13 00:00:00,2010-07-13 00:00:00,31.75,2010-07-13 00:00:00,31.25,31.5,5,1700,53500,2010-07-13 00:00:00,1
2010-07-14 00:00:00,2010-07-14 00:00:00,34.5,2010-07-14 00:00:00,31.75,34,4,800,27075,2010-07-14 00:00:00,1
2010-07-16 00:00:00,2010-07-16 00:00:00,34.5,2010-07-16 00:00:00,32.75,32.75,17,4000,136875,2010-07-16 00:00:00,1
2010-07-19 00:00:00,2010-07-19 00:00:00,34.5,2010-07-19 00:00:00,33,34,12,16300,544450,2010-07-19 00:00:00,1
2010-07-20 00:00:00,2010-07-20 00:00:00,34,2010-07-20 00:00:00,32.25,34,24,19600,663375,2010-07-20 00:00:00,1
2010-07-21 00:00:00,2010-07-21 00:00:00,32,2010-07-21 00:00:00,32,32,1,100,3200,2010-07-21 00:00:00,1
2010-07-22 00:00:00,2010-07-22 00:00:00,33,2010-07-22 00:00:00,33,33,3,1300,42900,2010-07-22 00:00:00,1
2010-07-26 00:00:00,2010-07-26 00:00:00,37,2010-07-26 00:00:00,33.25,36.25,144,145900,5206875,2010-07-26 00:00:00,1
2010-07-27 00:00:00,2010-07-27 00:00:00,37.5,2010-07-27 00:00:00,35,36.75,64,87900,3221100,2010-07-27 00:00:00,1
2010-07-28 00:00:00,2010-07-28 00:00:00,37.5,2010-07-28 00:00:00,36.25,36.25,63,39600,1460200,2010-07-28 00:00:00,1
2010-07-29 00:00:00,2010-07-29 00:00:00,36.75,2010-07-29 00:00:00,35.25,35.5,27,21200,759475,2010-07-29 00:00:00,1
2010-07-30 00:00:00,2010-07-30 00:00:00,35.25,2010-07-30 00:00:00,34,35,8,10800,371050,2010-07-30 00:00:00,1
2010-08-02 00:00:00,2010-08-02 00:00:00,36,2010-08-02 00:00:00,36,36,1,800,28800,2010-08-02 00:00:00,1
2010-08-03 00:00:00,2010-08-03 00:00:00,37,2010-08-03 00:00:00,33.5,35.2,55,25300,912620,2010-08-03 00:00:00,1
2010-08-04 00:00:00,2010-08-04 00:00:00,36,2010-08-04 00:00:00,33.5,34.1,9,8300,282200,2010-08-04 00:00:00,1
2010-08-05 00:00:00,2010-08-05 00:00:00,33.5,2010-08-05 00:00:00,33.5,33.5,1,100,3350,2010-08-05 00:00:00,1
2010-08-06 00:00:00,2010-08-06 00:00:00,33.5,2010-08-06 00:00:00,33.5,33.5,1,300,10050,2010-08-06 00:00:00,1
2010-08-10 00:00:00,2010-08-10 00:00:00,36.5,2010-08-10 00:00:00,30.8,35.1,23,102200,3578560,2010-08-10 00:00:00,1
2010-08-11 00:00:00,2010-08-11 00:00:00,34.8,2010-08-11 00:00:00,31.9,33.2,11,11700,388640,2010-08-11 00:00:00,1
2010-08-17 00:00:00,2010-08-17 00:00:00,33.9,2010-08-17 00:00:00,33.8,33.8,2,3300,111570,2010-08-17 00:00:00,1
2010-08-18 00:00:00,2010-08-18 00:00:00,34,2010-08-18 00:00:00,31,32.9,32,26700,862640,2010-08-18 00:00:00,1
2010-08-19 00:00:00,2010-08-19 00:00:00,31.6,2010-08-19 00:00:00,31,31.3,6,5500,172000,2010-08-19 00:00:00,1
2010-08-20 00:00:00,2010-08-20 00:00:00,33.3,2010-08-20 00:00:00,31.8,33.3,4,800,26200,2010-08-20 00:00:00,1
2010-08-23 00:00:00,2010-08-23 00:00:00,33,2010-08-23 00:00:00,32,32.8,4,2400,79060,2010-08-23 00:00:00,1
2010-08-25 00:00:00,2010-08-25 00:00:00,33.7,2010-08-25 00:00:00,31.8,32,16,11100,355400,2010-08-25 00:00:00,1
2010-08-26 00:00:00,2010-08-26 00:00:00,32.5,2010-08-26 00:00:00,32,32.5,12,30100,976700,2010-08-26 00:00:00,1
2010-08-27 00:00:00,2010-08-27 00:00:00,33,2010-08-27 00:00:00,31.6,31.7,9,16000,520400,2010-08-27 00:00:00,1
2010-08-30 00:00:00,2010-08-30 00:00:00,31.4,2010-08-30 00:00:00,31.3,31.4,6,2000,62780,2010-08-30 00:00:00,1
2010-08-31 00:00:00,2010-08-31 00:00:00,32.9,2010-08-31 00:00:00,31,31.1,18,13900,433080,2010-08-31 00:00:00,1
2010-09-01 00:00:00,2010-09-01 00:00:00,31,2010-09-01 00:00:00,30,30.7,31,46500,1438150,2010-09-01 00:00:00,1
2010-09-02 00:00:00,2010-09-02 00:00:00,33.7,2010-09-02 00:00:00,33,33.3,25,29100,964690,2010-09-02 00:00:00,1
2010-09-03 00:00:00,2010-09-03 00:00:00,34.9,2010-09-03 00:00:00,32.9,33.2,20,23100,777980,2010-09-03 00:00:00,1
2010-09-06 00:00:00,2010-09-06 00:00:00,33,2010-09-06 00:00:00,33,33,1,500,16500,2010-09-06 00:00:00,1
2010-09-07 00:00:00,2010-09-07 00:00:00,33.2,2010-09-07 00:00:00,31.2,32,12,6800,217580,2010-09-07 00:00:00,1
2010-09-08 00:00:00,2010-09-08 00:00:00,33.4,2010-09-08 00:00:00,32,32,6,1500,48140,2010-09-08 00:00:00,1
2010-09-09 00:00:00,2010-09-09 00:00:00,35.2,2010-09-09 00:00:00,33.7,35.2,49,55500,1939800,2010-09-09 00:00:00,1
2010-09-13 00:00:00,2010-09-13 00:00:00,38.7,2010-09-13 00:00:00,35.6,35.9,121,86500,3176820,2010-09-13 00:00:00,1
2010-09-14 00:00:00,2010-09-14 00:00:00,36.9,2010-09-14 00:00:00,35,35.3,20,11800,420270,2010-09-14 00:00:00,1
2010-09-15 00:00:00,2010-09-15 00:00:00,34.9,2010-09-15 00:00:00,32,34.8,16,13300,445400,2010-09-15 00:00:00,1
2010-09-16 00:00:00,2010-09-16 00:00:00,33.5,2010-09-16 00:00:00,33.5,33.5,2,1500,50250,2010-09-16 00:00:00,1
2010-09-17 00:00:00,2010-09-17 00:00:00,34.5,2010-09-17 00:00:00,33.5,34.2,28,66300,2257600,2010-09-17 00:00:00,1
2010-09-20 00:00:00,2010-09-20 00:00:00,34.2,2010-09-20 00:00:00,34,34.1,12,9700,330830,2010-09-20 00:00:00,1
2010-09-21 00:00:00,2010-09-21 00:00:00,33.9,2010-09-21 00:00:00,32,33.1,22,36200,1200910,2010-09-21 00:00:00,1
2010-09-23 00:00:00,2010-09-23 00:00:00,34,2010-09-23 00:00:00,33,33,21,26600,885320,2010-09-23 00:00:00,1
2010-09-24 00:00:00,2010-09-24 00:00:00,33,2010-09-24 00:00:00,32,32.2,26,23300,755210,2010-09-24 00:00:00,1
2010-09-27 00:00:00,2010-09-27 00:00:00,34.7,2010-09-27 00:00:00,33,34.7,2,1100,36470,2010-09-27 00:00:00,1
2010-09-28 00:00:00,2010-09-28 00:00:00,34.7,2010-09-28 00:00:00,32.5,32.5,8,6000,199270,2010-09-28 00:00:00,1
2010-09-29 00:00:00,2010-09-29 00:00:00,32.5,2010-09-29 00:00:00,32,32.1,20,12500,402470,2010-09-29 00:00:00,1
2010-09-30 00:00:00,2010-09-30 00:00:00,33,2010-09-30 00:00:00,32,32.3,9,4900,158200,2010-09-30 00:00:00,1
2010-10-01 00:00:00,2010-10-01 00:00:00,33,2010-10-01 00:00:00,32.5,32.8,4,15400,505650,2010-10-01 00:00:00,1
2010-10-04 00:00:00,2010-10-04 00:00:00,33,2010-10-04 00:00:00,32.7,33,8,5500,181300,2010-10-04 00:00:00,1
2010-10-05 00:00:00,2010-10-05 00:00:00,32,2010-10-05 00:00:00,31.7,31.9,17,3800,121000,2010-10-05 00:00:00,1
2010-10-06 00:00:00,2010-10-06 00:00:00,31.6,2010-10-06 00:00:00,31.1,31.2,7,2800,87310,2010-10-06 00:00:00,1
2010-10-07 00:00:00,2010-10-07 00:00:00,30.6,2010-10-07 00:00:00,30,30.1,13,7600,229480,2010-10-07 00:00:00,1
2010-10-08 00:00:00,2010-10-08 00:00:00,31.2,2010-10-08 00:00:00,31,31.2,6,7500,232780,2010-10-08 00:00:00,1
2010-10-11 00:00:00,2010-10-11 00:00:00,31.7,2010-10-11 00:00:00,31.7,31.7,3,5400,171180,2010-10-11 00:00:00,1
2010-10-12 00:00:00,2010-10-12 00:00:00,31,2010-10-12 00:00:00,29,30.4,4,12000,364750,2010-10-12 00:00:00,1
2010-10-13 00:00:00,2010-10-13 00:00:00,31,2010-10-13 00:00:00,27,29.9,24,24300,684480,2010-10-13 00:00:00,1
2010-10-14 00:00:00,2010-10-14 00:00:00,29.5,2010-10-14 00:00:00,29.5,29.5,4,5500,162250,2010-10-14 00:00:00,1
2010-10-15 00:00:00,2010-10-15 00:00:00,25.2,2010-10-15 00:00:00,25.1,25.1,4,1000,25120,2010-10-15 00:00:00,1
2010-10-18 00:00:00,2010-10-18 00:00:00,28,2010-10-18 00:00:00,28,28,1,100,2800,2010-10-18 00:00:00,1
2010-10-19 00:00:00,2010-10-19 00:00:00,28,2010-10-19 00:00:00,28,28,1,2000,56000,2010-10-19 00:00:00,1
2010-10-20 00:00:00,2010-10-20 00:00:00,27.5,2010-10-20 00:00:00,27.5,27.5,6,2400,66000,2010-10-20 00:00:00,1
2010-10-21 00:00:00,2010-10-21 00:00:00,27,2010-10-21 00:00:00,25.5,26.2,13,4300,111710,2010-10-21 00:00:00,1
2010-10-25 00:00:00,2010-10-25 00:00:00,27,2010-10-25 00:00:00,25.5,25.6,3,2500,63910,2010-10-25 00:00:00,1
2010-10-26 00:00:00,2010-10-26 00:00:00,26.5,2010-10-26 00:00:00,26,26,7,4100,108100,2010-10-26 00:00:00,1
2010-10-27 00:00:00,2010-10-27 00:00:00,25.5,2010-10-27 00:00:00,25.5,25.5,8,11400,290700,2010-10-27 00:00:00,1
2010-10-28 00:00:00,2010-10-28 00:00:00,25.5,2010-10-28 00:00:00,25.5,25.5,10,6200,158100,2010-10-28 00:00:00,1
2010-10-29 00:00:00,2010-10-29 00:00:00,26.8,2010-10-29 00:00:00,26.8,26.8,4,1000,26800,2010-10-29 00:00:00,1
2010-11-01 00:00:00,2010-11-01 00:00:00,27.5,2010-11-01 00:00:00,27,27.3,3,1200,32950,2010-11-01 00:00:00,1
2010-11-02 00:00:00,2010-11-02 00:00:00,27.3,2010-11-02 00:00:00,27.3,27.3,1,100,2730,2010-11-02 00:00:00,1
2010-11-04 00:00:00,2010-11-04 00:00:00,26.4,2010-11-04 00:00:00,26.3,26.3,2,500,13160,2010-11-04 00:00:00,1
2010-11-08 00:00:00,2010-11-08 00:00:00,26.5,2010-11-08 00:00:00,26.5,26.5,1,1500,39750,2010-11-08 00:00:00,1
2010-11-10 00:00:00,2010-11-10 00:00:00,27,2010-11-10 00:00:00,27,27,2,700,18900,2010-11-10 00:00:00,1
2010-11-11 00:00:00,2010-11-11 00:00:00,27.5,2010-11-11 00:00:00,27,27.3,4,2000,54500,2010-11-11 00:00:00,1
2010-11-12 00:00:00,2010-11-12 00:00:00,27.5,2010-11-12 00:00:00,27.5,27.5,1,300,8250,2010-11-12 00:00:00,1
2010-11-15 00:00:00,2010-11-15 00:00:00,28.5,2010-11-15 00:00:00,27,27.4,3,1700,46650,2010-11-15 00:00:00,1
2010-11-16 00:00:00,2010-11-16 00:00:00,29,2010-11-16 00:00:00,28.8,28.9,8,2000,57850,2010-11-16 00:00:00,1
2010-11-18 00:00:00,2010-11-18 00:00:00,28.7,2010-11-18 00:00:00,27.5,28.6,13,4200,116720,2010-11-18 00:00:00,1
2010-11-22 00:00:00,2010-11-22 00:00:00,29,2010-11-22 00:00:00,29,29,1,100,2900,2010-11-22 00:00:00,1
2010-11-23 00:00:00,2010-11-23 00:00:00,28.9,2010-11-23 00:00:00,26.5,26.5,8,14600,391140,2010-11-23 00:00:00,1
2010-11-24 00:00:00,2010-11-24 00:00:00,28.9,2010-11-24 00:00:00,28.9,28.9,3,1500,43350,2010-11-24 00:00:00,1
2010-11-25 00:00:00,2010-11-25 00:00:00,28.5,2010-11-25 00:00:00,25,28.5,3,700,19600,2010-11-25 00:00:00,1
2010-11-26 00:00:00,2010-11-26 00:00:00,28.5,2010-11-26 00:00:00,28.5,28.5,1,100,2850,2010-11-26 00:00:00,1
2010-11-29 00:00:00,2010-11-29 00:00:00,28.5,2010-11-29 00:00:00,28.5,28.5,1,100,2850,2010-11-29 00:00:00,1
2010-11-30 00:00:00,2010-11-30 00:00:00,28.5,2010-11-30 00:00:00,28,28,2,600,16850,2010-11-30 00:00:00,1
2010-12-01 00:00:00,2010-12-01 00:00:00,30.5,2010-12-01 00:00:00,28,30,17,8200,234920,2010-12-01 00:00:00,1
2010-12-02 00:00:00,2010-12-02 00:00:00,30,2010-12-02 00:00:00,29,29.9,3,900,26690,2010-12-02 00:00:00,1
2010-12-03 00:00:00,2010-12-03 00:00:00,29,2010-12-03 00:00:00,29,29,4,1500,43500,2010-12-03 00:00:00,1
2010-12-06 00:00:00,2010-12-06 00:00:00,28.5,2010-12-06 00:00:00,28.5,28.5,1,1700,48450,2010-12-06 00:00:00,1
2010-12-07 00:00:00,2010-12-07 00:00:00,28,2010-12-07 00:00:00,28,28,1,2000,56000,2010-12-07 00:00:00,1
2010-12-08 00:00:00,2010-12-08 00:00:00,27.8,2010-12-08 00:00:00,26.1,26.1,2,1100,28880,2010-12-08 00:00:00,1
2010-12-09 00:00:00,2010-12-09 00:00:00,28,2010-12-09 00:00:00,28,28,1,100,2800,2010-12-09 00:00:00,1
2010-12-10 00:00:00,2010-12-10 00:00:00,28.9,2010-12-10 00:00:00,28,28,3,1600,44890,2010-12-10 00:00:00,1
2010-12-13 00:00:00,2010-12-13 00:00:00,28.9,2010-12-13 00:00:00,26.2,27,10,4800,129550,2010-12-13 00:00:00,1
2010-12-15 00:00:00,2010-12-15 00:00:00,27.5,2010-12-15 00:00:00,27.5,27.5,2,200,5500,2010-12-15 00:00:00,1
2010-12-16 00:00:00,2010-12-16 00:00:00,28,2010-12-16 00:00:00,28,28,1,100,2800,2010-12-16 00:00:00,1
2010-12-17 00:00:00,2010-12-17 00:00:00,28,2010-12-17 00:00:00,28,28,1,100,2800,2010-12-17 00:00:00,1
2010-12-21 00:00:00,2010-12-21 00:00:00,27.5,2010-12-21 00:00:00,26.2,26.3,3,1200,31690,2010-12-21 00:00:00,1
2010-12-22 00:00:00,2010-12-22 00:00:00,27.4,2010-12-22 00:00:00,26.6,27,3,600,16280,2010-12-22 00:00:00,1
2010-12-23 00:00:00,2010-12-23 00:00:00,27.8,2010-12-23 00:00:00,26.7,27.8,4,400,10800,2010-12-23 00:00:00,1
2010-12-24 00:00:00,2010-12-24 00:00:00,28,2010-12-24 00:00:00,28,28,1,100,2800,2010-12-24 00:00:00,1
2010-12-27 00:00:00,2010-12-27 00:00:00,28,2010-12-27 00:00:00,28,28,5,1400,39200,2010-12-27 00:00:00,1
2010-12-28 00:00:00,2010-12-28 00:00:00,28,2010-12-28 00:00:00,26.8,27.1,7,2000,54720,2010-12-28 00:00:00,1
2010-12-29 00:00:00,2010-12-29 00:00:00,27.1,2010-12-29 00:00:00,27.1,27.1,1,200,5420,2010-12-29 00:00:00,1
2010-12-30 00:00:00,2010-12-30 00:00:00,26.8,2010-12-30 00:00:00,26.5,26.5,5,2300,61430,2010-12-30 00:00:00,1
2010-12-31 00:00:00,2010-12-31 00:00:00,26.6,2010-12-31 00:00:00,26.1,26.5,6,1400,37070,2010-12-31 00:00:00,1
Company Id,:  RGEM,Security,Type :  N,Sub Type,:  0000,,,,,
Short Name,:  RADIANT GEMS,,,,,,,,,
Day,Date High,High,Date Low,Low,Closing,No. of Trades,No. of Shares,Turnover,Last Traded,Days Traded
2010-01-05 00:00:00,2010-01-05 00:00:00,27.5,2010-01-05 00:00:00,27,27,5,5500,148750,2010-01-05 00:00:00,1
2010-01-08 00:00:00,2010-01-08 00:00:00,27,2010-01-08 00:00:00,27,27,1,200,5400,2010-01-08 00:00:00,1
2010-01-11 00:00:00,2010-01-11 00:00:00,27.25,2010-01-11 00:00:00,27,27,4,10100,272725,2010-01-11 00:00:00,1
2010-01-12 00:00:00,2010-01-12 00:00:00,27,2010-01-12 00:00:00,27,27,7,5400,145800,2010-01-12 00:00:00,1
2010-01-13 00:00:00,2010-01-13 00:00:00,27,2010-01-13 00:00:00,27,27,5,3100,83700,2010-01-13 00:00:00,1
2010-01-15 00:00:00,2010-01-15 00:00:00,27.5,2010-01-15 00:00:00,27,27.5,2,2600,70250,2010-01-15 00:00:00,1
2010-01-18 00:00:00,2010-01-18 00:00:00,29,2010-01-18 00:00:00,27.75,28,23,11700,328275,2010-01-18 00:00:00,1
2010-01-19 00:00:00,2010-01-19 00:00:00,27.75,2010-01-19 00:00:00,27,27,9,7800,210775,2010-01-19 00:00:00,1
2010-01-20 00:00:00,2010-01-20 00:00:00,28,2010-01-20 00:00:00,28,28,1,100,2800,2010-01-20 00:00:00,1
2010-01-21 00:00:00,2010-01-21 00:00:00,28,2010-01-21 00:00:00,28,28,1,100,2800,2010-01-21 00:00:00,1
2010-01-22 00:00:00,2010-01-22 00:00:00,28.5,2010-01-22 00:00:00,28,28,5,1400,39350,2010-01-22 00:00:00,1
2010-01-25 00:00:00,2010-01-25 00:00:00,28.5,2010-01-25 00:00:00,28.5,28.5,1,100,2850,2010-01-25 00:00:00,1
2010-01-28 00:00:00,2010-01-28 00:00:00,28.25,2010-01-28 00:00:00,28.25,28.25,1,500,14125,2010-01-28 00:00:00,1
2010-02-01 00:00:00,2010-02-01 00:00:00,29,2010-02-01 00:00:00,29,29,2,1000,29000,2010-02-01 00:00:00,1
2010-02-02 00:00:00,2010-02-02 00:00:00,29,2010-02-02 00:00:00,27,27,6,17500,473550,2010-02-02 00:00:00,1
2010-02-05 00:00:00,2010-02-05 00:00:00,27.25,2010-02-05 00:00:00,27.25,27.25,1,100,2725,2010-02-05 00:00:00,1
2010-02-10 00:00:00,2010-02-10 00:00:00,28.75,2010-02-10 00:00:00,25.25,28.75,3,4500,117475,2010-02-10 00:00:00,1
2010-02-11 00:00:00,2010-02-11 00:00:00,27,2010-02-11 00:00:00,27,27,4,12200,329400,2010-02-11 00:00:00,1
2010-02-12 00:00:00,2010-02-12 00:00:00,26,2010-02-12 00:00:00,26,26,1,100,2600,2010-02-12 00:00:00,1
2010-02-16 00:00:00,2010-02-16 00:00:00,26,2010-02-16 00:00:00,26,26,1,300,7800,2010-02-16 00:00:00,1
2010-02-17 00:00:00,2010-02-17 00:00:00,26,2010-02-17 00:00:00,26,26,1,100,2600,2010-02-17 00:00:00,1
2010-02-18 00:00:00,2010-02-18 00:00:00,28.75,2010-02-18 00:00:00,27,28,11,6600,185325,2010-02-18 00:00:00,1
2010-02-22 00:00:00,2010-02-22 00:00:00,29,2010-02-22 00:00:00,29,29,1,800,23200,2010-02-22 00:00:00,1
2010-02-23 00:00:00,2010-02-23 00:00:00,36.25,2010-02-23 00:00:00,29,33,318,403400,12413725,2010-02-23 00:00:00,1
2010-02-24 00:00:00,2010-02-24 00:00:00,35.5,2010-02-24 00:00:00,31,32,38,25700,890475,2010-02-24 00:00:00,1
2010-02-25 00:00:00,2010-02-25 00:00:00,32,2010-02-25 00:00:00,30.25,30.5,8,4500,140450,2010-02-25 00:00:00,1
2010-02-26 00:00:00,2010-02-26 00:00:00,32,2010-02-26 00:00:00,31,32,6,3700,116375,2010-02-26 00:00:00,1
2010-03-01 00:00:00,2010-03-01 00:00:00,33,2010-03-01 00:00:00,29,32.25,27,19100,615400,2010-03-01 00:00:00,1
2010-03-02 00:00:00,2010-03-02 00:00:00,31.25,2010-03-02 00:00:00,30.25,31,3,3500,107125,2010-03-02 00:00:00,1
2010-03-04 00:00:00,2010-03-04 00:00:00,30.25,2010-03-04 00:00:00,30,30,2,500,15025,2010-03-04 00:00:00,1
2010-03-08 00:00:00,2010-03-08 00:00:00,29.5,2010-03-08 00:00:00,29.25,29.5,2,500,14725,2010-03-08 00:00:00,1
2010-03-09 00:00:00,2010-03-09 00:00:00,31,2010-03-09 00:00:00,27.5,29,11,3200,93575,2010-03-09 00:00:00,1
2010-03-10 00:00:00,2010-03-10 00:00:00,30,2010-03-10 00:00:00,28,29,11,12500,362025,2010-03-10 00:00:00,1
2010-03-11 00:00:00,2010-03-11 00:00:00,29.5,2010-03-11 00:00:00,29.5,29.5,1,300,8850,2010-03-11 00:00:00,1
2010-03-15 00:00:00,2010-03-15 00:00:00,29,2010-03-15 00:00:00,28.5,28.5,8,1600,45650,2010-03-15 00:00:00,1
2010-03-16 00:00:00,2010-03-16 00:00:00,30.25,2010-03-16 00:00:00,28.25,29.25,4,2400,70000,2010-03-16 00:00:00,1
2010-03-17 00:00:00,2010-03-17 00:00:00,26.75,2010-03-17 00:00:00,26.75,26.75,1,500,13375,2010-03-17 00:00:00,1
2010-03-18 00:00:00,2010-03-18 00:00:00,29.5,2010-03-18 00:00:00,29.5,29.5,1,500,14750,2010-03-18 00:00:00,1
2010-03-22 00:00:00,2010-03-22 00:00:00,27,2010-03-22 00:00:00,27,27,4,1000,27000,2010-03-22 00:00:00,1
2010-03-23 00:00:00,2010-03-23 00:00:00,27,2010-03-23 00:00:00,27,27,1,1000,27000,2010-03-23 00:00:00,1
2010-03-24 00:00:00,2010-03-24 00:00:00,26.5,2010-03-24 00:00:00,26,26.25,2,500,13150,2010-03-24 00:00:00,1
2010-03-25 00:00:00,2010-03-25 00:00:00,26,2010-03-25 00:00:00,26,26,1,100,2600,2010-03-25 00:00:00,1
2010-03-26 00:00:00,2010-03-26 00:00:00,27.75,2010-03-26 00:00:00,27.5,27.75,3,1000,27625,2010-03-26 00:00:00,1
2010-03-30 00:00:00,2010-03-30 00:00:00,27.5,2010-03-30 00:00:00,27.5,27.5,1,1000,27500,2010-03-30 00:00:00,1
2010-03-31 00:00:00,2010-03-31 00:00:00,27.25,2010-03-31 00:00:00,27.25,27.25,1,300,8175,2010-03-31 00:00:00,1
2010-04-01 00:00:00,2010-04-01 00:00:00,27.5,2010-04-01 00:00:00,27,27.25,8,6900,187925,2010-04-01 00:00:00,1
2010-04-05 00:00:00,2010-04-05 00:00:00,27.5,2010-04-05 00:00:00,27.25,27.5,2,1500,41125,2010-04-05 00:00:00,1
2010-04-06 00:00:00,2010-04-06 00:00:00,29.5,2010-04-06 00:00:00,28.5,29.5,2,300,8650,2010-04-06 00:00:00,1
2010-04-07 00:00:00,2010-04-07 00:00:00,29.5,2010-04-07 00:00:00,28.5,29,5,2800,82100,2010-04-07 00:00:00,1
2010-04-08 00:00:00,2010-04-08 00:00:00,27.25,2010-04-08 00:00:00,27,27,5,2000,54050,2010-04-08 00:00:00,1
2010-04-12 00:00:00,2010-04-12 00:00:00,27.25,2010-04-12 00:00:00,27,27,5,12000,324200,2010-04-12 00:00:00,1
2010-04-15 00:00:00,2010-04-15 00:00:00,30.5,2010-04-15 00:00:00,28,28.25,24,16900,493450,2010-04-15 00:00:00,1
2010-04-22 00:00:00,2010-04-22 00:00:00,28.5,2010-04-22 00:00:00,28.5,28.5,2,2200,62700,2010-04-22 00:00:00,1
2010-04-26 00:00:00,2010-04-26 00:00:00,27.5,2010-04-26 00:00:00,27.25,27.25,2,300,8200,2010-04-26 00:00:00,1
2010-04-29 00:00:00,2010-04-29 00:00:00,28.25,2010-04-29 00:00:00,28.25,28.25,4,5300,149725,2010-04-29 00:00:00,1
2010-04-30 00:00:00,2010-04-30 00:00:00,28.25,2010-04-30 00:00:00,28.25,28.25,1,1200,33900,2010-04-30 00:00:00,1
2010-05-03 00:00:00,2010-05-03 00:00:00,28.25,2010-05-03 00:00:00,28.25,28.25,2,2000,56500,2010-05-03 00:00:00,1
2010-05-04 00:00:00,2010-05-04 00:00:00,28.25,2010-05-04 00:00:00,28,28.25,2,400,11250,2010-05-04 00:00:00,1
2010-05-05 00:00:00,2010-05-05 00:00:00,28,2010-05-05 00:00:00,27.75,28,6,3700,103550,2010-05-05 00:00:00,1
2010-05-06 00:00:00,2010-05-06 00:00:00,28,2010-05-06 00:00:00,28,28,1,600,16800,2010-05-06 00:00:00,1
2010-05-07 00:00:00,2010-05-07 00:00:00,29.5,2010-05-07 00:00:00,29.25,29.25,3,400,11725,2010-05-07 00:00:00,1
2010-05-10 00:00:00,2010-05-10 00:00:00,29.25,2010-05-10 00:00:00,29,29,5,1600,46550,2010-05-10 00:00:00,1
2010-05-11 00:00:00,2010-05-11 00:00:00,29,2010-05-11 00:00:00,29,29,2,9000,261000,2010-05-11 00:00:00,1
2010-05-12 00:00:00,2010-05-12 00:00:00,29,2010-05-12 00:00:00,27.5,27.75,4,2600,73200,2010-05-12 00:00:00,1
2010-05-14 00:00:00,2010-05-14 00:00:00,27.5,2010-05-14 00:00:00,27.5,27.5,3,600,16500,2010-05-14 00:00:00,1
2010-05-17 00:00:00,2010-05-17 00:00:00,27.25,2010-05-17 00:00:00,27.25,27.25,1,300,8175,2010-05-17 00:00:00,1
2010-05-18 00:00:00,2010-05-18 00:00:00,29.5,2010-05-18 00:00:00,27.25,29,25,20100,581700,2010-05-18 00:00:00,1
2010-05-19 00:00:00,2010-05-19 00:00:00,33.5,2010-05-19 00:00:00,28.5,31.5,159,351800,10663900,2010-05-19 00:00:00,1
2010-05-20 00:00:00,2010-05-20 00:00:00,31,2010-05-20 00:00:00,29.25,29.25,7,2900,87100,2010-05-20 00:00:00,1
2010-05-21 00:00:00,2010-05-21 00:00:00,29.25,2010-05-21 00:00:00,28.75,29.25,4,2600,76000,2010-05-21 00:00:00,1
2010-05-24 00:00:00,2010-05-24 00:00:00,28.5,2010-05-24 00:00:00,27.5,28.5,3,8200,232500,2010-05-24 00:00:00,1
2010-05-31 00:00:00,2010-05-31 00:00:00,30.75,2010-05-31 00:00:00,27.5,29.75,11,12600,359925,2010-05-31 00:00:00,1
2010-06-02 00:00:00,2010-06-02 00:00:00,28,2010-06-02 00:00:00,28,28,1,200,5600,2010-06-02 00:00:00,1
2010-06-03 00:00:00,2010-06-03 00:00:00,27.5,2010-06-03 00:00:00,27.5,27.5,2,700,19250,2010-06-03 00:00:00,1
2010-06-04 00:00:00,2010-06-04 00:00:00,27.75,2010-06-04 00:00:00,27.75,27.75,1,1000,27750,2010-06-04 00:00:00,1
2010-06-08 00:00:00,2010-06-08 00:00:00,29,2010-06-08 00:00:00,27.5,29,4,4700,130000,2010-06-08 00:00:00,1
2010-06-09 00:00:00,2010-06-09 00:00:00,30.5,2010-06-09 00:00:00,29.5,29.5,11,6200,185300,2010-06-09 00:00:00,1
2010-06-10 00:00:00,2010-06-10 00:00:00,29,2010-06-10 00:00:00,28.25,28.25,3,3300,93450,2010-06-10 00:00:00,1
2010-06-11 00:00:00,2010-06-11 00:00:00,29,2010-06-11 00:00:00,27.75,28,6,7900,219850,2010-06-11 00:00:00,1
2010-06-14 00:00:00,2010-06-14 00:00:00,28.25,2010-06-14 00:00:00,28,28,6,7500,210875,2010-06-14 00:00:00,1
2010-06-15 00:00:00,2010-06-15 00:00:00,29.5,2010-06-15 00:00:00,29.5,29.5,2,200,5900,2010-06-15 00:00:00,1
2010-06-17 00:00:00,2010-06-17 00:00:00,30,2010-06-17 00:00:00,29.25,30,5,10400,311325,2010-06-17 00:00:00,1
2010-06-21 00:00:00,2010-06-21 00:00:00,29.5,2010-06-21 00:00:00,29.5,29.5,1,100,2950,2010-06-21 00:00:00,1
2010-06-22 00:00:00,2010-06-22 00:00:00,29.25,2010-06-22 00:00:00,29,29,5,2600,75425,2010-06-22 00:00:00,1
2010-06-24 00:00:00,2010-06-24 00:00:00,33,2010-06-24 00:00:00,29,32,48,33700,1071475,2010-06-24 00:00:00,1
2010-06-28 00:00:00,2010-06-28 00:00:00,44,2010-06-28 00:00:00,31.75,39.75,211,169700,6505425,2010-06-28 00:00:00,1
2010-06-29 00:00:00,2010-06-29 00:00:00,53,2010-06-29 00:00:00,44.25,48.5,270,298200,14681150,2010-06-29 00:00:00,1
2010-06-30 00:00:00,2010-06-30 00:00:00,48.5,2010-06-30 00:00:00,29.25,44.5,23,11400,523625,2010-06-30 00:00:00,1
2010-07-01 00:00:00,2010-07-01 00:00:00,46,2010-07-01 00:00:00,41,42.5,27,16400,704000,2010-07-01 00:00:00,1
2010-07-02 00:00:00,2010-07-02 00:00:00,40,2010-07-02 00:00:00,37,39,3,300,11700,2010-07-02 00:00:00,1
2010-07-05 00:00:00,2010-07-05 00:00:00,40,2010-07-05 00:00:00,37.5,37.5,2,200,7750,2010-07-05 00:00:00,1
2010-07-06 00:00:00,2010-07-06 00:00:00,37.5,2010-07-06 00:00:00,37.25,37.5,5,4900,183275,2010-07-06 00:00:00,1
2010-07-07 00:00:00,2010-07-07 00:00:00,37.75,2010-07-07 00:00:00,35.25,37.75,16,12900,471625,2010-07-07 00:00:00,1
2010-07-08 00:00:00,2010-07-08 00:00:00,37.75,2010-07-08 00:00:00,35,35,3,1500,55250,2010-07-08 00:00:00,1
2010-07-09 00:00:00,2010-07-09 00:00:00,35,2010-07-09 00:00:00,34,34.75,3,10700,373000,2010-07-09 00:00:00,1
2010-07-13 00:00:00,2010-07-13 00:00:00,38,2010-07-13 00:00:00,32.5,37.25,3,1000,35325,2010-07-13 00:00:00,1
2010-07-14 00:00:00,2010-07-14 00:00:00,35,2010-07-14 00:00:00,35,35,1,100,3500,2010-07-14 00:00:00,1
2010-07-15 00:00:00,2010-07-15 00:00:00,38.5,2010-07-15 00:00:00,35,37.5,9,2300,84000,2010-07-15 00:00:00,1
2010-07-19 00:00:00,2010-07-19 00:00:00,45,2010-07-19 00:00:00,39,42.25,86,56000,2412900,2010-07-19 00:00:00,1
2010-07-20 00:00:00,2010-07-20 00:00:00,42.25,2010-07-20 00:00:00,42.25,42.25,1,500,21125,2010-07-20 00:00:00,1
2010-07-21 00:00:00,2010-07-21 00:00:00,45,2010-07-21 00:00:00,42,42.25,10,6700,284450,2010-07-21 00:00:00,1
2010-07-22 00:00:00,2010-07-22 00:00:00,44,2010-07-22 00:00:00,41.75,41.75,27,30400,1286500,2010-07-22 00:00:00,1
2010-07-23 00:00:00,2010-07-23 00:00:00,43.75,2010-07-23 00:00:00,41.75,42.75,12,2200,94200,2010-07-23 00:00:00,1
2010-07-26 00:00:00,2010-07-26 00:00:00,44,2010-07-26 00:00:00,41.5,42.25,20,6600,285900,2010-07-26 00:00:00,1
2010-07-27 00:00:00,2010-07-27 00:00:00,40,2010-07-27 00:00:00,40,40,1,600,24000,2010-07-27 00:00:00,1
2010-07-28 00:00:00,2010-07-28 00:00:00,41.25,2010-07-28 00:00:00,41,41,2,1800,73850,2010-07-28 00:00:00,1
2010-07-29 00:00:00,2010-07-29 00:00:00,42,2010-07-29 00:00:00,40.25,41.5,3,900,37275,2010-07-29 00:00:00,1
2010-07-30 00:00:00,2010-07-30 00:00:00,42.5,2010-07-30 00:00:00,41.5,42.25,16,3900,164300,2010-07-30 00:00:00,1
2010-08-02 00:00:00,2010-08-02 00:00:00,49,2010-08-02 00:00:00,44.9,48.8,78,36100,1715290,2010-08-02 00:00:00,1
2010-08-03 00:00:00,2010-08-03 00:00:00,55,2010-08-03 00:00:00,47.7,48.1,10,9800,480770,2010-08-03 00:00:00,1
2010-08-04 00:00:00,2010-08-04 00:00:00,45,2010-08-04 00:00:00,42.6,44.1,34,19300,832550,2010-08-04 00:00:00,1
2010-08-05 00:00:00,2010-08-05 00:00:00,42,2010-08-05 00:00:00,40,40,7,4800,193000,2010-08-05 00:00:00,1
2010-08-06 00:00:00,2010-08-06 00:00:00,40,2010-08-06 00:00:00,37,39.2,13,4000,151820,2010-08-06 00:00:00,1
2010-08-09 00:00:00,2010-08-09 00:00:00,35.5,2010-08-09 00:00:00,35.5,35.5,1,1000,35500,2010-08-09 00:00:00,1
2010-08-10 00:00:00,2010-08-10 00:00:00,39,2010-08-10 00:00:00,39,39,1,100,3900,2010-08-10 00:00:00,1
2010-08-11 00:00:00,2010-08-11 00:00:00,37.7,2010-08-11 00:00:00,37.7,37.7,1,4300,162110,2010-08-11 00:00:00,1
2010-08-12 00:00:00,2010-08-12 00:00:00,41,2010-08-12 00:00:00,41,41,1,100,4100,2010-08-12 00:00:00,1
2010-08-13 00:00:00,2010-08-13 00:00:00,40.9,2010-08-13 00:00:00,37,39,4,3300,126650,2010-08-13 00:00:00,1
2010-08-17 00:00:00,2010-08-17 00:00:00,41,2010-08-17 00:00:00,41,41,1,200,8200,2010-08-17 00:00:00,1
2010-08-19 00:00:00,2010-08-19 00:00:00,40,2010-08-19 00:00:00,40,40,3,1400,56000,2010-08-19 00:00:00,1
2010-08-20 00:00:00,2010-08-20 00:00:00,38,2010-08-20 00:00:00,38,38,1,600,22800,2010-08-20 00:00:00,1
2010-08-23 00:00:00,2010-08-23 00:00:00,40,2010-08-23 00:00:00,40,40,2,200,8000,2010-08-23 00:00:00,1
2010-08-25 00:00:00,2010-08-25 00:00:00,40,2010-08-25 00:00:00,39,39,2,1200,47600,2010-08-25 00:00:00,1
2010-08-27 00:00:00,2010-08-27 00:00:00,38.1,2010-08-27 00:00:00,38.1,38.1,1,400,15240,2010-08-27 00:00:00,1
2010-08-30 00:00:00,2010-08-30 00:00:00,38,2010-08-30 00:00:00,37.9,37.9,3,700,26540,2010-08-30 00:00:00,1
2010-09-01 00:00:00,2010-09-01 00:00:00,40,2010-09-01 00:00:00,38,39,2,200,7800,2010-09-01 00:00:00,1
2010-09-02 00:00:00,2010-09-02 00:00:00,38,2010-09-02 00:00:00,38,38,2,500,19000,2010-09-02 00:00:00,1
2010-09-03 00:00:00,2010-09-03 00:00:00,41.3,2010-09-03 00:00:00,40,41.3,3,600,24390,2010-09-03 00:00:00,1
2010-09-06 00:00:00,2010-09-06 00:00:00,41.4,2010-09-06 00:00:00,41.4,41.4,2,1000,41400,2010-09-06 00:00:00,1
2010-09-15 00:00:00,2010-09-15 00:00:00,37.9,2010-09-15 00:00:00,37.4,37.6,12,2600,97780,2010-09-15 00:00:00,1
2010-09-16 00:00:00,2010-09-16 00:00:00,40,2010-09-16 00:00:00,40,40,1,800,32000,2010-09-16 00:00:00,1
2010-09-17 00:00:00,2010-09-17 00:00:00,40,2010-09-17 00:00:00,40,40,5,5600,224000,2010-09-17 00:00:00,1
2010-09-20 00:00:00,2010-09-20 00:00:00,41,2010-09-20 00:00:00,41,41,5,600,24600,2010-09-20 00:00:00,1
2010-09-21 00:00:00,2010-09-21 00:00:00,41.9,2010-09-21 00:00:00,39,40.2,9,18600,730240,2010-09-21 00:00:00,1
2010-09-23 00:00:00,2010-09-23 00:00:00,41.9,2010-09-23 00:00:00,41.7,41.7,3,2200,91780,2010-09-23 00:00:00,1
2010-09-24 00:00:00,2010-09-24 00:00:00,41.9,2010-09-24 00:00:00,41.8,41.8,2,1600,67030,2010-09-24 00:00:00,1
2010-09-28 00:00:00,2010-09-28 00:00:00,42,2010-09-28 00:00:00,41,41.1,6,1800,74300,2010-09-28 00:00:00,1
2010-09-29 00:00:00,2010-09-29 00:00:00,41.9,2010-09-29 00:00:00,41.9,41.9,1,300,12570,2010-09-29 00:00:00,1
2010-09-30 00:00:00,2010-09-30 00:00:00,37,2010-09-30 00:00:00,35.2,36.9,8,4200,154540,2010-09-30 00:00:00,1
2010-10-01 00:00:00,2010-10-01 00:00:00,40.9,2010-10-01 00:00:00,40,40.9,7,19700,804560,2010-10-01 00:00:00,1
2010-10-04 00:00:00,2010-10-04 00:00:00,41,2010-10-04 00:00:00,39,40.8,4,2100,82970,2010-10-04 00:00:00,1
2010-10-05 00:00:00,2010-10-05 00:00:00,40,2010-10-05 00:00:00,40,40,1,500,20000,2010-10-05 00:00:00,1
2010-10-06 00:00:00,2010-10-06 00:00:00,37.2,2010-10-06 00:00:00,37.2,37.2,1,3000,111600,2010-10-06 00:00:00,1
2010-10-07 00:00:00,2010-10-07 00:00:00,37.2,2010-10-07 00:00:00,37,37.1,4,2600,96420,2010-10-07 00:00:00,1
2010-10-08 00:00:00,2010-10-08 00:00:00,36.1,2010-10-08 00:00:00,36.1,36.1,1,300,10830,2010-10-08 00:00:00,1
2010-10-11 00:00:00,2010-10-11 00:00:00,36.1,2010-10-11 00:00:00,36,36,3,1200,43240,2010-10-11 00:00:00,1
2010-10-13 00:00:00,2010-10-13 00:00:00,34.5,2010-10-13 00:00:00,34.5,34.5,2,500,17250,2010-10-13 00:00:00,1
2010-10-15 00:00:00,2010-10-15 00:00:00,36,2010-10-15 00:00:00,36,36,1,200,7200,2010-10-15 00:00:00,1
2010-10-25 00:00:00,2010-10-25 00:00:00,35,2010-10-25 00:00:00,25.3,32,8,3500,104220,2010-10-25 00:00:00,1
2010-10-28 00:00:00,2010-10-28 00:00:00,38.5,2010-10-28 00:00:00,34,35.7,9,6200,221170,2010-10-28 00:00:00,1
2010-10-29 00:00:00,2010-10-29 00:00:00,35.7,2010-10-29 00:00:00,35.7,35.7,1,1000,35700,2010-10-29 00:00:00,1
2010-11-01 00:00:00,2010-11-01 00:00:00,38.4,2010-11-01 00:00:00,38.3,38.3,3,2300,88190,2010-11-01 00:00:00,1
2010-11-24 00:00:00,2010-11-24 00:00:00,33,2010-11-24 00:00:00,33,33,1,900,29700,2010-11-24 00:00:00,1
2010-11-25 00:00:00,2010-11-25 00:00:00,33,2010-11-25 00:00:00,33,33,3,700,23100,2010-11-25 00:00:00,1
2010-11-26 00:00:00,2010-11-26 00:00:00,32,2010-11-26 00:00:00,32,32,1,100,3200,2010-11-26 00:00:00,1
2010-11-29 00:00:00,2010-11-29 00:00:00,32.2,2010-11-29 00:00:00,32.2,32.2,1,100,3220,2010-11-29 00:00:00,1
2010-11-30 00:00:00,2010-11-30 00:00:00,34,2010-11-30 00:00:00,34,34,2,2300,78200,2010-11-30 00:00:00,1
2010-12-01 00:00:00,2010-12-01 00:00:00,37.8,2010-12-01 00:00:00,36,36.6,3,800,29260,2010-12-01 00:00:00,1
2010-12-07 00:00:00,2010-12-07 00:00:00,34.5,2010-12-07 00:00:00,32.5,32.5,5,4200,138500,2010-12-07 00:00:00,1
2010-12-09 00:00:00,2010-12-09 00:00:00,32.2,2010-12-09 00:00:00,32,32.2,7,1900,61150,2010-12-09 00:00:00,1
2010-12-10 00:00:00,2010-12-10 00:00:00,32,2010-12-10 00:00:00,32,32,2,400,12800,2010-12-10 00:00:00,1
2010-12-14 00:00:00,2010-12-14 00:00:00,31,2010-12-14 00:00:00,31,31,4,3800,117800,2010-12-14 00:00:00,1
2010-12-15 00:00:00,2010-12-15 00:00:00,33,2010-12-15 00:00:00,32.9,33,3,3900,128380,2010-12-15 00:00:00,1
2010-12-17 00:00:00,2010-12-17 00:00:00,31.5,2010-12-17 00:00:00,31.5,31.5,1,1000,31500,2010-12-17 00:00:00,1
2010-12-22 00:00:00,2010-12-22 00:00:00,34,2010-12-22 00:00:00,34,34,1,100,3400,2010-12-22 00:00:00,1
2010-12-23 00:00:00,2010-12-23 00:00:00,34,2010-12-23 00:00:00,34,34,1,200,6800,2010-12-23 00:00:00,1
2010-12-28 00:00:00,2010-12-28 00:00:00,35,2010-12-28 00:00:00,35,35,1,100,3500,2010-12-28 00:00:00,1
Company Id,:  RHL,Security,Type :  N,Sub Type,:  0000,,,,,
Short Name,:  RENUKA HOLDINGS,,,,,,,,,
Day,Date High,High,Date Low,Low,Closing,No. of Trades,No. of Shares,Turnover,Last Traded,Days Traded
2010-01-04 00:00:00,2010-01-04 00:00:00,140,2010-01-04 00:00:00,138,138.75,58,48100,6724825,2010-01-04 00:00:00,1
2010-01-05 00:00:00,2010-01-05 00:00:00,140,2010-01-05 00:00:00,136,137.5,39,25600,3546950,2010-01-05 00:00:00,1
2010-01-06 00:00:00,2010-01-06 00:00:00,139,2010-01-06 00:00:00,135,135,16,12400,1689750,2010-01-06 00:00:00,1
2010-01-07 00:00:00,2010-01-07 00:00:00,138,2010-01-07 00:00:00,136,137,13,3000,412525,2010-01-07 00:00:00,1
2010-01-08 00:00:00,2010-01-08 00:00:00,138,2010-01-08 00:00:00,135,136.25,24,31800,4301525,2010-01-08 00:00:00,1
2010-01-11 00:00:00,2010-01-11 00:00:00,140,2010-01-11 00:00:00,133,133.5,31,8000,1072950,2010-01-11 00:00:00,1
2010-01-12 00:00:00,2010-01-12 00:00:00,137.25,2010-01-12 00:00:00,133.25,137.25,2,600,80350,2010-01-12 00:00:00,1
2010-01-13 00:00:00,2010-01-13 00:00:00,137.25,2010-01-13 00:00:00,134,135,18,17300,2336875,2010-01-13 00:00:00,1
2010-01-15 00:00:00,2010-01-15 00:00:00,138,2010-01-15 00:00:00,135,136.75,40,37200,5038075,2010-01-15 00:00:00,1
2010-01-18 00:00:00,2010-01-18 00:00:00,136.75,2010-01-18 00:00:00,134.25,134.75,45,13700,1848550,2010-01-18 00:00:00,1
2010-01-26 00:00:00,2010-01-26 00:00:00,33,2010-01-26 00:00:00,27.5,27.75,331,354700,10208175,2010-01-26 00:00:00,1
2010-01-28 00:00:00,2010-01-28 00:00:00,28.5,2010-01-28 00:00:00,27,27.75,76,83900,2321300,2010-01-28 00:00:00,1
2010-02-01 00:00:00,2010-02-01 00:00:00,28.25,2010-02-01 00:00:00,27,27.5,76,149600,4168800,2010-02-01 00:00:00,1
2010-02-02 00:00:00,2010-02-02 00:00:00,27.75,2010-02-02 00:00:00,27,27,46,44900,1225150,2010-02-02 00:00:00,1
2010-02-03 00:00:00,2010-02-03 00:00:00,27.75,2010-02-03 00:00:00,26.5,26.75,42,36500,985850,2010-02-03 00:00:00,1
2010-02-05 00:00:00,2010-02-05 00:00:00,27,2010-02-05 00:00:00,25,26,50,93800,2444475,2010-02-05 00:00:00,1
2010-02-08 00:00:00,2010-02-08 00:00:00,26.5,2010-02-08 00:00:00,25,26.25,54,80400,2068450,2010-02-08 00:00:00,1
2010-02-09 00:00:00,2010-02-09 00:00:00,27,2010-02-09 00:00:00,25,26.25,79,81700,2123425,2010-02-09 00:00:00,1
2010-02-10 00:00:00,2010-02-10 00:00:00,27,2010-02-10 00:00:00,25.5,26,23,25600,665800,2010-02-10 00:00:00,1
2010-02-11 00:00:00,2010-02-11 00:00:00,27,2010-02-11 00:00:00,25.5,26,29,29800,790050,2010-02-11 00:00:00,1
2010-02-12 00:00:00,2010-02-12 00:00:00,26,2010-02-12 00:00:00,25,25.5,32,36800,927425,2010-02-12 00:00:00,1
2010-02-15 00:00:00,2010-02-15 00:00:00,25.5,2010-02-15 00:00:00,25.25,25.5,18,24900,633500,2010-02-15 00:00:00,1
2010-02-16 00:00:00,2010-02-16 00:00:00,25.5,2010-02-16 00:00:00,25.5,25.5,6,5400,137700,2010-02-16 00:00:00,1
2010-02-17 00:00:00,2010-02-17 00:00:00,26.25,2010-02-17 00:00:00,25.5,26,39,38900,1006925,2010-02-17 00:00:00,1
2010-02-18 00:00:00,2010-02-18 00:00:00,26.75,2010-02-18 00:00:00,25.5,25.75,28,51400,1347225,2010-02-18 00:00:00,1
2010-02-19 00:00:00,2010-02-19 00:00:00,27.5,2010-02-19 00:00:00,26.25,27,81,133100,3558275,2010-02-19 00:00:00,1
2010-02-22 00:00:00,2010-02-22 00:00:00,32.25,2010-02-22 00:00:00,27.5,29.75,754,1096400,33349775,2010-02-22 00:00:00,1
2010-02-23 00:00:00,2010-02-23 00:00:00,30.5,2010-02-23 00:00:00,28,28.5,97,106500,3083400,2010-02-23 00:00:00,1
2010-02-24 00:00:00,2010-02-24 00:00:00,29,2010-02-24 00:00:00,28.25,28.5,39,42200,1197750,2010-02-24 00:00:00,1
2010-02-25 00:00:00,2010-02-25 00:00:00,29.25,2010-02-25 00:00:00,28.25,28.5,67,59500,1706300,2010-02-25 00:00:00,1
2010-02-26 00:00:00,2010-02-26 00:00:00,29.5,2010-02-26 00:00:00,29,29.5,25,18100,532500,2010-02-26 00:00:00,1
2010-03-01 00:00:00,2010-03-01 00:00:00,29.75,2010-03-01 00:00:00,29,29,37,52900,1540175,2010-03-01 00:00:00,1
2010-03-02 00:00:00,2010-03-02 00:00:00,29.25,2010-03-02 00:00:00,28.5,28.75,97,139900,4067100,2010-03-02 00:00:00,1
2010-03-03 00:00:00,2010-03-03 00:00:00,29,2010-03-03 00:00:00,26,26,155,3095700,80898975,2010-03-03 00:00:00,1
2010-03-04 00:00:00,2010-03-04 00:00:00,28.75,2010-03-04 00:00:00,26.25,28.5,470,2853800,76144775,2010-03-04 00:00:00,1
2010-03-05 00:00:00,2010-03-05 00:00:00,29.75,2010-03-05 00:00:00,28.25,28.75,315,507200,14807575,2010-03-05 00:00:00,1
2010-03-08 00:00:00,2010-03-08 00:00:00,29,2010-03-08 00:00:00,28,28,65,111200,3166200,2010-03-08 00:00:00,1
2010-03-09 00:00:00,2010-03-09 00:00:00,28.5,2010-03-09 00:00:00,27.25,28,57,71900,2013400,2010-03-09 00:00:00,1
2010-03-10 00:00:00,2010-03-10 00:00:00,27.75,2010-03-10 00:00:00,27.25,27.5,47,212000,5854650,2010-03-10 00:00:00,1
2010-03-11 00:00:00,2010-03-11 00:00:00,28,2010-03-11 00:00:00,27.5,27.75,59,204800,5693800,2010-03-11 00:00:00,1
2010-03-12 00:00:00,2010-03-12 00:00:00,27.75,2010-03-12 00:00:00,27.5,27.75,59,102700,2835225,2010-03-12 00:00:00,1
2010-03-15 00:00:00,2010-03-15 00:00:00,28.5,2010-03-15 00:00:00,28,28.25,42,67300,1895275,2010-03-15 00:00:00,1
2010-03-16 00:00:00,2010-03-16 00:00:00,28.25,2010-03-16 00:00:00,27.75,27.75,25,28300,792125,2010-03-16 00:00:00,1
2010-03-17 00:00:00,2010-03-17 00:00:00,27.75,2010-03-17 00:00:00,27,27.25,44,82800,2273175,2010-03-17 00:00:00,1
2010-03-18 00:00:00,2010-03-18 00:00:00,27.75,2010-03-18 00:00:00,27,27,23,26400,716650,2010-03-18 00:00:00,1
2010-03-19 00:00:00,2010-03-19 00:00:00,27.25,2010-03-19 00:00:00,27,27.25,7,5500,149625,2010-03-19 00:00:00,1
2010-03-22 00:00:00,2010-03-22 00:00:00,27.25,2010-03-22 00:00:00,27,27,11,9000,244000,2010-03-22 00:00:00,1
2010-03-23 00:00:00,2010-03-23 00:00:00,27.25,2010-03-23 00:00:00,26.75,27.25,28,32100,865775,2010-03-23 00:00:00,1
2010-03-24 00:00:00,2010-03-24 00:00:00,27,2010-03-24 00:00:00,26.75,26.75,4,3500,94000,2010-03-24 00:00:00,1
2010-03-25 00:00:00,2010-03-25 00:00:00,27,2010-03-25 00:00:00,26.5,26.75,17,13300,356500,2010-03-25 00:00:00,1
2010-03-26 00:00:00,2010-03-26 00:00:00,27.5,2010-03-26 00:00:00,26.5,26.75,26,21900,588975,2010-03-26 00:00:00,1
2010-03-30 00:00:00,2010-03-30 00:00:00,26.75,2010-03-30 00:00:00,26.5,26.5,6,4500,119500,2010-03-30 00:00:00,1
2010-03-31 00:00:00,2010-03-31 00:00:00,27,2010-03-31 00:00:00,26.5,26.75,14,17900,476475,2010-03-31 00:00:00,1
2010-04-01 00:00:00,2010-04-01 00:00:00,27,2010-04-01 00:00:00,26.75,27,14,18700,504525,2010-04-01 00:00:00,1
2010-04-05 00:00:00,2010-04-05 00:00:00,27.5,2010-04-05 00:00:00,26.75,27,12,10200,275550,2010-04-05 00:00:00,1
2010-04-06 00:00:00,2010-04-06 00:00:00,28,2010-04-06 00:00:00,27,27.75,30,38700,1076250,2010-04-06 00:00:00,1
2010-04-07 00:00:00,2010-04-07 00:00:00,28.75,2010-04-07 00:00:00,27.75,28.25,60,153100,4298375,2010-04-07 00:00:00,1
2010-04-08 00:00:00,2010-04-08 00:00:00,29,2010-04-08 00:00:00,28,28.25,25,93900,2645275,2010-04-08 00:00:00,1
2010-04-12 00:00:00,2010-04-12 00:00:00,29.25,2010-04-12 00:00:00,27.75,28,44,46700,1327050,2010-04-12 00:00:00,1
2010-04-15 00:00:00,2010-04-15 00:00:00,28.5,2010-04-15 00:00:00,28,28.25,7,5500,155575,2010-04-15 00:00:00,1
2010-04-16 00:00:00,2010-04-16 00:00:00,29.25,2010-04-16 00:00:00,28.5,29,53,92700,2678550,2010-04-16 00:00:00,1
2010-04-19 00:00:00,2010-04-19 00:00:00,29.25,2010-04-19 00:00:00,28.75,29,74,261300,7581475,2010-04-19 00:00:00,1
2010-04-20 00:00:00,2010-04-20 00:00:00,30,2010-04-20 00:00:00,28.75,29,97,237000,6925250,2010-04-20 00:00:00,1
2010-04-21 00:00:00,2010-04-21 00:00:00,29,2010-04-21 00:00:00,28.5,29,9,5700,164800,2010-04-21 00:00:00,1
2010-04-22 00:00:00,2010-04-22 00:00:00,28.5,2010-04-22 00:00:00,28,28.25,9,10500,294575,2010-04-22 00:00:00,1
2010-04-23 00:00:00,2010-04-23 00:00:00,28.75,2010-04-23 00:00:00,28.25,28.5,11,7600,215500,2010-04-23 00:00:00,1
2010-04-26 00:00:00,2010-04-26 00:00:00,29,2010-04-26 00:00:00,28.5,28.75,63,89000,2571650,2010-04-26 00:00:00,1
2010-04-27 00:00:00,2010-04-27 00:00:00,29,2010-04-27 00:00:00,28,28.75,19,52700,1514125,2010-04-27 00:00:00,1
2010-04-29 00:00:00,2010-04-29 00:00:00,29.5,2010-04-29 00:00:00,27.75,29.25,100,420800,12211050,2010-04-29 00:00:00,1
2010-04-30 00:00:00,2010-04-30 00:00:00,29.5,2010-04-30 00:00:00,29,29,15,31700,926075,2010-04-30 00:00:00,1
2010-05-03 00:00:00,2010-05-03 00:00:00,29,2010-05-03 00:00:00,27.25,28.5,21,31600,910650,2010-05-03 00:00:00,1
2010-05-04 00:00:00,2010-05-04 00:00:00,28.75,2010-05-04 00:00:00,28,28.25,12,8000,227875,2010-05-04 00:00:00,1
2010-05-05 00:00:00,2010-05-05 00:00:00,29,2010-05-05 00:00:00,28,28.5,48,116200,3324825,2010-05-05 00:00:00,1
2010-05-06 00:00:00,2010-05-06 00:00:00,28.5,2010-05-06 00:00:00,28,28.5,21,15400,438050,2010-05-06 00:00:00,1
2010-05-07 00:00:00,2010-05-07 00:00:00,28.25,2010-05-07 00:00:00,28,28.25,6,4500,126050,2010-05-07 00:00:00,1
2010-05-10 00:00:00,2010-05-10 00:00:00,34,2010-05-10 00:00:00,28.5,33.5,1070,2180500,69444975,2010-05-10 00:00:00,1
2010-05-11 00:00:00,2010-05-11 00:00:00,36,2010-05-11 00:00:00,34,34.25,638,1864000,64810800,2010-05-11 00:00:00,1
2010-05-12 00:00:00,2010-05-12 00:00:00,36,2010-05-12 00:00:00,34.5,34.75,339,811600,28833025,2010-05-12 00:00:00,1
2010-05-13 00:00:00,2010-05-13 00:00:00,35,2010-05-13 00:00:00,33.75,34.25,58,169300,5863325,2010-05-13 00:00:00,1
2010-05-14 00:00:00,2010-05-14 00:00:00,34.5,2010-05-14 00:00:00,33.5,34,53,50700,1727575,2010-05-14 00:00:00,1
2010-05-17 00:00:00,2010-05-17 00:00:00,35,2010-05-17 00:00:00,34,34.5,68,148100,5161725,2010-05-17 00:00:00,1
2010-05-18 00:00:00,2010-05-18 00:00:00,35,2010-05-18 00:00:00,34,34.5,36,69000,2391775,2010-05-18 00:00:00,1
2010-05-19 00:00:00,2010-05-19 00:00:00,34.25,2010-05-19 00:00:00,33.5,33.5,21,26100,878750,2010-05-19 00:00:00,1
2010-05-20 00:00:00,2010-05-20 00:00:00,33.75,2010-05-20 00:00:00,32.75,33.5,52,103200,3423925,2010-05-20 00:00:00,1
2010-05-21 00:00:00,2010-05-21 00:00:00,33.25,2010-05-21 00:00:00,32.5,32.5,36,63700,2093775,2010-05-21 00:00:00,1
2010-05-24 00:00:00,2010-05-24 00:00:00,33.5,2010-05-24 00:00:00,32.75,33.25,34,69000,2289750,2010-05-24 00:00:00,1
2010-05-25 00:00:00,2010-05-25 00:00:00,33.75,2010-05-25 00:00:00,32.5,33,39,79800,2638700,2010-05-25 00:00:00,1
2010-05-26 00:00:00,2010-05-26 00:00:00,33.5,2010-05-26 00:00:00,33,33.25,27,111300,3679625,2010-05-26 00:00:00,1
2010-05-31 00:00:00,2010-05-31 00:00:00,33.5,2010-05-31 00:00:00,32.25,32.75,54,105500,3507850,2010-05-31 00:00:00,1
2010-06-01 00:00:00,2010-06-01 00:00:00,32.25,2010-06-01 00:00:00,30.75,31,22,35500,1124325,2010-06-01 00:00:00,1
2010-06-02 00:00:00,2010-06-02 00:00:00,31.25,2010-06-02 00:00:00,30.75,31,17,16800,520900,2010-06-02 00:00:00,1
2010-06-03 00:00:00,2010-06-03 00:00:00,32.75,2010-06-03 00:00:00,31,32,26,94500,2995550,2010-06-03 00:00:00,1
2010-06-04 00:00:00,2010-06-04 00:00:00,32.5,2010-06-04 00:00:00,31.75,32,24,35400,1140450,2010-06-04 00:00:00,1
2010-06-07 00:00:00,2010-06-07 00:00:00,32,2010-06-07 00:00:00,31.75,32,26,52900,1691475,2010-06-07 00:00:00,1
2010-06-08 00:00:00,2010-06-08 00:00:00,32.25,2010-06-08 00:00:00,31,31,33,51300,1611300,2010-06-08 00:00:00,1
2010-06-09 00:00:00,2010-06-09 00:00:00,33,2010-06-09 00:00:00,31,32.5,44,152200,4818600,2010-06-09 00:00:00,1
2010-06-10 00:00:00,2010-06-10 00:00:00,32.25,2010-06-10 00:00:00,32,32,27,76300,2441725,2010-06-10 00:00:00,1
2010-06-11 00:00:00,2010-06-11 00:00:00,35.75,2010-06-11 00:00:00,32,35,240,720300,24967050,2010-06-11 00:00:00,1
2010-06-14 00:00:00,2010-06-14 00:00:00,36.5,2010-06-14 00:00:00,35.5,35.75,171,386900,13929525,2010-06-14 00:00:00,1
2010-06-15 00:00:00,2010-06-15 00:00:00,36.5,2010-06-15 00:00:00,35,35.75,69,118600,4239875,2010-06-15 00:00:00,1
2010-06-16 00:00:00,2010-06-16 00:00:00,36.25,2010-06-16 00:00:00,35.5,36,53,258800,9303125,2010-06-16 00:00:00,1
2010-06-17 00:00:00,2010-06-17 00:00:00,39,2010-06-17 00:00:00,35.5,38.25,288,925000,34219250,2010-06-17 00:00:00,1
2010-06-21 00:00:00,2010-06-21 00:00:00,39,2010-06-21 00:00:00,37,37.75,141,313200,12021725,2010-06-21 00:00:00,1
2010-06-22 00:00:00,2010-06-22 00:00:00,37.75,2010-06-22 00:00:00,36,36.25,44,100200,3696525,2010-06-22 00:00:00,1
2010-06-23 00:00:00,2010-06-23 00:00:00,36.75,2010-06-23 00:00:00,35.5,35.5,34,38500,1381350,2010-06-23 00:00:00,1
2010-06-24 00:00:00,2010-06-24 00:00:00,37.75,2010-06-24 00:00:00,35.25,36.5,80,298500,10944825,2010-06-24 00:00:00,1
2010-06-28 00:00:00,2010-06-28 00:00:00,37.25,2010-06-28 00:00:00,34.5,35,18,45900,1676000,2010-06-28 00:00:00,1
2010-06-29 00:00:00,2010-06-29 00:00:00,36,2010-06-29 00:00:00,35,35.5,10,17800,629450,2010-06-29 00:00:00,1
2010-06-30 00:00:00,2010-06-30 00:00:00,36,2010-06-30 00:00:00,34.5,34.75,35,54700,1932225,2010-06-30 00:00:00,1
2010-07-01 00:00:00,2010-07-01 00:00:00,35.5,2010-07-01 00:00:00,34.75,34.75,13,35300,1230175,2010-07-01 00:00:00,1
2010-07-02 00:00:00,2010-07-02 00:00:00,35,2010-07-02 00:00:00,34.5,35,14,22700,793225,2010-07-02 00:00:00,1
2010-07-05 00:00:00,2010-07-05 00:00:00,35,2010-07-05 00:00:00,34,34.25,18,20100,696350,2010-07-05 00:00:00,1
2010-07-06 00:00:00,2010-07-06 00:00:00,34.25,2010-07-06 00:00:00,34,34.25,11,10500,358375,2010-07-06 00:00:00,1
2010-07-07 00:00:00,2010-07-07 00:00:00,34.75,2010-07-07 00:00:00,32,32.75,16,40500,1337025,2010-07-07 00:00:00,1
2010-07-08 00:00:00,2010-07-08 00:00:00,33.25,2010-07-08 00:00:00,32.5,33.25,9,6500,213250,2010-07-08 00:00:00,1
2010-07-09 00:00:00,2010-07-09 00:00:00,34,2010-07-09 00:00:00,33,33,14,35000,1159750,2010-07-09 00:00:00,1
2010-07-12 00:00:00,2010-07-12 00:00:00,33.5,2010-07-12 00:00:00,33,33,7,24400,809800,2010-07-12 00:00:00,1
2010-07-13 00:00:00,2010-07-13 00:00:00,34,2010-07-13 00:00:00,32.5,33.75,14,37600,1267800,2010-07-13 00:00:00,1
2010-07-14 00:00:00,2010-07-14 00:00:00,34.5,2010-07-14 00:00:00,33,34,17,31800,1074075,2010-07-14 00:00:00,1
2010-07-15 00:00:00,2010-07-15 00:00:00,36,2010-07-15 00:00:00,34,35,8,5800,202675,2010-07-15 00:00:00,1
2010-07-16 00:00:00,2010-07-16 00:00:00,34.75,2010-07-16 00:00:00,33,33,18,8700,290700,2010-07-16 00:00:00,1
2010-07-19 00:00:00,2010-07-19 00:00:00,33.25,2010-07-19 00:00:00,33,33,5,5100,168550,2010-07-19 00:00:00,1
2010-07-20 00:00:00,2010-07-20 00:00:00,34.5,2010-07-20 00:00:00,33.5,34,7,19400,661250,2010-07-20 00:00:00,1
2010-07-21 00:00:00,2010-07-21 00:00:00,34,2010-07-21 00:00:00,33.75,34,20,23000,781125,2010-07-21 00:00:00,1
2010-07-22 00:00:00,2010-07-22 00:00:00,34,2010-07-22 00:00:00,33.5,34,17,27400,929350,2010-07-22 00:00:00,1
2010-07-23 00:00:00,2010-07-23 00:00:00,36,2010-07-23 00:00:00,34,35,46,154400,5350975,2010-07-23 00:00:00,1
2010-07-26 00:00:00,2010-07-26 00:00:00,38.25,2010-07-26 00:00:00,36,37,189,1815600,65260575,2010-07-26 00:00:00,1
2010-07-27 00:00:00,2010-07-27 00:00:00,37,2010-07-27 00:00:00,36,36.5,40,80300,2947625,2010-07-27 00:00:00,1
2010-07-28 00:00:00,2010-07-28 00:00:00,38,2010-07-28 00:00:00,36.5,38,103,268500,10127050,2010-07-28 00:00:00,1
2010-07-29 00:00:00,2010-07-29 00:00:00,38,2010-07-29 00:00:00,36.75,37,47,75100,2808600,2010-07-29 00:00:00,1
2010-07-30 00:00:00,2010-07-30 00:00:00,37,2010-07-30 00:00:00,36.5,36.5,23,49300,1803200,2010-07-30 00:00:00,1
2010-08-02 00:00:00,2010-08-02 00:00:00,38,2010-08-02 00:00:00,35.5,37,23,28300,1040600,2010-08-02 00:00:00,1
2010-08-03 00:00:00,2010-08-03 00:00:00,39,2010-08-03 00:00:00,36.5,38.1,94,302800,11507190,2010-08-03 00:00:00,1
2010-08-04 00:00:00,2010-08-04 00:00:00,39,2010-08-04 00:00:00,36,37,36,71500,2743920,2010-08-04 00:00:00,1
2010-08-05 00:00:00,2010-08-05 00:00:00,37,2010-08-05 00:00:00,34,36.3,38,64200,2284800,2010-08-05 00:00:00,1
2010-08-06 00:00:00,2010-08-06 00:00:00,36.8,2010-08-06 00:00:00,35,35.3,32,118000,4159010,2010-08-06 00:00:00,1
2010-08-09 00:00:00,2010-08-09 00:00:00,35.3,2010-08-09 00:00:00,32.5,33,23,28700,946400,2010-08-09 00:00:00,1
2010-08-10 00:00:00,2010-08-10 00:00:00,36,2010-08-10 00:00:00,30,36,35,51300,1787100,2010-08-10 00:00:00,1
2010-08-11 00:00:00,2010-08-11 00:00:00,36,2010-08-11 00:00:00,35,35.9,11,8300,298100,2010-08-11 00:00:00,1
2010-08-12 00:00:00,2010-08-12 00:00:00,39.3,2010-08-12 00:00:00,34,38.3,149,402100,15316350,2010-08-12 00:00:00,1
2010-08-13 00:00:00,2010-08-13 00:00:00,42.1,2010-08-13 00:00:00,37,41.7,440,1053400,42901410,2010-08-13 00:00:00,1
2010-08-16 00:00:00,2010-08-16 00:00:00,44,2010-08-16 00:00:00,39.8,40,150,288900,12046990,2010-08-16 00:00:00,1
2010-08-17 00:00:00,2010-08-17 00:00:00,41.9,2010-08-17 00:00:00,38,38.5,50,122200,4797600,2010-08-17 00:00:00,1
2010-08-18 00:00:00,2010-08-18 00:00:00,40,2010-08-18 00:00:00,38.6,38.7,88,169700,6605870,2010-08-18 00:00:00,1
2010-08-19 00:00:00,2010-08-19 00:00:00,42,2010-08-19 00:00:00,38.5,41.8,191,646200,26022620,2010-08-19 00:00:00,1
2010-08-20 00:00:00,2010-08-20 00:00:00,45.9,2010-08-20 00:00:00,41,44,330,787800,34564640,2010-08-20 00:00:00,1
2010-08-23 00:00:00,2010-08-23 00:00:00,44.5,2010-08-23 00:00:00,42,43.6,56,78300,3411070,2010-08-23 00:00:00,1
2010-08-25 00:00:00,2010-08-25 00:00:00,47.9,2010-08-25 00:00:00,44.7,47.1,183,467200,21734960,2010-08-25 00:00:00,1
2010-08-26 00:00:00,2010-08-26 00:00:00,49.2,2010-08-26 00:00:00,45,47,162,291300,13984090,2010-08-26 00:00:00,1
2010-08-27 00:00:00,2010-08-27 00:00:00,48.9,2010-08-27 00:00:00,45.5,45.5,52,119400,5482690,2010-08-27 00:00:00,1
2010-08-30 00:00:00,2010-08-30 00:00:00,45.5,2010-08-30 00:00:00,43.5,45,62,116500,5255270,2010-08-30 00:00:00,1
2010-08-31 00:00:00,2010-08-31 00:00:00,45.5,2010-08-31 00:00:00,42.5,43.8,52,85600,3782640,2010-08-31 00:00:00,1
2010-09-01 00:00:00,2010-09-01 00:00:00,47,2010-09-01 00:00:00,44,44.4,34,67200,3000090,2010-09-01 00:00:00,1
2010-09-02 00:00:00,2010-09-02 00:00:00,47.1,2010-09-02 00:00:00,46,46.9,102,304300,14178860,2010-09-02 00:00:00,1
2010-09-03 00:00:00,2010-09-03 00:00:00,48,2010-09-03 00:00:00,44.5,45.2,73,120400,5516570,2010-09-03 00:00:00,1
2010-09-06 00:00:00,2010-09-06 00:00:00,48.5,2010-09-06 00:00:00,46.5,47.7,110,230300,10919010,2010-09-06 00:00:00,1
2010-09-07 00:00:00,2010-09-07 00:00:00,52.4,2010-09-07 00:00:00,47.8,52.4,383,843100,43187950,2010-09-07 00:00:00,1
2010-09-08 00:00:00,2010-09-08 00:00:00,57.5,2010-09-08 00:00:00,52.5,56.7,343,664900,36998130,2010-09-08 00:00:00,1
2010-09-09 00:00:00,2010-09-09 00:00:00,59.5,2010-09-09 00:00:00,54,55.7,182,288400,16309440,2010-09-09 00:00:00,1
2010-09-13 00:00:00,2010-09-13 00:00:00,57.8,2010-09-13 00:00:00,56,56.7,136,410900,23201790,2010-09-13 00:00:00,1
2010-09-14 00:00:00,2010-09-14 00:00:00,57.7,2010-09-14 00:00:00,53.2,54.1,64,76900,4211040,2010-09-14 00:00:00,1
2010-09-15 00:00:00,2010-09-15 00:00:00,55.8,2010-09-15 00:00:00,52.5,55.3,78,155600,8426840,2010-09-15 00:00:00,1
2010-09-16 00:00:00,2010-09-16 00:00:00,56,2010-09-16 00:00:00,54,55.4,66,151300,8343110,2010-09-16 00:00:00,1
2010-09-17 00:00:00,2010-09-17 00:00:00,58.1,2010-09-17 00:00:00,55.2,58,71,165800,9541650,2010-09-17 00:00:00,1
2010-09-20 00:00:00,2010-09-20 00:00:00,59.9,2010-09-20 00:00:00,57,58.5,83,177700,10432470,2010-09-20 00:00:00,1
2010-09-21 00:00:00,2010-09-21 00:00:00,70,2010-09-21 00:00:00,59,67.8,233,597800,38371290,2010-09-21 00:00:00,1
2010-09-23 00:00:00,2010-09-23 00:00:00,71,2010-09-23 00:00:00,65,69.3,119,205600,14114190,2010-09-23 00:00:00,1
2010-09-24 00:00:00,2010-09-24 00:00:00,70,2010-09-24 00:00:00,65,66.1,74,95200,6361010,2010-09-24 00:00:00,1
2010-09-27 00:00:00,2010-09-27 00:00:00,68,2010-09-27 00:00:00,65,65.3,67,76000,5020530,2010-09-27 00:00:00,1
2010-09-28 00:00:00,2010-09-28 00:00:00,67,2010-09-28 00:00:00,63,65.2,49,88800,5755900,2010-09-28 00:00:00,1
2010-09-29 00:00:00,2010-09-29 00:00:00,67.4,2010-09-29 00:00:00,63,65.8,42,49400,3214910,2010-09-29 00:00:00,1
2010-09-30 00:00:00,2010-09-30 00:00:00,69,2010-09-30 00:00:00,65.5,66.3,92,133400,8943200,2010-09-30 00:00:00,1
2010-10-01 00:00:00,2010-10-01 00:00:00,68,2010-10-01 00:00:00,64.7,64.7,35,29000,1882870,2010-10-01 00:00:00,1
2010-10-04 00:00:00,2010-10-04 00:00:00,67.5,2010-10-04 00:00:00,60,63.7,81,110600,7040270,2010-10-04 00:00:00,1
2010-10-05 00:00:00,2010-10-05 00:00:00,69,2010-10-05 00:00:00,62,66.4,79,153300,10039720,2010-10-05 00:00:00,1
2010-10-06 00:00:00,2010-10-06 00:00:00,66.8,2010-10-06 00:00:00,62,64.5,59,105700,6815640,2010-10-06 00:00:00,1
2010-10-07 00:00:00,2010-10-07 00:00:00,63.9,2010-10-07 00:00:00,58.3,61.3,108,145100,8946840,2010-10-07 00:00:00,1
2010-10-08 00:00:00,2010-10-08 00:00:00,63.5,2010-10-08 00:00:00,60,62.7,111,1081700,65137110,2010-10-08 00:00:00,1
2010-10-11 00:00:00,2010-10-11 00:00:00,63.5,2010-10-11 00:00:00,61,61,41,63200,3940530,2010-10-11 00:00:00,1
2010-10-12 00:00:00,2010-10-12 00:00:00,59.9,2010-10-12 00:00:00,58,58.1,65,106900,6212560,2010-10-12 00:00:00,1
2010-10-13 00:00:00,2010-10-13 00:00:00,60,2010-10-13 00:00:00,50.3,59.7,93,165100,9391970,2010-10-13 00:00:00,1
2010-10-14 00:00:00,2010-10-14 00:00:00,62,2010-10-14 00:00:00,57,58,39,56400,3339040,2010-10-14 00:00:00,1
2010-10-15 00:00:00,2010-10-15 00:00:00,58.2,2010-10-15 00:00:00,57.5,57.5,19,24400,1403890,2010-10-15 00:00:00,1
2010-10-18 00:00:00,2010-10-18 00:00:00,59,2010-10-18 00:00:00,58.1,58.4,20,29000,1703480,2010-10-18 00:00:00,1
2010-10-19 00:00:00,2010-10-19 00:00:00,60,2010-10-19 00:00:00,58.5,60,16,16000,958240,2010-10-19 00:00:00,1
2010-10-20 00:00:00,2010-10-20 00:00:00,60,2010-10-20 00:00:00,59,60,20,60000,3594300,2010-10-20 00:00:00,1
2010-10-21 00:00:00,2010-10-21 00:00:00,60,2010-10-21 00:00:00,58,59.1,30,61200,3637550,2010-10-21 00:00:00,1
2010-10-25 00:00:00,2010-10-25 00:00:00,60.5,2010-10-25 00:00:00,57.5,57.6,17,34800,2095930,2010-10-25 00:00:00,1
2010-10-26 00:00:00,2010-10-26 00:00:00,56.6,2010-10-26 00:00:00,56.2,56.2,12,11600,652340,2010-10-26 00:00:00,1
2010-10-27 00:00:00,2010-10-27 00:00:00,58,2010-10-27 00:00:00,57,57.3,4,3200,184800,2010-10-27 00:00:00,1
2010-10-28 00:00:00,2010-10-28 00:00:00,57,2010-10-28 00:00:00,54,55.5,70,104700,5807930,2010-10-28 00:00:00,1
2010-10-29 00:00:00,2010-10-29 00:00:00,58.1,2010-10-29 00:00:00,57.3,58,30,28500,1652690,2010-10-29 00:00:00,1
2010-11-01 00:00:00,2010-11-01 00:00:00,58.9,2010-11-01 00:00:00,58,58.5,9,22700,1326430,2010-11-01 00:00:00,1
2010-11-02 00:00:00,2010-11-02 00:00:00,59.5,2010-11-02 00:00:00,58.5,59,10,8400,495650,2010-11-02 00:00:00,1
2010-11-03 00:00:00,2010-11-03 00:00:00,62.5,2010-11-03 00:00:00,58,61.7,94,190700,11427300,2010-11-03 00:00:00,1
2010-11-04 00:00:00,2010-11-04 00:00:00,66.5,2010-11-04 00:00:00,61.8,66.1,207,209100,13608680,2010-11-04 00:00:00,1
2010-11-08 00:00:00,2010-11-08 00:00:00,67,2010-11-08 00:00:00,64,65.2,83,92700,6074820,2010-11-08 00:00:00,1
2010-11-09 00:00:00,2010-11-09 00:00:00,65,2010-11-09 00:00:00,62.1,62.1,19,33700,2170860,2010-11-09 00:00:00,1
2010-11-10 00:00:00,2010-11-10 00:00:00,66.5,2010-11-10 00:00:00,63.5,63.7,191,329200,21476890,2010-11-10 00:00:00,1
2010-11-11 00:00:00,2010-11-11 00:00:00,65,2010-11-11 00:00:00,62.3,63.7,24,19900,1287160,2010-11-11 00:00:00,1
2010-11-12 00:00:00,2010-11-12 00:00:00,65,2010-11-12 00:00:00,63,64.5,32,28400,1816660,2010-11-12 00:00:00,1
2010-11-15 00:00:00,2010-11-15 00:00:00,64,2010-11-15 00:00:00,62,62.1,24,26300,1650720,2010-11-15 00:00:00,1
2010-11-16 00:00:00,2010-11-16 00:00:00,62,2010-11-16 00:00:00,60,60.9,26,23200,1406420,2010-11-16 00:00:00,1
2010-11-18 00:00:00,2010-11-18 00:00:00,64.5,2010-11-18 00:00:00,62,63,32,40900,2592200,2010-11-18 00:00:00,1
2010-11-22 00:00:00,2010-11-22 00:00:00,64,2010-11-22 00:00:00,61,61.9,20,17900,1117390,2010-11-22 00:00:00,1
2010-11-23 00:00:00,2010-11-23 00:00:00,62.5,2010-11-23 00:00:00,58.6,59.4,42,27000,1608860,2010-11-23 00:00:00,1
2010-11-24 00:00:00,2010-11-24 00:00:00,62.7,2010-11-24 00:00:00,58.6,58.9,20,10700,644790,2010-11-24 00:00:00,1
2010-11-25 00:00:00,2010-11-25 00:00:00,60,2010-11-25 00:00:00,58.5,59.6,16,45900,2708750,2010-11-25 00:00:00,1
2010-11-26 00:00:00,2010-11-26 00:00:00,61,2010-11-26 00:00:00,59,60.9,12,30100,1829100,2010-11-26 00:00:00,1
2010-11-29 00:00:00,2010-11-29 00:00:00,59.9,2010-11-29 00:00:00,56,56.1,13,21100,1229670,2010-11-29 00:00:00,1
2010-11-30 00:00:00,2010-11-30 00:00:00,62.7,2010-11-30 00:00:00,59,60,56,139400,8356380,2010-11-30 00:00:00,1
2010-12-01 00:00:00,2010-12-01 00:00:00,63,2010-12-01 00:00:00,60,62,75,138200,8539020,2010-12-01 00:00:00,1
2010-12-02 00:00:00,2010-12-02 00:00:00,62,2010-12-02 00:00:00,60.5,60.5,12,8900,541650,2010-12-02 00:00:00,1
2010-12-03 00:00:00,2010-12-03 00:00:00,61.9,2010-12-03 00:00:00,60,60.9,35,72000,4365740,2010-12-03 00:00:00,1
2010-12-06 00:00:00,2010-12-06 00:00:00,61,2010-12-06 00:00:00,59.5,60.6,21,50400,3042850,2010-12-06 00:00:00,1
2010-12-07 00:00:00,2010-12-07 00:00:00,60.6,2010-12-07 00:00:00,59,59,21,15700,941070,2010-12-07 00:00:00,1
2010-12-08 00:00:00,2010-12-08 00:00:00,59.5,2010-12-08 00:00:00,59,59.4,13,26500,1573990,2010-12-08 00:00:00,1
2010-12-09 00:00:00,2010-12-09 00:00:00,60,2010-12-09 00:00:00,58,59,16,24000,1415900,2010-12-09 00:00:00,1
2010-12-10 00:00:00,2010-12-10 00:00:00,59.1,2010-12-10 00:00:00,58.5,58.7,32,96400,5676400,2010-12-10 00:00:00,1
2010-12-13 00:00:00,2010-12-13 00:00:00,58.2,2010-12-13 00:00:00,58,58.1,11,18600,1080080,2010-12-13 00:00:00,1
2010-12-14 00:00:00,2010-12-14 00:00:00,57,2010-12-14 00:00:00,57,57,5,7000,399000,2010-12-14 00:00:00,1
2010-12-15 00:00:00,2010-12-15 00:00:00,59.9,2010-12-15 00:00:00,59,59.5,2,200,11890,2010-12-15 00:00:00,1
2010-12-16 00:00:00,2010-12-16 00:00:00,58,2010-12-16 00:00:00,57.8,58,9,12300,713100,2010-12-16 00:00:00,1
2010-12-17 00:00:00,2010-12-17 00:00:00,60,2010-12-17 00:00:00,58,58.4,10,17500,1021160,2010-12-17 00:00:00,1
2010-12-21 00:00:00,2010-12-21 00:00:00,60,2010-12-21 00:00:00,58,59.5,8,6900,406440,2010-12-21 00:00:00,1
2010-12-22 00:00:00,2010-12-22 00:00:00,60,2010-12-22 00:00:00,58,59.5,18,22500,1335500,2010-12-22 00:00:00,1
2010-12-23 00:00:00,2010-12-23 00:00:00,61.5,2010-12-23 00:00:00,60,60.9,37,96400,5822350,2010-12-23 00:00:00,1
2010-12-24 00:00:00,2010-12-24 00:00:00,62.6,2010-12-24 00:00:00,60,61.7,59,116800,7178100,2010-12-24 00:00:00,1
2010-12-27 00:00:00,2010-12-27 00:00:00,62.7,2010-12-27 00:00:00,61.6,62.3,28,2542600,153900390,2010-12-27 00:00:00,1
2010-12-28 00:00:00,2010-12-28 00:00:00,62.5,2010-12-28 00:00:00,61.4,61.6,55,84100,5209780,2010-12-28 00:00:00,1
2010-12-29 00:00:00,2010-12-29 00:00:00,62,2010-12-29 00:00:00,60,60.2,34,40300,2446050,2010-12-29 00:00:00,1
2010-12-30 00:00:00,2010-12-30 00:00:00,60,2010-12-30 00:00:00,58,60,24,62400,3706440,2010-12-30 00:00:00,1
2010-12-31 00:00:00,2010-12-31 00:00:00,63.4,2010-12-31 00:00:00,60.5,61.9,73,75400,4689830,2010-12-31 00:00:00,1
Company Id,:  RHL,Security,Type :  X,Sub Type,:  0000,,,,,
Short Name,:  RENUKA HOLDINGS,,,,,,,,,
Day,Date High,High,Date Low,Low,Closing,No. of Trades,No. of Shares,Turnover,Last Traded,Days Traded
2010-01-04 00:00:00,2010-01-04 00:00:00,114,2010-01-04 00:00:00,113,114,6,900,102325,2010-01-04 00:00:00,1
2010-01-05 00:00:00,2010-01-05 00:00:00,115.25,2010-01-05 00:00:00,111,111.25,12,6500,726375,2010-01-05 00:00:00,1
2010-01-06 00:00:00,2010-01-06 00:00:00,111,2010-01-06 00:00:00,109,109.5,9,1200,132275,2010-01-06 00:00:00,1
2010-01-07 00:00:00,2010-01-07 00:00:00,106,2010-01-07 00:00:00,105,105.25,12,3500,368125,2010-01-07 00:00:00,1
2010-01-08 00:00:00,2010-01-08 00:00:00,106,2010-01-08 00:00:00,105.25,105.5,4,600,63225,2010-01-08 00:00:00,1
2010-01-11 00:00:00,2010-01-11 00:00:00,105.25,2010-01-11 00:00:00,104.25,105,11,3400,356925,2010-01-11 00:00:00,1
2010-01-13 00:00:00,2010-01-13 00:00:00,110,2010-01-13 00:00:00,101,104.25,18,6000,638300,2010-01-13 00:00:00,1
2010-01-15 00:00:00,2010-01-15 00:00:00,110,2010-01-15 00:00:00,108.75,108.75,5,1500,164450,2010-01-15 00:00:00,1
2010-01-18 00:00:00,2010-01-18 00:00:00,114.5,2010-01-18 00:00:00,105,107,6,2000,216125,2010-01-18 00:00:00,1
2010-01-26 00:00:00,2010-01-26 00:00:00,30,2010-01-26 00:00:00,24,25.5,118,186500,4858250,2010-01-26 00:00:00,1
2010-01-28 00:00:00,2010-01-28 00:00:00,26,2010-01-28 00:00:00,24,24.25,57,115800,2897875,2010-01-28 00:00:00,1
2010-02-01 00:00:00,2010-02-01 00:00:00,25,2010-02-01 00:00:00,23.5,23.5,3,1700,40250,2010-02-01 00:00:00,1
2010-02-02 00:00:00,2010-02-02 00:00:00,24.5,2010-02-02 00:00:00,23,24,12,5400,125025,2010-02-02 00:00:00,1
2010-02-03 00:00:00,2010-02-03 00:00:00,24,2010-02-03 00:00:00,24,24,1,100,2400,2010-02-03 00:00:00,1
2010-02-05 00:00:00,2010-02-05 00:00:00,24,2010-02-05 00:00:00,22,22.5,3,700,15800,2010-02-05 00:00:00,1
2010-02-08 00:00:00,2010-02-08 00:00:00,24,2010-02-08 00:00:00,23.5,23.75,10,6800,160450,2010-02-08 00:00:00,1
2010-02-09 00:00:00,2010-02-09 00:00:00,23.75,2010-02-09 00:00:00,21.75,23.75,21,14200,325975,2010-02-09 00:00:00,1
2010-02-10 00:00:00,2010-02-10 00:00:00,23.75,2010-02-10 00:00:00,22,22.25,13,8700,196275,2010-02-10 00:00:00,1
2010-02-11 00:00:00,2010-02-11 00:00:00,21.5,2010-02-11 00:00:00,21.5,21.5,2,800,17200,2010-02-11 00:00:00,1
2010-02-12 00:00:00,2010-02-12 00:00:00,23,2010-02-12 00:00:00,21.5,21.5,2,7600,163550,2010-02-12 00:00:00,1
2010-02-15 00:00:00,2010-02-15 00:00:00,22,2010-02-15 00:00:00,21.5,22,3,3500,75750,2010-02-15 00:00:00,1
2010-02-16 00:00:00,2010-02-16 00:00:00,21.5,2010-02-16 00:00:00,21.25,21.25,8,10100,215250,2010-02-16 00:00:00,1
2010-02-17 00:00:00,2010-02-17 00:00:00,22.75,2010-02-17 00:00:00,21.5,22,10,15600,349650,2010-02-17 00:00:00,1
2010-02-18 00:00:00,2010-02-18 00:00:00,22.75,2010-02-18 00:00:00,22.5,22.75,3,15400,350250,2010-02-18 00:00:00,1
2010-02-19 00:00:00,2010-02-19 00:00:00,24,2010-02-19 00:00:00,22.75,23,8,13500,313350,2010-02-19 00:00:00,1
2010-02-22 00:00:00,2010-02-22 00:00:00,27,2010-02-22 00:00:00,21.75,25,232,358000,9156975,2010-02-22 00:00:00,1
2010-02-23 00:00:00,2010-02-23 00:00:00,25,2010-02-23 00:00:00,23,23.25,30,40400,968900,2010-02-23 00:00:00,1
2010-02-24 00:00:00,2010-02-24 00:00:00,23.75,2010-02-24 00:00:00,23.5,23.75,7,2500,58800,2010-02-24 00:00:00,1
2010-02-25 00:00:00,2010-02-25 00:00:00,25,2010-02-25 00:00:00,24,24.75,12,8700,212725,2010-02-25 00:00:00,1
2010-02-26 00:00:00,2010-02-26 00:00:00,25,2010-02-26 00:00:00,24.75,25,8,3900,97400,2010-02-26 00:00:00,1
2010-03-01 00:00:00,2010-03-01 00:00:00,25,2010-03-01 00:00:00,24.5,24.5,5,2300,57350,2010-03-01 00:00:00,1
2010-03-02 00:00:00,2010-03-02 00:00:00,25,2010-03-02 00:00:00,23.75,23.75,9,26200,651300,2010-03-02 00:00:00,1
2010-03-03 00:00:00,2010-03-03 00:00:00,24,2010-03-03 00:00:00,24,24,3,1700,40800,2010-03-03 00:00:00,1
2010-03-04 00:00:00,2010-03-04 00:00:00,24.75,2010-03-04 00:00:00,23.5,24.25,40,34800,841500,2010-03-04 00:00:00,1
2010-03-05 00:00:00,2010-03-05 00:00:00,25,2010-03-05 00:00:00,24,24,34,58100,1426375,2010-03-05 00:00:00,1
2010-03-08 00:00:00,2010-03-08 00:00:00,24.25,2010-03-08 00:00:00,24,24,5,2500,60350,2010-03-08 00:00:00,1
2010-03-09 00:00:00,2010-03-09 00:00:00,23.5,2010-03-09 00:00:00,23.5,23.5,13,12100,284350,2010-03-09 00:00:00,1
2010-03-10 00:00:00,2010-03-10 00:00:00,23.5,2010-03-10 00:00:00,22.75,23.25,8,23700,552275,2010-03-10 00:00:00,1
2010-03-11 00:00:00,2010-03-11 00:00:00,23.75,2010-03-11 00:00:00,23,23,9,8100,186925,2010-03-11 00:00:00,1
2010-03-15 00:00:00,2010-03-15 00:00:00,24,2010-03-15 00:00:00,23.5,23.75,13,21800,516000,2010-03-15 00:00:00,1
2010-03-16 00:00:00,2010-03-16 00:00:00,23.25,2010-03-16 00:00:00,23,23,6,12500,287625,2010-03-16 00:00:00,1
2010-03-17 00:00:00,2010-03-17 00:00:00,25,2010-03-17 00:00:00,22.75,23,24,43700,1054700,2010-03-17 00:00:00,1
2010-03-18 00:00:00,2010-03-18 00:00:00,23.75,2010-03-18 00:00:00,22.75,22.75,2,1100,25125,2010-03-18 00:00:00,1
2010-03-19 00:00:00,2010-03-19 00:00:00,22.5,2010-03-19 00:00:00,22.5,22.5,1,100,2250,2010-03-19 00:00:00,1
2010-03-22 00:00:00,2010-03-22 00:00:00,22.5,2010-03-22 00:00:00,22.5,22.5,1,100,2250,2010-03-22 00:00:00,1
2010-03-24 00:00:00,2010-03-24 00:00:00,22.5,2010-03-24 00:00:00,22.25,22.5,6,3600,80225,2010-03-24 00:00:00,1
2010-03-25 00:00:00,2010-03-25 00:00:00,22.5,2010-03-25 00:00:00,22,22,5,6000,132250,2010-03-25 00:00:00,1
2010-03-26 00:00:00,2010-03-26 00:00:00,22,2010-03-26 00:00:00,22,22,3,1000,22000,2010-03-26 00:00:00,1
2010-03-30 00:00:00,2010-03-30 00:00:00,22,2010-03-30 00:00:00,22,22,5,3500,77000,2010-03-30 00:00:00,1
2010-03-31 00:00:00,2010-03-31 00:00:00,21.5,2010-03-31 00:00:00,21,21.5,11,17700,376000,2010-03-31 00:00:00,1
2010-04-01 00:00:00,2010-04-01 00:00:00,22,2010-04-01 00:00:00,21.25,21.75,2,1700,37175,2010-04-01 00:00:00,1
2010-04-05 00:00:00,2010-04-05 00:00:00,22.5,2010-04-05 00:00:00,21.5,22,4,2800,61600,2010-04-05 00:00:00,1
2010-04-06 00:00:00,2010-04-06 00:00:00,23,2010-04-06 00:00:00,23,23,6,2300,52900,2010-04-06 00:00:00,1
2010-04-07 00:00:00,2010-04-07 00:00:00,23.5,2010-04-07 00:00:00,23,23,17,18500,430600,2010-04-07 00:00:00,1
2010-04-08 00:00:00,2010-04-08 00:00:00,24,2010-04-08 00:00:00,23.5,23.75,3,800,19000,2010-04-08 00:00:00,1
2010-04-12 00:00:00,2010-04-12 00:00:00,24.25,2010-04-12 00:00:00,23,23,6,7700,183750,2010-04-12 00:00:00,1
2010-04-15 00:00:00,2010-04-15 00:00:00,23.75,2010-04-15 00:00:00,22.25,23.5,3,5800,135250,2010-04-15 00:00:00,1
2010-04-16 00:00:00,2010-04-16 00:00:00,24.25,2010-04-16 00:00:00,22.5,24.25,6,3000,72325,2010-04-16 00:00:00,1
2010-04-19 00:00:00,2010-04-19 00:00:00,24,2010-04-19 00:00:00,23.5,23.5,3,25600,601800,2010-04-19 00:00:00,1
2010-04-20 00:00:00,2010-04-20 00:00:00,24.5,2010-04-20 00:00:00,23,23,10,17000,398150,2010-04-20 00:00:00,1
2010-04-21 00:00:00,2010-04-21 00:00:00,23.25,2010-04-21 00:00:00,23,23,5,3900,89775,2010-04-21 00:00:00,1
2010-04-22 00:00:00,2010-04-22 00:00:00,23.5,2010-04-22 00:00:00,22.5,22.5,13,24200,546800,2010-04-22 00:00:00,1
2010-04-26 00:00:00,2010-04-26 00:00:00,24,2010-04-26 00:00:00,22.5,22.75,11,11000,254350,2010-04-26 00:00:00,1
2010-04-27 00:00:00,2010-04-27 00:00:00,23,2010-04-27 00:00:00,23,23,1,900,20700,2010-04-27 00:00:00,1
2010-04-29 00:00:00,2010-04-29 00:00:00,24,2010-04-29 00:00:00,23.5,24,5,14000,335125,2010-04-29 00:00:00,1
2010-04-30 00:00:00,2010-04-30 00:00:00,24,2010-04-30 00:00:00,24,24,1,1000,24000,2010-04-30 00:00:00,1
2010-05-03 00:00:00,2010-05-03 00:00:00,23,2010-05-03 00:00:00,23,23,5,2300,52900,2010-05-03 00:00:00,1
2010-05-04 00:00:00,2010-05-04 00:00:00,24,2010-05-04 00:00:00,22.75,23.25,20,29700,693425,2010-05-04 00:00:00,1
2010-05-05 00:00:00,2010-05-05 00:00:00,23,2010-05-05 00:00:00,23,23,1,500,11500,2010-05-05 00:00:00,1
2010-05-06 00:00:00,2010-05-06 00:00:00,22.75,2010-05-06 00:00:00,22.75,22.75,8,8900,202475,2010-05-06 00:00:00,1
2010-05-07 00:00:00,2010-05-07 00:00:00,23.25,2010-05-07 00:00:00,22.5,22.5,9,9400,211775,2010-05-07 00:00:00,1
2010-05-10 00:00:00,2010-05-10 00:00:00,27,2010-05-10 00:00:00,24,26.5,434,1069400,28059100,2010-05-10 00:00:00,1
2010-05-11 00:00:00,2010-05-11 00:00:00,27.25,2010-05-11 00:00:00,25.75,26,183,421700,11146600,2010-05-11 00:00:00,1
2010-05-12 00:00:00,2010-05-12 00:00:00,27.75,2010-05-12 00:00:00,25.5,26.5,387,4850000,123187200,2010-05-12 00:00:00,1
2010-05-13 00:00:00,2010-05-13 00:00:00,27.75,2010-05-13 00:00:00,26.5,27,84,447500,12218450,2010-05-13 00:00:00,1
2010-05-14 00:00:00,2010-05-14 00:00:00,27.5,2010-05-14 00:00:00,26.75,27,51,247000,6666625,2010-05-14 00:00:00,1
2010-05-17 00:00:00,2010-05-17 00:00:00,27,2010-05-17 00:00:00,26.75,26.75,20,64500,1730000,2010-05-17 00:00:00,1
2010-05-18 00:00:00,2010-05-18 00:00:00,27.25,2010-05-18 00:00:00,26.25,26.25,49,149600,4037600,2010-05-18 00:00:00,1
2010-05-19 00:00:00,2010-05-19 00:00:00,27,2010-05-19 00:00:00,26.25,27,13,25300,681000,2010-05-19 00:00:00,1
2010-05-20 00:00:00,2010-05-20 00:00:00,26.25,2010-05-20 00:00:00,26,26,22,25600,669225,2010-05-20 00:00:00,1
2010-05-21 00:00:00,2010-05-21 00:00:00,26,2010-05-21 00:00:00,25.5,25.75,12,28500,735125,2010-05-21 00:00:00,1
2010-05-24 00:00:00,2010-05-24 00:00:00,26.25,2010-05-24 00:00:00,25.75,26,19,30400,790875,2010-05-24 00:00:00,1
2010-05-25 00:00:00,2010-05-25 00:00:00,25.75,2010-05-25 00:00:00,25.5,25.75,5,15000,386000,2010-05-25 00:00:00,1
2010-05-26 00:00:00,2010-05-26 00:00:00,25.5,2010-05-26 00:00:00,25,25.25,18,36900,929225,2010-05-26 00:00:00,1
2010-05-31 00:00:00,2010-05-31 00:00:00,27,2010-05-31 00:00:00,25.5,25.75,26,60500,1602550,2010-05-31 00:00:00,1
2010-06-01 00:00:00,2010-06-01 00:00:00,25.75,2010-06-01 00:00:00,25.5,25.5,7,9200,235650,2010-06-01 00:00:00,1
2010-06-02 00:00:00,2010-06-02 00:00:00,25.25,2010-06-02 00:00:00,25.25,25.25,2,5000,126250,2010-06-02 00:00:00,1
2010-06-03 00:00:00,2010-06-03 00:00:00,26.75,2010-06-03 00:00:00,25.25,26.75,5,20500,535500,2010-06-03 00:00:00,1
2010-06-04 00:00:00,2010-06-04 00:00:00,26,2010-06-04 00:00:00,24.5,25,46,199500,4986850,2010-06-04 00:00:00,1
2010-06-07 00:00:00,2010-06-07 00:00:00,25.25,2010-06-07 00:00:00,24.75,25.25,7,12500,315000,2010-06-07 00:00:00,1
2010-06-08 00:00:00,2010-06-08 00:00:00,24.75,2010-06-08 00:00:00,24.75,24.75,2,1000,24750,2010-06-08 00:00:00,1
2010-06-09 00:00:00,2010-06-09 00:00:00,26.5,2010-06-09 00:00:00,25,25.5,24,38300,991300,2010-06-09 00:00:00,1
2010-06-10 00:00:00,2010-06-10 00:00:00,26,2010-06-10 00:00:00,24.75,25.5,5,17000,441000,2010-06-10 00:00:00,1
2010-06-11 00:00:00,2010-06-11 00:00:00,26.75,2010-06-11 00:00:00,25,26.5,75,194700,5148825,2010-06-11 00:00:00,1
2010-06-14 00:00:00,2010-06-14 00:00:00,27,2010-06-14 00:00:00,26.5,26.5,21,66200,1765650,2010-06-14 00:00:00,1
2010-06-15 00:00:00,2010-06-15 00:00:00,32.5,2010-06-15 00:00:00,26,26.5,50,135300,3565275,2010-06-15 00:00:00,1
2010-06-16 00:00:00,2010-06-16 00:00:00,26.75,2010-06-16 00:00:00,26,26,7,6100,159675,2010-06-16 00:00:00,1
2010-06-17 00:00:00,2010-06-17 00:00:00,28.5,2010-06-17 00:00:00,25.75,28,206,628500,17403900,2010-06-17 00:00:00,1
2010-06-21 00:00:00,2010-06-21 00:00:00,28.75,2010-06-21 00:00:00,28,28,137,274200,7804550,2010-06-21 00:00:00,1
2010-06-22 00:00:00,2010-06-22 00:00:00,28,2010-06-22 00:00:00,27.5,27.5,13,38000,1057600,2010-06-22 00:00:00,1
2010-06-23 00:00:00,2010-06-23 00:00:00,27.5,2010-06-23 00:00:00,27,27,3,5100,140200,2010-06-23 00:00:00,1
2010-06-24 00:00:00,2010-06-24 00:00:00,27.5,2010-06-24 00:00:00,26.75,27.5,19,60800,1661775,2010-06-24 00:00:00,1
2010-06-28 00:00:00,2010-06-28 00:00:00,27,2010-06-28 00:00:00,26.75,26.75,8,6500,174125,2010-06-28 00:00:00,1
2010-06-29 00:00:00,2010-06-29 00:00:00,27,2010-06-29 00:00:00,26.5,27,3,3300,88700,2010-06-29 00:00:00,1
2010-06-30 00:00:00,2010-06-30 00:00:00,26.75,2010-06-30 00:00:00,25.5,26.75,10,34200,904825,2010-06-30 00:00:00,1
2010-07-01 00:00:00,2010-07-01 00:00:00,26,2010-07-01 00:00:00,25,25,23,35400,896825,2010-07-01 00:00:00,1
2010-07-02 00:00:00,2010-07-02 00:00:00,26.25,2010-07-02 00:00:00,24.25,26.25,2,200,5050,2010-07-02 00:00:00,1
2010-07-05 00:00:00,2010-07-05 00:00:00,27,2010-07-05 00:00:00,26.25,26.25,6,58100,1560175,2010-07-05 00:00:00,1
2010-07-07 00:00:00,2010-07-07 00:00:00,26.25,2010-07-07 00:00:00,24.5,25.5,5,11200,275675,2010-07-07 00:00:00,1
2010-07-08 00:00:00,2010-07-08 00:00:00,26.25,2010-07-08 00:00:00,25.25,26,4,10100,262125,2010-07-08 00:00:00,1
2010-07-09 00:00:00,2010-07-09 00:00:00,25,2010-07-09 00:00:00,25,25,2,5000,125000,2010-07-09 00:00:00,1
2010-07-12 00:00:00,2010-07-12 00:00:00,25.25,2010-07-12 00:00:00,25.25,25.25,1,1000,25250,2010-07-12 00:00:00,1
2010-07-14 00:00:00,2010-07-14 00:00:00,26.75,2010-07-14 00:00:00,25,26,16,99600,2588400,2010-07-14 00:00:00,1
2010-07-15 00:00:00,2010-07-15 00:00:00,26.5,2010-07-15 00:00:00,25,26.5,24,52400,1367450,2010-07-15 00:00:00,1
2010-07-16 00:00:00,2010-07-16 00:00:00,26,2010-07-16 00:00:00,26,26,2,1000,26000,2010-07-16 00:00:00,1
2010-07-19 00:00:00,2010-07-19 00:00:00,26,2010-07-19 00:00:00,25.5,25.75,4,1800,46025,2010-07-19 00:00:00,1
2010-07-20 00:00:00,2010-07-20 00:00:00,27.25,2010-07-20 00:00:00,25,26.75,39,155600,4130200,2010-07-20 00:00:00,1
2010-07-21 00:00:00,2010-07-21 00:00:00,26.25,2010-07-21 00:00:00,25,26,11,37100,962600,2010-07-21 00:00:00,1
2010-07-22 00:00:00,2010-07-22 00:00:00,26.5,2010-07-22 00:00:00,25.25,25.25,9,69600,1765400,2010-07-22 00:00:00,1
2010-07-23 00:00:00,2010-07-23 00:00:00,26.5,2010-07-23 00:00:00,26.25,26.25,7,4600,121775,2010-07-23 00:00:00,1
2010-07-26 00:00:00,2010-07-26 00:00:00,28,2010-07-26 00:00:00,26.5,27.25,120,262200,7220775,2010-07-26 00:00:00,1
2010-07-27 00:00:00,2010-07-27 00:00:00,28.25,2010-07-27 00:00:00,27,27,19,66500,1851525,2010-07-27 00:00:00,1
2010-07-28 00:00:00,2010-07-28 00:00:00,27.5,2010-07-28 00:00:00,26.75,27.25,27,36300,992800,2010-07-28 00:00:00,1
2010-07-29 00:00:00,2010-07-29 00:00:00,27.75,2010-07-29 00:00:00,26.75,26.75,13,57900,1601375,2010-07-29 00:00:00,1
2010-08-02 00:00:00,2010-08-02 00:00:00,27.9,2010-08-02 00:00:00,26,26.2,16,25800,680120,2010-08-02 00:00:00,1
2010-08-03 00:00:00,2010-08-03 00:00:00,28,2010-08-03 00:00:00,27,27.2,22,50100,1376160,2010-08-03 00:00:00,1
2010-08-04 00:00:00,2010-08-04 00:00:00,28,2010-08-04 00:00:00,27,27.9,5,35000,968500,2010-08-04 00:00:00,1
2010-08-05 00:00:00,2010-08-05 00:00:00,28,2010-08-05 00:00:00,25.3,26.9,19,30300,825430,2010-08-05 00:00:00,1
2010-08-09 00:00:00,2010-08-09 00:00:00,24.5,2010-08-09 00:00:00,24.3,24.3,10,21200,515760,2010-08-09 00:00:00,1
2010-08-10 00:00:00,2010-08-10 00:00:00,26.5,2010-08-10 00:00:00,22.3,26.5,8,6800,171740,2010-08-10 00:00:00,1
2010-08-11 00:00:00,2010-08-11 00:00:00,29,2010-08-11 00:00:00,26,26,8,5000,133300,2010-08-11 00:00:00,1
2010-08-12 00:00:00,2010-08-12 00:00:00,28.6,2010-08-12 00:00:00,25.1,28.1,111,245100,6886450,2010-08-12 00:00:00,1
2010-08-13 00:00:00,2010-08-13 00:00:00,30.8,2010-08-13 00:00:00,26.5,30.6,219,792700,23760280,2010-08-13 00:00:00,1
2010-08-16 00:00:00,2010-08-16 00:00:00,32.9,2010-08-16 00:00:00,29,29.5,78,241800,7338940,2010-08-16 00:00:00,1
2010-08-17 00:00:00,2010-08-17 00:00:00,29.1,2010-08-17 00:00:00,28,29,18,31000,899800,2010-08-17 00:00:00,1
2010-08-18 00:00:00,2010-08-18 00:00:00,29,2010-08-18 00:00:00,28.1,28.6,13,36800,1051850,2010-08-18 00:00:00,1
2010-08-19 00:00:00,2010-08-19 00:00:00,30.3,2010-08-19 00:00:00,28.3,29.9,112,351000,10309520,2010-08-19 00:00:00,1
2010-08-20 00:00:00,2010-08-20 00:00:00,32.8,2010-08-20 00:00:00,29.1,31.4,163,432700,13652890,2010-08-20 00:00:00,1
2010-08-23 00:00:00,2010-08-23 00:00:00,32.1,2010-08-23 00:00:00,31.3,31.6,61,107300,3401780,2010-08-23 00:00:00,1
2010-08-25 00:00:00,2010-08-25 00:00:00,34.7,2010-08-25 00:00:00,31,34.6,386,971600,32859670,2010-08-25 00:00:00,1
2010-08-26 00:00:00,2010-08-26 00:00:00,36,2010-08-26 00:00:00,33,34.4,177,349400,12238170,2010-08-26 00:00:00,1
2010-08-27 00:00:00,2010-08-27 00:00:00,35.4,2010-08-27 00:00:00,33,33.5,25,41700,1440190,2010-08-27 00:00:00,1
2010-08-30 00:00:00,2010-08-30 00:00:00,33.5,2010-08-30 00:00:00,32,32,27,41300,1345600,2010-08-30 00:00:00,1
2010-08-31 00:00:00,2010-08-31 00:00:00,32.9,2010-08-31 00:00:00,31,31.4,40,50600,1583290,2010-08-31 00:00:00,1
2010-09-01 00:00:00,2010-09-01 00:00:00,33.7,2010-09-01 00:00:00,31.2,31.3,40,82100,2645430,2010-09-01 00:00:00,1
2010-09-02 00:00:00,2010-09-02 00:00:00,33.2,2010-09-02 00:00:00,32.7,33,39,51200,1685870,2010-09-02 00:00:00,1
2010-09-03 00:00:00,2010-09-03 00:00:00,33,2010-09-03 00:00:00,31.5,32.4,42,151200,4884350,2010-09-03 00:00:00,1
2010-09-06 00:00:00,2010-09-06 00:00:00,34,2010-09-06 00:00:00,33,33.7,107,475300,15891670,2010-09-06 00:00:00,1
2010-09-07 00:00:00,2010-09-07 00:00:00,36.9,2010-09-07 00:00:00,33.6,36.5,243,534900,19226650,2010-09-07 00:00:00,1
2010-09-08 00:00:00,2010-09-08 00:00:00,39.5,2010-09-08 00:00:00,36.5,38.9,319,716600,27375490,2010-09-08 00:00:00,1
2010-09-09 00:00:00,2010-09-09 00:00:00,40.5,2010-09-09 00:00:00,37,37.5,113,244500,9550330,2010-09-09 00:00:00,1
2010-09-13 00:00:00,2010-09-13 00:00:00,41.2,2010-09-13 00:00:00,37.3,40.9,309,735100,29711240,2010-09-13 00:00:00,1
2010-09-14 00:00:00,2010-09-14 00:00:00,42,2010-09-14 00:00:00,39.1,39.8,94,282900,11348420,2010-09-14 00:00:00,1
2010-09-15 00:00:00,2010-09-15 00:00:00,42,2010-09-15 00:00:00,40,41.4,98,261600,10696730,2010-09-15 00:00:00,1
2010-09-16 00:00:00,2010-09-16 00:00:00,44,2010-09-16 00:00:00,41,43.6,107,249500,10746440,2010-09-16 00:00:00,1
2010-09-17 00:00:00,2010-09-17 00:00:00,47.2,2010-09-17 00:00:00,43.5,45,113,293800,13229340,2010-09-17 00:00:00,1
2010-09-20 00:00:00,2010-09-20 00:00:00,44,2010-09-20 00:00:00,43.5,43.7,23,25100,1103320,2010-09-20 00:00:00,1
2010-09-21 00:00:00,2010-09-21 00:00:00,52,2010-09-21 00:00:00,43.7,49.2,209,578400,27236080,2010-09-21 00:00:00,1
2010-09-23 00:00:00,2010-09-23 00:00:00,50,2010-09-23 00:00:00,45.2,46.7,65,163400,7704620,2010-09-23 00:00:00,1
2010-09-24 00:00:00,2010-09-24 00:00:00,47,2010-09-24 00:00:00,43.1,45.4,45,70300,3228770,2010-09-24 00:00:00,1
2010-09-27 00:00:00,2010-09-27 00:00:00,46,2010-09-27 00:00:00,43.1,45,48,56600,2523560,2010-09-27 00:00:00,1
2010-09-28 00:00:00,2010-09-28 00:00:00,45,2010-09-28 00:00:00,43.3,43.7,24,35700,1587160,2010-09-28 00:00:00,1
2010-09-29 00:00:00,2010-09-29 00:00:00,45.5,2010-09-29 00:00:00,43.9,44.3,39,40400,1800530,2010-09-29 00:00:00,1
2010-09-30 00:00:00,2010-09-30 00:00:00,46,2010-09-30 00:00:00,44,45.1,59,94000,4243430,2010-09-30 00:00:00,1
2010-10-01 00:00:00,2010-10-01 00:00:00,45,2010-10-01 00:00:00,43.2,44.1,28,61700,2724910,2010-10-01 00:00:00,1
2010-10-04 00:00:00,2010-10-04 00:00:00,46,2010-10-04 00:00:00,44,44,18,75300,3351010,2010-10-04 00:00:00,1
2010-10-05 00:00:00,2010-10-05 00:00:00,45.5,2010-10-05 00:00:00,40,45,36,95000,4255700,2010-10-05 00:00:00,1
2010-10-06 00:00:00,2010-10-06 00:00:00,46,2010-10-06 00:00:00,43,43.4,12,16700,737100,2010-10-06 00:00:00,1
2010-10-07 00:00:00,2010-10-07 00:00:00,45,2010-10-07 00:00:00,42,42,48,81300,3444030,2010-10-07 00:00:00,1
2010-10-08 00:00:00,2010-10-08 00:00:00,44,2010-10-08 00:00:00,40,43.5,29,283200,12054250,2010-10-08 00:00:00,1
2010-10-11 00:00:00,2010-10-11 00:00:00,43.5,2010-10-11 00:00:00,43.5,43.5,15,18400,800400,2010-10-11 00:00:00,1
2010-10-12 00:00:00,2010-10-12 00:00:00,41,2010-10-12 00:00:00,38.5,38.5,42,54000,2160840,2010-10-12 00:00:00,1
2010-10-13 00:00:00,2010-10-13 00:00:00,43,2010-10-13 00:00:00,37.2,42,18,17000,712260,2010-10-13 00:00:00,1
2010-10-14 00:00:00,2010-10-14 00:00:00,46,2010-10-14 00:00:00,41,41.8,15,18500,823800,2010-10-14 00:00:00,1
2010-10-15 00:00:00,2010-10-15 00:00:00,42,2010-10-15 00:00:00,40,40,17,43400,1739250,2010-10-15 00:00:00,1
2010-10-18 00:00:00,2010-10-18 00:00:00,40,2010-10-18 00:00:00,39.4,39.4,9,27100,1082740,2010-10-18 00:00:00,1
2010-10-19 00:00:00,2010-10-19 00:00:00,42,2010-10-19 00:00:00,38.6,40.1,23,55500,2219690,2010-10-19 00:00:00,1
2010-10-20 00:00:00,2010-10-20 00:00:00,40.1,2010-10-20 00:00:00,38.6,38.6,9,16000,623100,2010-10-20 00:00:00,1
2010-10-21 00:00:00,2010-10-21 00:00:00,40.5,2010-10-21 00:00:00,39,40.2,18,44600,1766210,2010-10-21 00:00:00,1
2010-10-25 00:00:00,2010-10-25 00:00:00,40.2,2010-10-25 00:00:00,38.6,39.7,30,73300,2930380,2010-10-25 00:00:00,1
2010-10-27 00:00:00,2010-10-27 00:00:00,39.9,2010-10-27 00:00:00,39.9,39.9,2,3000,119700,2010-10-27 00:00:00,1
2010-10-29 00:00:00,2010-10-29 00:00:00,41.9,2010-10-29 00:00:00,40,41,35,111700,4477400,2010-10-29 00:00:00,1
2010-11-01 00:00:00,2010-11-01 00:00:00,40.1,2010-11-01 00:00:00,40,40,8,12400,496290,2010-11-01 00:00:00,1
2010-11-02 00:00:00,2010-11-02 00:00:00,40,2010-11-02 00:00:00,40,40,20,76300,3052000,2010-11-02 00:00:00,1
2010-11-03 00:00:00,2010-11-03 00:00:00,44.5,2010-11-03 00:00:00,40,43.7,79,132300,5561120,2010-11-03 00:00:00,1
2010-11-04 00:00:00,2010-11-04 00:00:00,46.9,2010-11-04 00:00:00,44.4,46,140,175400,7947970,2010-11-04 00:00:00,1
2010-11-08 00:00:00,2010-11-08 00:00:00,45.9,2010-11-08 00:00:00,44.5,45,44,50100,2260540,2010-11-08 00:00:00,1
2010-11-09 00:00:00,2010-11-09 00:00:00,45,2010-11-09 00:00:00,43,43,8,7000,311050,2010-11-09 00:00:00,1
2010-11-10 00:00:00,2010-11-10 00:00:00,45.6,2010-11-10 00:00:00,43,43.3,85,138800,6209710,2010-11-10 00:00:00,1
2010-11-11 00:00:00,2010-11-11 00:00:00,44.2,2010-11-11 00:00:00,43.5,44.1,32,32500,1429590,2010-11-11 00:00:00,1
2010-11-12 00:00:00,2010-11-12 00:00:00,45,2010-11-12 00:00:00,44.5,44.8,18,24200,1087180,2010-11-12 00:00:00,1
2010-11-15 00:00:00,2010-11-15 00:00:00,44.1,2010-11-15 00:00:00,39.5,40.1,86,101100,4112080,2010-11-15 00:00:00,1
2010-11-16 00:00:00,2010-11-16 00:00:00,41.3,2010-11-16 00:00:00,40,41.2,34,77900,3173050,2010-11-16 00:00:00,1
2010-11-18 00:00:00,2010-11-18 00:00:00,43.4,2010-11-18 00:00:00,42,42.2,32,65900,2793580,2010-11-18 00:00:00,1
2010-11-23 00:00:00,2010-11-23 00:00:00,42.2,2010-11-23 00:00:00,40,40.6,17,28100,1174600,2010-11-23 00:00:00,1
2010-11-24 00:00:00,2010-11-24 00:00:00,43,2010-11-24 00:00:00,40,40.1,11,19400,788830,2010-11-24 00:00:00,1
2010-11-25 00:00:00,2010-11-25 00:00:00,42,2010-11-25 00:00:00,40,42,8,12800,533230,2010-11-25 00:00:00,1
2010-11-26 00:00:00,2010-11-26 00:00:00,41.9,2010-11-26 00:00:00,39,39.9,16,21300,853620,2010-11-26 00:00:00,1
2010-11-29 00:00:00,2010-11-29 00:00:00,41,2010-11-29 00:00:00,39.6,39.6,4,26000,1051600,2010-11-29 00:00:00,1
2010-11-30 00:00:00,2010-11-30 00:00:00,43,2010-11-30 00:00:00,41,41.7,24,33700,1416050,2010-11-30 00:00:00,1
2010-12-01 00:00:00,2010-12-01 00:00:00,43.5,2010-12-01 00:00:00,41.1,41.9,87,142600,6056450,2010-12-01 00:00:00,1
2010-12-02 00:00:00,2010-12-02 00:00:00,42.8,2010-12-02 00:00:00,40.2,41.3,14,15700,649090,2010-12-02 00:00:00,1
2010-12-03 00:00:00,2010-12-03 00:00:00,42,2010-12-03 00:00:00,40.5,41.4,15,25900,1069790,2010-12-03 00:00:00,1
2010-12-06 00:00:00,2010-12-06 00:00:00,43,2010-12-06 00:00:00,42,42,4,7800,334200,2010-12-06 00:00:00,1
2010-12-07 00:00:00,2010-12-07 00:00:00,42.5,2010-12-07 00:00:00,42,42,9,4300,180700,2010-12-07 00:00:00,1
2010-12-08 00:00:00,2010-12-08 00:00:00,42,2010-12-08 00:00:00,40.3,40.4,13,3800,157580,2010-12-08 00:00:00,1
2010-12-09 00:00:00,2010-12-09 00:00:00,40.1,2010-12-09 00:00:00,39.5,40,21,58500,2340400,2010-12-09 00:00:00,1
2010-12-10 00:00:00,2010-12-10 00:00:00,41.9,2010-12-10 00:00:00,39.2,39.3,19,35700,1421240,2010-12-10 00:00:00,1
2010-12-13 00:00:00,2010-12-13 00:00:00,41.9,2010-12-13 00:00:00,39,39.7,10,6200,245880,2010-12-13 00:00:00,1
2010-12-14 00:00:00,2010-12-14 00:00:00,39.5,2010-12-14 00:00:00,39.5,39.5,2,200,7900,2010-12-14 00:00:00,1
2010-12-15 00:00:00,2010-12-15 00:00:00,39.5,2010-12-15 00:00:00,39.5,39.5,7,2900,114550,2010-12-15 00:00:00,1
2010-12-17 00:00:00,2010-12-17 00:00:00,40,2010-12-17 00:00:00,40,40,1,500,20000,2010-12-17 00:00:00,1
2010-12-21 00:00:00,2010-12-21 00:00:00,40,2010-12-21 00:00:00,39,39,16,14100,551900,2010-12-21 00:00:00,1
2010-12-22 00:00:00,2010-12-22 00:00:00,40.6,2010-12-22 00:00:00,39,40.5,14,12600,504160,2010-12-22 00:00:00,1
2010-12-23 00:00:00,2010-12-23 00:00:00,41.1,2010-12-23 00:00:00,40,40.9,24,31500,1270700,2010-12-23 00:00:00,1
2010-12-24 00:00:00,2010-12-24 00:00:00,43.5,2010-12-24 00:00:00,41.5,43.2,60,99200,4273060,2010-12-24 00:00:00,1
2010-12-27 00:00:00,2010-12-27 00:00:00,44,2010-12-27 00:00:00,43,43,34,44400,1941790,2010-12-27 00:00:00,1
2010-12-28 00:00:00,2010-12-28 00:00:00,41.7,2010-12-28 00:00:00,41.6,41.6,8,8000,332920,2010-12-28 00:00:00,1
2010-12-29 00:00:00,2010-12-29 00:00:00,41,2010-12-29 00:00:00,40.5,40.6,18,17100,694920,2010-12-29 00:00:00,1
2010-12-30 00:00:00,2010-12-30 00:00:00,41,2010-12-30 00:00:00,40,40.9,18,25900,1057390,2010-12-30 00:00:00,1
2010-12-31 00:00:00,2010-12-31 00:00:00,42.8,2010-12-31 00:00:00,41.6,41.6,16,25100,1055130,2010-12-31 00:00:00,1
Company Id,:  RHTL,Security,Type :  N,Sub Type,:  0000,,,,,
Short Name,:  FORTRESS RESORTS,,,,,,,,,
Day,Date High,High,Date Low,Low,Closing,No. of Trades,No. of Shares,Turnover,Last Traded,Days Traded
2010-01-04 00:00:00,2010-01-04 00:00:00,12.75,2010-01-04 00:00:00,12.25,12.75,29,51500,642900,2010-01-04 00:00:00,1
2010-01-05 00:00:00,2010-01-05 00:00:00,13.75,2010-01-05 00:00:00,12.75,13.5,84,231300,3063125,2010-01-05 00:00:00,1
2010-01-06 00:00:00,2010-01-06 00:00:00,14,2010-01-06 00:00:00,13.5,14,91,258900,3560050,2010-01-06 00:00:00,1
2010-01-07 00:00:00,2010-01-07 00:00:00,14,2010-01-07 00:00:00,13.75,13.75,53,171100,2353500,2010-01-07 00:00:00,1
2010-01-08 00:00:00,2010-01-08 00:00:00,13.75,2010-01-08 00:00:00,13.75,13.75,10,13800,189750,2010-01-08 00:00:00,1
2010-01-11 00:00:00,2010-01-11 00:00:00,14.5,2010-01-11 00:00:00,13.75,14.25,54,88200,1254850,2010-01-11 00:00:00,1
2010-01-12 00:00:00,2010-01-12 00:00:00,14,2010-01-12 00:00:00,13.75,13.75,50,84200,1172925,2010-01-12 00:00:00,1
2010-01-13 00:00:00,2010-01-13 00:00:00,14,2010-01-13 00:00:00,13.75,13.75,15,61200,843600,2010-01-13 00:00:00,1
2010-01-15 00:00:00,2010-01-15 00:00:00,14.25,2010-01-15 00:00:00,13.75,14,29,61700,860975,2010-01-15 00:00:00,1
2010-01-18 00:00:00,2010-01-18 00:00:00,14,2010-01-18 00:00:00,13.75,14,24,19100,266450,2010-01-18 00:00:00,1
2010-01-19 00:00:00,2010-01-19 00:00:00,13.75,2010-01-19 00:00:00,13.25,13.25,17,12700,171150,2010-01-19 00:00:00,1
2010-01-20 00:00:00,2010-01-20 00:00:00,14,2010-01-20 00:00:00,13.25,14,19,34800,478975,2010-01-20 00:00:00,1
2010-01-21 00:00:00,2010-01-21 00:00:00,14,2010-01-21 00:00:00,13.75,13.75,23,36200,500300,2010-01-21 00:00:00,1
2010-01-22 00:00:00,2010-01-22 00:00:00,13.75,2010-01-22 00:00:00,13.5,13.75,13,12100,166050,2010-01-22 00:00:00,1
2010-01-25 00:00:00,2010-01-25 00:00:00,14,2010-01-25 00:00:00,13.5,13.75,29,68200,952225,2010-01-25 00:00:00,1
2010-01-26 00:00:00,2010-01-26 00:00:00,14.25,2010-01-26 00:00:00,14,14,6,3900,54675,2010-01-26 00:00:00,1
2010-01-28 00:00:00,2010-01-28 00:00:00,14.25,2010-01-28 00:00:00,13.5,14.25,39,121000,1702850,2010-01-28 00:00:00,1
2010-02-01 00:00:00,2010-02-01 00:00:00,14.25,2010-02-01 00:00:00,14,14.25,35,60100,852150,2010-02-01 00:00:00,1
2010-02-02 00:00:00,2010-02-02 00:00:00,14.5,2010-02-02 00:00:00,14,14.25,36,93600,1350725,2010-02-02 00:00:00,1
2010-02-03 00:00:00,2010-02-03 00:00:00,16,2010-02-03 00:00:00,14.25,15.25,256,772600,11751725,2010-02-03 00:00:00,1
2010-02-05 00:00:00,2010-02-05 00:00:00,19.25,2010-02-05 00:00:00,15.5,18.5,641,1923500,33959125,2010-02-05 00:00:00,1
2010-02-08 00:00:00,2010-02-08 00:00:00,20.5,2010-02-08 00:00:00,19,19.75,337,1342400,26539600,2010-02-08 00:00:00,1
2010-02-09 00:00:00,2010-02-09 00:00:00,19.75,2010-02-09 00:00:00,18,18.75,113,159800,3005150,2010-02-09 00:00:00,1
2010-02-10 00:00:00,2010-02-10 00:00:00,20.5,2010-02-10 00:00:00,19,20,240,1264600,25346175,2010-02-10 00:00:00,1
2010-02-11 00:00:00,2010-02-11 00:00:00,20,2010-02-11 00:00:00,19,19.25,89,234500,4546725,2010-02-11 00:00:00,1
2010-02-12 00:00:00,2010-02-12 00:00:00,19,2010-02-12 00:00:00,17,18.5,69,93600,1701325,2010-02-12 00:00:00,1
2010-02-15 00:00:00,2010-02-15 00:00:00,19.5,2010-02-15 00:00:00,18.5,18.75,33,79300,1502725,2010-02-15 00:00:00,1
2010-02-16 00:00:00,2010-02-16 00:00:00,19,2010-02-16 00:00:00,18,18.25,50,111000,2092275,2010-02-16 00:00:00,1
2010-02-17 00:00:00,2010-02-17 00:00:00,18.75,2010-02-17 00:00:00,18.5,18.75,35,56000,1040675,2010-02-17 00:00:00,1
2010-02-18 00:00:00,2010-02-18 00:00:00,20.25,2010-02-18 00:00:00,19,19.5,232,1249500,24860950,2010-02-18 00:00:00,1
2010-02-19 00:00:00,2010-02-19 00:00:00,19.75,2010-02-19 00:00:00,19,19,27,119900,2311575,2010-02-19 00:00:00,1
2010-02-22 00:00:00,2010-02-22 00:00:00,20.5,2010-02-22 00:00:00,19.25,20.5,229,748000,15115350,2010-02-22 00:00:00,1
2010-02-23 00:00:00,2010-02-23 00:00:00,21.25,2010-02-23 00:00:00,20,20.25,490,1175200,24522075,2010-02-23 00:00:00,1
2010-02-24 00:00:00,2010-02-24 00:00:00,20.5,2010-02-24 00:00:00,20,20,39,55800,1135850,2010-02-24 00:00:00,1
2010-02-25 00:00:00,2010-02-25 00:00:00,20.25,2010-02-25 00:00:00,19.75,20,39,55200,1104375,2010-02-25 00:00:00,1
2010-02-26 00:00:00,2010-02-26 00:00:00,20.5,2010-02-26 00:00:00,20,20.25,22,34300,689050,2010-02-26 00:00:00,1
2010-03-01 00:00:00,2010-03-01 00:00:00,20.5,2010-03-01 00:00:00,20,20,35,42200,845825,2010-03-01 00:00:00,1
2010-03-02 00:00:00,2010-03-02 00:00:00,20,2010-03-02 00:00:00,19.5,19.5,40,121400,2422925,2010-03-02 00:00:00,1
2010-03-03 00:00:00,2010-03-03 00:00:00,20,2010-03-03 00:00:00,18.75,19,33,46300,886900,2010-03-03 00:00:00,1
2010-03-04 00:00:00,2010-03-04 00:00:00,19.5,2010-03-04 00:00:00,18.75,19,26,29200,552950,2010-03-04 00:00:00,1
2010-03-05 00:00:00,2010-03-05 00:00:00,20.5,2010-03-05 00:00:00,19.25,20.25,94,144200,2886600,2010-03-05 00:00:00,1
2010-03-08 00:00:00,2010-03-08 00:00:00,21,2010-03-08 00:00:00,20.5,20.75,107,201700,4175625,2010-03-08 00:00:00,1
2010-03-09 00:00:00,2010-03-09 00:00:00,20.75,2010-03-09 00:00:00,19.5,19.75,52,69400,1408975,2010-03-09 00:00:00,1
2010-03-10 00:00:00,2010-03-10 00:00:00,20,2010-03-10 00:00:00,19,19.5,72,142700,2742700,2010-03-10 00:00:00,1
2010-03-11 00:00:00,2010-03-11 00:00:00,20.25,2010-03-11 00:00:00,19.25,19.75,41,55000,1090825,2010-03-11 00:00:00,1
2010-03-12 00:00:00,2010-03-12 00:00:00,20.25,2010-03-12 00:00:00,19.75,20,37,102400,2046525,2010-03-12 00:00:00,1
2010-03-15 00:00:00,2010-03-15 00:00:00,20.25,2010-03-15 00:00:00,19.75,20,67,96400,1925150,2010-03-15 00:00:00,1
2010-03-16 00:00:00,2010-03-16 00:00:00,20,2010-03-16 00:00:00,19.5,19.75,30,22800,452250,2010-03-16 00:00:00,1
2010-03-17 00:00:00,2010-03-17 00:00:00,19.75,2010-03-17 00:00:00,19.25,19.5,24,40500,789725,2010-03-17 00:00:00,1
2010-03-18 00:00:00,2010-03-18 00:00:00,19.75,2010-03-18 00:00:00,19.25,19.25,8,19500,377650,2010-03-18 00:00:00,1
2010-03-19 00:00:00,2010-03-19 00:00:00,19.5,2010-03-19 00:00:00,19,19,30,40900,780700,2010-03-19 00:00:00,1
2010-03-22 00:00:00,2010-03-22 00:00:00,19.5,2010-03-22 00:00:00,19,19,11,20500,389750,2010-03-22 00:00:00,1
2010-03-23 00:00:00,2010-03-23 00:00:00,19.5,2010-03-23 00:00:00,18.75,19,11,3600,68350,2010-03-23 00:00:00,1
2010-03-24 00:00:00,2010-03-24 00:00:00,20,2010-03-24 00:00:00,19,20,47,304100,6037125,2010-03-24 00:00:00,1
2010-03-25 00:00:00,2010-03-25 00:00:00,19.75,2010-03-25 00:00:00,19,19,36,98800,1890050,2010-03-25 00:00:00,1
2010-03-26 00:00:00,2010-03-26 00:00:00,19.75,2010-03-26 00:00:00,19,19,14,12400,238325,2010-03-26 00:00:00,1
2010-03-30 00:00:00,2010-03-30 00:00:00,19.75,2010-03-30 00:00:00,19,19.25,17,33200,640950,2010-03-30 00:00:00,1
2010-03-31 00:00:00,2010-03-31 00:00:00,19.75,2010-03-31 00:00:00,19,19.25,27,28100,548075,2010-03-31 00:00:00,1
2010-04-01 00:00:00,2010-04-01 00:00:00,19.5,2010-04-01 00:00:00,19.25,19.25,14,21900,423825,2010-04-01 00:00:00,1
2010-04-05 00:00:00,2010-04-05 00:00:00,19.75,2010-04-05 00:00:00,19.5,19.75,12,12600,247775,2010-04-05 00:00:00,1
2010-04-06 00:00:00,2010-04-06 00:00:00,20.75,2010-04-06 00:00:00,20,20.5,92,119400,2423025,2010-04-06 00:00:00,1
2010-04-07 00:00:00,2010-04-07 00:00:00,21.5,2010-04-07 00:00:00,20.75,21.25,251,1419100,30033150,2010-04-07 00:00:00,1
2010-04-08 00:00:00,2010-04-08 00:00:00,24,2010-04-08 00:00:00,21.25,23.5,497,1938300,44291000,2010-04-08 00:00:00,1
2010-04-12 00:00:00,2010-04-12 00:00:00,24.5,2010-04-12 00:00:00,23.25,23.5,212,520400,12333250,2010-04-12 00:00:00,1
2010-04-15 00:00:00,2010-04-15 00:00:00,23.5,2010-04-15 00:00:00,23,23.25,69,120900,2804350,2010-04-15 00:00:00,1
2010-04-16 00:00:00,2010-04-16 00:00:00,24,2010-04-16 00:00:00,23.25,24,78,163600,3884050,2010-04-16 00:00:00,1
2010-04-19 00:00:00,2010-04-19 00:00:00,25,2010-04-19 00:00:00,23.75,25,355,1044300,25724500,2010-04-19 00:00:00,1
2010-04-20 00:00:00,2010-04-20 00:00:00,25.5,2010-04-20 00:00:00,24,24.25,324,847100,20926925,2010-04-20 00:00:00,1
2010-04-21 00:00:00,2010-04-21 00:00:00,24.5,2010-04-21 00:00:00,23.5,24,92,122200,2916475,2010-04-21 00:00:00,1
2010-04-22 00:00:00,2010-04-22 00:00:00,24,2010-04-22 00:00:00,23.5,23.75,40,62600,1496350,2010-04-22 00:00:00,1
2010-04-23 00:00:00,2010-04-23 00:00:00,24.75,2010-04-23 00:00:00,24,24.25,140,337300,8147950,2010-04-23 00:00:00,1
2010-04-26 00:00:00,2010-04-26 00:00:00,25.5,2010-04-26 00:00:00,24.25,24.5,271,759500,18926050,2010-04-26 00:00:00,1
2010-04-27 00:00:00,2010-04-27 00:00:00,25,2010-04-27 00:00:00,24,24,90,136900,3339150,2010-04-27 00:00:00,1
2010-04-29 00:00:00,2010-04-29 00:00:00,24.5,2010-04-29 00:00:00,24,24,48,61300,1471825,2010-04-29 00:00:00,1
2010-04-30 00:00:00,2010-04-30 00:00:00,24,2010-04-30 00:00:00,23.75,23.75,22,24000,572475,2010-04-30 00:00:00,1
2010-05-03 00:00:00,2010-05-03 00:00:00,24,2010-05-03 00:00:00,23.5,24,49,111600,2674800,2010-05-03 00:00:00,1
2010-05-04 00:00:00,2010-05-04 00:00:00,24,2010-05-04 00:00:00,23,23.5,38,39100,919550,2010-05-04 00:00:00,1
2010-05-05 00:00:00,2010-05-05 00:00:00,23.5,2010-05-05 00:00:00,22.75,23.25,23,24200,559525,2010-05-05 00:00:00,1
2010-05-06 00:00:00,2010-05-06 00:00:00,23.5,2010-05-06 00:00:00,22.75,22.75,28,31300,716475,2010-05-06 00:00:00,1
2010-05-07 00:00:00,2010-05-07 00:00:00,23,2010-05-07 00:00:00,22.5,23,42,124900,2867650,2010-05-07 00:00:00,1
2010-05-10 00:00:00,2010-05-10 00:00:00,23,2010-05-10 00:00:00,22.25,22.5,25,29700,670600,2010-05-10 00:00:00,1
2010-05-11 00:00:00,2010-05-11 00:00:00,22.75,2010-05-11 00:00:00,22.25,22.5,52,69800,1565525,2010-05-11 00:00:00,1
2010-05-12 00:00:00,2010-05-12 00:00:00,22.5,2010-05-12 00:00:00,21.75,22.25,65,94800,2092475,2010-05-12 00:00:00,1
2010-05-13 00:00:00,2010-05-13 00:00:00,22.5,2010-05-13 00:00:00,22.5,22.5,7,8500,191250,2010-05-13 00:00:00,1
2010-05-14 00:00:00,2010-05-14 00:00:00,23,2010-05-14 00:00:00,22.75,23,49,203900,4662950,2010-05-14 00:00:00,1
2010-05-17 00:00:00,2010-05-17 00:00:00,23,2010-05-17 00:00:00,22.25,22.5,24,38200,857625,2010-05-17 00:00:00,1
2010-05-18 00:00:00,2010-05-18 00:00:00,22.75,2010-05-18 00:00:00,22.25,22.75,17,18100,404625,2010-05-18 00:00:00,1
2010-05-19 00:00:00,2010-05-19 00:00:00,22,2010-05-19 00:00:00,22,22,13,8000,176000,2010-05-19 00:00:00,1
2010-05-20 00:00:00,2010-05-20 00:00:00,22.25,2010-05-20 00:00:00,22,22,25,46900,1031825,2010-05-20 00:00:00,1
2010-05-21 00:00:00,2010-05-21 00:00:00,22.25,2010-05-21 00:00:00,21.5,21.75,41,40300,884075,2010-05-21 00:00:00,1
2010-05-24 00:00:00,2010-05-24 00:00:00,21.75,2010-05-24 00:00:00,21,21,40,52600,1121850,2010-05-24 00:00:00,1
2010-05-25 00:00:00,2010-05-25 00:00:00,22,2010-05-25 00:00:00,20,21.25,43,4162700,83350300,2010-05-25 00:00:00,1
2010-05-26 00:00:00,2010-05-26 00:00:00,21.75,2010-05-26 00:00:00,20.75,21.75,10,8100,174350,2010-05-26 00:00:00,1
2010-05-31 00:00:00,2010-05-31 00:00:00,22,2010-05-31 00:00:00,21.5,21.5,22,20500,444375,2010-05-31 00:00:00,1
2010-06-01 00:00:00,2010-06-01 00:00:00,22,2010-06-01 00:00:00,21,21.25,30,28700,613925,2010-06-01 00:00:00,1
2010-06-02 00:00:00,2010-06-02 00:00:00,21.5,2010-06-02 00:00:00,20.75,21,32,39100,819525,2010-06-02 00:00:00,1
2010-06-03 00:00:00,2010-06-03 00:00:00,22,2010-06-03 00:00:00,21.5,21.5,34,48500,1045675,2010-06-03 00:00:00,1
2010-06-04 00:00:00,2010-06-04 00:00:00,22.5,2010-06-04 00:00:00,21.5,22,86,169200,3708100,2010-06-04 00:00:00,1
2010-06-07 00:00:00,2010-06-07 00:00:00,23,2010-06-07 00:00:00,21.75,22,92,282100,6293275,2010-06-07 00:00:00,1
2010-06-08 00:00:00,2010-06-08 00:00:00,22.5,2010-06-08 00:00:00,21.75,22,39,70800,1558975,2010-06-08 00:00:00,1
2010-06-09 00:00:00,2010-06-09 00:00:00,22.25,2010-06-09 00:00:00,21.75,22,35,37800,831950,2010-06-09 00:00:00,1
2010-06-10 00:00:00,2010-06-10 00:00:00,23,2010-06-10 00:00:00,22,22.25,23,31200,696875,2010-06-10 00:00:00,1
2010-06-11 00:00:00,2010-06-11 00:00:00,22.75,2010-06-11 00:00:00,22,22.5,21,38300,853800,2010-06-11 00:00:00,1
2010-06-14 00:00:00,2010-06-14 00:00:00,22.5,2010-06-14 00:00:00,22,22,18,57700,1272275,2010-06-14 00:00:00,1
2010-06-15 00:00:00,2010-06-15 00:00:00,22,2010-06-15 00:00:00,22,22,45,81200,1786400,2010-06-15 00:00:00,1
2010-06-16 00:00:00,2010-06-16 00:00:00,22.5,2010-06-16 00:00:00,22,22.25,16,27700,612775,2010-06-16 00:00:00,1
2010-06-17 00:00:00,2010-06-17 00:00:00,22.75,2010-06-17 00:00:00,21.75,22.25,95,221900,4917575,2010-06-17 00:00:00,1
2010-06-21 00:00:00,2010-06-21 00:00:00,22.5,2010-06-21 00:00:00,22,22.25,25,75300,1659200,2010-06-21 00:00:00,1
2010-06-22 00:00:00,2010-06-22 00:00:00,22,2010-06-22 00:00:00,22,22,27,46400,1020800,2010-06-22 00:00:00,1
2010-06-23 00:00:00,2010-06-23 00:00:00,22,2010-06-23 00:00:00,21.5,21.5,16,51200,1110150,2010-06-23 00:00:00,1
2010-06-24 00:00:00,2010-06-24 00:00:00,21.5,2010-06-24 00:00:00,21.25,21.5,25,39500,843125,2010-06-24 00:00:00,1
2010-06-28 00:00:00,2010-06-28 00:00:00,21.5,2010-06-28 00:00:00,20.75,21,25,44500,936275,2010-06-28 00:00:00,1
2010-06-29 00:00:00,2010-06-29 00:00:00,21.5,2010-06-29 00:00:00,20.75,20.75,18,19100,402950,2010-06-29 00:00:00,1
2010-06-30 00:00:00,2010-06-30 00:00:00,21,2010-06-30 00:00:00,20.5,20.75,35,47700,990850,2010-06-30 00:00:00,1
2010-07-01 00:00:00,2010-07-01 00:00:00,22.5,2010-07-01 00:00:00,20.5,21.5,39,46800,1023825,2010-07-01 00:00:00,1
2010-07-02 00:00:00,2010-07-02 00:00:00,22,2010-07-02 00:00:00,21,21.25,28,29300,627825,2010-07-02 00:00:00,1
2010-07-05 00:00:00,2010-07-05 00:00:00,21.75,2010-07-05 00:00:00,21,21.5,4,1600,34375,2010-07-05 00:00:00,1
2010-07-06 00:00:00,2010-07-06 00:00:00,21.25,2010-07-06 00:00:00,21,21,15,9000,189250,2010-07-06 00:00:00,1
2010-07-07 00:00:00,2010-07-07 00:00:00,21,2010-07-07 00:00:00,20,20,49,85900,1748900,2010-07-07 00:00:00,1
2010-07-08 00:00:00,2010-07-08 00:00:00,20.5,2010-07-08 00:00:00,19.75,20,24,23800,477800,2010-07-08 00:00:00,1
2010-07-09 00:00:00,2010-07-09 00:00:00,20.25,2010-07-09 00:00:00,20,20,26,28600,575775,2010-07-09 00:00:00,1
2010-07-12 00:00:00,2010-07-12 00:00:00,20,2010-07-12 00:00:00,19.75,19.75,18,33200,660250,2010-07-12 00:00:00,1
2010-07-13 00:00:00,2010-07-13 00:00:00,21.75,2010-07-13 00:00:00,19.75,21.5,83,184900,3827100,2010-07-13 00:00:00,1
2010-07-14 00:00:00,2010-07-14 00:00:00,22.75,2010-07-14 00:00:00,21.5,22,68,91300,2026975,2010-07-14 00:00:00,1
2010-07-15 00:00:00,2010-07-15 00:00:00,23.25,2010-07-15 00:00:00,22.25,22.5,92,208300,4760325,2010-07-15 00:00:00,1
2010-07-16 00:00:00,2010-07-16 00:00:00,22.75,2010-07-16 00:00:00,22,22.25,21,11500,256350,2010-07-16 00:00:00,1
2010-07-19 00:00:00,2010-07-19 00:00:00,22.5,2010-07-19 00:00:00,22,22,25,35800,788200,2010-07-19 00:00:00,1
2010-07-20 00:00:00,2010-07-20 00:00:00,23.5,2010-07-20 00:00:00,22,23.25,201,473700,10922975,2010-07-20 00:00:00,1
2010-07-21 00:00:00,2010-07-21 00:00:00,24,2010-07-21 00:00:00,22.5,23,99,153400,3562325,2010-07-21 00:00:00,1
2010-07-22 00:00:00,2010-07-22 00:00:00,23,2010-07-22 00:00:00,22.25,22.25,17,29600,661350,2010-07-22 00:00:00,1
2010-07-23 00:00:00,2010-07-23 00:00:00,23.25,2010-07-23 00:00:00,22,22.25,61,89900,2020225,2010-07-23 00:00:00,1
2010-07-26 00:00:00,2010-07-26 00:00:00,22.25,2010-07-26 00:00:00,22,22.25,45,163900,3644625,2010-07-26 00:00:00,1
2010-07-27 00:00:00,2010-07-27 00:00:00,22.75,2010-07-27 00:00:00,22,22.25,42,74900,1667550,2010-07-27 00:00:00,1
2010-07-28 00:00:00,2010-07-28 00:00:00,22.75,2010-07-28 00:00:00,22.25,22.5,94,301900,6827375,2010-07-28 00:00:00,1
2010-07-29 00:00:00,2010-07-29 00:00:00,22.75,2010-07-29 00:00:00,22.25,22.25,94,524100,11742800,2010-07-29 00:00:00,1
2010-07-30 00:00:00,2010-07-30 00:00:00,23,2010-07-30 00:00:00,21.75,22,63,347800,7932825,2010-07-30 00:00:00,1
2010-08-02 00:00:00,2010-08-02 00:00:00,22,2010-08-02 00:00:00,21.6,22,16,29800,654120,2010-08-02 00:00:00,1
2010-08-03 00:00:00,2010-08-03 00:00:00,22,2010-08-03 00:00:00,21.1,21.5,29,62300,1362060,2010-08-03 00:00:00,1
2010-08-04 00:00:00,2010-08-04 00:00:00,22.5,2010-08-04 00:00:00,20.5,21.3,40,64600,1377540,2010-08-04 00:00:00,1
2010-08-05 00:00:00,2010-08-05 00:00:00,21,2010-08-05 00:00:00,19.6,20.8,44,75000,1538110,2010-08-05 00:00:00,1
2010-08-06 00:00:00,2010-08-06 00:00:00,21,2010-08-06 00:00:00,20.6,20.6,14,28100,579710,2010-08-06 00:00:00,1
2010-08-09 00:00:00,2010-08-09 00:00:00,20.7,2010-08-09 00:00:00,18.9,19.4,44,75100,1445950,2010-08-09 00:00:00,1
2010-08-10 00:00:00,2010-08-10 00:00:00,21.3,2010-08-10 00:00:00,18.2,21,72,142600,2753030,2010-08-10 00:00:00,1
2010-08-11 00:00:00,2010-08-11 00:00:00,22.5,2010-08-11 00:00:00,21.1,21.4,18,23700,504620,2010-08-11 00:00:00,1
2010-08-12 00:00:00,2010-08-12 00:00:00,23,2010-08-12 00:00:00,21,21,16,57400,1214100,2010-08-12 00:00:00,1
2010-08-13 00:00:00,2010-08-13 00:00:00,21,2010-08-13 00:00:00,20.8,21,6,6500,136400,2010-08-13 00:00:00,1
2010-08-16 00:00:00,2010-08-16 00:00:00,21,2010-08-16 00:00:00,20.2,20.5,18,26300,542240,2010-08-16 00:00:00,1
2010-08-17 00:00:00,2010-08-17 00:00:00,20.5,2010-08-17 00:00:00,20,20.3,36,57500,1158570,2010-08-17 00:00:00,1
2010-08-18 00:00:00,2010-08-18 00:00:00,21.9,2010-08-18 00:00:00,20.8,21.8,31,44000,956270,2010-08-18 00:00:00,1
2010-08-19 00:00:00,2010-08-19 00:00:00,23.9,2010-08-19 00:00:00,22,23.9,386,693000,16041400,2010-08-19 00:00:00,1
2010-08-20 00:00:00,2010-08-20 00:00:00,25.5,2010-08-20 00:00:00,23,24,180,287900,6966370,2010-08-20 00:00:00,1
2010-08-23 00:00:00,2010-08-23 00:00:00,25.5,2010-08-23 00:00:00,23.5,24,67,108700,2596260,2010-08-23 00:00:00,1
2010-08-25 00:00:00,2010-08-25 00:00:00,24.4,2010-08-25 00:00:00,23.3,23.6,79,66200,1567480,2010-08-25 00:00:00,1
2010-08-26 00:00:00,2010-08-26 00:00:00,24.5,2010-08-26 00:00:00,22.9,24,71,135400,3227530,2010-08-26 00:00:00,1
2010-08-27 00:00:00,2010-08-27 00:00:00,25,2010-08-27 00:00:00,23.7,24.5,219,424500,10445590,2010-08-27 00:00:00,1
2010-08-30 00:00:00,2010-08-30 00:00:00,25.8,2010-08-30 00:00:00,24.5,25,231,443300,11171880,2010-08-30 00:00:00,1
2010-08-31 00:00:00,2010-08-31 00:00:00,25.8,2010-08-31 00:00:00,24.6,24.7,107,113900,2846340,2010-08-31 00:00:00,1
2010-09-01 00:00:00,2010-09-01 00:00:00,26,2010-09-01 00:00:00,24.5,25,162,327800,8193660,2010-09-01 00:00:00,1
2010-09-02 00:00:00,2010-09-02 00:00:00,25.2,2010-09-02 00:00:00,24.5,24.9,92,116100,2887210,2010-09-02 00:00:00,1
2010-09-03 00:00:00,2010-09-03 00:00:00,25,2010-09-03 00:00:00,24.4,24.5,53,91600,2261590,2010-09-03 00:00:00,1
2010-09-06 00:00:00,2010-09-06 00:00:00,24.6,2010-09-06 00:00:00,23.7,24.1,39,57000,1375380,2010-09-06 00:00:00,1
2010-09-07 00:00:00,2010-09-07 00:00:00,24.1,2010-09-07 00:00:00,23.9,23.9,25,46000,1102580,2010-09-07 00:00:00,1
2010-09-08 00:00:00,2010-09-08 00:00:00,24.5,2010-09-08 00:00:00,23.9,24,35,70800,1703100,2010-09-08 00:00:00,1
2010-09-09 00:00:00,2010-09-09 00:00:00,24.5,2010-09-09 00:00:00,23.4,23.6,47,128500,3045840,2010-09-09 00:00:00,1
2010-09-13 00:00:00,2010-09-13 00:00:00,23.8,2010-09-13 00:00:00,23,23.3,54,65100,1510380,2010-09-13 00:00:00,1
2010-09-14 00:00:00,2010-09-14 00:00:00,23.4,2010-09-14 00:00:00,22.6,23,55,75200,1730850,2010-09-14 00:00:00,1
2010-09-15 00:00:00,2010-09-15 00:00:00,24,2010-09-15 00:00:00,22.4,23.4,24,33800,779850,2010-09-15 00:00:00,1
2010-09-16 00:00:00,2010-09-16 00:00:00,23.9,2010-09-16 00:00:00,23,23.2,55,85000,1973350,2010-09-16 00:00:00,1
2010-09-17 00:00:00,2010-09-17 00:00:00,24.3,2010-09-17 00:00:00,23,23.6,72,137000,3207170,2010-09-17 00:00:00,1
2010-09-20 00:00:00,2010-09-20 00:00:00,24,2010-09-20 00:00:00,23,23.3,46,66300,1543700,2010-09-20 00:00:00,1
2010-09-21 00:00:00,2010-09-21 00:00:00,24.7,2010-09-21 00:00:00,23.1,23.9,133,285500,6790200,2010-09-21 00:00:00,1
2010-09-23 00:00:00,2010-09-23 00:00:00,24.4,2010-09-23 00:00:00,23.3,24,70,117400,2812580,2010-09-23 00:00:00,1
2010-09-24 00:00:00,2010-09-24 00:00:00,24.1,2010-09-24 00:00:00,23,23.6,84,132700,3161110,2010-09-24 00:00:00,1
2010-09-27 00:00:00,2010-09-27 00:00:00,24,2010-09-27 00:00:00,23.1,23.9,78,128400,3060690,2010-09-27 00:00:00,1
2010-09-28 00:00:00,2010-09-28 00:00:00,24,2010-09-28 00:00:00,23.1,23.4,50,74700,1763180,2010-09-28 00:00:00,1
2010-09-29 00:00:00,2010-09-29 00:00:00,26.2,2010-09-29 00:00:00,23.6,25.1,368,946200,23826230,2010-09-29 00:00:00,1
2010-09-30 00:00:00,2010-09-30 00:00:00,26,2010-09-30 00:00:00,24.5,24.6,161,480300,12167940,2010-09-30 00:00:00,1
2010-10-01 00:00:00,2010-10-01 00:00:00,25,2010-10-01 00:00:00,24.3,24.6,67,195500,4790440,2010-10-01 00:00:00,1
2010-10-04 00:00:00,2010-10-04 00:00:00,24.8,2010-10-04 00:00:00,24,24.2,47,68000,1641150,2010-10-04 00:00:00,1
2010-10-05 00:00:00,2010-10-05 00:00:00,24.2,2010-10-05 00:00:00,23.4,23.6,79,209800,4961510,2010-10-05 00:00:00,1
2010-10-06 00:00:00,2010-10-06 00:00:00,24.2,2010-10-06 00:00:00,23.1,23.4,36,31100,728310,2010-10-06 00:00:00,1
2010-10-07 00:00:00,2010-10-07 00:00:00,23.5,2010-10-07 00:00:00,21.7,23,71,115000,2628670,2010-10-07 00:00:00,1
2010-10-08 00:00:00,2010-10-08 00:00:00,23.5,2010-10-08 00:00:00,22,23,60,62600,1400160,2010-10-08 00:00:00,1
2010-10-11 00:00:00,2010-10-11 00:00:00,23,2010-10-11 00:00:00,22.8,23,10,14100,322860,2010-10-11 00:00:00,1
2010-10-12 00:00:00,2010-10-12 00:00:00,22.8,2010-10-12 00:00:00,20.5,20.8,63,49500,1072820,2010-10-12 00:00:00,1
2010-10-13 00:00:00,2010-10-13 00:00:00,22,2010-10-13 00:00:00,19,21.5,84,141400,2835950,2010-10-13 00:00:00,1
2010-10-14 00:00:00,2010-10-14 00:00:00,21.5,2010-10-14 00:00:00,20,20.2,60,62500,1293630,2010-10-14 00:00:00,1
2010-10-15 00:00:00,2010-10-15 00:00:00,20.7,2010-10-15 00:00:00,20.5,20.6,12,12400,254660,2010-10-15 00:00:00,1
2010-10-18 00:00:00,2010-10-18 00:00:00,20.7,2010-10-18 00:00:00,20.6,20.6,16,20000,412020,2010-10-18 00:00:00,1
2010-10-19 00:00:00,2010-10-19 00:00:00,21.5,2010-10-19 00:00:00,20.5,20.9,21,12900,267780,2010-10-19 00:00:00,1
2010-10-20 00:00:00,2010-10-20 00:00:00,21.1,2010-10-20 00:00:00,21,21.1,10,13900,292600,2010-10-20 00:00:00,1
2010-10-21 00:00:00,2010-10-21 00:00:00,22.9,2010-10-21 00:00:00,20.8,21.6,31,39100,852290,2010-10-21 00:00:00,1
2010-10-25 00:00:00,2010-10-25 00:00:00,21.5,2010-10-25 00:00:00,20.8,20.9,18,12700,266140,2010-10-25 00:00:00,1
2010-10-26 00:00:00,2010-10-26 00:00:00,21,2010-10-26 00:00:00,20.5,20.6,12,6900,142600,2010-10-26 00:00:00,1
2010-10-27 00:00:00,2010-10-27 00:00:00,20.5,2010-10-27 00:00:00,20.5,20.5,16,7900,161950,2010-10-27 00:00:00,1
2010-10-28 00:00:00,2010-10-28 00:00:00,21.2,2010-10-28 00:00:00,20.1,20.3,33,61300,1243830,2010-10-28 00:00:00,1
2010-10-29 00:00:00,2010-10-29 00:00:00,21.5,2010-10-29 00:00:00,20.1,20.8,37,70600,1460990,2010-10-29 00:00:00,1
2010-11-01 00:00:00,2010-11-01 00:00:00,22,2010-11-01 00:00:00,21,21.3,26,35000,743300,2010-11-01 00:00:00,1
2010-11-02 00:00:00,2010-11-02 00:00:00,21.3,2010-11-02 00:00:00,21,21,9,2000,42140,2010-11-02 00:00:00,1
2010-11-03 00:00:00,2010-11-03 00:00:00,21,2010-11-03 00:00:00,20.6,21,16,14900,311010,2010-11-03 00:00:00,1
2010-11-04 00:00:00,2010-11-04 00:00:00,21,2010-11-04 00:00:00,20.7,21,15,19800,415310,2010-11-04 00:00:00,1
2010-11-08 00:00:00,2010-11-08 00:00:00,21.5,2010-11-08 00:00:00,20.9,20.9,19,36100,756350,2010-11-08 00:00:00,1
2010-11-09 00:00:00,2010-11-09 00:00:00,21,2010-11-09 00:00:00,20.7,20.7,12,17100,355700,2010-11-09 00:00:00,1
2010-11-10 00:00:00,2010-11-10 00:00:00,20.9,2010-11-10 00:00:00,20.7,20.8,15,12000,249920,2010-11-10 00:00:00,1
2010-11-11 00:00:00,2010-11-11 00:00:00,21,2010-11-11 00:00:00,20.5,20.5,11,19000,390040,2010-11-11 00:00:00,1
2010-11-12 00:00:00,2010-11-12 00:00:00,21,2010-11-12 00:00:00,20.6,20.8,11,4900,101940,2010-11-12 00:00:00,1
2010-11-15 00:00:00,2010-11-15 00:00:00,21,2010-11-15 00:00:00,20.5,20.7,19,15300,318700,2010-11-15 00:00:00,1
2010-11-16 00:00:00,2010-11-16 00:00:00,20.7,2010-11-16 00:00:00,20.1,20.5,11,17000,347790,2010-11-16 00:00:00,1
2010-11-18 00:00:00,2010-11-18 00:00:00,20.7,2010-11-18 00:00:00,20.1,20.3,24,17700,360090,2010-11-18 00:00:00,1
2010-11-22 00:00:00,2010-11-22 00:00:00,20.5,2010-11-22 00:00:00,20,20,37,43900,879850,2010-11-22 00:00:00,1
2010-11-23 00:00:00,2010-11-23 00:00:00,20,2010-11-23 00:00:00,19,19.3,26,27100,526480,2010-11-23 00:00:00,1
2010-11-24 00:00:00,2010-11-24 00:00:00,20,2010-11-24 00:00:00,19.5,19.5,9,7300,143370,2010-11-24 00:00:00,1
2010-11-25 00:00:00,2010-11-25 00:00:00,19.8,2010-11-25 00:00:00,19,19.1,29,40900,781040,2010-11-25 00:00:00,1
2010-11-26 00:00:00,2010-11-26 00:00:00,19.7,2010-11-26 00:00:00,19.2,19.5,12,6400,123700,2010-11-26 00:00:00,1
2010-11-29 00:00:00,2010-11-29 00:00:00,19.2,2010-11-29 00:00:00,19,19.1,12,19200,366130,2010-11-29 00:00:00,1
2010-11-30 00:00:00,2010-11-30 00:00:00,20.5,2010-11-30 00:00:00,19.5,20.1,27,35200,703560,2010-11-30 00:00:00,1
2010-12-01 00:00:00,2010-12-01 00:00:00,21,2010-12-01 00:00:00,20.2,20.7,11,6800,140580,2010-12-01 00:00:00,1
2010-12-02 00:00:00,2010-12-02 00:00:00,20.7,2010-12-02 00:00:00,20,20.2,16,14400,293410,2010-12-02 00:00:00,1
2010-12-03 00:00:00,2010-12-03 00:00:00,20,2010-12-03 00:00:00,19.7,19.9,23,19300,385430,2010-12-03 00:00:00,1
2010-12-06 00:00:00,2010-12-06 00:00:00,20,2010-12-06 00:00:00,19.5,20,13,28100,553710,2010-12-06 00:00:00,1
2010-12-07 00:00:00,2010-12-07 00:00:00,19.9,2010-12-07 00:00:00,19.7,19.8,7,3500,69270,2010-12-07 00:00:00,1
2010-12-08 00:00:00,2010-12-08 00:00:00,20,2010-12-08 00:00:00,19.6,20,6,1500,29510,2010-12-08 00:00:00,1
2010-12-09 00:00:00,2010-12-09 00:00:00,19.8,2010-12-09 00:00:00,19.6,19.7,9,6700,131570,2010-12-09 00:00:00,1
2010-12-10 00:00:00,2010-12-10 00:00:00,19.9,2010-12-10 00:00:00,19.6,19.6,6,69100,1372360,2010-12-10 00:00:00,1
2010-12-13 00:00:00,2010-12-13 00:00:00,19.6,2010-12-13 00:00:00,19.4,19.5,11,51100,1001070,2010-12-13 00:00:00,1
2010-12-14 00:00:00,2010-12-14 00:00:00,19.3,2010-12-14 00:00:00,19.3,19.3,6,2800,54040,2010-12-14 00:00:00,1
2010-12-15 00:00:00,2010-12-15 00:00:00,20,2010-12-15 00:00:00,19.5,19.5,2,200,3950,2010-12-15 00:00:00,1
2010-12-16 00:00:00,2010-12-16 00:00:00,19.6,2010-12-16 00:00:00,19.5,19.6,5,1200,23410,2010-12-16 00:00:00,1
2010-12-17 00:00:00,2010-12-17 00:00:00,19.5,2010-12-17 00:00:00,19.5,19.5,2,600,11700,2010-12-17 00:00:00,1
2010-12-21 00:00:00,2010-12-21 00:00:00,19.5,2010-12-21 00:00:00,19.4,19.4,26,40400,786770,2010-12-21 00:00:00,1
2010-12-22 00:00:00,2010-12-22 00:00:00,19.5,2010-12-22 00:00:00,19.4,19.5,26,27000,526300,2010-12-22 00:00:00,1
2010-12-23 00:00:00,2010-12-23 00:00:00,21,2010-12-23 00:00:00,20,20.5,39,38700,790920,2010-12-23 00:00:00,1
2010-12-24 00:00:00,2010-12-24 00:00:00,21,2010-12-24 00:00:00,20.1,20.2,11,9500,193250,2010-12-24 00:00:00,1
2010-12-27 00:00:00,2010-12-27 00:00:00,20.9,2010-12-27 00:00:00,20.1,20.9,4,2600,53160,2010-12-27 00:00:00,1
2010-12-28 00:00:00,2010-12-28 00:00:00,20.7,2010-12-28 00:00:00,20.3,20.5,13,11400,233440,2010-12-28 00:00:00,1
2010-12-29 00:00:00,2010-12-29 00:00:00,20.4,2010-12-29 00:00:00,20,20.1,50,86600,1744820,2010-12-29 00:00:00,1
2010-12-30 00:00:00,2010-12-30 00:00:00,20.8,2010-12-30 00:00:00,20,20.5,32,43000,874820,2010-12-30 00:00:00,1
2010-12-31 00:00:00,2010-12-31 00:00:00,21,2010-12-31 00:00:00,20.5,20.6,17,18900,390670,2010-12-31 00:00:00,1
Company Id,:  RICH,Security,Type :  N,Sub Type,:  0000,,,,,
Short Name,:  RICHARD PIERIS,,,,,,,,,
Day,Date High,High,Date Low,Low,Closing,No. of Trades,No. of Shares,Turnover,Last Traded,Days Traded
2010-01-04 00:00:00,2010-01-04 00:00:00,39.5,2010-01-04 00:00:00,38.25,39,32,136200,5303875,2010-01-04 00:00:00,1
2010-01-05 00:00:00,2010-01-05 00:00:00,39.75,2010-01-05 00:00:00,38.5,39,98,192800,7533100,2010-01-05 00:00:00,1
2010-01-06 00:00:00,2010-01-06 00:00:00,39,2010-01-06 00:00:00,38,38,37,116600,4486500,2010-01-06 00:00:00,1
2010-01-07 00:00:00,2010-01-07 00:00:00,39.5,2010-01-07 00:00:00,37.5,39,119,314300,12152425,2010-01-07 00:00:00,1
2010-01-08 00:00:00,2010-01-08 00:00:00,39,2010-01-08 00:00:00,38.5,39,23,23300,907350,2010-01-08 00:00:00,1
2010-01-11 00:00:00,2010-01-11 00:00:00,40,2010-01-11 00:00:00,38.25,39,73,231000,9029875,2010-01-11 00:00:00,1
2010-01-12 00:00:00,2010-01-12 00:00:00,40,2010-01-12 00:00:00,38.75,38.75,49,89800,3507000,2010-01-12 00:00:00,1
2010-01-13 00:00:00,2010-01-13 00:00:00,39,2010-01-13 00:00:00,37,39,27,31200,1191200,2010-01-13 00:00:00,1
2010-01-15 00:00:00,2010-01-15 00:00:00,39.5,2010-01-15 00:00:00,38.5,38.75,37,151100,5883450,2010-01-15 00:00:00,1
2010-01-18 00:00:00,2010-01-18 00:00:00,41.25,2010-01-18 00:00:00,38.25,40.75,334,951600,37819075,2010-01-18 00:00:00,1
2010-01-19 00:00:00,2010-01-19 00:00:00,45.75,2010-01-19 00:00:00,40.25,44.25,944,1713000,74951350,2010-01-19 00:00:00,1
2010-01-20 00:00:00,2010-01-20 00:00:00,47.5,2010-01-20 00:00:00,44.25,47,684,972000,44894275,2010-01-20 00:00:00,1
2010-01-21 00:00:00,2010-01-21 00:00:00,49,2010-01-21 00:00:00,45,46,363,619000,28969800,2010-01-21 00:00:00,1
2010-01-22 00:00:00,2010-01-22 00:00:00,46.25,2010-01-22 00:00:00,44,44.25,119,356100,16248850,2010-01-22 00:00:00,1
2010-01-25 00:00:00,2010-01-25 00:00:00,47.75,2010-01-25 00:00:00,45,47,282,751100,35157825,2010-01-25 00:00:00,1
2010-01-26 00:00:00,2010-01-26 00:00:00,52,2010-01-26 00:00:00,47,51.25,495,935000,46852350,2010-01-26 00:00:00,1
2010-01-28 00:00:00,2010-01-28 00:00:00,53.75,2010-01-28 00:00:00,49,53,499,1477200,76772700,2010-01-28 00:00:00,1
2010-02-01 00:00:00,2010-02-01 00:00:00,56,2010-02-01 00:00:00,52.75,55.75,413,2039200,110718875,2010-02-01 00:00:00,1
2010-02-02 00:00:00,2010-02-02 00:00:00,57,2010-02-02 00:00:00,54,55.75,167,516300,28638975,2010-02-02 00:00:00,1
2010-02-03 00:00:00,2010-02-03 00:00:00,58.5,2010-02-03 00:00:00,55.75,57.25,351,1255300,71403300,2010-02-03 00:00:00,1
2010-02-05 00:00:00,2010-02-05 00:00:00,58,2010-02-05 00:00:00,56.25,56.5,147,419800,23853675,2010-02-05 00:00:00,1
2010-02-08 00:00:00,2010-02-08 00:00:00,57.5,2010-02-08 00:00:00,55.25,56,99,240300,13675475,2010-02-08 00:00:00,1
2010-02-09 00:00:00,2010-02-09 00:00:00,56.75,2010-02-09 00:00:00,54,55,91,291000,15856850,2010-02-09 00:00:00,1
2010-02-10 00:00:00,2010-02-10 00:00:00,54.75,2010-02-10 00:00:00,53,53.25,100,313200,16912825,2010-02-10 00:00:00,1
2010-02-11 00:00:00,2010-02-11 00:00:00,54.75,2010-02-11 00:00:00,53,54,65,244900,13030925,2010-02-11 00:00:00,1
2010-02-12 00:00:00,2010-02-12 00:00:00,56.75,2010-02-12 00:00:00,52.5,54.75,67,118500,6459625,2010-02-12 00:00:00,1
2010-02-15 00:00:00,2010-02-15 00:00:00,58.25,2010-02-15 00:00:00,55,57.25,311,727000,40913450,2010-02-15 00:00:00,1
2010-02-16 00:00:00,2010-02-16 00:00:00,57.25,2010-02-16 00:00:00,54.25,54.75,69,91500,5069100,2010-02-16 00:00:00,1
2010-02-17 00:00:00,2010-02-17 00:00:00,56,2010-02-17 00:00:00,54.25,55.25,50,162100,8848075,2010-02-17 00:00:00,1
2010-02-18 00:00:00,2010-02-18 00:00:00,56.75,2010-02-18 00:00:00,55.25,56.25,108,185300,10374175,2010-02-18 00:00:00,1
2010-02-19 00:00:00,2010-02-19 00:00:00,64.25,2010-02-19 00:00:00,55.5,63.25,977,1923400,118182500,2010-02-19 00:00:00,1
2010-02-22 00:00:00,2010-02-22 00:00:00,68.75,2010-02-22 00:00:00,65,66,920,2318900,155041300,2010-02-22 00:00:00,1
2010-02-23 00:00:00,2010-02-23 00:00:00,67,2010-02-23 00:00:00,62.5,63.25,293,333300,21412925,2010-02-23 00:00:00,1
2010-02-24 00:00:00,2010-02-24 00:00:00,66.5,2010-02-24 00:00:00,62.5,65,226,318700,20610625,2010-02-24 00:00:00,1
2010-02-25 00:00:00,2010-02-25 00:00:00,67.5,2010-02-25 00:00:00,64.25,64.5,234,338100,22244300,2010-02-25 00:00:00,1
2010-02-26 00:00:00,2010-02-26 00:00:00,66,2010-02-26 00:00:00,64.25,65.5,76,145000,9476325,2010-02-26 00:00:00,1
2010-03-01 00:00:00,2010-03-01 00:00:00,65.5,2010-03-01 00:00:00,62,62.25,104,155800,9885900,2010-03-01 00:00:00,1
2010-03-02 00:00:00,2010-03-02 00:00:00,63,2010-03-02 00:00:00,60.75,61.25,134,386300,23624100,2010-03-02 00:00:00,1
2010-03-03 00:00:00,2010-03-03 00:00:00,62,2010-03-03 00:00:00,59,60,91,143800,8649200,2010-03-03 00:00:00,1
2010-03-04 00:00:00,2010-03-04 00:00:00,61.5,2010-03-04 00:00:00,58.5,61.25,119,165800,10009775,2010-03-04 00:00:00,1
2010-03-05 00:00:00,2010-03-05 00:00:00,62.5,2010-03-05 00:00:00,61,62,91,194800,12052275,2010-03-05 00:00:00,1
2010-03-08 00:00:00,2010-03-08 00:00:00,61.75,2010-03-08 00:00:00,59,60,107,150900,9019400,2010-03-08 00:00:00,1
2010-03-09 00:00:00,2010-03-09 00:00:00,60,2010-03-09 00:00:00,58.5,58.5,75,125600,7476275,2010-03-09 00:00:00,1
2010-03-10 00:00:00,2010-03-10 00:00:00,59.25,2010-03-10 00:00:00,57,58,188,224300,12942100,2010-03-10 00:00:00,1
2010-03-11 00:00:00,2010-03-11 00:00:00,60,2010-03-11 00:00:00,57.5,58.25,37,85100,4928050,2010-03-11 00:00:00,1
2010-03-12 00:00:00,2010-03-12 00:00:00,60.5,2010-03-12 00:00:00,59,59.75,63,81700,4886900,2010-03-12 00:00:00,1
2010-03-15 00:00:00,2010-03-15 00:00:00,60,2010-03-15 00:00:00,59,59.25,14,6600,392650,2010-03-15 00:00:00,1
2010-03-16 00:00:00,2010-03-16 00:00:00,59.75,2010-03-16 00:00:00,59,59,24,34100,2022650,2010-03-16 00:00:00,1
2010-03-17 00:00:00,2010-03-17 00:00:00,59.75,2010-03-17 00:00:00,57.5,57.75,48,63600,3691000,2010-03-17 00:00:00,1
2010-03-18 00:00:00,2010-03-18 00:00:00,58,2010-03-18 00:00:00,56.75,56.75,42,75400,4315150,2010-03-18 00:00:00,1
2010-03-19 00:00:00,2010-03-19 00:00:00,57,2010-03-19 00:00:00,56.75,56.75,28,36300,2066575,2010-03-19 00:00:00,1
2010-03-22 00:00:00,2010-03-22 00:00:00,57,2010-03-22 00:00:00,56,56.25,15,7200,408625,2010-03-22 00:00:00,1
2010-03-23 00:00:00,2010-03-23 00:00:00,56,2010-03-23 00:00:00,55.25,55.5,31,19400,1080850,2010-03-23 00:00:00,1
2010-03-24 00:00:00,2010-03-24 00:00:00,55.75,2010-03-24 00:00:00,54.75,55,38,39600,2183950,2010-03-24 00:00:00,1
2010-03-25 00:00:00,2010-03-25 00:00:00,55.25,2010-03-25 00:00:00,52,55,49,65600,3577025,2010-03-25 00:00:00,1
2010-03-26 00:00:00,2010-03-26 00:00:00,58,2010-03-26 00:00:00,55,56,39,36000,2018650,2010-03-26 00:00:00,1
2010-03-30 00:00:00,2010-03-30 00:00:00,57,2010-03-30 00:00:00,55,55.25,31,67200,3756100,2010-03-30 00:00:00,1
2010-03-31 00:00:00,2010-03-31 00:00:00,55.25,2010-03-31 00:00:00,54.5,55,23,49900,2743700,2010-03-31 00:00:00,1
2010-04-01 00:00:00,2010-04-01 00:00:00,55.25,2010-04-01 00:00:00,55,55,23,19200,1056025,2010-04-01 00:00:00,1
2010-04-05 00:00:00,2010-04-05 00:00:00,57.75,2010-04-05 00:00:00,54.75,57.25,68,228200,12996725,2010-04-05 00:00:00,1
2010-04-06 00:00:00,2010-04-06 00:00:00,60,2010-04-06 00:00:00,58,59,111,197700,11698675,2010-04-06 00:00:00,1
2010-04-07 00:00:00,2010-04-07 00:00:00,60.75,2010-04-07 00:00:00,59.5,60,139,233900,14030400,2010-04-07 00:00:00,1
2010-04-08 00:00:00,2010-04-08 00:00:00,63.75,2010-04-08 00:00:00,60.5,63.25,223,361800,22636725,2010-04-08 00:00:00,1
2010-04-12 00:00:00,2010-04-12 00:00:00,65,2010-04-12 00:00:00,63.25,63.5,174,277200,17765400,2010-04-12 00:00:00,1
2010-04-15 00:00:00,2010-04-15 00:00:00,63.5,2010-04-15 00:00:00,63,63.25,37,58900,3725100,2010-04-15 00:00:00,1
2010-04-16 00:00:00,2010-04-16 00:00:00,65.5,2010-04-16 00:00:00,63.25,64.75,170,281100,18084575,2010-04-16 00:00:00,1
2010-04-19 00:00:00,2010-04-19 00:00:00,66.75,2010-04-19 00:00:00,64,66,184,303700,19953125,2010-04-19 00:00:00,1
2010-04-20 00:00:00,2010-04-20 00:00:00,95,2010-04-20 00:00:00,66.25,68,318,816400,55455850,2010-04-20 00:00:00,1
2010-04-21 00:00:00,2010-04-21 00:00:00,73,2010-04-21 00:00:00,68,72,597,1986200,140199525,2010-04-21 00:00:00,1
2010-04-22 00:00:00,2010-04-22 00:00:00,75,2010-04-22 00:00:00,72,72.25,313,640400,47186900,2010-04-22 00:00:00,1
2010-04-23 00:00:00,2010-04-23 00:00:00,74.5,2010-04-23 00:00:00,72,73.75,169,675700,49698300,2010-04-23 00:00:00,1
2010-04-26 00:00:00,2010-04-26 00:00:00,75,2010-04-26 00:00:00,73.5,74,152,302800,22458575,2010-04-26 00:00:00,1
2010-04-27 00:00:00,2010-04-27 00:00:00,76.75,2010-04-27 00:00:00,74,75.75,206,357900,26964800,2010-04-27 00:00:00,1
2010-04-29 00:00:00,2010-04-29 00:00:00,79,2010-04-29 00:00:00,73.5,77.75,198,580400,44828050,2010-04-29 00:00:00,1
2010-04-30 00:00:00,2010-04-30 00:00:00,81.5,2010-04-30 00:00:00,78,80,167,361400,28948900,2010-04-30 00:00:00,1
2010-05-03 00:00:00,2010-05-03 00:00:00,80,2010-05-03 00:00:00,74.5,75,161,255000,19358325,2010-05-03 00:00:00,1
2010-05-04 00:00:00,2010-05-04 00:00:00,75,2010-05-04 00:00:00,71.5,74,85,126500,9311975,2010-05-04 00:00:00,1
2010-05-05 00:00:00,2010-05-05 00:00:00,74.75,2010-05-05 00:00:00,73.5,73.75,78,643300,47603175,2010-05-05 00:00:00,1
2010-05-06 00:00:00,2010-05-06 00:00:00,74,2010-05-06 00:00:00,71,71.5,64,46100,3342200,2010-05-06 00:00:00,1
2010-05-07 00:00:00,2010-05-07 00:00:00,72.75,2010-05-07 00:00:00,71.5,72,79,151100,10882700,2010-05-07 00:00:00,1
2010-05-10 00:00:00,2010-05-10 00:00:00,78.5,2010-05-10 00:00:00,73,75,300,660700,50190075,2010-05-10 00:00:00,1
2010-05-11 00:00:00,2010-05-11 00:00:00,77.5,2010-05-11 00:00:00,75,76.25,67,225500,17206175,2010-05-11 00:00:00,1
2010-05-12 00:00:00,2010-05-12 00:00:00,77,2010-05-12 00:00:00,75.75,76,44,74200,5670550,2010-05-12 00:00:00,1
2010-05-13 00:00:00,2010-05-13 00:00:00,76.5,2010-05-13 00:00:00,75,76,52,57400,4345475,2010-05-13 00:00:00,1
2010-05-14 00:00:00,2010-05-14 00:00:00,77.5,2010-05-14 00:00:00,76,76.25,55,120900,9246850,2010-05-14 00:00:00,1
2010-05-17 00:00:00,2010-05-17 00:00:00,79.25,2010-05-17 00:00:00,75.5,78.75,164,290800,22755825,2010-05-17 00:00:00,1
2010-05-18 00:00:00,2010-05-18 00:00:00,77.25,2010-05-18 00:00:00,76.5,77,47,81400,6261000,2010-05-18 00:00:00,1
2010-05-19 00:00:00,2010-05-19 00:00:00,77,2010-05-19 00:00:00,76,76.25,23,30200,2307400,2010-05-19 00:00:00,1
2010-05-20 00:00:00,2010-05-20 00:00:00,77,2010-05-20 00:00:00,76,76.25,70,77800,5957175,2010-05-20 00:00:00,1
2010-05-21 00:00:00,2010-05-21 00:00:00,76.5,2010-05-21 00:00:00,75,75,90,275300,20708775,2010-05-21 00:00:00,1
2010-05-24 00:00:00,2010-05-24 00:00:00,76,2010-05-24 00:00:00,75,75,32,31500,2369550,2010-05-24 00:00:00,1
2010-05-25 00:00:00,2010-05-25 00:00:00,78,2010-05-25 00:00:00,72,77.5,67,314000,24196850,2010-05-25 00:00:00,1
2010-05-26 00:00:00,2010-05-26 00:00:00,78,2010-05-26 00:00:00,72.25,76,19,85500,6497950,2010-05-26 00:00:00,1
2010-05-31 00:00:00,2010-05-31 00:00:00,76,2010-05-31 00:00:00,75,75,54,104800,7884125,2010-05-31 00:00:00,1
2010-06-01 00:00:00,2010-06-01 00:00:00,75,2010-06-01 00:00:00,73.25,74.5,40,24300,1795650,2010-06-01 00:00:00,1
2010-06-02 00:00:00,2010-06-02 00:00:00,76.25,2010-06-02 00:00:00,75,75.5,99,590500,44552175,2010-06-02 00:00:00,1
2010-06-03 00:00:00,2010-06-03 00:00:00,75.75,2010-06-03 00:00:00,74.25,74.75,115,221800,16663400,2010-06-03 00:00:00,1
2010-06-04 00:00:00,2010-06-04 00:00:00,77.75,2010-06-04 00:00:00,74.75,76.5,123,641500,48231475,2010-06-04 00:00:00,1
2010-06-07 00:00:00,2010-06-07 00:00:00,77.5,2010-06-07 00:00:00,75,76.75,112,1026200,77419375,2010-06-07 00:00:00,1
2010-06-08 00:00:00,2010-06-08 00:00:00,77,2010-06-08 00:00:00,75.25,77,59,321700,24480900,2010-06-08 00:00:00,1
2010-06-09 00:00:00,2010-06-09 00:00:00,77.5,2010-06-09 00:00:00,75,75.25,40,61400,4657650,2010-06-09 00:00:00,1
2010-06-10 00:00:00,2010-06-10 00:00:00,76.5,2010-06-10 00:00:00,75.25,76.25,66,66900,5079950,2010-06-10 00:00:00,1
2010-06-11 00:00:00,2010-06-11 00:00:00,85,2010-06-11 00:00:00,76.25,79,235,506600,39531300,2010-06-11 00:00:00,1
2010-06-14 00:00:00,2010-06-14 00:00:00,86,2010-06-14 00:00:00,80,83.75,651,1006100,84356225,2010-06-14 00:00:00,1
2010-06-15 00:00:00,2010-06-15 00:00:00,86.5,2010-06-15 00:00:00,83.75,85.75,301,597600,51102825,2010-06-15 00:00:00,1
2010-06-16 00:00:00,2010-06-16 00:00:00,89,2010-06-16 00:00:00,86,88.25,184,170200,14966550,2010-06-16 00:00:00,1
2010-06-17 00:00:00,2010-06-17 00:00:00,98,2010-06-17 00:00:00,88,95,773,1487100,139617950,2010-06-17 00:00:00,1
2010-06-21 00:00:00,2010-06-21 00:00:00,98,2010-06-21 00:00:00,92,93,209,250700,23648900,2010-06-21 00:00:00,1
2010-06-22 00:00:00,2010-06-22 00:00:00,94,2010-06-22 00:00:00,91,91.5,142,152800,14090250,2010-06-22 00:00:00,1
2010-06-23 00:00:00,2010-06-23 00:00:00,91,2010-06-23 00:00:00,88,90,139,249000,22409350,2010-06-23 00:00:00,1
2010-06-24 00:00:00,2010-06-24 00:00:00,90,2010-06-24 00:00:00,88,89.75,62,64500,5745650,2010-06-24 00:00:00,1
2010-06-28 00:00:00,2010-06-28 00:00:00,90,2010-06-28 00:00:00,86,87.25,88,74800,6547275,2010-06-28 00:00:00,1
2010-06-29 00:00:00,2010-06-29 00:00:00,90.75,2010-06-29 00:00:00,87,89,55,91500,8187425,2010-06-29 00:00:00,1
2010-06-30 00:00:00,2010-06-30 00:00:00,89.75,2010-06-30 00:00:00,87,88,62,65900,5809000,2010-06-30 00:00:00,1
2010-07-01 00:00:00,2010-07-01 00:00:00,89,2010-07-01 00:00:00,87.5,88.75,52,114500,10168675,2010-07-01 00:00:00,1
2010-07-02 00:00:00,2010-07-02 00:00:00,88.25,2010-07-02 00:00:00,86.25,87.5,30,61100,5373700,2010-07-02 00:00:00,1
2010-07-05 00:00:00,2010-07-05 00:00:00,88,2010-07-05 00:00:00,85,85.5,70,129000,11040750,2010-07-05 00:00:00,1
2010-07-06 00:00:00,2010-07-06 00:00:00,87,2010-07-06 00:00:00,85,86,68,108400,9269825,2010-07-06 00:00:00,1
2010-07-07 00:00:00,2010-07-07 00:00:00,85,2010-07-07 00:00:00,82,83.5,82,109500,9081875,2010-07-07 00:00:00,1
2010-07-08 00:00:00,2010-07-08 00:00:00,86.25,2010-07-08 00:00:00,83.25,86,65,104300,8911475,2010-07-08 00:00:00,1
2010-07-09 00:00:00,2010-07-09 00:00:00,86,2010-07-09 00:00:00,85.5,85.5,40,76500,6542500,2010-07-09 00:00:00,1
2010-07-12 00:00:00,2010-07-12 00:00:00,89,2010-07-12 00:00:00,85,85.25,55,48400,4139925,2010-07-12 00:00:00,1
2010-07-13 00:00:00,2010-07-13 00:00:00,87.75,2010-07-13 00:00:00,85,87.5,38,41700,3605975,2010-07-13 00:00:00,1
2010-07-14 00:00:00,2010-07-14 00:00:00,88,2010-07-14 00:00:00,86,87.75,46,66200,5774050,2010-07-14 00:00:00,1
2010-07-15 00:00:00,2010-07-15 00:00:00,89.5,2010-07-15 00:00:00,88,88,72,139800,12348175,2010-07-15 00:00:00,1
2010-07-16 00:00:00,2010-07-16 00:00:00,91.5,2010-07-16 00:00:00,89.75,90.5,141,721600,65066175,2010-07-16 00:00:00,1
2010-07-19 00:00:00,2010-07-19 00:00:00,94,2010-07-19 00:00:00,91,92,122,380900,34853000,2010-07-19 00:00:00,1
2010-07-20 00:00:00,2010-07-20 00:00:00,95,2010-07-20 00:00:00,92,94.5,167,326300,30669650,2010-07-20 00:00:00,1
2010-07-21 00:00:00,2010-07-21 00:00:00,94,2010-07-21 00:00:00,92,92.25,37,56800,5255075,2010-07-21 00:00:00,1
2010-07-22 00:00:00,2010-07-22 00:00:00,92.25,2010-07-22 00:00:00,90.75,90.75,25,35800,3287525,2010-07-22 00:00:00,1
2010-07-23 00:00:00,2010-07-23 00:00:00,93,2010-07-23 00:00:00,91,92,64,125800,11555275,2010-07-23 00:00:00,1
2010-07-26 00:00:00,2010-07-26 00:00:00,103,2010-07-26 00:00:00,93.25,99.75,702,3175300,310491500,2010-07-26 00:00:00,1
2010-07-27 00:00:00,2010-07-27 00:00:00,109.5,2010-07-27 00:00:00,104,108.5,726,1734700,184054650,2010-07-27 00:00:00,1
2010-07-28 00:00:00,2010-07-28 00:00:00,117,2010-07-28 00:00:00,110,115.5,515,1653000,187004925,2010-07-28 00:00:00,1
2010-07-29 00:00:00,2010-07-29 00:00:00,119.5,2010-07-29 00:00:00,110,112.25,210,298800,34025475,2010-07-29 00:00:00,1
2010-07-30 00:00:00,2010-07-30 00:00:00,116.5,2010-07-30 00:00:00,112.25,115.75,175,505100,58409275,2010-07-30 00:00:00,1
2010-08-02 00:00:00,2010-08-02 00:00:00,121,2010-08-02 00:00:00,116.1,119.2,247,1106000,130955390,2010-08-02 00:00:00,1
2010-08-03 00:00:00,2010-08-03 00:00:00,129,2010-08-03 00:00:00,121,126.7,302,1260800,158874350,2010-08-03 00:00:00,1
2010-08-04 00:00:00,2010-08-04 00:00:00,132,2010-08-04 00:00:00,127,129.4,261,2946800,382784220,2010-08-04 00:00:00,1
2010-08-05 00:00:00,2010-08-05 00:00:00,130,2010-08-05 00:00:00,122.2,126,210,465100,58289130,2010-08-05 00:00:00,1
2010-08-06 00:00:00,2010-08-06 00:00:00,126.5,2010-08-06 00:00:00,121,122.1,108,1188100,145260750,2010-08-06 00:00:00,1
2010-08-09 00:00:00,2010-08-09 00:00:00,121,2010-08-09 00:00:00,110,112.1,151,229300,25883940,2010-08-09 00:00:00,1
2010-08-10 00:00:00,2010-08-10 00:00:00,123.3,2010-08-10 00:00:00,110,122.9,350,1149500,130983830,2010-08-10 00:00:00,1
2010-08-11 00:00:00,2010-08-11 00:00:00,129,2010-08-11 00:00:00,119,120.6,205,426100,52986100,2010-08-11 00:00:00,1
2010-08-12 00:00:00,2010-08-12 00:00:00,125,2010-08-12 00:00:00,120,122,92,115000,14086580,2010-08-12 00:00:00,1
2010-08-13 00:00:00,2010-08-13 00:00:00,134,2010-08-13 00:00:00,121,124.1,92,198600,24725860,2010-08-13 00:00:00,1
2010-08-16 00:00:00,2010-08-16 00:00:00,124,2010-08-16 00:00:00,120,121,46,127500,15458750,2010-08-16 00:00:00,1
2010-08-17 00:00:00,2010-08-17 00:00:00,121,2010-08-17 00:00:00,119,120,34,26200,3129690,2010-08-17 00:00:00,1
2010-08-18 00:00:00,2010-08-18 00:00:00,122,2010-08-18 00:00:00,118,120,58,121200,14546090,2010-08-18 00:00:00,1
2010-08-19 00:00:00,2010-08-19 00:00:00,121,2010-08-19 00:00:00,119,120.1,50,115500,13863500,2010-08-19 00:00:00,1
2010-08-20 00:00:00,2010-08-20 00:00:00,122,2010-08-20 00:00:00,118,120.3,84,338400,40594980,2010-08-20 00:00:00,1
2010-08-23 00:00:00,2010-08-23 00:00:00,122,2010-08-23 00:00:00,119,120.8,32,77500,9275890,2010-08-23 00:00:00,1
2010-08-25 00:00:00,2010-08-25 00:00:00,122,2010-08-25 00:00:00,118,119,83,166400,19845090,2010-08-25 00:00:00,1
2010-08-26 00:00:00,2010-08-26 00:00:00,122,2010-08-26 00:00:00,118,119,56,125100,14895040,2010-08-26 00:00:00,1
2010-08-27 00:00:00,2010-08-27 00:00:00,121,2010-08-27 00:00:00,119,120,81,179800,21588040,2010-08-27 00:00:00,1
2010-08-30 00:00:00,2010-08-30 00:00:00,120,2010-08-30 00:00:00,119,119,45,49800,5963030,2010-08-30 00:00:00,1
2010-08-31 00:00:00,2010-08-31 00:00:00,120,2010-08-31 00:00:00,117,118,43,166100,19603970,2010-08-31 00:00:00,1
2010-09-01 00:00:00,2010-09-01 00:00:00,120.9,2010-09-01 00:00:00,118,119.8,76,127900,15308720,2010-09-01 00:00:00,1
2010-09-02 00:00:00,2010-09-02 00:00:00,131.7,2010-09-02 00:00:00,120,131.7,475,1107900,141438610,2010-09-02 00:00:00,1
2010-09-03 00:00:00,2010-09-03 00:00:00,144.8,2010-09-03 00:00:00,136,144.7,795,1463700,207315640,2010-09-03 00:00:00,1
2010-09-06 00:00:00,2010-09-06 00:00:00,149.9,2010-09-06 00:00:00,140.5,143.6,290,289200,41875250,2010-09-06 00:00:00,1
2010-09-07 00:00:00,2010-09-07 00:00:00,144,2010-09-07 00:00:00,138,139.3,102,97700,13699850,2010-09-07 00:00:00,1
2010-09-08 00:00:00,2010-09-08 00:00:00,147,2010-09-08 00:00:00,139,143.6,338,471900,67972800,2010-09-08 00:00:00,1
2010-09-09 00:00:00,2010-09-09 00:00:00,157.9,2010-09-09 00:00:00,157.9,157.9,492,1170900,186277710,2010-09-09 00:00:00,1
2010-09-13 00:00:00,2010-09-13 00:00:00,173.6,2010-09-13 00:00:00,166,173.6,1564,1803700,311099660,2010-09-13 00:00:00,1
2010-09-14 00:00:00,2010-09-14 00:00:00,185,2010-09-14 00:00:00,170,171.6,1159,1207800,213358310,2010-09-14 00:00:00,1
2010-09-15 00:00:00,2010-09-15 00:00:00,176,2010-09-15 00:00:00,167,173.1,510,603400,104082500,2010-09-15 00:00:00,1
2010-09-16 00:00:00,2010-09-16 00:00:00,174,2010-09-16 00:00:00,167,167.7,322,283000,47835430,2010-09-16 00:00:00,1
2010-09-17 00:00:00,2010-09-17 00:00:00,171,2010-09-17 00:00:00,165,168.7,454,660900,111123190,2010-09-17 00:00:00,1
2010-09-20 00:00:00,2010-09-20 00:00:00,173.5,2010-09-20 00:00:00,163,164.4,367,394900,66095100,2010-09-20 00:00:00,1
2010-09-21 00:00:00,2010-09-21 00:00:00,168,2010-09-21 00:00:00,161,166.1,319,396000,65664460,2010-09-21 00:00:00,1
2010-09-23 00:00:00,2010-09-23 00:00:00,170,2010-09-23 00:00:00,166,166.8,221,517300,86745030,2010-09-23 00:00:00,1
2010-09-24 00:00:00,2010-09-24 00:00:00,170,2010-09-24 00:00:00,166,167.3,183,841800,141359970,2010-09-24 00:00:00,1
2010-09-27 00:00:00,2010-09-27 00:00:00,172,2010-09-27 00:00:00,165.5,170,343,579100,98272540,2010-09-27 00:00:00,1
2010-09-28 00:00:00,2010-09-28 00:00:00,172,2010-09-28 00:00:00,166.5,168.4,229,216300,36552010,2010-09-28 00:00:00,1
2010-09-29 00:00:00,2010-09-29 00:00:00,170,2010-09-29 00:00:00,167,168.8,250,217500,36765300,2010-09-29 00:00:00,1
2010-09-30 00:00:00,2010-09-30 00:00:00,170,2010-09-30 00:00:00,169,170,285,610400,103710310,2010-09-30 00:00:00,1
2010-10-01 00:00:00,2010-10-01 00:00:00,176.6,2010-10-01 00:00:00,169.9,172.6,997,1849700,317602690,2010-10-01 00:00:00,1
2010-10-04 00:00:00,2010-10-04 00:00:00,185,2010-10-04 00:00:00,172,177,1405,2183000,387682220,2010-10-04 00:00:00,1
2010-10-08 00:00:00,2010-10-08 00:00:00,12.2,2010-10-08 00:00:00,11,12,1933,10412000,122517440,2010-10-08 00:00:00,1
2010-10-11 00:00:00,2010-10-11 00:00:00,12.8,2010-10-11 00:00:00,11.8,11.9,1961,9748400,119777120,2010-10-11 00:00:00,1
2010-10-12 00:00:00,2010-10-12 00:00:00,12.1,2010-10-12 00:00:00,10,10.4,1874,11581100,126086140,2010-10-12 00:00:00,1
2010-10-13 00:00:00,2010-10-13 00:00:00,11.3,2010-10-13 00:00:00,10.2,10.9,1246,6845400,73468870,2010-10-13 00:00:00,1
2010-10-14 00:00:00,2010-10-14 00:00:00,11.4,2010-10-14 00:00:00,10.8,10.9,568,2763900,30602800,2010-10-14 00:00:00,1
2010-10-15 00:00:00,2010-10-15 00:00:00,11,2010-10-15 00:00:00,10.5,10.8,364,1684600,17914170,2010-10-15 00:00:00,1
2010-10-18 00:00:00,2010-10-18 00:00:00,11,2010-10-18 00:00:00,10.7,10.7,236,1038000,11180710,2010-10-18 00:00:00,1
2010-10-19 00:00:00,2010-10-19 00:00:00,10.9,2010-10-19 00:00:00,10.6,10.8,331,2370400,25498730,2010-10-19 00:00:00,1
2010-10-20 00:00:00,2010-10-20 00:00:00,11,2010-10-20 00:00:00,10.6,10.6,239,1230000,13159910,2010-10-20 00:00:00,1
2010-10-21 00:00:00,2010-10-21 00:00:00,10.8,2010-10-21 00:00:00,10.5,10.6,254,679400,7209140,2010-10-21 00:00:00,1
2010-10-25 00:00:00,2010-10-25 00:00:00,10.6,2010-10-25 00:00:00,10.4,10.4,197,697600,7306320,2010-10-25 00:00:00,1
2010-10-26 00:00:00,2010-10-26 00:00:00,10.5,2010-10-26 00:00:00,10.1,10.3,309,1188400,12137190,2010-10-26 00:00:00,1
2010-10-27 00:00:00,2010-10-27 00:00:00,10.4,2010-10-27 00:00:00,10.1,10.3,151,729400,7434880,2010-10-27 00:00:00,1
2010-10-28 00:00:00,2010-10-28 00:00:00,10.4,2010-10-28 00:00:00,10.1,10.2,187,787800,8043150,2010-10-28 00:00:00,1
2010-10-29 00:00:00,2010-10-29 00:00:00,10.8,2010-10-29 00:00:00,10.2,10.7,328,1986300,20929960,2010-10-29 00:00:00,1
2010-11-01 00:00:00,2010-11-01 00:00:00,10.9,2010-11-01 00:00:00,10.6,10.8,214,1282600,13818620,2010-11-01 00:00:00,1
2010-11-02 00:00:00,2010-11-02 00:00:00,10.9,2010-11-02 00:00:00,10.5,10.6,205,867400,9247470,2010-11-02 00:00:00,1
2010-11-03 00:00:00,2010-11-03 00:00:00,12,2010-11-03 00:00:00,10.4,10.5,350,1243600,13185550,2010-11-03 00:00:00,1
2010-11-04 00:00:00,2010-11-04 00:00:00,10.7,2010-11-04 00:00:00,10.3,10.5,163,645100,6782770,2010-11-04 00:00:00,1
2010-11-08 00:00:00,2010-11-08 00:00:00,10.6,2010-11-08 00:00:00,10.4,10.4,143,374400,3909810,2010-11-08 00:00:00,1
2010-11-09 00:00:00,2010-11-09 00:00:00,10.7,2010-11-09 00:00:00,10.4,10.5,183,624200,6589200,2010-11-09 00:00:00,1
2010-11-10 00:00:00,2010-11-10 00:00:00,10.5,2010-11-10 00:00:00,10.3,10.3,182,450000,4668250,2010-11-10 00:00:00,1
2010-11-11 00:00:00,2010-11-11 00:00:00,10.6,2010-11-11 00:00:00,10.2,10.5,162,496100,5160900,2010-11-11 00:00:00,1
2010-11-12 00:00:00,2010-11-12 00:00:00,10.7,2010-11-12 00:00:00,10.4,10.4,178,730800,7653260,2010-11-12 00:00:00,1
2010-11-15 00:00:00,2010-11-15 00:00:00,10.6,2010-11-15 00:00:00,10.3,10.5,158,675500,7028870,2010-11-15 00:00:00,1
2010-11-16 00:00:00,2010-11-16 00:00:00,10.5,2010-11-16 00:00:00,10.1,10.2,226,823100,8427410,2010-11-16 00:00:00,1
2010-11-18 00:00:00,2010-11-18 00:00:00,10.4,2010-11-18 00:00:00,10.2,10.3,219,1012600,10451050,2010-11-18 00:00:00,1
2010-11-22 00:00:00,2010-11-22 00:00:00,10.5,2010-11-22 00:00:00,10.2,10.3,174,429500,4441570,2010-11-22 00:00:00,1
2010-11-23 00:00:00,2010-11-23 00:00:00,10.3,2010-11-23 00:00:00,10.1,10.2,145,498000,5078000,2010-11-23 00:00:00,1
2010-11-24 00:00:00,2010-11-24 00:00:00,10.4,2010-11-24 00:00:00,10.1,10.2,172,671200,6838350,2010-11-24 00:00:00,1
2010-11-25 00:00:00,2010-11-25 00:00:00,10.4,2010-11-25 00:00:00,10.1,10.1,199,697100,7054040,2010-11-25 00:00:00,1
2010-11-26 00:00:00,2010-11-26 00:00:00,10.2,2010-11-26 00:00:00,10.1,10.1,94,299500,3033810,2010-11-26 00:00:00,1
2010-11-29 00:00:00,2010-11-29 00:00:00,10.2,2010-11-29 00:00:00,9.8,9.9,328,1495400,14941780,2010-11-29 00:00:00,1
2010-11-30 00:00:00,2010-11-30 00:00:00,10.6,2010-11-30 00:00:00,10.2,10.3,360,1989400,20634930,2010-11-30 00:00:00,1
2010-12-01 00:00:00,2010-12-01 00:00:00,10.7,2010-12-01 00:00:00,10.4,10.6,345,3051000,32145060,2010-12-01 00:00:00,1
2010-12-02 00:00:00,2010-12-02 00:00:00,10.8,2010-12-02 00:00:00,10.4,10.5,190,775900,8222420,2010-12-02 00:00:00,1
2010-12-03 00:00:00,2010-12-03 00:00:00,10.7,2010-12-03 00:00:00,10.3,10.5,87,274300,2869000,2010-12-03 00:00:00,1
2010-12-06 00:00:00,2010-12-06 00:00:00,10.6,2010-12-06 00:00:00,10.3,10.4,98,542600,5646420,2010-12-06 00:00:00,1
2010-12-07 00:00:00,2010-12-07 00:00:00,10.4,2010-12-07 00:00:00,10.2,10.3,138,496400,5100190,2010-12-07 00:00:00,1
2010-12-08 00:00:00,2010-12-08 00:00:00,10.4,2010-12-08 00:00:00,10,10.1,189,1089100,11015990,2010-12-08 00:00:00,1
2010-12-09 00:00:00,2010-12-09 00:00:00,10.3,2010-12-09 00:00:00,10.1,10.1,145,342300,3475490,2010-12-09 00:00:00,1
2010-12-10 00:00:00,2010-12-10 00:00:00,10.2,2010-12-10 00:00:00,10,10.1,141,292200,2953340,2010-12-10 00:00:00,1
2010-12-13 00:00:00,2010-12-13 00:00:00,10.3,2010-12-13 00:00:00,10,10,170,651500,6548030,2010-12-13 00:00:00,1
2010-12-14 00:00:00,2010-12-14 00:00:00,10.2,2010-12-14 00:00:00,10,10.1,86,249700,2520960,2010-12-14 00:00:00,1
2010-12-15 00:00:00,2010-12-15 00:00:00,10.1,2010-12-15 00:00:00,10,10,217,782800,7833000,2010-12-15 00:00:00,1
2010-12-16 00:00:00,2010-12-16 00:00:00,10.1,2010-12-16 00:00:00,10,10.1,69,202400,2028200,2010-12-16 00:00:00,1
2010-12-17 00:00:00,2010-12-17 00:00:00,10.2,2010-12-17 00:00:00,9.9,10,311,2288800,22905940,2010-12-17 00:00:00,1
2010-12-21 00:00:00,2010-12-21 00:00:00,10.1,2010-12-21 00:00:00,10,10,208,1115700,11164430,2010-12-21 00:00:00,1
2010-12-22 00:00:00,2010-12-22 00:00:00,10.2,2010-12-22 00:00:00,10,10.1,370,3583400,36196910,2010-12-22 00:00:00,1
2010-12-23 00:00:00,2010-12-23 00:00:00,10.4,2010-12-23 00:00:00,10.2,10.3,177,1948400,20059890,2010-12-23 00:00:00,1
2010-12-24 00:00:00,2010-12-24 00:00:00,10.4,2010-12-24 00:00:00,10.2,10.4,107,1163300,11992320,2010-12-24 00:00:00,1
2010-12-27 00:00:00,2010-12-27 00:00:00,10.8,2010-12-27 00:00:00,10.4,10.6,802,5136500,54521680,2010-12-27 00:00:00,1
2010-12-28 00:00:00,2010-12-28 00:00:00,10.6,2010-12-28 00:00:00,10.4,10.5,259,1327100,13937210,2010-12-28 00:00:00,1
2010-12-29 00:00:00,2010-12-29 00:00:00,10.6,2010-12-29 00:00:00,10.4,10.5,200,1138000,11912470,2010-12-29 00:00:00,1
2010-12-30 00:00:00,2010-12-30 00:00:00,10.6,2010-12-30 00:00:00,10.2,10.5,258,1628500,16843580,2010-12-30 00:00:00,1
2010-12-31 00:00:00,2010-12-31 00:00:00,10.6,2010-12-31 00:00:00,10.4,10.5,184,952200,10047790,2010-12-31 00:00:00,1
Company Id,:  RPBH,Security,Type :  N,Sub Type,:  0000,,,,,
Short Name,:  ROYAL PALMS,,,,,,,,,
Day,Date High,High,Date Low,Low,Closing,No. of Trades,No. of Shares,Turnover,Last Traded,Days Traded
2010-01-04 00:00:00,2010-01-04 00:00:00,61.75,2010-01-04 00:00:00,57.25,60,3,400,23425,2010-01-04 00:00:00,1
2010-01-05 00:00:00,2010-01-05 00:00:00,61,2010-01-05 00:00:00,61,61,1,1000,61000,2010-01-05 00:00:00,1
2010-01-06 00:00:00,2010-01-06 00:00:00,61,2010-01-06 00:00:00,61,61,1,300,18300,2010-01-06 00:00:00,1
2010-01-07 00:00:00,2010-01-07 00:00:00,59,2010-01-07 00:00:00,59,59,3,2500,147500,2010-01-07 00:00:00,1
2010-01-08 00:00:00,2010-01-08 00:00:00,58.5,2010-01-08 00:00:00,58.5,58.5,5,2600,152100,2010-01-08 00:00:00,1
2010-01-11 00:00:00,2010-01-11 00:00:00,59,2010-01-11 00:00:00,58.5,59,2,400,23550,2010-01-11 00:00:00,1
2010-01-12 00:00:00,2010-01-12 00:00:00,59,2010-01-12 00:00:00,56.25,59,4,6000,353450,2010-01-12 00:00:00,1
2010-01-13 00:00:00,2010-01-13 00:00:00,59,2010-01-13 00:00:00,57,57,4,6400,375250,2010-01-13 00:00:00,1
2010-01-15 00:00:00,2010-01-15 00:00:00,60,2010-01-15 00:00:00,57.25,57.25,2,1200,69250,2010-01-15 00:00:00,1
2010-01-18 00:00:00,2010-01-18 00:00:00,57.25,2010-01-18 00:00:00,56.5,57,4,6000,341575,2010-01-18 00:00:00,1
2010-01-20 00:00:00,2010-01-20 00:00:00,57,2010-01-20 00:00:00,57,57,2,5000,285000,2010-01-20 00:00:00,1
2010-01-21 00:00:00,2010-01-21 00:00:00,59.75,2010-01-21 00:00:00,57,59.75,7,6700,394825,2010-01-21 00:00:00,1
2010-01-28 00:00:00,2010-01-28 00:00:00,59.75,2010-01-28 00:00:00,59.75,59.75,2,900,53775,2010-01-28 00:00:00,1
2010-02-03 00:00:00,2010-02-03 00:00:00,58.25,2010-02-03 00:00:00,58,58,3,1100,63825,2010-02-03 00:00:00,1
2010-02-05 00:00:00,2010-02-05 00:00:00,57,2010-02-05 00:00:00,56.75,57,2,900,51200,2010-02-05 00:00:00,1
2010-02-08 00:00:00,2010-02-08 00:00:00,57,2010-02-08 00:00:00,57,57,4,3400,193800,2010-02-08 00:00:00,1
2010-02-09 00:00:00,2010-02-09 00:00:00,57,2010-02-09 00:00:00,57,57,2,600,34200,2010-02-09 00:00:00,1
2010-02-11 00:00:00,2010-02-11 00:00:00,58.5,2010-02-11 00:00:00,58.5,58.5,1,1000,58500,2010-02-11 00:00:00,1
2010-02-12 00:00:00,2010-02-12 00:00:00,58.25,2010-02-12 00:00:00,58.25,58.25,1,500,29125,2010-02-12 00:00:00,1
2010-02-16 00:00:00,2010-02-16 00:00:00,57,2010-02-16 00:00:00,56,56.25,4,2000,113200,2010-02-16 00:00:00,1
2010-02-17 00:00:00,2010-02-17 00:00:00,57.5,2010-02-17 00:00:00,57.5,57.5,1,200,11500,2010-02-17 00:00:00,1
2010-02-19 00:00:00,2010-02-19 00:00:00,56,2010-02-19 00:00:00,54,56,4,3200,178825,2010-02-19 00:00:00,1
2010-02-22 00:00:00,2010-02-22 00:00:00,56,2010-02-22 00:00:00,56,56,2,1200,67200,2010-02-22 00:00:00,1
2010-02-23 00:00:00,2010-02-23 00:00:00,60,2010-02-23 00:00:00,56,60,13,3600,212975,2010-02-23 00:00:00,1
2010-02-25 00:00:00,2010-02-25 00:00:00,64.75,2010-02-25 00:00:00,59.75,62,18,10500,644800,2010-02-25 00:00:00,1
2010-02-26 00:00:00,2010-02-26 00:00:00,60.75,2010-02-26 00:00:00,60.75,60.75,1,1200,72900,2010-02-26 00:00:00,1
2010-03-01 00:00:00,2010-03-01 00:00:00,60.75,2010-03-01 00:00:00,58.5,59.25,7,1800,107875,2010-03-01 00:00:00,1
2010-03-02 00:00:00,2010-03-02 00:00:00,63,2010-03-02 00:00:00,56.5,63,7,2400,140100,2010-03-02 00:00:00,1
2010-03-03 00:00:00,2010-03-03 00:00:00,58.25,2010-03-03 00:00:00,58,58,4,3200,185650,2010-03-03 00:00:00,1
2010-03-04 00:00:00,2010-03-04 00:00:00,58.5,2010-03-04 00:00:00,58.25,58.5,2,600,35025,2010-03-04 00:00:00,1
2010-03-05 00:00:00,2010-03-05 00:00:00,65,2010-03-05 00:00:00,60.75,63.75,17,14300,878250,2010-03-05 00:00:00,1
2010-03-08 00:00:00,2010-03-08 00:00:00,65,2010-03-08 00:00:00,61,63.75,15,4500,288575,2010-03-08 00:00:00,1
2010-03-09 00:00:00,2010-03-09 00:00:00,68,2010-03-09 00:00:00,63.25,64.5,61,31100,2069850,2010-03-09 00:00:00,1
2010-03-10 00:00:00,2010-03-10 00:00:00,66,2010-03-10 00:00:00,64,64.5,14,6600,424300,2010-03-10 00:00:00,1
2010-03-11 00:00:00,2010-03-11 00:00:00,66,2010-03-11 00:00:00,64,64.75,19,5200,339725,2010-03-11 00:00:00,1
2010-03-12 00:00:00,2010-03-12 00:00:00,65.75,2010-03-12 00:00:00,65.5,65.5,4,1800,117925,2010-03-12 00:00:00,1
2010-03-15 00:00:00,2010-03-15 00:00:00,65,2010-03-15 00:00:00,62.5,62.5,3,700,44000,2010-03-15 00:00:00,1
2010-03-16 00:00:00,2010-03-16 00:00:00,63.5,2010-03-16 00:00:00,63.5,63.5,2,400,25400,2010-03-16 00:00:00,1
2010-03-17 00:00:00,2010-03-17 00:00:00,65,2010-03-17 00:00:00,63.5,63.5,3,3600,228900,2010-03-17 00:00:00,1
2010-03-18 00:00:00,2010-03-18 00:00:00,63.5,2010-03-18 00:00:00,63.5,63.5,2,2500,158750,2010-03-18 00:00:00,1
2010-03-19 00:00:00,2010-03-19 00:00:00,62.5,2010-03-19 00:00:00,62.5,62.5,2,300,18750,2010-03-19 00:00:00,1
2010-03-23 00:00:00,2010-03-23 00:00:00,67.75,2010-03-23 00:00:00,63.5,65.5,7,10000,655850,2010-03-23 00:00:00,1
2010-04-01 00:00:00,2010-04-01 00:00:00,58.75,2010-04-01 00:00:00,58,58,3,5400,313525,2010-04-01 00:00:00,1
2010-04-05 00:00:00,2010-04-05 00:00:00,66,2010-04-05 00:00:00,59.5,65.5,2,1100,71950,2010-04-05 00:00:00,1
2010-04-06 00:00:00,2010-04-06 00:00:00,64.75,2010-04-06 00:00:00,59.5,64.75,4,600,38325,2010-04-06 00:00:00,1
2010-04-07 00:00:00,2010-04-07 00:00:00,64.75,2010-04-07 00:00:00,64.75,64.75,1,100,6475,2010-04-07 00:00:00,1
2010-04-08 00:00:00,2010-04-08 00:00:00,64.75,2010-04-08 00:00:00,64.75,64.75,1,100,6475,2010-04-08 00:00:00,1
2010-04-15 00:00:00,2010-04-15 00:00:00,65,2010-04-15 00:00:00,60,64.25,12,5200,333975,2010-04-15 00:00:00,1
2010-04-19 00:00:00,2010-04-19 00:00:00,64.25,2010-04-19 00:00:00,64.25,64.25,2,1500,96375,2010-04-19 00:00:00,1
2010-04-20 00:00:00,2010-04-20 00:00:00,66,2010-04-20 00:00:00,65,65,10,9200,601625,2010-04-20 00:00:00,1
2010-04-21 00:00:00,2010-04-21 00:00:00,65,2010-04-21 00:00:00,65,65,5,1200,78000,2010-04-21 00:00:00,1
2010-04-22 00:00:00,2010-04-22 00:00:00,65,2010-04-22 00:00:00,64.75,65,4,1600,103825,2010-04-22 00:00:00,1
2010-04-23 00:00:00,2010-04-23 00:00:00,67,2010-04-23 00:00:00,66,66.75,15,8600,572900,2010-04-23 00:00:00,1
2010-04-26 00:00:00,2010-04-26 00:00:00,67,2010-04-26 00:00:00,66.25,66.25,11,4400,291625,2010-04-26 00:00:00,1
2010-04-27 00:00:00,2010-04-27 00:00:00,66.5,2010-04-27 00:00:00,65,65,12,3900,255050,2010-04-27 00:00:00,1
2010-04-29 00:00:00,2010-04-29 00:00:00,64,2010-04-29 00:00:00,62.75,63,5,3000,189225,2010-04-29 00:00:00,1
2010-05-03 00:00:00,2010-05-03 00:00:00,63,2010-05-03 00:00:00,63,63,4,3000,189000,2010-05-03 00:00:00,1
2010-05-04 00:00:00,2010-05-04 00:00:00,63,2010-05-04 00:00:00,63,63,1,100,6300,2010-05-04 00:00:00,1
2010-05-05 00:00:00,2010-05-05 00:00:00,64,2010-05-05 00:00:00,63,64,3,500,31700,2010-05-05 00:00:00,1
2010-05-07 00:00:00,2010-05-07 00:00:00,69.25,2010-05-07 00:00:00,67,67.75,44,24700,1702000,2010-05-07 00:00:00,1
2010-05-11 00:00:00,2010-05-11 00:00:00,63.5,2010-05-11 00:00:00,63.5,63.5,2,3200,203200,2010-05-11 00:00:00,1
2010-05-12 00:00:00,2010-05-12 00:00:00,67,2010-05-12 00:00:00,67,67,1,3000,201000,2010-05-12 00:00:00,1
2010-05-17 00:00:00,2010-05-17 00:00:00,65.5,2010-05-17 00:00:00,65.5,65.5,4,4500,294750,2010-05-17 00:00:00,1
2010-05-18 00:00:00,2010-05-18 00:00:00,65.5,2010-05-18 00:00:00,65,65.5,2,1100,72000,2010-05-18 00:00:00,1
2010-05-19 00:00:00,2010-05-19 00:00:00,65,2010-05-19 00:00:00,64,64,7,3400,219500,2010-05-19 00:00:00,1
2010-05-20 00:00:00,2010-05-20 00:00:00,68.75,2010-05-20 00:00:00,64,66.75,4,5600,373350,2010-05-20 00:00:00,1
2010-05-25 00:00:00,2010-05-25 00:00:00,66.75,2010-05-25 00:00:00,66,66.5,4,1600,106150,2010-05-25 00:00:00,1
2010-05-26 00:00:00,2010-05-26 00:00:00,66.5,2010-05-26 00:00:00,63.5,66.5,3,300,19650,2010-05-26 00:00:00,1
2010-06-01 00:00:00,2010-06-01 00:00:00,63.5,2010-06-01 00:00:00,63.5,63.5,4,800,50800,2010-06-01 00:00:00,1
2010-06-02 00:00:00,2010-06-02 00:00:00,65,2010-06-02 00:00:00,64.75,65,4,3800,246925,2010-06-02 00:00:00,1
2010-06-03 00:00:00,2010-06-03 00:00:00,65.25,2010-06-03 00:00:00,65,65,4,1400,91025,2010-06-03 00:00:00,1
2010-06-04 00:00:00,2010-06-04 00:00:00,74,2010-06-04 00:00:00,65.5,70.25,54,44600,3135800,2010-06-04 00:00:00,1
2010-06-07 00:00:00,2010-06-07 00:00:00,74,2010-06-07 00:00:00,70.25,70.25,6,2400,169525,2010-06-07 00:00:00,1
2010-06-08 00:00:00,2010-06-08 00:00:00,72,2010-06-08 00:00:00,70.25,72,5,6100,437525,2010-06-08 00:00:00,1
2010-06-09 00:00:00,2010-06-09 00:00:00,72,2010-06-09 00:00:00,70,71,5,3900,276400,2010-06-09 00:00:00,1
2010-06-10 00:00:00,2010-06-10 00:00:00,71,2010-06-10 00:00:00,71,71,1,300,21300,2010-06-10 00:00:00,1
2010-06-11 00:00:00,2010-06-11 00:00:00,71,2010-06-11 00:00:00,68,68.75,9,3100,212850,2010-06-11 00:00:00,1
2010-06-14 00:00:00,2010-06-14 00:00:00,67,2010-06-14 00:00:00,67,67,1,100,6700,2010-06-14 00:00:00,1
2010-06-15 00:00:00,2010-06-15 00:00:00,68,2010-06-15 00:00:00,67,68,5,2200,148875,2010-06-15 00:00:00,1
2010-06-16 00:00:00,2010-06-16 00:00:00,68,2010-06-16 00:00:00,67,67.5,6,2600,174975,2010-06-16 00:00:00,1
2010-06-17 00:00:00,2010-06-17 00:00:00,68,2010-06-17 00:00:00,67,67,2,400,27100,2010-06-17 00:00:00,1
2010-06-21 00:00:00,2010-06-21 00:00:00,67,2010-06-21 00:00:00,67,67,1,100,6700,2010-06-21 00:00:00,1
2010-06-22 00:00:00,2010-06-22 00:00:00,67,2010-06-22 00:00:00,66,66,4,1300,86100,2010-06-22 00:00:00,1
2010-06-23 00:00:00,2010-06-23 00:00:00,68,2010-06-23 00:00:00,68,68,2,1000,68000,2010-06-23 00:00:00,1
2010-06-24 00:00:00,2010-06-24 00:00:00,65.75,2010-06-24 00:00:00,65.5,65.5,2,500,32800,2010-06-24 00:00:00,1
2010-06-28 00:00:00,2010-06-28 00:00:00,65.5,2010-06-28 00:00:00,65.5,65.5,2,400,26200,2010-06-28 00:00:00,1
2010-06-29 00:00:00,2010-06-29 00:00:00,66,2010-06-29 00:00:00,66,66,2,1000,66000,2010-06-29 00:00:00,1
2010-06-30 00:00:00,2010-06-30 00:00:00,64.5,2010-06-30 00:00:00,64.5,64.5,1,100,6450,2010-06-30 00:00:00,1
2010-07-01 00:00:00,2010-07-01 00:00:00,66.25,2010-07-01 00:00:00,65.25,66,9,1300,85675,2010-07-01 00:00:00,1
2010-07-02 00:00:00,2010-07-02 00:00:00,65.75,2010-07-02 00:00:00,65.75,65.75,1,1000,65750,2010-07-02 00:00:00,1
2010-07-07 00:00:00,2010-07-07 00:00:00,65.75,2010-07-07 00:00:00,65.75,65.75,1,200,13150,2010-07-07 00:00:00,1
2010-07-08 00:00:00,2010-07-08 00:00:00,67,2010-07-08 00:00:00,67,67,2,1100,73700,2010-07-08 00:00:00,1
2010-07-09 00:00:00,2010-07-09 00:00:00,65,2010-07-09 00:00:00,65,65,1,100,6500,2010-07-09 00:00:00,1
2010-07-13 00:00:00,2010-07-13 00:00:00,65.75,2010-07-13 00:00:00,65.75,65.75,1,100,6575,2010-07-13 00:00:00,1
2010-07-14 00:00:00,2010-07-14 00:00:00,69,2010-07-14 00:00:00,66.75,68.75,2,700,48075,2010-07-14 00:00:00,1
2010-07-15 00:00:00,2010-07-15 00:00:00,68.75,2010-07-15 00:00:00,67.75,68,6,3200,218325,2010-07-15 00:00:00,1
2010-07-16 00:00:00,2010-07-16 00:00:00,69,2010-07-16 00:00:00,69,69,2,300,20700,2010-07-16 00:00:00,1
2010-07-19 00:00:00,2010-07-19 00:00:00,67.5,2010-07-19 00:00:00,67.5,67.5,2,400,27000,2010-07-19 00:00:00,1
2010-07-20 00:00:00,2010-07-20 00:00:00,75,2010-07-20 00:00:00,69,72.25,23,21000,1503925,2010-07-20 00:00:00,1
2010-07-21 00:00:00,2010-07-21 00:00:00,80,2010-07-21 00:00:00,77,77.75,23,16400,1292050,2010-07-21 00:00:00,1
2010-07-22 00:00:00,2010-07-22 00:00:00,76,2010-07-22 00:00:00,70.25,74,10,6800,506575,2010-07-22 00:00:00,1
2010-07-23 00:00:00,2010-07-23 00:00:00,75.5,2010-07-23 00:00:00,74,74,5,4300,322850,2010-07-23 00:00:00,1
2010-07-26 00:00:00,2010-07-26 00:00:00,75.5,2010-07-26 00:00:00,73.25,74.25,6,3400,251825,2010-07-26 00:00:00,1
2010-07-27 00:00:00,2010-07-27 00:00:00,75,2010-07-27 00:00:00,73.5,74.75,5,1800,133850,2010-07-27 00:00:00,1
2010-07-28 00:00:00,2010-07-28 00:00:00,85,2010-07-28 00:00:00,75.5,82,51,57800,4554750,2010-07-28 00:00:00,1
2010-07-29 00:00:00,2010-07-29 00:00:00,85,2010-07-29 00:00:00,82,82.5,19,31500,2659675,2010-07-29 00:00:00,1
2010-07-30 00:00:00,2010-07-30 00:00:00,95,2010-07-30 00:00:00,82.75,89,40,29300,2603350,2010-07-30 00:00:00,1
2010-08-02 00:00:00,2010-08-02 00:00:00,92.5,2010-08-02 00:00:00,86.5,86.8,11,6300,565200,2010-08-02 00:00:00,1
2010-08-03 00:00:00,2010-08-03 00:00:00,87,2010-08-03 00:00:00,86.7,86.7,5,1200,104190,2010-08-03 00:00:00,1
2010-08-04 00:00:00,2010-08-04 00:00:00,87,2010-08-04 00:00:00,87,87,2,1100,95700,2010-08-04 00:00:00,1
2010-08-05 00:00:00,2010-08-05 00:00:00,87,2010-08-05 00:00:00,87,87,17,25600,2227200,2010-08-05 00:00:00,1
2010-08-06 00:00:00,2010-08-06 00:00:00,95,2010-08-06 00:00:00,88,90,7,28900,2726450,2010-08-06 00:00:00,1
2010-08-09 00:00:00,2010-08-09 00:00:00,89,2010-08-09 00:00:00,81,82,14,2900,235710,2010-08-09 00:00:00,1
2010-08-10 00:00:00,2010-08-10 00:00:00,87,2010-08-10 00:00:00,84,87,11,9000,760000,2010-08-10 00:00:00,1
2010-08-17 00:00:00,2010-08-17 00:00:00,87,2010-08-17 00:00:00,87,87,1,1000,87000,2010-08-17 00:00:00,1
2010-08-19 00:00:00,2010-08-19 00:00:00,92.8,2010-08-19 00:00:00,80,91.5,52,42400,3814940,2010-08-19 00:00:00,1
2010-08-20 00:00:00,2010-08-20 00:00:00,92.5,2010-08-20 00:00:00,90,90,11,17200,1569500,2010-08-20 00:00:00,1
2010-08-23 00:00:00,2010-08-23 00:00:00,90,2010-08-23 00:00:00,90,90,5,3300,297000,2010-08-23 00:00:00,1
2010-08-25 00:00:00,2010-08-25 00:00:00,91,2010-08-25 00:00:00,89,89.3,8,7000,631950,2010-08-25 00:00:00,1
2010-08-26 00:00:00,2010-08-26 00:00:00,90,2010-08-26 00:00:00,88,90,8,2200,194000,2010-08-26 00:00:00,1
2010-08-27 00:00:00,2010-08-27 00:00:00,95.5,2010-08-27 00:00:00,90,93.3,13,3400,313640,2010-08-27 00:00:00,1
2010-08-30 00:00:00,2010-08-30 00:00:00,91.5,2010-08-30 00:00:00,90,90.3,20,13900,1262060,2010-08-30 00:00:00,1
2010-08-31 00:00:00,2010-08-31 00:00:00,90.5,2010-08-31 00:00:00,88.8,90,13,14100,1269130,2010-08-31 00:00:00,1
2010-09-01 00:00:00,2010-09-01 00:00:00,90,2010-09-01 00:00:00,90,90,3,4000,360000,2010-09-01 00:00:00,1
2010-09-02 00:00:00,2010-09-02 00:00:00,99,2010-09-02 00:00:00,93,96.1,29,45400,4343120,2010-09-02 00:00:00,1
2010-09-03 00:00:00,2010-09-03 00:00:00,100,2010-09-03 00:00:00,96.1,99,20,18200,1804170,2010-09-03 00:00:00,1
2010-09-06 00:00:00,2010-09-06 00:00:00,92,2010-09-06 00:00:00,92,92,6,5000,460000,2010-09-06 00:00:00,1
2010-09-07 00:00:00,2010-09-07 00:00:00,92,2010-09-07 00:00:00,92,92,1,200,18400,2010-09-07 00:00:00,1
2010-09-08 00:00:00,2010-09-08 00:00:00,101,2010-09-08 00:00:00,91.9,92,15,20000,1891800,2010-09-08 00:00:00,1
2010-09-09 00:00:00,2010-09-09 00:00:00,94.5,2010-09-09 00:00:00,94,94.1,5,14800,1392750,2010-09-09 00:00:00,1
2010-09-13 00:00:00,2010-09-13 00:00:00,94,2010-09-13 00:00:00,91,91.5,8,8800,809180,2010-09-13 00:00:00,1
2010-09-14 00:00:00,2010-09-14 00:00:00,92.2,2010-09-14 00:00:00,92,92.2,5,1200,110600,2010-09-14 00:00:00,1
2010-09-15 00:00:00,2010-09-15 00:00:00,92,2010-09-15 00:00:00,90,90,6,7300,657200,2010-09-15 00:00:00,1
2010-09-17 00:00:00,2010-09-17 00:00:00,95.8,2010-09-17 00:00:00,90,94.8,24,13300,1224810,2010-09-17 00:00:00,1
2010-09-21 00:00:00,2010-09-21 00:00:00,94,2010-09-21 00:00:00,90,91.1,2,700,63800,2010-09-21 00:00:00,1
2010-09-23 00:00:00,2010-09-23 00:00:00,99,2010-09-23 00:00:00,91,94.2,19,14000,1341690,2010-09-23 00:00:00,1
2010-09-24 00:00:00,2010-09-24 00:00:00,95,2010-09-24 00:00:00,92,92,4,900,84290,2010-09-24 00:00:00,1
2010-09-27 00:00:00,2010-09-27 00:00:00,92.6,2010-09-27 00:00:00,92.5,92.6,3,4200,388860,2010-09-27 00:00:00,1
2010-09-28 00:00:00,2010-09-28 00:00:00,91.5,2010-09-28 00:00:00,91,91.5,4,1400,127530,2010-09-28 00:00:00,1
2010-09-29 00:00:00,2010-09-29 00:00:00,91.5,2010-09-29 00:00:00,85.5,88.5,2,200,17700,2010-09-29 00:00:00,1
2010-09-30 00:00:00,2010-09-30 00:00:00,92,2010-09-30 00:00:00,88.5,89.5,3,700,62650,2010-09-30 00:00:00,1
2010-10-05 00:00:00,2010-10-05 00:00:00,92,2010-10-05 00:00:00,86.6,92,4,500,43840,2010-10-05 00:00:00,1
2010-10-07 00:00:00,2010-10-07 00:00:00,86.6,2010-10-07 00:00:00,86.6,86.6,3,2100,181860,2010-10-07 00:00:00,1
2010-10-11 00:00:00,2010-10-11 00:00:00,87,2010-10-11 00:00:00,87,87,4,7300,635100,2010-10-11 00:00:00,1
2010-10-13 00:00:00,2010-10-13 00:00:00,75.1,2010-10-13 00:00:00,75.1,75.1,1,100,7510,2010-10-13 00:00:00,1
2010-10-14 00:00:00,2010-10-14 00:00:00,92,2010-10-14 00:00:00,83,90.3,9,2500,224250,2010-10-14 00:00:00,1
2010-10-15 00:00:00,2010-10-15 00:00:00,89.6,2010-10-15 00:00:00,89,89.3,2,1900,169700,2010-10-15 00:00:00,1
2010-10-19 00:00:00,2010-10-19 00:00:00,97,2010-10-19 00:00:00,91,95.9,13,8800,835950,2010-10-19 00:00:00,1
2010-10-21 00:00:00,2010-10-21 00:00:00,100,2010-10-21 00:00:00,95.9,98,18,19400,1899920,2010-10-21 00:00:00,1
2010-10-26 00:00:00,2010-10-26 00:00:00,84,2010-10-26 00:00:00,84,84,3,300,25200,2010-10-26 00:00:00,1
2010-10-27 00:00:00,2010-10-27 00:00:00,90,2010-10-27 00:00:00,89,89.5,2,200,17900,2010-10-27 00:00:00,1
2010-10-29 00:00:00,2010-10-29 00:00:00,95.5,2010-10-29 00:00:00,90,95,10,11300,1068320,2010-10-29 00:00:00,1
2010-11-03 00:00:00,2010-11-03 00:00:00,88,2010-11-03 00:00:00,88,88,1,100,8800,2010-11-03 00:00:00,1
2010-11-04 00:00:00,2010-11-04 00:00:00,95,2010-11-04 00:00:00,90.1,94.2,5,1500,141970,2010-11-04 00:00:00,1
2010-11-08 00:00:00,2010-11-08 00:00:00,91,2010-11-08 00:00:00,90.1,90.9,3,3300,300120,2010-11-08 00:00:00,1
2010-11-09 00:00:00,2010-11-09 00:00:00,90.1,2010-11-09 00:00:00,90,90,2,300,27020,2010-11-09 00:00:00,1
2010-11-11 00:00:00,2010-11-11 00:00:00,91,2010-11-11 00:00:00,89,89.9,3,900,80900,2010-11-11 00:00:00,1
2010-11-12 00:00:00,2010-11-12 00:00:00,90,2010-11-12 00:00:00,90,90,2,3200,288000,2010-11-12 00:00:00,1
2010-11-16 00:00:00,2010-11-16 00:00:00,89,2010-11-16 00:00:00,88,88,5,2800,247100,2010-11-16 00:00:00,1
2010-11-18 00:00:00,2010-11-18 00:00:00,88,2010-11-18 00:00:00,88,88,1,100,8800,2010-11-18 00:00:00,1
2010-11-23 00:00:00,2010-11-23 00:00:00,88,2010-11-23 00:00:00,88,88,1,1000,88000,2010-11-23 00:00:00,1
2010-11-30 00:00:00,2010-11-30 00:00:00,88,2010-11-30 00:00:00,85,85.1,7,4400,374600,2010-11-30 00:00:00,1
2010-12-01 00:00:00,2010-12-01 00:00:00,89,2010-12-01 00:00:00,85,85.7,13,6300,539820,2010-12-01 00:00:00,1
2010-12-03 00:00:00,2010-12-03 00:00:00,84,2010-12-03 00:00:00,84,84,1,500,42000,2010-12-03 00:00:00,1
2010-12-08 00:00:00,2010-12-08 00:00:00,84,2010-12-08 00:00:00,84,84,1,500,42000,2010-12-08 00:00:00,1
2010-12-13 00:00:00,2010-12-13 00:00:00,82.5,2010-12-13 00:00:00,80,82.5,8,4300,344520,2010-12-13 00:00:00,1
2010-12-15 00:00:00,2010-12-15 00:00:00,89.9,2010-12-15 00:00:00,84.5,84.7,5,2700,228690,2010-12-15 00:00:00,1
2010-12-17 00:00:00,2010-12-17 00:00:00,84.7,2010-12-17 00:00:00,84.7,84.7,1,100,8470,2010-12-17 00:00:00,1
2010-12-23 00:00:00,2010-12-23 00:00:00,90,2010-12-23 00:00:00,84.7,90,5,1100,98070,2010-12-23 00:00:00,1
2010-12-24 00:00:00,2010-12-24 00:00:00,81.1,2010-12-24 00:00:00,81.1,81.1,1,600,48660,2010-12-24 00:00:00,1
2010-12-27 00:00:00,2010-12-27 00:00:00,90,2010-12-27 00:00:00,90,90,1,100,9000,2010-12-27 00:00:00,1
2010-12-29 00:00:00,2010-12-29 00:00:00,90,2010-12-29 00:00:00,89.9,90,2,900,80940,2010-12-29 00:00:00,1
Company Id,:  RWSL,Security,Type :  N,Sub Type,:  0000,,,,,
Short Name,:  RAIGAM SALTERNS,,,,,,,,,
Day,Date High,High,Date Low,Low,Closing,No. of Trades,No. of Shares,Turnover,Last Traded,Days Traded
2010-04-29 00:00:00,2010-04-29 00:00:00,5.25,2010-04-29 00:00:00,4,4.2,7930,52428200,242497555,2010-04-29 00:00:00,1
2010-04-30 00:00:00,2010-04-30 00:00:00,4.4,2010-04-30 00:00:00,4.1,4.3,778,6168800,26437070,2010-04-30 00:00:00,1
2010-05-03 00:00:00,2010-05-03 00:00:00,4.5,2010-05-03 00:00:00,4.2,4.3,572,6421100,28144100,2010-05-03 00:00:00,1
2010-05-04 00:00:00,2010-05-04 00:00:00,4.3,2010-05-04 00:00:00,4.1,4.2,274,1507600,6333070,2010-05-04 00:00:00,1
2010-05-05 00:00:00,2010-05-05 00:00:00,4.3,2010-05-05 00:00:00,4.1,4.2,326,2071400,8695910,2010-05-05 00:00:00,1
2010-05-06 00:00:00,2010-05-06 00:00:00,4.3,2010-05-06 00:00:00,4.1,4.2,276,2322900,9756160,2010-05-06 00:00:00,1
2010-05-07 00:00:00,2010-05-07 00:00:00,4.3,2010-05-07 00:00:00,4.1,4.2,379,2237100,9358950,2010-05-07 00:00:00,1
2010-05-10 00:00:00,2010-05-10 00:00:00,4.3,2010-05-10 00:00:00,4.1,4.1,259,2459300,10307660,2010-05-10 00:00:00,1
2010-05-11 00:00:00,2010-05-11 00:00:00,4.2,2010-05-11 00:00:00,4.1,4.2,265,1831200,7665550,2010-05-11 00:00:00,1
2010-05-12 00:00:00,2010-05-12 00:00:00,4.4,2010-05-12 00:00:00,4.1,4.3,269,1588400,6817510,2010-05-12 00:00:00,1
2010-05-13 00:00:00,2010-05-13 00:00:00,4.3,2010-05-13 00:00:00,4.2,4.2,93,430100,1840000,2010-05-13 00:00:00,1
2010-05-14 00:00:00,2010-05-14 00:00:00,4.2,2010-05-14 00:00:00,4.1,4.2,77,187500,776240,2010-05-14 00:00:00,1
2010-05-17 00:00:00,2010-05-17 00:00:00,4.2,2010-05-17 00:00:00,4.1,4.1,76,231900,963030,2010-05-17 00:00:00,1
2010-05-18 00:00:00,2010-05-18 00:00:00,4.3,2010-05-18 00:00:00,4.1,4.2,89,479400,2013880,2010-05-18 00:00:00,1
2010-05-19 00:00:00,2010-05-19 00:00:00,4.2,2010-05-19 00:00:00,4.1,4.2,91,586000,2460500,2010-05-19 00:00:00,1
2010-05-20 00:00:00,2010-05-20 00:00:00,4.2,2010-05-20 00:00:00,4.1,4.2,71,539600,2265820,2010-05-20 00:00:00,1
2010-05-21 00:00:00,2010-05-21 00:00:00,4.2,2010-05-21 00:00:00,4.1,4.2,52,310900,1294860,2010-05-21 00:00:00,1
2010-05-24 00:00:00,2010-05-24 00:00:00,4.2,2010-05-24 00:00:00,4.1,4.2,119,889200,3702060,2010-05-24 00:00:00,1
2010-05-25 00:00:00,2010-05-25 00:00:00,4.2,2010-05-25 00:00:00,4.1,4.2,87,667700,2787870,2010-05-25 00:00:00,1
2010-05-26 00:00:00,2010-05-26 00:00:00,4.5,2010-05-26 00:00:00,4.2,4.2,164,1176800,5149800,2010-05-26 00:00:00,1
2010-05-31 00:00:00,2010-05-31 00:00:00,4.4,2010-05-31 00:00:00,4.2,4.2,69,280200,1186890,2010-05-31 00:00:00,1
2010-06-01 00:00:00,2010-06-01 00:00:00,4.3,2010-06-01 00:00:00,4.1,4.2,62,361700,1519070,2010-06-01 00:00:00,1
2010-06-02 00:00:00,2010-06-02 00:00:00,4.3,2010-06-02 00:00:00,4.1,4.2,29,531600,2232170,2010-06-02 00:00:00,1
2010-06-03 00:00:00,2010-06-03 00:00:00,4.2,2010-06-03 00:00:00,4.1,4.1,40,96500,400910,2010-06-03 00:00:00,1
2010-06-04 00:00:00,2010-06-04 00:00:00,4.2,2010-06-04 00:00:00,4.1,4.1,47,349800,1434500,2010-06-04 00:00:00,1
2010-06-07 00:00:00,2010-06-07 00:00:00,4.2,2010-06-07 00:00:00,4.1,4.1,49,371500,1525450,2010-06-07 00:00:00,1
2010-06-08 00:00:00,2010-06-08 00:00:00,4.2,2010-06-08 00:00:00,4.1,4.1,68,1036400,4249490,2010-06-08 00:00:00,1
2010-06-09 00:00:00,2010-06-09 00:00:00,4.2,2010-06-09 00:00:00,4.1,4.1,23,125600,515400,2010-06-09 00:00:00,1
2010-06-10 00:00:00,2010-06-10 00:00:00,4.2,2010-06-10 00:00:00,4.1,4.2,122,650400,2723760,2010-06-10 00:00:00,1
2010-06-11 00:00:00,2010-06-11 00:00:00,4.2,2010-06-11 00:00:00,4.1,4.1,78,529800,2218240,2010-06-11 00:00:00,1
2010-06-14 00:00:00,2010-06-14 00:00:00,4.2,2010-06-14 00:00:00,4,4,117,506500,2075340,2010-06-14 00:00:00,1
2010-06-15 00:00:00,2010-06-15 00:00:00,4.1,2010-06-15 00:00:00,4.1,4.1,45,187900,770390,2010-06-15 00:00:00,1
2010-06-16 00:00:00,2010-06-16 00:00:00,4.2,2010-06-16 00:00:00,4.1,4.1,52,186300,763840,2010-06-16 00:00:00,1
2010-06-17 00:00:00,2010-06-17 00:00:00,4.1,2010-06-17 00:00:00,4,4.1,18,38800,157530,2010-06-17 00:00:00,1
2010-06-21 00:00:00,2010-06-21 00:00:00,4.1,2010-06-21 00:00:00,4,4,61,261400,1047940,2010-06-21 00:00:00,1
2010-06-22 00:00:00,2010-06-22 00:00:00,4.1,2010-06-22 00:00:00,4,4,82,378200,1513460,2010-06-22 00:00:00,1
2010-06-23 00:00:00,2010-06-23 00:00:00,4,2010-06-23 00:00:00,3.9,3.9,77,517700,2063270,2010-06-23 00:00:00,1
2010-06-24 00:00:00,2010-06-24 00:00:00,4,2010-06-24 00:00:00,3.9,4,57,126300,494780,2010-06-24 00:00:00,1
2010-06-28 00:00:00,2010-06-28 00:00:00,4,2010-06-28 00:00:00,3.9,3.9,48,108900,425610,2010-06-28 00:00:00,1
2010-06-29 00:00:00,2010-06-29 00:00:00,4.4,2010-06-29 00:00:00,3.9,4.3,486,5215300,22184960,2010-06-29 00:00:00,1
2010-06-30 00:00:00,2010-06-30 00:00:00,4.4,2010-06-30 00:00:00,4,4.2,81,354700,1495310,2010-06-30 00:00:00,1
2010-07-01 00:00:00,2010-07-01 00:00:00,4.2,2010-07-01 00:00:00,4.1,4.1,40,301900,1240820,2010-07-01 00:00:00,1
2010-07-02 00:00:00,2010-07-02 00:00:00,4.2,2010-07-02 00:00:00,4,4.1,79,464800,1918610,2010-07-02 00:00:00,1
2010-07-05 00:00:00,2010-07-05 00:00:00,4.2,2010-07-05 00:00:00,4,4.1,57,667400,2736140,2010-07-05 00:00:00,1
2010-07-06 00:00:00,2010-07-06 00:00:00,4.1,2010-07-06 00:00:00,4,4,55,362800,1453360,2010-07-06 00:00:00,1
2010-07-07 00:00:00,2010-07-07 00:00:00,4.1,2010-07-07 00:00:00,3.9,3.9,97,1269300,4957240,2010-07-07 00:00:00,1
2010-07-08 00:00:00,2010-07-08 00:00:00,4,2010-07-08 00:00:00,3.9,4,44,111100,444070,2010-07-08 00:00:00,1
2010-07-09 00:00:00,2010-07-09 00:00:00,4,2010-07-09 00:00:00,3.9,3.9,64,531800,2085190,2010-07-09 00:00:00,1
2010-07-12 00:00:00,2010-07-12 00:00:00,4,2010-07-12 00:00:00,3.9,4,38,110000,435630,2010-07-12 00:00:00,1
2010-07-13 00:00:00,2010-07-13 00:00:00,4,2010-07-13 00:00:00,4,4,35,49000,196000,2010-07-13 00:00:00,1
2010-07-14 00:00:00,2010-07-14 00:00:00,4,2010-07-14 00:00:00,3.9,4,18,34400,136800,2010-07-14 00:00:00,1
2010-07-15 00:00:00,2010-07-15 00:00:00,4.1,2010-07-15 00:00:00,3.9,4,51,133600,534390,2010-07-15 00:00:00,1
2010-07-16 00:00:00,2010-07-16 00:00:00,4,2010-07-16 00:00:00,4,4,23,50100,200400,2010-07-16 00:00:00,1
2010-07-19 00:00:00,2010-07-19 00:00:00,4.1,2010-07-19 00:00:00,3.9,4,52,129800,516960,2010-07-19 00:00:00,1
2010-07-20 00:00:00,2010-07-20 00:00:00,4.1,2010-07-20 00:00:00,3.9,4,39,77000,307970,2010-07-20 00:00:00,1
2010-07-21 00:00:00,2010-07-21 00:00:00,4.5,2010-07-21 00:00:00,4,4.5,622,5950200,25860600,2010-07-21 00:00:00,1
2010-07-22 00:00:00,2010-07-22 00:00:00,4.5,2010-07-22 00:00:00,4.2,4.2,93,898400,3857030,2010-07-22 00:00:00,1
2010-07-23 00:00:00,2010-07-23 00:00:00,4.2,2010-07-23 00:00:00,4.1,4.1,34,233800,965840,2010-07-23 00:00:00,1
2010-07-26 00:00:00,2010-07-26 00:00:00,4.3,2010-07-26 00:00:00,4,4.1,83,1508900,6257430,2010-07-26 00:00:00,1
2010-07-27 00:00:00,2010-07-27 00:00:00,4.2,2010-07-27 00:00:00,4.1,4.1,41,162700,667690,2010-07-27 00:00:00,1
2010-07-28 00:00:00,2010-07-28 00:00:00,4.2,2010-07-28 00:00:00,4.1,4.2,42,257800,1065840,2010-07-28 00:00:00,1
2010-07-29 00:00:00,2010-07-29 00:00:00,4.2,2010-07-29 00:00:00,4.1,4.1,29,117800,488690,2010-07-29 00:00:00,1
2010-07-30 00:00:00,2010-07-30 00:00:00,4.1,2010-07-30 00:00:00,4,4,39,178900,731450,2010-07-30 00:00:00,1
2010-08-02 00:00:00,2010-08-02 00:00:00,4.1,2010-08-02 00:00:00,4,4,67,604600,2429850,2010-08-02 00:00:00,1
2010-08-03 00:00:00,2010-08-03 00:00:00,4.1,2010-08-03 00:00:00,4,4.1,31,109600,448660,2010-08-03 00:00:00,1
2010-08-04 00:00:00,2010-08-04 00:00:00,4.1,2010-08-04 00:00:00,4,4,69,312900,1258950,2010-08-04 00:00:00,1
2010-08-05 00:00:00,2010-08-05 00:00:00,4,2010-08-05 00:00:00,3.6,4,61,411700,1599590,2010-08-05 00:00:00,1
2010-08-06 00:00:00,2010-08-06 00:00:00,3.9,2010-08-06 00:00:00,3.8,3.9,65,320900,1238530,2010-08-06 00:00:00,1
2010-08-09 00:00:00,2010-08-09 00:00:00,3.8,2010-08-09 00:00:00,3.6,3.6,97,428900,1560070,2010-08-09 00:00:00,1
2010-08-10 00:00:00,2010-08-10 00:00:00,3.9,2010-08-10 00:00:00,3.3,3.9,60,163900,591790,2010-08-10 00:00:00,1
2010-08-11 00:00:00,2010-08-11 00:00:00,4.1,2010-08-11 00:00:00,3.9,3.9,70,169500,673170,2010-08-11 00:00:00,1
2010-08-12 00:00:00,2010-08-12 00:00:00,3.9,2010-08-12 00:00:00,3.8,3.9,37,83300,321180,2010-08-12 00:00:00,1
2010-08-13 00:00:00,2010-08-13 00:00:00,4,2010-08-13 00:00:00,3.8,3.9,36,127800,493610,2010-08-13 00:00:00,1
2010-08-16 00:00:00,2010-08-16 00:00:00,4,2010-08-16 00:00:00,3.8,3.8,31,148400,575330,2010-08-16 00:00:00,1
2010-08-17 00:00:00,2010-08-17 00:00:00,4,2010-08-17 00:00:00,3.9,3.9,44,236500,922560,2010-08-17 00:00:00,1
2010-08-18 00:00:00,2010-08-18 00:00:00,4,2010-08-18 00:00:00,3.9,3.9,27,56500,221890,2010-08-18 00:00:00,1
2010-08-19 00:00:00,2010-08-19 00:00:00,4,2010-08-19 00:00:00,3.9,3.9,49,199900,781700,2010-08-19 00:00:00,1
2010-08-20 00:00:00,2010-08-20 00:00:00,4,2010-08-20 00:00:00,3.9,3.9,24,78500,306250,2010-08-20 00:00:00,1
2010-08-23 00:00:00,2010-08-23 00:00:00,4,2010-08-23 00:00:00,3.8,3.9,29,74900,287530,2010-08-23 00:00:00,1
2010-08-25 00:00:00,2010-08-25 00:00:00,4,2010-08-25 00:00:00,3.9,3.9,41,61700,240880,2010-08-25 00:00:00,1
2010-08-26 00:00:00,2010-08-26 00:00:00,3.9,2010-08-26 00:00:00,3.8,3.8,30,72500,278860,2010-08-26 00:00:00,1
2010-08-27 00:00:00,2010-08-27 00:00:00,3.9,2010-08-27 00:00:00,3.8,3.8,34,114900,439130,2010-08-27 00:00:00,1
2010-08-30 00:00:00,2010-08-30 00:00:00,3.9,2010-08-30 00:00:00,3.8,3.8,17,20400,79130,2010-08-30 00:00:00,1
2010-08-31 00:00:00,2010-08-31 00:00:00,3.9,2010-08-31 00:00:00,3.8,3.9,43,132200,513310,2010-08-31 00:00:00,1
2010-09-01 00:00:00,2010-09-01 00:00:00,3.9,2010-09-01 00:00:00,3.8,3.8,33,166000,632070,2010-09-01 00:00:00,1
2010-09-02 00:00:00,2010-09-02 00:00:00,3.9,2010-09-02 00:00:00,3.8,3.8,22,43900,167670,2010-09-02 00:00:00,1
2010-09-03 00:00:00,2010-09-03 00:00:00,4.1,2010-09-03 00:00:00,3.8,4,124,830300,3342140,2010-09-03 00:00:00,1
2010-09-06 00:00:00,2010-09-06 00:00:00,4,2010-09-06 00:00:00,3.9,3.9,34,169600,668300,2010-09-06 00:00:00,1
2010-09-07 00:00:00,2010-09-07 00:00:00,4,2010-09-07 00:00:00,3.9,3.9,33,103900,405540,2010-09-07 00:00:00,1
2010-09-08 00:00:00,2010-09-08 00:00:00,4,2010-09-08 00:00:00,3.9,4,25,79000,308180,2010-09-08 00:00:00,1
2010-09-09 00:00:00,2010-09-09 00:00:00,4.1,2010-09-09 00:00:00,3.9,4,80,806500,3225390,2010-09-09 00:00:00,1
2010-09-13 00:00:00,2010-09-13 00:00:00,4.1,2010-09-13 00:00:00,3.9,3.9,26,81700,322710,2010-09-13 00:00:00,1
2010-09-14 00:00:00,2010-09-14 00:00:00,4.1,2010-09-14 00:00:00,3.9,4,61,296700,1184340,2010-09-14 00:00:00,1
2010-09-15 00:00:00,2010-09-15 00:00:00,4,2010-09-15 00:00:00,3.8,3.8,78,1023500,3920880,2010-09-15 00:00:00,1
2010-09-16 00:00:00,2010-09-16 00:00:00,4,2010-09-16 00:00:00,3.7,3.8,88,815100,3143050,2010-09-16 00:00:00,1
2010-09-17 00:00:00,2010-09-17 00:00:00,4,2010-09-17 00:00:00,3.8,3.9,48,323300,1258970,2010-09-17 00:00:00,1
2010-09-20 00:00:00,2010-09-20 00:00:00,4,2010-09-20 00:00:00,3.9,3.9,59,522800,2052080,2010-09-20 00:00:00,1
2010-09-21 00:00:00,2010-09-21 00:00:00,4,2010-09-21 00:00:00,3.8,3.8,64,986700,3774950,2010-09-21 00:00:00,1
2010-09-23 00:00:00,2010-09-23 00:00:00,3.9,2010-09-23 00:00:00,3.8,3.8,65,824600,3145340,2010-09-23 00:00:00,1
2010-09-24 00:00:00,2010-09-24 00:00:00,3.9,2010-09-24 00:00:00,3.7,3.7,90,1244000,4668710,2010-09-24 00:00:00,1
2010-09-27 00:00:00,2010-09-27 00:00:00,3.9,2010-09-27 00:00:00,3.7,3.8,80,975200,3710750,2010-09-27 00:00:00,1
2010-09-28 00:00:00,2010-09-28 00:00:00,3.9,2010-09-28 00:00:00,3.7,3.8,47,242400,921150,2010-09-28 00:00:00,1
2010-09-29 00:00:00,2010-09-29 00:00:00,4.5,2010-09-29 00:00:00,3.8,4.3,373,4022300,16838140,2010-09-29 00:00:00,1
2010-09-30 00:00:00,2010-09-30 00:00:00,4.6,2010-09-30 00:00:00,4.3,4.5,617,11011100,48939020,2010-09-30 00:00:00,1
2010-10-01 00:00:00,2010-10-01 00:00:00,4.7,2010-10-01 00:00:00,4.5,4.5,326,3866700,17660190,2010-10-01 00:00:00,1
2010-10-04 00:00:00,2010-10-04 00:00:00,4.6,2010-10-04 00:00:00,4.1,4.4,241,1898600,8278560,2010-10-04 00:00:00,1
2010-10-05 00:00:00,2010-10-05 00:00:00,4.4,2010-10-05 00:00:00,4.2,4.2,90,423100,1826910,2010-10-05 00:00:00,1
2010-10-06 00:00:00,2010-10-06 00:00:00,4.2,2010-10-06 00:00:00,4.1,4.1,62,269400,1110020,2010-10-06 00:00:00,1
2010-10-07 00:00:00,2010-10-07 00:00:00,4.3,2010-10-07 00:00:00,4,4.1,53,375600,1532220,2010-10-07 00:00:00,1
2010-10-08 00:00:00,2010-10-08 00:00:00,4.3,2010-10-08 00:00:00,3.9,4.2,48,302400,1240790,2010-10-08 00:00:00,1
2010-10-11 00:00:00,2010-10-11 00:00:00,4.4,2010-10-11 00:00:00,4.1,4.2,49,372000,1603210,2010-10-11 00:00:00,1
2010-10-12 00:00:00,2010-10-12 00:00:00,4,2010-10-12 00:00:00,3.8,3.9,80,488100,1910050,2010-10-12 00:00:00,1
2010-10-13 00:00:00,2010-10-13 00:00:00,4,2010-10-13 00:00:00,3.7,4,82,1092200,4161480,2010-10-13 00:00:00,1
2010-10-14 00:00:00,2010-10-14 00:00:00,4,2010-10-14 00:00:00,3.9,3.9,26,366200,1452350,2010-10-14 00:00:00,1
2010-10-15 00:00:00,2010-10-15 00:00:00,4,2010-10-15 00:00:00,3.9,3.9,36,262700,1025430,2010-10-15 00:00:00,1
2010-10-18 00:00:00,2010-10-18 00:00:00,3.9,2010-10-18 00:00:00,3.8,3.8,13,95600,364140,2010-10-18 00:00:00,1
2010-10-19 00:00:00,2010-10-19 00:00:00,4.1,2010-10-19 00:00:00,3.8,4,84,981200,3910490,2010-10-19 00:00:00,1
2010-10-20 00:00:00,2010-10-20 00:00:00,4,2010-10-20 00:00:00,3.9,4,11,14200,56090,2010-10-20 00:00:00,1
2010-10-21 00:00:00,2010-10-21 00:00:00,4,2010-10-21 00:00:00,3.9,4,15,34200,134780,2010-10-21 00:00:00,1
2010-10-25 00:00:00,2010-10-25 00:00:00,4,2010-10-25 00:00:00,3.8,3.9,36,303500,1157500,2010-10-25 00:00:00,1
2010-10-26 00:00:00,2010-10-26 00:00:00,3.9,2010-10-26 00:00:00,3.8,3.8,21,61400,235560,2010-10-26 00:00:00,1
2010-10-27 00:00:00,2010-10-27 00:00:00,3.8,2010-10-27 00:00:00,3.7,3.8,12,32000,121050,2010-10-27 00:00:00,1
2010-10-28 00:00:00,2010-10-28 00:00:00,3.9,2010-10-28 00:00:00,3.8,3.8,14,28300,107620,2010-10-28 00:00:00,1
2010-10-29 00:00:00,2010-10-29 00:00:00,4,2010-10-29 00:00:00,3.8,3.9,65,343700,1359960,2010-10-29 00:00:00,1
2010-11-01 00:00:00,2010-11-01 00:00:00,4,2010-11-01 00:00:00,3.9,3.9,20,123900,483770,2010-11-01 00:00:00,1
2010-11-02 00:00:00,2010-11-02 00:00:00,4.1,2010-11-02 00:00:00,3.9,4,59,437100,1755470,2010-11-02 00:00:00,1
2010-11-03 00:00:00,2010-11-03 00:00:00,4.1,2010-11-03 00:00:00,4,4,45,215100,860410,2010-11-03 00:00:00,1
2010-11-04 00:00:00,2010-11-04 00:00:00,4.1,2010-11-04 00:00:00,4,4,24,201600,806470,2010-11-04 00:00:00,1
2010-11-08 00:00:00,2010-11-08 00:00:00,4,2010-11-08 00:00:00,3.9,4,18,125000,499400,2010-11-08 00:00:00,1
2010-11-09 00:00:00,2010-11-09 00:00:00,3.9,2010-11-09 00:00:00,3.8,3.9,31,302800,1180270,2010-11-09 00:00:00,1
2010-11-10 00:00:00,2010-11-10 00:00:00,3.9,2010-11-10 00:00:00,3.7,3.8,56,454700,1718000,2010-11-10 00:00:00,1
2010-11-11 00:00:00,2010-11-11 00:00:00,3.9,2010-11-11 00:00:00,3.8,3.9,17,56700,216160,2010-11-11 00:00:00,1
2010-11-12 00:00:00,2010-11-12 00:00:00,3.9,2010-11-12 00:00:00,3.8,3.8,32,155800,596260,2010-11-12 00:00:00,1
2010-11-15 00:00:00,2010-11-15 00:00:00,3.9,2010-11-15 00:00:00,3.7,3.8,52,157100,598400,2010-11-15 00:00:00,1
2010-11-16 00:00:00,2010-11-16 00:00:00,3.8,2010-11-16 00:00:00,3.8,3.8,29,100000,380000,2010-11-16 00:00:00,1
2010-11-18 00:00:00,2010-11-18 00:00:00,4,2010-11-18 00:00:00,3.8,3.9,72,1165800,4497750,2010-11-18 00:00:00,1
2010-11-22 00:00:00,2010-11-22 00:00:00,3.9,2010-11-22 00:00:00,3.8,3.8,22,183700,706780,2010-11-22 00:00:00,1
2010-11-23 00:00:00,2010-11-23 00:00:00,3.8,2010-11-23 00:00:00,3.7,3.8,40,475500,1805360,2010-11-23 00:00:00,1
2010-11-24 00:00:00,2010-11-24 00:00:00,4,2010-11-24 00:00:00,3.7,4,89,1308700,5231320,2010-11-24 00:00:00,1
2010-11-25 00:00:00,2010-11-25 00:00:00,4,2010-11-25 00:00:00,3.8,3.8,39,314500,1203100,2010-11-25 00:00:00,1
2010-11-26 00:00:00,2010-11-26 00:00:00,3.9,2010-11-26 00:00:00,3.8,3.8,12,139000,530660,2010-11-26 00:00:00,1
2010-11-29 00:00:00,2010-11-29 00:00:00,3.8,2010-11-29 00:00:00,3.7,3.7,18,133100,495780,2010-11-29 00:00:00,1
2010-11-30 00:00:00,2010-11-30 00:00:00,4.1,2010-11-30 00:00:00,3.8,4,79,1340900,5313510,2010-11-30 00:00:00,1
2010-12-01 00:00:00,2010-12-01 00:00:00,4.4,2010-12-01 00:00:00,4,4.1,173,2932200,12201570,2010-12-01 00:00:00,1
2010-12-02 00:00:00,2010-12-02 00:00:00,4.2,2010-12-02 00:00:00,4,4.1,63,870700,3613510,2010-12-02 00:00:00,1
2010-12-03 00:00:00,2010-12-03 00:00:00,4.1,2010-12-03 00:00:00,4,4,15,89100,363450,2010-12-03 00:00:00,1
2010-12-06 00:00:00,2010-12-06 00:00:00,4.1,2010-12-06 00:00:00,4,4,33,589000,2366100,2010-12-06 00:00:00,1
2010-12-07 00:00:00,2010-12-07 00:00:00,4,2010-12-07 00:00:00,3.9,4,24,253900,1014860,2010-12-07 00:00:00,1
2010-12-08 00:00:00,2010-12-08 00:00:00,4,2010-12-08 00:00:00,3.8,3.9,15,93800,366060,2010-12-08 00:00:00,1
2010-12-09 00:00:00,2010-12-09 00:00:00,4,2010-12-09 00:00:00,3.8,3.8,39,202100,783150,2010-12-09 00:00:00,1
2010-12-10 00:00:00,2010-12-10 00:00:00,4,2010-12-10 00:00:00,3.9,3.9,12,9800,38530,2010-12-10 00:00:00,1
2010-12-13 00:00:00,2010-12-13 00:00:00,3.9,2010-12-13 00:00:00,3.8,3.9,32,241500,932510,2010-12-13 00:00:00,1
2010-12-14 00:00:00,2010-12-14 00:00:00,3.9,2010-12-14 00:00:00,3.8,3.8,69,281700,1071790,2010-12-14 00:00:00,1
2010-12-15 00:00:00,2010-12-15 00:00:00,3.9,2010-12-15 00:00:00,3.8,3.8,30,97000,368610,2010-12-15 00:00:00,1
2010-12-16 00:00:00,2010-12-16 00:00:00,3.9,2010-12-16 00:00:00,3.8,3.9,21,159700,611930,2010-12-16 00:00:00,1
2010-12-17 00:00:00,2010-12-17 00:00:00,3.9,2010-12-17 00:00:00,3.8,3.9,16,57600,224140,2010-12-17 00:00:00,1
2010-12-21 00:00:00,2010-12-21 00:00:00,4,2010-12-21 00:00:00,3.8,3.9,8,20000,77780,2010-12-21 00:00:00,1
2010-12-22 00:00:00,2010-12-22 00:00:00,4,2010-12-22 00:00:00,3.8,4,43,436800,1745250,2010-12-22 00:00:00,1
2010-12-23 00:00:00,2010-12-23 00:00:00,4.1,2010-12-23 00:00:00,3.9,4,40,154800,619100,2010-12-23 00:00:00,1
2010-12-24 00:00:00,2010-12-24 00:00:00,4,2010-12-24 00:00:00,3.9,3.9,4,8500,33710,2010-12-24 00:00:00,1
2010-12-27 00:00:00,2010-12-27 00:00:00,4.1,2010-12-27 00:00:00,4,4,26,58800,235240,2010-12-27 00:00:00,1
2010-12-28 00:00:00,2010-12-28 00:00:00,4.1,2010-12-28 00:00:00,3.9,4,38,479300,1915480,2010-12-28 00:00:00,1
2010-12-29 00:00:00,2010-12-29 00:00:00,4,2010-12-29 00:00:00,3.9,4,18,149800,597990,2010-12-29 00:00:00,1
2010-12-30 00:00:00,2010-12-30 00:00:00,4,2010-12-30 00:00:00,3.8,3.9,34,373000,1454200,2010-12-30 00:00:00,1
2010-12-31 00:00:00,2010-12-31 00:00:00,4,2010-12-31 00:00:00,3.9,4,18,359600,1434900,2010-12-31 00:00:00,1
Company Id,:  SAMP,Security,Type :  N,Sub Type,:  0000,,,,,
Short Name,:  SAMPATH,,,,,,,,,
Day,Date High,High,Date Low,Low,Closing,No. of Trades,No. of Shares,Turnover,Last Traded,Days Traded
2010-01-04 00:00:00,2010-01-04 00:00:00,222,2010-01-04 00:00:00,201,219.25,92,100200,21599100,2010-01-04 00:00:00,1
2010-01-05 00:00:00,2010-01-05 00:00:00,226.25,2010-01-05 00:00:00,219,220.25,87,133400,29577850,2010-01-05 00:00:00,1
2010-01-06 00:00:00,2010-01-06 00:00:00,220.5,2010-01-06 00:00:00,216,218,17,27500,6025750,2010-01-06 00:00:00,1
2010-01-07 00:00:00,2010-01-07 00:00:00,220,2010-01-07 00:00:00,217,220,53,78600,17230225,2010-01-07 00:00:00,1
2010-01-08 00:00:00,2010-01-08 00:00:00,224,2010-01-08 00:00:00,218,222,27,27300,6052350,2010-01-08 00:00:00,1
2010-01-11 00:00:00,2010-01-11 00:00:00,223.5,2010-01-11 00:00:00,222,222,31,118000,26197500,2010-01-11 00:00:00,1
2010-01-12 00:00:00,2010-01-12 00:00:00,222,2010-01-12 00:00:00,217,219.75,37,106300,23458975,2010-01-12 00:00:00,1
2010-01-13 00:00:00,2010-01-13 00:00:00,219.25,2010-01-13 00:00:00,218,218.25,2,700,152850,2010-01-13 00:00:00,1
2010-01-15 00:00:00,2010-01-15 00:00:00,219.25,2010-01-15 00:00:00,217,217.75,31,25300,5529650,2010-01-15 00:00:00,1
2010-01-18 00:00:00,2010-01-18 00:00:00,217.75,2010-01-18 00:00:00,215,215.5,42,89300,19247100,2010-01-18 00:00:00,1
2010-01-19 00:00:00,2010-01-19 00:00:00,215.5,2010-01-19 00:00:00,212.5,213.5,40,92100,19784775,2010-01-19 00:00:00,1
2010-01-20 00:00:00,2010-01-20 00:00:00,214.25,2010-01-20 00:00:00,213,214.25,21,18100,3873625,2010-01-20 00:00:00,1
2010-01-21 00:00:00,2010-01-21 00:00:00,220,2010-01-21 00:00:00,213.5,220,38,157100,33804350,2010-01-21 00:00:00,1
2010-01-22 00:00:00,2010-01-22 00:00:00,220,2010-01-22 00:00:00,217,217,25,53900,11839550,2010-01-22 00:00:00,1
2010-01-25 00:00:00,2010-01-25 00:00:00,220,2010-01-25 00:00:00,215,215.5,31,33000,7163600,2010-01-25 00:00:00,1
2010-01-26 00:00:00,2010-01-26 00:00:00,219,2010-01-26 00:00:00,216,217.5,19,28100,6111400,2010-01-26 00:00:00,1
2010-01-28 00:00:00,2010-01-28 00:00:00,222,2010-01-28 00:00:00,215.5,220,85,200200,44009275,2010-01-28 00:00:00,1
2010-02-01 00:00:00,2010-02-01 00:00:00,260,2010-02-01 00:00:00,225,230,290,133200,31218300,2010-02-01 00:00:00,1
2010-02-02 00:00:00,2010-02-02 00:00:00,244.75,2010-02-02 00:00:00,228,229.25,84,75800,17525775,2010-02-02 00:00:00,1
2010-02-03 00:00:00,2010-02-03 00:00:00,230,2010-02-03 00:00:00,225,225.25,44,28600,6488025,2010-02-03 00:00:00,1
2010-02-05 00:00:00,2010-02-05 00:00:00,225,2010-02-05 00:00:00,224,224.75,29,32600,7326550,2010-02-05 00:00:00,1
2010-02-08 00:00:00,2010-02-08 00:00:00,226,2010-02-08 00:00:00,223,224.75,28,32200,7240600,2010-02-08 00:00:00,1
2010-02-09 00:00:00,2010-02-09 00:00:00,225,2010-02-09 00:00:00,220.5,224.75,31,81900,18228000,2010-02-09 00:00:00,1
2010-02-10 00:00:00,2010-02-10 00:00:00,221,2010-02-10 00:00:00,220,220.25,24,21500,4734125,2010-02-10 00:00:00,1
2010-02-11 00:00:00,2010-02-11 00:00:00,220,2010-02-11 00:00:00,216,216.75,19,5100,1110500,2010-02-11 00:00:00,1
2010-02-12 00:00:00,2010-02-12 00:00:00,220,2010-02-12 00:00:00,215,215.75,33,35000,7560250,2010-02-12 00:00:00,1
2010-02-15 00:00:00,2010-02-15 00:00:00,215.5,2010-02-15 00:00:00,210,212.5,23,115800,24898625,2010-02-15 00:00:00,1
2010-02-16 00:00:00,2010-02-16 00:00:00,213.5,2010-02-16 00:00:00,211,212.25,13,54000,11595375,2010-02-16 00:00:00,1
2010-02-17 00:00:00,2010-02-17 00:00:00,224,2010-02-17 00:00:00,213,220.25,36,1452500,319535150,2010-02-17 00:00:00,1
2010-02-18 00:00:00,2010-02-18 00:00:00,230,2010-02-18 00:00:00,224.75,227.75,43,21400,4874050,2010-02-18 00:00:00,1
2010-02-19 00:00:00,2010-02-19 00:00:00,230,2010-02-19 00:00:00,224,229,4,2300,526950,2010-02-19 00:00:00,1
2010-02-22 00:00:00,2010-02-22 00:00:00,229.75,2010-02-22 00:00:00,220.25,228.5,22,26500,5967350,2010-02-22 00:00:00,1
2010-02-23 00:00:00,2010-02-23 00:00:00,232,2010-02-23 00:00:00,229.75,231,25,17100,3936750,2010-02-23 00:00:00,1
2010-02-24 00:00:00,2010-02-24 00:00:00,232,2010-02-24 00:00:00,230,230.25,35,9700,2234825,2010-02-24 00:00:00,1
2010-02-25 00:00:00,2010-02-25 00:00:00,233,2010-02-25 00:00:00,230.5,230.5,34,69300,15987000,2010-02-25 00:00:00,1
2010-02-26 00:00:00,2010-02-26 00:00:00,239,2010-02-26 00:00:00,230.5,236.5,40,23500,5553875,2010-02-26 00:00:00,1
2010-03-01 00:00:00,2010-03-01 00:00:00,240,2010-03-01 00:00:00,238,238.5,49,19300,4612225,2010-03-01 00:00:00,1
2010-03-02 00:00:00,2010-03-02 00:00:00,239,2010-03-02 00:00:00,237,237.5,30,11700,2783525,2010-03-02 00:00:00,1
2010-03-03 00:00:00,2010-03-03 00:00:00,241,2010-03-03 00:00:00,237,240.25,45,32500,7722875,2010-03-03 00:00:00,1
2010-03-04 00:00:00,2010-03-04 00:00:00,241.75,2010-03-04 00:00:00,240,240.25,23,12100,2912400,2010-03-04 00:00:00,1
2010-03-05 00:00:00,2010-03-05 00:00:00,242.75,2010-03-05 00:00:00,239.5,241.25,73,475000,114951900,2010-03-05 00:00:00,1
2010-03-08 00:00:00,2010-03-08 00:00:00,243,2010-03-08 00:00:00,239,240,37,62800,15064600,2010-03-08 00:00:00,1
2010-03-09 00:00:00,2010-03-09 00:00:00,242,2010-03-09 00:00:00,239,240,29,44000,10557075,2010-03-09 00:00:00,1
2010-03-10 00:00:00,2010-03-10 00:00:00,242.75,2010-03-10 00:00:00,239.75,240,36,40100,9624175,2010-03-10 00:00:00,1
2010-03-11 00:00:00,2010-03-11 00:00:00,240.5,2010-03-11 00:00:00,239,239.75,26,26300,6312150,2010-03-11 00:00:00,1
2010-03-12 00:00:00,2010-03-12 00:00:00,241,2010-03-12 00:00:00,240,240.25,15,5600,1344150,2010-03-12 00:00:00,1
2010-03-15 00:00:00,2010-03-15 00:00:00,243,2010-03-15 00:00:00,239,239,48,40200,9683925,2010-03-15 00:00:00,1
2010-03-26 00:00:00,2010-03-26 00:00:00,228,2010-03-26 00:00:00,212.5,227.75,70,106800,24170125,2010-03-26 00:00:00,1
2010-03-30 00:00:00,2010-03-30 00:00:00,228.75,2010-03-30 00:00:00,226,228.25,23,31000,7035300,2010-03-30 00:00:00,1
2010-03-31 00:00:00,2010-03-31 00:00:00,222.75,2010-03-31 00:00:00,221.25,222,38,52200,11572875,2010-03-31 00:00:00,1
2010-04-01 00:00:00,2010-04-01 00:00:00,223,2010-04-01 00:00:00,222,222.5,41,117600,26113175,2010-04-01 00:00:00,1
2010-04-05 00:00:00,2010-04-05 00:00:00,225,2010-04-05 00:00:00,222,224,33,15000,3361200,2010-04-05 00:00:00,1
2010-04-06 00:00:00,2010-04-06 00:00:00,231,2010-04-06 00:00:00,225,229.75,45,45000,10281400,2010-04-06 00:00:00,1
2010-04-07 00:00:00,2010-04-07 00:00:00,236,2010-04-07 00:00:00,231,234.75,45,125900,29070000,2010-04-07 00:00:00,1
2010-04-08 00:00:00,2010-04-08 00:00:00,239.75,2010-04-08 00:00:00,225.25,235.25,26,447200,103075100,2010-04-08 00:00:00,1
2010-04-12 00:00:00,2010-04-12 00:00:00,243.75,2010-04-12 00:00:00,232,235,72,756000,174692225,2010-04-12 00:00:00,1
2010-04-15 00:00:00,2010-04-15 00:00:00,237,2010-04-15 00:00:00,235,235,30,35200,8290250,2010-04-15 00:00:00,1
2010-04-16 00:00:00,2010-04-16 00:00:00,240,2010-04-16 00:00:00,236,238.25,11,2300,546900,2010-04-16 00:00:00,1
2010-04-19 00:00:00,2010-04-19 00:00:00,255,2010-04-19 00:00:00,238.5,254,108,132800,33204300,2010-04-19 00:00:00,1
2010-04-20 00:00:00,2010-04-20 00:00:00,260,2010-04-20 00:00:00,251,256,104,1326400,332542250,2010-04-20 00:00:00,1
2010-04-21 00:00:00,2010-04-21 00:00:00,285,2010-04-21 00:00:00,256,274.5,105,73300,19678975,2010-04-21 00:00:00,1
2010-04-22 00:00:00,2010-04-22 00:00:00,285,2010-04-22 00:00:00,250,279.75,116,302700,84565350,2010-04-22 00:00:00,1
2010-04-23 00:00:00,2010-04-23 00:00:00,290,2010-04-23 00:00:00,281,284.75,55,38700,11078475,2010-04-23 00:00:00,1
2010-04-26 00:00:00,2010-04-26 00:00:00,287.5,2010-04-26 00:00:00,285,285.25,45,22900,6559625,2010-04-26 00:00:00,1
2010-04-27 00:00:00,2010-04-27 00:00:00,285,2010-04-27 00:00:00,280,285,24,83700,23847550,2010-04-27 00:00:00,1
2010-04-29 00:00:00,2010-04-29 00:00:00,285,2010-04-29 00:00:00,275,279.5,25,39300,11169000,2010-04-29 00:00:00,1
2010-04-30 00:00:00,2010-04-30 00:00:00,294,2010-04-30 00:00:00,280.5,290.25,74,84400,24477900,2010-04-30 00:00:00,1
2010-05-03 00:00:00,2010-05-03 00:00:00,291,2010-05-03 00:00:00,290,290,51,126500,36687550,2010-05-03 00:00:00,1
2010-05-04 00:00:00,2010-05-04 00:00:00,290,2010-05-04 00:00:00,285,286.75,49,33500,9619900,2010-05-04 00:00:00,1
2010-05-05 00:00:00,2010-05-05 00:00:00,285,2010-05-05 00:00:00,280,281.25,17,80900,23044825,2010-05-05 00:00:00,1
2010-05-06 00:00:00,2010-05-06 00:00:00,281,2010-05-06 00:00:00,275,277.25,16,34400,9541650,2010-05-06 00:00:00,1
2010-05-07 00:00:00,2010-05-07 00:00:00,280,2010-05-07 00:00:00,276,278.25,67,48500,13516750,2010-05-07 00:00:00,1
2010-05-10 00:00:00,2010-05-10 00:00:00,285,2010-05-10 00:00:00,280,282.25,32,93200,26298775,2010-05-10 00:00:00,1
2010-05-11 00:00:00,2010-05-11 00:00:00,287,2010-05-11 00:00:00,285,285.25,29,33600,9581050,2010-05-11 00:00:00,1
2010-05-12 00:00:00,2010-05-12 00:00:00,285,2010-05-12 00:00:00,270,281.5,24,6100,1702475,2010-05-12 00:00:00,1
2010-05-13 00:00:00,2010-05-13 00:00:00,283,2010-05-13 00:00:00,280,281.75,8,4700,1325500,2010-05-13 00:00:00,1
2010-05-14 00:00:00,2010-05-14 00:00:00,285,2010-05-14 00:00:00,281,284.75,21,18300,5199350,2010-05-14 00:00:00,1
2010-05-17 00:00:00,2010-05-17 00:00:00,284,2010-05-17 00:00:00,281,283.25,21,47700,13428275,2010-05-17 00:00:00,1
2010-05-18 00:00:00,2010-05-18 00:00:00,285,2010-05-18 00:00:00,283,285,28,194400,55045825,2010-05-18 00:00:00,1
2010-05-19 00:00:00,2010-05-19 00:00:00,289,2010-05-19 00:00:00,283,283.25,20,32900,9319700,2010-05-19 00:00:00,1
2010-05-20 00:00:00,2010-05-20 00:00:00,286,2010-05-20 00:00:00,283,285,24,39000,11093700,2010-05-20 00:00:00,1
2010-05-21 00:00:00,2010-05-21 00:00:00,286.5,2010-05-21 00:00:00,283.25,284,42,385300,109423475,2010-05-21 00:00:00,1
2010-05-24 00:00:00,2010-05-24 00:00:00,286,2010-05-24 00:00:00,280,281,25,26200,7419475,2010-05-24 00:00:00,1
2010-05-25 00:00:00,2010-05-25 00:00:00,283,2010-05-25 00:00:00,280.25,280.25,13,35300,9949950,2010-05-25 00:00:00,1
2010-05-26 00:00:00,2010-05-26 00:00:00,285,2010-05-26 00:00:00,280,283.75,22,159500,45409100,2010-05-26 00:00:00,1
2010-05-31 00:00:00,2010-05-31 00:00:00,290,2010-05-31 00:00:00,285,287.5,30,23000,6643450,2010-05-31 00:00:00,1
2010-06-01 00:00:00,2010-06-01 00:00:00,290.25,2010-06-01 00:00:00,287.5,290,32,22100,6401575,2010-06-01 00:00:00,1
2010-06-02 00:00:00,2010-06-02 00:00:00,299.5,2010-06-02 00:00:00,290,298.75,87,468500,140308075,2010-06-02 00:00:00,1
2010-06-03 00:00:00,2010-06-03 00:00:00,312,2010-06-03 00:00:00,300,310.25,88,96200,29425275,2010-06-03 00:00:00,1
2010-06-04 00:00:00,2010-06-04 00:00:00,345,2010-06-04 00:00:00,312,339.5,141,160000,53416225,2010-06-04 00:00:00,1
2010-06-07 00:00:00,2010-06-07 00:00:00,355,2010-06-07 00:00:00,345,351.5,234,321900,113081850,2010-06-07 00:00:00,1
2010-06-08 00:00:00,2010-06-08 00:00:00,362,2010-06-08 00:00:00,350,351,95,140000,49569150,2010-06-08 00:00:00,1
2010-06-09 00:00:00,2010-06-09 00:00:00,350,2010-06-09 00:00:00,347.5,350,38,39200,13719500,2010-06-09 00:00:00,1
2010-06-10 00:00:00,2010-06-10 00:00:00,349.5,2010-06-10 00:00:00,348,348.5,27,32400,11294950,2010-06-10 00:00:00,1
2010-06-11 00:00:00,2010-06-11 00:00:00,350,2010-06-11 00:00:00,345,345.75,38,33400,11616600,2010-06-11 00:00:00,1
2010-06-14 00:00:00,2010-06-14 00:00:00,348,2010-06-14 00:00:00,341,344.75,20,18500,6426850,2010-06-14 00:00:00,1
2010-06-15 00:00:00,2010-06-15 00:00:00,345,2010-06-15 00:00:00,340,340,24,34000,11652000,2010-06-15 00:00:00,1
2010-06-16 00:00:00,2010-06-16 00:00:00,340,2010-06-16 00:00:00,335,335.75,32,37700,12701150,2010-06-16 00:00:00,1
2010-06-17 00:00:00,2010-06-17 00:00:00,337,2010-06-17 00:00:00,325,336,23,11800,3949000,2010-06-17 00:00:00,1
2010-06-21 00:00:00,2010-06-21 00:00:00,336.5,2010-06-21 00:00:00,330.25,334.75,50,47200,15816250,2010-06-21 00:00:00,1
2010-06-22 00:00:00,2010-06-22 00:00:00,333,2010-06-22 00:00:00,329.5,330.25,41,74500,24739225,2010-06-22 00:00:00,1
2010-06-23 00:00:00,2010-06-23 00:00:00,330,2010-06-23 00:00:00,324,326.75,69,2376200,760996775,2010-06-23 00:00:00,1
2010-06-24 00:00:00,2010-06-24 00:00:00,360,2010-06-24 00:00:00,329,358.25,230,923100,306835925,2010-06-24 00:00:00,1
2010-06-28 00:00:00,2010-06-28 00:00:00,395,2010-06-28 00:00:00,364,365,329,425900,158131100,2010-06-28 00:00:00,1
2010-06-29 00:00:00,2010-06-29 00:00:00,370,2010-06-29 00:00:00,360,362.75,118,174900,64189800,2010-06-29 00:00:00,1
2010-06-30 00:00:00,2010-06-30 00:00:00,364.75,2010-06-30 00:00:00,358,359.25,67,50700,18275725,2010-06-30 00:00:00,1
2010-07-01 00:00:00,2010-07-01 00:00:00,364,2010-07-01 00:00:00,355,355.25,49,62100,22251700,2010-07-01 00:00:00,1
2010-07-02 00:00:00,2010-07-02 00:00:00,356.25,2010-07-02 00:00:00,351.25,354.5,36,17800,6321200,2010-07-02 00:00:00,1
2010-07-05 00:00:00,2010-07-05 00:00:00,351,2010-07-05 00:00:00,347,347,84,105000,36569250,2010-07-05 00:00:00,1
2010-07-06 00:00:00,2010-07-06 00:00:00,348,2010-07-06 00:00:00,342,343.25,68,153600,52698725,2010-07-06 00:00:00,1
2010-07-07 00:00:00,2010-07-07 00:00:00,341,2010-07-07 00:00:00,330.25,338.25,87,236900,80058350,2010-07-07 00:00:00,1
2010-07-08 00:00:00,2010-07-08 00:00:00,341,2010-07-08 00:00:00,330,334.5,217,"6,145,100    2",",018,309,050.00",2010-07-08 00:00:00,1
2010-07-09 00:00:00,2010-07-09 00:00:00,350,2010-07-09 00:00:00,333,334.5,53,222800,76137975,2010-07-09 00:00:00,1
2010-07-12 00:00:00,2010-07-12 00:00:00,339,2010-07-12 00:00:00,335,338.5,43,34200,11559400,2010-07-12 00:00:00,1
2010-07-13 00:00:00,2010-07-13 00:00:00,345,2010-07-13 00:00:00,340,340,62,80200,27273450,2010-07-13 00:00:00,1
2010-07-14 00:00:00,2010-07-14 00:00:00,342,2010-07-14 00:00:00,338,340,88,579200,194823175,2010-07-14 00:00:00,1
2010-07-15 00:00:00,2010-07-15 00:00:00,340,2010-07-15 00:00:00,338,339.75,52,103600,35095775,2010-07-15 00:00:00,1
2010-07-16 00:00:00,2010-07-16 00:00:00,340,2010-07-16 00:00:00,338,338.75,50,57500,19515475,2010-07-16 00:00:00,1
2010-07-19 00:00:00,2010-07-19 00:00:00,340,2010-07-19 00:00:00,337.5,339.25,36,16100,5450950,2010-07-19 00:00:00,1
2010-07-20 00:00:00,2010-07-20 00:00:00,344,2010-07-20 00:00:00,340,343,48,212100,72115800,2010-07-20 00:00:00,1
2010-07-21 00:00:00,2010-07-21 00:00:00,345,2010-07-21 00:00:00,342,343.25,48,60800,20831950,2010-07-21 00:00:00,1
2010-07-22 00:00:00,2010-07-22 00:00:00,350,2010-07-22 00:00:00,345,347.75,29,26700,9307550,2010-07-22 00:00:00,1
2010-07-23 00:00:00,2010-07-23 00:00:00,361,2010-07-23 00:00:00,348.75,360,123,318300,113932050,2010-07-23 00:00:00,1
2010-07-26 00:00:00,2010-07-26 00:00:00,365,2010-07-26 00:00:00,360,365,80,85800,31155925,2010-07-26 00:00:00,1
2010-07-27 00:00:00,2010-07-27 00:00:00,369,2010-07-27 00:00:00,364,365.5,37,30600,11173675,2010-07-27 00:00:00,1
2010-07-28 00:00:00,2010-07-28 00:00:00,380,2010-07-28 00:00:00,366,378.75,112,308000,115205100,2010-07-28 00:00:00,1
2010-07-29 00:00:00,2010-07-29 00:00:00,390,2010-07-29 00:00:00,370,377.5,89,119700,45270625,2010-07-29 00:00:00,1
2010-07-30 00:00:00,2010-07-30 00:00:00,376,2010-07-30 00:00:00,371,372.75,48,49700,18572375,2010-07-30 00:00:00,1
2010-08-02 00:00:00,2010-08-02 00:00:00,372.8,2010-08-02 00:00:00,360.1,371,45,45700,16886380,2010-08-02 00:00:00,1
2010-08-03 00:00:00,2010-08-03 00:00:00,372,2010-08-03 00:00:00,367.9,369,50,63200,23389120,2010-08-03 00:00:00,1
2010-08-04 00:00:00,2010-08-04 00:00:00,370,2010-08-04 00:00:00,369,370,34,39800,14724700,2010-08-04 00:00:00,1
2010-08-05 00:00:00,2010-08-05 00:00:00,373,2010-08-05 00:00:00,355.5,366.7,66,48600,17818220,2010-08-05 00:00:00,1
2010-08-06 00:00:00,2010-08-06 00:00:00,373,2010-08-06 00:00:00,360,363,99,41400,15183410,2010-08-06 00:00:00,1
2010-08-09 00:00:00,2010-08-09 00:00:00,364,2010-08-09 00:00:00,342.5,351.5,94,37800,13239550,2010-08-09 00:00:00,1
2010-08-10 00:00:00,2010-08-10 00:00:00,370,2010-08-10 00:00:00,342,369.8,104,74400,27121230,2010-08-10 00:00:00,1
2010-08-11 00:00:00,2010-08-11 00:00:00,370,2010-08-11 00:00:00,363,364.9,73,96100,35440710,2010-08-11 00:00:00,1
2010-08-12 00:00:00,2010-08-12 00:00:00,379,2010-08-12 00:00:00,360,365,96,51700,18876110,2010-08-12 00:00:00,1
2010-08-13 00:00:00,2010-08-13 00:00:00,370,2010-08-13 00:00:00,355.1,367.5,89,127500,46879650,2010-08-13 00:00:00,1
2010-08-16 00:00:00,2010-08-16 00:00:00,372,2010-08-16 00:00:00,368,369.2,61,84300,31157670,2010-08-16 00:00:00,1
2010-08-17 00:00:00,2010-08-17 00:00:00,370,2010-08-17 00:00:00,365,365,66,87400,31998840,2010-08-17 00:00:00,1
2010-08-18 00:00:00,2010-08-18 00:00:00,369,2010-08-18 00:00:00,364,365.2,48,43100,15780610,2010-08-18 00:00:00,1
2010-08-19 00:00:00,2010-08-19 00:00:00,370,2010-08-19 00:00:00,365,369.3,47,104800,38348320,2010-08-19 00:00:00,1
2010-08-20 00:00:00,2010-08-20 00:00:00,370,2010-08-20 00:00:00,365,365.2,71,91600,33526280,2010-08-20 00:00:00,1
2010-08-23 00:00:00,2010-08-23 00:00:00,365.2,2010-08-23 00:00:00,364,364.6,52,26100,9521880,2010-08-23 00:00:00,1
2010-08-25 00:00:00,2010-08-25 00:00:00,370,2010-08-25 00:00:00,366,368.6,47,43200,15948790,2010-08-25 00:00:00,1
2010-08-26 00:00:00,2010-08-26 00:00:00,369,2010-08-26 00:00:00,365,367.9,16,7500,2762450,2010-08-26 00:00:00,1
2010-08-27 00:00:00,2010-08-27 00:00:00,370,2010-08-27 00:00:00,367,369.6,35,15800,5832480,2010-08-27 00:00:00,1
2010-08-30 00:00:00,2010-08-30 00:00:00,370,2010-08-30 00:00:00,366,366.8,34,41200,15182160,2010-08-30 00:00:00,1
2010-08-31 00:00:00,2010-08-31 00:00:00,372,2010-08-31 00:00:00,367,369.8,83,93600,34609960,2010-08-31 00:00:00,1
2010-09-01 00:00:00,2010-09-01 00:00:00,370,2010-09-01 00:00:00,367.9,369.9,61,49600,18330990,2010-09-01 00:00:00,1
2010-09-02 00:00:00,2010-09-02 00:00:00,385,2010-09-02 00:00:00,374,378,108,132900,50156770,2010-09-02 00:00:00,1
2010-09-03 00:00:00,2010-09-03 00:00:00,400,2010-09-03 00:00:00,380,387.6,133,117800,45506640,2010-09-03 00:00:00,1
2010-09-06 00:00:00,2010-09-06 00:00:00,395,2010-09-06 00:00:00,385,389.4,80,94900,36885230,2010-09-06 00:00:00,1
2010-09-07 00:00:00,2010-09-07 00:00:00,411,2010-09-07 00:00:00,390,409.5,229,296000,118272960,2010-09-07 00:00:00,1
2010-09-08 00:00:00,2010-09-08 00:00:00,413,2010-09-08 00:00:00,406,407.6,97,45100,18451420,2010-09-08 00:00:00,1
2010-09-09 00:00:00,2010-09-09 00:00:00,409,2010-09-09 00:00:00,402,404,51,43300,17542290,2010-09-09 00:00:00,1
2010-09-13 00:00:00,2010-09-13 00:00:00,408,2010-09-13 00:00:00,400,400,72,40200,16147870,2010-09-13 00:00:00,1
2010-09-14 00:00:00,2010-09-14 00:00:00,410,2010-09-14 00:00:00,396.1,399.8,89,69600,27974840,2010-09-14 00:00:00,1
2010-09-15 00:00:00,2010-09-15 00:00:00,408,2010-09-15 00:00:00,395,404.9,148,403300,162718620,2010-09-15 00:00:00,1
2010-09-16 00:00:00,2010-09-16 00:00:00,428,2010-09-16 00:00:00,405,425.1,115,224200,93027780,2010-09-16 00:00:00,1
2010-09-17 00:00:00,2010-09-17 00:00:00,450,2010-09-17 00:00:00,430,433.7,165,466100,201274580,2010-09-17 00:00:00,1
2010-09-20 00:00:00,2010-09-20 00:00:00,457,2010-09-20 00:00:00,435,449.9,270,179500,80077340,2010-09-20 00:00:00,1
2010-09-21 00:00:00,2010-09-21 00:00:00,470,2010-09-21 00:00:00,451,461.3,163,77900,35805810,2010-09-21 00:00:00,1
2010-09-23 00:00:00,2010-09-23 00:00:00,505,2010-09-23 00:00:00,470,493.6,201,295400,142204480,2010-09-23 00:00:00,1
2010-09-24 00:00:00,2010-09-24 00:00:00,550,2010-09-24 00:00:00,505,519.7,294,339000,176074730,2010-09-24 00:00:00,1
2010-09-27 00:00:00,2010-09-27 00:00:00,545,2010-09-27 00:00:00,501,523.2,275,185400,97437970,2010-09-27 00:00:00,1
2010-09-28 00:00:00,2010-09-28 00:00:00,522.3,2010-09-28 00:00:00,511,515.6,121,127100,65309720,2010-09-28 00:00:00,1
2010-09-29 00:00:00,2010-09-29 00:00:00,519.5,2010-09-29 00:00:00,515,517.8,125,135100,69994450,2010-09-29 00:00:00,1
2010-09-30 00:00:00,2010-09-30 00:00:00,522,2010-09-30 00:00:00,512,514,95,35400,18282900,2010-09-30 00:00:00,1
2010-10-01 00:00:00,2010-10-01 00:00:00,531,2010-10-01 00:00:00,514.1,530,143,295800,156193350,2010-10-01 00:00:00,1
2010-10-04 00:00:00,2010-10-04 00:00:00,535,2010-10-04 00:00:00,528,531.4,184,142500,75812700,2010-10-04 00:00:00,1
2010-10-05 00:00:00,2010-10-05 00:00:00,531,2010-10-05 00:00:00,520.1,529.2,193,146900,77582390,2010-10-05 00:00:00,1
2010-10-06 00:00:00,2010-10-06 00:00:00,530,2010-10-06 00:00:00,520,521.5,164,133200,69771170,2010-10-06 00:00:00,1
2010-10-12 00:00:00,2010-10-12 00:00:00,261,2010-10-12 00:00:00,241.5,243.1,401,704540,173956010,2010-10-12 00:00:00,1
2010-10-13 00:00:00,2010-10-13 00:00:00,249,2010-10-13 00:00:00,215,243.1,458,391900,92413390,2010-10-13 00:00:00,1
2010-10-14 00:00:00,2010-10-14 00:00:00,252,2010-10-14 00:00:00,245.1,248,382,958700,238063830,2010-10-14 00:00:00,1
2010-10-15 00:00:00,2010-10-15 00:00:00,250,2010-10-15 00:00:00,245,249.5,121,128000,31542770,2010-10-15 00:00:00,1
2010-10-18 00:00:00,2010-10-18 00:00:00,254,2010-10-18 00:00:00,247.5,251.9,170,574400,143746490,2010-10-18 00:00:00,1
2010-10-19 00:00:00,2010-10-19 00:00:00,275,2010-10-19 00:00:00,252.5,271,585,424000,111278470,2010-10-19 00:00:00,1
2010-10-20 00:00:00,2010-10-20 00:00:00,284.9,2010-10-20 00:00:00,270.5,273.6,430,465800,127900640,2010-10-20 00:00:00,1
2010-10-21 00:00:00,2010-10-21 00:00:00,295,2010-10-21 00:00:00,275,291.9,560,639632,176459820,2010-10-21 00:00:00,1
2010-10-25 00:00:00,2010-10-25 00:00:00,302.9,2010-10-25 00:00:00,294,295.1,684,2223224,658835992,2010-10-25 00:00:00,1
2010-10-26 00:00:00,2010-10-26 00:00:00,306,2010-10-26 00:00:00,290,290.9,539,339900,101356350,2010-10-26 00:00:00,1
2010-10-27 00:00:00,2010-10-27 00:00:00,290,2010-10-27 00:00:00,280,288.2,181,86200,24779270,2010-10-27 00:00:00,1
2010-10-28 00:00:00,2010-10-28 00:00:00,289.9,2010-10-28 00:00:00,283,283.4,144,81000,23022270,2010-10-28 00:00:00,1
2010-10-29 00:00:00,2010-10-29 00:00:00,287.9,2010-10-29 00:00:00,284,284.9,219,239200,68206340,2010-10-29 00:00:00,1
2010-11-01 00:00:00,2010-11-01 00:00:00,288,2010-11-01 00:00:00,280,280.2,189,654100,183451060,2010-11-01 00:00:00,1
2010-11-02 00:00:00,2010-11-02 00:00:00,284,2010-11-02 00:00:00,280,282,91,122100,34323740,2010-11-02 00:00:00,1
2010-11-03 00:00:00,2010-11-03 00:00:00,282,2010-11-03 00:00:00,275,279.9,103,67700,18908580,2010-11-03 00:00:00,1
2010-11-04 00:00:00,2010-11-04 00:00:00,279,2010-11-04 00:00:00,276,277.1,67,48000,13300570,2010-11-04 00:00:00,1
2010-11-08 00:00:00,2010-11-08 00:00:00,280,2010-11-08 00:00:00,272,272.3,71,77000,21157810,2010-11-08 00:00:00,1
2010-11-09 00:00:00,2010-11-09 00:00:00,273,2010-11-09 00:00:00,268.5,269.1,128,246100,66525380,2010-11-09 00:00:00,1
2010-11-10 00:00:00,2010-11-10 00:00:00,269.1,2010-11-10 00:00:00,262.5,264,97,31000,8208890,2010-11-10 00:00:00,1
2010-11-11 00:00:00,2010-11-11 00:00:00,275,2010-11-11 00:00:00,264,271.4,79,53500,14427280,2010-11-11 00:00:00,1
2010-11-12 00:00:00,2010-11-12 00:00:00,276.9,2010-11-12 00:00:00,272.9,274,126,110600,30337180,2010-11-12 00:00:00,1
2010-11-15 00:00:00,2010-11-15 00:00:00,273,2010-11-15 00:00:00,263,265.1,86,39400,10547680,2010-11-15 00:00:00,1
2010-11-16 00:00:00,2010-11-16 00:00:00,265.2,2010-11-16 00:00:00,262,265,64,76000,20132480,2010-11-16 00:00:00,1
2010-11-18 00:00:00,2010-11-18 00:00:00,274,2010-11-18 00:00:00,264,270.2,167,1115100,296971860,2010-11-18 00:00:00,1
2010-11-22 00:00:00,2010-11-22 00:00:00,273.5,2010-11-22 00:00:00,264,266.3,189,180500,48112630,2010-11-22 00:00:00,1
2010-11-23 00:00:00,2010-11-23 00:00:00,271,2010-11-23 00:00:00,265,265.7,190,614100,164436940,2010-11-23 00:00:00,1
2010-11-24 00:00:00,2010-11-24 00:00:00,268.1,2010-11-24 00:00:00,265,265.9,76,250900,66572610,2010-11-24 00:00:00,1
2010-11-25 00:00:00,2010-11-25 00:00:00,266,2010-11-25 00:00:00,262,262.1,48,72000,19046990,2010-11-25 00:00:00,1
2010-11-26 00:00:00,2010-11-26 00:00:00,263,2010-11-26 00:00:00,258,260.6,98,206800,54050790,2010-11-26 00:00:00,1
2010-11-29 00:00:00,2010-11-29 00:00:00,260,2010-11-29 00:00:00,247,248.9,246,246100,61539410,2010-11-29 00:00:00,1
2010-11-30 00:00:00,2010-11-30 00:00:00,265,2010-11-30 00:00:00,258.1,260.8,297,312000,81425180,2010-11-30 00:00:00,1
2010-12-01 00:00:00,2010-12-01 00:00:00,270,2010-12-01 00:00:00,260,261.2,229,260700,68275770,2010-12-01 00:00:00,1
2010-12-02 00:00:00,2010-12-02 00:00:00,266,2010-12-02 00:00:00,259,259.8,102,210000,54646340,2010-12-02 00:00:00,1
2010-12-03 00:00:00,2010-12-03 00:00:00,268,2010-12-03 00:00:00,259.1,261.7,64,71500,18620090,2010-12-03 00:00:00,1
2010-12-06 00:00:00,2010-12-06 00:00:00,265,2010-12-06 00:00:00,258,258.1,62,51900,13403930,2010-12-06 00:00:00,1
2010-12-07 00:00:00,2010-12-07 00:00:00,258.9,2010-12-07 00:00:00,255,257.5,40,115300,29418310,2010-12-07 00:00:00,1
2010-12-08 00:00:00,2010-12-08 00:00:00,257,2010-12-08 00:00:00,254,255.1,56,23600,6022710,2010-12-08 00:00:00,1
2010-12-09 00:00:00,2010-12-09 00:00:00,257,2010-12-09 00:00:00,253.7,254,69,367700,92212810,2010-12-09 00:00:00,1
2010-12-10 00:00:00,2010-12-10 00:00:00,262,2010-12-10 00:00:00,254,254.8,102,365800,93355130,2010-12-10 00:00:00,1
2010-12-13 00:00:00,2010-12-13 00:00:00,265,2010-12-13 00:00:00,255,260.9,225,"23,217,600    6",",952,545,120.00",2010-12-13 00:00:00,1
2010-12-14 00:00:00,2010-12-14 00:00:00,262,2010-12-14 00:00:00,255,256.4,75,1558500,411553530,2010-12-14 00:00:00,1
2010-12-15 00:00:00,2010-12-15 00:00:00,257,2010-12-15 00:00:00,254,255.5,42,242500,61847360,2010-12-15 00:00:00,1
2010-12-16 00:00:00,2010-12-16 00:00:00,257,2010-12-16 00:00:00,255,255.3,40,34800,8908190,2010-12-16 00:00:00,1
2010-12-17 00:00:00,2010-12-17 00:00:00,257,2010-12-17 00:00:00,254.5,255.2,55,91700,23394560,2010-12-17 00:00:00,1
2010-12-21 00:00:00,2010-12-21 00:00:00,261,2010-12-21 00:00:00,257.1,259.7,74,70000,18171390,2010-12-21 00:00:00,1
2010-12-22 00:00:00,2010-12-22 00:00:00,266,2010-12-22 00:00:00,259.8,263.8,98,60400,15847890,2010-12-22 00:00:00,1
2010-12-23 00:00:00,2010-12-23 00:00:00,269,2010-12-23 00:00:00,265,266.9,128,68600,18321970,2010-12-23 00:00:00,1
2010-12-24 00:00:00,2010-12-24 00:00:00,268.5,2010-12-24 00:00:00,267.1,267.8,58,48200,12923660,2010-12-24 00:00:00,1
2010-12-27 00:00:00,2010-12-27 00:00:00,272.5,2010-12-27 00:00:00,267,270.8,82,60800,16367340,2010-12-27 00:00:00,1
2010-12-28 00:00:00,2010-12-28 00:00:00,274.4,2010-12-28 00:00:00,272,272.4,82,78100,21296230,2010-12-28 00:00:00,1
2010-12-29 00:00:00,2010-12-29 00:00:00,272.5,2010-12-29 00:00:00,270,270.7,66,132800,34783330,2010-12-29 00:00:00,1
2010-12-30 00:00:00,2010-12-30 00:00:00,273,2010-12-30 00:00:00,260,269.9,101,120400,32550540,2010-12-30 00:00:00,1
2010-12-31 00:00:00,2010-12-31 00:00:00,274,2010-12-31 00:00:00,270,271.9,72,62800,17058300,2010-12-31 00:00:00,1
Company Id,:  SELI,Security,Type :  N,Sub Type,:  0000,,,,,
Short Name,:  SELINSING,,,,,,,,,
Day,Date High,High,Date Low,Low,Closing,No. of Trades,No. of Shares,Turnover,Last Traded,Days Traded
2010-01-05 00:00:00,2010-01-05 00:00:00,425,2010-01-05 00:00:00,425,425,1,100,42500,2010-01-05 00:00:00,1
2010-01-06 00:00:00,2010-01-06 00:00:00,400,2010-01-06 00:00:00,400,400,1,100,40000,2010-01-06 00:00:00,1
2010-01-11 00:00:00,2010-01-11 00:00:00,355,2010-01-11 00:00:00,326.25,340.75,7,6800,2316250,2010-01-11 00:00:00,1
2010-01-15 00:00:00,2010-01-15 00:00:00,400,2010-01-15 00:00:00,399,399.75,2,300,119900,2010-01-15 00:00:00,1
2010-01-18 00:00:00,2010-01-18 00:00:00,400,2010-01-18 00:00:00,400,400,4,1000,400000,2010-01-18 00:00:00,1
2010-01-20 00:00:00,2010-01-20 00:00:00,400,2010-01-20 00:00:00,400,400,2,800,320000,2010-01-20 00:00:00,1
2010-01-22 00:00:00,2010-01-22 00:00:00,400,2010-01-22 00:00:00,400,400,3,500,200000,2010-01-22 00:00:00,1
2010-01-28 00:00:00,2010-01-28 00:00:00,400,2010-01-28 00:00:00,400,400,1,200,80000,2010-01-28 00:00:00,1
2010-02-19 00:00:00,2010-02-19 00:00:00,400,2010-02-19 00:00:00,400,400,2,1300,520000,2010-02-19 00:00:00,1
2010-03-02 00:00:00,2010-03-02 00:00:00,410,2010-03-02 00:00:00,399,410,9,2400,960900,2010-03-02 00:00:00,1
2010-03-03 00:00:00,2010-03-03 00:00:00,410,2010-03-03 00:00:00,410,410,1,100,41000,2010-03-03 00:00:00,1
2010-03-04 00:00:00,2010-03-04 00:00:00,460,2010-03-04 00:00:00,410,449.25,12,1800,789000,2010-03-04 00:00:00,1
2010-03-05 00:00:00,2010-03-05 00:00:00,450,2010-03-05 00:00:00,450,450,13,5700,2565000,2010-03-05 00:00:00,1
2010-03-08 00:00:00,2010-03-08 00:00:00,450,2010-03-08 00:00:00,450,450,1,100,45000,2010-03-08 00:00:00,1
2010-03-09 00:00:00,2010-03-09 00:00:00,450,2010-03-09 00:00:00,450,450,2,200,90000,2010-03-09 00:00:00,1
2010-03-16 00:00:00,2010-03-16 00:00:00,416,2010-03-16 00:00:00,400,400.25,2,7700,3081600,2010-03-16 00:00:00,1
2010-03-31 00:00:00,2010-03-31 00:00:00,375,2010-03-31 00:00:00,375,375,1,23100,8662500,2010-03-31 00:00:00,1
2010-04-12 00:00:00,2010-04-12 00:00:00,460,2010-04-12 00:00:00,460,460,1,100,46000,2010-04-12 00:00:00,1
2010-04-22 00:00:00,2010-04-22 00:00:00,400,2010-04-22 00:00:00,400,400,1,100,40000,2010-04-22 00:00:00,1
2010-05-04 00:00:00,2010-05-04 00:00:00,400.25,2010-05-04 00:00:00,400,400,2,800,320075,2010-05-04 00:00:00,1
2010-05-06 00:00:00,2010-05-06 00:00:00,400,2010-05-06 00:00:00,400,400,1,500,200000,2010-05-06 00:00:00,1
2010-05-07 00:00:00,2010-05-07 00:00:00,490,2010-05-07 00:00:00,485,490,5,700,340500,2010-05-07 00:00:00,1
2010-05-13 00:00:00,2010-05-13 00:00:00,490,2010-05-13 00:00:00,490,490,2,400,196000,2010-05-13 00:00:00,1
2010-05-14 00:00:00,2010-05-14 00:00:00,429.25,2010-05-14 00:00:00,400,427.25,10,1300,544150,2010-05-14 00:00:00,1
2010-05-18 00:00:00,2010-05-18 00:00:00,427,2010-05-18 00:00:00,427,427,1,100,42700,2010-05-18 00:00:00,1
2010-05-19 00:00:00,2010-05-19 00:00:00,390,2010-05-19 00:00:00,390,390,1,100,39000,2010-05-19 00:00:00,1
2010-05-20 00:00:00,2010-05-20 00:00:00,430,2010-05-20 00:00:00,426.5,428.5,4,700,299900,2010-05-20 00:00:00,1
2010-05-31 00:00:00,2010-05-31 00:00:00,427,2010-05-31 00:00:00,400,413.5,5,2600,1075100,2010-05-31 00:00:00,1
2010-06-14 00:00:00,2010-06-14 00:00:00,420,2010-06-14 00:00:00,420,420,1,200,84000,2010-06-14 00:00:00,1
2010-06-21 00:00:00,2010-06-21 00:00:00,400,2010-06-21 00:00:00,400,400,1,100,40000,2010-06-21 00:00:00,1
2010-06-22 00:00:00,2010-06-22 00:00:00,419.75,2010-06-22 00:00:00,419.75,419.75,1,100,41975,2010-06-22 00:00:00,1
2010-06-28 00:00:00,2010-06-28 00:00:00,,2010-06-28 00:00:00,,,1,30800,12936000,2010-06-28 00:00:00,1
2010-06-29 00:00:00,2010-06-29 00:00:00,430,2010-06-29 00:00:00,430,430,1,100,43000,2010-06-29 00:00:00,1
2010-07-01 00:00:00,2010-07-01 00:00:00,400,2010-07-01 00:00:00,400,400,1,900,360000,2010-07-01 00:00:00,1
2010-07-05 00:00:00,2010-07-05 00:00:00,420,2010-07-05 00:00:00,420,420,1,100,42000,2010-07-05 00:00:00,1
2010-07-06 00:00:00,2010-07-06 00:00:00,451,2010-07-06 00:00:00,420,430,5,1200,532500,2010-07-06 00:00:00,1
2010-07-07 00:00:00,2010-07-07 00:00:00,450,2010-07-07 00:00:00,427,442.25,4,600,267700,2010-07-07 00:00:00,1
2010-07-13 00:00:00,2010-07-13 00:00:00,450,2010-07-13 00:00:00,440,449.25,9,5400,2426175,2010-07-13 00:00:00,1
2010-07-15 00:00:00,2010-07-15 00:00:00,450,2010-07-15 00:00:00,450,450,2,1000,450000,2010-07-15 00:00:00,1
2010-07-16 00:00:00,2010-07-16 00:00:00,455,2010-07-16 00:00:00,449.75,453.5,4,700,317475,2010-07-16 00:00:00,1
2010-07-28 00:00:00,2010-07-28 00:00:00,450,2010-07-28 00:00:00,450,450,1,100,45000,2010-07-28 00:00:00,1
2010-08-02 00:00:00,2010-08-02 00:00:00,430,2010-08-02 00:00:00,430,430,2,200,86000,2010-08-02 00:00:00,1
2010-08-16 00:00:00,2010-08-16 00:00:00,472,2010-08-16 00:00:00,450,466,6,1000,458600,2010-08-16 00:00:00,1
2010-08-17 00:00:00,2010-08-17 00:00:00,512,2010-08-17 00:00:00,466,508,9,1700,831000,2010-08-17 00:00:00,1
2010-08-18 00:00:00,2010-08-18 00:00:00,555,2010-08-18 00:00:00,505.1,554,15,2000,1081540,2010-08-18 00:00:00,1
2010-08-19 00:00:00,2010-08-19 00:00:00,609.4,2010-08-19 00:00:00,609,609,5,600,365480,2010-08-19 00:00:00,1
2010-08-20 00:00:00,2010-08-20 00:00:00,615,2010-08-20 00:00:00,612,615,5,600,368700,2010-08-20 00:00:00,1
2010-08-25 00:00:00,2010-08-25 00:00:00,555,2010-08-25 00:00:00,555,555,1,100,55500,2010-08-25 00:00:00,1
2010-08-30 00:00:00,2010-08-30 00:00:00,560,2010-08-30 00:00:00,560,560,1,100,56000,2010-08-30 00:00:00,1
2010-08-31 00:00:00,2010-08-31 00:00:00,615,2010-08-31 00:00:00,605,611.7,3,300,183500,2010-08-31 00:00:00,1
2010-09-02 00:00:00,2010-09-02 00:00:00,611.7,2010-09-02 00:00:00,600,600,3,5300,3240500,2010-09-02 00:00:00,1
2010-09-16 00:00:00,2010-09-16 00:00:00,590,2010-09-16 00:00:00,588,589,3,300,176800,2010-09-16 00:00:00,1
2010-09-30 00:00:00,2010-09-30 00:00:00,575,2010-09-30 00:00:00,575,575,1,100,57500,2010-09-30 00:00:00,1
2010-10-11 00:00:00,2010-10-11 00:00:00,575,2010-10-11 00:00:00,575,575,1,100,57500,2010-10-11 00:00:00,1
2010-10-18 00:00:00,2010-10-18 00:00:00,650,2010-10-18 00:00:00,650,650,1,100,65000,2010-10-18 00:00:00,1
2010-11-03 00:00:00,2010-11-03 00:00:00,500,2010-11-03 00:00:00,500,500,1,100,50000,2010-11-03 00:00:00,1
2010-11-16 00:00:00,2010-11-16 00:00:00,500,2010-11-16 00:00:00,500,500,1,100,50000,2010-11-16 00:00:00,1
2010-11-18 00:00:00,2010-11-18 00:00:00,480,2010-11-18 00:00:00,480,480,1,300,144000,2010-11-18 00:00:00,1
2010-11-30 00:00:00,2010-11-30 00:00:00,480,2010-11-30 00:00:00,480,480,1,200,96000,2010-11-30 00:00:00,1
2010-12-01 00:00:00,2010-12-01 00:00:00,480,2010-12-01 00:00:00,480,480,2,1100,528000,2010-12-01 00:00:00,1
2010-12-10 00:00:00,2010-12-10 00:00:00,400,2010-12-10 00:00:00,260,316,3,500,158000,2010-12-10 00:00:00,1
2010-12-17 00:00:00,2010-12-17 00:00:00,465,2010-12-17 00:00:00,465,465,1,100,46500,2010-12-17 00:00:00,1
2010-12-27 00:00:00,2010-12-27 00:00:00,550,2010-12-27 00:00:00,550,550,1,100,55000,2010-12-27 00:00:00,1
Company Id,:  SEMB,Security,Type :  N,Sub Type,:  0000,,,,,
Short Name,:  S M B LEASING,,,,,,,,,
Day,Date High,High,Date Low,Low,Closing,No. of Trades,No. of Shares,Turnover,Last Traded,Days Traded
2010-01-04 00:00:00,2010-01-04 00:00:00,5,2010-01-04 00:00:00,4.7,4.7,16,31500,149370,2010-01-04 00:00:00,1
2010-01-05 00:00:00,2010-01-05 00:00:00,4.9,2010-01-05 00:00:00,4.8,4.8,19,207200,1010360,2010-01-05 00:00:00,1
2010-01-06 00:00:00,2010-01-06 00:00:00,4.8,2010-01-06 00:00:00,4.7,4.8,14,31600,148940,2010-01-06 00:00:00,1
2010-01-07 00:00:00,2010-01-07 00:00:00,4.8,2010-01-07 00:00:00,4.7,4.7,10,16900,80420,2010-01-07 00:00:00,1
2010-01-08 00:00:00,2010-01-08 00:00:00,5,2010-01-08 00:00:00,4.8,5,45,113100,558030,2010-01-08 00:00:00,1
2010-01-11 00:00:00,2010-01-11 00:00:00,5,2010-01-11 00:00:00,4.9,4.9,16,23200,115030,2010-01-11 00:00:00,1
2010-01-12 00:00:00,2010-01-12 00:00:00,4.8,2010-01-12 00:00:00,4.7,4.7,15,38100,182280,2010-01-12 00:00:00,1
2010-01-13 00:00:00,2010-01-13 00:00:00,4.8,2010-01-13 00:00:00,4.7,4.7,11,46100,217510,2010-01-13 00:00:00,1
2010-01-15 00:00:00,2010-01-15 00:00:00,4.8,2010-01-15 00:00:00,4.7,4.7,21,49100,233340,2010-01-15 00:00:00,1
2010-01-18 00:00:00,2010-01-18 00:00:00,4.8,2010-01-18 00:00:00,4.6,4.6,51,133400,622310,2010-01-18 00:00:00,1
2010-01-19 00:00:00,2010-01-19 00:00:00,4.8,2010-01-19 00:00:00,4.5,4.7,38,190300,889030,2010-01-19 00:00:00,1
2010-01-20 00:00:00,2010-01-20 00:00:00,5,2010-01-20 00:00:00,4.7,4.9,27,332000,1607910,2010-01-20 00:00:00,1
2010-01-21 00:00:00,2010-01-21 00:00:00,5.75,2010-01-21 00:00:00,4.9,5.75,323,2799700,15502215,2010-01-21 00:00:00,1
2010-01-22 00:00:00,2010-01-22 00:00:00,6.25,2010-01-22 00:00:00,5.75,6.25,292,2177000,13081400,2010-01-22 00:00:00,1
2010-01-25 00:00:00,2010-01-25 00:00:00,7.25,2010-01-25 00:00:00,6,7,372,2437400,16160975,2010-01-25 00:00:00,1
2010-01-26 00:00:00,2010-01-26 00:00:00,7.5,2010-01-26 00:00:00,7,7.25,140,892800,6351000,2010-01-26 00:00:00,1
2010-01-28 00:00:00,2010-01-28 00:00:00,9.5,2010-01-28 00:00:00,6.75,9.25,774,4155300,35279700,2010-01-28 00:00:00,1
2010-02-01 00:00:00,2010-02-01 00:00:00,11.75,2010-02-01 00:00:00,9.25,11.25,774,5059400,52488825,2010-02-01 00:00:00,1
2010-02-02 00:00:00,2010-02-02 00:00:00,13,2010-02-02 00:00:00,11.75,12.5,790,4527900,56751200,2010-02-02 00:00:00,1
2010-02-03 00:00:00,2010-02-03 00:00:00,14,2010-02-03 00:00:00,12.75,13.75,454,2535700,33920625,2010-02-03 00:00:00,1
2010-02-05 00:00:00,2010-02-05 00:00:00,15.75,2010-02-05 00:00:00,13.75,15,757,4085800,60598400,2010-02-05 00:00:00,1
2010-02-08 00:00:00,2010-02-08 00:00:00,16.5,2010-02-08 00:00:00,15.5,16,462,3196900,51316350,2010-02-08 00:00:00,1
2010-02-09 00:00:00,2010-02-09 00:00:00,16.25,2010-02-09 00:00:00,15,15.25,262,1696900,26498825,2010-02-09 00:00:00,1
2010-02-10 00:00:00,2010-02-10 00:00:00,15.25,2010-02-10 00:00:00,14.5,14.75,147,891100,13298925,2010-02-10 00:00:00,1
2010-02-11 00:00:00,2010-02-11 00:00:00,16.25,2010-02-11 00:00:00,15.5,15.5,279,2112100,33532325,2010-02-11 00:00:00,1
2010-02-12 00:00:00,2010-02-12 00:00:00,15.75,2010-02-12 00:00:00,14.5,15,112,437100,6556225,2010-02-12 00:00:00,1
2010-02-15 00:00:00,2010-02-15 00:00:00,15.25,2010-02-15 00:00:00,14.5,14.75,35,80300,1184525,2010-02-15 00:00:00,1
2010-02-16 00:00:00,2010-02-16 00:00:00,15,2010-02-16 00:00:00,13.75,14.75,88,144300,2089175,2010-02-16 00:00:00,1
2010-02-17 00:00:00,2010-02-17 00:00:00,16.25,2010-02-17 00:00:00,14.75,16,508,3875300,60591025,2010-02-17 00:00:00,1
2010-02-18 00:00:00,2010-02-18 00:00:00,16.5,2010-02-18 00:00:00,15.75,15.75,272,1881000,30521900,2010-02-18 00:00:00,1
2010-02-19 00:00:00,2010-02-19 00:00:00,16,2010-02-19 00:00:00,15.5,15.5,109,527700,8257175,2010-02-19 00:00:00,1
2010-02-22 00:00:00,2010-02-22 00:00:00,16,2010-02-22 00:00:00,15.5,15.75,102,819000,12898475,2010-02-22 00:00:00,1
2010-02-23 00:00:00,2010-02-23 00:00:00,16,2010-02-23 00:00:00,15.25,15.25,54,159800,2487275,2010-02-23 00:00:00,1
2010-02-24 00:00:00,2010-02-24 00:00:00,15.75,2010-02-24 00:00:00,15.25,15.5,60,246200,3783225,2010-02-24 00:00:00,1
2010-02-25 00:00:00,2010-02-25 00:00:00,15.75,2010-02-25 00:00:00,15.25,15.25,47,167900,2590225,2010-02-25 00:00:00,1
2010-02-26 00:00:00,2010-02-26 00:00:00,15.75,2010-02-26 00:00:00,15.25,15.75,179,1285300,20089200,2010-02-26 00:00:00,1
2010-03-01 00:00:00,2010-03-01 00:00:00,16.75,2010-03-01 00:00:00,15,15.25,296,1595900,25428500,2010-03-01 00:00:00,1
2010-03-02 00:00:00,2010-03-02 00:00:00,16,2010-03-02 00:00:00,15,15,132,703000,10864050,2010-03-02 00:00:00,1
2010-03-03 00:00:00,2010-03-03 00:00:00,15.25,2010-03-03 00:00:00,14.5,14.75,59,198800,2932400,2010-03-03 00:00:00,1
2010-03-04 00:00:00,2010-03-04 00:00:00,14.75,2010-03-04 00:00:00,14.25,14.5,21,68800,997025,2010-03-04 00:00:00,1
2010-03-05 00:00:00,2010-03-05 00:00:00,14.75,2010-03-05 00:00:00,14,14.25,65,427100,6116800,2010-03-05 00:00:00,1
2010-03-08 00:00:00,2010-03-08 00:00:00,14,2010-03-08 00:00:00,13.75,13.75,51,123200,1698750,2010-03-08 00:00:00,1
2010-03-09 00:00:00,2010-03-09 00:00:00,13.75,2010-03-09 00:00:00,13.5,13.75,30,108000,1473475,2010-03-09 00:00:00,1
2010-03-10 00:00:00,2010-03-10 00:00:00,13.75,2010-03-10 00:00:00,12.5,13.5,103,302900,3969300,2010-03-10 00:00:00,1
2010-03-11 00:00:00,2010-03-11 00:00:00,13.75,2010-03-11 00:00:00,13.25,13.25,16,35900,479975,2010-03-11 00:00:00,1
2010-03-12 00:00:00,2010-03-12 00:00:00,13.5,2010-03-12 00:00:00,13,13.25,51,152700,2014825,2010-03-12 00:00:00,1
2010-03-15 00:00:00,2010-03-15 00:00:00,13.75,2010-03-15 00:00:00,13.25,13.5,39,119500,1623875,2010-03-15 00:00:00,1
2010-03-16 00:00:00,2010-03-16 00:00:00,14.25,2010-03-16 00:00:00,13.5,13.75,48,378400,5289250,2010-03-16 00:00:00,1
2010-03-17 00:00:00,2010-03-17 00:00:00,14,2010-03-17 00:00:00,13.75,13.75,24,113500,1577675,2010-03-17 00:00:00,1
2010-03-18 00:00:00,2010-03-18 00:00:00,13.75,2010-03-18 00:00:00,13,13.5,39,182100,2444000,2010-03-18 00:00:00,1
2010-03-19 00:00:00,2010-03-19 00:00:00,13.25,2010-03-19 00:00:00,12.75,13,32,129900,1672250,2010-03-19 00:00:00,1
2010-03-22 00:00:00,2010-03-22 00:00:00,13.25,2010-03-22 00:00:00,12.5,12.75,22,104300,1329925,2010-03-22 00:00:00,1
2010-03-23 00:00:00,2010-03-23 00:00:00,12.75,2010-03-23 00:00:00,12.25,12.25,36,103900,1292250,2010-03-23 00:00:00,1
2010-03-24 00:00:00,2010-03-24 00:00:00,13,2010-03-24 00:00:00,11.75,12,129,277800,3462250,2010-03-24 00:00:00,1
2010-03-25 00:00:00,2010-03-25 00:00:00,12.25,2010-03-25 00:00:00,11.75,11.75,64,216500,2585125,2010-03-25 00:00:00,1
2010-03-26 00:00:00,2010-03-26 00:00:00,12.25,2010-03-26 00:00:00,12,12,41,117300,1408600,2010-03-26 00:00:00,1
2010-03-30 00:00:00,2010-03-30 00:00:00,12.25,2010-03-30 00:00:00,11.75,12,36,85300,1027725,2010-03-30 00:00:00,1
2010-03-31 00:00:00,2010-03-31 00:00:00,12.25,2010-03-31 00:00:00,11.25,11.5,67,240000,2829325,2010-03-31 00:00:00,1
2010-04-21 00:00:00,2010-04-21 00:00:00,1.5,2010-04-21 00:00:00,1.2,1.2,438,9763400,12840920,2010-04-21 00:00:00,1
2010-04-22 00:00:00,2010-04-22 00:00:00,1.3,2010-04-22 00:00:00,1.1,1.2,153,5111700,6115940,2010-04-22 00:00:00,1
2010-04-23 00:00:00,2010-04-23 00:00:00,1.4,2010-04-23 00:00:00,1.2,1.3,150,5023700,6516460,2010-04-23 00:00:00,1
2010-04-26 00:00:00,2010-04-26 00:00:00,1.3,2010-04-26 00:00:00,1.2,1.3,36,834200,1049150,2010-04-26 00:00:00,1
2010-04-27 00:00:00,2010-04-27 00:00:00,1.3,2010-04-27 00:00:00,1.2,1.2,46,557500,703150,2010-04-27 00:00:00,1
2010-04-29 00:00:00,2010-04-29 00:00:00,1.3,2010-04-29 00:00:00,1.2,1.2,113,3846800,4630240,2010-04-29 00:00:00,1
2010-04-30 00:00:00,2010-04-30 00:00:00,1.3,2010-04-30 00:00:00,1.2,1.2,73,1623800,1949660,2010-04-30 00:00:00,1
2010-05-03 00:00:00,2010-05-03 00:00:00,1.3,2010-05-03 00:00:00,1.2,1.2,49,1330800,1610970,2010-05-03 00:00:00,1
2010-05-04 00:00:00,2010-05-04 00:00:00,1.3,2010-05-04 00:00:00,1.2,1.2,43,1788900,2150880,2010-05-04 00:00:00,1
2010-05-05 00:00:00,2010-05-05 00:00:00,1.3,2010-05-05 00:00:00,1.1,1.2,144,3230400,3887530,2010-05-05 00:00:00,1
2010-05-06 00:00:00,2010-05-06 00:00:00,1.2,2010-05-06 00:00:00,1.1,1.2,117,3481900,3868490,2010-05-06 00:00:00,1
2010-05-07 00:00:00,2010-05-07 00:00:00,1.2,2010-05-07 00:00:00,1.1,1.2,37,335100,401420,2010-05-07 00:00:00,1
2010-05-10 00:00:00,2010-05-10 00:00:00,1.3,2010-05-10 00:00:00,1.2,1.2,89,1573700,1891740,2010-05-10 00:00:00,1
2010-05-11 00:00:00,2010-05-11 00:00:00,1.3,2010-05-11 00:00:00,1.2,1.2,54,890500,1069150,2010-05-11 00:00:00,1
2010-05-12 00:00:00,2010-05-12 00:00:00,1.3,2010-05-12 00:00:00,1.2,1.2,48,1898500,2278550,2010-05-12 00:00:00,1
2010-05-13 00:00:00,2010-05-13 00:00:00,1.3,2010-05-13 00:00:00,1.2,1.2,16,616500,743850,2010-05-13 00:00:00,1
2010-05-14 00:00:00,2010-05-14 00:00:00,1.3,2010-05-14 00:00:00,1.2,1.2,16,394300,485110,2010-05-14 00:00:00,1
2010-05-17 00:00:00,2010-05-17 00:00:00,1.3,2010-05-17 00:00:00,1.2,1.2,108,1966600,2361540,2010-05-17 00:00:00,1
2010-05-18 00:00:00,2010-05-18 00:00:00,1.2,2010-05-18 00:00:00,1.2,1.2,26,676600,811920,2010-05-18 00:00:00,1
2010-05-19 00:00:00,2010-05-19 00:00:00,1.2,2010-05-19 00:00:00,1.2,1.2,28,466500,559800,2010-05-19 00:00:00,1
2010-05-20 00:00:00,2010-05-20 00:00:00,1.2,2010-05-20 00:00:00,1.1,1.1,35,833800,976760,2010-05-20 00:00:00,1
2010-05-21 00:00:00,2010-05-21 00:00:00,1.2,2010-05-21 00:00:00,1.1,1.1,51,1439800,1584990,2010-05-21 00:00:00,1
2010-05-24 00:00:00,2010-05-24 00:00:00,1.2,2010-05-24 00:00:00,1.1,1.1,104,1829800,2012860,2010-05-24 00:00:00,1
2010-05-25 00:00:00,2010-05-25 00:00:00,1.1,2010-05-25 00:00:00,1,1.1,51,562500,618730,2010-05-25 00:00:00,1
2010-05-26 00:00:00,2010-05-26 00:00:00,1.1,2010-05-26 00:00:00,1.1,1.1,83,887100,975810,2010-05-26 00:00:00,1
2010-05-31 00:00:00,2010-05-31 00:00:00,1.2,2010-05-31 00:00:00,1.1,1.1,14,90100,100120,2010-05-31 00:00:00,1
2010-06-01 00:00:00,2010-06-01 00:00:00,1.2,2010-06-01 00:00:00,1,1.1,79,2201600,2422000,2010-06-01 00:00:00,1
2010-06-02 00:00:00,2010-06-02 00:00:00,1.1,2010-06-02 00:00:00,1.1,1.1,37,648200,713020,2010-06-02 00:00:00,1
2010-06-03 00:00:00,2010-06-03 00:00:00,1.1,2010-06-03 00:00:00,1,1.1,69,2306400,2536840,2010-06-03 00:00:00,1
2010-06-04 00:00:00,2010-06-04 00:00:00,1.2,2010-06-04 00:00:00,1,1.1,69,3622800,3935330,2010-06-04 00:00:00,1
2010-06-07 00:00:00,2010-06-07 00:00:00,1.2,2010-06-07 00:00:00,1.1,1.1,107,5332800,5866280,2010-06-07 00:00:00,1
2010-06-08 00:00:00,2010-06-08 00:00:00,1.3,2010-06-08 00:00:00,1.1,1.3,457,25958000,32113110,2010-06-08 00:00:00,1
2010-06-09 00:00:00,2010-06-09 00:00:00,1.6,2010-06-09 00:00:00,1.3,1.5,1147,67181300,98981640,2010-06-09 00:00:00,1
2010-06-10 00:00:00,2010-06-10 00:00:00,1.6,2010-06-10 00:00:00,1.3,1.3,471,26166700,36513450,2010-06-10 00:00:00,1
2010-06-11 00:00:00,2010-06-11 00:00:00,1.4,2010-06-11 00:00:00,1.3,1.4,54,1198200,1607060,2010-06-11 00:00:00,1
2010-06-14 00:00:00,2010-06-14 00:00:00,1.4,2010-06-14 00:00:00,1.3,1.3,43,1554400,2158630,2010-06-14 00:00:00,1
2010-06-15 00:00:00,2010-06-15 00:00:00,1.4,2010-06-15 00:00:00,1.3,1.3,219,6017300,7829740,2010-06-15 00:00:00,1
2010-06-16 00:00:00,2010-06-16 00:00:00,1.4,2010-06-16 00:00:00,1.3,1.3,34,640400,843720,2010-06-16 00:00:00,1
2010-06-17 00:00:00,2010-06-17 00:00:00,1.4,2010-06-17 00:00:00,1.3,1.4,72,2393600,3272670,2010-06-17 00:00:00,1
2010-06-21 00:00:00,2010-06-21 00:00:00,1.5,2010-06-21 00:00:00,1.4,1.5,491,26512700,39297470,2010-06-21 00:00:00,1
2010-06-22 00:00:00,2010-06-22 00:00:00,1.6,2010-06-22 00:00:00,1.4,1.5,249,15855700,23896320,2010-06-22 00:00:00,1
2010-06-23 00:00:00,2010-06-23 00:00:00,1.5,2010-06-23 00:00:00,1.4,1.5,131,4607800,6908650,2010-06-23 00:00:00,1
2010-06-24 00:00:00,2010-06-24 00:00:00,1.5,2010-06-24 00:00:00,1.4,1.4,147,6141800,8606000,2010-06-24 00:00:00,1
2010-06-28 00:00:00,2010-06-28 00:00:00,1.4,2010-06-28 00:00:00,1.3,1.4,53,2005100,2797780,2010-06-28 00:00:00,1
2010-06-29 00:00:00,2010-06-29 00:00:00,1.4,2010-06-29 00:00:00,1.4,1.4,60,651500,912100,2010-06-29 00:00:00,1
2010-06-30 00:00:00,2010-06-30 00:00:00,1.5,2010-06-30 00:00:00,1.4,1.4,66,6198000,8677920,2010-06-30 00:00:00,1
2010-07-01 00:00:00,2010-07-01 00:00:00,1.8,2010-07-01 00:00:00,1.4,1.7,1160,83475500,138574950,2010-07-01 00:00:00,1
2010-07-02 00:00:00,2010-07-02 00:00:00,2.4,2010-07-02 00:00:00,1.8,1.9,2940,138147600,288906020,2010-07-02 00:00:00,1
2010-07-05 00:00:00,2010-07-05 00:00:00,2.1,2010-07-05 00:00:00,1.8,1.9,753,23576400,46073950,2010-07-05 00:00:00,1
2010-07-06 00:00:00,2010-07-06 00:00:00,2,2010-07-06 00:00:00,1.7,1.7,587,17104300,31140840,2010-07-06 00:00:00,1
2010-07-07 00:00:00,2010-07-07 00:00:00,1.8,2010-07-07 00:00:00,1.6,1.6,395,13137700,21249930,2010-07-07 00:00:00,1
2010-07-08 00:00:00,2010-07-08 00:00:00,1.8,2010-07-08 00:00:00,1.6,1.7,233,8070300,13767410,2010-07-08 00:00:00,1
2010-07-09 00:00:00,2010-07-09 00:00:00,1.9,2010-07-09 00:00:00,1.7,1.7,384,17548800,31528910,2010-07-09 00:00:00,1
2010-07-12 00:00:00,2010-07-12 00:00:00,1.9,2010-07-12 00:00:00,1.7,1.7,224,6547600,11842440,2010-07-12 00:00:00,1
2010-07-13 00:00:00,2010-07-13 00:00:00,1.9,2010-07-13 00:00:00,1.7,1.8,208,6860300,12342200,2010-07-13 00:00:00,1
2010-07-14 00:00:00,2010-07-14 00:00:00,1.9,2010-07-14 00:00:00,1.7,1.7,304,11364500,19724080,2010-07-14 00:00:00,1
2010-07-15 00:00:00,2010-07-15 00:00:00,1.8,2010-07-15 00:00:00,1.7,1.7,185,5648800,9633540,2010-07-15 00:00:00,1
2010-07-16 00:00:00,2010-07-16 00:00:00,1.8,2010-07-16 00:00:00,1.6,1.6,267,9576700,16166910,2010-07-16 00:00:00,1
2010-07-19 00:00:00,2010-07-19 00:00:00,1.8,2010-07-19 00:00:00,1.6,1.7,223,7264500,12345510,2010-07-19 00:00:00,1
2010-07-20 00:00:00,2010-07-20 00:00:00,1.8,2010-07-20 00:00:00,1.7,1.7,261,4344400,7476470,2010-07-20 00:00:00,1
2010-07-21 00:00:00,2010-07-21 00:00:00,1.8,2010-07-21 00:00:00,1.7,1.7,197,4989900,8518410,2010-07-21 00:00:00,1
2010-07-22 00:00:00,2010-07-22 00:00:00,1.8,2010-07-22 00:00:00,1.6,1.7,141,2988600,5080750,2010-07-22 00:00:00,1
2010-07-23 00:00:00,2010-07-23 00:00:00,1.8,2010-07-23 00:00:00,1.6,1.7,104,2021800,3445480,2010-07-23 00:00:00,1
2010-07-26 00:00:00,2010-07-26 00:00:00,1.8,2010-07-26 00:00:00,1.6,1.7,89,3256100,5361140,2010-07-26 00:00:00,1
2010-07-27 00:00:00,2010-07-27 00:00:00,1.7,2010-07-27 00:00:00,1.6,1.7,111,2418000,4063230,2010-07-27 00:00:00,1
2010-07-28 00:00:00,2010-07-28 00:00:00,1.8,2010-07-28 00:00:00,1.6,1.7,219,5066300,8612510,2010-07-28 00:00:00,1
2010-07-29 00:00:00,2010-07-29 00:00:00,1.8,2010-07-29 00:00:00,1.6,1.7,312,11069800,18817970,2010-07-29 00:00:00,1
2010-07-30 00:00:00,2010-07-30 00:00:00,1.7,2010-07-30 00:00:00,1.6,1.7,131,4595700,7753600,2010-07-30 00:00:00,1
2010-08-02 00:00:00,2010-08-02 00:00:00,1.9,2010-08-02 00:00:00,1.7,1.8,434,22485200,40290900,2010-08-02 00:00:00,1
2010-08-03 00:00:00,2010-08-03 00:00:00,1.9,2010-08-03 00:00:00,1.7,1.7,237,5154800,9247350,2010-08-03 00:00:00,1
2010-08-04 00:00:00,2010-08-04 00:00:00,1.8,2010-08-04 00:00:00,1.7,1.8,104,990700,1769100,2010-08-04 00:00:00,1
2010-08-05 00:00:00,2010-08-05 00:00:00,1.8,2010-08-05 00:00:00,1.7,1.7,181,5633700,9581580,2010-08-05 00:00:00,1
2010-08-06 00:00:00,2010-08-06 00:00:00,1.7,2010-08-06 00:00:00,1.6,1.6,240,8532900,13721700,2010-08-06 00:00:00,1
2010-08-09 00:00:00,2010-08-09 00:00:00,1.6,2010-08-09 00:00:00,1.5,1.5,201,4972100,7514420,2010-08-09 00:00:00,1
2010-08-10 00:00:00,2010-08-10 00:00:00,1.6,2010-08-10 00:00:00,1.4,1.6,281,8842400,12999470,2010-08-10 00:00:00,1
2010-08-11 00:00:00,2010-08-11 00:00:00,1.7,2010-08-11 00:00:00,1.5,1.6,202,4904300,7877860,2010-08-11 00:00:00,1
2010-08-12 00:00:00,2010-08-12 00:00:00,1.7,2010-08-12 00:00:00,1.5,1.6,105,1300700,2060760,2010-08-12 00:00:00,1
2010-08-13 00:00:00,2010-08-13 00:00:00,1.7,2010-08-13 00:00:00,1.6,1.6,60,574600,919570,2010-08-13 00:00:00,1
2010-08-16 00:00:00,2010-08-16 00:00:00,1.7,2010-08-16 00:00:00,1.5,1.6,104,1791000,2814110,2010-08-16 00:00:00,1
2010-08-17 00:00:00,2010-08-17 00:00:00,1.7,2010-08-17 00:00:00,1.5,1.7,160,5657600,9439470,2010-08-17 00:00:00,1
2010-08-18 00:00:00,2010-08-18 00:00:00,1.8,2010-08-18 00:00:00,1.8,1.8,204,13126000,25626820,2010-08-18 00:00:00,1
2010-08-19 00:00:00,2010-08-19 00:00:00,1.9,2010-08-19 00:00:00,1.9,1.9,192,1513300,2875270,2010-08-19 00:00:00,1
2010-08-20 00:00:00,2010-08-20 00:00:00,2,2010-08-20 00:00:00,2,2,388,7761100,15522200,2010-08-20 00:00:00,1
2010-08-23 00:00:00,2010-08-23 00:00:00,2.2,2010-08-23 00:00:00,2.2,2.2,265,2263600,4979920,2010-08-23 00:00:00,1
2010-08-25 00:00:00,2010-08-25 00:00:00,2.4,2010-08-25 00:00:00,2.4,2.4,379,2590300,6216720,2010-08-25 00:00:00,1
2010-08-26 00:00:00,2010-08-26 00:00:00,2.6,2010-08-26 00:00:00,2.6,2.6,500,1918600,4988360,2010-08-26 00:00:00,1
2010-08-27 00:00:00,2010-08-27 00:00:00,2.8,2010-08-27 00:00:00,2.8,2.8,329,14598700,40876360,2010-08-27 00:00:00,1
2010-08-30 00:00:00,2010-08-30 00:00:00,3,2010-08-30 00:00:00,3,3,453,1822000,5466000,2010-08-30 00:00:00,1
2010-08-31 00:00:00,2010-08-31 00:00:00,3.3,2010-08-31 00:00:00,2.7,2.7,2505,65437600,190814790,2010-08-31 00:00:00,1
2010-09-01 00:00:00,2010-09-01 00:00:00,2.7,2010-09-01 00:00:00,2.5,2.7,1029,35285700,90448460,2010-09-01 00:00:00,1
2010-09-02 00:00:00,2010-09-02 00:00:00,2.8,2010-09-02 00:00:00,2.6,2.7,406,8490800,22703780,2010-09-02 00:00:00,1
2010-09-03 00:00:00,2010-09-03 00:00:00,2.7,2010-09-03 00:00:00,2.5,2.5,490,10855000,27445800,2010-09-03 00:00:00,1
2010-09-06 00:00:00,2010-09-06 00:00:00,2.6,2010-09-06 00:00:00,2.4,2.5,338,7625200,19128430,2010-09-06 00:00:00,1
2010-09-07 00:00:00,2010-09-07 00:00:00,2.6,2010-09-07 00:00:00,2.4,2.5,259,5905000,14725150,2010-09-07 00:00:00,1
2010-09-08 00:00:00,2010-09-08 00:00:00,2.7,2010-09-08 00:00:00,2.5,2.7,563,19923800,53389790,2010-09-08 00:00:00,1
2010-09-09 00:00:00,2010-09-09 00:00:00,2.9,2010-09-09 00:00:00,2.7,2.8,517,14691000,41588520,2010-09-09 00:00:00,1
2010-09-13 00:00:00,2010-09-13 00:00:00,2.9,2010-09-13 00:00:00,2.6,2.6,511,11834300,32137330,2010-09-13 00:00:00,1
2010-09-14 00:00:00,2010-09-14 00:00:00,2.7,2010-09-14 00:00:00,2.4,2.5,365,7750400,19336540,2010-09-14 00:00:00,1
2010-09-15 00:00:00,2010-09-15 00:00:00,2.7,2010-09-15 00:00:00,2.4,2.5,243,5746600,14615870,2010-09-15 00:00:00,1
2010-09-16 00:00:00,2010-09-16 00:00:00,2.7,2010-09-16 00:00:00,2.5,2.7,330,9039200,23682040,2010-09-16 00:00:00,1
2010-09-17 00:00:00,2010-09-17 00:00:00,2.8,2010-09-17 00:00:00,2.6,2.7,325,6275200,17110420,2010-09-17 00:00:00,1
2010-09-20 00:00:00,2010-09-20 00:00:00,2.8,2010-09-20 00:00:00,2.6,2.7,185,3300300,8835960,2010-09-20 00:00:00,1
2010-09-21 00:00:00,2010-09-21 00:00:00,2.7,2010-09-21 00:00:00,2.5,2.6,244,6871700,17974610,2010-09-21 00:00:00,1
2010-09-23 00:00:00,2010-09-23 00:00:00,2.6,2010-09-23 00:00:00,2.4,2.5,206,3234400,8076210,2010-09-23 00:00:00,1
2010-09-24 00:00:00,2010-09-24 00:00:00,2.6,2010-09-24 00:00:00,2.2,2.3,538,15429300,36442050,2010-09-24 00:00:00,1
2010-09-27 00:00:00,2010-09-27 00:00:00,2.4,2010-09-27 00:00:00,2.1,2.2,457,13103700,28903920,2010-09-27 00:00:00,1
2010-09-28 00:00:00,2010-09-28 00:00:00,2.3,2010-09-28 00:00:00,2.1,2.1,365,6956900,15013640,2010-09-28 00:00:00,1
2010-09-29 00:00:00,2010-09-29 00:00:00,2.3,2010-09-29 00:00:00,2,2.1,521,9021600,19597560,2010-09-29 00:00:00,1
2010-09-30 00:00:00,2010-09-30 00:00:00,2.3,2010-09-30 00:00:00,2.1,2.2,348,8541600,18894550,2010-09-30 00:00:00,1
2010-10-01 00:00:00,2010-10-01 00:00:00,2.2,2010-10-01 00:00:00,2,2.2,379,13327900,28112230,2010-10-01 00:00:00,1
2010-10-04 00:00:00,2010-10-04 00:00:00,2.3,2010-10-04 00:00:00,2.1,2.1,301,8080800,17441770,2010-10-04 00:00:00,1
2010-10-05 00:00:00,2010-10-05 00:00:00,2.1,2010-10-05 00:00:00,1.9,2,423,6785100,13631530,2010-10-05 00:00:00,1
2010-10-06 00:00:00,2010-10-06 00:00:00,2.1,2010-10-06 00:00:00,1.8,1.8,471,8509400,16258120,2010-10-06 00:00:00,1
2010-10-07 00:00:00,2010-10-07 00:00:00,1.9,2010-10-07 00:00:00,1.7,1.8,517,8849400,15871640,2010-10-07 00:00:00,1
2010-10-08 00:00:00,2010-10-08 00:00:00,1.5,2010-10-08 00:00:00,1.1,1.4,940,18653500,24050320,2010-10-08 00:00:00,1
2010-10-11 00:00:00,2010-10-11 00:00:00,1.5,2010-10-11 00:00:00,1.2,1.3,455,8668800,11549500,2010-10-11 00:00:00,1
2010-10-12 00:00:00,2010-10-12 00:00:00,1.3,2010-10-12 00:00:00,1.1,1.2,284,5963200,7162860,2010-10-12 00:00:00,1
2010-10-13 00:00:00,2010-10-13 00:00:00,1.3,2010-10-13 00:00:00,1.1,1.2,254,7034400,8229490,2010-10-13 00:00:00,1
2010-10-14 00:00:00,2010-10-14 00:00:00,1.4,2010-10-14 00:00:00,1.2,1.2,254,7396500,9267050,2010-10-14 00:00:00,1
2010-10-15 00:00:00,2010-10-15 00:00:00,1.3,2010-10-15 00:00:00,1.2,1.2,114,2681600,3225380,2010-10-15 00:00:00,1
2010-10-18 00:00:00,2010-10-18 00:00:00,1.3,2010-10-18 00:00:00,1.1,1.2,142,2230500,2676090,2010-10-18 00:00:00,1
2010-10-19 00:00:00,2010-10-19 00:00:00,1.2,2010-10-19 00:00:00,1.1,1.1,226,4623200,5099530,2010-10-19 00:00:00,1
2010-10-20 00:00:00,2010-10-20 00:00:00,1.2,2010-10-20 00:00:00,1.1,1.1,92,1237500,1369560,2010-10-20 00:00:00,1
2010-10-21 00:00:00,2010-10-21 00:00:00,1.1,2010-10-21 00:00:00,1,1,128,2639800,2838260,2010-10-21 00:00:00,1
2010-10-25 00:00:00,2010-10-25 00:00:00,1.1,2010-10-25 00:00:00,1,1.1,163,4534100,4762660,2010-10-25 00:00:00,1
2010-10-26 00:00:00,2010-10-26 00:00:00,1.1,2010-10-26 00:00:00,1,1,170,4473300,4477590,2010-10-26 00:00:00,1
2010-10-27 00:00:00,2010-10-27 00:00:00,1.1,2010-10-27 00:00:00,1,1,110,1734300,1735480,2010-10-27 00:00:00,1
2010-10-28 00:00:00,2010-10-28 00:00:00,1.1,2010-10-28 00:00:00,1,1.1,60,899800,937030,2010-10-28 00:00:00,1
2010-10-29 00:00:00,2010-10-29 00:00:00,1.1,2010-10-29 00:00:00,1,1,92,701300,719970,2010-10-29 00:00:00,1
2010-11-01 00:00:00,2010-11-01 00:00:00,1.1,2010-11-01 00:00:00,1,1.1,147,1948700,2120370,2010-11-01 00:00:00,1
2010-11-02 00:00:00,2010-11-02 00:00:00,1.1,2010-11-02 00:00:00,1,1.1,130,3036200,3303900,2010-11-02 00:00:00,1
2010-11-03 00:00:00,2010-11-03 00:00:00,1.2,2010-11-03 00:00:00,1.1,1.2,79,1840700,2179190,2010-11-03 00:00:00,1
2010-11-04 00:00:00,2010-11-04 00:00:00,1.2,2010-11-04 00:00:00,1.1,1.1,88,549800,638400,2010-11-04 00:00:00,1
2010-11-08 00:00:00,2010-11-08 00:00:00,1.3,2010-11-08 00:00:00,1.1,1.2,301,14167200,17001130,2010-11-08 00:00:00,1
2010-11-09 00:00:00,2010-11-09 00:00:00,1.2,2010-11-09 00:00:00,1.1,1.2,70,1129900,1303190,2010-11-09 00:00:00,1
2010-11-10 00:00:00,2010-11-10 00:00:00,1.2,2010-11-10 00:00:00,1,1.1,201,6130600,6709820,2010-11-10 00:00:00,1
2010-11-11 00:00:00,2010-11-11 00:00:00,1.2,2010-11-11 00:00:00,1.1,1.1,100,6416900,7064740,2010-11-11 00:00:00,1
2010-11-12 00:00:00,2010-11-12 00:00:00,1.2,2010-11-12 00:00:00,1.1,1.1,80,1805400,2007020,2010-11-12 00:00:00,1
2010-11-15 00:00:00,2010-11-15 00:00:00,1.2,2010-11-15 00:00:00,1.1,1.1,119,8899500,9789570,2010-11-15 00:00:00,1
2010-11-16 00:00:00,2010-11-16 00:00:00,1.2,2010-11-16 00:00:00,1.1,1.1,39,1578900,1759710,2010-11-16 00:00:00,1
2010-11-18 00:00:00,2010-11-18 00:00:00,1.3,2010-11-18 00:00:00,1.1,1.2,276,12412400,14873540,2010-11-18 00:00:00,1
2010-11-22 00:00:00,2010-11-22 00:00:00,1.5,2010-11-22 00:00:00,1.2,1.4,658,32657100,44129580,2010-11-22 00:00:00,1
2010-11-23 00:00:00,2010-11-23 00:00:00,1.3,2010-11-23 00:00:00,1.1,1.2,562,23222800,27915310,2010-11-23 00:00:00,1
2010-11-24 00:00:00,2010-11-24 00:00:00,1.5,2010-11-24 00:00:00,1.2,1.4,491,35003100,47025660,2010-11-24 00:00:00,1
2010-11-25 00:00:00,2010-11-25 00:00:00,1.6,2010-11-25 00:00:00,1.3,1.6,869,53395000,79458390,2010-11-25 00:00:00,1
2010-11-26 00:00:00,2010-11-26 00:00:00,1.6,2010-11-26 00:00:00,1.4,1.5,350,12815800,19223750,2010-11-26 00:00:00,1
2010-11-29 00:00:00,2010-11-29 00:00:00,1.5,2010-11-29 00:00:00,1.3,1.4,130,8109400,11344660,2010-11-29 00:00:00,1
2010-11-30 00:00:00,2010-11-30 00:00:00,1.7,2010-11-30 00:00:00,1.4,1.6,499,55982800,87609670,2010-11-30 00:00:00,1
2010-12-01 00:00:00,2010-12-01 00:00:00,1.9,2010-12-01 00:00:00,1.6,1.8,530,28260400,49409210,2010-12-01 00:00:00,1
2010-12-02 00:00:00,2010-12-02 00:00:00,2.2,2010-12-02 00:00:00,1.8,1.9,1099,48089900,96029070,2010-12-02 00:00:00,1
2010-12-03 00:00:00,2010-12-03 00:00:00,1.9,2010-12-03 00:00:00,1.7,1.8,403,12146600,21782030,2010-12-03 00:00:00,1
2010-12-06 00:00:00,2010-12-06 00:00:00,1.8,2010-12-06 00:00:00,1.6,1.7,278,9687700,16492360,2010-12-06 00:00:00,1
2010-12-07 00:00:00,2010-12-07 00:00:00,1.8,2010-12-07 00:00:00,1.6,1.7,183,7316500,12437720,2010-12-07 00:00:00,1
2010-12-08 00:00:00,2010-12-08 00:00:00,1.9,2010-12-08 00:00:00,1.6,1.8,263,11630700,20770870,2010-12-08 00:00:00,1
2010-12-09 00:00:00,2010-12-09 00:00:00,2,2010-12-09 00:00:00,1.8,1.9,357,17815800,33861870,2010-12-09 00:00:00,1
2010-12-10 00:00:00,2010-12-10 00:00:00,2,2010-12-10 00:00:00,1.9,1.9,151,3662700,7023690,2010-12-10 00:00:00,1
2010-12-13 00:00:00,2010-12-13 00:00:00,2,2010-12-13 00:00:00,1.8,1.9,157,6961400,13242660,2010-12-13 00:00:00,1
2010-12-14 00:00:00,2010-12-14 00:00:00,1.9,2010-12-14 00:00:00,1.8,1.8,198,7300100,13190170,2010-12-14 00:00:00,1
2010-12-15 00:00:00,2010-12-15 00:00:00,1.9,2010-12-15 00:00:00,1.7,1.8,177,1990800,3583290,2010-12-15 00:00:00,1
2010-12-16 00:00:00,2010-12-16 00:00:00,1.9,2010-12-16 00:00:00,1.8,1.8,82,1642000,2955670,2010-12-16 00:00:00,1
2010-12-17 00:00:00,2010-12-17 00:00:00,1.9,2010-12-17 00:00:00,1.8,1.8,137,2877900,5182070,2010-12-17 00:00:00,1
2010-12-21 00:00:00,2010-12-21 00:00:00,1.8,2010-12-21 00:00:00,1.7,1.8,122,1486400,2673290,2010-12-21 00:00:00,1
2010-12-22 00:00:00,2010-12-22 00:00:00,1.9,2010-12-22 00:00:00,1.8,1.8,95,1469800,2651500,2010-12-22 00:00:00,1
2010-12-23 00:00:00,2010-12-23 00:00:00,1.9,2010-12-23 00:00:00,1.7,1.8,327,19168600,34606220,2010-12-23 00:00:00,1
2010-12-24 00:00:00,2010-12-24 00:00:00,1.9,2010-12-24 00:00:00,1.8,1.9,112,6212600,11295550,2010-12-24 00:00:00,1
2010-12-27 00:00:00,2010-12-27 00:00:00,1.9,2010-12-27 00:00:00,1.8,1.8,49,1139700,2112650,2010-12-27 00:00:00,1
2010-12-28 00:00:00,2010-12-28 00:00:00,2,2010-12-28 00:00:00,1.9,2,247,11741900,22403130,2010-12-28 00:00:00,1
2010-12-29 00:00:00,2010-12-29 00:00:00,2,2010-12-29 00:00:00,1.9,1.9,204,2466100,4717210,2010-12-29 00:00:00,1
Company Id,:  SEMB,Security,Type :  N,Sub Type,:  0000,,,,,
Short Name,:  S M B LEASING,,,,,,,,,
Day,Date High,High,Date Low,Low,Closing,No. of Trades,No. of Shares,Turnover,Last Traded,Days Traded
2010-10-20 00:00:00,2010-10-20 00:00:00,0.7,2010-10-20 00:00:00,0.3,0.4,238,7115000,2883240,2010-10-20 00:00:00,1
2010-10-21 00:00:00,2010-10-21 00:00:00,0.4,2010-10-21 00:00:00,0.2,0.3,152,5727000,1732210,2010-10-21 00:00:00,1
2010-10-25 00:00:00,2010-10-25 00:00:00,0.4,2010-10-25 00:00:00,0.2,0.3,94,4367500,1272730,2010-10-25 00:00:00,1
2010-10-26 00:00:00,2010-10-26 00:00:00,0.4,2010-10-26 00:00:00,0.2,0.2,105,3618800,1046230,2010-10-26 00:00:00,1
2010-10-27 00:00:00,2010-10-27 00:00:00,0.3,2010-10-27 00:00:00,0.1,0.3,271,13618800,3230950,2010-10-27 00:00:00,1
2010-10-28 00:00:00,2010-10-28 00:00:00,0.3,2010-10-28 00:00:00,0.2,0.2,248,10324300,2728680,2010-10-28 00:00:00,1
Company Id,:  SEMB,Security,Type :  R,Sub Type,:  0001,,,,,
Short Name,:  S M B LEASING,,,,,,,,,
Day,Date High,High,Date Low,Low,Closing,No. of Trades,No. of Shares,Turnover,Last Traded,Days Traded
2010-10-20 00:00:00,2010-10-20 00:00:00,0.3,2010-10-20 00:00:00,0.2,0.2,133,6544300,1500300,2010-10-20 00:00:00,1
2010-10-21 00:00:00,2010-10-21 00:00:00,0.3,2010-10-21 00:00:00,0.1,0.2,109,5803400,1145260,2010-10-21 00:00:00,1
2010-10-25 00:00:00,2010-10-25 00:00:00,0.2,2010-10-25 00:00:00,0.1,0.1,35,2713900,323190,2010-10-25 00:00:00,1
2010-10-26 00:00:00,2010-10-26 00:00:00,0.2,2010-10-26 00:00:00,0.1,0.1,136,20792200,2082340,2010-10-26 00:00:00,1
2010-10-27 00:00:00,2010-10-27 00:00:00,0.1,2010-10-27 00:00:00,0.1,0.1,43,4167000,416700,2010-10-27 00:00:00,1
2010-10-28 00:00:00,2010-10-28 00:00:00,0.1,2010-10-28 00:00:00,0.1,0.1,133,6666600,666660,2010-10-28 00:00:00,1
Company Id,:  SEMB,Security,Type :  W,Sub Type,:  0015,,,,,
Short Name,:  S M B LEASING,,,,,,,,,
Day,Date High,High,Date Low,Low,Closing,No. of Trades,No. of Shares,Turnover,Last Traded,Days Traded
2010-11-25 00:00:00,2010-11-25 00:00:00,0.6,2010-11-25 00:00:00,0.3,0.5,934,78641600,36120040,2010-11-25 00:00:00,1
2010-11-26 00:00:00,2010-11-26 00:00:00,0.6,2010-11-26 00:00:00,0.5,0.5,224,13837200,6924490,2010-11-26 00:00:00,1
2010-11-29 00:00:00,2010-11-29 00:00:00,0.5,2010-11-29 00:00:00,0.4,0.4,64,10076700,4283520,2010-11-29 00:00:00,1
2010-11-30 00:00:00,2010-11-30 00:00:00,0.6,2010-11-30 00:00:00,0.5,0.6,405,41034200,22300340,2010-11-30 00:00:00,1
2010-12-01 00:00:00,2010-12-01 00:00:00,0.9,2010-12-01 00:00:00,0.6,0.8,495,38271300,28062820,2010-12-01 00:00:00,1
2010-12-02 00:00:00,2010-12-02 00:00:00,1,2010-12-02 00:00:00,0.8,0.9,753,75760700,71060600,2010-12-02 00:00:00,1
2010-12-03 00:00:00,2010-12-03 00:00:00,0.9,2010-12-03 00:00:00,0.7,0.8,253,23184900,17051410,2010-12-03 00:00:00,1
2010-12-06 00:00:00,2010-12-06 00:00:00,0.8,2010-12-06 00:00:00,0.7,0.7,193,10201200,7162960,2010-12-06 00:00:00,1
2010-12-07 00:00:00,2010-12-07 00:00:00,0.8,2010-12-07 00:00:00,0.7,0.8,160,36008800,25212220,2010-12-07 00:00:00,1
2010-12-08 00:00:00,2010-12-08 00:00:00,0.8,2010-12-08 00:00:00,0.7,0.7,98,3809100,2685320,2010-12-08 00:00:00,1
2010-12-09 00:00:00,2010-12-09 00:00:00,0.9,2010-12-09 00:00:00,0.8,0.8,264,17284700,14202270,2010-12-09 00:00:00,1
2010-12-10 00:00:00,2010-12-10 00:00:00,0.9,2010-12-10 00:00:00,0.8,0.8,88,1594500,1336910,2010-12-10 00:00:00,1
2010-12-13 00:00:00,2010-12-13 00:00:00,0.9,2010-12-13 00:00:00,0.8,0.8,142,21870000,17587560,2010-12-13 00:00:00,1
2010-12-14 00:00:00,2010-12-14 00:00:00,0.9,2010-12-14 00:00:00,0.7,0.8,141,16809800,13495460,2010-12-14 00:00:00,1
2010-12-15 00:00:00,2010-12-15 00:00:00,0.9,2010-12-15 00:00:00,0.7,0.8,83,4278900,3390100,2010-12-15 00:00:00,1
2010-12-16 00:00:00,2010-12-16 00:00:00,0.9,2010-12-16 00:00:00,0.8,0.8,64,1746800,1397840,2010-12-16 00:00:00,1
2010-12-17 00:00:00,2010-12-17 00:00:00,0.8,2010-12-17 00:00:00,0.7,0.8,47,3171600,2527210,2010-12-17 00:00:00,1
2010-12-21 00:00:00,2010-12-21 00:00:00,0.9,2010-12-21 00:00:00,0.7,0.8,45,2500000,1965920,2010-12-21 00:00:00,1
2010-12-22 00:00:00,2010-12-22 00:00:00,0.9,2010-12-22 00:00:00,0.8,0.8,63,5759300,4617600,2010-12-22 00:00:00,1
2010-12-23 00:00:00,2010-12-23 00:00:00,0.9,2010-12-23 00:00:00,0.8,0.8,36,1751100,1553390,2010-12-23 00:00:00,1
2010-12-24 00:00:00,2010-12-24 00:00:00,0.9,2010-12-24 00:00:00,0.8,0.9,29,418200,344700,2010-12-24 00:00:00,1
2010-12-27 00:00:00,2010-12-27 00:00:00,0.9,2010-12-27 00:00:00,0.8,0.9,87,2224900,1954160,2010-12-27 00:00:00,1
2010-12-28 00:00:00,2010-12-28 00:00:00,1,2010-12-28 00:00:00,0.8,0.9,296,26403000,23731020,2010-12-28 00:00:00,1
2010-12-29 00:00:00,2010-12-29 00:00:00,1,2010-12-29 00:00:00,0.8,0.9,215,12642100,11377250,2010-12-29 00:00:00,1
2010-12-30 00:00:00,2010-12-30 00:00:00,0.9,2010-12-30 00:00:00,0.7,0.8,262,28152400,22604430,2010-12-30 00:00:00,1
2010-12-31 00:00:00,2010-12-31 00:00:00,0.9,2010-12-31 00:00:00,0.8,0.8,89,2076300,1817670,2010-12-31 00:00:00,1
Company Id,:  SEMB,Security,Type :  W,Sub Type,:  0016,,,,,
Short Name,:  S M B LEASING,,,,,,,,,
Day,Date High,High,Date Low,Low,Closing,No. of Trades,No. of Shares,Turnover,Last Traded,Days Traded
2010-11-25 00:00:00,2010-11-25 00:00:00,0.5,2010-11-25 00:00:00,0.2,0.4,816,100025300,33173840,2010-11-25 00:00:00,1
2010-11-26 00:00:00,2010-11-26 00:00:00,0.5,2010-11-26 00:00:00,0.4,0.4,258,28791800,11554090,2010-11-26 00:00:00,1
2010-11-29 00:00:00,2010-11-29 00:00:00,0.4,2010-11-29 00:00:00,0.3,0.3,40,1041700,380720,2010-11-29 00:00:00,1
2010-11-30 00:00:00,2010-11-30 00:00:00,0.5,2010-11-30 00:00:00,0.4,0.5,169,36298900,14736510,2010-11-30 00:00:00,1
2010-12-01 00:00:00,2010-12-01 00:00:00,0.7,2010-12-01 00:00:00,0.4,0.6,1031,96675300,54354660,2010-12-01 00:00:00,1
2010-12-02 00:00:00,2010-12-02 00:00:00,0.9,2010-12-02 00:00:00,0.7,0.8,896,71972100,57122600,2010-12-02 00:00:00,1
2010-12-03 00:00:00,2010-12-03 00:00:00,0.7,2010-12-03 00:00:00,0.5,0.7,243,22640900,14690360,2010-12-03 00:00:00,1
2010-12-06 00:00:00,2010-12-06 00:00:00,0.7,2010-12-06 00:00:00,0.5,0.6,279,20657500,12555250,2010-12-06 00:00:00,1
2010-12-07 00:00:00,2010-12-07 00:00:00,0.7,2010-12-07 00:00:00,0.5,0.6,305,40745800,24399690,2010-12-07 00:00:00,1
2010-12-08 00:00:00,2010-12-08 00:00:00,0.7,2010-12-08 00:00:00,0.6,0.6,84,4602000,2801510,2010-12-08 00:00:00,1
2010-12-09 00:00:00,2010-12-09 00:00:00,0.8,2010-12-09 00:00:00,0.6,0.7,570,39809000,27878640,2010-12-09 00:00:00,1
2010-12-10 00:00:00,2010-12-10 00:00:00,0.8,2010-12-10 00:00:00,0.7,0.7,94,6162600,4330850,2010-12-10 00:00:00,1
2010-12-13 00:00:00,2010-12-13 00:00:00,0.8,2010-12-13 00:00:00,0.6,0.7,252,21619900,15157410,2010-12-13 00:00:00,1
2010-12-14 00:00:00,2010-12-14 00:00:00,0.7,2010-12-14 00:00:00,0.6,0.7,85,6422000,4420400,2010-12-14 00:00:00,1
2010-12-15 00:00:00,2010-12-15 00:00:00,0.7,2010-12-15 00:00:00,0.6,0.6,46,2701100,1724970,2010-12-15 00:00:00,1
2010-12-16 00:00:00,2010-12-16 00:00:00,0.8,2010-12-16 00:00:00,0.6,0.7,290,20532800,14371670,2010-12-16 00:00:00,1
2010-12-17 00:00:00,2010-12-17 00:00:00,0.8,2010-12-17 00:00:00,0.6,0.7,112,9798900,6849250,2010-12-17 00:00:00,1
2010-12-21 00:00:00,2010-12-21 00:00:00,0.7,2010-12-21 00:00:00,0.6,0.6,377,48767100,29292990,2010-12-21 00:00:00,1
2010-12-22 00:00:00,2010-12-22 00:00:00,0.7,2010-12-22 00:00:00,0.6,0.7,80,4343000,2895070,2010-12-22 00:00:00,1
2010-12-23 00:00:00,2010-12-23 00:00:00,0.7,2010-12-23 00:00:00,0.6,0.7,141,6858500,4773340,2010-12-23 00:00:00,1
2010-12-24 00:00:00,2010-12-24 00:00:00,0.7,2010-12-24 00:00:00,0.6,0.7,108,2320200,1602120,2010-12-24 00:00:00,1
2010-12-27 00:00:00,2010-12-27 00:00:00,0.7,2010-12-27 00:00:00,0.6,0.6,130,2587400,1785770,2010-12-27 00:00:00,1
2010-12-28 00:00:00,2010-12-28 00:00:00,0.7,2010-12-28 00:00:00,0.6,0.7,265,7185000,5025240,2010-12-28 00:00:00,1
2010-12-29 00:00:00,2010-12-29 00:00:00,0.7,2010-12-29 00:00:00,0.6,0.7,173,3364600,2269570,2010-12-29 00:00:00,1
2010-12-30 00:00:00,2010-12-30 00:00:00,0.7,2010-12-30 00:00:00,0.6,0.7,242,16796700,10176520,2010-12-30 00:00:00,1
2010-12-31 00:00:00,2010-12-31 00:00:00,0.7,2010-12-31 00:00:00,0.6,0.6,39,2538600,1587890,2010-12-31 00:00:00,1
Company Id,:  SEMB,Security,Type :  X,Sub Type,:  0000,,,,,
Short Name,:  S M B LEASING,,,,,,,,,
Day,Date High,High,Date Low,Low,Closing,No. of Trades,No. of Shares,Turnover,Last Traded,Days Traded
2010-01-04 00:00:00,2010-01-04 00:00:00,0.8,2010-01-04 00:00:00,0.7,0.7,72,107100,76970,2010-01-04 00:00:00,1
2010-01-05 00:00:00,2010-01-05 00:00:00,0.8,2010-01-05 00:00:00,0.7,0.7,11,426100,299670,2010-01-05 00:00:00,1
2010-01-06 00:00:00,2010-01-06 00:00:00,0.8,2010-01-06 00:00:00,0.7,0.8,5,63200,44450,2010-01-06 00:00:00,1
2010-01-07 00:00:00,2010-01-07 00:00:00,0.8,2010-01-07 00:00:00,0.7,0.7,5,127600,89330,2010-01-07 00:00:00,1
2010-01-08 00:00:00,2010-01-08 00:00:00,0.8,2010-01-08 00:00:00,0.7,0.7,28,577900,407030,2010-01-08 00:00:00,1
2010-01-11 00:00:00,2010-01-11 00:00:00,0.7,2010-01-11 00:00:00,0.7,0.7,15,55500,38850,2010-01-11 00:00:00,1
2010-01-12 00:00:00,2010-01-12 00:00:00,0.7,2010-01-12 00:00:00,0.7,0.7,14,287800,201460,2010-01-12 00:00:00,1
2010-01-13 00:00:00,2010-01-13 00:00:00,0.7,2010-01-13 00:00:00,0.7,0.7,13,202400,141680,2010-01-13 00:00:00,1
2010-01-15 00:00:00,2010-01-15 00:00:00,0.8,2010-01-15 00:00:00,0.7,0.8,6,36100,26870,2010-01-15 00:00:00,1
2010-01-18 00:00:00,2010-01-18 00:00:00,0.7,2010-01-18 00:00:00,0.7,0.7,6,184500,129150,2010-01-18 00:00:00,1
2010-01-19 00:00:00,2010-01-19 00:00:00,0.8,2010-01-19 00:00:00,0.7,0.8,54,2253500,1777450,2010-01-19 00:00:00,1
2010-01-20 00:00:00,2010-01-20 00:00:00,0.8,2010-01-20 00:00:00,0.7,0.7,46,29800,22400,2010-01-20 00:00:00,1
2010-01-21 00:00:00,2010-01-21 00:00:00,0.9,2010-01-21 00:00:00,0.7,0.8,122,11454300,9166380,2010-01-21 00:00:00,1
2010-01-22 00:00:00,2010-01-22 00:00:00,0.8,2010-01-22 00:00:00,0.8,0.8,18,1052200,841760,2010-01-22 00:00:00,1
2010-01-25 00:00:00,2010-01-25 00:00:00,0.9,2010-01-25 00:00:00,0.8,0.9,35,857500,721510,2010-01-25 00:00:00,1
2010-01-26 00:00:00,2010-01-26 00:00:00,0.9,2010-01-26 00:00:00,0.8,0.9,41,1358500,1117250,2010-01-26 00:00:00,1
2010-01-28 00:00:00,2010-01-28 00:00:00,1.2,2010-01-28 00:00:00,0.8,1,849,41292200,40011560,2010-01-28 00:00:00,1
2010-02-01 00:00:00,2010-02-01 00:00:00,1.2,2010-02-01 00:00:00,1,1.1,318,13301700,14880540,2010-02-01 00:00:00,1
2010-02-02 00:00:00,2010-02-02 00:00:00,1.3,2010-02-02 00:00:00,1.1,1.2,390,15915200,19123230,2010-02-02 00:00:00,1
2010-02-03 00:00:00,2010-02-03 00:00:00,1.2,2010-02-03 00:00:00,1.1,1.2,162,4561700,5473550,2010-02-03 00:00:00,1
2010-02-05 00:00:00,2010-02-05 00:00:00,1.4,2010-02-05 00:00:00,1.2,1.3,495,20850000,26917020,2010-02-05 00:00:00,1
2010-02-08 00:00:00,2010-02-08 00:00:00,1.4,2010-02-08 00:00:00,1.2,1.3,117,4238800,5534360,2010-02-08 00:00:00,1
2010-02-09 00:00:00,2010-02-09 00:00:00,1.3,2010-02-09 00:00:00,1.1,1.2,138,4613700,5569620,2010-02-09 00:00:00,1
2010-02-10 00:00:00,2010-02-10 00:00:00,1.2,2010-02-10 00:00:00,1.1,1.1,100,6548600,7225400,2010-02-10 00:00:00,1
2010-02-11 00:00:00,2010-02-11 00:00:00,1.2,2010-02-11 00:00:00,1.1,1.1,55,937100,1035870,2010-02-11 00:00:00,1
2010-02-12 00:00:00,2010-02-12 00:00:00,1.2,2010-02-12 00:00:00,1,1.1,58,2772400,3038720,2010-02-12 00:00:00,1
2010-02-15 00:00:00,2010-02-15 00:00:00,1.2,2010-02-15 00:00:00,1,1,19,1770600,1937400,2010-02-15 00:00:00,1
2010-02-16 00:00:00,2010-02-16 00:00:00,1.1,2010-02-16 00:00:00,1,1.1,48,1643500,1788100,2010-02-16 00:00:00,1
2010-02-17 00:00:00,2010-02-17 00:00:00,1.2,2010-02-17 00:00:00,1,1.1,94,1717900,1894790,2010-02-17 00:00:00,1
2010-02-18 00:00:00,2010-02-18 00:00:00,1.2,2010-02-18 00:00:00,1.1,1.1,57,1299400,1440260,2010-02-18 00:00:00,1
2010-02-19 00:00:00,2010-02-19 00:00:00,1.1,2010-02-19 00:00:00,1.1,1.1,28,857700,943470,2010-02-19 00:00:00,1
2010-02-22 00:00:00,2010-02-22 00:00:00,1.2,2010-02-22 00:00:00,1,1.1,39,442000,485690,2010-02-22 00:00:00,1
2010-02-23 00:00:00,2010-02-23 00:00:00,1.1,2010-02-23 00:00:00,1,1.1,11,61800,67900,2010-02-23 00:00:00,1
2010-02-24 00:00:00,2010-02-24 00:00:00,1.1,2010-02-24 00:00:00,1,1.1,31,775500,852420,2010-02-24 00:00:00,1
2010-02-25 00:00:00,2010-02-25 00:00:00,1.1,2010-02-25 00:00:00,1,1,7,370900,371910,2010-02-25 00:00:00,1
2010-02-26 00:00:00,2010-02-26 00:00:00,1.1,2010-02-26 00:00:00,1,1,9,145100,149410,2010-02-26 00:00:00,1
2010-03-01 00:00:00,2010-03-01 00:00:00,1.2,2010-03-01 00:00:00,1,1,98,1407200,1519170,2010-03-01 00:00:00,1
2010-03-02 00:00:00,2010-03-02 00:00:00,1.1,2010-03-02 00:00:00,1,1.1,15,199700,202360,2010-03-02 00:00:00,1
2010-03-03 00:00:00,2010-03-03 00:00:00,1,2010-03-03 00:00:00,1,1,96,2602500,2602500,2010-03-03 00:00:00,1
2010-03-04 00:00:00,2010-03-04 00:00:00,1,2010-03-04 00:00:00,0.9,0.9,46,772200,721200,2010-03-04 00:00:00,1
2010-03-05 00:00:00,2010-03-05 00:00:00,1,2010-03-05 00:00:00,1,1,12,78800,78800,2010-03-05 00:00:00,1
2010-03-08 00:00:00,2010-03-08 00:00:00,1,2010-03-08 00:00:00,0.9,0.9,15,30100,29200,2010-03-08 00:00:00,1
2010-03-09 00:00:00,2010-03-09 00:00:00,1,2010-03-09 00:00:00,0.9,0.9,33,541900,492380,2010-03-09 00:00:00,1
2010-03-10 00:00:00,2010-03-10 00:00:00,1,2010-03-10 00:00:00,0.9,0.9,29,495500,445960,2010-03-10 00:00:00,1
2010-03-11 00:00:00,2010-03-11 00:00:00,0.9,2010-03-11 00:00:00,0.9,0.9,7,34200,30780,2010-03-11 00:00:00,1
2010-03-12 00:00:00,2010-03-12 00:00:00,1,2010-03-12 00:00:00,0.9,0.9,16,402400,364900,2010-03-12 00:00:00,1
2010-03-15 00:00:00,2010-03-15 00:00:00,0.9,2010-03-15 00:00:00,0.9,0.9,2,3100,2790,2010-03-15 00:00:00,1
2010-03-16 00:00:00,2010-03-16 00:00:00,1,2010-03-16 00:00:00,0.9,0.9,42,1178400,1060740,2010-03-16 00:00:00,1
2010-03-17 00:00:00,2010-03-17 00:00:00,1,2010-03-17 00:00:00,0.9,0.9,43,783300,705300,2010-03-17 00:00:00,1
2010-03-18 00:00:00,2010-03-18 00:00:00,1,2010-03-18 00:00:00,0.9,0.9,9,41300,37580,2010-03-18 00:00:00,1
2010-03-19 00:00:00,2010-03-19 00:00:00,1,2010-03-19 00:00:00,0.9,0.9,31,591000,532710,2010-03-19 00:00:00,1
2010-03-22 00:00:00,2010-03-22 00:00:00,0.9,2010-03-22 00:00:00,0.9,0.9,3,154000,138600,2010-03-22 00:00:00,1
2010-03-23 00:00:00,2010-03-23 00:00:00,1,2010-03-23 00:00:00,0.9,0.9,27,449100,404200,2010-03-23 00:00:00,1
2010-03-24 00:00:00,2010-03-24 00:00:00,0.9,2010-03-24 00:00:00,0.9,0.9,7,17100,15390,2010-03-24 00:00:00,1
2010-03-25 00:00:00,2010-03-25 00:00:00,1,2010-03-25 00:00:00,0.8,0.9,22,489000,420150,2010-03-25 00:00:00,1
2010-03-26 00:00:00,2010-03-26 00:00:00,0.9,2010-03-26 00:00:00,0.8,0.9,9,298100,268190,2010-03-26 00:00:00,1
2010-03-30 00:00:00,2010-03-30 00:00:00,0.9,2010-03-30 00:00:00,0.8,0.8,9,230100,184090,2010-03-30 00:00:00,1
2010-03-31 00:00:00,2010-03-31 00:00:00,0.9,2010-03-31 00:00:00,0.8,0.8,20,468500,390640,2010-03-31 00:00:00,1
2010-04-01 00:00:00,2010-04-01 00:00:00,0.9,2010-04-01 00:00:00,0.9,0.9,39,884800,796320,2010-04-01 00:00:00,1
2010-04-05 00:00:00,2010-04-05 00:00:00,0.9,2010-04-05 00:00:00,0.9,0.9,3,20000,18000,2010-04-05 00:00:00,1
2010-04-06 00:00:00,2010-04-06 00:00:00,1,2010-04-06 00:00:00,0.9,0.9,12,80200,72480,2010-04-06 00:00:00,1
2010-04-07 00:00:00,2010-04-07 00:00:00,1,2010-04-07 00:00:00,1,1,5,15800,15800,2010-04-07 00:00:00,1
2010-04-08 00:00:00,2010-04-08 00:00:00,1,2010-04-08 00:00:00,1,1,6,105200,105200,2010-04-08 00:00:00,1
2010-04-12 00:00:00,2010-04-12 00:00:00,1,2010-04-12 00:00:00,0.9,0.9,32,772200,720590,2010-04-12 00:00:00,1
2010-04-15 00:00:00,2010-04-15 00:00:00,0.9,2010-04-15 00:00:00,0.9,0.9,12,86000,77400,2010-04-15 00:00:00,1
2010-04-16 00:00:00,2010-04-16 00:00:00,0.9,2010-04-16 00:00:00,0.9,0.9,7,91700,82530,2010-04-16 00:00:00,1
2010-04-19 00:00:00,2010-04-19 00:00:00,1,2010-04-19 00:00:00,0.9,0.9,17,253300,228520,2010-04-19 00:00:00,1
2010-04-20 00:00:00,2010-04-20 00:00:00,1,2010-04-20 00:00:00,0.9,0.9,25,452600,407540,2010-04-20 00:00:00,1
2010-04-21 00:00:00,2010-04-21 00:00:00,0.9,2010-04-21 00:00:00,0.8,0.9,19,448700,390970,2010-04-21 00:00:00,1
2010-04-22 00:00:00,2010-04-22 00:00:00,0.9,2010-04-22 00:00:00,0.8,0.9,14,177200,156460,2010-04-22 00:00:00,1
2010-04-23 00:00:00,2010-04-23 00:00:00,0.9,2010-04-23 00:00:00,0.8,0.9,16,496000,419910,2010-04-23 00:00:00,1
2010-04-26 00:00:00,2010-04-26 00:00:00,0.9,2010-04-26 00:00:00,0.8,0.9,19,152400,135020,2010-04-26 00:00:00,1
2010-04-27 00:00:00,2010-04-27 00:00:00,0.9,2010-04-27 00:00:00,0.8,0.9,12,346000,280930,2010-04-27 00:00:00,1
2010-04-29 00:00:00,2010-04-29 00:00:00,0.9,2010-04-29 00:00:00,0.8,0.8,35,317400,274510,2010-04-29 00:00:00,1
2010-04-30 00:00:00,2010-04-30 00:00:00,0.9,2010-04-30 00:00:00,0.8,0.9,22,804600,719040,2010-04-30 00:00:00,1
2010-05-03 00:00:00,2010-05-03 00:00:00,0.9,2010-05-03 00:00:00,0.8,0.9,50,1947800,1752420,2010-05-03 00:00:00,1
2010-05-04 00:00:00,2010-05-04 00:00:00,0.9,2010-05-04 00:00:00,0.9,0.9,23,429500,386550,2010-05-04 00:00:00,1
2010-05-05 00:00:00,2010-05-05 00:00:00,0.9,2010-05-05 00:00:00,0.8,0.9,14,119900,104410,2010-05-05 00:00:00,1
2010-05-06 00:00:00,2010-05-06 00:00:00,1,2010-05-06 00:00:00,0.9,0.9,32,896400,806790,2010-05-06 00:00:00,1
2010-05-07 00:00:00,2010-05-07 00:00:00,1,2010-05-07 00:00:00,0.9,0.9,22,608400,550560,2010-05-07 00:00:00,1
2010-05-10 00:00:00,2010-05-10 00:00:00,0.9,2010-05-10 00:00:00,0.9,0.9,20,432200,388980,2010-05-10 00:00:00,1
2010-05-11 00:00:00,2010-05-11 00:00:00,0.9,2010-05-11 00:00:00,0.8,0.9,13,266800,225120,2010-05-11 00:00:00,1
2010-05-12 00:00:00,2010-05-12 00:00:00,1,2010-05-12 00:00:00,0.8,0.9,34,1040200,937250,2010-05-12 00:00:00,1
2010-05-13 00:00:00,2010-05-13 00:00:00,0.9,2010-05-13 00:00:00,0.9,0.9,16,335000,301500,2010-05-13 00:00:00,1
2010-05-14 00:00:00,2010-05-14 00:00:00,0.9,2010-05-14 00:00:00,0.9,0.9,9,307100,276390,2010-05-14 00:00:00,1
2010-05-17 00:00:00,2010-05-17 00:00:00,1,2010-05-17 00:00:00,0.9,1,15,206200,200510,2010-05-17 00:00:00,1
2010-05-18 00:00:00,2010-05-18 00:00:00,1,2010-05-18 00:00:00,0.9,0.9,5,261000,235000,2010-05-18 00:00:00,1
2010-05-19 00:00:00,2010-05-19 00:00:00,1,2010-05-19 00:00:00,0.9,0.9,23,216200,194590,2010-05-19 00:00:00,1
2010-05-20 00:00:00,2010-05-20 00:00:00,0.9,2010-05-20 00:00:00,0.9,0.9,12,106200,95580,2010-05-20 00:00:00,1
2010-05-21 00:00:00,2010-05-21 00:00:00,0.9,2010-05-21 00:00:00,0.8,0.9,3,5200,4580,2010-05-21 00:00:00,1
2010-05-24 00:00:00,2010-05-24 00:00:00,0.9,2010-05-24 00:00:00,0.8,0.9,10,524100,470690,2010-05-24 00:00:00,1
2010-05-25 00:00:00,2010-05-25 00:00:00,0.9,2010-05-25 00:00:00,0.8,0.9,4,14000,11400,2010-05-25 00:00:00,1
2010-05-26 00:00:00,2010-05-26 00:00:00,0.9,2010-05-26 00:00:00,0.8,0.9,5,104400,93740,2010-05-26 00:00:00,1
2010-05-31 00:00:00,2010-05-31 00:00:00,0.9,2010-05-31 00:00:00,0.9,0.9,6,183600,165240,2010-05-31 00:00:00,1
2010-06-01 00:00:00,2010-06-01 00:00:00,0.9,2010-06-01 00:00:00,0.9,0.9,9,153000,137700,2010-06-01 00:00:00,1
2010-06-02 00:00:00,2010-06-02 00:00:00,0.9,2010-06-02 00:00:00,0.8,0.9,16,73900,65340,2010-06-02 00:00:00,1
2010-06-03 00:00:00,2010-06-03 00:00:00,1,2010-06-03 00:00:00,0.9,0.9,49,591900,532840,2010-06-03 00:00:00,1
2010-06-04 00:00:00,2010-06-04 00:00:00,0.9,2010-06-04 00:00:00,0.9,0.9,9,133000,119700,2010-06-04 00:00:00,1
2010-06-07 00:00:00,2010-06-07 00:00:00,1,2010-06-07 00:00:00,0.8,0.9,21,748400,678550,2010-06-07 00:00:00,1
2010-06-08 00:00:00,2010-06-08 00:00:00,1.1,2010-06-08 00:00:00,1,1,196,4988300,4988470,2010-06-08 00:00:00,1
2010-06-09 00:00:00,2010-06-09 00:00:00,1.3,2010-06-09 00:00:00,1,1.1,337,13968100,16401530,2010-06-09 00:00:00,1
2010-06-10 00:00:00,2010-06-10 00:00:00,1.2,2010-06-10 00:00:00,1,1.1,70,1576100,1741810,2010-06-10 00:00:00,1
2010-06-11 00:00:00,2010-06-11 00:00:00,1.1,2010-06-11 00:00:00,1,1,28,575500,597250,2010-06-11 00:00:00,1
2010-06-14 00:00:00,2010-06-14 00:00:00,1.1,2010-06-14 00:00:00,1,1,24,1204100,1214100,2010-06-14 00:00:00,1
2010-06-15 00:00:00,2010-06-15 00:00:00,1.1,2010-06-15 00:00:00,1,1,31,778000,783000,2010-06-15 00:00:00,1
2010-06-16 00:00:00,2010-06-16 00:00:00,1.1,2010-06-16 00:00:00,1,1,12,621400,626500,2010-06-16 00:00:00,1
2010-06-17 00:00:00,2010-06-17 00:00:00,1.1,2010-06-17 00:00:00,1,1.1,33,154500,165150,2010-06-17 00:00:00,1
2010-06-21 00:00:00,2010-06-21 00:00:00,1.2,2010-06-21 00:00:00,1.1,1.1,124,3391900,3762890,2010-06-21 00:00:00,1
2010-06-22 00:00:00,2010-06-22 00:00:00,1.2,2010-06-22 00:00:00,1.1,1.1,84,4035600,4476660,2010-06-22 00:00:00,1
2010-06-23 00:00:00,2010-06-23 00:00:00,1.4,2010-06-23 00:00:00,1.1,1.1,55,2151900,2457120,2010-06-23 00:00:00,1
2010-06-24 00:00:00,2010-06-24 00:00:00,1.1,2010-06-24 00:00:00,1.1,1.1,44,725800,798380,2010-06-24 00:00:00,1
2010-06-28 00:00:00,2010-06-28 00:00:00,1.1,2010-06-28 00:00:00,1.1,1.1,29,526100,578710,2010-06-28 00:00:00,1
2010-06-29 00:00:00,2010-06-29 00:00:00,1.2,2010-06-29 00:00:00,1.1,1.1,10,157300,175030,2010-06-29 00:00:00,1
2010-06-30 00:00:00,2010-06-30 00:00:00,1.2,2010-06-30 00:00:00,1.1,1.1,17,312600,343960,2010-06-30 00:00:00,1
2010-07-01 00:00:00,2010-07-01 00:00:00,1.4,2010-07-01 00:00:00,1.1,1.3,593,29793500,37653480,2010-07-01 00:00:00,1
2010-07-02 00:00:00,2010-07-02 00:00:00,2.1,2010-07-02 00:00:00,1.4,1.6,1756,63434700,111711860,2010-07-02 00:00:00,1
2010-07-05 00:00:00,2010-07-05 00:00:00,1.8,2010-07-05 00:00:00,1.5,1.6,382,8961400,14525610,2010-07-05 00:00:00,1
2010-07-06 00:00:00,2010-07-06 00:00:00,1.7,2010-07-06 00:00:00,1.4,1.4,202,6237100,9434190,2010-07-06 00:00:00,1
2010-07-07 00:00:00,2010-07-07 00:00:00,1.7,2010-07-07 00:00:00,1.3,1.4,196,4206100,5744060,2010-07-07 00:00:00,1
2010-07-08 00:00:00,2010-07-08 00:00:00,1.6,2010-07-08 00:00:00,1.4,1.5,121,2645000,3997240,2010-07-08 00:00:00,1
2010-07-09 00:00:00,2010-07-09 00:00:00,1.7,2010-07-09 00:00:00,1.5,1.5,234,5098900,8162850,2010-07-09 00:00:00,1
2010-07-12 00:00:00,2010-07-12 00:00:00,1.7,2010-07-12 00:00:00,1.5,1.6,76,1395900,2242650,2010-07-12 00:00:00,1
2010-07-13 00:00:00,2010-07-13 00:00:00,1.7,2010-07-13 00:00:00,1.5,1.6,98,2241800,3584810,2010-07-13 00:00:00,1
2010-07-14 00:00:00,2010-07-14 00:00:00,1.7,2010-07-14 00:00:00,1.6,1.6,52,793600,1276930,2010-07-14 00:00:00,1
2010-07-15 00:00:00,2010-07-15 00:00:00,1.6,2010-07-15 00:00:00,1.5,1.5,112,1324100,2098260,2010-07-15 00:00:00,1
2010-07-16 00:00:00,2010-07-16 00:00:00,1.6,2010-07-16 00:00:00,1.5,1.5,58,613600,955370,2010-07-16 00:00:00,1
2010-07-19 00:00:00,2010-07-19 00:00:00,1.6,2010-07-19 00:00:00,1.5,1.6,71,1620700,2500060,2010-07-19 00:00:00,1
2010-07-20 00:00:00,2010-07-20 00:00:00,1.6,2010-07-20 00:00:00,1.5,1.5,37,397300,633580,2010-07-20 00:00:00,1
2010-07-21 00:00:00,2010-07-21 00:00:00,1.6,2010-07-21 00:00:00,1.5,1.6,60,380300,604030,2010-07-21 00:00:00,1
2010-07-22 00:00:00,2010-07-22 00:00:00,1.6,2010-07-22 00:00:00,1.5,1.5,62,1074100,1633250,2010-07-22 00:00:00,1
2010-07-23 00:00:00,2010-07-23 00:00:00,1.6,2010-07-23 00:00:00,1.5,1.5,43,530600,799500,2010-07-23 00:00:00,1
2010-07-26 00:00:00,2010-07-26 00:00:00,1.6,2010-07-26 00:00:00,1.5,1.5,33,154300,235430,2010-07-26 00:00:00,1
2010-07-27 00:00:00,2010-07-27 00:00:00,1.6,2010-07-27 00:00:00,1.5,1.5,93,1282800,1925350,2010-07-27 00:00:00,1
2010-07-28 00:00:00,2010-07-28 00:00:00,1.6,2010-07-28 00:00:00,1.5,1.5,51,1152200,1728310,2010-07-28 00:00:00,1
2010-07-29 00:00:00,2010-07-29 00:00:00,1.6,2010-07-29 00:00:00,1.4,1.5,45,637100,955480,2010-07-29 00:00:00,1
2010-07-30 00:00:00,2010-07-30 00:00:00,1.5,2010-07-30 00:00:00,1.4,1.4,94,2918000,4187000,2010-07-30 00:00:00,1
2010-08-02 00:00:00,2010-08-02 00:00:00,1.6,2010-08-02 00:00:00,1.4,1.5,160,4587700,6892180,2010-08-02 00:00:00,1
2010-08-03 00:00:00,2010-08-03 00:00:00,1.6,2010-08-03 00:00:00,1.5,1.5,127,2500700,3795200,2010-08-03 00:00:00,1
2010-08-04 00:00:00,2010-08-04 00:00:00,1.5,2010-08-04 00:00:00,1.4,1.5,58,644400,956600,2010-08-04 00:00:00,1
2010-08-05 00:00:00,2010-08-05 00:00:00,1.5,2010-08-05 00:00:00,1.4,1.4,129,1437100,2015450,2010-08-05 00:00:00,1
2010-08-06 00:00:00,2010-08-06 00:00:00,1.4,2010-08-06 00:00:00,1.3,1.4,108,2091800,2749550,2010-08-06 00:00:00,1
2010-08-09 00:00:00,2010-08-09 00:00:00,1.3,2010-08-09 00:00:00,1.3,1.3,44,390600,507780,2010-08-09 00:00:00,1
2010-08-10 00:00:00,2010-08-10 00:00:00,1.4,2010-08-10 00:00:00,1.2,1.4,154,3141700,4117050,2010-08-10 00:00:00,1
2010-08-11 00:00:00,2010-08-11 00:00:00,1.5,2010-08-11 00:00:00,1.4,1.4,93,1637100,2303740,2010-08-11 00:00:00,1
2010-08-12 00:00:00,2010-08-12 00:00:00,1.5,2010-08-12 00:00:00,1.3,1.4,34,293900,411770,2010-08-12 00:00:00,1
2010-08-13 00:00:00,2010-08-13 00:00:00,1.4,2010-08-13 00:00:00,1.3,1.4,20,167900,233810,2010-08-13 00:00:00,1
2010-08-16 00:00:00,2010-08-16 00:00:00,1.5,2010-08-16 00:00:00,1.4,1.4,47,932100,1321150,2010-08-16 00:00:00,1
2010-08-17 00:00:00,2010-08-17 00:00:00,1.5,2010-08-17 00:00:00,1.3,1.5,102,2847400,4236650,2010-08-17 00:00:00,1
2010-08-18 00:00:00,2010-08-18 00:00:00,1.6,2010-08-18 00:00:00,1.6,1.6,178,3659600,5855360,2010-08-18 00:00:00,1
2010-08-19 00:00:00,2010-08-19 00:00:00,1.7,2010-08-19 00:00:00,1.7,1.7,131,2316900,3938730,2010-08-19 00:00:00,1
2010-08-20 00:00:00,2010-08-20 00:00:00,1.8,2010-08-20 00:00:00,1.8,1.8,241,2776200,4997160,2010-08-20 00:00:00,1
2010-08-23 00:00:00,2010-08-23 00:00:00,1.9,2010-08-23 00:00:00,1.9,1.9,211,1033100,1962890,2010-08-23 00:00:00,1
2010-08-25 00:00:00,2010-08-25 00:00:00,2,2010-08-25 00:00:00,2,2,869,797900,1595800,2010-08-25 00:00:00,1
2010-08-26 00:00:00,2010-08-26 00:00:00,2.2,2010-08-26 00:00:00,2.2,2.2,254,1089900,2397780,2010-08-26 00:00:00,1
2010-08-27 00:00:00,2010-08-27 00:00:00,2.4,2010-08-27 00:00:00,2.4,2.4,286,1101600,2643840,2010-08-27 00:00:00,1
2010-08-30 00:00:00,2010-08-30 00:00:00,2.6,2010-08-30 00:00:00,2.6,2.6,70,695700,1808820,2010-08-30 00:00:00,1
2010-08-31 00:00:00,2010-08-31 00:00:00,2.8,2010-08-31 00:00:00,2.4,2.4,1390,28433400,74131310,2010-08-31 00:00:00,1
2010-09-01 00:00:00,2010-09-01 00:00:00,2.5,2010-09-01 00:00:00,2.2,2.4,469,9751800,22396710,2010-09-01 00:00:00,1
2010-09-02 00:00:00,2010-09-02 00:00:00,2.6,2010-09-02 00:00:00,2.4,2.4,202,2437100,5952940,2010-09-02 00:00:00,1
2010-09-03 00:00:00,2010-09-03 00:00:00,2.5,2010-09-03 00:00:00,2.2,2.3,252,3093600,7209920,2010-09-03 00:00:00,1
2010-09-06 00:00:00,2010-09-06 00:00:00,2.4,2010-09-06 00:00:00,2.2,2.2,160,2035400,4564900,2010-09-06 00:00:00,1
2010-09-07 00:00:00,2010-09-07 00:00:00,2.3,2010-09-07 00:00:00,2.2,2.2,141,2327800,5129000,2010-09-07 00:00:00,1
2010-09-08 00:00:00,2010-09-08 00:00:00,2.4,2010-09-08 00:00:00,2.3,2.4,199,3311800,7876190,2010-09-08 00:00:00,1
2010-09-09 00:00:00,2010-09-09 00:00:00,2.6,2010-09-09 00:00:00,2.4,2.4,344,4795300,11974280,2010-09-09 00:00:00,1
2010-09-13 00:00:00,2010-09-13 00:00:00,2.6,2010-09-13 00:00:00,2.3,2.3,310,5666800,13871350,2010-09-13 00:00:00,1
2010-09-14 00:00:00,2010-09-14 00:00:00,2.5,2010-09-14 00:00:00,2.3,2.4,136,1776900,4219230,2010-09-14 00:00:00,1
2010-09-15 00:00:00,2010-09-15 00:00:00,2.5,2010-09-15 00:00:00,2.4,2.4,76,683700,1642340,2010-09-15 00:00:00,1
2010-09-16 00:00:00,2010-09-16 00:00:00,2.5,2010-09-16 00:00:00,2.4,2.5,94,583400,1413700,2010-09-16 00:00:00,1
2010-09-17 00:00:00,2010-09-17 00:00:00,2.5,2010-09-17 00:00:00,2.4,2.5,171,2346800,5862260,2010-09-17 00:00:00,1
2010-09-20 00:00:00,2010-09-20 00:00:00,2.5,2010-09-20 00:00:00,2.4,2.4,78,1015800,2473920,2010-09-20 00:00:00,1
2010-09-21 00:00:00,2010-09-21 00:00:00,2.5,2010-09-21 00:00:00,2.3,2.4,81,782300,1836630,2010-09-21 00:00:00,1
2010-09-23 00:00:00,2010-09-23 00:00:00,2.4,2010-09-23 00:00:00,2.3,2.3,86,931300,2157620,2010-09-23 00:00:00,1
2010-09-24 00:00:00,2010-09-24 00:00:00,2.4,2010-09-24 00:00:00,2.2,2.3,91,927200,2118420,2010-09-24 00:00:00,1
2010-09-27 00:00:00,2010-09-27 00:00:00,2.3,2010-09-27 00:00:00,2.2,2.2,102,1389800,3068400,2010-09-27 00:00:00,1
2010-09-28 00:00:00,2010-09-28 00:00:00,2.3,2010-09-28 00:00:00,2.1,2.2,77,767900,1665600,2010-09-28 00:00:00,1
2010-09-29 00:00:00,2010-09-29 00:00:00,2.3,2010-09-29 00:00:00,2.1,2.2,107,1428500,3141370,2010-09-29 00:00:00,1
2010-09-30 00:00:00,2010-09-30 00:00:00,2.2,2010-09-30 00:00:00,2.1,2.2,104,1432300,3098400,2010-09-30 00:00:00,1
2010-10-01 00:00:00,2010-10-01 00:00:00,2.2,2010-10-01 00:00:00,2.1,2.1,93,1215200,2602660,2010-10-01 00:00:00,1
2010-10-04 00:00:00,2010-10-04 00:00:00,2.2,2010-10-04 00:00:00,2,2.1,115,1762100,3714170,2010-10-04 00:00:00,1
2010-10-05 00:00:00,2010-10-05 00:00:00,2.1,2010-10-05 00:00:00,1.9,1.9,153,1585700,3153400,2010-10-05 00:00:00,1
2010-10-06 00:00:00,2010-10-06 00:00:00,2,2010-10-06 00:00:00,1.8,1.9,188,2455800,4548990,2010-10-06 00:00:00,1
2010-10-07 00:00:00,2010-10-07 00:00:00,1.9,2010-10-07 00:00:00,1.5,1.8,210,2532300,4417860,2010-10-07 00:00:00,1
2010-10-08 00:00:00,2010-10-08 00:00:00,1.3,2010-10-08 00:00:00,1,1.3,506,10049800,11552410,2010-10-08 00:00:00,1
2010-10-11 00:00:00,2010-10-11 00:00:00,1.4,2010-10-11 00:00:00,1.2,1.2,141,2741500,3412930,2010-10-11 00:00:00,1
2010-10-12 00:00:00,2010-10-12 00:00:00,1.2,2010-10-12 00:00:00,1,1,87,1706900,1839020,2010-10-12 00:00:00,1
2010-10-13 00:00:00,2010-10-13 00:00:00,1.1,2010-10-13 00:00:00,1,1,123,2158100,2208360,2010-10-13 00:00:00,1
2010-10-14 00:00:00,2010-10-14 00:00:00,1.2,2010-10-14 00:00:00,1,1.1,80,1585400,1751690,2010-10-14 00:00:00,1
2010-10-15 00:00:00,2010-10-15 00:00:00,1.1,2010-10-15 00:00:00,1,1,59,833600,874320,2010-10-15 00:00:00,1
2010-10-18 00:00:00,2010-10-18 00:00:00,1,2010-10-18 00:00:00,0.9,1,111,1879700,1879250,2010-10-18 00:00:00,1
2010-10-19 00:00:00,2010-10-19 00:00:00,1,2010-10-19 00:00:00,0.9,0.9,37,500300,456960,2010-10-19 00:00:00,1
2010-10-20 00:00:00,2010-10-20 00:00:00,1,2010-10-20 00:00:00,0.9,0.9,64,879900,805410,2010-10-20 00:00:00,1
2010-10-21 00:00:00,2010-10-21 00:00:00,0.9,2010-10-21 00:00:00,0.8,0.9,52,932700,803530,2010-10-21 00:00:00,1
2010-10-25 00:00:00,2010-10-25 00:00:00,0.9,2010-10-25 00:00:00,0.8,0.8,61,690000,553230,2010-10-25 00:00:00,1
2010-10-26 00:00:00,2010-10-26 00:00:00,0.9,2010-10-26 00:00:00,0.8,0.8,55,966600,773670,2010-10-26 00:00:00,1
2010-10-27 00:00:00,2010-10-27 00:00:00,0.8,2010-10-27 00:00:00,0.7,0.8,13,154500,110960,2010-10-27 00:00:00,1
2010-10-28 00:00:00,2010-10-28 00:00:00,0.8,2010-10-28 00:00:00,0.7,0.8,29,267300,211840,2010-10-28 00:00:00,1
2010-10-29 00:00:00,2010-10-29 00:00:00,0.8,2010-10-29 00:00:00,0.7,0.8,46,804400,596520,2010-10-29 00:00:00,1
2010-11-01 00:00:00,2010-11-01 00:00:00,0.9,2010-11-01 00:00:00,0.8,0.8,28,498000,406450,2010-11-01 00:00:00,1
2010-11-02 00:00:00,2010-11-02 00:00:00,0.9,2010-11-02 00:00:00,0.8,0.9,30,267600,216500,2010-11-02 00:00:00,1
2010-11-03 00:00:00,2010-11-03 00:00:00,0.9,2010-11-03 00:00:00,0.8,0.9,57,501300,449170,2010-11-03 00:00:00,1
2010-11-04 00:00:00,2010-11-04 00:00:00,1,2010-11-04 00:00:00,0.8,0.9,132,2991500,2691370,2010-11-04 00:00:00,1
2010-11-08 00:00:00,2010-11-08 00:00:00,1,2010-11-08 00:00:00,0.9,1,53,493800,453250,2010-11-08 00:00:00,1
2010-11-09 00:00:00,2010-11-09 00:00:00,1,2010-11-09 00:00:00,0.9,0.9,37,705800,635780,2010-11-09 00:00:00,1
2010-11-10 00:00:00,2010-11-10 00:00:00,1,2010-11-10 00:00:00,0.8,0.9,72,931400,837390,2010-11-10 00:00:00,1
2010-11-11 00:00:00,2010-11-11 00:00:00,0.9,2010-11-11 00:00:00,0.8,0.9,26,461300,414970,2010-11-11 00:00:00,1
2010-11-12 00:00:00,2010-11-12 00:00:00,0.9,2010-11-12 00:00:00,0.8,0.8,42,311200,273170,2010-11-12 00:00:00,1
2010-11-15 00:00:00,2010-11-15 00:00:00,0.9,2010-11-15 00:00:00,0.8,0.9,14,196000,165600,2010-11-15 00:00:00,1
2010-11-16 00:00:00,2010-11-16 00:00:00,0.9,2010-11-16 00:00:00,0.8,0.8,9,104000,84010,2010-11-16 00:00:00,1
2010-11-18 00:00:00,2010-11-18 00:00:00,1,2010-11-18 00:00:00,0.9,0.9,115,2374000,2158010,2010-11-18 00:00:00,1
2010-11-22 00:00:00,2010-11-22 00:00:00,1.2,2010-11-22 00:00:00,0.9,1,367,11196300,11700340,2010-11-22 00:00:00,1
2010-11-23 00:00:00,2010-11-23 00:00:00,0.8,2010-11-23 00:00:00,0.7,0.8,589,31578700,24832740,2010-11-23 00:00:00,1
2010-11-24 00:00:00,2010-11-24 00:00:00,1,2010-11-24 00:00:00,0.8,0.9,660,43120800,38573150,2010-11-24 00:00:00,1
2010-11-25 00:00:00,2010-11-25 00:00:00,1,2010-11-25 00:00:00,0.8,0.9,396,24629800,22144290,2010-11-25 00:00:00,1
2010-11-26 00:00:00,2010-11-26 00:00:00,0.9,2010-11-26 00:00:00,0.8,0.8,288,18742800,15706380,2010-11-26 00:00:00,1
2010-11-29 00:00:00,2010-11-29 00:00:00,0.9,2010-11-29 00:00:00,0.8,0.8,300,16721800,13390010,2010-11-29 00:00:00,1
2010-11-30 00:00:00,2010-11-30 00:00:00,0.9,2010-11-30 00:00:00,0.8,0.9,215,18502400,16469150,2010-11-30 00:00:00,1
2010-12-01 00:00:00,2010-12-01 00:00:00,1.1,2010-12-01 00:00:00,0.8,1,796,79239900,77829740,2010-12-01 00:00:00,1
2010-12-02 00:00:00,2010-12-02 00:00:00,1.3,2010-12-02 00:00:00,1,1.1,1044,75328200,85982750,2010-12-02 00:00:00,1
2010-12-03 00:00:00,2010-12-03 00:00:00,1.1,2010-12-03 00:00:00,0.9,1,327,12910500,13121290,2010-12-03 00:00:00,1
2010-12-06 00:00:00,2010-12-06 00:00:00,1,2010-12-06 00:00:00,0.9,0.9,157,9821100,9410040,2010-12-06 00:00:00,1
2010-12-07 00:00:00,2010-12-07 00:00:00,1,2010-12-07 00:00:00,0.9,0.9,55,2764800,2495220,2010-12-07 00:00:00,1
2010-12-08 00:00:00,2010-12-08 00:00:00,1,2010-12-08 00:00:00,0.9,0.9,76,3716700,3466770,2010-12-08 00:00:00,1
2010-12-09 00:00:00,2010-12-09 00:00:00,1.1,2010-12-09 00:00:00,0.9,1,231,15733700,15736050,2010-12-09 00:00:00,1
2010-12-10 00:00:00,2010-12-10 00:00:00,1.1,2010-12-10 00:00:00,1,1,93,2266300,2295790,2010-12-10 00:00:00,1
2010-12-13 00:00:00,2010-12-13 00:00:00,1.1,2010-12-13 00:00:00,1,1,246,12368900,12373160,2010-12-13 00:00:00,1
2010-12-14 00:00:00,2010-12-14 00:00:00,1.1,2010-12-14 00:00:00,0.9,0.9,120,6459900,5909070,2010-12-14 00:00:00,1
2010-12-15 00:00:00,2010-12-15 00:00:00,1,2010-12-15 00:00:00,0.9,0.9,56,257800,240070,2010-12-15 00:00:00,1
2010-12-16 00:00:00,2010-12-16 00:00:00,1,2010-12-16 00:00:00,0.9,1,30,695900,693020,2010-12-16 00:00:00,1
2010-12-17 00:00:00,2010-12-17 00:00:00,1,2010-12-17 00:00:00,0.9,1,93,1137600,1129830,2010-12-17 00:00:00,1
2010-12-21 00:00:00,2010-12-21 00:00:00,1,2010-12-21 00:00:00,0.9,0.9,114,1503200,1419300,2010-12-21 00:00:00,1
2010-12-22 00:00:00,2010-12-22 00:00:00,1,2010-12-22 00:00:00,0.9,1,91,3410200,3384850,2010-12-22 00:00:00,1
2010-12-23 00:00:00,2010-12-23 00:00:00,1,2010-12-23 00:00:00,0.9,1,144,1927500,1922590,2010-12-23 00:00:00,1
2010-12-24 00:00:00,2010-12-24 00:00:00,1,2010-12-24 00:00:00,0.9,1,119,1514200,1491180,2010-12-24 00:00:00,1
2010-12-27 00:00:00,2010-12-27 00:00:00,1,2010-12-27 00:00:00,0.9,1,118,3368400,3343070,2010-12-27 00:00:00,1
2010-12-28 00:00:00,2010-12-28 00:00:00,1.1,2010-12-28 00:00:00,1,1,306,9709100,9709630,2010-12-28 00:00:00,1
2010-12-29 00:00:00,2010-12-29 00:00:00,1.1,2010-12-29 00:00:00,1,1,198,2429000,2442450,2010-12-29 00:00:00,1
2010-12-30 00:00:00,2010-12-30 00:00:00,1.1,2010-12-30 00:00:00,0.9,1,370,16868100,16864240,2010-12-30 00:00:00,1
2010-12-31 00:00:00,2010-12-31 00:00:00,1.1,2010-12-31 00:00:00,0.9,1,186,6484000,6483660,2010-12-31 00:00:00,1
Company Id,:  SERV,Security,Type :  N,Sub Type,:  0000,,,,,
Short Name,:  HOTEL SERVICES,,,,,,,,,
Day,Date High,High,Date Low,Low,Closing,No. of Trades,No. of Shares,Turnover,Last Traded,Days Traded
2010-01-04 00:00:00,2010-01-04 00:00:00,19.25,2010-01-04 00:00:00,19,19,118,433800,8278525,2010-01-04 00:00:00,1
2010-01-05 00:00:00,2010-01-05 00:00:00,19.25,2010-01-05 00:00:00,19,19,528,2996700,56944225,2010-01-05 00:00:00,1
2010-01-06 00:00:00,2010-01-06 00:00:00,19.75,2010-01-06 00:00:00,19,19,372,3092700,59036700,2010-01-06 00:00:00,1
2010-01-07 00:00:00,2010-01-07 00:00:00,19.75,2010-01-07 00:00:00,19,19.5,121,842500,16397425,2010-01-07 00:00:00,1
2010-01-08 00:00:00,2010-01-08 00:00:00,20.25,2010-01-08 00:00:00,19.75,20,266,832200,16642825,2010-01-08 00:00:00,1
2010-01-11 00:00:00,2010-01-11 00:00:00,20.25,2010-01-11 00:00:00,19.5,19.5,53,82200,1624925,2010-01-11 00:00:00,1
2010-01-12 00:00:00,2010-01-12 00:00:00,19.75,2010-01-12 00:00:00,18.75,19,165,397100,7561875,2010-01-12 00:00:00,1
2010-01-13 00:00:00,2010-01-13 00:00:00,19.75,2010-01-13 00:00:00,18.75,19,87,250600,4798950,2010-01-13 00:00:00,1
2010-01-15 00:00:00,2010-01-15 00:00:00,19.5,2010-01-15 00:00:00,19,19,103,414700,7957675,2010-01-15 00:00:00,1
2010-01-18 00:00:00,2010-01-18 00:00:00,19.5,2010-01-18 00:00:00,18.75,19,48,131400,2500750,2010-01-18 00:00:00,1
2010-01-19 00:00:00,2010-01-19 00:00:00,19,2010-01-19 00:00:00,18.5,18.75,38,63500,1185125,2010-01-19 00:00:00,1
2010-01-20 00:00:00,2010-01-20 00:00:00,18.75,2010-01-20 00:00:00,18.5,18.75,42,136800,2552275,2010-01-20 00:00:00,1
2010-01-21 00:00:00,2010-01-21 00:00:00,19,2010-01-21 00:00:00,18.75,18.75,18,24000,451000,2010-01-21 00:00:00,1
2010-01-22 00:00:00,2010-01-22 00:00:00,19,2010-01-22 00:00:00,18.5,19,59,62200,1169900,2010-01-22 00:00:00,1
2010-01-25 00:00:00,2010-01-25 00:00:00,19,2010-01-25 00:00:00,18.75,19,56,94600,1787725,2010-01-25 00:00:00,1
2010-01-26 00:00:00,2010-01-26 00:00:00,19,2010-01-26 00:00:00,18.5,18.75,19,23500,439275,2010-01-26 00:00:00,1
2010-01-28 00:00:00,2010-01-28 00:00:00,18.75,2010-01-28 00:00:00,18.25,18.5,95,167600,3093950,2010-01-28 00:00:00,1
2010-02-01 00:00:00,2010-02-01 00:00:00,18.75,2010-02-01 00:00:00,18.5,18.5,70,101600,1892700,2010-02-01 00:00:00,1
2010-02-02 00:00:00,2010-02-02 00:00:00,18.75,2010-02-02 00:00:00,18.25,18.25,86,90300,1662675,2010-02-02 00:00:00,1
2010-02-03 00:00:00,2010-02-03 00:00:00,18.5,2010-02-03 00:00:00,18,18.25,40,71400,1303975,2010-02-03 00:00:00,1
2010-02-05 00:00:00,2010-02-05 00:00:00,18.5,2010-02-05 00:00:00,18,18.25,65,63600,1161725,2010-02-05 00:00:00,1
2010-02-08 00:00:00,2010-02-08 00:00:00,18.25,2010-02-08 00:00:00,17.75,18,89,130800,2354250,2010-02-08 00:00:00,1
2010-02-09 00:00:00,2010-02-09 00:00:00,18,2010-02-09 00:00:00,17.75,18,69,117000,2104025,2010-02-09 00:00:00,1
2010-02-10 00:00:00,2010-02-10 00:00:00,18.75,2010-02-10 00:00:00,17.5,17.75,62,140700,2497825,2010-02-10 00:00:00,1
2010-02-11 00:00:00,2010-02-11 00:00:00,17.75,2010-02-11 00:00:00,17.5,17.75,39,245800,4362750,2010-02-11 00:00:00,1
2010-02-12 00:00:00,2010-02-12 00:00:00,17.75,2010-02-12 00:00:00,17.25,17.5,64,78100,1364200,2010-02-12 00:00:00,1
2010-02-15 00:00:00,2010-02-15 00:00:00,17.75,2010-02-15 00:00:00,17.25,17.5,25,19300,337025,2010-02-15 00:00:00,1
2010-02-16 00:00:00,2010-02-16 00:00:00,17.5,2010-02-16 00:00:00,17.25,17.5,15,21500,376125,2010-02-16 00:00:00,1
2010-02-17 00:00:00,2010-02-17 00:00:00,18,2010-02-17 00:00:00,17,17.25,40,51300,887150,2010-02-17 00:00:00,1
2010-02-18 00:00:00,2010-02-18 00:00:00,17.75,2010-02-18 00:00:00,16.5,16.75,74,84700,1422700,2010-02-18 00:00:00,1
2010-02-19 00:00:00,2010-02-19 00:00:00,17.25,2010-02-19 00:00:00,16.5,17,27,60400,1027275,2010-02-19 00:00:00,1
2010-02-22 00:00:00,2010-02-22 00:00:00,18.25,2010-02-22 00:00:00,17,17.5,63,82100,1459075,2010-02-22 00:00:00,1
2010-02-23 00:00:00,2010-02-23 00:00:00,17.75,2010-02-23 00:00:00,17.25,17.5,13,16600,289725,2010-02-23 00:00:00,1
2010-02-24 00:00:00,2010-02-24 00:00:00,17.75,2010-02-24 00:00:00,17.25,17.25,26,25300,439650,2010-02-24 00:00:00,1
2010-02-25 00:00:00,2010-02-25 00:00:00,17.25,2010-02-25 00:00:00,17,17,22,23400,401650,2010-02-25 00:00:00,1
2010-02-26 00:00:00,2010-02-26 00:00:00,17.5,2010-02-26 00:00:00,17.25,17.5,6,11000,191000,2010-02-26 00:00:00,1
2010-03-01 00:00:00,2010-03-01 00:00:00,18.5,2010-03-01 00:00:00,17.5,18,80,139300,2509450,2010-03-01 00:00:00,1
2010-03-02 00:00:00,2010-03-02 00:00:00,17.75,2010-03-02 00:00:00,17.25,17.25,44,104500,1827350,2010-03-02 00:00:00,1
2010-03-03 00:00:00,2010-03-03 00:00:00,17.25,2010-03-03 00:00:00,17,17,48,53400,911450,2010-03-03 00:00:00,1
2010-03-04 00:00:00,2010-03-04 00:00:00,18.25,2010-03-04 00:00:00,17.25,17.75,53,101700,1792475,2010-03-04 00:00:00,1
2010-03-05 00:00:00,2010-03-05 00:00:00,19,2010-03-05 00:00:00,18,18.75,144,277600,5139800,2010-03-05 00:00:00,1
2010-03-08 00:00:00,2010-03-08 00:00:00,20,2010-03-08 00:00:00,19,19.75,416,1664600,32680350,2010-03-08 00:00:00,1
2010-03-09 00:00:00,2010-03-09 00:00:00,20,2010-03-09 00:00:00,19.25,19.25,148,350600,6829075,2010-03-09 00:00:00,1
2010-03-10 00:00:00,2010-03-10 00:00:00,20.5,2010-03-10 00:00:00,19.75,20,380,1062000,21218050,2010-03-10 00:00:00,1
2010-03-11 00:00:00,2010-03-11 00:00:00,21.25,2010-03-11 00:00:00,20.5,21,722,4070000,83979875,2010-03-11 00:00:00,1
2010-03-12 00:00:00,2010-03-12 00:00:00,23.5,2010-03-12 00:00:00,20.75,23,1958,"99,060,300    2",",088,537,375.00",2010-03-12 00:00:00,1
2010-03-15 00:00:00,2010-03-15 00:00:00,27,2010-03-15 00:00:00,24,26.25,1980,7937500,200322900,2010-03-15 00:00:00,1
2010-03-16 00:00:00,2010-03-16 00:00:00,28.75,2010-03-16 00:00:00,25.25,25.75,1375,4933800,134247000,2010-03-16 00:00:00,1
2010-03-17 00:00:00,2010-03-17 00:00:00,26.5,2010-03-17 00:00:00,23,23.5,578,1474700,35736300,2010-03-17 00:00:00,1
2010-03-18 00:00:00,2010-03-18 00:00:00,25.25,2010-03-18 00:00:00,23,25,401,1007000,24913150,2010-03-18 00:00:00,1
2010-03-19 00:00:00,2010-03-19 00:00:00,25,2010-03-19 00:00:00,24.25,24.5,99,178400,4381725,2010-03-19 00:00:00,1
2010-03-22 00:00:00,2010-03-22 00:00:00,24.5,2010-03-22 00:00:00,23.75,24,83,106700,2571025,2010-03-22 00:00:00,1
2010-03-23 00:00:00,2010-03-23 00:00:00,24.5,2010-03-23 00:00:00,24,24.25,123,171200,4136325,2010-03-23 00:00:00,1
2010-03-24 00:00:00,2010-03-24 00:00:00,24.25,2010-03-24 00:00:00,23.75,23.75,121,194100,4648525,2010-03-24 00:00:00,1
2010-03-25 00:00:00,2010-03-25 00:00:00,23.75,2010-03-25 00:00:00,22.75,23,147,320400,7482150,2010-03-25 00:00:00,1
2010-03-26 00:00:00,2010-03-26 00:00:00,24,2010-03-26 00:00:00,22.75,23.5,75,123800,2894800,2010-03-26 00:00:00,1
2010-03-30 00:00:00,2010-03-30 00:00:00,24,2010-03-30 00:00:00,23.25,23.5,99,219300,5144175,2010-03-30 00:00:00,1
2010-03-31 00:00:00,2010-03-31 00:00:00,24,2010-03-31 00:00:00,23.25,23.5,53,116800,2751925,2010-03-31 00:00:00,1
2010-04-01 00:00:00,2010-04-01 00:00:00,24,2010-04-01 00:00:00,23.25,23.75,57,118100,2808650,2010-04-01 00:00:00,1
2010-04-05 00:00:00,2010-04-05 00:00:00,26.75,2010-04-05 00:00:00,23.75,26.25,655,2297600,59192350,2010-04-05 00:00:00,1
2010-04-06 00:00:00,2010-04-06 00:00:00,28,2010-04-06 00:00:00,27,27.5,662,2475000,68046675,2010-04-06 00:00:00,1
2010-04-07 00:00:00,2010-04-07 00:00:00,28.25,2010-04-07 00:00:00,27,27.75,448,2024100,56626325,2010-04-07 00:00:00,1
2010-04-08 00:00:00,2010-04-08 00:00:00,28,2010-04-08 00:00:00,27.25,27.75,106,235700,6502325,2010-04-08 00:00:00,1
2010-04-12 00:00:00,2010-04-12 00:00:00,28.25,2010-04-12 00:00:00,27.5,27.75,134,354800,9901125,2010-04-12 00:00:00,1
2010-04-15 00:00:00,2010-04-15 00:00:00,27.75,2010-04-15 00:00:00,27.5,27.5,53,87600,2419875,2010-04-15 00:00:00,1
2010-04-16 00:00:00,2010-04-16 00:00:00,28,2010-04-16 00:00:00,27.5,28,191,1060100,29623000,2010-04-16 00:00:00,1
2010-04-19 00:00:00,2010-04-19 00:00:00,28.25,2010-04-19 00:00:00,27.75,28,178,2782600,77937275,2010-04-19 00:00:00,1
2010-04-20 00:00:00,2010-04-20 00:00:00,31,2010-04-20 00:00:00,28.25,29.75,1033,5188500,153210325,2010-04-20 00:00:00,1
2010-04-21 00:00:00,2010-04-21 00:00:00,31,2010-04-21 00:00:00,29.75,30.5,1085,22309000,671872525,2010-04-21 00:00:00,1
2010-04-22 00:00:00,2010-04-22 00:00:00,32,2010-04-22 00:00:00,30.25,31.5,1429,27642700,847310975,2010-04-22 00:00:00,1
2010-04-23 00:00:00,2010-04-23 00:00:00,32,2010-04-23 00:00:00,30.75,31,537,2033900,64338100,2010-04-23 00:00:00,1
2010-04-26 00:00:00,2010-04-26 00:00:00,32,2010-04-26 00:00:00,31,31.25,310,1059800,33392925,2010-04-26 00:00:00,1
2010-04-27 00:00:00,2010-04-27 00:00:00,31.25,2010-04-27 00:00:00,30.5,30.75,180,384000,11840450,2010-04-27 00:00:00,1
2010-04-29 00:00:00,2010-04-29 00:00:00,31,2010-04-29 00:00:00,30.25,30.5,138,275200,8396175,2010-04-29 00:00:00,1
2010-04-30 00:00:00,2010-04-30 00:00:00,30.5,2010-04-30 00:00:00,30,30.25,72,120000,3632900,2010-04-30 00:00:00,1
2010-05-03 00:00:00,2010-05-03 00:00:00,31,2010-05-03 00:00:00,30,30.25,162,484100,14816225,2010-05-03 00:00:00,1
2010-05-04 00:00:00,2010-05-04 00:00:00,30.5,2010-05-04 00:00:00,29.5,30.25,97,281400,8401775,2010-05-04 00:00:00,1
2010-05-05 00:00:00,2010-05-05 00:00:00,30.75,2010-05-05 00:00:00,30,30,115,393100,11866425,2010-05-05 00:00:00,1
2010-05-06 00:00:00,2010-05-06 00:00:00,30.5,2010-05-06 00:00:00,30,30,91,603600,18128500,2010-05-06 00:00:00,1
2010-05-07 00:00:00,2010-05-07 00:00:00,30.25,2010-05-07 00:00:00,29,29.25,128,670200,20005175,2010-05-07 00:00:00,1
2010-05-10 00:00:00,2010-05-10 00:00:00,30.25,2010-05-10 00:00:00,29.25,30,155,700600,20985725,2010-05-10 00:00:00,1
2010-05-11 00:00:00,2010-05-11 00:00:00,30,2010-05-11 00:00:00,29.25,29.5,83,322400,9645525,2010-05-11 00:00:00,1
2010-05-12 00:00:00,2010-05-12 00:00:00,30,2010-05-12 00:00:00,29,29.5,112,385600,11424550,2010-05-12 00:00:00,1
2010-05-13 00:00:00,2010-05-13 00:00:00,30,2010-05-13 00:00:00,29.25,29.5,106,1761100,52725375,2010-05-13 00:00:00,1
2010-05-14 00:00:00,2010-05-14 00:00:00,31.5,2010-05-14 00:00:00,29.5,31,441,8134200,250137725,2010-05-14 00:00:00,1
2010-05-17 00:00:00,2010-05-17 00:00:00,31,2010-05-17 00:00:00,30.5,30.75,91,1880300,57847475,2010-05-17 00:00:00,1
2010-05-18 00:00:00,2010-05-18 00:00:00,31.5,2010-05-18 00:00:00,30.5,31.25,171,979500,30286525,2010-05-18 00:00:00,1
2010-05-19 00:00:00,2010-05-19 00:00:00,31.5,2010-05-19 00:00:00,30.5,30.75,74,128300,3960750,2010-05-19 00:00:00,1
2010-05-20 00:00:00,2010-05-20 00:00:00,30.75,2010-05-20 00:00:00,30,30.5,93,644300,19817675,2010-05-20 00:00:00,1
2010-05-21 00:00:00,2010-05-21 00:00:00,30.5,2010-05-21 00:00:00,29,29.25,93,252200,7462400,2010-05-21 00:00:00,1
2010-05-24 00:00:00,2010-05-24 00:00:00,29.75,2010-05-24 00:00:00,29.25,29.25,57,72600,2139625,2010-05-24 00:00:00,1
2010-05-25 00:00:00,2010-05-25 00:00:00,30.25,2010-05-25 00:00:00,29.5,29.5,91,382100,11444650,2010-05-25 00:00:00,1
2010-05-26 00:00:00,2010-05-26 00:00:00,29.75,2010-05-26 00:00:00,29.25,29.75,68,183400,5410300,2010-05-26 00:00:00,1
2010-05-31 00:00:00,2010-05-31 00:00:00,29.75,2010-05-31 00:00:00,28,28.75,132,213400,6200850,2010-05-31 00:00:00,1
2010-06-01 00:00:00,2010-06-01 00:00:00,29,2010-06-01 00:00:00,28,28,119,207900,5882000,2010-06-01 00:00:00,1
2010-06-02 00:00:00,2010-06-02 00:00:00,29.25,2010-06-02 00:00:00,28,29,57,119200,3444025,2010-06-02 00:00:00,1
2010-06-03 00:00:00,2010-06-03 00:00:00,29.5,2010-06-03 00:00:00,29,29.25,47,94900,2779325,2010-06-03 00:00:00,1
2010-06-04 00:00:00,2010-06-04 00:00:00,29.5,2010-06-04 00:00:00,29.25,29.25,52,140300,4118125,2010-06-04 00:00:00,1
2010-06-07 00:00:00,2010-06-07 00:00:00,29.25,2010-06-07 00:00:00,28.5,28.75,90,290400,8364275,2010-06-07 00:00:00,1
2010-06-08 00:00:00,2010-06-08 00:00:00,29.25,2010-06-08 00:00:00,28.5,29,125,357100,10357700,2010-06-08 00:00:00,1
2010-06-09 00:00:00,2010-06-09 00:00:00,29.75,2010-06-09 00:00:00,29,29.25,107,1733700,50377350,2010-06-09 00:00:00,1
2010-06-10 00:00:00,2010-06-10 00:00:00,29.75,2010-06-10 00:00:00,29,29,34,72600,2124475,2010-06-10 00:00:00,1
2010-06-11 00:00:00,2010-06-11 00:00:00,29.5,2010-06-11 00:00:00,29,29,59,239600,7020100,2010-06-11 00:00:00,1
2010-06-14 00:00:00,2010-06-14 00:00:00,29.5,2010-06-14 00:00:00,29,29.25,56,490200,14343325,2010-06-14 00:00:00,1
2010-06-15 00:00:00,2010-06-15 00:00:00,29.25,2010-06-15 00:00:00,28.75,29,94,734400,21361025,2010-06-15 00:00:00,1
2010-06-16 00:00:00,2010-06-16 00:00:00,29.5,2010-06-16 00:00:00,29,29.25,42,122400,3554550,2010-06-16 00:00:00,1
2010-06-17 00:00:00,2010-06-17 00:00:00,29.25,2010-06-17 00:00:00,29,29,66,1205400,34964150,2010-06-17 00:00:00,1
2010-06-21 00:00:00,2010-06-21 00:00:00,29.25,2010-06-21 00:00:00,29,29,42,211200,6132300,2010-06-21 00:00:00,1
2010-06-22 00:00:00,2010-06-22 00:00:00,29.5,2010-06-22 00:00:00,29,29.5,64,167600,4892275,2010-06-22 00:00:00,1
2010-06-23 00:00:00,2010-06-23 00:00:00,29.25,2010-06-23 00:00:00,29,29,43,235100,6844625,2010-06-23 00:00:00,1
2010-06-24 00:00:00,2010-06-24 00:00:00,29.25,2010-06-24 00:00:00,29,29,46,291500,8454000,2010-06-24 00:00:00,1
2010-06-28 00:00:00,2010-06-28 00:00:00,29.25,2010-06-28 00:00:00,28.75,29,33,203900,5911225,2010-06-28 00:00:00,1
2010-06-29 00:00:00,2010-06-29 00:00:00,29.25,2010-06-29 00:00:00,28.75,29,50,364500,10570250,2010-06-29 00:00:00,1
2010-06-30 00:00:00,2010-06-30 00:00:00,29.5,2010-06-30 00:00:00,28.75,29,45,208200,6015825,2010-06-30 00:00:00,1
2010-07-01 00:00:00,2010-07-01 00:00:00,29.5,2010-07-01 00:00:00,28.75,29,57,246900,7174675,2010-07-01 00:00:00,1
2010-07-02 00:00:00,2010-07-02 00:00:00,30,2010-07-02 00:00:00,28.75,29,41,202200,5891250,2010-07-02 00:00:00,1
2010-07-05 00:00:00,2010-07-05 00:00:00,29.25,2010-07-05 00:00:00,28.75,29,39,251300,7287500,2010-07-05 00:00:00,1
2010-07-06 00:00:00,2010-07-06 00:00:00,29.25,2010-07-06 00:00:00,28.75,29,29,124300,3605650,2010-07-06 00:00:00,1
2010-07-07 00:00:00,2010-07-07 00:00:00,28.75,2010-07-07 00:00:00,27.75,28,42,163100,4600925,2010-07-07 00:00:00,1
2010-07-08 00:00:00,2010-07-08 00:00:00,28.25,2010-07-08 00:00:00,28,28,18,19800,554650,2010-07-08 00:00:00,1
2010-07-09 00:00:00,2010-07-09 00:00:00,28.25,2010-07-09 00:00:00,28,28,21,69400,1943350,2010-07-09 00:00:00,1
2010-07-12 00:00:00,2010-07-12 00:00:00,28.5,2010-07-12 00:00:00,27.75,28,37,191100,5357150,2010-07-12 00:00:00,1
2010-07-13 00:00:00,2010-07-13 00:00:00,30,2010-07-13 00:00:00,28,29,48,252400,7299450,2010-07-13 00:00:00,1
2010-07-14 00:00:00,2010-07-14 00:00:00,30.25,2010-07-14 00:00:00,29,30,105,251600,7515350,2010-07-14 00:00:00,1
2010-07-15 00:00:00,2010-07-15 00:00:00,31,2010-07-15 00:00:00,29.75,30,132,669000,20467100,2010-07-15 00:00:00,1
2010-07-16 00:00:00,2010-07-16 00:00:00,30.5,2010-07-16 00:00:00,29.5,29.5,58,143300,4297700,2010-07-16 00:00:00,1
2010-07-19 00:00:00,2010-07-19 00:00:00,30.75,2010-07-19 00:00:00,30,30.25,61,127000,3852400,2010-07-19 00:00:00,1
2010-07-20 00:00:00,2010-07-20 00:00:00,30.75,2010-07-20 00:00:00,30,30.5,143,550000,16735675,2010-07-20 00:00:00,1
2010-07-21 00:00:00,2010-07-21 00:00:00,31.25,2010-07-21 00:00:00,30.5,31,123,603100,18626225,2010-07-21 00:00:00,1
2010-07-22 00:00:00,2010-07-22 00:00:00,31.25,2010-07-22 00:00:00,30,30,46,133300,4055225,2010-07-22 00:00:00,1
2010-07-23 00:00:00,2010-07-23 00:00:00,30.75,2010-07-23 00:00:00,30,30,40,132500,4026525,2010-07-23 00:00:00,1
2010-07-26 00:00:00,2010-07-26 00:00:00,30.5,2010-07-26 00:00:00,29.5,29.75,36,57700,1725350,2010-07-26 00:00:00,1
2010-07-27 00:00:00,2010-07-27 00:00:00,30,2010-07-27 00:00:00,29,29.75,70,190000,5615475,2010-07-27 00:00:00,1
2010-07-28 00:00:00,2010-07-28 00:00:00,30,2010-07-28 00:00:00,29.5,29.75,52,147500,4405700,2010-07-28 00:00:00,1
2010-07-29 00:00:00,2010-07-29 00:00:00,30,2010-07-29 00:00:00,29,29,78,279600,8140525,2010-07-29 00:00:00,1
2010-07-30 00:00:00,2010-07-30 00:00:00,29.5,2010-07-30 00:00:00,28.75,29,42,131400,3808475,2010-07-30 00:00:00,1
2010-08-02 00:00:00,2010-08-02 00:00:00,30.3,2010-08-02 00:00:00,28.5,29,57,137500,3943570,2010-08-02 00:00:00,1
2010-08-03 00:00:00,2010-08-03 00:00:00,29,2010-08-03 00:00:00,28.5,28.5,33,360500,10312980,2010-08-03 00:00:00,1
2010-08-04 00:00:00,2010-08-04 00:00:00,29,2010-08-04 00:00:00,28.2,28.9,42,46200,1325810,2010-08-04 00:00:00,1
2010-08-05 00:00:00,2010-08-05 00:00:00,29.5,2010-08-05 00:00:00,28,29.1,41,193000,5526030,2010-08-05 00:00:00,1
2010-08-06 00:00:00,2010-08-06 00:00:00,29.2,2010-08-06 00:00:00,28.1,28.3,47,158100,4466210,2010-08-06 00:00:00,1
2010-08-09 00:00:00,2010-08-09 00:00:00,28.5,2010-08-09 00:00:00,26,27.3,76,163700,4430450,2010-08-09 00:00:00,1
2010-08-10 00:00:00,2010-08-10 00:00:00,29.5,2010-08-10 00:00:00,25.8,29.2,104,187500,5137030,2010-08-10 00:00:00,1
2010-08-11 00:00:00,2010-08-11 00:00:00,30,2010-08-11 00:00:00,28.5,29,41,51500,1512940,2010-08-11 00:00:00,1
2010-08-12 00:00:00,2010-08-12 00:00:00,29,2010-08-12 00:00:00,28.5,28.5,30,79300,2265150,2010-08-12 00:00:00,1
2010-08-13 00:00:00,2010-08-13 00:00:00,28.5,2010-08-13 00:00:00,28,28.4,49,69900,1986370,2010-08-13 00:00:00,1
2010-08-16 00:00:00,2010-08-16 00:00:00,28.4,2010-08-16 00:00:00,28.1,28.3,20,14800,419000,2010-08-16 00:00:00,1
2010-08-17 00:00:00,2010-08-17 00:00:00,28.2,2010-08-17 00:00:00,27.8,28,58,124500,3485010,2010-08-17 00:00:00,1
2010-08-18 00:00:00,2010-08-18 00:00:00,28.8,2010-08-18 00:00:00,28,28.5,74,380900,10686830,2010-08-18 00:00:00,1
2010-08-19 00:00:00,2010-08-19 00:00:00,30,2010-08-19 00:00:00,28.5,29.8,151,505700,14954590,2010-08-19 00:00:00,1
2010-08-20 00:00:00,2010-08-20 00:00:00,31,2010-08-20 00:00:00,29.5,29.7,112,218600,6544620,2010-08-20 00:00:00,1
2010-08-23 00:00:00,2010-08-23 00:00:00,30,2010-08-23 00:00:00,29.6,29.8,34,31400,938910,2010-08-23 00:00:00,1
2010-08-25 00:00:00,2010-08-25 00:00:00,29.9,2010-08-25 00:00:00,29,29.6,49,160700,4749650,2010-08-25 00:00:00,1
2010-08-26 00:00:00,2010-08-26 00:00:00,30.4,2010-08-26 00:00:00,29,30.1,121,785700,23597880,2010-08-26 00:00:00,1
2010-08-27 00:00:00,2010-08-27 00:00:00,31,2010-08-27 00:00:00,28.8,30.3,110,248600,7528010,2010-08-27 00:00:00,1
2010-08-30 00:00:00,2010-08-30 00:00:00,30.3,2010-08-30 00:00:00,29.6,30,120,370300,11118670,2010-08-30 00:00:00,1
2010-08-31 00:00:00,2010-08-31 00:00:00,30.3,2010-08-31 00:00:00,29.5,30,67,349300,10460620,2010-08-31 00:00:00,1
2010-09-01 00:00:00,2010-09-01 00:00:00,30.5,2010-09-01 00:00:00,30,30.2,93,282900,8591160,2010-09-01 00:00:00,1
2010-09-02 00:00:00,2010-09-02 00:00:00,30.8,2010-09-02 00:00:00,29.8,30,72,172200,5177180,2010-09-02 00:00:00,1
2010-09-03 00:00:00,2010-09-03 00:00:00,31,2010-09-03 00:00:00,29.8,30,98,552700,16929470,2010-09-03 00:00:00,1
2010-09-06 00:00:00,2010-09-06 00:00:00,30,2010-09-06 00:00:00,29.6,29.7,53,66200,1973540,2010-09-06 00:00:00,1
2010-09-07 00:00:00,2010-09-07 00:00:00,30,2010-09-07 00:00:00,29.5,29.8,59,276300,8227340,2010-09-07 00:00:00,1
2010-09-08 00:00:00,2010-09-08 00:00:00,30,2010-09-08 00:00:00,29.3,29.5,53,201000,5940110,2010-09-08 00:00:00,1
2010-09-09 00:00:00,2010-09-09 00:00:00,29.5,2010-09-09 00:00:00,28.8,29,71,241200,7007490,2010-09-09 00:00:00,1
2010-09-13 00:00:00,2010-09-13 00:00:00,29.5,2010-09-13 00:00:00,28,28.8,66,419300,11864980,2010-09-13 00:00:00,1
2010-09-14 00:00:00,2010-09-14 00:00:00,28.8,2010-09-14 00:00:00,28,28.1,158,697900,19584430,2010-09-14 00:00:00,1
2010-09-15 00:00:00,2010-09-15 00:00:00,28.2,2010-09-15 00:00:00,27.7,27.9,98,432000,12092280,2010-09-15 00:00:00,1
2010-09-16 00:00:00,2010-09-16 00:00:00,29,2010-09-16 00:00:00,27.7,28,179,627700,17604430,2010-09-16 00:00:00,1
2010-09-17 00:00:00,2010-09-17 00:00:00,29,2010-09-17 00:00:00,28.1,28.5,63,149900,4264900,2010-09-17 00:00:00,1
2010-09-20 00:00:00,2010-09-20 00:00:00,29.4,2010-09-20 00:00:00,28.4,28.5,41,88700,2551430,2010-09-20 00:00:00,1
2010-09-21 00:00:00,2010-09-21 00:00:00,29,2010-09-21 00:00:00,27.5,28.1,110,314200,8858680,2010-09-21 00:00:00,1
2010-09-23 00:00:00,2010-09-23 00:00:00,30,2010-09-23 00:00:00,28,28.7,96,498200,14218710,2010-09-23 00:00:00,1
2010-09-24 00:00:00,2010-09-24 00:00:00,29.8,2010-09-24 00:00:00,28,28.5,136,613800,17761530,2010-09-24 00:00:00,1
2010-09-27 00:00:00,2010-09-27 00:00:00,29.5,2010-09-27 00:00:00,28.2,28.6,79,224800,6433840,2010-09-27 00:00:00,1
2010-09-28 00:00:00,2010-09-28 00:00:00,28.5,2010-09-28 00:00:00,28.3,28.5,51,148200,4209520,2010-09-28 00:00:00,1
2010-09-29 00:00:00,2010-09-29 00:00:00,29.2,2010-09-29 00:00:00,28,28.8,133,1180600,33759040,2010-09-29 00:00:00,1
2010-09-30 00:00:00,2010-09-30 00:00:00,29,2010-09-30 00:00:00,28.1,28.4,58,169000,4812680,2010-09-30 00:00:00,1
2010-10-01 00:00:00,2010-10-01 00:00:00,29.3,2010-10-01 00:00:00,28,28.5,102,676900,19442210,2010-10-01 00:00:00,1
2010-10-04 00:00:00,2010-10-04 00:00:00,29,2010-10-04 00:00:00,28.2,28.5,72,327400,9379500,2010-10-04 00:00:00,1
2010-10-05 00:00:00,2010-10-05 00:00:00,29,2010-10-05 00:00:00,28.1,28.5,63,488800,13916790,2010-10-05 00:00:00,1
2010-10-06 00:00:00,2010-10-06 00:00:00,28.5,2010-10-06 00:00:00,27.9,28,54,74700,2093400,2010-10-06 00:00:00,1
2010-10-07 00:00:00,2010-10-07 00:00:00,28.5,2010-10-07 00:00:00,27.1,27.7,49,118600,3272030,2010-10-07 00:00:00,1
2010-10-08 00:00:00,2010-10-08 00:00:00,28.5,2010-10-08 00:00:00,27.3,28,43,91200,2529170,2010-10-08 00:00:00,1
2010-10-11 00:00:00,2010-10-11 00:00:00,28,2010-10-11 00:00:00,27.5,27.5,28,13400,370920,2010-10-11 00:00:00,1
2010-10-12 00:00:00,2010-10-12 00:00:00,28,2010-10-12 00:00:00,26.8,26.9,52,239900,6478230,2010-10-12 00:00:00,1
2010-10-13 00:00:00,2010-10-13 00:00:00,28,2010-10-13 00:00:00,25,26.2,57,110400,2839060,2010-10-13 00:00:00,1
2010-10-14 00:00:00,2010-10-14 00:00:00,28,2010-10-14 00:00:00,26.3,26.5,31,96700,2573040,2010-10-14 00:00:00,1
2010-10-15 00:00:00,2010-10-15 00:00:00,27,2010-10-15 00:00:00,26.5,26.7,21,50800,1359110,2010-10-15 00:00:00,1
2010-10-18 00:00:00,2010-10-18 00:00:00,26.5,2010-10-18 00:00:00,26,26.2,44,92600,2416260,2010-10-18 00:00:00,1
2010-10-19 00:00:00,2010-10-19 00:00:00,27,2010-10-19 00:00:00,26,26.7,38,83400,2201280,2010-10-19 00:00:00,1
2010-10-20 00:00:00,2010-10-20 00:00:00,27,2010-10-20 00:00:00,26,26.4,36,129100,3418610,2010-10-20 00:00:00,1
2010-10-21 00:00:00,2010-10-21 00:00:00,28,2010-10-21 00:00:00,26,27.5,28,28300,763470,2010-10-21 00:00:00,1
2010-10-25 00:00:00,2010-10-25 00:00:00,26.2,2010-10-25 00:00:00,26,26.1,29,19600,511340,2010-10-25 00:00:00,1
2010-10-26 00:00:00,2010-10-26 00:00:00,26,2010-10-26 00:00:00,25.5,25.6,19,22300,570970,2010-10-26 00:00:00,1
2010-10-27 00:00:00,2010-10-27 00:00:00,25.9,2010-10-27 00:00:00,25.5,25.5,31,93800,2395260,2010-10-27 00:00:00,1
2010-10-28 00:00:00,2010-10-28 00:00:00,26.5,2010-10-28 00:00:00,25.5,26.1,40,68700,1779440,2010-10-28 00:00:00,1
2010-10-29 00:00:00,2010-10-29 00:00:00,26.5,2010-10-29 00:00:00,25.5,25.6,42,105300,2727830,2010-10-29 00:00:00,1
2010-11-01 00:00:00,2010-11-01 00:00:00,26.5,2010-11-01 00:00:00,26.4,26.4,9,22000,582350,2010-11-01 00:00:00,1
2010-11-02 00:00:00,2010-11-02 00:00:00,26.5,2010-11-02 00:00:00,26,26,8,4800,125830,2010-11-02 00:00:00,1
2010-11-03 00:00:00,2010-11-03 00:00:00,26,2010-11-03 00:00:00,26,26,14,32700,850200,2010-11-03 00:00:00,1
2010-11-04 00:00:00,2010-11-04 00:00:00,26.5,2010-11-04 00:00:00,25.5,25.9,38,44100,1136610,2010-11-04 00:00:00,1
2010-11-08 00:00:00,2010-11-08 00:00:00,26.5,2010-11-08 00:00:00,25.5,26,15,24900,653410,2010-11-08 00:00:00,1
2010-11-09 00:00:00,2010-11-09 00:00:00,26,2010-11-09 00:00:00,25.5,25.5,21,16700,429280,2010-11-09 00:00:00,1
2010-11-10 00:00:00,2010-11-10 00:00:00,25.7,2010-11-10 00:00:00,25.5,25.6,17,37300,952200,2010-11-10 00:00:00,1
2010-11-11 00:00:00,2010-11-11 00:00:00,25.6,2010-11-11 00:00:00,25.5,25.5,13,22000,561160,2010-11-11 00:00:00,1
2010-11-12 00:00:00,2010-11-12 00:00:00,25.9,2010-11-12 00:00:00,25.6,25.7,23,21100,543230,2010-11-12 00:00:00,1
2010-11-15 00:00:00,2010-11-15 00:00:00,25.6,2010-11-15 00:00:00,25.5,25.5,9,9900,252500,2010-11-15 00:00:00,1
2010-11-16 00:00:00,2010-11-16 00:00:00,27.3,2010-11-16 00:00:00,24.5,26.3,80,23552700,600500420,2010-11-16 00:00:00,1
2010-11-18 00:00:00,2010-11-18 00:00:00,26.7,2010-11-18 00:00:00,25.9,26,42,43000,1131030,2010-11-18 00:00:00,1
2010-11-22 00:00:00,2010-11-22 00:00:00,26.5,2010-11-22 00:00:00,25.5,26.3,30,65000,1696020,2010-11-22 00:00:00,1
2010-11-23 00:00:00,2010-11-23 00:00:00,27,2010-11-23 00:00:00,25.5,26.5,63,317600,8367930,2010-11-23 00:00:00,1
2010-11-24 00:00:00,2010-11-24 00:00:00,26.6,2010-11-24 00:00:00,25.5,26.5,22,68600,1804400,2010-11-24 00:00:00,1
2010-11-25 00:00:00,2010-11-25 00:00:00,26,2010-11-25 00:00:00,25.7,25.9,11,10900,282650,2010-11-25 00:00:00,1
2010-11-26 00:00:00,2010-11-26 00:00:00,26,2010-11-26 00:00:00,25.5,25.5,25,205300,5237840,2010-11-26 00:00:00,1
2010-11-29 00:00:00,2010-11-29 00:00:00,25.8,2010-11-29 00:00:00,25,25.3,59,736800,18811580,2010-11-29 00:00:00,1
2010-11-30 00:00:00,2010-11-30 00:00:00,26.5,2010-11-30 00:00:00,26,26.5,15,24600,641780,2010-11-30 00:00:00,1
2010-12-01 00:00:00,2010-12-01 00:00:00,26.5,2010-12-01 00:00:00,26,26.1,35,102300,2689450,2010-12-01 00:00:00,1
2010-12-02 00:00:00,2010-12-02 00:00:00,27,2010-12-02 00:00:00,26,26.1,66,561000,14854000,2010-12-02 00:00:00,1
2010-12-03 00:00:00,2010-12-03 00:00:00,26.9,2010-12-03 00:00:00,26.2,26.3,17,26700,711540,2010-12-03 00:00:00,1
2010-12-06 00:00:00,2010-12-06 00:00:00,26.2,2010-12-06 00:00:00,26,26,6,2700,70480,2010-12-06 00:00:00,1
2010-12-07 00:00:00,2010-12-07 00:00:00,26,2010-12-07 00:00:00,25.4,25.5,17,671600,17136350,2010-12-07 00:00:00,1
2010-12-08 00:00:00,2010-12-08 00:00:00,25.6,2010-12-08 00:00:00,25.2,25.3,12,12500,316530,2010-12-08 00:00:00,1
2010-12-09 00:00:00,2010-12-09 00:00:00,25.5,2010-12-09 00:00:00,25.2,25.5,12,67300,1712540,2010-12-09 00:00:00,1
2010-12-10 00:00:00,2010-12-10 00:00:00,25.5,2010-12-10 00:00:00,25.3,25.3,12,16600,420180,2010-12-10 00:00:00,1
2010-12-13 00:00:00,2010-12-13 00:00:00,25.3,2010-12-13 00:00:00,25.1,25.2,12,133900,3379880,2010-12-13 00:00:00,1
2010-12-14 00:00:00,2010-12-14 00:00:00,25.3,2010-12-14 00:00:00,24.8,25.3,20,37700,943130,2010-12-14 00:00:00,1
2010-12-15 00:00:00,2010-12-15 00:00:00,26.1,2010-12-15 00:00:00,24.9,25.9,59,301500,7818340,2010-12-15 00:00:00,1
2010-12-16 00:00:00,2010-12-16 00:00:00,26,2010-12-16 00:00:00,25.5,25.5,47,506200,12910490,2010-12-16 00:00:00,1
2010-12-17 00:00:00,2010-12-17 00:00:00,25.5,2010-12-17 00:00:00,25.5,25.5,7,53600,1366800,2010-12-17 00:00:00,1
2010-12-21 00:00:00,2010-12-21 00:00:00,25.7,2010-12-21 00:00:00,25.5,25.5,13,7200,184150,2010-12-21 00:00:00,1
2010-12-22 00:00:00,2010-12-22 00:00:00,26,2010-12-22 00:00:00,25.5,25.6,28,39000,1000790,2010-12-22 00:00:00,1
2010-12-23 00:00:00,2010-12-23 00:00:00,26.9,2010-12-23 00:00:00,26.2,26.5,63,286500,7591810,2010-12-23 00:00:00,1
2010-12-27 00:00:00,2010-12-27 00:00:00,26.6,2010-12-27 00:00:00,26.2,26.4,15,25800,684290,2010-12-27 00:00:00,1
2010-12-28 00:00:00,2010-12-28 00:00:00,26.9,2010-12-28 00:00:00,26.3,26.5,21,465400,12290440,2010-12-28 00:00:00,1
2010-12-29 00:00:00,2010-12-29 00:00:00,26.4,2010-12-29 00:00:00,25.7,26,21,55100,1433020,2010-12-29 00:00:00,1
2010-12-30 00:00:00,2010-12-30 00:00:00,25.8,2010-12-30 00:00:00,25.5,25.6,8,6400,163330,2010-12-30 00:00:00,1
2010-12-31 00:00:00,2010-12-31 00:00:00,26,2010-12-31 00:00:00,25.6,26,7,11900,304760,2010-12-31 00:00:00,1
Company Id,:  SEYB,Security,Type :  N,Sub Type,:  0000,,,,,
Short Name,:  SEYLAN BANK,,,,,,,,,
Day,Date High,High,Date Low,Low,Closing,No. of Trades,No. of Shares,Turnover,Last Traded,Days Traded
2010-01-04 00:00:00,2010-01-04 00:00:00,39.75,2010-01-04 00:00:00,38,39,92,125000,4894925,2010-01-04 00:00:00,1
2010-01-05 00:00:00,2010-01-05 00:00:00,40,2010-01-05 00:00:00,38.5,38.75,61,144200,5656350,2010-01-05 00:00:00,1
2010-01-06 00:00:00,2010-01-06 00:00:00,39,2010-01-06 00:00:00,38,38.5,30,39100,1502925,2010-01-06 00:00:00,1
2010-01-07 00:00:00,2010-01-07 00:00:00,39.75,2010-01-07 00:00:00,38,39.5,65,269200,10627950,2010-01-07 00:00:00,1
2010-01-08 00:00:00,2010-01-08 00:00:00,41.5,2010-01-08 00:00:00,39.5,40.75,235,1036800,41855350,2010-01-08 00:00:00,1
2010-01-11 00:00:00,2010-01-11 00:00:00,40.75,2010-01-11 00:00:00,39.75,40.25,62,176500,7087975,2010-01-11 00:00:00,1
2010-01-12 00:00:00,2010-01-12 00:00:00,40,2010-01-12 00:00:00,39.75,39.75,17,128600,5118375,2010-01-12 00:00:00,1
2010-01-13 00:00:00,2010-01-13 00:00:00,40,2010-01-13 00:00:00,39.5,39.5,26,54300,2153275,2010-01-13 00:00:00,1
2010-01-15 00:00:00,2010-01-15 00:00:00,40,2010-01-15 00:00:00,39.5,39.75,25,33600,1341075,2010-01-15 00:00:00,1
2010-01-18 00:00:00,2010-01-18 00:00:00,39.75,2010-01-18 00:00:00,38.5,38.5,26,75400,2943875,2010-01-18 00:00:00,1
2010-01-19 00:00:00,2010-01-19 00:00:00,39,2010-01-19 00:00:00,36.5,38,17,18700,711750,2010-01-19 00:00:00,1
2010-01-20 00:00:00,2010-01-20 00:00:00,39,2010-01-20 00:00:00,38,38.75,38,172200,6648650,2010-01-20 00:00:00,1
2010-01-21 00:00:00,2010-01-21 00:00:00,38.5,2010-01-21 00:00:00,38,38,21,38600,1480500,2010-01-21 00:00:00,1
2010-01-22 00:00:00,2010-01-22 00:00:00,38.5,2010-01-22 00:00:00,37.75,38.5,40,156300,5952900,2010-01-22 00:00:00,1
2010-01-25 00:00:00,2010-01-25 00:00:00,39.75,2010-01-25 00:00:00,38.75,39,61,235600,9195250,2010-01-25 00:00:00,1
2010-01-26 00:00:00,2010-01-26 00:00:00,43,2010-01-26 00:00:00,39,41.75,223,623800,25661750,2010-01-26 00:00:00,1
2010-01-28 00:00:00,2010-01-28 00:00:00,47.25,2010-01-28 00:00:00,40,46.5,509,1363700,61661950,2010-01-28 00:00:00,1
2010-02-01 00:00:00,2010-02-01 00:00:00,52,2010-02-01 00:00:00,47.5,48.75,411,1850300,91062575,2010-02-01 00:00:00,1
2010-02-02 00:00:00,2010-02-02 00:00:00,49.5,2010-02-02 00:00:00,47,47.75,118,237500,11486700,2010-02-02 00:00:00,1
2010-02-03 00:00:00,2010-02-03 00:00:00,49,2010-02-03 00:00:00,46.5,46.75,126,444300,21022250,2010-02-03 00:00:00,1
2010-02-05 00:00:00,2010-02-05 00:00:00,48.5,2010-02-05 00:00:00,46.5,47.75,72,85900,4057275,2010-02-05 00:00:00,1
2010-02-08 00:00:00,2010-02-08 00:00:00,49.75,2010-02-08 00:00:00,48,49.25,72,102500,5043275,2010-02-08 00:00:00,1
2010-02-09 00:00:00,2010-02-09 00:00:00,49.75,2010-02-09 00:00:00,47.25,48.75,78,221500,10798600,2010-02-09 00:00:00,1
2010-02-10 00:00:00,2010-02-10 00:00:00,48,2010-02-10 00:00:00,46,46.25,77,162200,7603175,2010-02-10 00:00:00,1
2010-02-11 00:00:00,2010-02-11 00:00:00,46,2010-02-11 00:00:00,44.5,45.25,54,91000,4126850,2010-02-11 00:00:00,1
2010-02-12 00:00:00,2010-02-12 00:00:00,46.5,2010-02-12 00:00:00,44,44.5,39,75200,3358250,2010-02-12 00:00:00,1
2010-02-15 00:00:00,2010-02-15 00:00:00,46,2010-02-15 00:00:00,44.5,45.25,72,268100,12068350,2010-02-15 00:00:00,1
2010-02-16 00:00:00,2010-02-16 00:00:00,45.5,2010-02-16 00:00:00,44,44.75,24,44500,1995625,2010-02-16 00:00:00,1
2010-02-17 00:00:00,2010-02-17 00:00:00,45.5,2010-02-17 00:00:00,43,44,29,28500,1262450,2010-02-17 00:00:00,1
2010-02-18 00:00:00,2010-02-18 00:00:00,44.5,2010-02-18 00:00:00,43,43,37,85500,3734750,2010-02-18 00:00:00,1
2010-02-19 00:00:00,2010-02-19 00:00:00,43.75,2010-02-19 00:00:00,42,43.5,58,201800,8509525,2010-02-19 00:00:00,1
2010-02-22 00:00:00,2010-02-22 00:00:00,44,2010-02-22 00:00:00,42.5,43,30,43700,1890075,2010-02-22 00:00:00,1
2010-02-23 00:00:00,2010-02-23 00:00:00,43.75,2010-02-23 00:00:00,42.75,43,31,67000,2877500,2010-02-23 00:00:00,1
2010-02-24 00:00:00,2010-02-24 00:00:00,47,2010-02-24 00:00:00,43,45.25,124,332400,15067650,2010-02-24 00:00:00,1
2010-02-25 00:00:00,2010-02-25 00:00:00,45.25,2010-02-25 00:00:00,45,45,13,49900,2246550,2010-02-25 00:00:00,1
2010-02-26 00:00:00,2010-02-26 00:00:00,46.5,2010-02-26 00:00:00,45,45,16,23600,1078800,2010-02-26 00:00:00,1
2010-03-01 00:00:00,2010-03-01 00:00:00,46.75,2010-03-01 00:00:00,45,45.75,32,80400,3736125,2010-03-01 00:00:00,1
2010-03-02 00:00:00,2010-03-02 00:00:00,47,2010-03-02 00:00:00,45,46,27,73500,3364600,2010-03-02 00:00:00,1
2010-03-03 00:00:00,2010-03-03 00:00:00,46.75,2010-03-03 00:00:00,45,45,73,113700,5278800,2010-03-03 00:00:00,1
2010-03-04 00:00:00,2010-03-04 00:00:00,46,2010-03-04 00:00:00,45.5,45.5,24,43200,1982575,2010-03-04 00:00:00,1
2010-03-05 00:00:00,2010-03-05 00:00:00,48,2010-03-05 00:00:00,46,47.5,147,755900,35586225,2010-03-05 00:00:00,1
2010-03-08 00:00:00,2010-03-08 00:00:00,49,2010-03-08 00:00:00,47,47.25,97,129200,6203625,2010-03-08 00:00:00,1
2010-03-09 00:00:00,2010-03-09 00:00:00,47.5,2010-03-09 00:00:00,46.5,46.5,23,32500,1530150,2010-03-09 00:00:00,1
2010-03-10 00:00:00,2010-03-10 00:00:00,48,2010-03-10 00:00:00,46.5,46.75,67,1248968,61049407,2010-03-10 00:00:00,1
2010-03-11 00:00:00,2010-03-11 00:00:00,47.5,2010-03-11 00:00:00,46.75,47,33,61100,2873700,2010-03-11 00:00:00,1
2010-03-12 00:00:00,2010-03-12 00:00:00,47.5,2010-03-12 00:00:00,46,46.75,33,67300,3176900,2010-03-12 00:00:00,1
2010-03-15 00:00:00,2010-03-15 00:00:00,46.75,2010-03-15 00:00:00,46,46.25,13,14500,670500,2010-03-15 00:00:00,1
2010-03-16 00:00:00,2010-03-16 00:00:00,47,2010-03-16 00:00:00,46,46.75,18,19400,904800,2010-03-16 00:00:00,1
2010-03-17 00:00:00,2010-03-17 00:00:00,46.75,2010-03-17 00:00:00,46,46.25,20,22000,1022275,2010-03-17 00:00:00,1
2010-03-18 00:00:00,2010-03-18 00:00:00,49,2010-03-18 00:00:00,46.5,48,293,1104700,52465025,2010-03-18 00:00:00,1
2010-03-19 00:00:00,2010-03-19 00:00:00,48,2010-03-19 00:00:00,47.25,47.5,30,476800,22660000,2010-03-19 00:00:00,1
2010-03-22 00:00:00,2010-03-22 00:00:00,47.5,2010-03-22 00:00:00,46.5,46.75,27,47300,2227350,2010-03-22 00:00:00,1
2010-03-23 00:00:00,2010-03-23 00:00:00,48,2010-03-23 00:00:00,46.25,46.5,26,17600,823625,2010-03-23 00:00:00,1
2010-03-24 00:00:00,2010-03-24 00:00:00,46.75,2010-03-24 00:00:00,46,46,44,64800,2985075,2010-03-24 00:00:00,1
2010-03-25 00:00:00,2010-03-25 00:00:00,46.25,2010-03-25 00:00:00,46,46,33,92600,4261250,2010-03-25 00:00:00,1
2010-03-26 00:00:00,2010-03-26 00:00:00,48.25,2010-03-26 00:00:00,46.5,47.25,117,263200,12448775,2010-03-26 00:00:00,1
2010-03-30 00:00:00,2010-03-30 00:00:00,47.5,2010-03-30 00:00:00,46.5,46.75,45,384400,18327525,2010-03-30 00:00:00,1
2010-03-31 00:00:00,2010-03-31 00:00:00,47,2010-03-31 00:00:00,46.5,47,20,111200,5216425,2010-03-31 00:00:00,1
2010-04-01 00:00:00,2010-04-01 00:00:00,47.5,2010-04-01 00:00:00,47,47,22,55700,2623650,2010-04-01 00:00:00,1
2010-04-05 00:00:00,2010-04-05 00:00:00,47.75,2010-04-05 00:00:00,47,47.25,36,65900,3118475,2010-04-05 00:00:00,1
2010-04-06 00:00:00,2010-04-06 00:00:00,50,2010-04-06 00:00:00,47,49.5,266,895500,44183925,2010-04-06 00:00:00,1
2010-04-07 00:00:00,2010-04-07 00:00:00,51.75,2010-04-07 00:00:00,49.5,50,209,372100,18832600,2010-04-07 00:00:00,1
2010-04-08 00:00:00,2010-04-08 00:00:00,51.25,2010-04-08 00:00:00,50,51,88,153500,7804300,2010-04-08 00:00:00,1
2010-04-12 00:00:00,2010-04-12 00:00:00,52.5,2010-04-12 00:00:00,50.5,51.25,111,178200,9163375,2010-04-12 00:00:00,1
2010-04-15 00:00:00,2010-04-15 00:00:00,51.25,2010-04-15 00:00:00,50.5,50.5,15,14500,734650,2010-04-15 00:00:00,1
2010-04-16 00:00:00,2010-04-16 00:00:00,51.5,2010-04-16 00:00:00,50,51,62,111800,5710825,2010-04-16 00:00:00,1
2010-04-19 00:00:00,2010-04-19 00:00:00,52,2010-04-19 00:00:00,50.5,50.75,66,138200,7047925,2010-04-19 00:00:00,1
2010-04-20 00:00:00,2010-04-20 00:00:00,51,2010-04-20 00:00:00,50,50,55,211900,10745750,2010-04-20 00:00:00,1
2010-04-21 00:00:00,2010-04-21 00:00:00,50.5,2010-04-21 00:00:00,50,50.25,99,729000,36461050,2010-04-21 00:00:00,1
2010-04-22 00:00:00,2010-04-22 00:00:00,51,2010-04-22 00:00:00,50,51,58,194700,9848750,2010-04-22 00:00:00,1
2010-04-23 00:00:00,2010-04-23 00:00:00,51.25,2010-04-23 00:00:00,50.5,50.5,73,212800,10804025,2010-04-23 00:00:00,1
2010-04-26 00:00:00,2010-04-26 00:00:00,51,2010-04-26 00:00:00,50.25,50.5,77,251700,12714425,2010-04-26 00:00:00,1
2010-04-27 00:00:00,2010-04-27 00:00:00,51.25,2010-04-27 00:00:00,50.25,50.25,57,84100,4278525,2010-04-27 00:00:00,1
2010-04-29 00:00:00,2010-04-29 00:00:00,51,2010-04-29 00:00:00,50,50,27,32400,1630075,2010-04-29 00:00:00,1
2010-04-30 00:00:00,2010-04-30 00:00:00,51.5,2010-04-30 00:00:00,50,51,40,571200,28867725,2010-04-30 00:00:00,1
2010-05-03 00:00:00,2010-05-03 00:00:00,53.5,2010-05-03 00:00:00,52,53,99,265300,14012925,2010-05-03 00:00:00,1
2010-05-04 00:00:00,2010-05-04 00:00:00,55,2010-05-04 00:00:00,52.5,53.5,106,212300,11342700,2010-05-04 00:00:00,1
2010-05-05 00:00:00,2010-05-05 00:00:00,55,2010-05-05 00:00:00,52.5,54,40,92200,5020850,2010-05-05 00:00:00,1
2010-05-06 00:00:00,2010-05-06 00:00:00,57,2010-05-06 00:00:00,54,55.5,248,701200,38484200,2010-05-06 00:00:00,1
2010-05-07 00:00:00,2010-05-07 00:00:00,60,2010-05-07 00:00:00,55,58.5,282,611400,35825925,2010-05-07 00:00:00,1
2010-05-10 00:00:00,2010-05-10 00:00:00,60.25,2010-05-10 00:00:00,58.5,58.75,180,369000,22009550,2010-05-10 00:00:00,1
2010-05-11 00:00:00,2010-05-11 00:00:00,58.75,2010-05-11 00:00:00,55,55.25,143,383700,21488800,2010-05-11 00:00:00,1
2010-05-12 00:00:00,2010-05-12 00:00:00,56,2010-05-12 00:00:00,54.25,54.5,27,41400,2286300,2010-05-12 00:00:00,1
2010-05-13 00:00:00,2010-05-13 00:00:00,56.5,2010-05-13 00:00:00,54.5,55.5,104,189200,10420400,2010-05-13 00:00:00,1
2010-05-14 00:00:00,2010-05-14 00:00:00,57.5,2010-05-14 00:00:00,55,57,84,72200,4049650,2010-05-14 00:00:00,1
2010-05-17 00:00:00,2010-05-17 00:00:00,58,2010-05-17 00:00:00,56.5,57,39,40900,2334475,2010-05-17 00:00:00,1
2010-05-18 00:00:00,2010-05-18 00:00:00,58,2010-05-18 00:00:00,55.25,55.25,31,35100,1988000,2010-05-18 00:00:00,1
2010-05-19 00:00:00,2010-05-19 00:00:00,56.25,2010-05-19 00:00:00,55,55,44,184400,10151150,2010-05-19 00:00:00,1
2010-05-20 00:00:00,2010-05-20 00:00:00,55,2010-05-20 00:00:00,54,54.5,29,22400,1222925,2010-05-20 00:00:00,1
2010-05-21 00:00:00,2010-05-21 00:00:00,54,2010-05-21 00:00:00,53.5,54,32,29400,1587250,2010-05-21 00:00:00,1
2010-05-24 00:00:00,2010-05-24 00:00:00,54.5,2010-05-24 00:00:00,53.5,53.75,49,79500,4281450,2010-05-24 00:00:00,1
2010-05-25 00:00:00,2010-05-25 00:00:00,55,2010-05-25 00:00:00,54,54,27,38400,2087600,2010-05-25 00:00:00,1
2010-05-26 00:00:00,2010-05-26 00:00:00,55.25,2010-05-26 00:00:00,54,55,36,44000,2410600,2010-05-26 00:00:00,1
2010-05-31 00:00:00,2010-05-31 00:00:00,55,2010-05-31 00:00:00,54.25,54.75,41,79300,4351250,2010-05-31 00:00:00,1
2010-06-01 00:00:00,2010-06-01 00:00:00,55,2010-06-01 00:00:00,54.5,55,22,140700,7734000,2010-06-01 00:00:00,1
2010-06-02 00:00:00,2010-06-02 00:00:00,58.5,2010-06-02 00:00:00,54.25,58,166,604500,34237100,2010-06-02 00:00:00,1
2010-06-03 00:00:00,2010-06-03 00:00:00,60,2010-06-03 00:00:00,57.75,58,156,266600,15618175,2010-06-03 00:00:00,1
2010-06-04 00:00:00,2010-06-04 00:00:00,58.75,2010-06-04 00:00:00,57.75,58.5,91,156500,9127050,2010-06-04 00:00:00,1
2010-06-07 00:00:00,2010-06-07 00:00:00,65,2010-06-07 00:00:00,58.5,63.25,346,1018900,62462750,2010-06-07 00:00:00,1
2010-06-08 00:00:00,2010-06-08 00:00:00,69,2010-06-08 00:00:00,63.5,64.5,410,890600,58966375,2010-06-08 00:00:00,1
2010-06-09 00:00:00,2010-06-09 00:00:00,65.5,2010-06-09 00:00:00,64,64.75,108,174900,11357750,2010-06-09 00:00:00,1
2010-06-10 00:00:00,2010-06-10 00:00:00,68,2010-06-10 00:00:00,65,66.25,193,602500,39530550,2010-06-10 00:00:00,1
2010-06-11 00:00:00,2010-06-11 00:00:00,70.25,2010-06-11 00:00:00,67,68.75,345,1182700,82025950,2010-06-11 00:00:00,1
2010-06-14 00:00:00,2010-06-14 00:00:00,72,2010-06-14 00:00:00,69.5,70.75,231,705000,49792375,2010-06-14 00:00:00,1
2010-06-15 00:00:00,2010-06-15 00:00:00,75,2010-06-15 00:00:00,71,73,257,438700,32010175,2010-06-15 00:00:00,1
2010-06-16 00:00:00,2010-06-16 00:00:00,74.75,2010-06-16 00:00:00,73.5,74,184,484600,35865500,2010-06-16 00:00:00,1
2010-06-17 00:00:00,2010-06-17 00:00:00,77,2010-06-17 00:00:00,74.25,76,160,565700,42533000,2010-06-17 00:00:00,1
2010-06-21 00:00:00,2010-06-21 00:00:00,79.5,2010-06-21 00:00:00,77,78.75,171,197500,15582675,2010-06-21 00:00:00,1
2010-06-22 00:00:00,2010-06-22 00:00:00,86.5,2010-06-22 00:00:00,79,84.25,312,802800,64476975,2010-06-22 00:00:00,1
2010-06-23 00:00:00,2010-06-23 00:00:00,94,2010-06-23 00:00:00,87,89.5,483,600400,54438000,2010-06-23 00:00:00,1
2010-06-24 00:00:00,2010-06-24 00:00:00,90,2010-06-24 00:00:00,84,87,380,425500,36816725,2010-06-24 00:00:00,1
2010-06-28 00:00:00,2010-06-28 00:00:00,87.75,2010-06-28 00:00:00,82,82.75,163,218900,18704275,2010-06-28 00:00:00,1
2010-06-29 00:00:00,2010-06-29 00:00:00,85,2010-06-29 00:00:00,80.25,83,200,770200,64135650,2010-06-29 00:00:00,1
2010-06-30 00:00:00,2010-06-30 00:00:00,86,2010-06-30 00:00:00,81.5,81.75,71,56800,4701825,2010-06-30 00:00:00,1
2010-07-01 00:00:00,2010-07-01 00:00:00,82.5,2010-07-01 00:00:00,79.5,80,93,118500,9564650,2010-07-01 00:00:00,1
2010-07-02 00:00:00,2010-07-02 00:00:00,80.25,2010-07-02 00:00:00,75,79.5,87,101300,8068225,2010-07-02 00:00:00,1
2010-07-05 00:00:00,2010-07-05 00:00:00,78,2010-07-05 00:00:00,74,75.25,125,156800,11794700,2010-07-05 00:00:00,1
2010-07-06 00:00:00,2010-07-06 00:00:00,77,2010-07-06 00:00:00,75,75.25,79,54400,4136675,2010-07-06 00:00:00,1
2010-07-07 00:00:00,2010-07-07 00:00:00,75.5,2010-07-07 00:00:00,72,73,169,235800,17268850,2010-07-07 00:00:00,1
2010-07-08 00:00:00,2010-07-08 00:00:00,78.25,2010-07-08 00:00:00,71.75,77.5,139,184200,13904875,2010-07-08 00:00:00,1
2010-07-09 00:00:00,2010-07-09 00:00:00,83,2010-07-09 00:00:00,77.5,78.25,235,345300,27676375,2010-07-09 00:00:00,1
2010-07-12 00:00:00,2010-07-12 00:00:00,80,2010-07-12 00:00:00,78.5,79,44,40900,3234100,2010-07-12 00:00:00,1
2010-07-13 00:00:00,2010-07-13 00:00:00,80,2010-07-13 00:00:00,77,79,48,75300,5930625,2010-07-13 00:00:00,1
2010-07-14 00:00:00,2010-07-14 00:00:00,79.5,2010-07-14 00:00:00,78,79,40,140300,11076625,2010-07-14 00:00:00,1
2010-07-15 00:00:00,2010-07-15 00:00:00,79.5,2010-07-15 00:00:00,77.5,78.25,47,61000,4786150,2010-07-15 00:00:00,1
2010-07-16 00:00:00,2010-07-16 00:00:00,82,2010-07-16 00:00:00,79,79.5,78,110400,8856850,2010-07-16 00:00:00,1
2010-07-19 00:00:00,2010-07-19 00:00:00,80.5,2010-07-19 00:00:00,77,78.25,58,100100,7917975,2010-07-19 00:00:00,1
2010-07-20 00:00:00,2010-07-20 00:00:00,80,2010-07-20 00:00:00,78,79,77,184700,14661150,2010-07-20 00:00:00,1
2010-07-21 00:00:00,2010-07-21 00:00:00,81,2010-07-21 00:00:00,79,80,114,171700,13729475,2010-07-21 00:00:00,1
2010-07-22 00:00:00,2010-07-22 00:00:00,81,2010-07-22 00:00:00,79,79.25,45,57700,4635475,2010-07-22 00:00:00,1
2010-07-23 00:00:00,2010-07-23 00:00:00,80,2010-07-23 00:00:00,78,78,60,67700,5316500,2010-07-23 00:00:00,1
2010-07-26 00:00:00,2010-07-26 00:00:00,80,2010-07-26 00:00:00,77.75,78,78,213500,16847850,2010-07-26 00:00:00,1
2010-07-27 00:00:00,2010-07-27 00:00:00,80,2010-07-27 00:00:00,78.5,79,84,113000,8969100,2010-07-27 00:00:00,1
2010-07-28 00:00:00,2010-07-28 00:00:00,80,2010-07-28 00:00:00,78.25,78.75,59,129800,10291825,2010-07-28 00:00:00,1
2010-07-29 00:00:00,2010-07-29 00:00:00,84,2010-07-29 00:00:00,79.25,79.5,161,211100,17291775,2010-07-29 00:00:00,1
2010-07-30 00:00:00,2010-07-30 00:00:00,80,2010-07-30 00:00:00,78,78.5,56,89000,7087200,2010-07-30 00:00:00,1
2010-08-02 00:00:00,2010-08-02 00:00:00,80,2010-08-02 00:00:00,77.5,78.5,67,61400,4818910,2010-08-02 00:00:00,1
2010-08-03 00:00:00,2010-08-03 00:00:00,80,2010-08-03 00:00:00,76,77,53,52400,4105450,2010-08-03 00:00:00,1
2010-08-04 00:00:00,2010-08-04 00:00:00,78.9,2010-08-04 00:00:00,77,78.5,29,20000,1558100,2010-08-04 00:00:00,1
2010-08-05 00:00:00,2010-08-05 00:00:00,79,2010-08-05 00:00:00,73,77.8,83,86500,6591870,2010-08-05 00:00:00,1
2010-08-06 00:00:00,2010-08-06 00:00:00,78,2010-08-06 00:00:00,74,74.3,68,48700,3668080,2010-08-06 00:00:00,1
2010-08-09 00:00:00,2010-08-09 00:00:00,75,2010-08-09 00:00:00,67.6,69,181,155500,10791710,2010-08-09 00:00:00,1
2010-08-10 00:00:00,2010-08-10 00:00:00,75.9,2010-08-10 00:00:00,63,75.9,138,126700,8778680,2010-08-10 00:00:00,1
2010-08-11 00:00:00,2010-08-11 00:00:00,83,2010-08-11 00:00:00,76,79.5,130,187000,14836990,2010-08-11 00:00:00,1
2010-08-12 00:00:00,2010-08-12 00:00:00,81,2010-08-12 00:00:00,76,77.2,30,48300,3723560,2010-08-12 00:00:00,1
2010-08-13 00:00:00,2010-08-13 00:00:00,80,2010-08-13 00:00:00,77,77.8,29,24100,1865960,2010-08-13 00:00:00,1
2010-08-16 00:00:00,2010-08-16 00:00:00,77.8,2010-08-16 00:00:00,77,77.7,34,29500,2287690,2010-08-16 00:00:00,1
2010-08-17 00:00:00,2010-08-17 00:00:00,78,2010-08-17 00:00:00,77,77.1,32,27500,2123640,2010-08-17 00:00:00,1
2010-08-18 00:00:00,2010-08-18 00:00:00,79,2010-08-18 00:00:00,76.6,77.4,60,93400,7209340,2010-08-18 00:00:00,1
2010-08-19 00:00:00,2010-08-19 00:00:00,78,2010-08-19 00:00:00,77,77,45,82300,6337780,2010-08-19 00:00:00,1
2010-08-20 00:00:00,2010-08-20 00:00:00,77,2010-08-20 00:00:00,75.8,76.5,56,85800,6533460,2010-08-20 00:00:00,1
2010-08-23 00:00:00,2010-08-23 00:00:00,77,2010-08-23 00:00:00,74.3,76,66,79900,6060330,2010-08-23 00:00:00,1
2010-08-25 00:00:00,2010-08-25 00:00:00,77,2010-08-25 00:00:00,74.5,75.9,58,72900,5511910,2010-08-25 00:00:00,1
2010-08-26 00:00:00,2010-08-26 00:00:00,76.2,2010-08-26 00:00:00,74,75.8,55,38600,2894040,2010-08-26 00:00:00,1
2010-08-27 00:00:00,2010-08-27 00:00:00,76,2010-08-27 00:00:00,72.1,74.7,50,60300,4513980,2010-08-27 00:00:00,1
2010-08-30 00:00:00,2010-08-30 00:00:00,74.5,2010-08-30 00:00:00,72.5,73.9,51,31100,2294000,2010-08-30 00:00:00,1
2010-08-31 00:00:00,2010-08-31 00:00:00,74.2,2010-08-31 00:00:00,72,73.1,73,99900,7321060,2010-08-31 00:00:00,1
2010-09-01 00:00:00,2010-09-01 00:00:00,74,2010-09-01 00:00:00,72,73,65,618000,44568930,2010-09-01 00:00:00,1
2010-09-02 00:00:00,2010-09-02 00:00:00,79.5,2010-09-02 00:00:00,73,75.7,101,220400,16453930,2010-09-02 00:00:00,1
2010-09-03 00:00:00,2010-09-03 00:00:00,78.5,2010-09-03 00:00:00,73.1,73.7,62,91800,6979070,2010-09-03 00:00:00,1
2010-09-06 00:00:00,2010-09-06 00:00:00,75.5,2010-09-06 00:00:00,73,74,76,195800,14390120,2010-09-06 00:00:00,1
2010-09-07 00:00:00,2010-09-07 00:00:00,75,2010-09-07 00:00:00,73,74.6,34,79800,5948780,2010-09-07 00:00:00,1
2010-09-08 00:00:00,2010-09-08 00:00:00,77,2010-09-08 00:00:00,73,75,91,147600,11084300,2010-09-08 00:00:00,1
2010-09-09 00:00:00,2010-09-09 00:00:00,77,2010-09-09 00:00:00,75,75.1,123,1941100,145861240,2010-09-09 00:00:00,1
2010-09-13 00:00:00,2010-09-13 00:00:00,80.5,2010-09-13 00:00:00,75,80,258,443800,35211500,2010-09-13 00:00:00,1
2010-09-14 00:00:00,2010-09-14 00:00:00,82.5,2010-09-14 00:00:00,78,79.9,154,646900,52766130,2010-09-14 00:00:00,1
2010-09-15 00:00:00,2010-09-15 00:00:00,83.5,2010-09-15 00:00:00,77.5,81.5,330,700800,56629990,2010-09-15 00:00:00,1
2010-09-16 00:00:00,2010-09-16 00:00:00,89.6,2010-09-16 00:00:00,84,89.6,571,1170100,102309610,2010-09-16 00:00:00,1
2010-09-17 00:00:00,2010-09-17 00:00:00,98,2010-09-17 00:00:00,90,92.2,566,842700,79327940,2010-09-17 00:00:00,1
2010-09-20 00:00:00,2010-09-20 00:00:00,97.6,2010-09-20 00:00:00,89,90.9,260,454300,41643180,2010-09-20 00:00:00,1
2010-09-21 00:00:00,2010-09-21 00:00:00,98,2010-09-21 00:00:00,89.8,97.6,471,1003300,95517300,2010-09-21 00:00:00,1
2010-09-23 00:00:00,2010-09-23 00:00:00,107,2010-09-23 00:00:00,99.6,106.1,830,1471100,151885630,2010-09-23 00:00:00,1
2010-09-24 00:00:00,2010-09-24 00:00:00,122,2010-09-24 00:00:00,107,119.6,958,1618500,186329240,2010-09-24 00:00:00,1
2010-09-27 00:00:00,2010-09-27 00:00:00,125,2010-09-27 00:00:00,113.5,116.5,479,643400,77434050,2010-09-27 00:00:00,1
2010-09-28 00:00:00,2010-09-28 00:00:00,119.6,2010-09-28 00:00:00,111,113.9,211,210000,23966480,2010-09-28 00:00:00,1
2010-09-29 00:00:00,2010-09-29 00:00:00,115,2010-09-29 00:00:00,111.5,112.3,116,173700,19523460,2010-09-29 00:00:00,1
2010-09-30 00:00:00,2010-09-30 00:00:00,116,2010-09-30 00:00:00,108,114,153,205500,23346010,2010-09-30 00:00:00,1
2010-10-01 00:00:00,2010-10-01 00:00:00,116,2010-10-01 00:00:00,114,115,190,700700,80054610,2010-10-01 00:00:00,1
2010-10-04 00:00:00,2010-10-04 00:00:00,116,2010-10-04 00:00:00,110,111.8,166,537200,60870430,2010-10-04 00:00:00,1
2010-10-05 00:00:00,2010-10-05 00:00:00,112.5,2010-10-05 00:00:00,108,111.4,150,212600,23622350,2010-10-05 00:00:00,1
2010-10-06 00:00:00,2010-10-06 00:00:00,112,2010-10-06 00:00:00,106,106.1,76,77600,8300140,2010-10-06 00:00:00,1
2010-10-07 00:00:00,2010-10-07 00:00:00,109,2010-10-07 00:00:00,97,102.3,314,391000,40109390,2010-10-07 00:00:00,1
2010-10-08 00:00:00,2010-10-08 00:00:00,112.5,2010-10-08 00:00:00,100,110.3,233,754700,81540740,2010-10-08 00:00:00,1
2010-10-11 00:00:00,2010-10-11 00:00:00,113.5,2010-10-11 00:00:00,107.5,108.3,193,213700,23813820,2010-10-11 00:00:00,1
2010-10-12 00:00:00,2010-10-12 00:00:00,108.5,2010-10-12 00:00:00,100.5,101.5,138,116000,11890870,2010-10-12 00:00:00,1
2010-10-13 00:00:00,2010-10-13 00:00:00,106,2010-10-13 00:00:00,97,102.1,245,315500,31408290,2010-10-13 00:00:00,1
2010-10-14 00:00:00,2010-10-14 00:00:00,103.5,2010-10-14 00:00:00,101,102,106,820900,83767020,2010-10-14 00:00:00,1
2010-10-15 00:00:00,2010-10-15 00:00:00,102,2010-10-15 00:00:00,97,100.9,107,139700,13967470,2010-10-15 00:00:00,1
2010-10-18 00:00:00,2010-10-18 00:00:00,105,2010-10-18 00:00:00,101,102.4,127,216300,22455930,2010-10-18 00:00:00,1
2010-10-19 00:00:00,2010-10-19 00:00:00,108.5,2010-10-19 00:00:00,100.5,105.7,162,305100,31843890,2010-10-19 00:00:00,1
2010-10-20 00:00:00,2010-10-20 00:00:00,109.5,2010-10-20 00:00:00,103.5,104.1,106,142800,15085130,2010-10-20 00:00:00,1
2010-10-21 00:00:00,2010-10-21 00:00:00,106,2010-10-21 00:00:00,102.2,103.6,48,51000,5351660,2010-10-21 00:00:00,1
2010-10-25 00:00:00,2010-10-25 00:00:00,104,2010-10-25 00:00:00,103,103,48,79800,8231140,2010-10-25 00:00:00,1
2010-10-26 00:00:00,2010-10-26 00:00:00,103,2010-10-26 00:00:00,99,99.9,89,77400,7753400,2010-10-26 00:00:00,1
2010-10-27 00:00:00,2010-10-27 00:00:00,103,2010-10-27 00:00:00,99,99.9,58,71500,7166330,2010-10-27 00:00:00,1
2010-10-28 00:00:00,2010-10-28 00:00:00,100,2010-10-28 00:00:00,99.1,99.9,84,121200,12115220,2010-10-28 00:00:00,1
2010-10-29 00:00:00,2010-10-29 00:00:00,102,2010-10-29 00:00:00,100,100.2,64,64200,6441630,2010-10-29 00:00:00,1
2010-11-01 00:00:00,2010-11-01 00:00:00,101.5,2010-11-01 00:00:00,100.1,100.6,46,38400,3868680,2010-11-01 00:00:00,1
2010-11-02 00:00:00,2010-11-02 00:00:00,101.1,2010-11-02 00:00:00,100,100.1,55,72200,7242670,2010-11-02 00:00:00,1
2010-11-03 00:00:00,2010-11-03 00:00:00,102,2010-11-03 00:00:00,100,100.6,40,25800,2588270,2010-11-03 00:00:00,1
2010-11-04 00:00:00,2010-11-04 00:00:00,100.5,2010-11-04 00:00:00,99,99.9,31,13400,1336600,2010-11-04 00:00:00,1
2010-11-08 00:00:00,2010-11-08 00:00:00,100,2010-11-08 00:00:00,98,98.2,46,48900,4845090,2010-11-08 00:00:00,1
2010-11-09 00:00:00,2010-11-09 00:00:00,98.5,2010-11-09 00:00:00,97.1,98,31,27300,2675340,2010-11-09 00:00:00,1
2010-11-10 00:00:00,2010-11-10 00:00:00,99,2010-11-10 00:00:00,98,98,18,59900,5922260,2010-11-10 00:00:00,1
2010-11-11 00:00:00,2010-11-11 00:00:00,100,2010-11-11 00:00:00,97,99.8,20,511400,50133290,2010-11-11 00:00:00,1
2010-11-12 00:00:00,2010-11-12 00:00:00,100,2010-11-12 00:00:00,98.5,99,45,102600,10191760,2010-11-12 00:00:00,1
2010-11-15 00:00:00,2010-11-15 00:00:00,99,2010-11-15 00:00:00,97.5,98,28,30700,3008710,2010-11-15 00:00:00,1
2010-11-16 00:00:00,2010-11-16 00:00:00,98,2010-11-16 00:00:00,95,97.5,33,109600,10629880,2010-11-16 00:00:00,1
2010-11-18 00:00:00,2010-11-18 00:00:00,101,2010-11-18 00:00:00,97,100,95,173300,17290090,2010-11-18 00:00:00,1
2010-11-22 00:00:00,2010-11-22 00:00:00,101,2010-11-22 00:00:00,96,97.9,67,63900,6306300,2010-11-22 00:00:00,1
2010-11-23 00:00:00,2010-11-23 00:00:00,100,2010-11-23 00:00:00,95.5,95.6,54,36200,3528640,2010-11-23 00:00:00,1
2010-11-24 00:00:00,2010-11-24 00:00:00,96.1,2010-11-24 00:00:00,94,94.9,38,23000,2192630,2010-11-24 00:00:00,1
2010-11-25 00:00:00,2010-11-25 00:00:00,94.2,2010-11-25 00:00:00,93,93.9,19,10300,967700,2010-11-25 00:00:00,1
2010-11-26 00:00:00,2010-11-26 00:00:00,93.5,2010-11-26 00:00:00,92.5,92.5,42,51800,4809840,2010-11-26 00:00:00,1
2010-11-29 00:00:00,2010-11-29 00:00:00,95,2010-11-29 00:00:00,88,88.9,49,58100,5299640,2010-11-29 00:00:00,1
2010-11-30 00:00:00,2010-11-30 00:00:00,98.5,2010-11-30 00:00:00,92,95.3,146,"12,595,366    1",",258,831,840.00",2010-11-30 00:00:00,1
2010-12-01 00:00:00,2010-12-01 00:00:00,110,2010-12-01 00:00:00,96.2,104.8,622,1759600,182421610,2010-12-01 00:00:00,1
2010-12-02 00:00:00,2010-12-02 00:00:00,108,2010-12-02 00:00:00,100.1,102.8,162,256200,26934220,2010-12-02 00:00:00,1
2010-12-03 00:00:00,2010-12-03 00:00:00,103.4,2010-12-03 00:00:00,100.5,101.5,37,46800,4746490,2010-12-03 00:00:00,1
2010-12-06 00:00:00,2010-12-06 00:00:00,100,2010-12-06 00:00:00,99,99.1,36,30200,2997640,2010-12-06 00:00:00,1
2010-12-07 00:00:00,2010-12-07 00:00:00,101.5,2010-12-07 00:00:00,99,100.2,66,6224000,622404880,2010-12-07 00:00:00,1
2010-12-08 00:00:00,2010-12-08 00:00:00,100,2010-12-08 00:00:00,99.5,100,35,55700,5566200,2010-12-08 00:00:00,1
2010-12-09 00:00:00,2010-12-09 00:00:00,99.6,2010-12-09 00:00:00,99,99,18,8600,852390,2010-12-09 00:00:00,1
2010-12-10 00:00:00,2010-12-10 00:00:00,99.9,2010-12-10 00:00:00,98.2,98.4,33,59400,5849680,2010-12-10 00:00:00,1
2010-12-13 00:00:00,2010-12-13 00:00:00,98.2,2010-12-13 00:00:00,96.1,96.2,11,4100,400110,2010-12-13 00:00:00,1
2010-12-14 00:00:00,2010-12-14 00:00:00,98,2010-12-14 00:00:00,95,95,63,51300,4908730,2010-12-14 00:00:00,1
2010-12-15 00:00:00,2010-12-15 00:00:00,95,2010-12-15 00:00:00,94.5,94.9,23,24200,2295880,2010-12-15 00:00:00,1
2010-12-16 00:00:00,2010-12-16 00:00:00,95,2010-12-16 00:00:00,94.3,94.7,18,6300,595840,2010-12-16 00:00:00,1
2010-12-17 00:00:00,2010-12-17 00:00:00,94.8,2010-12-17 00:00:00,94,94.6,35,27200,2562680,2010-12-17 00:00:00,1
2010-12-21 00:00:00,2010-12-21 00:00:00,95,2010-12-21 00:00:00,94,94.1,44,24800,2341680,2010-12-21 00:00:00,1
2010-12-22 00:00:00,2010-12-22 00:00:00,97.5,2010-12-22 00:00:00,94.4,96,69,112200,10740380,2010-12-22 00:00:00,1
2010-12-23 00:00:00,2010-12-23 00:00:00,99.3,2010-12-23 00:00:00,95.7,97.6,67,115300,11277710,2010-12-23 00:00:00,1
2010-12-24 00:00:00,2010-12-24 00:00:00,98,2010-12-24 00:00:00,95.9,97.2,8,4600,446760,2010-12-24 00:00:00,1
2010-12-27 00:00:00,2010-12-27 00:00:00,99.5,2010-12-27 00:00:00,96.8,97.6,30,29900,2926460,2010-12-27 00:00:00,1
2010-12-28 00:00:00,2010-12-28 00:00:00,99.5,2010-12-28 00:00:00,97,97,44,85800,8396670,2010-12-28 00:00:00,1
2010-12-29 00:00:00,2010-12-29 00:00:00,98.9,2010-12-29 00:00:00,96,97,30,16400,1586790,2010-12-29 00:00:00,1
2010-12-30 00:00:00,2010-12-30 00:00:00,97,2010-12-30 00:00:00,94,96.4,73,48000,4582710,2010-12-30 00:00:00,1
2010-12-31 00:00:00,2010-12-31 00:00:00,98,2010-12-31 00:00:00,96.5,97.8,34,23600,2289910,2010-12-31 00:00:00,1
Company Id,:  SEYB,Security,Type :  X,Sub Type,:  0000,,,,,
Short Name,:  SEYLAN BANK,,,,,,,,,
Day,Date High,High,Date Low,Low,Closing,No. of Trades,No. of Shares,Turnover,Last Traded,Days Traded
2010-01-04 00:00:00,2010-01-04 00:00:00,17,2010-01-04 00:00:00,16.25,17,158,750700,12589250,2010-01-04 00:00:00,1
2010-01-05 00:00:00,2010-01-05 00:00:00,17.25,2010-01-05 00:00:00,16.75,16.75,112,520600,8814025,2010-01-05 00:00:00,1
2010-01-06 00:00:00,2010-01-06 00:00:00,17.5,2010-01-06 00:00:00,16.5,16.5,109,1354700,22921450,2010-01-06 00:00:00,1
2010-01-07 00:00:00,2010-01-07 00:00:00,17.25,2010-01-07 00:00:00,16.25,17,93,499100,8411325,2010-01-07 00:00:00,1
2010-01-08 00:00:00,2010-01-08 00:00:00,18.25,2010-01-08 00:00:00,16.75,18,402,3594900,63567475,2010-01-08 00:00:00,1
2010-01-11 00:00:00,2010-01-11 00:00:00,18.25,2010-01-11 00:00:00,17.5,17.5,95,494700,8821900,2010-01-11 00:00:00,1
2010-01-12 00:00:00,2010-01-12 00:00:00,17.75,2010-01-12 00:00:00,17.25,17.5,60,171700,3003125,2010-01-12 00:00:00,1
2010-01-13 00:00:00,2010-01-13 00:00:00,17.75,2010-01-13 00:00:00,17.25,17.5,71,346500,6137200,2010-01-13 00:00:00,1
2010-01-15 00:00:00,2010-01-15 00:00:00,17.75,2010-01-15 00:00:00,17.5,17.5,49,278100,4883900,2010-01-15 00:00:00,1
2010-01-18 00:00:00,2010-01-18 00:00:00,17.75,2010-01-18 00:00:00,17.25,17.25,59,193300,3353100,2010-01-18 00:00:00,1
2010-01-19 00:00:00,2010-01-19 00:00:00,17.25,2010-01-19 00:00:00,16.75,17,79,295900,5012175,2010-01-19 00:00:00,1
2010-01-20 00:00:00,2010-01-20 00:00:00,17.25,2010-01-20 00:00:00,16.75,17.25,48,464600,7923350,2010-01-20 00:00:00,1
2010-01-21 00:00:00,2010-01-21 00:00:00,17.25,2010-01-21 00:00:00,17,17,36,212800,3648875,2010-01-21 00:00:00,1
2010-01-22 00:00:00,2010-01-22 00:00:00,17.5,2010-01-22 00:00:00,17,17.5,67,481400,8342675,2010-01-22 00:00:00,1
2010-01-25 00:00:00,2010-01-25 00:00:00,18,2010-01-25 00:00:00,17.5,17.75,93,840000,14870600,2010-01-25 00:00:00,1
2010-01-26 00:00:00,2010-01-26 00:00:00,18.75,2010-01-26 00:00:00,17.75,18.5,275,1552500,28408900,2010-01-26 00:00:00,1
2010-01-28 00:00:00,2010-01-28 00:00:00,20.25,2010-01-28 00:00:00,17.5,20,830,4041300,78998600,2010-01-28 00:00:00,1
2010-02-01 00:00:00,2010-02-01 00:00:00,22.5,2010-02-01 00:00:00,20.25,22,834,5748300,124252400,2010-02-01 00:00:00,1
2010-02-02 00:00:00,2010-02-02 00:00:00,23.25,2010-02-02 00:00:00,22.25,23,624,4308400,97745625,2010-02-02 00:00:00,1
2010-02-03 00:00:00,2010-02-03 00:00:00,23,2010-02-03 00:00:00,22.25,22.5,240,1319000,29698425,2010-02-03 00:00:00,1
2010-02-05 00:00:00,2010-02-05 00:00:00,22.75,2010-02-05 00:00:00,22.25,22.5,179,878400,19747450,2010-02-05 00:00:00,1
2010-02-08 00:00:00,2010-02-08 00:00:00,24,2010-02-08 00:00:00,22.75,23.5,287,1349800,31570625,2010-02-08 00:00:00,1
2010-02-09 00:00:00,2010-02-09 00:00:00,23.5,2010-02-09 00:00:00,22,23,231,1827600,41659900,2010-02-09 00:00:00,1
2010-02-10 00:00:00,2010-02-10 00:00:00,23,2010-02-10 00:00:00,22.5,22.5,161,1704600,38421075,2010-02-10 00:00:00,1
2010-02-11 00:00:00,2010-02-11 00:00:00,22.75,2010-02-11 00:00:00,21.75,21.75,127,850100,18840175,2010-02-11 00:00:00,1
2010-02-12 00:00:00,2010-02-12 00:00:00,23,2010-02-12 00:00:00,20.75,21.5,109,357700,7583525,2010-02-12 00:00:00,1
2010-02-15 00:00:00,2010-02-15 00:00:00,22.25,2010-02-15 00:00:00,21.25,21.25,87,263200,5676550,2010-02-15 00:00:00,1
2010-02-16 00:00:00,2010-02-16 00:00:00,21.25,2010-02-16 00:00:00,20.25,20.5,85,415100,8557825,2010-02-16 00:00:00,1
2010-02-17 00:00:00,2010-02-17 00:00:00,20.75,2010-02-17 00:00:00,20,20,134,520600,10527625,2010-02-17 00:00:00,1
2010-02-18 00:00:00,2010-02-18 00:00:00,21,2010-02-18 00:00:00,20,20,125,744600,15175475,2010-02-18 00:00:00,1
2010-02-19 00:00:00,2010-02-19 00:00:00,20.75,2010-02-19 00:00:00,20.25,20.5,118,593000,12145625,2010-02-19 00:00:00,1
2010-02-22 00:00:00,2010-02-22 00:00:00,20.5,2010-02-22 00:00:00,20,20.25,107,443300,8978775,2010-02-22 00:00:00,1
2010-02-23 00:00:00,2010-02-23 00:00:00,20.25,2010-02-23 00:00:00,19.75,20,115,724400,14496700,2010-02-23 00:00:00,1
2010-02-24 00:00:00,2010-02-24 00:00:00,21.75,2010-02-24 00:00:00,20,20.5,473,4248400,87793325,2010-02-24 00:00:00,1
2010-02-25 00:00:00,2010-02-25 00:00:00,21.25,2010-02-25 00:00:00,20.75,21.25,112,360600,7606225,2010-02-25 00:00:00,1
2010-02-26 00:00:00,2010-02-26 00:00:00,21.25,2010-02-26 00:00:00,20.75,21,71,605200,12743225,2010-02-26 00:00:00,1
2010-03-01 00:00:00,2010-03-01 00:00:00,22,2010-03-01 00:00:00,21,21.25,232,2610300,56279000,2010-03-01 00:00:00,1
2010-03-02 00:00:00,2010-03-02 00:00:00,22.25,2010-03-02 00:00:00,20.75,22,252,1977700,43348475,2010-03-02 00:00:00,1
2010-03-03 00:00:00,2010-03-03 00:00:00,23.25,2010-03-03 00:00:00,22.25,23,546,3921000,90211800,2010-03-03 00:00:00,1
2010-03-04 00:00:00,2010-03-04 00:00:00,23.5,2010-03-04 00:00:00,22.75,23,198,982300,22667850,2010-03-04 00:00:00,1
2010-03-05 00:00:00,2010-03-05 00:00:00,24.25,2010-03-05 00:00:00,23.25,24,445,2839400,67096950,2010-03-05 00:00:00,1
2010-03-08 00:00:00,2010-03-08 00:00:00,24.5,2010-03-08 00:00:00,23.5,23.75,164,987700,23663850,2010-03-08 00:00:00,1
2010-03-09 00:00:00,2010-03-09 00:00:00,24,2010-03-09 00:00:00,23.25,23.75,168,1111500,26336350,2010-03-09 00:00:00,1
2010-03-10 00:00:00,2010-03-10 00:00:00,24.25,2010-03-10 00:00:00,23.5,23.5,171,1132700,27239250,2010-03-10 00:00:00,1
2010-03-11 00:00:00,2010-03-11 00:00:00,24,2010-03-11 00:00:00,23.5,23.75,138,1876400,44560375,2010-03-11 00:00:00,1
2010-03-12 00:00:00,2010-03-12 00:00:00,24,2010-03-12 00:00:00,23.5,23.5,161,801300,18950375,2010-03-12 00:00:00,1
2010-03-15 00:00:00,2010-03-15 00:00:00,24,2010-03-15 00:00:00,23.5,23.75,142,1248200,29645300,2010-03-15 00:00:00,1
2010-03-16 00:00:00,2010-03-16 00:00:00,24.5,2010-03-16 00:00:00,23.75,24,130,1169400,28191025,2010-03-16 00:00:00,1
2010-03-17 00:00:00,2010-03-17 00:00:00,25,2010-03-17 00:00:00,24,24.5,229,1393000,34142675,2010-03-17 00:00:00,1
2010-03-18 00:00:00,2010-03-18 00:00:00,25.75,2010-03-18 00:00:00,24.5,25.25,465,4307500,107457575,2010-03-18 00:00:00,1
2010-03-19 00:00:00,2010-03-19 00:00:00,25.5,2010-03-19 00:00:00,25,25.25,86,199000,5027525,2010-03-19 00:00:00,1
2010-03-22 00:00:00,2010-03-22 00:00:00,25.5,2010-03-22 00:00:00,24.25,24.5,79,255200,6335425,2010-03-22 00:00:00,1
2010-03-23 00:00:00,2010-03-23 00:00:00,25.25,2010-03-23 00:00:00,24.75,25,107,685800,17138550,2010-03-23 00:00:00,1
2010-03-24 00:00:00,2010-03-24 00:00:00,25.5,2010-03-24 00:00:00,24.75,25.25,129,1124000,28139600,2010-03-24 00:00:00,1
2010-03-25 00:00:00,2010-03-25 00:00:00,26,2010-03-25 00:00:00,25.25,25.5,99,296600,7566925,2010-03-25 00:00:00,1
2010-03-26 00:00:00,2010-03-26 00:00:00,26.75,2010-03-26 00:00:00,25.75,26.25,317,1398000,36648950,2010-03-26 00:00:00,1
2010-03-30 00:00:00,2010-03-30 00:00:00,26.75,2010-03-30 00:00:00,25.5,26.5,174,3065200,81117925,2010-03-30 00:00:00,1
2010-03-31 00:00:00,2010-03-31 00:00:00,26.25,2010-03-31 00:00:00,26,26,84,173100,4509625,2010-03-31 00:00:00,1
2010-04-01 00:00:00,2010-04-01 00:00:00,26.25,2010-04-01 00:00:00,25.75,25.75,81,239300,6179900,2010-04-01 00:00:00,1
2010-04-05 00:00:00,2010-04-05 00:00:00,26.25,2010-04-05 00:00:00,25.75,26,61,224600,5823975,2010-04-05 00:00:00,1
2010-04-06 00:00:00,2010-04-06 00:00:00,30,2010-04-06 00:00:00,26.25,29.5,659,3568800,102890575,2010-04-06 00:00:00,1
2010-04-07 00:00:00,2010-04-07 00:00:00,30,2010-04-07 00:00:00,29.25,29.5,414,1936000,57621275,2010-04-07 00:00:00,1
2010-04-08 00:00:00,2010-04-08 00:00:00,29.75,2010-04-08 00:00:00,29,29.25,104,301000,8842000,2010-04-08 00:00:00,1
2010-04-12 00:00:00,2010-04-12 00:00:00,30.25,2010-04-12 00:00:00,29.25,29.5,231,993800,29531825,2010-04-12 00:00:00,1
2010-04-15 00:00:00,2010-04-15 00:00:00,30,2010-04-15 00:00:00,29,29.25,92,361400,10653050,2010-04-15 00:00:00,1
2010-04-16 00:00:00,2010-04-16 00:00:00,31.5,2010-04-16 00:00:00,29,31.25,316,1404000,43020200,2010-04-16 00:00:00,1
2010-04-19 00:00:00,2010-04-19 00:00:00,33,2010-04-19 00:00:00,31.25,31.75,391,1600900,51009450,2010-04-19 00:00:00,1
2010-04-20 00:00:00,2010-04-20 00:00:00,32,2010-04-20 00:00:00,30.5,31.25,231,947000,29668925,2010-04-20 00:00:00,1
2010-04-21 00:00:00,2010-04-21 00:00:00,31.75,2010-04-21 00:00:00,30.75,31.25,192,1133500,35127125,2010-04-21 00:00:00,1
2010-04-22 00:00:00,2010-04-22 00:00:00,31.5,2010-04-22 00:00:00,30.5,31,189,948000,29379250,2010-04-22 00:00:00,1
2010-04-23 00:00:00,2010-04-23 00:00:00,32.75,2010-04-23 00:00:00,31,32.5,339,2707300,86363700,2010-04-23 00:00:00,1
2010-04-26 00:00:00,2010-04-26 00:00:00,32.75,2010-04-26 00:00:00,31.5,31.75,180,639700,20667450,2010-04-26 00:00:00,1
2010-04-27 00:00:00,2010-04-27 00:00:00,32,2010-04-27 00:00:00,31.5,31.5,142,628700,19950875,2010-04-27 00:00:00,1
2010-04-29 00:00:00,2010-04-29 00:00:00,31.75,2010-04-29 00:00:00,31.25,31.5,121,612500,19306300,2010-04-29 00:00:00,1
2010-04-30 00:00:00,2010-04-30 00:00:00,32,2010-04-30 00:00:00,31.5,32,92,448800,14217625,2010-04-30 00:00:00,1
2010-05-03 00:00:00,2010-05-03 00:00:00,33.25,2010-05-03 00:00:00,32,32,352,2064900,67361650,2010-05-03 00:00:00,1
2010-05-04 00:00:00,2010-05-04 00:00:00,32.75,2010-05-04 00:00:00,31.75,32.25,156,771500,24807275,2010-05-04 00:00:00,1
2010-05-05 00:00:00,2010-05-05 00:00:00,33.25,2010-05-05 00:00:00,32,32.5,117,813200,26464675,2010-05-05 00:00:00,1
2010-05-06 00:00:00,2010-05-06 00:00:00,34,2010-05-06 00:00:00,32.75,33.75,399,1792800,60267300,2010-05-06 00:00:00,1
2010-05-07 00:00:00,2010-05-07 00:00:00,37.25,2010-05-07 00:00:00,33.75,36.5,846,5333600,186807425,2010-05-07 00:00:00,1
2010-05-10 00:00:00,2010-05-10 00:00:00,39.75,2010-05-10 00:00:00,37,37.5,928,3235300,124162875,2010-05-10 00:00:00,1
2010-05-11 00:00:00,2010-05-11 00:00:00,38.25,2010-05-11 00:00:00,36.25,36.5,355,842600,31372400,2010-05-11 00:00:00,1
2010-05-12 00:00:00,2010-05-12 00:00:00,37,2010-05-12 00:00:00,35,35.5,259,730600,26150650,2010-05-12 00:00:00,1
2010-05-13 00:00:00,2010-05-13 00:00:00,37,2010-05-13 00:00:00,35.5,36.75,214,744300,27143175,2010-05-13 00:00:00,1
2010-05-14 00:00:00,2010-05-14 00:00:00,37,2010-05-14 00:00:00,36.5,36.5,162,313500,11529400,2010-05-14 00:00:00,1
2010-05-17 00:00:00,2010-05-17 00:00:00,37.75,2010-05-17 00:00:00,36.5,37,148,314000,11646350,2010-05-17 00:00:00,1
2010-05-18 00:00:00,2010-05-18 00:00:00,37,2010-05-18 00:00:00,36.5,36.5,124,339700,12448125,2010-05-18 00:00:00,1
2010-05-19 00:00:00,2010-05-19 00:00:00,36.5,2010-05-19 00:00:00,35.5,35.5,110,181200,6493650,2010-05-19 00:00:00,1
2010-05-20 00:00:00,2010-05-20 00:00:00,35.75,2010-05-20 00:00:00,35,35.25,148,401600,14144375,2010-05-20 00:00:00,1
2010-05-21 00:00:00,2010-05-21 00:00:00,35.25,2010-05-21 00:00:00,34.5,35,175,918300,32094250,2010-05-21 00:00:00,1
2010-05-24 00:00:00,2010-05-24 00:00:00,35,2010-05-24 00:00:00,34,34.5,162,554000,19118650,2010-05-24 00:00:00,1
2010-05-25 00:00:00,2010-05-25 00:00:00,35,2010-05-25 00:00:00,34.25,34.25,132,397600,13740075,2010-05-25 00:00:00,1
2010-05-26 00:00:00,2010-05-26 00:00:00,36,2010-05-26 00:00:00,34.5,35.5,105,309100,10820450,2010-05-26 00:00:00,1
2010-05-31 00:00:00,2010-05-31 00:00:00,35.75,2010-05-31 00:00:00,35,35.25,72,118100,4171525,2010-05-31 00:00:00,1
2010-06-01 00:00:00,2010-06-01 00:00:00,35.25,2010-06-01 00:00:00,34.75,34.75,65,71900,2513375,2010-06-01 00:00:00,1
2010-06-02 00:00:00,2010-06-02 00:00:00,38,2010-06-02 00:00:00,35,37.5,419,1289800,47697875,2010-06-02 00:00:00,1
2010-06-03 00:00:00,2010-06-03 00:00:00,39.5,2010-06-03 00:00:00,38,38.25,536,2074600,80098225,2010-06-03 00:00:00,1
2010-06-04 00:00:00,2010-06-04 00:00:00,39,2010-06-04 00:00:00,38,38.75,270,1554300,60211575,2010-06-04 00:00:00,1
2010-06-07 00:00:00,2010-06-07 00:00:00,41,2010-06-07 00:00:00,38.5,40.75,743,4515100,179763900,2010-06-07 00:00:00,1
2010-06-08 00:00:00,2010-06-08 00:00:00,44,2010-06-08 00:00:00,40.75,41.75,1033,4241300,179829275,2010-06-08 00:00:00,1
2010-06-09 00:00:00,2010-06-09 00:00:00,42.5,2010-06-09 00:00:00,41,41.5,387,3088000,129475850,2010-06-09 00:00:00,1
2010-06-10 00:00:00,2010-06-10 00:00:00,42.5,2010-06-10 00:00:00,41.75,42.25,351,1758300,73993325,2010-06-10 00:00:00,1
2010-06-11 00:00:00,2010-06-11 00:00:00,46.5,2010-06-11 00:00:00,42.25,44.5,1347,8683300,388840475,2010-06-11 00:00:00,1
2010-06-14 00:00:00,2010-06-14 00:00:00,46,2010-06-14 00:00:00,44.5,45,590,3584400,161478500,2010-06-14 00:00:00,1
2010-06-15 00:00:00,2010-06-15 00:00:00,46.25,2010-06-15 00:00:00,44.5,44.75,561,1621300,73358950,2010-06-15 00:00:00,1
2010-06-16 00:00:00,2010-06-16 00:00:00,45,2010-06-16 00:00:00,44,44.25,372,1399600,62143575,2010-06-16 00:00:00,1
2010-06-17 00:00:00,2010-06-17 00:00:00,45,2010-06-17 00:00:00,44,44.25,319,3141400,138709925,2010-06-17 00:00:00,1
2010-06-21 00:00:00,2010-06-21 00:00:00,44.5,2010-06-21 00:00:00,43.5,44,369,1861600,81818750,2010-06-21 00:00:00,1
2010-06-22 00:00:00,2010-06-22 00:00:00,45.75,2010-06-22 00:00:00,43.25,45,731,5452600,244670275,2010-06-22 00:00:00,1
2010-06-23 00:00:00,2010-06-23 00:00:00,49.5,2010-06-23 00:00:00,46,47.25,1932,15829100,736779575,2010-06-23 00:00:00,1
2010-06-24 00:00:00,2010-06-24 00:00:00,48.25,2010-06-24 00:00:00,45,45.5,1366,8179900,371717100,2010-06-24 00:00:00,1
2010-06-28 00:00:00,2010-06-28 00:00:00,47,2010-06-28 00:00:00,44.25,44.75,351,989400,44678025,2010-06-28 00:00:00,1
2010-06-29 00:00:00,2010-06-29 00:00:00,46.5,2010-06-29 00:00:00,45,46,415,2454500,112887250,2010-06-29 00:00:00,1
2010-06-30 00:00:00,2010-06-30 00:00:00,47,2010-06-30 00:00:00,45.5,45.75,197,708200,32640575,2010-06-30 00:00:00,1
2010-07-01 00:00:00,2010-07-01 00:00:00,46,2010-07-01 00:00:00,44.75,45,196,539600,24517325,2010-07-01 00:00:00,1
2010-07-02 00:00:00,2010-07-02 00:00:00,45,2010-07-02 00:00:00,43.5,44.25,170,347100,15325275,2010-07-02 00:00:00,1
2010-07-05 00:00:00,2010-07-05 00:00:00,44,2010-07-05 00:00:00,42.5,42.5,289,564100,24132725,2010-07-05 00:00:00,1
2010-07-06 00:00:00,2010-07-06 00:00:00,43,2010-07-06 00:00:00,40.5,41.5,264,576500,24066400,2010-07-06 00:00:00,1
2010-07-07 00:00:00,2010-07-07 00:00:00,41.5,2010-07-07 00:00:00,39.75,40.25,536,1635300,65579175,2010-07-07 00:00:00,1
2010-07-08 00:00:00,2010-07-08 00:00:00,44,2010-07-08 00:00:00,40,43.25,519,1418500,59922900,2010-07-08 00:00:00,1
2010-07-09 00:00:00,2010-07-09 00:00:00,45.75,2010-07-09 00:00:00,42.75,43,649,1545700,68308525,2010-07-09 00:00:00,1
2010-07-12 00:00:00,2010-07-12 00:00:00,44.25,2010-07-12 00:00:00,42,43,185,293100,12617425,2010-07-12 00:00:00,1
2010-07-13 00:00:00,2010-07-13 00:00:00,44.75,2010-07-13 00:00:00,42.5,43.75,193,492200,21235825,2010-07-13 00:00:00,1
2010-07-14 00:00:00,2010-07-14 00:00:00,44.25,2010-07-14 00:00:00,43,43.25,157,227600,9896600,2010-07-14 00:00:00,1
2010-07-15 00:00:00,2010-07-15 00:00:00,44,2010-07-15 00:00:00,43,43.25,132,177200,7693150,2010-07-15 00:00:00,1
2010-07-16 00:00:00,2010-07-16 00:00:00,44,2010-07-16 00:00:00,43,43,168,357500,15470700,2010-07-16 00:00:00,1
2010-07-19 00:00:00,2010-07-19 00:00:00,43.5,2010-07-19 00:00:00,42,42.5,199,369700,15855750,2010-07-19 00:00:00,1
2010-07-20 00:00:00,2010-07-20 00:00:00,44,2010-07-20 00:00:00,42.25,43,179,370400,16015925,2010-07-20 00:00:00,1
2010-07-21 00:00:00,2010-07-21 00:00:00,45.25,2010-07-21 00:00:00,44,45,466,1692200,75636175,2010-07-21 00:00:00,1
2010-07-22 00:00:00,2010-07-22 00:00:00,45.25,2010-07-22 00:00:00,43.75,44.25,226,950700,42700675,2010-07-22 00:00:00,1
2010-07-23 00:00:00,2010-07-23 00:00:00,44,2010-07-23 00:00:00,43,43.25,224,440000,19115650,2010-07-23 00:00:00,1
2010-07-26 00:00:00,2010-07-26 00:00:00,44.5,2010-07-26 00:00:00,43.5,44,171,808200,35501550,2010-07-26 00:00:00,1
2010-07-27 00:00:00,2010-07-27 00:00:00,45.25,2010-07-27 00:00:00,44,45,294,1147900,51590700,2010-07-27 00:00:00,1
2010-07-28 00:00:00,2010-07-28 00:00:00,45.25,2010-07-28 00:00:00,44,44.75,178,467700,20933925,2010-07-28 00:00:00,1
2010-07-29 00:00:00,2010-07-29 00:00:00,45.5,2010-07-29 00:00:00,44,44.5,213,381700,17073450,2010-07-29 00:00:00,1
2010-07-30 00:00:00,2010-07-30 00:00:00,46,2010-07-30 00:00:00,44,44,164,616700,27510250,2010-07-30 00:00:00,1
2010-08-02 00:00:00,2010-08-02 00:00:00,45,2010-08-02 00:00:00,43,43.8,153,323100,14197160,2010-08-02 00:00:00,1
2010-08-03 00:00:00,2010-08-03 00:00:00,44.5,2010-08-03 00:00:00,42.8,43,90,122300,5298160,2010-08-03 00:00:00,1
2010-08-04 00:00:00,2010-08-04 00:00:00,43.8,2010-08-04 00:00:00,42.5,43.1,78,98600,4239840,2010-08-04 00:00:00,1
2010-08-05 00:00:00,2010-08-05 00:00:00,43,2010-08-05 00:00:00,39.5,42.9,317,739400,30140680,2010-08-05 00:00:00,1
2010-08-06 00:00:00,2010-08-06 00:00:00,42.5,2010-08-06 00:00:00,41,41.4,185,277800,11493900,2010-08-06 00:00:00,1
2010-08-09 00:00:00,2010-08-09 00:00:00,42,2010-08-09 00:00:00,39,39.2,393,866100,34128070,2010-08-09 00:00:00,1
2010-08-10 00:00:00,2010-08-10 00:00:00,43.1,2010-08-10 00:00:00,37,43.1,515,1224300,49744910,2010-08-10 00:00:00,1
2010-08-11 00:00:00,2010-08-11 00:00:00,45,2010-08-11 00:00:00,41.6,42,194,313800,13566420,2010-08-11 00:00:00,1
2010-08-12 00:00:00,2010-08-12 00:00:00,43,2010-08-12 00:00:00,41,42,117,250100,10425210,2010-08-12 00:00:00,1
2010-08-13 00:00:00,2010-08-13 00:00:00,42.8,2010-08-13 00:00:00,41,42.5,143,315100,13257360,2010-08-13 00:00:00,1
2010-08-16 00:00:00,2010-08-16 00:00:00,43.5,2010-08-16 00:00:00,41.7,42,93,99300,4172300,2010-08-16 00:00:00,1
2010-08-17 00:00:00,2010-08-17 00:00:00,43,2010-08-17 00:00:00,41.3,41.5,149,189900,7924480,2010-08-17 00:00:00,1
2010-08-18 00:00:00,2010-08-18 00:00:00,42.9,2010-08-18 00:00:00,41.2,42.1,103,153100,6424800,2010-08-18 00:00:00,1
2010-08-19 00:00:00,2010-08-19 00:00:00,42.5,2010-08-19 00:00:00,41.5,42,146,208300,8757060,2010-08-19 00:00:00,1
2010-08-20 00:00:00,2010-08-20 00:00:00,43,2010-08-20 00:00:00,41.6,42,125,160500,6721010,2010-08-20 00:00:00,1
2010-08-23 00:00:00,2010-08-23 00:00:00,42,2010-08-23 00:00:00,41.5,41.7,159,225500,9412220,2010-08-23 00:00:00,1
2010-08-25 00:00:00,2010-08-25 00:00:00,42,2010-08-25 00:00:00,40.3,40.8,300,426000,17345920,2010-08-25 00:00:00,1
2010-08-26 00:00:00,2010-08-26 00:00:00,40.9,2010-08-26 00:00:00,40,40.8,152,273500,11006310,2010-08-26 00:00:00,1
2010-08-27 00:00:00,2010-08-27 00:00:00,40.7,2010-08-27 00:00:00,39.8,40,217,443300,17754460,2010-08-27 00:00:00,1
2010-08-30 00:00:00,2010-08-30 00:00:00,40,2010-08-30 00:00:00,39,39.8,172,216500,8577290,2010-08-30 00:00:00,1
2010-08-31 00:00:00,2010-08-31 00:00:00,40.5,2010-08-31 00:00:00,39.2,40,155,360000,14281470,2010-08-31 00:00:00,1
2010-09-01 00:00:00,2010-09-01 00:00:00,40,2010-09-01 00:00:00,39.5,39.9,138,357700,14242890,2010-09-01 00:00:00,1
2010-09-02 00:00:00,2010-09-02 00:00:00,43.1,2010-09-02 00:00:00,39.6,41.5,354,680800,28059380,2010-09-02 00:00:00,1
2010-09-03 00:00:00,2010-09-03 00:00:00,42.9,2010-09-03 00:00:00,40,40.2,265,471600,19231100,2010-09-03 00:00:00,1
2010-09-06 00:00:00,2010-09-06 00:00:00,41,2010-09-06 00:00:00,39.4,39.8,305,665600,26396610,2010-09-06 00:00:00,1
2010-09-07 00:00:00,2010-09-07 00:00:00,40.8,2010-09-07 00:00:00,39.6,40,231,540900,21678540,2010-09-07 00:00:00,1
2010-09-08 00:00:00,2010-09-08 00:00:00,41,2010-09-08 00:00:00,39.9,40,162,578200,23224530,2010-09-08 00:00:00,1
2010-09-09 00:00:00,2010-09-09 00:00:00,41.5,2010-09-09 00:00:00,39.5,40,190,486700,19509560,2010-09-09 00:00:00,1
2010-09-13 00:00:00,2010-09-13 00:00:00,41.5,2010-09-13 00:00:00,40,41.1,528,1690100,68982780,2010-09-13 00:00:00,1
2010-09-14 00:00:00,2010-09-14 00:00:00,42.5,2010-09-14 00:00:00,40.9,41.1,342,683400,28455540,2010-09-14 00:00:00,1
2010-09-15 00:00:00,2010-09-15 00:00:00,45.2,2010-09-15 00:00:00,40,43.3,804,2524300,107738290,2010-09-15 00:00:00,1
2010-09-16 00:00:00,2010-09-16 00:00:00,47.6,2010-09-16 00:00:00,44.5,47.6,1413,3854200,178140820,2010-09-16 00:00:00,1
2010-09-17 00:00:00,2010-09-17 00:00:00,51,2010-09-17 00:00:00,48.5,49.1,2328,6727700,336081260,2010-09-17 00:00:00,1
2010-09-20 00:00:00,2010-09-20 00:00:00,52,2010-09-20 00:00:00,48.5,49.1,1049,4186600,208737520,2010-09-20 00:00:00,1
2010-09-21 00:00:00,2010-09-21 00:00:00,53.5,2010-09-21 00:00:00,49.1,52.2,2252,7227600,374553650,2010-09-21 00:00:00,1
2010-09-23 00:00:00,2010-09-23 00:00:00,55,2010-09-23 00:00:00,52.3,52.7,1732,5975900,319365640,2010-09-23 00:00:00,1
2010-09-24 00:00:00,2010-09-24 00:00:00,60,2010-09-24 00:00:00,52.7,59.2,3307,8712000,496055720,2010-09-24 00:00:00,1
2010-09-27 00:00:00,2010-09-27 00:00:00,64.9,2010-09-27 00:00:00,60,61.9,2571,6960000,431451420,2010-09-27 00:00:00,1
2010-09-28 00:00:00,2010-09-28 00:00:00,62,2010-09-28 00:00:00,58,58.6,1318,2344900,138510720,2010-09-28 00:00:00,1
2010-09-29 00:00:00,2010-09-29 00:00:00,60.4,2010-09-29 00:00:00,57.7,59,647,1360700,80109930,2010-09-29 00:00:00,1
2010-09-30 00:00:00,2010-09-30 00:00:00,60.2,2010-09-30 00:00:00,57.9,58.9,763,1952000,115453670,2010-09-30 00:00:00,1
2010-10-01 00:00:00,2010-10-01 00:00:00,60,2010-10-01 00:00:00,58.1,58.7,465,1378500,81833470,2010-10-01 00:00:00,1
2010-10-04 00:00:00,2010-10-04 00:00:00,59.5,2010-10-04 00:00:00,56.8,57,548,1400500,80809010,2010-10-04 00:00:00,1
2010-10-05 00:00:00,2010-10-05 00:00:00,58,2010-10-05 00:00:00,55,57.1,587,1068800,60890810,2010-10-05 00:00:00,1
2010-10-06 00:00:00,2010-10-06 00:00:00,57.8,2010-10-06 00:00:00,54.8,55.1,508,805800,44681750,2010-10-06 00:00:00,1
2010-10-07 00:00:00,2010-10-07 00:00:00,57,2010-10-07 00:00:00,52.7,53.8,1175,2603600,141919740,2010-10-07 00:00:00,1
2010-10-08 00:00:00,2010-10-08 00:00:00,56.4,2010-10-08 00:00:00,53,55.6,714,1365100,74831120,2010-10-08 00:00:00,1
2010-10-11 00:00:00,2010-10-11 00:00:00,57,2010-10-11 00:00:00,54.5,54.9,395,762900,42528280,2010-10-11 00:00:00,1
2010-10-12 00:00:00,2010-10-12 00:00:00,54,2010-10-12 00:00:00,50.5,51.3,613,1483400,77740930,2010-10-12 00:00:00,1
2010-10-13 00:00:00,2010-10-13 00:00:00,53,2010-10-13 00:00:00,48,51.9,956,2553500,127823010,2010-10-13 00:00:00,1
2010-10-14 00:00:00,2010-10-14 00:00:00,53,2010-10-14 00:00:00,49.5,50,544,1111700,56338040,2010-10-14 00:00:00,1
2010-10-15 00:00:00,2010-10-15 00:00:00,50.2,2010-10-15 00:00:00,48,50,376,1006000,49384170,2010-10-15 00:00:00,1
2010-10-18 00:00:00,2010-10-18 00:00:00,51.8,2010-10-18 00:00:00,50.5,51,293,388400,19791690,2010-10-18 00:00:00,1
2010-10-19 00:00:00,2010-10-19 00:00:00,54.8,2010-10-19 00:00:00,50.7,53.8,595,1064000,56195490,2010-10-19 00:00:00,1
2010-10-20 00:00:00,2010-10-20 00:00:00,56.5,2010-10-20 00:00:00,53.8,54,1089,2489100,137582280,2010-10-20 00:00:00,1
2010-10-21 00:00:00,2010-10-21 00:00:00,55,2010-10-21 00:00:00,53.8,54.6,220,435100,23812530,2010-10-21 00:00:00,1
2010-10-25 00:00:00,2010-10-25 00:00:00,55.1,2010-10-25 00:00:00,53,53,210,555500,29980380,2010-10-25 00:00:00,1
2010-10-26 00:00:00,2010-10-26 00:00:00,53.1,2010-10-26 00:00:00,51.3,51.6,224,452100,23482920,2010-10-26 00:00:00,1
2010-10-27 00:00:00,2010-10-27 00:00:00,54,2010-10-27 00:00:00,51.2,52.9,259,486300,25604720,2010-10-27 00:00:00,1
2010-10-28 00:00:00,2010-10-28 00:00:00,53.5,2010-10-28 00:00:00,51.5,51.9,195,283200,14786120,2010-10-28 00:00:00,1
2010-10-29 00:00:00,2010-10-29 00:00:00,53.1,2010-10-29 00:00:00,51.6,52.9,244,494600,26074490,2010-10-29 00:00:00,1
2010-11-01 00:00:00,2010-11-01 00:00:00,53.5,2010-11-01 00:00:00,52.7,52.9,168,301900,15979840,2010-11-01 00:00:00,1
2010-11-02 00:00:00,2010-11-02 00:00:00,53,2010-11-02 00:00:00,51.2,51.9,141,242900,12638440,2010-11-02 00:00:00,1
2010-11-03 00:00:00,2010-11-03 00:00:00,52.9,2010-11-03 00:00:00,51.5,52,113,281000,14595240,2010-11-03 00:00:00,1
2010-11-04 00:00:00,2010-11-04 00:00:00,52,2010-11-04 00:00:00,51.6,51.8,124,197600,10239910,2010-11-04 00:00:00,1
2010-11-08 00:00:00,2010-11-08 00:00:00,52.5,2010-11-08 00:00:00,51.6,51.9,168,483700,25134110,2010-11-08 00:00:00,1
2010-11-09 00:00:00,2010-11-09 00:00:00,52,2010-11-09 00:00:00,51,51.4,124,189200,9727810,2010-11-09 00:00:00,1
2010-11-10 00:00:00,2010-11-10 00:00:00,51.5,2010-11-10 00:00:00,49.6,49.9,310,910200,45839530,2010-11-10 00:00:00,1
2010-11-11 00:00:00,2010-11-11 00:00:00,51.5,2010-11-11 00:00:00,49.7,50.9,196,256700,12933640,2010-11-11 00:00:00,1
2010-11-12 00:00:00,2010-11-12 00:00:00,51.1,2010-11-12 00:00:00,50.2,50.3,141,262600,13265240,2010-11-12 00:00:00,1
2010-11-15 00:00:00,2010-11-15 00:00:00,50.5,2010-11-15 00:00:00,49,49.3,204,317800,15736240,2010-11-15 00:00:00,1
2010-11-16 00:00:00,2010-11-16 00:00:00,49.5,2010-11-16 00:00:00,48,48.5,217,389200,18910940,2010-11-16 00:00:00,1
2010-11-18 00:00:00,2010-11-18 00:00:00,50.7,2010-11-18 00:00:00,48.5,50.2,228,312000,15608360,2010-11-18 00:00:00,1
2010-11-22 00:00:00,2010-11-22 00:00:00,51.5,2010-11-22 00:00:00,49.1,50.2,241,595300,30017700,2010-11-22 00:00:00,1
2010-11-23 00:00:00,2010-11-23 00:00:00,51.4,2010-11-23 00:00:00,48.8,50,265,848700,42349330,2010-11-23 00:00:00,1
2010-11-24 00:00:00,2010-11-24 00:00:00,50.3,2010-11-24 00:00:00,49.1,50,156,736700,36826340,2010-11-24 00:00:00,1
2010-11-25 00:00:00,2010-11-25 00:00:00,50.1,2010-11-25 00:00:00,49.2,49.4,90,93700,4654820,2010-11-25 00:00:00,1
2010-11-26 00:00:00,2010-11-26 00:00:00,49.1,2010-11-26 00:00:00,48.1,48.2,164,227500,10999540,2010-11-26 00:00:00,1
2010-11-29 00:00:00,2010-11-29 00:00:00,48.5,2010-11-29 00:00:00,46,46.9,238,1134700,53907880,2010-11-29 00:00:00,1
2010-11-30 00:00:00,2010-11-30 00:00:00,51,2010-11-30 00:00:00,48.1,49.5,460,763000,37997570,2010-11-30 00:00:00,1
2010-12-01 00:00:00,2010-12-01 00:00:00,56.1,2010-12-01 00:00:00,49.9,53.2,1983,6020700,322598340,2010-12-01 00:00:00,1
2010-12-02 00:00:00,2010-12-02 00:00:00,54.8,2010-12-02 00:00:00,51.6,52,631,2268100,119513980,2010-12-02 00:00:00,1
2010-12-03 00:00:00,2010-12-03 00:00:00,52,2010-12-03 00:00:00,50.5,51.7,281,542500,27885120,2010-12-03 00:00:00,1
2010-12-06 00:00:00,2010-12-06 00:00:00,51,2010-12-06 00:00:00,49,49.6,354,559700,27874650,2010-12-06 00:00:00,1
2010-12-07 00:00:00,2010-12-07 00:00:00,50.9,2010-12-07 00:00:00,49.2,50,222,329900,16446720,2010-12-07 00:00:00,1
2010-12-08 00:00:00,2010-12-08 00:00:00,50,2010-12-08 00:00:00,49,49.1,159,307500,15142390,2010-12-08 00:00:00,1
2010-12-09 00:00:00,2010-12-09 00:00:00,50,2010-12-09 00:00:00,49,49.6,105,80500,3995980,2010-12-09 00:00:00,1
2010-12-10 00:00:00,2010-12-10 00:00:00,50,2010-12-10 00:00:00,49.2,49.8,114,208100,10337220,2010-12-10 00:00:00,1
2010-12-13 00:00:00,2010-12-13 00:00:00,49.8,2010-12-13 00:00:00,49,49.4,115,211800,10453460,2010-12-13 00:00:00,1
2010-12-14 00:00:00,2010-12-14 00:00:00,49.4,2010-12-14 00:00:00,48.8,49,129,452400,22183540,2010-12-14 00:00:00,1
2010-12-15 00:00:00,2010-12-15 00:00:00,56.5,2010-12-15 00:00:00,48.1,48.5,146,167300,8110580,2010-12-15 00:00:00,1
2010-12-16 00:00:00,2010-12-16 00:00:00,48.5,2010-12-16 00:00:00,48,48,159,231800,11137580,2010-12-16 00:00:00,1
2010-12-17 00:00:00,2010-12-17 00:00:00,48.7,2010-12-17 00:00:00,48,48.2,115,123500,5936870,2010-12-17 00:00:00,1
2010-12-21 00:00:00,2010-12-21 00:00:00,48.8,2010-12-21 00:00:00,48,48.5,100,111900,5414750,2010-12-21 00:00:00,1
2010-12-22 00:00:00,2010-12-22 00:00:00,50.3,2010-12-22 00:00:00,48.3,49.5,242,327600,16255680,2010-12-22 00:00:00,1
2010-12-23 00:00:00,2010-12-23 00:00:00,50.2,2010-12-23 00:00:00,49.5,49.8,191,456800,22775150,2010-12-23 00:00:00,1
2010-12-24 00:00:00,2010-12-24 00:00:00,50,2010-12-24 00:00:00,49.1,49.8,87,197000,9790430,2010-12-24 00:00:00,1
2010-12-27 00:00:00,2010-12-27 00:00:00,50.9,2010-12-27 00:00:00,49.8,49.9,116,292500,14641660,2010-12-27 00:00:00,1
2010-12-28 00:00:00,2010-12-28 00:00:00,50.3,2010-12-28 00:00:00,49.3,49.7,165,180500,9012200,2010-12-28 00:00:00,1
2010-12-29 00:00:00,2010-12-29 00:00:00,50,2010-12-29 00:00:00,49.3,49.4,111,88600,4384160,2010-12-29 00:00:00,1
2010-12-30 00:00:00,2010-12-30 00:00:00,49.5,2010-12-30 00:00:00,47.7,48.8,293,365700,17771000,2010-12-30 00:00:00,1
2010-12-31 00:00:00,2010-12-31 00:00:00,49.5,2010-12-31 00:00:00,48.8,49,172,237200,11656590,2010-12-31 00:00:00,1
Company Id,:  SFL,Security,Type :  N,Sub Type,:  0000,,,,,
Short Name,:  SINHAPUTHRA FIN,,,,,,,,,
Day,Date High,High,Date Low,Low,Closing,No. of Trades,No. of Shares,Turnover,Last Traded,Days Traded
2010-06-02 00:00:00,2010-06-02 00:00:00,140,2010-06-02 00:00:00,100,101.75,150,70500,8243600,2010-06-02 00:00:00,1
2010-06-03 00:00:00,2010-06-03 00:00:00,110,2010-06-03 00:00:00,102,108.25,16,5300,553600,2010-06-03 00:00:00,1
2010-06-04 00:00:00,2010-06-04 00:00:00,110,2010-06-04 00:00:00,105.5,106.25,7,1300,140500,2010-06-04 00:00:00,1
2010-06-07 00:00:00,2010-06-07 00:00:00,106.25,2010-06-07 00:00:00,106,106,6,1200,127275,2010-06-07 00:00:00,1
2010-06-08 00:00:00,2010-06-08 00:00:00,100,2010-06-08 00:00:00,82.5,90,90,20600,1865675,2010-06-08 00:00:00,1
2010-06-09 00:00:00,2010-06-09 00:00:00,90,2010-06-09 00:00:00,85,85.25,10,2200,193225,2010-06-09 00:00:00,1
2010-06-10 00:00:00,2010-06-10 00:00:00,85,2010-06-10 00:00:00,85,85,2,200,17000,2010-06-10 00:00:00,1
2010-06-11 00:00:00,2010-06-11 00:00:00,85,2010-06-11 00:00:00,82,83.25,10,2400,199775,2010-06-11 00:00:00,1
2010-06-14 00:00:00,2010-06-14 00:00:00,84,2010-06-14 00:00:00,84,84,2,1200,100800,2010-06-14 00:00:00,1
2010-06-15 00:00:00,2010-06-15 00:00:00,82.5,2010-06-15 00:00:00,77,77.75,13,7400,585375,2010-06-15 00:00:00,1
2010-06-16 00:00:00,2010-06-16 00:00:00,82,2010-06-16 00:00:00,74,79.75,44,14500,1131850,2010-06-16 00:00:00,1
2010-06-17 00:00:00,2010-06-17 00:00:00,83.5,2010-06-17 00:00:00,77.5,79,38,30800,2431950,2010-06-17 00:00:00,1
2010-06-21 00:00:00,2010-06-21 00:00:00,79,2010-06-21 00:00:00,77,78.75,8,1700,132050,2010-06-21 00:00:00,1
2010-06-22 00:00:00,2010-06-22 00:00:00,77.25,2010-06-22 00:00:00,77,77.25,5,2200,169775,2010-06-22 00:00:00,1
2010-06-23 00:00:00,2010-06-23 00:00:00,79.75,2010-06-23 00:00:00,76.75,79.25,5,3100,244000,2010-06-23 00:00:00,1
2010-06-24 00:00:00,2010-06-24 00:00:00,76.5,2010-06-24 00:00:00,76.5,76.5,2,200,15300,2010-06-24 00:00:00,1
2010-06-28 00:00:00,2010-06-28 00:00:00,90,2010-06-28 00:00:00,78.75,78.75,4,4800,390650,2010-06-28 00:00:00,1
2010-06-29 00:00:00,2010-06-29 00:00:00,78,2010-06-29 00:00:00,77,77,2,200,15500,2010-06-29 00:00:00,1
2010-07-01 00:00:00,2010-07-01 00:00:00,77,2010-07-01 00:00:00,75,75.5,12,2500,190550,2010-07-01 00:00:00,1
2010-07-02 00:00:00,2010-07-02 00:00:00,70.25,2010-07-02 00:00:00,70,70.25,3,500,35100,2010-07-02 00:00:00,1
2010-07-05 00:00:00,2010-07-05 00:00:00,77.25,2010-07-05 00:00:00,74.75,76.25,5,900,68775,2010-07-05 00:00:00,1
2010-07-06 00:00:00,2010-07-06 00:00:00,74.25,2010-07-06 00:00:00,70,70.5,13,2900,204475,2010-07-06 00:00:00,1
2010-07-08 00:00:00,2010-07-08 00:00:00,69.75,2010-07-08 00:00:00,69.75,69.75,1,100,6975,2010-07-08 00:00:00,1
2010-07-09 00:00:00,2010-07-09 00:00:00,77,2010-07-09 00:00:00,72.5,76.25,11,6600,495450,2010-07-09 00:00:00,1
2010-07-12 00:00:00,2010-07-12 00:00:00,74,2010-07-12 00:00:00,69.5,71.25,11,4600,331600,2010-07-12 00:00:00,1
2010-07-13 00:00:00,2010-07-13 00:00:00,69.75,2010-07-13 00:00:00,69.5,69.75,3,300,20900,2010-07-13 00:00:00,1
2010-07-14 00:00:00,2010-07-14 00:00:00,70,2010-07-14 00:00:00,70,70,4,900,63000,2010-07-14 00:00:00,1
2010-07-15 00:00:00,2010-07-15 00:00:00,71,2010-07-15 00:00:00,70,70.25,8,2100,147150,2010-07-15 00:00:00,1
2010-07-16 00:00:00,2010-07-16 00:00:00,70,2010-07-16 00:00:00,70,70,2,1000,70000,2010-07-16 00:00:00,1
2010-07-19 00:00:00,2010-07-19 00:00:00,70,2010-07-19 00:00:00,70,70,17,10600,742000,2010-07-19 00:00:00,1
2010-07-20 00:00:00,2010-07-20 00:00:00,70,2010-07-20 00:00:00,70,70,11,3700,259000,2010-07-20 00:00:00,1
2010-07-21 00:00:00,2010-07-21 00:00:00,72,2010-07-21 00:00:00,70,71.25,20,10000,711950,2010-07-21 00:00:00,1
2010-07-22 00:00:00,2010-07-22 00:00:00,74,2010-07-22 00:00:00,72.75,72.75,4,1400,102100,2010-07-22 00:00:00,1
2010-07-23 00:00:00,2010-07-23 00:00:00,71,2010-07-23 00:00:00,71,71,1,100,7100,2010-07-23 00:00:00,1
2010-07-26 00:00:00,2010-07-26 00:00:00,70.5,2010-07-26 00:00:00,70,70,5,2900,203050,2010-07-26 00:00:00,1
2010-07-27 00:00:00,2010-07-27 00:00:00,70.25,2010-07-27 00:00:00,70,70,3,1500,105025,2010-07-27 00:00:00,1
2010-07-28 00:00:00,2010-07-28 00:00:00,72,2010-07-28 00:00:00,70,70.25,5,3000,211250,2010-07-28 00:00:00,1
2010-07-29 00:00:00,2010-07-29 00:00:00,82.75,2010-07-29 00:00:00,73,79,81,64600,5070100,2010-07-29 00:00:00,1
2010-07-30 00:00:00,2010-07-30 00:00:00,82,2010-07-30 00:00:00,75,75.75,13,2400,189050,2010-07-30 00:00:00,1
2010-08-02 00:00:00,2010-08-02 00:00:00,81,2010-08-02 00:00:00,72,76.5,3,400,30600,2010-08-02 00:00:00,1
2010-08-03 00:00:00,2010-08-03 00:00:00,72,2010-08-03 00:00:00,72,72,1,200,14400,2010-08-03 00:00:00,1
2010-08-04 00:00:00,2010-08-04 00:00:00,72,2010-08-04 00:00:00,71,72,5,2000,142100,2010-08-04 00:00:00,1
2010-08-05 00:00:00,2010-08-05 00:00:00,72,2010-08-05 00:00:00,72,72,1,300,21600,2010-08-05 00:00:00,1
2010-08-09 00:00:00,2010-08-09 00:00:00,68,2010-08-09 00:00:00,65,65.7,5,2200,144500,2010-08-09 00:00:00,1
2010-08-10 00:00:00,2010-08-10 00:00:00,71.9,2010-08-10 00:00:00,65.5,65.6,4,11500,753890,2010-08-10 00:00:00,1
2010-08-11 00:00:00,2010-08-11 00:00:00,70,2010-08-11 00:00:00,70,70,6,1000,70000,2010-08-11 00:00:00,1
2010-08-12 00:00:00,2010-08-12 00:00:00,75,2010-08-12 00:00:00,73.5,73.6,4,700,51730,2010-08-12 00:00:00,1
2010-08-13 00:00:00,2010-08-13 00:00:00,75.9,2010-08-13 00:00:00,70,70.4,13,4300,303390,2010-08-13 00:00:00,1
2010-08-16 00:00:00,2010-08-16 00:00:00,70.4,2010-08-16 00:00:00,68,68,4,1000,69200,2010-08-16 00:00:00,1
2010-08-19 00:00:00,2010-08-19 00:00:00,74.8,2010-08-19 00:00:00,70,74.8,28,13600,978930,2010-08-19 00:00:00,1
2010-08-20 00:00:00,2010-08-20 00:00:00,79.9,2010-08-20 00:00:00,75,79.9,12,6500,491480,2010-08-20 00:00:00,1
2010-08-23 00:00:00,2010-08-23 00:00:00,80,2010-08-23 00:00:00,79.9,79.9,6,1400,111870,2010-08-23 00:00:00,1
2010-08-25 00:00:00,2010-08-25 00:00:00,80.9,2010-08-25 00:00:00,80.9,80.9,1,100,8090,2010-08-25 00:00:00,1
2010-08-26 00:00:00,2010-08-26 00:00:00,79.9,2010-08-26 00:00:00,78,79.9,3,300,23780,2010-08-26 00:00:00,1
2010-08-27 00:00:00,2010-08-27 00:00:00,80.5,2010-08-27 00:00:00,78,80,24,51200,4040450,2010-08-27 00:00:00,1
2010-08-30 00:00:00,2010-08-30 00:00:00,82,2010-08-30 00:00:00,80,81.6,39,19900,1614100,2010-08-30 00:00:00,1
2010-08-31 00:00:00,2010-08-31 00:00:00,88.9,2010-08-31 00:00:00,82,84.9,51,18400,1545270,2010-08-31 00:00:00,1
2010-09-01 00:00:00,2010-09-01 00:00:00,90,2010-09-01 00:00:00,85,87.9,26,14000,1229190,2010-09-01 00:00:00,1
2010-09-02 00:00:00,2010-09-02 00:00:00,88.6,2010-09-02 00:00:00,84,85,63,43500,3754450,2010-09-02 00:00:00,1
2010-09-03 00:00:00,2010-09-03 00:00:00,86,2010-09-03 00:00:00,82.5,82.9,5,5500,456350,2010-09-03 00:00:00,1
2010-09-06 00:00:00,2010-09-06 00:00:00,81,2010-09-06 00:00:00,80,80.4,3,3500,281500,2010-09-06 00:00:00,1
2010-09-07 00:00:00,2010-09-07 00:00:00,78.3,2010-09-07 00:00:00,75,76,11,10900,833900,2010-09-07 00:00:00,1
2010-09-08 00:00:00,2010-09-08 00:00:00,83,2010-09-08 00:00:00,83,83,12,11400,946200,2010-09-08 00:00:00,1
2010-09-09 00:00:00,2010-09-09 00:00:00,83,2010-09-09 00:00:00,80,80,11,7000,573290,2010-09-09 00:00:00,1
2010-09-13 00:00:00,2010-09-13 00:00:00,81,2010-09-13 00:00:00,78.1,79.1,8,1500,119490,2010-09-13 00:00:00,1
2010-09-14 00:00:00,2010-09-14 00:00:00,81,2010-09-14 00:00:00,76,80,5,900,71000,2010-09-14 00:00:00,1
2010-09-15 00:00:00,2010-09-15 00:00:00,86,2010-09-15 00:00:00,81,81,2,600,49100,2010-09-15 00:00:00,1
2010-09-16 00:00:00,2010-09-16 00:00:00,80.9,2010-09-16 00:00:00,79.5,80.9,12,5400,435090,2010-09-16 00:00:00,1
2010-09-17 00:00:00,2010-09-17 00:00:00,83.9,2010-09-17 00:00:00,78,80.7,24,11400,917100,2010-09-17 00:00:00,1
2010-09-20 00:00:00,2010-09-20 00:00:00,81,2010-09-20 00:00:00,80.9,81,11,5800,469780,2010-09-20 00:00:00,1
2010-09-21 00:00:00,2010-09-21 00:00:00,98.9,2010-09-21 00:00:00,82.5,91.4,85,55600,5096110,2010-09-21 00:00:00,1
2010-09-23 00:00:00,2010-09-23 00:00:00,92.5,2010-09-23 00:00:00,86,87.8,20,11600,1059330,2010-09-23 00:00:00,1
2010-09-24 00:00:00,2010-09-24 00:00:00,89.8,2010-09-24 00:00:00,85,89.3,8,4200,361480,2010-09-24 00:00:00,1
2010-09-27 00:00:00,2010-09-27 00:00:00,89.9,2010-09-27 00:00:00,89.8,89.9,4,2100,188780,2010-09-27 00:00:00,1
2010-09-29 00:00:00,2010-09-29 00:00:00,87,2010-09-29 00:00:00,80.1,81.8,2,400,32730,2010-09-29 00:00:00,1
2010-09-30 00:00:00,2010-09-30 00:00:00,82,2010-09-30 00:00:00,80,80.4,6,1900,152680,2010-09-30 00:00:00,1
2010-10-04 00:00:00,2010-10-04 00:00:00,85,2010-10-04 00:00:00,84.7,84.9,2,600,50910,2010-10-04 00:00:00,1
2010-10-08 00:00:00,2010-10-08 00:00:00,80,2010-10-08 00:00:00,80,80,2,2000,160000,2010-10-08 00:00:00,1
2010-10-11 00:00:00,2010-10-11 00:00:00,80,2010-10-11 00:00:00,80,80,1,1000,80000,2010-10-11 00:00:00,1
2010-10-12 00:00:00,2010-10-12 00:00:00,76.3,2010-10-12 00:00:00,73,73.4,8,9800,737000,2010-10-12 00:00:00,1
2010-10-13 00:00:00,2010-10-13 00:00:00,68,2010-10-13 00:00:00,68,68,1,1500,102000,2010-10-13 00:00:00,1
2010-10-15 00:00:00,2010-10-15 00:00:00,70,2010-10-15 00:00:00,70,70,1,300,21000,2010-10-15 00:00:00,1
2010-10-18 00:00:00,2010-10-18 00:00:00,79.8,2010-10-18 00:00:00,79.8,79.8,1,100,7980,2010-10-18 00:00:00,1
2010-10-19 00:00:00,2010-10-19 00:00:00,71.4,2010-10-19 00:00:00,71.4,71.4,1,900,64260,2010-10-19 00:00:00,1
2010-10-20 00:00:00,2010-10-20 00:00:00,78.8,2010-10-20 00:00:00,78.8,78.8,1,500,39400,2010-10-20 00:00:00,1
2010-10-21 00:00:00,2010-10-21 00:00:00,72,2010-10-21 00:00:00,72,72,1,300,21600,2010-10-21 00:00:00,1
2010-10-26 00:00:00,2010-10-26 00:00:00,72,2010-10-26 00:00:00,72,72,1,500,36000,2010-10-26 00:00:00,1
2010-10-27 00:00:00,2010-10-27 00:00:00,72,2010-10-27 00:00:00,72,72,4,3000,216000,2010-10-27 00:00:00,1
2010-10-29 00:00:00,2010-10-29 00:00:00,75,2010-10-29 00:00:00,72,72,5,1100,80700,2010-10-29 00:00:00,1
2010-11-01 00:00:00,2010-11-01 00:00:00,72,2010-11-01 00:00:00,72,72,1,3800,273600,2010-11-01 00:00:00,1
2010-11-02 00:00:00,2010-11-02 00:00:00,73,2010-11-02 00:00:00,73,73,2,2000,146000,2010-11-02 00:00:00,1
2010-11-03 00:00:00,2010-11-03 00:00:00,80,2010-11-03 00:00:00,79,79.2,9,900,71290,2010-11-03 00:00:00,1
2010-11-04 00:00:00,2010-11-04 00:00:00,82.5,2010-11-04 00:00:00,79,79.1,29,9100,737770,2010-11-04 00:00:00,1
2010-11-08 00:00:00,2010-11-08 00:00:00,80,2010-11-08 00:00:00,77,77,3,1000,78500,2010-11-08 00:00:00,1
2010-11-09 00:00:00,2010-11-09 00:00:00,82,2010-11-09 00:00:00,77,78,12,4200,329650,2010-11-09 00:00:00,1
2010-11-10 00:00:00,2010-11-10 00:00:00,80,2010-11-10 00:00:00,78.8,78.8,2,200,15880,2010-11-10 00:00:00,1
2010-11-12 00:00:00,2010-11-12 00:00:00,79,2010-11-12 00:00:00,70,78.5,8,3100,228960,2010-11-12 00:00:00,1
2010-11-15 00:00:00,2010-11-15 00:00:00,75,2010-11-15 00:00:00,75,75,1,700,52500,2010-11-15 00:00:00,1
2010-11-16 00:00:00,2010-11-16 00:00:00,75,2010-11-16 00:00:00,75,75,1,300,22500,2010-11-16 00:00:00,1
2010-11-24 00:00:00,2010-11-24 00:00:00,78,2010-11-24 00:00:00,75,77.8,15,2800,212500,2010-11-24 00:00:00,1
2010-11-25 00:00:00,2010-11-25 00:00:00,75,2010-11-25 00:00:00,72.5,72.5,3,400,29250,2010-11-25 00:00:00,1
2010-11-29 00:00:00,2010-11-29 00:00:00,70.3,2010-11-29 00:00:00,70.3,70.3,1,1000,70300,2010-11-29 00:00:00,1
2010-11-30 00:00:00,2010-11-30 00:00:00,76,2010-11-30 00:00:00,76,76,3,1400,106400,2010-11-30 00:00:00,1
2010-12-01 00:00:00,2010-12-01 00:00:00,78,2010-12-01 00:00:00,78,78,1,100,7800,2010-12-01 00:00:00,1
2010-12-02 00:00:00,2010-12-02 00:00:00,80.5,2010-12-02 00:00:00,78,79.6,14,15300,1223550,2010-12-02 00:00:00,1
2010-12-06 00:00:00,2010-12-06 00:00:00,73,2010-12-06 00:00:00,70.5,72.9,7,2700,193930,2010-12-06 00:00:00,1
2010-12-07 00:00:00,2010-12-07 00:00:00,76.5,2010-12-07 00:00:00,76.5,76.5,1,100,7650,2010-12-07 00:00:00,1
2010-12-08 00:00:00,2010-12-08 00:00:00,72,2010-12-08 00:00:00,71.6,72,2,200,14360,2010-12-08 00:00:00,1
2010-12-10 00:00:00,2010-12-10 00:00:00,76.8,2010-12-10 00:00:00,72,72.1,6,800,58420,2010-12-10 00:00:00,1
2010-12-15 00:00:00,2010-12-15 00:00:00,70,2010-12-15 00:00:00,70,70,3,2800,196000,2010-12-15 00:00:00,1
2010-12-16 00:00:00,2010-12-16 00:00:00,76,2010-12-16 00:00:00,70,70,3,900,63600,2010-12-16 00:00:00,1
2010-12-17 00:00:00,2010-12-17 00:00:00,76,2010-12-17 00:00:00,76,76,1,100,7600,2010-12-17 00:00:00,1
2010-12-21 00:00:00,2010-12-21 00:00:00,76,2010-12-21 00:00:00,76,76,1,900,68400,2010-12-21 00:00:00,1
2010-12-22 00:00:00,2010-12-22 00:00:00,76,2010-12-22 00:00:00,76,76,1,100,7600,2010-12-22 00:00:00,1
2010-12-28 00:00:00,2010-12-28 00:00:00,76,2010-12-28 00:00:00,75,75,6,2300,173750,2010-12-28 00:00:00,1
2010-12-29 00:00:00,2010-12-29 00:00:00,75,2010-12-29 00:00:00,75,75,2,400,30000,2010-12-29 00:00:00,1
2010-12-31 00:00:00,2010-12-31 00:00:00,76,2010-12-31 00:00:00,76,76,2,300,22800,2010-12-31 00:00:00,1
Company Id,:  SHAL,Security,Type :  N,Sub Type,:  0000,,,,,
Short Name,:  SHALIMAR,,,,,,,,,
Day,Date High,High,Date Low,Low,Closing,No. of Trades,No. of Shares,Turnover,Last Traded,Days Traded
2010-05-11 00:00:00,2010-05-11 00:00:00,725,2010-05-11 00:00:00,725,725,2,200,145000,2010-05-11 00:00:00,1
2010-07-22 00:00:00,2010-07-22 00:00:00,725,2010-07-22 00:00:00,725,725,2,600,435000,2010-07-22 00:00:00,1
2010-07-26 00:00:00,2010-07-26 00:00:00,725,2010-07-26 00:00:00,725,725,1,100,72500,2010-07-26 00:00:00,1
2010-08-17 00:00:00,2010-08-17 00:00:00,775,2010-08-17 00:00:00,750,775,3,1200,902500,2010-08-17 00:00:00,1
2010-08-18 00:00:00,2010-08-18 00:00:00,775,2010-08-18 00:00:00,775,775,3,1100,852500,2010-08-18 00:00:00,1
2010-08-19 00:00:00,2010-08-19 00:00:00,851,2010-08-19 00:00:00,840,851,7,1800,1520700,2010-08-19 00:00:00,1
2010-08-20 00:00:00,2010-08-20 00:00:00,850,2010-08-20 00:00:00,850,850,1,100,85000,2010-08-20 00:00:00,1
2010-08-25 00:00:00,2010-08-25 00:00:00,900,2010-08-25 00:00:00,900,900,1,100,90000,2010-08-25 00:00:00,1
2010-08-27 00:00:00,2010-08-27 00:00:00,900,2010-08-27 00:00:00,900,900,1,100,90000,2010-08-27 00:00:00,1
2010-09-02 00:00:00,2010-09-02 00:00:00,900,2010-09-02 00:00:00,900,900,1,500,450000,2010-09-02 00:00:00,1
2010-10-15 00:00:00,2010-10-15 00:00:00,810,2010-10-15 00:00:00,810,810,1,100,81000,2010-10-15 00:00:00,1
2010-10-29 00:00:00,2010-10-29 00:00:00,812,2010-10-29 00:00:00,812,812,1,100,81200,2010-10-29 00:00:00,1
2010-11-01 00:00:00,2010-11-01 00:00:00,815,2010-11-01 00:00:00,814.1,814.7,2,600,488820,2010-11-01 00:00:00,1
2010-11-15 00:00:00,2010-11-15 00:00:00,875,2010-11-15 00:00:00,800,837.5,2,200,167500,2010-11-15 00:00:00,1
2010-11-22 00:00:00,2010-11-22 00:00:00,800,2010-11-22 00:00:00,800,800,1,100,80000,2010-11-22 00:00:00,1
2010-11-26 00:00:00,2010-11-26 00:00:00,800,2010-11-26 00:00:00,800,800,1,100,80000,2010-11-26 00:00:00,1
2010-12-27 00:00:00,2010-12-27 00:00:00,800,2010-12-27 00:00:00,800,800,5,1700,1360000,2010-12-27 00:00:00,1
Company Id,:  SHAW,Security,Type :  N,Sub Type,:  0000,,,,,
Short Name,:  SHAW WALLACE,,,,,,,,,
Day,Date High,High,Date Low,Low,Closing,No. of Trades,No. of Shares,Turnover,Last Traded,Days Traded
2010-01-04 00:00:00,2010-01-04 00:00:00,130,2010-01-04 00:00:00,130,130,1,200,26000,2010-01-04 00:00:00,1
2010-01-06 00:00:00,2010-01-06 00:00:00,130,2010-01-06 00:00:00,130,130,1,100,13000,2010-01-06 00:00:00,1
2010-01-19 00:00:00,2010-01-19 00:00:00,131,2010-01-19 00:00:00,131,131,1,100,13100,2010-01-19 00:00:00,1
2010-01-21 00:00:00,2010-01-21 00:00:00,132,2010-01-21 00:00:00,131,131.75,2,300,39500,2010-01-21 00:00:00,1
2010-01-28 00:00:00,2010-01-28 00:00:00,139.25,2010-01-28 00:00:00,139.25,139.25,1,100,13925,2010-01-28 00:00:00,1
2010-02-03 00:00:00,2010-02-03 00:00:00,138,2010-02-03 00:00:00,138,138,2,2000,276000,2010-02-03 00:00:00,1
2010-02-11 00:00:00,2010-02-11 00:00:00,135,2010-02-11 00:00:00,135,135,3,700,94500,2010-02-11 00:00:00,1
2010-02-16 00:00:00,2010-02-16 00:00:00,130.25,2010-02-16 00:00:00,130,130,2,2100,273025,2010-02-16 00:00:00,1
2010-02-18 00:00:00,2010-02-18 00:00:00,130,2010-02-18 00:00:00,130,130,2,400,52000,2010-02-18 00:00:00,1
2010-02-22 00:00:00,2010-02-22 00:00:00,128.25,2010-02-22 00:00:00,128.25,128.25,1,200,25650,2010-02-22 00:00:00,1
2010-02-24 00:00:00,2010-02-24 00:00:00,129.5,2010-02-24 00:00:00,129.5,129.5,2,300,38850,2010-02-24 00:00:00,1
2010-02-25 00:00:00,2010-02-25 00:00:00,135,2010-02-25 00:00:00,130,135,5,3000,399900,2010-02-25 00:00:00,1
2010-02-26 00:00:00,2010-02-26 00:00:00,195,2010-02-26 00:00:00,140,184,94,21800,3885975,2010-02-26 00:00:00,1
2010-03-01 00:00:00,2010-03-01 00:00:00,303,2010-03-01 00:00:00,189,276.5,411,99300,27292725,2010-03-01 00:00:00,1
2010-03-02 00:00:00,2010-03-02 00:00:00,280.5,2010-03-02 00:00:00,225,240.5,86,34700,8476950,2010-03-02 00:00:00,1
2010-03-03 00:00:00,2010-03-03 00:00:00,250,2010-03-03 00:00:00,210,226.25,10,1800,404500,2010-03-03 00:00:00,1
2010-03-04 00:00:00,2010-03-04 00:00:00,236.75,2010-03-04 00:00:00,221,223.25,17,3500,795875,2010-03-04 00:00:00,1
2010-03-05 00:00:00,2010-03-05 00:00:00,226,2010-03-05 00:00:00,216.25,216.75,3,800,174350,2010-03-05 00:00:00,1
2010-03-08 00:00:00,2010-03-08 00:00:00,230,2010-03-08 00:00:00,216.25,221.5,23,4800,1065900,2010-03-08 00:00:00,1
2010-03-09 00:00:00,2010-03-09 00:00:00,220,2010-03-09 00:00:00,205,207,15,4700,977775,2010-03-09 00:00:00,1
2010-03-10 00:00:00,2010-03-10 00:00:00,224,2010-03-10 00:00:00,218,218,6,1100,240400,2010-03-10 00:00:00,1
2010-03-15 00:00:00,2010-03-15 00:00:00,218,2010-03-15 00:00:00,210,218,6,1700,358800,2010-03-15 00:00:00,1
2010-03-16 00:00:00,2010-03-16 00:00:00,245,2010-03-16 00:00:00,218,240.75,87,18000,4244575,2010-03-16 00:00:00,1
2010-03-17 00:00:00,2010-03-17 00:00:00,241,2010-03-17 00:00:00,241,241,1,100,24100,2010-03-17 00:00:00,1
2010-03-19 00:00:00,2010-03-19 00:00:00,221,2010-03-19 00:00:00,212,220.25,13,3100,662075,2010-03-19 00:00:00,1
2010-03-22 00:00:00,2010-03-22 00:00:00,217,2010-03-22 00:00:00,212,212,2,200,42900,2010-03-22 00:00:00,1
2010-03-23 00:00:00,2010-03-23 00:00:00,210.25,2010-03-23 00:00:00,210.25,210.25,1,200,42050,2010-03-23 00:00:00,1
2010-03-24 00:00:00,2010-03-24 00:00:00,208,2010-03-24 00:00:00,200,200.75,23,8500,1707200,2010-03-24 00:00:00,1
2010-03-25 00:00:00,2010-03-25 00:00:00,204,2010-03-25 00:00:00,204,204,1,800,163200,2010-03-25 00:00:00,1
2010-03-26 00:00:00,2010-03-26 00:00:00,210,2010-03-26 00:00:00,206,210,3,2800,578000,2010-03-26 00:00:00,1
2010-03-30 00:00:00,2010-03-30 00:00:00,210.25,2010-03-30 00:00:00,210,210,2,600,126025,2010-03-30 00:00:00,1
2010-03-31 00:00:00,2010-03-31 00:00:00,206,2010-03-31 00:00:00,200,200,13,4600,928175,2010-03-31 00:00:00,1
2010-04-01 00:00:00,2010-04-01 00:00:00,214,2010-04-01 00:00:00,200,201,11,2000,404225,2010-04-01 00:00:00,1
2010-04-05 00:00:00,2010-04-05 00:00:00,209.5,2010-04-05 00:00:00,209.5,209.5,1,100,20950,2010-04-05 00:00:00,1
2010-04-06 00:00:00,2010-04-06 00:00:00,216.75,2010-04-06 00:00:00,209.75,210,6,1500,315675,2010-04-06 00:00:00,1
2010-04-07 00:00:00,2010-04-07 00:00:00,214.75,2010-04-07 00:00:00,205,214.25,7,3000,623325,2010-04-07 00:00:00,1
2010-04-08 00:00:00,2010-04-08 00:00:00,225,2010-04-08 00:00:00,215,220,11,2700,593700,2010-04-08 00:00:00,1
2010-04-12 00:00:00,2010-04-12 00:00:00,223,2010-04-12 00:00:00,215,216,3,400,87100,2010-04-12 00:00:00,1
2010-04-16 00:00:00,2010-04-16 00:00:00,210.25,2010-04-16 00:00:00,210,210,2,600,126025,2010-04-16 00:00:00,1
2010-04-20 00:00:00,2010-04-20 00:00:00,224.5,2010-04-20 00:00:00,220,222.25,2,200,44450,2010-04-20 00:00:00,1
2010-04-21 00:00:00,2010-04-21 00:00:00,224.5,2010-04-21 00:00:00,210,210.5,5,1800,380200,2010-04-21 00:00:00,1
2010-04-22 00:00:00,2010-04-22 00:00:00,220,2010-04-22 00:00:00,220,220,1,100,22000,2010-04-22 00:00:00,1
2010-04-23 00:00:00,2010-04-23 00:00:00,210,2010-04-23 00:00:00,210,210,4,2300,483000,2010-04-23 00:00:00,1
2010-04-26 00:00:00,2010-04-26 00:00:00,210.25,2010-04-26 00:00:00,210.25,210.25,4,1000,210250,2010-04-26 00:00:00,1
2010-04-27 00:00:00,2010-04-27 00:00:00,218.5,2010-04-27 00:00:00,218.5,218.5,3,800,174800,2010-04-27 00:00:00,1
2010-04-29 00:00:00,2010-04-29 00:00:00,217,2010-04-29 00:00:00,217,217,1,700,151900,2010-04-29 00:00:00,1
2010-04-30 00:00:00,2010-04-30 00:00:00,215,2010-04-30 00:00:00,215,215,2,200,43000,2010-04-30 00:00:00,1
2010-05-03 00:00:00,2010-05-03 00:00:00,215,2010-05-03 00:00:00,212,212.5,5,1500,318600,2010-05-03 00:00:00,1
2010-05-04 00:00:00,2010-05-04 00:00:00,211,2010-05-04 00:00:00,207,207,3,600,124600,2010-05-04 00:00:00,1
2010-05-07 00:00:00,2010-05-07 00:00:00,215,2010-05-07 00:00:00,202,205.75,4,800,164325,2010-05-07 00:00:00,1
2010-05-11 00:00:00,2010-05-11 00:00:00,202,2010-05-11 00:00:00,202,202,1,100,20200,2010-05-11 00:00:00,1
2010-05-13 00:00:00,2010-05-13 00:00:00,202,2010-05-13 00:00:00,202,202,1,100,20200,2010-05-13 00:00:00,1
2010-05-18 00:00:00,2010-05-18 00:00:00,200,2010-05-18 00:00:00,200,200,1,500,100000,2010-05-18 00:00:00,1
2010-05-21 00:00:00,2010-05-21 00:00:00,239,2010-05-21 00:00:00,210,219.25,10,3400,745825,2010-05-21 00:00:00,1
2010-05-24 00:00:00,2010-05-24 00:00:00,210,2010-05-24 00:00:00,210,210,1,200,42000,2010-05-24 00:00:00,1
2010-05-25 00:00:00,2010-05-25 00:00:00,205.75,2010-05-25 00:00:00,205.5,205.5,2,400,82225,2010-05-25 00:00:00,1
2010-06-01 00:00:00,2010-06-01 00:00:00,212,2010-06-01 00:00:00,212,212,5,1000,212000,2010-06-01 00:00:00,1
2010-06-02 00:00:00,2010-06-02 00:00:00,215,2010-06-02 00:00:00,205.25,211.75,7,1000,207825,2010-06-02 00:00:00,1
2010-06-03 00:00:00,2010-06-03 00:00:00,204.25,2010-06-03 00:00:00,204,204.25,2,200,40825,2010-06-03 00:00:00,1
2010-06-07 00:00:00,2010-06-07 00:00:00,218,2010-06-07 00:00:00,210,216,7,1100,237725,2010-06-07 00:00:00,1
2010-06-10 00:00:00,2010-06-10 00:00:00,205.5,2010-06-10 00:00:00,205.5,205.5,1,100,20550,2010-06-10 00:00:00,1
2010-06-11 00:00:00,2010-06-11 00:00:00,205,2010-06-11 00:00:00,205,205,4,3100,635500,2010-06-11 00:00:00,1
2010-06-14 00:00:00,2010-06-14 00:00:00,215,2010-06-14 00:00:00,215,215,1,100,21500,2010-06-14 00:00:00,1
2010-06-15 00:00:00,2010-06-15 00:00:00,214.75,2010-06-15 00:00:00,203,209,2,200,41775,2010-06-15 00:00:00,1
2010-06-21 00:00:00,2010-06-21 00:00:00,206,2010-06-21 00:00:00,203,203.75,14,6500,1321850,2010-06-21 00:00:00,1
2010-06-22 00:00:00,2010-06-22 00:00:00,210,2010-06-22 00:00:00,205,205,3,2800,576500,2010-06-22 00:00:00,1
2010-06-23 00:00:00,2010-06-23 00:00:00,209,2010-06-23 00:00:00,206,207.5,2,200,41500,2010-06-23 00:00:00,1
2010-06-24 00:00:00,2010-06-24 00:00:00,206,2010-06-24 00:00:00,206,206,2,400,82400,2010-06-24 00:00:00,1
2010-06-28 00:00:00,2010-06-28 00:00:00,208,2010-06-28 00:00:00,204,206,7,1400,287525,2010-06-28 00:00:00,1
2010-06-29 00:00:00,2010-06-29 00:00:00,204,2010-06-29 00:00:00,200,200,10,10400,2092825,2010-06-29 00:00:00,1
2010-07-01 00:00:00,2010-07-01 00:00:00,203.5,2010-07-01 00:00:00,200,200,7,10400,2087400,2010-07-01 00:00:00,1
2010-07-05 00:00:00,2010-07-05 00:00:00,240,2010-07-05 00:00:00,201,225.25,96,48600,10368775,2010-07-05 00:00:00,1
2010-07-06 00:00:00,2010-07-06 00:00:00,230,2010-07-06 00:00:00,215,215,27,13700,2973500,2010-07-06 00:00:00,1
2010-07-07 00:00:00,2010-07-07 00:00:00,210,2010-07-07 00:00:00,210,210,6,2100,441000,2010-07-07 00:00:00,1
2010-07-08 00:00:00,2010-07-08 00:00:00,209,2010-07-08 00:00:00,209,209,2,200,41800,2010-07-08 00:00:00,1
2010-07-12 00:00:00,2010-07-12 00:00:00,207,2010-07-12 00:00:00,200,200.5,16,17000,3408700,2010-07-12 00:00:00,1
2010-07-13 00:00:00,2010-07-13 00:00:00,206,2010-07-13 00:00:00,204,205.5,4,1300,267000,2010-07-13 00:00:00,1
2010-07-14 00:00:00,2010-07-14 00:00:00,210,2010-07-14 00:00:00,201.5,207.25,9,2900,596650,2010-07-14 00:00:00,1
2010-07-15 00:00:00,2010-07-15 00:00:00,203,2010-07-15 00:00:00,203,203,3,300,60900,2010-07-15 00:00:00,1
2010-07-16 00:00:00,2010-07-16 00:00:00,201.25,2010-07-16 00:00:00,200.5,200.75,11,9000,1808075,2010-07-16 00:00:00,1
2010-07-19 00:00:00,2010-07-19 00:00:00,203,2010-07-19 00:00:00,200,200.5,18,6400,1285050,2010-07-19 00:00:00,1
2010-07-20 00:00:00,2010-07-20 00:00:00,201,2010-07-20 00:00:00,200.25,200.5,2,500,100275,2010-07-20 00:00:00,1
2010-07-21 00:00:00,2010-07-21 00:00:00,202,2010-07-21 00:00:00,201.25,201.25,4,500,100700,2010-07-21 00:00:00,1
2010-07-22 00:00:00,2010-07-22 00:00:00,227.5,2010-07-22 00:00:00,201.25,218.5,34,21200,4496175,2010-07-22 00:00:00,1
2010-07-23 00:00:00,2010-07-23 00:00:00,220,2010-07-23 00:00:00,220,220,1,100,22000,2010-07-23 00:00:00,1
2010-07-26 00:00:00,2010-07-26 00:00:00,216,2010-07-26 00:00:00,215,215,3,500,107700,2010-07-26 00:00:00,1
2010-07-27 00:00:00,2010-07-27 00:00:00,220,2010-07-27 00:00:00,203.5,220,5,1400,304675,2010-07-27 00:00:00,1
2010-07-28 00:00:00,2010-07-28 00:00:00,222.75,2010-07-28 00:00:00,215,215,5,7900,1701000,2010-07-28 00:00:00,1
2010-07-30 00:00:00,2010-07-30 00:00:00,219,2010-07-30 00:00:00,210,210.25,6,2600,547350,2010-07-30 00:00:00,1
2010-08-02 00:00:00,2010-08-02 00:00:00,221,2010-08-02 00:00:00,220,220.2,6,2000,440400,2010-08-02 00:00:00,1
2010-08-03 00:00:00,2010-08-03 00:00:00,220,2010-08-03 00:00:00,215,215.8,2,1200,259000,2010-08-03 00:00:00,1
2010-08-05 00:00:00,2010-08-05 00:00:00,205,2010-08-05 00:00:00,200,200.2,15,17700,3541340,2010-08-05 00:00:00,1
2010-08-06 00:00:00,2010-08-06 00:00:00,201.3,2010-08-06 00:00:00,200,200,14,15500,3101140,2010-08-06 00:00:00,1
2010-08-09 00:00:00,2010-08-09 00:00:00,200.1,2010-08-09 00:00:00,200,200,13,8000,1600010,2010-08-09 00:00:00,1
2010-08-10 00:00:00,2010-08-10 00:00:00,200,2010-08-10 00:00:00,180,200,34,25500,5050350,2010-08-10 00:00:00,1
2010-08-11 00:00:00,2010-08-11 00:00:00,203,2010-08-11 00:00:00,202,202.1,3,2200,444600,2010-08-11 00:00:00,1
2010-08-16 00:00:00,2010-08-16 00:00:00,209.9,2010-08-16 00:00:00,209.9,209.9,1,100,20990,2010-08-16 00:00:00,1
2010-08-17 00:00:00,2010-08-17 00:00:00,210,2010-08-17 00:00:00,209.6,209.6,2,1100,230600,2010-08-17 00:00:00,1
2010-08-18 00:00:00,2010-08-18 00:00:00,230,2010-08-18 00:00:00,210,225,68,57700,12365720,2010-08-18 00:00:00,1
2010-08-19 00:00:00,2010-08-19 00:00:00,230,2010-08-19 00:00:00,221,223.6,45,16300,3670480,2010-08-19 00:00:00,1
2010-08-20 00:00:00,2010-08-20 00:00:00,216,2010-08-20 00:00:00,216,216,2,400,86400,2010-08-20 00:00:00,1
2010-08-23 00:00:00,2010-08-23 00:00:00,228.9,2010-08-23 00:00:00,220.1,223.4,5,1000,225200,2010-08-23 00:00:00,1
2010-08-25 00:00:00,2010-08-25 00:00:00,225,2010-08-25 00:00:00,220,220,7,2500,555000,2010-08-25 00:00:00,1
2010-08-26 00:00:00,2010-08-26 00:00:00,220,2010-08-26 00:00:00,220,220,15,5000,1100000,2010-08-26 00:00:00,1
2010-08-27 00:00:00,2010-08-27 00:00:00,220,2010-08-27 00:00:00,220,220,6,6200,1364000,2010-08-27 00:00:00,1
2010-08-30 00:00:00,2010-08-30 00:00:00,215,2010-08-30 00:00:00,210,212,5,2500,530110,2010-08-30 00:00:00,1
2010-08-31 00:00:00,2010-08-31 00:00:00,212,2010-08-31 00:00:00,210,211,6,600,126450,2010-08-31 00:00:00,1
2010-09-01 00:00:00,2010-09-01 00:00:00,220,2010-09-01 00:00:00,215,220,6,1900,417500,2010-09-01 00:00:00,1
2010-09-02 00:00:00,2010-09-02 00:00:00,215,2010-09-02 00:00:00,210,215,16,10500,2257000,2010-09-02 00:00:00,1
2010-09-06 00:00:00,2010-09-06 00:00:00,221,2010-09-06 00:00:00,219,219.9,13,2800,616300,2010-09-06 00:00:00,1
2010-09-07 00:00:00,2010-09-07 00:00:00,230,2010-09-07 00:00:00,219,222.9,20,7300,1628190,2010-09-07 00:00:00,1
2010-09-08 00:00:00,2010-09-08 00:00:00,245.1,2010-09-08 00:00:00,226,245.1,52,27000,6512160,2010-09-08 00:00:00,1
2010-09-09 00:00:00,2010-09-09 00:00:00,269.6,2010-09-09 00:00:00,252,269.2,65,20500,5455000,2010-09-09 00:00:00,1
2010-09-13 00:00:00,2010-09-13 00:00:00,285.1,2010-09-13 00:00:00,269.2,275,36,104900,28845980,2010-09-13 00:00:00,1
2010-09-14 00:00:00,2010-09-14 00:00:00,275.1,2010-09-14 00:00:00,265,274.7,29,35600,9776790,2010-09-14 00:00:00,1
2010-09-15 00:00:00,2010-09-15 00:00:00,274.5,2010-09-15 00:00:00,261,261.2,21,10700,2826450,2010-09-15 00:00:00,1
2010-09-16 00:00:00,2010-09-16 00:00:00,275,2010-09-16 00:00:00,275,275,1,100,27500,2010-09-16 00:00:00,1
2010-09-17 00:00:00,2010-09-17 00:00:00,273.9,2010-09-17 00:00:00,251.7,259.5,15,2800,728020,2010-09-17 00:00:00,1
2010-09-20 00:00:00,2010-09-20 00:00:00,270,2010-09-20 00:00:00,260,268.8,12,9300,2446280,2010-09-20 00:00:00,1
2010-09-21 00:00:00,2010-09-21 00:00:00,270,2010-09-21 00:00:00,269,270,4,10700,2888800,2010-09-21 00:00:00,1
2010-09-23 00:00:00,2010-09-23 00:00:00,255.3,2010-09-23 00:00:00,255,255.2,3,1100,280710,2010-09-23 00:00:00,1
2010-09-24 00:00:00,2010-09-24 00:00:00,269.2,2010-09-24 00:00:00,251,257.8,11,2500,650960,2010-09-24 00:00:00,1
2010-09-27 00:00:00,2010-09-27 00:00:00,251,2010-09-27 00:00:00,251,251,2,500,125500,2010-09-27 00:00:00,1
2010-09-28 00:00:00,2010-09-28 00:00:00,245,2010-09-28 00:00:00,241,242.5,3,1200,290400,2010-09-28 00:00:00,1
2010-10-01 00:00:00,2010-10-01 00:00:00,269,2010-10-01 00:00:00,250,269,6,1300,332600,2010-10-01 00:00:00,1
2010-10-04 00:00:00,2010-10-04 00:00:00,250,2010-10-04 00:00:00,245,245.7,4,1100,270250,2010-10-04 00:00:00,1
2010-10-06 00:00:00,2010-10-06 00:00:00,259.9,2010-10-06 00:00:00,240,240,11,15000,3704410,2010-10-06 00:00:00,1
2010-10-07 00:00:00,2010-10-07 00:00:00,240,2010-10-07 00:00:00,230,233.3,4,900,211000,2010-10-07 00:00:00,1
2010-10-11 00:00:00,2010-10-11 00:00:00,240,2010-10-11 00:00:00,225.1,235,17,9800,2317710,2010-10-11 00:00:00,1
2010-10-12 00:00:00,2010-10-12 00:00:00,226.1,2010-10-12 00:00:00,226,226,3,600,135610,2010-10-12 00:00:00,1
2010-10-13 00:00:00,2010-10-13 00:00:00,226,2010-10-13 00:00:00,219,221.4,7,2800,624700,2010-10-13 00:00:00,1
2010-10-14 00:00:00,2010-10-14 00:00:00,250,2010-10-14 00:00:00,249,249.5,2,200,49900,2010-10-14 00:00:00,1
2010-10-15 00:00:00,2010-10-15 00:00:00,220.1,2010-10-15 00:00:00,219,219.6,4,2000,439110,2010-10-15 00:00:00,1
2010-10-26 00:00:00,2010-10-26 00:00:00,225,2010-10-26 00:00:00,220,222,3,500,111000,2010-10-26 00:00:00,1
2010-10-29 00:00:00,2010-10-29 00:00:00,231,2010-10-29 00:00:00,224,225.4,3,800,180300,2010-10-29 00:00:00,1
2010-11-02 00:00:00,2010-11-02 00:00:00,222,2010-11-02 00:00:00,222,222,1,200,44400,2010-11-02 00:00:00,1
2010-11-03 00:00:00,2010-11-03 00:00:00,225,2010-11-03 00:00:00,225,225,1,300,67500,2010-11-03 00:00:00,1
2010-11-04 00:00:00,2010-11-04 00:00:00,210,2010-11-04 00:00:00,205,208.3,2,300,62500,2010-11-04 00:00:00,1
2010-11-08 00:00:00,2010-11-08 00:00:00,208,2010-11-08 00:00:00,208,208,2,200,41600,2010-11-08 00:00:00,1
2010-11-09 00:00:00,2010-11-09 00:00:00,210.1,2010-11-09 00:00:00,210,210.1,8,1500,315050,2010-11-09 00:00:00,1
2010-11-10 00:00:00,2010-11-10 00:00:00,209.5,2010-11-10 00:00:00,209.5,209.5,1,100,20950,2010-11-10 00:00:00,1
2010-11-11 00:00:00,2010-11-11 00:00:00,210,2010-11-11 00:00:00,209,209.3,5,500,104700,2010-11-11 00:00:00,1
2010-11-12 00:00:00,2010-11-12 00:00:00,219,2010-11-12 00:00:00,210,214.3,5,2300,492890,2010-11-12 00:00:00,1
2010-11-23 00:00:00,2010-11-23 00:00:00,215,2010-11-23 00:00:00,215,215,1,500,107500,2010-11-23 00:00:00,1
2010-11-29 00:00:00,2010-11-29 00:00:00,204,2010-11-29 00:00:00,202,204,2,200,40600,2010-11-29 00:00:00,1
2010-11-30 00:00:00,2010-11-30 00:00:00,210,2010-11-30 00:00:00,210,210,1,900,189000,2010-11-30 00:00:00,1
2010-12-01 00:00:00,2010-12-01 00:00:00,214,2010-12-01 00:00:00,214,214,1,200,42800,2010-12-01 00:00:00,1
2010-12-02 00:00:00,2010-12-02 00:00:00,220,2010-12-02 00:00:00,212,220,4,2200,483200,2010-12-02 00:00:00,1
2010-12-06 00:00:00,2010-12-06 00:00:00,215,2010-12-06 00:00:00,214,214,3,1200,256900,2010-12-06 00:00:00,1
2010-12-13 00:00:00,2010-12-13 00:00:00,215,2010-12-13 00:00:00,215,215,1,1000,215000,2010-12-13 00:00:00,1
2010-12-14 00:00:00,2010-12-14 00:00:00,228,2010-12-14 00:00:00,222,224.7,2,900,202200,2010-12-14 00:00:00,1
2010-12-15 00:00:00,2010-12-15 00:00:00,217,2010-12-15 00:00:00,217,217,1,500,108500,2010-12-15 00:00:00,1
2010-12-22 00:00:00,2010-12-22 00:00:00,225,2010-12-22 00:00:00,225,225,3,1500,337500,2010-12-22 00:00:00,1
2010-12-28 00:00:00,2010-12-28 00:00:00,212,2010-12-28 00:00:00,212,212,1,300,63600,2010-12-28 00:00:00,1
2010-12-29 00:00:00,2010-12-29 00:00:00,235,2010-12-29 00:00:00,220,222.5,2,600,133500,2010-12-29 00:00:00,1
2010-12-31 00:00:00,2010-12-31 00:00:00,210.2,2010-12-31 00:00:00,210,210,3,1200,252030,2010-12-31 00:00:00,1
Company Id,:  SHOT,Security,Type :  N,Sub Type,:  0000,,,,,
Short Name,:  SERENDIB HOTELS,,,,,,,,,
Day,Date High,High,Date Low,Low,Closing,No. of Trades,No. of Shares,Turnover,Last Traded,Days Traded
2010-01-05 00:00:00,2010-01-05 00:00:00,72,2010-01-05 00:00:00,67,72,9,11300,797600,2010-01-05 00:00:00,1
2010-01-06 00:00:00,2010-01-06 00:00:00,75,2010-01-06 00:00:00,73,73,13,18200,1357400,2010-01-06 00:00:00,1
2010-01-07 00:00:00,2010-01-07 00:00:00,73.75,2010-01-07 00:00:00,73,73.5,2,900,66075,2010-01-07 00:00:00,1
2010-01-15 00:00:00,2010-01-15 00:00:00,60.25,2010-01-15 00:00:00,60.25,60.25,1,300,18075,2010-01-15 00:00:00,1
2010-01-18 00:00:00,2010-01-18 00:00:00,65.25,2010-01-18 00:00:00,65,65.25,2,200,13025,2010-01-18 00:00:00,1
2010-01-19 00:00:00,2010-01-19 00:00:00,65.5,2010-01-19 00:00:00,65.25,65.5,3,55800,3654775,2010-01-19 00:00:00,1
2010-01-25 00:00:00,2010-01-25 00:00:00,73,2010-01-25 00:00:00,73,73,1,200,14600,2010-01-25 00:00:00,1
2010-01-26 00:00:00,2010-01-26 00:00:00,70,2010-01-26 00:00:00,70,70,2,1300,91000,2010-01-26 00:00:00,1
2010-02-02 00:00:00,2010-02-02 00:00:00,71,2010-02-02 00:00:00,70,71,3,4000,283000,2010-02-02 00:00:00,1
2010-02-03 00:00:00,2010-02-03 00:00:00,72,2010-02-03 00:00:00,71,71.75,2,500,35900,2010-02-03 00:00:00,1
2010-02-05 00:00:00,2010-02-05 00:00:00,77,2010-02-05 00:00:00,71.5,76,47,108500,8085075,2010-02-05 00:00:00,1
2010-02-08 00:00:00,2010-02-08 00:00:00,75,2010-02-08 00:00:00,73,75,10,10300,771625,2010-02-08 00:00:00,1
2010-02-09 00:00:00,2010-02-09 00:00:00,76,2010-02-09 00:00:00,75,75.25,2,2500,187900,2010-02-09 00:00:00,1
2010-02-10 00:00:00,2010-02-10 00:00:00,76.75,2010-02-10 00:00:00,75,75,6,15900,1201250,2010-02-10 00:00:00,1
2010-02-12 00:00:00,2010-02-12 00:00:00,70,2010-02-12 00:00:00,70,70,2,200,14000,2010-02-12 00:00:00,1
2010-02-15 00:00:00,2010-02-15 00:00:00,70,2010-02-15 00:00:00,70,70,2,900,63000,2010-02-15 00:00:00,1
2010-02-18 00:00:00,2010-02-18 00:00:00,79.75,2010-02-18 00:00:00,75,76,18,38300,2901175,2010-02-18 00:00:00,1
2010-02-19 00:00:00,2010-02-19 00:00:00,75,2010-02-19 00:00:00,75,75,3,5300,397500,2010-02-19 00:00:00,1
2010-02-22 00:00:00,2010-02-22 00:00:00,80,2010-02-22 00:00:00,74.5,79.25,12,19400,1533175,2010-02-22 00:00:00,1
2010-02-23 00:00:00,2010-02-23 00:00:00,88,2010-02-23 00:00:00,80,85,11,8700,730800,2010-02-23 00:00:00,1
2010-02-24 00:00:00,2010-02-24 00:00:00,80,2010-02-24 00:00:00,80,80,2,500,40000,2010-02-24 00:00:00,1
2010-02-25 00:00:00,2010-02-25 00:00:00,85,2010-02-25 00:00:00,80.25,85,5,4100,346125,2010-02-25 00:00:00,1
2010-02-26 00:00:00,2010-02-26 00:00:00,82,2010-02-26 00:00:00,80,82,3,2300,188400,2010-02-26 00:00:00,1
2010-03-03 00:00:00,2010-03-03 00:00:00,85,2010-03-03 00:00:00,85,85,2,1200,102000,2010-03-03 00:00:00,1
2010-03-04 00:00:00,2010-03-04 00:00:00,85,2010-03-04 00:00:00,85,85,12,51400,4369000,2010-03-04 00:00:00,1
2010-03-05 00:00:00,2010-03-05 00:00:00,85.25,2010-03-05 00:00:00,85,85.25,2,2100,178525,2010-03-05 00:00:00,1
2010-03-08 00:00:00,2010-03-08 00:00:00,100,2010-03-08 00:00:00,85.25,93,22,12000,1094700,2010-03-08 00:00:00,1
2010-03-09 00:00:00,2010-03-09 00:00:00,99,2010-03-09 00:00:00,99,99,3,3000,297000,2010-03-09 00:00:00,1
2010-03-10 00:00:00,2010-03-10 00:00:00,98,2010-03-10 00:00:00,93,96.25,11,3100,296200,2010-03-10 00:00:00,1
2010-03-11 00:00:00,2010-03-11 00:00:00,105,2010-03-11 00:00:00,98,104.5,34,15500,1566575,2010-03-11 00:00:00,1
2010-03-12 00:00:00,2010-03-12 00:00:00,111,2010-03-12 00:00:00,104.5,106.75,11,5500,586250,2010-03-12 00:00:00,1
2010-03-15 00:00:00,2010-03-15 00:00:00,105,2010-03-15 00:00:00,100,100.25,11,8000,802600,2010-03-15 00:00:00,1
2010-03-16 00:00:00,2010-03-16 00:00:00,110,2010-03-16 00:00:00,108,109,4,900,98000,2010-03-16 00:00:00,1
2010-03-17 00:00:00,2010-03-17 00:00:00,105,2010-03-17 00:00:00,105,105,1,500,52500,2010-03-17 00:00:00,1
2010-03-18 00:00:00,2010-03-18 00:00:00,100,2010-03-18 00:00:00,100,100,5,4000,400000,2010-03-18 00:00:00,1
2010-03-19 00:00:00,2010-03-19 00:00:00,100,2010-03-19 00:00:00,100,100,2,300,30000,2010-03-19 00:00:00,1
2010-03-22 00:00:00,2010-03-22 00:00:00,97,2010-03-22 00:00:00,96,96.75,2,1000,96800,2010-03-22 00:00:00,1
2010-03-25 00:00:00,2010-03-25 00:00:00,100,2010-03-25 00:00:00,95,98.75,4,500,49400,2010-03-25 00:00:00,1
2010-03-26 00:00:00,2010-03-26 00:00:00,95,2010-03-26 00:00:00,95,95,1,100,9500,2010-03-26 00:00:00,1
2010-03-30 00:00:00,2010-03-30 00:00:00,100,2010-03-30 00:00:00,99.5,99.75,2,300,29900,2010-03-30 00:00:00,1
2010-03-31 00:00:00,2010-03-31 00:00:00,95,2010-03-31 00:00:00,95,95,4,46000,4370000,2010-03-31 00:00:00,1
2010-04-06 00:00:00,2010-04-06 00:00:00,95,2010-04-06 00:00:00,95,95,1,1300,123500,2010-04-06 00:00:00,1
2010-04-07 00:00:00,2010-04-07 00:00:00,100,2010-04-07 00:00:00,100,100,4,600,60000,2010-04-07 00:00:00,1
2010-04-12 00:00:00,2010-04-12 00:00:00,101,2010-04-12 00:00:00,101,101,1,100,10100,2010-04-12 00:00:00,1
2010-04-19 00:00:00,2010-04-19 00:00:00,101,2010-04-19 00:00:00,101,101,4,2900,292900,2010-04-19 00:00:00,1
2010-04-20 00:00:00,2010-04-20 00:00:00,101,2010-04-20 00:00:00,101,101,1,3000,303000,2010-04-20 00:00:00,1
2010-04-21 00:00:00,2010-04-21 00:00:00,101,2010-04-21 00:00:00,101,101,3,2200,222200,2010-04-21 00:00:00,1
2010-04-23 00:00:00,2010-04-23 00:00:00,109,2010-04-23 00:00:00,100,105,9,12600,1272800,2010-04-23 00:00:00,1
2010-04-26 00:00:00,2010-04-26 00:00:00,106,2010-04-26 00:00:00,105,105.75,6,2100,222200,2010-04-26 00:00:00,1
2010-04-27 00:00:00,2010-04-27 00:00:00,105,2010-04-27 00:00:00,105,105,6,1400,147000,2010-04-27 00:00:00,1
2010-04-29 00:00:00,2010-04-29 00:00:00,106,2010-04-29 00:00:00,105,106,3,5100,535600,2010-04-29 00:00:00,1
2010-05-07 00:00:00,2010-05-07 00:00:00,105,2010-05-07 00:00:00,105,105,1,300,31500,2010-05-07 00:00:00,1
2010-05-17 00:00:00,2010-05-17 00:00:00,105,2010-05-17 00:00:00,105,105,2,300,31500,2010-05-17 00:00:00,1
2010-05-18 00:00:00,2010-05-18 00:00:00,104,2010-05-18 00:00:00,104,104,2,700,72800,2010-05-18 00:00:00,1
2010-05-21 00:00:00,2010-05-21 00:00:00,103.5,2010-05-21 00:00:00,95,99.75,4,1300,129550,2010-05-21 00:00:00,1
2010-05-24 00:00:00,2010-05-24 00:00:00,93.25,2010-05-24 00:00:00,93.25,93.25,1,100,9325,2010-05-24 00:00:00,1
2010-06-04 00:00:00,2010-06-04 00:00:00,100,2010-06-04 00:00:00,100,100,4,2400,240000,2010-06-04 00:00:00,1
2010-06-07 00:00:00,2010-06-07 00:00:00,112,2010-06-07 00:00:00,105,111.25,24,45700,4945600,2010-06-07 00:00:00,1
2010-06-08 00:00:00,2010-06-08 00:00:00,125,2010-06-08 00:00:00,105,124.5,31,19300,2259400,2010-06-08 00:00:00,1
2010-06-09 00:00:00,2010-06-09 00:00:00,130,2010-06-09 00:00:00,124.25,128.75,19,6200,787050,2010-06-09 00:00:00,1
2010-06-10 00:00:00,2010-06-10 00:00:00,128.75,2010-06-10 00:00:00,119.5,122.25,4,2800,350575,2010-06-10 00:00:00,1
2010-06-11 00:00:00,2010-06-11 00:00:00,127.75,2010-06-11 00:00:00,127,127,4,500,63650,2010-06-11 00:00:00,1
2010-06-15 00:00:00,2010-06-15 00:00:00,121,2010-06-15 00:00:00,120.5,120.75,3,1900,229400,2010-06-15 00:00:00,1
2010-06-16 00:00:00,2010-06-16 00:00:00,120.5,2010-06-16 00:00:00,120,120,2,1100,132050,2010-06-16 00:00:00,1
2010-06-23 00:00:00,2010-06-23 00:00:00,120,2010-06-23 00:00:00,119.75,119.75,2,400,47950,2010-06-23 00:00:00,1
2010-07-02 00:00:00,2010-07-02 00:00:00,119,2010-07-02 00:00:00,110,114.75,6,6400,734600,2010-07-02 00:00:00,1
2010-07-06 00:00:00,2010-07-06 00:00:00,125,2010-07-06 00:00:00,114,119.25,5,800,95300,2010-07-06 00:00:00,1
2010-07-07 00:00:00,2010-07-07 00:00:00,120,2010-07-07 00:00:00,120,120,1,100,12000,2010-07-07 00:00:00,1
2010-07-16 00:00:00,2010-07-16 00:00:00,110,2010-07-16 00:00:00,110,110,1,100,11000,2010-07-16 00:00:00,1
2010-07-19 00:00:00,2010-07-19 00:00:00,119,2010-07-19 00:00:00,110,113.5,5,2000,227200,2010-07-19 00:00:00,1
2010-07-20 00:00:00,2010-07-20 00:00:00,119,2010-07-20 00:00:00,119,119,1,100,11900,2010-07-20 00:00:00,1
2010-07-21 00:00:00,2010-07-21 00:00:00,130.25,2010-07-21 00:00:00,119.75,130,29,28600,3613400,2010-07-21 00:00:00,1
2010-07-26 00:00:00,2010-07-26 00:00:00,127,2010-07-26 00:00:00,125,125,3,400,50600,2010-07-26 00:00:00,1
2010-07-30 00:00:00,2010-07-30 00:00:00,125,2010-07-30 00:00:00,125,125,1,100,12500,2010-07-30 00:00:00,1
2010-08-05 00:00:00,2010-08-05 00:00:00,115,2010-08-05 00:00:00,112.5,113.8,2,400,45500,2010-08-05 00:00:00,1
2010-08-06 00:00:00,2010-08-06 00:00:00,124,2010-08-06 00:00:00,124,124,2,1000,124000,2010-08-06 00:00:00,1
2010-08-09 00:00:00,2010-08-09 00:00:00,111.7,2010-08-09 00:00:00,111.7,111.7,1,600,67020,2010-08-09 00:00:00,1
2010-08-10 00:00:00,2010-08-10 00:00:00,120,2010-08-10 00:00:00,120,120,1,100,12000,2010-08-10 00:00:00,1
2010-08-11 00:00:00,2010-08-11 00:00:00,120,2010-08-11 00:00:00,120,120,3,3100,372000,2010-08-11 00:00:00,1
2010-08-17 00:00:00,2010-08-17 00:00:00,120,2010-08-17 00:00:00,120,120,2,1500,180000,2010-08-17 00:00:00,1
2010-08-18 00:00:00,2010-08-18 00:00:00,120,2010-08-18 00:00:00,120,120,1,1200,144000,2010-08-18 00:00:00,1
2010-08-19 00:00:00,2010-08-19 00:00:00,131.5,2010-08-19 00:00:00,120,131,32,46000,5979460,2010-08-19 00:00:00,1
2010-08-20 00:00:00,2010-08-20 00:00:00,135,2010-08-20 00:00:00,130,133,15,13800,1836700,2010-08-20 00:00:00,1
2010-08-23 00:00:00,2010-08-23 00:00:00,146,2010-08-23 00:00:00,135,141,54,71300,9983890,2010-08-23 00:00:00,1
2010-08-25 00:00:00,2010-08-25 00:00:00,140,2010-08-25 00:00:00,138,139.6,4,900,125750,2010-08-25 00:00:00,1
2010-08-26 00:00:00,2010-08-26 00:00:00,135,2010-08-26 00:00:00,135,135,2,400,54000,2010-08-26 00:00:00,1
2010-08-27 00:00:00,2010-08-27 00:00:00,140,2010-08-27 00:00:00,135.2,139.1,9,2300,319560,2010-08-27 00:00:00,1
2010-08-30 00:00:00,2010-08-30 00:00:00,145,2010-08-30 00:00:00,140,144.8,10,3400,485640,2010-08-30 00:00:00,1
2010-09-06 00:00:00,2010-09-06 00:00:00,135.1,2010-09-06 00:00:00,135,135.1,4,1700,229600,2010-09-06 00:00:00,1
2010-09-08 00:00:00,2010-09-08 00:00:00,139,2010-09-08 00:00:00,132,139,2,400,54200,2010-09-08 00:00:00,1
2010-09-13 00:00:00,2010-09-13 00:00:00,138,2010-09-13 00:00:00,138,138,2,500,69000,2010-09-13 00:00:00,1
2010-09-14 00:00:00,2010-09-14 00:00:00,137,2010-09-14 00:00:00,137,137,1,200,27400,2010-09-14 00:00:00,1
2010-09-15 00:00:00,2010-09-15 00:00:00,150,2010-09-15 00:00:00,140,140,2,200,29000,2010-09-15 00:00:00,1
2010-09-17 00:00:00,2010-09-17 00:00:00,140,2010-09-17 00:00:00,140,140,2,200,28000,2010-09-17 00:00:00,1
2010-09-20 00:00:00,2010-09-20 00:00:00,139,2010-09-20 00:00:00,139,139,4,1100,152900,2010-09-20 00:00:00,1
2010-09-21 00:00:00,2010-09-21 00:00:00,140,2010-09-21 00:00:00,139,140,11,11600,1623800,2010-09-21 00:00:00,1
2010-09-23 00:00:00,2010-09-23 00:00:00,145,2010-09-23 00:00:00,140,143.9,3,900,129500,2010-09-23 00:00:00,1
2010-09-24 00:00:00,2010-09-24 00:00:00,140,2010-09-24 00:00:00,135,137.3,9,4500,618830,2010-09-24 00:00:00,1
2010-09-27 00:00:00,2010-09-27 00:00:00,145,2010-09-27 00:00:00,139.9,140,7,5200,730300,2010-09-27 00:00:00,1
2010-09-29 00:00:00,2010-09-29 00:00:00,140,2010-09-29 00:00:00,139.9,140,2,1100,153990,2010-09-29 00:00:00,1
2010-09-30 00:00:00,2010-09-30 00:00:00,145,2010-09-30 00:00:00,136,136.5,7,5100,726800,2010-09-30 00:00:00,1
2010-10-01 00:00:00,2010-10-01 00:00:00,135.5,2010-10-01 00:00:00,135,135.2,3,2300,311030,2010-10-01 00:00:00,1
2010-10-04 00:00:00,2010-10-04 00:00:00,135,2010-10-04 00:00:00,133,135,3,3100,417300,2010-10-04 00:00:00,1
2010-10-05 00:00:00,2010-10-05 00:00:00,135,2010-10-05 00:00:00,131,131,3,2700,363900,2010-10-05 00:00:00,1
2010-10-06 00:00:00,2010-10-06 00:00:00,133,2010-10-06 00:00:00,133,133,1,100,13300,2010-10-06 00:00:00,1
2010-10-07 00:00:00,2010-10-07 00:00:00,132.2,2010-10-07 00:00:00,130,130.2,3,1100,143220,2010-10-07 00:00:00,1
2010-10-13 00:00:00,2010-10-13 00:00:00,140,2010-10-13 00:00:00,125,131.3,5,1600,202100,2010-10-13 00:00:00,1
2010-10-14 00:00:00,2010-10-14 00:00:00,130,2010-10-14 00:00:00,130,130,1,200,26000,2010-10-14 00:00:00,1
2010-10-19 00:00:00,2010-10-19 00:00:00,133,2010-10-19 00:00:00,130,133,2,200,26300,2010-10-19 00:00:00,1
2010-10-21 00:00:00,2010-10-21 00:00:00,139.9,2010-10-21 00:00:00,138.5,139.2,2,200,27840,2010-10-21 00:00:00,1
2010-11-02 00:00:00,2010-11-02 00:00:00,139,2010-11-02 00:00:00,130,130,2,600,78900,2010-11-02 00:00:00,1
2010-11-04 00:00:00,2010-11-04 00:00:00,127,2010-11-04 00:00:00,127,127,1,200,25400,2010-11-04 00:00:00,1
2010-11-08 00:00:00,2010-11-08 00:00:00,120,2010-11-08 00:00:00,118.1,118.5,2,500,59240,2010-11-08 00:00:00,1
2010-11-12 00:00:00,2010-11-12 00:00:00,118.5,2010-11-12 00:00:00,118.5,118.5,1,100,11850,2010-11-12 00:00:00,1
2010-11-15 00:00:00,2010-11-15 00:00:00,112,2010-11-15 00:00:00,110,110.7,6,2900,321000,2010-11-15 00:00:00,1
2010-11-18 00:00:00,2010-11-18 00:00:00,110,2010-11-18 00:00:00,110,110,1,1000,110000,2010-11-18 00:00:00,1
2010-11-22 00:00:00,2010-11-22 00:00:00,112.5,2010-11-22 00:00:00,112.5,112.5,1,500,56250,2010-11-22 00:00:00,1
2010-11-23 00:00:00,2010-11-23 00:00:00,110,2010-11-23 00:00:00,108,108,3,1300,140800,2010-11-23 00:00:00,1
2010-11-24 00:00:00,2010-11-24 00:00:00,119,2010-11-24 00:00:00,108,119,7,6700,742100,2010-11-24 00:00:00,1
2010-11-26 00:00:00,2010-11-26 00:00:00,110.1,2010-11-26 00:00:00,110,110,3,2900,319030,2010-11-26 00:00:00,1
2010-11-29 00:00:00,2010-11-29 00:00:00,120,2010-11-29 00:00:00,105,105,5,1100,117000,2010-11-29 00:00:00,1
2010-11-30 00:00:00,2010-11-30 00:00:00,120,2010-11-30 00:00:00,107,116.6,5,1800,209800,2010-11-30 00:00:00,1
2010-12-01 00:00:00,2010-12-01 00:00:00,120,2010-12-01 00:00:00,105.5,120,4,1700,183700,2010-12-01 00:00:00,1
2010-12-02 00:00:00,2010-12-02 00:00:00,120,2010-12-02 00:00:00,110,112,16,20000,2240200,2010-12-02 00:00:00,1
2010-12-03 00:00:00,2010-12-03 00:00:00,125,2010-12-03 00:00:00,118.5,120.3,18,17700,2128570,2010-12-03 00:00:00,1
2010-12-10 00:00:00,2010-12-10 00:00:00,111,2010-12-10 00:00:00,111,111,1,100,11100,2010-12-10 00:00:00,1
2010-12-13 00:00:00,2010-12-13 00:00:00,120,2010-12-13 00:00:00,120,120,1,200,24000,2010-12-13 00:00:00,1
2010-12-14 00:00:00,2010-12-14 00:00:00,115,2010-12-14 00:00:00,115,115,1,9800,1127000,2010-12-14 00:00:00,1
2010-12-15 00:00:00,2010-12-15 00:00:00,119,2010-12-15 00:00:00,119,119,1,100,11900,2010-12-15 00:00:00,1
2010-12-17 00:00:00,2010-12-17 00:00:00,116,2010-12-17 00:00:00,114,115,4,13000,1495000,2010-12-17 00:00:00,1
2010-12-21 00:00:00,2010-12-21 00:00:00,119,2010-12-21 00:00:00,119,119,2,200,23800,2010-12-21 00:00:00,1
2010-12-22 00:00:00,2010-12-22 00:00:00,125,2010-12-22 00:00:00,122,122.6,2,500,61300,2010-12-22 00:00:00,1
2010-12-23 00:00:00,2010-12-23 00:00:00,125,2010-12-23 00:00:00,125,125,1,100,12500,2010-12-23 00:00:00,1
2010-12-24 00:00:00,2010-12-24 00:00:00,129,2010-12-24 00:00:00,129,129,1,200,25800,2010-12-24 00:00:00,1
2010-12-27 00:00:00,2010-12-27 00:00:00,129,2010-12-27 00:00:00,115,119.7,2,300,35900,2010-12-27 00:00:00,1
Company Id,:  SHOT,Security,Type :  X,Sub Type,:  0000,,,,,
Short Name,:  SERENDIB HOTELS,,,,,,,,,
Day,Date High,High,Date Low,Low,Closing,No. of Trades,No. of Shares,Turnover,Last Traded,Days Traded
2010-01-04 00:00:00,2010-01-04 00:00:00,39,2010-01-04 00:00:00,36.75,39,5,1500,56900,2010-01-04 00:00:00,1
2010-01-05 00:00:00,2010-01-05 00:00:00,40.75,2010-01-05 00:00:00,39.5,40,15,12700,507625,2010-01-05 00:00:00,1
2010-01-06 00:00:00,2010-01-06 00:00:00,40.5,2010-01-06 00:00:00,40,40.25,7,1600,64375,2010-01-06 00:00:00,1
2010-01-07 00:00:00,2010-01-07 00:00:00,38.5,2010-01-07 00:00:00,38.5,38.5,1,800,30800,2010-01-07 00:00:00,1
2010-01-08 00:00:00,2010-01-08 00:00:00,41.75,2010-01-08 00:00:00,41.75,41.75,1,200,8350,2010-01-08 00:00:00,1
2010-01-12 00:00:00,2010-01-12 00:00:00,39,2010-01-12 00:00:00,39,39,1,1200,46800,2010-01-12 00:00:00,1
2010-01-13 00:00:00,2010-01-13 00:00:00,41.25,2010-01-13 00:00:00,40.5,41,2,1600,65700,2010-01-13 00:00:00,1
2010-01-21 00:00:00,2010-01-21 00:00:00,39.75,2010-01-21 00:00:00,35,35.5,3,9800,347775,2010-01-21 00:00:00,1
2010-01-22 00:00:00,2010-01-22 00:00:00,39.75,2010-01-22 00:00:00,35,39.5,24,35200,1357900,2010-01-22 00:00:00,1
2010-01-25 00:00:00,2010-01-25 00:00:00,40.75,2010-01-25 00:00:00,40.5,40.5,3,22200,904525,2010-01-25 00:00:00,1
2010-01-26 00:00:00,2010-01-26 00:00:00,40.75,2010-01-26 00:00:00,40.75,40.75,1,400,16300,2010-01-26 00:00:00,1
2010-02-02 00:00:00,2010-02-02 00:00:00,38.75,2010-02-02 00:00:00,38.75,38.75,1,1000,38750,2010-02-02 00:00:00,1
2010-02-05 00:00:00,2010-02-05 00:00:00,41,2010-02-05 00:00:00,38.75,40.75,33,50700,2041725,2010-02-05 00:00:00,1
2010-02-08 00:00:00,2010-02-08 00:00:00,44,2010-02-08 00:00:00,40.5,41.25,30,144300,5907475,2010-02-08 00:00:00,1
2010-02-09 00:00:00,2010-02-09 00:00:00,44.75,2010-02-09 00:00:00,42,43.5,54,54500,2330075,2010-02-09 00:00:00,1
2010-02-10 00:00:00,2010-02-10 00:00:00,44.75,2010-02-10 00:00:00,42.75,43,15,25600,1111025,2010-02-10 00:00:00,1
2010-02-11 00:00:00,2010-02-11 00:00:00,40.25,2010-02-11 00:00:00,40.25,40.25,1,2000,80500,2010-02-11 00:00:00,1
2010-02-12 00:00:00,2010-02-12 00:00:00,41.75,2010-02-12 00:00:00,41.75,41.75,1,1500,62625,2010-02-12 00:00:00,1
2010-02-15 00:00:00,2010-02-15 00:00:00,41.75,2010-02-15 00:00:00,39,40,2,300,11975,2010-02-15 00:00:00,1
2010-02-17 00:00:00,2010-02-17 00:00:00,40.75,2010-02-17 00:00:00,40.75,40.75,2,500,20375,2010-02-17 00:00:00,1
2010-02-18 00:00:00,2010-02-18 00:00:00,41,2010-02-18 00:00:00,40,40,6,2900,118700,2010-02-18 00:00:00,1
2010-02-19 00:00:00,2010-02-19 00:00:00,41.5,2010-02-19 00:00:00,41,41.25,19,43500,1795500,2010-02-19 00:00:00,1
2010-02-22 00:00:00,2010-02-22 00:00:00,44.75,2010-02-22 00:00:00,41,43.75,66,95800,4119025,2010-02-22 00:00:00,1
2010-02-23 00:00:00,2010-02-23 00:00:00,45.5,2010-02-23 00:00:00,44,44.75,70,67200,3018375,2010-02-23 00:00:00,1
2010-02-24 00:00:00,2010-02-24 00:00:00,45.5,2010-02-24 00:00:00,42.25,45,25,28200,1249050,2010-02-24 00:00:00,1
2010-02-25 00:00:00,2010-02-25 00:00:00,45,2010-02-25 00:00:00,44.75,44.75,17,18600,836750,2010-02-25 00:00:00,1
2010-02-26 00:00:00,2010-02-26 00:00:00,47,2010-02-26 00:00:00,44.75,46,65,78500,3600675,2010-02-26 00:00:00,1
2010-03-01 00:00:00,2010-03-01 00:00:00,47.5,2010-03-01 00:00:00,46,46.5,56,72900,3417275,2010-03-01 00:00:00,1
2010-03-02 00:00:00,2010-03-02 00:00:00,46.25,2010-03-02 00:00:00,46.25,46.25,2,1000,46250,2010-03-02 00:00:00,1
2010-03-03 00:00:00,2010-03-03 00:00:00,46.5,2010-03-03 00:00:00,46.25,46.25,10,14100,654475,2010-03-03 00:00:00,1
2010-03-04 00:00:00,2010-03-04 00:00:00,45.25,2010-03-04 00:00:00,45,45,7,3000,135075,2010-03-04 00:00:00,1
2010-03-05 00:00:00,2010-03-05 00:00:00,48,2010-03-05 00:00:00,46.5,47,31,77200,3628800,2010-03-05 00:00:00,1
2010-03-08 00:00:00,2010-03-08 00:00:00,51.25,2010-03-08 00:00:00,47,49,108,170400,8498025,2010-03-08 00:00:00,1
2010-03-09 00:00:00,2010-03-09 00:00:00,50,2010-03-09 00:00:00,47,47.25,27,26900,1322125,2010-03-09 00:00:00,1
2010-03-10 00:00:00,2010-03-10 00:00:00,54,2010-03-10 00:00:00,49,51.5,96,90500,4653725,2010-03-10 00:00:00,1
2010-03-11 00:00:00,2010-03-11 00:00:00,56.75,2010-03-11 00:00:00,53,55.5,176,183100,10083525,2010-03-11 00:00:00,1
2010-03-12 00:00:00,2010-03-12 00:00:00,57,2010-03-12 00:00:00,54,55.75,93,97700,5370825,2010-03-12 00:00:00,1
2010-03-15 00:00:00,2010-03-15 00:00:00,56.25,2010-03-15 00:00:00,55,55.25,27,12700,707075,2010-03-15 00:00:00,1
2010-03-16 00:00:00,2010-03-16 00:00:00,54.5,2010-03-16 00:00:00,54,54.5,5,2300,124550,2010-03-16 00:00:00,1
2010-03-17 00:00:00,2010-03-17 00:00:00,55,2010-03-17 00:00:00,54,54.25,25,20300,1109575,2010-03-17 00:00:00,1
2010-03-18 00:00:00,2010-03-18 00:00:00,54.25,2010-03-18 00:00:00,53.75,54,7,11300,610400,2010-03-18 00:00:00,1
2010-03-19 00:00:00,2010-03-19 00:00:00,54,2010-03-19 00:00:00,52.5,52.5,9,4000,211025,2010-03-19 00:00:00,1
2010-03-22 00:00:00,2010-03-22 00:00:00,52,2010-03-22 00:00:00,52,52,2,200,10400,2010-03-22 00:00:00,1
2010-03-23 00:00:00,2010-03-23 00:00:00,52,2010-03-23 00:00:00,52,52,4,1800,93600,2010-03-23 00:00:00,1
2010-03-24 00:00:00,2010-03-24 00:00:00,52,2010-03-24 00:00:00,50,50.5,10,4400,222675,2010-03-24 00:00:00,1
2010-03-25 00:00:00,2010-03-25 00:00:00,53,2010-03-25 00:00:00,49.25,52.25,39,109000,5684250,2010-03-25 00:00:00,1
2010-03-26 00:00:00,2010-03-26 00:00:00,54.5,2010-03-26 00:00:00,52,54,39,50700,2733850,2010-03-26 00:00:00,1
2010-03-30 00:00:00,2010-03-30 00:00:00,57.5,2010-03-30 00:00:00,54.5,56.5,86,81200,4555850,2010-03-30 00:00:00,1
2010-03-31 00:00:00,2010-03-31 00:00:00,57,2010-03-31 00:00:00,55,55.25,33,52600,2921550,2010-03-31 00:00:00,1
2010-04-01 00:00:00,2010-04-01 00:00:00,57,2010-04-01 00:00:00,55.5,55.5,18,25700,1443950,2010-04-01 00:00:00,1
2010-04-05 00:00:00,2010-04-05 00:00:00,56.25,2010-04-05 00:00:00,55,55,15,23700,1309000,2010-04-05 00:00:00,1
2010-04-06 00:00:00,2010-04-06 00:00:00,56.5,2010-04-06 00:00:00,55,56.5,32,31500,1763775,2010-04-06 00:00:00,1
2010-04-07 00:00:00,2010-04-07 00:00:00,57,2010-04-07 00:00:00,56.75,57,50,73400,4180075,2010-04-07 00:00:00,1
2010-04-08 00:00:00,2010-04-08 00:00:00,57.25,2010-04-08 00:00:00,57,57,13,13400,764050,2010-04-08 00:00:00,1
2010-04-12 00:00:00,2010-04-12 00:00:00,57.25,2010-04-12 00:00:00,57,57.25,24,23000,1316675,2010-04-12 00:00:00,1
2010-04-15 00:00:00,2010-04-15 00:00:00,57.5,2010-04-15 00:00:00,57,57.5,6,11400,652675,2010-04-15 00:00:00,1
2010-04-16 00:00:00,2010-04-16 00:00:00,60,2010-04-16 00:00:00,57,59,41,37700,2196525,2010-04-16 00:00:00,1
2010-04-19 00:00:00,2010-04-19 00:00:00,61.75,2010-04-19 00:00:00,58.75,61.5,38,27600,1659575,2010-04-19 00:00:00,1
2010-04-20 00:00:00,2010-04-20 00:00:00,61.5,2010-04-20 00:00:00,59.5,59.5,32,38100,2292150,2010-04-20 00:00:00,1
2010-04-21 00:00:00,2010-04-21 00:00:00,61.5,2010-04-21 00:00:00,60,60.25,21,22300,1343050,2010-04-21 00:00:00,1
2010-04-22 00:00:00,2010-04-22 00:00:00,62,2010-04-22 00:00:00,60.25,61.5,12,17600,1075900,2010-04-22 00:00:00,1
2010-04-23 00:00:00,2010-04-23 00:00:00,65,2010-04-23 00:00:00,59,64.75,35,23400,1461975,2010-04-23 00:00:00,1
2010-04-26 00:00:00,2010-04-26 00:00:00,65.25,2010-04-26 00:00:00,65,65,10,11400,741050,2010-04-26 00:00:00,1
2010-04-27 00:00:00,2010-04-27 00:00:00,63.25,2010-04-27 00:00:00,60,62.75,10,5000,311750,2010-04-27 00:00:00,1
2010-04-29 00:00:00,2010-04-29 00:00:00,65,2010-04-29 00:00:00,63,63,9,7100,447850,2010-04-29 00:00:00,1
2010-04-30 00:00:00,2010-04-30 00:00:00,65,2010-04-30 00:00:00,63,64.25,8,6400,412000,2010-04-30 00:00:00,1
2010-05-03 00:00:00,2010-05-03 00:00:00,66.5,2010-05-03 00:00:00,65,66,5,3000,197800,2010-05-03 00:00:00,1
2010-05-05 00:00:00,2010-05-05 00:00:00,65.5,2010-05-05 00:00:00,65.5,65.5,18,19600,1283800,2010-05-05 00:00:00,1
2010-05-06 00:00:00,2010-05-06 00:00:00,66,2010-05-06 00:00:00,65.5,65.5,5,3500,229400,2010-05-06 00:00:00,1
2010-05-14 00:00:00,2010-05-14 00:00:00,63.75,2010-05-14 00:00:00,63,63.75,2,800,50925,2010-05-14 00:00:00,1
2010-05-18 00:00:00,2010-05-18 00:00:00,60.25,2010-05-18 00:00:00,60.25,60.25,1,100,6025,2010-05-18 00:00:00,1
2010-05-19 00:00:00,2010-05-19 00:00:00,65.5,2010-05-19 00:00:00,63.5,65.25,10,3900,252800,2010-05-19 00:00:00,1
2010-05-25 00:00:00,2010-05-25 00:00:00,64.75,2010-05-25 00:00:00,64.75,64.75,1,500,32375,2010-05-25 00:00:00,1
2010-05-26 00:00:00,2010-05-26 00:00:00,65,2010-05-26 00:00:00,65,65,1,200,13000,2010-05-26 00:00:00,1
2010-05-31 00:00:00,2010-05-31 00:00:00,65,2010-05-31 00:00:00,63,63.25,17,6900,438925,2010-05-31 00:00:00,1
2010-06-01 00:00:00,2010-06-01 00:00:00,65,2010-06-01 00:00:00,63,64.75,4,1700,109500,2010-06-01 00:00:00,1
2010-06-02 00:00:00,2010-06-02 00:00:00,65,2010-06-02 00:00:00,64,64.5,6,5000,322200,2010-06-02 00:00:00,1
2010-06-03 00:00:00,2010-06-03 00:00:00,63,2010-06-03 00:00:00,63,63,5,1700,107100,2010-06-03 00:00:00,1
2010-06-04 00:00:00,2010-06-04 00:00:00,67,2010-06-04 00:00:00,65,65.75,12,13500,880125,2010-06-04 00:00:00,1
2010-06-07 00:00:00,2010-06-07 00:00:00,75,2010-06-07 00:00:00,66,72,23,32300,2272650,2010-06-07 00:00:00,1
2010-06-08 00:00:00,2010-06-08 00:00:00,78,2010-06-08 00:00:00,72,76.75,44,52500,3944900,2010-06-08 00:00:00,1
2010-06-09 00:00:00,2010-06-09 00:00:00,75,2010-06-09 00:00:00,75,75,6,3500,262500,2010-06-09 00:00:00,1
2010-06-10 00:00:00,2010-06-10 00:00:00,77,2010-06-10 00:00:00,73,75,19,56200,4212700,2010-06-10 00:00:00,1
2010-06-11 00:00:00,2010-06-11 00:00:00,73.25,2010-06-11 00:00:00,73.25,73.25,1,200,14650,2010-06-11 00:00:00,1
2010-06-14 00:00:00,2010-06-14 00:00:00,72,2010-06-14 00:00:00,71,72,5,1700,121025,2010-06-14 00:00:00,1
2010-06-15 00:00:00,2010-06-15 00:00:00,72,2010-06-15 00:00:00,72,72,1,200,14400,2010-06-15 00:00:00,1
2010-06-16 00:00:00,2010-06-16 00:00:00,70,2010-06-16 00:00:00,68,70,3,2000,138000,2010-06-16 00:00:00,1
2010-06-17 00:00:00,2010-06-17 00:00:00,71,2010-06-17 00:00:00,68,69.75,3,600,41700,2010-06-17 00:00:00,1
2010-06-21 00:00:00,2010-06-21 00:00:00,70,2010-06-21 00:00:00,68.25,70,7,6300,440650,2010-06-21 00:00:00,1
2010-06-22 00:00:00,2010-06-22 00:00:00,71,2010-06-22 00:00:00,70,71,4,1700,119700,2010-06-22 00:00:00,1
2010-06-23 00:00:00,2010-06-23 00:00:00,70,2010-06-23 00:00:00,68,68,4,10500,715000,2010-06-23 00:00:00,1
2010-06-24 00:00:00,2010-06-24 00:00:00,68.5,2010-06-24 00:00:00,66,66.75,12,6900,463650,2010-06-24 00:00:00,1
2010-06-30 00:00:00,2010-06-30 00:00:00,75,2010-06-30 00:00:00,70,74,22,49900,3604800,2010-06-30 00:00:00,1
2010-07-01 00:00:00,2010-07-01 00:00:00,71,2010-07-01 00:00:00,71,71,1,100,7100,2010-07-01 00:00:00,1
2010-07-02 00:00:00,2010-07-02 00:00:00,75,2010-07-02 00:00:00,71,75,7,1100,82100,2010-07-02 00:00:00,1
2010-07-05 00:00:00,2010-07-05 00:00:00,75,2010-07-05 00:00:00,75,75,1,100,7500,2010-07-05 00:00:00,1
2010-07-06 00:00:00,2010-07-06 00:00:00,74.5,2010-07-06 00:00:00,73,73,2,3100,226450,2010-07-06 00:00:00,1
2010-07-07 00:00:00,2010-07-07 00:00:00,70,2010-07-07 00:00:00,67.25,67.25,11,3000,209125,2010-07-07 00:00:00,1
2010-07-08 00:00:00,2010-07-08 00:00:00,75,2010-07-08 00:00:00,73,74.75,9,2100,157025,2010-07-08 00:00:00,1
2010-07-14 00:00:00,2010-07-14 00:00:00,73.75,2010-07-14 00:00:00,73.75,73.75,2,2700,199125,2010-07-14 00:00:00,1
2010-07-15 00:00:00,2010-07-15 00:00:00,74.75,2010-07-15 00:00:00,73,74,7,3300,243475,2010-07-15 00:00:00,1
2010-07-16 00:00:00,2010-07-16 00:00:00,73,2010-07-16 00:00:00,73,73,1,100,7300,2010-07-16 00:00:00,1
2010-07-19 00:00:00,2010-07-19 00:00:00,73,2010-07-19 00:00:00,73,73,9,2400,175200,2010-07-19 00:00:00,1
2010-07-20 00:00:00,2010-07-20 00:00:00,74.5,2010-07-20 00:00:00,74.5,74.5,1,1000,74500,2010-07-20 00:00:00,1
2010-07-21 00:00:00,2010-07-21 00:00:00,85,2010-07-21 00:00:00,74.75,81.25,30,41900,3404225,2010-07-21 00:00:00,1
2010-07-22 00:00:00,2010-07-22 00:00:00,82,2010-07-22 00:00:00,81.5,81.5,2,1300,106450,2010-07-22 00:00:00,1
2010-07-23 00:00:00,2010-07-23 00:00:00,81.5,2010-07-23 00:00:00,81.5,81.5,1,700,57050,2010-07-23 00:00:00,1
2010-07-26 00:00:00,2010-07-26 00:00:00,81,2010-07-26 00:00:00,80,80,10,8200,662100,2010-07-26 00:00:00,1
2010-07-27 00:00:00,2010-07-27 00:00:00,81.5,2010-07-27 00:00:00,81.25,81.5,5,2600,211800,2010-07-27 00:00:00,1
2010-07-28 00:00:00,2010-07-28 00:00:00,80.5,2010-07-28 00:00:00,80,80.25,7,2600,208500,2010-07-28 00:00:00,1
2010-07-29 00:00:00,2010-07-29 00:00:00,82,2010-07-29 00:00:00,80,80.25,9,6200,497975,2010-07-29 00:00:00,1
2010-07-30 00:00:00,2010-07-30 00:00:00,82,2010-07-30 00:00:00,82,82,1,100,8200,2010-07-30 00:00:00,1
2010-08-02 00:00:00,2010-08-02 00:00:00,82,2010-08-02 00:00:00,82,82,3,4000,328000,2010-08-02 00:00:00,1
2010-08-03 00:00:00,2010-08-03 00:00:00,81,2010-08-03 00:00:00,80,80,4,11500,920500,2010-08-03 00:00:00,1
2010-08-04 00:00:00,2010-08-04 00:00:00,82,2010-08-04 00:00:00,81.5,81.5,7,3500,286350,2010-08-04 00:00:00,1
2010-08-05 00:00:00,2010-08-05 00:00:00,81.5,2010-08-05 00:00:00,81,81,6,11300,920450,2010-08-05 00:00:00,1
2010-08-09 00:00:00,2010-08-09 00:00:00,79.6,2010-08-09 00:00:00,79.6,79.6,3,6900,549240,2010-08-09 00:00:00,1
2010-08-10 00:00:00,2010-08-10 00:00:00,85,2010-08-10 00:00:00,79,85,17,14100,1163000,2010-08-10 00:00:00,1
2010-08-11 00:00:00,2010-08-11 00:00:00,90,2010-08-11 00:00:00,82,85.3,47,59500,5207300,2010-08-11 00:00:00,1
2010-08-12 00:00:00,2010-08-12 00:00:00,86,2010-08-12 00:00:00,85,85.5,10,18500,1580750,2010-08-12 00:00:00,1
2010-08-13 00:00:00,2010-08-13 00:00:00,90.1,2010-08-13 00:00:00,80,90,10,19000,1696960,2010-08-13 00:00:00,1
2010-08-16 00:00:00,2010-08-16 00:00:00,90,2010-08-16 00:00:00,90,90,1,500,45000,2010-08-16 00:00:00,1
2010-08-17 00:00:00,2010-08-17 00:00:00,90,2010-08-17 00:00:00,90,90,1,1500,135000,2010-08-17 00:00:00,1
2010-08-18 00:00:00,2010-08-18 00:00:00,90,2010-08-18 00:00:00,89,90,28,33400,3005000,2010-08-18 00:00:00,1
2010-08-19 00:00:00,2010-08-19 00:00:00,99,2010-08-19 00:00:00,90,95.2,16,16500,1565670,2010-08-19 00:00:00,1
2010-08-20 00:00:00,2010-08-20 00:00:00,103,2010-08-20 00:00:00,96,99.6,8,4900,484290,2010-08-20 00:00:00,1
2010-08-23 00:00:00,2010-08-23 00:00:00,109.5,2010-08-23 00:00:00,99.6,108.3,14,4800,516050,2010-08-23 00:00:00,1
2010-08-25 00:00:00,2010-08-25 00:00:00,109.5,2010-08-25 00:00:00,103,103,6,1000,104880,2010-08-25 00:00:00,1
2010-08-26 00:00:00,2010-08-26 00:00:00,104,2010-08-26 00:00:00,101,101,3,8200,828700,2010-08-26 00:00:00,1
2010-08-27 00:00:00,2010-08-27 00:00:00,111,2010-08-27 00:00:00,106,110.4,13,18200,1986110,2010-08-27 00:00:00,1
2010-08-30 00:00:00,2010-08-30 00:00:00,110,2010-08-30 00:00:00,109.5,110,14,17200,1891900,2010-08-30 00:00:00,1
2010-08-31 00:00:00,2010-08-31 00:00:00,113,2010-08-31 00:00:00,108,112.9,6,4400,486540,2010-08-31 00:00:00,1
2010-09-07 00:00:00,2010-09-07 00:00:00,102,2010-09-07 00:00:00,102,102,1,500,51000,2010-09-07 00:00:00,1
2010-09-08 00:00:00,2010-09-08 00:00:00,105,2010-09-08 00:00:00,102,104.9,7,5500,566000,2010-09-08 00:00:00,1
2010-09-13 00:00:00,2010-09-13 00:00:00,115,2010-09-13 00:00:00,112,112,6,3700,418000,2010-09-13 00:00:00,1
2010-09-14 00:00:00,2010-09-14 00:00:00,105,2010-09-14 00:00:00,101,105,16,12100,1253100,2010-09-14 00:00:00,1
2010-09-15 00:00:00,2010-09-15 00:00:00,110,2010-09-15 00:00:00,99,105,7,7200,746950,2010-09-15 00:00:00,1
2010-09-16 00:00:00,2010-09-16 00:00:00,107,2010-09-16 00:00:00,104.9,105,7,33600,3531600,2010-09-16 00:00:00,1
2010-09-21 00:00:00,2010-09-21 00:00:00,110,2010-09-21 00:00:00,100,109.9,6,2000,209910,2010-09-21 00:00:00,1
2010-09-23 00:00:00,2010-09-23 00:00:00,110,2010-09-23 00:00:00,100,105,13,16900,1775000,2010-09-23 00:00:00,1
2010-09-24 00:00:00,2010-09-24 00:00:00,105.1,2010-09-24 00:00:00,105,105.1,3,1500,157600,2010-09-24 00:00:00,1
2010-09-28 00:00:00,2010-09-28 00:00:00,105,2010-09-28 00:00:00,96,105,5,5500,576500,2010-09-28 00:00:00,1
2010-09-29 00:00:00,2010-09-29 00:00:00,107,2010-09-29 00:00:00,106,106.8,4,6900,737100,2010-09-29 00:00:00,1
2010-09-30 00:00:00,2010-09-30 00:00:00,110,2010-09-30 00:00:00,108,110,15,20600,2243150,2010-09-30 00:00:00,1
2010-10-01 00:00:00,2010-10-01 00:00:00,115,2010-10-01 00:00:00,110,112.5,5,6300,720750,2010-10-01 00:00:00,1
2010-10-04 00:00:00,2010-10-04 00:00:00,110.1,2010-10-04 00:00:00,100.5,103.9,3,1100,116130,2010-10-04 00:00:00,1
2010-10-05 00:00:00,2010-10-05 00:00:00,96,2010-10-05 00:00:00,96,96,1,200,19200,2010-10-05 00:00:00,1
2010-10-06 00:00:00,2010-10-06 00:00:00,102,2010-10-06 00:00:00,102,102,2,2200,224400,2010-10-06 00:00:00,1
2010-10-07 00:00:00,2010-10-07 00:00:00,103,2010-10-07 00:00:00,90.2,98.1,12,10200,998000,2010-10-07 00:00:00,1
2010-10-11 00:00:00,2010-10-11 00:00:00,100,2010-10-11 00:00:00,100,100,1,1000,100000,2010-10-11 00:00:00,1
2010-10-12 00:00:00,2010-10-12 00:00:00,100,2010-10-12 00:00:00,97,100,2,3200,319700,2010-10-12 00:00:00,1
2010-10-14 00:00:00,2010-10-14 00:00:00,100,2010-10-14 00:00:00,100,100,1,2000,200000,2010-10-14 00:00:00,1
2010-10-18 00:00:00,2010-10-18 00:00:00,106,2010-10-18 00:00:00,90.2,98.1,13,25300,2449400,2010-10-18 00:00:00,1
2010-10-19 00:00:00,2010-10-19 00:00:00,100,2010-10-19 00:00:00,100,100,1,1000,100000,2010-10-19 00:00:00,1
2010-10-21 00:00:00,2010-10-21 00:00:00,106,2010-10-21 00:00:00,104,105.2,3,2000,210300,2010-10-21 00:00:00,1
2010-10-25 00:00:00,2010-10-25 00:00:00,100,2010-10-25 00:00:00,100,100,1,200,20000,2010-10-25 00:00:00,1
2010-10-27 00:00:00,2010-10-27 00:00:00,100,2010-10-27 00:00:00,90,96.8,18,21800,2043610,2010-10-27 00:00:00,1
2010-11-01 00:00:00,2010-11-01 00:00:00,91.1,2010-11-01 00:00:00,91.1,91.1,1,1000,91100,2010-11-01 00:00:00,1
2010-11-03 00:00:00,2010-11-03 00:00:00,92.5,2010-11-03 00:00:00,91,91,4,1600,147100,2010-11-03 00:00:00,1
2010-11-10 00:00:00,2010-11-10 00:00:00,91,2010-11-10 00:00:00,91,91,1,100,9100,2010-11-10 00:00:00,1
2010-11-15 00:00:00,2010-11-15 00:00:00,98.8,2010-11-15 00:00:00,89.5,90.6,9,9200,850650,2010-11-15 00:00:00,1
2010-11-18 00:00:00,2010-11-18 00:00:00,88,2010-11-18 00:00:00,88,88,1,1400,123200,2010-11-18 00:00:00,1
2010-11-22 00:00:00,2010-11-22 00:00:00,98.8,2010-11-22 00:00:00,89,89.6,14,16800,1524540,2010-11-22 00:00:00,1
2010-11-23 00:00:00,2010-11-23 00:00:00,94,2010-11-23 00:00:00,92,93.9,36,58700,5507580,2010-11-23 00:00:00,1
2010-11-24 00:00:00,2010-11-24 00:00:00,98,2010-11-24 00:00:00,95,97.8,10,17600,1721300,2010-11-24 00:00:00,1
2010-11-26 00:00:00,2010-11-26 00:00:00,97,2010-11-26 00:00:00,95,95.2,3,1600,154100,2010-11-26 00:00:00,1
2010-11-29 00:00:00,2010-11-29 00:00:00,101,2010-11-29 00:00:00,92.1,98.6,3,600,58510,2010-11-29 00:00:00,1
2010-11-30 00:00:00,2010-11-30 00:00:00,109,2010-11-30 00:00:00,98,98,8,112800,11055500,2010-11-30 00:00:00,1
2010-12-01 00:00:00,2010-12-01 00:00:00,99,2010-12-01 00:00:00,99,99,1,1000,99000,2010-12-01 00:00:00,1
2010-12-03 00:00:00,2010-12-03 00:00:00,103,2010-12-03 00:00:00,98,100.1,4,10000,1001000,2010-12-03 00:00:00,1
2010-12-07 00:00:00,2010-12-07 00:00:00,103,2010-12-07 00:00:00,93,103,3,700,70100,2010-12-07 00:00:00,1
2010-12-08 00:00:00,2010-12-08 00:00:00,103,2010-12-08 00:00:00,103,103,1,5000,515000,2010-12-08 00:00:00,1
2010-12-17 00:00:00,2010-12-17 00:00:00,100,2010-12-17 00:00:00,96,99.9,3,1900,186700,2010-12-17 00:00:00,1
2010-12-21 00:00:00,2010-12-21 00:00:00,106.9,2010-12-21 00:00:00,96,102,15,6100,622470,2010-12-21 00:00:00,1
2010-12-24 00:00:00,2010-12-24 00:00:00,98,2010-12-24 00:00:00,98,98,3,3000,294000,2010-12-24 00:00:00,1
2010-12-27 00:00:00,2010-12-27 00:00:00,102,2010-12-27 00:00:00,102,102,1,500,51000,2010-12-27 00:00:00,1
Company Id,:  SIGV,Security,Type :  N,Sub Type,:  0000,,,,,
Short Name,:  SIGIRIYA VILLAGE,,,,,,,,,
Day,Date High,High,Date Low,Low,Closing,No. of Trades,No. of Shares,Turnover,Last Traded,Days Traded
2010-01-04 00:00:00,2010-01-04 00:00:00,41,2010-01-04 00:00:00,40,40,10,4700,188350,2010-01-04 00:00:00,1
2010-01-05 00:00:00,2010-01-05 00:00:00,42,2010-01-05 00:00:00,41,41.5,60,84800,3502100,2010-01-05 00:00:00,1
2010-01-07 00:00:00,2010-01-07 00:00:00,40,2010-01-07 00:00:00,39.5,40,9,3900,155950,2010-01-07 00:00:00,1
2010-01-08 00:00:00,2010-01-08 00:00:00,40,2010-01-08 00:00:00,40,40,1,500,20000,2010-01-08 00:00:00,1
2010-01-11 00:00:00,2010-01-11 00:00:00,40.25,2010-01-11 00:00:00,40,40.25,6,1700,68325,2010-01-11 00:00:00,1
2010-01-12 00:00:00,2010-01-12 00:00:00,40,2010-01-12 00:00:00,39.5,39.75,5,1100,43725,2010-01-12 00:00:00,1
2010-01-13 00:00:00,2010-01-13 00:00:00,39.75,2010-01-13 00:00:00,38,38,20,15000,574400,2010-01-13 00:00:00,1
2010-01-15 00:00:00,2010-01-15 00:00:00,42,2010-01-15 00:00:00,38.5,41,33,16500,676150,2010-01-15 00:00:00,1
2010-01-18 00:00:00,2010-01-18 00:00:00,43,2010-01-18 00:00:00,40.25,41.75,19,12900,544500,2010-01-18 00:00:00,1
2010-01-19 00:00:00,2010-01-19 00:00:00,41.75,2010-01-19 00:00:00,38.75,38.75,6,28100,1095900,2010-01-19 00:00:00,1
2010-01-21 00:00:00,2010-01-21 00:00:00,39,2010-01-21 00:00:00,39,39,2,300,11700,2010-01-21 00:00:00,1
2010-01-22 00:00:00,2010-01-22 00:00:00,41,2010-01-22 00:00:00,40,40,4,1600,64200,2010-01-22 00:00:00,1
2010-01-25 00:00:00,2010-01-25 00:00:00,41.75,2010-01-25 00:00:00,41.25,41.5,4,1000,41400,2010-01-25 00:00:00,1
2010-02-01 00:00:00,2010-02-01 00:00:00,42,2010-02-01 00:00:00,41.5,41.5,7,1800,74875,2010-02-01 00:00:00,1
2010-02-03 00:00:00,2010-02-03 00:00:00,40.25,2010-02-03 00:00:00,40,40,3,400,16075,2010-02-03 00:00:00,1
2010-02-05 00:00:00,2010-02-05 00:00:00,39.5,2010-02-05 00:00:00,39.5,39.5,7,5200,205400,2010-02-05 00:00:00,1
2010-02-08 00:00:00,2010-02-08 00:00:00,40.25,2010-02-08 00:00:00,39.5,40,13,6300,249625,2010-02-08 00:00:00,1
2010-02-09 00:00:00,2010-02-09 00:00:00,40,2010-02-09 00:00:00,39,40,12,7300,288450,2010-02-09 00:00:00,1
2010-02-10 00:00:00,2010-02-10 00:00:00,40.25,2010-02-10 00:00:00,38.5,39.25,6,2900,114200,2010-02-10 00:00:00,1
2010-02-11 00:00:00,2010-02-11 00:00:00,39,2010-02-11 00:00:00,38.5,38.5,4,2300,88700,2010-02-11 00:00:00,1
2010-02-12 00:00:00,2010-02-12 00:00:00,38.5,2010-02-12 00:00:00,38,38,14,11100,422550,2010-02-12 00:00:00,1
2010-02-15 00:00:00,2010-02-15 00:00:00,39,2010-02-15 00:00:00,38,38,6,3700,143900,2010-02-15 00:00:00,1
2010-02-16 00:00:00,2010-02-16 00:00:00,40,2010-02-16 00:00:00,38,40,5,2400,95400,2010-02-16 00:00:00,1
2010-02-17 00:00:00,2010-02-17 00:00:00,40,2010-02-17 00:00:00,38.25,38.25,4,900,34600,2010-02-17 00:00:00,1
2010-02-18 00:00:00,2010-02-18 00:00:00,41,2010-02-18 00:00:00,38,38.5,6,6200,238300,2010-02-18 00:00:00,1
2010-02-19 00:00:00,2010-02-19 00:00:00,38.5,2010-02-19 00:00:00,38,38,9,5300,201900,2010-02-19 00:00:00,1
2010-02-22 00:00:00,2010-02-22 00:00:00,38,2010-02-22 00:00:00,38,38,5,2000,76000,2010-02-22 00:00:00,1
2010-02-23 00:00:00,2010-02-23 00:00:00,40,2010-02-23 00:00:00,40,40,3,1600,64000,2010-02-23 00:00:00,1
2010-02-24 00:00:00,2010-02-24 00:00:00,40,2010-02-24 00:00:00,38,38.25,6,6100,233250,2010-02-24 00:00:00,1
2010-02-26 00:00:00,2010-02-26 00:00:00,40.5,2010-02-26 00:00:00,40,40,9,5200,208550,2010-02-26 00:00:00,1
2010-03-01 00:00:00,2010-03-01 00:00:00,41.75,2010-03-01 00:00:00,41,41.25,30,26000,1075525,2010-03-01 00:00:00,1
2010-03-03 00:00:00,2010-03-03 00:00:00,40,2010-03-03 00:00:00,39,39.75,6,18100,721000,2010-03-03 00:00:00,1
2010-03-04 00:00:00,2010-03-04 00:00:00,40.25,2010-03-04 00:00:00,39,40,8,5300,211775,2010-03-04 00:00:00,1
2010-03-05 00:00:00,2010-03-05 00:00:00,45.25,2010-03-05 00:00:00,40.5,43,118,93500,4059000,2010-03-05 00:00:00,1
2010-03-08 00:00:00,2010-03-08 00:00:00,47,2010-03-08 00:00:00,44,44.75,167,171200,7772750,2010-03-08 00:00:00,1
2010-03-09 00:00:00,2010-03-09 00:00:00,50,2010-03-09 00:00:00,44.5,45,43,26100,1180900,2010-03-09 00:00:00,1
2010-03-10 00:00:00,2010-03-10 00:00:00,45,2010-03-10 00:00:00,44.75,45,11,6000,269575,2010-03-10 00:00:00,1
2010-03-11 00:00:00,2010-03-11 00:00:00,45.5,2010-03-11 00:00:00,44,44.75,5,1400,62950,2010-03-11 00:00:00,1
2010-03-12 00:00:00,2010-03-12 00:00:00,46.25,2010-03-12 00:00:00,44.5,45,28,8000,364000,2010-03-12 00:00:00,1
2010-03-15 00:00:00,2010-03-15 00:00:00,46.5,2010-03-15 00:00:00,45,45,41,27800,1271250,2010-03-15 00:00:00,1
2010-03-16 00:00:00,2010-03-16 00:00:00,45.75,2010-03-16 00:00:00,44,44,6,5000,220550,2010-03-16 00:00:00,1
2010-03-17 00:00:00,2010-03-17 00:00:00,45.5,2010-03-17 00:00:00,44,44.5,11,9600,430900,2010-03-17 00:00:00,1
2010-03-18 00:00:00,2010-03-18 00:00:00,46,2010-03-18 00:00:00,45,45.5,13,17600,807825,2010-03-18 00:00:00,1
2010-03-19 00:00:00,2010-03-19 00:00:00,44.75,2010-03-19 00:00:00,44.5,44.75,6,6000,268400,2010-03-19 00:00:00,1
2010-03-22 00:00:00,2010-03-22 00:00:00,44.5,2010-03-22 00:00:00,44.5,44.5,2,200,8900,2010-03-22 00:00:00,1
2010-03-23 00:00:00,2010-03-23 00:00:00,43.5,2010-03-23 00:00:00,43.5,43.5,3,2700,117450,2010-03-23 00:00:00,1
2010-03-24 00:00:00,2010-03-24 00:00:00,44.5,2010-03-24 00:00:00,40.25,44,5,1800,77775,2010-03-24 00:00:00,1
2010-03-25 00:00:00,2010-03-25 00:00:00,44,2010-03-25 00:00:00,42.5,44,7,1200,52250,2010-03-25 00:00:00,1
2010-03-26 00:00:00,2010-03-26 00:00:00,44,2010-03-26 00:00:00,43.75,43.75,11,12000,526750,2010-03-26 00:00:00,1
2010-03-30 00:00:00,2010-03-30 00:00:00,44,2010-03-30 00:00:00,42,42,7,4300,186500,2010-03-30 00:00:00,1
2010-03-31 00:00:00,2010-03-31 00:00:00,43,2010-03-31 00:00:00,42,43,9,6600,282175,2010-03-31 00:00:00,1
2010-04-01 00:00:00,2010-04-01 00:00:00,43.5,2010-04-01 00:00:00,43.25,43.5,3,2300,100025,2010-04-01 00:00:00,1
2010-04-05 00:00:00,2010-04-05 00:00:00,43.5,2010-04-05 00:00:00,43,43,9,7200,309675,2010-04-05 00:00:00,1
2010-04-06 00:00:00,2010-04-06 00:00:00,45.75,2010-04-06 00:00:00,43.25,45.75,9,4100,184850,2010-04-06 00:00:00,1
2010-04-07 00:00:00,2010-04-07 00:00:00,46,2010-04-07 00:00:00,43.5,46,14,4800,217700,2010-04-07 00:00:00,1
2010-04-08 00:00:00,2010-04-08 00:00:00,47.5,2010-04-08 00:00:00,45,47,36,23000,1068175,2010-04-08 00:00:00,1
2010-04-12 00:00:00,2010-04-12 00:00:00,47.5,2010-04-12 00:00:00,46.5,47,18,15300,722450,2010-04-12 00:00:00,1
2010-04-15 00:00:00,2010-04-15 00:00:00,48.5,2010-04-15 00:00:00,47,47.75,35,19400,926025,2010-04-15 00:00:00,1
2010-04-16 00:00:00,2010-04-16 00:00:00,53.25,2010-04-16 00:00:00,48,50.5,187,365600,18097275,2010-04-16 00:00:00,1
2010-04-19 00:00:00,2010-04-19 00:00:00,56,2010-04-19 00:00:00,51,55,113,96400,5191025,2010-04-19 00:00:00,1
2010-04-20 00:00:00,2010-04-20 00:00:00,55,2010-04-20 00:00:00,53,54,66,74700,4037850,2010-04-20 00:00:00,1
2010-04-21 00:00:00,2010-04-21 00:00:00,54,2010-04-21 00:00:00,50.5,53.5,43,21500,1149125,2010-04-21 00:00:00,1
2010-04-22 00:00:00,2010-04-22 00:00:00,59,2010-04-22 00:00:00,54,57,112,145500,8224775,2010-04-22 00:00:00,1
2010-04-23 00:00:00,2010-04-23 00:00:00,58.75,2010-04-23 00:00:00,57.25,57.5,28,15800,917500,2010-04-23 00:00:00,1
2010-04-26 00:00:00,2010-04-26 00:00:00,58.25,2010-04-26 00:00:00,56,56,17,9600,547325,2010-04-26 00:00:00,1
2010-04-27 00:00:00,2010-04-27 00:00:00,58,2010-04-27 00:00:00,56,58,4,600,33800,2010-04-27 00:00:00,1
2010-04-29 00:00:00,2010-04-29 00:00:00,57,2010-04-29 00:00:00,55,55.25,16,17400,972525,2010-04-29 00:00:00,1
2010-04-30 00:00:00,2010-04-30 00:00:00,57.5,2010-04-30 00:00:00,53,57.25,17,14400,817025,2010-04-30 00:00:00,1
2010-05-03 00:00:00,2010-05-03 00:00:00,60.75,2010-05-03 00:00:00,58,60,54,88500,5308800,2010-05-03 00:00:00,1
2010-05-04 00:00:00,2010-05-04 00:00:00,60,2010-05-04 00:00:00,58,59,8,9900,585400,2010-05-04 00:00:00,1
2010-05-05 00:00:00,2010-05-05 00:00:00,58.5,2010-05-05 00:00:00,58,58.25,6,2600,151150,2010-05-05 00:00:00,1
2010-05-06 00:00:00,2010-05-06 00:00:00,58,2010-05-06 00:00:00,58,58,7,2400,139200,2010-05-06 00:00:00,1
2010-05-07 00:00:00,2010-05-07 00:00:00,57.5,2010-05-07 00:00:00,55,55,6,3400,192075,2010-05-07 00:00:00,1
2010-05-10 00:00:00,2010-05-10 00:00:00,55,2010-05-10 00:00:00,55,55,1,600,33000,2010-05-10 00:00:00,1
2010-05-11 00:00:00,2010-05-11 00:00:00,55,2010-05-11 00:00:00,55,55,3,2500,137500,2010-05-11 00:00:00,1
2010-05-12 00:00:00,2010-05-12 00:00:00,55,2010-05-12 00:00:00,55,55,1,100,5500,2010-05-12 00:00:00,1
2010-05-13 00:00:00,2010-05-13 00:00:00,57,2010-05-13 00:00:00,54.75,57,8,7400,409300,2010-05-13 00:00:00,1
2010-05-14 00:00:00,2010-05-14 00:00:00,55.75,2010-05-14 00:00:00,54,55,3,1000,54875,2010-05-14 00:00:00,1
2010-05-18 00:00:00,2010-05-18 00:00:00,55.5,2010-05-18 00:00:00,55.25,55.5,9,6700,371475,2010-05-18 00:00:00,1
2010-05-19 00:00:00,2010-05-19 00:00:00,57,2010-05-19 00:00:00,55,55.5,8,12200,677650,2010-05-19 00:00:00,1
2010-05-20 00:00:00,2010-05-20 00:00:00,58.75,2010-05-20 00:00:00,57,57.75,18,132700,7660775,2010-05-20 00:00:00,1
2010-05-21 00:00:00,2010-05-21 00:00:00,58.75,2010-05-21 00:00:00,57.75,58.25,29,47600,2775250,2010-05-21 00:00:00,1
2010-05-24 00:00:00,2010-05-24 00:00:00,61,2010-05-24 00:00:00,58.5,60.5,52,41600,2503850,2010-05-24 00:00:00,1
2010-05-25 00:00:00,2010-05-25 00:00:00,61.5,2010-05-25 00:00:00,60.5,60.75,43,21600,1319050,2010-05-25 00:00:00,1
2010-05-26 00:00:00,2010-05-26 00:00:00,69.25,2010-05-26 00:00:00,61,68.5,168,169200,11083175,2010-05-26 00:00:00,1
2010-05-31 00:00:00,2010-05-31 00:00:00,76,2010-05-31 00:00:00,69,74.5,192,218700,16085850,2010-05-31 00:00:00,1
2010-06-01 00:00:00,2010-06-01 00:00:00,76,2010-06-01 00:00:00,73,75,42,69300,5188300,2010-06-01 00:00:00,1
2010-06-02 00:00:00,2010-06-02 00:00:00,85,2010-06-02 00:00:00,76,83.25,206,215200,17290025,2010-06-02 00:00:00,1
2010-06-03 00:00:00,2010-06-03 00:00:00,90,2010-06-03 00:00:00,84,84.5,97,85000,7457800,2010-06-03 00:00:00,1
2010-06-04 00:00:00,2010-06-04 00:00:00,94,2010-06-04 00:00:00,84.25,90.25,74,131000,11715900,2010-06-04 00:00:00,1
2010-06-07 00:00:00,2010-06-07 00:00:00,94,2010-06-07 00:00:00,89,92.25,58,98600,9042050,2010-06-07 00:00:00,1
2010-06-08 00:00:00,2010-06-08 00:00:00,90,2010-06-08 00:00:00,87,87.5,21,14800,1300700,2010-06-08 00:00:00,1
2010-06-09 00:00:00,2010-06-09 00:00:00,90,2010-06-09 00:00:00,86,89.75,40,54600,4845900,2010-06-09 00:00:00,1
2010-06-10 00:00:00,2010-06-10 00:00:00,105,2010-06-10 00:00:00,91,103.25,246,256900,25570175,2010-06-10 00:00:00,1
2010-06-11 00:00:00,2010-06-11 00:00:00,106,2010-06-11 00:00:00,100.5,101.25,75,75600,7815475,2010-06-11 00:00:00,1
2010-06-14 00:00:00,2010-06-14 00:00:00,104,2010-06-14 00:00:00,100,100.25,14,16900,1718325,2010-06-14 00:00:00,1
2010-06-15 00:00:00,2010-06-15 00:00:00,101,2010-06-15 00:00:00,100,100.25,20,9200,923850,2010-06-15 00:00:00,1
2010-06-16 00:00:00,2010-06-16 00:00:00,102,2010-06-16 00:00:00,97,98.75,32,87500,8586375,2010-06-16 00:00:00,1
2010-06-17 00:00:00,2010-06-17 00:00:00,102,2010-06-17 00:00:00,98.5,102,53,121300,12168100,2010-06-17 00:00:00,1
2010-06-21 00:00:00,2010-06-21 00:00:00,104,2010-06-21 00:00:00,100,100.75,34,75800,7758275,2010-06-21 00:00:00,1
2010-06-22 00:00:00,2010-06-22 00:00:00,102,2010-06-22 00:00:00,98,98,13,33500,3328700,2010-06-22 00:00:00,1
2010-06-23 00:00:00,2010-06-23 00:00:00,101,2010-06-23 00:00:00,95.25,95.5,16,22400,2197250,2010-06-23 00:00:00,1
2010-06-24 00:00:00,2010-06-24 00:00:00,97.75,2010-06-24 00:00:00,93,97.75,3,400,37825,2010-06-24 00:00:00,1
2010-06-28 00:00:00,2010-06-28 00:00:00,98.75,2010-06-28 00:00:00,95,98.5,8,38300,3773425,2010-06-28 00:00:00,1
2010-06-29 00:00:00,2010-06-29 00:00:00,100,2010-06-29 00:00:00,98.5,99.5,8,5600,556300,2010-06-29 00:00:00,1
2010-06-30 00:00:00,2010-06-30 00:00:00,95.25,2010-06-30 00:00:00,94,94.5,16,19500,1847850,2010-06-30 00:00:00,1
2010-07-01 00:00:00,2010-07-01 00:00:00,95,2010-07-01 00:00:00,93.5,94,10,12100,1139250,2010-07-01 00:00:00,1
2010-07-02 00:00:00,2010-07-02 00:00:00,99.5,2010-07-02 00:00:00,94,94,19,33300,3131400,2010-07-02 00:00:00,1
2010-07-05 00:00:00,2010-07-05 00:00:00,94,2010-07-05 00:00:00,94,94,16,14600,1372400,2010-07-05 00:00:00,1
2010-07-06 00:00:00,2010-07-06 00:00:00,94,2010-07-06 00:00:00,94,94,1,1700,159800,2010-07-06 00:00:00,1
2010-07-07 00:00:00,2010-07-07 00:00:00,94,2010-07-07 00:00:00,89,89.5,39,81800,7344450,2010-07-07 00:00:00,1
2010-07-08 00:00:00,2010-07-08 00:00:00,95,2010-07-08 00:00:00,90,94.75,28,34700,3265350,2010-07-08 00:00:00,1
2010-07-09 00:00:00,2010-07-09 00:00:00,98,2010-07-09 00:00:00,91,95.5,24,42500,3944375,2010-07-09 00:00:00,1
2010-07-12 00:00:00,2010-07-12 00:00:00,95,2010-07-12 00:00:00,92,95,15,24700,2346200,2010-07-12 00:00:00,1
2010-07-13 00:00:00,2010-07-13 00:00:00,95,2010-07-13 00:00:00,94,95,7,2600,246600,2010-07-13 00:00:00,1
2010-07-14 00:00:00,2010-07-14 00:00:00,101,2010-07-14 00:00:00,96,100,32,44900,4465700,2010-07-14 00:00:00,1
2010-07-15 00:00:00,2010-07-15 00:00:00,102,2010-07-15 00:00:00,100,100,34,48500,4872975,2010-07-15 00:00:00,1
2010-07-16 00:00:00,2010-07-16 00:00:00,116,2010-07-16 00:00:00,100,112,82,73100,7885775,2010-07-16 00:00:00,1
2010-07-19 00:00:00,2010-07-19 00:00:00,119.5,2010-07-19 00:00:00,113,115,97,120700,13895000,2010-07-19 00:00:00,1
2010-07-20 00:00:00,2010-07-20 00:00:00,134,2010-07-20 00:00:00,120,132.75,149,156800,20025725,2010-07-20 00:00:00,1
2010-07-21 00:00:00,2010-07-21 00:00:00,138.5,2010-07-21 00:00:00,128,132.75,81,85700,11488275,2010-07-21 00:00:00,1
2010-07-22 00:00:00,2010-07-22 00:00:00,132,2010-07-22 00:00:00,125,125.25,62,54400,6898250,2010-07-22 00:00:00,1
2010-07-23 00:00:00,2010-07-23 00:00:00,130,2010-07-23 00:00:00,120.25,129,62,53700,6834550,2010-07-23 00:00:00,1
2010-07-26 00:00:00,2010-07-26 00:00:00,136.75,2010-07-26 00:00:00,128,135,39,50400,6765750,2010-07-26 00:00:00,1
2010-07-27 00:00:00,2010-07-27 00:00:00,140.25,2010-07-27 00:00:00,135,139.75,77,76000,10568200,2010-07-27 00:00:00,1
2010-07-28 00:00:00,2010-07-28 00:00:00,144,2010-07-28 00:00:00,140,141,34,20300,2877900,2010-07-28 00:00:00,1
2010-07-29 00:00:00,2010-07-29 00:00:00,142.75,2010-07-29 00:00:00,139,139,16,11500,1627650,2010-07-29 00:00:00,1
2010-07-30 00:00:00,2010-07-30 00:00:00,139.75,2010-07-30 00:00:00,136,136.25,14,10500,1433250,2010-07-30 00:00:00,1
2010-08-02 00:00:00,2010-08-02 00:00:00,145,2010-08-02 00:00:00,135,138,9,3300,451580,2010-08-02 00:00:00,1
2010-08-03 00:00:00,2010-08-03 00:00:00,138,2010-08-03 00:00:00,135,136.4,6,1600,219320,2010-08-03 00:00:00,1
2010-08-04 00:00:00,2010-08-04 00:00:00,137,2010-08-04 00:00:00,133,134.3,8,4000,540350,2010-08-04 00:00:00,1
2010-08-05 00:00:00,2010-08-05 00:00:00,135,2010-08-05 00:00:00,120.9,134.9,18,9400,1174430,2010-08-05 00:00:00,1
2010-08-06 00:00:00,2010-08-06 00:00:00,134,2010-08-06 00:00:00,125,129,12,3500,452560,2010-08-06 00:00:00,1
2010-08-09 00:00:00,2010-08-09 00:00:00,129,2010-08-09 00:00:00,116.2,116.6,36,23900,2820130,2010-08-09 00:00:00,1
2010-08-10 00:00:00,2010-08-10 00:00:00,125,2010-08-10 00:00:00,105,124.7,40,19500,2204160,2010-08-10 00:00:00,1
2010-08-11 00:00:00,2010-08-11 00:00:00,134,2010-08-11 00:00:00,124,124,25,19000,2460740,2010-08-11 00:00:00,1
2010-08-12 00:00:00,2010-08-12 00:00:00,126.9,2010-08-12 00:00:00,125,125.1,11,4000,500240,2010-08-12 00:00:00,1
2010-08-13 00:00:00,2010-08-13 00:00:00,125,2010-08-13 00:00:00,120.2,123.5,16,10200,1264780,2010-08-13 00:00:00,1
2010-08-16 00:00:00,2010-08-16 00:00:00,125,2010-08-16 00:00:00,123,123,2,300,37100,2010-08-16 00:00:00,1
2010-08-17 00:00:00,2010-08-17 00:00:00,123.8,2010-08-17 00:00:00,117.6,123.8,20,13500,1635770,2010-08-17 00:00:00,1
2010-08-18 00:00:00,2010-08-18 00:00:00,126,2010-08-18 00:00:00,119,123.9,43,35500,4379100,2010-08-18 00:00:00,1
2010-08-19 00:00:00,2010-08-19 00:00:00,131.6,2010-08-19 00:00:00,126,129.4,74,113600,14672270,2010-08-19 00:00:00,1
2010-08-20 00:00:00,2010-08-20 00:00:00,132,2010-08-20 00:00:00,130,130,14,9100,1194570,2010-08-20 00:00:00,1
2010-08-23 00:00:00,2010-08-23 00:00:00,135.9,2010-08-23 00:00:00,131,133.6,15,8500,1146250,2010-08-23 00:00:00,1
2010-08-25 00:00:00,2010-08-25 00:00:00,134.5,2010-08-25 00:00:00,130,131.8,13,5300,705110,2010-08-25 00:00:00,1
2010-08-26 00:00:00,2010-08-26 00:00:00,131,2010-08-26 00:00:00,129.9,129.9,23,51700,6718960,2010-08-26 00:00:00,1
2010-08-27 00:00:00,2010-08-27 00:00:00,135,2010-08-27 00:00:00,128,129.7,10,8300,1076450,2010-08-27 00:00:00,1
2010-08-30 00:00:00,2010-08-30 00:00:00,131.7,2010-08-30 00:00:00,128.5,130,18,8500,1101650,2010-08-30 00:00:00,1
2010-08-31 00:00:00,2010-08-31 00:00:00,138,2010-08-31 00:00:00,130,135,32,40800,5452420,2010-08-31 00:00:00,1
2010-09-01 00:00:00,2010-09-01 00:00:00,135,2010-09-01 00:00:00,134,135,11,17700,2386530,2010-09-01 00:00:00,1
2010-09-02 00:00:00,2010-09-02 00:00:00,135,2010-09-02 00:00:00,134,135,11,18400,2475890,2010-09-02 00:00:00,1
2010-09-03 00:00:00,2010-09-03 00:00:00,140,2010-09-03 00:00:00,133,135.2,102,100500,13721420,2010-09-03 00:00:00,1
2010-09-06 00:00:00,2010-09-06 00:00:00,140.9,2010-09-06 00:00:00,136,138,17,4100,570820,2010-09-06 00:00:00,1
2010-09-07 00:00:00,2010-09-07 00:00:00,138.1,2010-09-07 00:00:00,135,135,12,5200,708140,2010-09-07 00:00:00,1
2010-09-08 00:00:00,2010-09-08 00:00:00,146.1,2010-09-08 00:00:00,135.1,144.3,42,32500,4673920,2010-09-08 00:00:00,1
2010-09-09 00:00:00,2010-09-09 00:00:00,155,2010-09-09 00:00:00,144,144.2,11,4800,725600,2010-09-09 00:00:00,1
2010-09-13 00:00:00,2010-09-13 00:00:00,145,2010-09-13 00:00:00,140,140,5,3100,448980,2010-09-13 00:00:00,1
2010-09-14 00:00:00,2010-09-14 00:00:00,140,2010-09-14 00:00:00,137,137.8,15,20100,2782900,2010-09-14 00:00:00,1
2010-09-15 00:00:00,2010-09-15 00:00:00,140,2010-09-15 00:00:00,137,137.1,11,4700,654710,2010-09-15 00:00:00,1
2010-09-16 00:00:00,2010-09-16 00:00:00,140.1,2010-09-16 00:00:00,138,139,8,3700,518050,2010-09-16 00:00:00,1
2010-09-17 00:00:00,2010-09-17 00:00:00,139,2010-09-17 00:00:00,130,131.7,9,10500,1383800,2010-09-17 00:00:00,1
2010-09-20 00:00:00,2010-09-20 00:00:00,149.9,2010-09-20 00:00:00,139,148,6,11800,1754960,2010-09-20 00:00:00,1
2010-09-21 00:00:00,2010-09-21 00:00:00,148,2010-09-21 00:00:00,140,142.6,7,8100,1154900,2010-09-21 00:00:00,1
2010-09-23 00:00:00,2010-09-23 00:00:00,148,2010-09-23 00:00:00,138,140,14,13100,1846630,2010-09-23 00:00:00,1
2010-09-24 00:00:00,2010-09-24 00:00:00,140,2010-09-24 00:00:00,140,140,8,19400,2716000,2010-09-24 00:00:00,1
2010-09-27 00:00:00,2010-09-27 00:00:00,141,2010-09-27 00:00:00,140,140.1,14,6300,886300,2010-09-27 00:00:00,1
2010-09-28 00:00:00,2010-09-28 00:00:00,139.9,2010-09-28 00:00:00,132,136.6,13,3300,444490,2010-09-28 00:00:00,1
2010-09-29 00:00:00,2010-09-29 00:00:00,136.5,2010-09-29 00:00:00,136.5,136.5,2,1600,218400,2010-09-29 00:00:00,1
2010-09-30 00:00:00,2010-09-30 00:00:00,136.7,2010-09-30 00:00:00,135,136,21,17200,2341760,2010-09-30 00:00:00,1
2010-10-01 00:00:00,2010-10-01 00:00:00,140,2010-10-01 00:00:00,135,135.2,17,20300,2775000,2010-10-01 00:00:00,1
2010-10-04 00:00:00,2010-10-04 00:00:00,137,2010-10-04 00:00:00,134.1,135.9,4,1100,148630,2010-10-04 00:00:00,1
2010-10-05 00:00:00,2010-10-05 00:00:00,134.5,2010-10-05 00:00:00,133.5,133.6,7,1600,213850,2010-10-05 00:00:00,1
2010-10-06 00:00:00,2010-10-06 00:00:00,132,2010-10-06 00:00:00,130,130.5,8,19200,2505500,2010-10-06 00:00:00,1
2010-10-07 00:00:00,2010-10-07 00:00:00,130.1,2010-10-07 00:00:00,130,130.1,10,6100,793440,2010-10-07 00:00:00,1
2010-10-08 00:00:00,2010-10-08 00:00:00,135,2010-10-08 00:00:00,128,130.9,25,9900,1273050,2010-10-08 00:00:00,1
2010-10-11 00:00:00,2010-10-11 00:00:00,128.3,2010-10-11 00:00:00,120,125.5,3,15200,1945910,2010-10-11 00:00:00,1
2010-10-12 00:00:00,2010-10-12 00:00:00,108.1,2010-10-12 00:00:00,106,107.2,13,3900,415760,2010-10-12 00:00:00,1
2010-10-13 00:00:00,2010-10-13 00:00:00,120,2010-10-13 00:00:00,100,115,16,5100,548270,2010-10-13 00:00:00,1
2010-10-14 00:00:00,2010-10-14 00:00:00,115,2010-10-14 00:00:00,112.8,112.8,7,6200,710150,2010-10-14 00:00:00,1
2010-10-15 00:00:00,2010-10-15 00:00:00,120,2010-10-15 00:00:00,102,119.1,18,4500,515760,2010-10-15 00:00:00,1
2010-10-18 00:00:00,2010-10-18 00:00:00,116,2010-10-18 00:00:00,115,115,10,15100,1736600,2010-10-18 00:00:00,1
2010-10-19 00:00:00,2010-10-19 00:00:00,115,2010-10-19 00:00:00,108.5,111.1,10,2200,243690,2010-10-19 00:00:00,1
2010-10-20 00:00:00,2010-10-20 00:00:00,120,2010-10-20 00:00:00,110,120,18,12500,1466000,2010-10-20 00:00:00,1
2010-10-21 00:00:00,2010-10-21 00:00:00,122.9,2010-10-21 00:00:00,118,120.6,11,5200,620770,2010-10-21 00:00:00,1
2010-10-26 00:00:00,2010-10-26 00:00:00,115,2010-10-26 00:00:00,112,112.1,8,6000,672760,2010-10-26 00:00:00,1
2010-10-27 00:00:00,2010-10-27 00:00:00,114,2010-10-27 00:00:00,105.1,111.8,5,9300,1042920,2010-10-27 00:00:00,1
2010-10-28 00:00:00,2010-10-28 00:00:00,111.2,2010-10-28 00:00:00,111.2,111.2,1,300,33360,2010-10-28 00:00:00,1
2010-10-29 00:00:00,2010-10-29 00:00:00,110,2010-10-29 00:00:00,110,110,1,100,11000,2010-10-29 00:00:00,1
2010-11-01 00:00:00,2010-11-01 00:00:00,102.5,2010-11-01 00:00:00,100,101.4,3,1200,121670,2010-11-01 00:00:00,1
2010-11-02 00:00:00,2010-11-02 00:00:00,111,2010-11-02 00:00:00,110,110.5,3,300,33100,2010-11-02 00:00:00,1
2010-11-03 00:00:00,2010-11-03 00:00:00,104,2010-11-03 00:00:00,104,104,1,100,10400,2010-11-03 00:00:00,1
2010-11-04 00:00:00,2010-11-04 00:00:00,104,2010-11-04 00:00:00,103,103.1,4,2300,237200,2010-11-04 00:00:00,1
2010-11-09 00:00:00,2010-11-09 00:00:00,103,2010-11-09 00:00:00,100,100.1,6,6000,602500,2010-11-09 00:00:00,1
2010-11-10 00:00:00,2010-11-10 00:00:00,100.1,2010-11-10 00:00:00,100,100,4,5000,500100,2010-11-10 00:00:00,1
2010-11-12 00:00:00,2010-11-12 00:00:00,99,2010-11-12 00:00:00,99,99,1,100,9900,2010-11-12 00:00:00,1
2010-11-15 00:00:00,2010-11-15 00:00:00,105,2010-11-15 00:00:00,99,105,6,3800,381000,2010-11-15 00:00:00,1
2010-11-18 00:00:00,2010-11-18 00:00:00,107,2010-11-18 00:00:00,98,99.6,10,4200,418160,2010-11-18 00:00:00,1
2010-11-22 00:00:00,2010-11-22 00:00:00,109,2010-11-22 00:00:00,105,106.3,3,1200,127600,2010-11-22 00:00:00,1
2010-11-23 00:00:00,2010-11-23 00:00:00,105,2010-11-23 00:00:00,95,98.7,11,3100,306020,2010-11-23 00:00:00,1
2010-11-24 00:00:00,2010-11-24 00:00:00,105.8,2010-11-24 00:00:00,103,105.3,13,7000,735720,2010-11-24 00:00:00,1
2010-11-25 00:00:00,2010-11-25 00:00:00,105.4,2010-11-25 00:00:00,100,104.5,7,11300,1181580,2010-11-25 00:00:00,1
2010-11-26 00:00:00,2010-11-26 00:00:00,100,2010-11-26 00:00:00,100,100,2,200,20000,2010-11-26 00:00:00,1
2010-11-29 00:00:00,2010-11-29 00:00:00,100,2010-11-29 00:00:00,96,98,10,6200,618200,2010-11-29 00:00:00,1
2010-11-30 00:00:00,2010-11-30 00:00:00,103.5,2010-11-30 00:00:00,103.5,103.5,2,300,31050,2010-11-30 00:00:00,1
2010-12-01 00:00:00,2010-12-01 00:00:00,104.2,2010-12-01 00:00:00,103.5,103.5,6,2800,290600,2010-12-01 00:00:00,1
2010-12-02 00:00:00,2010-12-02 00:00:00,104.9,2010-12-02 00:00:00,104,104.9,2,6100,639800,2010-12-02 00:00:00,1
2010-12-03 00:00:00,2010-12-03 00:00:00,104.7,2010-12-03 00:00:00,100.4,101.8,2,300,30550,2010-12-03 00:00:00,1
2010-12-06 00:00:00,2010-12-06 00:00:00,101.8,2010-12-06 00:00:00,101.8,101.8,1,100,10180,2010-12-06 00:00:00,1
2010-12-07 00:00:00,2010-12-07 00:00:00,104.7,2010-12-07 00:00:00,100.5,100.6,5,4500,469640,2010-12-07 00:00:00,1
2010-12-09 00:00:00,2010-12-09 00:00:00,101,2010-12-09 00:00:00,101,101,1,100,10100,2010-12-09 00:00:00,1
2010-12-10 00:00:00,2010-12-10 00:00:00,100.6,2010-12-10 00:00:00,95.1,95.5,15,2900,279140,2010-12-10 00:00:00,1
2010-12-14 00:00:00,2010-12-14 00:00:00,104.5,2010-12-14 00:00:00,98.5,102.2,14,4500,459870,2010-12-14 00:00:00,1
2010-12-15 00:00:00,2010-12-15 00:00:00,104,2010-12-15 00:00:00,104,104,2,1400,145600,2010-12-15 00:00:00,1
2010-12-16 00:00:00,2010-12-16 00:00:00,104,2010-12-16 00:00:00,97,103.9,5,700,71350,2010-12-16 00:00:00,1
2010-12-17 00:00:00,2010-12-17 00:00:00,104.9,2010-12-17 00:00:00,100,104.8,7,2600,267390,2010-12-17 00:00:00,1
2010-12-21 00:00:00,2010-12-21 00:00:00,104.9,2010-12-21 00:00:00,99,104.5,6,1800,182460,2010-12-21 00:00:00,1
2010-12-22 00:00:00,2010-12-22 00:00:00,104.9,2010-12-22 00:00:00,104,104,5,800,83740,2010-12-22 00:00:00,1
2010-12-23 00:00:00,2010-12-23 00:00:00,110,2010-12-23 00:00:00,104,110,9,6800,714900,2010-12-23 00:00:00,1
2010-12-24 00:00:00,2010-12-24 00:00:00,117.2,2010-12-24 00:00:00,114.9,115,6,25300,2908500,2010-12-24 00:00:00,1
2010-12-27 00:00:00,2010-12-27 00:00:00,116,2010-12-27 00:00:00,107,114,5,2100,240000,2010-12-27 00:00:00,1
2010-12-29 00:00:00,2010-12-29 00:00:00,116,2010-12-29 00:00:00,110,114.6,16,20600,2344600,2010-12-29 00:00:00,1
2010-12-30 00:00:00,2010-12-30 00:00:00,114,2010-12-30 00:00:00,105.9,107,38,92900,10017120,2010-12-30 00:00:00,1
2010-12-31 00:00:00,2010-12-31 00:00:00,123,2010-12-31 00:00:00,111,118.7,38,23800,2820390,2010-12-31 00:00:00,1
Company Id,:  SIGV,Security,Type :  R,Sub Type,:  0000,,,,,
Short Name,:  SIGIRIYA VILLAGE ,,,,,,,,,
Day,Date High,High,Date Low,Low,Closing,No. of Trades,No. of Shares,Turnover,Last Traded,Days Traded
2010-10-21 00:00:00,2010-10-21 00:00:00,30,2010-10-21 00:00:00,30,30,1,100,3000,2010-10-21 00:00:00,1
2010-10-26 00:00:00,2010-10-26 00:00:00,28,2010-10-26 00:00:00,28,28,2,500,14000,2010-10-26 00:00:00,1
2010-10-27 00:00:00,2010-10-27 00:00:00,20,2010-10-27 00:00:00,20,20,1,200,4000,2010-10-27 00:00:00,1
2010-10-28 00:00:00,2010-10-28 00:00:00,15.1,2010-10-28 00:00:00,5.2,5.9,7,19800,116300,2010-10-28 00:00:00,1
2010-10-29 00:00:00,2010-10-29 00:00:00,10,2010-10-29 00:00:00,8,8.6,31,15500,135940,2010-10-29 00:00:00,1
Company Id,:  SIL,Security,Type :  N,Sub Type,:  0000,,,,,
Short Name,:  SAMSON INTERNAT.,,,,,,,,,
Day,Date High,High,Date Low,Low,Closing,No. of Trades,No. of Shares,Turnover,Last Traded,Days Traded
2010-01-04 00:00:00,2010-01-04 00:00:00,99,2010-01-04 00:00:00,83,85,8,2300,195575,2010-01-04 00:00:00,1
2010-01-05 00:00:00,2010-01-05 00:00:00,91,2010-01-05 00:00:00,85,87,6,800,69400,2010-01-05 00:00:00,1
2010-01-06 00:00:00,2010-01-06 00:00:00,90,2010-01-06 00:00:00,86.5,90,2,500,43950,2010-01-06 00:00:00,1
2010-01-07 00:00:00,2010-01-07 00:00:00,90,2010-01-07 00:00:00,90,90,2,200,18000,2010-01-07 00:00:00,1
2010-01-08 00:00:00,2010-01-08 00:00:00,91.75,2010-01-08 00:00:00,90,90.25,5,1200,108400,2010-01-08 00:00:00,1
2010-01-11 00:00:00,2010-01-11 00:00:00,90,2010-01-11 00:00:00,86,88.5,5,900,78400,2010-01-11 00:00:00,1
2010-01-12 00:00:00,2010-01-12 00:00:00,88,2010-01-12 00:00:00,80,87,13,4600,375825,2010-01-12 00:00:00,1
2010-01-13 00:00:00,2010-01-13 00:00:00,98.5,2010-01-13 00:00:00,80.25,89,11,3000,266725,2010-01-13 00:00:00,1
2010-01-15 00:00:00,2010-01-15 00:00:00,95,2010-01-15 00:00:00,90,93.75,9,1700,157000,2010-01-15 00:00:00,1
2010-01-18 00:00:00,2010-01-18 00:00:00,91,2010-01-18 00:00:00,90,90.25,3,800,72200,2010-01-18 00:00:00,1
2010-01-20 00:00:00,2010-01-20 00:00:00,94,2010-01-20 00:00:00,90,92,2,200,18400,2010-01-20 00:00:00,1
2010-01-25 00:00:00,2010-01-25 00:00:00,92,2010-01-25 00:00:00,92,92,1,500,46000,2010-01-25 00:00:00,1
2010-01-26 00:00:00,2010-01-26 00:00:00,87,2010-01-26 00:00:00,85,85.5,3,600,51600,2010-01-26 00:00:00,1
2010-01-28 00:00:00,2010-01-28 00:00:00,90,2010-01-28 00:00:00,90,90,3,600,54000,2010-01-28 00:00:00,1
2010-02-01 00:00:00,2010-02-01 00:00:00,90,2010-02-01 00:00:00,90,90,1,100,9000,2010-02-01 00:00:00,1
2010-02-02 00:00:00,2010-02-02 00:00:00,99,2010-02-02 00:00:00,90,91,12,6500,590700,2010-02-02 00:00:00,1
2010-02-08 00:00:00,2010-02-08 00:00:00,89,2010-02-08 00:00:00,85,87,2,600,52200,2010-02-08 00:00:00,1
2010-02-09 00:00:00,2010-02-09 00:00:00,88,2010-02-09 00:00:00,85,85.75,3,600,51900,2010-02-09 00:00:00,1
2010-02-11 00:00:00,2010-02-11 00:00:00,85,2010-02-11 00:00:00,85,85,1,100,8500,2010-02-11 00:00:00,1
2010-02-12 00:00:00,2010-02-12 00:00:00,85,2010-02-12 00:00:00,83.5,85,2,4700,399350,2010-02-12 00:00:00,1
2010-02-15 00:00:00,2010-02-15 00:00:00,89.75,2010-02-15 00:00:00,80,82.5,6,700,58300,2010-02-15 00:00:00,1
2010-02-16 00:00:00,2010-02-16 00:00:00,90,2010-02-16 00:00:00,89,89.25,4,700,62400,2010-02-16 00:00:00,1
2010-03-01 00:00:00,2010-03-01 00:00:00,90,2010-03-01 00:00:00,85,90,19,5000,445775,2010-03-01 00:00:00,1
2010-03-11 00:00:00,2010-03-11 00:00:00,89.5,2010-03-11 00:00:00,86,89.25,6,1100,98100,2010-03-11 00:00:00,1
2010-03-16 00:00:00,2010-03-16 00:00:00,90,2010-03-16 00:00:00,90,90,1,500,45000,2010-03-16 00:00:00,1
2010-03-30 00:00:00,2010-03-30 00:00:00,85,2010-03-30 00:00:00,85,85,4,1300,110500,2010-03-30 00:00:00,1
2010-03-31 00:00:00,2010-03-31 00:00:00,89.75,2010-03-31 00:00:00,80.5,86.75,3,300,26000,2010-03-31 00:00:00,1
2010-04-01 00:00:00,2010-04-01 00:00:00,89.75,2010-04-01 00:00:00,80,84.25,5,500,42100,2010-04-01 00:00:00,1
2010-04-06 00:00:00,2010-04-06 00:00:00,94.75,2010-04-06 00:00:00,88,89.25,7,2200,196250,2010-04-06 00:00:00,1
2010-04-12 00:00:00,2010-04-12 00:00:00,85.25,2010-04-12 00:00:00,85.25,85.25,3,10000,852500,2010-04-12 00:00:00,1
2010-04-19 00:00:00,2010-04-19 00:00:00,85,2010-04-19 00:00:00,85,85,1,100,8500,2010-04-19 00:00:00,1
2010-04-20 00:00:00,2010-04-20 00:00:00,82.25,2010-04-20 00:00:00,82.25,82.25,1,100,8225,2010-04-20 00:00:00,1
2010-04-21 00:00:00,2010-04-21 00:00:00,85,2010-04-21 00:00:00,82.5,85,28,38300,3253000,2010-04-21 00:00:00,1
2010-04-22 00:00:00,2010-04-22 00:00:00,89.5,2010-04-22 00:00:00,85,86.25,46,83100,7170175,2010-04-22 00:00:00,1
2010-04-23 00:00:00,2010-04-23 00:00:00,89.5,2010-04-23 00:00:00,89.25,89.25,8,2000,178600,2010-04-23 00:00:00,1
2010-04-26 00:00:00,2010-04-26 00:00:00,89.75,2010-04-26 00:00:00,89.5,89.5,9,14800,1326875,2010-04-26 00:00:00,1
2010-04-27 00:00:00,2010-04-27 00:00:00,89.5,2010-04-27 00:00:00,89.5,89.5,1,200,17900,2010-04-27 00:00:00,1
2010-04-30 00:00:00,2010-04-30 00:00:00,89.5,2010-04-30 00:00:00,89.5,89.5,1,300,26850,2010-04-30 00:00:00,1
2010-05-03 00:00:00,2010-05-03 00:00:00,99,2010-05-03 00:00:00,89.5,94.75,29,23700,2244600,2010-05-03 00:00:00,1
2010-05-04 00:00:00,2010-05-04 00:00:00,95,2010-05-04 00:00:00,95,95,2,200,19000,2010-05-04 00:00:00,1
2010-05-06 00:00:00,2010-05-06 00:00:00,90,2010-05-06 00:00:00,86.75,86.75,4,900,80425,2010-05-06 00:00:00,1
2010-05-07 00:00:00,2010-05-07 00:00:00,86.25,2010-05-07 00:00:00,86.25,86.25,1,100,8625,2010-05-07 00:00:00,1
2010-05-10 00:00:00,2010-05-10 00:00:00,91.5,2010-05-10 00:00:00,86,91.5,3,300,26900,2010-05-10 00:00:00,1
2010-05-11 00:00:00,2010-05-11 00:00:00,90,2010-05-11 00:00:00,90,90,2,2600,234000,2010-05-11 00:00:00,1
2010-05-12 00:00:00,2010-05-12 00:00:00,90,2010-05-12 00:00:00,90,90,2,3400,306000,2010-05-12 00:00:00,1
2010-05-14 00:00:00,2010-05-14 00:00:00,89.75,2010-05-14 00:00:00,85,85,11,2700,230650,2010-05-14 00:00:00,1
2010-05-17 00:00:00,2010-05-17 00:00:00,90,2010-05-17 00:00:00,90,90,4,1000,90000,2010-05-17 00:00:00,1
2010-05-19 00:00:00,2010-05-19 00:00:00,87,2010-05-19 00:00:00,86,86.75,2,800,69300,2010-05-19 00:00:00,1
2010-05-20 00:00:00,2010-05-20 00:00:00,85,2010-05-20 00:00:00,85,85,1,100,8500,2010-05-20 00:00:00,1
2010-05-21 00:00:00,2010-05-21 00:00:00,84.75,2010-05-21 00:00:00,84.75,84.75,1,100,8475,2010-05-21 00:00:00,1
2010-05-24 00:00:00,2010-05-24 00:00:00,90,2010-05-24 00:00:00,80.5,90,3,600,53025,2010-05-24 00:00:00,1
2010-05-26 00:00:00,2010-05-26 00:00:00,90.5,2010-05-26 00:00:00,90.5,90.5,1,100,9050,2010-05-26 00:00:00,1
2010-05-31 00:00:00,2010-05-31 00:00:00,89,2010-05-31 00:00:00,89,89,1,100,8900,2010-05-31 00:00:00,1
2010-06-02 00:00:00,2010-06-02 00:00:00,95.75,2010-06-02 00:00:00,92,94,3,700,65775,2010-06-02 00:00:00,1
2010-06-07 00:00:00,2010-06-07 00:00:00,93,2010-06-07 00:00:00,87,91,5,900,81850,2010-06-07 00:00:00,1
2010-06-10 00:00:00,2010-06-10 00:00:00,90,2010-06-10 00:00:00,83,90,2,400,33900,2010-06-10 00:00:00,1
2010-06-11 00:00:00,2010-06-11 00:00:00,89.75,2010-06-11 00:00:00,89.75,89.75,1,500,44875,2010-06-11 00:00:00,1
2010-06-14 00:00:00,2010-06-14 00:00:00,93,2010-06-14 00:00:00,92,92.25,2,1200,110600,2010-06-14 00:00:00,1
2010-06-17 00:00:00,2010-06-17 00:00:00,85,2010-06-17 00:00:00,85,85,1,1000,85000,2010-06-17 00:00:00,1
2010-06-21 00:00:00,2010-06-21 00:00:00,86.25,2010-06-21 00:00:00,85,85.5,4,700,59925,2010-06-21 00:00:00,1
2010-06-22 00:00:00,2010-06-22 00:00:00,85.5,2010-06-22 00:00:00,85,85,6,8500,722650,2010-06-22 00:00:00,1
2010-06-23 00:00:00,2010-06-23 00:00:00,92,2010-06-23 00:00:00,87,88.25,18,26400,2341925,2010-06-23 00:00:00,1
2010-06-30 00:00:00,2010-06-30 00:00:00,90,2010-06-30 00:00:00,90,90,1,500,45000,2010-06-30 00:00:00,1
2010-07-01 00:00:00,2010-07-01 00:00:00,93,2010-07-01 00:00:00,90,90.5,2,1600,144900,2010-07-01 00:00:00,1
2010-07-02 00:00:00,2010-07-02 00:00:00,93,2010-07-02 00:00:00,92,92.25,2,500,46100,2010-07-02 00:00:00,1
2010-07-08 00:00:00,2010-07-08 00:00:00,92,2010-07-08 00:00:00,85,90,6,1100,98550,2010-07-08 00:00:00,1
2010-07-09 00:00:00,2010-07-09 00:00:00,92,2010-07-09 00:00:00,92,92,1,100,9200,2010-07-09 00:00:00,1
2010-07-13 00:00:00,2010-07-13 00:00:00,94,2010-07-13 00:00:00,92,92.5,4,2500,231325,2010-07-13 00:00:00,1
2010-07-14 00:00:00,2010-07-14 00:00:00,94,2010-07-14 00:00:00,93.75,94,2,200,18775,2010-07-14 00:00:00,1
2010-07-21 00:00:00,2010-07-21 00:00:00,99.75,2010-07-21 00:00:00,94,98.5,27,16600,1614400,2010-07-21 00:00:00,1
2010-07-26 00:00:00,2010-07-26 00:00:00,97,2010-07-26 00:00:00,97,97,1,100,9700,2010-07-26 00:00:00,1
2010-07-28 00:00:00,2010-07-28 00:00:00,114.75,2010-07-28 00:00:00,98,112,195,139800,15488150,2010-07-28 00:00:00,1
2010-07-29 00:00:00,2010-07-29 00:00:00,114,2010-07-29 00:00:00,109.75,111.75,16,12200,1367175,2010-07-29 00:00:00,1
2010-07-30 00:00:00,2010-07-30 00:00:00,110,2010-07-30 00:00:00,85,108.5,10,11400,1232825,2010-07-30 00:00:00,1
2010-08-02 00:00:00,2010-08-02 00:00:00,105,2010-08-02 00:00:00,100,100,7,3800,397450,2010-08-02 00:00:00,1
2010-08-03 00:00:00,2010-08-03 00:00:00,110,2010-08-03 00:00:00,85,104.5,16,3000,276620,2010-08-03 00:00:00,1
2010-08-11 00:00:00,2010-08-11 00:00:00,103,2010-08-11 00:00:00,94.1,94.1,8,2700,257350,2010-08-11 00:00:00,1
2010-08-12 00:00:00,2010-08-12 00:00:00,101.9,2010-08-12 00:00:00,100,100.6,3,300,30190,2010-08-12 00:00:00,1
2010-08-13 00:00:00,2010-08-13 00:00:00,100,2010-08-13 00:00:00,100,100,1,100,10000,2010-08-13 00:00:00,1
2010-08-16 00:00:00,2010-08-16 00:00:00,100,2010-08-16 00:00:00,90.1,99.7,5,5200,518200,2010-08-16 00:00:00,1
2010-08-17 00:00:00,2010-08-17 00:00:00,104.9,2010-08-17 00:00:00,104.9,104.9,2,500,52450,2010-08-17 00:00:00,1
2010-08-18 00:00:00,2010-08-18 00:00:00,101.9,2010-08-18 00:00:00,96,98.4,5,2500,246000,2010-08-18 00:00:00,1
2010-08-19 00:00:00,2010-08-19 00:00:00,100,2010-08-19 00:00:00,99.9,99.9,2,1300,129900,2010-08-19 00:00:00,1
2010-08-20 00:00:00,2010-08-20 00:00:00,101,2010-08-20 00:00:00,95,95,18,12700,1280620,2010-08-20 00:00:00,1
2010-08-23 00:00:00,2010-08-23 00:00:00,101.9,2010-08-23 00:00:00,95.1,95.1,2,600,60460,2010-08-23 00:00:00,1
2010-08-30 00:00:00,2010-08-30 00:00:00,95,2010-08-30 00:00:00,90.1,92.6,4,600,55530,2010-08-30 00:00:00,1
2010-08-31 00:00:00,2010-08-31 00:00:00,99.9,2010-08-31 00:00:00,99.9,99.9,1,200,19980,2010-08-31 00:00:00,1
2010-09-01 00:00:00,2010-09-01 00:00:00,101,2010-09-01 00:00:00,90,92,5,600,56100,2010-09-01 00:00:00,1
2010-09-02 00:00:00,2010-09-02 00:00:00,100,2010-09-02 00:00:00,96,98.7,10,1500,147200,2010-09-02 00:00:00,1
2010-09-03 00:00:00,2010-09-03 00:00:00,105,2010-09-03 00:00:00,100,100,21,496300,49646650,2010-09-03 00:00:00,1
2010-09-07 00:00:00,2010-09-07 00:00:00,95,2010-09-07 00:00:00,95,95,2,1400,133000,2010-09-07 00:00:00,1
2010-09-08 00:00:00,2010-09-08 00:00:00,100,2010-09-08 00:00:00,96.5,98.4,24,13500,1328650,2010-09-08 00:00:00,1
2010-09-09 00:00:00,2010-09-09 00:00:00,103,2010-09-09 00:00:00,100,102.6,6,5800,595100,2010-09-09 00:00:00,1
2010-09-13 00:00:00,2010-09-13 00:00:00,105,2010-09-13 00:00:00,95,98.3,5,2000,199930,2010-09-13 00:00:00,1
2010-09-14 00:00:00,2010-09-14 00:00:00,104,2010-09-14 00:00:00,95,96.5,2,600,57900,2010-09-14 00:00:00,1
2010-09-15 00:00:00,2010-09-15 00:00:00,105,2010-09-15 00:00:00,95.1,101,7,2100,208300,2010-09-15 00:00:00,1
2010-09-16 00:00:00,2010-09-16 00:00:00,104,2010-09-16 00:00:00,95.1,99.6,9,3100,317410,2010-09-16 00:00:00,1
2010-09-17 00:00:00,2010-09-17 00:00:00,104,2010-09-17 00:00:00,100,104,4,1100,113600,2010-09-17 00:00:00,1
2010-09-20 00:00:00,2010-09-20 00:00:00,109,2010-09-20 00:00:00,102,105.2,26,10100,1077110,2010-09-20 00:00:00,1
2010-09-21 00:00:00,2010-09-21 00:00:00,110,2010-09-21 00:00:00,100,100,8,4200,429990,2010-09-21 00:00:00,1
2010-09-24 00:00:00,2010-09-24 00:00:00,107.9,2010-09-24 00:00:00,101,105,7,1800,188800,2010-09-24 00:00:00,1
2010-09-27 00:00:00,2010-09-27 00:00:00,108,2010-09-27 00:00:00,100,104.9,10,3700,380640,2010-09-27 00:00:00,1
2010-09-28 00:00:00,2010-09-28 00:00:00,102,2010-09-28 00:00:00,102,102,3,600,61200,2010-09-28 00:00:00,1
2010-09-29 00:00:00,2010-09-29 00:00:00,98,2010-09-29 00:00:00,98,98,1,500,49000,2010-09-29 00:00:00,1
2010-09-30 00:00:00,2010-09-30 00:00:00,107,2010-09-30 00:00:00,100,100,5,3400,340700,2010-09-30 00:00:00,1
2010-10-01 00:00:00,2010-10-01 00:00:00,98.1,2010-10-01 00:00:00,98.1,98.1,2,600,58860,2010-10-01 00:00:00,1
2010-10-04 00:00:00,2010-10-04 00:00:00,100.5,2010-10-04 00:00:00,100,100,3,1200,120150,2010-10-04 00:00:00,1
2010-10-05 00:00:00,2010-10-05 00:00:00,99,2010-10-05 00:00:00,98.6,98.6,3,1100,108580,2010-10-05 00:00:00,1
2010-10-06 00:00:00,2010-10-06 00:00:00,98.5,2010-10-06 00:00:00,98.5,98.5,1,300,29550,2010-10-06 00:00:00,1
2010-10-07 00:00:00,2010-10-07 00:00:00,98.5,2010-10-07 00:00:00,95,95.7,9,6600,631470,2010-10-07 00:00:00,1
2010-10-11 00:00:00,2010-10-11 00:00:00,105,2010-10-11 00:00:00,100,101.2,4,800,80990,2010-10-11 00:00:00,1
2010-10-12 00:00:00,2010-10-12 00:00:00,102,2010-10-12 00:00:00,98,102,5,5100,519400,2010-10-12 00:00:00,1
2010-10-13 00:00:00,2010-10-13 00:00:00,105,2010-10-13 00:00:00,95,103.2,9,6300,643300,2010-10-13 00:00:00,1
2010-10-14 00:00:00,2010-10-14 00:00:00,105,2010-10-14 00:00:00,105,105,1,200,21000,2010-10-14 00:00:00,1
2010-10-15 00:00:00,2010-10-15 00:00:00,104,2010-10-15 00:00:00,104,104,2,1000,104000,2010-10-15 00:00:00,1
2010-10-20 00:00:00,2010-10-20 00:00:00,98,2010-10-20 00:00:00,98,98,1,500,49000,2010-10-20 00:00:00,1
2010-10-21 00:00:00,2010-10-21 00:00:00,100,2010-10-21 00:00:00,100,100,1,100,10000,2010-10-21 00:00:00,1
2010-10-25 00:00:00,2010-10-25 00:00:00,98,2010-10-25 00:00:00,98,98,2,500,49000,2010-10-25 00:00:00,1
2010-10-27 00:00:00,2010-10-27 00:00:00,103,2010-10-27 00:00:00,96,103,9,7300,714150,2010-10-27 00:00:00,1
2010-10-28 00:00:00,2010-10-28 00:00:00,104.9,2010-10-28 00:00:00,104.8,104.9,3,300,31460,2010-10-28 00:00:00,1
2010-10-29 00:00:00,2010-10-29 00:00:00,108,2010-10-29 00:00:00,104,105.1,5,2100,220700,2010-10-29 00:00:00,1
2010-11-01 00:00:00,2010-11-01 00:00:00,108,2010-11-01 00:00:00,108,108,1,100,10800,2010-11-01 00:00:00,1
2010-11-02 00:00:00,2010-11-02 00:00:00,105,2010-11-02 00:00:00,98.1,103.8,3,600,62300,2010-11-02 00:00:00,1
2010-11-03 00:00:00,2010-11-03 00:00:00,100,2010-11-03 00:00:00,100,100,2,500,50000,2010-11-03 00:00:00,1
2010-11-04 00:00:00,2010-11-04 00:00:00,100,2010-11-04 00:00:00,100,100,1,1000,100000,2010-11-04 00:00:00,1
2010-11-09 00:00:00,2010-11-09 00:00:00,100,2010-11-09 00:00:00,98.5,100,2,700,69250,2010-11-09 00:00:00,1
2010-11-12 00:00:00,2010-11-12 00:00:00,100,2010-11-12 00:00:00,98.5,100,2,400,39550,2010-11-12 00:00:00,1
2010-11-15 00:00:00,2010-11-15 00:00:00,98.5,2010-11-15 00:00:00,95,95.1,8,11900,1134980,2010-11-15 00:00:00,1
2010-11-18 00:00:00,2010-11-18 00:00:00,99.8,2010-11-18 00:00:00,99.8,99.8,1,100,9980,2010-11-18 00:00:00,1
2010-11-22 00:00:00,2010-11-22 00:00:00,95.1,2010-11-22 00:00:00,95.1,95.1,4,1000,95100,2010-11-22 00:00:00,1
2010-11-23 00:00:00,2010-11-23 00:00:00,95.5,2010-11-23 00:00:00,95.5,95.5,2,600,57300,2010-11-23 00:00:00,1
2010-11-25 00:00:00,2010-11-25 00:00:00,94.5,2010-11-25 00:00:00,94.1,94.4,4,700,66110,2010-11-25 00:00:00,1
2010-11-29 00:00:00,2010-11-29 00:00:00,94.1,2010-11-29 00:00:00,94.1,94.1,3,400,37640,2010-11-29 00:00:00,1
2010-11-30 00:00:00,2010-11-30 00:00:00,110,2010-11-30 00:00:00,100,105,21,391600,41114470,2010-11-30 00:00:00,1
2010-12-01 00:00:00,2010-12-01 00:00:00,107,2010-12-01 00:00:00,107,107,2,1000,107000,2010-12-01 00:00:00,1
2010-12-02 00:00:00,2010-12-02 00:00:00,101,2010-12-02 00:00:00,101,101,1,1000,101000,2010-12-02 00:00:00,1
2010-12-03 00:00:00,2010-12-03 00:00:00,102,2010-12-03 00:00:00,102,102,3,400,40800,2010-12-03 00:00:00,1
2010-12-06 00:00:00,2010-12-06 00:00:00,102,2010-12-06 00:00:00,95,100.2,3,800,80180,2010-12-06 00:00:00,1
2010-12-07 00:00:00,2010-12-07 00:00:00,102,2010-12-07 00:00:00,101.9,101.9,4,800,81550,2010-12-07 00:00:00,1
2010-12-16 00:00:00,2010-12-16 00:00:00,94.5,2010-12-16 00:00:00,94.5,94.5,1,200,18900,2010-12-16 00:00:00,1
Company Id,:  SING,Security,Type :  N,Sub Type,:  0000,,,,,
Short Name,:  SINGALANKA,,,,,,,,,
Day,Date High,High,Date Low,Low,Closing,No. of Trades,No. of Shares,Turnover,Last Traded,Days Traded
2010-01-15 00:00:00,2010-01-15 00:00:00,75,2010-01-15 00:00:00,75,75,1,100,7500,2010-01-15 00:00:00,1
2010-02-03 00:00:00,2010-02-03 00:00:00,90,2010-02-03 00:00:00,90,90,1,100,9000,2010-02-03 00:00:00,1
2010-02-10 00:00:00,2010-02-10 00:00:00,96.25,2010-02-10 00:00:00,96,96,2,1000,96025,2010-02-10 00:00:00,1
2010-02-15 00:00:00,2010-02-15 00:00:00,140,2010-02-15 00:00:00,140,140,1,100,14000,2010-02-15 00:00:00,1
2010-02-22 00:00:00,2010-02-22 00:00:00,140,2010-02-22 00:00:00,134.75,137.5,2,200,27475,2010-02-22 00:00:00,1
2010-02-25 00:00:00,2010-02-25 00:00:00,170,2010-02-25 00:00:00,160,163.25,3,300,49000,2010-02-25 00:00:00,1
2010-02-26 00:00:00,2010-02-26 00:00:00,175,2010-02-26 00:00:00,175,175,1,200,35000,2010-02-26 00:00:00,1
2010-03-05 00:00:00,2010-03-05 00:00:00,160,2010-03-05 00:00:00,87.5,90.25,4,7500,676950,2010-03-05 00:00:00,1
2010-03-11 00:00:00,2010-03-11 00:00:00,135,2010-03-11 00:00:00,115,125.25,4,400,50100,2010-03-11 00:00:00,1
2010-03-16 00:00:00,2010-03-16 00:00:00,165,2010-03-16 00:00:00,75,156.75,9,7800,628925,2010-03-16 00:00:00,1
2010-03-17 00:00:00,2010-03-17 00:00:00,175,2010-03-17 00:00:00,160,171,5,500,85500,2010-03-17 00:00:00,1
2010-03-18 00:00:00,2010-03-18 00:00:00,190,2010-03-18 00:00:00,175,190,4,400,73000,2010-03-18 00:00:00,1
2010-03-19 00:00:00,2010-03-19 00:00:00,110,2010-03-19 00:00:00,100,110,3,300,31550,2010-03-19 00:00:00,1
2010-03-25 00:00:00,2010-03-25 00:00:00,145,2010-03-25 00:00:00,145,145,1,100,14500,2010-03-25 00:00:00,1
2010-03-26 00:00:00,2010-03-26 00:00:00,150,2010-03-26 00:00:00,150,150,1,600,90000,2010-03-26 00:00:00,1
2010-03-31 00:00:00,2010-03-31 00:00:00,160,2010-03-31 00:00:00,160,160,1,500,80000,2010-03-31 00:00:00,1
2010-04-20 00:00:00,2010-04-20 00:00:00,184,2010-04-20 00:00:00,180,182,2,200,36400,2010-04-20 00:00:00,1
2010-04-21 00:00:00,2010-04-21 00:00:00,180,2010-04-21 00:00:00,180,180,1,100,18000,2010-04-21 00:00:00,1
2010-04-22 00:00:00,2010-04-22 00:00:00,190,2010-04-22 00:00:00,185,187.5,2,200,37500,2010-04-22 00:00:00,1
2010-05-17 00:00:00,2010-05-17 00:00:00,150,2010-05-17 00:00:00,150,150,1,100,15000,2010-05-17 00:00:00,1
2010-06-01 00:00:00,2010-06-01 00:00:00,190,2010-06-01 00:00:00,190,190,1,100,19000,2010-06-01 00:00:00,1
2010-06-30 00:00:00,2010-06-30 00:00:00,180,2010-06-30 00:00:00,180,180,1,300,54000,2010-06-30 00:00:00,1
2010-07-19 00:00:00,2010-07-19 00:00:00,183,2010-07-19 00:00:00,182,182.25,3,300,54700,2010-07-19 00:00:00,1
2010-07-20 00:00:00,2010-07-20 00:00:00,110,2010-07-20 00:00:00,102,102.25,2,7500,766600,2010-07-20 00:00:00,1
2010-07-21 00:00:00,2010-07-21 00:00:00,150,2010-07-21 00:00:00,150,150,1,100,15000,2010-07-21 00:00:00,1
2010-07-23 00:00:00,2010-07-23 00:00:00,150.5,2010-07-23 00:00:00,150.5,150.5,1,100,15050,2010-07-23 00:00:00,1
2010-07-26 00:00:00,2010-07-26 00:00:00,155,2010-07-26 00:00:00,155,155,1,100,15500,2010-07-26 00:00:00,1
2010-07-27 00:00:00,2010-07-27 00:00:00,155,2010-07-27 00:00:00,155,155,1,100,15500,2010-07-27 00:00:00,1
2010-08-04 00:00:00,2010-08-04 00:00:00,161,2010-08-04 00:00:00,161,161,1,100,16100,2010-08-04 00:00:00,1
2010-08-18 00:00:00,2010-08-18 00:00:00,165,2010-08-18 00:00:00,165,165,1,100,16500,2010-08-18 00:00:00,1
2010-08-19 00:00:00,2010-08-19 00:00:00,166,2010-08-19 00:00:00,165,166,2,1200,198100,2010-08-19 00:00:00,1
2010-08-20 00:00:00,2010-08-20 00:00:00,180,2010-08-20 00:00:00,180,180,1,100,18000,2010-08-20 00:00:00,1
2010-08-23 00:00:00,2010-08-23 00:00:00,198,2010-08-23 00:00:00,197,198,4,1300,257100,2010-08-23 00:00:00,1
2010-08-25 00:00:00,2010-08-25 00:00:00,217,2010-08-25 00:00:00,217,217,1,200,43400,2010-08-25 00:00:00,1
2010-08-26 00:00:00,2010-08-26 00:00:00,235,2010-08-26 00:00:00,235,235,1,100,23500,2010-08-26 00:00:00,1
2010-08-27 00:00:00,2010-08-27 00:00:00,215.2,2010-08-27 00:00:00,215,215.2,2,700,150540,2010-08-27 00:00:00,1
2010-08-30 00:00:00,2010-08-30 00:00:00,216,2010-08-30 00:00:00,216,216,2,200,43200,2010-08-30 00:00:00,1
2010-09-01 00:00:00,2010-09-01 00:00:00,200,2010-09-01 00:00:00,195,200,2,200,39500,2010-09-01 00:00:00,1
2010-09-02 00:00:00,2010-09-02 00:00:00,195,2010-09-02 00:00:00,180.1,192.5,4,500,93020,2010-09-02 00:00:00,1
2010-09-06 00:00:00,2010-09-06 00:00:00,200,2010-09-06 00:00:00,174,200,2,200,37400,2010-09-06 00:00:00,1
2010-09-07 00:00:00,2010-09-07 00:00:00,190,2010-09-07 00:00:00,180,181.1,3,1500,271600,2010-09-07 00:00:00,1
2010-09-20 00:00:00,2010-09-20 00:00:00,210,2010-09-20 00:00:00,210,210,1,100,21000,2010-09-20 00:00:00,1
2010-09-21 00:00:00,2010-09-21 00:00:00,210,2010-09-21 00:00:00,210,210,1,100,21000,2010-09-21 00:00:00,1
2010-09-24 00:00:00,2010-09-24 00:00:00,165,2010-09-24 00:00:00,165,165,1,100,16500,2010-09-24 00:00:00,1
2010-09-27 00:00:00,2010-09-27 00:00:00,185,2010-09-27 00:00:00,180,182.5,3,600,109500,2010-09-27 00:00:00,1
2010-09-28 00:00:00,2010-09-28 00:00:00,175,2010-09-28 00:00:00,175,175,1,100,17500,2010-09-28 00:00:00,1
2010-09-29 00:00:00,2010-09-29 00:00:00,220,2010-09-29 00:00:00,190,220,4,500,105000,2010-09-29 00:00:00,1
2010-10-12 00:00:00,2010-10-12 00:00:00,200,2010-10-12 00:00:00,200,200,1,100,20000,2010-10-12 00:00:00,1
2010-10-18 00:00:00,2010-10-18 00:00:00,170,2010-10-18 00:00:00,170,170,1,100,17000,2010-10-18 00:00:00,1
2010-10-20 00:00:00,2010-10-20 00:00:00,195,2010-10-20 00:00:00,195,195,1,100,19500,2010-10-20 00:00:00,1
2010-10-26 00:00:00,2010-10-26 00:00:00,190,2010-10-26 00:00:00,190,190,2,200,38000,2010-10-26 00:00:00,1
2010-10-27 00:00:00,2010-10-27 00:00:00,205,2010-10-27 00:00:00,205,205,1,100,20500,2010-10-27 00:00:00,1
2010-11-25 00:00:00,2010-11-25 00:00:00,199.9,2010-11-25 00:00:00,199.9,199.9,1,100,19990,2010-11-25 00:00:00,1
2010-11-26 00:00:00,2010-11-26 00:00:00,185,2010-11-26 00:00:00,185,185,1,100,18500,2010-11-26 00:00:00,1
Company Id,:  SINI,Security,Type :  N,Sub Type,:  0000,,,,,
Short Name,:  SINGER IND.,,,,,,,,,
Day,Date High,High,Date Low,Low,Closing,No. of Trades,No. of Shares,Turnover,Last Traded,Days Traded
2010-01-18 00:00:00,2010-01-18 00:00:00,88,2010-01-18 00:00:00,88,88,1,500,44000,2010-01-18 00:00:00,1
2010-02-05 00:00:00,2010-02-05 00:00:00,88,2010-02-05 00:00:00,80.25,86,3,400,34400,2010-02-05 00:00:00,1
2010-02-10 00:00:00,2010-02-10 00:00:00,82.75,2010-02-10 00:00:00,82.75,82.75,1,100,8275,2010-02-10 00:00:00,1
2010-02-18 00:00:00,2010-02-18 00:00:00,90,2010-02-18 00:00:00,90,90,2,500,45000,2010-02-18 00:00:00,1
2010-02-24 00:00:00,2010-02-24 00:00:00,90,2010-02-24 00:00:00,90,90,1,200,18000,2010-02-24 00:00:00,1
2010-02-26 00:00:00,2010-02-26 00:00:00,110,2010-02-26 00:00:00,105,108.25,5,1200,130000,2010-02-26 00:00:00,1
2010-03-01 00:00:00,2010-03-01 00:00:00,125,2010-03-01 00:00:00,109,125,18,3800,439625,2010-03-01 00:00:00,1
2010-03-17 00:00:00,2010-03-17 00:00:00,84,2010-03-17 00:00:00,84,84,1,100,8400,2010-03-17 00:00:00,1
2010-04-12 00:00:00,2010-04-12 00:00:00,92,2010-04-12 00:00:00,92,92,1,500,46000,2010-04-12 00:00:00,1
2010-04-23 00:00:00,2010-04-23 00:00:00,105,2010-04-23 00:00:00,94,102.25,14,2600,260375,2010-04-23 00:00:00,1
2010-04-29 00:00:00,2010-04-29 00:00:00,95,2010-04-29 00:00:00,95,95,1,100,9500,2010-04-29 00:00:00,1
2010-05-04 00:00:00,2010-05-04 00:00:00,110,2010-05-04 00:00:00,110,110,1,100,11000,2010-05-04 00:00:00,1
2010-05-05 00:00:00,2010-05-05 00:00:00,109.75,2010-05-05 00:00:00,100,102.75,3,700,71950,2010-05-05 00:00:00,1
2010-05-06 00:00:00,2010-05-06 00:00:00,102.75,2010-05-06 00:00:00,102.75,102.75,2,200,20550,2010-05-06 00:00:00,1
2010-05-07 00:00:00,2010-05-07 00:00:00,100,2010-05-07 00:00:00,100,100,2,300,30000,2010-05-07 00:00:00,1
2010-05-17 00:00:00,2010-05-17 00:00:00,114,2010-05-17 00:00:00,100,108.5,4,500,54200,2010-05-17 00:00:00,1
2010-05-20 00:00:00,2010-05-20 00:00:00,108.25,2010-05-20 00:00:00,108,108,3,1200,129650,2010-05-20 00:00:00,1
2010-05-24 00:00:00,2010-05-24 00:00:00,100.25,2010-05-24 00:00:00,99.25,99.75,2,500,49825,2010-05-24 00:00:00,1
2010-06-02 00:00:00,2010-06-02 00:00:00,120,2010-06-02 00:00:00,105,117.75,6,700,82500,2010-06-02 00:00:00,1
2010-06-03 00:00:00,2010-06-03 00:00:00,134.75,2010-06-03 00:00:00,119,121.25,4,700,84875,2010-06-03 00:00:00,1
2010-06-04 00:00:00,2010-06-04 00:00:00,120,2010-06-04 00:00:00,120,120,3,900,108000,2010-06-04 00:00:00,1
2010-06-10 00:00:00,2010-06-10 00:00:00,115,2010-06-10 00:00:00,115,115,1,500,57500,2010-06-10 00:00:00,1
2010-06-22 00:00:00,2010-06-22 00:00:00,115,2010-06-22 00:00:00,115,115,1,200,23000,2010-06-22 00:00:00,1
2010-07-02 00:00:00,2010-07-02 00:00:00,115.25,2010-07-02 00:00:00,115.25,115.25,1,100,11525,2010-07-02 00:00:00,1
2010-07-05 00:00:00,2010-07-05 00:00:00,124.75,2010-07-05 00:00:00,124.75,124.75,1,100,12475,2010-07-05 00:00:00,1
2010-07-09 00:00:00,2010-07-09 00:00:00,119,2010-07-09 00:00:00,115,115,5,900,103900,2010-07-09 00:00:00,1
2010-07-20 00:00:00,2010-07-20 00:00:00,120,2010-07-20 00:00:00,120,120,1,1000,120000,2010-07-20 00:00:00,1
2010-07-23 00:00:00,2010-07-23 00:00:00,118,2010-07-23 00:00:00,115,115,3,300,34800,2010-07-23 00:00:00,1
2010-07-30 00:00:00,2010-07-30 00:00:00,124.75,2010-07-30 00:00:00,115,124,7,1100,133575,2010-07-30 00:00:00,1
2010-08-05 00:00:00,2010-08-05 00:00:00,112,2010-08-05 00:00:00,112,112,2,300,33600,2010-08-05 00:00:00,1
2010-08-17 00:00:00,2010-08-17 00:00:00,123,2010-08-17 00:00:00,122.4,122.4,2,200,24540,2010-08-17 00:00:00,1
2010-08-19 00:00:00,2010-08-19 00:00:00,122.5,2010-08-19 00:00:00,122.4,122.5,4,400,48990,2010-08-19 00:00:00,1
2010-08-25 00:00:00,2010-08-25 00:00:00,123,2010-08-25 00:00:00,123,123,2,200,24600,2010-08-25 00:00:00,1
2010-09-07 00:00:00,2010-09-07 00:00:00,130,2010-09-07 00:00:00,130,130,1,100,13000,2010-09-07 00:00:00,1
2010-09-09 00:00:00,2010-09-09 00:00:00,130,2010-09-09 00:00:00,125,126.1,4,12000,1513500,2010-09-09 00:00:00,1
2010-09-13 00:00:00,2010-09-13 00:00:00,138.1,2010-09-13 00:00:00,130,130.5,7,2000,260810,2010-09-13 00:00:00,1
2010-09-14 00:00:00,2010-09-14 00:00:00,143.5,2010-09-14 00:00:00,135,143.3,11,2000,276200,2010-09-14 00:00:00,1
2010-09-15 00:00:00,2010-09-15 00:00:00,157,2010-09-15 00:00:00,150,157,2,200,30700,2010-09-15 00:00:00,1
2010-09-16 00:00:00,2010-09-16 00:00:00,172.5,2010-09-16 00:00:00,170,171.7,6,700,120500,2010-09-16 00:00:00,1
2010-09-17 00:00:00,2010-09-17 00:00:00,188.8,2010-09-17 00:00:00,169.9,169.9,17,9400,1654610,2010-09-17 00:00:00,1
2010-09-21 00:00:00,2010-09-21 00:00:00,200,2010-09-21 00:00:00,169,172.3,13,1700,292900,2010-09-21 00:00:00,1
2010-09-23 00:00:00,2010-09-23 00:00:00,230,2010-09-23 00:00:00,199,199,3,400,85800,2010-09-23 00:00:00,1
2010-09-24 00:00:00,2010-09-24 00:00:00,190,2010-09-24 00:00:00,165.3,166,33,8300,1381220,2010-09-24 00:00:00,1
2010-09-27 00:00:00,2010-09-27 00:00:00,168,2010-09-27 00:00:00,168,168,2,300,50400,2010-09-27 00:00:00,1
2010-09-28 00:00:00,2010-09-28 00:00:00,166,2010-09-28 00:00:00,166,166,2,500,83000,2010-09-28 00:00:00,1
2010-09-29 00:00:00,2010-09-29 00:00:00,150,2010-09-29 00:00:00,150,150,2,200,30000,2010-09-29 00:00:00,1
2010-09-30 00:00:00,2010-09-30 00:00:00,150,2010-09-30 00:00:00,150,150,1,200,30000,2010-09-30 00:00:00,1
2010-10-01 00:00:00,2010-10-01 00:00:00,150,2010-10-01 00:00:00,150,150,2,300,45000,2010-10-01 00:00:00,1
2010-10-04 00:00:00,2010-10-04 00:00:00,150,2010-10-04 00:00:00,140,150,5,1000,141000,2010-10-04 00:00:00,1
2010-10-07 00:00:00,2010-10-07 00:00:00,141,2010-10-07 00:00:00,140,140.5,2,200,28100,2010-10-07 00:00:00,1
2010-10-12 00:00:00,2010-10-12 00:00:00,140,2010-10-12 00:00:00,120,130.1,4,800,104100,2010-10-12 00:00:00,1
2010-10-18 00:00:00,2010-10-18 00:00:00,150,2010-10-18 00:00:00,130.1,140.5,10,2300,321120,2010-10-18 00:00:00,1
2010-10-20 00:00:00,2010-10-20 00:00:00,149,2010-10-20 00:00:00,130.1,139.1,7,2100,292120,2010-10-20 00:00:00,1
2010-10-21 00:00:00,2010-10-21 00:00:00,145,2010-10-21 00:00:00,145,145,1,200,29000,2010-10-21 00:00:00,1
2010-10-29 00:00:00,2010-10-29 00:00:00,155,2010-10-29 00:00:00,155,155,1,100,15500,2010-10-29 00:00:00,1
2010-11-01 00:00:00,2010-11-01 00:00:00,150,2010-11-01 00:00:00,150,150,1,100,15000,2010-11-01 00:00:00,1
2010-11-03 00:00:00,2010-11-03 00:00:00,135,2010-11-03 00:00:00,135,135,1,100,13500,2010-11-03 00:00:00,1
2010-11-11 00:00:00,2010-11-11 00:00:00,125,2010-11-11 00:00:00,125,125,1,200,25000,2010-11-11 00:00:00,1
2010-11-12 00:00:00,2010-11-12 00:00:00,120,2010-11-12 00:00:00,120,120,1,200,24000,2010-11-12 00:00:00,1
2010-11-16 00:00:00,2010-11-16 00:00:00,135.9,2010-11-16 00:00:00,130,133,2,200,26590,2010-11-16 00:00:00,1
2010-11-18 00:00:00,2010-11-18 00:00:00,130,2010-11-18 00:00:00,130,130,7,1000,130000,2010-11-18 00:00:00,1
2010-11-23 00:00:00,2010-11-23 00:00:00,130,2010-11-23 00:00:00,130,130,1,200,26000,2010-11-23 00:00:00,1
2010-11-26 00:00:00,2010-11-26 00:00:00,103.6,2010-11-26 00:00:00,103.6,103.6,1,300,31080,2010-11-26 00:00:00,1
2010-11-30 00:00:00,2010-11-30 00:00:00,149,2010-11-30 00:00:00,130,139.5,4,600,79900,2010-11-30 00:00:00,1
2010-12-07 00:00:00,2010-12-07 00:00:00,140,2010-12-07 00:00:00,140,140,1,100,14000,2010-12-07 00:00:00,1
2010-12-14 00:00:00,2010-12-14 00:00:00,115.1,2010-12-14 00:00:00,115,115.1,2,1100,126600,2010-12-14 00:00:00,1
2010-12-16 00:00:00,2010-12-16 00:00:00,115,2010-12-16 00:00:00,115,115,1,100,11500,2010-12-16 00:00:00,1
2010-12-17 00:00:00,2010-12-17 00:00:00,115.1,2010-12-17 00:00:00,115.1,115.1,1,100,11510,2010-12-17 00:00:00,1
2010-12-21 00:00:00,2010-12-21 00:00:00,130,2010-12-21 00:00:00,125,130,4,400,51450,2010-12-21 00:00:00,1
2010-12-28 00:00:00,2010-12-28 00:00:00,135,2010-12-28 00:00:00,135,135,4,500,67500,2010-12-28 00:00:00,1
2010-12-29 00:00:00,2010-12-29 00:00:00,139,2010-12-29 00:00:00,137.5,138.3,4,700,96500,2010-12-29 00:00:00,1
2010-12-30 00:00:00,2010-12-30 00:00:00,144,2010-12-30 00:00:00,144,144,1,100,14400,2010-12-30 00:00:00,1
Company Id,:  SINS,Security,Type :  N,Sub Type,:  0000,,,,,
Short Name,:  SINGER SRI LANKA,,,,,,,,,
Day,Date High,High,Date Low,Low,Closing,No. of Trades,No. of Shares,Turnover,Last Traded,Days Traded
2010-01-04 00:00:00,2010-01-04 00:00:00,82,2010-01-04 00:00:00,76,79.5,14,3100,244775,2010-01-04 00:00:00,1
2010-01-05 00:00:00,2010-01-05 00:00:00,82,2010-01-05 00:00:00,79.5,80,12,14700,1170800,2010-01-05 00:00:00,1
2010-01-06 00:00:00,2010-01-06 00:00:00,85,2010-01-06 00:00:00,79,79,19,29300,2330450,2010-01-06 00:00:00,1
2010-01-08 00:00:00,2010-01-08 00:00:00,77,2010-01-08 00:00:00,77,77,2,500,38500,2010-01-08 00:00:00,1
2010-01-11 00:00:00,2010-01-11 00:00:00,77,2010-01-11 00:00:00,77,77,1,500,38500,2010-01-11 00:00:00,1
2010-01-12 00:00:00,2010-01-12 00:00:00,77,2010-01-12 00:00:00,76,77,3,2600,199100,2010-01-12 00:00:00,1
2010-01-13 00:00:00,2010-01-13 00:00:00,79.25,2010-01-13 00:00:00,77,77,7,3000,232750,2010-01-13 00:00:00,1
2010-01-15 00:00:00,2010-01-15 00:00:00,82,2010-01-15 00:00:00,79,81.5,35,22000,1767925,2010-01-15 00:00:00,1
2010-01-18 00:00:00,2010-01-18 00:00:00,84,2010-01-18 00:00:00,80,82.5,10,3500,286825,2010-01-18 00:00:00,1
2010-01-19 00:00:00,2010-01-19 00:00:00,80,2010-01-19 00:00:00,79,79,10,3900,311600,2010-01-19 00:00:00,1
2010-01-22 00:00:00,2010-01-22 00:00:00,79,2010-01-22 00:00:00,78.5,79,3,3400,268400,2010-01-22 00:00:00,1
2010-01-25 00:00:00,2010-01-25 00:00:00,79,2010-01-25 00:00:00,79,79,1,1000,79000,2010-01-25 00:00:00,1
2010-01-26 00:00:00,2010-01-26 00:00:00,79,2010-01-26 00:00:00,79,79,2,700,55300,2010-01-26 00:00:00,1
2010-01-28 00:00:00,2010-01-28 00:00:00,79.75,2010-01-28 00:00:00,76.75,78,15,39300,3064350,2010-01-28 00:00:00,1
2010-02-01 00:00:00,2010-02-01 00:00:00,84,2010-02-01 00:00:00,78,83,7,3100,250500,2010-02-01 00:00:00,1
2010-02-02 00:00:00,2010-02-02 00:00:00,85,2010-02-02 00:00:00,82,83,5,1600,132800,2010-02-02 00:00:00,1
2010-02-03 00:00:00,2010-02-03 00:00:00,80,2010-02-03 00:00:00,78.5,78.5,6,2500,197500,2010-02-03 00:00:00,1
2010-02-05 00:00:00,2010-02-05 00:00:00,82.75,2010-02-05 00:00:00,78,79.75,17,6500,519725,2010-02-05 00:00:00,1
2010-02-08 00:00:00,2010-02-08 00:00:00,85.5,2010-02-08 00:00:00,80,82.5,26,38000,3222300,2010-02-08 00:00:00,1
2010-02-11 00:00:00,2010-02-11 00:00:00,75.5,2010-02-11 00:00:00,75.5,75.5,1,100,7550,2010-02-11 00:00:00,1
2010-02-12 00:00:00,2010-02-12 00:00:00,76,2010-02-12 00:00:00,76,76,1,100,7600,2010-02-12 00:00:00,1
2010-02-15 00:00:00,2010-02-15 00:00:00,74,2010-02-15 00:00:00,74,74,1,200,14800,2010-02-15 00:00:00,1
2010-02-17 00:00:00,2010-02-17 00:00:00,75,2010-02-17 00:00:00,75,75,5,4000,300000,2010-02-17 00:00:00,1
2010-02-18 00:00:00,2010-02-18 00:00:00,75,2010-02-18 00:00:00,75,75,2,1000,75000,2010-02-18 00:00:00,1
2010-02-19 00:00:00,2010-02-19 00:00:00,77.25,2010-02-19 00:00:00,75,77,3,1700,130125,2010-02-19 00:00:00,1
2010-02-23 00:00:00,2010-02-23 00:00:00,80,2010-02-23 00:00:00,78,78.5,11,9500,745100,2010-02-23 00:00:00,1
2010-02-24 00:00:00,2010-02-24 00:00:00,79,2010-02-24 00:00:00,78,78.75,2,800,62900,2010-02-24 00:00:00,1
2010-02-25 00:00:00,2010-02-25 00:00:00,79,2010-02-25 00:00:00,79,79,2,300,23700,2010-02-25 00:00:00,1
2010-02-26 00:00:00,2010-02-26 00:00:00,82,2010-02-26 00:00:00,79.25,80,6,5600,448675,2010-02-26 00:00:00,1
2010-03-01 00:00:00,2010-03-01 00:00:00,84,2010-03-01 00:00:00,81,83.25,12,5000,415650,2010-03-01 00:00:00,1
2010-03-03 00:00:00,2010-03-03 00:00:00,84,2010-03-03 00:00:00,80,80.5,12,4200,351250,2010-03-03 00:00:00,1
2010-03-04 00:00:00,2010-03-04 00:00:00,78,2010-03-04 00:00:00,77,77,2,5800,451600,2010-03-04 00:00:00,1
2010-03-05 00:00:00,2010-03-05 00:00:00,83.75,2010-03-05 00:00:00,83.75,83.75,1,300,25125,2010-03-05 00:00:00,1
2010-03-08 00:00:00,2010-03-08 00:00:00,82.75,2010-03-08 00:00:00,77,82.75,2,700,56775,2010-03-08 00:00:00,1
2010-03-09 00:00:00,2010-03-09 00:00:00,77.5,2010-03-09 00:00:00,77.5,77.5,1,100,7750,2010-03-09 00:00:00,1
2010-03-11 00:00:00,2010-03-11 00:00:00,77,2010-03-11 00:00:00,76,76,6,1400,106675,2010-03-11 00:00:00,1
2010-03-12 00:00:00,2010-03-12 00:00:00,79,2010-03-12 00:00:00,79,79,1,100,7900,2010-03-12 00:00:00,1
2010-03-24 00:00:00,2010-03-24 00:00:00,73,2010-03-24 00:00:00,73,73,2,1000,73000,2010-03-24 00:00:00,1
2010-03-25 00:00:00,2010-03-25 00:00:00,73.5,2010-03-25 00:00:00,73,73,13,8100,592300,2010-03-25 00:00:00,1
2010-03-30 00:00:00,2010-03-30 00:00:00,75,2010-03-30 00:00:00,75,75,1,1000,75000,2010-03-30 00:00:00,1
2010-03-31 00:00:00,2010-03-31 00:00:00,75,2010-03-31 00:00:00,72.5,74,13,1900,140250,2010-03-31 00:00:00,1
2010-04-06 00:00:00,2010-04-06 00:00:00,80,2010-04-06 00:00:00,75,79,5,11400,860800,2010-04-06 00:00:00,1
2010-04-07 00:00:00,2010-04-07 00:00:00,79,2010-04-07 00:00:00,72.75,77,5,2900,222975,2010-04-07 00:00:00,1
2010-04-08 00:00:00,2010-04-08 00:00:00,78,2010-04-08 00:00:00,78,78,1,500,39000,2010-04-08 00:00:00,1
2010-04-15 00:00:00,2010-04-15 00:00:00,79.5,2010-04-15 00:00:00,76,77.25,4,1100,85050,2010-04-15 00:00:00,1
2010-04-16 00:00:00,2010-04-16 00:00:00,79,2010-04-16 00:00:00,77,77.75,7,2700,209675,2010-04-16 00:00:00,1
2010-04-19 00:00:00,2010-04-19 00:00:00,79.25,2010-04-19 00:00:00,78.25,78.5,6,9400,737475,2010-04-19 00:00:00,1
2010-04-20 00:00:00,2010-04-20 00:00:00,79.75,2010-04-20 00:00:00,79.5,79.75,2,500,39850,2010-04-20 00:00:00,1
2010-04-21 00:00:00,2010-04-21 00:00:00,84.75,2010-04-21 00:00:00,78.5,81.5,38,33700,2704650,2010-04-21 00:00:00,1
2010-04-22 00:00:00,2010-04-22 00:00:00,88,2010-04-22 00:00:00,80,85.5,75,67000,5707575,2010-04-22 00:00:00,1
2010-04-23 00:00:00,2010-04-23 00:00:00,94.75,2010-04-23 00:00:00,88,91.5,44,61800,5622325,2010-04-23 00:00:00,1
2010-04-26 00:00:00,2010-04-26 00:00:00,94.75,2010-04-26 00:00:00,90,90,9,2300,209200,2010-04-26 00:00:00,1
2010-04-27 00:00:00,2010-04-27 00:00:00,90,2010-04-27 00:00:00,90,90,6,1400,126000,2010-04-27 00:00:00,1
2010-04-29 00:00:00,2010-04-29 00:00:00,88.5,2010-04-29 00:00:00,88.5,88.5,1,100,8850,2010-04-29 00:00:00,1
2010-04-30 00:00:00,2010-04-30 00:00:00,89,2010-04-30 00:00:00,89,89,3,1000,89000,2010-04-30 00:00:00,1
2010-05-03 00:00:00,2010-05-03 00:00:00,89,2010-05-03 00:00:00,87,88.75,4,1300,115500,2010-05-03 00:00:00,1
2010-05-04 00:00:00,2010-05-04 00:00:00,89,2010-05-04 00:00:00,87,89,3,900,79475,2010-05-04 00:00:00,1
2010-05-05 00:00:00,2010-05-05 00:00:00,88.5,2010-05-05 00:00:00,87,87.5,5,4000,353100,2010-05-05 00:00:00,1
2010-05-06 00:00:00,2010-05-06 00:00:00,85,2010-05-06 00:00:00,85,85,1,100,8500,2010-05-06 00:00:00,1
2010-05-10 00:00:00,2010-05-10 00:00:00,87.75,2010-05-10 00:00:00,85,85,7,74000,6312125,2010-05-10 00:00:00,1
2010-05-11 00:00:00,2010-05-11 00:00:00,84,2010-05-11 00:00:00,84,84,2,2500,210000,2010-05-11 00:00:00,1
2010-05-12 00:00:00,2010-05-12 00:00:00,84.5,2010-05-12 00:00:00,84,84.25,4,7700,648725,2010-05-12 00:00:00,1
2010-05-13 00:00:00,2010-05-13 00:00:00,90,2010-05-13 00:00:00,84,89.5,18,30700,2651575,2010-05-13 00:00:00,1
2010-05-14 00:00:00,2010-05-14 00:00:00,93,2010-05-14 00:00:00,89,92.5,47,41100,3793275,2010-05-14 00:00:00,1
2010-05-17 00:00:00,2010-05-17 00:00:00,93,2010-05-17 00:00:00,92,92,17,6500,602225,2010-05-17 00:00:00,1
2010-05-18 00:00:00,2010-05-18 00:00:00,95,2010-05-18 00:00:00,88,92.25,14,52400,4872925,2010-05-18 00:00:00,1
2010-05-19 00:00:00,2010-05-19 00:00:00,93,2010-05-19 00:00:00,90,90,2,2700,243300,2010-05-19 00:00:00,1
2010-05-20 00:00:00,2010-05-20 00:00:00,90,2010-05-20 00:00:00,89,89.75,4,700,62800,2010-05-20 00:00:00,1
2010-05-21 00:00:00,2010-05-21 00:00:00,90,2010-05-21 00:00:00,89.25,89.75,10,6600,593375,2010-05-21 00:00:00,1
2010-05-24 00:00:00,2010-05-24 00:00:00,90,2010-05-24 00:00:00,90,90,11,7800,702000,2010-05-24 00:00:00,1
2010-05-25 00:00:00,2010-05-25 00:00:00,89,2010-05-25 00:00:00,89,89,3,700,62300,2010-05-25 00:00:00,1
2010-05-26 00:00:00,2010-05-26 00:00:00,90,2010-05-26 00:00:00,89,90,8,5600,503800,2010-05-26 00:00:00,1
2010-05-31 00:00:00,2010-05-31 00:00:00,90,2010-05-31 00:00:00,89.75,90,6,1500,134975,2010-05-31 00:00:00,1
2010-06-01 00:00:00,2010-06-01 00:00:00,102,2010-06-01 00:00:00,90,95.25,46,87500,8309575,2010-06-01 00:00:00,1
2010-06-02 00:00:00,2010-06-02 00:00:00,130,2010-06-02 00:00:00,100,115,136,67900,7730325,2010-06-02 00:00:00,1
2010-06-03 00:00:00,2010-06-03 00:00:00,135,2010-06-03 00:00:00,116,128.75,169,108500,13741600,2010-06-03 00:00:00,1
2010-06-04 00:00:00,2010-06-04 00:00:00,130,2010-06-04 00:00:00,127,127,18,6300,811600,2010-06-04 00:00:00,1
2010-06-07 00:00:00,2010-06-07 00:00:00,134,2010-06-07 00:00:00,127,127.25,14,8700,1120125,2010-06-07 00:00:00,1
2010-06-08 00:00:00,2010-06-08 00:00:00,126.25,2010-06-08 00:00:00,120,125.5,12,100400,12592250,2010-06-08 00:00:00,1
2010-06-10 00:00:00,2010-06-10 00:00:00,120,2010-06-10 00:00:00,118,119,6,1900,225675,2010-06-10 00:00:00,1
2010-06-11 00:00:00,2010-06-11 00:00:00,125,2010-06-11 00:00:00,118,119.5,12,8200,1010550,2010-06-11 00:00:00,1
2010-06-14 00:00:00,2010-06-14 00:00:00,125,2010-06-14 00:00:00,120,123.75,10,5800,710700,2010-06-14 00:00:00,1
2010-06-15 00:00:00,2010-06-15 00:00:00,125,2010-06-15 00:00:00,122,124.5,18,17600,2183300,2010-06-15 00:00:00,1
2010-06-16 00:00:00,2010-06-16 00:00:00,125,2010-06-16 00:00:00,123,124,15,19500,2430350,2010-06-16 00:00:00,1
2010-06-17 00:00:00,2010-06-17 00:00:00,124.75,2010-06-17 00:00:00,122,124,18,9000,1114975,2010-06-17 00:00:00,1
2010-06-21 00:00:00,2010-06-21 00:00:00,121,2010-06-21 00:00:00,121,121,3,15500,1875500,2010-06-21 00:00:00,1
2010-06-22 00:00:00,2010-06-22 00:00:00,121,2010-06-22 00:00:00,121,121,1,2100,254100,2010-06-22 00:00:00,1
2010-06-23 00:00:00,2010-06-23 00:00:00,117.5,2010-06-23 00:00:00,117.5,117.5,2,1200,141000,2010-06-23 00:00:00,1
2010-06-24 00:00:00,2010-06-24 00:00:00,120,2010-06-24 00:00:00,119,119.25,4,700,83725,2010-06-24 00:00:00,1
2010-06-28 00:00:00,2010-06-28 00:00:00,117.5,2010-06-28 00:00:00,115,115,3,1400,163500,2010-06-28 00:00:00,1
2010-06-29 00:00:00,2010-06-29 00:00:00,115,2010-06-29 00:00:00,115,115,5,2800,322000,2010-06-29 00:00:00,1
2010-06-30 00:00:00,2010-06-30 00:00:00,119,2010-06-30 00:00:00,115,117.5,20,57400,6617575,2010-06-30 00:00:00,1
2010-07-01 00:00:00,2010-07-01 00:00:00,130,2010-07-01 00:00:00,118,126.5,16,12900,1610525,2010-07-01 00:00:00,1
2010-07-02 00:00:00,2010-07-02 00:00:00,134,2010-07-02 00:00:00,130,130.25,6,2300,299800,2010-07-02 00:00:00,1
2010-07-05 00:00:00,2010-07-05 00:00:00,133.5,2010-07-05 00:00:00,133.5,133.5,1,500,66750,2010-07-05 00:00:00,1
2010-07-06 00:00:00,2010-07-06 00:00:00,132,2010-07-06 00:00:00,125,128.75,17,9100,1178525,2010-07-06 00:00:00,1
2010-07-07 00:00:00,2010-07-07 00:00:00,129.75,2010-07-07 00:00:00,116,120.75,8,3400,401725,2010-07-07 00:00:00,1
2010-07-08 00:00:00,2010-07-08 00:00:00,129,2010-07-08 00:00:00,128,128.75,3,500,64400,2010-07-08 00:00:00,1
2010-07-12 00:00:00,2010-07-12 00:00:00,128,2010-07-12 00:00:00,123,128,8,2900,363550,2010-07-12 00:00:00,1
2010-07-13 00:00:00,2010-07-13 00:00:00,128,2010-07-13 00:00:00,123,127.25,9,4300,546825,2010-07-13 00:00:00,1
2010-07-14 00:00:00,2010-07-14 00:00:00,130,2010-07-14 00:00:00,127.5,129.5,12,9300,1204450,2010-07-14 00:00:00,1
2010-07-15 00:00:00,2010-07-15 00:00:00,130,2010-07-15 00:00:00,126,129,10,1600,206275,2010-07-15 00:00:00,1
2010-07-16 00:00:00,2010-07-16 00:00:00,135,2010-07-16 00:00:00,125,133.5,32,15700,2062475,2010-07-16 00:00:00,1
2010-07-19 00:00:00,2010-07-19 00:00:00,133,2010-07-19 00:00:00,133,133,1,500,66500,2010-07-19 00:00:00,1
2010-07-20 00:00:00,2010-07-20 00:00:00,142,2010-07-20 00:00:00,132,138,50,52100,7048175,2010-07-20 00:00:00,1
2010-07-21 00:00:00,2010-07-21 00:00:00,144,2010-07-21 00:00:00,140,140.75,17,16200,2292400,2010-07-21 00:00:00,1
2010-07-22 00:00:00,2010-07-22 00:00:00,158,2010-07-22 00:00:00,140,142,16,5200,754450,2010-07-22 00:00:00,1
2010-07-23 00:00:00,2010-07-23 00:00:00,147.75,2010-07-23 00:00:00,141,146.25,19,9500,1376375,2010-07-23 00:00:00,1
2010-07-26 00:00:00,2010-07-26 00:00:00,146,2010-07-26 00:00:00,143,143,7,6200,886900,2010-07-26 00:00:00,1
2010-07-27 00:00:00,2010-07-27 00:00:00,146.25,2010-07-27 00:00:00,143,145,10,8900,1282725,2010-07-27 00:00:00,1
2010-07-28 00:00:00,2010-07-28 00:00:00,154,2010-07-28 00:00:00,146,150.25,14,11100,1654425,2010-07-28 00:00:00,1
2010-07-29 00:00:00,2010-07-29 00:00:00,155,2010-07-29 00:00:00,151,153,6,1000,153250,2010-07-29 00:00:00,1
2010-07-30 00:00:00,2010-07-30 00:00:00,165,2010-07-30 00:00:00,152,155,20,9600,1522400,2010-07-30 00:00:00,1
2010-08-02 00:00:00,2010-08-02 00:00:00,160,2010-08-02 00:00:00,154,159.5,4,700,111150,2010-08-02 00:00:00,1
2010-08-03 00:00:00,2010-08-03 00:00:00,170,2010-08-03 00:00:00,160,167.4,17,12900,2102800,2010-08-03 00:00:00,1
2010-08-04 00:00:00,2010-08-04 00:00:00,180,2010-08-04 00:00:00,165,177.4,19,10400,1813900,2010-08-04 00:00:00,1
2010-08-05 00:00:00,2010-08-05 00:00:00,180,2010-08-05 00:00:00,175,180,8,1800,321500,2010-08-05 00:00:00,1
2010-08-06 00:00:00,2010-08-06 00:00:00,185,2010-08-06 00:00:00,179.9,184.8,12,3200,578850,2010-08-06 00:00:00,1
2010-08-09 00:00:00,2010-08-09 00:00:00,180,2010-08-09 00:00:00,166.4,166.4,9,2800,485720,2010-08-09 00:00:00,1
2010-08-10 00:00:00,2010-08-10 00:00:00,175,2010-08-10 00:00:00,160,175,9,3000,510720,2010-08-10 00:00:00,1
2010-08-11 00:00:00,2010-08-11 00:00:00,185,2010-08-11 00:00:00,170,176.9,3,1300,230000,2010-08-11 00:00:00,1
2010-08-12 00:00:00,2010-08-12 00:00:00,185,2010-08-12 00:00:00,185,185,2,300,55500,2010-08-12 00:00:00,1
2010-08-13 00:00:00,2010-08-13 00:00:00,185,2010-08-13 00:00:00,184.8,184.9,3,3900,721200,2010-08-13 00:00:00,1
2010-08-16 00:00:00,2010-08-16 00:00:00,190,2010-08-16 00:00:00,184.8,188.3,67,107800,20001200,2010-08-16 00:00:00,1
2010-08-17 00:00:00,2010-08-17 00:00:00,194.9,2010-08-17 00:00:00,180,187.9,11,11200,2069280,2010-08-17 00:00:00,1
2010-08-19 00:00:00,2010-08-19 00:00:00,200,2010-08-19 00:00:00,185,192.9,46,38900,7438050,2010-08-19 00:00:00,1
2010-08-20 00:00:00,2010-08-20 00:00:00,205,2010-08-20 00:00:00,192.9,198.8,12,8400,1645580,2010-08-20 00:00:00,1
2010-08-23 00:00:00,2010-08-23 00:00:00,216,2010-08-23 00:00:00,198.8,215.3,10,4300,900370,2010-08-23 00:00:00,1
2010-08-25 00:00:00,2010-08-25 00:00:00,235,2010-08-25 00:00:00,228,228,5,4800,1122050,2010-08-25 00:00:00,1
2010-08-26 00:00:00,2010-08-26 00:00:00,234,2010-08-26 00:00:00,225,230.5,4,1000,230500,2010-08-26 00:00:00,1
2010-08-27 00:00:00,2010-08-27 00:00:00,235,2010-08-27 00:00:00,230,232.2,12,11300,2652450,2010-08-27 00:00:00,1
2010-08-30 00:00:00,2010-08-30 00:00:00,245,2010-08-30 00:00:00,232.2,235.6,7,3500,826930,2010-08-30 00:00:00,1
2010-08-31 00:00:00,2010-08-31 00:00:00,243,2010-08-31 00:00:00,230,238.3,18,7100,1691040,2010-08-31 00:00:00,1
2010-09-01 00:00:00,2010-09-01 00:00:00,243,2010-09-01 00:00:00,237,238.1,2,1600,381000,2010-09-01 00:00:00,1
2010-09-02 00:00:00,2010-09-02 00:00:00,244,2010-09-02 00:00:00,215,242,8,2500,599100,2010-09-02 00:00:00,1
2010-09-03 00:00:00,2010-09-03 00:00:00,245,2010-09-03 00:00:00,232,244,6,1200,291650,2010-09-03 00:00:00,1
2010-09-06 00:00:00,2010-09-06 00:00:00,250,2010-09-06 00:00:00,233,244.7,12,4700,1143900,2010-09-06 00:00:00,1
2010-09-07 00:00:00,2010-09-07 00:00:00,249,2010-09-07 00:00:00,240,243.3,4,3200,785700,2010-09-07 00:00:00,1
2010-09-08 00:00:00,2010-09-08 00:00:00,243.9,2010-09-08 00:00:00,235.1,235.1,6,33700,8082960,2010-09-08 00:00:00,1
2010-09-09 00:00:00,2010-09-09 00:00:00,243,2010-09-09 00:00:00,236,242,3,1000,242000,2010-09-09 00:00:00,1
2010-09-13 00:00:00,2010-09-13 00:00:00,247,2010-09-13 00:00:00,242,244.4,4,2900,708760,2010-09-13 00:00:00,1
2010-09-15 00:00:00,2010-09-15 00:00:00,248,2010-09-15 00:00:00,244,244.2,14,12300,3005000,2010-09-15 00:00:00,1
2010-09-16 00:00:00,2010-09-16 00:00:00,244,2010-09-16 00:00:00,230,236.6,19,4300,1020960,2010-09-16 00:00:00,1
2010-09-17 00:00:00,2010-09-17 00:00:00,245,2010-09-17 00:00:00,240,245,5,2200,538000,2010-09-17 00:00:00,1
2010-09-20 00:00:00,2010-09-20 00:00:00,245,2010-09-20 00:00:00,245,245,1,2400,588000,2010-09-20 00:00:00,1
2010-09-21 00:00:00,2010-09-21 00:00:00,244,2010-09-21 00:00:00,230,242.4,5,1100,266590,2010-09-21 00:00:00,1
2010-09-23 00:00:00,2010-09-23 00:00:00,244,2010-09-23 00:00:00,230,239.7,14,7000,1679520,2010-09-23 00:00:00,1
2010-09-24 00:00:00,2010-09-24 00:00:00,240,2010-09-24 00:00:00,230,233.3,6,1800,419000,2010-09-24 00:00:00,1
2010-09-27 00:00:00,2010-09-27 00:00:00,235,2010-09-27 00:00:00,233.3,234.9,4,2200,516660,2010-09-27 00:00:00,1
2010-09-29 00:00:00,2010-09-29 00:00:00,234,2010-09-29 00:00:00,218,228.3,8,3900,890500,2010-09-29 00:00:00,1
2010-09-30 00:00:00,2010-09-30 00:00:00,225,2010-09-30 00:00:00,217,217.4,4,1300,287150,2010-09-30 00:00:00,1
2010-10-01 00:00:00,2010-10-01 00:00:00,220,2010-10-01 00:00:00,216,216,6,600,130140,2010-10-01 00:00:00,1
2010-10-04 00:00:00,2010-10-04 00:00:00,216,2010-10-04 00:00:00,209,212.5,10,3500,744330,2010-10-04 00:00:00,1
2010-10-05 00:00:00,2010-10-05 00:00:00,203.6,2010-10-05 00:00:00,200,201.3,14,4100,824950,2010-10-05 00:00:00,1
2010-10-06 00:00:00,2010-10-06 00:00:00,199,2010-10-06 00:00:00,191,199,4,1600,310600,2010-10-06 00:00:00,1
2010-10-07 00:00:00,2010-10-07 00:00:00,200,2010-10-07 00:00:00,192,200,6,2300,454650,2010-10-07 00:00:00,1
2010-10-08 00:00:00,2010-10-08 00:00:00,200,2010-10-08 00:00:00,189,200,8,5500,1067350,2010-10-08 00:00:00,1
2010-10-11 00:00:00,2010-10-11 00:00:00,200,2010-10-11 00:00:00,200,200,6,2100,420000,2010-10-11 00:00:00,1
2010-10-12 00:00:00,2010-10-12 00:00:00,198,2010-10-12 00:00:00,181,181.3,25,5100,955770,2010-10-12 00:00:00,1
2010-10-13 00:00:00,2010-10-13 00:00:00,195,2010-10-13 00:00:00,180,195,4,700,133510,2010-10-13 00:00:00,1
2010-10-14 00:00:00,2010-10-14 00:00:00,194.9,2010-10-14 00:00:00,190,194.4,8,2500,478170,2010-10-14 00:00:00,1
2010-10-18 00:00:00,2010-10-18 00:00:00,195,2010-10-18 00:00:00,190,191,6,2800,534700,2010-10-18 00:00:00,1
2010-10-19 00:00:00,2010-10-19 00:00:00,195,2010-10-19 00:00:00,193,195,5,4200,818800,2010-10-19 00:00:00,1
2010-10-20 00:00:00,2010-10-20 00:00:00,200,2010-10-20 00:00:00,195,200,5,2300,459400,2010-10-20 00:00:00,1
2010-10-21 00:00:00,2010-10-21 00:00:00,229,2010-10-21 00:00:00,207.5,215.5,30,8800,1878600,2010-10-21 00:00:00,1
2010-10-25 00:00:00,2010-10-25 00:00:00,220,2010-10-25 00:00:00,215,220,6,1400,304600,2010-10-25 00:00:00,1
2010-10-26 00:00:00,2010-10-26 00:00:00,210,2010-10-26 00:00:00,200,200,7,3000,601060,2010-10-26 00:00:00,1
2010-10-27 00:00:00,2010-10-27 00:00:00,215,2010-10-27 00:00:00,190,208,7,2200,453100,2010-10-27 00:00:00,1
2010-10-28 00:00:00,2010-10-28 00:00:00,210,2010-10-28 00:00:00,200,210,9,3100,650000,2010-10-28 00:00:00,1
2010-10-29 00:00:00,2010-10-29 00:00:00,210,2010-10-29 00:00:00,203.1,206.6,7,4500,941550,2010-10-29 00:00:00,1
2010-11-01 00:00:00,2010-11-01 00:00:00,210,2010-11-01 00:00:00,200,206.3,3,900,185000,2010-11-01 00:00:00,1
2010-11-02 00:00:00,2010-11-02 00:00:00,210,2010-11-02 00:00:00,210,210,3,700,147000,2010-11-02 00:00:00,1
2010-11-03 00:00:00,2010-11-03 00:00:00,210,2010-11-03 00:00:00,205,205,4,2500,524500,2010-11-03 00:00:00,1
2010-11-04 00:00:00,2010-11-04 00:00:00,200,2010-11-04 00:00:00,195,199.3,8,2000,398900,2010-11-04 00:00:00,1
2010-11-08 00:00:00,2010-11-08 00:00:00,198,2010-11-08 00:00:00,198,198,1,1000,198000,2010-11-08 00:00:00,1
2010-11-09 00:00:00,2010-11-09 00:00:00,195,2010-11-09 00:00:00,195,195,3,1400,273000,2010-11-09 00:00:00,1
2010-11-10 00:00:00,2010-11-10 00:00:00,192,2010-11-10 00:00:00,192,192,2,500,96000,2010-11-10 00:00:00,1
2010-11-11 00:00:00,2010-11-11 00:00:00,197.5,2010-11-11 00:00:00,197.5,197.5,1,200,39500,2010-11-11 00:00:00,1
2010-11-12 00:00:00,2010-11-12 00:00:00,200,2010-11-12 00:00:00,197.5,198.4,3,800,158750,2010-11-12 00:00:00,1
2010-11-15 00:00:00,2010-11-15 00:00:00,195,2010-11-15 00:00:00,190,190,7,2800,538000,2010-11-15 00:00:00,1
2010-11-16 00:00:00,2010-11-16 00:00:00,195,2010-11-16 00:00:00,190,192.5,2,400,77000,2010-11-16 00:00:00,1
2010-11-18 00:00:00,2010-11-18 00:00:00,194.5,2010-11-18 00:00:00,190,193,14,2800,532900,2010-11-18 00:00:00,1
2010-11-22 00:00:00,2010-11-22 00:00:00,200,2010-11-22 00:00:00,197,197.8,9,1800,356800,2010-11-22 00:00:00,1
2010-11-23 00:00:00,2010-11-23 00:00:00,200,2010-11-23 00:00:00,185,198.3,7,1200,233950,2010-11-23 00:00:00,1
2010-11-24 00:00:00,2010-11-24 00:00:00,199.7,2010-11-24 00:00:00,187,187.3,4,400,76130,2010-11-24 00:00:00,1
2010-11-25 00:00:00,2010-11-25 00:00:00,190,2010-11-25 00:00:00,190,190,1,400,76000,2010-11-25 00:00:00,1
2010-11-29 00:00:00,2010-11-29 00:00:00,185,2010-11-29 00:00:00,183,183.6,3,900,165500,2010-11-29 00:00:00,1
2010-11-30 00:00:00,2010-11-30 00:00:00,194,2010-11-30 00:00:00,190,193,4,1200,228700,2010-11-30 00:00:00,1
2010-12-01 00:00:00,2010-12-01 00:00:00,196,2010-12-01 00:00:00,195,195.5,2,1900,371500,2010-12-01 00:00:00,1
2010-12-02 00:00:00,2010-12-02 00:00:00,187,2010-12-02 00:00:00,187,187,1,100,18700,2010-12-02 00:00:00,1
2010-12-03 00:00:00,2010-12-03 00:00:00,199.5,2010-12-03 00:00:00,187,199.5,2,1900,362800,2010-12-03 00:00:00,1
2010-12-06 00:00:00,2010-12-06 00:00:00,195,2010-12-06 00:00:00,190,194.4,3,700,135200,2010-12-06 00:00:00,1
2010-12-09 00:00:00,2010-12-09 00:00:00,192,2010-12-09 00:00:00,180,189,2,400,75600,2010-12-09 00:00:00,1
2010-12-14 00:00:00,2010-12-14 00:00:00,181,2010-12-14 00:00:00,170,170.1,7,1000,175330,2010-12-14 00:00:00,1
2010-12-15 00:00:00,2010-12-15 00:00:00,170.3,2010-12-15 00:00:00,170.3,170.3,1,100,17030,2010-12-15 00:00:00,1
2010-12-16 00:00:00,2010-12-16 00:00:00,176,2010-12-16 00:00:00,173.3,174.7,2,200,34930,2010-12-16 00:00:00,1
2010-12-17 00:00:00,2010-12-17 00:00:00,175,2010-12-17 00:00:00,173,174.6,3,700,122200,2010-12-17 00:00:00,1
2010-12-21 00:00:00,2010-12-21 00:00:00,190,2010-12-21 00:00:00,174.7,186.1,17,5700,1020610,2010-12-21 00:00:00,1
2010-12-22 00:00:00,2010-12-22 00:00:00,190,2010-12-22 00:00:00,180,180.9,6,3300,596800,2010-12-22 00:00:00,1
2010-12-27 00:00:00,2010-12-27 00:00:00,185,2010-12-27 00:00:00,182,182.6,3,2200,401600,2010-12-27 00:00:00,1
2010-12-28 00:00:00,2010-12-28 00:00:00,198,2010-12-28 00:00:00,195,197.7,5,900,177900,2010-12-28 00:00:00,1
2010-12-29 00:00:00,2010-12-29 00:00:00,199,2010-12-29 00:00:00,184,199,4,4000,744820,2010-12-29 00:00:00,1
2010-12-30 00:00:00,2010-12-30 00:00:00,198,2010-12-30 00:00:00,195,195.7,2,2500,489300,2010-12-30 00:00:00,1
2010-12-31 00:00:00,2010-12-31 00:00:00,195,2010-12-31 00:00:00,195,195,1,200,39000,2010-12-31 00:00:00,1
Company Id,:  SIRA,Security,Type :  N,Sub Type,:  0000,,,,,
Short Name,:  SIERRA  C,ABL,,,,,,,,
Day,Date High,High,Date Low,Low,Closing,No. of Trades,No. of Shares,Turnover,Last Traded,Days Traded
2010-01-04 00:00:00,2010-01-04 00:00:00,2.1,2010-01-04 00:00:00,2.1,2.1,17,306900,644490,2010-01-04 00:00:00,1
2010-01-05 00:00:00,2010-01-05 00:00:00,2.1,2010-01-05 00:00:00,2,2.1,40,2398600,5036960,2010-01-05 00:00:00,1
2010-01-06 00:00:00,2010-01-06 00:00:00,2.2,2010-01-06 00:00:00,2.1,2.1,55,1747100,3669350,2010-01-06 00:00:00,1
2010-01-07 00:00:00,2010-01-07 00:00:00,2.1,2010-01-07 00:00:00,2.1,2.1,25,633000,1329300,2010-01-07 00:00:00,1
2010-01-08 00:00:00,2010-01-08 00:00:00,2.1,2010-01-08 00:00:00,2.1,2.1,31,1209200,2539320,2010-01-08 00:00:00,1
2010-01-11 00:00:00,2010-01-11 00:00:00,2.1,2010-01-11 00:00:00,2.1,2.1,31,920900,1933890,2010-01-11 00:00:00,1
2010-01-12 00:00:00,2010-01-12 00:00:00,2.2,2010-01-12 00:00:00,2.1,2.1,37,419900,881890,2010-01-12 00:00:00,1
2010-01-13 00:00:00,2010-01-13 00:00:00,2.1,2010-01-13 00:00:00,2,2.1,34,52300,109730,2010-01-13 00:00:00,1
2010-01-15 00:00:00,2010-01-15 00:00:00,2.1,2010-01-15 00:00:00,2,2.1,40,750900,1560010,2010-01-15 00:00:00,1
2010-01-18 00:00:00,2010-01-18 00:00:00,2.1,2010-01-18 00:00:00,2,2.1,19,123000,257990,2010-01-18 00:00:00,1
2010-01-19 00:00:00,2010-01-19 00:00:00,2.1,2010-01-19 00:00:00,2.1,2.1,29,345600,725760,2010-01-19 00:00:00,1
2010-01-20 00:00:00,2010-01-20 00:00:00,2.1,2010-01-20 00:00:00,2,2.1,60,257500,535560,2010-01-20 00:00:00,1
2010-01-21 00:00:00,2010-01-21 00:00:00,2.1,2010-01-21 00:00:00,2,2,40,49300,102810,2010-01-21 00:00:00,1
2010-01-22 00:00:00,2010-01-22 00:00:00,2.1,2010-01-22 00:00:00,2,2.1,35,100100,210010,2010-01-22 00:00:00,1
2010-01-25 00:00:00,2010-01-25 00:00:00,2.1,2010-01-25 00:00:00,2,2.1,29,394400,796770,2010-01-25 00:00:00,1
2010-01-26 00:00:00,2010-01-26 00:00:00,2.1,2010-01-26 00:00:00,2,2.1,21,3847400,8074400,2010-01-26 00:00:00,1
2010-01-28 00:00:00,2010-01-28 00:00:00,2.2,2010-01-28 00:00:00,2,2.1,24,350700,734000,2010-01-28 00:00:00,1
2010-02-01 00:00:00,2010-02-01 00:00:00,2.2,2010-02-01 00:00:00,2.1,2.1,36,224600,471860,2010-02-01 00:00:00,1
2010-02-02 00:00:00,2010-02-02 00:00:00,2.2,2010-02-02 00:00:00,2.1,2.1,53,1331300,2797280,2010-02-02 00:00:00,1
2010-02-03 00:00:00,2010-02-03 00:00:00,2.1,2010-02-03 00:00:00,2.1,2.1,79,836600,1756860,2010-02-03 00:00:00,1
2010-02-05 00:00:00,2010-02-05 00:00:00,2.2,2010-02-05 00:00:00,2.1,2.1,39,165800,348460,2010-02-05 00:00:00,1
2010-02-08 00:00:00,2010-02-08 00:00:00,2.3,2010-02-08 00:00:00,2.1,2.2,126,1246400,2728720,2010-02-08 00:00:00,1
2010-02-09 00:00:00,2010-02-09 00:00:00,2.3,2010-02-09 00:00:00,2.1,2.2,79,1147200,2519700,2010-02-09 00:00:00,1
2010-02-10 00:00:00,2010-02-10 00:00:00,2.2,2010-02-10 00:00:00,2.1,2.1,39,318700,697160,2010-02-10 00:00:00,1
2010-02-11 00:00:00,2010-02-11 00:00:00,2.5,2010-02-11 00:00:00,2.1,2.4,666,25235800,58937350,2010-02-11 00:00:00,1
2010-02-12 00:00:00,2010-02-12 00:00:00,2.4,2010-02-12 00:00:00,2.2,2.3,95,1753700,4045500,2010-02-12 00:00:00,1
2010-02-15 00:00:00,2010-02-15 00:00:00,2.4,2010-02-15 00:00:00,2.1,2.2,155,4280300,9672200,2010-02-15 00:00:00,1
2010-02-16 00:00:00,2010-02-16 00:00:00,2.3,2010-02-16 00:00:00,2.2,2.2,41,947400,2084320,2010-02-16 00:00:00,1
2010-02-17 00:00:00,2010-02-17 00:00:00,2.4,2010-02-17 00:00:00,2.2,2.3,102,2077600,4743670,2010-02-17 00:00:00,1
2010-02-18 00:00:00,2010-02-18 00:00:00,2.6,2010-02-18 00:00:00,2.3,2.5,534,15470500,38212620,2010-02-18 00:00:00,1
2010-02-19 00:00:00,2010-02-19 00:00:00,2.6,2010-02-19 00:00:00,2.3,2.4,116,2810500,6841150,2010-02-19 00:00:00,1
2010-02-22 00:00:00,2010-02-22 00:00:00,2.4,2010-02-22 00:00:00,2.3,2.4,58,579900,1363460,2010-02-22 00:00:00,1
2010-02-23 00:00:00,2010-02-23 00:00:00,2.4,2010-02-23 00:00:00,2.3,2.3,24,331700,763410,2010-02-23 00:00:00,1
2010-02-24 00:00:00,2010-02-24 00:00:00,2.4,2010-02-24 00:00:00,2.3,2.3,13,97700,228710,2010-02-24 00:00:00,1
2010-02-25 00:00:00,2010-02-25 00:00:00,2.4,2010-02-25 00:00:00,2.3,2.3,21,111000,260500,2010-02-25 00:00:00,1
2010-02-26 00:00:00,2010-02-26 00:00:00,2.4,2010-02-26 00:00:00,2.3,2.3,18,98000,227650,2010-02-26 00:00:00,1
2010-03-01 00:00:00,2010-03-01 00:00:00,2.4,2010-03-01 00:00:00,2.3,2.3,24,272600,627010,2010-03-01 00:00:00,1
2010-03-02 00:00:00,2010-03-02 00:00:00,2.3,2010-03-02 00:00:00,2.2,2.3,46,202400,465030,2010-03-02 00:00:00,1
2010-03-03 00:00:00,2010-03-03 00:00:00,2.3,2010-03-03 00:00:00,2.2,2.3,46,483500,1065230,2010-03-03 00:00:00,1
2010-03-04 00:00:00,2010-03-04 00:00:00,2.3,2010-03-04 00:00:00,2.2,2.3,42,469600,1079980,2010-03-04 00:00:00,1
2010-03-05 00:00:00,2010-03-05 00:00:00,2.3,2010-03-05 00:00:00,2.2,2.3,13,50700,116390,2010-03-05 00:00:00,1
2010-03-08 00:00:00,2010-03-08 00:00:00,2.3,2010-03-08 00:00:00,2.2,2.3,192,4999400,11123770,2010-03-08 00:00:00,1
2010-03-09 00:00:00,2010-03-09 00:00:00,2.3,2010-03-09 00:00:00,2.2,2.2,20,37000,83980,2010-03-09 00:00:00,1
2010-03-10 00:00:00,2010-03-10 00:00:00,2.3,2010-03-10 00:00:00,2.2,2.3,83,1115500,2565300,2010-03-10 00:00:00,1
2010-03-11 00:00:00,2010-03-11 00:00:00,2.4,2010-03-11 00:00:00,2.2,2.3,53,307400,706740,2010-03-11 00:00:00,1
2010-03-12 00:00:00,2010-03-12 00:00:00,2.3,2010-03-12 00:00:00,2.2,2.3,13,26200,60020,2010-03-12 00:00:00,1
2010-03-15 00:00:00,2010-03-15 00:00:00,2.3,2010-03-15 00:00:00,2.2,2.2,28,267500,592970,2010-03-15 00:00:00,1
2010-03-16 00:00:00,2010-03-16 00:00:00,2.3,2010-03-16 00:00:00,2.2,2.2,14,127600,281390,2010-03-16 00:00:00,1
2010-03-17 00:00:00,2010-03-17 00:00:00,2.2,2010-03-17 00:00:00,2.2,2.2,17,54700,120340,2010-03-17 00:00:00,1
2010-03-18 00:00:00,2010-03-18 00:00:00,2.3,2010-03-18 00:00:00,2.2,2.2,44,128900,283590,2010-03-18 00:00:00,1
2010-03-19 00:00:00,2010-03-19 00:00:00,2.3,2010-03-19 00:00:00,2.2,2.2,15,299300,662610,2010-03-19 00:00:00,1
2010-03-22 00:00:00,2010-03-22 00:00:00,2.2,2010-03-22 00:00:00,2.2,2.2,10,41000,90200,2010-03-22 00:00:00,1
2010-03-23 00:00:00,2010-03-23 00:00:00,2.3,2010-03-23 00:00:00,2.2,2.2,65,587800,1293170,2010-03-23 00:00:00,1
2010-03-24 00:00:00,2010-03-24 00:00:00,2.2,2010-03-24 00:00:00,2.1,2.2,27,161700,355640,2010-03-24 00:00:00,1
2010-03-25 00:00:00,2010-03-25 00:00:00,2.2,2010-03-25 00:00:00,2.1,2.2,19,67300,147960,2010-03-25 00:00:00,1
2010-03-26 00:00:00,2010-03-26 00:00:00,2.3,2010-03-26 00:00:00,2.2,2.2,54,216800,477010,2010-03-26 00:00:00,1
2010-03-30 00:00:00,2010-03-30 00:00:00,2.2,2010-03-30 00:00:00,2.1,2.1,17,195400,429380,2010-03-30 00:00:00,1
2010-03-31 00:00:00,2010-03-31 00:00:00,2.2,2010-03-31 00:00:00,2.1,2.2,58,1374500,3022210,2010-03-31 00:00:00,1
2010-04-01 00:00:00,2010-04-01 00:00:00,2.2,2010-04-01 00:00:00,2.2,2.2,13,186900,411180,2010-04-01 00:00:00,1
2010-04-05 00:00:00,2010-04-05 00:00:00,2.3,2010-04-05 00:00:00,2.2,2.2,24,182300,401110,2010-04-05 00:00:00,1
2010-04-06 00:00:00,2010-04-06 00:00:00,2.3,2010-04-06 00:00:00,2.2,2.2,10,75700,166640,2010-04-06 00:00:00,1
2010-04-07 00:00:00,2010-04-07 00:00:00,2.4,2010-04-07 00:00:00,2.2,2.3,95,1492400,3432230,2010-04-07 00:00:00,1
2010-04-08 00:00:00,2010-04-08 00:00:00,2.4,2010-04-08 00:00:00,2.3,2.3,6,4900,11280,2010-04-08 00:00:00,1
2010-04-12 00:00:00,2010-04-12 00:00:00,2.4,2010-04-12 00:00:00,2.3,2.3,38,379500,872870,2010-04-12 00:00:00,1
2010-04-15 00:00:00,2010-04-15 00:00:00,2.3,2010-04-15 00:00:00,2.2,2.3,15,46800,107410,2010-04-15 00:00:00,1
2010-04-16 00:00:00,2010-04-16 00:00:00,2.4,2010-04-16 00:00:00,2.3,2.3,28,384100,883440,2010-04-16 00:00:00,1
2010-04-19 00:00:00,2010-04-19 00:00:00,2.5,2010-04-19 00:00:00,2.3,2.4,115,1909400,4578880,2010-04-19 00:00:00,1
2010-04-20 00:00:00,2010-04-20 00:00:00,2.6,2010-04-20 00:00:00,2.4,2.4,262,5348100,13350520,2010-04-20 00:00:00,1
2010-04-21 00:00:00,2010-04-21 00:00:00,2.5,2010-04-21 00:00:00,2.4,2.4,62,886900,2130570,2010-04-21 00:00:00,1
2010-04-22 00:00:00,2010-04-22 00:00:00,2.4,2010-04-22 00:00:00,2.3,2.3,19,22800,54220,2010-04-22 00:00:00,1
2010-04-23 00:00:00,2010-04-23 00:00:00,2.5,2010-04-23 00:00:00,2.3,2.4,52,284400,678860,2010-04-23 00:00:00,1
2010-04-26 00:00:00,2010-04-26 00:00:00,2.4,2010-04-26 00:00:00,2.3,2.3,34,779000,1804480,2010-04-26 00:00:00,1
2010-04-27 00:00:00,2010-04-27 00:00:00,2.5,2010-04-27 00:00:00,2.3,2.4,130,1637800,3930440,2010-04-27 00:00:00,1
2010-04-29 00:00:00,2010-04-29 00:00:00,2.4,2010-04-29 00:00:00,2.3,2.3,169,9145600,21089450,2010-04-29 00:00:00,1
2010-04-30 00:00:00,2010-04-30 00:00:00,2.4,2010-04-30 00:00:00,2.3,2.4,125,7938600,18504840,2010-04-30 00:00:00,1
2010-05-03 00:00:00,2010-05-03 00:00:00,2.7,2010-05-03 00:00:00,2.4,2.6,615,19494600,50057600,2010-05-03 00:00:00,1
2010-05-04 00:00:00,2010-05-04 00:00:00,2.6,2010-05-04 00:00:00,2.4,2.5,202,3393700,8490480,2010-05-04 00:00:00,1
2010-05-05 00:00:00,2010-05-05 00:00:00,2.7,2010-05-05 00:00:00,2.6,2.6,383,9723700,25296950,2010-05-05 00:00:00,1
2010-05-06 00:00:00,2010-05-06 00:00:00,2.7,2010-05-06 00:00:00,2.6,2.6,78,1334800,3493380,2010-05-06 00:00:00,1
2010-05-07 00:00:00,2010-05-07 00:00:00,2.7,2010-05-07 00:00:00,2.6,2.6,223,3174000,8310050,2010-05-07 00:00:00,1
2010-05-10 00:00:00,2010-05-10 00:00:00,2.7,2010-05-10 00:00:00,2.6,2.7,116,2530000,6661220,2010-05-10 00:00:00,1
2010-05-11 00:00:00,2010-05-11 00:00:00,2.7,2010-05-11 00:00:00,2.5,2.6,292,6476800,16846090,2010-05-11 00:00:00,1
2010-05-12 00:00:00,2010-05-12 00:00:00,2.6,2010-05-12 00:00:00,2.5,2.6,110,2317100,6021980,2010-05-12 00:00:00,1
2010-05-13 00:00:00,2010-05-13 00:00:00,2.6,2010-05-13 00:00:00,2.5,2.6,92,671300,1688260,2010-05-13 00:00:00,1
2010-05-14 00:00:00,2010-05-14 00:00:00,2.6,2010-05-14 00:00:00,2.5,2.5,99,2959600,7688110,2010-05-14 00:00:00,1
2010-05-17 00:00:00,2010-05-17 00:00:00,2.7,2010-05-17 00:00:00,2.5,2.6,78,1349800,3509240,2010-05-17 00:00:00,1
2010-05-18 00:00:00,2010-05-18 00:00:00,2.6,2010-05-18 00:00:00,2.5,2.5,43,580900,1503440,2010-05-18 00:00:00,1
2010-05-19 00:00:00,2010-05-19 00:00:00,2.6,2010-05-19 00:00:00,2.5,2.5,21,85500,213780,2010-05-19 00:00:00,1
2010-05-20 00:00:00,2010-05-20 00:00:00,2.6,2010-05-20 00:00:00,2.5,2.5,142,1573700,3934850,2010-05-20 00:00:00,1
2010-05-21 00:00:00,2010-05-21 00:00:00,2.6,2010-05-21 00:00:00,2.4,2.5,54,1181500,2953570,2010-05-21 00:00:00,1
2010-05-24 00:00:00,2010-05-24 00:00:00,2.6,2010-05-24 00:00:00,2.5,2.5,100,1346700,3468110,2010-05-24 00:00:00,1
2010-05-25 00:00:00,2010-05-25 00:00:00,2.6,2010-05-25 00:00:00,2.4,2.6,68,757800,1923380,2010-05-25 00:00:00,1
2010-05-26 00:00:00,2010-05-26 00:00:00,2.5,2010-05-26 00:00:00,2.4,2.5,50,417000,1040500,2010-05-26 00:00:00,1
2010-05-31 00:00:00,2010-05-31 00:00:00,2.5,2010-05-31 00:00:00,2.4,2.5,34,329700,823840,2010-05-31 00:00:00,1
2010-06-01 00:00:00,2010-06-01 00:00:00,2.5,2010-06-01 00:00:00,2.4,2.5,40,965100,2411920,2010-06-01 00:00:00,1
2010-06-02 00:00:00,2010-06-02 00:00:00,2.5,2010-06-02 00:00:00,2.4,2.5,45,752400,1875320,2010-06-02 00:00:00,1
2010-06-03 00:00:00,2010-06-03 00:00:00,2.5,2010-06-03 00:00:00,2.4,2.4,65,1029700,2567130,2010-06-03 00:00:00,1
2010-06-04 00:00:00,2010-06-04 00:00:00,2.6,2010-06-04 00:00:00,2.4,2.5,85,1419400,3545420,2010-06-04 00:00:00,1
2010-06-07 00:00:00,2010-06-07 00:00:00,2.6,2010-06-07 00:00:00,2.4,2.5,47,913700,2294350,2010-06-07 00:00:00,1
2010-06-08 00:00:00,2010-06-08 00:00:00,2.6,2010-06-08 00:00:00,2.5,2.6,151,1716500,4377240,2010-06-08 00:00:00,1
2010-06-09 00:00:00,2010-06-09 00:00:00,2.6,2010-06-09 00:00:00,2.5,2.6,156,5783500,14990730,2010-06-09 00:00:00,1
2010-06-10 00:00:00,2010-06-10 00:00:00,2.7,2010-06-10 00:00:00,2.5,2.5,97,1368800,3533240,2010-06-10 00:00:00,1
2010-06-11 00:00:00,2010-06-11 00:00:00,2.6,2010-06-11 00:00:00,2.5,2.6,70,2110000,5482100,2010-06-11 00:00:00,1
2010-06-14 00:00:00,2010-06-14 00:00:00,2.7,2010-06-14 00:00:00,2.5,2.6,94,1611700,4185640,2010-06-14 00:00:00,1
2010-06-15 00:00:00,2010-06-15 00:00:00,2.7,2010-06-15 00:00:00,2.5,2.6,106,862300,2241260,2010-06-15 00:00:00,1
2010-06-16 00:00:00,2010-06-16 00:00:00,2.6,2010-06-16 00:00:00,2.5,2.6,70,701500,1822990,2010-06-16 00:00:00,1
2010-06-17 00:00:00,2010-06-17 00:00:00,2.6,2010-06-17 00:00:00,2.5,2.6,49,474800,1233950,2010-06-17 00:00:00,1
2010-06-21 00:00:00,2010-06-21 00:00:00,2.6,2010-06-21 00:00:00,2.5,2.6,77,1375600,3570140,2010-06-21 00:00:00,1
2010-06-22 00:00:00,2010-06-22 00:00:00,2.7,2010-06-22 00:00:00,2.6,2.6,59,1450500,3776620,2010-06-22 00:00:00,1
2010-06-23 00:00:00,2010-06-23 00:00:00,2.9,2010-06-23 00:00:00,2.7,2.8,421,14258800,39392010,2010-06-23 00:00:00,1
2010-06-24 00:00:00,2010-06-24 00:00:00,2.9,2010-06-24 00:00:00,2.7,2.8,134,2888800,8086560,2010-06-24 00:00:00,1
2010-06-28 00:00:00,2010-06-28 00:00:00,2.9,2010-06-28 00:00:00,2.7,2.8,85,837200,2344570,2010-06-28 00:00:00,1
2010-06-29 00:00:00,2010-06-29 00:00:00,2.9,2010-06-29 00:00:00,2.8,2.8,114,1448200,4057710,2010-06-29 00:00:00,1
2010-06-30 00:00:00,2010-06-30 00:00:00,3.4,2010-06-30 00:00:00,2.8,3.2,1299,38509000,121336470,2010-06-30 00:00:00,1
2010-07-01 00:00:00,2010-07-01 00:00:00,3.4,2010-07-01 00:00:00,3.2,3.2,512,9829900,32123980,2010-07-01 00:00:00,1
2010-07-02 00:00:00,2010-07-02 00:00:00,3.9,2010-07-02 00:00:00,3.2,3.6,1667,38726800,140550140,2010-07-02 00:00:00,1
2010-07-05 00:00:00,2010-07-05 00:00:00,4.2,2010-07-05 00:00:00,3.8,3.9,1545,32747900,131452170,2010-07-05 00:00:00,1
2010-07-06 00:00:00,2010-07-06 00:00:00,4,2010-07-06 00:00:00,3.7,3.8,783,10085500,38976600,2010-07-06 00:00:00,1
2010-07-07 00:00:00,2010-07-07 00:00:00,3.9,2010-07-07 00:00:00,3.5,3.7,478,7930500,28823280,2010-07-07 00:00:00,1
2010-07-08 00:00:00,2010-07-08 00:00:00,3.8,2010-07-08 00:00:00,3.6,3.7,218,1523200,5636820,2010-07-08 00:00:00,1
2010-07-09 00:00:00,2010-07-09 00:00:00,3.8,2010-07-09 00:00:00,3.6,3.6,98,726200,2675600,2010-07-09 00:00:00,1
2010-07-12 00:00:00,2010-07-12 00:00:00,3.8,2010-07-12 00:00:00,3.6,3.6,130,691800,2511150,2010-07-12 00:00:00,1
2010-07-13 00:00:00,2010-07-13 00:00:00,3.8,2010-07-13 00:00:00,3.6,3.7,202,1710000,6320830,2010-07-13 00:00:00,1
2010-07-14 00:00:00,2010-07-14 00:00:00,3.8,2010-07-14 00:00:00,3.7,3.8,181,1505700,5708820,2010-07-14 00:00:00,1
2010-07-15 00:00:00,2010-07-15 00:00:00,3.8,2010-07-15 00:00:00,3.6,3.7,214,1533500,5672430,2010-07-15 00:00:00,1
2010-07-16 00:00:00,2010-07-16 00:00:00,3.8,2010-07-16 00:00:00,3.6,3.7,118,907700,3353130,2010-07-16 00:00:00,1
2010-07-19 00:00:00,2010-07-19 00:00:00,3.7,2010-07-19 00:00:00,3.6,3.6,215,1253000,4516590,2010-07-19 00:00:00,1
2010-07-20 00:00:00,2010-07-20 00:00:00,3.9,2010-07-20 00:00:00,3.6,3.7,141,1952200,7280460,2010-07-20 00:00:00,1
2010-07-21 00:00:00,2010-07-21 00:00:00,3.9,2010-07-21 00:00:00,3.7,3.8,214,3020200,11506850,2010-07-21 00:00:00,1
2010-07-22 00:00:00,2010-07-22 00:00:00,3.8,2010-07-22 00:00:00,3.7,3.7,73,1139000,4253140,2010-07-22 00:00:00,1
2010-07-23 00:00:00,2010-07-23 00:00:00,3.8,2010-07-23 00:00:00,3.6,3.7,145,2187300,7972700,2010-07-23 00:00:00,1
2010-07-26 00:00:00,2010-07-26 00:00:00,4,2010-07-26 00:00:00,3.7,3.8,122,1092800,4253810,2010-07-26 00:00:00,1
2010-07-27 00:00:00,2010-07-27 00:00:00,3.8,2010-07-27 00:00:00,3.7,3.7,70,260500,986260,2010-07-27 00:00:00,1
2010-07-28 00:00:00,2010-07-28 00:00:00,3.8,2010-07-28 00:00:00,3.7,3.8,109,818000,3098290,2010-07-28 00:00:00,1
2010-07-29 00:00:00,2010-07-29 00:00:00,3.9,2010-07-29 00:00:00,3.7,3.8,78,451000,1712030,2010-07-29 00:00:00,1
2010-07-30 00:00:00,2010-07-30 00:00:00,3.8,2010-07-30 00:00:00,3.7,3.7,166,1702600,6309420,2010-07-30 00:00:00,1
2010-08-02 00:00:00,2010-08-02 00:00:00,3.9,2010-08-02 00:00:00,3.7,3.8,169,855800,3248910,2010-08-02 00:00:00,1
2010-08-03 00:00:00,2010-08-03 00:00:00,3.9,2010-08-03 00:00:00,3.7,3.7,111,1132100,4274890,2010-08-03 00:00:00,1
2010-08-04 00:00:00,2010-08-04 00:00:00,3.8,2010-08-04 00:00:00,3.7,3.8,143,1087600,4092760,2010-08-04 00:00:00,1
2010-08-05 00:00:00,2010-08-05 00:00:00,3.7,2010-08-05 00:00:00,3.5,3.6,301,3205300,11403140,2010-08-05 00:00:00,1
2010-08-06 00:00:00,2010-08-06 00:00:00,3.8,2010-08-06 00:00:00,3.3,3.5,172,1427800,4972840,2010-08-06 00:00:00,1
2010-08-09 00:00:00,2010-08-09 00:00:00,3.6,2010-08-09 00:00:00,3.2,3.2,193,1294200,4148970,2010-08-09 00:00:00,1
2010-08-10 00:00:00,2010-08-10 00:00:00,3.5,2010-08-10 00:00:00,2.9,3.5,330,5954100,20315430,2010-08-10 00:00:00,1
2010-08-11 00:00:00,2010-08-11 00:00:00,3.7,2010-08-11 00:00:00,3.3,3.4,181,1238100,4293980,2010-08-11 00:00:00,1
2010-08-12 00:00:00,2010-08-12 00:00:00,3.5,2010-08-12 00:00:00,3.3,3.4,113,497400,1656570,2010-08-12 00:00:00,1
2010-08-13 00:00:00,2010-08-13 00:00:00,3.6,2010-08-13 00:00:00,3.4,3.5,92,1105700,3838420,2010-08-13 00:00:00,1
2010-08-16 00:00:00,2010-08-16 00:00:00,3.6,2010-08-16 00:00:00,3.4,3.5,84,423900,1485610,2010-08-16 00:00:00,1
2010-08-17 00:00:00,2010-08-17 00:00:00,3.5,2010-08-17 00:00:00,3.4,3.4,87,791300,2705410,2010-08-17 00:00:00,1
2010-08-18 00:00:00,2010-08-18 00:00:00,3.5,2010-08-18 00:00:00,3.4,3.4,56,221400,768970,2010-08-18 00:00:00,1
2010-08-19 00:00:00,2010-08-19 00:00:00,3.6,2010-08-19 00:00:00,3.4,3.5,206,1270700,4441600,2010-08-19 00:00:00,1
2010-08-20 00:00:00,2010-08-20 00:00:00,3.5,2010-08-20 00:00:00,3.3,3.4,113,1380200,4708520,2010-08-20 00:00:00,1
2010-08-23 00:00:00,2010-08-23 00:00:00,3.5,2010-08-23 00:00:00,3.4,3.4,66,270500,924320,2010-08-23 00:00:00,1
2010-08-25 00:00:00,2010-08-25 00:00:00,3.5,2010-08-25 00:00:00,3.4,3.4,70,556700,1893150,2010-08-25 00:00:00,1
2010-08-26 00:00:00,2010-08-26 00:00:00,3.4,2010-08-26 00:00:00,3.3,3.4,60,217600,739200,2010-08-26 00:00:00,1
2010-08-27 00:00:00,2010-08-27 00:00:00,3.5,2010-08-27 00:00:00,3.3,3.4,64,675600,2296350,2010-08-27 00:00:00,1
2010-08-30 00:00:00,2010-08-30 00:00:00,3.4,2010-08-30 00:00:00,3.3,3.4,49,526100,1785530,2010-08-30 00:00:00,1
2010-08-31 00:00:00,2010-08-31 00:00:00,3.5,2010-08-31 00:00:00,3.4,3.4,122,1137000,3913030,2010-08-31 00:00:00,1
2010-09-01 00:00:00,2010-09-01 00:00:00,3.7,2010-09-01 00:00:00,3.4,3.6,267,4511400,15936700,2010-09-01 00:00:00,1
2010-09-02 00:00:00,2010-09-02 00:00:00,3.7,2010-09-02 00:00:00,3.4,3.5,177,1191100,4191320,2010-09-02 00:00:00,1
2010-09-03 00:00:00,2010-09-03 00:00:00,3.6,2010-09-03 00:00:00,3.4,3.4,126,1034000,3589430,2010-09-03 00:00:00,1
2010-09-06 00:00:00,2010-09-06 00:00:00,3.6,2010-09-06 00:00:00,3.4,3.5,124,1197500,4130160,2010-09-06 00:00:00,1
2010-09-07 00:00:00,2010-09-07 00:00:00,3.5,2010-09-07 00:00:00,3.4,3.5,90,286900,985940,2010-09-07 00:00:00,1
2010-09-08 00:00:00,2010-09-08 00:00:00,3.5,2010-09-08 00:00:00,3.4,3.4,64,257100,875500,2010-09-08 00:00:00,1
2010-09-09 00:00:00,2010-09-09 00:00:00,3.6,2010-09-09 00:00:00,3.3,3.5,235,3431900,12013110,2010-09-09 00:00:00,1
2010-09-13 00:00:00,2010-09-13 00:00:00,3.7,2010-09-13 00:00:00,3.5,3.6,272,3251700,11715620,2010-09-13 00:00:00,1
2010-09-14 00:00:00,2010-09-14 00:00:00,3.9,2010-09-14 00:00:00,3.5,3.8,582,14317300,54419760,2010-09-14 00:00:00,1
2010-09-15 00:00:00,2010-09-15 00:00:00,4.1,2010-09-15 00:00:00,3.7,3.8,638,8687100,34056370,2010-09-15 00:00:00,1
2010-09-16 00:00:00,2010-09-16 00:00:00,4,2010-09-16 00:00:00,3.8,3.8,302,4278300,16608560,2010-09-16 00:00:00,1
2010-09-17 00:00:00,2010-09-17 00:00:00,3.9,2010-09-17 00:00:00,3.7,3.8,188,1599200,6170370,2010-09-17 00:00:00,1
2010-09-20 00:00:00,2010-09-20 00:00:00,3.9,2010-09-20 00:00:00,3.7,3.7,104,1122500,4178950,2010-09-20 00:00:00,1
2010-09-21 00:00:00,2010-09-21 00:00:00,4.1,2010-09-21 00:00:00,3.7,4,562,13277400,52636410,2010-09-21 00:00:00,1
2010-09-23 00:00:00,2010-09-23 00:00:00,4.2,2010-09-23 00:00:00,4,4,492,9509800,38768270,2010-09-23 00:00:00,1
2010-09-24 00:00:00,2010-09-24 00:00:00,4.2,2010-09-24 00:00:00,4,4,255,5076000,20739390,2010-09-24 00:00:00,1
2010-09-27 00:00:00,2010-09-27 00:00:00,4.3,2010-09-27 00:00:00,4.1,4.2,492,8141600,34041960,2010-09-27 00:00:00,1
2010-09-28 00:00:00,2010-09-28 00:00:00,4.8,2010-09-28 00:00:00,4.1,4.7,944,19000100,85724500,2010-09-28 00:00:00,1
2010-09-29 00:00:00,2010-09-29 00:00:00,5.3,2010-09-29 00:00:00,4.8,5.1,1144,14499600,73909210,2010-09-29 00:00:00,1
2010-09-30 00:00:00,2010-09-30 00:00:00,5.2,2010-09-30 00:00:00,4.8,4.9,553,8185100,40640790,2010-09-30 00:00:00,1
2010-10-01 00:00:00,2010-10-01 00:00:00,5.1,2010-10-01 00:00:00,4.8,5,364,9321200,46491130,2010-10-01 00:00:00,1
2010-10-04 00:00:00,2010-10-04 00:00:00,5.1,2010-10-04 00:00:00,4.9,5,226,3490300,17441280,2010-10-04 00:00:00,1
2010-10-05 00:00:00,2010-10-05 00:00:00,5,2010-10-05 00:00:00,4.7,4.8,282,3443700,16684670,2010-10-05 00:00:00,1
2010-10-06 00:00:00,2010-10-06 00:00:00,4.9,2010-10-06 00:00:00,4.6,4.7,253,3578400,17100060,2010-10-06 00:00:00,1
2010-10-07 00:00:00,2010-10-07 00:00:00,4.9,2010-10-07 00:00:00,4.4,4.7,263,4294800,19732680,2010-10-07 00:00:00,1
2010-10-08 00:00:00,2010-10-08 00:00:00,4.9,2010-10-08 00:00:00,4.5,4.7,227,2146400,10065400,2010-10-08 00:00:00,1
2010-10-11 00:00:00,2010-10-11 00:00:00,5,2010-10-11 00:00:00,4.8,4.8,250,2082300,10132270,2010-10-11 00:00:00,1
2010-10-12 00:00:00,2010-10-12 00:00:00,4.7,2010-10-12 00:00:00,4.3,4.4,301,3898200,17506830,2010-10-12 00:00:00,1
2010-10-13 00:00:00,2010-10-13 00:00:00,4.6,2010-10-13 00:00:00,4,4.3,401,5283200,22603210,2010-10-13 00:00:00,1
2010-10-14 00:00:00,2010-10-14 00:00:00,4.7,2010-10-14 00:00:00,4.1,4.2,227,1706000,7274360,2010-10-14 00:00:00,1
2010-10-15 00:00:00,2010-10-15 00:00:00,4.4,2010-10-15 00:00:00,4.2,4.3,117,722700,3096750,2010-10-15 00:00:00,1
2010-10-18 00:00:00,2010-10-18 00:00:00,4.5,2010-10-18 00:00:00,4.2,4.2,83,330800,1401140,2010-10-18 00:00:00,1
2010-10-19 00:00:00,2010-10-19 00:00:00,4.5,2010-10-19 00:00:00,4.2,4.4,187,1840500,8076860,2010-10-19 00:00:00,1
2010-10-20 00:00:00,2010-10-20 00:00:00,4.4,2010-10-20 00:00:00,4.3,4.3,73,310600,1341460,2010-10-20 00:00:00,1
2010-10-21 00:00:00,2010-10-21 00:00:00,4.4,2010-10-21 00:00:00,4.2,4.2,63,222000,954420,2010-10-21 00:00:00,1
2010-10-25 00:00:00,2010-10-25 00:00:00,4.4,2010-10-25 00:00:00,4.2,4.3,127,1243900,5354330,2010-10-25 00:00:00,1
2010-10-26 00:00:00,2010-10-26 00:00:00,4.3,2010-10-26 00:00:00,4.2,4.2,94,474900,2008250,2010-10-26 00:00:00,1
2010-10-27 00:00:00,2010-10-27 00:00:00,4.3,2010-10-27 00:00:00,4.1,4.2,98,673000,2817670,2010-10-27 00:00:00,1
2010-10-28 00:00:00,2010-10-28 00:00:00,4.6,2010-10-28 00:00:00,4.3,4.4,436,3574300,15979620,2010-10-28 00:00:00,1
2010-10-29 00:00:00,2010-10-29 00:00:00,4.7,2010-10-29 00:00:00,4.5,4.6,357,3378100,15474250,2010-10-29 00:00:00,1
2010-11-01 00:00:00,2010-11-01 00:00:00,4.7,2010-11-01 00:00:00,4.6,4.6,122,863900,4033240,2010-11-01 00:00:00,1
2010-11-02 00:00:00,2010-11-02 00:00:00,4.7,2010-11-02 00:00:00,4.5,4.6,97,838300,3848010,2010-11-02 00:00:00,1
2010-11-03 00:00:00,2010-11-03 00:00:00,4.7,2010-11-03 00:00:00,4.5,4.5,120,634100,2882710,2010-11-03 00:00:00,1
2010-11-04 00:00:00,2010-11-04 00:00:00,4.5,2010-11-04 00:00:00,4.3,4.4,123,584800,2585700,2010-11-04 00:00:00,1
2010-11-08 00:00:00,2010-11-08 00:00:00,4.6,2010-11-08 00:00:00,4.4,4.5,137,1496900,6749170,2010-11-08 00:00:00,1
2010-11-09 00:00:00,2010-11-09 00:00:00,4.5,2010-11-09 00:00:00,4.4,4.4,53,211000,936640,2010-11-09 00:00:00,1
2010-11-10 00:00:00,2010-11-10 00:00:00,4.5,2010-11-10 00:00:00,4.3,4.4,48,335600,1474670,2010-11-10 00:00:00,1
2010-11-11 00:00:00,2010-11-11 00:00:00,4.5,2010-11-11 00:00:00,4.3,4.4,57,459100,2019410,2010-11-11 00:00:00,1
2010-11-12 00:00:00,2010-11-12 00:00:00,4.4,2010-11-12 00:00:00,4.3,4.3,59,238500,1040260,2010-11-12 00:00:00,1
2010-11-15 00:00:00,2010-11-15 00:00:00,4.4,2010-11-15 00:00:00,4.3,4.3,85,446100,1920710,2010-11-15 00:00:00,1
2010-11-16 00:00:00,2010-11-16 00:00:00,4.5,2010-11-16 00:00:00,4.2,4.3,80,515500,2244660,2010-11-16 00:00:00,1
2010-11-18 00:00:00,2010-11-18 00:00:00,4.5,2010-11-18 00:00:00,4.2,4.4,79,467300,2044330,2010-11-18 00:00:00,1
2010-11-22 00:00:00,2010-11-22 00:00:00,4.5,2010-11-22 00:00:00,4.3,4.4,70,501100,2206640,2010-11-22 00:00:00,1
2010-11-23 00:00:00,2010-11-23 00:00:00,4.3,2010-11-23 00:00:00,4.1,4.2,83,517800,2197060,2010-11-23 00:00:00,1
2010-11-24 00:00:00,2010-11-24 00:00:00,4.4,2010-11-24 00:00:00,4.2,4.3,65,239400,1018690,2010-11-24 00:00:00,1
2010-11-25 00:00:00,2010-11-25 00:00:00,4.3,2010-11-25 00:00:00,4.1,4.2,75,305000,1281180,2010-11-25 00:00:00,1
2010-11-26 00:00:00,2010-11-26 00:00:00,4.2,2010-11-26 00:00:00,4.1,4.2,131,987700,4084110,2010-11-26 00:00:00,1
2010-11-29 00:00:00,2010-11-29 00:00:00,4.2,2010-11-29 00:00:00,3.9,4,167,1414500,5680430,2010-11-29 00:00:00,1
2010-11-30 00:00:00,2010-11-30 00:00:00,4.4,2010-11-30 00:00:00,4.1,4.2,225,1945400,8187690,2010-11-30 00:00:00,1
2010-12-01 00:00:00,2010-12-01 00:00:00,4.4,2010-12-01 00:00:00,4.2,4.4,177,1607000,6895370,2010-12-01 00:00:00,1
2010-12-02 00:00:00,2010-12-02 00:00:00,4.4,2010-12-02 00:00:00,4.2,4.3,164,805900,3464960,2010-12-02 00:00:00,1
2010-12-03 00:00:00,2010-12-03 00:00:00,4.4,2010-12-03 00:00:00,4.2,4.2,106,508900,2146480,2010-12-03 00:00:00,1
2010-12-06 00:00:00,2010-12-06 00:00:00,4.3,2010-12-06 00:00:00,4.1,4.2,118,887600,3706530,2010-12-06 00:00:00,1
2010-12-07 00:00:00,2010-12-07 00:00:00,4.3,2010-12-07 00:00:00,4.2,4.2,41,229300,966640,2010-12-07 00:00:00,1
2010-12-08 00:00:00,2010-12-08 00:00:00,4.3,2010-12-08 00:00:00,4.1,4.2,86,440200,1848960,2010-12-08 00:00:00,1
2010-12-09 00:00:00,2010-12-09 00:00:00,4.2,2010-12-09 00:00:00,4.1,4.2,53,410100,1721300,2010-12-09 00:00:00,1
2010-12-10 00:00:00,2010-12-10 00:00:00,4.2,2010-12-10 00:00:00,4,4.1,150,1337400,5435980,2010-12-10 00:00:00,1
2010-12-13 00:00:00,2010-12-13 00:00:00,4.2,2010-12-13 00:00:00,4,4.1,74,446600,1830800,2010-12-13 00:00:00,1
2010-12-14 00:00:00,2010-12-14 00:00:00,4.1,2010-12-14 00:00:00,4,4,123,1220900,4903510,2010-12-14 00:00:00,1
2010-12-15 00:00:00,2010-12-15 00:00:00,4.1,2010-12-15 00:00:00,4,4.1,63,1224200,5018080,2010-12-15 00:00:00,1
2010-12-16 00:00:00,2010-12-16 00:00:00,4.2,2010-12-16 00:00:00,4,4.1,53,968600,3971390,2010-12-16 00:00:00,1
2010-12-17 00:00:00,2010-12-17 00:00:00,4.1,2010-12-17 00:00:00,4,4.1,58,1136200,4650030,2010-12-17 00:00:00,1
2010-12-21 00:00:00,2010-12-21 00:00:00,4.2,2010-12-21 00:00:00,4,4.1,79,557800,2261550,2010-12-21 00:00:00,1
2010-12-22 00:00:00,2010-12-22 00:00:00,4.2,2010-12-22 00:00:00,4,4.1,73,645100,2644370,2010-12-22 00:00:00,1
2010-12-23 00:00:00,2010-12-23 00:00:00,4.2,2010-12-23 00:00:00,4,4.2,103,683300,2808930,2010-12-23 00:00:00,1
2010-12-24 00:00:00,2010-12-24 00:00:00,4.3,2010-12-24 00:00:00,4.1,4.2,101,807400,3389820,2010-12-24 00:00:00,1
2010-12-27 00:00:00,2010-12-27 00:00:00,4.3,2010-12-27 00:00:00,4.1,4.2,82,430500,1806860,2010-12-27 00:00:00,1
2010-12-28 00:00:00,2010-12-28 00:00:00,4.5,2010-12-28 00:00:00,4.2,4.4,432,4360700,19118330,2010-12-28 00:00:00,1
2010-12-29 00:00:00,2010-12-29 00:00:00,4.4,2010-12-29 00:00:00,4.3,4.4,117,1141000,4998790,2010-12-29 00:00:00,1
2010-12-30 00:00:00,2010-12-30 00:00:00,4.4,2010-12-30 00:00:00,4.1,4.3,211,1785100,7640370,2010-12-30 00:00:00,1
2010-12-31 00:00:00,2010-12-31 00:00:00,4.4,2010-12-31 00:00:00,4.2,4.3,125,955600,4096130,2010-12-31 00:00:00,1
Company Id,:  SLND,Security,Type :  N,Sub Type,:  0000,,,,,
Short Name,:  SERENDIB LAND,,,,,,,,,
Day,Date High,High,Date Low,Low,Closing,No. of Trades,No. of Shares,Turnover,Last Traded,Days Traded
2010-01-19 00:00:00,2010-01-19 00:00:00,500,2010-01-19 00:00:00,500,500,1,200,100000,2010-01-19 00:00:00,1
2010-03-22 00:00:00,2010-03-22 00:00:00,505,2010-03-22 00:00:00,505,505,1,100,50500,2010-03-22 00:00:00,1
2010-05-03 00:00:00,2010-05-03 00:00:00,505,2010-05-03 00:00:00,504.5,504.5,2,600,302750,2010-05-03 00:00:00,1
2010-05-04 00:00:00,2010-05-04 00:00:00,510,2010-05-04 00:00:00,510,510,1,100,51000,2010-05-04 00:00:00,1
2010-05-21 00:00:00,2010-05-21 00:00:00,550,2010-05-21 00:00:00,550,550,1,200,110000,2010-05-21 00:00:00,1
2010-06-04 00:00:00,2010-06-04 00:00:00,550,2010-06-04 00:00:00,550,550,1,200,110000,2010-06-04 00:00:00,1
2010-06-14 00:00:00,2010-06-14 00:00:00,550,2010-06-14 00:00:00,550,550,1,200,110000,2010-06-14 00:00:00,1
2010-06-15 00:00:00,2010-06-15 00:00:00,550,2010-06-15 00:00:00,550,550,1,100,55000,2010-06-15 00:00:00,1
2010-07-26 00:00:00,2010-07-26 00:00:00,500,2010-07-26 00:00:00,500,500,1,100,50000,2010-07-26 00:00:00,1
2010-07-30 00:00:00,2010-07-30 00:00:00,550,2010-07-30 00:00:00,550,550,1,100,55000,2010-07-30 00:00:00,1
2010-08-30 00:00:00,2010-08-30 00:00:00,550,2010-08-30 00:00:00,550,550,1,100,55000,2010-08-30 00:00:00,1
2010-09-23 00:00:00,2010-09-23 00:00:00,600,2010-09-23 00:00:00,600,600,1,100,60000,2010-09-23 00:00:00,1
2010-10-27 00:00:00,2010-10-27 00:00:00,600,2010-10-27 00:00:00,600,600,1,200,120000,2010-10-27 00:00:00,1
2010-12-13 00:00:00,2010-12-13 00:00:00,600,2010-12-13 00:00:00,600,600,2,200,120000,2010-12-13 00:00:00,1
Company Id,:  SLTL,Security,Type :  N,Sub Type,:  0000,,,,,
Short Name,:  SLT,,,,,,,,,
Day,Date High,High,Date Low,Low,Closing,No. of Trades,No. of Shares,Turnover,Last Traded,Days Traded
2010-01-04 00:00:00,2010-01-04 00:00:00,46.5,2010-01-04 00:00:00,44.5,45,17,28100,1268375,2010-01-04 00:00:00,1
2010-01-05 00:00:00,2010-01-05 00:00:00,45.5,2010-01-05 00:00:00,44,44,18,25100,1114625,2010-01-05 00:00:00,1
2010-01-06 00:00:00,2010-01-06 00:00:00,44,2010-01-06 00:00:00,43,43.25,23,27100,1173325,2010-01-06 00:00:00,1
2010-01-07 00:00:00,2010-01-07 00:00:00,44,2010-01-07 00:00:00,42,43,21,39100,1651750,2010-01-07 00:00:00,1
2010-01-08 00:00:00,2010-01-08 00:00:00,43.75,2010-01-08 00:00:00,43,43,18,6000,259150,2010-01-08 00:00:00,1
2010-01-11 00:00:00,2010-01-11 00:00:00,43.75,2010-01-11 00:00:00,43,43.5,9,10700,465225,2010-01-11 00:00:00,1
2010-01-12 00:00:00,2010-01-12 00:00:00,43,2010-01-12 00:00:00,42.5,42.5,20,9900,421750,2010-01-12 00:00:00,1
2010-01-13 00:00:00,2010-01-13 00:00:00,43.5,2010-01-13 00:00:00,42.25,42.25,22,35200,1493575,2010-01-13 00:00:00,1
2010-01-15 00:00:00,2010-01-15 00:00:00,43.75,2010-01-15 00:00:00,42.5,43,13,23000,988825,2010-01-15 00:00:00,1
2010-01-18 00:00:00,2010-01-18 00:00:00,43.5,2010-01-18 00:00:00,41.5,41.5,36,171300,7124300,2010-01-18 00:00:00,1
2010-01-19 00:00:00,2010-01-19 00:00:00,42.5,2010-01-19 00:00:00,41.5,41.75,19,15300,640600,2010-01-19 00:00:00,1
2010-01-20 00:00:00,2010-01-20 00:00:00,43,2010-01-20 00:00:00,41.5,43,27,44900,1888675,2010-01-20 00:00:00,1
2010-01-21 00:00:00,2010-01-21 00:00:00,43,2010-01-21 00:00:00,41.25,42.75,14,16300,681450,2010-01-21 00:00:00,1
2010-01-22 00:00:00,2010-01-22 00:00:00,43.5,2010-01-22 00:00:00,41.75,43,43,73500,3156625,2010-01-22 00:00:00,1
2010-01-25 00:00:00,2010-01-25 00:00:00,43.5,2010-01-25 00:00:00,42.25,43,23,21800,939175,2010-01-25 00:00:00,1
2010-01-26 00:00:00,2010-01-26 00:00:00,43.5,2010-01-26 00:00:00,42,42.75,13,8400,357950,2010-01-26 00:00:00,1
2010-01-28 00:00:00,2010-01-28 00:00:00,43,2010-01-28 00:00:00,41.5,42,17,6300,265925,2010-01-28 00:00:00,1
2010-02-01 00:00:00,2010-02-01 00:00:00,43.5,2010-02-01 00:00:00,42,42,50,127700,5392725,2010-02-01 00:00:00,1
2010-02-02 00:00:00,2010-02-02 00:00:00,43.5,2010-02-02 00:00:00,41.75,42,28,52800,2226825,2010-02-02 00:00:00,1
2010-02-03 00:00:00,2010-02-03 00:00:00,43.5,2010-02-03 00:00:00,42.25,42.5,17,17100,733300,2010-02-03 00:00:00,1
2010-02-05 00:00:00,2010-02-05 00:00:00,42.5,2010-02-05 00:00:00,41.75,42.25,26,47400,1992625,2010-02-05 00:00:00,1
2010-02-08 00:00:00,2010-02-08 00:00:00,43.25,2010-02-08 00:00:00,42,42.75,28,43500,1861650,2010-02-08 00:00:00,1
2010-02-09 00:00:00,2010-02-09 00:00:00,43.5,2010-02-09 00:00:00,41.75,42.25,22,26000,1103725,2010-02-09 00:00:00,1
2010-02-10 00:00:00,2010-02-10 00:00:00,43,2010-02-10 00:00:00,41,41.25,41,28100,1173650,2010-02-10 00:00:00,1
2010-02-11 00:00:00,2010-02-11 00:00:00,41.75,2010-02-11 00:00:00,40.5,41,27,13900,570350,2010-02-11 00:00:00,1
2010-02-12 00:00:00,2010-02-12 00:00:00,42,2010-02-12 00:00:00,40.5,41.75,16,8800,361175,2010-02-12 00:00:00,1
2010-02-15 00:00:00,2010-02-15 00:00:00,42,2010-02-15 00:00:00,40.5,41.5,16,10600,440700,2010-02-15 00:00:00,1
2010-02-16 00:00:00,2010-02-16 00:00:00,42,2010-02-16 00:00:00,40.25,40.25,29,21300,862425,2010-02-16 00:00:00,1
2010-02-17 00:00:00,2010-02-17 00:00:00,41,2010-02-17 00:00:00,40,40,38,108700,4349050,2010-02-17 00:00:00,1
2010-02-18 00:00:00,2010-02-18 00:00:00,41,2010-02-18 00:00:00,40,40.5,12,9800,395325,2010-02-18 00:00:00,1
2010-02-19 00:00:00,2010-02-19 00:00:00,41,2010-02-19 00:00:00,40,40,38,17500,702975,2010-02-19 00:00:00,1
2010-02-22 00:00:00,2010-02-22 00:00:00,40.5,2010-02-22 00:00:00,40,40,21,38600,1544525,2010-02-22 00:00:00,1
2010-02-23 00:00:00,2010-02-23 00:00:00,40,2010-02-23 00:00:00,39.75,40,41,89300,3571750,2010-02-23 00:00:00,1
2010-02-24 00:00:00,2010-02-24 00:00:00,39.75,2010-02-24 00:00:00,39.25,39.5,33,11900,469875,2010-02-24 00:00:00,1
2010-02-25 00:00:00,2010-02-25 00:00:00,39.5,2010-02-25 00:00:00,38.5,38.75,64,30200,1176825,2010-02-25 00:00:00,1
2010-02-26 00:00:00,2010-02-26 00:00:00,39.75,2010-02-26 00:00:00,39.5,39.5,8,4500,178275,2010-02-26 00:00:00,1
2010-03-01 00:00:00,2010-03-01 00:00:00,39.75,2010-03-01 00:00:00,38.25,38.5,74,36200,1398925,2010-03-01 00:00:00,1
2010-03-02 00:00:00,2010-03-02 00:00:00,38.5,2010-03-02 00:00:00,37.5,38,62,70600,2684100,2010-03-02 00:00:00,1
2010-03-03 00:00:00,2010-03-03 00:00:00,38,2010-03-03 00:00:00,36.25,36.5,52,51100,1895800,2010-03-03 00:00:00,1
2010-03-04 00:00:00,2010-03-04 00:00:00,38.5,2010-03-04 00:00:00,36.5,38,75,214000,8019150,2010-03-04 00:00:00,1
2010-03-05 00:00:00,2010-03-05 00:00:00,38.5,2010-03-05 00:00:00,37,37.25,43,44500,1650925,2010-03-05 00:00:00,1
2010-03-08 00:00:00,2010-03-08 00:00:00,38,2010-03-08 00:00:00,37.25,37.5,24,22000,824750,2010-03-08 00:00:00,1
2010-03-09 00:00:00,2010-03-09 00:00:00,37.5,2010-03-09 00:00:00,37,37,26,21200,786700,2010-03-09 00:00:00,1
2010-03-10 00:00:00,2010-03-10 00:00:00,37,2010-03-10 00:00:00,36.5,36.5,24,10600,389175,2010-03-10 00:00:00,1
2010-03-11 00:00:00,2010-03-11 00:00:00,37.25,2010-03-11 00:00:00,36.5,37.25,38,62100,2293600,2010-03-11 00:00:00,1
2010-03-12 00:00:00,2010-03-12 00:00:00,38.25,2010-03-12 00:00:00,37.5,37.75,20,28000,1062875,2010-03-12 00:00:00,1
2010-03-15 00:00:00,2010-03-15 00:00:00,39,2010-03-15 00:00:00,37.5,37.75,19,13900,528825,2010-03-15 00:00:00,1
2010-03-16 00:00:00,2010-03-16 00:00:00,37.25,2010-03-16 00:00:00,36.5,36.75,11,17700,651775,2010-03-16 00:00:00,1
2010-03-17 00:00:00,2010-03-17 00:00:00,37,2010-03-17 00:00:00,36,36.25,31,33400,1211225,2010-03-17 00:00:00,1
2010-03-18 00:00:00,2010-03-18 00:00:00,37,2010-03-18 00:00:00,36,36.5,23,31000,1131350,2010-03-18 00:00:00,1
2010-03-19 00:00:00,2010-03-19 00:00:00,37,2010-03-19 00:00:00,36,36,32,20100,726350,2010-03-19 00:00:00,1
2010-03-22 00:00:00,2010-03-22 00:00:00,37,2010-03-22 00:00:00,36,36.5,17,19300,704200,2010-03-22 00:00:00,1
2010-03-23 00:00:00,2010-03-23 00:00:00,37.75,2010-03-23 00:00:00,36,36,51,54800,1996875,2010-03-23 00:00:00,1
2010-03-24 00:00:00,2010-03-24 00:00:00,36.5,2010-03-24 00:00:00,36,36,18,7700,279100,2010-03-24 00:00:00,1
2010-03-25 00:00:00,2010-03-25 00:00:00,36.5,2010-03-25 00:00:00,36,36,12,10100,364400,2010-03-25 00:00:00,1
2010-03-26 00:00:00,2010-03-26 00:00:00,36.5,2010-03-26 00:00:00,36.25,36.25,12,10400,378575,2010-03-26 00:00:00,1
2010-03-30 00:00:00,2010-03-30 00:00:00,37,2010-03-30 00:00:00,36.25,37,8,7200,264525,2010-03-30 00:00:00,1
2010-03-31 00:00:00,2010-03-31 00:00:00,36.5,2010-03-31 00:00:00,36.25,36.25,9,7000,254375,2010-03-31 00:00:00,1
2010-04-01 00:00:00,2010-04-01 00:00:00,36.5,2010-04-01 00:00:00,36,36.25,14,13700,494175,2010-04-01 00:00:00,1
2010-04-05 00:00:00,2010-04-05 00:00:00,37,2010-04-05 00:00:00,36.25,37,11,7200,262700,2010-04-05 00:00:00,1
2010-04-06 00:00:00,2010-04-06 00:00:00,38.75,2010-04-06 00:00:00,36.75,37.75,28,29400,1094225,2010-04-06 00:00:00,1
2010-04-07 00:00:00,2010-04-07 00:00:00,39,2010-04-07 00:00:00,37.75,38,22,16100,618375,2010-04-07 00:00:00,1
2010-04-08 00:00:00,2010-04-08 00:00:00,38,2010-04-08 00:00:00,37.5,37.75,20,20600,779200,2010-04-08 00:00:00,1
2010-04-12 00:00:00,2010-04-12 00:00:00,39.5,2010-04-12 00:00:00,37.75,37.75,44,55400,2108050,2010-04-12 00:00:00,1
2010-04-15 00:00:00,2010-04-15 00:00:00,39,2010-04-15 00:00:00,38,38,20,9200,350575,2010-04-15 00:00:00,1
2010-04-16 00:00:00,2010-04-16 00:00:00,38.5,2010-04-16 00:00:00,37.75,38,38,13200,504675,2010-04-16 00:00:00,1
2010-04-19 00:00:00,2010-04-19 00:00:00,39.5,2010-04-19 00:00:00,37.75,38,24,19800,759775,2010-04-19 00:00:00,1
2010-04-20 00:00:00,2010-04-20 00:00:00,38.25,2010-04-20 00:00:00,37,38,61,296500,11218125,2010-04-20 00:00:00,1
2010-04-21 00:00:00,2010-04-21 00:00:00,38,2010-04-21 00:00:00,36.75,37,15,52700,1957750,2010-04-21 00:00:00,1
2010-04-22 00:00:00,2010-04-22 00:00:00,37.75,2010-04-22 00:00:00,36.5,36.5,24,25500,934100,2010-04-22 00:00:00,1
2010-04-23 00:00:00,2010-04-23 00:00:00,36.5,2010-04-23 00:00:00,36.25,36.5,34,25300,922125,2010-04-23 00:00:00,1
2010-04-26 00:00:00,2010-04-26 00:00:00,38,2010-04-26 00:00:00,36.5,36.75,35,33800,1248975,2010-04-26 00:00:00,1
2010-04-27 00:00:00,2010-04-27 00:00:00,37.5,2010-04-27 00:00:00,37,37,17,17600,654600,2010-04-27 00:00:00,1
2010-04-29 00:00:00,2010-04-29 00:00:00,38.25,2010-04-29 00:00:00,37,37,39,133000,4990575,2010-04-29 00:00:00,1
2010-04-30 00:00:00,2010-04-30 00:00:00,38,2010-04-30 00:00:00,36.75,37,13,7600,283350,2010-04-30 00:00:00,1
2010-05-03 00:00:00,2010-05-03 00:00:00,37.5,2010-05-03 00:00:00,36.5,36.5,42,53100,1942700,2010-05-03 00:00:00,1
2010-05-04 00:00:00,2010-05-04 00:00:00,38,2010-05-04 00:00:00,36,37,57,374600,13757400,2010-05-04 00:00:00,1
2010-05-05 00:00:00,2010-05-05 00:00:00,39,2010-05-05 00:00:00,37.5,38,76,86600,3303000,2010-05-05 00:00:00,1
2010-05-06 00:00:00,2010-05-06 00:00:00,38.75,2010-05-06 00:00:00,37.75,37.75,32,243100,9301250,2010-05-06 00:00:00,1
2010-05-07 00:00:00,2010-05-07 00:00:00,38.5,2010-05-07 00:00:00,37.5,37.5,21,211000,7916025,2010-05-07 00:00:00,1
2010-05-10 00:00:00,2010-05-10 00:00:00,38.5,2010-05-10 00:00:00,37.25,37.5,10,19600,739275,2010-05-10 00:00:00,1
2010-05-11 00:00:00,2010-05-11 00:00:00,38,2010-05-11 00:00:00,36,36.5,43,1740200,63031650,2010-05-11 00:00:00,1
2010-05-12 00:00:00,2010-05-12 00:00:00,38.5,2010-05-12 00:00:00,37,38,83,626900,23843650,2010-05-12 00:00:00,1
2010-05-13 00:00:00,2010-05-13 00:00:00,39,2010-05-13 00:00:00,38,38,109,263400,10108300,2010-05-13 00:00:00,1
2010-05-14 00:00:00,2010-05-14 00:00:00,38.75,2010-05-14 00:00:00,37,37,23,229200,8490475,2010-05-14 00:00:00,1
2010-05-17 00:00:00,2010-05-17 00:00:00,38.5,2010-05-17 00:00:00,38,38,12,23300,887300,2010-05-17 00:00:00,1
2010-05-18 00:00:00,2010-05-18 00:00:00,38.5,2010-05-18 00:00:00,38,38.5,45,98100,3737200,2010-05-18 00:00:00,1
2010-05-19 00:00:00,2010-05-19 00:00:00,39,2010-05-19 00:00:00,37.5,37.5,27,103100,3950425,2010-05-19 00:00:00,1
2010-05-20 00:00:00,2010-05-20 00:00:00,38,2010-05-20 00:00:00,37.25,37.5,15,17400,653100,2010-05-20 00:00:00,1
2010-05-21 00:00:00,2010-05-21 00:00:00,37.25,2010-05-21 00:00:00,37,37,14,57800,2150175,2010-05-21 00:00:00,1
2010-05-24 00:00:00,2010-05-24 00:00:00,37.5,2010-05-24 00:00:00,37,37.25,11,2800,104525,2010-05-24 00:00:00,1
2010-05-25 00:00:00,2010-05-25 00:00:00,36.75,2010-05-25 00:00:00,36.75,36.75,9,3200,117600,2010-05-25 00:00:00,1
2010-05-26 00:00:00,2010-05-26 00:00:00,37.25,2010-05-26 00:00:00,36,37,20,21600,784400,2010-05-26 00:00:00,1
2010-05-31 00:00:00,2010-05-31 00:00:00,37.25,2010-05-31 00:00:00,36,36.5,6,1000,36850,2010-05-31 00:00:00,1
2010-06-01 00:00:00,2010-06-01 00:00:00,37,2010-06-01 00:00:00,36,36.5,6,1800,66050,2010-06-01 00:00:00,1
2010-06-02 00:00:00,2010-06-02 00:00:00,36.75,2010-06-02 00:00:00,36,36.5,28,53700,1950450,2010-06-02 00:00:00,1
2010-06-03 00:00:00,2010-06-03 00:00:00,37,2010-06-03 00:00:00,36,36.5,25,260600,9446600,2010-06-03 00:00:00,1
2010-06-04 00:00:00,2010-06-04 00:00:00,37,2010-06-04 00:00:00,36,36.5,57,514800,18833850,2010-06-04 00:00:00,1
2010-06-07 00:00:00,2010-06-07 00:00:00,38,2010-06-07 00:00:00,36,37,28,42700,1573750,2010-06-07 00:00:00,1
2010-06-08 00:00:00,2010-06-08 00:00:00,38,2010-06-08 00:00:00,36.5,37,43,140100,5316625,2010-06-08 00:00:00,1
2010-06-09 00:00:00,2010-06-09 00:00:00,37.75,2010-06-09 00:00:00,37,37.5,12,4000,149550,2010-06-09 00:00:00,1
2010-06-10 00:00:00,2010-06-10 00:00:00,38,2010-06-10 00:00:00,37.25,37.75,33,61700,2340625,2010-06-10 00:00:00,1
2010-06-11 00:00:00,2010-06-11 00:00:00,38.75,2010-06-11 00:00:00,36.5,37.75,38,30200,1154875,2010-06-11 00:00:00,1
2010-06-14 00:00:00,2010-06-14 00:00:00,38.5,2010-06-14 00:00:00,37.5,38,43,42800,1639150,2010-06-14 00:00:00,1
2010-06-15 00:00:00,2010-06-15 00:00:00,38.75,2010-06-15 00:00:00,38,38.25,18,22700,872475,2010-06-15 00:00:00,1
2010-06-16 00:00:00,2010-06-16 00:00:00,38.75,2010-06-16 00:00:00,37,37.25,27,83200,3140000,2010-06-16 00:00:00,1
2010-06-17 00:00:00,2010-06-17 00:00:00,38.5,2010-06-17 00:00:00,37.25,37.75,22,19600,744900,2010-06-17 00:00:00,1
2010-06-21 00:00:00,2010-06-21 00:00:00,38.5,2010-06-21 00:00:00,37.25,38,58,222300,8407450,2010-06-21 00:00:00,1
2010-06-22 00:00:00,2010-06-22 00:00:00,38.5,2010-06-22 00:00:00,37.75,38,48,127800,4857700,2010-06-22 00:00:00,1
2010-06-23 00:00:00,2010-06-23 00:00:00,37.75,2010-06-23 00:00:00,36.5,36.5,17,32700,1203200,2010-06-23 00:00:00,1
2010-06-24 00:00:00,2010-06-24 00:00:00,38,2010-06-24 00:00:00,36.25,36.5,17,21600,794375,2010-06-24 00:00:00,1
2010-06-28 00:00:00,2010-06-28 00:00:00,37,2010-06-28 00:00:00,36.5,36.5,17,65200,2380150,2010-06-28 00:00:00,1
2010-06-29 00:00:00,2010-06-29 00:00:00,37,2010-06-29 00:00:00,36.25,36.5,22,19800,722725,2010-06-29 00:00:00,1
2010-06-30 00:00:00,2010-06-30 00:00:00,38,2010-06-30 00:00:00,36.25,37,21,133000,4923875,2010-06-30 00:00:00,1
2010-07-01 00:00:00,2010-07-01 00:00:00,37.75,2010-07-01 00:00:00,36.75,37,23,52000,1924275,2010-07-01 00:00:00,1
2010-07-02 00:00:00,2010-07-02 00:00:00,37.25,2010-07-02 00:00:00,36.75,37,10,10100,372550,2010-07-02 00:00:00,1
2010-07-05 00:00:00,2010-07-05 00:00:00,37.5,2010-07-05 00:00:00,36.5,36.5,22,18700,685025,2010-07-05 00:00:00,1
2010-07-06 00:00:00,2010-07-06 00:00:00,37,2010-07-06 00:00:00,36,36,39,75000,2705600,2010-07-06 00:00:00,1
2010-07-07 00:00:00,2010-07-07 00:00:00,37.25,2010-07-07 00:00:00,35.25,36,38,63000,2240875,2010-07-07 00:00:00,1
2010-07-08 00:00:00,2010-07-08 00:00:00,37,2010-07-08 00:00:00,35.5,35.5,33,44000,1577750,2010-07-08 00:00:00,1
2010-07-09 00:00:00,2010-07-09 00:00:00,36,2010-07-09 00:00:00,35,35.25,40,105600,3782575,2010-07-09 00:00:00,1
2010-07-12 00:00:00,2010-07-12 00:00:00,36.25,2010-07-12 00:00:00,35,35.75,13,14200,505500,2010-07-12 00:00:00,1
2010-07-13 00:00:00,2010-07-13 00:00:00,35.75,2010-07-13 00:00:00,35.25,35.5,52,96500,3427225,2010-07-13 00:00:00,1
2010-07-14 00:00:00,2010-07-14 00:00:00,36,2010-07-14 00:00:00,35.25,35.5,37,45600,1616950,2010-07-14 00:00:00,1
2010-07-15 00:00:00,2010-07-15 00:00:00,36.5,2010-07-15 00:00:00,35,35,40,60900,2141400,2010-07-15 00:00:00,1
2010-07-16 00:00:00,2010-07-16 00:00:00,35.75,2010-07-16 00:00:00,35,35.5,17,71800,2547175,2010-07-16 00:00:00,1
2010-07-19 00:00:00,2010-07-19 00:00:00,37,2010-07-19 00:00:00,35,36.25,24,70700,2516050,2010-07-19 00:00:00,1
2010-07-20 00:00:00,2010-07-20 00:00:00,37,2010-07-20 00:00:00,35.5,35.75,20,10400,375625,2010-07-20 00:00:00,1
2010-07-21 00:00:00,2010-07-21 00:00:00,37,2010-07-21 00:00:00,35.75,36.25,19,9900,358700,2010-07-21 00:00:00,1
2010-07-22 00:00:00,2010-07-22 00:00:00,36.5,2010-07-22 00:00:00,35.75,36.5,9,14100,512100,2010-07-22 00:00:00,1
2010-07-23 00:00:00,2010-07-23 00:00:00,37,2010-07-23 00:00:00,35.75,36.5,43,74500,2705100,2010-07-23 00:00:00,1
2010-07-26 00:00:00,2010-07-26 00:00:00,36.75,2010-07-26 00:00:00,35.25,36.25,47,72200,2580350,2010-07-26 00:00:00,1
2010-07-27 00:00:00,2010-07-27 00:00:00,37.5,2010-07-27 00:00:00,36.5,37,39,89400,3307550,2010-07-27 00:00:00,1
2010-07-28 00:00:00,2010-07-28 00:00:00,37.75,2010-07-28 00:00:00,37,37.25,61,274100,10229975,2010-07-28 00:00:00,1
2010-07-29 00:00:00,2010-07-29 00:00:00,38,2010-07-29 00:00:00,36.75,37,36,69100,2590600,2010-07-29 00:00:00,1
2010-07-30 00:00:00,2010-07-30 00:00:00,38,2010-07-30 00:00:00,37,37.25,28,31500,1187075,2010-07-30 00:00:00,1
2010-08-02 00:00:00,2010-08-02 00:00:00,38.5,2010-08-02 00:00:00,37,38.1,76,165400,6256490,2010-08-02 00:00:00,1
2010-08-03 00:00:00,2010-08-03 00:00:00,39.4,2010-08-03 00:00:00,37,37.1,63,92100,3461660,2010-08-03 00:00:00,1
2010-08-04 00:00:00,2010-08-04 00:00:00,39.4,2010-08-04 00:00:00,37,38.8,43,83700,3247230,2010-08-04 00:00:00,1
2010-08-05 00:00:00,2010-08-05 00:00:00,39,2010-08-05 00:00:00,36.4,38.5,35,87800,3344020,2010-08-05 00:00:00,1
2010-08-06 00:00:00,2010-08-06 00:00:00,39,2010-08-06 00:00:00,37.5,37.6,28,41900,1625660,2010-08-06 00:00:00,1
2010-08-09 00:00:00,2010-08-09 00:00:00,36.5,2010-08-09 00:00:00,35,35.4,19,21200,750180,2010-08-09 00:00:00,1
2010-08-10 00:00:00,2010-08-10 00:00:00,38,2010-08-10 00:00:00,35,38,42,54100,1977100,2010-08-10 00:00:00,1
2010-08-11 00:00:00,2010-08-11 00:00:00,39.4,2010-08-11 00:00:00,38.1,38.6,72,94800,3690020,2010-08-11 00:00:00,1
2010-08-12 00:00:00,2010-08-12 00:00:00,39,2010-08-12 00:00:00,37.6,37.8,15,12000,454360,2010-08-12 00:00:00,1
2010-08-13 00:00:00,2010-08-13 00:00:00,38.5,2010-08-13 00:00:00,35.2,38.5,17,17900,668140,2010-08-13 00:00:00,1
2010-08-16 00:00:00,2010-08-16 00:00:00,38.6,2010-08-16 00:00:00,37.8,38,28,40500,1542780,2010-08-16 00:00:00,1
2010-08-17 00:00:00,2010-08-17 00:00:00,39.7,2010-08-17 00:00:00,38.2,39.3,151,303000,11767730,2010-08-17 00:00:00,1
2010-08-18 00:00:00,2010-08-18 00:00:00,42,2010-08-18 00:00:00,39.5,40.2,173,365300,14820530,2010-08-18 00:00:00,1
2010-08-19 00:00:00,2010-08-19 00:00:00,41.5,2010-08-19 00:00:00,40,40,74,171900,6902950,2010-08-19 00:00:00,1
2010-08-20 00:00:00,2010-08-20 00:00:00,40.7,2010-08-20 00:00:00,40,40,45,127700,5113920,2010-08-20 00:00:00,1
2010-08-23 00:00:00,2010-08-23 00:00:00,41.5,2010-08-23 00:00:00,39.9,40.9,71,197400,8024890,2010-08-23 00:00:00,1
2010-08-25 00:00:00,2010-08-25 00:00:00,42,2010-08-25 00:00:00,40,40.8,198,1069800,43854700,2010-08-25 00:00:00,1
2010-08-26 00:00:00,2010-08-26 00:00:00,41.5,2010-08-26 00:00:00,40,41.5,46,66900,2720430,2010-08-26 00:00:00,1
2010-08-27 00:00:00,2010-08-27 00:00:00,43,2010-08-27 00:00:00,41.5,42.1,117,218900,9225190,2010-08-27 00:00:00,1
2010-08-30 00:00:00,2010-08-30 00:00:00,42.5,2010-08-30 00:00:00,41,41.9,58,197100,8258950,2010-08-30 00:00:00,1
2010-08-31 00:00:00,2010-08-31 00:00:00,43,2010-08-31 00:00:00,41.9,42.1,34,66900,2807340,2010-08-31 00:00:00,1
2010-09-01 00:00:00,2010-09-01 00:00:00,42,2010-09-01 00:00:00,40.3,41.1,18,25600,1050380,2010-09-01 00:00:00,1
2010-09-02 00:00:00,2010-09-02 00:00:00,45.2,2010-09-02 00:00:00,41.5,45,414,1491100,66381310,2010-09-02 00:00:00,1
2010-09-03 00:00:00,2010-09-03 00:00:00,49.3,2010-09-03 00:00:00,46.5,48.6,716,1980100,95457880,2010-09-03 00:00:00,1
2010-09-06 00:00:00,2010-09-06 00:00:00,50,2010-09-06 00:00:00,46.8,47,213,317100,15268560,2010-09-06 00:00:00,1
2010-09-07 00:00:00,2010-09-07 00:00:00,48,2010-09-07 00:00:00,46.5,47,67,65600,3091060,2010-09-07 00:00:00,1
2010-09-08 00:00:00,2010-09-08 00:00:00,48.5,2010-09-08 00:00:00,45,46.8,59,57500,2705980,2010-09-08 00:00:00,1
2010-09-09 00:00:00,2010-09-09 00:00:00,47.9,2010-09-09 00:00:00,45.6,45.7,18,17200,809820,2010-09-09 00:00:00,1
2010-09-13 00:00:00,2010-09-13 00:00:00,47.5,2010-09-13 00:00:00,44,44.5,44,142900,6686260,2010-09-13 00:00:00,1
2010-09-14 00:00:00,2010-09-14 00:00:00,46,2010-09-14 00:00:00,44,45.5,69,73300,3307490,2010-09-14 00:00:00,1
2010-09-15 00:00:00,2010-09-15 00:00:00,46.5,2010-09-15 00:00:00,43,45.9,88,197900,8983510,2010-09-15 00:00:00,1
2010-09-16 00:00:00,2010-09-16 00:00:00,47.8,2010-09-16 00:00:00,45.9,47,127,194800,9100840,2010-09-16 00:00:00,1
2010-09-17 00:00:00,2010-09-17 00:00:00,48.5,2010-09-17 00:00:00,46.1,47,69,116900,5505660,2010-09-17 00:00:00,1
2010-09-20 00:00:00,2010-09-20 00:00:00,47.9,2010-09-20 00:00:00,45.5,47.2,59,110300,5160080,2010-09-20 00:00:00,1
2010-09-21 00:00:00,2010-09-21 00:00:00,48.4,2010-09-21 00:00:00,47,48.1,132,378200,18099590,2010-09-21 00:00:00,1
2010-09-23 00:00:00,2010-09-23 00:00:00,49.5,2010-09-23 00:00:00,45.5,47.1,47,54700,2628980,2010-09-23 00:00:00,1
2010-09-24 00:00:00,2010-09-24 00:00:00,48,2010-09-24 00:00:00,45.7,46.3,37,54900,2561680,2010-09-24 00:00:00,1
2010-09-27 00:00:00,2010-09-27 00:00:00,47.9,2010-09-27 00:00:00,46.4,46.5,52,180900,8478070,2010-09-27 00:00:00,1
2010-09-28 00:00:00,2010-09-28 00:00:00,47,2010-09-28 00:00:00,45,45.6,29,43800,2022580,2010-09-28 00:00:00,1
2010-09-29 00:00:00,2010-09-29 00:00:00,46.8,2010-09-29 00:00:00,45,46.3,36,524200,23646340,2010-09-29 00:00:00,1
2010-09-30 00:00:00,2010-09-30 00:00:00,47,2010-09-30 00:00:00,45.5,46.1,36,46900,2156670,2010-09-30 00:00:00,1
2010-10-01 00:00:00,2010-10-01 00:00:00,47,2010-10-01 00:00:00,45,46.8,65,124000,5761300,2010-10-01 00:00:00,1
2010-10-04 00:00:00,2010-10-04 00:00:00,47.5,2010-10-04 00:00:00,45.5,46.5,28,30900,1440790,2010-10-04 00:00:00,1
2010-10-05 00:00:00,2010-10-05 00:00:00,47.5,2010-10-05 00:00:00,45,46,53,85600,3925340,2010-10-05 00:00:00,1
2010-10-06 00:00:00,2010-10-06 00:00:00,46.9,2010-10-06 00:00:00,44,44.2,32,18700,843430,2010-10-06 00:00:00,1
2010-10-07 00:00:00,2010-10-07 00:00:00,46,2010-10-07 00:00:00,43.5,45.8,55,173200,7917250,2010-10-07 00:00:00,1
2010-10-08 00:00:00,2010-10-08 00:00:00,46.5,2010-10-08 00:00:00,43.7,45.9,36,48400,2210350,2010-10-08 00:00:00,1
2010-10-11 00:00:00,2010-10-11 00:00:00,47,2010-10-11 00:00:00,44.8,45.2,17,8600,390960,2010-10-11 00:00:00,1
2010-10-12 00:00:00,2010-10-12 00:00:00,45,2010-10-12 00:00:00,42.4,43.7,43,19500,855550,2010-10-12 00:00:00,1
2010-10-13 00:00:00,2010-10-13 00:00:00,46,2010-10-13 00:00:00,40.1,44.5,41,38000,1628190,2010-10-13 00:00:00,1
2010-10-14 00:00:00,2010-10-14 00:00:00,47,2010-10-14 00:00:00,44.9,46.8,180,323900,15071040,2010-10-14 00:00:00,1
2010-10-15 00:00:00,2010-10-15 00:00:00,46.9,2010-10-15 00:00:00,43.5,46.2,23,33100,1529320,2010-10-15 00:00:00,1
2010-10-18 00:00:00,2010-10-18 00:00:00,47,2010-10-18 00:00:00,44.4,46,22,22200,1026020,2010-10-18 00:00:00,1
2010-10-19 00:00:00,2010-10-19 00:00:00,47,2010-10-19 00:00:00,45,46,34,27400,1263890,2010-10-19 00:00:00,1
2010-10-20 00:00:00,2010-10-20 00:00:00,47,2010-10-20 00:00:00,45.1,46.2,17,4700,216570,2010-10-20 00:00:00,1
2010-10-21 00:00:00,2010-10-21 00:00:00,46.4,2010-10-21 00:00:00,44,45.2,19,10300,460420,2010-10-21 00:00:00,1
2010-10-25 00:00:00,2010-10-25 00:00:00,44.6,2010-10-25 00:00:00,44.4,44.5,15,52000,2313060,2010-10-25 00:00:00,1
2010-10-26 00:00:00,2010-10-26 00:00:00,46,2010-10-26 00:00:00,44.2,45.5,23,22800,1034520,2010-10-26 00:00:00,1
2010-10-27 00:00:00,2010-10-27 00:00:00,46,2010-10-27 00:00:00,44.1,45.8,26,81000,3689670,2010-10-27 00:00:00,1
2010-10-28 00:00:00,2010-10-28 00:00:00,46,2010-10-28 00:00:00,44.8,45.2,25,22900,1040250,2010-10-28 00:00:00,1
2010-10-29 00:00:00,2010-10-29 00:00:00,46,2010-10-29 00:00:00,44.2,45,32,73900,3330210,2010-10-29 00:00:00,1
2010-11-01 00:00:00,2010-11-01 00:00:00,46.4,2010-11-01 00:00:00,45,46,55,93600,4295990,2010-11-01 00:00:00,1
2010-11-02 00:00:00,2010-11-02 00:00:00,47,2010-11-02 00:00:00,46,46.9,55,113800,5331580,2010-11-02 00:00:00,1
2010-11-03 00:00:00,2010-11-03 00:00:00,47.8,2010-11-03 00:00:00,45.6,45.9,45,52300,2422000,2010-11-03 00:00:00,1
2010-11-04 00:00:00,2010-11-04 00:00:00,47,2010-11-04 00:00:00,46,46.1,22,19500,907650,2010-11-04 00:00:00,1
2010-11-08 00:00:00,2010-11-08 00:00:00,46.5,2010-11-08 00:00:00,45.8,46,20,60600,2787760,2010-11-08 00:00:00,1
2010-11-09 00:00:00,2010-11-09 00:00:00,47,2010-11-09 00:00:00,45,45.5,29,33000,1520440,2010-11-09 00:00:00,1
2010-11-10 00:00:00,2010-11-10 00:00:00,45.8,2010-11-10 00:00:00,45,45.1,10,7300,329310,2010-11-10 00:00:00,1
2010-11-11 00:00:00,2010-11-11 00:00:00,46,2010-11-11 00:00:00,45.9,46,5,29900,1375390,2010-11-11 00:00:00,1
2010-11-12 00:00:00,2010-11-12 00:00:00,46.5,2010-11-12 00:00:00,45.2,45.4,12,2000,91840,2010-11-12 00:00:00,1
2010-11-15 00:00:00,2010-11-15 00:00:00,45.5,2010-11-15 00:00:00,44.2,45.1,33,34700,1559450,2010-11-15 00:00:00,1
2010-11-16 00:00:00,2010-11-16 00:00:00,46,2010-11-16 00:00:00,44.4,45.9,47,141400,6476490,2010-11-16 00:00:00,1
2010-11-18 00:00:00,2010-11-18 00:00:00,46.5,2010-11-18 00:00:00,45,45.8,14,9900,456400,2010-11-18 00:00:00,1
2010-11-22 00:00:00,2010-11-22 00:00:00,47,2010-11-22 00:00:00,45.5,46.1,51,209900,9649540,2010-11-22 00:00:00,1
2010-11-23 00:00:00,2010-11-23 00:00:00,48,2010-11-23 00:00:00,45,46.9,71,227500,10623750,2010-11-23 00:00:00,1
2010-11-24 00:00:00,2010-11-24 00:00:00,48,2010-11-24 00:00:00,45.5,47.4,53,127100,6016740,2010-11-24 00:00:00,1
2010-11-25 00:00:00,2010-11-25 00:00:00,46.9,2010-11-25 00:00:00,45.7,45.8,4,1600,73240,2010-11-25 00:00:00,1
2010-11-26 00:00:00,2010-11-26 00:00:00,45.8,2010-11-26 00:00:00,45.5,45.5,7,5000,228250,2010-11-26 00:00:00,1
2010-11-29 00:00:00,2010-11-29 00:00:00,46.9,2010-11-29 00:00:00,44,45,20,9400,422420,2010-11-29 00:00:00,1
2010-11-30 00:00:00,2010-11-30 00:00:00,47.5,2010-11-30 00:00:00,45,45.1,44,132300,6085240,2010-11-30 00:00:00,1
2010-12-01 00:00:00,2010-12-01 00:00:00,46,2010-12-01 00:00:00,45,45.2,19,31200,1411640,2010-12-01 00:00:00,1
2010-12-02 00:00:00,2010-12-02 00:00:00,47,2010-12-02 00:00:00,45,46,25,29200,1344260,2010-12-02 00:00:00,1
2010-12-03 00:00:00,2010-12-03 00:00:00,48.8,2010-12-03 00:00:00,45.9,48.1,157,429200,20383650,2010-12-03 00:00:00,1
2010-12-06 00:00:00,2010-12-06 00:00:00,49,2010-12-06 00:00:00,47,47.1,39,74600,3522510,2010-12-06 00:00:00,1
2010-12-07 00:00:00,2010-12-07 00:00:00,49,2010-12-07 00:00:00,47.2,47.2,23,27200,1309580,2010-12-07 00:00:00,1
2010-12-08 00:00:00,2010-12-08 00:00:00,48,2010-12-08 00:00:00,47,47.4,31,39900,1885150,2010-12-08 00:00:00,1
2010-12-09 00:00:00,2010-12-09 00:00:00,48.4,2010-12-09 00:00:00,47.2,47.7,21,145400,6973970,2010-12-09 00:00:00,1
2010-12-10 00:00:00,2010-12-10 00:00:00,48.4,2010-12-10 00:00:00,47,47.5,24,26000,1237210,2010-12-10 00:00:00,1
2010-12-13 00:00:00,2010-12-13 00:00:00,48.2,2010-12-13 00:00:00,47,47.8,27,66900,3189160,2010-12-13 00:00:00,1
2010-12-14 00:00:00,2010-12-14 00:00:00,47.5,2010-12-14 00:00:00,47.2,47.2,2,200,9470,2010-12-14 00:00:00,1
2010-12-15 00:00:00,2010-12-15 00:00:00,47.5,2010-12-15 00:00:00,47,47.5,23,70900,3342950,2010-12-15 00:00:00,1
2010-12-16 00:00:00,2010-12-16 00:00:00,47.6,2010-12-16 00:00:00,46.1,47,16,195900,9216380,2010-12-16 00:00:00,1
2010-12-17 00:00:00,2010-12-17 00:00:00,47.4,2010-12-17 00:00:00,46.2,47,7,2000,93700,2010-12-17 00:00:00,1
2010-12-21 00:00:00,2010-12-21 00:00:00,48,2010-12-21 00:00:00,47,47.7,17,9400,444740,2010-12-21 00:00:00,1
2010-12-22 00:00:00,2010-12-22 00:00:00,49,2010-12-22 00:00:00,47,48,22,40800,1947920,2010-12-22 00:00:00,1
2010-12-23 00:00:00,2010-12-23 00:00:00,48.5,2010-12-23 00:00:00,47,47.1,15,25000,1185530,2010-12-23 00:00:00,1
2010-12-24 00:00:00,2010-12-24 00:00:00,48,2010-12-24 00:00:00,47,48,8,6900,326650,2010-12-24 00:00:00,1
2010-12-27 00:00:00,2010-12-27 00:00:00,49,2010-12-27 00:00:00,47,48.2,25,89200,4294720,2010-12-27 00:00:00,1
2010-12-28 00:00:00,2010-12-28 00:00:00,49,2010-12-28 00:00:00,47.1,48.5,24,33500,1623290,2010-12-28 00:00:00,1
2010-12-29 00:00:00,2010-12-29 00:00:00,51,2010-12-29 00:00:00,48,50,142,288600,14284160,2010-12-29 00:00:00,1
2010-12-30 00:00:00,2010-12-30 00:00:00,51,2010-12-30 00:00:00,48.1,49.5,29,69900,3469170,2010-12-30 00:00:00,1
2010-12-31 00:00:00,2010-12-31 00:00:00,50,2010-12-31 00:00:00,48,49,29,53500,2668630,2010-12-31 00:00:00,1
Company Id,:  SMLL,Security,Type :  N,Sub Type,:  0000,,,,,
Short Name,:  PEOPLE'S L FIN,,,,,,,,,
Day,Date High,High,Date Low,Low,Closing,No. of Trades,No. of Shares,Turnover,Last Traded,Days Traded
2010-01-07 00:00:00,2010-01-07 00:00:00,36.5,2010-01-07 00:00:00,35,35.5,5,4700,167200,2010-01-07 00:00:00,1
2010-01-12 00:00:00,2010-01-12 00:00:00,40,2010-01-12 00:00:00,35.75,38,2,200,7575,2010-01-12 00:00:00,1
2010-01-13 00:00:00,2010-01-13 00:00:00,39.75,2010-01-13 00:00:00,39.75,39.75,1,100,3975,2010-01-13 00:00:00,1
2010-01-15 00:00:00,2010-01-15 00:00:00,39.75,2010-01-15 00:00:00,39,39,4,2400,94850,2010-01-15 00:00:00,1
2010-01-18 00:00:00,2010-01-18 00:00:00,40,2010-01-18 00:00:00,40,40,2,200,8000,2010-01-18 00:00:00,1
2010-01-19 00:00:00,2010-01-19 00:00:00,40,2010-01-19 00:00:00,40,40,1,200,8000,2010-01-19 00:00:00,1
2010-01-21 00:00:00,2010-01-21 00:00:00,37,2010-01-21 00:00:00,36.75,37,3,1100,40675,2010-01-21 00:00:00,1
2010-01-25 00:00:00,2010-01-25 00:00:00,36.75,2010-01-25 00:00:00,36.5,36.75,6,2200,80800,2010-01-25 00:00:00,1
2010-01-28 00:00:00,2010-01-28 00:00:00,38.5,2010-01-28 00:00:00,36.75,38.25,6,1700,63900,2010-01-28 00:00:00,1
2010-02-05 00:00:00,2010-02-05 00:00:00,39,2010-02-05 00:00:00,39,39,1,500,19500,2010-02-05 00:00:00,1
2010-02-08 00:00:00,2010-02-08 00:00:00,40.5,2010-02-08 00:00:00,40.5,40.5,2,200,8100,2010-02-08 00:00:00,1
2010-02-09 00:00:00,2010-02-09 00:00:00,40.5,2010-02-09 00:00:00,40.5,40.5,1,100,4050,2010-02-09 00:00:00,1
2010-02-17 00:00:00,2010-02-17 00:00:00,35.5,2010-02-17 00:00:00,35.25,35.25,2,500,17650,2010-02-17 00:00:00,1
2010-02-19 00:00:00,2010-02-19 00:00:00,36.25,2010-02-19 00:00:00,36.25,36.25,1,200,7250,2010-02-19 00:00:00,1
2010-02-22 00:00:00,2010-02-22 00:00:00,36.25,2010-02-22 00:00:00,36.25,36.25,1,500,18125,2010-02-22 00:00:00,1
2010-02-23 00:00:00,2010-02-23 00:00:00,36.25,2010-02-23 00:00:00,36,36.25,2,400,14475,2010-02-23 00:00:00,1
2010-03-01 00:00:00,2010-03-01 00:00:00,45,2010-03-01 00:00:00,39.75,40.25,3,5800,232975,2010-03-01 00:00:00,1
2010-03-02 00:00:00,2010-03-02 00:00:00,44,2010-03-02 00:00:00,43.75,43.75,8,6900,302100,2010-03-02 00:00:00,1
2010-03-03 00:00:00,2010-03-03 00:00:00,43.75,2010-03-03 00:00:00,40,43,4,500,21450,2010-03-03 00:00:00,1
2010-03-04 00:00:00,2010-03-04 00:00:00,42.75,2010-03-04 00:00:00,42.75,42.75,1,500,21375,2010-03-04 00:00:00,1
2010-03-05 00:00:00,2010-03-05 00:00:00,40.25,2010-03-05 00:00:00,40,40.25,2,600,24025,2010-03-05 00:00:00,1
2010-03-08 00:00:00,2010-03-08 00:00:00,39.25,2010-03-08 00:00:00,39.25,39.25,3,600,23550,2010-03-08 00:00:00,1
2010-03-09 00:00:00,2010-03-09 00:00:00,39,2010-03-09 00:00:00,39,39,2,300,11700,2010-03-09 00:00:00,1
2010-03-10 00:00:00,2010-03-10 00:00:00,39,2010-03-10 00:00:00,39,39,2,400,15600,2010-03-10 00:00:00,1
2010-03-11 00:00:00,2010-03-11 00:00:00,39,2010-03-11 00:00:00,39,39,2,300,11700,2010-03-11 00:00:00,1
2010-03-12 00:00:00,2010-03-12 00:00:00,47,2010-03-12 00:00:00,39,43.25,94,37400,1655925,2010-03-12 00:00:00,1
2010-03-15 00:00:00,2010-03-15 00:00:00,46.75,2010-03-15 00:00:00,41,41.25,19,12400,554050,2010-03-15 00:00:00,1
2010-03-17 00:00:00,2010-03-17 00:00:00,44,2010-03-17 00:00:00,40.25,42.25,7,2800,116125,2010-03-17 00:00:00,1
2010-03-22 00:00:00,2010-03-22 00:00:00,43.5,2010-03-22 00:00:00,43.5,43.5,1,300,13050,2010-03-22 00:00:00,1
2010-03-23 00:00:00,2010-03-23 00:00:00,40,2010-03-23 00:00:00,40,40,2,300,12000,2010-03-23 00:00:00,1
2010-03-24 00:00:00,2010-03-24 00:00:00,40,2010-03-24 00:00:00,39.75,39.75,3,1000,39825,2010-03-24 00:00:00,1
2010-03-25 00:00:00,2010-03-25 00:00:00,42.75,2010-03-25 00:00:00,42.75,42.75,1,100,4275,2010-03-25 00:00:00,1
2010-03-31 00:00:00,2010-03-31 00:00:00,42.5,2010-03-31 00:00:00,40,40,12,5100,209225,2010-03-31 00:00:00,1
2010-04-01 00:00:00,2010-04-01 00:00:00,38,2010-04-01 00:00:00,37.5,37.75,3,900,34050,2010-04-01 00:00:00,1
2010-04-06 00:00:00,2010-04-06 00:00:00,42.25,2010-04-06 00:00:00,41.75,41.75,2,200,8400,2010-04-06 00:00:00,1
2010-04-07 00:00:00,2010-04-07 00:00:00,41.75,2010-04-07 00:00:00,40,41,2,7600,310650,2010-04-07 00:00:00,1
2010-04-16 00:00:00,2010-04-16 00:00:00,40,2010-04-16 00:00:00,40,40,3,2100,84000,2010-04-16 00:00:00,1
2010-04-20 00:00:00,2010-04-20 00:00:00,41,2010-04-20 00:00:00,41,41,1,500,20500,2010-04-20 00:00:00,1
2010-04-22 00:00:00,2010-04-22 00:00:00,41.25,2010-04-22 00:00:00,41.25,41.25,1,200,8250,2010-04-22 00:00:00,1
2010-04-23 00:00:00,2010-04-23 00:00:00,41.25,2010-04-23 00:00:00,39,39,2,1600,63750,2010-04-23 00:00:00,1
2010-04-26 00:00:00,2010-04-26 00:00:00,40,2010-04-26 00:00:00,39,39.75,4,1300,51700,2010-04-26 00:00:00,1
2010-04-27 00:00:00,2010-04-27 00:00:00,39.5,2010-04-27 00:00:00,39.5,39.5,1,300,11850,2010-04-27 00:00:00,1
2010-04-29 00:00:00,2010-04-29 00:00:00,39.25,2010-04-29 00:00:00,39.25,39.25,1,2400,94200,2010-04-29 00:00:00,1
2010-04-30 00:00:00,2010-04-30 00:00:00,40,2010-04-30 00:00:00,40,40,1,200,8000,2010-04-30 00:00:00,1
2010-05-04 00:00:00,2010-05-04 00:00:00,42.25,2010-05-04 00:00:00,42,42,7,1800,75650,2010-05-04 00:00:00,1
2010-05-05 00:00:00,2010-05-05 00:00:00,42,2010-05-05 00:00:00,42,42,3,300,12600,2010-05-05 00:00:00,1
2010-05-06 00:00:00,2010-05-06 00:00:00,46.75,2010-05-06 00:00:00,42,45,15,14800,664050,2010-05-06 00:00:00,1
2010-05-11 00:00:00,2010-05-11 00:00:00,44.5,2010-05-11 00:00:00,40,44.5,6,2200,92050,2010-05-11 00:00:00,1
2010-05-17 00:00:00,2010-05-17 00:00:00,44,2010-05-17 00:00:00,40,43.5,58,39700,1661775,2010-05-17 00:00:00,1
2010-05-19 00:00:00,2010-05-19 00:00:00,47,2010-05-19 00:00:00,43,45,23,9300,416325,2010-05-19 00:00:00,1
2010-05-20 00:00:00,2010-05-20 00:00:00,45,2010-05-20 00:00:00,44.75,44.75,6,8000,358025,2010-05-20 00:00:00,1
2010-06-01 00:00:00,2010-06-01 00:00:00,41,2010-06-01 00:00:00,41,41,1,700,28700,2010-06-01 00:00:00,1
2010-06-07 00:00:00,2010-06-07 00:00:00,47,2010-06-07 00:00:00,45,45.25,15,4300,195750,2010-06-07 00:00:00,1
2010-06-08 00:00:00,2010-06-08 00:00:00,47,2010-06-08 00:00:00,45,45,9,8500,394150,2010-06-08 00:00:00,1
2010-06-09 00:00:00,2010-06-09 00:00:00,46,2010-06-09 00:00:00,46,46,2,200,9200,2010-06-09 00:00:00,1
2010-06-16 00:00:00,2010-06-16 00:00:00,46.25,2010-06-16 00:00:00,46.25,46.25,1,100,4625,2010-06-16 00:00:00,1
2010-06-21 00:00:00,2010-06-21 00:00:00,46,2010-06-21 00:00:00,46,46,1,1000,46000,2010-06-21 00:00:00,1
2010-06-22 00:00:00,2010-06-22 00:00:00,46,2010-06-22 00:00:00,44.5,45,6,6700,301800,2010-06-22 00:00:00,1
2010-06-28 00:00:00,2010-06-28 00:00:00,49.75,2010-06-28 00:00:00,45,49.25,33,22900,1086600,2010-06-28 00:00:00,1
2010-06-30 00:00:00,2010-06-30 00:00:00,47.5,2010-06-30 00:00:00,47.5,47.5,1,200,9500,2010-06-30 00:00:00,1
2010-07-01 00:00:00,2010-07-01 00:00:00,48.75,2010-07-01 00:00:00,48,48,3,1300,62850,2010-07-01 00:00:00,1
2010-07-13 00:00:00,2010-07-13 00:00:00,47.5,2010-07-13 00:00:00,47,47.25,2,500,23650,2010-07-13 00:00:00,1
2010-07-14 00:00:00,2010-07-14 00:00:00,48,2010-07-14 00:00:00,48,48,1,600,28800,2010-07-14 00:00:00,1
2010-07-15 00:00:00,2010-07-15 00:00:00,46.75,2010-07-15 00:00:00,46.75,46.75,2,700,32725,2010-07-15 00:00:00,1
2010-07-16 00:00:00,2010-07-16 00:00:00,52,2010-07-16 00:00:00,47.25,51.75,27,23500,1171200,2010-07-16 00:00:00,1
2010-07-19 00:00:00,2010-07-19 00:00:00,52,2010-07-19 00:00:00,50,51.5,14,9100,467475,2010-07-19 00:00:00,1
2010-07-20 00:00:00,2010-07-20 00:00:00,57,2010-07-20 00:00:00,52,54.25,23,18000,954825,2010-07-20 00:00:00,1
2010-07-21 00:00:00,2010-07-21 00:00:00,55.75,2010-07-21 00:00:00,53.25,55.5,11,12700,700900,2010-07-21 00:00:00,1
2010-07-22 00:00:00,2010-07-22 00:00:00,87,2010-07-22 00:00:00,54.25,81.5,299,148900,11015325,2010-07-22 00:00:00,1
2010-07-23 00:00:00,2010-07-23 00:00:00,99.5,2010-07-23 00:00:00,85,86.25,373,107700,9949550,2010-07-23 00:00:00,1
2010-07-26 00:00:00,2010-07-26 00:00:00,91,2010-07-26 00:00:00,86.5,88,48,17200,1540400,2010-07-26 00:00:00,1
2010-07-27 00:00:00,2010-07-27 00:00:00,88,2010-07-27 00:00:00,80,80.75,13,5200,427550,2010-07-27 00:00:00,1
2010-07-28 00:00:00,2010-07-28 00:00:00,88,2010-07-28 00:00:00,82.75,87,11,4600,394875,2010-07-28 00:00:00,1
2010-07-29 00:00:00,2010-07-29 00:00:00,88.25,2010-07-29 00:00:00,84,87,5,1400,122600,2010-07-29 00:00:00,1
2010-07-30 00:00:00,2010-07-30 00:00:00,89,2010-07-30 00:00:00,87,87.75,10,5700,502050,2010-07-30 00:00:00,1
2010-08-02 00:00:00,2010-08-02 00:00:00,104,2010-08-02 00:00:00,88,97.6,132,44000,4212020,2010-08-02 00:00:00,1
2010-08-03 00:00:00,2010-08-03 00:00:00,101,2010-08-03 00:00:00,95.5,98.3,41,16600,1626150,2010-08-03 00:00:00,1
2010-08-04 00:00:00,2010-08-04 00:00:00,101,2010-08-04 00:00:00,98,98.1,27,12500,1229580,2010-08-04 00:00:00,1
2010-08-05 00:00:00,2010-08-05 00:00:00,98,2010-08-05 00:00:00,97,97,5,800,78150,2010-08-05 00:00:00,1
2010-08-06 00:00:00,2010-08-06 00:00:00,90,2010-08-06 00:00:00,90,90,3,1000,90000,2010-08-06 00:00:00,1
2010-08-09 00:00:00,2010-08-09 00:00:00,81.2,2010-08-09 00:00:00,81,81,8,2900,234940,2010-08-09 00:00:00,1
2010-08-10 00:00:00,2010-08-10 00:00:00,81,2010-08-10 00:00:00,81,81,1,300,24300,2010-08-10 00:00:00,1
2010-08-11 00:00:00,2010-08-11 00:00:00,88,2010-08-11 00:00:00,86,86.3,9,1300,112100,2010-08-11 00:00:00,1
2010-08-12 00:00:00,2010-08-12 00:00:00,94,2010-08-12 00:00:00,86.3,91.9,32,4600,409190,2010-08-12 00:00:00,1
2010-08-13 00:00:00,2010-08-13 00:00:00,99,2010-08-13 00:00:00,98.9,98.9,2,200,19790,2010-08-13 00:00:00,1
2010-08-16 00:00:00,2010-08-16 00:00:00,97,2010-08-16 00:00:00,97,97,2,400,38800,2010-08-16 00:00:00,1
2010-08-17 00:00:00,2010-08-17 00:00:00,97.5,2010-08-17 00:00:00,96.8,96.8,4,400,38860,2010-08-17 00:00:00,1
2010-08-18 00:00:00,2010-08-18 00:00:00,96.7,2010-08-18 00:00:00,87.2,87.4,25,20100,1757130,2010-08-18 00:00:00,1
2010-08-19 00:00:00,2010-08-19 00:00:00,95,2010-08-19 00:00:00,93.2,93.2,3,300,28320,2010-08-19 00:00:00,1
2010-08-20 00:00:00,2010-08-20 00:00:00,94,2010-08-20 00:00:00,91.5,92.1,8,1500,138830,2010-08-20 00:00:00,1
2010-08-23 00:00:00,2010-08-23 00:00:00,93,2010-08-23 00:00:00,92.7,92.7,8,1600,148680,2010-08-23 00:00:00,1
2010-08-25 00:00:00,2010-08-25 00:00:00,94,2010-08-25 00:00:00,92,93.1,26,4000,370570,2010-08-25 00:00:00,1
2010-08-26 00:00:00,2010-08-26 00:00:00,98,2010-08-26 00:00:00,92.9,93.2,16,3300,311330,2010-08-26 00:00:00,1
2010-08-27 00:00:00,2010-08-27 00:00:00,93.4,2010-08-27 00:00:00,90,90,7,1400,127980,2010-08-27 00:00:00,1
2010-08-30 00:00:00,2010-08-30 00:00:00,97.5,2010-08-30 00:00:00,90,94,31,9300,877830,2010-08-30 00:00:00,1
2010-08-31 00:00:00,2010-08-31 00:00:00,100,2010-08-31 00:00:00,96.1,97,38,10900,1057330,2010-08-31 00:00:00,1
2010-09-01 00:00:00,2010-09-01 00:00:00,105,2010-09-01 00:00:00,99.2,103.9,47,11500,1177430,2010-09-01 00:00:00,1
2010-09-02 00:00:00,2010-09-02 00:00:00,106,2010-09-02 00:00:00,104,106,20,4900,516640,2010-09-02 00:00:00,1
2010-09-03 00:00:00,2010-09-03 00:00:00,109,2010-09-03 00:00:00,105,106.5,27,6600,708240,2010-09-03 00:00:00,1
2010-09-06 00:00:00,2010-09-06 00:00:00,115,2010-09-06 00:00:00,105.1,106.2,15,5300,567850,2010-09-06 00:00:00,1
2010-09-07 00:00:00,2010-09-07 00:00:00,108,2010-09-07 00:00:00,106.5,107.1,6,2500,267830,2010-09-07 00:00:00,1
2010-09-08 00:00:00,2010-09-08 00:00:00,112,2010-09-08 00:00:00,105,105.4,14,4100,434410,2010-09-08 00:00:00,1
2010-09-09 00:00:00,2010-09-09 00:00:00,114.9,2010-09-09 00:00:00,105.4,114.3,15,3500,391030,2010-09-09 00:00:00,1
2010-09-13 00:00:00,2010-09-13 00:00:00,125.7,2010-09-13 00:00:00,119.8,125.7,34,12200,1516790,2010-09-13 00:00:00,1
2010-09-14 00:00:00,2010-09-14 00:00:00,138.2,2010-09-14 00:00:00,138.2,138.2,16,7200,995040,2010-09-14 00:00:00,1
2010-09-15 00:00:00,2010-09-15 00:00:00,152,2010-09-15 00:00:00,152,152,13,4800,729600,2010-09-15 00:00:00,1
2010-09-16 00:00:00,2010-09-16 00:00:00,167.2,2010-09-16 00:00:00,167.2,167.2,48,14000,2340800,2010-09-16 00:00:00,1
2010-09-17 00:00:00,2010-09-17 00:00:00,105.7,2010-09-17 00:00:00,105.7,105.7,10,4100,433370,2010-09-17 00:00:00,1
2010-09-20 00:00:00,2010-09-20 00:00:00,211.3,2010-09-20 00:00:00,110,210.3,246,87200,15879420,2010-09-20 00:00:00,1
2010-09-21 00:00:00,2010-09-21 00:00:00,350,2010-09-21 00:00:00,220,341.1,199,41300,13663370,2010-09-21 00:00:00,1
2010-09-23 00:00:00,2010-09-23 00:00:00,346,2010-09-23 00:00:00,210,235.7,83,26700,7022880,2010-09-23 00:00:00,1
2010-09-24 00:00:00,2010-09-24 00:00:00,249,2010-09-24 00:00:00,195,196.5,45,8500,1799310,2010-09-24 00:00:00,1
2010-09-27 00:00:00,2010-09-27 00:00:00,210,2010-09-27 00:00:00,150,188.8,33,11000,2050190,2010-09-27 00:00:00,1
2010-09-28 00:00:00,2010-09-28 00:00:00,175,2010-09-28 00:00:00,145,148.6,30,5000,762500,2010-09-28 00:00:00,1
2010-09-29 00:00:00,2010-09-29 00:00:00,170,2010-09-29 00:00:00,160,163,22,9900,1624490,2010-09-29 00:00:00,1
2010-09-30 00:00:00,2010-09-30 00:00:00,180,2010-09-30 00:00:00,163,166,44,16400,2757780,2010-09-30 00:00:00,1
2010-10-01 00:00:00,2010-10-01 00:00:00,174,2010-10-01 00:00:00,174,174,2,300,52200,2010-10-01 00:00:00,1
2010-10-04 00:00:00,2010-10-04 00:00:00,175,2010-10-04 00:00:00,161,161.6,18,5400,877950,2010-10-04 00:00:00,1
2010-10-05 00:00:00,2010-10-05 00:00:00,168,2010-10-05 00:00:00,161,161,12,3000,488000,2010-10-05 00:00:00,1
2010-10-06 00:00:00,2010-10-06 00:00:00,161,2010-10-06 00:00:00,161,161,7,2600,418600,2010-10-06 00:00:00,1
2010-10-07 00:00:00,2010-10-07 00:00:00,161,2010-10-07 00:00:00,161,161,5,1500,241500,2010-10-07 00:00:00,1
2010-10-08 00:00:00,2010-10-08 00:00:00,169.5,2010-10-08 00:00:00,161,161,2,1200,194900,2010-10-08 00:00:00,1
2010-10-11 00:00:00,2010-10-11 00:00:00,169,2010-10-11 00:00:00,160,160,6,4700,753000,2010-10-11 00:00:00,1
2010-10-12 00:00:00,2010-10-12 00:00:00,168,2010-10-12 00:00:00,160,160,14,10000,1640800,2010-10-12 00:00:00,1
2010-10-13 00:00:00,2010-10-13 00:00:00,162.9,2010-10-13 00:00:00,130,162.9,9,11100,1780170,2010-10-13 00:00:00,1
2010-10-14 00:00:00,2010-10-14 00:00:00,169,2010-10-14 00:00:00,145,145,3,700,113900,2010-10-14 00:00:00,1
2010-10-15 00:00:00,2010-10-15 00:00:00,160,2010-10-15 00:00:00,145,145,5,2400,351490,2010-10-15 00:00:00,1
2010-10-18 00:00:00,2010-10-18 00:00:00,165,2010-10-18 00:00:00,145,163,12,3100,486750,2010-10-18 00:00:00,1
2010-10-19 00:00:00,2010-10-19 00:00:00,164,2010-10-19 00:00:00,158,158,3,300,48100,2010-10-19 00:00:00,1
2010-10-20 00:00:00,2010-10-20 00:00:00,160,2010-10-20 00:00:00,145.1,147.9,6,1000,150550,2010-10-20 00:00:00,1
2010-10-21 00:00:00,2010-10-21 00:00:00,160,2010-10-21 00:00:00,146.3,150,9,2500,383150,2010-10-21 00:00:00,1
2010-10-25 00:00:00,2010-10-25 00:00:00,114,2010-10-25 00:00:00,91,94.5,431,292200,28620130,2010-10-25 00:00:00,1
2010-10-26 00:00:00,2010-10-26 00:00:00,98.9,2010-10-26 00:00:00,88.5,89,127,61500,5653650,2010-10-26 00:00:00,1
2010-10-27 00:00:00,2010-10-27 00:00:00,90,2010-10-27 00:00:00,85,89.5,43,13800,1230940,2010-10-27 00:00:00,1
2010-10-28 00:00:00,2010-10-28 00:00:00,90,2010-10-28 00:00:00,86,86,23,4800,423880,2010-10-28 00:00:00,1
2010-10-29 00:00:00,2010-10-29 00:00:00,91,2010-10-29 00:00:00,88,89.8,75,44400,3977780,2010-10-29 00:00:00,1
2010-11-01 00:00:00,2010-11-01 00:00:00,95.5,2010-11-01 00:00:00,90,91.4,42,18100,1658320,2010-11-01 00:00:00,1
2010-11-02 00:00:00,2010-11-02 00:00:00,92.6,2010-11-02 00:00:00,87.5,88.9,11,3100,277850,2010-11-02 00:00:00,1
2010-11-03 00:00:00,2010-11-03 00:00:00,89,2010-11-03 00:00:00,85,85.2,19,6700,575200,2010-11-03 00:00:00,1
2010-11-04 00:00:00,2010-11-04 00:00:00,87.9,2010-11-04 00:00:00,85.4,87,5,2100,179790,2010-11-04 00:00:00,1
2010-11-08 00:00:00,2010-11-08 00:00:00,88,2010-11-08 00:00:00,87.5,88,10,2500,219770,2010-11-08 00:00:00,1
2010-11-09 00:00:00,2010-11-09 00:00:00,88.5,2010-11-09 00:00:00,81.9,82.5,11,2600,217490,2010-11-09 00:00:00,1
2010-11-10 00:00:00,2010-11-10 00:00:00,82.4,2010-11-10 00:00:00,80,80.1,17,9100,734500,2010-11-10 00:00:00,1
2010-11-11 00:00:00,2010-11-11 00:00:00,81.5,2010-11-11 00:00:00,80,81.5,4,1200,97600,2010-11-11 00:00:00,1
2010-11-12 00:00:00,2010-11-12 00:00:00,79.9,2010-11-12 00:00:00,75,76.1,52,22300,1701530,2010-11-12 00:00:00,1
2010-11-15 00:00:00,2010-11-15 00:00:00,78,2010-11-15 00:00:00,75,75.9,14,9000,683210,2010-11-15 00:00:00,1
2010-11-16 00:00:00,2010-11-16 00:00:00,75,2010-11-16 00:00:00,74,74.3,11,3000,223060,2010-11-16 00:00:00,1
2010-11-18 00:00:00,2010-11-18 00:00:00,79,2010-11-18 00:00:00,74.9,78.2,43,19800,1546140,2010-11-18 00:00:00,1
2010-11-22 00:00:00,2010-11-22 00:00:00,83.5,2010-11-22 00:00:00,79,80.2,46,22500,1808620,2010-11-22 00:00:00,1
2010-11-23 00:00:00,2010-11-23 00:00:00,85,2010-11-23 00:00:00,78,80,18,12700,1019540,2010-11-23 00:00:00,1
2010-11-24 00:00:00,2010-11-24 00:00:00,82.9,2010-11-24 00:00:00,78,78,8,3400,266660,2010-11-24 00:00:00,1
2010-11-25 00:00:00,2010-11-25 00:00:00,78,2010-11-25 00:00:00,75,75.1,7,3400,256800,2010-11-25 00:00:00,1
2010-11-26 00:00:00,2010-11-26 00:00:00,75,2010-11-26 00:00:00,72.9,73,6,4100,305280,2010-11-26 00:00:00,1
2010-11-29 00:00:00,2010-11-29 00:00:00,75,2010-11-29 00:00:00,72,72,15,7500,549800,2010-11-29 00:00:00,1
2010-11-30 00:00:00,2010-11-30 00:00:00,79,2010-11-30 00:00:00,75,77.8,37,24900,1921460,2010-11-30 00:00:00,1
2010-12-01 00:00:00,2010-12-01 00:00:00,84.9,2010-12-01 00:00:00,78.1,81.8,101,95500,7701680,2010-12-01 00:00:00,1
2010-12-02 00:00:00,2010-12-02 00:00:00,85,2010-12-02 00:00:00,80,80,41,24200,1978660,2010-12-02 00:00:00,1
2010-12-03 00:00:00,2010-12-03 00:00:00,82,2010-12-03 00:00:00,78,78.6,28,9800,779940,2010-12-03 00:00:00,1
2010-12-06 00:00:00,2010-12-06 00:00:00,82,2010-12-06 00:00:00,79,79.9,50,30800,2473370,2010-12-06 00:00:00,1
2010-12-07 00:00:00,2010-12-07 00:00:00,81,2010-12-07 00:00:00,78,78.8,13,3800,301950,2010-12-07 00:00:00,1
2010-12-08 00:00:00,2010-12-08 00:00:00,81,2010-12-08 00:00:00,74,74.9,22,6900,522820,2010-12-08 00:00:00,1
2010-12-09 00:00:00,2010-12-09 00:00:00,80,2010-12-09 00:00:00,79,79,11,2500,197700,2010-12-09 00:00:00,1
2010-12-10 00:00:00,2010-12-10 00:00:00,79,2010-12-10 00:00:00,78,78.6,9,3800,299900,2010-12-10 00:00:00,1
2010-12-13 00:00:00,2010-12-13 00:00:00,80,2010-12-13 00:00:00,77.2,78.1,13,2600,204160,2010-12-13 00:00:00,1
2010-12-14 00:00:00,2010-12-14 00:00:00,79,2010-12-14 00:00:00,77.5,78.5,6,1600,124790,2010-12-14 00:00:00,1
2010-12-15 00:00:00,2010-12-15 00:00:00,79,2010-12-15 00:00:00,76,78.3,22,3500,272500,2010-12-15 00:00:00,1
2010-12-16 00:00:00,2010-12-16 00:00:00,78.5,2010-12-16 00:00:00,78,78.1,13,3200,250050,2010-12-16 00:00:00,1
2010-12-17 00:00:00,2010-12-17 00:00:00,79,2010-12-17 00:00:00,76,77.9,9,2700,210570,2010-12-17 00:00:00,1
2010-12-21 00:00:00,2010-12-21 00:00:00,80,2010-12-21 00:00:00,77,78.1,11,4500,352180,2010-12-21 00:00:00,1
2010-12-22 00:00:00,2010-12-22 00:00:00,79,2010-12-22 00:00:00,78,78.3,23,12500,981360,2010-12-22 00:00:00,1
2010-12-23 00:00:00,2010-12-23 00:00:00,80,2010-12-23 00:00:00,77.6,77.7,9,5100,399390,2010-12-23 00:00:00,1
2010-12-24 00:00:00,2010-12-24 00:00:00,80,2010-12-24 00:00:00,79,79.8,7,3300,262660,2010-12-24 00:00:00,1
2010-12-27 00:00:00,2010-12-27 00:00:00,88,2010-12-27 00:00:00,78,82.1,62,58200,4730890,2010-12-27 00:00:00,1
2010-12-28 00:00:00,2010-12-28 00:00:00,84.9,2010-12-28 00:00:00,82,83,29,13100,1088590,2010-12-28 00:00:00,1
2010-12-29 00:00:00,2010-12-29 00:00:00,84.9,2010-12-29 00:00:00,81.9,83.5,24,14100,1163500,2010-12-29 00:00:00,1
2010-12-30 00:00:00,2010-12-30 00:00:00,85.9,2010-12-30 00:00:00,80,83,43,22100,1823840,2010-12-30 00:00:00,1
2010-12-31 00:00:00,2010-12-31 00:00:00,84,2010-12-31 00:00:00,81.5,82,7,1400,114950,2010-12-31 00:00:00,1
Company Id,:  SMLL,Security,Type :  R,Sub Type,:  0000,,,,,
Short Name,:  PEOPLE'S,L FIN,,,,,,,,
-----------,------------,-----------,-------------,-------------,----------,----------,------------------,---------------,----------------,---
Day,Date High,High,Date Low,Low,Closing,No. of Trades,No. of Shares,Turnover,Last Traded,Days Traded
----------,------------,-----------,-------------,-------------,----------,----------,------------------,---------------,----------------,---
2010-09-27 00:00:00,2010-09-27 00:00:00,80,2010-09-27 00:00:00,63,64.1,180,313700,21475810,2010-09-27 00:00:00,1
2010-09-28 00:00:00,2010-09-28 00:00:00,64.1,2010-09-28 00:00:00,62,63.4,59,74800,4778510,2010-09-28 00:00:00,1
2010-09-29 00:00:00,2010-09-29 00:00:00,79,2010-09-29 00:00:00,64,65.2,208,1346200,87021030,2010-09-29 00:00:00,1
2010-09-30 00:00:00,2010-09-30 00:00:00,70,2010-09-30 00:00:00,64,64.8,175,321400,21074360,2010-09-30 00:00:00,1
2010-10-01 00:00:00,2010-10-01 00:00:00,68,2010-10-01 00:00:00,64,65.8,179,348400,22845010,2010-10-01 00:00:00,1
2010-10-04 00:00:00,2010-10-04 00:00:00,67.5,2010-10-04 00:00:00,62.2,63.7,117,286000,18264640,2010-10-04 00:00:00,1
Company Id,:  SMOT,Security,Type :  N,Sub Type,:  0000,,,,,
Short Name,:  SATHOSA M,OTORS,,,,,,,,
Day,Date High,High,Date Low,Low,Closing,No. of Trades,No. of Shares,Turnover,Last Traded,Days Traded
2010-01-13 00:00:00,2010-01-13 00:00:00,137.5,2010-01-13 00:00:00,137.5,137.5,2,300,41250,2010-01-13 00:00:00,1
2010-01-18 00:00:00,2010-01-18 00:00:00,130,2010-01-18 00:00:00,127,127,5,900,114650,2010-01-18 00:00:00,1
2010-02-02 00:00:00,2010-02-02 00:00:00,158.75,2010-02-02 00:00:00,127,150.75,7,1800,271200,2010-02-02 00:00:00,1
2010-02-03 00:00:00,2010-02-03 00:00:00,150,2010-02-03 00:00:00,150,150,1,100,15000,2010-02-03 00:00:00,1
2010-02-08 00:00:00,2010-02-08 00:00:00,134,2010-02-08 00:00:00,133.5,133.5,5,3500,467300,2010-02-08 00:00:00,1
2010-02-09 00:00:00,2010-02-09 00:00:00,135,2010-02-09 00:00:00,135,135,1,200,27000,2010-02-09 00:00:00,1
2010-02-10 00:00:00,2010-02-10 00:00:00,135,2010-02-10 00:00:00,133.25,133.25,3,300,40225,2010-02-10 00:00:00,1
2010-02-12 00:00:00,2010-02-12 00:00:00,131,2010-02-12 00:00:00,131,131,1,100,13100,2010-02-12 00:00:00,1
2010-02-16 00:00:00,2010-02-16 00:00:00,130.5,2010-02-16 00:00:00,130.5,130.5,2,200,26100,2010-02-16 00:00:00,1
2010-02-17 00:00:00,2010-02-17 00:00:00,130.5,2010-02-17 00:00:00,130.25,130.5,2,200,26075,2010-02-17 00:00:00,1
2010-02-18 00:00:00,2010-02-18 00:00:00,133,2010-02-18 00:00:00,130,132.5,7,1100,145175,2010-02-18 00:00:00,1
2010-02-19 00:00:00,2010-02-19 00:00:00,132.5,2010-02-19 00:00:00,132.5,132.5,2,300,39750,2010-02-19 00:00:00,1
2010-02-23 00:00:00,2010-02-23 00:00:00,122,2010-02-23 00:00:00,122,122,2,200,24400,2010-02-23 00:00:00,1
2010-02-26 00:00:00,2010-02-26 00:00:00,149,2010-02-26 00:00:00,127,137.75,52,15300,2107350,2010-02-26 00:00:00,1
2010-03-01 00:00:00,2010-03-01 00:00:00,143.25,2010-03-01 00:00:00,139.5,139.5,6,1300,183600,2010-03-01 00:00:00,1
2010-03-03 00:00:00,2010-03-03 00:00:00,141.5,2010-03-03 00:00:00,138.75,140.75,10,1400,195900,2010-03-03 00:00:00,1
2010-03-11 00:00:00,2010-03-11 00:00:00,130,2010-03-11 00:00:00,130,130,4,400,52000,2010-03-11 00:00:00,1
2010-03-12 00:00:00,2010-03-12 00:00:00,130.5,2010-03-12 00:00:00,130.5,130.5,1,100,13050,2010-03-12 00:00:00,1
2010-03-15 00:00:00,2010-03-15 00:00:00,139,2010-03-15 00:00:00,130.5,130.75,4,500,66200,2010-03-15 00:00:00,1
2010-03-17 00:00:00,2010-03-17 00:00:00,130.5,2010-03-17 00:00:00,130.5,130.5,1,200,26100,2010-03-17 00:00:00,1
2010-03-18 00:00:00,2010-03-18 00:00:00,131,2010-03-18 00:00:00,130.5,131,2,800,104500,2010-03-18 00:00:00,1
2010-03-22 00:00:00,2010-03-22 00:00:00,131,2010-03-22 00:00:00,131,131,1,100,13100,2010-03-22 00:00:00,1
2010-03-25 00:00:00,2010-03-25 00:00:00,143,2010-03-25 00:00:00,143,143,2,200,28600,2010-03-25 00:00:00,1
2010-04-01 00:00:00,2010-04-01 00:00:00,130,2010-04-01 00:00:00,130,130,1,100,13000,2010-04-01 00:00:00,1
2010-04-05 00:00:00,2010-04-05 00:00:00,130,2010-04-05 00:00:00,130,130,1,100,13000,2010-04-05 00:00:00,1
2010-04-16 00:00:00,2010-04-16 00:00:00,130,2010-04-16 00:00:00,130,130,1,100,13000,2010-04-16 00:00:00,1
2010-04-20 00:00:00,2010-04-20 00:00:00,130,2010-04-20 00:00:00,130,130,2,200,26000,2010-04-20 00:00:00,1
2010-04-21 00:00:00,2010-04-21 00:00:00,130,2010-04-21 00:00:00,130,130,1,200,26000,2010-04-21 00:00:00,1
2010-04-23 00:00:00,2010-04-23 00:00:00,130,2010-04-23 00:00:00,130,130,1,200,26000,2010-04-23 00:00:00,1
2010-04-30 00:00:00,2010-04-30 00:00:00,130.5,2010-04-30 00:00:00,130.5,130.5,1,300,39150,2010-04-30 00:00:00,1
2010-05-04 00:00:00,2010-05-04 00:00:00,130,2010-05-04 00:00:00,130,130,1,100,13000,2010-05-04 00:00:00,1
2010-05-05 00:00:00,2010-05-05 00:00:00,139.5,2010-05-05 00:00:00,130,139.5,5,700,92075,2010-05-05 00:00:00,1
2010-05-06 00:00:00,2010-05-06 00:00:00,139,2010-05-06 00:00:00,130,133.75,6,700,93700,2010-05-06 00:00:00,1
2010-05-12 00:00:00,2010-05-12 00:00:00,140,2010-05-12 00:00:00,135,137.5,4,400,54500,2010-05-12 00:00:00,1
2010-05-19 00:00:00,2010-05-19 00:00:00,130,2010-05-19 00:00:00,130,130,3,1600,208000,2010-05-19 00:00:00,1
2010-05-20 00:00:00,2010-05-20 00:00:00,128,2010-05-20 00:00:00,125,128,3,500,62800,2010-05-20 00:00:00,1
2010-05-24 00:00:00,2010-05-24 00:00:00,130,2010-05-24 00:00:00,130,130,1,400,52000,2010-05-24 00:00:00,1
2010-05-26 00:00:00,2010-05-26 00:00:00,143.75,2010-05-26 00:00:00,130,137,6,600,82125,2010-05-26 00:00:00,1
2010-06-01 00:00:00,2010-06-01 00:00:00,156.75,2010-06-01 00:00:00,137,152.5,94,18400,2743575,2010-06-01 00:00:00,1
2010-06-02 00:00:00,2010-06-02 00:00:00,169.5,2010-06-02 00:00:00,142,145,43,8800,1400150,2010-06-02 00:00:00,1
2010-06-03 00:00:00,2010-06-03 00:00:00,141,2010-06-03 00:00:00,140,140,4,400,56125,2010-06-03 00:00:00,1
2010-06-04 00:00:00,2010-06-04 00:00:00,143,2010-06-04 00:00:00,140,141.5,3,600,84900,2010-06-04 00:00:00,1
2010-06-07 00:00:00,2010-06-07 00:00:00,139,2010-06-07 00:00:00,137,137.25,8,1600,220050,2010-06-07 00:00:00,1
2010-06-08 00:00:00,2010-06-08 00:00:00,135,2010-06-08 00:00:00,135,135,1,400,54000,2010-06-08 00:00:00,1
2010-06-09 00:00:00,2010-06-09 00:00:00,139.75,2010-06-09 00:00:00,135,137.5,9,1600,217550,2010-06-09 00:00:00,1
2010-06-10 00:00:00,2010-06-10 00:00:00,135,2010-06-10 00:00:00,135,135,2,1900,256500,2010-06-10 00:00:00,1
2010-06-14 00:00:00,2010-06-14 00:00:00,135,2010-06-14 00:00:00,135,135,2,600,81000,2010-06-14 00:00:00,1
2010-06-15 00:00:00,2010-06-15 00:00:00,135,2010-06-15 00:00:00,132,135,4,400,53100,2010-06-15 00:00:00,1
2010-06-16 00:00:00,2010-06-16 00:00:00,147.75,2010-06-16 00:00:00,135,140,3,1000,140100,2010-06-16 00:00:00,1
2010-06-17 00:00:00,2010-06-17 00:00:00,142.25,2010-06-17 00:00:00,140,140,2,400,56450,2010-06-17 00:00:00,1
2010-06-22 00:00:00,2010-06-22 00:00:00,140,2010-06-22 00:00:00,140,140,1,100,14000,2010-06-22 00:00:00,1
2010-06-23 00:00:00,2010-06-23 00:00:00,135,2010-06-23 00:00:00,135,135,2,800,108000,2010-06-23 00:00:00,1
2010-06-28 00:00:00,2010-06-28 00:00:00,135,2010-06-28 00:00:00,135,135,1,400,54000,2010-06-28 00:00:00,1
2010-06-29 00:00:00,2010-06-29 00:00:00,132,2010-06-29 00:00:00,132,132,1,200,26400,2010-06-29 00:00:00,1
2010-06-30 00:00:00,2010-06-30 00:00:00,133.25,2010-06-30 00:00:00,133.25,133.25,1,200,26650,2010-06-30 00:00:00,1
2010-07-08 00:00:00,2010-07-08 00:00:00,150,2010-07-08 00:00:00,130,140,8,2200,308000,2010-07-08 00:00:00,1
2010-07-09 00:00:00,2010-07-09 00:00:00,145,2010-07-09 00:00:00,140,144,5,800,115200,2010-07-09 00:00:00,1
2010-07-15 00:00:00,2010-07-15 00:00:00,143,2010-07-15 00:00:00,143,143,2,200,28600,2010-07-15 00:00:00,1
2010-07-23 00:00:00,2010-07-23 00:00:00,140,2010-07-23 00:00:00,131.5,138,3,400,55150,2010-07-23 00:00:00,1
2010-07-26 00:00:00,2010-07-26 00:00:00,138,2010-07-26 00:00:00,135,138,2,300,41100,2010-07-26 00:00:00,1
2010-07-27 00:00:00,2010-07-27 00:00:00,140,2010-07-27 00:00:00,140,140,1,100,14000,2010-07-27 00:00:00,1
2010-07-29 00:00:00,2010-07-29 00:00:00,132,2010-07-29 00:00:00,132,132,1,100,13200,2010-07-29 00:00:00,1
2010-07-30 00:00:00,2010-07-30 00:00:00,133,2010-07-30 00:00:00,133,133,1,100,13300,2010-07-30 00:00:00,1
2010-08-03 00:00:00,2010-08-03 00:00:00,133,2010-08-03 00:00:00,133,133,1,100,13300,2010-08-03 00:00:00,1
2010-08-04 00:00:00,2010-08-04 00:00:00,134,2010-08-04 00:00:00,134,134,1,200,26800,2010-08-04 00:00:00,1
2010-08-05 00:00:00,2010-08-05 00:00:00,133,2010-08-05 00:00:00,133,133,3,500,66500,2010-08-05 00:00:00,1
2010-08-09 00:00:00,2010-08-09 00:00:00,130,2010-08-09 00:00:00,129,129,3,1800,233500,2010-08-09 00:00:00,1
2010-08-10 00:00:00,2010-08-10 00:00:00,125,2010-08-10 00:00:00,120,124.7,3,1600,199500,2010-08-10 00:00:00,1
2010-08-11 00:00:00,2010-08-11 00:00:00,125,2010-08-11 00:00:00,125,125,2,200,25000,2010-08-11 00:00:00,1
2010-08-12 00:00:00,2010-08-12 00:00:00,112.5,2010-08-12 00:00:00,112.5,112.5,1,1000,112500,2010-08-12 00:00:00,1
2010-08-13 00:00:00,2010-08-13 00:00:00,123.7,2010-08-13 00:00:00,123.7,123.7,1,100,12370,2010-08-13 00:00:00,1
2010-08-17 00:00:00,2010-08-17 00:00:00,135,2010-08-17 00:00:00,127,135,6,700,92400,2010-08-17 00:00:00,1
2010-08-18 00:00:00,2010-08-18 00:00:00,130,2010-08-18 00:00:00,130,130,3,700,91000,2010-08-18 00:00:00,1
2010-08-19 00:00:00,2010-08-19 00:00:00,138,2010-08-19 00:00:00,138,138,6,700,96600,2010-08-19 00:00:00,1
2010-08-20 00:00:00,2010-08-20 00:00:00,138,2010-08-20 00:00:00,137.9,137.9,2,200,27590,2010-08-20 00:00:00,1
2010-08-23 00:00:00,2010-08-23 00:00:00,130.5,2010-08-23 00:00:00,130.1,130.3,5,600,78190,2010-08-23 00:00:00,1
2010-08-26 00:00:00,2010-08-26 00:00:00,139.9,2010-08-26 00:00:00,132,139.9,2,500,69160,2010-08-26 00:00:00,1
2010-08-27 00:00:00,2010-08-27 00:00:00,153.5,2010-08-27 00:00:00,145.7,153.5,18,5000,752440,2010-08-27 00:00:00,1
2010-08-30 00:00:00,2010-08-30 00:00:00,168.2,2010-08-30 00:00:00,165,168.1,15,2400,402580,2010-08-30 00:00:00,1
2010-08-31 00:00:00,2010-08-31 00:00:00,184.9,2010-08-31 00:00:00,183,184.6,32,8300,1532830,2010-08-31 00:00:00,1
2010-09-01 00:00:00,2010-09-01 00:00:00,203,2010-09-01 00:00:00,193.9,203,31,9100,1817090,2010-09-01 00:00:00,1
2010-09-02 00:00:00,2010-09-02 00:00:00,223.2,2010-09-02 00:00:00,220,223,32,6400,1426860,2010-09-02 00:00:00,1
2010-09-03 00:00:00,2010-09-03 00:00:00,223,2010-09-03 00:00:00,205.2,209.3,9,1800,386600,2010-09-03 00:00:00,1
2010-09-06 00:00:00,2010-09-06 00:00:00,195,2010-09-06 00:00:00,190.2,193.8,7,1600,311040,2010-09-06 00:00:00,1
2010-09-07 00:00:00,2010-09-07 00:00:00,194,2010-09-07 00:00:00,175,194,3,300,54700,2010-09-07 00:00:00,1
2010-09-08 00:00:00,2010-09-08 00:00:00,210,2010-09-08 00:00:00,207,207.9,14,2700,563550,2010-09-08 00:00:00,1
2010-09-09 00:00:00,2010-09-09 00:00:00,214.9,2010-09-09 00:00:00,200,207.5,2,200,41490,2010-09-09 00:00:00,1
2010-09-13 00:00:00,2010-09-13 00:00:00,200,2010-09-13 00:00:00,186.9,200,2,200,38690,2010-09-13 00:00:00,1
2010-09-14 00:00:00,2010-09-14 00:00:00,200,2010-09-14 00:00:00,200,200,1,100,20000,2010-09-14 00:00:00,1
2010-09-16 00:00:00,2010-09-16 00:00:00,220,2010-09-16 00:00:00,200,216.7,27,7600,1586330,2010-09-16 00:00:00,1
2010-09-17 00:00:00,2010-09-17 00:00:00,235,2010-09-17 00:00:00,209,209.8,5,1000,217580,2010-09-17 00:00:00,1
2010-09-20 00:00:00,2010-09-20 00:00:00,209,2010-09-20 00:00:00,209,209,1,100,20900,2010-09-20 00:00:00,1
2010-09-21 00:00:00,2010-09-21 00:00:00,220,2010-09-21 00:00:00,220,220,2,500,110000,2010-09-21 00:00:00,1
2010-09-23 00:00:00,2010-09-23 00:00:00,220,2010-09-23 00:00:00,220,220,2,1000,220000,2010-09-23 00:00:00,1
2010-09-24 00:00:00,2010-09-24 00:00:00,220,2010-09-24 00:00:00,220,220,1,500,110000,2010-09-24 00:00:00,1
2010-09-30 00:00:00,2010-09-30 00:00:00,171,2010-09-30 00:00:00,171,171,1,100,17100,2010-09-30 00:00:00,1
2010-10-01 00:00:00,2010-10-01 00:00:00,189,2010-10-01 00:00:00,180.1,187,4,500,92120,2010-10-01 00:00:00,1
2010-10-04 00:00:00,2010-10-04 00:00:00,216,2010-10-04 00:00:00,175.6,207.3,9,1400,272200,2010-10-04 00:00:00,1
2010-10-05 00:00:00,2010-10-05 00:00:00,204,2010-10-05 00:00:00,180,201,7,900,170500,2010-10-05 00:00:00,1
2010-10-06 00:00:00,2010-10-06 00:00:00,190,2010-10-06 00:00:00,186.1,188.6,3,300,56320,2010-10-06 00:00:00,1
2010-10-07 00:00:00,2010-10-07 00:00:00,184,2010-10-07 00:00:00,183.7,183.9,2,200,36770,2010-10-07 00:00:00,1
2010-10-08 00:00:00,2010-10-08 00:00:00,218,2010-10-08 00:00:00,182,206.9,37,6800,1392490,2010-10-08 00:00:00,1
2010-10-12 00:00:00,2010-10-12 00:00:00,183.6,2010-10-12 00:00:00,183.6,183.6,1,100,18360,2010-10-12 00:00:00,1
2010-10-13 00:00:00,2010-10-13 00:00:00,183.5,2010-10-13 00:00:00,180,181.8,2,200,36350,2010-10-13 00:00:00,1
2010-10-14 00:00:00,2010-10-14 00:00:00,209,2010-10-14 00:00:00,207,207.3,12,2600,539150,2010-10-14 00:00:00,1
2010-10-19 00:00:00,2010-10-19 00:00:00,205,2010-10-19 00:00:00,200,200,6,1000,200500,2010-10-19 00:00:00,1
2010-10-20 00:00:00,2010-10-20 00:00:00,200,2010-10-20 00:00:00,200,200,1,500,100000,2010-10-20 00:00:00,1
2010-10-21 00:00:00,2010-10-21 00:00:00,198.9,2010-10-21 00:00:00,195,196.1,7,1300,254280,2010-10-21 00:00:00,1
2010-10-25 00:00:00,2010-10-25 00:00:00,190,2010-10-25 00:00:00,185.3,186.8,8,1300,243210,2010-10-25 00:00:00,1
2010-10-26 00:00:00,2010-10-26 00:00:00,200,2010-10-26 00:00:00,186,189,17,3400,663600,2010-10-26 00:00:00,1
2010-10-27 00:00:00,2010-10-27 00:00:00,185.2,2010-10-27 00:00:00,185.1,185.1,2,600,111070,2010-10-27 00:00:00,1
2010-10-28 00:00:00,2010-10-28 00:00:00,181,2010-10-28 00:00:00,181,181,1,100,18100,2010-10-28 00:00:00,1
2010-10-29 00:00:00,2010-10-29 00:00:00,189,2010-10-29 00:00:00,189,189,1,200,37800,2010-10-29 00:00:00,1
2010-11-01 00:00:00,2010-11-01 00:00:00,200,2010-11-01 00:00:00,200,200,2,200,40000,2010-11-01 00:00:00,1
2010-11-02 00:00:00,2010-11-02 00:00:00,200,2010-11-02 00:00:00,199,199,2,200,39900,2010-11-02 00:00:00,1
2010-11-04 00:00:00,2010-11-04 00:00:00,182.5,2010-11-04 00:00:00,182,182.1,5,1500,273050,2010-11-04 00:00:00,1
2010-11-08 00:00:00,2010-11-08 00:00:00,185,2010-11-08 00:00:00,185,185,1,100,18500,2010-11-08 00:00:00,1
2010-11-09 00:00:00,2010-11-09 00:00:00,190.9,2010-11-09 00:00:00,185,190.9,2,1100,204090,2010-11-09 00:00:00,1
2010-11-10 00:00:00,2010-11-10 00:00:00,194.5,2010-11-10 00:00:00,191,191.6,2,600,114950,2010-11-10 00:00:00,1
2010-11-11 00:00:00,2010-11-11 00:00:00,199,2010-11-11 00:00:00,194,198.3,11,1400,274370,2010-11-11 00:00:00,1
2010-11-12 00:00:00,2010-11-12 00:00:00,195,2010-11-12 00:00:00,187,191,2,200,38200,2010-11-12 00:00:00,1
2010-11-15 00:00:00,2010-11-15 00:00:00,197,2010-11-15 00:00:00,195,195,2,200,39200,2010-11-15 00:00:00,1
2010-11-16 00:00:00,2010-11-16 00:00:00,190,2010-11-16 00:00:00,180,190,2,200,37000,2010-11-16 00:00:00,1
2010-11-18 00:00:00,2010-11-18 00:00:00,194,2010-11-18 00:00:00,194,194,1,100,19400,2010-11-18 00:00:00,1
2010-11-23 00:00:00,2010-11-23 00:00:00,199.7,2010-11-23 00:00:00,194,198,3,3000,593970,2010-11-23 00:00:00,1
2010-11-26 00:00:00,2010-11-26 00:00:00,197.8,2010-11-26 00:00:00,185,187,5,900,168280,2010-11-26 00:00:00,1
2010-11-29 00:00:00,2010-11-29 00:00:00,175,2010-11-29 00:00:00,175,175,2,500,87500,2010-11-29 00:00:00,1
2010-11-30 00:00:00,2010-11-30 00:00:00,182,2010-11-30 00:00:00,182,182,2,700,127400,2010-11-30 00:00:00,1
2010-12-02 00:00:00,2010-12-02 00:00:00,185,2010-12-02 00:00:00,185,185,1,100,18500,2010-12-02 00:00:00,1
2010-12-03 00:00:00,2010-12-03 00:00:00,185,2010-12-03 00:00:00,173,173,2,200,35800,2010-12-03 00:00:00,1
2010-12-07 00:00:00,2010-12-07 00:00:00,165,2010-12-07 00:00:00,165,165,1,300,49500,2010-12-07 00:00:00,1
2010-12-08 00:00:00,2010-12-08 00:00:00,170,2010-12-08 00:00:00,170,170,1,100,17000,2010-12-08 00:00:00,1
2010-12-13 00:00:00,2010-12-13 00:00:00,175,2010-12-13 00:00:00,175,175,1,100,17500,2010-12-13 00:00:00,1
2010-12-21 00:00:00,2010-12-21 00:00:00,175,2010-12-21 00:00:00,175,175,1,100,17500,2010-12-21 00:00:00,1
2010-12-27 00:00:00,2010-12-27 00:00:00,190,2010-12-27 00:00:00,190,190,1,100,19000,2010-12-27 00:00:00,1
Company Id,:  SOY,Security,Type :  N,Sub Type,:  0000,,,,,
Short Name,:  CONVENIENCE FOOD,,,,,,,,,
Day,Date High,High,Date Low,Low,Closing,No. of Trades,No. of Shares,Turnover,Last Traded,Days Traded
2010-01-04 00:00:00,2010-01-04 00:00:00,140,2010-01-04 00:00:00,115,123.25,3,400,49300,2010-01-04 00:00:00,1
2010-01-05 00:00:00,2010-01-05 00:00:00,123,2010-01-05 00:00:00,121.75,122.5,2,200,24475,2010-01-05 00:00:00,1
2010-01-11 00:00:00,2010-01-11 00:00:00,130,2010-01-11 00:00:00,120,120.75,3,1400,169000,2010-01-11 00:00:00,1
2010-01-12 00:00:00,2010-01-12 00:00:00,150,2010-01-12 00:00:00,122,140.25,15,6000,837100,2010-01-12 00:00:00,1
2010-01-15 00:00:00,2010-01-15 00:00:00,127,2010-01-15 00:00:00,126.5,126.75,6,3300,418000,2010-01-15 00:00:00,1
2010-01-18 00:00:00,2010-01-18 00:00:00,125.75,2010-01-18 00:00:00,125,125.75,6,4200,525100,2010-01-18 00:00:00,1
2010-02-12 00:00:00,2010-02-12 00:00:00,120,2010-02-12 00:00:00,120,120,2,200,24000,2010-02-12 00:00:00,1
2010-02-15 00:00:00,2010-02-15 00:00:00,120,2010-02-15 00:00:00,119.75,119.75,2,200,23975,2010-02-15 00:00:00,1
2010-02-16 00:00:00,2010-02-16 00:00:00,140,2010-02-16 00:00:00,121,126.75,5,1400,177350,2010-02-16 00:00:00,1
2010-02-22 00:00:00,2010-02-22 00:00:00,122.25,2010-02-22 00:00:00,122.25,122.25,1,1300,158925,2010-02-22 00:00:00,1
2010-02-23 00:00:00,2010-02-23 00:00:00,140,2010-02-23 00:00:00,135,139.75,9,2700,377250,2010-02-23 00:00:00,1
2010-02-25 00:00:00,2010-02-25 00:00:00,145,2010-02-25 00:00:00,145,145,1,200,29000,2010-02-25 00:00:00,1
2010-03-05 00:00:00,2010-03-05 00:00:00,130,2010-03-05 00:00:00,130,130,1,100,13000,2010-03-05 00:00:00,1
2010-03-11 00:00:00,2010-03-11 00:00:00,130,2010-03-11 00:00:00,130,130,2,200,26000,2010-03-11 00:00:00,1
2010-03-15 00:00:00,2010-03-15 00:00:00,129,2010-03-15 00:00:00,128.75,128.75,2,400,51575,2010-03-15 00:00:00,1
2010-03-16 00:00:00,2010-03-16 00:00:00,129.25,2010-03-16 00:00:00,129,129.25,2,300,38725,2010-03-16 00:00:00,1
2010-03-17 00:00:00,2010-03-17 00:00:00,130,2010-03-17 00:00:00,129.25,130,2,1100,142250,2010-03-17 00:00:00,1
2010-03-19 00:00:00,2010-03-19 00:00:00,146,2010-03-19 00:00:00,137,141.75,10,4300,609600,2010-03-19 00:00:00,1
2010-03-24 00:00:00,2010-03-24 00:00:00,130,2010-03-24 00:00:00,130,130,1,100,13000,2010-03-24 00:00:00,1
2010-03-25 00:00:00,2010-03-25 00:00:00,129,2010-03-25 00:00:00,125,125.25,2,2500,312900,2010-03-25 00:00:00,1
2010-03-30 00:00:00,2010-03-30 00:00:00,144.5,2010-03-30 00:00:00,144.5,144.5,1,100,14450,2010-03-30 00:00:00,1
2010-04-12 00:00:00,2010-04-12 00:00:00,142,2010-04-12 00:00:00,142,142,1,100,14200,2010-04-12 00:00:00,1
2010-04-15 00:00:00,2010-04-15 00:00:00,140,2010-04-15 00:00:00,140,140,2,600,84000,2010-04-15 00:00:00,1
2010-04-22 00:00:00,2010-04-22 00:00:00,138,2010-04-22 00:00:00,138,138,2,300,41400,2010-04-22 00:00:00,1
2010-04-23 00:00:00,2010-04-23 00:00:00,130.5,2010-04-23 00:00:00,130.25,130.5,2,200,26075,2010-04-23 00:00:00,1
2010-04-26 00:00:00,2010-04-26 00:00:00,147,2010-04-26 00:00:00,138,147,4,1100,154500,2010-04-26 00:00:00,1
2010-05-03 00:00:00,2010-05-03 00:00:00,138,2010-05-03 00:00:00,137,137.5,2,200,27500,2010-05-03 00:00:00,1
2010-05-18 00:00:00,2010-05-18 00:00:00,136,2010-05-18 00:00:00,136,136,1,2500,340000,2010-05-18 00:00:00,1
2010-05-19 00:00:00,2010-05-19 00:00:00,131,2010-05-19 00:00:00,130,130,2,1000,130100,2010-05-19 00:00:00,1
2010-05-31 00:00:00,2010-05-31 00:00:00,165,2010-05-31 00:00:00,149.75,151.75,4,800,121475,2010-05-31 00:00:00,1
2010-06-01 00:00:00,2010-06-01 00:00:00,165,2010-06-01 00:00:00,165,165,2,400,66000,2010-06-01 00:00:00,1
2010-06-03 00:00:00,2010-06-03 00:00:00,155,2010-06-03 00:00:00,155,155,1,200,31000,2010-06-03 00:00:00,1
2010-06-07 00:00:00,2010-06-07 00:00:00,150,2010-06-07 00:00:00,150,150,1,100,15000,2010-06-07 00:00:00,1
2010-06-08 00:00:00,2010-06-08 00:00:00,150,2010-06-08 00:00:00,150,150,3,600,90000,2010-06-08 00:00:00,1
2010-06-14 00:00:00,2010-06-14 00:00:00,150,2010-06-14 00:00:00,145,150,2,600,87500,2010-06-14 00:00:00,1
2010-06-15 00:00:00,2010-06-15 00:00:00,145,2010-06-15 00:00:00,145,145,2,600,87000,2010-06-15 00:00:00,1
2010-06-16 00:00:00,2010-06-16 00:00:00,142.25,2010-06-16 00:00:00,142.25,142.25,1,100,14225,2010-06-16 00:00:00,1
2010-06-17 00:00:00,2010-06-17 00:00:00,142,2010-06-17 00:00:00,142,142,1,100,14200,2010-06-17 00:00:00,1
2010-06-21 00:00:00,2010-06-21 00:00:00,142,2010-06-21 00:00:00,142,142,1,100,14200,2010-06-21 00:00:00,1
2010-06-22 00:00:00,2010-06-22 00:00:00,142,2010-06-22 00:00:00,142,142,1,1000,142000,2010-06-22 00:00:00,1
2010-06-24 00:00:00,2010-06-24 00:00:00,132,2010-06-24 00:00:00,132,132,2,300,39600,2010-06-24 00:00:00,1
2010-07-12 00:00:00,2010-07-12 00:00:00,135,2010-07-12 00:00:00,135,135,2,8600,1161000,2010-07-12 00:00:00,1
2010-07-13 00:00:00,2010-07-13 00:00:00,140,2010-07-13 00:00:00,140,140,1,200,28000,2010-07-13 00:00:00,1
2010-07-20 00:00:00,2010-07-20 00:00:00,143,2010-07-20 00:00:00,143,143,1,100,14300,2010-07-20 00:00:00,1
2010-07-21 00:00:00,2010-07-21 00:00:00,143,2010-07-21 00:00:00,143,143,1,200,28600,2010-07-21 00:00:00,1
2010-07-22 00:00:00,2010-07-22 00:00:00,175,2010-07-22 00:00:00,150,153.5,3,700,107500,2010-07-22 00:00:00,1
2010-07-30 00:00:00,2010-07-30 00:00:00,165,2010-07-30 00:00:00,148,165,2,10100,1496500,2010-07-30 00:00:00,1
2010-08-02 00:00:00,2010-08-02 00:00:00,165,2010-08-02 00:00:00,165,165,1,100,16500,2010-08-02 00:00:00,1
2010-08-10 00:00:00,2010-08-10 00:00:00,164.5,2010-08-10 00:00:00,150.1,150.1,2,200,31460,2010-08-10 00:00:00,1
2010-08-11 00:00:00,2010-08-11 00:00:00,150.1,2010-08-11 00:00:00,150.1,150.1,1,100,15010,2010-08-11 00:00:00,1
2010-08-17 00:00:00,2010-08-17 00:00:00,140,2010-08-17 00:00:00,140,140,1,200,28000,2010-08-17 00:00:00,1
2010-08-20 00:00:00,2010-08-20 00:00:00,135,2010-08-20 00:00:00,135,135,3,300,40500,2010-08-20 00:00:00,1
2010-08-23 00:00:00,2010-08-23 00:00:00,140.1,2010-08-23 00:00:00,140,140,4,1100,154020,2010-08-23 00:00:00,1
2010-08-25 00:00:00,2010-08-25 00:00:00,135,2010-08-25 00:00:00,135,135,1,200,27000,2010-08-25 00:00:00,1
2010-08-27 00:00:00,2010-08-27 00:00:00,148,2010-08-27 00:00:00,148,148,1,200,29600,2010-08-27 00:00:00,1
2010-08-31 00:00:00,2010-08-31 00:00:00,140,2010-08-31 00:00:00,135,140,2,200,27500,2010-08-31 00:00:00,1
2010-09-01 00:00:00,2010-09-01 00:00:00,140,2010-09-01 00:00:00,140,140,1,100,14000,2010-09-01 00:00:00,1
2010-09-02 00:00:00,2010-09-02 00:00:00,135,2010-09-02 00:00:00,135,135,2,200,27000,2010-09-02 00:00:00,1
2010-09-08 00:00:00,2010-09-08 00:00:00,135,2010-09-08 00:00:00,135,135,2,400,54000,2010-09-08 00:00:00,1
2010-09-13 00:00:00,2010-09-13 00:00:00,137,2010-09-13 00:00:00,137,137,1,600,82200,2010-09-13 00:00:00,1
2010-09-20 00:00:00,2010-09-20 00:00:00,137,2010-09-20 00:00:00,137,137,1,100,13700,2010-09-20 00:00:00,1
2010-09-23 00:00:00,2010-09-23 00:00:00,190,2010-09-23 00:00:00,170,170,3,300,55000,2010-09-23 00:00:00,1
2010-09-27 00:00:00,2010-09-27 00:00:00,170,2010-09-27 00:00:00,150,150,2,300,47000,2010-09-27 00:00:00,1
2010-09-28 00:00:00,2010-09-28 00:00:00,150,2010-09-28 00:00:00,150,150,1,100,15000,2010-09-28 00:00:00,1
2010-09-30 00:00:00,2010-09-30 00:00:00,150,2010-09-30 00:00:00,150,150,3,300,45000,2010-09-30 00:00:00,1
2010-10-01 00:00:00,2010-10-01 00:00:00,145,2010-10-01 00:00:00,145,145,1,300,43500,2010-10-01 00:00:00,1
2010-10-05 00:00:00,2010-10-05 00:00:00,150,2010-10-05 00:00:00,145,146.2,4,1500,219300,2010-10-05 00:00:00,1
2010-10-07 00:00:00,2010-10-07 00:00:00,140,2010-10-07 00:00:00,140,140,2,400,56000,2010-10-07 00:00:00,1
2010-10-08 00:00:00,2010-10-08 00:00:00,140,2010-10-08 00:00:00,140,140,1,100,14000,2010-10-08 00:00:00,1
2010-10-11 00:00:00,2010-10-11 00:00:00,150,2010-10-11 00:00:00,150,150,3,700,105000,2010-10-11 00:00:00,1
2010-10-12 00:00:00,2010-10-12 00:00:00,150,2010-10-12 00:00:00,150,150,3,500,75000,2010-10-12 00:00:00,1
2010-10-20 00:00:00,2010-10-20 00:00:00,169.9,2010-10-20 00:00:00,150,158.1,8,2200,347910,2010-10-20 00:00:00,1
2010-10-21 00:00:00,2010-10-21 00:00:00,146,2010-10-21 00:00:00,146,146,2,200,29200,2010-10-21 00:00:00,1
2010-10-28 00:00:00,2010-10-28 00:00:00,140,2010-10-28 00:00:00,140,140,1,200,28000,2010-10-28 00:00:00,1
2010-11-16 00:00:00,2010-11-16 00:00:00,141,2010-11-16 00:00:00,141,141,1,3000,423000,2010-11-16 00:00:00,1
2010-11-26 00:00:00,2010-11-26 00:00:00,150,2010-11-26 00:00:00,150,150,2,400,60000,2010-11-26 00:00:00,1
2010-11-29 00:00:00,2010-11-29 00:00:00,150.1,2010-11-29 00:00:00,150,150,3,600,90010,2010-11-29 00:00:00,1
2010-12-01 00:00:00,2010-12-01 00:00:00,155,2010-12-01 00:00:00,155,155,1,3000,465000,2010-12-01 00:00:00,1
2010-12-06 00:00:00,2010-12-06 00:00:00,155,2010-12-06 00:00:00,155,155,1,600,93000,2010-12-06 00:00:00,1
2010-12-15 00:00:00,2010-12-15 00:00:00,155,2010-12-15 00:00:00,155,155,1,200,31000,2010-12-15 00:00:00,1
2010-12-16 00:00:00,2010-12-16 00:00:00,150.1,2010-12-16 00:00:00,150.1,150.1,1,100,15010,2010-12-16 00:00:00,1
2010-12-22 00:00:00,2010-12-22 00:00:00,165,2010-12-22 00:00:00,165,165,1,100,16500,2010-12-22 00:00:00,1
Company Id,:  SPEN,Security,Type :  N,Sub Type,:  0000,,,,,
Short Name,:  AITKEN SPENCE,,,,,,,,,
Day,Date High,High,Date Low,Low,Closing,No. of Trades,No. of Shares,Turnover,Last Traded,Days Traded
2010-01-04 00:00:00,2010-01-04 00:00:00,1325,2010-01-04 00:00:00,1300,1323.25,15,7600,10049000,2010-01-04 00:00:00,1
2010-01-05 00:00:00,2010-01-05 00:00:00,1320,2010-01-05 00:00:00,1300,1314.25,35,10800,14106000,2010-01-05 00:00:00,1
2010-01-06 00:00:00,2010-01-06 00:00:00,1300,2010-01-06 00:00:00,1300,1300,6,2800,3640000,2010-01-06 00:00:00,1
2010-01-07 00:00:00,2010-01-07 00:00:00,1294.75,2010-01-07 00:00:00,1250,1277,11,23200,29546225,2010-01-07 00:00:00,1
2010-01-08 00:00:00,2010-01-08 00:00:00,1275.25,2010-01-08 00:00:00,1275,1275.25,16,21800,27796375,2010-01-08 00:00:00,1
2010-01-11 00:00:00,2010-01-11 00:00:00,1280,2010-01-11 00:00:00,1230,1230,7,2600,3311500,2010-01-11 00:00:00,1
2010-01-12 00:00:00,2010-01-12 00:00:00,1225,2010-01-12 00:00:00,1200,1200,2,300,362500,2010-01-12 00:00:00,1
2010-01-13 00:00:00,2010-01-13 00:00:00,1260,2010-01-13 00:00:00,1225,1251.25,37,34600,43187450,2010-01-13 00:00:00,1
2010-01-15 00:00:00,2010-01-15 00:00:00,1260,2010-01-15 00:00:00,1248,1252.25,20,50200,62757150,2010-01-15 00:00:00,1
2010-01-18 00:00:00,2010-01-18 00:00:00,1250,2010-01-18 00:00:00,1015,1241.5,19,7500,9267700,2010-01-18 00:00:00,1
2010-01-20 00:00:00,2010-01-20 00:00:00,1260,2010-01-20 00:00:00,1224.75,1250.75,28,65500,81871075,2010-01-20 00:00:00,1
2010-01-21 00:00:00,2010-01-21 00:00:00,1255,2010-01-21 00:00:00,1250,1251,18,4000,5004700,2010-01-21 00:00:00,1
2010-01-25 00:00:00,2010-01-25 00:00:00,1277,2010-01-25 00:00:00,1260,1276,5,1000,1263200,2010-01-25 00:00:00,1
2010-01-26 00:00:00,2010-01-26 00:00:00,1375,2010-01-26 00:00:00,1325,1340.75,10,1600,2145000,2010-01-26 00:00:00,1
2010-01-28 00:00:00,2010-01-28 00:00:00,1450,2010-01-28 00:00:00,1340,1386.25,16,18400,24703650,2010-01-28 00:00:00,1
2010-02-01 00:00:00,2010-02-01 00:00:00,1450,2010-02-01 00:00:00,1440,1440,2,300,433000,2010-02-01 00:00:00,1
2010-02-02 00:00:00,2010-02-02 00:00:00,1440,2010-02-02 00:00:00,1350,1358.25,11,4900,6648925,2010-02-02 00:00:00,1
2010-02-03 00:00:00,2010-02-03 00:00:00,1390,2010-02-03 00:00:00,1370,1376,11,26900,37195200,2010-02-03 00:00:00,1
2010-02-05 00:00:00,2010-02-05 00:00:00,1400,2010-02-05 00:00:00,1370,1379,18,4500,6229300,2010-02-05 00:00:00,1
2010-02-08 00:00:00,2010-02-08 00:00:00,1380,2010-02-08 00:00:00,1375,1376,12,15300,21057875,2010-02-08 00:00:00,1
2010-02-09 00:00:00,2010-02-09 00:00:00,1350,2010-02-09 00:00:00,1350,1350,7,16900,22815000,2010-02-09 00:00:00,1
2010-02-10 00:00:00,2010-02-10 00:00:00,1350,2010-02-10 00:00:00,1350,1350,13,6300,8505000,2010-02-10 00:00:00,1
2010-02-12 00:00:00,2010-02-12 00:00:00,1339,2010-02-12 00:00:00,1339,1339,2,200,267800,2010-02-12 00:00:00,1
2010-02-15 00:00:00,2010-02-15 00:00:00,1230,2010-02-15 00:00:00,1230,1230,1,100,123000,2010-02-15 00:00:00,1
2010-02-16 00:00:00,2010-02-16 00:00:00,1230,2010-02-16 00:00:00,1230,1230,7,700,861000,2010-02-16 00:00:00,1
2010-02-17 00:00:00,2010-02-17 00:00:00,1250,2010-02-17 00:00:00,1230,1250,2,300,373000,2010-02-17 00:00:00,1
2010-02-18 00:00:00,2010-02-18 00:00:00,1250,2010-02-18 00:00:00,1250,1250,1,100,125000,2010-02-18 00:00:00,1
2010-02-19 00:00:00,2010-02-19 00:00:00,1300,2010-02-19 00:00:00,1270,1299.75,6,10800,13721975,2010-02-19 00:00:00,1
2010-02-22 00:00:00,2010-02-22 00:00:00,1300,2010-02-22 00:00:00,1299,1299.75,5,6600,8578625,2010-02-22 00:00:00,1
2010-02-23 00:00:00,2010-02-23 00:00:00,1270,2010-02-23 00:00:00,1270,1270,2,200,254000,2010-02-23 00:00:00,1
2010-02-24 00:00:00,2010-02-24 00:00:00,1310,2010-02-24 00:00:00,1290,1301,9,118500,154048900,2010-02-24 00:00:00,1
2010-02-25 00:00:00,2010-02-25 00:00:00,1301,2010-02-25 00:00:00,1301,1301,1,500,650500,2010-02-25 00:00:00,1
2010-02-26 00:00:00,2010-02-26 00:00:00,1300,2010-02-26 00:00:00,1300,1300,5,112700,146510000,2010-02-26 00:00:00,1
2010-03-02 00:00:00,2010-03-02 00:00:00,1350,2010-03-02 00:00:00,1350,1350,9,2400,3240000,2010-03-02 00:00:00,1
2010-03-03 00:00:00,2010-03-03 00:00:00,1350,2010-03-03 00:00:00,1350,1350,1,100,135000,2010-03-03 00:00:00,1
2010-03-04 00:00:00,2010-03-04 00:00:00,1400,2010-03-04 00:00:00,1395,1396.75,2,300,419000,2010-03-04 00:00:00,1
2010-03-05 00:00:00,2010-03-05 00:00:00,1390,2010-03-05 00:00:00,1390,1390,2,400,556000,2010-03-05 00:00:00,1
2010-03-09 00:00:00,2010-03-09 00:00:00,1363,2010-03-09 00:00:00,1361,1361.5,3,600,816800,2010-03-09 00:00:00,1
2010-03-11 00:00:00,2010-03-11 00:00:00,1361.5,2010-03-11 00:00:00,1361.5,1361.5,2,700,953050,2010-03-11 00:00:00,1
2010-03-15 00:00:00,2010-03-15 00:00:00,1365,2010-03-15 00:00:00,1365,1365,1,500,682500,2010-03-15 00:00:00,1
2010-03-16 00:00:00,2010-03-16 00:00:00,1400,2010-03-16 00:00:00,1370,1385,2,200,277000,2010-03-16 00:00:00,1
2010-03-17 00:00:00,2010-03-17 00:00:00,1379,2010-03-17 00:00:00,1375,1375,2,1100,1516500,2010-03-17 00:00:00,1
2010-03-19 00:00:00,2010-03-19 00:00:00,1350,2010-03-19 00:00:00,1320,1350,5,3000,4041000,2010-03-19 00:00:00,1
2010-03-22 00:00:00,2010-03-22 00:00:00,1390,2010-03-22 00:00:00,1390,1390,1,5000,6950000,2010-03-22 00:00:00,1
2010-03-23 00:00:00,2010-03-23 00:00:00,1390,2010-03-23 00:00:00,1370,1386,4,1000,1386000,2010-03-23 00:00:00,1
2010-03-25 00:00:00,2010-03-25 00:00:00,1380,2010-03-25 00:00:00,1325,1378.25,7,8100,11157500,2010-03-25 00:00:00,1
2010-03-30 00:00:00,2010-03-30 00:00:00,1325,2010-03-30 00:00:00,1325,1325,1,200,265000,2010-03-30 00:00:00,1
2010-03-31 00:00:00,2010-03-31 00:00:00,1375,2010-03-31 00:00:00,1360,1373.75,7,12000,16484500,2010-03-31 00:00:00,1
2010-04-05 00:00:00,2010-04-05 00:00:00,1350,2010-04-05 00:00:00,1340,1340,2,1400,1889000,2010-04-05 00:00:00,1
2010-04-06 00:00:00,2010-04-06 00:00:00,1380,2010-04-06 00:00:00,1370,1374.75,8,10500,14433825,2010-04-06 00:00:00,1
2010-04-07 00:00:00,2010-04-07 00:00:00,1380,2010-04-07 00:00:00,1375,1375.75,11,6600,9099200,2010-04-07 00:00:00,1
2010-04-08 00:00:00,2010-04-08 00:00:00,1390,2010-04-08 00:00:00,1379,1381.25,18,25200,34790500,2010-04-08 00:00:00,1
2010-04-12 00:00:00,2010-04-12 00:00:00,1400,2010-04-12 00:00:00,1399,1399.75,2,300,419900,2010-04-12 00:00:00,1
2010-04-15 00:00:00,2010-04-15 00:00:00,1375,2010-04-15 00:00:00,1375,1375,1,100,137500,2010-04-15 00:00:00,1
2010-04-16 00:00:00,2010-04-16 00:00:00,1375.5,2010-04-16 00:00:00,1375.5,1375.5,4,1000,1375500,2010-04-16 00:00:00,1
2010-04-19 00:00:00,2010-04-19 00:00:00,1400,2010-04-19 00:00:00,1400,1400,7,26100,36610000,2010-04-19 00:00:00,1
2010-04-20 00:00:00,2010-04-20 00:00:00,1400,2010-04-20 00:00:00,1400,1400,6,11000,15400000,2010-04-20 00:00:00,1
2010-04-21 00:00:00,2010-04-21 00:00:00,1410,2010-04-21 00:00:00,1399.75,1410,2,200,280975,2010-04-21 00:00:00,1
2010-04-22 00:00:00,2010-04-22 00:00:00,1450,2010-04-22 00:00:00,1400,1426,14,12700,17799500,2010-04-22 00:00:00,1
2010-04-23 00:00:00,2010-04-23 00:00:00,1450,2010-04-23 00:00:00,1450,1450,1,10000,14500000,2010-04-23 00:00:00,1
2010-04-26 00:00:00,2010-04-26 00:00:00,1500,2010-04-26 00:00:00,1460,1494.25,7,700,1046000,2010-04-26 00:00:00,1
2010-04-27 00:00:00,2010-04-27 00:00:00,1500,2010-04-27 00:00:00,1499,1499,3,500,749825,2010-04-27 00:00:00,1
2010-04-29 00:00:00,2010-04-29 00:00:00,1450,2010-04-29 00:00:00,1450,1450,1,1000,1450000,2010-04-29 00:00:00,1
2010-04-30 00:00:00,2010-04-30 00:00:00,1451,2010-04-30 00:00:00,1450,1450.25,9,10700,15516400,2010-04-30 00:00:00,1
2010-05-03 00:00:00,2010-05-03 00:00:00,1450,2010-05-03 00:00:00,1450,1450,8,16700,24215000,2010-05-03 00:00:00,1
2010-05-05 00:00:00,2010-05-05 00:00:00,1450,2010-05-05 00:00:00,1448,1450,15,65100,94390800,2010-05-05 00:00:00,1
2010-05-06 00:00:00,2010-05-06 00:00:00,1451,2010-05-06 00:00:00,1450,1450.25,9,25800,37410800,2010-05-06 00:00:00,1
2010-05-07 00:00:00,2010-05-07 00:00:00,1450,2010-05-07 00:00:00,1450,1450,42,82700,119915000,2010-05-07 00:00:00,1
2010-05-10 00:00:00,2010-05-10 00:00:00,1450,2010-05-10 00:00:00,1450,1450,6,31200,45240000,2010-05-10 00:00:00,1
2010-05-12 00:00:00,2010-05-12 00:00:00,1450.25,2010-05-12 00:00:00,1450.25,1450.25,1,5000,7251250,2010-05-12 00:00:00,1
2010-05-13 00:00:00,2010-05-13 00:00:00,1500,2010-05-13 00:00:00,1490,1499.25,11,37300,55944625,2010-05-13 00:00:00,1
2010-05-14 00:00:00,2010-05-14 00:00:00,1599,2010-05-14 00:00:00,1500,1552.5,51,39700,60588675,2010-05-14 00:00:00,1
2010-05-17 00:00:00,2010-05-17 00:00:00,1575,2010-05-17 00:00:00,1550,1550.75,10,2400,3733525,2010-05-17 00:00:00,1
2010-05-18 00:00:00,2010-05-18 00:00:00,1575,2010-05-18 00:00:00,1550,1550.25,52,17800,27592575,2010-05-18 00:00:00,1
2010-05-19 00:00:00,2010-05-19 00:00:00,1550,2010-05-19 00:00:00,1550,1550,1,100,155000,2010-05-19 00:00:00,1
2010-05-20 00:00:00,2010-05-20 00:00:00,1550.75,2010-05-20 00:00:00,1550,1550.75,13,9900,15350900,2010-05-20 00:00:00,1
2010-05-21 00:00:00,2010-05-21 00:00:00,1550.25,2010-05-21 00:00:00,1550,1550.25,6,3700,5735500,2010-05-21 00:00:00,1
2010-05-25 00:00:00,2010-05-25 00:00:00,1551,2010-05-25 00:00:00,1550,1550,5,18300,28366100,2010-05-25 00:00:00,1
2010-05-31 00:00:00,2010-05-31 00:00:00,1552,2010-05-31 00:00:00,1550,1552,3,3700,5735200,2010-05-31 00:00:00,1
2010-06-01 00:00:00,2010-06-01 00:00:00,1552,2010-06-01 00:00:00,1551,1552,11,12300,19089125,2010-06-01 00:00:00,1
2010-06-02 00:00:00,2010-06-02 00:00:00,1552,2010-06-02 00:00:00,1551,1551.75,19,27200,42173000,2010-06-02 00:00:00,1
2010-06-03 00:00:00,2010-06-03 00:00:00,,2010-06-03 00:00:00,,,2,15000,23250000,2010-06-03 00:00:00,1
2010-06-04 00:00:00,2010-06-04 00:00:00,1555,2010-06-04 00:00:00,1550,1555,14,25700,40000100,2010-06-04 00:00:00,1
2010-06-07 00:00:00,2010-06-07 00:00:00,1555,2010-06-07 00:00:00,1555,1555,5,33000,51315000,2010-06-07 00:00:00,1
2010-06-08 00:00:00,2010-06-08 00:00:00,1556,2010-06-08 00:00:00,1555,1555.75,8,5300,8242525,2010-06-08 00:00:00,1
2010-06-09 00:00:00,2010-06-09 00:00:00,1556,2010-06-09 00:00:00,1556,1556,1,100,155600,2010-06-09 00:00:00,1
2010-06-10 00:00:00,2010-06-10 00:00:00,1570,2010-06-10 00:00:00,1570,1570,1,200,314000,2010-06-10 00:00:00,1
2010-06-11 00:00:00,2010-06-11 00:00:00,1600,2010-06-11 00:00:00,1550,1599.75,17,132350,208866100,2010-06-11 00:00:00,1
2010-06-14 00:00:00,2010-06-14 00:00:00,1600,2010-06-14 00:00:00,1600,1600,2,500,800000,2010-06-14 00:00:00,1
2010-06-15 00:00:00,2010-06-15 00:00:00,1600,2010-06-15 00:00:00,1600,1600,6,5600,8960000,2010-06-15 00:00:00,1
2010-06-16 00:00:00,2010-06-16 00:00:00,1650,2010-06-16 00:00:00,1600,1600,7,2400,3845250,2010-06-16 00:00:00,1
2010-06-17 00:00:00,2010-06-17 00:00:00,1650,2010-06-17 00:00:00,1600,1600,10,5800,9286000,2010-06-17 00:00:00,1
2010-06-21 00:00:00,2010-06-21 00:00:00,1650,2010-06-21 00:00:00,1650,1650,7,45300,73569000,2010-06-21 00:00:00,1
2010-06-22 00:00:00,2010-06-22 00:00:00,1650,2010-06-22 00:00:00,1630,1643.25,4,45000,72914000,2010-06-22 00:00:00,1
2010-06-23 00:00:00,2010-06-23 00:00:00,1650,2010-06-23 00:00:00,1620,1620,15,19600,31801000,2010-06-23 00:00:00,1
2010-06-24 00:00:00,2010-06-24 00:00:00,1640,2010-06-24 00:00:00,1620,1620.5,4,400,650100,2010-06-24 00:00:00,1
2010-06-28 00:00:00,2010-06-28 00:00:00,1600,2010-06-28 00:00:00,1600,1600,3,81700,130720000,2010-06-28 00:00:00,1
2010-06-29 00:00:00,2010-06-29 00:00:00,1610,2010-06-29 00:00:00,1605,1607.75,3,1000,1608000,2010-06-29 00:00:00,1
2010-07-01 00:00:00,2010-07-01 00:00:00,1610,2010-07-01 00:00:00,1610,1610,1,400,644000,2010-07-01 00:00:00,1
2010-07-02 00:00:00,2010-07-02 00:00:00,1605,2010-07-02 00:00:00,1600,1604.5,5,16900,27047500,2010-07-02 00:00:00,1
2010-07-06 00:00:00,2010-07-06 00:00:00,1500,2010-07-06 00:00:00,1500,1500,1,100,150000,2010-07-06 00:00:00,1
2010-07-07 00:00:00,2010-07-07 00:00:00,1500,2010-07-07 00:00:00,1500,1500,2,200,300000,2010-07-07 00:00:00,1
2010-07-09 00:00:00,2010-07-09 00:00:00,1515,2010-07-09 00:00:00,1500,1500.25,4,800,1201525,2010-07-09 00:00:00,1
2010-07-12 00:00:00,2010-07-12 00:00:00,1580,2010-07-12 00:00:00,1550,1563,7,8800,13959000,2010-07-12 00:00:00,1
2010-07-14 00:00:00,2010-07-14 00:00:00,1620,2010-07-14 00:00:00,1600,1600,14,17900,28642000,2010-07-14 00:00:00,1
2010-07-15 00:00:00,2010-07-15 00:00:00,1600,2010-07-15 00:00:00,1600,1600,4,2200,3520000,2010-07-15 00:00:00,1
2010-07-16 00:00:00,2010-07-16 00:00:00,1600,2010-07-16 00:00:00,1600,1600,2,7100,11360000,2010-07-16 00:00:00,1
2010-07-19 00:00:00,2010-07-19 00:00:00,1600,2010-07-19 00:00:00,1600,1600,9,5200,8320000,2010-07-19 00:00:00,1
2010-07-20 00:00:00,2010-07-20 00:00:00,1620,2010-07-20 00:00:00,1600,1605.75,4,3500,5620000,2010-07-20 00:00:00,1
2010-07-21 00:00:00,2010-07-21 00:00:00,1650.25,2010-07-21 00:00:00,1620,1650.25,6,2300,3781700,2010-07-21 00:00:00,1
2010-07-22 00:00:00,2010-07-22 00:00:00,1650.25,2010-07-22 00:00:00,1650,1650,7,8500,14025075,2010-07-22 00:00:00,1
2010-07-23 00:00:00,2010-07-23 00:00:00,1700,2010-07-23 00:00:00,1650,1700,15,6400,10850000,2010-07-23 00:00:00,1
2010-07-26 00:00:00,2010-07-26 00:00:00,1800,2010-07-26 00:00:00,1700,1800,5,2400,4158000,2010-07-26 00:00:00,1
2010-07-27 00:00:00,2010-07-27 00:00:00,1800,2010-07-27 00:00:00,1800,1800,10,5400,9720000,2010-07-27 00:00:00,1
2010-07-28 00:00:00,2010-07-28 00:00:00,1900,2010-07-28 00:00:00,1800,1900,19,13800,25680100,2010-07-28 00:00:00,1
2010-07-29 00:00:00,2010-07-29 00:00:00,1999.75,2010-07-29 00:00:00,1850,1855,6,800,1535950,2010-07-29 00:00:00,1
2010-07-30 00:00:00,2010-07-30 00:00:00,1975,2010-07-30 00:00:00,1900,1924.5,17,4400,8482350,2010-07-30 00:00:00,1
2010-08-02 00:00:00,2010-08-02 00:00:00,1900,2010-08-02 00:00:00,1890,1900,19,11900,22605000,2010-08-02 00:00:00,1
2010-08-03 00:00:00,2010-08-03 00:00:00,1910,2010-08-03 00:00:00,1900,1904.6,9,2000,3813000,2010-08-03 00:00:00,1
2010-08-04 00:00:00,2010-08-04 00:00:00,1950,2010-08-04 00:00:00,1900,1942.3,32,371900,725008800,2010-08-04 00:00:00,1
2010-08-05 00:00:00,2010-08-05 00:00:00,1939.9,2010-08-05 00:00:00,1875,1911.4,15,3300,6275480,2010-08-05 00:00:00,1
2010-08-06 00:00:00,2010-08-06 00:00:00,1900,2010-08-06 00:00:00,1875,1875,2,200,377500,2010-08-06 00:00:00,1
2010-08-09 00:00:00,2010-08-09 00:00:00,1836,2010-08-09 00:00:00,1700,1803,12,1800,3233650,2010-08-09 00:00:00,1
2010-08-10 00:00:00,2010-08-10 00:00:00,1875,2010-08-10 00:00:00,1750,1850,35,14600,26902500,2010-08-10 00:00:00,1
2010-08-11 00:00:00,2010-08-11 00:00:00,1850,2010-08-11 00:00:00,1800,1800,2,200,365000,2010-08-11 00:00:00,1
2010-08-12 00:00:00,2010-08-12 00:00:00,1825,2010-08-12 00:00:00,1750,1825,2,3000,5325000,2010-08-12 00:00:00,1
2010-08-13 00:00:00,2010-08-13 00:00:00,1850,2010-08-13 00:00:00,1750,1850,6,1400,2560000,2010-08-13 00:00:00,1
2010-08-17 00:00:00,2010-08-17 00:00:00,2035,2010-08-17 00:00:00,2035,2035,3,7900,20427000,2010-08-17 00:00:00,1
2010-08-18 00:00:00,2010-08-18 00:00:00,2238.5,2010-08-18 00:00:00,2238.5,2238.5,5,1300,2910050,2010-08-18 00:00:00,1
2010-08-19 00:00:00,2010-08-19 00:00:00,2462.3,2010-08-19 00:00:00,2462.3,2462.3,4,400,984920,2010-08-19 00:00:00,1
2010-08-20 00:00:00,2010-08-20 00:00:00,2708.5,2010-08-20 00:00:00,2649,2701.6,444,131100,355274590,2010-08-20 00:00:00,1
2010-08-23 00:00:00,2010-08-23 00:00:00,2708.4,2010-08-23 00:00:00,2672,2706,83,28300,76543870,2010-08-23 00:00:00,1
2010-08-25 00:00:00,2010-08-25 00:00:00,2706,2010-08-25 00:00:00,2600,2629.4,83,20600,55446890,2010-08-25 00:00:00,1
2010-08-26 00:00:00,2010-08-26 00:00:00,2610,2010-08-26 00:00:00,2577,2597.4,70,16000,41543460,2010-08-26 00:00:00,1
2010-08-27 00:00:00,2010-08-27 00:00:00,2595.1,2010-08-27 00:00:00,2581,2588.5,41,5300,13725410,2010-08-27 00:00:00,1
2010-08-30 00:00:00,2010-08-30 00:00:00,2590,2010-08-30 00:00:00,2540,2544.3,97,16900,43143110,2010-08-30 00:00:00,1
2010-08-31 00:00:00,2010-08-31 00:00:00,2600,2010-08-31 00:00:00,2450,2505.8,79,18500,46553770,2010-08-31 00:00:00,1
2010-09-01 00:00:00,2010-09-01 00:00:00,2550,2010-09-01 00:00:00,2460,2499.5,60,20900,52155940,2010-09-01 00:00:00,1
2010-09-02 00:00:00,2010-09-02 00:00:00,2540,2010-09-02 00:00:00,2499.9,2500,95,34500,86306130,2010-09-02 00:00:00,1
2010-09-03 00:00:00,2010-09-03 00:00:00,2520,2010-09-03 00:00:00,2480,2492,50,22900,57225000,2010-09-03 00:00:00,1
2010-09-06 00:00:00,2010-09-06 00:00:00,2500,2010-09-06 00:00:00,2480,2495.8,35,8800,21912790,2010-09-06 00:00:00,1
2010-09-07 00:00:00,2010-09-07 00:00:00,2745.3,2010-09-07 00:00:00,2500,2745.3,198,"1,039,400    2",",804,206,840.00",2010-09-07 00:00:00,1
2010-09-08 00:00:00,2010-09-08 00:00:00,3000,2010-09-08 00:00:00,2745.3,2785.4,184,56300,159787130,2010-09-08 00:00:00,1
2010-09-09 00:00:00,2010-09-09 00:00:00,2948.9,2010-09-09 00:00:00,2800,2819.3,100,14700,42233990,2010-09-09 00:00:00,1
2010-09-13 00:00:00,2010-09-13 00:00:00,2935,2010-09-13 00:00:00,2850,2908.4,88,20000,57845900,2010-09-13 00:00:00,1
2010-09-14 00:00:00,2010-09-14 00:00:00,3050,2010-09-14 00:00:00,2900,2996.8,166,72400,216358250,2010-09-14 00:00:00,1
2010-09-15 00:00:00,2010-09-15 00:00:00,3000,2010-09-15 00:00:00,2875,2982.5,45,13300,39069620,2010-09-15 00:00:00,1
2010-09-16 00:00:00,2010-09-16 00:00:00,3000,2010-09-16 00:00:00,2921.3,2996.3,63,12400,37081570,2010-09-16 00:00:00,1
2010-09-17 00:00:00,2010-09-17 00:00:00,3099,2010-09-17 00:00:00,2950,2999.6,91,213600,640663550,2010-09-17 00:00:00,1
2010-09-20 00:00:00,2010-09-20 00:00:00,3100,2010-09-20 00:00:00,3000,3080.2,74,18400,55465600,2010-09-20 00:00:00,1
2010-09-21 00:00:00,2010-09-21 00:00:00,3200,2010-09-21 00:00:00,3090,3175.7,104,14400,45261430,2010-09-21 00:00:00,1
2010-09-23 00:00:00,2010-09-23 00:00:00,3400,2010-09-23 00:00:00,3175.7,3298.9,121,30300,99195530,2010-09-23 00:00:00,1
2010-09-24 00:00:00,2010-09-24 00:00:00,3340,2010-09-24 00:00:00,3300,3333.8,49,13000,43365920,2010-09-24 00:00:00,1
2010-09-27 00:00:00,2010-09-27 00:00:00,3340,2010-09-27 00:00:00,3150,3204.5,57,12400,40365100,2010-09-27 00:00:00,1
2010-09-28 00:00:00,2010-09-28 00:00:00,3210,2010-09-28 00:00:00,3102.5,3156.7,43,5500,17344460,2010-09-28 00:00:00,1
2010-09-29 00:00:00,2010-09-29 00:00:00,3297,2010-09-29 00:00:00,3102,3228.3,46,8700,27533010,2010-09-29 00:00:00,1
2010-09-30 00:00:00,2010-09-30 00:00:00,3340,2010-09-30 00:00:00,3200.1,3301.8,67,17400,57330080,2010-09-30 00:00:00,1
2010-10-01 00:00:00,2010-10-01 00:00:00,3500,2010-10-01 00:00:00,3290,3299.7,52,12600,41727100,2010-10-01 00:00:00,1
2010-10-04 00:00:00,2010-10-04 00:00:00,3300,2010-10-04 00:00:00,3265,3278.9,96,27300,89785090,2010-10-04 00:00:00,1
2010-10-05 00:00:00,2010-10-05 00:00:00,3300,2010-10-05 00:00:00,3125,3194.3,111,22100,70859410,2010-10-05 00:00:00,1
2010-10-11 00:00:00,2010-10-11 00:00:00,230,2010-10-11 00:00:00,210.5,216.2,1054,"19,054,800    4",",368,758,790.00",2010-10-11 00:00:00,1
2010-10-12 00:00:00,2010-10-12 00:00:00,219,2010-10-12 00:00:00,200,204.6,636,933200,194595290,2010-10-12 00:00:00,1
2010-10-13 00:00:00,2010-10-13 00:00:00,214,2010-10-13 00:00:00,190,199.2,702,669200,133830150,2010-10-13 00:00:00,1
2010-10-14 00:00:00,2010-10-14 00:00:00,205,2010-10-14 00:00:00,194.6,195.1,363,309400,61124130,2010-10-14 00:00:00,1
2010-10-15 00:00:00,2010-10-15 00:00:00,195,2010-10-15 00:00:00,187.3,189.3,405,480900,91307180,2010-10-15 00:00:00,1
2010-10-18 00:00:00,2010-10-18 00:00:00,192,2010-10-18 00:00:00,189,189.9,271,344000,65534590,2010-10-18 00:00:00,1
2010-10-19 00:00:00,2010-10-19 00:00:00,193,2010-10-19 00:00:00,188.5,192.6,159,456900,86904970,2010-10-19 00:00:00,1
2010-10-20 00:00:00,2010-10-20 00:00:00,193,2010-10-20 00:00:00,188,188.2,177,230700,43681410,2010-10-20 00:00:00,1
2010-10-21 00:00:00,2010-10-21 00:00:00,193,2010-10-21 00:00:00,187,187.9,186,221000,41688490,2010-10-21 00:00:00,1
2010-10-25 00:00:00,2010-10-25 00:00:00,190.1,2010-10-25 00:00:00,182,182.7,137,145000,26933810,2010-10-25 00:00:00,1
2010-10-26 00:00:00,2010-10-26 00:00:00,190,2010-10-26 00:00:00,176.5,182.2,289,648100,117362170,2010-10-26 00:00:00,1
2010-10-27 00:00:00,2010-10-27 00:00:00,184.9,2010-10-27 00:00:00,179.5,180,126,79700,14353880,2010-10-27 00:00:00,1
2010-10-28 00:00:00,2010-10-28 00:00:00,183.1,2010-10-28 00:00:00,179,180.1,235,"10,473,900    1",",885,327,540.00",2010-10-28 00:00:00,1
2010-10-29 00:00:00,2010-10-29 00:00:00,188,2010-10-29 00:00:00,182,184.8,234,263400,48615200,2010-10-29 00:00:00,1
2010-11-01 00:00:00,2010-11-01 00:00:00,188,2010-11-01 00:00:00,186.5,186.6,107,61200,11434870,2010-11-01 00:00:00,1
2010-11-02 00:00:00,2010-11-02 00:00:00,188,2010-11-02 00:00:00,184,184.2,127,58400,10824420,2010-11-02 00:00:00,1
2010-11-03 00:00:00,2010-11-03 00:00:00,186.9,2010-11-03 00:00:00,180,180.6,262,239700,43268520,2010-11-03 00:00:00,1
2010-11-04 00:00:00,2010-11-04 00:00:00,180.7,2010-11-04 00:00:00,179,179,131,208900,37493100,2010-11-04 00:00:00,1
2010-11-08 00:00:00,2010-11-08 00:00:00,179,2010-11-08 00:00:00,178,178.6,58,31200,5569130,2010-11-08 00:00:00,1
2010-11-09 00:00:00,2010-11-09 00:00:00,180,2010-11-09 00:00:00,178,178,112,74100,13222510,2010-11-09 00:00:00,1
2010-11-10 00:00:00,2010-11-10 00:00:00,179,2010-11-10 00:00:00,177,177,82,110500,19570920,2010-11-10 00:00:00,1
2010-11-11 00:00:00,2010-11-11 00:00:00,180,2010-11-11 00:00:00,177,179.4,37,16600,2980560,2010-11-11 00:00:00,1
2010-11-12 00:00:00,2010-11-12 00:00:00,179.5,2010-11-12 00:00:00,178,178.5,66,38200,6827760,2010-11-12 00:00:00,1
2010-11-15 00:00:00,2010-11-15 00:00:00,179.9,2010-11-15 00:00:00,177.5,177.6,87,104100,18588950,2010-11-15 00:00:00,1
2010-11-16 00:00:00,2010-11-16 00:00:00,180,2010-11-16 00:00:00,176,177,111,"11,757,000    2",",115,621,300.00",2010-11-16 00:00:00,1
2010-11-18 00:00:00,2010-11-18 00:00:00,179.9,2010-11-18 00:00:00,177.1,178,104,95800,17085820,2010-11-18 00:00:00,1
2010-11-22 00:00:00,2010-11-22 00:00:00,180,2010-11-22 00:00:00,176,177,78,72700,12888930,2010-11-22 00:00:00,1
2010-11-23 00:00:00,2010-11-23 00:00:00,185,2010-11-23 00:00:00,173.1,178.3,137,145000,25775930,2010-11-23 00:00:00,1
2010-11-24 00:00:00,2010-11-24 00:00:00,179,2010-11-24 00:00:00,175,178,47,34300,6107280,2010-11-24 00:00:00,1
2010-11-25 00:00:00,2010-11-25 00:00:00,178,2010-11-25 00:00:00,175,175.3,33,15200,2681540,2010-11-25 00:00:00,1
2010-11-26 00:00:00,2010-11-26 00:00:00,175,2010-11-26 00:00:00,173,174.1,39,90400,15810460,2010-11-26 00:00:00,1
2010-11-29 00:00:00,2010-11-29 00:00:00,175,2010-11-29 00:00:00,164.5,169.6,217,154500,26150830,2010-11-29 00:00:00,1
2010-11-30 00:00:00,2010-11-30 00:00:00,180,2010-11-30 00:00:00,174,174.1,152,211400,37078500,2010-11-30 00:00:00,1
2010-12-01 00:00:00,2010-12-01 00:00:00,180,2010-12-01 00:00:00,175.2,179,121,1329500,238973930,2010-12-01 00:00:00,1
2010-12-02 00:00:00,2010-12-02 00:00:00,179.9,2010-12-02 00:00:00,177.2,179,92,197900,35375950,2010-12-02 00:00:00,1
2010-12-03 00:00:00,2010-12-03 00:00:00,179,2010-12-03 00:00:00,177,178.2,27,11400,2032840,2010-12-03 00:00:00,1
2010-12-06 00:00:00,2010-12-06 00:00:00,179.9,2010-12-06 00:00:00,177,177.2,31,13800,2447280,2010-12-06 00:00:00,1
2010-12-07 00:00:00,2010-12-07 00:00:00,177.2,2010-12-07 00:00:00,173,174.1,58,68800,12072940,2010-12-07 00:00:00,1
2010-12-08 00:00:00,2010-12-08 00:00:00,174,2010-12-08 00:00:00,172,172.2,42,18900,3267950,2010-12-08 00:00:00,1
2010-12-09 00:00:00,2010-12-09 00:00:00,174,2010-12-09 00:00:00,172,173,41,28100,4856530,2010-12-09 00:00:00,1
2010-12-10 00:00:00,2010-12-10 00:00:00,175,2010-12-10 00:00:00,172,172.3,56,53000,9141020,2010-12-10 00:00:00,1
2010-12-13 00:00:00,2010-12-13 00:00:00,174,2010-12-13 00:00:00,171,171.3,40,43800,7546380,2010-12-13 00:00:00,1
2010-12-14 00:00:00,2010-12-14 00:00:00,172,2010-12-14 00:00:00,168.9,169.5,61,24800,4214720,2010-12-14 00:00:00,1
2010-12-15 00:00:00,2010-12-15 00:00:00,169.8,2010-12-15 00:00:00,168,168.5,68,23200,3918420,2010-12-15 00:00:00,1
2010-12-16 00:00:00,2010-12-16 00:00:00,169,2010-12-16 00:00:00,166,167,71,88900,14856440,2010-12-16 00:00:00,1
2010-12-17 00:00:00,2010-12-17 00:00:00,167,2010-12-17 00:00:00,165.5,166,92,56800,9429140,2010-12-17 00:00:00,1
2010-12-21 00:00:00,2010-12-21 00:00:00,166,2010-12-21 00:00:00,165,165.5,113,67900,11225190,2010-12-21 00:00:00,1
2010-12-22 00:00:00,2010-12-22 00:00:00,173,2010-12-22 00:00:00,166,169.1,139,177000,29929280,2010-12-22 00:00:00,1
2010-12-23 00:00:00,2010-12-23 00:00:00,175,2010-12-23 00:00:00,170,173.8,82,89400,15409130,2010-12-23 00:00:00,1
2010-12-24 00:00:00,2010-12-24 00:00:00,175.5,2010-12-24 00:00:00,169.9,170.3,75,1256900,211289670,2010-12-24 00:00:00,1
2010-12-27 00:00:00,2010-12-27 00:00:00,173.2,2010-12-27 00:00:00,170.1,172.9,48,35500,6115110,2010-12-27 00:00:00,1
2010-12-28 00:00:00,2010-12-28 00:00:00,173.1,2010-12-28 00:00:00,171.7,172.1,57,49000,8443980,2010-12-28 00:00:00,1
2010-12-29 00:00:00,2010-12-29 00:00:00,172.9,2010-12-29 00:00:00,171.3,171.5,46,57000,9803340,2010-12-29 00:00:00,1
2010-12-30 00:00:00,2010-12-30 00:00:00,172.8,2010-12-30 00:00:00,169.5,169.9,82,191400,32250500,2010-12-30 00:00:00,1
2010-12-31 00:00:00,2010-12-31 00:00:00,171,2010-12-31 00:00:00,169.7,169.9,73,43400,7388670,2010-12-31 00:00:00,1
Company Id,:  STAF,Security,Type :  N,Sub Type,:  0000,,,,,
Short Name,:  DOLPHIN HOTELS,,,,,,,,,
Day,Date High,High,Date Low,Low,Closing,No. of Trades,No. of Shares,Turnover,Last Traded,Days Traded
2010-01-04 00:00:00,2010-01-04 00:00:00,28,2010-01-04 00:00:00,27.5,27.5,15,27700,770600,2010-01-04 00:00:00,1
2010-01-05 00:00:00,2010-01-05 00:00:00,30.5,2010-01-05 00:00:00,28,29,157,368200,10744750,2010-01-05 00:00:00,1
2010-01-06 00:00:00,2010-01-06 00:00:00,30.75,2010-01-06 00:00:00,30,30,221,786000,23729275,2010-01-06 00:00:00,1
2010-01-07 00:00:00,2010-01-07 00:00:00,30.5,2010-01-07 00:00:00,29.25,30,49,96500,2891725,2010-01-07 00:00:00,1
2010-01-08 00:00:00,2010-01-08 00:00:00,31,2010-01-08 00:00:00,29.75,29.75,32,43100,1293550,2010-01-08 00:00:00,1
2010-01-11 00:00:00,2010-01-11 00:00:00,29.75,2010-01-11 00:00:00,29.25,29.5,17,10500,308600,2010-01-11 00:00:00,1
2010-01-12 00:00:00,2010-01-12 00:00:00,30,2010-01-12 00:00:00,29,29.25,12,15000,442275,2010-01-12 00:00:00,1
2010-01-13 00:00:00,2010-01-13 00:00:00,29.75,2010-01-13 00:00:00,29,29.75,31,135100,3986375,2010-01-13 00:00:00,1
2010-01-15 00:00:00,2010-01-15 00:00:00,32,2010-01-15 00:00:00,28.5,31.25,108,258800,7976300,2010-01-15 00:00:00,1
2010-01-18 00:00:00,2010-01-18 00:00:00,32.5,2010-01-18 00:00:00,30.75,31,134,373200,11873475,2010-01-18 00:00:00,1
2010-01-19 00:00:00,2010-01-19 00:00:00,31.5,2010-01-19 00:00:00,29.5,30.25,41,66100,2014550,2010-01-19 00:00:00,1
2010-01-20 00:00:00,2010-01-20 00:00:00,31.25,2010-01-20 00:00:00,30.5,31,67,127300,3938000,2010-01-20 00:00:00,1
2010-01-21 00:00:00,2010-01-21 00:00:00,31,2010-01-21 00:00:00,30.5,30.75,31,36100,1115600,2010-01-21 00:00:00,1
2010-01-22 00:00:00,2010-01-22 00:00:00,30.75,2010-01-22 00:00:00,30.25,30.75,14,24400,745950,2010-01-22 00:00:00,1
2010-01-25 00:00:00,2010-01-25 00:00:00,31,2010-01-25 00:00:00,30.5,30.5,31,43800,1339275,2010-01-25 00:00:00,1
2010-01-26 00:00:00,2010-01-26 00:00:00,32.25,2010-01-26 00:00:00,30.5,31.75,49,107800,3409750,2010-01-26 00:00:00,1
2010-01-28 00:00:00,2010-01-28 00:00:00,32,2010-01-28 00:00:00,29.5,31.5,35,101300,3131225,2010-01-28 00:00:00,1
2010-02-01 00:00:00,2010-02-01 00:00:00,33,2010-02-01 00:00:00,31.25,32.75,127,232900,7551825,2010-02-01 00:00:00,1
2010-02-02 00:00:00,2010-02-02 00:00:00,34,2010-02-02 00:00:00,32.5,33.75,152,459100,15323725,2010-02-02 00:00:00,1
2010-02-03 00:00:00,2010-02-03 00:00:00,34.5,2010-02-03 00:00:00,32,34,65,84400,2853625,2010-02-03 00:00:00,1
2010-02-05 00:00:00,2010-02-05 00:00:00,34.5,2010-02-05 00:00:00,33,33.5,21,22400,758700,2010-02-05 00:00:00,1
2010-02-08 00:00:00,2010-02-08 00:00:00,36,2010-02-08 00:00:00,33.5,35.5,131,183300,6424450,2010-02-08 00:00:00,1
2010-02-09 00:00:00,2010-02-09 00:00:00,35.5,2010-02-09 00:00:00,34,34.5,40,100900,3516925,2010-02-09 00:00:00,1
2010-02-10 00:00:00,2010-02-10 00:00:00,35.25,2010-02-10 00:00:00,34.5,35,44,82700,2893475,2010-02-10 00:00:00,1
2010-02-11 00:00:00,2010-02-11 00:00:00,35.75,2010-02-11 00:00:00,33.75,34,37,48500,1697600,2010-02-11 00:00:00,1
2010-02-12 00:00:00,2010-02-12 00:00:00,34.5,2010-02-12 00:00:00,33,34,29,48900,1659550,2010-02-12 00:00:00,1
2010-02-15 00:00:00,2010-02-15 00:00:00,34.75,2010-02-15 00:00:00,33.5,34,17,10600,362325,2010-02-15 00:00:00,1
2010-02-16 00:00:00,2010-02-16 00:00:00,34,2010-02-16 00:00:00,32.5,32.75,21,24200,804875,2010-02-16 00:00:00,1
2010-02-17 00:00:00,2010-02-17 00:00:00,34.75,2010-02-17 00:00:00,33,33.25,17,12700,424175,2010-02-17 00:00:00,1
2010-02-18 00:00:00,2010-02-18 00:00:00,34.25,2010-02-18 00:00:00,33.75,33.75,29,45400,1541500,2010-02-18 00:00:00,1
2010-02-19 00:00:00,2010-02-19 00:00:00,34.25,2010-02-19 00:00:00,33.75,33.75,21,42600,1448475,2010-02-19 00:00:00,1
2010-02-22 00:00:00,2010-02-22 00:00:00,34.5,2010-02-22 00:00:00,33.75,34.25,33,48100,1642250,2010-02-22 00:00:00,1
2010-02-23 00:00:00,2010-02-23 00:00:00,35.25,2010-02-23 00:00:00,34,35,82,116800,4054575,2010-02-23 00:00:00,1
2010-02-24 00:00:00,2010-02-24 00:00:00,35.5,2010-02-24 00:00:00,34.75,34.75,16,22500,791100,2010-02-24 00:00:00,1
2010-02-25 00:00:00,2010-02-25 00:00:00,38,2010-02-25 00:00:00,34.75,36.5,215,320900,11654850,2010-02-25 00:00:00,1
2010-02-26 00:00:00,2010-02-26 00:00:00,37.5,2010-02-26 00:00:00,36,36.5,64,139500,5117050,2010-02-26 00:00:00,1
2010-03-01 00:00:00,2010-03-01 00:00:00,37.5,2010-03-01 00:00:00,35.5,35.5,45,56100,2021900,2010-03-01 00:00:00,1
2010-03-02 00:00:00,2010-03-02 00:00:00,36.75,2010-03-02 00:00:00,35,35.25,41,35400,1250075,2010-03-02 00:00:00,1
2010-03-03 00:00:00,2010-03-03 00:00:00,36,2010-03-03 00:00:00,35,35,19,31500,1112175,2010-03-03 00:00:00,1
2010-03-04 00:00:00,2010-03-04 00:00:00,36.75,2010-03-04 00:00:00,34.75,35.75,43,37100,1318550,2010-03-04 00:00:00,1
2010-03-05 00:00:00,2010-03-05 00:00:00,36.75,2010-03-05 00:00:00,36,36.25,76,182500,6624250,2010-03-05 00:00:00,1
2010-03-08 00:00:00,2010-03-08 00:00:00,38,2010-03-08 00:00:00,36.5,37,290,488500,18295950,2010-03-08 00:00:00,1
2010-03-09 00:00:00,2010-03-09 00:00:00,37.75,2010-03-09 00:00:00,36.5,36.5,59,93600,3476850,2010-03-09 00:00:00,1
2010-03-10 00:00:00,2010-03-10 00:00:00,37,2010-03-10 00:00:00,35.5,37,11,16000,589750,2010-03-10 00:00:00,1
2010-03-11 00:00:00,2010-03-11 00:00:00,37.5,2010-03-11 00:00:00,37,37.25,18,12800,475275,2010-03-11 00:00:00,1
2010-03-12 00:00:00,2010-03-12 00:00:00,38,2010-03-12 00:00:00,37.25,37.75,41,66500,2499550,2010-03-12 00:00:00,1
2010-03-15 00:00:00,2010-03-15 00:00:00,38.5,2010-03-15 00:00:00,37.75,38,31,31600,1197500,2010-03-15 00:00:00,1
2010-03-16 00:00:00,2010-03-16 00:00:00,37.5,2010-03-16 00:00:00,36.5,36.5,11,3500,129000,2010-03-16 00:00:00,1
2010-03-17 00:00:00,2010-03-17 00:00:00,36.75,2010-03-17 00:00:00,36.5,36.5,10,17700,646175,2010-03-17 00:00:00,1
2010-03-18 00:00:00,2010-03-18 00:00:00,37.75,2010-03-18 00:00:00,36.25,37,14,14500,540575,2010-03-18 00:00:00,1
2010-03-19 00:00:00,2010-03-19 00:00:00,36.5,2010-03-19 00:00:00,36.25,36.25,15,11500,419375,2010-03-19 00:00:00,1
2010-03-22 00:00:00,2010-03-22 00:00:00,37,2010-03-22 00:00:00,36.25,36.25,10,5200,190375,2010-03-22 00:00:00,1
2010-03-23 00:00:00,2010-03-23 00:00:00,36.5,2010-03-23 00:00:00,35.5,35.5,14,7800,277050,2010-03-23 00:00:00,1
2010-03-24 00:00:00,2010-03-24 00:00:00,35.25,2010-03-24 00:00:00,35,35.25,8,11600,406325,2010-03-24 00:00:00,1
2010-03-25 00:00:00,2010-03-25 00:00:00,35.25,2010-03-25 00:00:00,35,35.25,11,10600,372250,2010-03-25 00:00:00,1
2010-03-26 00:00:00,2010-03-26 00:00:00,36,2010-03-26 00:00:00,35,35,15,17600,623625,2010-03-26 00:00:00,1
2010-03-30 00:00:00,2010-03-30 00:00:00,36,2010-03-30 00:00:00,36,36,2,1600,57600,2010-03-30 00:00:00,1
2010-03-31 00:00:00,2010-03-31 00:00:00,35.5,2010-03-31 00:00:00,35,35,13,14900,523625,2010-03-31 00:00:00,1
2010-04-01 00:00:00,2010-04-01 00:00:00,35,2010-04-01 00:00:00,35,35,6,11500,402500,2010-04-01 00:00:00,1
2010-04-05 00:00:00,2010-04-05 00:00:00,36,2010-04-05 00:00:00,35.25,35.75,18,31900,1134550,2010-04-05 00:00:00,1
2010-04-06 00:00:00,2010-04-06 00:00:00,39,2010-04-06 00:00:00,35.75,38.25,71,146900,5589925,2010-04-06 00:00:00,1
2010-04-07 00:00:00,2010-04-07 00:00:00,39,2010-04-07 00:00:00,37.25,38.25,59,119600,4578675,2010-04-07 00:00:00,1
2010-04-08 00:00:00,2010-04-08 00:00:00,38.5,2010-04-08 00:00:00,38,38.5,33,44300,1703200,2010-04-08 00:00:00,1
2010-04-12 00:00:00,2010-04-12 00:00:00,40,2010-04-12 00:00:00,38.25,39.75,93,114000,4477800,2010-04-12 00:00:00,1
2010-04-15 00:00:00,2010-04-15 00:00:00,39,2010-04-15 00:00:00,38,39,6,7700,292800,2010-04-15 00:00:00,1
2010-04-16 00:00:00,2010-04-16 00:00:00,39.75,2010-04-16 00:00:00,39,39.5,40,61200,2414550,2010-04-16 00:00:00,1
2010-04-19 00:00:00,2010-04-19 00:00:00,42,2010-04-19 00:00:00,39,41,105,211100,8527300,2010-04-19 00:00:00,1
2010-04-20 00:00:00,2010-04-20 00:00:00,42.5,2010-04-20 00:00:00,40,40,96,151000,6221300,2010-04-20 00:00:00,1
2010-04-21 00:00:00,2010-04-21 00:00:00,40,2010-04-21 00:00:00,38.25,39.5,30,24600,965250,2010-04-21 00:00:00,1
2010-04-22 00:00:00,2010-04-22 00:00:00,41,2010-04-22 00:00:00,39,40,46,69500,2756475,2010-04-22 00:00:00,1
2010-04-23 00:00:00,2010-04-23 00:00:00,41,2010-04-23 00:00:00,40,40,81,205400,8309225,2010-04-23 00:00:00,1
2010-04-26 00:00:00,2010-04-26 00:00:00,41.75,2010-04-26 00:00:00,40.25,40.75,38,35700,1467825,2010-04-26 00:00:00,1
2010-04-27 00:00:00,2010-04-27 00:00:00,44.25,2010-04-27 00:00:00,40,43.75,290,475900,20345700,2010-04-27 00:00:00,1
2010-04-29 00:00:00,2010-04-29 00:00:00,44,2010-04-29 00:00:00,43.25,43.5,58,55600,2427175,2010-04-29 00:00:00,1
2010-04-30 00:00:00,2010-04-30 00:00:00,43.75,2010-04-30 00:00:00,43,43.25,34,48700,2109025,2010-04-30 00:00:00,1
2010-05-03 00:00:00,2010-05-03 00:00:00,43.75,2010-05-03 00:00:00,42.5,42.5,12,8800,377450,2010-05-03 00:00:00,1
2010-05-04 00:00:00,2010-05-04 00:00:00,42.75,2010-05-04 00:00:00,41.25,42.5,37,18700,781350,2010-05-04 00:00:00,1
2010-05-05 00:00:00,2010-05-05 00:00:00,42.5,2010-05-05 00:00:00,42,42,31,22600,955350,2010-05-05 00:00:00,1
2010-05-06 00:00:00,2010-05-06 00:00:00,42,2010-05-06 00:00:00,41,41.75,26,77000,3176425,2010-05-06 00:00:00,1
2010-05-07 00:00:00,2010-05-07 00:00:00,42,2010-05-07 00:00:00,41,41.25,18,13000,536700,2010-05-07 00:00:00,1
2010-05-10 00:00:00,2010-05-10 00:00:00,41.5,2010-05-10 00:00:00,40,41,20,24600,1007850,2010-05-10 00:00:00,1
2010-05-11 00:00:00,2010-05-11 00:00:00,41.5,2010-05-11 00:00:00,40.25,40.25,16,17000,688025,2010-05-11 00:00:00,1
2010-05-12 00:00:00,2010-05-12 00:00:00,40.5,2010-05-12 00:00:00,40.5,40.5,11,9400,380700,2010-05-12 00:00:00,1
2010-05-13 00:00:00,2010-05-13 00:00:00,40.5,2010-05-13 00:00:00,40,40,33,48800,1956775,2010-05-13 00:00:00,1
2010-05-14 00:00:00,2010-05-14 00:00:00,43.5,2010-05-14 00:00:00,40,42.75,58,51600,2174425,2010-05-14 00:00:00,1
2010-05-17 00:00:00,2010-05-17 00:00:00,43,2010-05-17 00:00:00,42.25,42.75,17,41300,1765350,2010-05-17 00:00:00,1
2010-05-18 00:00:00,2010-05-18 00:00:00,42.25,2010-05-18 00:00:00,42,42,4,2800,117675,2010-05-18 00:00:00,1
2010-05-19 00:00:00,2010-05-19 00:00:00,42.5,2010-05-19 00:00:00,41.5,41.75,49,49300,2078200,2010-05-19 00:00:00,1
2010-05-20 00:00:00,2010-05-20 00:00:00,42,2010-05-20 00:00:00,40.5,41,22,38200,1588625,2010-05-20 00:00:00,1
2010-05-21 00:00:00,2010-05-21 00:00:00,41.25,2010-05-21 00:00:00,40.5,41,19,15900,651775,2010-05-21 00:00:00,1
2010-05-24 00:00:00,2010-05-24 00:00:00,41,2010-05-24 00:00:00,40.5,41,17,14800,606050,2010-05-24 00:00:00,1
2010-05-25 00:00:00,2010-05-25 00:00:00,41.75,2010-05-25 00:00:00,40,40.25,28,42300,1720250,2010-05-25 00:00:00,1
2010-05-26 00:00:00,2010-05-26 00:00:00,41.75,2010-05-26 00:00:00,40.5,40.5,14,8800,357925,2010-05-26 00:00:00,1
2010-05-31 00:00:00,2010-05-31 00:00:00,41,2010-05-31 00:00:00,40.5,40.5,24,23100,938125,2010-05-31 00:00:00,1
2010-06-01 00:00:00,2010-06-01 00:00:00,42,2010-06-01 00:00:00,41.75,41.75,20,20200,846750,2010-06-01 00:00:00,1
2010-06-02 00:00:00,2010-06-02 00:00:00,42,2010-06-02 00:00:00,40.5,42,34,53400,2214725,2010-06-02 00:00:00,1
2010-06-03 00:00:00,2010-06-03 00:00:00,44,2010-06-03 00:00:00,40,42.25,94,193600,8194575,2010-06-03 00:00:00,1
2010-06-04 00:00:00,2010-06-04 00:00:00,44,2010-06-04 00:00:00,43,43.5,31,49200,2135775,2010-06-04 00:00:00,1
2010-06-07 00:00:00,2010-06-07 00:00:00,43.5,2010-06-07 00:00:00,43,43,19,16900,730200,2010-06-07 00:00:00,1
2010-06-08 00:00:00,2010-06-08 00:00:00,43,2010-06-08 00:00:00,42.75,42.75,24,40600,1742425,2010-06-08 00:00:00,1
2010-06-09 00:00:00,2010-06-09 00:00:00,42.5,2010-06-09 00:00:00,42,42.25,23,27500,1164300,2010-06-09 00:00:00,1
2010-06-10 00:00:00,2010-06-10 00:00:00,43,2010-06-10 00:00:00,42,42.5,7,4700,199850,2010-06-10 00:00:00,1
2010-06-11 00:00:00,2010-06-11 00:00:00,42,2010-06-11 00:00:00,41.75,41.75,7,8300,346825,2010-06-11 00:00:00,1
2010-06-14 00:00:00,2010-06-14 00:00:00,42.5,2010-06-14 00:00:00,42,42.25,26,65900,2785450,2010-06-14 00:00:00,1
2010-06-15 00:00:00,2010-06-15 00:00:00,41.5,2010-06-15 00:00:00,41.25,41.5,9,17000,704175,2010-06-15 00:00:00,1
2010-06-16 00:00:00,2010-06-16 00:00:00,42,2010-06-16 00:00:00,41.5,41.5,10,6000,250250,2010-06-16 00:00:00,1
2010-06-17 00:00:00,2010-06-17 00:00:00,41.5,2010-06-17 00:00:00,41,41.5,29,33400,1372950,2010-06-17 00:00:00,1
2010-06-21 00:00:00,2010-06-21 00:00:00,42,2010-06-21 00:00:00,41.25,41.25,31,49000,2033250,2010-06-21 00:00:00,1
2010-06-22 00:00:00,2010-06-22 00:00:00,41.5,2010-06-22 00:00:00,41.25,41.5,19,11400,472600,2010-06-22 00:00:00,1
2010-06-23 00:00:00,2010-06-23 00:00:00,42,2010-06-23 00:00:00,41.5,41.5,13,9700,404075,2010-06-23 00:00:00,1
2010-06-24 00:00:00,2010-06-24 00:00:00,41.25,2010-06-24 00:00:00,41,41.25,13,6000,247125,2010-06-24 00:00:00,1
2010-06-28 00:00:00,2010-06-28 00:00:00,41.5,2010-06-28 00:00:00,41.25,41.25,12,13500,556975,2010-06-28 00:00:00,1
2010-06-29 00:00:00,2010-06-29 00:00:00,41,2010-06-29 00:00:00,40.5,40.5,16,7900,322200,2010-06-29 00:00:00,1
2010-06-30 00:00:00,2010-06-30 00:00:00,41,2010-06-30 00:00:00,40.75,40.75,10,12300,503950,2010-06-30 00:00:00,1
2010-07-01 00:00:00,2010-07-01 00:00:00,42.75,2010-07-01 00:00:00,40.75,40.75,16,21200,883225,2010-07-01 00:00:00,1
2010-07-02 00:00:00,2010-07-02 00:00:00,40.5,2010-07-02 00:00:00,40.5,40.5,8,7700,311850,2010-07-02 00:00:00,1
2010-07-05 00:00:00,2010-07-05 00:00:00,40.5,2010-07-05 00:00:00,39.5,39.75,24,13700,547425,2010-07-05 00:00:00,1
2010-07-06 00:00:00,2010-07-06 00:00:00,40,2010-07-06 00:00:00,39.75,40,12,9700,386975,2010-07-06 00:00:00,1
2010-07-07 00:00:00,2010-07-07 00:00:00,40.5,2010-07-07 00:00:00,39.75,39.75,14,11300,451850,2010-07-07 00:00:00,1
2010-07-08 00:00:00,2010-07-08 00:00:00,41,2010-07-08 00:00:00,40,40.5,5,3200,129500,2010-07-08 00:00:00,1
2010-07-09 00:00:00,2010-07-09 00:00:00,40,2010-07-09 00:00:00,40,40,11,26000,1040000,2010-07-09 00:00:00,1
2010-07-12 00:00:00,2010-07-12 00:00:00,40,2010-07-12 00:00:00,39.75,40,7,3500,139850,2010-07-12 00:00:00,1
2010-07-13 00:00:00,2010-07-13 00:00:00,43.25,2010-07-13 00:00:00,41,42,29,17600,736550,2010-07-13 00:00:00,1
2010-07-14 00:00:00,2010-07-14 00:00:00,44,2010-07-14 00:00:00,41.75,43.5,78,113400,4893925,2010-07-14 00:00:00,1
2010-07-15 00:00:00,2010-07-15 00:00:00,44.25,2010-07-15 00:00:00,43,43.75,29,24600,1077150,2010-07-15 00:00:00,1
2010-07-16 00:00:00,2010-07-16 00:00:00,43.5,2010-07-16 00:00:00,42,42.75,9,6500,277625,2010-07-16 00:00:00,1
2010-07-19 00:00:00,2010-07-19 00:00:00,43,2010-07-19 00:00:00,42,42.25,34,43500,1843650,2010-07-19 00:00:00,1
2010-07-20 00:00:00,2010-07-20 00:00:00,47,2010-07-20 00:00:00,42,46,134,211900,9361050,2010-07-20 00:00:00,1
2010-07-21 00:00:00,2010-07-21 00:00:00,49,2010-07-21 00:00:00,45,46,108,142000,6551675,2010-07-21 00:00:00,1
2010-07-22 00:00:00,2010-07-22 00:00:00,46,2010-07-22 00:00:00,44,45.25,39,43400,1962475,2010-07-22 00:00:00,1
2010-07-23 00:00:00,2010-07-23 00:00:00,45.5,2010-07-23 00:00:00,45,45,21,22000,993450,2010-07-23 00:00:00,1
2010-07-26 00:00:00,2010-07-26 00:00:00,46,2010-07-26 00:00:00,45.5,45.75,39,44700,2051075,2010-07-26 00:00:00,1
2010-07-27 00:00:00,2010-07-27 00:00:00,46,2010-07-27 00:00:00,45.5,46,16,10100,462900,2010-07-27 00:00:00,1
2010-07-28 00:00:00,2010-07-28 00:00:00,46.5,2010-07-28 00:00:00,45.75,46,35,37600,1731550,2010-07-28 00:00:00,1
2010-07-29 00:00:00,2010-07-29 00:00:00,45.75,2010-07-29 00:00:00,44,44,62,182900,8196775,2010-07-29 00:00:00,1
2010-07-30 00:00:00,2010-07-30 00:00:00,44.5,2010-07-30 00:00:00,43.5,44,32,41400,1821300,2010-07-30 00:00:00,1
2010-08-02 00:00:00,2010-08-02 00:00:00,44.5,2010-08-02 00:00:00,44,44.3,5,4200,185850,2010-08-02 00:00:00,1
2010-08-03 00:00:00,2010-08-03 00:00:00,44.5,2010-08-03 00:00:00,43,43.8,11,11200,493250,2010-08-03 00:00:00,1
2010-08-04 00:00:00,2010-08-04 00:00:00,44.5,2010-08-04 00:00:00,43.1,44.3,17,11600,509540,2010-08-04 00:00:00,1
2010-08-05 00:00:00,2010-08-05 00:00:00,44.5,2010-08-05 00:00:00,40,43.9,19,11900,505440,2010-08-05 00:00:00,1
2010-08-06 00:00:00,2010-08-06 00:00:00,43.5,2010-08-06 00:00:00,42,42.6,11,12900,547690,2010-08-06 00:00:00,1
2010-08-09 00:00:00,2010-08-09 00:00:00,41,2010-08-09 00:00:00,39,39.2,13,8500,332570,2010-08-09 00:00:00,1
2010-08-10 00:00:00,2010-08-10 00:00:00,43.1,2010-08-10 00:00:00,36,43.1,58,66600,2754980,2010-08-10 00:00:00,1
2010-08-11 00:00:00,2010-08-11 00:00:00,44.9,2010-08-11 00:00:00,43,44.5,25,15500,682160,2010-08-11 00:00:00,1
2010-08-12 00:00:00,2010-08-12 00:00:00,44,2010-08-12 00:00:00,40.5,42.8,19,9300,404020,2010-08-12 00:00:00,1
2010-08-13 00:00:00,2010-08-13 00:00:00,44.9,2010-08-13 00:00:00,43,44.3,38,104500,4623060,2010-08-13 00:00:00,1
2010-08-16 00:00:00,2010-08-16 00:00:00,42.7,2010-08-16 00:00:00,42.5,42.7,2,1400,59580,2010-08-16 00:00:00,1
2010-08-17 00:00:00,2010-08-17 00:00:00,45,2010-08-17 00:00:00,40.2,44.9,23,17600,778690,2010-08-17 00:00:00,1
2010-08-18 00:00:00,2010-08-18 00:00:00,45.4,2010-08-18 00:00:00,44.2,45.1,26,30500,1373450,2010-08-18 00:00:00,1
2010-08-19 00:00:00,2010-08-19 00:00:00,49.6,2010-08-19 00:00:00,45,49.5,199,281000,13703590,2010-08-19 00:00:00,1
2010-08-20 00:00:00,2010-08-20 00:00:00,52,2010-08-20 00:00:00,47,49.3,105,100600,4996830,2010-08-20 00:00:00,1
2010-08-23 00:00:00,2010-08-23 00:00:00,50,2010-08-23 00:00:00,45.5,49.6,36,42500,2062230,2010-08-23 00:00:00,1
2010-08-25 00:00:00,2010-08-25 00:00:00,50,2010-08-25 00:00:00,47.5,48.9,29,30100,1468050,2010-08-25 00:00:00,1
2010-08-26 00:00:00,2010-08-26 00:00:00,49.1,2010-08-26 00:00:00,48.5,49,22,24900,1218400,2010-08-26 00:00:00,1
2010-08-27 00:00:00,2010-08-27 00:00:00,53.9,2010-08-27 00:00:00,49,53.9,131,152800,8089430,2010-08-27 00:00:00,1
2010-08-30 00:00:00,2010-08-30 00:00:00,59.2,2010-08-30 00:00:00,57,59.2,176,180400,10633710,2010-08-30 00:00:00,1
2010-08-31 00:00:00,2010-08-31 00:00:00,65.1,2010-08-31 00:00:00,60,63.8,320,357000,22818500,2010-08-31 00:00:00,1
2010-09-01 00:00:00,2010-09-01 00:00:00,70,2010-09-01 00:00:00,64,67.8,208,190800,12831670,2010-09-01 00:00:00,1
2010-09-02 00:00:00,2010-09-02 00:00:00,69.8,2010-09-02 00:00:00,67.5,68,121,149600,10178500,2010-09-02 00:00:00,1
2010-09-03 00:00:00,2010-09-03 00:00:00,67,2010-09-03 00:00:00,64,65.1,86,73300,4777880,2010-09-03 00:00:00,1
2010-09-06 00:00:00,2010-09-06 00:00:00,65.5,2010-09-06 00:00:00,64,64.9,55,39000,2536690,2010-09-06 00:00:00,1
2010-09-07 00:00:00,2010-09-07 00:00:00,67,2010-09-07 00:00:00,63.4,64,44,216600,14051430,2010-09-07 00:00:00,1
2010-09-08 00:00:00,2010-09-08 00:00:00,65,2010-09-08 00:00:00,64,64,51,51000,3289920,2010-09-08 00:00:00,1
2010-09-09 00:00:00,2010-09-09 00:00:00,64,2010-09-09 00:00:00,62,62.6,34,20700,1305300,2010-09-09 00:00:00,1
2010-09-13 00:00:00,2010-09-13 00:00:00,62,2010-09-13 00:00:00,60.1,61.4,53,169500,10296340,2010-09-13 00:00:00,1
2010-09-14 00:00:00,2010-09-14 00:00:00,63,2010-09-14 00:00:00,60,61.2,77,101600,6250530,2010-09-14 00:00:00,1
2010-09-15 00:00:00,2010-09-15 00:00:00,61,2010-09-15 00:00:00,60,60.4,45,48800,2953150,2010-09-15 00:00:00,1
2010-09-16 00:00:00,2010-09-16 00:00:00,66.4,2010-09-16 00:00:00,61,64.9,67,118600,7719830,2010-09-16 00:00:00,1
2010-09-17 00:00:00,2010-09-17 00:00:00,69.5,2010-09-17 00:00:00,64.1,67.2,121,159100,10652200,2010-09-17 00:00:00,1
2010-09-20 00:00:00,2010-09-20 00:00:00,66,2010-09-20 00:00:00,65,65.7,29,26700,1742350,2010-09-20 00:00:00,1
2010-09-21 00:00:00,2010-09-21 00:00:00,67,2010-09-21 00:00:00,63.2,65.6,36,29600,1917230,2010-09-21 00:00:00,1
2010-09-23 00:00:00,2010-09-23 00:00:00,73,2010-09-23 00:00:00,66.5,70.2,177,269400,19108060,2010-09-23 00:00:00,1
2010-09-24 00:00:00,2010-09-24 00:00:00,76.8,2010-09-24 00:00:00,70.5,73.6,157,360100,26524590,2010-09-24 00:00:00,1
2010-09-27 00:00:00,2010-09-27 00:00:00,74.9,2010-09-27 00:00:00,71,72.1,41,40900,2950870,2010-09-27 00:00:00,1
2010-09-28 00:00:00,2010-09-28 00:00:00,71.9,2010-09-28 00:00:00,69.5,70.8,50,119700,8451170,2010-09-28 00:00:00,1
2010-09-29 00:00:00,2010-09-29 00:00:00,73,2010-09-29 00:00:00,70,70.9,34,83900,6012700,2010-09-29 00:00:00,1
2010-09-30 00:00:00,2010-09-30 00:00:00,71,2010-09-30 00:00:00,68,69.9,27,29500,2050560,2010-09-30 00:00:00,1
2010-10-01 00:00:00,2010-10-01 00:00:00,70,2010-10-01 00:00:00,67,69,38,32200,2241190,2010-10-01 00:00:00,1
2010-10-04 00:00:00,2010-10-04 00:00:00,70,2010-10-04 00:00:00,68,68.7,31,24900,1715430,2010-10-04 00:00:00,1
2010-10-05 00:00:00,2010-10-05 00:00:00,70,2010-10-05 00:00:00,67.5,68.6,41,36200,2492100,2010-10-05 00:00:00,1
2010-10-06 00:00:00,2010-10-06 00:00:00,72,2010-10-06 00:00:00,68,68,18,17400,1223390,2010-10-06 00:00:00,1
2010-10-07 00:00:00,2010-10-07 00:00:00,69.2,2010-10-07 00:00:00,62.7,65,40,48100,3170800,2010-10-07 00:00:00,1
2010-10-08 00:00:00,2010-10-08 00:00:00,67.9,2010-10-08 00:00:00,64.1,67,26,11600,762640,2010-10-08 00:00:00,1
2010-10-11 00:00:00,2010-10-11 00:00:00,69.1,2010-10-11 00:00:00,65,66.3,11,13000,868760,2010-10-11 00:00:00,1
2010-10-12 00:00:00,2010-10-12 00:00:00,65,2010-10-12 00:00:00,62.8,64.3,25,16300,1045470,2010-10-12 00:00:00,1
2010-10-13 00:00:00,2010-10-13 00:00:00,65,2010-10-13 00:00:00,56,62.3,33,20400,1224290,2010-10-13 00:00:00,1
2010-10-14 00:00:00,2010-10-14 00:00:00,66,2010-10-14 00:00:00,61,61.3,21,19100,1205840,2010-10-14 00:00:00,1
2010-10-15 00:00:00,2010-10-15 00:00:00,65.9,2010-10-15 00:00:00,60.3,62.6,12,4500,277990,2010-10-15 00:00:00,1
2010-10-18 00:00:00,2010-10-18 00:00:00,65,2010-10-18 00:00:00,62.8,63.4,15,7600,485470,2010-10-18 00:00:00,1
2010-10-19 00:00:00,2010-10-19 00:00:00,64,2010-10-19 00:00:00,60.5,63.9,13,4600,289900,2010-10-19 00:00:00,1
2010-10-20 00:00:00,2010-10-20 00:00:00,64,2010-10-20 00:00:00,60,63,28,15700,968860,2010-10-20 00:00:00,1
2010-10-21 00:00:00,2010-10-21 00:00:00,67,2010-10-21 00:00:00,63,66.6,28,16400,1066600,2010-10-21 00:00:00,1
2010-10-25 00:00:00,2010-10-25 00:00:00,63.5,2010-10-25 00:00:00,63,63.2,12,6400,404800,2010-10-25 00:00:00,1
2010-10-26 00:00:00,2010-10-26 00:00:00,66,2010-10-26 00:00:00,60.1,61.9,12,4000,243030,2010-10-26 00:00:00,1
2010-10-27 00:00:00,2010-10-27 00:00:00,62.9,2010-10-27 00:00:00,59,61.3,17,10700,647660,2010-10-27 00:00:00,1
2010-10-28 00:00:00,2010-10-28 00:00:00,61,2010-10-28 00:00:00,61,61,3,1100,67100,2010-10-28 00:00:00,1
2010-10-29 00:00:00,2010-10-29 00:00:00,62.9,2010-10-29 00:00:00,62.5,62.6,12,4600,288090,2010-10-29 00:00:00,1
2010-11-01 00:00:00,2010-11-01 00:00:00,63,2010-11-01 00:00:00,61,63,9,9300,585290,2010-11-01 00:00:00,1
2010-11-02 00:00:00,2010-11-02 00:00:00,64.9,2010-11-02 00:00:00,64,64.5,5,3100,200620,2010-11-02 00:00:00,1
2010-11-03 00:00:00,2010-11-03 00:00:00,64.5,2010-11-03 00:00:00,60.1,62.3,10,6900,422330,2010-11-03 00:00:00,1
2010-11-08 00:00:00,2010-11-08 00:00:00,61.9,2010-11-08 00:00:00,60.1,61,2,2000,122000,2010-11-08 00:00:00,1
2010-11-09 00:00:00,2010-11-09 00:00:00,61,2010-11-09 00:00:00,60.1,61,5,13200,800970,2010-11-09 00:00:00,1
2010-11-10 00:00:00,2010-11-10 00:00:00,64.9,2010-11-10 00:00:00,59,62.3,44,89500,5517940,2010-11-10 00:00:00,1
2010-11-11 00:00:00,2010-11-11 00:00:00,60.1,2010-11-11 00:00:00,60,60,6,6100,366150,2010-11-11 00:00:00,1
2010-11-12 00:00:00,2010-11-12 00:00:00,60.3,2010-11-12 00:00:00,59.5,60,16,6800,408100,2010-11-12 00:00:00,1
2010-11-15 00:00:00,2010-11-15 00:00:00,60,2010-11-15 00:00:00,58.5,58.8,11,11500,681150,2010-11-15 00:00:00,1
2010-11-16 00:00:00,2010-11-16 00:00:00,61,2010-11-16 00:00:00,56,60,28,32300,1917900,2010-11-16 00:00:00,1
2010-11-18 00:00:00,2010-11-18 00:00:00,62,2010-11-18 00:00:00,58.5,59.5,21,24700,1516000,2010-11-18 00:00:00,1
2010-11-22 00:00:00,2010-11-22 00:00:00,61.8,2010-11-22 00:00:00,59.1,60,8,37800,2296500,2010-11-22 00:00:00,1
2010-11-23 00:00:00,2010-11-23 00:00:00,62.5,2010-11-23 00:00:00,58,58,22,32300,1930280,2010-11-23 00:00:00,1
2010-11-24 00:00:00,2010-11-24 00:00:00,57,2010-11-24 00:00:00,57,57,6,2200,125400,2010-11-24 00:00:00,1
2010-11-25 00:00:00,2010-11-25 00:00:00,56.1,2010-11-25 00:00:00,56,56,6,3500,196030,2010-11-25 00:00:00,1
2010-11-26 00:00:00,2010-11-26 00:00:00,59.9,2010-11-26 00:00:00,55.6,55.6,7,23300,1345300,2010-11-26 00:00:00,1
2010-11-29 00:00:00,2010-11-29 00:00:00,55.4,2010-11-29 00:00:00,52,52.1,12,10100,541580,2010-11-29 00:00:00,1
2010-11-30 00:00:00,2010-11-30 00:00:00,61.9,2010-11-30 00:00:00,57,60.4,46,69700,4181240,2010-11-30 00:00:00,1
2010-12-01 00:00:00,2010-12-01 00:00:00,62.5,2010-12-01 00:00:00,62.4,62.5,15,18700,1167750,2010-12-01 00:00:00,1
2010-12-02 00:00:00,2010-12-02 00:00:00,62,2010-12-02 00:00:00,61,61.8,10,10500,648550,2010-12-02 00:00:00,1
2010-12-03 00:00:00,2010-12-03 00:00:00,60,2010-12-03 00:00:00,59,59.8,8,4800,286920,2010-12-03 00:00:00,1
2010-12-06 00:00:00,2010-12-06 00:00:00,59,2010-12-06 00:00:00,58,58,3,3100,179900,2010-12-06 00:00:00,1
2010-12-07 00:00:00,2010-12-07 00:00:00,58,2010-12-07 00:00:00,57,57.1,8,14500,828370,2010-12-07 00:00:00,1
2010-12-08 00:00:00,2010-12-08 00:00:00,57.3,2010-12-08 00:00:00,57,57.3,4,6800,387990,2010-12-08 00:00:00,1
2010-12-09 00:00:00,2010-12-09 00:00:00,56.1,2010-12-09 00:00:00,56,56.1,2,1200,67220,2010-12-09 00:00:00,1
2010-12-10 00:00:00,2010-12-10 00:00:00,56.5,2010-12-10 00:00:00,56.5,56.5,3,2400,135600,2010-12-10 00:00:00,1
2010-12-13 00:00:00,2010-12-13 00:00:00,57,2010-12-13 00:00:00,57,57,2,1700,96900,2010-12-13 00:00:00,1
2010-12-14 00:00:00,2010-12-14 00:00:00,56.5,2010-12-14 00:00:00,56,56,13,25000,1400510,2010-12-14 00:00:00,1
2010-12-15 00:00:00,2010-12-15 00:00:00,59,2010-12-15 00:00:00,58.5,58.8,10,24500,1445390,2010-12-15 00:00:00,1
2010-12-16 00:00:00,2010-12-16 00:00:00,59,2010-12-16 00:00:00,56,56.6,16,9500,535290,2010-12-16 00:00:00,1
2010-12-17 00:00:00,2010-12-17 00:00:00,56,2010-12-17 00:00:00,54,55.8,10,7100,387310,2010-12-17 00:00:00,1
2010-12-21 00:00:00,2010-12-21 00:00:00,54.1,2010-12-21 00:00:00,53,53.5,16,15500,830010,2010-12-21 00:00:00,1
2010-12-22 00:00:00,2010-12-22 00:00:00,56.5,2010-12-22 00:00:00,53,56.5,10,12600,699290,2010-12-22 00:00:00,1
2010-12-23 00:00:00,2010-12-23 00:00:00,65,2010-12-23 00:00:00,56.7,60.2,33,27300,1644640,2010-12-23 00:00:00,1
2010-12-24 00:00:00,2010-12-24 00:00:00,61.5,2010-12-24 00:00:00,61.5,61.5,3,4000,246000,2010-12-24 00:00:00,1
2010-12-27 00:00:00,2010-12-27 00:00:00,61.5,2010-12-27 00:00:00,60,60.2,6,13000,783800,2010-12-27 00:00:00,1
2010-12-28 00:00:00,2010-12-28 00:00:00,62.5,2010-12-28 00:00:00,61,61,9,5700,354450,2010-12-28 00:00:00,1
2010-12-29 00:00:00,2010-12-29 00:00:00,60.1,2010-12-29 00:00:00,59.7,59.7,3,2000,119950,2010-12-29 00:00:00,1
2010-12-30 00:00:00,2010-12-30 00:00:00,61,2010-12-30 00:00:00,59,60.9,14,5500,332180,2010-12-30 00:00:00,1
2010-12-31 00:00:00,2010-12-31 00:00:00,62,2010-12-31 00:00:00,59.5,61.2,10,2600,160150,2010-12-31 00:00:00,1
Company Id,:  SUGA,Security,Type :  N,Sub Type,:  0000,,,,,
Short Name,:  PELWATTE,,,,,,,,,
Day,Date High,High,Date Low,Low,Closing,No. of Trades,No. of Shares,Turnover,Last Traded,Days Traded
2010-01-04 00:00:00,2010-01-04 00:00:00,31.75,2010-01-04 00:00:00,30.5,31,47,39100,1221675,2010-01-04 00:00:00,1
2010-01-05 00:00:00,2010-01-05 00:00:00,32.5,2010-01-05 00:00:00,31,31.5,53,60700,1925475,2010-01-05 00:00:00,1
2010-01-06 00:00:00,2010-01-06 00:00:00,32,2010-01-06 00:00:00,31,31,25,29900,941275,2010-01-06 00:00:00,1
2010-01-07 00:00:00,2010-01-07 00:00:00,31,2010-01-07 00:00:00,29,29.75,18,12800,384075,2010-01-07 00:00:00,1
2010-01-08 00:00:00,2010-01-08 00:00:00,31,2010-01-08 00:00:00,30,30.5,20,10500,317350,2010-01-08 00:00:00,1
2010-01-11 00:00:00,2010-01-11 00:00:00,31,2010-01-11 00:00:00,30.25,31,22,37300,1149350,2010-01-11 00:00:00,1
2010-01-12 00:00:00,2010-01-12 00:00:00,31.5,2010-01-12 00:00:00,30.5,31.25,51,38200,1190325,2010-01-12 00:00:00,1
2010-01-13 00:00:00,2010-01-13 00:00:00,34.25,2010-01-13 00:00:00,31,33.75,201,234000,7758025,2010-01-13 00:00:00,1
2010-01-15 00:00:00,2010-01-15 00:00:00,34.25,2010-01-15 00:00:00,33.5,33.5,41,57400,1946900,2010-01-15 00:00:00,1
2010-01-18 00:00:00,2010-01-18 00:00:00,33,2010-01-18 00:00:00,32,33,17,42000,1364800,2010-01-18 00:00:00,1
2010-01-19 00:00:00,2010-01-19 00:00:00,31.75,2010-01-19 00:00:00,31,31.5,22,12300,386825,2010-01-19 00:00:00,1
2010-01-20 00:00:00,2010-01-20 00:00:00,33.75,2010-01-20 00:00:00,31.5,33.25,57,105300,3449450,2010-01-20 00:00:00,1
2010-01-21 00:00:00,2010-01-21 00:00:00,33.75,2010-01-21 00:00:00,33.5,33.75,2,200,6725,2010-01-21 00:00:00,1
2010-01-22 00:00:00,2010-01-22 00:00:00,32.75,2010-01-22 00:00:00,32,32,26,42900,1373225,2010-01-22 00:00:00,1
2010-01-25 00:00:00,2010-01-25 00:00:00,33,2010-01-25 00:00:00,32,32,17,18900,605500,2010-01-25 00:00:00,1
2010-01-26 00:00:00,2010-01-26 00:00:00,35,2010-01-26 00:00:00,32.5,34.25,169,264700,8972950,2010-01-26 00:00:00,1
2010-01-28 00:00:00,2010-01-28 00:00:00,37.25,2010-01-28 00:00:00,33,36.75,360,528600,19245250,2010-01-28 00:00:00,1
2010-02-01 00:00:00,2010-02-01 00:00:00,37.5,2010-02-01 00:00:00,36,36.5,90,119800,4402800,2010-02-01 00:00:00,1
2010-02-02 00:00:00,2010-02-02 00:00:00,37,2010-02-02 00:00:00,35,36,72,118100,4220100,2010-02-02 00:00:00,1
2010-02-03 00:00:00,2010-02-03 00:00:00,35.5,2010-02-03 00:00:00,34.5,34.75,28,25500,890675,2010-02-03 00:00:00,1
2010-02-05 00:00:00,2010-02-05 00:00:00,35.75,2010-02-05 00:00:00,34.75,35.5,33,12700,452575,2010-02-05 00:00:00,1
2010-02-08 00:00:00,2010-02-08 00:00:00,36.75,2010-02-08 00:00:00,35.75,36,62,73500,2656275,2010-02-08 00:00:00,1
2010-02-09 00:00:00,2010-02-09 00:00:00,36.25,2010-02-09 00:00:00,34.5,35.5,30,44800,1576825,2010-02-09 00:00:00,1
2010-02-10 00:00:00,2010-02-10 00:00:00,36.5,2010-02-10 00:00:00,34,35.75,54,90900,3266175,2010-02-10 00:00:00,1
2010-02-11 00:00:00,2010-02-11 00:00:00,36.25,2010-02-11 00:00:00,34,34.75,16,13400,470000,2010-02-11 00:00:00,1
2010-02-12 00:00:00,2010-02-12 00:00:00,36,2010-02-12 00:00:00,34.25,35.25,30,43300,1536600,2010-02-12 00:00:00,1
2010-02-15 00:00:00,2010-02-15 00:00:00,34,2010-02-15 00:00:00,32,32.5,123,213800,7141775,2010-02-15 00:00:00,1
2010-02-16 00:00:00,2010-02-16 00:00:00,33.5,2010-02-16 00:00:00,31.5,32,38,38600,1244075,2010-02-16 00:00:00,1
2010-02-17 00:00:00,2010-02-17 00:00:00,32,2010-02-17 00:00:00,31.5,31.5,12,7300,232450,2010-02-17 00:00:00,1
2010-02-18 00:00:00,2010-02-18 00:00:00,32,2010-02-18 00:00:00,31,32,15,22900,714700,2010-02-18 00:00:00,1
2010-02-19 00:00:00,2010-02-19 00:00:00,33,2010-02-19 00:00:00,33,33,1,100,3300,2010-02-19 00:00:00,1
2010-02-22 00:00:00,2010-02-22 00:00:00,32.5,2010-02-22 00:00:00,32,32.5,32,24500,790600,2010-02-22 00:00:00,1
2010-02-23 00:00:00,2010-02-23 00:00:00,32.5,2010-02-23 00:00:00,32,32,12,2800,89650,2010-02-23 00:00:00,1
2010-02-24 00:00:00,2010-02-24 00:00:00,32,2010-02-24 00:00:00,32,32,7,2100,67200,2010-02-24 00:00:00,1
2010-02-25 00:00:00,2010-02-25 00:00:00,32,2010-02-25 00:00:00,31,31.5,23,19700,618400,2010-02-25 00:00:00,1
2010-02-26 00:00:00,2010-02-26 00:00:00,32,2010-02-26 00:00:00,31.25,31.5,3,400,12700,2010-02-26 00:00:00,1
2010-03-01 00:00:00,2010-03-01 00:00:00,32.5,2010-03-01 00:00:00,31.5,32,36,30900,990100,2010-03-01 00:00:00,1
2010-03-02 00:00:00,2010-03-02 00:00:00,32.25,2010-03-02 00:00:00,31.75,31.75,8,5200,165950,2010-03-02 00:00:00,1
2010-03-03 00:00:00,2010-03-03 00:00:00,33.5,2010-03-03 00:00:00,32,32.75,37,31100,1007775,2010-03-03 00:00:00,1
2010-03-04 00:00:00,2010-03-04 00:00:00,32.5,2010-03-04 00:00:00,32,32,15,18100,581200,2010-03-04 00:00:00,1
2010-03-05 00:00:00,2010-03-05 00:00:00,33,2010-03-05 00:00:00,32,32,4,2900,93800,2010-03-05 00:00:00,1
2010-03-08 00:00:00,2010-03-08 00:00:00,32,2010-03-08 00:00:00,31,31.5,9,3300,103800,2010-03-08 00:00:00,1
2010-03-09 00:00:00,2010-03-09 00:00:00,31.25,2010-03-09 00:00:00,31,31,12,13900,431000,2010-03-09 00:00:00,1
2010-03-10 00:00:00,2010-03-10 00:00:00,31,2010-03-10 00:00:00,31,31,4,4100,127100,2010-03-10 00:00:00,1
2010-03-11 00:00:00,2010-03-11 00:00:00,31,2010-03-11 00:00:00,30.75,31,9,3800,117600,2010-03-11 00:00:00,1
2010-03-12 00:00:00,2010-03-12 00:00:00,31,2010-03-12 00:00:00,30.5,30.75,19,41300,1271700,2010-03-12 00:00:00,1
2010-03-15 00:00:00,2010-03-15 00:00:00,32.5,2010-03-15 00:00:00,30.75,32.25,58,68000,2160575,2010-03-15 00:00:00,1
2010-03-16 00:00:00,2010-03-16 00:00:00,32.25,2010-03-16 00:00:00,32,32,12,15000,480075,2010-03-16 00:00:00,1
2010-03-17 00:00:00,2010-03-17 00:00:00,32,2010-03-17 00:00:00,32,32,3,1600,51200,2010-03-17 00:00:00,1
2010-03-18 00:00:00,2010-03-18 00:00:00,32.25,2010-03-18 00:00:00,31.5,31.75,15,32400,1029825,2010-03-18 00:00:00,1
2010-03-19 00:00:00,2010-03-19 00:00:00,31.5,2010-03-19 00:00:00,31.5,31.5,1,1000,31500,2010-03-19 00:00:00,1
2010-03-22 00:00:00,2010-03-22 00:00:00,31,2010-03-22 00:00:00,30.75,30.75,7,2100,64725,2010-03-22 00:00:00,1
2010-03-23 00:00:00,2010-03-23 00:00:00,33,2010-03-23 00:00:00,32,32.25,4,1400,45075,2010-03-23 00:00:00,1
2010-03-25 00:00:00,2010-03-25 00:00:00,30.75,2010-03-25 00:00:00,30.75,30.75,4,1100,33825,2010-03-25 00:00:00,1
2010-03-26 00:00:00,2010-03-26 00:00:00,31,2010-03-26 00:00:00,31,31,1,1000,31000,2010-03-26 00:00:00,1
2010-03-30 00:00:00,2010-03-30 00:00:00,31.5,2010-03-30 00:00:00,31,31.25,4,11100,347075,2010-03-30 00:00:00,1
2010-03-31 00:00:00,2010-03-31 00:00:00,31.25,2010-03-31 00:00:00,31,31,11,6300,195400,2010-03-31 00:00:00,1
2010-04-01 00:00:00,2010-04-01 00:00:00,30.75,2010-04-01 00:00:00,30,30.5,8,12000,362750,2010-04-01 00:00:00,1
2010-04-05 00:00:00,2010-04-05 00:00:00,31,2010-04-05 00:00:00,30,30.75,19,33500,1011300,2010-04-05 00:00:00,1
2010-04-06 00:00:00,2010-04-06 00:00:00,31,2010-04-06 00:00:00,30,30.5,48,63400,1929825,2010-04-06 00:00:00,1
2010-04-07 00:00:00,2010-04-07 00:00:00,31.5,2010-04-07 00:00:00,31,31.25,13,9900,308775,2010-04-07 00:00:00,1
2010-04-08 00:00:00,2010-04-08 00:00:00,31.5,2010-04-08 00:00:00,30.5,31.25,30,36900,1152600,2010-04-08 00:00:00,1
2010-04-12 00:00:00,2010-04-12 00:00:00,31.75,2010-04-12 00:00:00,31.25,31.5,9,4800,150500,2010-04-12 00:00:00,1
2010-04-15 00:00:00,2010-04-15 00:00:00,33.25,2010-04-15 00:00:00,31.75,32.75,82,53600,1749775,2010-04-15 00:00:00,1
2010-04-16 00:00:00,2010-04-16 00:00:00,34,2010-04-16 00:00:00,33,33.5,121,130100,4368700,2010-04-16 00:00:00,1
2010-04-19 00:00:00,2010-04-19 00:00:00,35,2010-04-19 00:00:00,32.5,33,20,9800,329450,2010-04-19 00:00:00,1
2010-04-20 00:00:00,2010-04-20 00:00:00,33.5,2010-04-20 00:00:00,32,32.5,18,24400,793700,2010-04-20 00:00:00,1
2010-04-21 00:00:00,2010-04-21 00:00:00,32.5,2010-04-21 00:00:00,32,32,6,3300,106550,2010-04-21 00:00:00,1
2010-04-22 00:00:00,2010-04-22 00:00:00,32.25,2010-04-22 00:00:00,31.5,31.75,10,10800,345800,2010-04-22 00:00:00,1
2010-04-23 00:00:00,2010-04-23 00:00:00,32.25,2010-04-23 00:00:00,31.75,32,15,9300,296850,2010-04-23 00:00:00,1
2010-04-26 00:00:00,2010-04-26 00:00:00,32.75,2010-04-26 00:00:00,32,32.5,20,8200,265000,2010-04-26 00:00:00,1
2010-04-27 00:00:00,2010-04-27 00:00:00,32.5,2010-04-27 00:00:00,30,30.5,68,130800,3991250,2010-04-27 00:00:00,1
2010-04-29 00:00:00,2010-04-29 00:00:00,32,2010-04-29 00:00:00,31,31.5,12,20600,656075,2010-04-29 00:00:00,1
2010-04-30 00:00:00,2010-04-30 00:00:00,32,2010-04-30 00:00:00,31.5,31.75,6,4200,133425,2010-04-30 00:00:00,1
2010-05-03 00:00:00,2010-05-03 00:00:00,31.75,2010-05-03 00:00:00,31.5,31.75,23,18200,573500,2010-05-03 00:00:00,1
2010-05-04 00:00:00,2010-05-04 00:00:00,31.5,2010-05-04 00:00:00,30.75,31,19,21400,663425,2010-05-04 00:00:00,1
2010-05-05 00:00:00,2010-05-05 00:00:00,32,2010-05-05 00:00:00,30.75,32,41,28500,907875,2010-05-05 00:00:00,1
2010-05-06 00:00:00,2010-05-06 00:00:00,31.75,2010-05-06 00:00:00,31,31,16,10700,333225,2010-05-06 00:00:00,1
2010-05-07 00:00:00,2010-05-07 00:00:00,33,2010-05-07 00:00:00,31,31.75,105,174700,5637925,2010-05-07 00:00:00,1
2010-05-10 00:00:00,2010-05-10 00:00:00,33,2010-05-10 00:00:00,31.5,31.5,14,9700,307800,2010-05-10 00:00:00,1
2010-05-11 00:00:00,2010-05-11 00:00:00,33,2010-05-11 00:00:00,31,31.25,41,24000,767875,2010-05-11 00:00:00,1
2010-05-12 00:00:00,2010-05-12 00:00:00,31.5,2010-05-12 00:00:00,31,31,14,10500,326825,2010-05-12 00:00:00,1
2010-05-13 00:00:00,2010-05-13 00:00:00,32.5,2010-05-13 00:00:00,32,32.25,6,800,25850,2010-05-13 00:00:00,1
2010-05-14 00:00:00,2010-05-14 00:00:00,31.75,2010-05-14 00:00:00,30.75,30.75,20,8700,274225,2010-05-14 00:00:00,1
2010-05-17 00:00:00,2010-05-17 00:00:00,31.25,2010-05-17 00:00:00,31.25,31.25,1,100,3125,2010-05-17 00:00:00,1
2010-05-18 00:00:00,2010-05-18 00:00:00,31,2010-05-18 00:00:00,30.75,30.75,6,4100,126250,2010-05-18 00:00:00,1
2010-05-19 00:00:00,2010-05-19 00:00:00,31.25,2010-05-19 00:00:00,30.5,30.75,8,2700,83150,2010-05-19 00:00:00,1
2010-05-20 00:00:00,2010-05-20 00:00:00,30.5,2010-05-20 00:00:00,30.5,30.5,12,9500,289750,2010-05-20 00:00:00,1
2010-05-21 00:00:00,2010-05-21 00:00:00,30.5,2010-05-21 00:00:00,30,30,17,26200,789675,2010-05-21 00:00:00,1
2010-05-24 00:00:00,2010-05-24 00:00:00,31,2010-05-24 00:00:00,30,30,15,11200,337450,2010-05-24 00:00:00,1
2010-05-25 00:00:00,2010-05-25 00:00:00,30,2010-05-25 00:00:00,30,30,14,23600,708000,2010-05-25 00:00:00,1
2010-05-26 00:00:00,2010-05-26 00:00:00,30.25,2010-05-26 00:00:00,30,30,4,2700,81025,2010-05-26 00:00:00,1
2010-05-31 00:00:00,2010-05-31 00:00:00,30,2010-05-31 00:00:00,30,30,7,17600,528000,2010-05-31 00:00:00,1
2010-06-01 00:00:00,2010-06-01 00:00:00,30,2010-06-01 00:00:00,29.5,29.5,16,7200,212850,2010-06-01 00:00:00,1
2010-06-02 00:00:00,2010-06-02 00:00:00,30.75,2010-06-02 00:00:00,29,29.25,146,227900,6792850,2010-06-02 00:00:00,1
2010-06-03 00:00:00,2010-06-03 00:00:00,29.5,2010-06-03 00:00:00,28.5,29.25,19,11100,325300,2010-06-03 00:00:00,1
2010-06-04 00:00:00,2010-06-04 00:00:00,29.5,2010-06-04 00:00:00,29,29,11,15600,454100,2010-06-04 00:00:00,1
2010-06-07 00:00:00,2010-06-07 00:00:00,29.25,2010-06-07 00:00:00,28.75,28.75,22,15200,439550,2010-06-07 00:00:00,1
2010-06-08 00:00:00,2010-06-08 00:00:00,31,2010-06-08 00:00:00,28.75,29.5,18,27700,820050,2010-06-08 00:00:00,1
2010-06-09 00:00:00,2010-06-09 00:00:00,29.5,2010-06-09 00:00:00,29,29.5,9,51700,1499800,2010-06-09 00:00:00,1
2010-06-10 00:00:00,2010-06-10 00:00:00,29.75,2010-06-10 00:00:00,28.75,29,16,24900,717725,2010-06-10 00:00:00,1
2010-06-11 00:00:00,2010-06-11 00:00:00,30,2010-06-11 00:00:00,29,29.5,18,19100,562275,2010-06-11 00:00:00,1
2010-06-14 00:00:00,2010-06-14 00:00:00,30,2010-06-14 00:00:00,29.75,29.75,11,9700,290175,2010-06-14 00:00:00,1
2010-06-15 00:00:00,2010-06-15 00:00:00,29.75,2010-06-15 00:00:00,29.75,29.75,3,300,8925,2010-06-15 00:00:00,1
2010-06-16 00:00:00,2010-06-16 00:00:00,30.25,2010-06-16 00:00:00,29.5,29.75,35,32700,978575,2010-06-16 00:00:00,1
2010-06-17 00:00:00,2010-06-17 00:00:00,31,2010-06-17 00:00:00,29.5,29.75,9,3300,98525,2010-06-17 00:00:00,1
2010-06-21 00:00:00,2010-06-21 00:00:00,29.75,2010-06-21 00:00:00,29.25,29.25,12,9600,282075,2010-06-21 00:00:00,1
2010-06-22 00:00:00,2010-06-22 00:00:00,29.25,2010-06-22 00:00:00,29,29,13,5800,168700,2010-06-22 00:00:00,1
2010-06-23 00:00:00,2010-06-23 00:00:00,29.5,2010-06-23 00:00:00,28.25,28.5,15,6800,194675,2010-06-23 00:00:00,1
2010-06-24 00:00:00,2010-06-24 00:00:00,29.25,2010-06-24 00:00:00,28.25,29.25,19,65600,1888600,2010-06-24 00:00:00,1
2010-06-28 00:00:00,2010-06-28 00:00:00,29.5,2010-06-28 00:00:00,29,29.25,47,35900,1053825,2010-06-28 00:00:00,1
2010-06-29 00:00:00,2010-06-29 00:00:00,31,2010-06-29 00:00:00,29,30.25,60,64900,1941600,2010-06-29 00:00:00,1
2010-06-30 00:00:00,2010-06-30 00:00:00,31,2010-06-30 00:00:00,29.5,29.75,28,63900,1915725,2010-06-30 00:00:00,1
2010-07-01 00:00:00,2010-07-01 00:00:00,31,2010-07-01 00:00:00,30,30.5,28,17900,543350,2010-07-01 00:00:00,1
2010-07-02 00:00:00,2010-07-02 00:00:00,31,2010-07-02 00:00:00,30,30.75,18,11900,364450,2010-07-02 00:00:00,1
2010-07-05 00:00:00,2010-07-05 00:00:00,31,2010-07-05 00:00:00,29,29.5,31,36000,1085050,2010-07-05 00:00:00,1
2010-07-06 00:00:00,2010-07-06 00:00:00,30.5,2010-07-06 00:00:00,29.25,29.5,22,15800,468500,2010-07-06 00:00:00,1
2010-07-07 00:00:00,2010-07-07 00:00:00,29.75,2010-07-07 00:00:00,28.75,29.5,31,27200,796400,2010-07-07 00:00:00,1
2010-07-08 00:00:00,2010-07-08 00:00:00,29.5,2010-07-08 00:00:00,29.5,29.5,33,34400,1014800,2010-07-08 00:00:00,1
2010-07-09 00:00:00,2010-07-09 00:00:00,29.5,2010-07-09 00:00:00,29.25,29.25,29,26600,782200,2010-07-09 00:00:00,1
2010-07-12 00:00:00,2010-07-12 00:00:00,29.75,2010-07-12 00:00:00,29.25,29.5,12,19400,574300,2010-07-12 00:00:00,1
2010-07-13 00:00:00,2010-07-13 00:00:00,29.5,2010-07-13 00:00:00,29.5,29.5,8,15600,460200,2010-07-13 00:00:00,1
2010-07-14 00:00:00,2010-07-14 00:00:00,29.75,2010-07-14 00:00:00,29.5,29.5,3,3800,112675,2010-07-14 00:00:00,1
2010-07-15 00:00:00,2010-07-15 00:00:00,30,2010-07-15 00:00:00,29.75,29.75,11,17600,523875,2010-07-15 00:00:00,1
2010-07-16 00:00:00,2010-07-16 00:00:00,31.5,2010-07-16 00:00:00,29.75,30.5,108,103200,3162600,2010-07-16 00:00:00,1
2010-07-19 00:00:00,2010-07-19 00:00:00,31,2010-07-19 00:00:00,30,30.25,11,5800,175325,2010-07-19 00:00:00,1
2010-07-20 00:00:00,2010-07-20 00:00:00,31,2010-07-20 00:00:00,29.75,30.25,18,8200,247000,2010-07-20 00:00:00,1
2010-07-21 00:00:00,2010-07-21 00:00:00,30.75,2010-07-21 00:00:00,29.75,30.5,14,11100,336100,2010-07-21 00:00:00,1
2010-07-22 00:00:00,2010-07-22 00:00:00,30.5,2010-07-22 00:00:00,30,30,13,13500,407750,2010-07-22 00:00:00,1
2010-07-23 00:00:00,2010-07-23 00:00:00,31,2010-07-23 00:00:00,30,30,38,40800,1228625,2010-07-23 00:00:00,1
2010-07-26 00:00:00,2010-07-26 00:00:00,31,2010-07-26 00:00:00,30,30,51,73000,2193275,2010-07-26 00:00:00,1
2010-07-27 00:00:00,2010-07-27 00:00:00,30.75,2010-07-27 00:00:00,29.75,30,28,44800,1347250,2010-07-27 00:00:00,1
2010-07-28 00:00:00,2010-07-28 00:00:00,30.5,2010-07-28 00:00:00,30,30.25,42,70200,2112075,2010-07-28 00:00:00,1
2010-07-29 00:00:00,2010-07-29 00:00:00,30.5,2010-07-29 00:00:00,30,30,39,45300,1361225,2010-07-29 00:00:00,1
2010-07-30 00:00:00,2010-07-30 00:00:00,30,2010-07-30 00:00:00,29,29.5,36,39300,1164300,2010-07-30 00:00:00,1
2010-08-02 00:00:00,2010-08-02 00:00:00,30,2010-08-02 00:00:00,29.5,29.5,12,10200,303900,2010-08-02 00:00:00,1
2010-08-03 00:00:00,2010-08-03 00:00:00,30.2,2010-08-03 00:00:00,28.6,29.4,20,21900,649120,2010-08-03 00:00:00,1
2010-08-04 00:00:00,2010-08-04 00:00:00,30,2010-08-04 00:00:00,29.1,30,26,36500,1082750,2010-08-04 00:00:00,1
2010-08-05 00:00:00,2010-08-05 00:00:00,31,2010-08-05 00:00:00,29,29,14,15500,451510,2010-08-05 00:00:00,1
2010-08-06 00:00:00,2010-08-06 00:00:00,28.5,2010-08-06 00:00:00,27,28.2,29,30500,831020,2010-08-06 00:00:00,1
2010-08-09 00:00:00,2010-08-09 00:00:00,30.9,2010-08-09 00:00:00,26,26.6,24,11900,321830,2010-08-09 00:00:00,1
2010-08-10 00:00:00,2010-08-10 00:00:00,29.2,2010-08-10 00:00:00,29,29.1,13,8200,238400,2010-08-10 00:00:00,1
2010-08-11 00:00:00,2010-08-11 00:00:00,30,2010-08-11 00:00:00,27,29.4,10,17300,513310,2010-08-11 00:00:00,1
2010-08-12 00:00:00,2010-08-12 00:00:00,28.3,2010-08-12 00:00:00,27,27.3,31,32300,883820,2010-08-12 00:00:00,1
2010-08-13 00:00:00,2010-08-13 00:00:00,29.5,2010-08-13 00:00:00,27.5,27.8,22,21900,609370,2010-08-13 00:00:00,1
2010-08-16 00:00:00,2010-08-16 00:00:00,28,2010-08-16 00:00:00,27.5,27.7,27,26200,730870,2010-08-16 00:00:00,1
2010-08-17 00:00:00,2010-08-17 00:00:00,28.6,2010-08-17 00:00:00,27.5,28.5,12,10400,292340,2010-08-17 00:00:00,1
2010-08-18 00:00:00,2010-08-18 00:00:00,29,2010-08-18 00:00:00,28.2,28.5,19,11000,314170,2010-08-18 00:00:00,1
2010-08-19 00:00:00,2010-08-19 00:00:00,29.5,2010-08-19 00:00:00,28,28.2,24,14000,400610,2010-08-19 00:00:00,1
2010-08-20 00:00:00,2010-08-20 00:00:00,29,2010-08-20 00:00:00,28,28.2,11,8200,230800,2010-08-20 00:00:00,1
2010-08-23 00:00:00,2010-08-23 00:00:00,29.9,2010-08-23 00:00:00,26,28.1,57,63200,1826690,2010-08-23 00:00:00,1
2010-08-25 00:00:00,2010-08-25 00:00:00,29.5,2010-08-25 00:00:00,28.1,28.5,14,7900,228970,2010-08-25 00:00:00,1
2010-08-26 00:00:00,2010-08-26 00:00:00,29.1,2010-08-26 00:00:00,28.5,29,21,19400,560970,2010-08-26 00:00:00,1
2010-08-27 00:00:00,2010-08-27 00:00:00,28.8,2010-08-27 00:00:00,27.8,28.2,7,1100,30820,2010-08-27 00:00:00,1
2010-08-30 00:00:00,2010-08-30 00:00:00,28,2010-08-30 00:00:00,28,28,7,3300,92400,2010-08-30 00:00:00,1
2010-08-31 00:00:00,2010-08-31 00:00:00,28.5,2010-08-31 00:00:00,28,28.5,13,23000,644210,2010-08-31 00:00:00,1
2010-09-01 00:00:00,2010-09-01 00:00:00,29.3,2010-09-01 00:00:00,28,28.1,24,34100,975810,2010-09-01 00:00:00,1
2010-09-02 00:00:00,2010-09-02 00:00:00,30.6,2010-09-02 00:00:00,29,30,78,150200,4495840,2010-09-02 00:00:00,1
2010-09-03 00:00:00,2010-09-03 00:00:00,30.5,2010-09-03 00:00:00,29,29,27,41300,1232030,2010-09-03 00:00:00,1
2010-09-06 00:00:00,2010-09-06 00:00:00,29.6,2010-09-06 00:00:00,29,29.1,31,38500,1119350,2010-09-06 00:00:00,1
2010-09-07 00:00:00,2010-09-07 00:00:00,30,2010-09-07 00:00:00,28.6,28.7,33,44400,1278030,2010-09-07 00:00:00,1
2010-09-08 00:00:00,2010-09-08 00:00:00,31,2010-09-08 00:00:00,29.9,30,55,163500,4935990,2010-09-08 00:00:00,1
2010-09-09 00:00:00,2010-09-09 00:00:00,30.9,2010-09-09 00:00:00,29.8,29.8,24,24500,738670,2010-09-09 00:00:00,1
2010-09-13 00:00:00,2010-09-13 00:00:00,30.8,2010-09-13 00:00:00,29,30.5,20,20800,629320,2010-09-13 00:00:00,1
2010-09-14 00:00:00,2010-09-14 00:00:00,30,2010-09-14 00:00:00,28,28.5,11,10700,303050,2010-09-14 00:00:00,1
2010-09-15 00:00:00,2010-09-15 00:00:00,29.5,2010-09-15 00:00:00,28.5,28.8,8,6200,177860,2010-09-15 00:00:00,1
2010-09-16 00:00:00,2010-09-16 00:00:00,29.4,2010-09-16 00:00:00,28.5,28.9,6,6400,185230,2010-09-16 00:00:00,1
2010-09-17 00:00:00,2010-09-17 00:00:00,29.1,2010-09-17 00:00:00,28.7,28.7,21,51400,1489340,2010-09-17 00:00:00,1
2010-09-20 00:00:00,2010-09-20 00:00:00,29.8,2010-09-20 00:00:00,28.4,29.1,12,10400,300310,2010-09-20 00:00:00,1
2010-09-21 00:00:00,2010-09-21 00:00:00,28,2010-09-21 00:00:00,27.2,28,18,17400,483200,2010-09-21 00:00:00,1
2010-09-23 00:00:00,2010-09-23 00:00:00,28.2,2010-09-23 00:00:00,27.7,28.2,27,37100,1035470,2010-09-23 00:00:00,1
2010-09-24 00:00:00,2010-09-24 00:00:00,30,2010-09-24 00:00:00,27.5,29.4,53,77200,2266280,2010-09-24 00:00:00,1
2010-09-27 00:00:00,2010-09-27 00:00:00,29.5,2010-09-27 00:00:00,28.5,29.4,20,27600,809770,2010-09-27 00:00:00,1
2010-09-28 00:00:00,2010-09-28 00:00:00,32.4,2010-09-28 00:00:00,28.5,31.4,209,501800,15706940,2010-09-28 00:00:00,1
2010-09-29 00:00:00,2010-09-29 00:00:00,32.4,2010-09-29 00:00:00,31,31.6,92,101300,3234050,2010-09-29 00:00:00,1
2010-09-30 00:00:00,2010-09-30 00:00:00,31.5,2010-09-30 00:00:00,30,30.1,24,23700,715970,2010-09-30 00:00:00,1
2010-10-01 00:00:00,2010-10-01 00:00:00,33,2010-10-01 00:00:00,30,30.7,24,14600,460230,2010-10-01 00:00:00,1
2010-10-04 00:00:00,2010-10-04 00:00:00,31,2010-10-04 00:00:00,29.5,29.5,14,9300,278290,2010-10-04 00:00:00,1
2010-10-05 00:00:00,2010-10-05 00:00:00,29.5,2010-10-05 00:00:00,28.7,28.8,12,9700,282850,2010-10-05 00:00:00,1
2010-10-06 00:00:00,2010-10-06 00:00:00,31,2010-10-06 00:00:00,28.5,29,27,32800,969260,2010-10-06 00:00:00,1
2010-10-07 00:00:00,2010-10-07 00:00:00,28.8,2010-10-07 00:00:00,28.8,28.8,1,100,2880,2010-10-07 00:00:00,1
2010-10-08 00:00:00,2010-10-08 00:00:00,28.3,2010-10-08 00:00:00,28,28.1,11,43900,1231500,2010-10-08 00:00:00,1
2010-10-11 00:00:00,2010-10-11 00:00:00,29,2010-10-11 00:00:00,28.5,28.6,2,2200,62800,2010-10-11 00:00:00,1
2010-10-12 00:00:00,2010-10-12 00:00:00,28.5,2010-10-12 00:00:00,27,27.4,32,36900,1026260,2010-10-12 00:00:00,1
2010-10-13 00:00:00,2010-10-13 00:00:00,28.5,2010-10-13 00:00:00,25,27.5,28,36100,964580,2010-10-13 00:00:00,1
2010-10-14 00:00:00,2010-10-14 00:00:00,27.5,2010-10-14 00:00:00,27.5,27.5,2,300,8250,2010-10-14 00:00:00,1
2010-10-15 00:00:00,2010-10-15 00:00:00,28.9,2010-10-15 00:00:00,26,27.3,13,4500,123540,2010-10-15 00:00:00,1
2010-10-18 00:00:00,2010-10-18 00:00:00,27.2,2010-10-18 00:00:00,27.1,27.1,7,1100,29830,2010-10-18 00:00:00,1
2010-10-19 00:00:00,2010-10-19 00:00:00,27.5,2010-10-19 00:00:00,27.5,27.5,1,300,8250,2010-10-19 00:00:00,1
2010-10-20 00:00:00,2010-10-20 00:00:00,27.5,2010-10-20 00:00:00,27.1,27.5,6,4300,118130,2010-10-20 00:00:00,1
2010-10-21 00:00:00,2010-10-21 00:00:00,27.1,2010-10-21 00:00:00,27,27,8,10800,291650,2010-10-21 00:00:00,1
2010-10-25 00:00:00,2010-10-25 00:00:00,28,2010-10-25 00:00:00,26.1,26.5,6,7700,202210,2010-10-25 00:00:00,1
2010-10-26 00:00:00,2010-10-26 00:00:00,26.2,2010-10-26 00:00:00,25,25.7,6,5600,145270,2010-10-26 00:00:00,1
2010-10-27 00:00:00,2010-10-27 00:00:00,25,2010-10-27 00:00:00,25,25,7,2100,52500,2010-10-27 00:00:00,1
2010-10-28 00:00:00,2010-10-28 00:00:00,28,2010-10-28 00:00:00,27.5,27.9,14,6500,181700,2010-10-28 00:00:00,1
2010-10-29 00:00:00,2010-10-29 00:00:00,25.6,2010-10-29 00:00:00,25.6,25.6,2,1000,25600,2010-10-29 00:00:00,1
2010-11-01 00:00:00,2010-11-01 00:00:00,28,2010-11-01 00:00:00,28,28,1,200,5600,2010-11-01 00:00:00,1
2010-11-02 00:00:00,2010-11-02 00:00:00,28,2010-11-02 00:00:00,26,27,9,8100,218700,2010-11-02 00:00:00,1
2010-11-03 00:00:00,2010-11-03 00:00:00,27,2010-11-03 00:00:00,26,27,9,9100,241240,2010-11-03 00:00:00,1
2010-11-04 00:00:00,2010-11-04 00:00:00,29,2010-11-04 00:00:00,25.5,26.3,24,31200,804780,2010-11-04 00:00:00,1
2010-11-08 00:00:00,2010-11-08 00:00:00,28,2010-11-08 00:00:00,27,27,4,3500,94700,2010-11-08 00:00:00,1
2010-11-09 00:00:00,2010-11-09 00:00:00,26.5,2010-11-09 00:00:00,26,26.1,14,26800,700860,2010-11-09 00:00:00,1
2010-11-10 00:00:00,2010-11-10 00:00:00,27.5,2010-11-10 00:00:00,26,26.1,7,4100,108110,2010-11-10 00:00:00,1
2010-11-11 00:00:00,2010-11-11 00:00:00,27,2010-11-11 00:00:00,26,27,6,4400,116330,2010-11-11 00:00:00,1
2010-11-12 00:00:00,2010-11-12 00:00:00,27,2010-11-12 00:00:00,27,27,1,1300,35100,2010-11-12 00:00:00,1
2010-11-15 00:00:00,2010-11-15 00:00:00,27.5,2010-11-15 00:00:00,26,26,49,85600,2254500,2010-11-15 00:00:00,1
2010-11-16 00:00:00,2010-11-16 00:00:00,26,2010-11-16 00:00:00,25.6,26,16,9800,254290,2010-11-16 00:00:00,1
2010-11-18 00:00:00,2010-11-18 00:00:00,28,2010-11-18 00:00:00,25.5,26.3,31,39700,1045710,2010-11-18 00:00:00,1
2010-11-22 00:00:00,2010-11-22 00:00:00,27,2010-11-22 00:00:00,26,26.8,19,28700,749980,2010-11-22 00:00:00,1
2010-11-23 00:00:00,2010-11-23 00:00:00,25.6,2010-11-23 00:00:00,25.5,25.6,3,1400,35790,2010-11-23 00:00:00,1
2010-11-24 00:00:00,2010-11-24 00:00:00,25.7,2010-11-24 00:00:00,25.5,25.6,6,2600,66470,2010-11-24 00:00:00,1
2010-11-25 00:00:00,2010-11-25 00:00:00,25.7,2010-11-25 00:00:00,25.2,25.2,7,9900,252380,2010-11-25 00:00:00,1
2010-11-26 00:00:00,2010-11-26 00:00:00,26,2010-11-26 00:00:00,24.7,25.2,39,57600,1448070,2010-11-26 00:00:00,1
2010-11-29 00:00:00,2010-11-29 00:00:00,25.9,2010-11-29 00:00:00,24.6,25.6,10,7700,192500,2010-11-29 00:00:00,1
2010-11-30 00:00:00,2010-11-30 00:00:00,27,2010-11-30 00:00:00,25.6,26.9,37,33100,869060,2010-11-30 00:00:00,1
2010-12-01 00:00:00,2010-12-01 00:00:00,27.5,2010-12-01 00:00:00,25.9,26.8,50,63800,1690540,2010-12-01 00:00:00,1
2010-12-02 00:00:00,2010-12-02 00:00:00,26.8,2010-12-02 00:00:00,25.8,25.8,9,8100,211880,2010-12-02 00:00:00,1
2010-12-06 00:00:00,2010-12-06 00:00:00,26.2,2010-12-06 00:00:00,25.5,26.2,3,5500,140950,2010-12-06 00:00:00,1
2010-12-07 00:00:00,2010-12-07 00:00:00,26,2010-12-07 00:00:00,25.5,25.5,6,3900,99500,2010-12-07 00:00:00,1
2010-12-08 00:00:00,2010-12-08 00:00:00,25.1,2010-12-08 00:00:00,25,25.1,8,1700,42560,2010-12-08 00:00:00,1
2010-12-09 00:00:00,2010-12-09 00:00:00,25,2010-12-09 00:00:00,24.8,25,8,6800,169500,2010-12-09 00:00:00,1
2010-12-10 00:00:00,2010-12-10 00:00:00,24.7,2010-12-10 00:00:00,24.6,24.6,17,9800,241600,2010-12-10 00:00:00,1
2010-12-13 00:00:00,2010-12-13 00:00:00,24.9,2010-12-13 00:00:00,24.5,24.5,16,6900,169670,2010-12-13 00:00:00,1
2010-12-14 00:00:00,2010-12-14 00:00:00,24.9,2010-12-14 00:00:00,24.4,24.5,8,18100,443940,2010-12-14 00:00:00,1
2010-12-15 00:00:00,2010-12-15 00:00:00,25,2010-12-15 00:00:00,24.4,24.5,9,5200,127740,2010-12-15 00:00:00,1
2010-12-16 00:00:00,2010-12-16 00:00:00,25.9,2010-12-16 00:00:00,24.6,25.6,5,1300,33070,2010-12-16 00:00:00,1
2010-12-17 00:00:00,2010-12-17 00:00:00,25.5,2010-12-17 00:00:00,24.6,25.5,7,2300,56690,2010-12-17 00:00:00,1
2010-12-21 00:00:00,2010-12-21 00:00:00,26,2010-12-21 00:00:00,24.5,25.5,8,4800,121000,2010-12-21 00:00:00,1
2010-12-22 00:00:00,2010-12-22 00:00:00,25.9,2010-12-22 00:00:00,25,25.9,5,2800,71380,2010-12-22 00:00:00,1
2010-12-23 00:00:00,2010-12-23 00:00:00,26.5,2010-12-23 00:00:00,25.5,26.4,21,25200,660590,2010-12-23 00:00:00,1
2010-12-24 00:00:00,2010-12-24 00:00:00,26.5,2010-12-24 00:00:00,26,26.5,2,1900,50300,2010-12-24 00:00:00,1
2010-12-27 00:00:00,2010-12-27 00:00:00,27,2010-12-27 00:00:00,26.5,27,21,21300,572380,2010-12-27 00:00:00,1
2010-12-28 00:00:00,2010-12-28 00:00:00,29,2010-12-28 00:00:00,27.1,28.1,85,74700,2093850,2010-12-28 00:00:00,1
2010-12-29 00:00:00,2010-12-29 00:00:00,28.6,2010-12-29 00:00:00,27,27.2,41,59400,1665480,2010-12-29 00:00:00,1
2010-12-30 00:00:00,2010-12-30 00:00:00,28.4,2010-12-30 00:00:00,26.5,28,39,74700,2053170,2010-12-30 00:00:00,1
2010-12-31 00:00:00,2010-12-31 00:00:00,27.4,2010-12-31 00:00:00,27,27.4,10,7200,196840,2010-12-31 00:00:00,1
Company Id,:  SUN,Security,Type :  N,Sub Type,:  0000,,,,,
Short Name,:  SUNSHINE HOLDING,,,,,,,,,
Day,Date High,High,Date Low,Low,Closing,No. of Trades,No. of Shares,Turnover,Last Traded,Days Traded
2010-01-20 00:00:00,2010-01-20 00:00:00,166,2010-01-20 00:00:00,166,166,1,100,16600,2010-01-20 00:00:00,1
2010-01-21 00:00:00,2010-01-21 00:00:00,166,2010-01-21 00:00:00,166,166,2,1000,166000,2010-01-21 00:00:00,1
2010-01-26 00:00:00,2010-01-26 00:00:00,180,2010-01-26 00:00:00,179,180,4,1000,179500,2010-01-26 00:00:00,1
2010-01-28 00:00:00,2010-01-28 00:00:00,169.75,2010-01-28 00:00:00,169.75,169.75,1,100,16975,2010-01-28 00:00:00,1
2010-02-08 00:00:00,2010-02-08 00:00:00,176.5,2010-02-08 00:00:00,176.5,176.5,1,100,17650,2010-02-08 00:00:00,1
2010-02-09 00:00:00,2010-02-09 00:00:00,326,2010-02-09 00:00:00,300,325.5,3,300,95100,2010-02-09 00:00:00,1
2010-02-10 00:00:00,2010-02-10 00:00:00,474.75,2010-02-10 00:00:00,326,463.75,12,1900,711450,2010-02-10 00:00:00,1
2010-02-11 00:00:00,2010-02-11 00:00:00,790,2010-02-11 00:00:00,490,646.25,46,7300,4492375,2010-02-11 00:00:00,1
2010-02-12 00:00:00,2010-02-12 00:00:00,900,2010-02-12 00:00:00,650,742.5,32,3900,3137025,2010-02-12 00:00:00,1
2010-02-15 00:00:00,2010-02-15 00:00:00,850,2010-02-15 00:00:00,820,831.25,8,800,672500,2010-02-15 00:00:00,1
2010-02-16 00:00:00,2010-02-16 00:00:00,835,2010-02-16 00:00:00,835,835,2,200,167000,2010-02-16 00:00:00,1
2010-02-17 00:00:00,2010-02-17 00:00:00,800,2010-02-17 00:00:00,800,800,1,300,240000,2010-02-17 00:00:00,1
2010-02-18 00:00:00,2010-02-18 00:00:00,820,2010-02-18 00:00:00,820,820,1,100,82000,2010-02-18 00:00:00,1
2010-02-23 00:00:00,2010-02-23 00:00:00,702,2010-02-23 00:00:00,650,702,8,800,540700,2010-02-23 00:00:00,1
2010-02-25 00:00:00,2010-02-25 00:00:00,700,2010-02-25 00:00:00,700,700,1,100,70000,2010-02-25 00:00:00,1
2010-02-26 00:00:00,2010-02-26 00:00:00,702,2010-02-26 00:00:00,702,702,2,200,140400,2010-02-26 00:00:00,1
2010-03-01 00:00:00,2010-03-01 00:00:00,740,2010-03-01 00:00:00,740,740,1,100,74000,2010-03-01 00:00:00,1
2010-03-09 00:00:00,2010-03-09 00:00:00,700,2010-03-09 00:00:00,700,700,1,100,70000,2010-03-09 00:00:00,1
2010-03-10 00:00:00,2010-03-10 00:00:00,662,2010-03-10 00:00:00,626,636.25,26,4400,2824000,2010-03-10 00:00:00,1
2010-03-11 00:00:00,2010-03-11 00:00:00,649,2010-03-11 00:00:00,595,599.75,44,19900,12333875,2010-03-11 00:00:00,1
2010-03-12 00:00:00,2010-03-12 00:00:00,574,2010-03-12 00:00:00,510,511,18,3600,2027750,2010-03-12 00:00:00,1
2010-03-15 00:00:00,2010-03-15 00:00:00,510.25,2010-03-15 00:00:00,460,470.5,41,5500,2671750,2010-03-15 00:00:00,1
2010-03-16 00:00:00,2010-03-16 00:00:00,640,2010-03-16 00:00:00,420,424.5,36,7000,3825225,2010-03-16 00:00:00,1
2010-03-17 00:00:00,2010-03-17 00:00:00,410,2010-03-17 00:00:00,385,389.5,15,1500,599875,2010-03-17 00:00:00,1
2010-03-18 00:00:00,2010-03-18 00:00:00,390,2010-03-18 00:00:00,350,352.5,62,10600,3863125,2010-03-18 00:00:00,1
2010-03-19 00:00:00,2010-03-19 00:00:00,350,2010-03-19 00:00:00,322,325.25,615,414000,135270125,2010-03-19 00:00:00,1
2010-03-22 00:00:00,2010-03-22 00:00:00,338,2010-03-22 00:00:00,325,332.5,158,43100,14403950,2010-03-22 00:00:00,1
2010-03-23 00:00:00,2010-03-23 00:00:00,337,2010-03-23 00:00:00,322,325,87,31200,10158100,2010-03-23 00:00:00,1
2010-03-24 00:00:00,2010-03-24 00:00:00,325,2010-03-24 00:00:00,324,325,95,156100,50732250,2010-03-24 00:00:00,1
2010-04-05 00:00:00,2010-04-05 00:00:00,35,2010-04-05 00:00:00,32,32.75,93,89600,2955450,2010-04-05 00:00:00,1
2010-04-06 00:00:00,2010-04-06 00:00:00,36.5,2010-04-06 00:00:00,33.5,35.25,280,574600,19974250,2010-04-06 00:00:00,1
2010-04-07 00:00:00,2010-04-07 00:00:00,49,2010-04-07 00:00:00,36,45.75,1908,3373500,142426600,2010-04-07 00:00:00,1
2010-04-08 00:00:00,2010-04-08 00:00:00,54,2010-04-08 00:00:00,47.25,51,1761,3203400,164632600,2010-04-08 00:00:00,1
2010-04-12 00:00:00,2010-04-12 00:00:00,53.5,2010-04-12 00:00:00,51.25,51.25,417,933700,49177175,2010-04-12 00:00:00,1
2010-04-15 00:00:00,2010-04-15 00:00:00,52.5,2010-04-15 00:00:00,49.5,50.5,183,175800,8823200,2010-04-15 00:00:00,1
2010-04-16 00:00:00,2010-04-16 00:00:00,53,2010-04-16 00:00:00,50,51.5,245,272000,14137500,2010-04-16 00:00:00,1
2010-04-19 00:00:00,2010-04-19 00:00:00,52.5,2010-04-19 00:00:00,49.25,49.75,218,399300,20138950,2010-04-19 00:00:00,1
2010-04-20 00:00:00,2010-04-20 00:00:00,52,2010-04-20 00:00:00,49.5,50,100,126300,6329675,2010-04-20 00:00:00,1
2010-04-21 00:00:00,2010-04-21 00:00:00,50,2010-04-21 00:00:00,48,49.25,112,86600,4240875,2010-04-21 00:00:00,1
2010-04-22 00:00:00,2010-04-22 00:00:00,52.25,2010-04-22 00:00:00,49.5,52,202,229800,11735800,2010-04-22 00:00:00,1
2010-04-23 00:00:00,2010-04-23 00:00:00,52.5,2010-04-23 00:00:00,50.5,51.5,81,160600,8284275,2010-04-23 00:00:00,1
2010-04-26 00:00:00,2010-04-26 00:00:00,52,2010-04-26 00:00:00,50.75,51,58,121600,6216125,2010-04-26 00:00:00,1
2010-04-27 00:00:00,2010-04-27 00:00:00,51,2010-04-27 00:00:00,50,50.25,58,98700,5009825,2010-04-27 00:00:00,1
2010-04-29 00:00:00,2010-04-29 00:00:00,50.5,2010-04-29 00:00:00,49,49.25,52,44400,2212600,2010-04-29 00:00:00,1
2010-04-30 00:00:00,2010-04-30 00:00:00,50,2010-04-30 00:00:00,49.25,50,38,67300,3363800,2010-04-30 00:00:00,1
2010-05-03 00:00:00,2010-05-03 00:00:00,50,2010-05-03 00:00:00,48.5,48.5,55,35800,1756175,2010-05-03 00:00:00,1
2010-05-04 00:00:00,2010-05-04 00:00:00,49,2010-05-04 00:00:00,47,48,97,188900,9083050,2010-05-04 00:00:00,1
2010-05-05 00:00:00,2010-05-05 00:00:00,48,2010-05-05 00:00:00,46,46,86,92700,4325075,2010-05-05 00:00:00,1
2010-05-06 00:00:00,2010-05-06 00:00:00,48.25,2010-05-06 00:00:00,46.25,48,30,65300,3097575,2010-05-06 00:00:00,1
2010-05-07 00:00:00,2010-05-07 00:00:00,49,2010-05-07 00:00:00,48,48.25,40,28900,1405425,2010-05-07 00:00:00,1
2010-05-10 00:00:00,2010-05-10 00:00:00,49,2010-05-10 00:00:00,47.5,47.75,18,22700,1087000,2010-05-10 00:00:00,1
2010-05-11 00:00:00,2010-05-11 00:00:00,50.5,2010-05-11 00:00:00,48,48.5,158,219900,10755275,2010-05-11 00:00:00,1
2010-05-12 00:00:00,2010-05-12 00:00:00,49.75,2010-05-12 00:00:00,48,48,16,8200,397425,2010-05-12 00:00:00,1
2010-05-13 00:00:00,2010-05-13 00:00:00,50.5,2010-05-13 00:00:00,48,48.75,134,236500,11619425,2010-05-13 00:00:00,1
2010-05-14 00:00:00,2010-05-14 00:00:00,49.5,2010-05-14 00:00:00,48,48.5,34,58500,2831400,2010-05-14 00:00:00,1
2010-05-17 00:00:00,2010-05-17 00:00:00,48.5,2010-05-17 00:00:00,48.25,48.25,14,9000,435275,2010-05-17 00:00:00,1
2010-05-18 00:00:00,2010-05-18 00:00:00,48.25,2010-05-18 00:00:00,47.5,47.5,31,54300,2606875,2010-05-18 00:00:00,1
2010-05-19 00:00:00,2010-05-19 00:00:00,48.5,2010-05-19 00:00:00,47,47.25,48,57200,2722325,2010-05-19 00:00:00,1
2010-05-20 00:00:00,2010-05-20 00:00:00,49,2010-05-20 00:00:00,48,48.5,74,79500,3836875,2010-05-20 00:00:00,1
2010-05-21 00:00:00,2010-05-21 00:00:00,50.25,2010-05-21 00:00:00,48.5,48.75,147,139300,6919025,2010-05-21 00:00:00,1
2010-05-24 00:00:00,2010-05-24 00:00:00,48.75,2010-05-24 00:00:00,47.5,48,23,30200,1451775,2010-05-24 00:00:00,1
2010-05-25 00:00:00,2010-05-25 00:00:00,48.25,2010-05-25 00:00:00,47.75,47.75,34,19300,922400,2010-05-25 00:00:00,1
2010-05-26 00:00:00,2010-05-26 00:00:00,48,2010-05-26 00:00:00,47.25,47.75,27,11600,554575,2010-05-26 00:00:00,1
2010-05-31 00:00:00,2010-05-31 00:00:00,48.25,2010-05-31 00:00:00,47.75,48,18,14100,676575,2010-05-31 00:00:00,1
2010-06-01 00:00:00,2010-06-01 00:00:00,49.25,2010-06-01 00:00:00,48,48.75,45,52200,2511400,2010-06-01 00:00:00,1
2010-06-02 00:00:00,2010-06-02 00:00:00,49.25,2010-06-02 00:00:00,48,48.25,27,23600,1140075,2010-06-02 00:00:00,1
2010-06-03 00:00:00,2010-06-03 00:00:00,50,2010-06-03 00:00:00,49,49.75,51,60700,3012650,2010-06-03 00:00:00,1
2010-06-04 00:00:00,2010-06-04 00:00:00,51,2010-06-04 00:00:00,49,49.5,113,469200,23496275,2010-06-04 00:00:00,1
2010-06-07 00:00:00,2010-06-07 00:00:00,50,2010-06-07 00:00:00,48.5,50,52,53500,2653950,2010-06-07 00:00:00,1
2010-06-08 00:00:00,2010-06-08 00:00:00,50,2010-06-08 00:00:00,49,50,53,62300,3100850,2010-06-08 00:00:00,1
2010-06-09 00:00:00,2010-06-09 00:00:00,51,2010-06-09 00:00:00,49.5,50.5,55,63000,3169800,2010-06-09 00:00:00,1
2010-06-10 00:00:00,2010-06-10 00:00:00,51.5,2010-06-10 00:00:00,50.25,50.5,72,532600,27165325,2010-06-10 00:00:00,1
2010-06-11 00:00:00,2010-06-11 00:00:00,51.5,2010-06-11 00:00:00,50,51,115,209300,10671000,2010-06-11 00:00:00,1
2010-06-14 00:00:00,2010-06-14 00:00:00,51.5,2010-06-14 00:00:00,50.5,50.5,46,29500,1501775,2010-06-14 00:00:00,1
2010-06-15 00:00:00,2010-06-15 00:00:00,55,2010-06-15 00:00:00,51.5,52.75,532,709500,37522850,2010-06-15 00:00:00,1
2010-06-16 00:00:00,2010-06-16 00:00:00,58,2010-06-16 00:00:00,53.5,57,856,1146300,63469300,2010-06-16 00:00:00,1
2010-06-17 00:00:00,2010-06-17 00:00:00,60.5,2010-06-17 00:00:00,56.5,57.25,516,726000,42803025,2010-06-17 00:00:00,1
2010-06-21 00:00:00,2010-06-21 00:00:00,59,2010-06-21 00:00:00,56,56.25,162,125900,7210650,2010-06-21 00:00:00,1
2010-06-22 00:00:00,2010-06-22 00:00:00,57,2010-06-22 00:00:00,54.5,55,96,76800,4293300,2010-06-22 00:00:00,1
2010-06-23 00:00:00,2010-06-23 00:00:00,54.75,2010-06-23 00:00:00,53,54.25,83,68700,3708850,2010-06-23 00:00:00,1
2010-06-24 00:00:00,2010-06-24 00:00:00,56,2010-06-24 00:00:00,54,54.75,81,62200,3378350,2010-06-24 00:00:00,1
2010-06-28 00:00:00,2010-06-28 00:00:00,54.5,2010-06-28 00:00:00,52.5,53,54,26600,1429325,2010-06-28 00:00:00,1
2010-06-29 00:00:00,2010-06-29 00:00:00,55.5,2010-06-29 00:00:00,52.5,53,98,95200,5157675,2010-06-29 00:00:00,1
2010-06-30 00:00:00,2010-06-30 00:00:00,57,2010-06-30 00:00:00,53,54.5,161,313700,17198500,2010-06-30 00:00:00,1
2010-07-01 00:00:00,2010-07-01 00:00:00,55,2010-07-01 00:00:00,53.25,53.5,28,10600,570450,2010-07-01 00:00:00,1
2010-07-02 00:00:00,2010-07-02 00:00:00,54,2010-07-02 00:00:00,53,53.25,26,30400,1613075,2010-07-02 00:00:00,1
2010-07-05 00:00:00,2010-07-05 00:00:00,54,2010-07-05 00:00:00,52,52.25,37,25900,1357600,2010-07-05 00:00:00,1
2010-07-06 00:00:00,2010-07-06 00:00:00,53.75,2010-07-06 00:00:00,51.75,52.25,48,29000,1519600,2010-07-06 00:00:00,1
2010-07-07 00:00:00,2010-07-07 00:00:00,52,2010-07-07 00:00:00,50.5,51,38,31100,1589850,2010-07-07 00:00:00,1
2010-07-08 00:00:00,2010-07-08 00:00:00,52,2010-07-08 00:00:00,51,51.5,60,39500,2031150,2010-07-08 00:00:00,1
2010-07-09 00:00:00,2010-07-09 00:00:00,52,2010-07-09 00:00:00,51,51,19,15300,781675,2010-07-09 00:00:00,1
2010-07-12 00:00:00,2010-07-12 00:00:00,52,2010-07-12 00:00:00,50,50.5,35,24600,1248825,2010-07-12 00:00:00,1
2010-07-13 00:00:00,2010-07-13 00:00:00,51.75,2010-07-13 00:00:00,51,51,77,121200,6183750,2010-07-13 00:00:00,1
2010-07-14 00:00:00,2010-07-14 00:00:00,52.5,2010-07-14 00:00:00,50.5,51.75,94,60300,3086425,2010-07-14 00:00:00,1
2010-07-15 00:00:00,2010-07-15 00:00:00,53.5,2010-07-15 00:00:00,51.75,52.5,35,29200,1524300,2010-07-15 00:00:00,1
2010-07-16 00:00:00,2010-07-16 00:00:00,53.75,2010-07-16 00:00:00,51.5,51.5,27,16600,860175,2010-07-16 00:00:00,1
2010-07-19 00:00:00,2010-07-19 00:00:00,53.75,2010-07-19 00:00:00,51,52.75,17,21300,1104800,2010-07-19 00:00:00,1
2010-07-20 00:00:00,2010-07-20 00:00:00,53,2010-07-20 00:00:00,52,52.5,31,21900,1150925,2010-07-20 00:00:00,1
2010-07-21 00:00:00,2010-07-21 00:00:00,52,2010-07-21 00:00:00,51.75,52,19,21200,1102225,2010-07-21 00:00:00,1
2010-07-22 00:00:00,2010-07-22 00:00:00,52.75,2010-07-22 00:00:00,51.75,51.75,23,36700,1908725,2010-07-22 00:00:00,1
2010-07-23 00:00:00,2010-07-23 00:00:00,52.75,2010-07-23 00:00:00,51.75,52.25,21,21900,1144150,2010-07-23 00:00:00,1
2010-07-26 00:00:00,2010-07-26 00:00:00,52.75,2010-07-26 00:00:00,52.25,52.25,24,18400,965275,2010-07-26 00:00:00,1
2010-07-27 00:00:00,2010-07-27 00:00:00,52.5,2010-07-27 00:00:00,52,52,28,30600,1593325,2010-07-27 00:00:00,1
2010-07-28 00:00:00,2010-07-28 00:00:00,52,2010-07-28 00:00:00,51,51.25,47,24000,1233850,2010-07-28 00:00:00,1
2010-07-29 00:00:00,2010-07-29 00:00:00,53.75,2010-07-29 00:00:00,51.5,52,150,207100,10956600,2010-07-29 00:00:00,1
2010-07-30 00:00:00,2010-07-30 00:00:00,52.5,2010-07-30 00:00:00,51.25,51.5,33,24700,1273300,2010-07-30 00:00:00,1
2010-08-02 00:00:00,2010-08-02 00:00:00,52.5,2010-08-02 00:00:00,50.5,51.8,61,51100,2620500,2010-08-02 00:00:00,1
2010-08-03 00:00:00,2010-08-03 00:00:00,52,2010-08-03 00:00:00,51,51.1,16,18000,919400,2010-08-03 00:00:00,1
2010-08-04 00:00:00,2010-08-04 00:00:00,52.5,2010-08-04 00:00:00,50,52.1,28,44000,2283300,2010-08-04 00:00:00,1
2010-08-05 00:00:00,2010-08-05 00:00:00,52,2010-08-05 00:00:00,49.1,50.1,81,89700,4483710,2010-08-05 00:00:00,1
2010-08-06 00:00:00,2010-08-06 00:00:00,50,2010-08-06 00:00:00,48.5,48.8,47,43200,2119020,2010-08-06 00:00:00,1
2010-08-09 00:00:00,2010-08-09 00:00:00,49,2010-08-09 00:00:00,44,47,111,71600,3400900,2010-08-09 00:00:00,1
2010-08-10 00:00:00,2010-08-10 00:00:00,51.7,2010-08-10 00:00:00,44.6,51.7,92,120900,5893170,2010-08-10 00:00:00,1
2010-08-11 00:00:00,2010-08-11 00:00:00,52,2010-08-11 00:00:00,50,50,53,48300,2469980,2010-08-11 00:00:00,1
2010-08-12 00:00:00,2010-08-12 00:00:00,48.8,2010-08-12 00:00:00,48.2,48.3,27,18400,888310,2010-08-12 00:00:00,1
2010-08-13 00:00:00,2010-08-13 00:00:00,50,2010-08-13 00:00:00,49,49.3,17,7800,385350,2010-08-13 00:00:00,1
2010-08-16 00:00:00,2010-08-16 00:00:00,51.9,2010-08-16 00:00:00,50,50.1,48,49100,2470410,2010-08-16 00:00:00,1
2010-08-17 00:00:00,2010-08-17 00:00:00,52.9,2010-08-17 00:00:00,50,51,29,24700,1271210,2010-08-17 00:00:00,1
2010-08-18 00:00:00,2010-08-18 00:00:00,56.1,2010-08-18 00:00:00,51,54.8,419,618700,33384680,2010-08-18 00:00:00,1
2010-08-19 00:00:00,2010-08-19 00:00:00,58.5,2010-08-19 00:00:00,54,54.8,295,316600,17928820,2010-08-19 00:00:00,1
2010-08-20 00:00:00,2010-08-20 00:00:00,57.8,2010-08-20 00:00:00,54,54.3,63,37200,2069820,2010-08-20 00:00:00,1
2010-08-23 00:00:00,2010-08-23 00:00:00,59.7,2010-08-23 00:00:00,54.3,55.9,99,137800,7632090,2010-08-23 00:00:00,1
2010-08-25 00:00:00,2010-08-25 00:00:00,58,2010-08-25 00:00:00,54.5,54.6,78,66700,3661100,2010-08-25 00:00:00,1
2010-08-26 00:00:00,2010-08-26 00:00:00,54.1,2010-08-26 00:00:00,53,54,14,31000,1664150,2010-08-26 00:00:00,1
2010-08-27 00:00:00,2010-08-27 00:00:00,54,2010-08-27 00:00:00,52.1,52.4,43,42400,2232580,2010-08-27 00:00:00,1
2010-08-30 00:00:00,2010-08-30 00:00:00,53,2010-08-30 00:00:00,51.2,51.8,34,23200,1203330,2010-08-30 00:00:00,1
2010-08-31 00:00:00,2010-08-31 00:00:00,52,2010-08-31 00:00:00,50.4,51.8,27,11100,567090,2010-08-31 00:00:00,1
2010-09-01 00:00:00,2010-09-01 00:00:00,53.5,2010-09-01 00:00:00,52,52.4,35,58300,3053640,2010-09-01 00:00:00,1
2010-09-02 00:00:00,2010-09-02 00:00:00,57.2,2010-09-02 00:00:00,53.5,56.2,349,425400,23827940,2010-09-02 00:00:00,1
2010-09-03 00:00:00,2010-09-03 00:00:00,56.5,2010-09-03 00:00:00,54.1,54.6,64,44000,2414140,2010-09-03 00:00:00,1
2010-09-06 00:00:00,2010-09-06 00:00:00,55.5,2010-09-06 00:00:00,54,54,32,42200,2279730,2010-09-06 00:00:00,1
2010-09-07 00:00:00,2010-09-07 00:00:00,54.3,2010-09-07 00:00:00,54,54,30,19200,1037720,2010-09-07 00:00:00,1
2010-09-08 00:00:00,2010-09-08 00:00:00,54,2010-09-08 00:00:00,52.6,54,25,23600,1257210,2010-09-08 00:00:00,1
2010-09-09 00:00:00,2010-09-09 00:00:00,54,2010-09-09 00:00:00,53,53,29,41200,2210910,2010-09-09 00:00:00,1
2010-09-13 00:00:00,2010-09-13 00:00:00,54,2010-09-13 00:00:00,53,53.5,61,71000,3798760,2010-09-13 00:00:00,1
2010-09-14 00:00:00,2010-09-14 00:00:00,53.9,2010-09-14 00:00:00,51.5,52,17,26300,1362380,2010-09-14 00:00:00,1
2010-09-15 00:00:00,2010-09-15 00:00:00,52.6,2010-09-15 00:00:00,50.1,52,67,206100,10621070,2010-09-15 00:00:00,1
2010-09-16 00:00:00,2010-09-16 00:00:00,54.5,2010-09-16 00:00:00,53.4,54,76,148400,8002730,2010-09-16 00:00:00,1
2010-09-17 00:00:00,2010-09-17 00:00:00,57.8,2010-09-17 00:00:00,53,53.4,66,73400,3945620,2010-09-17 00:00:00,1
2010-09-20 00:00:00,2010-09-20 00:00:00,57,2010-09-20 00:00:00,52,53.2,68,125000,6847020,2010-09-20 00:00:00,1
2010-09-21 00:00:00,2010-09-21 00:00:00,54.9,2010-09-21 00:00:00,53.1,54,36,67900,3658680,2010-09-21 00:00:00,1
2010-09-23 00:00:00,2010-09-23 00:00:00,54,2010-09-23 00:00:00,52,52.5,31,28500,1513100,2010-09-23 00:00:00,1
2010-09-24 00:00:00,2010-09-24 00:00:00,53.6,2010-09-24 00:00:00,52,53,27,57900,3068390,2010-09-24 00:00:00,1
2010-09-27 00:00:00,2010-09-27 00:00:00,60,2010-09-27 00:00:00,52.3,53.9,41,60100,3353900,2010-09-27 00:00:00,1
2010-09-28 00:00:00,2010-09-28 00:00:00,56.6,2010-09-28 00:00:00,52.6,55.3,149,228400,12681360,2010-09-28 00:00:00,1
2010-09-29 00:00:00,2010-09-29 00:00:00,55,2010-09-29 00:00:00,53.9,55,48,48600,2661190,2010-09-29 00:00:00,1
2010-09-30 00:00:00,2010-09-30 00:00:00,55.5,2010-09-30 00:00:00,53.6,54,23,16300,885490,2010-09-30 00:00:00,1
2010-10-01 00:00:00,2010-10-01 00:00:00,54,2010-10-01 00:00:00,53.5,54,28,74900,4043360,2010-10-01 00:00:00,1
2010-10-04 00:00:00,2010-10-04 00:00:00,54,2010-10-04 00:00:00,53.5,53.5,41,94800,5079980,2010-10-04 00:00:00,1
2010-10-05 00:00:00,2010-10-05 00:00:00,54.5,2010-10-05 00:00:00,53,53.1,21,27200,1447490,2010-10-05 00:00:00,1
2010-10-06 00:00:00,2010-10-06 00:00:00,53,2010-10-06 00:00:00,52,52,37,49400,2594760,2010-10-06 00:00:00,1
2010-10-07 00:00:00,2010-10-07 00:00:00,53,2010-10-07 00:00:00,50.8,51,46,98500,5042390,2010-10-07 00:00:00,1
2010-10-08 00:00:00,2010-10-08 00:00:00,52,2010-10-08 00:00:00,51,51.7,11,6000,308950,2010-10-08 00:00:00,1
2010-10-11 00:00:00,2010-10-11 00:00:00,53,2010-10-11 00:00:00,51.5,51.5,12,6100,319980,2010-10-11 00:00:00,1
2010-10-12 00:00:00,2010-10-12 00:00:00,51,2010-10-12 00:00:00,48,48.7,51,39900,1966440,2010-10-12 00:00:00,1
2010-10-13 00:00:00,2010-10-13 00:00:00,50,2010-10-13 00:00:00,46.9,48.1,63,70500,3415560,2010-10-13 00:00:00,1
2010-10-14 00:00:00,2010-10-14 00:00:00,49,2010-10-14 00:00:00,47,47,36,119900,5672320,2010-10-14 00:00:00,1
2010-10-15 00:00:00,2010-10-15 00:00:00,48,2010-10-15 00:00:00,47.5,48,12,11700,559860,2010-10-15 00:00:00,1
2010-10-18 00:00:00,2010-10-18 00:00:00,48.1,2010-10-18 00:00:00,48,48,3,10200,489650,2010-10-18 00:00:00,1
2010-10-19 00:00:00,2010-10-19 00:00:00,49,2010-10-19 00:00:00,48.1,49,9,6300,308320,2010-10-19 00:00:00,1
2010-10-20 00:00:00,2010-10-20 00:00:00,49,2010-10-20 00:00:00,48.2,49,6,1400,68440,2010-10-20 00:00:00,1
2010-10-21 00:00:00,2010-10-21 00:00:00,48.9,2010-10-21 00:00:00,48,48.2,17,7100,341770,2010-10-21 00:00:00,1
2010-10-25 00:00:00,2010-10-25 00:00:00,48.9,2010-10-25 00:00:00,48,48.4,10,7300,350850,2010-10-25 00:00:00,1
2010-10-26 00:00:00,2010-10-26 00:00:00,47,2010-10-26 00:00:00,46.1,46.2,19,11600,538510,2010-10-26 00:00:00,1
2010-10-27 00:00:00,2010-10-27 00:00:00,47.5,2010-10-27 00:00:00,47,47.2,15,12600,592670,2010-10-27 00:00:00,1
2010-10-28 00:00:00,2010-10-28 00:00:00,47.2,2010-10-28 00:00:00,46,46.6,9,11100,512880,2010-10-28 00:00:00,1
2010-10-29 00:00:00,2010-10-29 00:00:00,48,2010-10-29 00:00:00,46.5,47.3,11,5200,246610,2010-10-29 00:00:00,1
2010-11-01 00:00:00,2010-11-01 00:00:00,48,2010-11-01 00:00:00,48,48,1,100,4800,2010-11-01 00:00:00,1
2010-11-02 00:00:00,2010-11-02 00:00:00,48.6,2010-11-02 00:00:00,48,48,14,7100,341380,2010-11-02 00:00:00,1
2010-11-03 00:00:00,2010-11-03 00:00:00,47,2010-11-03 00:00:00,46,46.5,17,6400,297590,2010-11-03 00:00:00,1
2010-11-04 00:00:00,2010-11-04 00:00:00,47,2010-11-04 00:00:00,46.3,47,8,6500,305010,2010-11-04 00:00:00,1
2010-11-08 00:00:00,2010-11-08 00:00:00,49,2010-11-08 00:00:00,46.5,47,67,41500,1972010,2010-11-08 00:00:00,1
2010-11-09 00:00:00,2010-11-09 00:00:00,47.9,2010-11-09 00:00:00,46.3,46.9,5,1500,70370,2010-11-09 00:00:00,1
2010-11-10 00:00:00,2010-11-10 00:00:00,47,2010-11-10 00:00:00,47,47,6,1500,70500,2010-11-10 00:00:00,1
2010-11-11 00:00:00,2010-11-11 00:00:00,48,2010-11-11 00:00:00,47,48,8,5800,277690,2010-11-11 00:00:00,1
2010-11-12 00:00:00,2010-11-12 00:00:00,47,2010-11-12 00:00:00,46.5,46.7,7,1200,55980,2010-11-12 00:00:00,1
2010-11-15 00:00:00,2010-11-15 00:00:00,46.6,2010-11-15 00:00:00,46.6,46.6,3,5100,237660,2010-11-15 00:00:00,1
2010-11-16 00:00:00,2010-11-16 00:00:00,46.5,2010-11-16 00:00:00,45.8,46.4,12,3100,143180,2010-11-16 00:00:00,1
2010-11-18 00:00:00,2010-11-18 00:00:00,47.5,2010-11-18 00:00:00,46,47.5,10,20600,959000,2010-11-18 00:00:00,1
2010-11-23 00:00:00,2010-11-23 00:00:00,47.5,2010-11-23 00:00:00,45,45.1,24,26500,1197450,2010-11-23 00:00:00,1
2010-11-24 00:00:00,2010-11-24 00:00:00,45,2010-11-24 00:00:00,45,45,3,400,18000,2010-11-24 00:00:00,1
2010-11-25 00:00:00,2010-11-25 00:00:00,45.1,2010-11-25 00:00:00,44.3,44.4,14,5200,232810,2010-11-25 00:00:00,1
2010-11-26 00:00:00,2010-11-26 00:00:00,45,2010-11-26 00:00:00,44.4,44.5,9,7300,325630,2010-11-26 00:00:00,1
2010-11-29 00:00:00,2010-11-29 00:00:00,44,2010-11-29 00:00:00,41.5,41.7,23,25400,1069180,2010-11-29 00:00:00,1
2010-11-30 00:00:00,2010-11-30 00:00:00,45.5,2010-11-30 00:00:00,44,45,13,14800,665670,2010-11-30 00:00:00,1
2010-12-01 00:00:00,2010-12-01 00:00:00,48,2010-12-01 00:00:00,47,47.5,8,29700,1408950,2010-12-01 00:00:00,1
2010-12-02 00:00:00,2010-12-02 00:00:00,48,2010-12-02 00:00:00,45,46.5,14,5900,277100,2010-12-02 00:00:00,1
2010-12-03 00:00:00,2010-12-03 00:00:00,46.5,2010-12-03 00:00:00,46.5,46.5,1,10000,465000,2010-12-03 00:00:00,1
2010-12-06 00:00:00,2010-12-06 00:00:00,44.1,2010-12-06 00:00:00,44.1,44.1,2,1000,44100,2010-12-06 00:00:00,1
2010-12-07 00:00:00,2010-12-07 00:00:00,45.9,2010-12-07 00:00:00,44.5,44.8,3,2200,99380,2010-12-07 00:00:00,1
2010-12-08 00:00:00,2010-12-08 00:00:00,45.9,2010-12-08 00:00:00,44,44,18,8100,357490,2010-12-08 00:00:00,1
2010-12-09 00:00:00,2010-12-09 00:00:00,45,2010-12-09 00:00:00,44,44.2,5,3000,133800,2010-12-09 00:00:00,1
2010-12-10 00:00:00,2010-12-10 00:00:00,44.5,2010-12-10 00:00:00,44.5,44.5,1,1000,44500,2010-12-10 00:00:00,1
2010-12-13 00:00:00,2010-12-13 00:00:00,44.6,2010-12-13 00:00:00,44,44,6,1500,66160,2010-12-13 00:00:00,1
2010-12-14 00:00:00,2010-12-14 00:00:00,46.5,2010-12-14 00:00:00,44.4,44.4,21,11700,530160,2010-12-14 00:00:00,1
2010-12-15 00:00:00,2010-12-15 00:00:00,44.5,2010-12-15 00:00:00,44,44,6,11000,486500,2010-12-15 00:00:00,1
2010-12-16 00:00:00,2010-12-16 00:00:00,44,2010-12-16 00:00:00,44,44,6,10400,457600,2010-12-16 00:00:00,1
2010-12-17 00:00:00,2010-12-17 00:00:00,43.1,2010-12-17 00:00:00,41.2,42.2,43,108600,4554670,2010-12-17 00:00:00,1
2010-12-21 00:00:00,2010-12-21 00:00:00,43.2,2010-12-21 00:00:00,42.2,43,12,6100,262440,2010-12-21 00:00:00,1
2010-12-22 00:00:00,2010-12-22 00:00:00,45,2010-12-22 00:00:00,43,45,14,6400,280600,2010-12-22 00:00:00,1
2010-12-23 00:00:00,2010-12-23 00:00:00,46,2010-12-23 00:00:00,44,45,23,19300,869960,2010-12-23 00:00:00,1
2010-12-24 00:00:00,2010-12-24 00:00:00,45.5,2010-12-24 00:00:00,45.5,45.5,6,1700,77350,2010-12-24 00:00:00,1
2010-12-27 00:00:00,2010-12-27 00:00:00,47,2010-12-27 00:00:00,46,46.9,5,16600,778670,2010-12-27 00:00:00,1
2010-12-28 00:00:00,2010-12-28 00:00:00,47,2010-12-28 00:00:00,46,46.1,16,9200,426770,2010-12-28 00:00:00,1
2010-12-29 00:00:00,2010-12-29 00:00:00,46.5,2010-12-29 00:00:00,46,46.2,6,2400,110860,2010-12-29 00:00:00,1
2010-12-30 00:00:00,2010-12-30 00:00:00,46,2010-12-30 00:00:00,45,45,16,15200,689700,2010-12-30 00:00:00,1
2010-12-31 00:00:00,2010-12-31 00:00:00,47.5,2010-12-31 00:00:00,45.7,45.9,27,42300,1971840,2010-12-31 00:00:00,1
Company Id,:  SWAD,Security,Type :  N,Sub Type,:  0000,,,,,
Short Name,:  SWADESHI,,,,,,,,,
Day,Date High,High,Date Low,Low,Closing,No. of Trades,No. of Shares,Turnover,Last Traded,Days Traded
2010-04-20 00:00:00,2010-04-20 00:00:00,3800,2010-04-20 00:00:00,3800,3800,2,200,760000,2010-04-20 00:00:00,1
Company Id,:  TAFL,Security,Type :  N,Sub Type,:  0000,,,,,
Short Name,:  THREE ACRE FARMS,,,,,,,,,
Day,Date High,High,Date Low,Low,Closing,No. of Trades,No. of Shares,Turnover,Last Traded,Days Traded
2010-01-04 00:00:00,2010-01-04 00:00:00,9,2010-01-04 00:00:00,8.75,9,5,18000,161925,2010-01-04 00:00:00,1
2010-01-05 00:00:00,2010-01-05 00:00:00,9,2010-01-05 00:00:00,8.75,8.75,10,20200,177175,2010-01-05 00:00:00,1
2010-01-06 00:00:00,2010-01-06 00:00:00,8.75,2010-01-06 00:00:00,8.75,8.75,3,7000,61250,2010-01-06 00:00:00,1
2010-01-08 00:00:00,2010-01-08 00:00:00,8.75,2010-01-08 00:00:00,8.75,8.75,9,21300,186375,2010-01-08 00:00:00,1
2010-01-11 00:00:00,2010-01-11 00:00:00,8.75,2010-01-11 00:00:00,8.5,8.75,16,46800,409425,2010-01-11 00:00:00,1
2010-01-12 00:00:00,2010-01-12 00:00:00,8.5,2010-01-12 00:00:00,8.5,8.5,9,60800,516800,2010-01-12 00:00:00,1
2010-01-13 00:00:00,2010-01-13 00:00:00,8.75,2010-01-13 00:00:00,8.5,8.5,20,32300,281100,2010-01-13 00:00:00,1
2010-01-15 00:00:00,2010-01-15 00:00:00,9.75,2010-01-15 00:00:00,9,9,126,329800,3061075,2010-01-15 00:00:00,1
2010-01-18 00:00:00,2010-01-18 00:00:00,9.25,2010-01-18 00:00:00,8.5,8.5,26,58300,505300,2010-01-18 00:00:00,1
2010-01-19 00:00:00,2010-01-19 00:00:00,8.25,2010-01-19 00:00:00,8.25,8.25,4,5000,41250,2010-01-19 00:00:00,1
2010-01-20 00:00:00,2010-01-20 00:00:00,8.25,2010-01-20 00:00:00,8.25,8.25,8,13900,114675,2010-01-20 00:00:00,1
2010-01-21 00:00:00,2010-01-21 00:00:00,8.5,2010-01-21 00:00:00,8.5,8.5,4,6000,51000,2010-01-21 00:00:00,1
2010-01-22 00:00:00,2010-01-22 00:00:00,8.5,2010-01-22 00:00:00,8.5,8.5,6,10000,85000,2010-01-22 00:00:00,1
2010-01-25 00:00:00,2010-01-25 00:00:00,8.5,2010-01-25 00:00:00,8.25,8.5,12,5800,48675,2010-01-25 00:00:00,1
2010-01-26 00:00:00,2010-01-26 00:00:00,8.5,2010-01-26 00:00:00,8.5,8.5,1,2000,17000,2010-01-26 00:00:00,1
2010-01-28 00:00:00,2010-01-28 00:00:00,9,2010-01-28 00:00:00,8.75,8.75,8,13200,115800,2010-01-28 00:00:00,1
2010-02-01 00:00:00,2010-02-01 00:00:00,9.25,2010-02-01 00:00:00,9,9.25,14,15900,145500,2010-02-01 00:00:00,1
2010-02-02 00:00:00,2010-02-02 00:00:00,9,2010-02-02 00:00:00,8.75,8.75,13,23500,209325,2010-02-02 00:00:00,1
2010-02-05 00:00:00,2010-02-05 00:00:00,8.75,2010-02-05 00:00:00,8.5,8.5,23,20500,175975,2010-02-05 00:00:00,1
2010-02-08 00:00:00,2010-02-08 00:00:00,8.75,2010-02-08 00:00:00,8.5,8.5,7,16300,138575,2010-02-08 00:00:00,1
2010-02-09 00:00:00,2010-02-09 00:00:00,8.75,2010-02-09 00:00:00,8.5,8.5,15,44300,378475,2010-02-09 00:00:00,1
2010-02-10 00:00:00,2010-02-10 00:00:00,9.5,2010-02-10 00:00:00,8.75,9.25,66,270900,2468850,2010-02-10 00:00:00,1
2010-02-11 00:00:00,2010-02-11 00:00:00,11,2010-02-11 00:00:00,9.5,10.5,341,1025100,10510900,2010-02-11 00:00:00,1
2010-02-12 00:00:00,2010-02-12 00:00:00,10.5,2010-02-12 00:00:00,9.5,9.5,24,44500,438000,2010-02-12 00:00:00,1
2010-02-15 00:00:00,2010-02-15 00:00:00,10,2010-02-15 00:00:00,9.75,9.75,15,14400,141025,2010-02-15 00:00:00,1
2010-02-16 00:00:00,2010-02-16 00:00:00,9.75,2010-02-16 00:00:00,9.5,9.75,5,2200,21200,2010-02-16 00:00:00,1
2010-02-17 00:00:00,2010-02-17 00:00:00,10,2010-02-17 00:00:00,9.5,9.75,23,29400,290675,2010-02-17 00:00:00,1
2010-02-18 00:00:00,2010-02-18 00:00:00,9.75,2010-02-18 00:00:00,9.5,9.5,7,7500,72125,2010-02-18 00:00:00,1
2010-02-19 00:00:00,2010-02-19 00:00:00,9.25,2010-02-19 00:00:00,9.25,9.25,1,700,6475,2010-02-19 00:00:00,1
2010-02-22 00:00:00,2010-02-22 00:00:00,10.25,2010-02-22 00:00:00,9.75,9.75,19,36000,356725,2010-02-22 00:00:00,1
2010-02-23 00:00:00,2010-02-23 00:00:00,11,2010-02-23 00:00:00,9.75,10.5,159,697300,7387100,2010-02-23 00:00:00,1
2010-02-24 00:00:00,2010-02-24 00:00:00,11,2010-02-24 00:00:00,10.25,10.5,79,237600,2540225,2010-02-24 00:00:00,1
2010-02-25 00:00:00,2010-02-25 00:00:00,10.25,2010-02-25 00:00:00,10,10,6,16300,164325,2010-02-25 00:00:00,1
2010-02-26 00:00:00,2010-02-26 00:00:00,10.25,2010-02-26 00:00:00,10.25,10.25,3,10000,102500,2010-02-26 00:00:00,1
2010-03-01 00:00:00,2010-03-01 00:00:00,10.25,2010-03-01 00:00:00,10.25,10.25,6,700,7175,2010-03-01 00:00:00,1
2010-03-02 00:00:00,2010-03-02 00:00:00,10,2010-03-02 00:00:00,9.75,9.75,15,24500,241750,2010-03-02 00:00:00,1
2010-03-03 00:00:00,2010-03-03 00:00:00,10.5,2010-03-03 00:00:00,10,10.25,38,103900,1064475,2010-03-03 00:00:00,1
2010-03-04 00:00:00,2010-03-04 00:00:00,10.75,2010-03-04 00:00:00,10.25,10.5,57,65400,688525,2010-03-04 00:00:00,1
2010-03-05 00:00:00,2010-03-05 00:00:00,10.75,2010-03-05 00:00:00,10.25,10.75,25,155100,1663325,2010-03-05 00:00:00,1
2010-03-08 00:00:00,2010-03-08 00:00:00,10.75,2010-03-08 00:00:00,10.5,10.5,9,4400,46225,2010-03-08 00:00:00,1
2010-03-09 00:00:00,2010-03-09 00:00:00,10.5,2010-03-09 00:00:00,10.25,10.25,8,56400,578375,2010-03-09 00:00:00,1
2010-03-10 00:00:00,2010-03-10 00:00:00,10.75,2010-03-10 00:00:00,10.25,10.25,8,7800,80050,2010-03-10 00:00:00,1
2010-03-11 00:00:00,2010-03-11 00:00:00,10.75,2010-03-11 00:00:00,10.25,10.25,14,24900,260550,2010-03-11 00:00:00,1
2010-03-12 00:00:00,2010-03-12 00:00:00,10.75,2010-03-12 00:00:00,10.5,10.5,36,85300,896950,2010-03-12 00:00:00,1
2010-03-15 00:00:00,2010-03-15 00:00:00,11,2010-03-15 00:00:00,10.5,10.5,34,61200,657125,2010-03-15 00:00:00,1
2010-03-16 00:00:00,2010-03-16 00:00:00,11,2010-03-16 00:00:00,10.5,10.5,14,25600,271525,2010-03-16 00:00:00,1
2010-03-17 00:00:00,2010-03-17 00:00:00,10.5,2010-03-17 00:00:00,10.25,10.5,10,11900,122450,2010-03-17 00:00:00,1
2010-03-18 00:00:00,2010-03-18 00:00:00,10.75,2010-03-18 00:00:00,10.25,10.25,20,50400,517175,2010-03-18 00:00:00,1
2010-03-19 00:00:00,2010-03-19 00:00:00,10.75,2010-03-19 00:00:00,10,10.5,7,3500,36150,2010-03-19 00:00:00,1
2010-03-22 00:00:00,2010-03-22 00:00:00,10.75,2010-03-22 00:00:00,10,10,7,10200,104175,2010-03-22 00:00:00,1
2010-03-23 00:00:00,2010-03-23 00:00:00,10.25,2010-03-23 00:00:00,10,10.25,4,11700,119675,2010-03-23 00:00:00,1
2010-03-24 00:00:00,2010-03-24 00:00:00,10.25,2010-03-24 00:00:00,10,10,13,59300,593225,2010-03-24 00:00:00,1
2010-03-25 00:00:00,2010-03-25 00:00:00,10.5,2010-03-25 00:00:00,9.75,10.25,17,58600,576025,2010-03-25 00:00:00,1
2010-03-26 00:00:00,2010-03-26 00:00:00,10.5,2010-03-26 00:00:00,10,10.5,35,8600,89150,2010-03-26 00:00:00,1
2010-03-30 00:00:00,2010-03-30 00:00:00,10.5,2010-03-30 00:00:00,10,10,11,6000,60500,2010-03-30 00:00:00,1
2010-03-31 00:00:00,2010-03-31 00:00:00,10,2010-03-31 00:00:00,10,10,3,1600,16000,2010-03-31 00:00:00,1
2010-04-01 00:00:00,2010-04-01 00:00:00,10.75,2010-04-01 00:00:00,10,10.25,21,6100,63250,2010-04-01 00:00:00,1
2010-04-05 00:00:00,2010-04-05 00:00:00,10.25,2010-04-05 00:00:00,10,10.25,9,6400,65575,2010-04-05 00:00:00,1
2010-04-06 00:00:00,2010-04-06 00:00:00,10.75,2010-04-06 00:00:00,10.25,10.5,21,22900,239850,2010-04-06 00:00:00,1
2010-04-07 00:00:00,2010-04-07 00:00:00,10.75,2010-04-07 00:00:00,10.5,10.75,22,66000,702150,2010-04-07 00:00:00,1
2010-04-08 00:00:00,2010-04-08 00:00:00,10.75,2010-04-08 00:00:00,10.5,10.5,5,1300,13725,2010-04-08 00:00:00,1
2010-04-12 00:00:00,2010-04-12 00:00:00,11,2010-04-12 00:00:00,10.5,10.75,16,27200,292400,2010-04-12 00:00:00,1
2010-04-15 00:00:00,2010-04-15 00:00:00,10.5,2010-04-15 00:00:00,10.25,10.5,12,5600,58100,2010-04-15 00:00:00,1
2010-04-16 00:00:00,2010-04-16 00:00:00,10.75,2010-04-16 00:00:00,10.25,10.75,15,27300,280425,2010-04-16 00:00:00,1
2010-04-19 00:00:00,2010-04-19 00:00:00,10.5,2010-04-19 00:00:00,10.25,10.25,17,18800,194650,2010-04-19 00:00:00,1
2010-04-20 00:00:00,2010-04-20 00:00:00,11.5,2010-04-20 00:00:00,10.75,10.75,181,852100,9423400,2010-04-20 00:00:00,1
2010-04-21 00:00:00,2010-04-21 00:00:00,11.25,2010-04-21 00:00:00,10.75,10.75,22,49200,534025,2010-04-21 00:00:00,1
2010-04-22 00:00:00,2010-04-22 00:00:00,11,2010-04-22 00:00:00,10.75,11,5,6600,72450,2010-04-22 00:00:00,1
2010-04-23 00:00:00,2010-04-23 00:00:00,11.75,2010-04-23 00:00:00,10.5,11.5,108,211300,2400200,2010-04-23 00:00:00,1
2010-04-26 00:00:00,2010-04-26 00:00:00,11.75,2010-04-26 00:00:00,11,11.5,74,39000,447300,2010-04-26 00:00:00,1
2010-04-27 00:00:00,2010-04-27 00:00:00,11.5,2010-04-27 00:00:00,10.75,11,22,21800,241000,2010-04-27 00:00:00,1
2010-04-29 00:00:00,2010-04-29 00:00:00,12.25,2010-04-29 00:00:00,11.5,12,148,386600,4627025,2010-04-29 00:00:00,1
2010-04-30 00:00:00,2010-04-30 00:00:00,12.25,2010-04-30 00:00:00,11.5,12,54,111900,1344475,2010-04-30 00:00:00,1
2010-05-03 00:00:00,2010-05-03 00:00:00,11.75,2010-05-03 00:00:00,11,11,42,87600,998575,2010-05-03 00:00:00,1
2010-05-04 00:00:00,2010-05-04 00:00:00,11.25,2010-05-04 00:00:00,11.25,11.25,3,1900,21375,2010-05-04 00:00:00,1
2010-05-05 00:00:00,2010-05-05 00:00:00,11.5,2010-05-05 00:00:00,11,11.25,56,137500,1559525,2010-05-05 00:00:00,1
2010-05-07 00:00:00,2010-05-07 00:00:00,12,2010-05-07 00:00:00,11.5,11.5,26,15300,178125,2010-05-07 00:00:00,1
2010-05-10 00:00:00,2010-05-10 00:00:00,11.5,2010-05-10 00:00:00,11.5,11.5,7,4600,52900,2010-05-10 00:00:00,1
2010-05-11 00:00:00,2010-05-11 00:00:00,11.25,2010-05-11 00:00:00,11,11,4,6000,66825,2010-05-11 00:00:00,1
2010-05-12 00:00:00,2010-05-12 00:00:00,11.5,2010-05-12 00:00:00,11,11,17,23600,260100,2010-05-12 00:00:00,1
2010-05-13 00:00:00,2010-05-13 00:00:00,11.5,2010-05-13 00:00:00,11,11,12,12300,135600,2010-05-13 00:00:00,1
2010-05-14 00:00:00,2010-05-14 00:00:00,13.25,2010-05-14 00:00:00,11.5,12.5,414,1235000,15467675,2010-05-14 00:00:00,1
2010-05-17 00:00:00,2010-05-17 00:00:00,14.25,2010-05-17 00:00:00,12.75,14,462,1312000,17962500,2010-05-17 00:00:00,1
2010-05-18 00:00:00,2010-05-18 00:00:00,15.75,2010-05-18 00:00:00,14.25,15.25,396,909600,13795650,2010-05-18 00:00:00,1
2010-05-19 00:00:00,2010-05-19 00:00:00,16,2010-05-19 00:00:00,14.25,14.25,129,226700,3372825,2010-05-19 00:00:00,1
2010-05-20 00:00:00,2010-05-20 00:00:00,15.5,2010-05-20 00:00:00,14,14,31,83500,1177850,2010-05-20 00:00:00,1
2010-05-21 00:00:00,2010-05-21 00:00:00,13.75,2010-05-21 00:00:00,13.5,13.75,25,35200,482450,2010-05-21 00:00:00,1
2010-05-24 00:00:00,2010-05-24 00:00:00,13.5,2010-05-24 00:00:00,13.25,13.25,17,50200,669225,2010-05-24 00:00:00,1
2010-05-25 00:00:00,2010-05-25 00:00:00,13.75,2010-05-25 00:00:00,13,13.25,26,54900,722950,2010-05-25 00:00:00,1
2010-05-26 00:00:00,2010-05-26 00:00:00,13.75,2010-05-26 00:00:00,13.25,13.5,18,59500,812325,2010-05-26 00:00:00,1
2010-05-31 00:00:00,2010-05-31 00:00:00,13.75,2010-05-31 00:00:00,12.75,13.25,27,60200,799775,2010-05-31 00:00:00,1
2010-06-01 00:00:00,2010-06-01 00:00:00,13.25,2010-06-01 00:00:00,13,13,12,24100,313550,2010-06-01 00:00:00,1
2010-06-02 00:00:00,2010-06-02 00:00:00,14.5,2010-06-02 00:00:00,13.25,13.5,132,187000,2599925,2010-06-02 00:00:00,1
2010-06-03 00:00:00,2010-06-03 00:00:00,15.5,2010-06-03 00:00:00,14,15,161,382100,5702025,2010-06-03 00:00:00,1
2010-06-04 00:00:00,2010-06-04 00:00:00,15.75,2010-06-04 00:00:00,14.5,14.75,157,352800,5387625,2010-06-04 00:00:00,1
2010-06-07 00:00:00,2010-06-07 00:00:00,15.5,2010-06-07 00:00:00,14.75,15.25,94,270100,4086825,2010-06-07 00:00:00,1
2010-06-08 00:00:00,2010-06-08 00:00:00,15.5,2010-06-08 00:00:00,14.5,14.75,34,38000,565750,2010-06-08 00:00:00,1
2010-06-09 00:00:00,2010-06-09 00:00:00,15,2010-06-09 00:00:00,14.5,14.75,20,30900,454500,2010-06-09 00:00:00,1
2010-06-10 00:00:00,2010-06-10 00:00:00,15.25,2010-06-10 00:00:00,14,14.5,108,311700,4563725,2010-06-10 00:00:00,1
2010-06-11 00:00:00,2010-06-11 00:00:00,15.5,2010-06-11 00:00:00,14.5,14.75,143,627500,9541075,2010-06-11 00:00:00,1
2010-06-14 00:00:00,2010-06-14 00:00:00,15.5,2010-06-14 00:00:00,15,15,47,60400,918025,2010-06-14 00:00:00,1
2010-06-15 00:00:00,2010-06-15 00:00:00,15.5,2010-06-15 00:00:00,14.75,15.25,45,118600,1795550,2010-06-15 00:00:00,1
2010-06-16 00:00:00,2010-06-16 00:00:00,16.5,2010-06-16 00:00:00,15.5,16.5,454,1542300,24840750,2010-06-16 00:00:00,1
2010-06-17 00:00:00,2010-06-17 00:00:00,17.5,2010-06-17 00:00:00,16.5,17.25,409,1118500,19011350,2010-06-17 00:00:00,1
2010-06-21 00:00:00,2010-06-21 00:00:00,18.25,2010-06-21 00:00:00,17.25,17.25,215,536300,9577350,2010-06-21 00:00:00,1
2010-06-22 00:00:00,2010-06-22 00:00:00,17.5,2010-06-22 00:00:00,16,16.25,70,109300,1812650,2010-06-22 00:00:00,1
2010-06-23 00:00:00,2010-06-23 00:00:00,16.25,2010-06-23 00:00:00,15.75,16,36,47100,754375,2010-06-23 00:00:00,1
2010-06-24 00:00:00,2010-06-24 00:00:00,16.25,2010-06-24 00:00:00,15.5,16,16,26600,423950,2010-06-24 00:00:00,1
2010-06-28 00:00:00,2010-06-28 00:00:00,16,2010-06-28 00:00:00,15.5,15.5,21,38100,603950,2010-06-28 00:00:00,1
2010-06-29 00:00:00,2010-06-29 00:00:00,16,2010-06-29 00:00:00,14.75,15.5,32,33800,513425,2010-06-29 00:00:00,1
2010-06-30 00:00:00,2010-06-30 00:00:00,15.75,2010-06-30 00:00:00,15,15,53,71400,1075225,2010-06-30 00:00:00,1
2010-07-01 00:00:00,2010-07-01 00:00:00,15.25,2010-07-01 00:00:00,14.5,14.5,47,67600,1000975,2010-07-01 00:00:00,1
2010-07-02 00:00:00,2010-07-02 00:00:00,15,2010-07-02 00:00:00,14.5,14.5,18,53800,787625,2010-07-02 00:00:00,1
2010-07-05 00:00:00,2010-07-05 00:00:00,14.5,2010-07-05 00:00:00,14,14.25,49,81500,1157300,2010-07-05 00:00:00,1
2010-07-06 00:00:00,2010-07-06 00:00:00,15,2010-07-06 00:00:00,14,14.5,23,46700,685725,2010-07-06 00:00:00,1
2010-07-07 00:00:00,2010-07-07 00:00:00,14.5,2010-07-07 00:00:00,14,14.25,16,30500,434175,2010-07-07 00:00:00,1
2010-07-08 00:00:00,2010-07-08 00:00:00,15,2010-07-08 00:00:00,14.75,14.75,14,12800,191625,2010-07-08 00:00:00,1
2010-07-09 00:00:00,2010-07-09 00:00:00,14.5,2010-07-09 00:00:00,14.25,14.5,5,1700,24350,2010-07-09 00:00:00,1
2010-07-12 00:00:00,2010-07-12 00:00:00,15,2010-07-12 00:00:00,14,14.75,4,7100,104475,2010-07-12 00:00:00,1
2010-07-13 00:00:00,2010-07-13 00:00:00,15.25,2010-07-13 00:00:00,14.5,15,12,32100,486400,2010-07-13 00:00:00,1
2010-07-14 00:00:00,2010-07-14 00:00:00,15,2010-07-14 00:00:00,14.75,14.75,20,70600,1046350,2010-07-14 00:00:00,1
2010-07-15 00:00:00,2010-07-15 00:00:00,15.25,2010-07-15 00:00:00,14.5,14.75,14,33700,500450,2010-07-15 00:00:00,1
2010-07-16 00:00:00,2010-07-16 00:00:00,15,2010-07-16 00:00:00,14.75,14.75,11,22700,335325,2010-07-16 00:00:00,1
2010-07-19 00:00:00,2010-07-19 00:00:00,15,2010-07-19 00:00:00,14.5,15,12,29800,444450,2010-07-19 00:00:00,1
2010-07-20 00:00:00,2010-07-20 00:00:00,15.25,2010-07-20 00:00:00,14.75,15.25,18,14700,220825,2010-07-20 00:00:00,1
2010-07-21 00:00:00,2010-07-21 00:00:00,15.5,2010-07-21 00:00:00,14.5,15,33,73600,1098475,2010-07-21 00:00:00,1
2010-07-22 00:00:00,2010-07-22 00:00:00,15,2010-07-22 00:00:00,15,15,3,5000,75000,2010-07-22 00:00:00,1
2010-07-23 00:00:00,2010-07-23 00:00:00,15,2010-07-23 00:00:00,14.75,14.75,17,26800,395475,2010-07-23 00:00:00,1
2010-07-26 00:00:00,2010-07-26 00:00:00,14.75,2010-07-26 00:00:00,14.75,14.75,1,500,7375,2010-07-26 00:00:00,1
2010-07-27 00:00:00,2010-07-27 00:00:00,15,2010-07-27 00:00:00,14.75,14.75,5,3200,47350,2010-07-27 00:00:00,1
2010-07-28 00:00:00,2010-07-28 00:00:00,15.25,2010-07-28 00:00:00,15,15,8,7700,115525,2010-07-28 00:00:00,1
2010-07-29 00:00:00,2010-07-29 00:00:00,15,2010-07-29 00:00:00,14.5,14.75,17,32300,475875,2010-07-29 00:00:00,1
2010-08-02 00:00:00,2010-08-02 00:00:00,14.5,2010-08-02 00:00:00,14.1,14.1,30,64900,921140,2010-08-02 00:00:00,1
2010-08-03 00:00:00,2010-08-03 00:00:00,14.2,2010-08-03 00:00:00,14.1,14.2,20,64000,907300,2010-08-03 00:00:00,1
2010-08-04 00:00:00,2010-08-04 00:00:00,15.5,2010-08-04 00:00:00,14.9,15,16,18500,277550,2010-08-04 00:00:00,1
2010-08-05 00:00:00,2010-08-05 00:00:00,15.5,2010-08-05 00:00:00,14.2,14.5,21,25900,385040,2010-08-05 00:00:00,1
2010-08-06 00:00:00,2010-08-06 00:00:00,14.3,2010-08-06 00:00:00,13.3,13.7,9,6000,83850,2010-08-06 00:00:00,1
2010-08-09 00:00:00,2010-08-09 00:00:00,13,2010-08-09 00:00:00,12.4,12.4,37,68700,860590,2010-08-09 00:00:00,1
2010-08-10 00:00:00,2010-08-10 00:00:00,13.5,2010-08-10 00:00:00,12.5,13.2,18,20300,267520,2010-08-10 00:00:00,1
2010-08-11 00:00:00,2010-08-11 00:00:00,14.5,2010-08-11 00:00:00,14.2,14.5,36,82300,1187300,2010-08-11 00:00:00,1
2010-08-12 00:00:00,2010-08-12 00:00:00,15.9,2010-08-12 00:00:00,15.2,15.9,235,542400,8608930,2010-08-12 00:00:00,1
2010-08-13 00:00:00,2010-08-13 00:00:00,17.4,2010-08-13 00:00:00,15.5,15.8,149,232500,3747310,2010-08-13 00:00:00,1
2010-08-16 00:00:00,2010-08-16 00:00:00,17.3,2010-08-16 00:00:00,16.5,17.3,285,764700,13161050,2010-08-16 00:00:00,1
2010-08-17 00:00:00,2010-08-17 00:00:00,19,2010-08-17 00:00:00,18,19,182,577000,10907260,2010-08-17 00:00:00,1
2010-08-18 00:00:00,2010-08-18 00:00:00,20.9,2010-08-18 00:00:00,20.5,20.9,225,679500,14171430,2010-08-18 00:00:00,1
2010-08-19 00:00:00,2010-08-19 00:00:00,22.9,2010-08-19 00:00:00,22.9,22.9,61,83500,1912150,2010-08-19 00:00:00,1
2010-08-20 00:00:00,2010-08-20 00:00:00,25.1,2010-08-20 00:00:00,23.3,25.1,461,1186500,29457180,2010-08-20 00:00:00,1
2010-08-23 00:00:00,2010-08-23 00:00:00,27.6,2010-08-23 00:00:00,27.4,27.6,147,440600,12155910,2010-08-23 00:00:00,1
2010-08-25 00:00:00,2010-08-25 00:00:00,30.3,2010-08-25 00:00:00,30.3,30.3,44,62100,1881630,2010-08-25 00:00:00,1
2010-08-26 00:00:00,2010-08-26 00:00:00,33.3,2010-08-26 00:00:00,30.2,33.3,605,1478800,48505120,2010-08-26 00:00:00,1
2010-08-27 00:00:00,2010-08-27 00:00:00,36.6,2010-08-27 00:00:00,33.3,33.6,394,509700,17490820,2010-08-27 00:00:00,1
2010-08-30 00:00:00,2010-08-30 00:00:00,36.5,2010-08-30 00:00:00,30.3,30.3,104,83500,2580580,2010-08-30 00:00:00,1
2010-08-31 00:00:00,2010-08-31 00:00:00,31.5,2010-08-31 00:00:00,27.3,30.8,192,275100,7871810,2010-08-31 00:00:00,1
2010-09-01 00:00:00,2010-09-01 00:00:00,30,2010-09-01 00:00:00,28.6,29.5,44,53900,1597130,2010-09-01 00:00:00,1
2010-09-02 00:00:00,2010-09-02 00:00:00,31.5,2010-09-02 00:00:00,28.9,30.8,62,59300,1801420,2010-09-02 00:00:00,1
2010-09-03 00:00:00,2010-09-03 00:00:00,33.8,2010-09-03 00:00:00,31.1,33.8,192,373400,12326190,2010-09-03 00:00:00,1
2010-09-06 00:00:00,2010-09-06 00:00:00,37.1,2010-09-06 00:00:00,33,37.1,377,580800,20945060,2010-09-06 00:00:00,1
2010-09-07 00:00:00,2010-09-07 00:00:00,40.8,2010-09-07 00:00:00,36.8,40.4,659,913200,35901660,2010-09-07 00:00:00,1
2010-09-08 00:00:00,2010-09-08 00:00:00,44.4,2010-09-08 00:00:00,41.1,44.4,259,432100,18995090,2010-09-08 00:00:00,1
2010-09-09 00:00:00,2010-09-09 00:00:00,48.8,2010-09-09 00:00:00,44.3,46.1,507,680500,32246890,2010-09-09 00:00:00,1
2010-09-13 00:00:00,2010-09-13 00:00:00,47,2010-09-13 00:00:00,41.5,42.1,251,300000,12856070,2010-09-13 00:00:00,1
2010-09-14 00:00:00,2010-09-14 00:00:00,42.9,2010-09-14 00:00:00,39.5,41.6,225,230000,9485450,2010-09-14 00:00:00,1
2010-09-15 00:00:00,2010-09-15 00:00:00,45.2,2010-09-15 00:00:00,39.1,44,198,227800,9681140,2010-09-15 00:00:00,1
2010-09-16 00:00:00,2010-09-16 00:00:00,46.5,2010-09-16 00:00:00,41.5,42.3,42,33400,1431660,2010-09-16 00:00:00,1
2010-09-17 00:00:00,2010-09-17 00:00:00,45.7,2010-09-17 00:00:00,42.5,43.3,156,212800,9407050,2010-09-17 00:00:00,1
2010-09-20 00:00:00,2010-09-20 00:00:00,43,2010-09-20 00:00:00,40,40.3,52,85200,3457930,2010-09-20 00:00:00,1
2010-09-21 00:00:00,2010-09-21 00:00:00,42,2010-09-21 00:00:00,37.8,38.1,108,120600,4729310,2010-09-21 00:00:00,1
2010-09-23 00:00:00,2010-09-23 00:00:00,40,2010-09-23 00:00:00,37.8,37.9,53,35400,1350090,2010-09-23 00:00:00,1
2010-09-24 00:00:00,2010-09-24 00:00:00,39.9,2010-09-24 00:00:00,35,35.9,46,45400,1639520,2010-09-24 00:00:00,1
2010-09-27 00:00:00,2010-09-27 00:00:00,41.6,2010-09-27 00:00:00,37.9,39.5,138,135400,5433880,2010-09-27 00:00:00,1
2010-09-28 00:00:00,2010-09-28 00:00:00,43.5,2010-09-28 00:00:00,39.1,40.9,200,234200,9813090,2010-09-28 00:00:00,1
2010-09-29 00:00:00,2010-09-29 00:00:00,46.3,2010-09-29 00:00:00,43,44.3,298,347500,15476100,2010-09-29 00:00:00,1
2010-09-30 00:00:00,2010-09-30 00:00:00,46,2010-09-30 00:00:00,42,42.2,72,120300,5245330,2010-09-30 00:00:00,1
2010-10-01 00:00:00,2010-10-01 00:00:00,48,2010-10-01 00:00:00,43.1,45,224,288000,13214260,2010-10-01 00:00:00,1
2010-10-04 00:00:00,2010-10-04 00:00:00,47,2010-10-04 00:00:00,44,44.9,89,97500,4427950,2010-10-04 00:00:00,1
2010-10-05 00:00:00,2010-10-05 00:00:00,47.5,2010-10-05 00:00:00,44,44.2,232,284400,12984340,2010-10-05 00:00:00,1
2010-10-06 00:00:00,2010-10-06 00:00:00,44.2,2010-10-06 00:00:00,40.4,41.4,56,32600,1369530,2010-10-06 00:00:00,1
2010-10-07 00:00:00,2010-10-07 00:00:00,44,2010-10-07 00:00:00,38.2,40.6,143,112200,4625780,2010-10-07 00:00:00,1
2010-10-08 00:00:00,2010-10-08 00:00:00,43,2010-10-08 00:00:00,39,41.3,112,86100,3505620,2010-10-08 00:00:00,1
2010-10-11 00:00:00,2010-10-11 00:00:00,43.6,2010-10-11 00:00:00,40.7,41.5,39,36800,1565680,2010-10-11 00:00:00,1
2010-10-12 00:00:00,2010-10-12 00:00:00,40,2010-10-12 00:00:00,39,39.1,36,19000,747150,2010-10-12 00:00:00,1
2010-10-13 00:00:00,2010-10-13 00:00:00,40,2010-10-13 00:00:00,36,39.1,102,160200,6128810,2010-10-13 00:00:00,1
2010-10-14 00:00:00,2010-10-14 00:00:00,41.9,2010-10-14 00:00:00,38,38.1,42,74800,2935060,2010-10-14 00:00:00,1
2010-10-15 00:00:00,2010-10-15 00:00:00,40.4,2010-10-15 00:00:00,37.2,39.6,19,14800,572090,2010-10-15 00:00:00,1
2010-10-18 00:00:00,2010-10-18 00:00:00,40,2010-10-18 00:00:00,37.6,38,5,6900,263040,2010-10-18 00:00:00,1
2010-10-19 00:00:00,2010-10-19 00:00:00,42.5,2010-10-19 00:00:00,38.2,42.1,82,123800,5039080,2010-10-19 00:00:00,1
2010-10-20 00:00:00,2010-10-20 00:00:00,44.6,2010-10-20 00:00:00,42.2,43,150,209800,9100820,2010-10-20 00:00:00,1
2010-10-21 00:00:00,2010-10-21 00:00:00,44.6,2010-10-21 00:00:00,43,43.5,149,223400,9762630,2010-10-21 00:00:00,1
2010-10-25 00:00:00,2010-10-25 00:00:00,44,2010-10-25 00:00:00,42.1,42.3,24,33300,1406030,2010-10-25 00:00:00,1
2010-10-26 00:00:00,2010-10-26 00:00:00,41.1,2010-10-26 00:00:00,41,41.1,15,15000,616050,2010-10-26 00:00:00,1
2010-10-27 00:00:00,2010-10-27 00:00:00,42,2010-10-27 00:00:00,38.5,40,31,45900,1812770,2010-10-27 00:00:00,1
2010-10-28 00:00:00,2010-10-28 00:00:00,41.9,2010-10-28 00:00:00,38.5,39.6,15,5600,222950,2010-10-28 00:00:00,1
2010-10-29 00:00:00,2010-10-29 00:00:00,41.5,2010-10-29 00:00:00,39.2,40.5,21,16900,686470,2010-10-29 00:00:00,1
2010-11-01 00:00:00,2010-11-01 00:00:00,41.4,2010-11-01 00:00:00,40,40.3,18,17200,689120,2010-11-01 00:00:00,1
2010-11-02 00:00:00,2010-11-02 00:00:00,40.9,2010-11-02 00:00:00,40,40.1,12,6400,256610,2010-11-02 00:00:00,1
2010-11-03 00:00:00,2010-11-03 00:00:00,40,2010-11-03 00:00:00,39,39.4,8,8900,354600,2010-11-03 00:00:00,1
2010-11-04 00:00:00,2010-11-04 00:00:00,39.3,2010-11-04 00:00:00,38,39.3,16,12800,488680,2010-11-04 00:00:00,1
2010-11-08 00:00:00,2010-11-08 00:00:00,39.5,2010-11-08 00:00:00,38.5,38.5,19,11800,460450,2010-11-08 00:00:00,1
2010-11-09 00:00:00,2010-11-09 00:00:00,40,2010-11-09 00:00:00,38.1,39.1,14,10000,385930,2010-11-09 00:00:00,1
2010-11-10 00:00:00,2010-11-10 00:00:00,38.1,2010-11-10 00:00:00,37,37.6,27,15800,594910,2010-11-10 00:00:00,1
2010-11-11 00:00:00,2010-11-11 00:00:00,39.9,2010-11-11 00:00:00,38,38.3,9,8600,330210,2010-11-11 00:00:00,1
2010-11-12 00:00:00,2010-11-12 00:00:00,44,2010-11-12 00:00:00,41,43.5,291,315000,13547850,2010-11-12 00:00:00,1
2010-11-15 00:00:00,2010-11-15 00:00:00,44.7,2010-11-15 00:00:00,42,43.4,144,102600,4495460,2010-11-15 00:00:00,1
2010-11-16 00:00:00,2010-11-16 00:00:00,44,2010-11-16 00:00:00,42,43.8,29,29600,1274410,2010-11-16 00:00:00,1
2010-11-18 00:00:00,2010-11-18 00:00:00,45,2010-11-18 00:00:00,43,44.3,150,244800,10845760,2010-11-18 00:00:00,1
2010-11-22 00:00:00,2010-11-22 00:00:00,45.1,2010-11-22 00:00:00,44,44.3,100,141300,6289680,2010-11-22 00:00:00,1
2010-11-23 00:00:00,2010-11-23 00:00:00,44.5,2010-11-23 00:00:00,42,43.4,49,59700,2581810,2010-11-23 00:00:00,1
2010-11-24 00:00:00,2010-11-24 00:00:00,45,2010-11-24 00:00:00,44,44.9,75,71100,3165580,2010-11-24 00:00:00,1
2010-11-25 00:00:00,2010-11-25 00:00:00,45.6,2010-11-25 00:00:00,44.5,45.1,70,104100,4714260,2010-11-25 00:00:00,1
2010-11-26 00:00:00,2010-11-26 00:00:00,45.5,2010-11-26 00:00:00,45,45.1,30,57400,2589110,2010-11-26 00:00:00,1
2010-11-29 00:00:00,2010-11-29 00:00:00,45.8,2010-11-29 00:00:00,43.5,44.1,40,85300,3782250,2010-11-29 00:00:00,1
2010-11-30 00:00:00,2010-11-30 00:00:00,54,2010-11-30 00:00:00,46,52.1,376,528600,26331030,2010-11-30 00:00:00,1
2010-12-01 00:00:00,2010-12-01 00:00:00,59,2010-12-01 00:00:00,55,58,472,593300,34170190,2010-12-01 00:00:00,1
2010-12-02 00:00:00,2010-12-02 00:00:00,61,2010-12-02 00:00:00,56.6,58,358,445900,26335510,2010-12-02 00:00:00,1
2010-12-03 00:00:00,2010-12-03 00:00:00,66,2010-12-03 00:00:00,56.4,65.1,817,965500,61075870,2010-12-03 00:00:00,1
2010-12-06 00:00:00,2010-12-06 00:00:00,70.9,2010-12-06 00:00:00,66,68.6,923,955100,65566780,2010-12-06 00:00:00,1
2010-12-07 00:00:00,2010-12-07 00:00:00,69.5,2010-12-07 00:00:00,65.5,67,298,389100,25926940,2010-12-07 00:00:00,1
2010-12-08 00:00:00,2010-12-08 00:00:00,67.1,2010-12-08 00:00:00,63.8,65.2,166,279200,18226840,2010-12-08 00:00:00,1
2010-12-09 00:00:00,2010-12-09 00:00:00,66,2010-12-09 00:00:00,63.3,64.9,59,45300,2927830,2010-12-09 00:00:00,1
2010-12-10 00:00:00,2010-12-10 00:00:00,64.1,2010-12-10 00:00:00,62,62.4,153,265600,16695400,2010-12-10 00:00:00,1
2010-12-13 00:00:00,2010-12-13 00:00:00,63,2010-12-13 00:00:00,58.2,59,132,254500,15337440,2010-12-13 00:00:00,1
2010-12-14 00:00:00,2010-12-14 00:00:00,63,2010-12-14 00:00:00,58.8,61.4,240,225500,13723280,2010-12-14 00:00:00,1
2010-12-15 00:00:00,2010-12-15 00:00:00,65.1,2010-12-15 00:00:00,60.7,64.2,231,227900,14492870,2010-12-15 00:00:00,1
2010-12-16 00:00:00,2010-12-16 00:00:00,67.5,2010-12-16 00:00:00,64.7,65.2,284,370000,24291450,2010-12-16 00:00:00,1
2010-12-17 00:00:00,2010-12-17 00:00:00,71.5,2010-12-17 00:00:00,66.1,69.9,518,544300,37430810,2010-12-17 00:00:00,1
2010-12-21 00:00:00,2010-12-21 00:00:00,77,2010-12-21 00:00:00,70,75.5,717,813900,59915020,2010-12-21 00:00:00,1
2010-12-22 00:00:00,2010-12-22 00:00:00,82,2010-12-22 00:00:00,76.7,80.9,888,881300,69971680,2010-12-22 00:00:00,1
2010-12-23 00:00:00,2010-12-23 00:00:00,84.5,2010-12-23 00:00:00,78,78.7,714,615700,50422090,2010-12-23 00:00:00,1
2010-12-24 00:00:00,2010-12-24 00:00:00,79,2010-12-24 00:00:00,75,78.2,136,125300,9728470,2010-12-24 00:00:00,1
2010-12-27 00:00:00,2010-12-27 00:00:00,77.8,2010-12-27 00:00:00,74.5,75.4,174,180100,13627870,2010-12-27 00:00:00,1
2010-12-28 00:00:00,2010-12-28 00:00:00,79.6,2010-12-28 00:00:00,75.2,77.4,131,99200,7771340,2010-12-28 00:00:00,1
2010-12-29 00:00:00,2010-12-29 00:00:00,86,2010-12-29 00:00:00,78.9,84.7,762,788000,65531370,2010-12-29 00:00:00,1
2010-12-30 00:00:00,2010-12-30 00:00:00,89.8,2010-12-30 00:00:00,80.1,88.8,1114,1086100,93690420,2010-12-30 00:00:00,1
2010-12-31 00:00:00,2010-12-31 00:00:00,92,2010-12-31 00:00:00,88.7,90.2,764,667300,60495400,2010-12-31 00:00:00,1
Company Id,:  TAJ,Security,Type :  N,Sub Type,:  0000,,,,,
Short Name,:  TAJ LANKA,,,,,,,,,
Day,Date High,High,Date Low,Low,Closing,No. of Trades,No. of Shares,Turnover,Last Traded,Days Traded
2010-01-04 00:00:00,2010-01-04 00:00:00,25.5,2010-01-04 00:00:00,22.75,25.25,194,376300,9351975,2010-01-04 00:00:00,1
2010-01-05 00:00:00,2010-01-05 00:00:00,27.75,2010-01-05 00:00:00,25,26.75,240,439800,11515750,2010-01-05 00:00:00,1
2010-01-06 00:00:00,2010-01-06 00:00:00,31.25,2010-01-06 00:00:00,26.75,30.5,523,2858500,83766725,2010-01-06 00:00:00,1
2010-01-07 00:00:00,2010-01-07 00:00:00,30.5,2010-01-07 00:00:00,28.5,29.5,101,169500,4944975,2010-01-07 00:00:00,1
2010-01-08 00:00:00,2010-01-08 00:00:00,30.25,2010-01-08 00:00:00,29.75,30.25,118,245000,7378925,2010-01-08 00:00:00,1
2010-01-11 00:00:00,2010-01-11 00:00:00,30.5,2010-01-11 00:00:00,29.5,30,57,124100,3755975,2010-01-11 00:00:00,1
2010-01-12 00:00:00,2010-01-12 00:00:00,30,2010-01-12 00:00:00,29.5,29.5,37,118200,3526250,2010-01-12 00:00:00,1
2010-01-13 00:00:00,2010-01-13 00:00:00,30.5,2010-01-13 00:00:00,29.75,30,48,209300,6307425,2010-01-13 00:00:00,1
2010-01-15 00:00:00,2010-01-15 00:00:00,30.5,2010-01-15 00:00:00,29.75,30.25,50,150700,4547225,2010-01-15 00:00:00,1
2010-01-18 00:00:00,2010-01-18 00:00:00,30.75,2010-01-18 00:00:00,29.5,29.75,36,40800,1227975,2010-01-18 00:00:00,1
2010-01-19 00:00:00,2010-01-19 00:00:00,29.5,2010-01-19 00:00:00,28,29,75,124700,3553900,2010-01-19 00:00:00,1
2010-01-20 00:00:00,2010-01-20 00:00:00,30,2010-01-20 00:00:00,28.75,29.5,33,48200,1424875,2010-01-20 00:00:00,1
2010-01-21 00:00:00,2010-01-21 00:00:00,29.5,2010-01-21 00:00:00,29,29,28,39600,1162150,2010-01-21 00:00:00,1
2010-01-22 00:00:00,2010-01-22 00:00:00,29.75,2010-01-22 00:00:00,29,29.75,35,52200,1540325,2010-01-22 00:00:00,1
2010-01-25 00:00:00,2010-01-25 00:00:00,30,2010-01-25 00:00:00,28.75,28.75,35,55900,1622575,2010-01-25 00:00:00,1
2010-01-26 00:00:00,2010-01-26 00:00:00,30.5,2010-01-26 00:00:00,29.5,30.25,36,44900,1353075,2010-01-26 00:00:00,1
2010-01-28 00:00:00,2010-01-28 00:00:00,31.5,2010-01-28 00:00:00,28,31.25,60,119300,3647800,2010-01-28 00:00:00,1
2010-02-01 00:00:00,2010-02-01 00:00:00,33.5,2010-02-01 00:00:00,30,33,88,179300,5821125,2010-02-01 00:00:00,1
2010-02-02 00:00:00,2010-02-02 00:00:00,33.25,2010-02-02 00:00:00,32,32.5,71,163800,5324450,2010-02-02 00:00:00,1
2010-02-03 00:00:00,2010-02-03 00:00:00,32.5,2010-02-03 00:00:00,31.75,32.25,30,34100,1096925,2010-02-03 00:00:00,1
2010-02-05 00:00:00,2010-02-05 00:00:00,32.75,2010-02-05 00:00:00,32,32,38,32000,1029575,2010-02-05 00:00:00,1
2010-02-08 00:00:00,2010-02-08 00:00:00,33.25,2010-02-08 00:00:00,32,33,63,107700,3531700,2010-02-08 00:00:00,1
2010-02-09 00:00:00,2010-02-09 00:00:00,33.25,2010-02-09 00:00:00,31.75,32.5,64,157900,5178750,2010-02-09 00:00:00,1
2010-02-10 00:00:00,2010-02-10 00:00:00,33,2010-02-10 00:00:00,32.5,33,40,75400,2478750,2010-02-10 00:00:00,1
2010-02-11 00:00:00,2010-02-11 00:00:00,33,2010-02-11 00:00:00,32,32,22,26000,843425,2010-02-11 00:00:00,1
2010-02-12 00:00:00,2010-02-12 00:00:00,32,2010-02-12 00:00:00,31.25,31.5,23,11500,367150,2010-02-12 00:00:00,1
2010-02-15 00:00:00,2010-02-15 00:00:00,31.5,2010-02-15 00:00:00,31.25,31.5,9,7600,239225,2010-02-15 00:00:00,1
2010-02-16 00:00:00,2010-02-16 00:00:00,31,2010-02-16 00:00:00,29.25,29.5,31,60300,1806750,2010-02-16 00:00:00,1
2010-02-17 00:00:00,2010-02-17 00:00:00,30.5,2010-02-17 00:00:00,30,30.25,28,72100,2168500,2010-02-17 00:00:00,1
2010-02-18 00:00:00,2010-02-18 00:00:00,30.75,2010-02-18 00:00:00,30,30,31,37200,1116850,2010-02-18 00:00:00,1
2010-02-19 00:00:00,2010-02-19 00:00:00,30.5,2010-02-19 00:00:00,30,30.25,14,13100,396750,2010-02-19 00:00:00,1
2010-02-22 00:00:00,2010-02-22 00:00:00,30.5,2010-02-22 00:00:00,30.25,30.25,10,10200,308850,2010-02-22 00:00:00,1
2010-02-23 00:00:00,2010-02-23 00:00:00,31,2010-02-23 00:00:00,30,30,39,59600,1799600,2010-02-23 00:00:00,1
2010-02-24 00:00:00,2010-02-24 00:00:00,30.5,2010-02-24 00:00:00,30,30.5,13,13500,408900,2010-02-24 00:00:00,1
2010-02-25 00:00:00,2010-02-25 00:00:00,31.25,2010-02-25 00:00:00,30.25,31,37,44500,1370600,2010-02-25 00:00:00,1
2010-02-26 00:00:00,2010-02-26 00:00:00,34.5,2010-02-26 00:00:00,31.25,33.25,204,394500,12859150,2010-02-26 00:00:00,1
2010-03-01 00:00:00,2010-03-01 00:00:00,35,2010-03-01 00:00:00,33.75,34,165,202500,6898300,2010-03-01 00:00:00,1
2010-03-02 00:00:00,2010-03-02 00:00:00,34.25,2010-03-02 00:00:00,33,33.75,77,219600,7430050,2010-03-02 00:00:00,1
2010-03-03 00:00:00,2010-03-03 00:00:00,35,2010-03-03 00:00:00,34,34,53,107400,3704500,2010-03-03 00:00:00,1
2010-03-04 00:00:00,2010-03-04 00:00:00,35.5,2010-03-04 00:00:00,33.75,34.75,148,367600,12626925,2010-03-04 00:00:00,1
2010-03-05 00:00:00,2010-03-05 00:00:00,40.5,2010-03-05 00:00:00,35.5,39,429,1084500,41287350,2010-03-05 00:00:00,1
2010-03-08 00:00:00,2010-03-08 00:00:00,42.75,2010-03-08 00:00:00,40,41.75,453,646800,26885600,2010-03-08 00:00:00,1
2010-03-09 00:00:00,2010-03-09 00:00:00,42,2010-03-09 00:00:00,37.75,38,333,381800,14954725,2010-03-09 00:00:00,1
2010-03-10 00:00:00,2010-03-10 00:00:00,40,2010-03-10 00:00:00,38,39.75,198,387800,15148550,2010-03-10 00:00:00,1
2010-03-11 00:00:00,2010-03-11 00:00:00,40,2010-03-11 00:00:00,39.25,39.75,38,55200,2183400,2010-03-11 00:00:00,1
2010-03-12 00:00:00,2010-03-12 00:00:00,42,2010-03-12 00:00:00,39.75,40.75,143,279900,11501200,2010-03-12 00:00:00,1
2010-03-15 00:00:00,2010-03-15 00:00:00,42.5,2010-03-15 00:00:00,40,40.75,90,158100,6561400,2010-03-15 00:00:00,1
2010-03-16 00:00:00,2010-03-16 00:00:00,41.75,2010-03-16 00:00:00,39,40.25,71,85600,3437125,2010-03-16 00:00:00,1
2010-03-17 00:00:00,2010-03-17 00:00:00,41.5,2010-03-17 00:00:00,39,39.25,86,93100,3731300,2010-03-17 00:00:00,1
2010-03-18 00:00:00,2010-03-18 00:00:00,40,2010-03-18 00:00:00,38.5,38.5,58,111900,4341275,2010-03-18 00:00:00,1
2010-03-19 00:00:00,2010-03-19 00:00:00,39.5,2010-03-19 00:00:00,38.75,39,32,61300,2391000,2010-03-19 00:00:00,1
2010-03-22 00:00:00,2010-03-22 00:00:00,39.5,2010-03-22 00:00:00,38.75,38.75,28,67200,2618250,2010-03-22 00:00:00,1
2010-03-23 00:00:00,2010-03-23 00:00:00,39,2010-03-23 00:00:00,38.5,38.75,29,20500,794300,2010-03-23 00:00:00,1
2010-03-24 00:00:00,2010-03-24 00:00:00,39.5,2010-03-24 00:00:00,38.25,39.25,90,185300,7199225,2010-03-24 00:00:00,1
2010-03-25 00:00:00,2010-03-25 00:00:00,39.5,2010-03-25 00:00:00,38.5,39.25,11,1900,74550,2010-03-25 00:00:00,1
2010-03-26 00:00:00,2010-03-26 00:00:00,40.5,2010-03-26 00:00:00,39,39,33,51800,2059150,2010-03-26 00:00:00,1
2010-03-30 00:00:00,2010-03-30 00:00:00,40,2010-03-30 00:00:00,39,39,22,12000,472450,2010-03-30 00:00:00,1
2010-03-31 00:00:00,2010-03-31 00:00:00,39.5,2010-03-31 00:00:00,38.75,39,46,27900,1090550,2010-03-31 00:00:00,1
2010-04-01 00:00:00,2010-04-01 00:00:00,39.75,2010-04-01 00:00:00,39,39,18,12300,482150,2010-04-01 00:00:00,1
2010-04-05 00:00:00,2010-04-05 00:00:00,40.5,2010-04-05 00:00:00,39,40.25,43,85700,3435900,2010-04-05 00:00:00,1
2010-04-06 00:00:00,2010-04-06 00:00:00,44,2010-04-06 00:00:00,40.25,42.75,210,459500,19545600,2010-04-06 00:00:00,1
2010-04-07 00:00:00,2010-04-07 00:00:00,45.5,2010-04-07 00:00:00,43.5,44.25,245,680500,30603025,2010-04-07 00:00:00,1
2010-04-08 00:00:00,2010-04-08 00:00:00,45.5,2010-04-08 00:00:00,43,45,53,77200,3451225,2010-04-08 00:00:00,1
2010-04-12 00:00:00,2010-04-12 00:00:00,46.5,2010-04-12 00:00:00,44,46,147,305700,13984500,2010-04-12 00:00:00,1
2010-04-15 00:00:00,2010-04-15 00:00:00,45,2010-04-15 00:00:00,44.5,45,30,46300,2082350,2010-04-15 00:00:00,1
2010-04-16 00:00:00,2010-04-16 00:00:00,46,2010-04-16 00:00:00,45.75,45.75,49,75200,3451150,2010-04-16 00:00:00,1
2010-04-19 00:00:00,2010-04-19 00:00:00,47,2010-04-19 00:00:00,45,46.75,189,439300,20380425,2010-04-19 00:00:00,1
2010-04-20 00:00:00,2010-04-20 00:00:00,47.5,2010-04-20 00:00:00,46.5,47,170,354200,16665475,2010-04-20 00:00:00,1
2010-04-21 00:00:00,2010-04-21 00:00:00,47.5,2010-04-21 00:00:00,46.5,47,102,636000,29892975,2010-04-21 00:00:00,1
2010-04-22 00:00:00,2010-04-22 00:00:00,48,2010-04-22 00:00:00,47,47.25,117,109500,5177050,2010-04-22 00:00:00,1
2010-04-23 00:00:00,2010-04-23 00:00:00,51,2010-04-23 00:00:00,48,49.75,201,360100,17852975,2010-04-23 00:00:00,1
2010-04-26 00:00:00,2010-04-26 00:00:00,52.5,2010-04-26 00:00:00,49.75,50,129,108600,5533800,2010-04-26 00:00:00,1
2010-04-27 00:00:00,2010-04-27 00:00:00,50,2010-04-27 00:00:00,48,49,80,81500,4016300,2010-04-27 00:00:00,1
2010-04-29 00:00:00,2010-04-29 00:00:00,50,2010-04-29 00:00:00,48.5,49,45,36300,1786025,2010-04-29 00:00:00,1
2010-04-30 00:00:00,2010-04-30 00:00:00,50,2010-04-30 00:00:00,49,50,48,165400,8234225,2010-04-30 00:00:00,1
2010-05-03 00:00:00,2010-05-03 00:00:00,50,2010-05-03 00:00:00,48.5,49,85,254000,12445275,2010-05-03 00:00:00,1
2010-05-04 00:00:00,2010-05-04 00:00:00,49.5,2010-05-04 00:00:00,48,49,44,74100,3626575,2010-05-04 00:00:00,1
2010-05-05 00:00:00,2010-05-05 00:00:00,49,2010-05-05 00:00:00,47.5,48.5,42,24800,1201050,2010-05-05 00:00:00,1
2010-05-06 00:00:00,2010-05-06 00:00:00,48.5,2010-05-06 00:00:00,46.5,46.75,35,19600,929975,2010-05-06 00:00:00,1
2010-05-07 00:00:00,2010-05-07 00:00:00,47,2010-05-07 00:00:00,45.5,46,73,271400,12537300,2010-05-07 00:00:00,1
2010-05-10 00:00:00,2010-05-10 00:00:00,47.5,2010-05-10 00:00:00,47,47,33,129700,6096000,2010-05-10 00:00:00,1
2010-05-11 00:00:00,2010-05-11 00:00:00,48.25,2010-05-11 00:00:00,47,47.25,32,65500,3093425,2010-05-11 00:00:00,1
2010-05-12 00:00:00,2010-05-12 00:00:00,48,2010-05-12 00:00:00,47,47.75,34,199800,9393550,2010-05-12 00:00:00,1
2010-05-13 00:00:00,2010-05-13 00:00:00,48,2010-05-13 00:00:00,47,47.75,44,236600,11123175,2010-05-13 00:00:00,1
2010-05-14 00:00:00,2010-05-14 00:00:00,48.5,2010-05-14 00:00:00,47.75,48.25,22,18600,894500,2010-05-14 00:00:00,1
2010-05-17 00:00:00,2010-05-17 00:00:00,49.25,2010-05-17 00:00:00,48,48,21,12600,607900,2010-05-17 00:00:00,1
2010-05-18 00:00:00,2010-05-18 00:00:00,49.25,2010-05-18 00:00:00,48.25,48.5,41,30700,1491650,2010-05-18 00:00:00,1
2010-05-19 00:00:00,2010-05-19 00:00:00,48.5,2010-05-19 00:00:00,47.75,48,33,15700,757025,2010-05-19 00:00:00,1
2010-05-20 00:00:00,2010-05-20 00:00:00,47.5,2010-05-20 00:00:00,47,47,21,28800,1356025,2010-05-20 00:00:00,1
2010-05-21 00:00:00,2010-05-21 00:00:00,47,2010-05-21 00:00:00,46,46.25,14,6700,311100,2010-05-21 00:00:00,1
2010-05-24 00:00:00,2010-05-24 00:00:00,47,2010-05-24 00:00:00,46,46.25,9,2800,129675,2010-05-24 00:00:00,1
2010-05-25 00:00:00,2010-05-25 00:00:00,49.5,2010-05-25 00:00:00,47,49.25,164,1699300,83208400,2010-05-25 00:00:00,1
2010-05-26 00:00:00,2010-05-26 00:00:00,52.5,2010-05-26 00:00:00,49.5,50,175,232800,11710650,2010-05-26 00:00:00,1
2010-05-31 00:00:00,2010-05-31 00:00:00,51.5,2010-05-31 00:00:00,49,49,103,193600,9720600,2010-05-31 00:00:00,1
2010-06-01 00:00:00,2010-06-01 00:00:00,49,2010-06-01 00:00:00,48,49,46,77700,3778900,2010-06-01 00:00:00,1
2010-06-02 00:00:00,2010-06-02 00:00:00,49.75,2010-06-02 00:00:00,48.5,48.75,51,222300,10894850,2010-06-02 00:00:00,1
2010-06-03 00:00:00,2010-06-03 00:00:00,49.5,2010-06-03 00:00:00,48.75,49.25,71,173500,8515675,2010-06-03 00:00:00,1
2010-06-04 00:00:00,2010-06-04 00:00:00,49.75,2010-06-04 00:00:00,49,49,35,74300,3642225,2010-06-04 00:00:00,1
2010-06-07 00:00:00,2010-06-07 00:00:00,49,2010-06-07 00:00:00,47.25,47.5,44,47900,2299275,2010-06-07 00:00:00,1
2010-06-08 00:00:00,2010-06-08 00:00:00,48,2010-06-08 00:00:00,47.75,47.75,38,303500,14516850,2010-06-08 00:00:00,1
2010-06-09 00:00:00,2010-06-09 00:00:00,49,2010-06-09 00:00:00,47.5,48,38,57900,2779725,2010-06-09 00:00:00,1
2010-06-10 00:00:00,2010-06-10 00:00:00,48,2010-06-10 00:00:00,47.5,48,16,10500,499800,2010-06-10 00:00:00,1
2010-06-11 00:00:00,2010-06-11 00:00:00,48,2010-06-11 00:00:00,47.5,47.75,25,50800,2418650,2010-06-11 00:00:00,1
2010-06-14 00:00:00,2010-06-14 00:00:00,48,2010-06-14 00:00:00,47.5,47.5,45,128100,6086025,2010-06-14 00:00:00,1
2010-06-15 00:00:00,2010-06-15 00:00:00,48,2010-06-15 00:00:00,47.5,48,30,59800,2850125,2010-06-15 00:00:00,1
2010-06-16 00:00:00,2010-06-16 00:00:00,48,2010-06-16 00:00:00,47.5,47.75,7,3900,186350,2010-06-16 00:00:00,1
2010-06-17 00:00:00,2010-06-17 00:00:00,48.5,2010-06-17 00:00:00,46,48.25,60,3038900,146609550,2010-06-17 00:00:00,1
2010-06-21 00:00:00,2010-06-21 00:00:00,48.25,2010-06-21 00:00:00,47.25,47.5,22,1042200,49508225,2010-06-21 00:00:00,1
2010-06-22 00:00:00,2010-06-22 00:00:00,47.5,2010-06-22 00:00:00,47.25,47.25,25,22300,1054525,2010-06-22 00:00:00,1
2010-06-23 00:00:00,2010-06-23 00:00:00,47.5,2010-06-23 00:00:00,46.5,46.75,37,840600,38824150,2010-06-23 00:00:00,1
2010-06-24 00:00:00,2010-06-24 00:00:00,46.75,2010-06-24 00:00:00,46,46,26,10500,485650,2010-06-24 00:00:00,1
2010-06-28 00:00:00,2010-06-28 00:00:00,46.5,2010-06-28 00:00:00,45.5,45.75,17,8200,374075,2010-06-28 00:00:00,1
2010-06-29 00:00:00,2010-06-29 00:00:00,46.25,2010-06-29 00:00:00,45.5,46,29,32600,1500150,2010-06-29 00:00:00,1
2010-06-30 00:00:00,2010-06-30 00:00:00,46.5,2010-06-30 00:00:00,45,46.5,11,2400,109750,2010-06-30 00:00:00,1
2010-07-01 00:00:00,2010-07-01 00:00:00,49,2010-07-01 00:00:00,46,47,65,125400,5890700,2010-07-01 00:00:00,1
2010-07-02 00:00:00,2010-07-02 00:00:00,48,2010-07-02 00:00:00,46.5,47,26,41200,1934075,2010-07-02 00:00:00,1
2010-07-05 00:00:00,2010-07-05 00:00:00,47,2010-07-05 00:00:00,47,47,1,100,4700,2010-07-05 00:00:00,1
2010-07-06 00:00:00,2010-07-06 00:00:00,47,2010-07-06 00:00:00,45,45.75,57,174900,8041125,2010-07-06 00:00:00,1
2010-07-07 00:00:00,2010-07-07 00:00:00,45.75,2010-07-07 00:00:00,43,43.75,35,15300,680125,2010-07-07 00:00:00,1
2010-07-08 00:00:00,2010-07-08 00:00:00,44.5,2010-07-08 00:00:00,44,44,22,11600,510950,2010-07-08 00:00:00,1
2010-07-09 00:00:00,2010-07-09 00:00:00,44.5,2010-07-09 00:00:00,43.75,44,53,50300,2223900,2010-07-09 00:00:00,1
2010-07-12 00:00:00,2010-07-12 00:00:00,44,2010-07-12 00:00:00,42.75,44,31,15800,680850,2010-07-12 00:00:00,1
2010-07-13 00:00:00,2010-07-13 00:00:00,45,2010-07-13 00:00:00,44,44.5,16,6900,308700,2010-07-13 00:00:00,1
2010-07-14 00:00:00,2010-07-14 00:00:00,45.5,2010-07-14 00:00:00,44.75,45.5,34,33600,1516450,2010-07-14 00:00:00,1
2010-07-15 00:00:00,2010-07-15 00:00:00,47,2010-07-15 00:00:00,45.75,46,58,44200,2036375,2010-07-15 00:00:00,1
2010-07-16 00:00:00,2010-07-16 00:00:00,46,2010-07-16 00:00:00,45.5,45.75,33,43200,1973925,2010-07-16 00:00:00,1
2010-07-19 00:00:00,2010-07-19 00:00:00,45.75,2010-07-19 00:00:00,45.5,45.5,20,6200,282200,2010-07-19 00:00:00,1
2010-07-20 00:00:00,2010-07-20 00:00:00,49,2010-07-20 00:00:00,45.25,48,113,147600,6976600,2010-07-20 00:00:00,1
2010-07-21 00:00:00,2010-07-21 00:00:00,49.75,2010-07-21 00:00:00,48,49,73,140400,6875025,2010-07-21 00:00:00,1
2010-07-22 00:00:00,2010-07-22 00:00:00,49.5,2010-07-22 00:00:00,47.75,48,26,8200,399200,2010-07-22 00:00:00,1
2010-07-23 00:00:00,2010-07-23 00:00:00,48.25,2010-07-23 00:00:00,47.5,48.25,38,60700,2912400,2010-07-23 00:00:00,1
2010-07-26 00:00:00,2010-07-26 00:00:00,48.75,2010-07-26 00:00:00,48,48.25,23,12500,601525,2010-07-26 00:00:00,1
2010-07-27 00:00:00,2010-07-27 00:00:00,48,2010-07-27 00:00:00,47.5,48,19,18500,883950,2010-07-27 00:00:00,1
2010-07-28 00:00:00,2010-07-28 00:00:00,48,2010-07-28 00:00:00,47.5,48,18,9200,440350,2010-07-28 00:00:00,1
2010-07-29 00:00:00,2010-07-29 00:00:00,48,2010-07-29 00:00:00,46.5,46.75,28,18100,849750,2010-07-29 00:00:00,1
2010-07-30 00:00:00,2010-07-30 00:00:00,47.25,2010-07-30 00:00:00,45.75,46.25,27,36200,1663550,2010-07-30 00:00:00,1
2010-08-02 00:00:00,2010-08-02 00:00:00,46,2010-08-02 00:00:00,45,45.2,36,29600,1351030,2010-08-02 00:00:00,1
2010-08-03 00:00:00,2010-08-03 00:00:00,45.5,2010-08-03 00:00:00,44.5,45.1,14,9700,436500,2010-08-03 00:00:00,1
2010-08-04 00:00:00,2010-08-04 00:00:00,45.5,2010-08-04 00:00:00,45,45.3,34,30100,1356890,2010-08-04 00:00:00,1
2010-08-05 00:00:00,2010-08-05 00:00:00,45.5,2010-08-05 00:00:00,41,45.4,31,31800,1387160,2010-08-05 00:00:00,1
2010-08-06 00:00:00,2010-08-06 00:00:00,45,2010-08-06 00:00:00,44.5,44.5,19,12200,543470,2010-08-06 00:00:00,1
2010-08-09 00:00:00,2010-08-09 00:00:00,42.1,2010-08-09 00:00:00,41,42,49,37600,1563320,2010-08-09 00:00:00,1
2010-08-10 00:00:00,2010-08-10 00:00:00,46.2,2010-08-10 00:00:00,39.1,46,76,754800,33953320,2010-08-10 00:00:00,1
2010-08-11 00:00:00,2010-08-11 00:00:00,48,2010-08-11 00:00:00,45,45.1,17,16500,757040,2010-08-11 00:00:00,1
2010-08-12 00:00:00,2010-08-12 00:00:00,47,2010-08-12 00:00:00,44,44.7,29,156600,6934310,2010-08-12 00:00:00,1
2010-08-13 00:00:00,2010-08-13 00:00:00,47.5,2010-08-13 00:00:00,45.7,46,33,21000,966730,2010-08-13 00:00:00,1
2010-08-16 00:00:00,2010-08-16 00:00:00,46.5,2010-08-16 00:00:00,45,45.5,33,42700,1936430,2010-08-16 00:00:00,1
2010-08-17 00:00:00,2010-08-17 00:00:00,46.2,2010-08-17 00:00:00,45.5,46,14,8600,395870,2010-08-17 00:00:00,1
2010-08-18 00:00:00,2010-08-18 00:00:00,47,2010-08-18 00:00:00,45.2,46,41,61700,2840620,2010-08-18 00:00:00,1
2010-08-19 00:00:00,2010-08-19 00:00:00,50.6,2010-08-19 00:00:00,45.2,50.6,361,737600,36797060,2010-08-19 00:00:00,1
2010-08-20 00:00:00,2010-08-20 00:00:00,55,2010-08-20 00:00:00,50.6,53.1,306,376600,19846250,2010-08-20 00:00:00,1
2010-08-23 00:00:00,2010-08-23 00:00:00,53.3,2010-08-23 00:00:00,51.1,52.8,110,109700,5738580,2010-08-23 00:00:00,1
2010-08-25 00:00:00,2010-08-25 00:00:00,53,2010-08-25 00:00:00,50,50.9,64,93000,4815240,2010-08-25 00:00:00,1
2010-08-26 00:00:00,2010-08-26 00:00:00,55.9,2010-08-26 00:00:00,50,55.8,327,720400,39622660,2010-08-26 00:00:00,1
2010-08-27 00:00:00,2010-08-27 00:00:00,61.3,2010-08-27 00:00:00,57,61.3,344,469500,27995720,2010-08-27 00:00:00,1
2010-08-30 00:00:00,2010-08-30 00:00:00,67.4,2010-08-30 00:00:00,62.5,67.1,533,698200,46107840,2010-08-30 00:00:00,1
2010-08-31 00:00:00,2010-08-31 00:00:00,70,2010-08-31 00:00:00,64,64.9,337,375400,24771090,2010-08-31 00:00:00,1
2010-09-01 00:00:00,2010-09-01 00:00:00,71,2010-09-01 00:00:00,66,69.2,380,704900,48678970,2010-09-01 00:00:00,1
2010-09-02 00:00:00,2010-09-02 00:00:00,70.1,2010-09-02 00:00:00,66.6,67.2,154,201200,13552030,2010-09-02 00:00:00,1
2010-09-03 00:00:00,2010-09-03 00:00:00,67.3,2010-09-03 00:00:00,63,64.7,103,94400,6133160,2010-09-03 00:00:00,1
2010-09-06 00:00:00,2010-09-06 00:00:00,67.5,2010-09-06 00:00:00,66.2,66.6,158,493200,32828710,2010-09-06 00:00:00,1
2010-09-07 00:00:00,2010-09-07 00:00:00,67,2010-09-07 00:00:00,65,65.5,72,247900,16470270,2010-09-07 00:00:00,1
2010-09-08 00:00:00,2010-09-08 00:00:00,65,2010-09-08 00:00:00,63.5,65,49,144100,9330490,2010-09-08 00:00:00,1
2010-09-09 00:00:00,2010-09-09 00:00:00,66,2010-09-09 00:00:00,64,64.2,41,85100,5507560,2010-09-09 00:00:00,1
2010-09-13 00:00:00,2010-09-13 00:00:00,63.9,2010-09-13 00:00:00,60.8,62,92,116400,7242150,2010-09-13 00:00:00,1
2010-09-14 00:00:00,2010-09-14 00:00:00,62,2010-09-14 00:00:00,59.5,60,140,138500,8341970,2010-09-14 00:00:00,1
2010-09-15 00:00:00,2010-09-15 00:00:00,62.2,2010-09-15 00:00:00,58.9,59.9,78,117200,7099840,2010-09-15 00:00:00,1
2010-09-16 00:00:00,2010-09-16 00:00:00,65.8,2010-09-16 00:00:00,60,63.7,171,175200,11212850,2010-09-16 00:00:00,1
2010-09-17 00:00:00,2010-09-17 00:00:00,70,2010-09-17 00:00:00,65,70,352,858800,59898900,2010-09-17 00:00:00,1
2010-09-20 00:00:00,2010-09-20 00:00:00,76,2010-09-20 00:00:00,66.1,67.9,161,219300,15644960,2010-09-20 00:00:00,1
2010-09-21 00:00:00,2010-09-21 00:00:00,71,2010-09-21 00:00:00,66.2,70.2,206,584300,41007830,2010-09-21 00:00:00,1
2010-09-23 00:00:00,2010-09-23 00:00:00,86,2010-09-23 00:00:00,71.1,81.6,636,915500,72039920,2010-09-23 00:00:00,1
2010-09-24 00:00:00,2010-09-24 00:00:00,89,2010-09-24 00:00:00,78.5,82.9,480,809500,67199940,2010-09-24 00:00:00,1
2010-09-27 00:00:00,2010-09-27 00:00:00,89,2010-09-27 00:00:00,81,83.3,597,806700,69021500,2010-09-27 00:00:00,1
2010-09-28 00:00:00,2010-09-28 00:00:00,84.1,2010-09-28 00:00:00,80,81.8,131,109000,8952770,2010-09-28 00:00:00,1
2010-09-29 00:00:00,2010-09-29 00:00:00,83.5,2010-09-29 00:00:00,80,83,96,61200,5045000,2010-09-29 00:00:00,1
2010-09-30 00:00:00,2010-09-30 00:00:00,83.5,2010-09-30 00:00:00,80,80.4,79,55000,4474240,2010-09-30 00:00:00,1
2010-10-01 00:00:00,2010-10-01 00:00:00,84,2010-10-01 00:00:00,79.1,79.8,112,77000,6187220,2010-10-01 00:00:00,1
2010-10-04 00:00:00,2010-10-04 00:00:00,81,2010-10-04 00:00:00,77.7,78.7,99,63300,4994940,2010-10-04 00:00:00,1
2010-10-05 00:00:00,2010-10-05 00:00:00,79.1,2010-10-05 00:00:00,76.4,77.1,140,120600,9349540,2010-10-05 00:00:00,1
2010-10-06 00:00:00,2010-10-06 00:00:00,78,2010-10-06 00:00:00,70.1,71.7,217,153000,11241090,2010-10-06 00:00:00,1
2010-10-07 00:00:00,2010-10-07 00:00:00,74.9,2010-10-07 00:00:00,68,72.1,242,280800,20067890,2010-10-07 00:00:00,1
2010-10-08 00:00:00,2010-10-08 00:00:00,74.7,2010-10-08 00:00:00,70,74,142,155700,11182680,2010-10-08 00:00:00,1
2010-10-11 00:00:00,2010-10-11 00:00:00,77.9,2010-10-11 00:00:00,73,74.7,103,75900,5733030,2010-10-11 00:00:00,1
2010-10-12 00:00:00,2010-10-12 00:00:00,73.9,2010-10-12 00:00:00,68.1,69,122,105500,7366750,2010-10-12 00:00:00,1
2010-10-13 00:00:00,2010-10-13 00:00:00,70.8,2010-10-13 00:00:00,63,69.8,153,106300,7133180,2010-10-13 00:00:00,1
2010-10-14 00:00:00,2010-10-14 00:00:00,72,2010-10-14 00:00:00,67.3,70.1,88,48200,3389720,2010-10-14 00:00:00,1
2010-10-15 00:00:00,2010-10-15 00:00:00,71.9,2010-10-15 00:00:00,68,70.2,52,40400,2817310,2010-10-15 00:00:00,1
2010-10-18 00:00:00,2010-10-18 00:00:00,71,2010-10-18 00:00:00,68,70,34,11500,794370,2010-10-18 00:00:00,1
2010-10-19 00:00:00,2010-10-19 00:00:00,70.8,2010-10-19 00:00:00,69,70,40,33400,2348660,2010-10-19 00:00:00,1
2010-10-20 00:00:00,2010-10-20 00:00:00,77.5,2010-10-20 00:00:00,69.1,69.7,59,33900,2431580,2010-10-20 00:00:00,1
2010-10-21 00:00:00,2010-10-21 00:00:00,72.4,2010-10-21 00:00:00,69.1,70.1,190,185600,13127340,2010-10-21 00:00:00,1
2010-10-25 00:00:00,2010-10-25 00:00:00,70.6,2010-10-25 00:00:00,68.1,68.5,34,13600,943920,2010-10-25 00:00:00,1
2010-10-26 00:00:00,2010-10-26 00:00:00,70,2010-10-26 00:00:00,67,67.5,53,30000,2039320,2010-10-26 00:00:00,1
2010-10-27 00:00:00,2010-10-27 00:00:00,68.9,2010-10-27 00:00:00,67,68.2,26,21800,1479040,2010-10-27 00:00:00,1
2010-10-28 00:00:00,2010-10-28 00:00:00,68.7,2010-10-28 00:00:00,67,68.2,14,6400,433970,2010-10-28 00:00:00,1
2010-10-29 00:00:00,2010-10-29 00:00:00,70,2010-10-29 00:00:00,68.2,69.8,44,21600,1505030,2010-10-29 00:00:00,1
2010-11-01 00:00:00,2010-11-01 00:00:00,70,2010-11-01 00:00:00,69,69.8,36,17100,1193240,2010-11-01 00:00:00,1
2010-11-02 00:00:00,2010-11-02 00:00:00,70,2010-11-02 00:00:00,68,69.1,60,58600,4043710,2010-11-02 00:00:00,1
2010-11-03 00:00:00,2010-11-03 00:00:00,69.9,2010-11-03 00:00:00,68.7,69.9,46,25900,1798640,2010-11-03 00:00:00,1
2010-11-04 00:00:00,2010-11-04 00:00:00,69.9,2010-11-04 00:00:00,68,69.5,41,23200,1598130,2010-11-04 00:00:00,1
2010-11-08 00:00:00,2010-11-08 00:00:00,69.7,2010-11-08 00:00:00,67.8,68,33,17700,1206510,2010-11-08 00:00:00,1
2010-11-09 00:00:00,2010-11-09 00:00:00,68.8,2010-11-09 00:00:00,67.8,67.9,24,9100,618470,2010-11-09 00:00:00,1
2010-11-10 00:00:00,2010-11-10 00:00:00,68,2010-11-10 00:00:00,67,67,32,33900,2281180,2010-11-10 00:00:00,1
2010-11-11 00:00:00,2010-11-11 00:00:00,69,2010-11-11 00:00:00,67.5,68.3,14,14800,1010450,2010-11-11 00:00:00,1
2010-11-12 00:00:00,2010-11-12 00:00:00,68.3,2010-11-12 00:00:00,68,68.1,20,22500,1530450,2010-11-12 00:00:00,1
2010-11-15 00:00:00,2010-11-15 00:00:00,69.6,2010-11-15 00:00:00,65,65.1,84,53300,3502810,2010-11-15 00:00:00,1
2010-11-16 00:00:00,2010-11-16 00:00:00,66.3,2010-11-16 00:00:00,64.5,65.8,32,15800,1034860,2010-11-16 00:00:00,1
2010-11-18 00:00:00,2010-11-18 00:00:00,67.5,2010-11-18 00:00:00,65.2,65.9,21,11900,791240,2010-11-18 00:00:00,1
2010-11-22 00:00:00,2010-11-22 00:00:00,67,2010-11-22 00:00:00,65.2,66.4,40,57200,3800530,2010-11-22 00:00:00,1
2010-11-23 00:00:00,2010-11-23 00:00:00,67,2010-11-23 00:00:00,64.6,65.4,57,47300,3077330,2010-11-23 00:00:00,1
2010-11-24 00:00:00,2010-11-24 00:00:00,67,2010-11-24 00:00:00,65,65.3,23,18500,1229610,2010-11-24 00:00:00,1
2010-11-25 00:00:00,2010-11-25 00:00:00,66,2010-11-25 00:00:00,64,65,47,45100,2960170,2010-11-25 00:00:00,1
2010-11-26 00:00:00,2010-11-26 00:00:00,64.9,2010-11-26 00:00:00,63.1,63.3,11,2600,165370,2010-11-26 00:00:00,1
2010-11-29 00:00:00,2010-11-29 00:00:00,64.9,2010-11-29 00:00:00,59.1,60.5,45,19500,1211730,2010-11-29 00:00:00,1
2010-11-30 00:00:00,2010-11-30 00:00:00,70,2010-11-30 00:00:00,63,66.9,106,245300,16576500,2010-11-30 00:00:00,1
2010-12-01 00:00:00,2010-12-01 00:00:00,72,2010-12-01 00:00:00,68,71.5,111,95000,6727580,2010-12-01 00:00:00,1
2010-12-02 00:00:00,2010-12-02 00:00:00,72,2010-12-02 00:00:00,68.1,69.5,34,13300,929980,2010-12-02 00:00:00,1
2010-12-03 00:00:00,2010-12-03 00:00:00,70,2010-12-03 00:00:00,67.1,69.2,39,24700,1699300,2010-12-03 00:00:00,1
2010-12-06 00:00:00,2010-12-06 00:00:00,69.9,2010-12-06 00:00:00,67,69,18,6000,411260,2010-12-06 00:00:00,1
2010-12-07 00:00:00,2010-12-07 00:00:00,67.3,2010-12-07 00:00:00,67,67.2,10,1900,127630,2010-12-07 00:00:00,1
2010-12-08 00:00:00,2010-12-08 00:00:00,67.5,2010-12-08 00:00:00,66,66.4,34,67600,4478890,2010-12-08 00:00:00,1
2010-12-09 00:00:00,2010-12-09 00:00:00,69.9,2010-12-09 00:00:00,66,67,17,29100,2014900,2010-12-09 00:00:00,1
2010-12-10 00:00:00,2010-12-10 00:00:00,68,2010-12-10 00:00:00,67,67.7,13,5100,343420,2010-12-10 00:00:00,1
2010-12-13 00:00:00,2010-12-13 00:00:00,67.8,2010-12-13 00:00:00,66,66,21,9500,628530,2010-12-13 00:00:00,1
2010-12-14 00:00:00,2010-12-14 00:00:00,68.3,2010-12-14 00:00:00,65.5,66.4,27,10800,715330,2010-12-14 00:00:00,1
2010-12-15 00:00:00,2010-12-15 00:00:00,67.5,2010-12-15 00:00:00,66,66.4,16,2900,193030,2010-12-15 00:00:00,1
2010-12-16 00:00:00,2010-12-16 00:00:00,67.5,2010-12-16 00:00:00,65.1,65.3,35,34800,2274830,2010-12-16 00:00:00,1
2010-12-17 00:00:00,2010-12-17 00:00:00,69.5,2010-12-17 00:00:00,65.1,67,33,32800,2248380,2010-12-17 00:00:00,1
2010-12-21 00:00:00,2010-12-21 00:00:00,69,2010-12-21 00:00:00,66,66.3,31,23000,1528940,2010-12-21 00:00:00,1
2010-12-22 00:00:00,2010-12-22 00:00:00,69,2010-12-22 00:00:00,66.5,68.6,27,15000,1018360,2010-12-22 00:00:00,1
2010-12-23 00:00:00,2010-12-23 00:00:00,72.8,2010-12-23 00:00:00,69.8,70,154,100000,7128020,2010-12-23 00:00:00,1
2010-12-24 00:00:00,2010-12-24 00:00:00,72.7,2010-12-24 00:00:00,70.5,71.1,56,25000,1786860,2010-12-24 00:00:00,1
2010-12-27 00:00:00,2010-12-27 00:00:00,73.4,2010-12-27 00:00:00,71.5,72.9,98,54300,3938420,2010-12-27 00:00:00,1
2010-12-28 00:00:00,2010-12-28 00:00:00,73.9,2010-12-28 00:00:00,72.2,72.9,100,68300,4999740,2010-12-28 00:00:00,1
2010-12-29 00:00:00,2010-12-29 00:00:00,73.2,2010-12-29 00:00:00,72.3,72.5,43,29400,2132600,2010-12-29 00:00:00,1
2010-12-30 00:00:00,2010-12-30 00:00:00,74,2010-12-30 00:00:00,69.8,71.5,65,44600,3154560,2010-12-30 00:00:00,1
2010-12-31 00:00:00,2010-12-31 00:00:00,72,2010-12-31 00:00:00,71,71.7,36,18100,1300390,2010-12-31 00:00:00,1
Company Id,:  TANG,Security,Type :  N,Sub Type,:  0000,,,,,
Short Name,:  TANGERINE,,,,,,,,,
Day,Date High,High,Date Low,Low,Closing,No. of Trades,No. of Shares,Turnover,Last Traded,Days Traded
2010-01-04 00:00:00,2010-01-04 00:00:00,69.5,2010-01-04 00:00:00,65.25,67.5,2,1000,67375,2010-01-04 00:00:00,1
2010-01-05 00:00:00,2010-01-05 00:00:00,69.75,2010-01-05 00:00:00,68,68,2,3200,217775,2010-01-05 00:00:00,1
2010-01-06 00:00:00,2010-01-06 00:00:00,70,2010-01-06 00:00:00,68.25,69.25,16,6600,456900,2010-01-06 00:00:00,1
2010-01-11 00:00:00,2010-01-11 00:00:00,69.75,2010-01-11 00:00:00,68,68.25,5,2400,163825,2010-01-11 00:00:00,1
2010-01-12 00:00:00,2010-01-12 00:00:00,68,2010-01-12 00:00:00,68,68,2,3000,204000,2010-01-12 00:00:00,1
2010-01-13 00:00:00,2010-01-13 00:00:00,68,2010-01-13 00:00:00,67.75,68,2,3900,265175,2010-01-13 00:00:00,1
2010-01-15 00:00:00,2010-01-15 00:00:00,72.5,2010-01-15 00:00:00,68,72.25,14,63100,4398050,2010-01-15 00:00:00,1
2010-01-18 00:00:00,2010-01-18 00:00:00,72.5,2010-01-18 00:00:00,70,70,19,24900,1756950,2010-01-18 00:00:00,1
2010-01-19 00:00:00,2010-01-19 00:00:00,72.5,2010-01-19 00:00:00,70,70.5,18,16800,1177050,2010-01-19 00:00:00,1
2010-01-20 00:00:00,2010-01-20 00:00:00,72.5,2010-01-20 00:00:00,70,71.25,8,4600,328100,2010-01-20 00:00:00,1
2010-01-22 00:00:00,2010-01-22 00:00:00,72.25,2010-01-22 00:00:00,68,72.25,2,400,28475,2010-01-22 00:00:00,1
2010-01-25 00:00:00,2010-01-25 00:00:00,70.5,2010-01-25 00:00:00,68.75,69,5,4000,276400,2010-01-25 00:00:00,1
2010-01-26 00:00:00,2010-01-26 00:00:00,68.25,2010-01-26 00:00:00,68,68,4,2600,176975,2010-01-26 00:00:00,1
2010-01-28 00:00:00,2010-01-28 00:00:00,68.25,2010-01-28 00:00:00,68,68,8,12400,843250,2010-01-28 00:00:00,1
2010-02-01 00:00:00,2010-02-01 00:00:00,68.25,2010-02-01 00:00:00,68,68.25,2,200,13625,2010-02-01 00:00:00,1
2010-02-02 00:00:00,2010-02-02 00:00:00,68,2010-02-02 00:00:00,68,68,5,1600,108800,2010-02-02 00:00:00,1
2010-02-03 00:00:00,2010-02-03 00:00:00,68,2010-02-03 00:00:00,68,68,7,2000,136000,2010-02-03 00:00:00,1
2010-02-05 00:00:00,2010-02-05 00:00:00,68.5,2010-02-05 00:00:00,68,68.5,3,1200,81675,2010-02-05 00:00:00,1
2010-02-08 00:00:00,2010-02-08 00:00:00,67.25,2010-02-08 00:00:00,67,67,9,4200,281650,2010-02-08 00:00:00,1
2010-02-09 00:00:00,2010-02-09 00:00:00,67,2010-02-09 00:00:00,64.25,65,19,8500,555025,2010-02-09 00:00:00,1
2010-02-10 00:00:00,2010-02-10 00:00:00,65.25,2010-02-10 00:00:00,64.75,65,5,10000,650750,2010-02-10 00:00:00,1
2010-02-11 00:00:00,2010-02-11 00:00:00,65,2010-02-11 00:00:00,65,65,2,400,26000,2010-02-11 00:00:00,1
2010-02-12 00:00:00,2010-02-12 00:00:00,65,2010-02-12 00:00:00,64,64.5,8,3800,243775,2010-02-12 00:00:00,1
2010-02-15 00:00:00,2010-02-15 00:00:00,64,2010-02-15 00:00:00,64,64,1,500,32000,2010-02-15 00:00:00,1
2010-02-16 00:00:00,2010-02-16 00:00:00,65,2010-02-16 00:00:00,63.5,63.5,2,400,25700,2010-02-16 00:00:00,1
2010-02-17 00:00:00,2010-02-17 00:00:00,65,2010-02-17 00:00:00,60,65,11,3600,220750,2010-02-17 00:00:00,1
2010-02-19 00:00:00,2010-02-19 00:00:00,65,2010-02-19 00:00:00,65,65,4,2700,175500,2010-02-19 00:00:00,1
2010-02-22 00:00:00,2010-02-22 00:00:00,65.25,2010-02-22 00:00:00,65.25,65.25,1,200,13050,2010-02-22 00:00:00,1
2010-02-23 00:00:00,2010-02-23 00:00:00,70.25,2010-02-23 00:00:00,66,70,28,28100,1964100,2010-02-23 00:00:00,1
2010-02-24 00:00:00,2010-02-24 00:00:00,70.75,2010-02-24 00:00:00,66.25,70.75,5,800,54650,2010-02-24 00:00:00,1
2010-02-26 00:00:00,2010-02-26 00:00:00,71,2010-02-26 00:00:00,70.75,71,2,200,14175,2010-02-26 00:00:00,1
2010-03-01 00:00:00,2010-03-01 00:00:00,71.25,2010-03-01 00:00:00,71,71.25,6,5400,383525,2010-03-01 00:00:00,1
2010-03-02 00:00:00,2010-03-02 00:00:00,77,2010-03-02 00:00:00,73,73,61,38500,2866350,2010-03-02 00:00:00,1
2010-03-03 00:00:00,2010-03-03 00:00:00,75,2010-03-03 00:00:00,73,74.5,16,13300,987125,2010-03-03 00:00:00,1
2010-03-04 00:00:00,2010-03-04 00:00:00,75,2010-03-04 00:00:00,70,75,4,5300,396925,2010-03-04 00:00:00,1
2010-03-05 00:00:00,2010-03-05 00:00:00,77,2010-03-05 00:00:00,75,75.25,54,82600,6212050,2010-03-05 00:00:00,1
2010-03-08 00:00:00,2010-03-08 00:00:00,81,2010-03-08 00:00:00,75.25,80,137,96100,7616000,2010-03-08 00:00:00,1
2010-03-09 00:00:00,2010-03-09 00:00:00,80,2010-03-09 00:00:00,77,79.75,20,12200,968850,2010-03-09 00:00:00,1
2010-03-10 00:00:00,2010-03-10 00:00:00,79.5,2010-03-10 00:00:00,78,78.5,10,6000,472600,2010-03-10 00:00:00,1
2010-03-11 00:00:00,2010-03-11 00:00:00,77,2010-03-11 00:00:00,76,76.75,5,1000,76800,2010-03-11 00:00:00,1
2010-03-16 00:00:00,2010-03-16 00:00:00,77.25,2010-03-16 00:00:00,77.25,77.25,1,500,38625,2010-03-16 00:00:00,1
2010-03-17 00:00:00,2010-03-17 00:00:00,77,2010-03-17 00:00:00,77,77,2,1100,84700,2010-03-17 00:00:00,1
2010-03-18 00:00:00,2010-03-18 00:00:00,77,2010-03-18 00:00:00,75,75.25,7,6000,453000,2010-03-18 00:00:00,1
2010-03-19 00:00:00,2010-03-19 00:00:00,74.75,2010-03-19 00:00:00,74.5,74.5,3,2400,179050,2010-03-19 00:00:00,1
2010-03-22 00:00:00,2010-03-22 00:00:00,74.75,2010-03-22 00:00:00,74.75,74.75,2,600,44850,2010-03-22 00:00:00,1
2010-04-05 00:00:00,2010-04-05 00:00:00,77,2010-04-05 00:00:00,72.25,74.5,6,5200,387400,2010-04-05 00:00:00,1
2010-04-06 00:00:00,2010-04-06 00:00:00,77,2010-04-06 00:00:00,73,77,10,127400,9786200,2010-04-06 00:00:00,1
2010-04-07 00:00:00,2010-04-07 00:00:00,77,2010-04-07 00:00:00,77,77,5,4300,331100,2010-04-07 00:00:00,1
2010-04-08 00:00:00,2010-04-08 00:00:00,77,2010-04-08 00:00:00,77,77,8,3500,269500,2010-04-08 00:00:00,1
2010-04-12 00:00:00,2010-04-12 00:00:00,80,2010-04-12 00:00:00,79.75,80,15,16100,1287875,2010-04-12 00:00:00,1
2010-04-15 00:00:00,2010-04-15 00:00:00,81.5,2010-04-15 00:00:00,76,80.5,9,7800,627325,2010-04-15 00:00:00,1
2010-04-16 00:00:00,2010-04-16 00:00:00,81,2010-04-16 00:00:00,78,79.5,4,1500,119625,2010-04-16 00:00:00,1
2010-04-19 00:00:00,2010-04-19 00:00:00,82,2010-04-19 00:00:00,80,81,9,12000,972000,2010-04-19 00:00:00,1
2010-04-20 00:00:00,2010-04-20 00:00:00,83,2010-04-20 00:00:00,80.5,80.75,7,5000,410525,2010-04-20 00:00:00,1
2010-04-21 00:00:00,2010-04-21 00:00:00,82,2010-04-21 00:00:00,80,80.25,5,2800,224200,2010-04-21 00:00:00,1
2010-04-22 00:00:00,2010-04-22 00:00:00,80,2010-04-22 00:00:00,80,80,6,6200,496000,2010-04-22 00:00:00,1
2010-04-23 00:00:00,2010-04-23 00:00:00,92,2010-04-23 00:00:00,82,90,49,39200,3458650,2010-04-23 00:00:00,1
2010-04-26 00:00:00,2010-04-26 00:00:00,94,2010-04-26 00:00:00,88,88,23,15100,1358750,2010-04-26 00:00:00,1
2010-04-27 00:00:00,2010-04-27 00:00:00,88.25,2010-04-27 00:00:00,85,85.25,6,5000,429125,2010-04-27 00:00:00,1
2010-04-29 00:00:00,2010-04-29 00:00:00,89.75,2010-04-29 00:00:00,89.75,89.75,1,100,8975,2010-04-29 00:00:00,1
2010-04-30 00:00:00,2010-04-30 00:00:00,90,2010-04-30 00:00:00,90,90,2,5000,450000,2010-04-30 00:00:00,1
2010-05-04 00:00:00,2010-05-04 00:00:00,90,2010-05-04 00:00:00,83,89.75,12,21800,1949900,2010-05-04 00:00:00,1
2010-05-05 00:00:00,2010-05-05 00:00:00,91,2010-05-05 00:00:00,90,90,28,49600,4464100,2010-05-05 00:00:00,1
2010-05-06 00:00:00,2010-05-06 00:00:00,94,2010-05-06 00:00:00,90.25,93.75,7,13400,1220400,2010-05-06 00:00:00,1
2010-05-07 00:00:00,2010-05-07 00:00:00,97,2010-05-07 00:00:00,95,96.5,22,15600,1508125,2010-05-07 00:00:00,1
2010-05-10 00:00:00,2010-05-10 00:00:00,98,2010-05-10 00:00:00,98,98,1,200,19600,2010-05-10 00:00:00,1
2010-05-19 00:00:00,2010-05-19 00:00:00,93,2010-05-19 00:00:00,87,91.5,11,2300,207525,2010-05-19 00:00:00,1
2010-05-20 00:00:00,2010-05-20 00:00:00,91,2010-05-20 00:00:00,90,90,11,1300,117425,2010-05-20 00:00:00,1
2010-05-21 00:00:00,2010-05-21 00:00:00,90,2010-05-21 00:00:00,89,89,8,4400,394900,2010-05-21 00:00:00,1
2010-05-24 00:00:00,2010-05-24 00:00:00,90,2010-05-24 00:00:00,89,90,8,1300,116850,2010-05-24 00:00:00,1
2010-05-25 00:00:00,2010-05-25 00:00:00,90,2010-05-25 00:00:00,90,90,2,200,18000,2010-05-25 00:00:00,1
2010-05-26 00:00:00,2010-05-26 00:00:00,93.5,2010-05-26 00:00:00,92,93.25,5,3700,343625,2010-05-26 00:00:00,1
2010-05-31 00:00:00,2010-05-31 00:00:00,94,2010-05-31 00:00:00,93.5,94,6,2800,263150,2010-05-31 00:00:00,1
2010-06-01 00:00:00,2010-06-01 00:00:00,90.75,2010-06-01 00:00:00,90.75,90.75,4,2000,181500,2010-06-01 00:00:00,1
2010-06-02 00:00:00,2010-06-02 00:00:00,94.75,2010-06-02 00:00:00,94.75,94.75,10,5200,492700,2010-06-02 00:00:00,1
2010-06-04 00:00:00,2010-06-04 00:00:00,100.25,2010-06-04 00:00:00,95,98.75,23,14200,1368075,2010-06-04 00:00:00,1
2010-06-08 00:00:00,2010-06-08 00:00:00,95,2010-06-08 00:00:00,91.25,95,4,4500,427125,2010-06-08 00:00:00,1
2010-06-09 00:00:00,2010-06-09 00:00:00,107.75,2010-06-09 00:00:00,99,106,43,34300,3581225,2010-06-09 00:00:00,1
2010-06-10 00:00:00,2010-06-10 00:00:00,110,2010-06-10 00:00:00,109.75,110,21,11000,1209500,2010-06-10 00:00:00,1
2010-06-11 00:00:00,2010-06-11 00:00:00,110,2010-06-11 00:00:00,106.5,108.75,3,300,32625,2010-06-11 00:00:00,1
2010-06-15 00:00:00,2010-06-15 00:00:00,108.75,2010-06-15 00:00:00,104,104,2,1100,114875,2010-06-15 00:00:00,1
2010-06-16 00:00:00,2010-06-16 00:00:00,104,2010-06-16 00:00:00,96.75,96.75,2,200,20075,2010-06-16 00:00:00,1
2010-06-17 00:00:00,2010-06-17 00:00:00,97.25,2010-06-17 00:00:00,97.25,97.25,1,200,19450,2010-06-17 00:00:00,1
2010-06-22 00:00:00,2010-06-22 00:00:00,95,2010-06-22 00:00:00,95,95,1,1000,95000,2010-06-22 00:00:00,1
2010-06-23 00:00:00,2010-06-23 00:00:00,93.5,2010-06-23 00:00:00,93.5,93.5,2,1000,93500,2010-06-23 00:00:00,1
2010-06-24 00:00:00,2010-06-24 00:00:00,95,2010-06-24 00:00:00,93.25,95,2,300,28325,2010-06-24 00:00:00,1
2010-06-28 00:00:00,2010-06-28 00:00:00,95,2010-06-28 00:00:00,94.75,95,3,1100,104475,2010-06-28 00:00:00,1
2010-07-01 00:00:00,2010-07-01 00:00:00,98.5,2010-07-01 00:00:00,95.5,98.5,2,300,29250,2010-07-01 00:00:00,1
2010-07-05 00:00:00,2010-07-05 00:00:00,85.75,2010-07-05 00:00:00,85.75,85.75,1,100,8575,2010-07-05 00:00:00,1
2010-07-06 00:00:00,2010-07-06 00:00:00,90,2010-07-06 00:00:00,90,90,2,1000,90000,2010-07-06 00:00:00,1
2010-07-07 00:00:00,2010-07-07 00:00:00,90,2010-07-07 00:00:00,90,90,9,93500,8415000,2010-07-07 00:00:00,1
2010-07-08 00:00:00,2010-07-08 00:00:00,90,2010-07-08 00:00:00,90,90,1,300,27000,2010-07-08 00:00:00,1
2010-07-13 00:00:00,2010-07-13 00:00:00,90.5,2010-07-13 00:00:00,90,90,12,439100,39519675,2010-07-13 00:00:00,1
2010-07-14 00:00:00,2010-07-14 00:00:00,93,2010-07-14 00:00:00,90.5,92.75,3,1100,102050,2010-07-14 00:00:00,1
2010-07-15 00:00:00,2010-07-15 00:00:00,93.5,2010-07-15 00:00:00,93.5,93.5,2,300,28050,2010-07-15 00:00:00,1
2010-07-16 00:00:00,2010-07-16 00:00:00,95,2010-07-16 00:00:00,94.75,94.75,2,2000,189750,2010-07-16 00:00:00,1
2010-07-20 00:00:00,2010-07-20 00:00:00,100,2010-07-20 00:00:00,97.75,100,16,13500,1343675,2010-07-20 00:00:00,1
2010-07-21 00:00:00,2010-07-21 00:00:00,101,2010-07-21 00:00:00,98,98,9,3500,348100,2010-07-21 00:00:00,1
2010-07-22 00:00:00,2010-07-22 00:00:00,98,2010-07-22 00:00:00,97,97,4,3400,333100,2010-07-22 00:00:00,1
2010-07-23 00:00:00,2010-07-23 00:00:00,97,2010-07-23 00:00:00,95,95.5,2,2500,238500,2010-07-23 00:00:00,1
2010-07-26 00:00:00,2010-07-26 00:00:00,96,2010-07-26 00:00:00,95,96,3,3300,316400,2010-07-26 00:00:00,1
2010-07-27 00:00:00,2010-07-27 00:00:00,98,2010-07-27 00:00:00,98,98,1,500,49000,2010-07-27 00:00:00,1
2010-07-28 00:00:00,2010-07-28 00:00:00,104.75,2010-07-28 00:00:00,97.75,103.25,82,49900,5059675,2010-07-28 00:00:00,1
2010-07-29 00:00:00,2010-07-29 00:00:00,106,2010-07-29 00:00:00,103.5,103.5,12,6300,658900,2010-07-29 00:00:00,1
2010-07-30 00:00:00,2010-07-30 00:00:00,103.5,2010-07-30 00:00:00,103.5,103.5,2,2000,207000,2010-07-30 00:00:00,1
2010-08-02 00:00:00,2010-08-02 00:00:00,108.9,2010-08-02 00:00:00,103.5,103.5,7,3400,369600,2010-08-02 00:00:00,1
2010-08-03 00:00:00,2010-08-03 00:00:00,105,2010-08-03 00:00:00,105,105,1,200,21000,2010-08-03 00:00:00,1
2010-08-06 00:00:00,2010-08-06 00:00:00,100.3,2010-08-06 00:00:00,100.3,100.3,1,1000,100300,2010-08-06 00:00:00,1
2010-08-09 00:00:00,2010-08-09 00:00:00,92,2010-08-09 00:00:00,92,92,3,3600,331200,2010-08-09 00:00:00,1
2010-08-10 00:00:00,2010-08-10 00:00:00,92,2010-08-10 00:00:00,92,92,2,600,55200,2010-08-10 00:00:00,1
2010-08-11 00:00:00,2010-08-11 00:00:00,93.5,2010-08-11 00:00:00,93.5,93.5,3,2000,187000,2010-08-11 00:00:00,1
2010-08-12 00:00:00,2010-08-12 00:00:00,98,2010-08-12 00:00:00,98,98,1,200,19600,2010-08-12 00:00:00,1
2010-08-13 00:00:00,2010-08-13 00:00:00,101,2010-08-13 00:00:00,99,99.9,11,2700,269900,2010-08-13 00:00:00,1
2010-08-16 00:00:00,2010-08-16 00:00:00,99,2010-08-16 00:00:00,99,99,1,100,9900,2010-08-16 00:00:00,1
2010-08-17 00:00:00,2010-08-17 00:00:00,99,2010-08-17 00:00:00,99,99,1,200,19800,2010-08-17 00:00:00,1
2010-08-19 00:00:00,2010-08-19 00:00:00,106,2010-08-19 00:00:00,99,106,19,15900,1640530,2010-08-19 00:00:00,1
2010-08-20 00:00:00,2010-08-20 00:00:00,111,2010-08-20 00:00:00,100,104.8,21,7300,768010,2010-08-20 00:00:00,1
2010-08-23 00:00:00,2010-08-23 00:00:00,106.9,2010-08-23 00:00:00,97,97.5,4,2100,204790,2010-08-23 00:00:00,1
2010-08-25 00:00:00,2010-08-25 00:00:00,107.2,2010-08-25 00:00:00,105,106,18,7500,797520,2010-08-25 00:00:00,1
2010-08-26 00:00:00,2010-08-26 00:00:00,106,2010-08-26 00:00:00,106,106,1,200,21200,2010-08-26 00:00:00,1
2010-08-27 00:00:00,2010-08-27 00:00:00,109.9,2010-08-27 00:00:00,106.3,108.2,27,17400,1870970,2010-08-27 00:00:00,1
2010-08-30 00:00:00,2010-08-30 00:00:00,111,2010-08-30 00:00:00,108,109.9,13,6200,674180,2010-08-30 00:00:00,1
2010-08-31 00:00:00,2010-08-31 00:00:00,111,2010-08-31 00:00:00,109.9,109.9,9,1300,143220,2010-08-31 00:00:00,1
2010-09-01 00:00:00,2010-09-01 00:00:00,110,2010-09-01 00:00:00,110,110,2,200,22000,2010-09-01 00:00:00,1
2010-09-02 00:00:00,2010-09-02 00:00:00,115,2010-09-02 00:00:00,109,113.4,23,29400,3244280,2010-09-02 00:00:00,1
2010-09-03 00:00:00,2010-09-03 00:00:00,117,2010-09-03 00:00:00,113,113,27,80700,9148050,2010-09-03 00:00:00,1
2010-09-06 00:00:00,2010-09-06 00:00:00,114,2010-09-06 00:00:00,110,111.4,10,9700,1071300,2010-09-06 00:00:00,1
2010-09-07 00:00:00,2010-09-07 00:00:00,110,2010-09-07 00:00:00,110,110,7,4900,539000,2010-09-07 00:00:00,1
2010-09-08 00:00:00,2010-09-08 00:00:00,114,2010-09-08 00:00:00,110,111.9,15,12100,1336800,2010-09-08 00:00:00,1
2010-09-09 00:00:00,2010-09-09 00:00:00,112.5,2010-09-09 00:00:00,110,111.4,8,5400,601610,2010-09-09 00:00:00,1
2010-09-13 00:00:00,2010-09-13 00:00:00,111,2010-09-13 00:00:00,110,110.5,2,200,22100,2010-09-13 00:00:00,1
2010-09-14 00:00:00,2010-09-14 00:00:00,110.5,2010-09-14 00:00:00,110.5,110.5,3,1000,110500,2010-09-14 00:00:00,1
2010-09-15 00:00:00,2010-09-15 00:00:00,111.5,2010-09-15 00:00:00,111,111,2,1100,122600,2010-09-15 00:00:00,1
2010-09-17 00:00:00,2010-09-17 00:00:00,111,2010-09-17 00:00:00,110,111,8,2000,220710,2010-09-17 00:00:00,1
2010-09-21 00:00:00,2010-09-21 00:00:00,110,2010-09-21 00:00:00,110,110,1,100,11000,2010-09-21 00:00:00,1
2010-09-23 00:00:00,2010-09-23 00:00:00,110,2010-09-23 00:00:00,109,109,3,1800,196500,2010-09-23 00:00:00,1
2010-09-24 00:00:00,2010-09-24 00:00:00,110,2010-09-24 00:00:00,105,105.1,9,3400,363630,2010-09-24 00:00:00,1
2010-09-27 00:00:00,2010-09-27 00:00:00,112,2010-09-27 00:00:00,112,112,1,300,33600,2010-09-27 00:00:00,1
2010-09-28 00:00:00,2010-09-28 00:00:00,108,2010-09-28 00:00:00,100.1,108,4,1200,128210,2010-09-28 00:00:00,1
2010-09-30 00:00:00,2010-09-30 00:00:00,112,2010-09-30 00:00:00,106,111.4,11,810524,83358002.4,2010-09-30 00:00:00,1
2010-10-01 00:00:00,2010-10-01 00:00:00,113,2010-10-01 00:00:00,108,108,2,1400,151700,2010-10-01 00:00:00,1
2010-10-04 00:00:00,2010-10-04 00:00:00,108.5,2010-10-04 00:00:00,106,106,10,2600,276600,2010-10-04 00:00:00,1
2010-10-05 00:00:00,2010-10-05 00:00:00,101.1,2010-10-05 00:00:00,100,100.8,11,21100,2127250,2010-10-05 00:00:00,1
2010-10-06 00:00:00,2010-10-06 00:00:00,105.4,2010-10-06 00:00:00,100.4,100.4,6,1800,186220,2010-10-06 00:00:00,1
2010-10-07 00:00:00,2010-10-07 00:00:00,105.9,2010-10-07 00:00:00,101,105.8,7,1800,183750,2010-10-07 00:00:00,1
2010-10-08 00:00:00,2010-10-08 00:00:00,106,2010-10-08 00:00:00,105,105,4,800,84180,2010-10-08 00:00:00,1
2010-10-11 00:00:00,2010-10-11 00:00:00,101,2010-10-11 00:00:00,101,101,2,200,20200,2010-10-11 00:00:00,1
2010-10-12 00:00:00,2010-10-12 00:00:00,100.7,2010-10-12 00:00:00,100,100,4,1700,170340,2010-10-12 00:00:00,1
2010-10-13 00:00:00,2010-10-13 00:00:00,98,2010-10-13 00:00:00,98,98,1,1000,98000,2010-10-13 00:00:00,1
2010-10-15 00:00:00,2010-10-15 00:00:00,100,2010-10-15 00:00:00,100,100,1,100,10000,2010-10-15 00:00:00,1
2010-10-18 00:00:00,2010-10-18 00:00:00,98.5,2010-10-18 00:00:00,85.5,85.5,2,200,18400,2010-10-18 00:00:00,1
2010-10-19 00:00:00,2010-10-19 00:00:00,104.5,2010-10-19 00:00:00,94.5,101.5,4,800,77700,2010-10-19 00:00:00,1
2010-10-21 00:00:00,2010-10-21 00:00:00,107,2010-10-21 00:00:00,98.1,98.1,8,1500,152760,2010-10-21 00:00:00,1
2010-10-25 00:00:00,2010-10-25 00:00:00,91.6,2010-10-25 00:00:00,91.6,91.6,3,300,27480,2010-10-25 00:00:00,1
2010-10-27 00:00:00,2010-10-27 00:00:00,91.1,2010-10-27 00:00:00,91.1,91.1,1,200,18220,2010-10-27 00:00:00,1
2010-10-28 00:00:00,2010-10-28 00:00:00,100,2010-10-28 00:00:00,100,100,2,200,20000,2010-10-28 00:00:00,1
2010-11-02 00:00:00,2010-11-02 00:00:00,102,2010-11-02 00:00:00,92,92,2,200,19400,2010-11-02 00:00:00,1
2010-11-03 00:00:00,2010-11-03 00:00:00,92.1,2010-11-03 00:00:00,89,89,6,1600,146930,2010-11-03 00:00:00,1
2010-11-04 00:00:00,2010-11-04 00:00:00,92,2010-11-04 00:00:00,92,92,2,300,27600,2010-11-04 00:00:00,1
2010-11-08 00:00:00,2010-11-08 00:00:00,92,2010-11-08 00:00:00,90,92,7,4000,363420,2010-11-08 00:00:00,1
2010-11-09 00:00:00,2010-11-09 00:00:00,92,2010-11-09 00:00:00,90.5,91.8,3,1200,110120,2010-11-09 00:00:00,1
2010-11-10 00:00:00,2010-11-10 00:00:00,94,2010-11-10 00:00:00,91,91,3,1200,109510,2010-11-10 00:00:00,1
2010-11-12 00:00:00,2010-11-12 00:00:00,94,2010-11-12 00:00:00,94,94,1,200,18800,2010-11-12 00:00:00,1
2010-11-16 00:00:00,2010-11-16 00:00:00,91.5,2010-11-16 00:00:00,91,91.1,5,8600,783680,2010-11-16 00:00:00,1
2010-11-18 00:00:00,2010-11-18 00:00:00,92,2010-11-18 00:00:00,92,92,1,200,18400,2010-11-18 00:00:00,1
2010-11-23 00:00:00,2010-11-23 00:00:00,96.8,2010-11-23 00:00:00,92,92,14,12700,1169490,2010-11-23 00:00:00,1
2010-11-24 00:00:00,2010-11-24 00:00:00,91.5,2010-11-24 00:00:00,91.5,91.5,5,10000,915000,2010-11-24 00:00:00,1
2010-11-25 00:00:00,2010-11-25 00:00:00,92,2010-11-25 00:00:00,92,92,2,200,18400,2010-11-25 00:00:00,1
2010-11-29 00:00:00,2010-11-29 00:00:00,91,2010-11-29 00:00:00,90,90.5,3,600,54300,2010-11-29 00:00:00,1
2010-12-01 00:00:00,2010-12-01 00:00:00,93,2010-12-01 00:00:00,93,93,3,9000,837000,2010-12-01 00:00:00,1
2010-12-06 00:00:00,2010-12-06 00:00:00,96,2010-12-06 00:00:00,96,96,1,2500,240000,2010-12-06 00:00:00,1
2010-12-07 00:00:00,2010-12-07 00:00:00,86.3,2010-12-07 00:00:00,86.3,86.3,1,200,17260,2010-12-07 00:00:00,1
2010-12-10 00:00:00,2010-12-10 00:00:00,87.5,2010-12-10 00:00:00,87.5,87.5,1,100,8750,2010-12-10 00:00:00,1
2010-12-15 00:00:00,2010-12-15 00:00:00,96,2010-12-15 00:00:00,96,96,1,100,9600,2010-12-15 00:00:00,1
2010-12-17 00:00:00,2010-12-17 00:00:00,94,2010-12-17 00:00:00,94,94,1,8400,789600,2010-12-17 00:00:00,1
2010-12-22 00:00:00,2010-12-22 00:00:00,92,2010-12-22 00:00:00,92,92,1,100,9200,2010-12-22 00:00:00,1
2010-12-23 00:00:00,2010-12-23 00:00:00,98,2010-12-23 00:00:00,95,97.9,3,1100,107430,2010-12-23 00:00:00,1
2010-12-24 00:00:00,2010-12-24 00:00:00,97,2010-12-24 00:00:00,97,97,2,1900,184300,2010-12-24 00:00:00,1
2010-12-30 00:00:00,2010-12-30 00:00:00,95.6,2010-12-30 00:00:00,95.5,95.6,3,300,28670,2010-12-30 00:00:00,1
2010-12-31 00:00:00,2010-12-31 00:00:00,95.7,2010-12-31 00:00:00,95.7,95.7,1,100,9570,2010-12-31 00:00:00,1
Company Id,:  TESS,Security,Type :  N,Sub Type,:  0000,,,,,
Short Name,:  TESS AGRO,,,,,,,,,
Day,Date High,High,Date Low,Low,Closing,No. of Trades,No. of Shares,Turnover,Last Traded,Days Traded
2010-01-04 00:00:00,2010-01-04 00:00:00,1.6,2010-01-04 00:00:00,1.5,1.5,52,1039300,1580350,2010-01-04 00:00:00,1
2010-01-05 00:00:00,2010-01-05 00:00:00,1.6,2010-01-05 00:00:00,1.5,1.5,24,504800,757210,2010-01-05 00:00:00,1
2010-01-06 00:00:00,2010-01-06 00:00:00,1.5,2010-01-06 00:00:00,1.5,1.5,14,311600,467400,2010-01-06 00:00:00,1
2010-01-07 00:00:00,2010-01-07 00:00:00,1.5,2010-01-07 00:00:00,1.5,1.5,20,189200,283800,2010-01-07 00:00:00,1
2010-01-08 00:00:00,2010-01-08 00:00:00,1.6,2010-01-08 00:00:00,1.5,1.5,18,97900,146880,2010-01-08 00:00:00,1
2010-01-11 00:00:00,2010-01-11 00:00:00,1.5,2010-01-11 00:00:00,1.5,1.5,30,1047000,1570500,2010-01-11 00:00:00,1
2010-01-12 00:00:00,2010-01-12 00:00:00,1.5,2010-01-12 00:00:00,1.4,1.5,27,367000,550200,2010-01-12 00:00:00,1
2010-01-13 00:00:00,2010-01-13 00:00:00,1.5,2010-01-13 00:00:00,1.4,1.5,84,2228200,3123520,2010-01-13 00:00:00,1
2010-01-15 00:00:00,2010-01-15 00:00:00,1.5,2010-01-15 00:00:00,1.4,1.4,13,485500,680500,2010-01-15 00:00:00,1
2010-01-18 00:00:00,2010-01-18 00:00:00,1.5,2010-01-18 00:00:00,1.4,1.4,10,74300,104250,2010-01-18 00:00:00,1
2010-01-19 00:00:00,2010-01-19 00:00:00,1.5,2010-01-19 00:00:00,1.4,1.4,9,153800,215430,2010-01-19 00:00:00,1
2010-01-20 00:00:00,2010-01-20 00:00:00,1.4,2010-01-20 00:00:00,1.4,1.4,3,11000,15400,2010-01-20 00:00:00,1
2010-01-21 00:00:00,2010-01-21 00:00:00,1.4,2010-01-21 00:00:00,1.4,1.4,5,11000,15400,2010-01-21 00:00:00,1
2010-01-22 00:00:00,2010-01-22 00:00:00,1.5,2010-01-22 00:00:00,1.4,1.5,47,793400,1140100,2010-01-22 00:00:00,1
2010-01-25 00:00:00,2010-01-25 00:00:00,1.5,2010-01-25 00:00:00,1.5,1.5,23,959300,1438950,2010-01-25 00:00:00,1
2010-01-26 00:00:00,2010-01-26 00:00:00,1.8,2010-01-26 00:00:00,1.5,1.5,18,219000,329400,2010-01-26 00:00:00,1
2010-01-28 00:00:00,2010-01-28 00:00:00,1.5,2010-01-28 00:00:00,1.4,1.5,57,647700,911300,2010-01-28 00:00:00,1
2010-02-01 00:00:00,2010-02-01 00:00:00,1.5,2010-02-01 00:00:00,1.4,1.5,63,1066500,1548290,2010-02-01 00:00:00,1
2010-02-02 00:00:00,2010-02-02 00:00:00,1.5,2010-02-02 00:00:00,1.5,1.5,47,498700,748050,2010-02-02 00:00:00,1
2010-02-03 00:00:00,2010-02-03 00:00:00,1.5,2010-02-03 00:00:00,1.4,1.4,32,535200,790870,2010-02-03 00:00:00,1
2010-02-05 00:00:00,2010-02-05 00:00:00,1.5,2010-02-05 00:00:00,1.4,1.5,12,95800,143050,2010-02-05 00:00:00,1
2010-02-08 00:00:00,2010-02-08 00:00:00,1.6,2010-02-08 00:00:00,1.4,1.6,163,2505200,3895130,2010-02-08 00:00:00,1
2010-02-09 00:00:00,2010-02-09 00:00:00,1.5,2010-02-09 00:00:00,1.5,1.5,53,447700,671550,2010-02-09 00:00:00,1
2010-02-10 00:00:00,2010-02-10 00:00:00,1.5,2010-02-10 00:00:00,1.4,1.4,15,133900,200600,2010-02-10 00:00:00,1
2010-02-11 00:00:00,2010-02-11 00:00:00,1.6,2010-02-11 00:00:00,1.4,1.5,38,847200,1280790,2010-02-11 00:00:00,1
2010-02-12 00:00:00,2010-02-12 00:00:00,1.5,2010-02-12 00:00:00,1.4,1.4,23,170100,242340,2010-02-12 00:00:00,1
2010-02-15 00:00:00,2010-02-15 00:00:00,1.5,2010-02-15 00:00:00,1.4,1.5,10,125100,177140,2010-02-15 00:00:00,1
2010-02-16 00:00:00,2010-02-16 00:00:00,1.6,2010-02-16 00:00:00,1.5,1.5,8,52800,83200,2010-02-16 00:00:00,1
2010-02-17 00:00:00,2010-02-17 00:00:00,1.5,2010-02-17 00:00:00,1.4,1.4,8,50700,73010,2010-02-17 00:00:00,1
2010-02-18 00:00:00,2010-02-18 00:00:00,1.5,2010-02-18 00:00:00,1.4,1.5,28,259500,388050,2010-02-18 00:00:00,1
2010-02-19 00:00:00,2010-02-19 00:00:00,1.5,2010-02-19 00:00:00,1.4,1.5,6,150000,224000,2010-02-19 00:00:00,1
2010-02-22 00:00:00,2010-02-22 00:00:00,1.5,2010-02-22 00:00:00,1.4,1.5,87,1987400,2950110,2010-02-22 00:00:00,1
2010-02-23 00:00:00,2010-02-23 00:00:00,1.6,2010-02-23 00:00:00,1.5,1.5,30,816400,1224610,2010-02-23 00:00:00,1
2010-02-24 00:00:00,2010-02-24 00:00:00,1.6,2010-02-24 00:00:00,1.5,1.5,20,99700,149590,2010-02-24 00:00:00,1
2010-02-25 00:00:00,2010-02-25 00:00:00,1.5,2010-02-25 00:00:00,1.5,1.5,17,438800,658200,2010-02-25 00:00:00,1
2010-02-26 00:00:00,2010-02-26 00:00:00,1.5,2010-02-26 00:00:00,1.4,1.5,9,215500,323030,2010-02-26 00:00:00,1
2010-03-01 00:00:00,2010-03-01 00:00:00,1.6,2010-03-01 00:00:00,1.5,1.5,24,511800,769210,2010-03-01 00:00:00,1
2010-03-02 00:00:00,2010-03-02 00:00:00,1.5,2010-03-02 00:00:00,1.5,1.5,33,151700,227550,2010-03-02 00:00:00,1
2010-03-03 00:00:00,2010-03-03 00:00:00,1.5,2010-03-03 00:00:00,1.5,1.5,6,23500,35250,2010-03-03 00:00:00,1
2010-03-04 00:00:00,2010-03-04 00:00:00,1.5,2010-03-04 00:00:00,1.4,1.4,10,31700,45900,2010-03-04 00:00:00,1
2010-03-05 00:00:00,2010-03-05 00:00:00,1.6,2010-03-05 00:00:00,1.5,1.6,58,1005700,1533550,2010-03-05 00:00:00,1
2010-03-08 00:00:00,2010-03-08 00:00:00,1.6,2010-03-08 00:00:00,1.5,1.5,91,642200,971830,2010-03-08 00:00:00,1
2010-03-09 00:00:00,2010-03-09 00:00:00,1.6,2010-03-09 00:00:00,1.5,1.5,20,596900,895550,2010-03-09 00:00:00,1
2010-03-10 00:00:00,2010-03-10 00:00:00,1.5,2010-03-10 00:00:00,1.5,1.5,16,325000,487500,2010-03-10 00:00:00,1
2010-03-11 00:00:00,2010-03-11 00:00:00,1.6,2010-03-11 00:00:00,1.5,1.5,11,147500,221260,2010-03-11 00:00:00,1
2010-03-12 00:00:00,2010-03-12 00:00:00,1.5,2010-03-12 00:00:00,1.5,1.5,31,429200,643800,2010-03-12 00:00:00,1
2010-03-15 00:00:00,2010-03-15 00:00:00,1.5,2010-03-15 00:00:00,1.5,1.5,22,160200,240300,2010-03-15 00:00:00,1
2010-03-16 00:00:00,2010-03-16 00:00:00,1.5,2010-03-16 00:00:00,1.5,1.5,24,451600,677400,2010-03-16 00:00:00,1
2010-03-17 00:00:00,2010-03-17 00:00:00,1.5,2010-03-17 00:00:00,1.4,1.5,11,117100,175620,2010-03-17 00:00:00,1
2010-03-18 00:00:00,2010-03-18 00:00:00,1.5,2010-03-18 00:00:00,1.4,1.4,20,351900,492760,2010-03-18 00:00:00,1
2010-03-19 00:00:00,2010-03-19 00:00:00,1.4,2010-03-19 00:00:00,1.4,1.4,6,27700,38780,2010-03-19 00:00:00,1
2010-03-22 00:00:00,2010-03-22 00:00:00,1.4,2010-03-22 00:00:00,1.4,1.4,1,1000,1400,2010-03-22 00:00:00,1
2010-03-23 00:00:00,2010-03-23 00:00:00,1.5,2010-03-23 00:00:00,1.4,1.4,9,192900,270150,2010-03-23 00:00:00,1
2010-03-24 00:00:00,2010-03-24 00:00:00,1.4,2010-03-24 00:00:00,1.4,1.4,6,27700,38780,2010-03-24 00:00:00,1
2010-03-25 00:00:00,2010-03-25 00:00:00,1.5,2010-03-25 00:00:00,1.4,1.4,6,71000,100500,2010-03-25 00:00:00,1
2010-03-26 00:00:00,2010-03-26 00:00:00,1.5,2010-03-26 00:00:00,1.4,1.5,4,10000,14100,2010-03-26 00:00:00,1
2010-03-30 00:00:00,2010-03-30 00:00:00,1.5,2010-03-30 00:00:00,1.4,1.4,5,64800,90730,2010-03-30 00:00:00,1
2010-03-31 00:00:00,2010-03-31 00:00:00,1.5,2010-03-31 00:00:00,1.4,1.5,6,23000,33300,2010-03-31 00:00:00,1
2010-04-01 00:00:00,2010-04-01 00:00:00,1.5,2010-04-01 00:00:00,1.4,1.4,13,205700,288550,2010-04-01 00:00:00,1
2010-04-05 00:00:00,2010-04-05 00:00:00,1.4,2010-04-05 00:00:00,1.4,1.4,2,25400,35560,2010-04-05 00:00:00,1
2010-04-06 00:00:00,2010-04-06 00:00:00,1.5,2010-04-06 00:00:00,1.4,1.5,15,201500,299500,2010-04-06 00:00:00,1
2010-04-07 00:00:00,2010-04-07 00:00:00,1.5,2010-04-07 00:00:00,1.4,1.5,21,231600,330860,2010-04-07 00:00:00,1
2010-04-08 00:00:00,2010-04-08 00:00:00,1.5,2010-04-08 00:00:00,1.5,1.5,1,1500,2250,2010-04-08 00:00:00,1
2010-04-12 00:00:00,2010-04-12 00:00:00,1.5,2010-04-12 00:00:00,1.4,1.4,44,438100,656040,2010-04-12 00:00:00,1
2010-04-15 00:00:00,2010-04-15 00:00:00,1.6,2010-04-15 00:00:00,1.5,1.5,59,455600,683450,2010-04-15 00:00:00,1
2010-04-16 00:00:00,2010-04-16 00:00:00,1.6,2010-04-16 00:00:00,1.5,1.5,44,898200,1352460,2010-04-16 00:00:00,1
2010-04-19 00:00:00,2010-04-19 00:00:00,2,2010-04-19 00:00:00,1.6,1.9,607,15619700,28112890,2010-04-19 00:00:00,1
2010-04-20 00:00:00,2010-04-20 00:00:00,2.2,2010-04-20 00:00:00,1.9,1.9,530,12286100,24887230,2010-04-20 00:00:00,1
2010-04-21 00:00:00,2010-04-21 00:00:00,2,2010-04-21 00:00:00,1.8,1.9,56,603500,1146550,2010-04-21 00:00:00,1
2010-04-22 00:00:00,2010-04-22 00:00:00,1.9,2010-04-22 00:00:00,1.8,1.8,73,2168900,3919570,2010-04-22 00:00:00,1
2010-04-23 00:00:00,2010-04-23 00:00:00,1.9,2010-04-23 00:00:00,1.8,1.8,71,1319000,2385140,2010-04-23 00:00:00,1
2010-04-26 00:00:00,2010-04-26 00:00:00,1.9,2010-04-26 00:00:00,1.8,1.8,41,502200,905280,2010-04-26 00:00:00,1
2010-04-27 00:00:00,2010-04-27 00:00:00,1.8,2010-04-27 00:00:00,1.7,1.8,60,803200,1445660,2010-04-27 00:00:00,1
2010-04-29 00:00:00,2010-04-29 00:00:00,1.9,2010-04-29 00:00:00,1.8,1.8,70,1760200,3179360,2010-04-29 00:00:00,1
2010-04-30 00:00:00,2010-04-30 00:00:00,1.9,2010-04-30 00:00:00,1.7,1.8,35,336300,605040,2010-04-30 00:00:00,1
2010-05-03 00:00:00,2010-05-03 00:00:00,2.1,2010-05-03 00:00:00,1.8,2,315,6137500,12174780,2010-05-03 00:00:00,1
2010-05-04 00:00:00,2010-05-04 00:00:00,2.1,2010-05-04 00:00:00,1.9,2,134,2172100,4365310,2010-05-04 00:00:00,1
2010-05-05 00:00:00,2010-05-05 00:00:00,2.1,2010-05-05 00:00:00,2,2,152,2949500,5952600,2010-05-05 00:00:00,1
2010-05-06 00:00:00,2010-05-06 00:00:00,2.1,2010-05-06 00:00:00,2,2.1,69,896000,1798760,2010-05-06 00:00:00,1
2010-05-07 00:00:00,2010-05-07 00:00:00,2.1,2010-05-07 00:00:00,2,2,67,1106400,2212930,2010-05-07 00:00:00,1
2010-05-10 00:00:00,2010-05-10 00:00:00,2.1,2010-05-10 00:00:00,1.9,2,62,750500,1501660,2010-05-10 00:00:00,1
2010-05-11 00:00:00,2010-05-11 00:00:00,2,2010-05-11 00:00:00,1.9,2,67,1588200,3175360,2010-05-11 00:00:00,1
2010-05-12 00:00:00,2010-05-12 00:00:00,2,2010-05-12 00:00:00,1.9,2,16,378200,733860,2010-05-12 00:00:00,1
2010-05-13 00:00:00,2010-05-13 00:00:00,2,2010-05-13 00:00:00,1.9,2,8,130000,259000,2010-05-13 00:00:00,1
2010-05-14 00:00:00,2010-05-14 00:00:00,2,2010-05-14 00:00:00,1.9,1.9,15,97700,186440,2010-05-14 00:00:00,1
2010-05-17 00:00:00,2010-05-17 00:00:00,2,2010-05-17 00:00:00,1.9,1.9,27,266000,505510,2010-05-17 00:00:00,1
2010-05-18 00:00:00,2010-05-18 00:00:00,2.1,2010-05-18 00:00:00,1.9,2,163,3157000,6315540,2010-05-18 00:00:00,1
2010-05-19 00:00:00,2010-05-19 00:00:00,2,2010-05-19 00:00:00,1.9,2,23,111300,214270,2010-05-19 00:00:00,1
2010-05-20 00:00:00,2010-05-20 00:00:00,2,2010-05-20 00:00:00,1.9,1.9,70,2382900,4530110,2010-05-20 00:00:00,1
2010-05-21 00:00:00,2010-05-21 00:00:00,1.9,2010-05-21 00:00:00,1.8,1.8,32,484800,920120,2010-05-21 00:00:00,1
2010-05-24 00:00:00,2010-05-24 00:00:00,1.9,2010-05-24 00:00:00,1.8,1.8,52,727900,1315810,2010-05-24 00:00:00,1
2010-05-25 00:00:00,2010-05-25 00:00:00,1.9,2010-05-25 00:00:00,1.8,1.9,18,153200,289760,2010-05-25 00:00:00,1
2010-05-26 00:00:00,2010-05-26 00:00:00,1.9,2010-05-26 00:00:00,1.8,1.9,24,832400,1581010,2010-05-26 00:00:00,1
2010-05-31 00:00:00,2010-05-31 00:00:00,1.9,2010-05-31 00:00:00,1.9,1.9,31,303100,575890,2010-05-31 00:00:00,1
2010-06-01 00:00:00,2010-06-01 00:00:00,1.9,2010-06-01 00:00:00,1.8,1.9,24,175600,330360,2010-06-01 00:00:00,1
2010-06-02 00:00:00,2010-06-02 00:00:00,2,2010-06-02 00:00:00,1.8,2,26,763600,1455480,2010-06-02 00:00:00,1
2010-06-03 00:00:00,2010-06-03 00:00:00,2,2010-06-03 00:00:00,1.9,2,86,2230700,4455580,2010-06-03 00:00:00,1
2010-06-04 00:00:00,2010-06-04 00:00:00,2.1,2010-06-04 00:00:00,2,2,49,1317500,2644500,2010-06-04 00:00:00,1
2010-06-07 00:00:00,2010-06-07 00:00:00,2.2,2010-06-07 00:00:00,2,2.1,233,7001800,14724030,2010-06-07 00:00:00,1
2010-06-08 00:00:00,2010-06-08 00:00:00,2.2,2010-06-08 00:00:00,2,2.2,203,5608300,12189320,2010-06-08 00:00:00,1
2010-06-09 00:00:00,2010-06-09 00:00:00,2.3,2010-06-09 00:00:00,2.1,2.2,111,2907400,6400790,2010-06-09 00:00:00,1
2010-06-10 00:00:00,2010-06-10 00:00:00,2.1,2010-06-10 00:00:00,2,2.1,84,936600,1964220,2010-06-10 00:00:00,1
2010-06-11 00:00:00,2010-06-11 00:00:00,2.1,2010-06-11 00:00:00,2,2,87,2357400,4714850,2010-06-11 00:00:00,1
2010-06-14 00:00:00,2010-06-14 00:00:00,2,2010-06-14 00:00:00,1.9,1.9,30,793500,1521990,2010-06-14 00:00:00,1
2010-06-15 00:00:00,2010-06-15 00:00:00,2,2010-06-15 00:00:00,1.9,1.9,35,599200,1138570,2010-06-15 00:00:00,1
2010-06-16 00:00:00,2010-06-16 00:00:00,2,2010-06-16 00:00:00,1.9,2,27,762100,1464450,2010-06-16 00:00:00,1
2010-06-17 00:00:00,2010-06-17 00:00:00,2,2010-06-17 00:00:00,1.9,2,43,3310400,6617400,2010-06-17 00:00:00,1
2010-06-21 00:00:00,2010-06-21 00:00:00,2.1,2010-06-21 00:00:00,2,2.1,109,3320200,6836520,2010-06-21 00:00:00,1
2010-06-22 00:00:00,2010-06-22 00:00:00,2.1,2010-06-22 00:00:00,2,2,28,287700,593700,2010-06-22 00:00:00,1
2010-06-23 00:00:00,2010-06-23 00:00:00,2.1,2010-06-23 00:00:00,2,2,56,1265700,2557400,2010-06-23 00:00:00,1
2010-06-24 00:00:00,2010-06-24 00:00:00,2,2010-06-24 00:00:00,2,2,13,261500,523000,2010-06-24 00:00:00,1
2010-06-28 00:00:00,2010-06-28 00:00:00,2,2010-06-28 00:00:00,1.9,1.9,56,1624900,3186800,2010-06-28 00:00:00,1
2010-06-29 00:00:00,2010-06-29 00:00:00,2.1,2010-06-29 00:00:00,2,2,43,1290900,2582450,2010-06-29 00:00:00,1
2010-06-30 00:00:00,2010-06-30 00:00:00,2.3,2010-06-30 00:00:00,2,2.2,441,15698500,33939480,2010-06-30 00:00:00,1
2010-07-01 00:00:00,2010-07-01 00:00:00,2.4,2010-07-01 00:00:00,2.2,2.3,478,17257800,40653970,2010-07-01 00:00:00,1
2010-07-02 00:00:00,2010-07-02 00:00:00,2.6,2010-07-02 00:00:00,2.4,2.5,577,17339700,43388300,2010-07-02 00:00:00,1
2010-07-05 00:00:00,2010-07-05 00:00:00,2.5,2010-07-05 00:00:00,2.3,2.4,238,4914900,12048460,2010-07-05 00:00:00,1
2010-07-06 00:00:00,2010-07-06 00:00:00,2.5,2010-07-06 00:00:00,2.3,2.4,136,2590000,6215210,2010-07-06 00:00:00,1
2010-07-07 00:00:00,2010-07-07 00:00:00,2.4,2010-07-07 00:00:00,2.2,2.2,137,1951400,4406800,2010-07-07 00:00:00,1
2010-07-08 00:00:00,2010-07-08 00:00:00,2.5,2010-07-08 00:00:00,2.3,2.4,84,1412400,3399860,2010-07-08 00:00:00,1
2010-07-09 00:00:00,2010-07-09 00:00:00,2.5,2010-07-09 00:00:00,2.3,2.4,71,784800,1883680,2010-07-09 00:00:00,1
2010-07-12 00:00:00,2010-07-12 00:00:00,2.6,2010-07-12 00:00:00,2.4,2.5,279,5665400,14081480,2010-07-12 00:00:00,1
2010-07-13 00:00:00,2010-07-13 00:00:00,2.7,2010-07-13 00:00:00,2.5,2.6,310,7055900,18352560,2010-07-13 00:00:00,1
2010-07-14 00:00:00,2010-07-14 00:00:00,2.6,2010-07-14 00:00:00,2.4,2.5,118,2302300,5760400,2010-07-14 00:00:00,1
2010-07-15 00:00:00,2010-07-15 00:00:00,2.8,2010-07-15 00:00:00,2.4,2.7,410,8447700,22176190,2010-07-15 00:00:00,1
2010-07-16 00:00:00,2010-07-16 00:00:00,2.9,2010-07-16 00:00:00,2.7,2.8,438,9006300,25235740,2010-07-16 00:00:00,1
2010-07-19 00:00:00,2010-07-19 00:00:00,2.8,2010-07-19 00:00:00,2.6,2.7,144,2554400,6901730,2010-07-19 00:00:00,1
2010-07-20 00:00:00,2010-07-20 00:00:00,3,2010-07-20 00:00:00,2.7,2.8,333,10609800,30309900,2010-07-20 00:00:00,1
2010-07-21 00:00:00,2010-07-21 00:00:00,2.9,2010-07-21 00:00:00,2.7,2.8,140,2659900,7410070,2010-07-21 00:00:00,1
2010-07-22 00:00:00,2010-07-22 00:00:00,2.8,2010-07-22 00:00:00,2.7,2.7,48,2905800,8110820,2010-07-22 00:00:00,1
2010-07-23 00:00:00,2010-07-23 00:00:00,2.8,2010-07-23 00:00:00,2.7,2.7,71,485000,1321430,2010-07-23 00:00:00,1
2010-07-26 00:00:00,2010-07-26 00:00:00,2.8,2010-07-26 00:00:00,2.7,2.7,43,488400,1322200,2010-07-26 00:00:00,1
2010-07-27 00:00:00,2010-07-27 00:00:00,2.8,2010-07-27 00:00:00,2.6,2.7,77,1108700,2994550,2010-07-27 00:00:00,1
2010-07-28 00:00:00,2010-07-28 00:00:00,2.8,2010-07-28 00:00:00,2.6,2.7,50,2657900,7178140,2010-07-28 00:00:00,1
2010-07-29 00:00:00,2010-07-29 00:00:00,2.7,2010-07-29 00:00:00,2.6,2.7,69,1038300,2796600,2010-07-29 00:00:00,1
2010-07-30 00:00:00,2010-07-30 00:00:00,2.7,2010-07-30 00:00:00,2.6,2.6,44,278400,729800,2010-07-30 00:00:00,1
2010-08-02 00:00:00,2010-08-02 00:00:00,2.7,2010-08-02 00:00:00,2.6,2.7,84,863700,2252220,2010-08-02 00:00:00,1
2010-08-03 00:00:00,2010-08-03 00:00:00,2.7,2010-08-03 00:00:00,2.6,2.6,77,1168400,3085910,2010-08-03 00:00:00,1
2010-08-04 00:00:00,2010-08-04 00:00:00,2.8,2010-08-04 00:00:00,2.6,2.6,43,336000,916220,2010-08-04 00:00:00,1
2010-08-05 00:00:00,2010-08-05 00:00:00,2.6,2010-08-05 00:00:00,2.5,2.6,77,393200,996100,2010-08-05 00:00:00,1
2010-08-06 00:00:00,2010-08-06 00:00:00,2.6,2010-08-06 00:00:00,2.4,2.4,182,1696000,4103530,2010-08-06 00:00:00,1
2010-08-09 00:00:00,2010-08-09 00:00:00,2.4,2010-08-09 00:00:00,2.2,2.3,110,841700,1910140,2010-08-09 00:00:00,1
2010-08-10 00:00:00,2010-08-10 00:00:00,2.5,2010-08-10 00:00:00,2.1,2.5,113,1177200,2663650,2010-08-10 00:00:00,1
2010-08-11 00:00:00,2010-08-11 00:00:00,2.7,2010-08-11 00:00:00,2.4,2.4,114,1068500,2771550,2010-08-11 00:00:00,1
2010-08-12 00:00:00,2010-08-12 00:00:00,2.5,2010-08-12 00:00:00,2.3,2.4,49,436300,1047280,2010-08-12 00:00:00,1
2010-08-13 00:00:00,2010-08-13 00:00:00,2.6,2010-08-13 00:00:00,2.4,2.6,117,1404300,3632700,2010-08-13 00:00:00,1
2010-08-16 00:00:00,2010-08-16 00:00:00,2.6,2010-08-16 00:00:00,2.5,2.5,32,164300,412650,2010-08-16 00:00:00,1
2010-08-17 00:00:00,2010-08-17 00:00:00,2.6,2010-08-17 00:00:00,2.5,2.5,38,185400,463580,2010-08-17 00:00:00,1
2010-08-18 00:00:00,2010-08-18 00:00:00,2.7,2010-08-18 00:00:00,2.5,2.6,65,618400,1606950,2010-08-18 00:00:00,1
2010-08-19 00:00:00,2010-08-19 00:00:00,2.7,2010-08-19 00:00:00,2.5,2.6,97,733500,1919470,2010-08-19 00:00:00,1
2010-08-20 00:00:00,2010-08-20 00:00:00,2.7,2010-08-20 00:00:00,2.5,2.6,82,464500,1203730,2010-08-20 00:00:00,1
2010-08-23 00:00:00,2010-08-23 00:00:00,2.6,2010-08-23 00:00:00,2.5,2.6,45,197100,507470,2010-08-23 00:00:00,1
2010-08-25 00:00:00,2010-08-25 00:00:00,2.6,2010-08-25 00:00:00,2.5,2.5,84,584000,1485350,2010-08-25 00:00:00,1
2010-08-26 00:00:00,2010-08-26 00:00:00,2.6,2010-08-26 00:00:00,2.5,2.5,64,504600,1275720,2010-08-26 00:00:00,1
2010-08-27 00:00:00,2010-08-27 00:00:00,2.6,2010-08-27 00:00:00,2.5,2.5,78,478700,1200910,2010-08-27 00:00:00,1
2010-08-30 00:00:00,2010-08-30 00:00:00,2.7,2010-08-30 00:00:00,2.5,2.5,198,1567000,4006780,2010-08-30 00:00:00,1
2010-08-31 00:00:00,2010-08-31 00:00:00,2.6,2010-08-31 00:00:00,2.4,2.5,70,558400,1399900,2010-08-31 00:00:00,1
2010-09-01 00:00:00,2010-09-01 00:00:00,2.6,2010-09-01 00:00:00,2.4,2.5,205,2434000,6139090,2010-09-01 00:00:00,1
2010-09-02 00:00:00,2010-09-02 00:00:00,2.6,2010-09-02 00:00:00,2.5,2.5,98,645400,1614290,2010-09-02 00:00:00,1
2010-09-03 00:00:00,2010-09-03 00:00:00,2.7,2010-09-03 00:00:00,2.5,2.5,135,1867400,4671360,2010-09-03 00:00:00,1
2010-09-06 00:00:00,2010-09-06 00:00:00,2.6,2010-09-06 00:00:00,2.5,2.5,251,3367400,8532180,2010-09-06 00:00:00,1
2010-09-07 00:00:00,2010-09-07 00:00:00,2.6,2010-09-07 00:00:00,2.4,2.5,159,2317700,5834550,2010-09-07 00:00:00,1
2010-09-08 00:00:00,2010-09-08 00:00:00,2.6,2010-09-08 00:00:00,2.5,2.5,74,1073900,2684780,2010-09-08 00:00:00,1
2010-09-09 00:00:00,2010-09-09 00:00:00,2.7,2010-09-09 00:00:00,2.4,2.7,506,12601100,33752490,2010-09-09 00:00:00,1
2010-09-13 00:00:00,2010-09-13 00:00:00,2.8,2010-09-13 00:00:00,2.6,2.6,115,1269100,3423300,2010-09-13 00:00:00,1
2010-09-14 00:00:00,2010-09-14 00:00:00,2.8,2010-09-14 00:00:00,2.5,2.8,221,5740800,15759750,2010-09-14 00:00:00,1
2010-09-15 00:00:00,2010-09-15 00:00:00,2.9,2010-09-15 00:00:00,2.7,2.7,185,3219800,8914090,2010-09-15 00:00:00,1
2010-09-16 00:00:00,2010-09-16 00:00:00,2.7,2010-09-16 00:00:00,2.6,2.7,72,265300,705260,2010-09-16 00:00:00,1
2010-09-17 00:00:00,2010-09-17 00:00:00,2.9,2010-09-17 00:00:00,2.6,2.8,237,5693000,16178680,2010-09-17 00:00:00,1
2010-09-20 00:00:00,2010-09-20 00:00:00,2.9,2010-09-20 00:00:00,2.6,2.7,85,710800,1923650,2010-09-20 00:00:00,1
2010-09-21 00:00:00,2010-09-21 00:00:00,2.8,2010-09-21 00:00:00,2.6,2.6,57,771100,2028400,2010-09-21 00:00:00,1
2010-09-23 00:00:00,2010-09-23 00:00:00,2.7,2010-09-23 00:00:00,2.5,2.6,114,1069100,2719480,2010-09-23 00:00:00,1
2010-09-24 00:00:00,2010-09-24 00:00:00,2.6,2010-09-24 00:00:00,2.5,2.6,57,558600,1451300,2010-09-24 00:00:00,1
2010-09-27 00:00:00,2010-09-27 00:00:00,2.7,2010-09-27 00:00:00,2.5,2.5,55,428400,1102780,2010-09-27 00:00:00,1
2010-09-28 00:00:00,2010-09-28 00:00:00,2.7,2010-09-28 00:00:00,2.6,2.6,74,607600,1580800,2010-09-28 00:00:00,1
2010-09-29 00:00:00,2010-09-29 00:00:00,3.2,2010-09-29 00:00:00,2.7,2.9,711,10523800,30482550,2010-09-29 00:00:00,1
2010-09-30 00:00:00,2010-09-30 00:00:00,3,2010-09-30 00:00:00,2.7,2.8,385,4226200,12209700,2010-09-30 00:00:00,1
2010-10-01 00:00:00,2010-10-01 00:00:00,3,2010-10-01 00:00:00,2.8,2.9,216,1889000,5481280,2010-10-01 00:00:00,1
2010-10-04 00:00:00,2010-10-04 00:00:00,3,2010-10-04 00:00:00,2.8,2.8,84,833500,2400600,2010-10-04 00:00:00,1
2010-10-05 00:00:00,2010-10-05 00:00:00,2.9,2010-10-05 00:00:00,2.7,2.8,95,603300,1689120,2010-10-05 00:00:00,1
2010-10-06 00:00:00,2010-10-06 00:00:00,2.8,2010-10-06 00:00:00,2.7,2.7,113,865800,2382430,2010-10-06 00:00:00,1
2010-10-07 00:00:00,2010-10-07 00:00:00,2.8,2010-10-07 00:00:00,2.5,2.7,99,1545700,4074760,2010-10-07 00:00:00,1
2010-10-08 00:00:00,2010-10-08 00:00:00,2.7,2010-10-08 00:00:00,2.5,2.7,87,637900,1682460,2010-10-08 00:00:00,1
2010-10-11 00:00:00,2010-10-11 00:00:00,2.8,2010-10-11 00:00:00,2.6,2.7,47,236700,639060,2010-10-11 00:00:00,1
2010-10-12 00:00:00,2010-10-12 00:00:00,2.7,2010-10-12 00:00:00,2.5,2.5,98,839900,2143810,2010-10-12 00:00:00,1
2010-10-13 00:00:00,2010-10-13 00:00:00,2.6,2010-10-13 00:00:00,2.2,2.5,158,1327600,3203280,2010-10-13 00:00:00,1
2010-10-14 00:00:00,2010-10-14 00:00:00,2.6,2010-10-14 00:00:00,2.4,2.6,69,640100,1616820,2010-10-14 00:00:00,1
2010-10-15 00:00:00,2010-10-15 00:00:00,2.6,2010-10-15 00:00:00,2.5,2.6,23,29400,73810,2010-10-15 00:00:00,1
2010-10-18 00:00:00,2010-10-18 00:00:00,2.6,2010-10-18 00:00:00,2.4,2.5,73,761300,1866430,2010-10-18 00:00:00,1
2010-10-19 00:00:00,2010-10-19 00:00:00,2.6,2010-10-19 00:00:00,2.4,2.5,36,169700,424650,2010-10-19 00:00:00,1
2010-10-20 00:00:00,2010-10-20 00:00:00,2.5,2010-10-20 00:00:00,2.4,2.5,31,54400,132740,2010-10-20 00:00:00,1
2010-10-21 00:00:00,2010-10-21 00:00:00,2.5,2010-10-21 00:00:00,2.3,2.3,254,2813600,6615270,2010-10-21 00:00:00,1
2010-10-25 00:00:00,2010-10-25 00:00:00,2.5,2010-10-25 00:00:00,2.3,2.4,174,1152000,2799230,2010-10-25 00:00:00,1
2010-10-26 00:00:00,2010-10-26 00:00:00,2.4,2010-10-26 00:00:00,2.3,2.3,33,233400,547540,2010-10-26 00:00:00,1
2010-10-27 00:00:00,2010-10-27 00:00:00,2.4,2010-10-27 00:00:00,2.3,2.3,71,242500,562950,2010-10-27 00:00:00,1
2010-10-28 00:00:00,2010-10-28 00:00:00,2.4,2010-10-28 00:00:00,2.3,2.3,28,127800,294490,2010-10-28 00:00:00,1
2010-10-29 00:00:00,2010-10-29 00:00:00,2.5,2010-10-29 00:00:00,2.3,2.4,94,1106200,2655270,2010-10-29 00:00:00,1
2010-11-01 00:00:00,2010-11-01 00:00:00,2.4,2010-11-01 00:00:00,2.4,2.4,24,157000,376800,2010-11-01 00:00:00,1
2010-11-02 00:00:00,2010-11-02 00:00:00,2.5,2010-11-02 00:00:00,2.3,2.4,88,711600,1697610,2010-11-02 00:00:00,1
2010-11-03 00:00:00,2010-11-03 00:00:00,2.8,2010-11-03 00:00:00,2.4,2.5,286,3667300,9460660,2010-11-03 00:00:00,1
2010-11-04 00:00:00,2010-11-04 00:00:00,2.5,2010-11-04 00:00:00,2.4,2.5,64,479900,1194550,2010-11-04 00:00:00,1
2010-11-08 00:00:00,2010-11-08 00:00:00,2.5,2010-11-08 00:00:00,2.4,2.4,30,200300,481930,2010-11-08 00:00:00,1
2010-11-09 00:00:00,2010-11-09 00:00:00,2.5,2010-11-09 00:00:00,2.4,2.4,36,238100,581750,2010-11-09 00:00:00,1
2010-11-10 00:00:00,2010-11-10 00:00:00,2.5,2010-11-10 00:00:00,2.3,2.4,67,494000,1185320,2010-11-10 00:00:00,1
2010-11-11 00:00:00,2010-11-11 00:00:00,2.4,2010-11-11 00:00:00,2.4,2.4,28,165600,397440,2010-11-11 00:00:00,1
2010-11-12 00:00:00,2010-11-12 00:00:00,2.5,2010-11-12 00:00:00,2.4,2.4,62,488200,1171710,2010-11-12 00:00:00,1
2010-11-15 00:00:00,2010-11-15 00:00:00,2.4,2010-11-15 00:00:00,2.3,2.3,52,621700,1430820,2010-11-15 00:00:00,1
2010-11-16 00:00:00,2010-11-16 00:00:00,2.4,2010-11-16 00:00:00,2.3,2.3,19,109900,253010,2010-11-16 00:00:00,1
2010-11-18 00:00:00,2010-11-18 00:00:00,2.5,2010-11-18 00:00:00,2.3,2.4,50,248000,595150,2010-11-18 00:00:00,1
2010-11-22 00:00:00,2010-11-22 00:00:00,2.5,2010-11-22 00:00:00,2.4,2.4,71,364700,897170,2010-11-22 00:00:00,1
2010-11-23 00:00:00,2010-11-23 00:00:00,2.5,2010-11-23 00:00:00,2.3,2.3,97,796000,1942340,2010-11-23 00:00:00,1
2010-11-24 00:00:00,2010-11-24 00:00:00,2.6,2010-11-24 00:00:00,2.4,2.4,124,1568900,3911810,2010-11-24 00:00:00,1
2010-11-25 00:00:00,2010-11-25 00:00:00,2.5,2010-11-25 00:00:00,2.3,2.3,73,1153500,2687140,2010-11-25 00:00:00,1
2010-11-26 00:00:00,2010-11-26 00:00:00,2.4,2010-11-26 00:00:00,2.3,2.3,93,1521800,3511530,2010-11-26 00:00:00,1
2010-11-29 00:00:00,2010-11-29 00:00:00,2.4,2010-11-29 00:00:00,2.2,2.3,72,959300,2204590,2010-11-29 00:00:00,1
2010-11-30 00:00:00,2010-11-30 00:00:00,2.5,2010-11-30 00:00:00,2.4,2.5,167,1682200,4071250,2010-11-30 00:00:00,1
2010-12-01 00:00:00,2010-12-01 00:00:00,2.7,2010-12-01 00:00:00,2.4,2.6,315,4791700,12387940,2010-12-01 00:00:00,1
2010-12-02 00:00:00,2010-12-02 00:00:00,3,2010-12-02 00:00:00,2.6,2.8,639,14551100,40893210,2010-12-02 00:00:00,1
2010-12-03 00:00:00,2010-12-03 00:00:00,2.8,2010-12-03 00:00:00,2.7,2.7,119,865400,2342310,2010-12-03 00:00:00,1
2010-12-06 00:00:00,2010-12-06 00:00:00,2.8,2010-12-06 00:00:00,2.6,2.7,79,969200,2616930,2010-12-06 00:00:00,1
2010-12-07 00:00:00,2010-12-07 00:00:00,2.8,2010-12-07 00:00:00,2.7,2.7,45,348300,941480,2010-12-07 00:00:00,1
2010-12-08 00:00:00,2010-12-08 00:00:00,2.8,2010-12-08 00:00:00,2.6,2.7,45,172800,465520,2010-12-08 00:00:00,1
2010-12-09 00:00:00,2010-12-09 00:00:00,2.8,2010-12-09 00:00:00,2.6,2.6,32,362000,975960,2010-12-09 00:00:00,1
2010-12-10 00:00:00,2010-12-10 00:00:00,2.8,2010-12-10 00:00:00,2.6,2.7,106,1150700,3117040,2010-12-10 00:00:00,1
2010-12-13 00:00:00,2010-12-13 00:00:00,2.8,2010-12-13 00:00:00,2.6,2.7,46,268800,720580,2010-12-13 00:00:00,1
2010-12-14 00:00:00,2010-12-14 00:00:00,2.7,2010-12-14 00:00:00,2.6,2.6,42,699700,1819910,2010-12-14 00:00:00,1
2010-12-15 00:00:00,2010-12-15 00:00:00,2.7,2010-12-15 00:00:00,2.6,2.6,35,513200,1338730,2010-12-15 00:00:00,1
2010-12-16 00:00:00,2010-12-16 00:00:00,2.7,2010-12-16 00:00:00,2.5,2.6,77,1751900,4554490,2010-12-16 00:00:00,1
2010-12-17 00:00:00,2010-12-17 00:00:00,2.6,2010-12-17 00:00:00,2.5,2.6,115,2146700,5497750,2010-12-17 00:00:00,1
2010-12-21 00:00:00,2010-12-21 00:00:00,2.7,2010-12-21 00:00:00,2.6,2.6,34,185000,481010,2010-12-21 00:00:00,1
2010-12-22 00:00:00,2010-12-22 00:00:00,2.7,2010-12-22 00:00:00,2.6,2.6,165,2845700,7399040,2010-12-22 00:00:00,1
2010-12-23 00:00:00,2010-12-23 00:00:00,2.7,2010-12-23 00:00:00,2.6,2.6,26,138000,363180,2010-12-23 00:00:00,1
2010-12-24 00:00:00,2010-12-24 00:00:00,2.7,2010-12-24 00:00:00,2.6,2.6,27,379000,986430,2010-12-24 00:00:00,1
2010-12-27 00:00:00,2010-12-27 00:00:00,2.6,2010-12-27 00:00:00,2.6,2.6,40,262100,681460,2010-12-27 00:00:00,1
2010-12-28 00:00:00,2010-12-28 00:00:00,2.7,2010-12-28 00:00:00,2.6,2.6,47,246200,640660,2010-12-28 00:00:00,1
2010-12-29 00:00:00,2010-12-29 00:00:00,2.8,2010-12-29 00:00:00,2.6,2.7,107,1478200,3988320,2010-12-29 00:00:00,1
2010-12-30 00:00:00,2010-12-30 00:00:00,2.7,2010-12-30 00:00:00,2.5,2.6,95,964800,2510140,2010-12-30 00:00:00,1
2010-12-31 00:00:00,2010-12-31 00:00:00,2.7,2010-12-31 00:00:00,2.6,2.7,17,64800,173600,2010-12-31 00:00:00,1
Company Id,:  TFC,Security,Type :  N,Sub Type,:  0000,,,,,
Short Name,:  THE FINAN CE CO.,,,,,,,,,
Day,Date High,High,Date Low,Low,Closing,No. of Trades,No. of Shares,Turnover,Last Traded,Days Traded
2010-01-04 00:00:00,2010-01-04 00:00:00,20,2010-01-04 00:00:00,19,19.75,9,2400,47625,2010-01-04 00:00:00,1
2010-01-05 00:00:00,2010-01-05 00:00:00,19.75,2010-01-05 00:00:00,19,19,24,21900,419250,2010-01-05 00:00:00,1
2010-01-06 00:00:00,2010-01-06 00:00:00,20,2010-01-06 00:00:00,19,19.75,24,29900,590175,2010-01-06 00:00:00,1
2010-01-07 00:00:00,2010-01-07 00:00:00,20,2010-01-07 00:00:00,19,19.75,23,34000,663250,2010-01-07 00:00:00,1
2010-01-08 00:00:00,2010-01-08 00:00:00,20,2010-01-08 00:00:00,19,19.25,21,14300,274975,2010-01-08 00:00:00,1
2010-01-11 00:00:00,2010-01-11 00:00:00,22.5,2010-01-11 00:00:00,19.25,22,166,162200,3538025,2010-01-11 00:00:00,1
2010-01-12 00:00:00,2010-01-12 00:00:00,22,2010-01-12 00:00:00,20.25,20.5,18,16600,354400,2010-01-12 00:00:00,1
2010-01-13 00:00:00,2010-01-13 00:00:00,22.25,2010-01-13 00:00:00,20.25,21.5,103,113700,2451675,2010-01-13 00:00:00,1
2010-01-15 00:00:00,2010-01-15 00:00:00,22,2010-01-15 00:00:00,21,21,16,17700,380525,2010-01-15 00:00:00,1
2010-01-18 00:00:00,2010-01-18 00:00:00,22.5,2010-01-18 00:00:00,20,20.25,32,21600,447825,2010-01-18 00:00:00,1
2010-01-19 00:00:00,2010-01-19 00:00:00,20.75,2010-01-19 00:00:00,19.5,19.75,20,32500,655025,2010-01-19 00:00:00,1
2010-01-20 00:00:00,2010-01-20 00:00:00,20.5,2010-01-20 00:00:00,20,20.5,13,5900,119675,2010-01-20 00:00:00,1
2010-01-21 00:00:00,2010-01-21 00:00:00,20.75,2010-01-21 00:00:00,19.75,20,30,33300,670275,2010-01-21 00:00:00,1
2010-01-22 00:00:00,2010-01-22 00:00:00,20,2010-01-22 00:00:00,19.75,20,9,10600,211800,2010-01-22 00:00:00,1
2010-01-25 00:00:00,2010-01-25 00:00:00,20.25,2010-01-25 00:00:00,20,20.25,11,7200,144750,2010-01-25 00:00:00,1
2010-01-26 00:00:00,2010-01-26 00:00:00,20.25,2010-01-26 00:00:00,20,20.25,3,900,18125,2010-01-26 00:00:00,1
2010-01-28 00:00:00,2010-01-28 00:00:00,20.75,2010-01-28 00:00:00,19.75,20.25,21,15100,302825,2010-01-28 00:00:00,1
2010-02-01 00:00:00,2010-02-01 00:00:00,21,2010-02-01 00:00:00,20.25,20.5,16,14000,288125,2010-02-01 00:00:00,1
2010-02-02 00:00:00,2010-02-02 00:00:00,25.75,2010-02-02 00:00:00,20.5,24.25,376,552100,13327500,2010-02-02 00:00:00,1
2010-02-03 00:00:00,2010-02-03 00:00:00,26,2010-02-03 00:00:00,21.5,23.5,163,267600,6330200,2010-02-03 00:00:00,1
2010-02-05 00:00:00,2010-02-05 00:00:00,23.5,2010-02-05 00:00:00,22.5,22.5,21,10500,238775,2010-02-05 00:00:00,1
2010-02-08 00:00:00,2010-02-08 00:00:00,23,2010-02-08 00:00:00,22,22.25,27,14400,323400,2010-02-08 00:00:00,1
2010-02-09 00:00:00,2010-02-09 00:00:00,22,2010-02-09 00:00:00,21.25,21.5,25,24600,527525,2010-02-09 00:00:00,1
2010-02-10 00:00:00,2010-02-10 00:00:00,21.5,2010-02-10 00:00:00,21,21.25,16,7300,155025,2010-02-10 00:00:00,1
2010-02-11 00:00:00,2010-02-11 00:00:00,22.25,2010-02-11 00:00:00,20,20,70,83600,1707250,2010-02-11 00:00:00,1
2010-02-12 00:00:00,2010-02-12 00:00:00,21,2010-02-12 00:00:00,20,20.25,14,10400,210550,2010-02-12 00:00:00,1
2010-02-15 00:00:00,2010-02-15 00:00:00,20.5,2010-02-15 00:00:00,19,19.75,66,65000,1275950,2010-02-15 00:00:00,1
2010-02-16 00:00:00,2010-02-16 00:00:00,21,2010-02-16 00:00:00,19.5,20,48,36300,729325,2010-02-16 00:00:00,1
2010-02-17 00:00:00,2010-02-17 00:00:00,20.75,2010-02-17 00:00:00,19.25,20,54,49800,985050,2010-02-17 00:00:00,1
2010-02-18 00:00:00,2010-02-18 00:00:00,20,2010-02-18 00:00:00,19.5,19.75,14,8800,172975,2010-02-18 00:00:00,1
2010-02-19 00:00:00,2010-02-19 00:00:00,20,2010-02-19 00:00:00,19.25,19.5,13,14600,285400,2010-02-19 00:00:00,1
2010-02-22 00:00:00,2010-02-22 00:00:00,19.5,2010-02-22 00:00:00,19,19.25,34,22700,435800,2010-02-22 00:00:00,1
2010-02-23 00:00:00,2010-02-23 00:00:00,19.75,2010-02-23 00:00:00,19.25,19.5,9,4000,77500,2010-02-23 00:00:00,1
2010-02-24 00:00:00,2010-02-24 00:00:00,19.5,2010-02-24 00:00:00,19,19,39,31400,597850,2010-02-24 00:00:00,1
2010-02-25 00:00:00,2010-02-25 00:00:00,19.25,2010-02-25 00:00:00,19,19.25,7,7200,136850,2010-02-25 00:00:00,1
2010-02-26 00:00:00,2010-02-26 00:00:00,19,2010-02-26 00:00:00,19,19,8,3500,66500,2010-02-26 00:00:00,1
2010-03-01 00:00:00,2010-03-01 00:00:00,20,2010-03-01 00:00:00,19.25,19.5,10,8600,167625,2010-03-01 00:00:00,1
2010-03-02 00:00:00,2010-03-02 00:00:00,19.5,2010-03-02 00:00:00,19,19,25,31200,593925,2010-03-02 00:00:00,1
2010-03-03 00:00:00,2010-03-03 00:00:00,19,2010-03-03 00:00:00,18.75,18.75,13,5700,107800,2010-03-03 00:00:00,1
2010-03-04 00:00:00,2010-03-04 00:00:00,19,2010-03-04 00:00:00,18.75,18.75,13,4500,84975,2010-03-04 00:00:00,1
2010-03-05 00:00:00,2010-03-05 00:00:00,19,2010-03-05 00:00:00,18.75,18.75,10,5500,103225,2010-03-05 00:00:00,1
2010-03-08 00:00:00,2010-03-08 00:00:00,19,2010-03-08 00:00:00,18.75,18.75,20,18000,338275,2010-03-08 00:00:00,1
2010-03-09 00:00:00,2010-03-09 00:00:00,19,2010-03-09 00:00:00,18.75,18.75,16,13000,244250,2010-03-09 00:00:00,1
2010-03-10 00:00:00,2010-03-10 00:00:00,18.75,2010-03-10 00:00:00,18.5,18.5,14,5800,107350,2010-03-10 00:00:00,1
2010-03-11 00:00:00,2010-03-11 00:00:00,18.75,2010-03-11 00:00:00,18.5,18.5,17,15900,294425,2010-03-11 00:00:00,1
2010-03-12 00:00:00,2010-03-12 00:00:00,19,2010-03-12 00:00:00,18.5,18.75,17,11800,221000,2010-03-12 00:00:00,1
2010-03-15 00:00:00,2010-03-15 00:00:00,19.25,2010-03-15 00:00:00,18.75,18.75,14,15900,298275,2010-03-15 00:00:00,1
2010-03-16 00:00:00,2010-03-16 00:00:00,18.5,2010-03-16 00:00:00,18.5,18.5,2,1000,18500,2010-03-16 00:00:00,1
2010-03-17 00:00:00,2010-03-17 00:00:00,19,2010-03-17 00:00:00,18.5,18.5,12,9500,176575,2010-03-17 00:00:00,1
2010-03-18 00:00:00,2010-03-18 00:00:00,18.75,2010-03-18 00:00:00,18.75,18.75,1,100,1875,2010-03-18 00:00:00,1
2010-03-19 00:00:00,2010-03-19 00:00:00,18.5,2010-03-19 00:00:00,18.5,18.5,20,11700,216450,2010-03-19 00:00:00,1
2010-03-23 00:00:00,2010-03-23 00:00:00,19.5,2010-03-23 00:00:00,18.75,19,23,25800,489700,2010-03-23 00:00:00,1
2010-03-24 00:00:00,2010-03-24 00:00:00,19,2010-03-24 00:00:00,18.25,18.5,13,8400,154675,2010-03-24 00:00:00,1
2010-03-25 00:00:00,2010-03-25 00:00:00,18.5,2010-03-25 00:00:00,18,18,10,6700,120750,2010-03-25 00:00:00,1
2010-03-26 00:00:00,2010-03-26 00:00:00,18,2010-03-26 00:00:00,17.75,18,18,21800,392350,2010-03-26 00:00:00,1
2010-03-30 00:00:00,2010-03-30 00:00:00,18,2010-03-30 00:00:00,17.75,18,6,2500,44975,2010-03-30 00:00:00,1
2010-03-31 00:00:00,2010-03-31 00:00:00,17.75,2010-03-31 00:00:00,17.5,17.5,14,10600,186100,2010-03-31 00:00:00,1
2010-04-01 00:00:00,2010-04-01 00:00:00,17.5,2010-04-01 00:00:00,17.5,17.5,10,2300,40250,2010-04-01 00:00:00,1
2010-04-05 00:00:00,2010-04-05 00:00:00,17.75,2010-04-05 00:00:00,17.75,17.75,2,400,7100,2010-04-05 00:00:00,1
2010-04-06 00:00:00,2010-04-06 00:00:00,18.75,2010-04-06 00:00:00,17.75,18.5,36,57300,1056025,2010-04-06 00:00:00,1
2010-04-07 00:00:00,2010-04-07 00:00:00,20,2010-04-07 00:00:00,18.25,19,45,53200,1022750,2010-04-07 00:00:00,1
2010-04-08 00:00:00,2010-04-08 00:00:00,19.25,2010-04-08 00:00:00,19,19.25,15,22900,440200,2010-04-08 00:00:00,1
2010-04-12 00:00:00,2010-04-12 00:00:00,20.25,2010-04-12 00:00:00,19.25,20,33,32300,642325,2010-04-12 00:00:00,1
2010-04-15 00:00:00,2010-04-15 00:00:00,20.5,2010-04-15 00:00:00,20,20.25,33,39900,811325,2010-04-15 00:00:00,1
2010-04-16 00:00:00,2010-04-16 00:00:00,20.5,2010-04-16 00:00:00,20.25,20.25,11,4600,93700,2010-04-16 00:00:00,1
2010-04-19 00:00:00,2010-04-19 00:00:00,20.75,2010-04-19 00:00:00,20.25,20.5,37,41900,860500,2010-04-19 00:00:00,1
2010-04-20 00:00:00,2010-04-20 00:00:00,20.5,2010-04-20 00:00:00,20.25,20.25,6,12700,259675,2010-04-20 00:00:00,1
2010-04-21 00:00:00,2010-04-21 00:00:00,20.25,2010-04-21 00:00:00,20,20,31,48500,971000,2010-04-21 00:00:00,1
2010-04-22 00:00:00,2010-04-22 00:00:00,21.25,2010-04-22 00:00:00,19.5,20.75,116,199600,4113375,2010-04-22 00:00:00,1
2010-04-23 00:00:00,2010-04-23 00:00:00,21.5,2010-04-23 00:00:00,20,20.5,107,116300,2434675,2010-04-23 00:00:00,1
2010-04-26 00:00:00,2010-04-26 00:00:00,20.25,2010-04-26 00:00:00,19.75,20,33,38300,765700,2010-04-26 00:00:00,1
2010-04-27 00:00:00,2010-04-27 00:00:00,20.5,2010-04-27 00:00:00,20,20.25,18,21500,433000,2010-04-27 00:00:00,1
2010-04-29 00:00:00,2010-04-29 00:00:00,20,2010-04-29 00:00:00,19.75,20,10,5200,103600,2010-04-29 00:00:00,1
2010-04-30 00:00:00,2010-04-30 00:00:00,20.5,2010-04-30 00:00:00,19.75,20.25,14,13900,279200,2010-04-30 00:00:00,1
2010-05-03 00:00:00,2010-05-03 00:00:00,20.25,2010-05-03 00:00:00,19.75,20,12,20400,409725,2010-05-03 00:00:00,1
2010-05-04 00:00:00,2010-05-04 00:00:00,20,2010-05-04 00:00:00,19.75,19.75,12,6600,131325,2010-05-04 00:00:00,1
2010-05-05 00:00:00,2010-05-05 00:00:00,19.75,2010-05-05 00:00:00,19.5,19.75,14,7800,153125,2010-05-05 00:00:00,1
2010-05-06 00:00:00,2010-05-06 00:00:00,20,2010-05-06 00:00:00,19.75,20,14,20800,415750,2010-05-06 00:00:00,1
2010-05-07 00:00:00,2010-05-07 00:00:00,20.5,2010-05-07 00:00:00,20,20,31,46800,938600,2010-05-07 00:00:00,1
2010-05-10 00:00:00,2010-05-10 00:00:00,20,2010-05-10 00:00:00,19.5,19.75,6,7500,146900,2010-05-10 00:00:00,1
2010-05-11 00:00:00,2010-05-11 00:00:00,19.75,2010-05-11 00:00:00,19,19.25,35,74100,1439875,2010-05-11 00:00:00,1
2010-05-12 00:00:00,2010-05-12 00:00:00,19.75,2010-05-12 00:00:00,19.5,19.5,15,42300,826100,2010-05-12 00:00:00,1
2010-05-13 00:00:00,2010-05-13 00:00:00,19.75,2010-05-13 00:00:00,19,19.25,46,103100,1968125,2010-05-13 00:00:00,1
2010-05-14 00:00:00,2010-05-14 00:00:00,19.5,2010-05-14 00:00:00,19,19.25,8,22700,435425,2010-05-14 00:00:00,1
2010-05-17 00:00:00,2010-05-17 00:00:00,20.5,2010-05-17 00:00:00,19.5,20,60,141300,2823625,2010-05-17 00:00:00,1
2010-05-18 00:00:00,2010-05-18 00:00:00,22.25,2010-05-18 00:00:00,20,21,263,456800,9782025,2010-05-18 00:00:00,1
2010-05-19 00:00:00,2010-05-19 00:00:00,21.25,2010-05-19 00:00:00,20.25,20.25,18,16300,340775,2010-05-19 00:00:00,1
2010-05-20 00:00:00,2010-05-20 00:00:00,20,2010-05-20 00:00:00,19.5,19.75,21,34700,689350,2010-05-20 00:00:00,1
2010-05-21 00:00:00,2010-05-21 00:00:00,20,2010-05-21 00:00:00,19,19.25,26,28300,545550,2010-05-21 00:00:00,1
2010-05-24 00:00:00,2010-05-24 00:00:00,19.5,2010-05-24 00:00:00,19,19,13,5200,98900,2010-05-24 00:00:00,1
2010-05-25 00:00:00,2010-05-25 00:00:00,19.5,2010-05-25 00:00:00,19,19.25,14,13500,259025,2010-05-25 00:00:00,1
2010-05-26 00:00:00,2010-05-26 00:00:00,19.25,2010-05-26 00:00:00,19,19.25,4,2500,47875,2010-05-26 00:00:00,1
2010-05-31 00:00:00,2010-05-31 00:00:00,19,2010-05-31 00:00:00,19,19,7,1900,36100,2010-05-31 00:00:00,1
2010-06-01 00:00:00,2010-06-01 00:00:00,19.5,2010-06-01 00:00:00,19,19,6,10700,203500,2010-06-01 00:00:00,1
2010-06-02 00:00:00,2010-06-02 00:00:00,20.75,2010-06-02 00:00:00,19.5,20.75,88,179700,3605675,2010-06-02 00:00:00,1
2010-06-03 00:00:00,2010-06-03 00:00:00,21.5,2010-06-03 00:00:00,20.5,20.5,64,71300,1496650,2010-06-03 00:00:00,1
2010-06-04 00:00:00,2010-06-04 00:00:00,21,2010-06-04 00:00:00,20,20.25,34,63500,1299450,2010-06-04 00:00:00,1
2010-06-07 00:00:00,2010-06-07 00:00:00,21.5,2010-06-07 00:00:00,20.5,21,113,167600,3534175,2010-06-07 00:00:00,1
2010-06-08 00:00:00,2010-06-08 00:00:00,24.75,2010-06-08 00:00:00,21.75,23.5,789,1421400,33457350,2010-06-08 00:00:00,1
2010-06-09 00:00:00,2010-06-09 00:00:00,23.5,2010-06-09 00:00:00,22,22.25,91,82800,1897600,2010-06-09 00:00:00,1
2010-06-10 00:00:00,2010-06-10 00:00:00,23,2010-06-10 00:00:00,22,22.5,33,60400,1373950,2010-06-10 00:00:00,1
2010-06-11 00:00:00,2010-06-11 00:00:00,23,2010-06-11 00:00:00,21.5,22,31,30900,675875,2010-06-11 00:00:00,1
2010-06-14 00:00:00,2010-06-14 00:00:00,22.5,2010-06-14 00:00:00,21.75,22,26,28600,628675,2010-06-14 00:00:00,1
2010-06-15 00:00:00,2010-06-15 00:00:00,22,2010-06-15 00:00:00,21.25,21.25,40,65900,1425175,2010-06-15 00:00:00,1
2010-06-16 00:00:00,2010-06-16 00:00:00,21.5,2010-06-16 00:00:00,20,20.5,39,68600,1434225,2010-06-16 00:00:00,1
2010-06-17 00:00:00,2010-06-17 00:00:00,22.5,2010-06-17 00:00:00,20,21.75,101,313900,6597875,2010-06-17 00:00:00,1
2010-06-21 00:00:00,2010-06-21 00:00:00,21.75,2010-06-21 00:00:00,20.75,21.5,73,171100,3657350,2010-06-21 00:00:00,1
2010-06-22 00:00:00,2010-06-22 00:00:00,22.5,2010-06-22 00:00:00,21.25,21.5,31,72200,1553500,2010-06-22 00:00:00,1
2010-06-23 00:00:00,2010-06-23 00:00:00,21,2010-06-23 00:00:00,20.25,20.5,74,125600,2585625,2010-06-23 00:00:00,1
2010-06-24 00:00:00,2010-06-24 00:00:00,21.25,2010-06-24 00:00:00,20.25,20.75,30,70000,1446075,2010-06-24 00:00:00,1
2010-06-28 00:00:00,2010-06-28 00:00:00,21.25,2010-06-28 00:00:00,20,20,92,132700,2702000,2010-06-28 00:00:00,1
2010-06-29 00:00:00,2010-06-29 00:00:00,22,2010-06-29 00:00:00,20,21.25,180,336700,7162925,2010-06-29 00:00:00,1
2010-06-30 00:00:00,2010-06-30 00:00:00,22.5,2010-06-30 00:00:00,20.25,22,95,110800,2447900,2010-06-30 00:00:00,1
2010-07-01 00:00:00,2010-07-01 00:00:00,22,2010-07-01 00:00:00,21.25,21.25,16,11600,251125,2010-07-01 00:00:00,1
2010-07-02 00:00:00,2010-07-02 00:00:00,22.25,2010-07-02 00:00:00,21.5,21.5,55,142300,3110250,2010-07-02 00:00:00,1
2010-07-05 00:00:00,2010-07-05 00:00:00,22.25,2010-07-05 00:00:00,20.75,21.25,44,58300,1230875,2010-07-05 00:00:00,1
2010-07-06 00:00:00,2010-07-06 00:00:00,22,2010-07-06 00:00:00,20.5,20.75,18,21700,450175,2010-07-06 00:00:00,1
2010-07-07 00:00:00,2010-07-07 00:00:00,21,2010-07-07 00:00:00,20.25,20.75,32,49400,1005475,2010-07-07 00:00:00,1
2010-07-08 00:00:00,2010-07-08 00:00:00,20.75,2010-07-08 00:00:00,20.5,20.75,8,2400,49475,2010-07-08 00:00:00,1
2010-07-09 00:00:00,2010-07-09 00:00:00,20.75,2010-07-09 00:00:00,20.5,20.75,17,31600,653650,2010-07-09 00:00:00,1
2010-07-12 00:00:00,2010-07-12 00:00:00,21.25,2010-07-12 00:00:00,20.75,21,18,18700,390325,2010-07-12 00:00:00,1
2010-07-13 00:00:00,2010-07-13 00:00:00,26.5,2010-07-13 00:00:00,21.5,24.25,830,1345100,32751650,2010-07-13 00:00:00,1
2010-07-14 00:00:00,2010-07-14 00:00:00,27.25,2010-07-14 00:00:00,24.25,25.25,794,1691300,44235325,2010-07-14 00:00:00,1
2010-07-15 00:00:00,2010-07-15 00:00:00,26,2010-07-15 00:00:00,24.75,25.5,120,241400,6152900,2010-07-15 00:00:00,1
2010-07-16 00:00:00,2010-07-16 00:00:00,25.5,2010-07-16 00:00:00,24.25,24.25,58,66300,1631900,2010-07-16 00:00:00,1
2010-07-19 00:00:00,2010-07-19 00:00:00,25.25,2010-07-19 00:00:00,23.5,25,53,42500,1049700,2010-07-19 00:00:00,1
2010-07-20 00:00:00,2010-07-20 00:00:00,25.75,2010-07-20 00:00:00,23.5,25.25,57,103600,2589225,2010-07-20 00:00:00,1
2010-07-21 00:00:00,2010-07-21 00:00:00,26.5,2010-07-21 00:00:00,24.5,26,116,161400,4183325,2010-07-21 00:00:00,1
2010-07-22 00:00:00,2010-07-22 00:00:00,26.25,2010-07-22 00:00:00,25.5,25.75,65,64600,1672450,2010-07-22 00:00:00,1
2010-07-23 00:00:00,2010-07-23 00:00:00,26,2010-07-23 00:00:00,25,25.25,49,64700,1663750,2010-07-23 00:00:00,1
2010-07-26 00:00:00,2010-07-26 00:00:00,25.75,2010-07-26 00:00:00,25,25.25,19,10600,266200,2010-07-26 00:00:00,1
2010-07-27 00:00:00,2010-07-27 00:00:00,25.5,2010-07-27 00:00:00,25,25.25,21,21200,531650,2010-07-27 00:00:00,1
2010-07-28 00:00:00,2010-07-28 00:00:00,26,2010-07-28 00:00:00,24.75,25,54,187600,4705025,2010-07-28 00:00:00,1
2010-07-29 00:00:00,2010-07-29 00:00:00,25.5,2010-07-29 00:00:00,24.75,25,41,103300,2575450,2010-07-29 00:00:00,1
2010-07-30 00:00:00,2010-07-30 00:00:00,25.5,2010-07-30 00:00:00,24.5,24.75,42,59100,1460325,2010-07-30 00:00:00,1
2010-08-02 00:00:00,2010-08-02 00:00:00,26.5,2010-08-02 00:00:00,25,26.2,59,111300,2873830,2010-08-02 00:00:00,1
2010-08-03 00:00:00,2010-08-03 00:00:00,27.5,2010-08-03 00:00:00,25.6,26.1,58,98800,2625100,2010-08-03 00:00:00,1
2010-08-04 00:00:00,2010-08-04 00:00:00,27,2010-08-04 00:00:00,25,25.5,65,167700,4314090,2010-08-04 00:00:00,1
2010-08-05 00:00:00,2010-08-05 00:00:00,26.5,2010-08-05 00:00:00,23.1,24.8,73,96300,2400400,2010-08-05 00:00:00,1
2010-08-06 00:00:00,2010-08-06 00:00:00,26,2010-08-06 00:00:00,24.2,25.2,49,38700,969860,2010-08-06 00:00:00,1
2010-08-09 00:00:00,2010-08-09 00:00:00,25,2010-08-09 00:00:00,22.7,23.4,39,52600,1213760,2010-08-09 00:00:00,1
2010-08-10 00:00:00,2010-08-10 00:00:00,25.1,2010-08-10 00:00:00,21.1,25,25,33300,776790,2010-08-10 00:00:00,1
2010-08-11 00:00:00,2010-08-11 00:00:00,24.5,2010-08-11 00:00:00,24.3,24.5,8,7500,183250,2010-08-11 00:00:00,1
2010-08-12 00:00:00,2010-08-12 00:00:00,24.9,2010-08-12 00:00:00,23.7,24.5,5,1000,24000,2010-08-12 00:00:00,1
2010-08-13 00:00:00,2010-08-13 00:00:00,25,2010-08-13 00:00:00,24,24.1,12,13600,329480,2010-08-13 00:00:00,1
2010-08-16 00:00:00,2010-08-16 00:00:00,24,2010-08-16 00:00:00,23.7,23.7,14,9200,218340,2010-08-16 00:00:00,1
2010-08-17 00:00:00,2010-08-17 00:00:00,23.9,2010-08-17 00:00:00,23.5,23.5,8,6900,162270,2010-08-17 00:00:00,1
2010-08-18 00:00:00,2010-08-18 00:00:00,24.9,2010-08-18 00:00:00,23.6,24.8,38,14900,359150,2010-08-18 00:00:00,1
2010-08-19 00:00:00,2010-08-19 00:00:00,25.5,2010-08-19 00:00:00,24.8,25.1,35,63300,1600150,2010-08-19 00:00:00,1
2010-08-20 00:00:00,2010-08-20 00:00:00,27.6,2010-08-20 00:00:00,25.2,27.6,250,434400,11866650,2010-08-20 00:00:00,1
2010-08-23 00:00:00,2010-08-23 00:00:00,30.3,2010-08-23 00:00:00,27.8,30.3,340,549400,16223230,2010-08-23 00:00:00,1
2010-08-25 00:00:00,2010-08-25 00:00:00,33.3,2010-08-25 00:00:00,33,33.3,101,214600,7138080,2010-08-25 00:00:00,1
2010-08-26 00:00:00,2010-08-26 00:00:00,36.6,2010-08-26 00:00:00,34.7,36.6,416,859100,30639430,2010-08-26 00:00:00,1
2010-08-27 00:00:00,2010-08-27 00:00:00,40.2,2010-08-27 00:00:00,38.9,40.2,228,329300,13140660,2010-08-27 00:00:00,1
2010-08-30 00:00:00,2010-08-30 00:00:00,44.2,2010-08-30 00:00:00,41.2,44.2,509,871200,38012130,2010-08-30 00:00:00,1
2010-08-31 00:00:00,2010-08-31 00:00:00,48.6,2010-08-31 00:00:00,44.3,48.6,646,1196600,56033900,2010-08-31 00:00:00,1
2010-09-01 00:00:00,2010-09-01 00:00:00,53.4,2010-09-01 00:00:00,49,53.4,812,1311000,68514430,2010-09-01 00:00:00,1
2010-09-02 00:00:00,2010-09-02 00:00:00,58.7,2010-09-02 00:00:00,54.9,58.7,548,1021200,59032300,2010-09-02 00:00:00,1
2010-09-03 00:00:00,2010-09-03 00:00:00,64,2010-09-03 00:00:00,52.9,57.2,1472,1810300,104447030,2010-09-03 00:00:00,1
2010-09-06 00:00:00,2010-09-06 00:00:00,57.9,2010-09-06 00:00:00,51.5,51.9,438,405600,21515570,2010-09-06 00:00:00,1
2010-09-07 00:00:00,2010-09-07 00:00:00,53.5,2010-09-07 00:00:00,47,50,437,493000,24775980,2010-09-07 00:00:00,1
2010-09-08 00:00:00,2010-09-08 00:00:00,52.2,2010-09-08 00:00:00,50,51.9,117,93800,4854830,2010-09-08 00:00:00,1
2010-09-09 00:00:00,2010-09-09 00:00:00,52.5,2010-09-09 00:00:00,47.6,48.1,232,248300,12308380,2010-09-09 00:00:00,1
2010-09-13 00:00:00,2010-09-13 00:00:00,51,2010-09-13 00:00:00,47,47.8,314,417900,20455340,2010-09-13 00:00:00,1
2010-09-14 00:00:00,2010-09-14 00:00:00,50,2010-09-14 00:00:00,47.2,48.3,164,259600,12641590,2010-09-14 00:00:00,1
2010-09-15 00:00:00,2010-09-15 00:00:00,51,2010-09-15 00:00:00,47,48.6,295,366200,18031880,2010-09-15 00:00:00,1
2010-09-16 00:00:00,2010-09-16 00:00:00,51.2,2010-09-16 00:00:00,48,50,227,360600,17997110,2010-09-16 00:00:00,1
2010-09-17 00:00:00,2010-09-17 00:00:00,55,2010-09-17 00:00:00,50.7,55,409,825400,44862420,2010-09-17 00:00:00,1
2010-09-20 00:00:00,2010-09-20 00:00:00,59,2010-09-20 00:00:00,53,55.5,291,397700,22003630,2010-09-20 00:00:00,1
2010-09-21 00:00:00,2010-09-21 00:00:00,61.9,2010-09-21 00:00:00,54.3,60,713,1392000,82219860,2010-09-21 00:00:00,1
2010-09-23 00:00:00,2010-09-23 00:00:00,72,2010-09-23 00:00:00,60,64.4,892,1125200,74506610,2010-09-23 00:00:00,1
2010-09-24 00:00:00,2010-09-24 00:00:00,68,2010-09-24 00:00:00,62.5,64.2,330,731500,47608430,2010-09-24 00:00:00,1
2010-09-27 00:00:00,2010-09-27 00:00:00,65.5,2010-09-27 00:00:00,62.1,62.5,143,220100,14004510,2010-09-27 00:00:00,1
2010-09-28 00:00:00,2010-09-28 00:00:00,65.5,2010-09-28 00:00:00,60,63.6,211,534100,32693920,2010-09-28 00:00:00,1
2010-09-29 00:00:00,2010-09-29 00:00:00,65,2010-09-29 00:00:00,62,63.7,120,302000,18827080,2010-09-29 00:00:00,1
2010-09-30 00:00:00,2010-09-30 00:00:00,68,2010-09-30 00:00:00,62.3,63,330,529700,34161570,2010-09-30 00:00:00,1
2010-10-01 00:00:00,2010-10-01 00:00:00,65.4,2010-10-01 00:00:00,63,63.2,154,291300,18662700,2010-10-01 00:00:00,1
2010-10-04 00:00:00,2010-10-04 00:00:00,63,2010-10-04 00:00:00,55.5,57.8,150,159400,9517390,2010-10-04 00:00:00,1
2010-10-05 00:00:00,2010-10-05 00:00:00,58,2010-10-05 00:00:00,55,57.6,87,113900,6404260,2010-10-05 00:00:00,1
2010-10-06 00:00:00,2010-10-06 00:00:00,57,2010-10-06 00:00:00,50,50.2,244,422300,21852870,2010-10-06 00:00:00,1
2010-10-07 00:00:00,2010-10-07 00:00:00,51.9,2010-10-07 00:00:00,44,47.1,160,141600,6734230,2010-10-07 00:00:00,1
2010-10-08 00:00:00,2010-10-08 00:00:00,50,2010-10-08 00:00:00,42.5,49.1,243,270800,12508420,2010-10-08 00:00:00,1
2010-10-11 00:00:00,2010-10-11 00:00:00,51.9,2010-10-11 00:00:00,48,49,68,76800,3790740,2010-10-11 00:00:00,1
2010-10-12 00:00:00,2010-10-12 00:00:00,49,2010-10-12 00:00:00,45,45.3,45,23200,1064090,2010-10-12 00:00:00,1
2010-10-13 00:00:00,2010-10-13 00:00:00,48,2010-10-13 00:00:00,38,44.8,170,166400,7220620,2010-10-13 00:00:00,1
2010-10-14 00:00:00,2010-10-14 00:00:00,46.9,2010-10-14 00:00:00,42.3,43.5,38,18700,839760,2010-10-14 00:00:00,1
2010-10-15 00:00:00,2010-10-15 00:00:00,46,2010-10-15 00:00:00,43,45.1,23,14800,656760,2010-10-15 00:00:00,1
2010-10-18 00:00:00,2010-10-18 00:00:00,44,2010-10-18 00:00:00,43,43.4,34,15900,693360,2010-10-18 00:00:00,1
2010-10-19 00:00:00,2010-10-19 00:00:00,44.2,2010-10-19 00:00:00,41.5,42.5,31,11400,489890,2010-10-19 00:00:00,1
2010-10-20 00:00:00,2010-10-20 00:00:00,46,2010-10-20 00:00:00,41.2,45,80,97400,4346610,2010-10-20 00:00:00,1
2010-10-21 00:00:00,2010-10-21 00:00:00,46,2010-10-21 00:00:00,44,45.7,49,61700,2779800,2010-10-21 00:00:00,1
2010-10-25 00:00:00,2010-10-25 00:00:00,45.4,2010-10-25 00:00:00,44,44.3,27,26900,1186280,2010-10-25 00:00:00,1
2010-10-26 00:00:00,2010-10-26 00:00:00,46,2010-10-26 00:00:00,44,45.7,54,164700,7507610,2010-10-26 00:00:00,1
2010-10-27 00:00:00,2010-10-27 00:00:00,45.5,2010-10-27 00:00:00,44,44.2,28,36900,1646720,2010-10-27 00:00:00,1
2010-10-28 00:00:00,2010-10-28 00:00:00,45,2010-10-28 00:00:00,44,44.9,12,15400,678690,2010-10-28 00:00:00,1
2010-10-29 00:00:00,2010-10-29 00:00:00,46,2010-10-29 00:00:00,44,45,33,19500,875330,2010-10-29 00:00:00,1
2010-11-01 00:00:00,2010-11-01 00:00:00,46,2010-11-01 00:00:00,45,45.7,30,59300,2695480,2010-11-01 00:00:00,1
2010-11-02 00:00:00,2010-11-02 00:00:00,45.5,2010-11-02 00:00:00,44,44.2,10,7300,322910,2010-11-02 00:00:00,1
2010-11-03 00:00:00,2010-11-03 00:00:00,45,2010-11-03 00:00:00,43.8,45,34,37300,1656230,2010-11-03 00:00:00,1
2010-11-04 00:00:00,2010-11-04 00:00:00,45,2010-11-04 00:00:00,44,44.1,14,5100,229120,2010-11-04 00:00:00,1
2010-11-08 00:00:00,2010-11-08 00:00:00,46,2010-11-08 00:00:00,43,45.2,27,17300,775750,2010-11-08 00:00:00,1
2010-11-09 00:00:00,2010-11-09 00:00:00,46,2010-11-09 00:00:00,44.5,44.5,12,20300,919650,2010-11-09 00:00:00,1
2010-11-10 00:00:00,2010-11-10 00:00:00,44.1,2010-11-10 00:00:00,42,43.3,17,10400,451320,2010-11-10 00:00:00,1
2010-11-11 00:00:00,2010-11-11 00:00:00,45,2010-11-11 00:00:00,42,44.6,10,6000,263490,2010-11-11 00:00:00,1
2010-11-12 00:00:00,2010-11-12 00:00:00,45,2010-11-12 00:00:00,43.6,44.9,17,11700,521680,2010-11-12 00:00:00,1
2010-11-15 00:00:00,2010-11-15 00:00:00,43.6,2010-11-15 00:00:00,42,42.1,23,34500,1461120,2010-11-15 00:00:00,1
2010-11-16 00:00:00,2010-11-16 00:00:00,43,2010-11-16 00:00:00,42,42,8,15800,665640,2010-11-16 00:00:00,1
2010-11-18 00:00:00,2010-11-18 00:00:00,44,2010-11-18 00:00:00,42,43.5,21,21400,929650,2010-11-18 00:00:00,1
2010-11-22 00:00:00,2010-11-22 00:00:00,44.5,2010-11-22 00:00:00,43.5,44.1,15,6700,295310,2010-11-22 00:00:00,1
2010-11-23 00:00:00,2010-11-23 00:00:00,44.1,2010-11-23 00:00:00,42,43,10,8900,378550,2010-11-23 00:00:00,1
2010-11-24 00:00:00,2010-11-24 00:00:00,43.1,2010-11-24 00:00:00,41.2,42.7,11,1600,68210,2010-11-24 00:00:00,1
2010-11-25 00:00:00,2010-11-25 00:00:00,42.5,2010-11-25 00:00:00,42,42,16,14000,589610,2010-11-25 00:00:00,1
2010-11-26 00:00:00,2010-11-26 00:00:00,41.5,2010-11-26 00:00:00,39.1,39.7,23,23700,955940,2010-11-26 00:00:00,1
2010-11-29 00:00:00,2010-11-29 00:00:00,42.4,2010-11-29 00:00:00,39,40,36,23400,961130,2010-11-29 00:00:00,1
2010-11-30 00:00:00,2010-11-30 00:00:00,42.3,2010-11-30 00:00:00,40,40.8,32,34800,1426010,2010-11-30 00:00:00,1
2010-12-01 00:00:00,2010-12-01 00:00:00,80,2010-12-01 00:00:00,40.1,42.4,461,870000,36418760,2010-12-01 00:00:00,1
2010-12-02 00:00:00,2010-12-02 00:00:00,43.5,2010-12-02 00:00:00,41.1,41.4,43,32500,1360780,2010-12-02 00:00:00,1
2010-12-03 00:00:00,2010-12-03 00:00:00,41.8,2010-12-03 00:00:00,40,40,28,26800,1082890,2010-12-03 00:00:00,1
2010-12-06 00:00:00,2010-12-06 00:00:00,40,2010-12-06 00:00:00,39.6,39.6,19,5700,226080,2010-12-06 00:00:00,1
2010-12-07 00:00:00,2010-12-07 00:00:00,40,2010-12-07 00:00:00,39.7,39.8,8,2000,79580,2010-12-07 00:00:00,1
2010-12-08 00:00:00,2010-12-08 00:00:00,39.1,2010-12-08 00:00:00,38.2,39,17,4600,178640,2010-12-08 00:00:00,1
2010-12-09 00:00:00,2010-12-09 00:00:00,39.9,2010-12-09 00:00:00,38.5,38.8,26,25600,1000010,2010-12-09 00:00:00,1
2010-12-10 00:00:00,2010-12-10 00:00:00,40.4,2010-12-10 00:00:00,39.4,39.6,11,7900,312450,2010-12-10 00:00:00,1
2010-12-13 00:00:00,2010-12-13 00:00:00,40,2010-12-13 00:00:00,39.5,39.5,8,4900,193600,2010-12-13 00:00:00,1
2010-12-14 00:00:00,2010-12-14 00:00:00,39.5,2010-12-14 00:00:00,38,38.6,14,12500,481960,2010-12-14 00:00:00,1
2010-12-15 00:00:00,2010-12-15 00:00:00,39.4,2010-12-15 00:00:00,37.5,38,10,24700,951570,2010-12-15 00:00:00,1
2010-12-16 00:00:00,2010-12-16 00:00:00,38,2010-12-16 00:00:00,38,38,2,1500,57000,2010-12-16 00:00:00,1
2010-12-17 00:00:00,2010-12-17 00:00:00,38.7,2010-12-17 00:00:00,37.6,37.6,10,7500,282820,2010-12-17 00:00:00,1
2010-12-21 00:00:00,2010-12-21 00:00:00,39.5,2010-12-21 00:00:00,36,37.3,23,6900,259640,2010-12-21 00:00:00,1
2010-12-22 00:00:00,2010-12-22 00:00:00,40,2010-12-22 00:00:00,37.5,39.5,28,10000,391300,2010-12-22 00:00:00,1
2010-12-23 00:00:00,2010-12-23 00:00:00,40.5,2010-12-23 00:00:00,39,39.8,31,17300,688430,2010-12-23 00:00:00,1
2010-12-24 00:00:00,2010-12-24 00:00:00,40.5,2010-12-24 00:00:00,38.9,40.2,7,6400,257450,2010-12-24 00:00:00,1
2010-12-27 00:00:00,2010-12-27 00:00:00,41.4,2010-12-27 00:00:00,40,40.8,36,40000,1632230,2010-12-27 00:00:00,1
2010-12-28 00:00:00,2010-12-28 00:00:00,40.9,2010-12-28 00:00:00,39.7,39.9,18,6700,268030,2010-12-28 00:00:00,1
2010-12-29 00:00:00,2010-12-29 00:00:00,39.8,2010-12-29 00:00:00,39,39.2,14,5800,229600,2010-12-29 00:00:00,1
2010-12-30 00:00:00,2010-12-30 00:00:00,40,2010-12-30 00:00:00,38.2,39.9,15,11500,443330,2010-12-30 00:00:00,1
2010-12-31 00:00:00,2010-12-31 00:00:00,39,2010-12-31 00:00:00,38.9,38.9,7,3200,124530,2010-12-31 00:00:00,1
Company Id,:  TILE,Security,Type :  N,Sub Type,:  0000,,,,,
Short Name,:  LANKA FLOORTILES,,,,,,,,,
Day,Date High,High,Date Low,Low,Closing,No. of Trades,No. of Shares,Turnover,Last Traded,Days Traded
2010-01-04 00:00:00,2010-01-04 00:00:00,66,2010-01-04 00:00:00,66,66,1,500,33000,2010-01-04 00:00:00,1
2010-01-05 00:00:00,2010-01-05 00:00:00,66.25,2010-01-05 00:00:00,65.75,66,6,2500,164775,2010-01-05 00:00:00,1
2010-01-06 00:00:00,2010-01-06 00:00:00,66,2010-01-06 00:00:00,64,66,5,1400,92000,2010-01-06 00:00:00,1
2010-01-07 00:00:00,2010-01-07 00:00:00,66,2010-01-07 00:00:00,64.5,65,4,600,39050,2010-01-07 00:00:00,1
2010-01-08 00:00:00,2010-01-08 00:00:00,65,2010-01-08 00:00:00,65,65,1,100,6500,2010-01-08 00:00:00,1
2010-01-12 00:00:00,2010-01-12 00:00:00,66,2010-01-12 00:00:00,63,66,2,1000,64500,2010-01-12 00:00:00,1
2010-01-13 00:00:00,2010-01-13 00:00:00,65,2010-01-13 00:00:00,65,65,2,1000,65000,2010-01-13 00:00:00,1
2010-01-15 00:00:00,2010-01-15 00:00:00,69.75,2010-01-15 00:00:00,64,65,20,198200,12892375,2010-01-15 00:00:00,1
2010-01-18 00:00:00,2010-01-18 00:00:00,68,2010-01-18 00:00:00,63,66,5,800,53000,2010-01-18 00:00:00,1
2010-01-19 00:00:00,2010-01-19 00:00:00,68,2010-01-19 00:00:00,68,68,2,1000,68000,2010-01-19 00:00:00,1
2010-01-20 00:00:00,2010-01-20 00:00:00,69.75,2010-01-20 00:00:00,67.5,67.5,8,2600,176375,2010-01-20 00:00:00,1
2010-01-21 00:00:00,2010-01-21 00:00:00,65.5,2010-01-21 00:00:00,65,65.25,6,3200,208650,2010-01-21 00:00:00,1
2010-01-22 00:00:00,2010-01-22 00:00:00,68.5,2010-01-22 00:00:00,65,65,2,1700,114000,2010-01-22 00:00:00,1
2010-01-25 00:00:00,2010-01-25 00:00:00,65.5,2010-01-25 00:00:00,65,65,2,1500,97550,2010-01-25 00:00:00,1
2010-01-26 00:00:00,2010-01-26 00:00:00,68,2010-01-26 00:00:00,65,67.25,3,2600,175000,2010-01-26 00:00:00,1
2010-02-01 00:00:00,2010-02-01 00:00:00,70,2010-02-01 00:00:00,69,69,2,2000,139000,2010-02-01 00:00:00,1
2010-02-02 00:00:00,2010-02-02 00:00:00,67,2010-02-02 00:00:00,67,67,1,500,33500,2010-02-02 00:00:00,1
2010-02-03 00:00:00,2010-02-03 00:00:00,73,2010-02-03 00:00:00,68.25,71.75,63,74400,5278750,2010-02-03 00:00:00,1
2010-02-05 00:00:00,2010-02-05 00:00:00,74.75,2010-02-05 00:00:00,69,73.25,19,19200,1399775,2010-02-05 00:00:00,1
2010-02-08 00:00:00,2010-02-08 00:00:00,79,2010-02-08 00:00:00,74.75,77,46,39100,2995900,2010-02-08 00:00:00,1
2010-02-09 00:00:00,2010-02-09 00:00:00,80,2010-02-09 00:00:00,74,75.25,25,34700,2613850,2010-02-09 00:00:00,1
2010-02-10 00:00:00,2010-02-10 00:00:00,77.75,2010-02-10 00:00:00,75,76.5,15,10500,808075,2010-02-10 00:00:00,1
2010-02-11 00:00:00,2010-02-11 00:00:00,79,2010-02-11 00:00:00,75,76,9,6200,474200,2010-02-11 00:00:00,1
2010-02-12 00:00:00,2010-02-12 00:00:00,74.75,2010-02-12 00:00:00,72.75,74,10,14200,1048025,2010-02-12 00:00:00,1
2010-02-16 00:00:00,2010-02-16 00:00:00,74,2010-02-16 00:00:00,71.25,74,5,1900,135925,2010-02-16 00:00:00,1
2010-02-23 00:00:00,2010-02-23 00:00:00,75,2010-02-23 00:00:00,73,73.25,3,2200,160900,2010-02-23 00:00:00,1
2010-02-24 00:00:00,2010-02-24 00:00:00,74,2010-02-24 00:00:00,71,72.75,4,1700,123100,2010-02-24 00:00:00,1
2010-02-25 00:00:00,2010-02-25 00:00:00,78,2010-02-25 00:00:00,74,75.75,9,4400,332850,2010-02-25 00:00:00,1
2010-02-26 00:00:00,2010-02-26 00:00:00,79,2010-02-26 00:00:00,76,77.75,14,12700,987950,2010-02-26 00:00:00,1
2010-03-01 00:00:00,2010-03-01 00:00:00,83.5,2010-03-01 00:00:00,79,83.25,29,17600,1421025,2010-03-01 00:00:00,1
2010-03-02 00:00:00,2010-03-02 00:00:00,91,2010-03-02 00:00:00,82.5,89,106,168400,14816675,2010-03-02 00:00:00,1
2010-03-03 00:00:00,2010-03-03 00:00:00,93,2010-03-03 00:00:00,88.5,91,69,132700,12026175,2010-03-03 00:00:00,1
2010-03-04 00:00:00,2010-03-04 00:00:00,96.5,2010-03-04 00:00:00,91,94.5,40,49700,4615150,2010-03-04 00:00:00,1
2010-03-05 00:00:00,2010-03-05 00:00:00,99.5,2010-03-05 00:00:00,96,99,62,136900,13515225,2010-03-05 00:00:00,1
2010-03-08 00:00:00,2010-03-08 00:00:00,100,2010-03-08 00:00:00,92,96.75,11,4800,473500,2010-03-08 00:00:00,1
2010-03-09 00:00:00,2010-03-09 00:00:00,92.25,2010-03-09 00:00:00,91.75,92.25,3,800,73725,2010-03-09 00:00:00,1
2010-03-10 00:00:00,2010-03-10 00:00:00,94,2010-03-10 00:00:00,92.25,94,2,1100,103225,2010-03-10 00:00:00,1
2010-03-11 00:00:00,2010-03-11 00:00:00,98.75,2010-03-11 00:00:00,94,98.5,10,2300,220525,2010-03-11 00:00:00,1
2010-03-12 00:00:00,2010-03-12 00:00:00,98.75,2010-03-12 00:00:00,95,97.5,3,1500,146125,2010-03-12 00:00:00,1
2010-03-15 00:00:00,2010-03-15 00:00:00,97.5,2010-03-15 00:00:00,97.5,97.5,2,1300,126750,2010-03-15 00:00:00,1
2010-03-17 00:00:00,2010-03-17 00:00:00,95,2010-03-17 00:00:00,95,95,1,100,9500,2010-03-17 00:00:00,1
2010-03-19 00:00:00,2010-03-19 00:00:00,91,2010-03-19 00:00:00,87.5,90.75,4,1100,99750,2010-03-19 00:00:00,1
2010-03-22 00:00:00,2010-03-22 00:00:00,90,2010-03-22 00:00:00,90,90,3,1200,108000,2010-03-22 00:00:00,1
2010-03-23 00:00:00,2010-03-23 00:00:00,89.75,2010-03-23 00:00:00,86.25,88,2,200,17600,2010-03-23 00:00:00,1
2010-03-24 00:00:00,2010-03-24 00:00:00,,2010-03-24 00:00:00,,,1,159500,13876500,2010-03-24 00:00:00,1
2010-03-25 00:00:00,2010-03-25 00:00:00,88.25,2010-03-25 00:00:00,88,88.25,2,600,52875,2010-03-25 00:00:00,1
2010-03-26 00:00:00,2010-03-26 00:00:00,88,2010-03-26 00:00:00,88,88,8,6000,528000,2010-03-26 00:00:00,1
2010-03-30 00:00:00,2010-03-30 00:00:00,90,2010-03-30 00:00:00,87,90,5,17100,1490600,2010-03-30 00:00:00,1
2010-03-31 00:00:00,2010-03-31 00:00:00,91,2010-03-31 00:00:00,87,87.75,6,17700,1546200,2010-03-31 00:00:00,1
2010-04-01 00:00:00,2010-04-01 00:00:00,87,2010-04-01 00:00:00,87,87,1,1500,130500,2010-04-01 00:00:00,1
2010-04-05 00:00:00,2010-04-05 00:00:00,93,2010-04-05 00:00:00,91,92,6,1100,101300,2010-04-05 00:00:00,1
2010-04-06 00:00:00,2010-04-06 00:00:00,94.75,2010-04-06 00:00:00,92,94.25,2,500,47100,2010-04-06 00:00:00,1
2010-04-07 00:00:00,2010-04-07 00:00:00,97,2010-04-07 00:00:00,93.5,94.25,9,5600,528375,2010-04-07 00:00:00,1
2010-04-08 00:00:00,2010-04-08 00:00:00,96,2010-04-08 00:00:00,94,95,3,800,76000,2010-04-08 00:00:00,1
2010-04-12 00:00:00,2010-04-12 00:00:00,94.75,2010-04-12 00:00:00,94.75,94.75,1,1900,180025,2010-04-12 00:00:00,1
2010-04-15 00:00:00,2010-04-15 00:00:00,94,2010-04-15 00:00:00,94,94,1,700,65800,2010-04-15 00:00:00,1
2010-04-16 00:00:00,2010-04-16 00:00:00,96,2010-04-16 00:00:00,94,95.25,3,600,57100,2010-04-16 00:00:00,1
2010-04-19 00:00:00,2010-04-19 00:00:00,99.75,2010-04-19 00:00:00,95.25,96,6,6300,601400,2010-04-19 00:00:00,1
2010-04-20 00:00:00,2010-04-20 00:00:00,97,2010-04-20 00:00:00,95.25,95.25,2,600,58025,2010-04-20 00:00:00,1
2010-04-21 00:00:00,2010-04-21 00:00:00,99.5,2010-04-21 00:00:00,95,95.75,13,157200,14938600,2010-04-21 00:00:00,1
2010-04-22 00:00:00,2010-04-22 00:00:00,99,2010-04-22 00:00:00,95,97.5,11,45800,4356750,2010-04-22 00:00:00,1
2010-04-23 00:00:00,2010-04-23 00:00:00,99,2010-04-23 00:00:00,97,98,12,3700,362875,2010-04-23 00:00:00,1
2010-04-26 00:00:00,2010-04-26 00:00:00,100,2010-04-26 00:00:00,96,96.5,16,15200,1470150,2010-04-26 00:00:00,1
2010-04-27 00:00:00,2010-04-27 00:00:00,94,2010-04-27 00:00:00,94,94,1,200,18800,2010-04-27 00:00:00,1
2010-04-29 00:00:00,2010-04-29 00:00:00,96,2010-04-29 00:00:00,94,95.5,4,1500,143150,2010-04-29 00:00:00,1
2010-04-30 00:00:00,2010-04-30 00:00:00,100,2010-04-30 00:00:00,96,99.25,2,1200,119200,2010-04-30 00:00:00,1
2010-05-03 00:00:00,2010-05-03 00:00:00,99,2010-05-03 00:00:00,97,97.25,4,800,77800,2010-05-03 00:00:00,1
2010-05-04 00:00:00,2010-05-04 00:00:00,96,2010-05-04 00:00:00,96,96,1,500,48000,2010-05-04 00:00:00,1
2010-05-05 00:00:00,2010-05-05 00:00:00,95.5,2010-05-05 00:00:00,95.5,95.5,2,1000,95500,2010-05-05 00:00:00,1
2010-05-06 00:00:00,2010-05-06 00:00:00,96,2010-05-06 00:00:00,95.75,96,2,500,47975,2010-05-06 00:00:00,1
2010-05-10 00:00:00,2010-05-10 00:00:00,95.75,2010-05-10 00:00:00,95.5,95.75,3,2000,191475,2010-05-10 00:00:00,1
2010-05-11 00:00:00,2010-05-11 00:00:00,93.5,2010-05-11 00:00:00,93.5,93.5,1,500,46750,2010-05-11 00:00:00,1
2010-05-12 00:00:00,2010-05-12 00:00:00,96,2010-05-12 00:00:00,93.5,95.5,6,110000,10660225,2010-05-12 00:00:00,1
2010-05-13 00:00:00,2010-05-13 00:00:00,97,2010-05-13 00:00:00,96,97,6,92600,8973900,2010-05-13 00:00:00,1
2010-05-14 00:00:00,2010-05-14 00:00:00,97.5,2010-05-14 00:00:00,96.75,97,5,3900,378375,2010-05-14 00:00:00,1
2010-05-19 00:00:00,2010-05-19 00:00:00,95.75,2010-05-19 00:00:00,95.75,95.75,1,100,9575,2010-05-19 00:00:00,1
2010-05-20 00:00:00,2010-05-20 00:00:00,95.5,2010-05-20 00:00:00,95.5,95.5,2,1200,114600,2010-05-20 00:00:00,1
2010-05-26 00:00:00,2010-05-26 00:00:00,95.5,2010-05-26 00:00:00,95,95,3,1300,123600,2010-05-26 00:00:00,1
2010-05-31 00:00:00,2010-05-31 00:00:00,98,2010-05-31 00:00:00,95,96,3,1000,95900,2010-05-31 00:00:00,1
2010-06-02 00:00:00,2010-06-02 00:00:00,96.5,2010-06-02 00:00:00,96,96.5,3,1000,96450,2010-06-02 00:00:00,1
2010-06-07 00:00:00,2010-06-07 00:00:00,99.25,2010-06-07 00:00:00,95,98.75,31,227700,22504175,2010-06-07 00:00:00,1
2010-06-08 00:00:00,2010-06-08 00:00:00,99.75,2010-06-08 00:00:00,96.5,98,16,129100,12702550,2010-06-08 00:00:00,1
2010-06-09 00:00:00,2010-06-09 00:00:00,104.75,2010-06-09 00:00:00,98,99.75,66,176100,17525000,2010-06-09 00:00:00,1
2010-06-10 00:00:00,2010-06-10 00:00:00,105,2010-06-10 00:00:00,104,104,26,33400,3495850,2010-06-10 00:00:00,1
2010-06-11 00:00:00,2010-06-11 00:00:00,108,2010-06-11 00:00:00,105,106.75,17,27100,2885125,2010-06-11 00:00:00,1
2010-06-14 00:00:00,2010-06-14 00:00:00,120,2010-06-14 00:00:00,108,114.5,23,217900,24038450,2010-06-14 00:00:00,1
2010-06-15 00:00:00,2010-06-15 00:00:00,114,2010-06-15 00:00:00,110,110.25,4,13200,1462750,2010-06-15 00:00:00,1
2010-06-16 00:00:00,2010-06-16 00:00:00,111.75,2010-06-16 00:00:00,110,110,8,6100,671175,2010-06-16 00:00:00,1
2010-06-17 00:00:00,2010-06-17 00:00:00,110,2010-06-17 00:00:00,110,110,1,100,11000,2010-06-17 00:00:00,1
2010-06-21 00:00:00,2010-06-21 00:00:00,110,2010-06-21 00:00:00,108.75,109.5,12,72000,7884400,2010-06-21 00:00:00,1
2010-06-22 00:00:00,2010-06-22 00:00:00,109.5,2010-06-22 00:00:00,109.5,109.5,4,2500,273750,2010-06-22 00:00:00,1
2010-06-23 00:00:00,2010-06-23 00:00:00,109,2010-06-23 00:00:00,105,105.25,9,51800,5448700,2010-06-23 00:00:00,1
2010-06-24 00:00:00,2010-06-24 00:00:00,110,2010-06-24 00:00:00,103,103,5,3900,418450,2010-06-24 00:00:00,1
2010-06-28 00:00:00,2010-06-28 00:00:00,108,2010-06-28 00:00:00,105,105.75,5,7200,759500,2010-06-28 00:00:00,1
2010-06-29 00:00:00,2010-06-29 00:00:00,104.75,2010-06-29 00:00:00,103,103.25,5,2000,207075,2010-06-29 00:00:00,1
2010-06-30 00:00:00,2010-06-30 00:00:00,114.75,2010-06-30 00:00:00,102,103.75,9,4500,468300,2010-06-30 00:00:00,1
2010-07-01 00:00:00,2010-07-01 00:00:00,110,2010-07-01 00:00:00,104.25,108.5,2,400,43425,2010-07-01 00:00:00,1
2010-07-02 00:00:00,2010-07-02 00:00:00,110,2010-07-02 00:00:00,108.5,108.5,3,30200,3277000,2010-07-02 00:00:00,1
2010-07-05 00:00:00,2010-07-05 00:00:00,108,2010-07-05 00:00:00,107,107,4,100100,10810700,2010-07-05 00:00:00,1
2010-07-06 00:00:00,2010-07-06 00:00:00,108,2010-07-06 00:00:00,108,108,4,600,64800,2010-07-06 00:00:00,1
2010-07-07 00:00:00,2010-07-07 00:00:00,107,2010-07-07 00:00:00,100,104.25,7,60400,6461725,2010-07-07 00:00:00,1
2010-07-08 00:00:00,2010-07-08 00:00:00,107,2010-07-08 00:00:00,106.5,106.75,7,3800,405850,2010-07-08 00:00:00,1
2010-07-12 00:00:00,2010-07-12 00:00:00,106.75,2010-07-12 00:00:00,106.75,106.75,1,2500,266875,2010-07-12 00:00:00,1
2010-07-13 00:00:00,2010-07-13 00:00:00,110,2010-07-13 00:00:00,106,108.5,17,6900,740275,2010-07-13 00:00:00,1
2010-07-14 00:00:00,2010-07-14 00:00:00,113.75,2010-07-14 00:00:00,110,112.75,22,13900,1559425,2010-07-14 00:00:00,1
2010-07-15 00:00:00,2010-07-15 00:00:00,107.75,2010-07-15 00:00:00,98,100.5,245,1976500,195548600,2010-07-15 00:00:00,1
2010-07-16 00:00:00,2010-07-16 00:00:00,107.75,2010-07-16 00:00:00,101.25,103.5,21,6500,678275,2010-07-16 00:00:00,1
2010-07-19 00:00:00,2010-07-19 00:00:00,104,2010-07-19 00:00:00,103,104,9,26000,2699575,2010-07-19 00:00:00,1
2010-07-21 00:00:00,2010-07-21 00:00:00,102.5,2010-07-21 00:00:00,101.25,101.25,3,300,30525,2010-07-21 00:00:00,1
2010-07-22 00:00:00,2010-07-22 00:00:00,101.5,2010-07-22 00:00:00,101.25,101.5,4,5500,557400,2010-07-22 00:00:00,1
2010-07-23 00:00:00,2010-07-23 00:00:00,104,2010-07-23 00:00:00,101,103,17,20500,2107525,2010-07-23 00:00:00,1
2010-07-26 00:00:00,2010-07-26 00:00:00,105,2010-07-26 00:00:00,102.75,105,13,20100,2090250,2010-07-26 00:00:00,1
2010-07-27 00:00:00,2010-07-27 00:00:00,109,2010-07-27 00:00:00,102.5,108,95,1077700,113813850,2010-07-27 00:00:00,1
2010-07-28 00:00:00,2010-07-28 00:00:00,116,2010-07-28 00:00:00,108.75,113.5,287,722800,81471700,2010-07-28 00:00:00,1
2010-07-29 00:00:00,2010-07-29 00:00:00,120,2010-07-29 00:00:00,110.75,111.75,184,475100,53725725,2010-07-29 00:00:00,1
2010-07-30 00:00:00,2010-07-30 00:00:00,113,2010-07-30 00:00:00,108.5,108.5,56,99400,10853375,2010-07-30 00:00:00,1
2010-08-02 00:00:00,2010-08-02 00:00:00,110,2010-08-02 00:00:00,107,108.5,32,72700,7964410,2010-08-02 00:00:00,1
2010-08-03 00:00:00,2010-08-03 00:00:00,109,2010-08-03 00:00:00,107,108.2,37,71400,7726060,2010-08-03 00:00:00,1
2010-08-04 00:00:00,2010-08-04 00:00:00,107,2010-08-04 00:00:00,102.5,103.2,30,19200,2005870,2010-08-04 00:00:00,1
2010-08-05 00:00:00,2010-08-05 00:00:00,103.6,2010-08-05 00:00:00,100,100.7,16,7200,726530,2010-08-05 00:00:00,1
2010-08-06 00:00:00,2010-08-06 00:00:00,107,2010-08-06 00:00:00,103,103,29,30400,3132140,2010-08-06 00:00:00,1
2010-08-09 00:00:00,2010-08-09 00:00:00,103,2010-08-09 00:00:00,99.9,100.6,36,69900,6992090,2010-08-09 00:00:00,1
2010-08-10 00:00:00,2010-08-10 00:00:00,108.5,2010-08-10 00:00:00,100,107,28,32200,3413040,2010-08-10 00:00:00,1
2010-08-11 00:00:00,2010-08-11 00:00:00,107,2010-08-11 00:00:00,105,105,11,78200,8281600,2010-08-11 00:00:00,1
2010-08-12 00:00:00,2010-08-12 00:00:00,105,2010-08-12 00:00:00,100.1,105,10,107900,11326310,2010-08-12 00:00:00,1
2010-08-13 00:00:00,2010-08-13 00:00:00,105,2010-08-13 00:00:00,104.1,104.9,8,2000,209740,2010-08-13 00:00:00,1
2010-08-17 00:00:00,2010-08-17 00:00:00,103.5,2010-08-17 00:00:00,100,102,25,194900,20124650,2010-08-17 00:00:00,1
2010-08-18 00:00:00,2010-08-18 00:00:00,105,2010-08-18 00:00:00,100,100.7,6,2300,231490,2010-08-18 00:00:00,1
2010-08-19 00:00:00,2010-08-19 00:00:00,103,2010-08-19 00:00:00,103,103,2,1000,103000,2010-08-19 00:00:00,1
2010-08-20 00:00:00,2010-08-20 00:00:00,104.9,2010-08-20 00:00:00,103.9,104.5,5,1300,135730,2010-08-20 00:00:00,1
2010-08-23 00:00:00,2010-08-23 00:00:00,102.7,2010-08-23 00:00:00,102.7,102.7,1,100,10270,2010-08-23 00:00:00,1
2010-08-25 00:00:00,2010-08-25 00:00:00,112.7,2010-08-25 00:00:00,102.1,102.5,63,431400,44237420,2010-08-25 00:00:00,1
2010-08-26 00:00:00,2010-08-26 00:00:00,103.5,2010-08-26 00:00:00,102,102.4,14,17300,1768950,2010-08-26 00:00:00,1
2010-08-27 00:00:00,2010-08-27 00:00:00,105,2010-08-27 00:00:00,102.5,104.9,53,434700,44568170,2010-08-27 00:00:00,1
2010-08-30 00:00:00,2010-08-30 00:00:00,105,2010-08-30 00:00:00,104,105,4,11400,1195800,2010-08-30 00:00:00,1
2010-08-31 00:00:00,2010-08-31 00:00:00,110,2010-08-31 00:00:00,104,106,12,36500,3829960,2010-08-31 00:00:00,1
2010-09-01 00:00:00,2010-09-01 00:00:00,110,2010-09-01 00:00:00,108,108.2,96,65500,7162210,2010-09-01 00:00:00,1
2010-09-02 00:00:00,2010-09-02 00:00:00,113.9,2010-09-02 00:00:00,109.5,113.5,85,629400,70455090,2010-09-02 00:00:00,1
2010-09-03 00:00:00,2010-09-03 00:00:00,115.5,2010-09-03 00:00:00,113,114.9,89,471500,54179390,2010-09-03 00:00:00,1
2010-09-06 00:00:00,2010-09-06 00:00:00,119,2010-09-06 00:00:00,114,114,65,61800,7146440,2010-09-06 00:00:00,1
2010-09-07 00:00:00,2010-09-07 00:00:00,115,2010-09-07 00:00:00,114,114.1,19,8300,947440,2010-09-07 00:00:00,1
2010-09-08 00:00:00,2010-09-08 00:00:00,114,2010-09-08 00:00:00,111.1,112.9,8,4100,464830,2010-09-08 00:00:00,1
2010-09-09 00:00:00,2010-09-09 00:00:00,113,2010-09-09 00:00:00,110.1,111.6,14,9400,1047410,2010-09-09 00:00:00,1
2010-09-13 00:00:00,2010-09-13 00:00:00,117,2010-09-13 00:00:00,111,115.4,82,442600,50819260,2010-09-13 00:00:00,1
2010-09-14 00:00:00,2010-09-14 00:00:00,118,2010-09-14 00:00:00,114,117,49,98300,11453030,2010-09-14 00:00:00,1
2010-09-15 00:00:00,2010-09-15 00:00:00,120,2010-09-15 00:00:00,116.1,119.3,88,166300,19804830,2010-09-15 00:00:00,1
2010-09-16 00:00:00,2010-09-16 00:00:00,125,2010-09-16 00:00:00,119.5,120.4,92,330400,39747280,2010-09-16 00:00:00,1
2010-09-17 00:00:00,2010-09-17 00:00:00,124.9,2010-09-17 00:00:00,120,120.8,44,99400,12128800,2010-09-17 00:00:00,1
2010-09-20 00:00:00,2010-09-20 00:00:00,125,2010-09-20 00:00:00,115,120,31,18900,2277580,2010-09-20 00:00:00,1
2010-09-21 00:00:00,2010-09-21 00:00:00,139.9,2010-09-21 00:00:00,121.9,136.8,267,1068700,141415210,2010-09-21 00:00:00,1
2010-09-23 00:00:00,2010-09-23 00:00:00,143,2010-09-23 00:00:00,138,139.8,115,360400,50022130,2010-09-23 00:00:00,1
2010-09-24 00:00:00,2010-09-24 00:00:00,140,2010-09-24 00:00:00,135,138.6,54,30600,4221140,2010-09-24 00:00:00,1
2010-09-27 00:00:00,2010-09-27 00:00:00,120.1,2010-09-27 00:00:00,112,112,35,43100,5020290,2010-09-27 00:00:00,1
2010-09-28 00:00:00,2010-09-28 00:00:00,115,2010-09-28 00:00:00,110,110.4,20,12900,1446150,2010-09-28 00:00:00,1
2010-09-29 00:00:00,2010-09-29 00:00:00,109.9,2010-09-29 00:00:00,106,109.6,6,2000,218360,2010-09-29 00:00:00,1
2010-09-30 00:00:00,2010-09-30 00:00:00,109,2010-09-30 00:00:00,103.6,106,28,18600,2000920,2010-09-30 00:00:00,1
2010-10-01 00:00:00,2010-10-01 00:00:00,110,2010-10-01 00:00:00,107,109.7,21,134300,14467500,2010-10-01 00:00:00,1
2010-10-04 00:00:00,2010-10-04 00:00:00,109,2010-10-04 00:00:00,105.5,108,14,14500,1557680,2010-10-04 00:00:00,1
2010-10-05 00:00:00,2010-10-05 00:00:00,110,2010-10-05 00:00:00,104,105,46,81500,8649340,2010-10-05 00:00:00,1
2010-10-06 00:00:00,2010-10-06 00:00:00,108,2010-10-06 00:00:00,100,102.5,39,46100,4763910,2010-10-06 00:00:00,1
2010-10-07 00:00:00,2010-10-07 00:00:00,103,2010-10-07 00:00:00,99.9,100,72,166100,16745200,2010-10-07 00:00:00,1
2010-10-08 00:00:00,2010-10-08 00:00:00,105,2010-10-08 00:00:00,99.1,102.2,17,17800,1813150,2010-10-08 00:00:00,1
2010-10-11 00:00:00,2010-10-11 00:00:00,109.9,2010-10-11 00:00:00,104,104.9,51,67800,7231960,2010-10-11 00:00:00,1
2010-10-12 00:00:00,2010-10-12 00:00:00,104.5,2010-10-12 00:00:00,99,100,52,160200,16082850,2010-10-12 00:00:00,1
2010-10-13 00:00:00,2010-10-13 00:00:00,102.9,2010-10-13 00:00:00,97,102.9,31,31800,3173520,2010-10-13 00:00:00,1
2010-10-14 00:00:00,2010-10-14 00:00:00,105,2010-10-14 00:00:00,101,101.1,18,5400,550020,2010-10-14 00:00:00,1
2010-10-15 00:00:00,2010-10-15 00:00:00,103,2010-10-15 00:00:00,99,99,11,16500,1654380,2010-10-15 00:00:00,1
2010-10-18 00:00:00,2010-10-18 00:00:00,102,2010-10-18 00:00:00,101,101,4,3000,304000,2010-10-18 00:00:00,1
2010-10-19 00:00:00,2010-10-19 00:00:00,101,2010-10-19 00:00:00,99,100,9,8900,889900,2010-10-19 00:00:00,1
2010-10-20 00:00:00,2010-10-20 00:00:00,101,2010-10-20 00:00:00,99,100,14,16400,1633600,2010-10-20 00:00:00,1
2010-10-21 00:00:00,2010-10-21 00:00:00,98,2010-10-21 00:00:00,96,98,12,3700,356820,2010-10-21 00:00:00,1
2010-10-25 00:00:00,2010-10-25 00:00:00,98,2010-10-25 00:00:00,98,98,3,3300,323400,2010-10-25 00:00:00,1
2010-10-26 00:00:00,2010-10-26 00:00:00,97,2010-10-26 00:00:00,90,91.3,10,7500,687000,2010-10-26 00:00:00,1
2010-10-27 00:00:00,2010-10-27 00:00:00,100,2010-10-27 00:00:00,87.5,100,28,133600,13276410,2010-10-27 00:00:00,1
2010-10-28 00:00:00,2010-10-28 00:00:00,105,2010-10-28 00:00:00,98.1,99.9,25,83200,8321610,2010-10-28 00:00:00,1
2010-10-29 00:00:00,2010-10-29 00:00:00,101.5,2010-10-29 00:00:00,99,100.8,18,28100,2797480,2010-10-29 00:00:00,1
2010-11-02 00:00:00,2010-11-02 00:00:00,104.3,2010-11-02 00:00:00,100.8,100.8,4,1300,131390,2010-11-02 00:00:00,1
2010-11-03 00:00:00,2010-11-03 00:00:00,100.8,2010-11-03 00:00:00,100,100.1,13,21100,2110520,2010-11-03 00:00:00,1
2010-11-04 00:00:00,2010-11-04 00:00:00,100.1,2010-11-04 00:00:00,100,100,22,51800,5180050,2010-11-04 00:00:00,1
2010-11-08 00:00:00,2010-11-08 00:00:00,102.7,2010-11-08 00:00:00,100,100.5,17,16400,1655320,2010-11-08 00:00:00,1
2010-11-09 00:00:00,2010-11-09 00:00:00,100,2010-11-09 00:00:00,100,100,7,19600,1960000,2010-11-09 00:00:00,1
2010-11-10 00:00:00,2010-11-10 00:00:00,102,2010-11-10 00:00:00,101,101,6,600,61000,2010-11-10 00:00:00,1
2010-11-11 00:00:00,2010-11-11 00:00:00,100,2010-11-11 00:00:00,100,100,3,400,40000,2010-11-11 00:00:00,1
2010-11-12 00:00:00,2010-11-12 00:00:00,104.4,2010-11-12 00:00:00,101,101,19,4100,419130,2010-11-12 00:00:00,1
2010-11-15 00:00:00,2010-11-15 00:00:00,102,2010-11-15 00:00:00,100,100,25,107000,10704500,2010-11-15 00:00:00,1
2010-11-16 00:00:00,2010-11-16 00:00:00,100,2010-11-16 00:00:00,100,100,11,51900,5190000,2010-11-16 00:00:00,1
2010-11-18 00:00:00,2010-11-18 00:00:00,103.9,2010-11-18 00:00:00,100.1,100.3,11,10800,1086140,2010-11-18 00:00:00,1
2010-11-22 00:00:00,2010-11-22 00:00:00,103.7,2010-11-22 00:00:00,98,101,6,1500,152070,2010-11-22 00:00:00,1
2010-11-23 00:00:00,2010-11-23 00:00:00,101,2010-11-23 00:00:00,100,100.5,8,9500,951700,2010-11-23 00:00:00,1
2010-11-24 00:00:00,2010-11-24 00:00:00,100.5,2010-11-24 00:00:00,100,100,18,18100,1810750,2010-11-24 00:00:00,1
2010-11-25 00:00:00,2010-11-25 00:00:00,103,2010-11-25 00:00:00,100,101.6,25,93400,9346660,2010-11-25 00:00:00,1
2010-11-26 00:00:00,2010-11-26 00:00:00,101.6,2010-11-26 00:00:00,100,100.1,16,24900,2491850,2010-11-26 00:00:00,1
2010-11-29 00:00:00,2010-11-29 00:00:00,100.1,2010-11-29 00:00:00,97.8,98.2,6,2100,208340,2010-11-29 00:00:00,1
2010-11-30 00:00:00,2010-11-30 00:00:00,101,2010-11-30 00:00:00,96,100,17,22700,2270260,2010-11-30 00:00:00,1
2010-12-01 00:00:00,2010-12-01 00:00:00,104.8,2010-12-01 00:00:00,100.7,101.4,12,18100,1831600,2010-12-01 00:00:00,1
2010-12-02 00:00:00,2010-12-02 00:00:00,104.5,2010-12-02 00:00:00,104.5,104.5,3,500,52250,2010-12-02 00:00:00,1
2010-12-03 00:00:00,2010-12-03 00:00:00,104.9,2010-12-03 00:00:00,103.4,104.4,15,20900,2179870,2010-12-03 00:00:00,1
2010-12-06 00:00:00,2010-12-06 00:00:00,105,2010-12-06 00:00:00,104,105,35,88400,9275310,2010-12-06 00:00:00,1
2010-12-07 00:00:00,2010-12-07 00:00:00,106,2010-12-07 00:00:00,101,105.8,27,112800,11917670,2010-12-07 00:00:00,1
2010-12-08 00:00:00,2010-12-08 00:00:00,105,2010-12-08 00:00:00,104,104.7,6,4000,418600,2010-12-08 00:00:00,1
2010-12-09 00:00:00,2010-12-09 00:00:00,105,2010-12-09 00:00:00,104.5,104.5,3,1200,125490,2010-12-09 00:00:00,1
2010-12-10 00:00:00,2010-12-10 00:00:00,107.6,2010-12-10 00:00:00,105.7,107,36,63600,6787900,2010-12-10 00:00:00,1
2010-12-13 00:00:00,2010-12-13 00:00:00,109.7,2010-12-13 00:00:00,105,105,45,37800,4025960,2010-12-13 00:00:00,1
2010-12-14 00:00:00,2010-12-14 00:00:00,102,2010-12-14 00:00:00,102,102,2,500,51000,2010-12-14 00:00:00,1
2010-12-15 00:00:00,2010-12-15 00:00:00,102.9,2010-12-15 00:00:00,101.2,102.4,8,2000,204770,2010-12-15 00:00:00,1
2010-12-16 00:00:00,2010-12-16 00:00:00,102,2010-12-16 00:00:00,102,102,1,400,40800,2010-12-16 00:00:00,1
2010-12-17 00:00:00,2010-12-17 00:00:00,108.9,2010-12-17 00:00:00,104.9,105.7,23,37900,4007010,2010-12-17 00:00:00,1
2010-12-21 00:00:00,2010-12-21 00:00:00,106,2010-12-21 00:00:00,106,106,4,1600,169600,2010-12-21 00:00:00,1
2010-12-22 00:00:00,2010-12-22 00:00:00,114,2010-12-22 00:00:00,103.3,110.3,91,102100,11301440,2010-12-22 00:00:00,1
2010-12-23 00:00:00,2010-12-23 00:00:00,120.6,2010-12-23 00:00:00,112.5,120,123,372700,44351900,2010-12-23 00:00:00,1
2010-12-24 00:00:00,2010-12-24 00:00:00,121,2010-12-24 00:00:00,120,120,24,14900,1788700,2010-12-24 00:00:00,1
2010-12-27 00:00:00,2010-12-27 00:00:00,124.1,2010-12-27 00:00:00,120,120,24,18100,2174010,2010-12-27 00:00:00,1
2010-12-28 00:00:00,2010-12-28 00:00:00,125,2010-12-28 00:00:00,120,124.4,97,360700,44803980,2010-12-28 00:00:00,1
2010-12-29 00:00:00,2010-12-29 00:00:00,124.5,2010-12-29 00:00:00,120.1,124,35,78100,9640620,2010-12-29 00:00:00,1
2010-12-30 00:00:00,2010-12-30 00:00:00,128,2010-12-30 00:00:00,120,127.3,101,234300,29489690,2010-12-30 00:00:00,1
2010-12-31 00:00:00,2010-12-31 00:00:00,139,2010-12-31 00:00:00,127,134.3,145,317400,41887970,2010-12-31 00:00:00,1
Company Id,:  TKYO,Security,Type :  N,Sub Type,:  0000,,,,,
Short Name,:  TOKYO CEMENT,,,,,,,,,
Day,Date High,High,Date Low,Low,Closing,No. of Trades,No. of Shares,Turnover,Last Traded,Days Traded
2010-01-04 00:00:00,2010-01-04 00:00:00,339.25,2010-01-04 00:00:00,305,338.5,101,34300,11573100,2010-01-04 00:00:00,1
2010-01-05 00:00:00,2010-01-05 00:00:00,340,2010-01-05 00:00:00,330,336,50,16100,5407050,2010-01-05 00:00:00,1
2010-01-06 00:00:00,2010-01-06 00:00:00,339,2010-01-06 00:00:00,330,330.25,56,19900,6651900,2010-01-06 00:00:00,1
2010-01-07 00:00:00,2010-01-07 00:00:00,337,2010-01-07 00:00:00,328,330,64,30200,9969700,2010-01-07 00:00:00,1
2010-01-08 00:00:00,2010-01-08 00:00:00,330,2010-01-08 00:00:00,328,329.75,45,25900,8537475,2010-01-08 00:00:00,1
2010-01-11 00:00:00,2010-01-11 00:00:00,333,2010-01-11 00:00:00,329,329.25,39,18500,6101575,2010-01-11 00:00:00,1
2010-01-12 00:00:00,2010-01-12 00:00:00,328,2010-01-12 00:00:00,325,325.25,33,21900,7144850,2010-01-12 00:00:00,1
2010-01-13 00:00:00,2010-01-13 00:00:00,330,2010-01-13 00:00:00,326,329,33,20600,6775325,2010-01-13 00:00:00,1
2010-01-15 00:00:00,2010-01-15 00:00:00,336,2010-01-15 00:00:00,328,332.5,69,39000,12831125,2010-01-15 00:00:00,1
2010-01-18 00:00:00,2010-01-18 00:00:00,333,2010-01-18 00:00:00,326,329.5,60,30400,10035225,2010-01-18 00:00:00,1
2010-01-19 00:00:00,2010-01-19 00:00:00,330,2010-01-19 00:00:00,323.5,327.25,53,21400,6979775,2010-01-19 00:00:00,1
2010-01-20 00:00:00,2010-01-20 00:00:00,339,2010-01-20 00:00:00,326,331.75,78,42500,14192300,2010-01-20 00:00:00,1
2010-02-01 00:00:00,2010-02-01 00:00:00,39.75,2010-02-01 00:00:00,34.5,37.75,583,1090100,40711775,2010-02-01 00:00:00,1
2010-02-02 00:00:00,2010-02-02 00:00:00,38.5,2010-02-02 00:00:00,35,36,191,373500,13837125,2010-02-02 00:00:00,1
2010-02-03 00:00:00,2010-02-03 00:00:00,36.75,2010-02-03 00:00:00,33.75,34.25,154,258500,9053300,2010-02-03 00:00:00,1
2010-02-05 00:00:00,2010-02-05 00:00:00,35.5,2010-02-05 00:00:00,34.25,34.25,64,108200,3793400,2010-02-05 00:00:00,1
2010-02-08 00:00:00,2010-02-08 00:00:00,35.5,2010-02-08 00:00:00,33.75,34,59,151500,5162825,2010-02-08 00:00:00,1
2010-02-09 00:00:00,2010-02-09 00:00:00,34,2010-02-09 00:00:00,32.75,33.25,59,396000,13069850,2010-02-09 00:00:00,1
2010-02-10 00:00:00,2010-02-10 00:00:00,33,2010-02-10 00:00:00,32.5,32.5,66,163000,5362700,2010-02-10 00:00:00,1
2010-02-11 00:00:00,2010-02-11 00:00:00,32.75,2010-02-11 00:00:00,32,32,42,80600,2598200,2010-02-11 00:00:00,1
2010-02-12 00:00:00,2010-02-12 00:00:00,32,2010-02-12 00:00:00,30.75,31,58,79000,2452875,2010-02-12 00:00:00,1
2010-02-15 00:00:00,2010-02-15 00:00:00,31.5,2010-02-15 00:00:00,30.5,30.75,48,61300,1883925,2010-02-15 00:00:00,1
2010-02-16 00:00:00,2010-02-16 00:00:00,31.25,2010-02-16 00:00:00,29,29.5,93,210400,6294825,2010-02-16 00:00:00,1
2010-02-17 00:00:00,2010-02-17 00:00:00,30,2010-02-17 00:00:00,29.25,29.5,47,56400,1654950,2010-02-17 00:00:00,1
2010-02-18 00:00:00,2010-02-18 00:00:00,29.5,2010-02-18 00:00:00,29,29.5,36,63100,1858875,2010-02-18 00:00:00,1
2010-02-19 00:00:00,2010-02-19 00:00:00,31,2010-02-19 00:00:00,29.5,30,23,25500,761250,2010-02-19 00:00:00,1
2010-02-22 00:00:00,2010-02-22 00:00:00,30.5,2010-02-22 00:00:00,29.75,29.75,23,30200,906675,2010-02-22 00:00:00,1
2010-02-23 00:00:00,2010-02-23 00:00:00,31,2010-02-23 00:00:00,29.5,30,62,88000,2625925,2010-02-23 00:00:00,1
2010-02-24 00:00:00,2010-02-24 00:00:00,32.5,2010-02-24 00:00:00,30,30.25,135,130800,4015325,2010-02-24 00:00:00,1
2010-02-25 00:00:00,2010-02-25 00:00:00,31,2010-02-25 00:00:00,30,30.25,31,22700,684250,2010-02-25 00:00:00,1
2010-02-26 00:00:00,2010-02-26 00:00:00,31.75,2010-02-26 00:00:00,30,30,51,63300,1917675,2010-02-26 00:00:00,1
2010-03-01 00:00:00,2010-03-01 00:00:00,30.5,2010-03-01 00:00:00,30,30,46,72000,2162850,2010-03-01 00:00:00,1
2010-03-02 00:00:00,2010-03-02 00:00:00,30,2010-03-02 00:00:00,29.5,29.75,25,22200,661500,2010-03-02 00:00:00,1
2010-03-03 00:00:00,2010-03-03 00:00:00,29.75,2010-03-03 00:00:00,29.5,29.5,36,61600,1826375,2010-03-03 00:00:00,1
2010-03-04 00:00:00,2010-03-04 00:00:00,30.75,2010-03-04 00:00:00,29.5,30.5,25,33900,1025675,2010-03-04 00:00:00,1
2010-03-05 00:00:00,2010-03-05 00:00:00,31,2010-03-05 00:00:00,30.5,31,27,31000,956850,2010-03-05 00:00:00,1
2010-03-08 00:00:00,2010-03-08 00:00:00,31.25,2010-03-08 00:00:00,30,31,26,36600,1120875,2010-03-08 00:00:00,1
2010-03-09 00:00:00,2010-03-09 00:00:00,31,2010-03-09 00:00:00,30,30,30,23100,697450,2010-03-09 00:00:00,1
2010-03-10 00:00:00,2010-03-10 00:00:00,31,2010-03-10 00:00:00,29.75,30,27,42800,1287025,2010-03-10 00:00:00,1
2010-03-11 00:00:00,2010-03-11 00:00:00,30.5,2010-03-11 00:00:00,30,30.5,21,49000,1487175,2010-03-11 00:00:00,1
2010-03-12 00:00:00,2010-03-12 00:00:00,30.25,2010-03-12 00:00:00,30,30,46,181600,5459625,2010-03-12 00:00:00,1
2010-03-15 00:00:00,2010-03-15 00:00:00,30,2010-03-15 00:00:00,29.75,30,32,64600,1937475,2010-03-15 00:00:00,1
2010-03-16 00:00:00,2010-03-16 00:00:00,30,2010-03-16 00:00:00,29.75,29.75,12,42500,1273250,2010-03-16 00:00:00,1
2010-03-17 00:00:00,2010-03-17 00:00:00,30,2010-03-17 00:00:00,29.25,29.25,21,29600,876225,2010-03-17 00:00:00,1
2010-03-18 00:00:00,2010-03-18 00:00:00,29.25,2010-03-18 00:00:00,28,28.25,53,97500,2810600,2010-03-18 00:00:00,1
2010-03-19 00:00:00,2010-03-19 00:00:00,29,2010-03-19 00:00:00,28.5,28.75,10,9500,273650,2010-03-19 00:00:00,1
2010-03-22 00:00:00,2010-03-22 00:00:00,28.75,2010-03-22 00:00:00,28,28,45,116300,3276450,2010-03-22 00:00:00,1
2010-03-23 00:00:00,2010-03-23 00:00:00,28.75,2010-03-23 00:00:00,28,28.25,31,43100,1220900,2010-03-23 00:00:00,1
2010-03-24 00:00:00,2010-03-24 00:00:00,28.5,2010-03-24 00:00:00,28,28.25,8,4700,132550,2010-03-24 00:00:00,1
2010-03-25 00:00:00,2010-03-25 00:00:00,28.75,2010-03-25 00:00:00,28,28.5,20,12200,343225,2010-03-25 00:00:00,1
2010-03-26 00:00:00,2010-03-26 00:00:00,28.5,2010-03-26 00:00:00,28.25,28.25,19,31800,898425,2010-03-26 00:00:00,1
2010-03-30 00:00:00,2010-03-30 00:00:00,29,2010-03-30 00:00:00,27.75,28,28,29500,827825,2010-03-30 00:00:00,1
2010-03-31 00:00:00,2010-03-31 00:00:00,28.25,2010-03-31 00:00:00,28,28,9,11000,308075,2010-03-31 00:00:00,1
2010-04-01 00:00:00,2010-04-01 00:00:00,28,2010-04-01 00:00:00,28,28,11,34000,952000,2010-04-01 00:00:00,1
2010-04-05 00:00:00,2010-04-05 00:00:00,29,2010-04-05 00:00:00,28,28.5,16,6500,184000,2010-04-05 00:00:00,1
2010-04-06 00:00:00,2010-04-06 00:00:00,30.5,2010-04-06 00:00:00,28.5,30,29,40900,1210550,2010-04-06 00:00:00,1
2010-04-07 00:00:00,2010-04-07 00:00:00,31.75,2010-04-07 00:00:00,30.5,31,47,60800,1889650,2010-04-07 00:00:00,1
2010-04-08 00:00:00,2010-04-08 00:00:00,32.75,2010-04-08 00:00:00,30.75,32.25,56,84700,2720975,2010-04-08 00:00:00,1
2010-04-12 00:00:00,2010-04-12 00:00:00,34,2010-04-12 00:00:00,31.75,32,66,79300,2593225,2010-04-12 00:00:00,1
2010-04-15 00:00:00,2010-04-15 00:00:00,31.5,2010-04-15 00:00:00,31.5,31.5,15,8800,277200,2010-04-15 00:00:00,1
2010-04-16 00:00:00,2010-04-16 00:00:00,31.5,2010-04-16 00:00:00,31,31.25,16,6900,215975,2010-04-16 00:00:00,1
2010-04-19 00:00:00,2010-04-19 00:00:00,31.75,2010-04-19 00:00:00,31,31.5,54,160900,5070400,2010-04-19 00:00:00,1
2010-04-20 00:00:00,2010-04-20 00:00:00,32.25,2010-04-20 00:00:00,31.5,32,40,156900,5014950,2010-04-20 00:00:00,1
2010-04-21 00:00:00,2010-04-21 00:00:00,32,2010-04-21 00:00:00,31.5,32,49,159900,5101025,2010-04-21 00:00:00,1
2010-04-22 00:00:00,2010-04-22 00:00:00,32.25,2010-04-22 00:00:00,31.5,31.5,25,47700,1518500,2010-04-22 00:00:00,1
2010-04-23 00:00:00,2010-04-23 00:00:00,32,2010-04-23 00:00:00,31.5,31.75,33,100800,3209000,2010-04-23 00:00:00,1
2010-04-26 00:00:00,2010-04-26 00:00:00,32.5,2010-04-26 00:00:00,31.25,32,71,410400,13139325,2010-04-26 00:00:00,1
2010-04-27 00:00:00,2010-04-27 00:00:00,32,2010-04-27 00:00:00,31.75,31.75,19,76000,2417375,2010-04-27 00:00:00,1
2010-04-29 00:00:00,2010-04-29 00:00:00,32.25,2010-04-29 00:00:00,31.5,32.25,27,52100,1666175,2010-04-29 00:00:00,1
2010-04-30 00:00:00,2010-04-30 00:00:00,32.75,2010-04-30 00:00:00,32,32.25,34,79100,2556850,2010-04-30 00:00:00,1
2010-05-03 00:00:00,2010-05-03 00:00:00,32.5,2010-05-03 00:00:00,31.75,32.25,43,229900,7414225,2010-05-03 00:00:00,1
2010-05-04 00:00:00,2010-05-04 00:00:00,32.25,2010-05-04 00:00:00,32,32.25,33,538200,17234400,2010-05-04 00:00:00,1
2010-05-05 00:00:00,2010-05-05 00:00:00,33,2010-05-05 00:00:00,32,32.25,36,870200,28272875,2010-05-05 00:00:00,1
2010-05-06 00:00:00,2010-05-06 00:00:00,33.75,2010-05-06 00:00:00,32.25,32.5,34,18700,617850,2010-05-06 00:00:00,1
2010-05-07 00:00:00,2010-05-07 00:00:00,35,2010-05-07 00:00:00,32.75,33.25,179,224300,7617675,2010-05-07 00:00:00,1
2010-05-10 00:00:00,2010-05-10 00:00:00,35,2010-05-10 00:00:00,32.5,32.75,42,46900,1553900,2010-05-10 00:00:00,1
2010-05-11 00:00:00,2010-05-11 00:00:00,33,2010-05-11 00:00:00,32.75,32.75,14,59200,1939250,2010-05-11 00:00:00,1
2010-05-12 00:00:00,2010-05-12 00:00:00,33,2010-05-12 00:00:00,32.75,32.75,22,44800,1467575,2010-05-12 00:00:00,1
2010-05-13 00:00:00,2010-05-13 00:00:00,32.5,2010-05-13 00:00:00,32.5,32.5,8,4300,139750,2010-05-13 00:00:00,1
2010-05-14 00:00:00,2010-05-14 00:00:00,32.5,2010-05-14 00:00:00,32.5,32.5,10,8100,263250,2010-05-14 00:00:00,1
2010-05-17 00:00:00,2010-05-17 00:00:00,33.25,2010-05-17 00:00:00,32.5,33,21,26200,860950,2010-05-17 00:00:00,1
2010-05-18 00:00:00,2010-05-18 00:00:00,34.25,2010-05-18 00:00:00,33.5,33.75,64,147600,5006500,2010-05-18 00:00:00,1
2010-05-19 00:00:00,2010-05-19 00:00:00,33.75,2010-05-19 00:00:00,33,33.25,29,111800,3718075,2010-05-19 00:00:00,1
2010-05-20 00:00:00,2010-05-20 00:00:00,33.5,2010-05-20 00:00:00,33,33,31,68800,2280400,2010-05-20 00:00:00,1
2010-05-21 00:00:00,2010-05-21 00:00:00,33,2010-05-21 00:00:00,32.5,32.5,29,60800,1979500,2010-05-21 00:00:00,1
2010-05-24 00:00:00,2010-05-24 00:00:00,33.75,2010-05-24 00:00:00,32.5,32.5,30,50900,1677025,2010-05-24 00:00:00,1
2010-05-25 00:00:00,2010-05-25 00:00:00,33.25,2010-05-25 00:00:00,32.5,33,20,36800,1207200,2010-05-25 00:00:00,1
2010-05-26 00:00:00,2010-05-26 00:00:00,33,2010-05-26 00:00:00,32.75,32.75,39,87800,2879400,2010-05-26 00:00:00,1
2010-05-31 00:00:00,2010-05-31 00:00:00,33,2010-05-31 00:00:00,32.75,32.75,6,9500,311500,2010-05-31 00:00:00,1
2010-06-01 00:00:00,2010-06-01 00:00:00,33.25,2010-06-01 00:00:00,33,33,14,13200,436150,2010-06-01 00:00:00,1
2010-06-02 00:00:00,2010-06-02 00:00:00,33.25,2010-06-02 00:00:00,32.75,33,20,41000,1350375,2010-06-02 00:00:00,1
2010-06-03 00:00:00,2010-06-03 00:00:00,34,2010-06-03 00:00:00,33,33.75,33,91000,3031375,2010-06-03 00:00:00,1
2010-06-04 00:00:00,2010-06-04 00:00:00,33.75,2010-06-04 00:00:00,33.5,33.5,28,74200,2487625,2010-06-04 00:00:00,1
2010-06-07 00:00:00,2010-06-07 00:00:00,34,2010-06-07 00:00:00,33.5,34,15,28200,957500,2010-06-07 00:00:00,1
2010-06-08 00:00:00,2010-06-08 00:00:00,34.25,2010-06-08 00:00:00,34,34,29,62700,2133025,2010-06-08 00:00:00,1
2010-06-09 00:00:00,2010-06-09 00:00:00,34,2010-06-09 00:00:00,33,33.25,23,18800,628900,2010-06-09 00:00:00,1
2010-06-10 00:00:00,2010-06-10 00:00:00,33.25,2010-06-10 00:00:00,33.25,33.25,5,7300,242725,2010-06-10 00:00:00,1
2010-06-11 00:00:00,2010-06-11 00:00:00,33.5,2010-06-11 00:00:00,33,33.5,14,20700,687775,2010-06-11 00:00:00,1
2010-06-14 00:00:00,2010-06-14 00:00:00,34.25,2010-06-14 00:00:00,33,34,25,47300,1606150,2010-06-14 00:00:00,1
2010-06-15 00:00:00,2010-06-15 00:00:00,35.5,2010-06-15 00:00:00,34,35,53,52800,1846050,2010-06-15 00:00:00,1
2010-06-16 00:00:00,2010-06-16 00:00:00,35.25,2010-06-16 00:00:00,35,35,31,76200,2668025,2010-06-16 00:00:00,1
2010-06-17 00:00:00,2010-06-17 00:00:00,37,2010-06-17 00:00:00,35,36.75,80,158500,5700425,2010-06-17 00:00:00,1
2010-06-21 00:00:00,2010-06-21 00:00:00,38.5,2010-06-21 00:00:00,36.75,37.75,103,151300,5661550,2010-06-21 00:00:00,1
2010-06-22 00:00:00,2010-06-22 00:00:00,38,2010-06-22 00:00:00,36.75,37,37,61300,2268400,2010-06-22 00:00:00,1
2010-06-23 00:00:00,2010-06-23 00:00:00,37.5,2010-06-23 00:00:00,36,36.25,41,66600,2453825,2010-06-23 00:00:00,1
2010-06-24 00:00:00,2010-06-24 00:00:00,36.5,2010-06-24 00:00:00,35.5,36.25,37,88400,3196450,2010-06-24 00:00:00,1
2010-06-28 00:00:00,2010-06-28 00:00:00,36.5,2010-06-28 00:00:00,34,34,47,56200,1953800,2010-06-28 00:00:00,1
2010-06-29 00:00:00,2010-06-29 00:00:00,33.5,2010-06-29 00:00:00,32.5,33,70,195500,6451375,2010-06-29 00:00:00,1
2010-06-30 00:00:00,2010-06-30 00:00:00,34,2010-06-30 00:00:00,31.5,32,31,51300,1668050,2010-06-30 00:00:00,1
2010-07-01 00:00:00,2010-07-01 00:00:00,31.5,2010-07-01 00:00:00,31.25,31.5,30,86200,2714675,2010-07-01 00:00:00,1
2010-07-02 00:00:00,2010-07-02 00:00:00,32.5,2010-07-02 00:00:00,31.5,31.5,16,18500,585350,2010-07-02 00:00:00,1
2010-07-05 00:00:00,2010-07-05 00:00:00,31.5,2010-07-05 00:00:00,31.25,31.25,11,9700,305050,2010-07-05 00:00:00,1
2010-07-06 00:00:00,2010-07-06 00:00:00,31.25,2010-07-06 00:00:00,30.5,31,26,37100,1149100,2010-07-06 00:00:00,1
2010-07-07 00:00:00,2010-07-07 00:00:00,30.25,2010-07-07 00:00:00,29.75,29.75,32,96000,2895500,2010-07-07 00:00:00,1
2010-07-08 00:00:00,2010-07-08 00:00:00,31,2010-07-08 00:00:00,29.5,31,20,21800,664275,2010-07-08 00:00:00,1
2010-07-09 00:00:00,2010-07-09 00:00:00,31,2010-07-09 00:00:00,29.75,30,15,6900,207350,2010-07-09 00:00:00,1
2010-07-12 00:00:00,2010-07-12 00:00:00,30.75,2010-07-12 00:00:00,30.5,30.75,13,14700,451225,2010-07-12 00:00:00,1
2010-07-13 00:00:00,2010-07-13 00:00:00,31.5,2010-07-13 00:00:00,30.5,31.25,33,128600,4013725,2010-07-13 00:00:00,1
2010-07-14 00:00:00,2010-07-14 00:00:00,31.75,2010-07-14 00:00:00,31.25,31.25,34,50900,1594925,2010-07-14 00:00:00,1
2010-07-15 00:00:00,2010-07-15 00:00:00,31.75,2010-07-15 00:00:00,31,31.25,21,43500,1359400,2010-07-15 00:00:00,1
2010-07-16 00:00:00,2010-07-16 00:00:00,32.5,2010-07-16 00:00:00,31.5,32,49,98700,3146775,2010-07-16 00:00:00,1
2010-07-19 00:00:00,2010-07-19 00:00:00,32.5,2010-07-19 00:00:00,32,32,46,84300,2701450,2010-07-19 00:00:00,1
2010-07-20 00:00:00,2010-07-20 00:00:00,33.5,2010-07-20 00:00:00,32.5,33.5,64,175700,5780600,2010-07-20 00:00:00,1
2010-07-21 00:00:00,2010-07-21 00:00:00,34,2010-07-21 00:00:00,33.5,33.5,81,354200,11873200,2010-07-21 00:00:00,1
2010-07-22 00:00:00,2010-07-22 00:00:00,34,2010-07-22 00:00:00,33,33.25,65,199000,6702700,2010-07-22 00:00:00,1
2010-07-23 00:00:00,2010-07-23 00:00:00,35.5,2010-07-23 00:00:00,33.5,35,159,599300,20682850,2010-07-23 00:00:00,1
2010-07-26 00:00:00,2010-07-26 00:00:00,36,2010-07-26 00:00:00,34.5,35.5,128,673000,23440175,2010-07-26 00:00:00,1
2010-07-27 00:00:00,2010-07-27 00:00:00,35.5,2010-07-27 00:00:00,34.5,35.25,55,138700,4875725,2010-07-27 00:00:00,1
2010-07-28 00:00:00,2010-07-28 00:00:00,37,2010-07-28 00:00:00,35,36,103,298400,10679400,2010-07-28 00:00:00,1
2010-07-29 00:00:00,2010-07-29 00:00:00,38.5,2010-07-29 00:00:00,36.5,38.25,213,652200,24582000,2010-07-29 00:00:00,1
2010-07-30 00:00:00,2010-07-30 00:00:00,40,2010-07-30 00:00:00,37.5,38.5,187,478500,18771275,2010-07-30 00:00:00,1
2010-08-02 00:00:00,2010-08-02 00:00:00,40,2010-08-02 00:00:00,38.6,39.2,105,710000,28335650,2010-08-02 00:00:00,1
2010-08-03 00:00:00,2010-08-03 00:00:00,40,2010-08-03 00:00:00,37,37.2,67,176200,6781590,2010-08-03 00:00:00,1
2010-08-04 00:00:00,2010-08-04 00:00:00,39,2010-08-04 00:00:00,36.5,38.7,60,216600,8284400,2010-08-04 00:00:00,1
2010-08-05 00:00:00,2010-08-05 00:00:00,39.2,2010-08-05 00:00:00,36.5,38.5,71,172700,6468490,2010-08-05 00:00:00,1
2010-08-06 00:00:00,2010-08-06 00:00:00,39.5,2010-08-06 00:00:00,37,37.2,55,159200,5977180,2010-08-06 00:00:00,1
2010-08-09 00:00:00,2010-08-09 00:00:00,38,2010-08-09 00:00:00,35.1,36.2,105,213900,7668210,2010-08-09 00:00:00,1
2010-08-10 00:00:00,2010-08-10 00:00:00,39,2010-08-10 00:00:00,32.7,38.8,87,148500,5477270,2010-08-10 00:00:00,1
2010-08-11 00:00:00,2010-08-11 00:00:00,40.5,2010-08-11 00:00:00,39,40,185,1407300,56226850,2010-08-11 00:00:00,1
2010-08-12 00:00:00,2010-08-12 00:00:00,41.5,2010-08-12 00:00:00,39.5,39.6,119,208200,8363200,2010-08-12 00:00:00,1
2010-08-13 00:00:00,2010-08-13 00:00:00,40.5,2010-08-13 00:00:00,39,39.9,72,686900,27254690,2010-08-13 00:00:00,1
2010-08-16 00:00:00,2010-08-16 00:00:00,40.8,2010-08-16 00:00:00,39.6,40.1,102,240100,9608720,2010-08-16 00:00:00,1
2010-08-17 00:00:00,2010-08-17 00:00:00,40,2010-08-17 00:00:00,38,38.8,60,102500,3968770,2010-08-17 00:00:00,1
2010-08-18 00:00:00,2010-08-18 00:00:00,39.2,2010-08-18 00:00:00,38.9,39,77,179200,6986870,2010-08-18 00:00:00,1
2010-08-19 00:00:00,2010-08-19 00:00:00,39.5,2010-08-19 00:00:00,38.7,39,54,175400,6846220,2010-08-19 00:00:00,1
2010-08-20 00:00:00,2010-08-20 00:00:00,39,2010-08-20 00:00:00,38.3,38.7,19,35000,1353740,2010-08-20 00:00:00,1
2010-08-23 00:00:00,2010-08-23 00:00:00,39.4,2010-08-23 00:00:00,38.4,38.5,29,52600,2025680,2010-08-23 00:00:00,1
2010-08-25 00:00:00,2010-08-25 00:00:00,38.9,2010-08-25 00:00:00,37,38.3,22,12500,476890,2010-08-25 00:00:00,1
2010-08-26 00:00:00,2010-08-26 00:00:00,38.5,2010-08-26 00:00:00,37.6,37.8,25,32600,1234990,2010-08-26 00:00:00,1
2010-08-27 00:00:00,2010-08-27 00:00:00,38,2010-08-27 00:00:00,37.5,37.6,35,45600,1717040,2010-08-27 00:00:00,1
2010-08-30 00:00:00,2010-08-30 00:00:00,38,2010-08-30 00:00:00,37.6,38,45,90000,3412100,2010-08-30 00:00:00,1
2010-08-31 00:00:00,2010-08-31 00:00:00,38,2010-08-31 00:00:00,37.6,37.8,66,200800,7615040,2010-08-31 00:00:00,1
2010-09-01 00:00:00,2010-09-01 00:00:00,38,2010-09-01 00:00:00,37.2,37.6,28,44200,1656070,2010-09-01 00:00:00,1
2010-09-02 00:00:00,2010-09-02 00:00:00,38.7,2010-09-02 00:00:00,37.6,38,49,101200,3844030,2010-09-02 00:00:00,1
2010-09-03 00:00:00,2010-09-03 00:00:00,41.3,2010-09-03 00:00:00,38,40.2,126,466000,18629390,2010-09-03 00:00:00,1
2010-09-06 00:00:00,2010-09-06 00:00:00,42,2010-09-06 00:00:00,40,40.1,77,88800,3582260,2010-09-06 00:00:00,1
2010-09-07 00:00:00,2010-09-07 00:00:00,43.4,2010-09-07 00:00:00,40,40.2,97,177800,7321630,2010-09-07 00:00:00,1
2010-09-08 00:00:00,2010-09-08 00:00:00,41.8,2010-09-08 00:00:00,40,40.8,62,102500,4170870,2010-09-08 00:00:00,1
2010-09-09 00:00:00,2010-09-09 00:00:00,41.5,2010-09-09 00:00:00,40,40.5,63,144900,5893420,2010-09-09 00:00:00,1
2010-09-13 00:00:00,2010-09-13 00:00:00,41.5,2010-09-13 00:00:00,40.7,40.8,44,47800,1962730,2010-09-13 00:00:00,1
2010-09-14 00:00:00,2010-09-14 00:00:00,41,2010-09-14 00:00:00,40.7,40.8,64,234500,9584920,2010-09-14 00:00:00,1
2010-09-15 00:00:00,2010-09-15 00:00:00,41,2010-09-15 00:00:00,38,40.4,45,62300,2451300,2010-09-15 00:00:00,1
2010-09-16 00:00:00,2010-09-16 00:00:00,43,2010-09-16 00:00:00,40,42,87,200700,8409400,2010-09-16 00:00:00,1
2010-09-17 00:00:00,2010-09-17 00:00:00,44.9,2010-09-17 00:00:00,42.9,43.9,142,563200,24609710,2010-09-17 00:00:00,1
2010-09-20 00:00:00,2010-09-20 00:00:00,52,2010-09-20 00:00:00,43.6,50.4,434,1499500,73373480,2010-09-20 00:00:00,1
2010-09-21 00:00:00,2010-09-21 00:00:00,59.5,2010-09-21 00:00:00,50.5,58.5,333,1165700,65634270,2010-09-21 00:00:00,1
2010-09-23 00:00:00,2010-09-23 00:00:00,59,2010-09-23 00:00:00,52.5,53.4,224,203000,11248070,2010-09-23 00:00:00,1
2010-09-24 00:00:00,2010-09-24 00:00:00,56,2010-09-24 00:00:00,52.6,53.1,88,248400,13367360,2010-09-24 00:00:00,1
2010-09-27 00:00:00,2010-09-27 00:00:00,55,2010-09-27 00:00:00,52,53,77,170600,9126160,2010-09-27 00:00:00,1
2010-09-28 00:00:00,2010-09-28 00:00:00,53,2010-09-28 00:00:00,50,52,64,68400,3567710,2010-09-28 00:00:00,1
2010-09-29 00:00:00,2010-09-29 00:00:00,53,2010-09-29 00:00:00,51.1,51.6,67,61200,3170860,2010-09-29 00:00:00,1
2010-09-30 00:00:00,2010-09-30 00:00:00,60,2010-09-30 00:00:00,51,51.8,89,1141700,58931780,2010-09-30 00:00:00,1
2010-10-01 00:00:00,2010-10-01 00:00:00,55.5,2010-10-01 00:00:00,51.8,55,150,1191200,63244040,2010-10-01 00:00:00,1
2010-10-04 00:00:00,2010-10-04 00:00:00,56.6,2010-10-04 00:00:00,53.1,54.8,149,491100,27130690,2010-10-04 00:00:00,1
2010-10-05 00:00:00,2010-10-05 00:00:00,55.9,2010-10-05 00:00:00,54.4,54.7,153,909300,50320570,2010-10-05 00:00:00,1
2010-10-06 00:00:00,2010-10-06 00:00:00,56,2010-10-06 00:00:00,53,54,93,695500,38226710,2010-10-06 00:00:00,1
2010-10-07 00:00:00,2010-10-07 00:00:00,54,2010-10-07 00:00:00,51,51.8,81,104600,5463670,2010-10-07 00:00:00,1
2010-10-08 00:00:00,2010-10-08 00:00:00,53,2010-10-08 00:00:00,50,53,59,113400,5890980,2010-10-08 00:00:00,1
2010-10-11 00:00:00,2010-10-11 00:00:00,55,2010-10-11 00:00:00,53.5,53.5,64,273700,14819830,2010-10-11 00:00:00,1
2010-10-12 00:00:00,2010-10-12 00:00:00,53,2010-10-12 00:00:00,48,49.2,88,207300,10486860,2010-10-12 00:00:00,1
2010-10-13 00:00:00,2010-10-13 00:00:00,51,2010-10-13 00:00:00,46.5,50.8,73,167100,8185170,2010-10-13 00:00:00,1
2010-10-14 00:00:00,2010-10-14 00:00:00,52.5,2010-10-14 00:00:00,49,49.3,34,94300,4742380,2010-10-14 00:00:00,1
2010-10-15 00:00:00,2010-10-15 00:00:00,50.7,2010-10-15 00:00:00,48,50,37,98300,4878450,2010-10-15 00:00:00,1
2010-10-18 00:00:00,2010-10-18 00:00:00,51,2010-10-18 00:00:00,50,50.5,53,157800,7961080,2010-10-18 00:00:00,1
2010-10-19 00:00:00,2010-10-19 00:00:00,52,2010-10-19 00:00:00,50,51,29,119500,6054680,2010-10-19 00:00:00,1
2010-10-20 00:00:00,2010-10-20 00:00:00,51.2,2010-10-20 00:00:00,50,50,58,124900,6257840,2010-10-20 00:00:00,1
2010-10-21 00:00:00,2010-10-21 00:00:00,50.9,2010-10-21 00:00:00,49.5,50,32,33600,1673910,2010-10-21 00:00:00,1
2010-10-25 00:00:00,2010-10-25 00:00:00,50,2010-10-25 00:00:00,48.8,49,21,48400,2371450,2010-10-25 00:00:00,1
2010-10-26 00:00:00,2010-10-26 00:00:00,48.4,2010-10-26 00:00:00,45,46,50,39400,1846990,2010-10-26 00:00:00,1
2010-10-27 00:00:00,2010-10-27 00:00:00,47,2010-10-27 00:00:00,45,46,39,73000,3346850,2010-10-27 00:00:00,1
2010-10-28 00:00:00,2010-10-28 00:00:00,50,2010-10-28 00:00:00,47,47.9,52,56300,2696630,2010-10-28 00:00:00,1
2010-10-29 00:00:00,2010-10-29 00:00:00,49.8,2010-10-29 00:00:00,48,49,35,43700,2123720,2010-10-29 00:00:00,1
2010-11-01 00:00:00,2010-11-01 00:00:00,49.9,2010-11-01 00:00:00,48,49.2,32,35600,1739640,2010-11-01 00:00:00,1
2010-11-02 00:00:00,2010-11-02 00:00:00,50,2010-11-02 00:00:00,49,49,34,34100,1689530,2010-11-02 00:00:00,1
2010-11-03 00:00:00,2010-11-03 00:00:00,49.2,2010-11-03 00:00:00,48.5,49,25,69900,3426260,2010-11-03 00:00:00,1
2010-11-04 00:00:00,2010-11-04 00:00:00,49.1,2010-11-04 00:00:00,48.5,49,47,113800,5573550,2010-11-04 00:00:00,1
2010-11-08 00:00:00,2010-11-08 00:00:00,50,2010-11-08 00:00:00,48.5,49,23,85500,4259990,2010-11-08 00:00:00,1
2010-11-09 00:00:00,2010-11-09 00:00:00,49,2010-11-09 00:00:00,47.1,47.9,40,139600,6761870,2010-11-09 00:00:00,1
2010-11-10 00:00:00,2010-11-10 00:00:00,49,2010-11-10 00:00:00,48.5,48.7,35,55000,2674540,2010-11-10 00:00:00,1
2010-11-11 00:00:00,2010-11-11 00:00:00,49.5,2010-11-11 00:00:00,48.7,49.4,23,292300,14418700,2010-11-11 00:00:00,1
2010-11-12 00:00:00,2010-11-12 00:00:00,49.8,2010-11-12 00:00:00,49.5,49.5,57,511700,25348100,2010-11-12 00:00:00,1
2010-11-15 00:00:00,2010-11-15 00:00:00,49.7,2010-11-15 00:00:00,48.8,48.9,25,118400,5837720,2010-11-15 00:00:00,1
2010-11-16 00:00:00,2010-11-16 00:00:00,49,2010-11-16 00:00:00,47.6,47.9,23,60600,2960360,2010-11-16 00:00:00,1
2010-11-18 00:00:00,2010-11-18 00:00:00,49.5,2010-11-18 00:00:00,47.5,49.4,56,120300,5909770,2010-11-18 00:00:00,1
2010-11-22 00:00:00,2010-11-22 00:00:00,49.5,2010-11-22 00:00:00,48,48,22,29100,1398780,2010-11-22 00:00:00,1
2010-11-23 00:00:00,2010-11-23 00:00:00,48.1,2010-11-23 00:00:00,46,46.1,47,74100,3501990,2010-11-23 00:00:00,1
2010-11-24 00:00:00,2010-11-24 00:00:00,49,2010-11-24 00:00:00,46.1,47.9,38,87100,4157970,2010-11-24 00:00:00,1
2010-11-25 00:00:00,2010-11-25 00:00:00,48.5,2010-11-25 00:00:00,47.5,47.5,39,203600,9767450,2010-11-25 00:00:00,1
2010-11-26 00:00:00,2010-11-26 00:00:00,48.9,2010-11-26 00:00:00,48,48.3,81,306400,14820710,2010-11-26 00:00:00,1
2010-11-29 00:00:00,2010-11-29 00:00:00,49.5,2010-11-29 00:00:00,47,47.6,53,1069100,52641600,2010-11-29 00:00:00,1
2010-11-30 00:00:00,2010-11-30 00:00:00,49.5,2010-11-30 00:00:00,48.5,49,62,690500,33941710,2010-11-30 00:00:00,1
2010-12-01 00:00:00,2010-12-01 00:00:00,51.6,2010-12-01 00:00:00,49.4,51.4,125,684200,34730340,2010-12-01 00:00:00,1
2010-12-02 00:00:00,2010-12-02 00:00:00,52.5,2010-12-02 00:00:00,50,50.3,82,206200,10647960,2010-12-02 00:00:00,1
2010-12-03 00:00:00,2010-12-03 00:00:00,51,2010-12-03 00:00:00,50,50.1,29,29900,1499610,2010-12-03 00:00:00,1
2010-12-06 00:00:00,2010-12-06 00:00:00,50.5,2010-12-06 00:00:00,50.1,50.1,7,42300,2119270,2010-12-06 00:00:00,1
2010-12-07 00:00:00,2010-12-07 00:00:00,51.5,2010-12-07 00:00:00,50,50.6,71,209800,10676540,2010-12-07 00:00:00,1
2010-12-08 00:00:00,2010-12-08 00:00:00,55.5,2010-12-08 00:00:00,50,54.4,321,875800,46856730,2010-12-08 00:00:00,1
2010-12-09 00:00:00,2010-12-09 00:00:00,54.5,2010-12-09 00:00:00,53,54,55,137500,7430280,2010-12-09 00:00:00,1
2010-12-10 00:00:00,2010-12-10 00:00:00,57.5,2010-12-10 00:00:00,54,55.8,257,604400,33846530,2010-12-10 00:00:00,1
2010-12-13 00:00:00,2010-12-13 00:00:00,57,2010-12-13 00:00:00,54.4,56,50,198400,11108660,2010-12-13 00:00:00,1
2010-12-14 00:00:00,2010-12-14 00:00:00,56,2010-12-14 00:00:00,54.2,55.1,35,38800,2155940,2010-12-14 00:00:00,1
2010-12-15 00:00:00,2010-12-15 00:00:00,55.9,2010-12-15 00:00:00,53,53.2,44,49300,2652590,2010-12-15 00:00:00,1
2010-12-16 00:00:00,2010-12-16 00:00:00,54.5,2010-12-16 00:00:00,53,53.1,36,51700,2761870,2010-12-16 00:00:00,1
2010-12-17 00:00:00,2010-12-17 00:00:00,52.7,2010-12-17 00:00:00,52,52.5,34,94200,4947210,2010-12-17 00:00:00,1
2010-12-21 00:00:00,2010-12-21 00:00:00,54.8,2010-12-21 00:00:00,52.5,54.4,43,213100,11492560,2010-12-21 00:00:00,1
2010-12-22 00:00:00,2010-12-22 00:00:00,55.8,2010-12-22 00:00:00,54.5,55.6,87,328200,18218580,2010-12-22 00:00:00,1
2010-12-23 00:00:00,2010-12-23 00:00:00,56.8,2010-12-23 00:00:00,55.8,56,74,175000,9808660,2010-12-23 00:00:00,1
2010-12-24 00:00:00,2010-12-24 00:00:00,56.2,2010-12-24 00:00:00,55,55.4,34,91100,5065710,2010-12-24 00:00:00,1
2010-12-27 00:00:00,2010-12-27 00:00:00,57.2,2010-12-27 00:00:00,54.9,56.7,44,137900,7751160,2010-12-27 00:00:00,1
2010-12-28 00:00:00,2010-12-28 00:00:00,57,2010-12-28 00:00:00,55.5,56,27,110700,6223490,2010-12-28 00:00:00,1
2010-12-29 00:00:00,2010-12-29 00:00:00,56,2010-12-29 00:00:00,55,55.5,20,12500,691230,2010-12-29 00:00:00,1
2010-12-30 00:00:00,2010-12-30 00:00:00,56,2010-12-30 00:00:00,54,55.7,42,76700,4208640,2010-12-30 00:00:00,1
2010-12-31 00:00:00,2010-12-31 00:00:00,55.5,2010-12-31 00:00:00,54.5,55,37,120800,6643620,2010-12-31 00:00:00,1
Company Id,:  TKYO,Security,Type :  X,Sub Type,:  0000,,,,,
Short Name,:  TOKYO CEMENT,,,,,,,,,
Day,Date High,High,Date Low,Low,Closing,No. of Trades,No. of Shares,Turnover,Last Traded,Days Traded
2010-01-04 00:00:00,2010-01-04 00:00:00,22.5,2010-01-04 00:00:00,19.75,21.75,459,1212000,25709750,2010-01-04 00:00:00,1
2010-01-05 00:00:00,2010-01-05 00:00:00,22.75,2010-01-05 00:00:00,21.25,21.75,247,601700,13252150,2010-01-05 00:00:00,1
2010-01-06 00:00:00,2010-01-06 00:00:00,22.25,2010-01-06 00:00:00,20.75,21,150,447900,9627850,2010-01-06 00:00:00,1
2010-01-07 00:00:00,2010-01-07 00:00:00,21,2010-01-07 00:00:00,20.5,20.75,107,197400,4092625,2010-01-07 00:00:00,1
2010-01-08 00:00:00,2010-01-08 00:00:00,20.75,2010-01-08 00:00:00,20.25,20.5,50,184200,3775775,2010-01-08 00:00:00,1
2010-01-11 00:00:00,2010-01-11 00:00:00,21,2010-01-11 00:00:00,20,20.5,91,378200,7754375,2010-01-11 00:00:00,1
2010-01-12 00:00:00,2010-01-12 00:00:00,20.75,2010-01-12 00:00:00,20.25,20.25,52,272000,5551625,2010-01-12 00:00:00,1
2010-01-13 00:00:00,2010-01-13 00:00:00,20.5,2010-01-13 00:00:00,20,20.25,70,330700,6699550,2010-01-13 00:00:00,1
2010-01-15 00:00:00,2010-01-15 00:00:00,20.75,2010-01-15 00:00:00,20,20.5,76,465800,9516025,2010-01-15 00:00:00,1
2010-01-18 00:00:00,2010-01-18 00:00:00,20.5,2010-01-18 00:00:00,20,20.5,71,203600,4113400,2010-01-18 00:00:00,1
2010-01-19 00:00:00,2010-01-19 00:00:00,20.5,2010-01-19 00:00:00,19.75,20,103,1833200,36245550,2010-01-19 00:00:00,1
2010-01-20 00:00:00,2010-01-20 00:00:00,20.5,2010-01-20 00:00:00,20,20,86,569900,11423950,2010-01-20 00:00:00,1
2010-01-21 00:00:00,2010-01-21 00:00:00,20.5,2010-01-21 00:00:00,20,20.25,63,418100,8484950,2010-01-21 00:00:00,1
2010-01-22 00:00:00,2010-01-22 00:00:00,20.5,2010-01-22 00:00:00,20,20.25,62,133800,2704975,2010-01-22 00:00:00,1
2010-01-25 00:00:00,2010-01-25 00:00:00,20.75,2010-01-25 00:00:00,20,20.5,57,289100,5862175,2010-01-25 00:00:00,1
2010-01-26 00:00:00,2010-01-26 00:00:00,21.25,2010-01-26 00:00:00,20.5,20.75,36,147300,3056475,2010-01-26 00:00:00,1
2010-01-28 00:00:00,2010-01-28 00:00:00,23,2010-01-28 00:00:00,20.25,22.75,362,1479000,32733875,2010-01-28 00:00:00,1
2010-02-01 00:00:00,2010-02-01 00:00:00,23.75,2010-02-01 00:00:00,22,22,212,732600,16845275,2010-02-01 00:00:00,1
2010-02-02 00:00:00,2010-02-02 00:00:00,22.25,2010-02-02 00:00:00,21,21.25,74,203200,4380850,2010-02-02 00:00:00,1
2010-02-03 00:00:00,2010-02-03 00:00:00,21.5,2010-02-03 00:00:00,20.25,20.5,59,200900,4139075,2010-02-03 00:00:00,1
2010-02-05 00:00:00,2010-02-05 00:00:00,21,2010-02-05 00:00:00,20.5,20.5,74,146100,3040600,2010-02-05 00:00:00,1
2010-02-08 00:00:00,2010-02-08 00:00:00,21,2010-02-08 00:00:00,20.5,20.5,60,175800,3643700,2010-02-08 00:00:00,1
2010-02-09 00:00:00,2010-02-09 00:00:00,20.5,2010-02-09 00:00:00,19.75,20,84,82500,1662600,2010-02-09 00:00:00,1
2010-02-10 00:00:00,2010-02-10 00:00:00,21,2010-02-10 00:00:00,19.5,20.25,66,285600,5860500,2010-02-10 00:00:00,1
2010-02-11 00:00:00,2010-02-11 00:00:00,20.25,2010-02-11 00:00:00,20,20,43,113300,2266675,2010-02-11 00:00:00,1
2010-02-12 00:00:00,2010-02-12 00:00:00,20,2010-02-12 00:00:00,19.5,19.75,25,182900,3622625,2010-02-12 00:00:00,1
2010-02-15 00:00:00,2010-02-15 00:00:00,20.75,2010-02-15 00:00:00,19.5,20,56,293900,5856300,2010-02-15 00:00:00,1
2010-02-16 00:00:00,2010-02-16 00:00:00,19.75,2010-02-16 00:00:00,19.25,19.5,21,22900,446425,2010-02-16 00:00:00,1
2010-02-17 00:00:00,2010-02-17 00:00:00,19.5,2010-02-17 00:00:00,19.25,19.25,24,34400,665300,2010-02-17 00:00:00,1
2010-02-18 00:00:00,2010-02-18 00:00:00,19.5,2010-02-18 00:00:00,19,19.5,41,88800,1699150,2010-02-18 00:00:00,1
2010-02-19 00:00:00,2010-02-19 00:00:00,19.75,2010-02-19 00:00:00,19.25,19.25,20,42000,816275,2010-02-19 00:00:00,1
2010-02-22 00:00:00,2010-02-22 00:00:00,19.5,2010-02-22 00:00:00,19.25,19.5,18,16700,324550,2010-02-22 00:00:00,1
2010-02-23 00:00:00,2010-02-23 00:00:00,19.5,2010-02-23 00:00:00,19,19.25,17,85600,1647700,2010-02-23 00:00:00,1
2010-02-24 00:00:00,2010-02-24 00:00:00,19.5,2010-02-24 00:00:00,19.25,19.25,30,115900,2232350,2010-02-24 00:00:00,1
2010-02-25 00:00:00,2010-02-25 00:00:00,19.25,2010-02-25 00:00:00,19,19.25,30,46100,885175,2010-02-25 00:00:00,1
2010-02-26 00:00:00,2010-02-26 00:00:00,19.25,2010-02-26 00:00:00,19,19.25,11,6100,117350,2010-02-26 00:00:00,1
2010-03-01 00:00:00,2010-03-01 00:00:00,19.25,2010-03-01 00:00:00,19,19,30,59900,1144350,2010-03-01 00:00:00,1
2010-03-02 00:00:00,2010-03-02 00:00:00,19,2010-03-02 00:00:00,18.75,18.75,30,40100,759150,2010-03-02 00:00:00,1
2010-03-03 00:00:00,2010-03-03 00:00:00,19.25,2010-03-03 00:00:00,18.75,19,54,184800,3507175,2010-03-03 00:00:00,1
2010-03-04 00:00:00,2010-03-04 00:00:00,19.25,2010-03-04 00:00:00,18.75,18.75,39,224200,4206975,2010-03-04 00:00:00,1
2010-03-05 00:00:00,2010-03-05 00:00:00,19,2010-03-05 00:00:00,18.75,19,23,151800,2881900,2010-03-05 00:00:00,1
2010-03-08 00:00:00,2010-03-08 00:00:00,19.25,2010-03-08 00:00:00,18.75,19.25,25,172300,3269350,2010-03-08 00:00:00,1
2010-03-09 00:00:00,2010-03-09 00:00:00,19.5,2010-03-09 00:00:00,19,19,14,13400,259050,2010-03-09 00:00:00,1
2010-03-10 00:00:00,2010-03-10 00:00:00,19.5,2010-03-10 00:00:00,18.75,19,25,261400,5053800,2010-03-10 00:00:00,1
2010-03-11 00:00:00,2010-03-11 00:00:00,19,2010-03-11 00:00:00,18.75,19,27,227300,4311725,2010-03-11 00:00:00,1
2010-03-12 00:00:00,2010-03-12 00:00:00,19.25,2010-03-12 00:00:00,19,19,42,251300,4776775,2010-03-12 00:00:00,1
2010-03-15 00:00:00,2010-03-15 00:00:00,19.25,2010-03-15 00:00:00,18.75,19,37,223800,4252650,2010-03-15 00:00:00,1
2010-03-16 00:00:00,2010-03-16 00:00:00,19,2010-03-16 00:00:00,18.75,19,9,53500,1003250,2010-03-16 00:00:00,1
2010-03-17 00:00:00,2010-03-17 00:00:00,19,2010-03-17 00:00:00,18.75,19,19,71500,1341625,2010-03-17 00:00:00,1
2010-03-18 00:00:00,2010-03-18 00:00:00,19,2010-03-18 00:00:00,18.5,18.5,24,71800,1341075,2010-03-18 00:00:00,1
2010-03-19 00:00:00,2010-03-19 00:00:00,18.75,2010-03-19 00:00:00,18.5,18.75,14,27200,509450,2010-03-19 00:00:00,1
2010-03-22 00:00:00,2010-03-22 00:00:00,19,2010-03-22 00:00:00,18.75,18.75,14,34900,654425,2010-03-22 00:00:00,1
2010-03-23 00:00:00,2010-03-23 00:00:00,18.75,2010-03-23 00:00:00,18.5,18.75,21,82100,1539125,2010-03-23 00:00:00,1
2010-03-24 00:00:00,2010-03-24 00:00:00,18.5,2010-03-24 00:00:00,18.25,18.25,8,9800,180900,2010-03-24 00:00:00,1
2010-03-25 00:00:00,2010-03-25 00:00:00,18.5,2010-03-25 00:00:00,18,18,15,26100,476125,2010-03-25 00:00:00,1
2010-03-26 00:00:00,2010-03-26 00:00:00,18,2010-03-26 00:00:00,17.75,18,21,30900,555325,2010-03-26 00:00:00,1
2010-03-30 00:00:00,2010-03-30 00:00:00,18,2010-03-30 00:00:00,18,18,14,27800,500400,2010-03-30 00:00:00,1
2010-03-31 00:00:00,2010-03-31 00:00:00,18.25,2010-03-31 00:00:00,17.75,17.75,30,68700,1236525,2010-03-31 00:00:00,1
2010-04-01 00:00:00,2010-04-01 00:00:00,18,2010-04-01 00:00:00,17.75,17.75,8,9500,169625,2010-04-01 00:00:00,1
2010-04-05 00:00:00,2010-04-05 00:00:00,18.25,2010-04-05 00:00:00,18,18.25,6,13000,234750,2010-04-05 00:00:00,1
2010-04-06 00:00:00,2010-04-06 00:00:00,21,2010-04-06 00:00:00,18.25,20.25,47,114600,2164150,2010-04-06 00:00:00,1
2010-04-07 00:00:00,2010-04-07 00:00:00,20.5,2010-04-07 00:00:00,18.5,20,61,551400,10747575,2010-04-07 00:00:00,1
2010-04-08 00:00:00,2010-04-08 00:00:00,20.25,2010-04-08 00:00:00,20,20,47,244100,4893800,2010-04-08 00:00:00,1
2010-04-12 00:00:00,2010-04-12 00:00:00,21,2010-04-12 00:00:00,19.5,19.5,29,32500,655375,2010-04-12 00:00:00,1
2010-04-15 00:00:00,2010-04-15 00:00:00,20,2010-04-15 00:00:00,19.5,20,10,5600,111400,2010-04-15 00:00:00,1
2010-04-16 00:00:00,2010-04-16 00:00:00,20.25,2010-04-16 00:00:00,19.75,20,20,157300,3145950,2010-04-16 00:00:00,1
2010-04-19 00:00:00,2010-04-19 00:00:00,20.5,2010-04-19 00:00:00,20,20.5,64,413400,8376675,2010-04-19 00:00:00,1
2010-04-20 00:00:00,2010-04-20 00:00:00,20.75,2010-04-20 00:00:00,19.5,20.5,32,96900,1977975,2010-04-20 00:00:00,1
2010-04-21 00:00:00,2010-04-21 00:00:00,20.5,2010-04-21 00:00:00,20,20.5,30,197500,4034775,2010-04-21 00:00:00,1
2010-04-22 00:00:00,2010-04-22 00:00:00,20.75,2010-04-22 00:00:00,20.25,20.75,36,338000,6989425,2010-04-22 00:00:00,1
2010-04-23 00:00:00,2010-04-23 00:00:00,21.75,2010-04-23 00:00:00,20.75,21,73,164200,3449725,2010-04-23 00:00:00,1
2010-04-26 00:00:00,2010-04-26 00:00:00,21,2010-04-26 00:00:00,20.5,20.5,29,98000,2021975,2010-04-26 00:00:00,1
2010-04-27 00:00:00,2010-04-27 00:00:00,21,2010-04-27 00:00:00,20.25,20.25,19,23000,472800,2010-04-27 00:00:00,1
2010-04-29 00:00:00,2010-04-29 00:00:00,20.75,2010-04-29 00:00:00,20.25,20.5,46,2271000,46011950,2010-04-29 00:00:00,1
2010-04-30 00:00:00,2010-04-30 00:00:00,21,2010-04-30 00:00:00,20.25,20.75,27,69500,1441000,2010-04-30 00:00:00,1
2010-05-03 00:00:00,2010-05-03 00:00:00,21.25,2010-05-03 00:00:00,20.75,21,61,187400,3932300,2010-05-03 00:00:00,1
2010-05-04 00:00:00,2010-05-04 00:00:00,21,2010-05-04 00:00:00,20.5,20.75,24,80200,1664925,2010-05-04 00:00:00,1
2010-05-05 00:00:00,2010-05-05 00:00:00,22.75,2010-05-05 00:00:00,21,22.25,142,1148000,25084300,2010-05-05 00:00:00,1
2010-05-06 00:00:00,2010-05-06 00:00:00,22.5,2010-05-06 00:00:00,21.5,21.75,64,262600,5745425,2010-05-06 00:00:00,1
2010-05-07 00:00:00,2010-05-07 00:00:00,23.25,2010-05-07 00:00:00,21.75,22,220,496000,11077300,2010-05-07 00:00:00,1
2010-05-10 00:00:00,2010-05-10 00:00:00,22.5,2010-05-10 00:00:00,21.25,21.25,56,80200,1726275,2010-05-10 00:00:00,1
2010-05-11 00:00:00,2010-05-11 00:00:00,21,2010-05-11 00:00:00,20,20.75,40,122800,2569650,2010-05-11 00:00:00,1
2010-05-12 00:00:00,2010-05-12 00:00:00,21.75,2010-05-12 00:00:00,21,21.25,14,13300,283075,2010-05-12 00:00:00,1
2010-05-13 00:00:00,2010-05-13 00:00:00,21.25,2010-05-13 00:00:00,20.75,21,8,8600,181700,2010-05-13 00:00:00,1
2010-05-14 00:00:00,2010-05-14 00:00:00,20.75,2010-05-14 00:00:00,20.5,20.5,17,62600,1285675,2010-05-14 00:00:00,1
2010-05-17 00:00:00,2010-05-17 00:00:00,21,2010-05-17 00:00:00,20.75,21,26,70800,1485125,2010-05-17 00:00:00,1
2010-05-18 00:00:00,2010-05-18 00:00:00,22.25,2010-05-18 00:00:00,21,21.5,63,258000,5628275,2010-05-18 00:00:00,1
2010-05-19 00:00:00,2010-05-19 00:00:00,21.5,2010-05-19 00:00:00,20.75,20.75,30,68600,1435000,2010-05-19 00:00:00,1
2010-05-20 00:00:00,2010-05-20 00:00:00,21.25,2010-05-20 00:00:00,20.5,21,24,43400,903700,2010-05-20 00:00:00,1
2010-05-21 00:00:00,2010-05-21 00:00:00,21.25,2010-05-21 00:00:00,20.75,21,29,131800,2768925,2010-05-21 00:00:00,1
2010-05-24 00:00:00,2010-05-24 00:00:00,21.5,2010-05-24 00:00:00,20.5,20.5,65,310100,6470425,2010-05-24 00:00:00,1
2010-05-25 00:00:00,2010-05-25 00:00:00,21,2010-05-25 00:00:00,20.5,20.5,18,91200,1892925,2010-05-25 00:00:00,1
2010-05-26 00:00:00,2010-05-26 00:00:00,21,2010-05-26 00:00:00,20.25,20.5,17,98300,2014900,2010-05-26 00:00:00,1
2010-05-31 00:00:00,2010-05-31 00:00:00,21.5,2010-05-31 00:00:00,20.5,20.5,32,65900,1392950,2010-05-31 00:00:00,1
2010-06-01 00:00:00,2010-06-01 00:00:00,21,2010-06-01 00:00:00,20.5,21,12,18800,394150,2010-06-01 00:00:00,1
2010-06-02 00:00:00,2010-06-02 00:00:00,21,2010-06-02 00:00:00,20.5,20.75,15,37000,768400,2010-06-02 00:00:00,1
2010-06-03 00:00:00,2010-06-03 00:00:00,21,2010-06-03 00:00:00,20.5,21,38,144000,2990500,2010-06-03 00:00:00,1
2010-06-04 00:00:00,2010-06-04 00:00:00,21.25,2010-06-04 00:00:00,20.75,21,21,31700,663950,2010-06-04 00:00:00,1
2010-06-07 00:00:00,2010-06-07 00:00:00,21,2010-06-07 00:00:00,20.75,20.75,37,69600,1449125,2010-06-07 00:00:00,1
2010-06-08 00:00:00,2010-06-08 00:00:00,21.25,2010-06-08 00:00:00,20.75,21,52,119800,2511400,2010-06-08 00:00:00,1
2010-06-09 00:00:00,2010-06-09 00:00:00,21.5,2010-06-09 00:00:00,21,21.25,15,15900,338450,2010-06-09 00:00:00,1
2010-06-10 00:00:00,2010-06-10 00:00:00,21.5,2010-06-10 00:00:00,21,21,17,64500,1371725,2010-06-10 00:00:00,1
2010-06-11 00:00:00,2010-06-11 00:00:00,21,2010-06-11 00:00:00,20.75,21,10,40800,856750,2010-06-11 00:00:00,1
2010-06-14 00:00:00,2010-06-14 00:00:00,21.5,2010-06-14 00:00:00,21,21.25,49,187600,4003425,2010-06-14 00:00:00,1
2010-06-15 00:00:00,2010-06-15 00:00:00,22.5,2010-06-15 00:00:00,21,22,169,1855000,40402475,2010-06-15 00:00:00,1
2010-06-16 00:00:00,2010-06-16 00:00:00,23.25,2010-06-16 00:00:00,22,23,243,1253700,28209450,2010-06-16 00:00:00,1
2010-06-17 00:00:00,2010-06-17 00:00:00,24,2010-06-17 00:00:00,23,23.75,215,653500,15418350,2010-06-17 00:00:00,1
2010-06-21 00:00:00,2010-06-21 00:00:00,25.75,2010-06-21 00:00:00,23.5,24.75,481,2718300,66889925,2010-06-21 00:00:00,1
2010-06-22 00:00:00,2010-06-22 00:00:00,25.25,2010-06-22 00:00:00,24.5,25,274,4825800,117463775,2010-06-22 00:00:00,1
2010-06-23 00:00:00,2010-06-23 00:00:00,25.25,2010-06-23 00:00:00,24.5,24.75,151,712200,17710375,2010-06-23 00:00:00,1
2010-06-24 00:00:00,2010-06-24 00:00:00,24.75,2010-06-24 00:00:00,24.25,24.25,65,159100,3887450,2010-06-24 00:00:00,1
2010-06-28 00:00:00,2010-06-28 00:00:00,24.75,2010-06-28 00:00:00,23.75,24,86,376700,9053500,2010-06-28 00:00:00,1
2010-06-29 00:00:00,2010-06-29 00:00:00,23.5,2010-06-29 00:00:00,21.5,22.5,110,213200,4782250,2010-06-29 00:00:00,1
2010-06-30 00:00:00,2010-06-30 00:00:00,22.5,2010-06-30 00:00:00,21.75,22,34,199600,4398725,2010-06-30 00:00:00,1
2010-07-01 00:00:00,2010-07-01 00:00:00,22.5,2010-07-01 00:00:00,22,22.25,33,221100,4917550,2010-07-01 00:00:00,1
2010-07-02 00:00:00,2010-07-02 00:00:00,22.5,2010-07-02 00:00:00,22.25,22.5,36,327400,7362750,2010-07-02 00:00:00,1
2010-07-05 00:00:00,2010-07-05 00:00:00,22.5,2010-07-05 00:00:00,22.25,22.5,30,167400,3751450,2010-07-05 00:00:00,1
2010-07-06 00:00:00,2010-07-06 00:00:00,22.5,2010-07-06 00:00:00,22.25,22.25,27,164600,3674300,2010-07-06 00:00:00,1
2010-07-07 00:00:00,2010-07-07 00:00:00,22.25,2010-07-07 00:00:00,21,21.5,111,1234800,26882900,2010-07-07 00:00:00,1
2010-07-08 00:00:00,2010-07-08 00:00:00,22.25,2010-07-08 00:00:00,21,22,49,163700,3580200,2010-07-08 00:00:00,1
2010-07-09 00:00:00,2010-07-09 00:00:00,22,2010-07-09 00:00:00,21.5,21.75,55,93000,2021375,2010-07-09 00:00:00,1
2010-07-12 00:00:00,2010-07-12 00:00:00,22,2010-07-12 00:00:00,21.5,22,44,214300,4691875,2010-07-12 00:00:00,1
2010-07-13 00:00:00,2010-07-13 00:00:00,23,2010-07-13 00:00:00,22,22.25,67,550400,12513275,2010-07-13 00:00:00,1
2010-07-14 00:00:00,2010-07-14 00:00:00,22.5,2010-07-14 00:00:00,21.75,22.25,48,142600,3142100,2010-07-14 00:00:00,1
2010-07-15 00:00:00,2010-07-15 00:00:00,22.25,2010-07-15 00:00:00,21.75,22,21,165800,3647100,2010-07-15 00:00:00,1
2010-07-16 00:00:00,2010-07-16 00:00:00,22.5,2010-07-16 00:00:00,22,22,47,94900,2093750,2010-07-16 00:00:00,1
2010-07-19 00:00:00,2010-07-19 00:00:00,22.75,2010-07-19 00:00:00,22.5,22.75,98,785800,17728675,2010-07-19 00:00:00,1
2010-07-20 00:00:00,2010-07-20 00:00:00,23,2010-07-20 00:00:00,22.75,22.75,77,336500,7663850,2010-07-20 00:00:00,1
2010-07-21 00:00:00,2010-07-21 00:00:00,23.25,2010-07-21 00:00:00,22.5,23,91,376900,8670200,2010-07-21 00:00:00,1
2010-07-22 00:00:00,2010-07-22 00:00:00,23.75,2010-07-22 00:00:00,23,23,129,906700,21066800,2010-07-22 00:00:00,1
2010-07-23 00:00:00,2010-07-23 00:00:00,24,2010-07-23 00:00:00,23.25,23.75,124,749300,17761650,2010-07-23 00:00:00,1
2010-07-26 00:00:00,2010-07-26 00:00:00,24.25,2010-07-26 00:00:00,23.75,24,115,760500,18281425,2010-07-26 00:00:00,1
2010-07-27 00:00:00,2010-07-27 00:00:00,24.5,2010-07-27 00:00:00,23.75,24.25,75,330400,7976000,2010-07-27 00:00:00,1
2010-07-28 00:00:00,2010-07-28 00:00:00,25.25,2010-07-28 00:00:00,24,25,217,1373200,34100275,2010-07-28 00:00:00,1
2010-07-29 00:00:00,2010-07-29 00:00:00,25.5,2010-07-29 00:00:00,25,25.25,175,1164400,29351775,2010-07-29 00:00:00,1
2010-07-30 00:00:00,2010-07-30 00:00:00,26.25,2010-07-30 00:00:00,25,25.75,170,916400,23737200,2010-07-30 00:00:00,1
2010-08-02 00:00:00,2010-08-02 00:00:00,27.5,2010-08-02 00:00:00,25.9,26.7,106,577200,15290290,2010-08-02 00:00:00,1
2010-08-03 00:00:00,2010-08-03 00:00:00,26.5,2010-08-03 00:00:00,24.5,25.8,60,214800,5583570,2010-08-03 00:00:00,1
2010-08-04 00:00:00,2010-08-04 00:00:00,26.1,2010-08-04 00:00:00,25,26,34,61000,1583660,2010-08-04 00:00:00,1
2010-08-05 00:00:00,2010-08-05 00:00:00,26.2,2010-08-05 00:00:00,24.7,26,92,247200,6231210,2010-08-05 00:00:00,1
2010-08-06 00:00:00,2010-08-06 00:00:00,27,2010-08-06 00:00:00,24.5,25,88,343300,8622800,2010-08-06 00:00:00,1
2010-08-09 00:00:00,2010-08-09 00:00:00,26,2010-08-09 00:00:00,24.4,25,182,593400,14858900,2010-08-09 00:00:00,1
2010-08-10 00:00:00,2010-08-10 00:00:00,27.5,2010-08-10 00:00:00,24.1,27.5,190,358000,9535130,2010-08-10 00:00:00,1
2010-08-11 00:00:00,2010-08-11 00:00:00,28.5,2010-08-11 00:00:00,27.6,27.9,201,505000,14144690,2010-08-11 00:00:00,1
2010-08-12 00:00:00,2010-08-12 00:00:00,29,2010-08-12 00:00:00,27,28,116,203000,5680040,2010-08-12 00:00:00,1
2010-08-13 00:00:00,2010-08-13 00:00:00,28.7,2010-08-13 00:00:00,28,28.5,104,380300,10817970,2010-08-13 00:00:00,1
2010-08-16 00:00:00,2010-08-16 00:00:00,29,2010-08-16 00:00:00,28.5,28.8,109,238700,6900180,2010-08-16 00:00:00,1
2010-08-17 00:00:00,2010-08-17 00:00:00,28.5,2010-08-17 00:00:00,26.8,27.3,134,245400,6639410,2010-08-17 00:00:00,1
2010-08-18 00:00:00,2010-08-18 00:00:00,28.1,2010-08-18 00:00:00,27.3,27.7,100,236100,6584370,2010-08-18 00:00:00,1
2010-08-19 00:00:00,2010-08-19 00:00:00,28,2010-08-19 00:00:00,27.7,27.9,66,481100,13443210,2010-08-19 00:00:00,1
2010-08-20 00:00:00,2010-08-20 00:00:00,28.9,2010-08-20 00:00:00,27,27.5,59,48600,1335010,2010-08-20 00:00:00,1
2010-08-23 00:00:00,2010-08-23 00:00:00,27.8,2010-08-23 00:00:00,27.3,27.4,40,106500,2918300,2010-08-23 00:00:00,1
2010-08-25 00:00:00,2010-08-25 00:00:00,28,2010-08-25 00:00:00,27,27.2,89,366600,9928040,2010-08-25 00:00:00,1
2010-08-26 00:00:00,2010-08-26 00:00:00,27.5,2010-08-26 00:00:00,27,27.1,50,140500,3800070,2010-08-26 00:00:00,1
2010-08-27 00:00:00,2010-08-27 00:00:00,27.7,2010-08-27 00:00:00,27,27,86,415500,11251300,2010-08-27 00:00:00,1
2010-08-30 00:00:00,2010-08-30 00:00:00,27.3,2010-08-30 00:00:00,27,27.2,87,433900,11775760,2010-08-30 00:00:00,1
2010-08-31 00:00:00,2010-08-31 00:00:00,28.5,2010-08-31 00:00:00,27.2,28.1,103,688000,19172120,2010-08-31 00:00:00,1
2010-09-01 00:00:00,2010-09-01 00:00:00,28.2,2010-09-01 00:00:00,27.7,27.9,67,343200,9567100,2010-09-01 00:00:00,1
2010-09-02 00:00:00,2010-09-02 00:00:00,28.2,2010-09-02 00:00:00,27.6,28,107,402600,11264520,2010-09-02 00:00:00,1
2010-09-03 00:00:00,2010-09-03 00:00:00,30.7,2010-09-03 00:00:00,28,29.9,372,1428800,42373280,2010-09-03 00:00:00,1
2010-09-06 00:00:00,2010-09-06 00:00:00,31,2010-09-06 00:00:00,29.7,29.9,154,1401500,41909150,2010-09-06 00:00:00,1
2010-09-07 00:00:00,2010-09-07 00:00:00,30.5,2010-09-07 00:00:00,29.8,30.1,260,1456000,43799910,2010-09-07 00:00:00,1
2010-09-08 00:00:00,2010-09-08 00:00:00,30.9,2010-09-08 00:00:00,29.7,30.8,249,2683500,80312000,2010-09-08 00:00:00,1
2010-09-09 00:00:00,2010-09-09 00:00:00,33.8,2010-09-09 00:00:00,29.8,30.2,218,762100,23073430,2010-09-09 00:00:00,1
2010-09-13 00:00:00,2010-09-13 00:00:00,30.7,2010-09-13 00:00:00,30,30.1,98,1448800,43661220,2010-09-13 00:00:00,1
2010-09-14 00:00:00,2010-09-14 00:00:00,30.9,2010-09-14 00:00:00,30.1,30.9,83,714500,22010440,2010-09-14 00:00:00,1
2010-09-15 00:00:00,2010-09-15 00:00:00,30.9,2010-09-15 00:00:00,30.2,30.6,104,421300,12771110,2010-09-15 00:00:00,1
2010-09-16 00:00:00,2010-09-16 00:00:00,33,2010-09-16 00:00:00,30.7,32.2,297,1050900,33419000,2010-09-16 00:00:00,1
2010-09-17 00:00:00,2010-09-17 00:00:00,34,2010-09-17 00:00:00,32,32.4,287,1845400,60288280,2010-09-17 00:00:00,1
2010-09-20 00:00:00,2010-09-20 00:00:00,37,2010-09-20 00:00:00,32.5,36.4,604,1785000,62728680,2010-09-20 00:00:00,1
2010-09-21 00:00:00,2010-09-21 00:00:00,38.5,2010-09-21 00:00:00,36,37.4,688,3788800,141716840,2010-09-21 00:00:00,1
2010-09-23 00:00:00,2010-09-23 00:00:00,39,2010-09-23 00:00:00,36.9,37.7,412,2893400,108576670,2010-09-23 00:00:00,1
2010-09-24 00:00:00,2010-09-24 00:00:00,38,2010-09-24 00:00:00,36,36.7,123,137100,5050430,2010-09-24 00:00:00,1
2010-09-27 00:00:00,2010-09-27 00:00:00,37,2010-09-27 00:00:00,35.8,35.9,87,398400,14435600,2010-09-27 00:00:00,1
2010-09-28 00:00:00,2010-09-28 00:00:00,36,2010-09-28 00:00:00,34.8,35,125,217800,7673490,2010-09-28 00:00:00,1
2010-09-29 00:00:00,2010-09-29 00:00:00,35.5,2010-09-29 00:00:00,34.5,35,138,360100,12676690,2010-09-29 00:00:00,1
2010-09-30 00:00:00,2010-09-30 00:00:00,36,2010-09-30 00:00:00,34.1,35,134,1158600,40555010,2010-09-30 00:00:00,1
2010-10-01 00:00:00,2010-10-01 00:00:00,36.9,2010-10-01 00:00:00,35,36,126,475300,17103920,2010-10-01 00:00:00,1
2010-10-04 00:00:00,2010-10-04 00:00:00,36.9,2010-10-04 00:00:00,35,35.3,112,613600,21778410,2010-10-04 00:00:00,1
2010-10-05 00:00:00,2010-10-05 00:00:00,35.9,2010-10-05 00:00:00,34.5,35,87,592900,21126010,2010-10-05 00:00:00,1
2010-10-06 00:00:00,2010-10-06 00:00:00,35.2,2010-10-06 00:00:00,34.1,34.9,90,301800,10526930,2010-10-06 00:00:00,1
2010-10-07 00:00:00,2010-10-07 00:00:00,35,2010-10-07 00:00:00,32.5,33.9,74,168500,5637560,2010-10-07 00:00:00,1
2010-10-08 00:00:00,2010-10-08 00:00:00,35,2010-10-08 00:00:00,32.1,34.2,127,656100,22245280,2010-10-08 00:00:00,1
2010-10-11 00:00:00,2010-10-11 00:00:00,35.4,2010-10-11 00:00:00,33,34,59,142800,4930520,2010-10-11 00:00:00,1
2010-10-12 00:00:00,2010-10-12 00:00:00,34,2010-10-12 00:00:00,31,31.6,100,323000,10367970,2010-10-12 00:00:00,1
2010-10-13 00:00:00,2010-10-13 00:00:00,32.9,2010-10-13 00:00:00,30,30.5,183,884200,27381180,2010-10-13 00:00:00,1
2010-10-14 00:00:00,2010-10-14 00:00:00,32.8,2010-10-14 00:00:00,31.5,31.7,50,1244400,39823950,2010-10-14 00:00:00,1
2010-10-15 00:00:00,2010-10-15 00:00:00,32.6,2010-10-15 00:00:00,31,32.4,57,95500,3032140,2010-10-15 00:00:00,1
2010-10-18 00:00:00,2010-10-18 00:00:00,32.3,2010-10-18 00:00:00,31,31.1,37,82000,2574480,2010-10-18 00:00:00,1
2010-10-19 00:00:00,2010-10-19 00:00:00,31.7,2010-10-19 00:00:00,31.1,31.5,53,83100,2613670,2010-10-19 00:00:00,1
2010-10-20 00:00:00,2010-10-20 00:00:00,33,2010-10-20 00:00:00,31.4,31.5,78,174100,5546590,2010-10-20 00:00:00,1
2010-10-21 00:00:00,2010-10-21 00:00:00,33.2,2010-10-21 00:00:00,32,32.3,53,43200,1402840,2010-10-21 00:00:00,1
2010-10-25 00:00:00,2010-10-25 00:00:00,32.7,2010-10-25 00:00:00,31.1,31.9,38,132900,4253870,2010-10-25 00:00:00,1
2010-10-26 00:00:00,2010-10-26 00:00:00,31.2,2010-10-26 00:00:00,30,30.1,60,278200,8455170,2010-10-26 00:00:00,1
2010-10-27 00:00:00,2010-10-27 00:00:00,31,2010-10-27 00:00:00,29,30.3,48,83300,2490900,2010-10-27 00:00:00,1
2010-10-28 00:00:00,2010-10-28 00:00:00,31.9,2010-10-28 00:00:00,30.3,31,80,171200,5319020,2010-10-28 00:00:00,1
2010-10-29 00:00:00,2010-10-29 00:00:00,31.9,2010-10-29 00:00:00,30.9,31.5,62,341300,10618260,2010-10-29 00:00:00,1
2010-11-01 00:00:00,2010-11-01 00:00:00,33,2010-11-01 00:00:00,31.5,32.8,98,1149800,36861120,2010-11-01 00:00:00,1
2010-11-02 00:00:00,2010-11-02 00:00:00,33,2010-11-02 00:00:00,32,32.7,43,62400,2037040,2010-11-02 00:00:00,1
2010-11-03 00:00:00,2010-11-03 00:00:00,33,2010-11-03 00:00:00,32.3,32.7,47,98500,3232420,2010-11-03 00:00:00,1
2010-11-04 00:00:00,2010-11-04 00:00:00,33.3,2010-11-04 00:00:00,32,33,89,469500,15447870,2010-11-04 00:00:00,1
2010-11-08 00:00:00,2010-11-08 00:00:00,33.8,2010-11-08 00:00:00,32.5,33.5,140,1466900,48597790,2010-11-08 00:00:00,1
2010-11-09 00:00:00,2010-11-09 00:00:00,33.8,2010-11-09 00:00:00,30.6,33,93,191300,6223050,2010-11-09 00:00:00,1
2010-11-10 00:00:00,2010-11-10 00:00:00,33.4,2010-11-10 00:00:00,31.6,32,84,186100,6096990,2010-11-10 00:00:00,1
2010-11-11 00:00:00,2010-11-11 00:00:00,33,2010-11-11 00:00:00,31,31.9,116,619500,19745560,2010-11-11 00:00:00,1
2010-11-12 00:00:00,2010-11-12 00:00:00,32.7,2010-11-12 00:00:00,32,32.3,75,238400,7719860,2010-11-12 00:00:00,1
2010-11-15 00:00:00,2010-11-15 00:00:00,33,2010-11-15 00:00:00,31,31.5,57,280000,8954850,2010-11-15 00:00:00,1
2010-11-16 00:00:00,2010-11-16 00:00:00,31,2010-11-16 00:00:00,30.5,30.8,42,108800,3332670,2010-11-16 00:00:00,1
2010-11-18 00:00:00,2010-11-18 00:00:00,32.5,2010-11-18 00:00:00,30.8,32.1,65,412900,13095740,2010-11-18 00:00:00,1
2010-11-22 00:00:00,2010-11-22 00:00:00,33,2010-11-22 00:00:00,31.7,31.9,28,59900,1930160,2010-11-22 00:00:00,1
2010-11-23 00:00:00,2010-11-23 00:00:00,32.6,2010-11-23 00:00:00,31.6,31.7,61,341500,10907240,2010-11-23 00:00:00,1
2010-11-24 00:00:00,2010-11-24 00:00:00,32.7,2010-11-24 00:00:00,31.5,32.5,59,117300,3807660,2010-11-24 00:00:00,1
2010-11-25 00:00:00,2010-11-25 00:00:00,33.3,2010-11-25 00:00:00,32.1,32.3,109,1739274,57386842,2010-11-25 00:00:00,1
2010-11-26 00:00:00,2010-11-26 00:00:00,33.2,2010-11-26 00:00:00,32.1,33,66,147700,4861180,2010-11-26 00:00:00,1
2010-11-29 00:00:00,2010-11-29 00:00:00,34.1,2010-11-29 00:00:00,33.1,34,177,1855600,63053970,2010-11-29 00:00:00,1
2010-11-30 00:00:00,2010-11-30 00:00:00,35,2010-11-30 00:00:00,33.5,33.9,171,2205307,75043448,2010-11-30 00:00:00,1
2010-12-01 00:00:00,2010-12-01 00:00:00,36.2,2010-12-01 00:00:00,33.8,35.6,295,2495700,85768830,2010-12-01 00:00:00,1
2010-12-02 00:00:00,2010-12-02 00:00:00,36.9,2010-12-02 00:00:00,34.5,34.9,160,1838605,64945385,2010-12-02 00:00:00,1
2010-12-03 00:00:00,2010-12-03 00:00:00,36.4,2010-12-03 00:00:00,34.5,35.9,164,1884100,65448120,2010-12-03 00:00:00,1
2010-12-06 00:00:00,2010-12-06 00:00:00,35.3,2010-12-06 00:00:00,35,35,92,687800,24097160,2010-12-06 00:00:00,1
2010-12-07 00:00:00,2010-12-07 00:00:00,36.5,2010-12-07 00:00:00,34.5,36.4,277,2295600,80069090,2010-12-07 00:00:00,1
2010-12-08 00:00:00,2010-12-08 00:00:00,39.4,2010-12-08 00:00:00,36.1,38.1,738,5480800,207332810,2010-12-08 00:00:00,1
2010-12-09 00:00:00,2010-12-09 00:00:00,38.5,2010-12-09 00:00:00,37.6,38,230,3113300,118212570,2010-12-09 00:00:00,1
2010-12-10 00:00:00,2010-12-10 00:00:00,39.6,2010-12-10 00:00:00,37.5,38.9,372,3087800,118118120,2010-12-10 00:00:00,1
2010-12-13 00:00:00,2010-12-13 00:00:00,39.4,2010-12-13 00:00:00,38.1,39,303,3151200,121844200,2010-12-13 00:00:00,1
2010-12-14 00:00:00,2010-12-14 00:00:00,39.4,2010-12-14 00:00:00,38.4,38.9,165,2432700,94309960,2010-12-14 00:00:00,1
2010-12-15 00:00:00,2010-12-15 00:00:00,38.9,2010-12-15 00:00:00,38.3,38.5,132,1459400,55967190,2010-12-15 00:00:00,1
2010-12-16 00:00:00,2010-12-16 00:00:00,38.8,2010-12-16 00:00:00,37.7,38,113,1981100,75641080,2010-12-16 00:00:00,1
2010-12-17 00:00:00,2010-12-17 00:00:00,38.1,2010-12-17 00:00:00,37.9,38,89,1604900,60988610,2010-12-17 00:00:00,1
2010-12-21 00:00:00,2010-12-21 00:00:00,38.5,2010-12-21 00:00:00,37.7,38.3,73,1273300,48380160,2010-12-21 00:00:00,1
2010-12-22 00:00:00,2010-12-22 00:00:00,40,2010-12-22 00:00:00,38.1,39.8,289,2083400,82227360,2010-12-22 00:00:00,1
2010-12-23 00:00:00,2010-12-23 00:00:00,40.3,2010-12-23 00:00:00,39.7,39.9,209,408200,16337310,2010-12-23 00:00:00,1
2010-12-24 00:00:00,2010-12-24 00:00:00,40.7,2010-12-24 00:00:00,39.6,40.3,127,892600,35886400,2010-12-24 00:00:00,1
2010-12-27 00:00:00,2010-12-27 00:00:00,41.2,2010-12-27 00:00:00,40.3,41,231,548000,22393720,2010-12-27 00:00:00,1
2010-12-28 00:00:00,2010-12-28 00:00:00,41.1,2010-12-28 00:00:00,40.7,40.7,211,783600,32114500,2010-12-28 00:00:00,1
2010-12-29 00:00:00,2010-12-29 00:00:00,40.9,2010-12-29 00:00:00,40.1,40.7,102,143300,5805550,2010-12-29 00:00:00,1
2010-12-30 00:00:00,2010-12-30 00:00:00,40.7,2010-12-30 00:00:00,39,40.4,196,396500,15896790,2010-12-30 00:00:00,1
2010-12-31 00:00:00,2010-12-31 00:00:00,40.5,2010-12-31 00:00:00,40,40.3,106,311600,12549640,2010-12-31 00:00:00,1
Company Id,:  TPL,Security,Type :  N,Sub Type,:  0000,,,,,
Short Name,:  TALAWAKELLE,,,,,,,,,
Day,Date High,High,Date Low,Low,Closing,No. of Trades,No. of Shares,Turnover,Last Traded,Days Traded
2010-01-04 00:00:00,2010-01-04 00:00:00,26.5,2010-01-04 00:00:00,25,25.75,4,7000,179850,2010-01-04 00:00:00,1
2010-01-05 00:00:00,2010-01-05 00:00:00,26.5,2010-01-05 00:00:00,25,26.5,10,34100,885950,2010-01-05 00:00:00,1
2010-01-07 00:00:00,2010-01-07 00:00:00,26,2010-01-07 00:00:00,24.75,25.25,13,6800,172200,2010-01-07 00:00:00,1
2010-01-08 00:00:00,2010-01-08 00:00:00,28,2010-01-08 00:00:00,25,27.25,50,64800,1762050,2010-01-08 00:00:00,1
2010-01-11 00:00:00,2010-01-11 00:00:00,28.25,2010-01-11 00:00:00,26,26,13,22400,608050,2010-01-11 00:00:00,1
2010-01-12 00:00:00,2010-01-12 00:00:00,27.75,2010-01-12 00:00:00,26,27.5,12,18300,502375,2010-01-12 00:00:00,1
2010-01-13 00:00:00,2010-01-13 00:00:00,26.5,2010-01-13 00:00:00,26.5,26.5,5,6000,159000,2010-01-13 00:00:00,1
2010-01-15 00:00:00,2010-01-15 00:00:00,26.5,2010-01-15 00:00:00,26.25,26.5,3,700,18525,2010-01-15 00:00:00,1
2010-01-18 00:00:00,2010-01-18 00:00:00,27.5,2010-01-18 00:00:00,26,26.5,28,19800,533000,2010-01-18 00:00:00,1
2010-01-19 00:00:00,2010-01-19 00:00:00,27,2010-01-19 00:00:00,26,26.5,5,2600,68325,2010-01-19 00:00:00,1
2010-01-20 00:00:00,2010-01-20 00:00:00,28,2010-01-20 00:00:00,27,27.5,19,37400,1024375,2010-01-20 00:00:00,1
2010-01-22 00:00:00,2010-01-22 00:00:00,26.25,2010-01-22 00:00:00,26,26,11,13200,343575,2010-01-22 00:00:00,1
2010-01-25 00:00:00,2010-01-25 00:00:00,26.75,2010-01-25 00:00:00,26,26.75,3,1100,28975,2010-01-25 00:00:00,1
2010-01-26 00:00:00,2010-01-26 00:00:00,27,2010-01-26 00:00:00,25.75,27,4,5700,148150,2010-01-26 00:00:00,1
2010-01-28 00:00:00,2010-01-28 00:00:00,28,2010-01-28 00:00:00,25.75,27,16,21000,557250,2010-01-28 00:00:00,1
2010-02-01 00:00:00,2010-02-01 00:00:00,34.75,2010-02-01 00:00:00,28.25,33.25,202,395300,12739675,2010-02-01 00:00:00,1
2010-02-02 00:00:00,2010-02-02 00:00:00,36,2010-02-02 00:00:00,33.25,34.25,236,243200,8469525,2010-02-02 00:00:00,1
2010-02-03 00:00:00,2010-02-03 00:00:00,33.5,2010-02-03 00:00:00,30,31.75,26,20500,648700,2010-02-03 00:00:00,1
2010-02-05 00:00:00,2010-02-05 00:00:00,31,2010-02-05 00:00:00,30.25,30.5,19,15900,489575,2010-02-05 00:00:00,1
2010-02-08 00:00:00,2010-02-08 00:00:00,33,2010-02-08 00:00:00,31.5,32,11,3300,105700,2010-02-08 00:00:00,1
2010-02-09 00:00:00,2010-02-09 00:00:00,32,2010-02-09 00:00:00,32,32,24,50000,1600000,2010-02-09 00:00:00,1
2010-02-10 00:00:00,2010-02-10 00:00:00,32,2010-02-10 00:00:00,32,32,1,400,12800,2010-02-10 00:00:00,1
2010-02-11 00:00:00,2010-02-11 00:00:00,31,2010-02-11 00:00:00,30.5,30.75,13,22100,681200,2010-02-11 00:00:00,1
2010-02-12 00:00:00,2010-02-12 00:00:00,31.5,2010-02-12 00:00:00,30,31.25,35,72800,2214575,2010-02-12 00:00:00,1
2010-02-15 00:00:00,2010-02-15 00:00:00,32,2010-02-15 00:00:00,29.75,29.75,15,81300,2436650,2010-02-15 00:00:00,1
2010-02-16 00:00:00,2010-02-16 00:00:00,30,2010-02-16 00:00:00,29.5,29.5,2,2100,62950,2010-02-16 00:00:00,1
2010-02-17 00:00:00,2010-02-17 00:00:00,29.75,2010-02-17 00:00:00,29,29,13,23100,675600,2010-02-17 00:00:00,1
2010-02-18 00:00:00,2010-02-18 00:00:00,30,2010-02-18 00:00:00,28.25,29.5,9,11900,350225,2010-02-18 00:00:00,1
2010-02-19 00:00:00,2010-02-19 00:00:00,32.75,2010-02-19 00:00:00,30,30,15,16700,526250,2010-02-19 00:00:00,1
2010-02-22 00:00:00,2010-02-22 00:00:00,32,2010-02-22 00:00:00,31,31,16,13500,421750,2010-02-22 00:00:00,1
2010-02-23 00:00:00,2010-02-23 00:00:00,35,2010-02-23 00:00:00,31,34.25,47,91100,3043725,2010-02-23 00:00:00,1
2010-02-24 00:00:00,2010-02-24 00:00:00,36.75,2010-02-24 00:00:00,34,35.75,114,180800,6310050,2010-02-24 00:00:00,1
2010-02-25 00:00:00,2010-02-25 00:00:00,38,2010-02-25 00:00:00,36,37.25,123,136900,5074750,2010-02-25 00:00:00,1
2010-02-26 00:00:00,2010-02-26 00:00:00,37.25,2010-02-26 00:00:00,36,36.75,3,1200,43525,2010-02-26 00:00:00,1
2010-03-01 00:00:00,2010-03-01 00:00:00,36.25,2010-03-01 00:00:00,35.25,35.75,17,17800,640575,2010-03-01 00:00:00,1
2010-03-02 00:00:00,2010-03-02 00:00:00,36.5,2010-03-02 00:00:00,35.5,35.5,7,1500,53650,2010-03-02 00:00:00,1
2010-03-03 00:00:00,2010-03-03 00:00:00,35.5,2010-03-03 00:00:00,35,35,9,3800,133700,2010-03-03 00:00:00,1
2010-03-04 00:00:00,2010-03-04 00:00:00,35.25,2010-03-04 00:00:00,33,33.25,11,16700,579375,2010-03-04 00:00:00,1
2010-03-05 00:00:00,2010-03-05 00:00:00,34,2010-03-05 00:00:00,33.5,33.75,12,6000,202425,2010-03-05 00:00:00,1
2010-03-08 00:00:00,2010-03-08 00:00:00,33.75,2010-03-08 00:00:00,33.5,33.75,2,2000,67375,2010-03-08 00:00:00,1
2010-03-09 00:00:00,2010-03-09 00:00:00,32,2010-03-09 00:00:00,32,32,6,4700,150400,2010-03-09 00:00:00,1
2010-03-10 00:00:00,2010-03-10 00:00:00,32.25,2010-03-10 00:00:00,32,32,4,5000,160025,2010-03-10 00:00:00,1
2010-03-11 00:00:00,2010-03-11 00:00:00,33,2010-03-11 00:00:00,32.5,33,13,7000,229325,2010-03-11 00:00:00,1
2010-03-12 00:00:00,2010-03-12 00:00:00,35,2010-03-12 00:00:00,33,33.5,10,6400,214000,2010-03-12 00:00:00,1
2010-03-15 00:00:00,2010-03-15 00:00:00,34.5,2010-03-15 00:00:00,33.25,34,4,2500,85000,2010-03-15 00:00:00,1
2010-03-16 00:00:00,2010-03-16 00:00:00,34,2010-03-16 00:00:00,33,33,3,600,19950,2010-03-16 00:00:00,1
2010-03-17 00:00:00,2010-03-17 00:00:00,33,2010-03-17 00:00:00,33,33,2,1600,52800,2010-03-17 00:00:00,1
2010-03-18 00:00:00,2010-03-18 00:00:00,33,2010-03-18 00:00:00,31,31.75,7,4600,146300,2010-03-18 00:00:00,1
2010-03-19 00:00:00,2010-03-19 00:00:00,31.25,2010-03-19 00:00:00,31,31.25,2,2000,62250,2010-03-19 00:00:00,1
2010-03-22 00:00:00,2010-03-22 00:00:00,31,2010-03-22 00:00:00,31,31,1,1000,31000,2010-03-22 00:00:00,1
2010-03-23 00:00:00,2010-03-23 00:00:00,31,2010-03-23 00:00:00,31,31,3,400,12400,2010-03-23 00:00:00,1
2010-03-25 00:00:00,2010-03-25 00:00:00,30.75,2010-03-25 00:00:00,29,30,7,3200,96425,2010-03-25 00:00:00,1
2010-03-26 00:00:00,2010-03-26 00:00:00,31,2010-03-26 00:00:00,31,31,4,2000,62000,2010-03-26 00:00:00,1
2010-03-31 00:00:00,2010-03-31 00:00:00,31,2010-03-31 00:00:00,31,31,2,500,15500,2010-03-31 00:00:00,1
2010-04-01 00:00:00,2010-04-01 00:00:00,31,2010-04-01 00:00:00,30,30.5,3,2400,73000,2010-04-01 00:00:00,1
2010-04-05 00:00:00,2010-04-05 00:00:00,35,2010-04-05 00:00:00,30.25,34,9,4500,142950,2010-04-05 00:00:00,1
2010-04-06 00:00:00,2010-04-06 00:00:00,35.5,2010-04-06 00:00:00,34.5,34.5,36,17300,605425,2010-04-06 00:00:00,1
2010-04-07 00:00:00,2010-04-07 00:00:00,35,2010-04-07 00:00:00,34.5,35,4,2300,79700,2010-04-07 00:00:00,1
2010-04-08 00:00:00,2010-04-08 00:00:00,35.25,2010-04-08 00:00:00,35,35,10,47600,1666250,2010-04-08 00:00:00,1
2010-04-12 00:00:00,2010-04-12 00:00:00,34.5,2010-04-12 00:00:00,34.5,34.5,1,1000,34500,2010-04-12 00:00:00,1
2010-04-19 00:00:00,2010-04-19 00:00:00,34.5,2010-04-19 00:00:00,34.5,34.5,1,1500,51750,2010-04-19 00:00:00,1
2010-04-20 00:00:00,2010-04-20 00:00:00,37,2010-04-20 00:00:00,34,36,38,26500,945075,2010-04-20 00:00:00,1
2010-04-21 00:00:00,2010-04-21 00:00:00,37.75,2010-04-21 00:00:00,35.5,35.75,18,26800,967725,2010-04-21 00:00:00,1
2010-04-22 00:00:00,2010-04-22 00:00:00,35,2010-04-22 00:00:00,34,34.5,9,6700,230500,2010-04-22 00:00:00,1
2010-04-23 00:00:00,2010-04-23 00:00:00,36,2010-04-23 00:00:00,35,35,8,2600,91100,2010-04-23 00:00:00,1
2010-04-26 00:00:00,2010-04-26 00:00:00,37,2010-04-26 00:00:00,35.25,36,17,5900,212425,2010-04-26 00:00:00,1
2010-04-27 00:00:00,2010-04-27 00:00:00,36.75,2010-04-27 00:00:00,35.75,35.75,21,22300,817550,2010-04-27 00:00:00,1
2010-04-29 00:00:00,2010-04-29 00:00:00,35.5,2010-04-29 00:00:00,34,34,7,7200,252900,2010-04-29 00:00:00,1
2010-04-30 00:00:00,2010-04-30 00:00:00,35,2010-04-30 00:00:00,34,34.5,3,1900,65600,2010-04-30 00:00:00,1
2010-05-03 00:00:00,2010-05-03 00:00:00,35.5,2010-05-03 00:00:00,34,34,26,10600,364200,2010-05-03 00:00:00,1
2010-05-04 00:00:00,2010-05-04 00:00:00,36.5,2010-05-04 00:00:00,34.5,35,44,66300,2344675,2010-05-04 00:00:00,1
2010-05-05 00:00:00,2010-05-05 00:00:00,36.5,2010-05-05 00:00:00,35,35,45,61300,2185025,2010-05-05 00:00:00,1
2010-05-06 00:00:00,2010-05-06 00:00:00,35.5,2010-05-06 00:00:00,35,35,12,16400,575000,2010-05-06 00:00:00,1
2010-05-07 00:00:00,2010-05-07 00:00:00,35,2010-05-07 00:00:00,35,35,13,23800,833000,2010-05-07 00:00:00,1
2010-05-10 00:00:00,2010-05-10 00:00:00,36.25,2010-05-10 00:00:00,35,36,20,26100,933925,2010-05-10 00:00:00,1
2010-05-11 00:00:00,2010-05-11 00:00:00,36,2010-05-11 00:00:00,34.5,35.25,10,4600,159750,2010-05-11 00:00:00,1
2010-05-12 00:00:00,2010-05-12 00:00:00,35.25,2010-05-12 00:00:00,35.25,35.25,2,200,7050,2010-05-12 00:00:00,1
2010-05-13 00:00:00,2010-05-13 00:00:00,35,2010-05-13 00:00:00,34.25,34.25,4,3500,120375,2010-05-13 00:00:00,1
2010-05-14 00:00:00,2010-05-14 00:00:00,34.5,2010-05-14 00:00:00,34.25,34.5,4,1600,55125,2010-05-14 00:00:00,1
2010-05-17 00:00:00,2010-05-17 00:00:00,34.75,2010-05-17 00:00:00,34.25,34.5,3,6000,207425,2010-05-17 00:00:00,1
2010-05-18 00:00:00,2010-05-18 00:00:00,34.5,2010-05-18 00:00:00,34.5,34.5,4,3000,103500,2010-05-18 00:00:00,1
2010-05-19 00:00:00,2010-05-19 00:00:00,37,2010-05-19 00:00:00,34.25,35.75,21,47000,1679775,2010-05-19 00:00:00,1
2010-05-20 00:00:00,2010-05-20 00:00:00,36,2010-05-20 00:00:00,35,36,12,14100,500900,2010-05-20 00:00:00,1
2010-05-21 00:00:00,2010-05-21 00:00:00,36,2010-05-21 00:00:00,34,36,9,11200,402375,2010-05-21 00:00:00,1
2010-05-24 00:00:00,2010-05-24 00:00:00,36.25,2010-05-24 00:00:00,35.75,36,7,2700,97400,2010-05-24 00:00:00,1
2010-05-25 00:00:00,2010-05-25 00:00:00,37,2010-05-25 00:00:00,36,36,26,65500,2372275,2010-05-25 00:00:00,1
2010-05-26 00:00:00,2010-05-26 00:00:00,35,2010-05-26 00:00:00,35,35,5,14300,500500,2010-05-26 00:00:00,1
2010-05-31 00:00:00,2010-05-31 00:00:00,36,2010-05-31 00:00:00,36,36,2,300,10800,2010-05-31 00:00:00,1
2010-06-01 00:00:00,2010-06-01 00:00:00,37,2010-06-01 00:00:00,35.75,37,30,40600,1483650,2010-06-01 00:00:00,1
2010-06-02 00:00:00,2010-06-02 00:00:00,36,2010-06-02 00:00:00,36,36,1,2700,97200,2010-06-02 00:00:00,1
2010-06-03 00:00:00,2010-06-03 00:00:00,37,2010-06-03 00:00:00,36.25,37,7,2000,73775,2010-06-03 00:00:00,1
2010-06-04 00:00:00,2010-06-04 00:00:00,37,2010-06-04 00:00:00,36,37,15,20800,764875,2010-06-04 00:00:00,1
2010-06-07 00:00:00,2010-06-07 00:00:00,36,2010-06-07 00:00:00,36,36,4,75000,2700000,2010-06-07 00:00:00,1
2010-06-08 00:00:00,2010-06-08 00:00:00,35.5,2010-06-08 00:00:00,35.5,35.5,6,3000,106500,2010-06-08 00:00:00,1
2010-06-09 00:00:00,2010-06-09 00:00:00,35.5,2010-06-09 00:00:00,35.5,35.5,4,11000,390500,2010-06-09 00:00:00,1
2010-06-10 00:00:00,2010-06-10 00:00:00,36.25,2010-06-10 00:00:00,35.25,36,11,19100,686650,2010-06-10 00:00:00,1
2010-06-11 00:00:00,2010-06-11 00:00:00,37,2010-06-11 00:00:00,36.5,36.75,14,20300,747850,2010-06-11 00:00:00,1
2010-06-14 00:00:00,2010-06-14 00:00:00,37,2010-06-14 00:00:00,37,37,1,100,3700,2010-06-14 00:00:00,1
2010-06-16 00:00:00,2010-06-16 00:00:00,36.5,2010-06-16 00:00:00,36.25,36.5,7,8800,320700,2010-06-16 00:00:00,1
2010-06-17 00:00:00,2010-06-17 00:00:00,37,2010-06-17 00:00:00,36.75,36.75,7,7600,279325,2010-06-17 00:00:00,1
2010-06-21 00:00:00,2010-06-21 00:00:00,42,2010-06-21 00:00:00,36.75,37.5,29,25200,940400,2010-06-21 00:00:00,1
2010-06-22 00:00:00,2010-06-22 00:00:00,37.5,2010-06-22 00:00:00,37.5,37.5,1,1000,37500,2010-06-22 00:00:00,1
2010-06-23 00:00:00,2010-06-23 00:00:00,37.25,2010-06-23 00:00:00,37,37,4,3200,118650,2010-06-23 00:00:00,1
2010-06-24 00:00:00,2010-06-24 00:00:00,36.75,2010-06-24 00:00:00,36,36,2,400,14475,2010-06-24 00:00:00,1
2010-06-28 00:00:00,2010-06-28 00:00:00,36,2010-06-28 00:00:00,36,36,1,700,25200,2010-06-28 00:00:00,1
2010-06-29 00:00:00,2010-06-29 00:00:00,38.5,2010-06-29 00:00:00,36,38,6,1200,44950,2010-06-29 00:00:00,1
2010-06-30 00:00:00,2010-06-30 00:00:00,40,2010-06-30 00:00:00,36.5,39.5,47,42500,1664125,2010-06-30 00:00:00,1
2010-07-01 00:00:00,2010-07-01 00:00:00,38.5,2010-07-01 00:00:00,37.25,38,6,2300,87075,2010-07-01 00:00:00,1
2010-07-02 00:00:00,2010-07-02 00:00:00,43,2010-07-02 00:00:00,37.5,42.5,29,90700,3852100,2010-07-02 00:00:00,1
2010-07-05 00:00:00,2010-07-05 00:00:00,45,2010-07-05 00:00:00,42,43.25,25,11700,507550,2010-07-05 00:00:00,1
2010-07-06 00:00:00,2010-07-06 00:00:00,44,2010-07-06 00:00:00,42,42,15,15300,658775,2010-07-06 00:00:00,1
2010-07-07 00:00:00,2010-07-07 00:00:00,40,2010-07-07 00:00:00,38.75,39,10,6600,258000,2010-07-07 00:00:00,1
2010-07-08 00:00:00,2010-07-08 00:00:00,40,2010-07-08 00:00:00,39,39.75,10,23400,934200,2010-07-08 00:00:00,1
2010-07-09 00:00:00,2010-07-09 00:00:00,39.5,2010-07-09 00:00:00,35,36,12,11200,404575,2010-07-09 00:00:00,1
2010-07-13 00:00:00,2010-07-13 00:00:00,39,2010-07-13 00:00:00,39,39,1,100,3900,2010-07-13 00:00:00,1
2010-07-14 00:00:00,2010-07-14 00:00:00,38,2010-07-14 00:00:00,38,38,2,3500,133000,2010-07-14 00:00:00,1
2010-07-15 00:00:00,2010-07-15 00:00:00,38.5,2010-07-15 00:00:00,38.25,38.5,5,2700,103625,2010-07-15 00:00:00,1
2010-07-16 00:00:00,2010-07-16 00:00:00,38,2010-07-16 00:00:00,38,38,2,2100,79800,2010-07-16 00:00:00,1
2010-07-19 00:00:00,2010-07-19 00:00:00,37.25,2010-07-19 00:00:00,37,37,3,1100,40775,2010-07-19 00:00:00,1
2010-07-21 00:00:00,2010-07-21 00:00:00,42.75,2010-07-21 00:00:00,37.5,41.25,29,82100,3369500,2010-07-21 00:00:00,1
2010-07-22 00:00:00,2010-07-22 00:00:00,45,2010-07-22 00:00:00,39,44,29,117300,5158225,2010-07-22 00:00:00,1
2010-07-23 00:00:00,2010-07-23 00:00:00,43.75,2010-07-23 00:00:00,42,42.75,14,8700,371400,2010-07-23 00:00:00,1
2010-07-26 00:00:00,2010-07-26 00:00:00,45.5,2010-07-26 00:00:00,42,45,44,56600,2537225,2010-07-26 00:00:00,1
2010-07-27 00:00:00,2010-07-27 00:00:00,50,2010-07-27 00:00:00,45,49.25,67,65400,3197350,2010-07-27 00:00:00,1
2010-07-28 00:00:00,2010-07-28 00:00:00,51,2010-07-28 00:00:00,49.25,49.25,22,13200,654475,2010-07-28 00:00:00,1
2010-07-29 00:00:00,2010-07-29 00:00:00,50,2010-07-29 00:00:00,48.25,49.75,31,29100,1448100,2010-07-29 00:00:00,1
2010-07-30 00:00:00,2010-07-30 00:00:00,50,2010-07-30 00:00:00,49.75,50,4,600,29950,2010-07-30 00:00:00,1
2010-08-02 00:00:00,2010-08-02 00:00:00,49,2010-08-02 00:00:00,48,48.1,9,8600,417620,2010-08-02 00:00:00,1
2010-08-03 00:00:00,2010-08-03 00:00:00,48.7,2010-08-03 00:00:00,48,48.2,17,15200,732770,2010-08-03 00:00:00,1
2010-08-04 00:00:00,2010-08-04 00:00:00,49,2010-08-04 00:00:00,43,45.2,18,9800,459990,2010-08-04 00:00:00,1
2010-08-05 00:00:00,2010-08-05 00:00:00,45.5,2010-08-05 00:00:00,40.8,40.8,11,20300,834120,2010-08-05 00:00:00,1
2010-08-06 00:00:00,2010-08-06 00:00:00,44.8,2010-08-06 00:00:00,41,41,4,3400,140890,2010-08-06 00:00:00,1
2010-08-09 00:00:00,2010-08-09 00:00:00,40.9,2010-08-09 00:00:00,37,40.9,11,5500,206250,2010-08-09 00:00:00,1
2010-08-10 00:00:00,2010-08-10 00:00:00,44,2010-08-10 00:00:00,41,43.6,6,3100,132650,2010-08-10 00:00:00,1
2010-08-11 00:00:00,2010-08-11 00:00:00,44.5,2010-08-11 00:00:00,43.5,43.5,8,3600,158520,2010-08-11 00:00:00,1
2010-08-12 00:00:00,2010-08-12 00:00:00,41.1,2010-08-12 00:00:00,41.1,41.1,2,200,8220,2010-08-12 00:00:00,1
2010-08-13 00:00:00,2010-08-13 00:00:00,41.7,2010-08-13 00:00:00,41.5,41.7,3,3200,132960,2010-08-13 00:00:00,1
2010-08-16 00:00:00,2010-08-16 00:00:00,42,2010-08-16 00:00:00,41,42,3,400,16700,2010-08-16 00:00:00,1
2010-08-17 00:00:00,2010-08-17 00:00:00,42,2010-08-17 00:00:00,42,42,3,1000,42000,2010-08-17 00:00:00,1
2010-08-18 00:00:00,2010-08-18 00:00:00,42,2010-08-18 00:00:00,41,41,13,28300,1161800,2010-08-18 00:00:00,1
2010-08-19 00:00:00,2010-08-19 00:00:00,41,2010-08-19 00:00:00,41,41,1,500,20500,2010-08-19 00:00:00,1
2010-08-20 00:00:00,2010-08-20 00:00:00,41.2,2010-08-20 00:00:00,41.2,41.2,5,1900,78280,2010-08-20 00:00:00,1
2010-08-23 00:00:00,2010-08-23 00:00:00,42.9,2010-08-23 00:00:00,41,42.7,5,3400,141300,2010-08-23 00:00:00,1
2010-08-25 00:00:00,2010-08-25 00:00:00,41.2,2010-08-25 00:00:00,41.2,41.2,1,1000,41200,2010-08-25 00:00:00,1
2010-08-26 00:00:00,2010-08-26 00:00:00,41.9,2010-08-26 00:00:00,40,40,18,50700,2028760,2010-08-26 00:00:00,1
2010-08-27 00:00:00,2010-08-27 00:00:00,41,2010-08-27 00:00:00,40,40.5,18,82800,3332850,2010-08-27 00:00:00,1
2010-08-30 00:00:00,2010-08-30 00:00:00,43,2010-08-30 00:00:00,40,40,5,1100,45100,2010-08-30 00:00:00,1
2010-08-31 00:00:00,2010-08-31 00:00:00,43,2010-08-31 00:00:00,41,42,10,7800,330970,2010-08-31 00:00:00,1
2010-09-02 00:00:00,2010-09-02 00:00:00,45,2010-09-02 00:00:00,42,43.3,56,57700,2492940,2010-09-02 00:00:00,1
2010-09-03 00:00:00,2010-09-03 00:00:00,47.6,2010-09-03 00:00:00,43.5,47.6,66,78800,3693520,2010-09-03 00:00:00,1
2010-09-06 00:00:00,2010-09-06 00:00:00,49,2010-09-06 00:00:00,46,47,20,12000,568300,2010-09-06 00:00:00,1
2010-09-07 00:00:00,2010-09-07 00:00:00,47,2010-09-07 00:00:00,47,47,10,5700,267900,2010-09-07 00:00:00,1
2010-09-08 00:00:00,2010-09-08 00:00:00,51.7,2010-09-08 00:00:00,44.6,51.2,53,35500,1786550,2010-09-08 00:00:00,1
2010-09-09 00:00:00,2010-09-09 00:00:00,52,2010-09-09 00:00:00,49.5,51.2,24,13600,691530,2010-09-09 00:00:00,1
2010-09-13 00:00:00,2010-09-13 00:00:00,55,2010-09-13 00:00:00,46.3,51,26,8800,463510,2010-09-13 00:00:00,1
2010-09-14 00:00:00,2010-09-14 00:00:00,54.2,2010-09-14 00:00:00,50.5,50.5,18,19000,1014090,2010-09-14 00:00:00,1
2010-09-15 00:00:00,2010-09-15 00:00:00,49.5,2010-09-15 00:00:00,49,49.5,11,2500,122850,2010-09-15 00:00:00,1
2010-09-16 00:00:00,2010-09-16 00:00:00,50,2010-09-16 00:00:00,50,50,1,2000,100000,2010-09-16 00:00:00,1
2010-09-17 00:00:00,2010-09-17 00:00:00,55,2010-09-17 00:00:00,49,54.4,29,11500,609250,2010-09-17 00:00:00,1
2010-09-20 00:00:00,2010-09-20 00:00:00,54,2010-09-20 00:00:00,50.6,51.8,17,11800,612330,2010-09-20 00:00:00,1
2010-09-21 00:00:00,2010-09-21 00:00:00,54,2010-09-21 00:00:00,50.1,50.9,18,13300,687860,2010-09-21 00:00:00,1
2010-09-23 00:00:00,2010-09-23 00:00:00,50.5,2010-09-23 00:00:00,50,50,5,1500,75150,2010-09-23 00:00:00,1
2010-09-24 00:00:00,2010-09-24 00:00:00,48.4,2010-09-24 00:00:00,48,48.3,4,600,28960,2010-09-24 00:00:00,1
2010-09-27 00:00:00,2010-09-27 00:00:00,51,2010-09-27 00:00:00,51,51,3,700,35700,2010-09-27 00:00:00,1
2010-09-28 00:00:00,2010-09-28 00:00:00,50.5,2010-09-28 00:00:00,49,49,4,1100,54550,2010-09-28 00:00:00,1
2010-09-29 00:00:00,2010-09-29 00:00:00,50,2010-09-29 00:00:00,49,50,7,3100,153150,2010-09-29 00:00:00,1
2010-09-30 00:00:00,2010-09-30 00:00:00,49,2010-09-30 00:00:00,48.6,48.6,4,5000,244200,2010-09-30 00:00:00,1
2010-10-01 00:00:00,2010-10-01 00:00:00,50,2010-10-01 00:00:00,48.5,50,12,14900,741650,2010-10-01 00:00:00,1
2010-10-04 00:00:00,2010-10-04 00:00:00,46.1,2010-10-04 00:00:00,45.6,46,10,4700,215970,2010-10-04 00:00:00,1
2010-10-05 00:00:00,2010-10-05 00:00:00,46,2010-10-05 00:00:00,45,45.3,10,5100,232840,2010-10-05 00:00:00,1
2010-10-06 00:00:00,2010-10-06 00:00:00,45.5,2010-10-06 00:00:00,45.1,45.2,17,22300,1008150,2010-10-06 00:00:00,1
2010-10-07 00:00:00,2010-10-07 00:00:00,46,2010-10-07 00:00:00,45,45.5,9,2800,127320,2010-10-07 00:00:00,1
2010-10-08 00:00:00,2010-10-08 00:00:00,46.9,2010-10-08 00:00:00,45,45.2,2,1200,54190,2010-10-08 00:00:00,1
2010-10-11 00:00:00,2010-10-11 00:00:00,47,2010-10-11 00:00:00,46.1,47,6,3400,158900,2010-10-11 00:00:00,1
2010-10-12 00:00:00,2010-10-12 00:00:00,45.3,2010-10-12 00:00:00,44.5,44.7,4,1900,85330,2010-10-12 00:00:00,1
2010-10-13 00:00:00,2010-10-13 00:00:00,48.5,2010-10-13 00:00:00,41,46,10,15000,664040,2010-10-13 00:00:00,1
2010-10-14 00:00:00,2010-10-14 00:00:00,46,2010-10-14 00:00:00,43.6,44.4,7,3200,145830,2010-10-14 00:00:00,1
2010-10-18 00:00:00,2010-10-18 00:00:00,46.1,2010-10-18 00:00:00,44.7,44.7,5,6000,272080,2010-10-18 00:00:00,1
2010-10-19 00:00:00,2010-10-19 00:00:00,45.6,2010-10-19 00:00:00,45,45.3,2,2000,90600,2010-10-19 00:00:00,1
2010-10-20 00:00:00,2010-10-20 00:00:00,45,2010-10-20 00:00:00,43.9,45,7,24800,1114900,2010-10-20 00:00:00,1
2010-10-25 00:00:00,2010-10-25 00:00:00,44,2010-10-25 00:00:00,44,44,1,700,30800,2010-10-25 00:00:00,1
2010-10-26 00:00:00,2010-10-26 00:00:00,44,2010-10-26 00:00:00,44,44,2,1100,48400,2010-10-26 00:00:00,1
2010-10-27 00:00:00,2010-10-27 00:00:00,46,2010-10-27 00:00:00,43.6,46,5,1800,82560,2010-10-27 00:00:00,1
2010-10-28 00:00:00,2010-10-28 00:00:00,45,2010-10-28 00:00:00,45,45,1,500,22500,2010-10-28 00:00:00,1
2010-10-29 00:00:00,2010-10-29 00:00:00,45.8,2010-10-29 00:00:00,45.8,45.8,1,100,4580,2010-10-29 00:00:00,1
2010-11-02 00:00:00,2010-11-02 00:00:00,47,2010-11-02 00:00:00,43.6,44.4,4,3900,173120,2010-11-02 00:00:00,1
2010-11-03 00:00:00,2010-11-03 00:00:00,45,2010-11-03 00:00:00,43.9,44.5,3,300,13390,2010-11-03 00:00:00,1
2010-11-04 00:00:00,2010-11-04 00:00:00,43.6,2010-11-04 00:00:00,43.6,43.6,1,100,4360,2010-11-04 00:00:00,1
2010-11-08 00:00:00,2010-11-08 00:00:00,45,2010-11-08 00:00:00,43.1,45,7,3700,160740,2010-11-08 00:00:00,1
2010-11-09 00:00:00,2010-11-09 00:00:00,44.5,2010-11-09 00:00:00,44.5,44.5,1,100,4450,2010-11-09 00:00:00,1
2010-11-10 00:00:00,2010-11-10 00:00:00,43.1,2010-11-10 00:00:00,43.1,43.1,2,800,34480,2010-11-10 00:00:00,1
2010-11-11 00:00:00,2010-11-11 00:00:00,42.5,2010-11-11 00:00:00,42.5,42.5,2,3000,127500,2010-11-11 00:00:00,1
2010-11-12 00:00:00,2010-11-12 00:00:00,45,2010-11-12 00:00:00,41.9,42.5,8,4900,211440,2010-11-12 00:00:00,1
2010-11-15 00:00:00,2010-11-15 00:00:00,41.9,2010-11-15 00:00:00,40,40.3,3,1000,40290,2010-11-15 00:00:00,1
2010-11-16 00:00:00,2010-11-16 00:00:00,38.4,2010-11-16 00:00:00,38.4,38.4,1,300,11520,2010-11-16 00:00:00,1
2010-11-18 00:00:00,2010-11-18 00:00:00,42,2010-11-18 00:00:00,38.5,42,3,1900,74850,2010-11-18 00:00:00,1
2010-11-23 00:00:00,2010-11-23 00:00:00,39,2010-11-23 00:00:00,38,38.1,5,4400,169350,2010-11-23 00:00:00,1
2010-11-24 00:00:00,2010-11-24 00:00:00,38.5,2010-11-24 00:00:00,38.5,38.5,1,500,19250,2010-11-24 00:00:00,1
2010-11-25 00:00:00,2010-11-25 00:00:00,38.8,2010-11-25 00:00:00,38.5,38.5,6,3200,123500,2010-11-25 00:00:00,1
2010-11-26 00:00:00,2010-11-26 00:00:00,39,2010-11-26 00:00:00,38.5,38.9,4,800,31050,2010-11-26 00:00:00,1
2010-11-29 00:00:00,2010-11-29 00:00:00,39,2010-11-29 00:00:00,38.4,38.4,3,1200,46680,2010-11-29 00:00:00,1
2010-11-30 00:00:00,2010-11-30 00:00:00,42,2010-11-30 00:00:00,37.1,37.9,10,5200,198460,2010-11-30 00:00:00,1
2010-12-01 00:00:00,2010-12-01 00:00:00,40,2010-12-01 00:00:00,39,39.7,10,4600,182800,2010-12-01 00:00:00,1
2010-12-02 00:00:00,2010-12-02 00:00:00,41,2010-12-02 00:00:00,40.9,41,5,1300,53280,2010-12-02 00:00:00,1
2010-12-03 00:00:00,2010-12-03 00:00:00,40.5,2010-12-03 00:00:00,38.6,40.2,3,1200,48220,2010-12-03 00:00:00,1
2010-12-07 00:00:00,2010-12-07 00:00:00,38.6,2010-12-07 00:00:00,38.5,38.6,7,2100,81050,2010-12-07 00:00:00,1
2010-12-08 00:00:00,2010-12-08 00:00:00,40,2010-12-08 00:00:00,40,40,2,200,8000,2010-12-08 00:00:00,1
2010-12-09 00:00:00,2010-12-09 00:00:00,40.5,2010-12-09 00:00:00,40,40.2,3,2000,80450,2010-12-09 00:00:00,1
2010-12-13 00:00:00,2010-12-13 00:00:00,39,2010-12-13 00:00:00,39,39,5,3300,128700,2010-12-13 00:00:00,1
2010-12-14 00:00:00,2010-12-14 00:00:00,37,2010-12-14 00:00:00,37,37,3,400,14800,2010-12-14 00:00:00,1
2010-12-15 00:00:00,2010-12-15 00:00:00,39,2010-12-15 00:00:00,39,39,1,100,3900,2010-12-15 00:00:00,1
2010-12-16 00:00:00,2010-12-16 00:00:00,37.5,2010-12-16 00:00:00,37.5,37.5,1,100,3750,2010-12-16 00:00:00,1
2010-12-22 00:00:00,2010-12-22 00:00:00,39,2010-12-22 00:00:00,39,39,1,100,3900,2010-12-22 00:00:00,1
2010-12-23 00:00:00,2010-12-23 00:00:00,40,2010-12-23 00:00:00,40,40,2,1200,48000,2010-12-23 00:00:00,1
2010-12-24 00:00:00,2010-12-24 00:00:00,41.9,2010-12-24 00:00:00,40,40.2,6,1300,52190,2010-12-24 00:00:00,1
2010-12-27 00:00:00,2010-12-27 00:00:00,41.9,2010-12-27 00:00:00,40,40.7,41,41200,1673360,2010-12-27 00:00:00,1
2010-12-28 00:00:00,2010-12-28 00:00:00,43,2010-12-28 00:00:00,40,41.9,16,14500,589230,2010-12-28 00:00:00,1
2010-12-29 00:00:00,2010-12-29 00:00:00,46,2010-12-29 00:00:00,41,45.1,68,40600,1806320,2010-12-29 00:00:00,1
2010-12-30 00:00:00,2010-12-30 00:00:00,46.9,2010-12-30 00:00:00,41.6,45.3,35,47000,2133970,2010-12-30 00:00:00,1
2010-12-31 00:00:00,2010-12-31 00:00:00,47,2010-12-31 00:00:00,43.7,46.4,24,13200,606630,2010-12-31 00:00:00,1
Company Id,:  TRAN,Security,Type :  N,Sub Type,:  0000,,,,,
Short Name,:  TRANS ASIA,,,,,,,,,
Day,Date High,High,Date Low,Low,Closing,No. of Trades,No. of Shares,Turnover,Last Traded,Days Traded
2010-01-04 00:00:00,2010-01-04 00:00:00,175,2010-01-04 00:00:00,170,173.25,9,1400,242600,2010-01-04 00:00:00,1
2010-01-05 00:00:00,2010-01-05 00:00:00,175,2010-01-05 00:00:00,175,175,1,200,35000,2010-01-05 00:00:00,1
2010-01-06 00:00:00,2010-01-06 00:00:00,175,2010-01-06 00:00:00,170,173.75,9,1500,260500,2010-01-06 00:00:00,1
2010-01-11 00:00:00,2010-01-11 00:00:00,174,2010-01-11 00:00:00,160,174,2,700,119000,2010-01-11 00:00:00,1
2010-01-12 00:00:00,2010-01-12 00:00:00,175,2010-01-12 00:00:00,174,175,7,20100,3509875,2010-01-12 00:00:00,1
2010-01-13 00:00:00,2010-01-13 00:00:00,175,2010-01-13 00:00:00,174,174,2,200,34900,2010-01-13 00:00:00,1
2010-01-15 00:00:00,2010-01-15 00:00:00,175,2010-01-15 00:00:00,174,174.25,2,700,121900,2010-01-15 00:00:00,1
2010-01-20 00:00:00,2010-01-20 00:00:00,175,2010-01-20 00:00:00,174.25,174.25,3,300,52425,2010-01-20 00:00:00,1
2010-01-21 00:00:00,2010-01-21 00:00:00,174.25,2010-01-21 00:00:00,174.25,174.25,2,200,34850,2010-01-21 00:00:00,1
2010-02-01 00:00:00,2010-02-01 00:00:00,173.5,2010-02-01 00:00:00,173.5,173.5,1,100,17350,2010-02-01 00:00:00,1
2010-02-03 00:00:00,2010-02-03 00:00:00,180,2010-02-03 00:00:00,173.5,180,2,400,70700,2010-02-03 00:00:00,1
2010-02-05 00:00:00,2010-02-05 00:00:00,175,2010-02-05 00:00:00,175,175,1,500,87500,2010-02-05 00:00:00,1
2010-02-19 00:00:00,2010-02-19 00:00:00,175,2010-02-19 00:00:00,170,174,4,1200,208000,2010-02-19 00:00:00,1
2010-02-26 00:00:00,2010-02-26 00:00:00,185,2010-02-26 00:00:00,174,182,4,700,127400,2010-02-26 00:00:00,1
2010-03-01 00:00:00,2010-03-01 00:00:00,185,2010-03-01 00:00:00,182,184,5,2500,460100,2010-03-01 00:00:00,1
2010-03-02 00:00:00,2010-03-02 00:00:00,184,2010-03-02 00:00:00,184,184,1,100,18400,2010-03-02 00:00:00,1
2010-03-03 00:00:00,2010-03-03 00:00:00,180,2010-03-03 00:00:00,175,177.75,6,1700,300125,2010-03-03 00:00:00,1
2010-03-04 00:00:00,2010-03-04 00:00:00,180,2010-03-04 00:00:00,175,179,4,700,125250,2010-03-04 00:00:00,1
2010-03-05 00:00:00,2010-03-05 00:00:00,180,2010-03-05 00:00:00,178,178.25,2,1500,267400,2010-03-05 00:00:00,1
2010-03-08 00:00:00,2010-03-08 00:00:00,180,2010-03-08 00:00:00,179.75,180,3,600,107925,2010-03-08 00:00:00,1
2010-03-09 00:00:00,2010-03-09 00:00:00,179,2010-03-09 00:00:00,179,179,1,100,17900,2010-03-09 00:00:00,1
2010-03-12 00:00:00,2010-03-12 00:00:00,179.75,2010-03-12 00:00:00,179.75,179.75,2,200,35950,2010-03-12 00:00:00,1
2010-03-15 00:00:00,2010-03-15 00:00:00,179.75,2010-03-15 00:00:00,179.75,179.75,2,2000,359500,2010-03-15 00:00:00,1
2010-03-22 00:00:00,2010-03-22 00:00:00,179,2010-03-22 00:00:00,175,176.25,6,700,123300,2010-03-22 00:00:00,1
2010-04-06 00:00:00,2010-04-06 00:00:00,179.5,2010-04-06 00:00:00,178,178.25,2,1200,213900,2010-04-06 00:00:00,1
2010-04-07 00:00:00,2010-04-07 00:00:00,183.5,2010-04-07 00:00:00,183.5,183.5,1,500,91750,2010-04-07 00:00:00,1
2010-04-12 00:00:00,2010-04-12 00:00:00,183.5,2010-04-12 00:00:00,183.5,183.5,2,500,91750,2010-04-12 00:00:00,1
2010-04-16 00:00:00,2010-04-16 00:00:00,200,2010-04-16 00:00:00,183,193.25,3,500,96600,2010-04-16 00:00:00,1
2010-04-19 00:00:00,2010-04-19 00:00:00,202,2010-04-19 00:00:00,202,202,1,200,40400,2010-04-19 00:00:00,1
2010-04-20 00:00:00,2010-04-20 00:00:00,202,2010-04-20 00:00:00,161.25,200,6,600,116500,2010-04-20 00:00:00,1
2010-04-21 00:00:00,2010-04-21 00:00:00,189.25,2010-04-21 00:00:00,189,189,2,1100,207925,2010-04-21 00:00:00,1
2010-04-22 00:00:00,2010-04-22 00:00:00,201,2010-04-22 00:00:00,199,200.5,3,500,100275,2010-04-22 00:00:00,1
2010-04-23 00:00:00,2010-04-23 00:00:00,201,2010-04-23 00:00:00,199,199.25,2,1000,199200,2010-04-23 00:00:00,1
2010-04-26 00:00:00,2010-04-26 00:00:00,199.25,2010-04-26 00:00:00,199.25,199.25,2,200,39850,2010-04-26 00:00:00,1
2010-04-27 00:00:00,2010-04-27 00:00:00,200,2010-04-27 00:00:00,196,200,4,2300,455250,2010-04-27 00:00:00,1
2010-05-04 00:00:00,2010-05-04 00:00:00,190,2010-05-04 00:00:00,190,190,6,4000,760000,2010-05-04 00:00:00,1
2010-05-06 00:00:00,2010-05-06 00:00:00,200,2010-05-06 00:00:00,200,200,2,1200,240000,2010-05-06 00:00:00,1
2010-05-10 00:00:00,2010-05-10 00:00:00,206,2010-05-10 00:00:00,200,201,21,27300,5508500,2010-05-10 00:00:00,1
2010-05-13 00:00:00,2010-05-13 00:00:00,204,2010-05-13 00:00:00,201,203.5,2,500,101700,2010-05-13 00:00:00,1
2010-05-14 00:00:00,2010-05-14 00:00:00,217.5,2010-05-14 00:00:00,204,213.25,10,12400,2560100,2010-05-14 00:00:00,1
2010-05-17 00:00:00,2010-05-17 00:00:00,228,2010-05-17 00:00:00,220,225.75,7,2800,628550,2010-05-17 00:00:00,1
2010-05-18 00:00:00,2010-05-18 00:00:00,247,2010-05-18 00:00:00,230,234.25,21,10200,2390775,2010-05-18 00:00:00,1
2010-05-19 00:00:00,2010-05-19 00:00:00,245,2010-05-19 00:00:00,245,245,1,100,24500,2010-05-19 00:00:00,1
2010-05-21 00:00:00,2010-05-21 00:00:00,250,2010-05-21 00:00:00,220,220,4,600,139000,2010-05-21 00:00:00,1
2010-05-24 00:00:00,2010-05-24 00:00:00,220,2010-05-24 00:00:00,220,220,2,300,66000,2010-05-24 00:00:00,1
2010-05-25 00:00:00,2010-05-25 00:00:00,225,2010-05-25 00:00:00,205,225,6,253900,52068000,2010-05-25 00:00:00,1
2010-05-26 00:00:00,2010-05-26 00:00:00,240,2010-05-26 00:00:00,240,240,3,1800,432000,2010-05-26 00:00:00,1
2010-05-31 00:00:00,2010-05-31 00:00:00,250,2010-05-31 00:00:00,200,220.25,35,32200,6701150,2010-05-31 00:00:00,1
2010-06-01 00:00:00,2010-06-01 00:00:00,225,2010-06-01 00:00:00,224.5,224.5,3,1000,224750,2010-06-01 00:00:00,1
2010-06-03 00:00:00,2010-06-03 00:00:00,224,2010-06-03 00:00:00,208,216,2,400,86400,2010-06-03 00:00:00,1
2010-06-04 00:00:00,2010-06-04 00:00:00,224,2010-06-04 00:00:00,223.5,223.5,2,1100,245900,2010-06-04 00:00:00,1
2010-06-07 00:00:00,2010-06-07 00:00:00,240,2010-06-07 00:00:00,210,240,23,20700,4617900,2010-06-07 00:00:00,1
2010-06-08 00:00:00,2010-06-08 00:00:00,255,2010-06-08 00:00:00,239,250.75,22,140200,35152375,2010-06-08 00:00:00,1
2010-06-09 00:00:00,2010-06-09 00:00:00,260,2010-06-09 00:00:00,250,252.5,5,1600,409000,2010-06-09 00:00:00,1
2010-06-10 00:00:00,2010-06-10 00:00:00,260,2010-06-10 00:00:00,255,258,5,1000,258200,2010-06-10 00:00:00,1
2010-06-11 00:00:00,2010-06-11 00:00:00,270,2010-06-11 00:00:00,255,262.5,9,4900,1286000,2010-06-11 00:00:00,1
2010-06-14 00:00:00,2010-06-14 00:00:00,270,2010-06-14 00:00:00,265,269,2,500,134500,2010-06-14 00:00:00,1
2010-06-15 00:00:00,2010-06-15 00:00:00,274.5,2010-06-15 00:00:00,270,270,6,2100,567450,2010-06-15 00:00:00,1
2010-06-16 00:00:00,2010-06-16 00:00:00,275,2010-06-16 00:00:00,275,275,1,1300,357500,2010-06-16 00:00:00,1
2010-06-17 00:00:00,2010-06-17 00:00:00,270,2010-06-17 00:00:00,240,270,5,900,234000,2010-06-17 00:00:00,1
2010-06-29 00:00:00,2010-06-29 00:00:00,270,2010-06-29 00:00:00,255,260.5,9,11300,2942500,2010-06-29 00:00:00,1
2010-07-01 00:00:00,2010-07-01 00:00:00,262,2010-07-01 00:00:00,262,262,1,100,26200,2010-07-01 00:00:00,1
2010-07-02 00:00:00,2010-07-02 00:00:00,262,2010-07-02 00:00:00,262,262,1,100,26200,2010-07-02 00:00:00,1
2010-07-07 00:00:00,2010-07-07 00:00:00,250,2010-07-07 00:00:00,250,250,1,100,25000,2010-07-07 00:00:00,1
2010-07-13 00:00:00,2010-07-13 00:00:00,250,2010-07-13 00:00:00,231.25,247.25,4,700,173000,2010-07-13 00:00:00,1
2010-07-15 00:00:00,2010-07-15 00:00:00,250,2010-07-15 00:00:00,250,250,1,100,25000,2010-07-15 00:00:00,1
2010-07-23 00:00:00,2010-07-23 00:00:00,270,2010-07-23 00:00:00,251,270,3,800,210325,2010-07-23 00:00:00,1
2010-07-26 00:00:00,2010-07-26 00:00:00,250,2010-07-26 00:00:00,250,250,1,200,50000,2010-07-26 00:00:00,1
2010-07-28 00:00:00,2010-07-28 00:00:00,340,2010-07-28 00:00:00,270,312.75,77,16400,5167475,2010-07-28 00:00:00,1
2010-07-29 00:00:00,2010-07-29 00:00:00,370,2010-07-29 00:00:00,339,350,27,9000,3146100,2010-07-29 00:00:00,1
2010-07-30 00:00:00,2010-07-30 00:00:00,345,2010-07-30 00:00:00,330,330,7,3800,1270475,2010-07-30 00:00:00,1
2010-08-02 00:00:00,2010-08-02 00:00:00,344.9,2010-08-02 00:00:00,317,335.3,5,3600,1207990,2010-08-02 00:00:00,1
2010-08-03 00:00:00,2010-08-03 00:00:00,344.8,2010-08-03 00:00:00,325,325,3,300,99980,2010-08-03 00:00:00,1
2010-08-04 00:00:00,2010-08-04 00:00:00,340,2010-08-04 00:00:00,340,340,1,1000,340000,2010-08-04 00:00:00,1
2010-08-05 00:00:00,2010-08-05 00:00:00,340,2010-08-05 00:00:00,310,319.3,5,1600,513000,2010-08-05 00:00:00,1
2010-08-10 00:00:00,2010-08-10 00:00:00,325,2010-08-10 00:00:00,320,324.2,6,2100,681500,2010-08-10 00:00:00,1
2010-08-11 00:00:00,2010-08-11 00:00:00,325,2010-08-11 00:00:00,324.5,324.5,2,1100,357450,2010-08-11 00:00:00,1
2010-08-12 00:00:00,2010-08-12 00:00:00,321,2010-08-12 00:00:00,304.5,321,3,1100,351450,2010-08-12 00:00:00,1
2010-08-13 00:00:00,2010-08-13 00:00:00,321,2010-08-13 00:00:00,310,320.3,10,6600,2090510,2010-08-13 00:00:00,1
2010-08-16 00:00:00,2010-08-16 00:00:00,324,2010-08-16 00:00:00,320,321.4,6,3600,1157000,2010-08-16 00:00:00,1
2010-08-18 00:00:00,2010-08-18 00:00:00,324,2010-08-18 00:00:00,320,323,9,5900,1901300,2010-08-18 00:00:00,1
2010-08-19 00:00:00,2010-08-19 00:00:00,355.3,2010-08-19 00:00:00,323,353.8,27,25500,8492990,2010-08-19 00:00:00,1
2010-08-20 00:00:00,2010-08-20 00:00:00,355,2010-08-20 00:00:00,345,350,11,2400,842500,2010-08-20 00:00:00,1
2010-08-23 00:00:00,2010-08-23 00:00:00,360,2010-08-23 00:00:00,349.8,358,28,6900,2443480,2010-08-23 00:00:00,1
2010-08-25 00:00:00,2010-08-25 00:00:00,365,2010-08-25 00:00:00,350,355.2,17,3900,1393400,2010-08-25 00:00:00,1
2010-08-26 00:00:00,2010-08-26 00:00:00,355,2010-08-26 00:00:00,350,350.1,9,3100,1085800,2010-08-26 00:00:00,1
2010-08-27 00:00:00,2010-08-27 00:00:00,365,2010-08-27 00:00:00,362,363.6,4,800,291300,2010-08-27 00:00:00,1
2010-08-30 00:00:00,2010-08-30 00:00:00,367,2010-08-30 00:00:00,357,365.9,28,14800,5398890,2010-08-30 00:00:00,1
2010-08-31 00:00:00,2010-08-31 00:00:00,378,2010-08-31 00:00:00,360,370,18,3900,1437540,2010-08-31 00:00:00,1
2010-09-06 00:00:00,2010-09-06 00:00:00,200,2010-09-06 00:00:00,185,185.2,55,42400,7927540,2010-09-06 00:00:00,1
2010-09-07 00:00:00,2010-09-07 00:00:00,195,2010-09-07 00:00:00,186,188,18,16700,3139860,2010-09-07 00:00:00,1
2010-09-08 00:00:00,2010-09-08 00:00:00,192,2010-09-08 00:00:00,186,189.6,14,5000,941610,2010-09-08 00:00:00,1
2010-09-09 00:00:00,2010-09-09 00:00:00,189,2010-09-09 00:00:00,186,186.2,26,67800,12637310,2010-09-09 00:00:00,1
2010-09-13 00:00:00,2010-09-13 00:00:00,186,2010-09-13 00:00:00,185,185,21,46400,8589600,2010-09-13 00:00:00,1
2010-09-14 00:00:00,2010-09-14 00:00:00,180,2010-09-14 00:00:00,180,180,4,7400,1332000,2010-09-14 00:00:00,1
2010-09-15 00:00:00,2010-09-15 00:00:00,185,2010-09-15 00:00:00,180,184.7,4,3000,552270,2010-09-15 00:00:00,1
2010-09-16 00:00:00,2010-09-16 00:00:00,185.9,2010-09-16 00:00:00,180,181.9,27,27200,4908100,2010-09-16 00:00:00,1
2010-09-17 00:00:00,2010-09-17 00:00:00,190,2010-09-17 00:00:00,180,188,18,14700,2733560,2010-09-17 00:00:00,1
2010-09-20 00:00:00,2010-09-20 00:00:00,190,2010-09-20 00:00:00,181,185,22,12900,2395400,2010-09-20 00:00:00,1
2010-09-21 00:00:00,2010-09-21 00:00:00,190,2010-09-21 00:00:00,178,183.6,20,17100,3164190,2010-09-21 00:00:00,1
2010-09-23 00:00:00,2010-09-23 00:00:00,186,2010-09-23 00:00:00,180,184,22,44300,8144000,2010-09-23 00:00:00,1
2010-09-24 00:00:00,2010-09-24 00:00:00,210,2010-09-24 00:00:00,184,203.1,52,49100,9543090,2010-09-24 00:00:00,1
2010-09-27 00:00:00,2010-09-27 00:00:00,210,2010-09-27 00:00:00,194,200.3,21,6100,1242660,2010-09-27 00:00:00,1
2010-09-28 00:00:00,2010-09-28 00:00:00,200,2010-09-28 00:00:00,195,198.5,5,700,138970,2010-09-28 00:00:00,1
2010-09-29 00:00:00,2010-09-29 00:00:00,204.7,2010-09-29 00:00:00,196,200.4,11,2800,561050,2010-09-29 00:00:00,1
2010-09-30 00:00:00,2010-09-30 00:00:00,203,2010-09-30 00:00:00,195,199.8,25,25400,5075250,2010-09-30 00:00:00,1
2010-10-01 00:00:00,2010-10-01 00:00:00,210,2010-10-01 00:00:00,198,206.8,37,15500,3169560,2010-10-01 00:00:00,1
2010-10-04 00:00:00,2010-10-04 00:00:00,206.8,2010-10-04 00:00:00,190,203,13,4700,929490,2010-10-04 00:00:00,1
2010-10-05 00:00:00,2010-10-05 00:00:00,210,2010-10-05 00:00:00,200,201,4,600,121900,2010-10-05 00:00:00,1
2010-10-06 00:00:00,2010-10-06 00:00:00,195,2010-10-06 00:00:00,190,190.7,10,1700,323500,2010-10-06 00:00:00,1
2010-10-07 00:00:00,2010-10-07 00:00:00,195,2010-10-07 00:00:00,185,190.7,16,6500,1215950,2010-10-07 00:00:00,1
2010-10-08 00:00:00,2010-10-08 00:00:00,200,2010-10-08 00:00:00,180,191.2,31,8400,1563330,2010-10-08 00:00:00,1
2010-10-11 00:00:00,2010-10-11 00:00:00,203,2010-10-11 00:00:00,195,196.5,24,15500,3084280,2010-10-11 00:00:00,1
2010-10-12 00:00:00,2010-10-12 00:00:00,195,2010-10-12 00:00:00,185,189.1,11,1900,359500,2010-10-12 00:00:00,1
2010-10-13 00:00:00,2010-10-13 00:00:00,199,2010-10-13 00:00:00,170,199,4,1100,195300,2010-10-13 00:00:00,1
2010-10-14 00:00:00,2010-10-14 00:00:00,210,2010-10-14 00:00:00,195,199.8,16,4600,933830,2010-10-14 00:00:00,1
2010-10-15 00:00:00,2010-10-15 00:00:00,200,2010-10-15 00:00:00,190,200,4,1200,233000,2010-10-15 00:00:00,1
2010-10-18 00:00:00,2010-10-18 00:00:00,200,2010-10-18 00:00:00,186.1,186.1,2,300,58610,2010-10-18 00:00:00,1
2010-10-19 00:00:00,2010-10-19 00:00:00,199,2010-10-19 00:00:00,198,198.3,3,800,158600,2010-10-19 00:00:00,1
2010-10-20 00:00:00,2010-10-20 00:00:00,199,2010-10-20 00:00:00,197.2,197.2,7,1600,315700,2010-10-20 00:00:00,1
2010-10-21 00:00:00,2010-10-21 00:00:00,200,2010-10-21 00:00:00,186,198.6,13,3600,702960,2010-10-21 00:00:00,1
2010-10-25 00:00:00,2010-10-25 00:00:00,200,2010-10-25 00:00:00,187.1,199,6,1000,192060,2010-10-25 00:00:00,1
2010-10-26 00:00:00,2010-10-26 00:00:00,199,2010-10-26 00:00:00,189.5,197.3,5,800,156300,2010-10-26 00:00:00,1
2010-10-27 00:00:00,2010-10-27 00:00:00,202,2010-10-27 00:00:00,197.3,201.1,9,4900,985380,2010-10-27 00:00:00,1
2010-10-28 00:00:00,2010-10-28 00:00:00,204.9,2010-10-28 00:00:00,200,201.3,6,3100,624090,2010-10-28 00:00:00,1
2010-10-29 00:00:00,2010-10-29 00:00:00,205,2010-10-29 00:00:00,205,205,1,500,102500,2010-10-29 00:00:00,1
2010-11-01 00:00:00,2010-11-01 00:00:00,203,2010-11-01 00:00:00,203,203,1,400,81200,2010-11-01 00:00:00,1
2010-11-02 00:00:00,2010-11-02 00:00:00,205,2010-11-02 00:00:00,190,202.4,5,1400,283400,2010-11-02 00:00:00,1
2010-11-04 00:00:00,2010-11-04 00:00:00,199,2010-11-04 00:00:00,185.5,199,5,800,155560,2010-11-04 00:00:00,1
2010-11-08 00:00:00,2010-11-08 00:00:00,192,2010-11-08 00:00:00,189,190.1,6,1000,190050,2010-11-08 00:00:00,1
2010-11-18 00:00:00,2010-11-18 00:00:00,197,2010-11-18 00:00:00,196.9,197,2,400,78790,2010-11-18 00:00:00,1
2010-11-23 00:00:00,2010-11-23 00:00:00,195,2010-11-23 00:00:00,195,195,1,100,19500,2010-11-23 00:00:00,1
2010-11-24 00:00:00,2010-11-24 00:00:00,195,2010-11-24 00:00:00,190,191.9,5,1600,307000,2010-11-24 00:00:00,1
2010-11-25 00:00:00,2010-11-25 00:00:00,190,2010-11-25 00:00:00,187,187,3,400,75700,2010-11-25 00:00:00,1
2010-11-26 00:00:00,2010-11-26 00:00:00,188.5,2010-11-26 00:00:00,188.5,188.5,1,100,18850,2010-11-26 00:00:00,1
2010-11-29 00:00:00,2010-11-29 00:00:00,185,2010-11-29 00:00:00,185,185,2,200,37000,2010-11-29 00:00:00,1
2010-11-30 00:00:00,2010-11-30 00:00:00,185,2010-11-30 00:00:00,185,185,1,1700,314500,2010-11-30 00:00:00,1
2010-12-01 00:00:00,2010-12-01 00:00:00,182,2010-12-01 00:00:00,182,182,2,600,109200,2010-12-01 00:00:00,1
2010-12-03 00:00:00,2010-12-03 00:00:00,199,2010-12-03 00:00:00,186.9,199,4,1100,217650,2010-12-03 00:00:00,1
2010-12-10 00:00:00,2010-12-10 00:00:00,189.9,2010-12-10 00:00:00,185,185.9,3,800,148690,2010-12-10 00:00:00,1
2010-12-13 00:00:00,2010-12-13 00:00:00,188.9,2010-12-13 00:00:00,185,186.2,3,400,74490,2010-12-13 00:00:00,1
2010-12-17 00:00:00,2010-12-17 00:00:00,181,2010-12-17 00:00:00,181,181,1,100,18100,2010-12-17 00:00:00,1
2010-12-21 00:00:00,2010-12-21 00:00:00,180.5,2010-12-21 00:00:00,165,166.4,39,14000,2339430,2010-12-21 00:00:00,1
2010-12-22 00:00:00,2010-12-22 00:00:00,175,2010-12-22 00:00:00,167,171.4,11,5200,882430,2010-12-22 00:00:00,1
2010-12-23 00:00:00,2010-12-23 00:00:00,185.1,2010-12-23 00:00:00,178,184.5,12,1700,307230,2010-12-23 00:00:00,1
2010-12-24 00:00:00,2010-12-24 00:00:00,192,2010-12-24 00:00:00,189,191.5,5,2700,515690,2010-12-24 00:00:00,1
2010-12-28 00:00:00,2010-12-28 00:00:00,195,2010-12-28 00:00:00,195,195,2,200,39000,2010-12-28 00:00:00,1
2010-12-29 00:00:00,2010-12-29 00:00:00,197,2010-12-29 00:00:00,195,196.3,5,1500,294500,2010-12-29 00:00:00,1
2010-12-30 00:00:00,2010-12-30 00:00:00,190,2010-12-30 00:00:00,190,190,1,400,76000,2010-12-30 00:00:00,1
2010-12-31 00:00:00,2010-12-31 00:00:00,197,2010-12-31 00:00:00,189.8,197,7,4600,878850,2010-12-31 00:00:00,1
Company Id,:  TSML,Security,Type :  N,Sub Type,:  0000,,,,,
Short Name,:  TEA SMALLHOLDER,,,,,,,,,
Day,Date High,High,Date Low,Low,Closing,No. of Trades,No. of Shares,Turnover,Last Traded,Days Traded
2010-01-05 00:00:00,2010-01-05 00:00:00,139.75,2010-01-05 00:00:00,139.75,139.75,3,900,125775,2010-01-05 00:00:00,1
2010-01-08 00:00:00,2010-01-08 00:00:00,134,2010-01-08 00:00:00,134,134,7,9200,1232800,2010-01-08 00:00:00,1
2010-01-12 00:00:00,2010-01-12 00:00:00,130.5,2010-01-12 00:00:00,130,130.25,4,2000,260500,2010-01-12 00:00:00,1
2010-01-13 00:00:00,2010-01-13 00:00:00,140,2010-01-13 00:00:00,130,140,10,5000,656900,2010-01-13 00:00:00,1
2010-01-19 00:00:00,2010-01-19 00:00:00,138,2010-01-19 00:00:00,135,135.25,2,1100,148800,2010-01-19 00:00:00,1
2010-01-21 00:00:00,2010-01-21 00:00:00,135,2010-01-21 00:00:00,135,135,3,2800,378000,2010-01-21 00:00:00,1
2010-01-22 00:00:00,2010-01-22 00:00:00,139,2010-01-22 00:00:00,135,135.25,6,1900,257575,2010-01-22 00:00:00,1
2010-01-25 00:00:00,2010-01-25 00:00:00,136.25,2010-01-25 00:00:00,135.25,135.75,2,200,27150,2010-01-25 00:00:00,1
2010-01-26 00:00:00,2010-01-26 00:00:00,139,2010-01-26 00:00:00,139,139,1,200,27800,2010-01-26 00:00:00,1
2010-01-28 00:00:00,2010-01-28 00:00:00,135.25,2010-01-28 00:00:00,135.25,135.25,4,1000,135250,2010-01-28 00:00:00,1
2010-02-01 00:00:00,2010-02-01 00:00:00,140,2010-02-01 00:00:00,139.5,140,5,1200,167850,2010-02-01 00:00:00,1
2010-02-02 00:00:00,2010-02-02 00:00:00,141.75,2010-02-02 00:00:00,140,141.75,8,2400,336325,2010-02-02 00:00:00,1
2010-02-03 00:00:00,2010-02-03 00:00:00,150,2010-02-03 00:00:00,140,147.25,46,81300,11548500,2010-02-03 00:00:00,1
2010-02-05 00:00:00,2010-02-05 00:00:00,145,2010-02-05 00:00:00,145,145,1,1000,145000,2010-02-05 00:00:00,1
2010-02-08 00:00:00,2010-02-08 00:00:00,152,2010-02-08 00:00:00,151.5,151.75,5,1800,273275,2010-02-08 00:00:00,1
2010-02-09 00:00:00,2010-02-09 00:00:00,147,2010-02-09 00:00:00,145.25,145.25,4,3600,528325,2010-02-09 00:00:00,1
2010-02-10 00:00:00,2010-02-10 00:00:00,145,2010-02-10 00:00:00,144.75,144.75,2,300,43475,2010-02-10 00:00:00,1
2010-02-11 00:00:00,2010-02-11 00:00:00,149.75,2010-02-11 00:00:00,142.5,142.5,4,2800,410150,2010-02-11 00:00:00,1
2010-02-12 00:00:00,2010-02-12 00:00:00,142.5,2010-02-12 00:00:00,142.5,142.5,1,800,114000,2010-02-12 00:00:00,1
2010-02-15 00:00:00,2010-02-15 00:00:00,142.5,2010-02-15 00:00:00,142.5,142.5,2,2500,356250,2010-02-15 00:00:00,1
2010-02-16 00:00:00,2010-02-16 00:00:00,142,2010-02-16 00:00:00,142,142,1,100,14200,2010-02-16 00:00:00,1
2010-02-18 00:00:00,2010-02-18 00:00:00,150,2010-02-18 00:00:00,145,149.5,16,19100,2856500,2010-02-18 00:00:00,1
2010-02-19 00:00:00,2010-02-19 00:00:00,151.75,2010-02-19 00:00:00,150,151,7,900,135275,2010-02-19 00:00:00,1
2010-02-22 00:00:00,2010-02-22 00:00:00,151,2010-02-22 00:00:00,151,151,1,900,135900,2010-02-22 00:00:00,1
2010-02-23 00:00:00,2010-02-23 00:00:00,156.75,2010-02-23 00:00:00,151,152.25,13,2500,378675,2010-02-23 00:00:00,1
2010-02-24 00:00:00,2010-02-24 00:00:00,152.25,2010-02-24 00:00:00,152.25,152.25,1,100,15225,2010-02-24 00:00:00,1
2010-02-25 00:00:00,2010-02-25 00:00:00,152.25,2010-02-25 00:00:00,152.25,152.25,1,100,15225,2010-02-25 00:00:00,1
2010-02-26 00:00:00,2010-02-26 00:00:00,154.5,2010-02-26 00:00:00,154.5,154.5,1,100,15450,2010-02-26 00:00:00,1
2010-03-01 00:00:00,2010-03-01 00:00:00,145,2010-03-01 00:00:00,145,145,2,200,29000,2010-03-01 00:00:00,1
2010-03-03 00:00:00,2010-03-03 00:00:00,145.5,2010-03-03 00:00:00,145,145,7,3900,565775,2010-03-03 00:00:00,1
2010-03-04 00:00:00,2010-03-04 00:00:00,145,2010-03-04 00:00:00,145,145,1,400,58000,2010-03-04 00:00:00,1
2010-03-11 00:00:00,2010-03-11 00:00:00,150,2010-03-11 00:00:00,150,150,5,2100,315000,2010-03-11 00:00:00,1
2010-03-17 00:00:00,2010-03-17 00:00:00,148,2010-03-17 00:00:00,148,148,1,1000,148000,2010-03-17 00:00:00,1
2010-03-18 00:00:00,2010-03-18 00:00:00,146,2010-03-18 00:00:00,146,146,1,100,14600,2010-03-18 00:00:00,1
2010-03-19 00:00:00,2010-03-19 00:00:00,152,2010-03-19 00:00:00,148,150,19,47600,7231400,2010-03-19 00:00:00,1
2010-03-22 00:00:00,2010-03-22 00:00:00,150,2010-03-22 00:00:00,150,150,2,2000,300000,2010-03-22 00:00:00,1
2010-03-23 00:00:00,2010-03-23 00:00:00,150,2010-03-23 00:00:00,145,150,5,11900,1784500,2010-03-23 00:00:00,1
2010-03-24 00:00:00,2010-03-24 00:00:00,150,2010-03-24 00:00:00,150,150,4,1400,210000,2010-03-24 00:00:00,1
2010-03-25 00:00:00,2010-03-25 00:00:00,150,2010-03-25 00:00:00,150,150,4,2600,390000,2010-03-25 00:00:00,1
2010-03-26 00:00:00,2010-03-26 00:00:00,150,2010-03-26 00:00:00,150,150,1,1000,150000,2010-03-26 00:00:00,1
2010-03-31 00:00:00,2010-03-31 00:00:00,150,2010-03-31 00:00:00,150,150,1,100,15000,2010-03-31 00:00:00,1
2010-04-01 00:00:00,2010-04-01 00:00:00,150,2010-04-01 00:00:00,150,150,1,100,15000,2010-04-01 00:00:00,1
2010-04-06 00:00:00,2010-04-06 00:00:00,153,2010-04-06 00:00:00,150,153,2,300,45300,2010-04-06 00:00:00,1
2010-04-12 00:00:00,2010-04-12 00:00:00,154.75,2010-04-12 00:00:00,154,154,2,1100,169475,2010-04-12 00:00:00,1
2010-04-20 00:00:00,2010-04-20 00:00:00,154,2010-04-20 00:00:00,154,154,1,100,15400,2010-04-20 00:00:00,1
2010-04-21 00:00:00,2010-04-21 00:00:00,154,2010-04-21 00:00:00,154,154,1,100,15400,2010-04-21 00:00:00,1
2010-04-22 00:00:00,2010-04-22 00:00:00,150,2010-04-22 00:00:00,150,150,2,200,30000,2010-04-22 00:00:00,1
2010-04-26 00:00:00,2010-04-26 00:00:00,150.25,2010-04-26 00:00:00,150,150.25,3,1500,225250,2010-04-26 00:00:00,1
2010-04-27 00:00:00,2010-04-27 00:00:00,150,2010-04-27 00:00:00,150,150,1,100,15000,2010-04-27 00:00:00,1
2010-04-29 00:00:00,2010-04-29 00:00:00,150,2010-04-29 00:00:00,150,150,1,200,30000,2010-04-29 00:00:00,1
2010-04-30 00:00:00,2010-04-30 00:00:00,160,2010-04-30 00:00:00,160,160,1,100,16000,2010-04-30 00:00:00,1
2010-05-03 00:00:00,2010-05-03 00:00:00,160,2010-05-03 00:00:00,160,160,3,1500,240000,2010-05-03 00:00:00,1
2010-05-04 00:00:00,2010-05-04 00:00:00,160,2010-05-04 00:00:00,160,160,3,1500,240000,2010-05-04 00:00:00,1
2010-05-05 00:00:00,2010-05-05 00:00:00,152.25,2010-05-05 00:00:00,152.25,152.25,1,100,15225,2010-05-05 00:00:00,1
2010-05-07 00:00:00,2010-05-07 00:00:00,152.25,2010-05-07 00:00:00,152,152,3,1400,212900,2010-05-07 00:00:00,1
2010-05-11 00:00:00,2010-05-11 00:00:00,152,2010-05-11 00:00:00,150,150.75,4,2600,392000,2010-05-11 00:00:00,1
2010-05-19 00:00:00,2010-05-19 00:00:00,155,2010-05-19 00:00:00,155,155,2,200,31000,2010-05-19 00:00:00,1
2010-05-21 00:00:00,2010-05-21 00:00:00,152,2010-05-21 00:00:00,152,152,1,300,45600,2010-05-21 00:00:00,1
2010-05-31 00:00:00,2010-05-31 00:00:00,156.75,2010-05-31 00:00:00,154.75,155.25,6,1900,294400,2010-05-31 00:00:00,1
2010-06-01 00:00:00,2010-06-01 00:00:00,162,2010-06-01 00:00:00,160,160,13,15300,2448375,2010-06-01 00:00:00,1
2010-06-02 00:00:00,2010-06-02 00:00:00,162,2010-06-02 00:00:00,161,161.5,5,2400,387800,2010-06-02 00:00:00,1
2010-06-04 00:00:00,2010-06-04 00:00:00,161.5,2010-06-04 00:00:00,161.5,161.5,1,100,16150,2010-06-04 00:00:00,1
2010-06-07 00:00:00,2010-06-07 00:00:00,162,2010-06-07 00:00:00,160,160,3,1200,192200,2010-06-07 00:00:00,1
2010-06-08 00:00:00,2010-06-08 00:00:00,160,2010-06-08 00:00:00,160,160,9,3200,512000,2010-06-08 00:00:00,1
2010-06-09 00:00:00,2010-06-09 00:00:00,160,2010-06-09 00:00:00,159,160,5,1300,206800,2010-06-09 00:00:00,1
2010-06-10 00:00:00,2010-06-10 00:00:00,160,2010-06-10 00:00:00,159,160,7,3600,575900,2010-06-10 00:00:00,1
2010-06-11 00:00:00,2010-06-11 00:00:00,160.25,2010-06-11 00:00:00,160,160.25,2,1100,176250,2010-06-11 00:00:00,1
2010-06-15 00:00:00,2010-06-15 00:00:00,160,2010-06-15 00:00:00,160,160,3,1500,240000,2010-06-15 00:00:00,1
2010-06-16 00:00:00,2010-06-16 00:00:00,160,2010-06-16 00:00:00,160,160,5,800,128000,2010-06-16 00:00:00,1
2010-06-17 00:00:00,2010-06-17 00:00:00,160,2010-06-17 00:00:00,160,160,1,700,112000,2010-06-17 00:00:00,1
2010-06-21 00:00:00,2010-06-21 00:00:00,160.25,2010-06-21 00:00:00,160.25,160.25,1,100,16025,2010-06-21 00:00:00,1
2010-06-22 00:00:00,2010-06-22 00:00:00,160.25,2010-06-22 00:00:00,160.25,160.25,1,500,80125,2010-06-22 00:00:00,1
2010-06-23 00:00:00,2010-06-23 00:00:00,160.25,2010-06-23 00:00:00,160.25,160.25,1,500,80125,2010-06-23 00:00:00,1
2010-06-29 00:00:00,2010-06-29 00:00:00,160.25,2010-06-29 00:00:00,160.25,160.25,1,1100,176275,2010-06-29 00:00:00,1
2010-07-01 00:00:00,2010-07-01 00:00:00,160.5,2010-07-01 00:00:00,160.5,160.5,1,100,16050,2010-07-01 00:00:00,1
2010-07-05 00:00:00,2010-07-05 00:00:00,170,2010-07-05 00:00:00,162,162,3,1400,236575,2010-07-05 00:00:00,1
2010-07-06 00:00:00,2010-07-06 00:00:00,170,2010-07-06 00:00:00,168,170,3,21300,3619000,2010-07-06 00:00:00,1
2010-07-07 00:00:00,2010-07-07 00:00:00,162,2010-07-07 00:00:00,162,162,1,1400,226800,2010-07-07 00:00:00,1
2010-07-09 00:00:00,2010-07-09 00:00:00,165,2010-07-09 00:00:00,160,162.5,4,1300,210000,2010-07-09 00:00:00,1
2010-07-12 00:00:00,2010-07-12 00:00:00,160,2010-07-12 00:00:00,160,160,1,300,48000,2010-07-12 00:00:00,1
2010-07-13 00:00:00,2010-07-13 00:00:00,165,2010-07-13 00:00:00,160.25,165,2,1500,245125,2010-07-13 00:00:00,1
2010-07-20 00:00:00,2010-07-20 00:00:00,160,2010-07-20 00:00:00,160,160,1,500,80000,2010-07-20 00:00:00,1
2010-07-21 00:00:00,2010-07-21 00:00:00,161,2010-07-21 00:00:00,161,161,1,200,32200,2010-07-21 00:00:00,1
2010-07-22 00:00:00,2010-07-22 00:00:00,166,2010-07-22 00:00:00,165,165.5,4,2300,380400,2010-07-22 00:00:00,1
2010-07-23 00:00:00,2010-07-23 00:00:00,165,2010-07-23 00:00:00,165,165,1,100,16500,2010-07-23 00:00:00,1
2010-07-26 00:00:00,2010-07-26 00:00:00,165,2010-07-26 00:00:00,163.5,164.25,3,1200,197100,2010-07-26 00:00:00,1
2010-07-28 00:00:00,2010-07-28 00:00:00,170,2010-07-28 00:00:00,170,170,1,500,85000,2010-07-28 00:00:00,1
2010-07-29 00:00:00,2010-07-29 00:00:00,178,2010-07-29 00:00:00,178,178,2,3100,551800,2010-07-29 00:00:00,1
2010-07-30 00:00:00,2010-07-30 00:00:00,180,2010-07-30 00:00:00,180,180,1,1500,270000,2010-07-30 00:00:00,1
2010-08-02 00:00:00,2010-08-02 00:00:00,202,2010-08-02 00:00:00,190,199.7,13,4900,978600,2010-08-02 00:00:00,1
2010-08-03 00:00:00,2010-08-03 00:00:00,210,2010-08-03 00:00:00,205,205.1,10,13400,2748000,2010-08-03 00:00:00,1
2010-08-04 00:00:00,2010-08-04 00:00:00,220,2010-08-04 00:00:00,209,210.2,5,10100,2122900,2010-08-04 00:00:00,1
2010-08-05 00:00:00,2010-08-05 00:00:00,220,2010-08-05 00:00:00,200,205.7,2,700,144000,2010-08-05 00:00:00,1
2010-08-06 00:00:00,2010-08-06 00:00:00,200,2010-08-06 00:00:00,200,200,1,100,20000,2010-08-06 00:00:00,1
2010-08-09 00:00:00,2010-08-09 00:00:00,181,2010-08-09 00:00:00,181,181,1,100,18100,2010-08-09 00:00:00,1
2010-08-10 00:00:00,2010-08-10 00:00:00,180,2010-08-10 00:00:00,180,180,2,700,126000,2010-08-10 00:00:00,1
2010-08-11 00:00:00,2010-08-11 00:00:00,185,2010-08-11 00:00:00,185,185,1,400,74000,2010-08-11 00:00:00,1
2010-08-12 00:00:00,2010-08-12 00:00:00,186.1,2010-08-12 00:00:00,186,186,3,700,130220,2010-08-12 00:00:00,1
2010-08-17 00:00:00,2010-08-17 00:00:00,203,2010-08-17 00:00:00,195,200,5,800,159900,2010-08-17 00:00:00,1
2010-08-18 00:00:00,2010-08-18 00:00:00,220,2010-08-18 00:00:00,210,220,8,2600,565970,2010-08-18 00:00:00,1
2010-08-19 00:00:00,2010-08-19 00:00:00,235,2010-08-19 00:00:00,230,230.6,13,4900,1127700,2010-08-19 00:00:00,1
2010-08-20 00:00:00,2010-08-20 00:00:00,240,2010-08-20 00:00:00,240,240,1,100,24000,2010-08-20 00:00:00,1
2010-08-25 00:00:00,2010-08-25 00:00:00,220,2010-08-25 00:00:00,220,220,4,1400,308000,2010-08-25 00:00:00,1
2010-08-26 00:00:00,2010-08-26 00:00:00,221,2010-08-26 00:00:00,221,221,3,400,88400,2010-08-26 00:00:00,1
2010-09-02 00:00:00,2010-09-02 00:00:00,221,2010-09-02 00:00:00,221,221,4,3100,685100,2010-09-02 00:00:00,1
2010-09-06 00:00:00,2010-09-06 00:00:00,221,2010-09-06 00:00:00,221,221,1,1200,265200,2010-09-06 00:00:00,1
2010-09-07 00:00:00,2010-09-07 00:00:00,240,2010-09-07 00:00:00,240,240,1,100,24000,2010-09-07 00:00:00,1
2010-09-08 00:00:00,2010-09-08 00:00:00,240,2010-09-08 00:00:00,240,240,2,2100,504000,2010-09-08 00:00:00,1
2010-09-13 00:00:00,2010-09-13 00:00:00,220,2010-09-13 00:00:00,220,220,1,100,22000,2010-09-13 00:00:00,1
2010-09-14 00:00:00,2010-09-14 00:00:00,222,2010-09-14 00:00:00,222,222,5,1500,333000,2010-09-14 00:00:00,1
2010-09-16 00:00:00,2010-09-16 00:00:00,239,2010-09-16 00:00:00,221,239,2,1600,355400,2010-09-16 00:00:00,1
2010-09-17 00:00:00,2010-09-17 00:00:00,250,2010-09-17 00:00:00,235,250,5,4200,1011000,2010-09-17 00:00:00,1
2010-09-20 00:00:00,2010-09-20 00:00:00,250,2010-09-20 00:00:00,250,250,1,100,25000,2010-09-20 00:00:00,1
2010-09-21 00:00:00,2010-09-21 00:00:00,273,2010-09-21 00:00:00,250,264.3,4,1800,475800,2010-09-21 00:00:00,1
2010-09-24 00:00:00,2010-09-24 00:00:00,240,2010-09-24 00:00:00,240,240,1,2000,480000,2010-09-24 00:00:00,1
2010-09-27 00:00:00,2010-09-27 00:00:00,240,2010-09-27 00:00:00,240,240,1,2000,480000,2010-09-27 00:00:00,1
2010-09-28 00:00:00,2010-09-28 00:00:00,265,2010-09-28 00:00:00,250,265,6,3000,793500,2010-09-28 00:00:00,1
2010-09-30 00:00:00,2010-09-30 00:00:00,260,2010-09-30 00:00:00,260,260,2,1200,312000,2010-09-30 00:00:00,1
2010-10-05 00:00:00,2010-10-05 00:00:00,242,2010-10-05 00:00:00,242,242,2,200,48400,2010-10-05 00:00:00,1
2010-10-07 00:00:00,2010-10-07 00:00:00,240,2010-10-07 00:00:00,240,240,2,400,96000,2010-10-07 00:00:00,1
2010-10-25 00:00:00,2010-10-25 00:00:00,195,2010-10-25 00:00:00,195,195,1,2000,390000,2010-10-25 00:00:00,1
2010-11-08 00:00:00,2010-11-08 00:00:00,195,2010-11-08 00:00:00,195,195,1,100,19500,2010-11-08 00:00:00,1
2010-11-09 00:00:00,2010-11-09 00:00:00,300,2010-11-09 00:00:00,260,263.6,2,1100,290000,2010-11-09 00:00:00,1
2010-11-12 00:00:00,2010-11-12 00:00:00,255,2010-11-12 00:00:00,255,255,1,100,25500,2010-11-12 00:00:00,1
Company Id,:  TWOD,Security,Type :  N,Sub Type,:  0000,,,,,
Short Name,:  TOUCHWOOD,,,,,,,,,
Day,Date High,High,Date Low,Low,Closing,No. of Trades,No. of Shares,Turnover,Last Traded,Days Traded
2010-01-04 00:00:00,2010-01-04 00:00:00,87,2010-01-04 00:00:00,85.25,85.75,14,3100,266700,2010-01-04 00:00:00,1
2010-01-05 00:00:00,2010-01-05 00:00:00,100,2010-01-05 00:00:00,86.75,95,435,1552300,163793625,2010-01-05 00:00:00,1
2010-01-06 00:00:00,2010-01-06 00:00:00,100.75,2010-01-06 00:00:00,92,93.25,282,167400,16125675,2010-01-06 00:00:00,1
2010-01-07 00:00:00,2010-01-07 00:00:00,95,2010-01-07 00:00:00,91,92,50,21200,1950400,2010-01-07 00:00:00,1
2010-01-08 00:00:00,2010-01-08 00:00:00,95,2010-01-08 00:00:00,92,93.75,45,20000,1878625,2010-01-08 00:00:00,1
2010-01-11 00:00:00,2010-01-11 00:00:00,94.75,2010-01-11 00:00:00,93,94,62,38300,3604450,2010-01-11 00:00:00,1
2010-01-12 00:00:00,2010-01-12 00:00:00,98.25,2010-01-12 00:00:00,91,95.75,384,323700,30712750,2010-01-12 00:00:00,1
2010-01-13 00:00:00,2010-01-13 00:00:00,104.75,2010-01-13 00:00:00,95.75,98.25,723,605200,61012300,2010-01-13 00:00:00,1
2010-01-15 00:00:00,2010-01-15 00:00:00,104,2010-01-15 00:00:00,97,97.5,148,94800,9481475,2010-01-15 00:00:00,1
2010-01-18 00:00:00,2010-01-18 00:00:00,102,2010-01-18 00:00:00,95.25,95.5,63,40600,3953825,2010-01-18 00:00:00,1
2010-01-19 00:00:00,2010-01-19 00:00:00,96,2010-01-19 00:00:00,91.25,91.5,76,47300,4374650,2010-01-19 00:00:00,1
2010-01-20 00:00:00,2010-01-20 00:00:00,96.75,2010-01-20 00:00:00,92,95.25,42,19400,1839675,2010-01-20 00:00:00,1
2010-01-21 00:00:00,2010-01-21 00:00:00,97.5,2010-01-21 00:00:00,93.25,95.5,52,19900,1909850,2010-01-21 00:00:00,1
2010-01-22 00:00:00,2010-01-22 00:00:00,95.5,2010-01-22 00:00:00,93,93.25,28,27900,2599375,2010-01-22 00:00:00,1
2010-01-25 00:00:00,2010-01-25 00:00:00,118,2010-01-25 00:00:00,92.75,112.5,2494,2224500,240567550,2010-01-25 00:00:00,1
2010-01-26 00:00:00,2010-01-26 00:00:00,118.75,2010-01-26 00:00:00,113.25,115,904,937700,108455200,2010-01-26 00:00:00,1
2010-01-28 00:00:00,2010-01-28 00:00:00,117.25,2010-01-28 00:00:00,110,116.25,435,441900,50839225,2010-01-28 00:00:00,1
2010-02-01 00:00:00,2010-02-01 00:00:00,118,2010-02-01 00:00:00,108,111.25,216,130100,14710050,2010-02-01 00:00:00,1
2010-02-02 00:00:00,2010-02-02 00:00:00,112.5,2010-02-02 00:00:00,106.5,109.25,231,116700,12762450,2010-02-02 00:00:00,1
2010-02-03 00:00:00,2010-02-03 00:00:00,110.25,2010-02-03 00:00:00,107,107.25,75,42900,4674325,2010-02-03 00:00:00,1
2010-02-05 00:00:00,2010-02-05 00:00:00,108.75,2010-02-05 00:00:00,103,104,159,79000,8321300,2010-02-05 00:00:00,1
2010-02-08 00:00:00,2010-02-08 00:00:00,117.5,2010-02-08 00:00:00,105,113,599,499700,57214700,2010-02-08 00:00:00,1
2010-02-09 00:00:00,2010-02-09 00:00:00,137,2010-02-09 00:00:00,112,125.25,1660,2332200,289446050,2010-02-09 00:00:00,1
2010-02-10 00:00:00,2010-02-10 00:00:00,165,2010-02-10 00:00:00,142,147.5,2720,2783200,430006900,2010-02-10 00:00:00,1
2010-02-11 00:00:00,2010-02-11 00:00:00,146,2010-02-11 00:00:00,130,131.25,1045,813100,110566525,2010-02-11 00:00:00,1
2010-02-12 00:00:00,2010-02-12 00:00:00,132,2010-02-12 00:00:00,120.5,127,437,247300,31185925,2010-02-12 00:00:00,1
2010-02-15 00:00:00,2010-02-15 00:00:00,130,2010-02-15 00:00:00,120,122,342,200500,24411600,2010-02-15 00:00:00,1
2010-02-16 00:00:00,2010-02-16 00:00:00,126,2010-02-16 00:00:00,118,118.75,198,113800,13710600,2010-02-16 00:00:00,1
2010-02-17 00:00:00,2010-02-17 00:00:00,137,2010-02-17 00:00:00,119,132.5,1250,827800,108487875,2010-02-17 00:00:00,1
2010-02-18 00:00:00,2010-02-18 00:00:00,143,2010-02-18 00:00:00,128,130.25,859,584100,79793850,2010-02-18 00:00:00,1
2010-02-19 00:00:00,2010-02-19 00:00:00,136.75,2010-02-19 00:00:00,127,132.75,388,318700,42223200,2010-02-19 00:00:00,1
2010-02-22 00:00:00,2010-02-22 00:00:00,139,2010-02-22 00:00:00,132,133.25,257,167600,22789900,2010-02-22 00:00:00,1
2010-02-23 00:00:00,2010-02-23 00:00:00,136,2010-02-23 00:00:00,131.5,132,158,98600,13199875,2010-02-23 00:00:00,1
2010-02-24 00:00:00,2010-02-24 00:00:00,134,2010-02-24 00:00:00,130,132,143,64200,8390200,2010-02-24 00:00:00,1
2010-02-25 00:00:00,2010-02-25 00:00:00,135.5,2010-02-25 00:00:00,129.25,130,202,94600,12433175,2010-02-25 00:00:00,1
2010-02-26 00:00:00,2010-02-26 00:00:00,134,2010-02-26 00:00:00,130,131.25,48,36000,4717525,2010-02-26 00:00:00,1
2010-03-01 00:00:00,2010-03-01 00:00:00,131.75,2010-03-01 00:00:00,128.5,129,67,30300,3922725,2010-03-01 00:00:00,1
2010-03-02 00:00:00,2010-03-02 00:00:00,130,2010-03-02 00:00:00,125,126.75,92,31300,4000400,2010-03-02 00:00:00,1
2010-03-03 00:00:00,2010-03-03 00:00:00,129,2010-03-03 00:00:00,120,124,177,98000,12021225,2010-03-03 00:00:00,1
2010-03-04 00:00:00,2010-03-04 00:00:00,127,2010-03-04 00:00:00,120.25,122.75,67,17900,2198175,2010-03-04 00:00:00,1
2010-03-05 00:00:00,2010-03-05 00:00:00,127.75,2010-03-05 00:00:00,123.75,124,71,24600,3078650,2010-03-05 00:00:00,1
2010-03-08 00:00:00,2010-03-08 00:00:00,125,2010-03-08 00:00:00,122,123,42,20600,2542625,2010-03-08 00:00:00,1
2010-03-09 00:00:00,2010-03-09 00:00:00,124,2010-03-09 00:00:00,101,111.5,782,489300,55225825,2010-03-09 00:00:00,1
2010-03-10 00:00:00,2010-03-10 00:00:00,117.5,2010-03-10 00:00:00,102,116,721,460800,53019925,2010-03-10 00:00:00,1
2010-03-11 00:00:00,2010-03-11 00:00:00,119.25,2010-03-11 00:00:00,112.25,113.5,132,55600,6439125,2010-03-11 00:00:00,1
2010-03-12 00:00:00,2010-03-12 00:00:00,116,2010-03-12 00:00:00,112.5,112.75,69,30800,3506725,2010-03-12 00:00:00,1
2010-03-15 00:00:00,2010-03-15 00:00:00,113,2010-03-15 00:00:00,109,109.5,72,35900,3960650,2010-03-15 00:00:00,1
2010-03-16 00:00:00,2010-03-16 00:00:00,109.5,2010-03-16 00:00:00,104.5,105.5,106,38000,4021450,2010-03-16 00:00:00,1
2010-03-17 00:00:00,2010-03-17 00:00:00,107,2010-03-17 00:00:00,103.5,105,103,39600,4153825,2010-03-17 00:00:00,1
2010-03-18 00:00:00,2010-03-18 00:00:00,107,2010-03-18 00:00:00,103.75,104,41,13000,1367775,2010-03-18 00:00:00,1
2010-03-19 00:00:00,2010-03-19 00:00:00,105,2010-03-19 00:00:00,101.25,102,63,18500,1894300,2010-03-19 00:00:00,1
2010-03-22 00:00:00,2010-03-22 00:00:00,102.5,2010-03-22 00:00:00,100,101,78,35500,3557650,2010-03-22 00:00:00,1
2010-03-23 00:00:00,2010-03-23 00:00:00,101,2010-03-23 00:00:00,100,100.5,53,24800,2483725,2010-03-23 00:00:00,1
2010-03-24 00:00:00,2010-03-24 00:00:00,106.25,2010-03-24 00:00:00,100,105.25,280,109400,11431400,2010-03-24 00:00:00,1
2010-03-25 00:00:00,2010-03-25 00:00:00,103,2010-03-25 00:00:00,102,102.25,28,8200,839150,2010-03-25 00:00:00,1
2010-03-26 00:00:00,2010-03-26 00:00:00,105,2010-03-26 00:00:00,102.25,104.25,83,44000,4564300,2010-03-26 00:00:00,1
2010-03-30 00:00:00,2010-03-30 00:00:00,106,2010-03-30 00:00:00,104,105.75,73,28600,3008275,2010-03-30 00:00:00,1
2010-03-31 00:00:00,2010-03-31 00:00:00,106.25,2010-03-31 00:00:00,104,104.75,78,45300,4757850,2010-03-31 00:00:00,1
2010-04-01 00:00:00,2010-04-01 00:00:00,104.75,2010-04-01 00:00:00,102,103.5,36,17000,1758875,2010-04-01 00:00:00,1
2010-04-05 00:00:00,2010-04-05 00:00:00,106,2010-04-05 00:00:00,103,105,29,16400,1720575,2010-04-05 00:00:00,1
2010-04-06 00:00:00,2010-04-06 00:00:00,106,2010-04-06 00:00:00,104.25,105,27,15400,1615500,2010-04-06 00:00:00,1
2010-04-07 00:00:00,2010-04-07 00:00:00,110,2010-04-07 00:00:00,105,108.5,62,33500,3653125,2010-04-07 00:00:00,1
2010-04-08 00:00:00,2010-04-08 00:00:00,108.75,2010-04-08 00:00:00,107,108.25,17,7400,799575,2010-04-08 00:00:00,1
2010-04-12 00:00:00,2010-04-12 00:00:00,109,2010-04-12 00:00:00,105.75,106,44,9900,1060725,2010-04-12 00:00:00,1
2010-04-15 00:00:00,2010-04-15 00:00:00,109,2010-04-15 00:00:00,108,108.5,2,400,43400,2010-04-15 00:00:00,1
2010-04-16 00:00:00,2010-04-16 00:00:00,108.5,2010-04-16 00:00:00,105,105.25,25,12100,1284625,2010-04-16 00:00:00,1
2010-04-19 00:00:00,2010-04-19 00:00:00,119.5,2010-04-19 00:00:00,106,115,330,216400,24895500,2010-04-19 00:00:00,1
2010-04-20 00:00:00,2010-04-20 00:00:00,131.5,2010-04-20 00:00:00,114.25,126,1021,903300,113382300,2010-04-20 00:00:00,1
2010-04-21 00:00:00,2010-04-21 00:00:00,141.25,2010-04-21 00:00:00,125.5,127.5,1568,1436100,193362200,2010-04-21 00:00:00,1
2010-04-22 00:00:00,2010-04-22 00:00:00,128,2010-04-22 00:00:00,121,125.25,288,153200,19024925,2010-04-22 00:00:00,1
2010-04-23 00:00:00,2010-04-23 00:00:00,127,2010-04-23 00:00:00,124,125.75,161,112800,14185900,2010-04-23 00:00:00,1
2010-04-26 00:00:00,2010-04-26 00:00:00,132.5,2010-04-26 00:00:00,126,129,216,127600,16443875,2010-04-26 00:00:00,1
2010-04-27 00:00:00,2010-04-27 00:00:00,131,2010-04-27 00:00:00,128,129.75,124,73500,9529400,2010-04-27 00:00:00,1
2010-04-29 00:00:00,2010-04-29 00:00:00,130,2010-04-29 00:00:00,125.75,127,65,22100,2807750,2010-04-29 00:00:00,1
2010-04-30 00:00:00,2010-04-30 00:00:00,127,2010-04-30 00:00:00,124.5,125.25,70,28400,3566425,2010-04-30 00:00:00,1
2010-05-03 00:00:00,2010-05-03 00:00:00,126,2010-05-03 00:00:00,122,122.75,112,37100,4598375,2010-05-03 00:00:00,1
2010-05-04 00:00:00,2010-05-04 00:00:00,128,2010-05-04 00:00:00,120,120.75,90,40800,5016000,2010-05-04 00:00:00,1
2010-05-05 00:00:00,2010-05-05 00:00:00,120.5,2010-05-05 00:00:00,116,118.5,104,45000,5310325,2010-05-05 00:00:00,1
2010-05-06 00:00:00,2010-05-06 00:00:00,127,2010-05-06 00:00:00,117.75,121.75,116,77200,9538325,2010-05-06 00:00:00,1
2010-05-07 00:00:00,2010-05-07 00:00:00,125,2010-05-07 00:00:00,119.5,120.25,46,19300,2326375,2010-05-07 00:00:00,1
2010-05-10 00:00:00,2010-05-10 00:00:00,126,2010-05-10 00:00:00,120,121.5,193,96600,11905350,2010-05-10 00:00:00,1
2010-05-11 00:00:00,2010-05-11 00:00:00,135.5,2010-05-11 00:00:00,121.5,133.5,702,480200,62569750,2010-05-11 00:00:00,1
2010-05-12 00:00:00,2010-05-12 00:00:00,137,2010-05-12 00:00:00,131,134,499,427300,57119350,2010-05-12 00:00:00,1
2010-05-13 00:00:00,2010-05-13 00:00:00,133.5,2010-05-13 00:00:00,126,127.25,194,132500,17022800,2010-05-13 00:00:00,1
2010-05-14 00:00:00,2010-05-14 00:00:00,134.75,2010-05-14 00:00:00,122.5,128.5,1753,1409900,180482750,2010-05-14 00:00:00,1
2010-05-17 00:00:00,2010-05-17 00:00:00,95,2010-05-17 00:00:00,85,87,462,275800,23992450,2010-05-17 00:00:00,1
2010-05-18 00:00:00,2010-05-18 00:00:00,91,2010-05-18 00:00:00,87,89,145,61100,5407725,2010-05-18 00:00:00,1
2010-05-19 00:00:00,2010-05-19 00:00:00,90,2010-05-19 00:00:00,87,87.5,88,43000,3775325,2010-05-19 00:00:00,1
2010-05-20 00:00:00,2010-05-20 00:00:00,89,2010-05-20 00:00:00,86.5,86.75,71,45300,3970075,2010-05-20 00:00:00,1
2010-05-21 00:00:00,2010-05-21 00:00:00,91.5,2010-05-21 00:00:00,87.25,87.75,150,70900,6351800,2010-05-21 00:00:00,1
2010-05-24 00:00:00,2010-05-24 00:00:00,88.5,2010-05-24 00:00:00,85.75,86,47,19100,1653825,2010-05-24 00:00:00,1
2010-05-25 00:00:00,2010-05-25 00:00:00,86.25,2010-05-25 00:00:00,84.5,85,37,19500,1663400,2010-05-25 00:00:00,1
2010-05-26 00:00:00,2010-05-26 00:00:00,87.25,2010-05-26 00:00:00,85,85,39,26000,2214750,2010-05-26 00:00:00,1
2010-05-31 00:00:00,2010-05-31 00:00:00,86,2010-05-31 00:00:00,79,79.75,162,113800,9142750,2010-05-31 00:00:00,1
2010-06-01 00:00:00,2010-06-01 00:00:00,82.25,2010-06-01 00:00:00,78.5,80,181,232100,18572175,2010-06-01 00:00:00,1
2010-06-02 00:00:00,2010-06-02 00:00:00,82,2010-06-02 00:00:00,79,80.75,43,23600,1892875,2010-06-02 00:00:00,1
2010-06-03 00:00:00,2010-06-03 00:00:00,83,2010-06-03 00:00:00,80.25,80.75,31,13300,1081125,2010-06-03 00:00:00,1
2010-06-04 00:00:00,2010-06-04 00:00:00,82,2010-06-04 00:00:00,79.5,80,73,51200,4127875,2010-06-04 00:00:00,1
2010-06-07 00:00:00,2010-06-07 00:00:00,80.5,2010-06-07 00:00:00,78.5,79.25,91,55800,4438000,2010-06-07 00:00:00,1
2010-06-08 00:00:00,2010-06-08 00:00:00,79,2010-06-08 00:00:00,74,74,220,149000,11147000,2010-06-08 00:00:00,1
2010-06-09 00:00:00,2010-06-09 00:00:00,76.75,2010-06-09 00:00:00,74,74.25,177,144400,10809250,2010-06-09 00:00:00,1
2010-06-10 00:00:00,2010-06-10 00:00:00,77,2010-06-10 00:00:00,74.75,75.75,47,30100,2283750,2010-06-10 00:00:00,1
2010-06-11 00:00:00,2010-06-11 00:00:00,76.25,2010-06-11 00:00:00,74.25,75.5,125,126700,9574275,2010-06-11 00:00:00,1
2010-06-14 00:00:00,2010-06-14 00:00:00,83,2010-06-14 00:00:00,75.5,82,245,174700,14046450,2010-06-14 00:00:00,1
2010-06-15 00:00:00,2010-06-15 00:00:00,89.75,2010-06-15 00:00:00,84,85.5,262,194900,16818175,2010-06-15 00:00:00,1
2010-06-16 00:00:00,2010-06-16 00:00:00,86,2010-06-16 00:00:00,81,82,118,95100,7852000,2010-06-16 00:00:00,1
2010-06-17 00:00:00,2010-06-17 00:00:00,85.5,2010-06-17 00:00:00,82,84.25,89,94500,7977450,2010-06-17 00:00:00,1
2010-06-21 00:00:00,2010-06-21 00:00:00,91,2010-06-21 00:00:00,85.5,90,198,129700,11453325,2010-06-21 00:00:00,1
2010-06-22 00:00:00,2010-06-22 00:00:00,92.75,2010-06-22 00:00:00,90,91,195,178500,16335175,2010-06-22 00:00:00,1
2010-06-23 00:00:00,2010-06-23 00:00:00,92,2010-06-23 00:00:00,86,87.25,37,18000,1602525,2010-06-23 00:00:00,1
2010-06-24 00:00:00,2010-06-24 00:00:00,88.5,2010-06-24 00:00:00,85,87.75,42,23700,2064325,2010-06-24 00:00:00,1
2010-06-28 00:00:00,2010-06-28 00:00:00,89.25,2010-06-28 00:00:00,87,87.25,38,22800,2002225,2010-06-28 00:00:00,1
2010-06-29 00:00:00,2010-06-29 00:00:00,89.5,2010-06-29 00:00:00,85.5,88,101,92100,8103050,2010-06-29 00:00:00,1
2010-06-30 00:00:00,2010-06-30 00:00:00,91.25,2010-06-30 00:00:00,87.5,90,144,142300,12746300,2010-06-30 00:00:00,1
2010-07-01 00:00:00,2010-07-01 00:00:00,93,2010-07-01 00:00:00,90,90.25,132,95100,8633350,2010-07-01 00:00:00,1
2010-07-02 00:00:00,2010-07-02 00:00:00,93,2010-07-02 00:00:00,89,90,88,59900,5446925,2010-07-02 00:00:00,1
2010-07-05 00:00:00,2010-07-05 00:00:00,91,2010-07-05 00:00:00,88.5,89.25,119,52500,4709275,2010-07-05 00:00:00,1
2010-07-06 00:00:00,2010-07-06 00:00:00,90,2010-07-06 00:00:00,80,86,243,161900,13798000,2010-07-06 00:00:00,1
2010-07-07 00:00:00,2010-07-07 00:00:00,89.5,2010-07-07 00:00:00,82,83.5,137,117300,9741825,2010-07-07 00:00:00,1
2010-07-08 00:00:00,2010-07-08 00:00:00,90.5,2010-07-08 00:00:00,85,89,340,563273,49637874,2010-07-08 00:00:00,1
2010-07-09 00:00:00,2010-07-09 00:00:00,91.25,2010-07-09 00:00:00,87,88.75,317,331700,29611600,2010-07-09 00:00:00,1
2010-07-15 00:00:00,2010-07-15 00:00:00,24.75,2010-07-15 00:00:00,21.5,22,1552,3714200,85130700,2010-07-15 00:00:00,1
2010-07-16 00:00:00,2010-07-16 00:00:00,23,2010-07-16 00:00:00,21.5,22,344,624200,13791900,2010-07-16 00:00:00,1
2010-07-19 00:00:00,2010-07-19 00:00:00,24.5,2010-07-19 00:00:00,22.25,24,946,2826300,66818750,2010-07-19 00:00:00,1
2010-07-20 00:00:00,2010-07-20 00:00:00,24.5,2010-07-20 00:00:00,24,24.25,590,1700200,41294950,2010-07-20 00:00:00,1
2010-07-21 00:00:00,2010-07-21 00:00:00,27.75,2010-07-21 00:00:00,24.5,26.75,2521,9051100,239035075,2010-07-21 00:00:00,1
2010-07-22 00:00:00,2010-07-22 00:00:00,27.5,2010-07-22 00:00:00,25.25,25.5,825,2380200,62363325,2010-07-22 00:00:00,1
2010-07-23 00:00:00,2010-07-23 00:00:00,26.5,2010-07-23 00:00:00,25.5,25.5,353,681200,17591000,2010-07-23 00:00:00,1
2010-07-26 00:00:00,2010-07-26 00:00:00,26,2010-07-26 00:00:00,25.25,25.5,300,1051700,27033500,2010-07-26 00:00:00,1
2010-07-27 00:00:00,2010-07-27 00:00:00,27.5,2010-07-27 00:00:00,25.5,27.25,865,3135800,83470500,2010-07-27 00:00:00,1
2010-07-28 00:00:00,2010-07-28 00:00:00,27.25,2010-07-28 00:00:00,26.25,26.5,345,638500,17143550,2010-07-28 00:00:00,1
2010-07-29 00:00:00,2010-07-29 00:00:00,27,2010-07-29 00:00:00,26.25,26.5,231,512800,13570775,2010-07-29 00:00:00,1
2010-07-30 00:00:00,2010-07-30 00:00:00,31.75,2010-07-30 00:00:00,26,29.75,2477,9070700,267969700,2010-07-30 00:00:00,1
2010-08-02 00:00:00,2010-08-02 00:00:00,39.9,2010-08-02 00:00:00,33,38.6,5359,18145300,673376520,2010-08-02 00:00:00,1
2010-08-03 00:00:00,2010-08-03 00:00:00,46,2010-08-03 00:00:00,38.2,40.4,2923,9478600,403309040,2010-08-03 00:00:00,1
2010-08-05 00:00:00,2010-08-05 00:00:00,39.9,2010-08-05 00:00:00,36.5,36.9,1518,3702700,137159610,2010-08-05 00:00:00,1
2010-08-06 00:00:00,2010-08-06 00:00:00,36.5,2010-08-06 00:00:00,33.3,33.3,489,1200900,40729020,2010-08-06 00:00:00,1
2010-08-09 00:00:00,2010-08-09 00:00:00,30,2010-08-09 00:00:00,30,30,61,36600,1098000,2010-08-09 00:00:00,1
2010-08-10 00:00:00,2010-08-10 00:00:00,33,2010-08-10 00:00:00,27,33,1695,8302000,240949110,2010-08-10 00:00:00,1
2010-08-11 00:00:00,2010-08-11 00:00:00,36.3,2010-08-11 00:00:00,32,32.6,1916,4561900,155747290,2010-08-11 00:00:00,1
2010-08-12 00:00:00,2010-08-12 00:00:00,33.9,2010-08-12 00:00:00,31,33.2,865,1625500,53178450,2010-08-12 00:00:00,1
2010-08-13 00:00:00,2010-08-13 00:00:00,36.1,2010-08-13 00:00:00,32.8,33.4,471,734900,24391870,2010-08-13 00:00:00,1
2010-08-16 00:00:00,2010-08-16 00:00:00,34,2010-08-16 00:00:00,32,32.4,339,403700,13215130,2010-08-16 00:00:00,1
2010-08-17 00:00:00,2010-08-17 00:00:00,35.2,2010-08-17 00:00:00,31,34.8,1259,2186400,74022390,2010-08-17 00:00:00,1
2010-08-18 00:00:00,2010-08-18 00:00:00,36.7,2010-08-18 00:00:00,34.4,36.1,1552,3692200,131133190,2010-08-18 00:00:00,1
2010-08-19 00:00:00,2010-08-19 00:00:00,38.7,2010-08-19 00:00:00,36.7,37.7,1981,3981000,150885960,2010-08-19 00:00:00,1
2010-08-20 00:00:00,2010-08-20 00:00:00,38.3,2010-08-20 00:00:00,36.3,36.7,779,1250400,46221980,2010-08-20 00:00:00,1
2010-08-23 00:00:00,2010-08-23 00:00:00,36.6,2010-08-23 00:00:00,34.8,35.1,762,1304300,46086060,2010-08-23 00:00:00,1
2010-08-25 00:00:00,2010-08-25 00:00:00,35.9,2010-08-25 00:00:00,33.7,34,593,969300,33084550,2010-08-25 00:00:00,1
2010-08-26 00:00:00,2010-08-26 00:00:00,35.2,2010-08-26 00:00:00,32.6,34.4,529,786200,26815810,2010-08-26 00:00:00,1
2010-08-27 00:00:00,2010-08-27 00:00:00,34.9,2010-08-27 00:00:00,33,33.4,311,369200,12435530,2010-08-27 00:00:00,1
2010-08-30 00:00:00,2010-08-30 00:00:00,35,2010-08-30 00:00:00,33.2,33.4,229,302300,10260500,2010-08-30 00:00:00,1
2010-08-31 00:00:00,2010-08-31 00:00:00,34.5,2010-08-31 00:00:00,32.8,34,509,1057900,35311920,2010-08-31 00:00:00,1
2010-09-01 00:00:00,2010-09-01 00:00:00,34.8,2010-09-01 00:00:00,33,33.6,278,385700,12971950,2010-09-01 00:00:00,1
2010-09-02 00:00:00,2010-09-02 00:00:00,34,2010-09-02 00:00:00,33.1,33.8,226,523200,17564150,2010-09-02 00:00:00,1
2010-09-03 00:00:00,2010-09-03 00:00:00,35.9,2010-09-03 00:00:00,33.8,35.2,621,1413800,49356150,2010-09-03 00:00:00,1
2010-09-06 00:00:00,2010-09-06 00:00:00,35.5,2010-09-06 00:00:00,34,34.9,227,396500,13846260,2010-09-06 00:00:00,1
2010-09-07 00:00:00,2010-09-07 00:00:00,35.3,2010-09-07 00:00:00,34.3,35,230,400500,13971920,2010-09-07 00:00:00,1
2010-09-08 00:00:00,2010-09-08 00:00:00,35,2010-09-08 00:00:00,34.5,34.6,182,368200,12757950,2010-09-08 00:00:00,1
2010-09-09 00:00:00,2010-09-09 00:00:00,35,2010-09-09 00:00:00,33.9,34.1,275,423500,14440270,2010-09-09 00:00:00,1
2010-09-13 00:00:00,2010-09-13 00:00:00,37.5,2010-09-13 00:00:00,34.2,35,513,1203600,42097860,2010-09-13 00:00:00,1
2010-09-14 00:00:00,2010-09-14 00:00:00,38.5,2010-09-14 00:00:00,34.2,38.4,1964,4017000,150571930,2010-09-14 00:00:00,1
2010-09-15 00:00:00,2010-09-15 00:00:00,40.8,2010-09-15 00:00:00,37,38.4,1814,3871100,151849540,2010-09-15 00:00:00,1
2010-09-16 00:00:00,2010-09-16 00:00:00,40.7,2010-09-16 00:00:00,34.6,35.1,2619,6504900,238295740,2010-09-16 00:00:00,1
2010-09-17 00:00:00,2010-09-17 00:00:00,36.5,2010-09-17 00:00:00,34.2,36,757,1298700,46290910,2010-09-17 00:00:00,1
2010-09-20 00:00:00,2010-09-20 00:00:00,46.5,2010-09-20 00:00:00,35,35.1,354,645500,22943890,2010-09-20 00:00:00,1
2010-09-21 00:00:00,2010-09-21 00:00:00,36,2010-09-21 00:00:00,34.7,35,346,742300,26067760,2010-09-21 00:00:00,1
2010-09-23 00:00:00,2010-09-23 00:00:00,35.1,2010-09-23 00:00:00,33.8,34,380,650000,22216400,2010-09-23 00:00:00,1
2010-09-24 00:00:00,2010-09-24 00:00:00,34,2010-09-24 00:00:00,32.6,32.8,590,985000,32566130,2010-09-24 00:00:00,1
2010-09-27 00:00:00,2010-09-27 00:00:00,33.9,2010-09-27 00:00:00,32.8,33,284,464600,15345670,2010-09-27 00:00:00,1
2010-09-28 00:00:00,2010-09-28 00:00:00,33,2010-09-28 00:00:00,31.5,31.8,399,531700,17059140,2010-09-28 00:00:00,1
2010-09-29 00:00:00,2010-09-29 00:00:00,33.4,2010-09-29 00:00:00,31.8,32.3,251,554900,18011840,2010-09-29 00:00:00,1
2010-09-30 00:00:00,2010-09-30 00:00:00,32.9,2010-09-30 00:00:00,32,32.5,272,573900,18489260,2010-09-30 00:00:00,1
2010-10-01 00:00:00,2010-10-01 00:00:00,32.9,2010-10-01 00:00:00,32,32.1,268,615600,19778070,2010-10-01 00:00:00,1
2010-10-04 00:00:00,2010-10-04 00:00:00,32.5,2010-10-04 00:00:00,31,31.4,295,605000,19243290,2010-10-04 00:00:00,1
2010-10-05 00:00:00,2010-10-05 00:00:00,31.8,2010-10-05 00:00:00,30.2,31.5,202,228800,7140640,2010-10-05 00:00:00,1
2010-10-06 00:00:00,2010-10-06 00:00:00,31.3,2010-10-06 00:00:00,30,30.1,212,283900,8605670,2010-10-06 00:00:00,1
2010-10-07 00:00:00,2010-10-07 00:00:00,31.2,2010-10-07 00:00:00,29,30.1,345,518200,15473820,2010-10-07 00:00:00,1
2010-10-08 00:00:00,2010-10-08 00:00:00,32,2010-10-08 00:00:00,29,31.2,230,408500,12456710,2010-10-08 00:00:00,1
2010-10-11 00:00:00,2010-10-11 00:00:00,32,2010-10-11 00:00:00,29.6,29.8,143,220600,6747340,2010-10-11 00:00:00,1
2010-10-12 00:00:00,2010-10-12 00:00:00,30,2010-10-12 00:00:00,28,28.3,253,413200,11909170,2010-10-12 00:00:00,1
2010-10-13 00:00:00,2010-10-13 00:00:00,29,2010-10-13 00:00:00,26.5,28.1,381,730500,20385940,2010-10-13 00:00:00,1
2010-10-14 00:00:00,2010-10-14 00:00:00,34,2010-10-14 00:00:00,28.5,31.2,1267,2414200,75639180,2010-10-14 00:00:00,1
2010-10-15 00:00:00,2010-10-15 00:00:00,31.5,2010-10-15 00:00:00,29,30,271,454700,13479480,2010-10-15 00:00:00,1
2010-10-18 00:00:00,2010-10-18 00:00:00,30.7,2010-10-18 00:00:00,29.4,29.5,122,109800,3264430,2010-10-18 00:00:00,1
2010-10-19 00:00:00,2010-10-19 00:00:00,30.8,2010-10-19 00:00:00,29.6,30,221,473100,14204890,2010-10-19 00:00:00,1
2010-10-20 00:00:00,2010-10-20 00:00:00,30.1,2010-10-20 00:00:00,29.1,29.3,127,143900,4243780,2010-10-20 00:00:00,1
2010-10-21 00:00:00,2010-10-21 00:00:00,30.2,2010-10-21 00:00:00,29,29.2,178,258800,7622920,2010-10-21 00:00:00,1
2010-10-25 00:00:00,2010-10-25 00:00:00,29.9,2010-10-25 00:00:00,28.5,28.6,155,221600,6416530,2010-10-25 00:00:00,1
2010-10-26 00:00:00,2010-10-26 00:00:00,28.6,2010-10-26 00:00:00,27.4,27.5,176,320700,8920460,2010-10-26 00:00:00,1
2010-10-27 00:00:00,2010-10-27 00:00:00,28.5,2010-10-27 00:00:00,27,28.1,101,102000,2840600,2010-10-27 00:00:00,1
2010-10-28 00:00:00,2010-10-28 00:00:00,29,2010-10-28 00:00:00,27.8,28,109,225400,6399160,2010-10-28 00:00:00,1
2010-10-29 00:00:00,2010-10-29 00:00:00,29.2,2010-10-29 00:00:00,28,29,192,536000,15525240,2010-10-29 00:00:00,1
2010-11-01 00:00:00,2010-11-01 00:00:00,30.6,2010-11-01 00:00:00,29.2,30.2,211,318500,9563400,2010-11-01 00:00:00,1
2010-11-02 00:00:00,2010-11-02 00:00:00,31.2,2010-11-02 00:00:00,30.4,31.1,450,695600,21535270,2010-11-02 00:00:00,1
2010-11-03 00:00:00,2010-11-03 00:00:00,33.2,2010-11-03 00:00:00,31.3,31.7,633,1254800,40632330,2010-11-03 00:00:00,1
2010-11-04 00:00:00,2010-11-04 00:00:00,32,2010-11-04 00:00:00,30.1,30.2,161,239000,7340790,2010-11-04 00:00:00,1
2010-11-08 00:00:00,2010-11-08 00:00:00,31.6,2010-11-08 00:00:00,30.6,30.7,83,141400,4345000,2010-11-08 00:00:00,1
2010-11-09 00:00:00,2010-11-09 00:00:00,31,2010-11-09 00:00:00,30,30.2,96,131000,3949730,2010-11-09 00:00:00,1
2010-11-10 00:00:00,2010-11-10 00:00:00,30.5,2010-11-10 00:00:00,29.7,30.1,94,119700,3591000,2010-11-10 00:00:00,1
2010-11-11 00:00:00,2010-11-11 00:00:00,30.4,2010-11-11 00:00:00,29.5,30,61,71200,2141150,2010-11-11 00:00:00,1
2010-11-12 00:00:00,2010-11-12 00:00:00,30.5,2010-11-12 00:00:00,29.5,29.7,88,73900,2211500,2010-11-12 00:00:00,1
2010-11-15 00:00:00,2010-11-15 00:00:00,30.9,2010-11-15 00:00:00,29.2,29.4,104,89000,2641320,2010-11-15 00:00:00,1
2010-11-16 00:00:00,2010-11-16 00:00:00,30,2010-11-16 00:00:00,28.8,29.1,106,102200,2973040,2010-11-16 00:00:00,1
2010-11-18 00:00:00,2010-11-18 00:00:00,31.2,2010-11-18 00:00:00,29.3,30.6,164,269200,8165370,2010-11-18 00:00:00,1
2010-11-22 00:00:00,2010-11-22 00:00:00,31.8,2010-11-22 00:00:00,30.5,30.5,176,325800,10067390,2010-11-22 00:00:00,1
2010-11-23 00:00:00,2010-11-23 00:00:00,31,2010-11-23 00:00:00,29.5,29.9,100,113200,3381840,2010-11-23 00:00:00,1
2010-11-24 00:00:00,2010-11-24 00:00:00,30.9,2010-11-24 00:00:00,29.6,30,118,98900,2971890,2010-11-24 00:00:00,1
2010-11-25 00:00:00,2010-11-25 00:00:00,30.1,2010-11-25 00:00:00,29.4,29.5,97,95400,2834630,2010-11-25 00:00:00,1
2010-11-26 00:00:00,2010-11-26 00:00:00,30.2,2010-11-26 00:00:00,29.5,30,129,232300,6962110,2010-11-26 00:00:00,1
2010-11-29 00:00:00,2010-11-29 00:00:00,30.2,2010-11-29 00:00:00,29.5,29.6,99,98200,2926940,2010-11-29 00:00:00,1
2010-11-30 00:00:00,2010-11-30 00:00:00,33.3,2010-11-30 00:00:00,30.5,32.6,844,1648100,52822950,2010-11-30 00:00:00,1
2010-12-01 00:00:00,2010-12-01 00:00:00,34.4,2010-12-01 00:00:00,33.3,33.5,1067,1734500,58560360,2010-12-01 00:00:00,1
2010-12-02 00:00:00,2010-12-02 00:00:00,34.2,2010-12-02 00:00:00,31.6,33,474,817700,26993470,2010-12-02 00:00:00,1
2010-12-03 00:00:00,2010-12-03 00:00:00,33,2010-12-03 00:00:00,29,30.2,1378,2564500,79019440,2010-12-03 00:00:00,1
2010-12-06 00:00:00,2010-12-06 00:00:00,30.7,2010-12-06 00:00:00,29.2,29.5,173,276700,8275070,2010-12-06 00:00:00,1
2010-12-07 00:00:00,2010-12-07 00:00:00,29.6,2010-12-07 00:00:00,29,29.1,177,296800,8654640,2010-12-07 00:00:00,1
2010-12-08 00:00:00,2010-12-08 00:00:00,29.4,2010-12-08 00:00:00,28.9,29.3,162,278200,8099800,2010-12-08 00:00:00,1
2010-12-09 00:00:00,2010-12-09 00:00:00,29.5,2010-12-09 00:00:00,29,29.1,103,136800,3994540,2010-12-09 00:00:00,1
2010-12-10 00:00:00,2010-12-10 00:00:00,29.3,2010-12-10 00:00:00,29,29.2,46,31100,907660,2010-12-10 00:00:00,1
2010-12-13 00:00:00,2010-12-13 00:00:00,29.4,2010-12-13 00:00:00,29,29.1,84,102700,2993000,2010-12-13 00:00:00,1
2010-12-14 00:00:00,2010-12-14 00:00:00,29.2,2010-12-14 00:00:00,28.8,29,128,215600,6243380,2010-12-14 00:00:00,1
2010-12-15 00:00:00,2010-12-15 00:00:00,29.1,2010-12-15 00:00:00,28.7,28.9,85,98300,2842500,2010-12-15 00:00:00,1
2010-12-16 00:00:00,2010-12-16 00:00:00,29,2010-12-16 00:00:00,28.5,28.6,104,122300,3504740,2010-12-16 00:00:00,1
2010-12-17 00:00:00,2010-12-17 00:00:00,28.8,2010-12-17 00:00:00,28.5,28.5,61,114900,3281420,2010-12-17 00:00:00,1
2010-12-21 00:00:00,2010-12-21 00:00:00,29.2,2010-12-21 00:00:00,28.5,28.9,61,88100,2549690,2010-12-21 00:00:00,1
2010-12-22 00:00:00,2010-12-22 00:00:00,30.3,2010-12-22 00:00:00,28.8,29.2,156,338800,10059790,2010-12-22 00:00:00,1
2010-12-23 00:00:00,2010-12-23 00:00:00,30.1,2010-12-23 00:00:00,29.6,29.8,137,199900,5971310,2010-12-23 00:00:00,1
2010-12-24 00:00:00,2010-12-24 00:00:00,30.1,2010-12-24 00:00:00,29.8,30,37,27200,815280,2010-12-24 00:00:00,1
2010-12-27 00:00:00,2010-12-27 00:00:00,30.3,2010-12-27 00:00:00,29.6,30,99,104900,3140460,2010-12-27 00:00:00,1
2010-12-28 00:00:00,2010-12-28 00:00:00,30,2010-12-28 00:00:00,27.3,28.5,1921,3653800,103935770,2010-12-28 00:00:00,1
2010-12-29 00:00:00,2010-12-29 00:00:00,28.9,2010-12-29 00:00:00,28.5,28.7,187,204700,5851550,2010-12-29 00:00:00,1
2010-12-30 00:00:00,2010-12-30 00:00:00,28.6,2010-12-30 00:00:00,27.6,28.2,171,216400,6086650,2010-12-30 00:00:00,1
2010-12-31 00:00:00,2010-12-31 00:00:00,28.6,2010-12-31 00:00:00,28.2,28.3,105,105600,3000050,2010-12-31 00:00:00,1
Company Id,:  TWOD,Security,Type :  R,Sub Type,:  0000,,,,,
Short Name,:  TOUCHWOOD,,,,,,,,,
Day,Date High,High,Date Low,Low,Closing,No. of Trades,No. of Shares,Turnover,Last Traded,Days Traded
2010-05-31 00:00:00,2010-05-31 00:00:00,30,2010-05-31 00:00:00,19.25,20,160,139600,3049950,2010-05-31 00:00:00,1
2010-06-01 00:00:00,2010-06-01 00:00:00,23.25,2010-06-01 00:00:00,17,18.75,221,251700,4761175,2010-06-01 00:00:00,1
2010-06-02 00:00:00,2010-06-02 00:00:00,19,2010-06-02 00:00:00,17.25,18.5,72,91500,1669225,2010-06-02 00:00:00,1
2010-06-03 00:00:00,2010-06-03 00:00:00,19.25,2010-06-03 00:00:00,17.75,18.5,109,298400,5461800,2010-06-03 00:00:00,1
2010-06-04 00:00:00,2010-06-04 00:00:00,18.25,2010-06-04 00:00:00,17.25,17.5,75,51600,913200,2010-06-04 00:00:00,1
2010-06-07 00:00:00,2010-06-07 00:00:00,17.5,2010-06-07 00:00:00,16.75,17,41,44000,750050,2010-06-07 00:00:00,1
2010-06-08 00:00:00,2010-06-08 00:00:00,16.75,2010-06-08 00:00:00,14.5,15,78,65800,1010900,2010-06-08 00:00:00,1
2010-06-09 00:00:00,2010-06-09 00:00:00,16.5,2010-06-09 00:00:00,13,14,86,104400,1496375,2010-06-09 00:00:00,1
2010-06-10 00:00:00,2010-06-10 00:00:00,14,2010-06-10 00:00:00,13.25,14,69,85500,1191275,2010-06-10 00:00:00,1
2010-06-11 00:00:00,2010-06-11 00:00:00,14,2010-06-11 00:00:00,12.25,12.75,143,169000,2208975,2010-06-11 00:00:00,1
2010-06-14 00:00:00,2010-06-14 00:00:00,18,2010-06-14 00:00:00,11,16.5,440,616300,9286950,2010-06-14 00:00:00,1
Company Id,:  TYRE,Security,Type :  N,Sub Type,:  0000,,,,,
Short Name,:  KELANI TYRES,,,,,,,,,
Day,Date High,High,Date Low,Low,Closing,No. of Trades,No. of Shares,Turnover,Last Traded,Days Traded
2010-01-04 00:00:00,2010-01-04 00:00:00,68,2010-01-04 00:00:00,67.25,67.25,17,8000,540025,2010-01-04 00:00:00,1
2010-01-05 00:00:00,2010-01-05 00:00:00,69,2010-01-05 00:00:00,67.25,67.5,26,45900,3126350,2010-01-05 00:00:00,1
2010-01-06 00:00:00,2010-01-06 00:00:00,67.5,2010-01-06 00:00:00,64.5,65.5,12,2200,145025,2010-01-06 00:00:00,1
2010-01-07 00:00:00,2010-01-07 00:00:00,65,2010-01-07 00:00:00,62.5,64,10,22600,1454225,2010-01-07 00:00:00,1
2010-01-08 00:00:00,2010-01-08 00:00:00,65,2010-01-08 00:00:00,62.5,65,19,6100,390575,2010-01-08 00:00:00,1
2010-01-11 00:00:00,2010-01-11 00:00:00,65.25,2010-01-11 00:00:00,65,65.25,17,11100,722075,2010-01-11 00:00:00,1
2010-01-12 00:00:00,2010-01-12 00:00:00,64,2010-01-12 00:00:00,63,64,11,5000,319075,2010-01-12 00:00:00,1
2010-01-13 00:00:00,2010-01-13 00:00:00,70,2010-01-13 00:00:00,64,68.5,91,120300,8120625,2010-01-13 00:00:00,1
2010-01-15 00:00:00,2010-01-15 00:00:00,72,2010-01-15 00:00:00,68.5,69.75,90,126300,8823925,2010-01-15 00:00:00,1
2010-01-18 00:00:00,2010-01-18 00:00:00,71,2010-01-18 00:00:00,67.75,69,47,45800,3187175,2010-01-18 00:00:00,1
2010-01-19 00:00:00,2010-01-19 00:00:00,69,2010-01-19 00:00:00,66.75,66.75,13,17400,1179025,2010-01-19 00:00:00,1
2010-01-20 00:00:00,2010-01-20 00:00:00,69,2010-01-20 00:00:00,67.5,67.5,14,8500,576800,2010-01-20 00:00:00,1
2010-01-21 00:00:00,2010-01-21 00:00:00,67.5,2010-01-21 00:00:00,66.75,66.75,9,33600,2243250,2010-01-21 00:00:00,1
2010-01-22 00:00:00,2010-01-22 00:00:00,67,2010-01-22 00:00:00,66.75,67,24,10500,701450,2010-01-22 00:00:00,1
2010-01-25 00:00:00,2010-01-25 00:00:00,67,2010-01-25 00:00:00,65.5,66,27,23600,1568425,2010-01-25 00:00:00,1
2010-01-26 00:00:00,2010-01-26 00:00:00,68,2010-01-26 00:00:00,66.75,67.5,26,24400,1647850,2010-01-26 00:00:00,1
2010-01-28 00:00:00,2010-01-28 00:00:00,70,2010-01-28 00:00:00,65.75,70,39,21300,1465300,2010-01-28 00:00:00,1
2010-02-01 00:00:00,2010-02-01 00:00:00,69.25,2010-02-01 00:00:00,66.5,69.25,9,7800,529425,2010-02-01 00:00:00,1
2010-02-02 00:00:00,2010-02-02 00:00:00,70,2010-02-02 00:00:00,67,68.5,7,15700,1080000,2010-02-02 00:00:00,1
2010-02-03 00:00:00,2010-02-03 00:00:00,71,2010-02-03 00:00:00,69,70,54,72800,5098250,2010-02-03 00:00:00,1
2010-02-05 00:00:00,2010-02-05 00:00:00,70,2010-02-05 00:00:00,69.5,70,11,5600,391875,2010-02-05 00:00:00,1
2010-02-08 00:00:00,2010-02-08 00:00:00,70.5,2010-02-08 00:00:00,69.75,70.25,16,4100,287175,2010-02-08 00:00:00,1
2010-02-09 00:00:00,2010-02-09 00:00:00,74,2010-02-09 00:00:00,70.5,70.75,58,67100,4837525,2010-02-09 00:00:00,1
2010-02-10 00:00:00,2010-02-10 00:00:00,74.75,2010-02-10 00:00:00,70,73,55,57500,4211050,2010-02-10 00:00:00,1
2010-02-11 00:00:00,2010-02-11 00:00:00,73,2010-02-11 00:00:00,70,70,30,31300,2201400,2010-02-11 00:00:00,1
2010-02-12 00:00:00,2010-02-12 00:00:00,70.75,2010-02-12 00:00:00,68,70.5,14,6500,455350,2010-02-12 00:00:00,1
2010-02-15 00:00:00,2010-02-15 00:00:00,71,2010-02-15 00:00:00,70,70,6,11600,822950,2010-02-15 00:00:00,1
2010-02-16 00:00:00,2010-02-16 00:00:00,70,2010-02-16 00:00:00,68.5,68.75,21,11300,786450,2010-02-16 00:00:00,1
2010-02-17 00:00:00,2010-02-17 00:00:00,69.75,2010-02-17 00:00:00,68.5,68.5,2,1000,69125,2010-02-17 00:00:00,1
2010-02-18 00:00:00,2010-02-18 00:00:00,70,2010-02-18 00:00:00,68.75,69.75,33,34300,2391275,2010-02-18 00:00:00,1
2010-02-19 00:00:00,2010-02-19 00:00:00,70,2010-02-19 00:00:00,69,69.25,5,2100,146200,2010-02-19 00:00:00,1
2010-02-22 00:00:00,2010-02-22 00:00:00,70,2010-02-22 00:00:00,68,69,14,7400,507825,2010-02-22 00:00:00,1
2010-02-23 00:00:00,2010-02-23 00:00:00,69.25,2010-02-23 00:00:00,69,69,7,5600,386550,2010-02-23 00:00:00,1
2010-02-24 00:00:00,2010-02-24 00:00:00,70,2010-02-24 00:00:00,69,69,19,13000,903000,2010-02-24 00:00:00,1
2010-02-25 00:00:00,2010-02-25 00:00:00,70,2010-02-25 00:00:00,69,69.75,16,10300,720300,2010-02-25 00:00:00,1
2010-02-26 00:00:00,2010-02-26 00:00:00,70,2010-02-26 00:00:00,69,69,11,11700,809300,2010-02-26 00:00:00,1
2010-03-01 00:00:00,2010-03-01 00:00:00,69.75,2010-03-01 00:00:00,68.75,69,26,30900,2131950,2010-03-01 00:00:00,1
2010-03-02 00:00:00,2010-03-02 00:00:00,71,2010-03-02 00:00:00,69,69.5,29,17400,1210225,2010-03-02 00:00:00,1
2010-03-03 00:00:00,2010-03-03 00:00:00,72.5,2010-03-03 00:00:00,69,71.5,6,700,50200,2010-03-03 00:00:00,1
2010-03-04 00:00:00,2010-03-04 00:00:00,72,2010-03-04 00:00:00,69.5,69.75,21,7200,508200,2010-03-04 00:00:00,1
2010-03-05 00:00:00,2010-03-05 00:00:00,69.5,2010-03-05 00:00:00,69.25,69.5,13,5600,388150,2010-03-05 00:00:00,1
2010-03-08 00:00:00,2010-03-08 00:00:00,71.25,2010-03-08 00:00:00,69.5,69.5,10,6300,440325,2010-03-08 00:00:00,1
2010-03-09 00:00:00,2010-03-09 00:00:00,69,2010-03-09 00:00:00,68,68,6,9700,664300,2010-03-09 00:00:00,1
2010-03-10 00:00:00,2010-03-10 00:00:00,70,2010-03-10 00:00:00,68,68.5,5,2200,151600,2010-03-10 00:00:00,1
2010-03-11 00:00:00,2010-03-11 00:00:00,68.5,2010-03-11 00:00:00,67.5,68.5,7,3200,219075,2010-03-11 00:00:00,1
2010-03-12 00:00:00,2010-03-12 00:00:00,70,2010-03-12 00:00:00,68.75,68.75,6,3000,207125,2010-03-12 00:00:00,1
2010-03-15 00:00:00,2010-03-15 00:00:00,69,2010-03-15 00:00:00,68,68,11,12700,867200,2010-03-15 00:00:00,1
2010-03-16 00:00:00,2010-03-16 00:00:00,68,2010-03-16 00:00:00,67,67.75,9,5200,352125,2010-03-16 00:00:00,1
2010-03-18 00:00:00,2010-03-18 00:00:00,66,2010-03-18 00:00:00,66,66,2,1000,66000,2010-03-18 00:00:00,1
2010-03-19 00:00:00,2010-03-19 00:00:00,66,2010-03-19 00:00:00,66,66,6,1400,92400,2010-03-19 00:00:00,1
2010-03-22 00:00:00,2010-03-22 00:00:00,66,2010-03-22 00:00:00,65,65,3,1400,91200,2010-03-22 00:00:00,1
2010-03-23 00:00:00,2010-03-23 00:00:00,66,2010-03-23 00:00:00,66,66,2,400,26400,2010-03-23 00:00:00,1
2010-03-24 00:00:00,2010-03-24 00:00:00,65.75,2010-03-24 00:00:00,64,64,7,2200,141675,2010-03-24 00:00:00,1
2010-03-25 00:00:00,2010-03-25 00:00:00,64,2010-03-25 00:00:00,63,63,3,400,25300,2010-03-25 00:00:00,1
2010-03-26 00:00:00,2010-03-26 00:00:00,64,2010-03-26 00:00:00,63.25,64,7,5900,376250,2010-03-26 00:00:00,1
2010-03-30 00:00:00,2010-03-30 00:00:00,66,2010-03-30 00:00:00,63.5,63.5,7,4400,283400,2010-03-30 00:00:00,1
2010-03-31 00:00:00,2010-03-31 00:00:00,63.5,2010-03-31 00:00:00,63.5,63.5,6,3600,228600,2010-03-31 00:00:00,1
2010-04-01 00:00:00,2010-04-01 00:00:00,66,2010-04-01 00:00:00,64,65,2,200,13000,2010-04-01 00:00:00,1
2010-04-05 00:00:00,2010-04-05 00:00:00,65.25,2010-04-05 00:00:00,64,64.5,7,3100,200450,2010-04-05 00:00:00,1
2010-04-06 00:00:00,2010-04-06 00:00:00,69,2010-04-06 00:00:00,66,68.5,16,16000,1092600,2010-04-06 00:00:00,1
2010-04-07 00:00:00,2010-04-07 00:00:00,68.5,2010-04-07 00:00:00,67,67,5,5500,370000,2010-04-07 00:00:00,1
2010-04-12 00:00:00,2010-04-12 00:00:00,68.5,2010-04-12 00:00:00,65.25,67.75,26,7100,483125,2010-04-12 00:00:00,1
2010-04-15 00:00:00,2010-04-15 00:00:00,69.5,2010-04-15 00:00:00,68,69,26,24100,1652500,2010-04-15 00:00:00,1
2010-04-16 00:00:00,2010-04-16 00:00:00,69,2010-04-16 00:00:00,69,69,3,2000,138000,2010-04-16 00:00:00,1
2010-04-19 00:00:00,2010-04-19 00:00:00,68.5,2010-04-19 00:00:00,68,68,21,44800,3049200,2010-04-19 00:00:00,1
2010-04-20 00:00:00,2010-04-20 00:00:00,69.75,2010-04-20 00:00:00,66.5,67,11,2200,148175,2010-04-20 00:00:00,1
2010-04-21 00:00:00,2010-04-21 00:00:00,67,2010-04-21 00:00:00,66,66.5,10,9500,629500,2010-04-21 00:00:00,1
2010-04-22 00:00:00,2010-04-22 00:00:00,67,2010-04-22 00:00:00,66,67,5,900,59850,2010-04-22 00:00:00,1
2010-04-23 00:00:00,2010-04-23 00:00:00,74,2010-04-23 00:00:00,66.25,72,74,120700,8407450,2010-04-23 00:00:00,1
2010-04-26 00:00:00,2010-04-26 00:00:00,72,2010-04-26 00:00:00,70,71.5,22,39400,2816225,2010-04-26 00:00:00,1
2010-04-27 00:00:00,2010-04-27 00:00:00,72,2010-04-27 00:00:00,70,70.25,25,25800,1834650,2010-04-27 00:00:00,1
2010-04-29 00:00:00,2010-04-29 00:00:00,71,2010-04-29 00:00:00,69,69,16,9600,668700,2010-04-29 00:00:00,1
2010-04-30 00:00:00,2010-04-30 00:00:00,69,2010-04-30 00:00:00,68.25,68.75,4,2000,137400,2010-04-30 00:00:00,1
2010-05-03 00:00:00,2010-05-03 00:00:00,70,2010-05-03 00:00:00,68,68.75,16,42100,2914100,2010-05-03 00:00:00,1
2010-05-04 00:00:00,2010-05-04 00:00:00,69.5,2010-05-04 00:00:00,67.5,67.75,10,5200,355750,2010-05-04 00:00:00,1
2010-05-05 00:00:00,2010-05-05 00:00:00,67.5,2010-05-05 00:00:00,66,67.5,8,5400,363650,2010-05-05 00:00:00,1
2010-05-06 00:00:00,2010-05-06 00:00:00,80,2010-05-06 00:00:00,69,75.75,569,951000,72119475,2010-05-06 00:00:00,1
2010-05-07 00:00:00,2010-05-07 00:00:00,79.5,2010-05-07 00:00:00,75.5,78.5,307,565800,44096550,2010-05-07 00:00:00,1
2010-05-10 00:00:00,2010-05-10 00:00:00,79.25,2010-05-10 00:00:00,77.5,77.75,130,355100,28027900,2010-05-10 00:00:00,1
2010-05-11 00:00:00,2010-05-11 00:00:00,78,2010-05-11 00:00:00,76,76.25,42,40400,3089225,2010-05-11 00:00:00,1
2010-05-12 00:00:00,2010-05-12 00:00:00,79,2010-05-12 00:00:00,76,76.5,62,85900,6657650,2010-05-12 00:00:00,1
2010-05-13 00:00:00,2010-05-13 00:00:00,77,2010-05-13 00:00:00,76,76,42,250300,19087550,2010-05-13 00:00:00,1
2010-05-14 00:00:00,2010-05-14 00:00:00,79,2010-05-14 00:00:00,76,78.75,30,29500,2269050,2010-05-14 00:00:00,1
2010-05-17 00:00:00,2010-05-17 00:00:00,79.75,2010-05-17 00:00:00,76.5,76.5,16,10000,780325,2010-05-17 00:00:00,1
2010-05-18 00:00:00,2010-05-18 00:00:00,77,2010-05-18 00:00:00,76,76,28,54000,4109475,2010-05-18 00:00:00,1
2010-05-19 00:00:00,2010-05-19 00:00:00,77,2010-05-19 00:00:00,73,74.5,23,10300,772150,2010-05-19 00:00:00,1
2010-05-20 00:00:00,2010-05-20 00:00:00,75.25,2010-05-20 00:00:00,74,75,26,34100,2536450,2010-05-20 00:00:00,1
2010-05-21 00:00:00,2010-05-21 00:00:00,74.5,2010-05-21 00:00:00,72,72.75,36,38900,2847750,2010-05-21 00:00:00,1
2010-05-24 00:00:00,2010-05-24 00:00:00,73.5,2010-05-24 00:00:00,67,72.5,23,16200,1145175,2010-05-24 00:00:00,1
2010-05-25 00:00:00,2010-05-25 00:00:00,73,2010-05-25 00:00:00,71,71.5,14,15000,1074325,2010-05-25 00:00:00,1
2010-05-26 00:00:00,2010-05-26 00:00:00,74.5,2010-05-26 00:00:00,70.5,74,27,27600,2037950,2010-05-26 00:00:00,1
2010-05-31 00:00:00,2010-05-31 00:00:00,75.5,2010-05-31 00:00:00,73,73.5,41,72000,5359625,2010-05-31 00:00:00,1
2010-06-01 00:00:00,2010-06-01 00:00:00,75.75,2010-06-01 00:00:00,73,74.25,13,15900,1190700,2010-06-01 00:00:00,1
2010-06-02 00:00:00,2010-06-02 00:00:00,76.5,2010-06-02 00:00:00,74,75.25,42,59000,4433750,2010-06-02 00:00:00,1
2010-06-03 00:00:00,2010-06-03 00:00:00,75.5,2010-06-03 00:00:00,74.25,75,15,8600,643075,2010-06-03 00:00:00,1
2010-06-04 00:00:00,2010-06-04 00:00:00,75.5,2010-06-04 00:00:00,74,75.25,17,10700,797900,2010-06-04 00:00:00,1
2010-06-07 00:00:00,2010-06-07 00:00:00,75.25,2010-06-07 00:00:00,74.5,75,29,20900,1567550,2010-06-07 00:00:00,1
2010-06-08 00:00:00,2010-06-08 00:00:00,76.25,2010-06-08 00:00:00,74.5,75,45,57300,4306450,2010-06-08 00:00:00,1
2010-06-09 00:00:00,2010-06-09 00:00:00,75,2010-06-09 00:00:00,74,75,15,9500,710650,2010-06-09 00:00:00,1
2010-06-10 00:00:00,2010-06-10 00:00:00,79,2010-06-10 00:00:00,75,75.25,51,87400,6784475,2010-06-10 00:00:00,1
2010-06-11 00:00:00,2010-06-11 00:00:00,75,2010-06-11 00:00:00,74,74.25,14,5700,425025,2010-06-11 00:00:00,1
2010-06-14 00:00:00,2010-06-14 00:00:00,77,2010-06-14 00:00:00,74.5,75.75,75,115900,8740950,2010-06-14 00:00:00,1
2010-06-15 00:00:00,2010-06-15 00:00:00,78,2010-06-15 00:00:00,75.25,75.75,23,109000,8211475,2010-06-15 00:00:00,1
2010-06-16 00:00:00,2010-06-16 00:00:00,77.5,2010-06-16 00:00:00,76.25,77,33,47900,3682800,2010-06-16 00:00:00,1
2010-06-17 00:00:00,2010-06-17 00:00:00,77,2010-06-17 00:00:00,75,75.25,51,208100,15797325,2010-06-17 00:00:00,1
2010-06-21 00:00:00,2010-06-21 00:00:00,79.25,2010-06-21 00:00:00,77,78.25,96,143000,11217900,2010-06-21 00:00:00,1
2010-06-22 00:00:00,2010-06-22 00:00:00,82,2010-06-22 00:00:00,79.75,80,517,4075500,326470550,2010-06-22 00:00:00,1
2010-06-23 00:00:00,2010-06-23 00:00:00,83,2010-06-23 00:00:00,80,80.25,72,120300,9744825,2010-06-23 00:00:00,1
2010-06-24 00:00:00,2010-06-24 00:00:00,81.5,2010-06-24 00:00:00,79.5,80,91,181500,14555925,2010-06-24 00:00:00,1
2010-06-28 00:00:00,2010-06-28 00:00:00,81.5,2010-06-28 00:00:00,77.5,79.75,60,218800,17546000,2010-06-28 00:00:00,1
2010-06-29 00:00:00,2010-06-29 00:00:00,80,2010-06-29 00:00:00,78.5,79,18,11500,913300,2010-06-29 00:00:00,1
2010-06-30 00:00:00,2010-06-30 00:00:00,80,2010-06-30 00:00:00,78,78,18,16200,1275875,2010-06-30 00:00:00,1
2010-07-01 00:00:00,2010-07-01 00:00:00,78.5,2010-07-01 00:00:00,77,78.5,19,16800,1300125,2010-07-01 00:00:00,1
2010-07-02 00:00:00,2010-07-02 00:00:00,78,2010-07-02 00:00:00,77,77,21,20600,1593800,2010-07-02 00:00:00,1
2010-07-05 00:00:00,2010-07-05 00:00:00,76.5,2010-07-05 00:00:00,76.5,76.5,4,700,53550,2010-07-05 00:00:00,1
2010-07-06 00:00:00,2010-07-06 00:00:00,77,2010-07-06 00:00:00,75,77,26,25600,1954700,2010-07-06 00:00:00,1
2010-07-07 00:00:00,2010-07-07 00:00:00,76,2010-07-07 00:00:00,74.5,75,29,27600,2077800,2010-07-07 00:00:00,1
2010-07-08 00:00:00,2010-07-08 00:00:00,77,2010-07-08 00:00:00,74.5,77,19,10500,791550,2010-07-08 00:00:00,1
2010-07-09 00:00:00,2010-07-09 00:00:00,76,2010-07-09 00:00:00,75,75,12,22100,1660900,2010-07-09 00:00:00,1
2010-07-12 00:00:00,2010-07-12 00:00:00,77,2010-07-12 00:00:00,74,76.75,22,23400,1789500,2010-07-12 00:00:00,1
2010-07-13 00:00:00,2010-07-13 00:00:00,79,2010-07-13 00:00:00,77,78,21,14200,1102775,2010-07-13 00:00:00,1
2010-07-14 00:00:00,2010-07-14 00:00:00,79,2010-07-14 00:00:00,77,77,18,18200,1405750,2010-07-14 00:00:00,1
2010-07-15 00:00:00,2010-07-15 00:00:00,79.5,2010-07-15 00:00:00,76.5,77.25,31,25000,1953800,2010-07-15 00:00:00,1
2010-07-16 00:00:00,2010-07-16 00:00:00,77,2010-07-16 00:00:00,75,75.25,21,18600,1406375,2010-07-16 00:00:00,1
2010-07-19 00:00:00,2010-07-19 00:00:00,76.75,2010-07-19 00:00:00,75.5,76.25,15,5900,450025,2010-07-19 00:00:00,1
2010-07-20 00:00:00,2010-07-20 00:00:00,76,2010-07-20 00:00:00,74,75,27,34500,2588100,2010-07-20 00:00:00,1
2010-07-21 00:00:00,2010-07-21 00:00:00,77,2010-07-21 00:00:00,75,76.25,12,8700,656425,2010-07-21 00:00:00,1
2010-07-22 00:00:00,2010-07-22 00:00:00,77,2010-07-22 00:00:00,76,77,4,3900,300150,2010-07-22 00:00:00,1
2010-07-23 00:00:00,2010-07-23 00:00:00,77,2010-07-23 00:00:00,76,76.75,35,57400,4405750,2010-07-23 00:00:00,1
2010-07-26 00:00:00,2010-07-26 00:00:00,79,2010-07-26 00:00:00,76,77.25,30,29400,2276200,2010-07-26 00:00:00,1
2010-07-27 00:00:00,2010-07-27 00:00:00,77.25,2010-07-27 00:00:00,77,77,14,16900,1301450,2010-07-27 00:00:00,1
2010-07-28 00:00:00,2010-07-28 00:00:00,80,2010-07-28 00:00:00,77,79,60,46800,3701600,2010-07-28 00:00:00,1
2010-07-29 00:00:00,2010-07-29 00:00:00,81,2010-07-29 00:00:00,79.25,80,140,270200,21636825,2010-07-29 00:00:00,1
2010-07-30 00:00:00,2010-07-30 00:00:00,80.75,2010-07-30 00:00:00,79.75,80,46,109000,8720550,2010-07-30 00:00:00,1
2010-08-02 00:00:00,2010-08-02 00:00:00,83,2010-08-02 00:00:00,80,81.8,94,200900,16394740,2010-08-02 00:00:00,1
2010-08-03 00:00:00,2010-08-03 00:00:00,85,2010-08-03 00:00:00,79,80.2,77,302800,25001610,2010-08-03 00:00:00,1
2010-08-04 00:00:00,2010-08-04 00:00:00,83,2010-08-04 00:00:00,80.3,82.4,29,299700,24720590,2010-08-04 00:00:00,1
2010-08-05 00:00:00,2010-08-05 00:00:00,84,2010-08-05 00:00:00,76.5,79.9,42,73200,5934740,2010-08-05 00:00:00,1
2010-08-06 00:00:00,2010-08-06 00:00:00,80,2010-08-06 00:00:00,77,80,16,16400,1299790,2010-08-06 00:00:00,1
2010-08-09 00:00:00,2010-08-09 00:00:00,80,2010-08-09 00:00:00,77,78,31,41400,3220410,2010-08-09 00:00:00,1
2010-08-10 00:00:00,2010-08-10 00:00:00,82.5,2010-08-10 00:00:00,74,82.3,52,77100,6076180,2010-08-10 00:00:00,1
2010-08-11 00:00:00,2010-08-11 00:00:00,87.5,2010-08-11 00:00:00,82,83.1,88,383700,32090070,2010-08-11 00:00:00,1
2010-08-12 00:00:00,2010-08-12 00:00:00,84.4,2010-08-12 00:00:00,83.5,84.1,109,91900,7718690,2010-08-12 00:00:00,1
2010-08-13 00:00:00,2010-08-13 00:00:00,92.5,2010-08-13 00:00:00,85,92.5,399,671200,60475880,2010-08-13 00:00:00,1
2010-08-16 00:00:00,2010-08-16 00:00:00,100,2010-08-16 00:00:00,90,91.6,207,473800,43797840,2010-08-16 00:00:00,1
2010-08-17 00:00:00,2010-08-17 00:00:00,92,2010-08-17 00:00:00,88,90.5,85,138500,12496880,2010-08-17 00:00:00,1
2010-08-18 00:00:00,2010-08-18 00:00:00,97.8,2010-08-18 00:00:00,90,93.1,175,320100,29910360,2010-08-18 00:00:00,1
2010-08-19 00:00:00,2010-08-19 00:00:00,95,2010-08-19 00:00:00,92,93.8,109,170300,16113740,2010-08-19 00:00:00,1
2010-08-20 00:00:00,2010-08-20 00:00:00,99.5,2010-08-20 00:00:00,92,95.3,137,326200,31171880,2010-08-20 00:00:00,1
2010-08-23 00:00:00,2010-08-23 00:00:00,96,2010-08-23 00:00:00,94,95.2,74,97000,9212210,2010-08-23 00:00:00,1
2010-08-25 00:00:00,2010-08-25 00:00:00,99,2010-08-25 00:00:00,95,97.3,90,111100,10783380,2010-08-25 00:00:00,1
2010-08-26 00:00:00,2010-08-26 00:00:00,103,2010-08-26 00:00:00,96,101.7,233,315900,31612360,2010-08-26 00:00:00,1
2010-08-27 00:00:00,2010-08-27 00:00:00,111.8,2010-08-27 00:00:00,103,111.8,456,491800,54230630,2010-08-27 00:00:00,1
2010-08-30 00:00:00,2010-08-30 00:00:00,120.5,2010-08-30 00:00:00,113,114,341,397400,46271730,2010-08-30 00:00:00,1
2010-08-31 00:00:00,2010-08-31 00:00:00,116,2010-08-31 00:00:00,110,111,117,138200,15469710,2010-08-31 00:00:00,1
2010-09-01 00:00:00,2010-09-01 00:00:00,122.1,2010-09-01 00:00:00,109.8,120.3,333,445700,52251920,2010-09-01 00:00:00,1
2010-09-02 00:00:00,2010-09-02 00:00:00,130,2010-09-02 00:00:00,122,126.3,429,531400,67247970,2010-09-02 00:00:00,1
2010-09-03 00:00:00,2010-09-03 00:00:00,138.7,2010-09-03 00:00:00,127,130.2,806,658400,88600410,2010-09-03 00:00:00,1
2010-09-06 00:00:00,2010-09-06 00:00:00,130,2010-09-06 00:00:00,123.5,124.1,165,101200,12687570,2010-09-06 00:00:00,1
2010-09-07 00:00:00,2010-09-07 00:00:00,129,2010-09-07 00:00:00,124.1,125.7,121,106900,13436070,2010-09-07 00:00:00,1
2010-09-08 00:00:00,2010-09-08 00:00:00,125.7,2010-09-08 00:00:00,120.6,122.3,99,175200,21725820,2010-09-08 00:00:00,1
2010-09-09 00:00:00,2010-09-09 00:00:00,123,2010-09-09 00:00:00,119,119,109,99300,11932930,2010-09-09 00:00:00,1
2010-09-13 00:00:00,2010-09-13 00:00:00,125,2010-09-13 00:00:00,118.6,120.1,60,172100,20712330,2010-09-13 00:00:00,1
2010-09-14 00:00:00,2010-09-14 00:00:00,122,2010-09-14 00:00:00,118,119.1,60,76900,9174770,2010-09-14 00:00:00,1
2010-09-15 00:00:00,2010-09-15 00:00:00,121,2010-09-15 00:00:00,115.5,120.1,43,51700,6144540,2010-09-15 00:00:00,1
2010-09-16 00:00:00,2010-09-16 00:00:00,129,2010-09-16 00:00:00,118,124,76,194700,24376000,2010-09-16 00:00:00,1
2010-09-17 00:00:00,2010-09-17 00:00:00,125.1,2010-09-17 00:00:00,122,122.3,50,42000,5210280,2010-09-17 00:00:00,1
2010-09-20 00:00:00,2010-09-20 00:00:00,126,2010-09-20 00:00:00,122,123,26,20000,2478300,2010-09-20 00:00:00,1
2010-09-21 00:00:00,2010-09-21 00:00:00,129.5,2010-09-21 00:00:00,119.5,124.6,77,103300,12903330,2010-09-21 00:00:00,1
2010-09-23 00:00:00,2010-09-23 00:00:00,124,2010-09-23 00:00:00,119,120.2,52,41400,5025110,2010-09-23 00:00:00,1
2010-09-24 00:00:00,2010-09-24 00:00:00,123,2010-09-24 00:00:00,118,122,53,38200,4618050,2010-09-24 00:00:00,1
2010-09-27 00:00:00,2010-09-27 00:00:00,120,2010-09-27 00:00:00,118,118,40,35300,4206200,2010-09-27 00:00:00,1
2010-09-28 00:00:00,2010-09-28 00:00:00,120,2010-09-28 00:00:00,117.9,118.1,52,72200,8543050,2010-09-28 00:00:00,1
2010-09-29 00:00:00,2010-09-29 00:00:00,121,2010-09-29 00:00:00,118,119.2,62,130100,15531860,2010-09-29 00:00:00,1
2010-09-30 00:00:00,2010-09-30 00:00:00,118.4,2010-09-30 00:00:00,115,115.3,59,64700,7529600,2010-09-30 00:00:00,1
2010-10-01 00:00:00,2010-10-01 00:00:00,118,2010-10-01 00:00:00,115,115.2,42,53900,6220440,2010-10-01 00:00:00,1
2010-10-04 00:00:00,2010-10-04 00:00:00,115.1,2010-10-04 00:00:00,114,114,44,53600,6144820,2010-10-04 00:00:00,1
2010-10-05 00:00:00,2010-10-05 00:00:00,119,2010-10-05 00:00:00,113.1,114.2,73,62600,7181150,2010-10-05 00:00:00,1
2010-10-06 00:00:00,2010-10-06 00:00:00,115,2010-10-06 00:00:00,112,112.5,40,17900,2020910,2010-10-06 00:00:00,1
2010-10-07 00:00:00,2010-10-07 00:00:00,115,2010-10-07 00:00:00,107,110.1,33,30100,3369250,2010-10-07 00:00:00,1
2010-10-08 00:00:00,2010-10-08 00:00:00,114,2010-10-08 00:00:00,110,113,7,2900,325820,2010-10-08 00:00:00,1
2010-10-11 00:00:00,2010-10-11 00:00:00,115,2010-10-11 00:00:00,111,111,23,9500,1072400,2010-10-11 00:00:00,1
2010-10-12 00:00:00,2010-10-12 00:00:00,110.2,2010-10-12 00:00:00,105.1,105.4,35,15600,1668320,2010-10-12 00:00:00,1
2010-10-13 00:00:00,2010-10-13 00:00:00,109.9,2010-10-13 00:00:00,90,101.8,76,52100,5148440,2010-10-13 00:00:00,1
2010-10-14 00:00:00,2010-10-14 00:00:00,105,2010-10-14 00:00:00,102,102.1,26,15600,1603320,2010-10-14 00:00:00,1
2010-10-15 00:00:00,2010-10-15 00:00:00,104.5,2010-10-15 00:00:00,102.5,103.4,23,7600,783340,2010-10-15 00:00:00,1
2010-10-18 00:00:00,2010-10-18 00:00:00,107.9,2010-10-18 00:00:00,103,106.7,22,6500,680970,2010-10-18 00:00:00,1
2010-10-19 00:00:00,2010-10-19 00:00:00,108.5,2010-10-19 00:00:00,104,106.9,23,5500,586240,2010-10-19 00:00:00,1
2010-10-20 00:00:00,2010-10-20 00:00:00,110.1,2010-10-20 00:00:00,109.5,110,19,7300,803000,2010-10-20 00:00:00,1
2010-10-21 00:00:00,2010-10-21 00:00:00,108,2010-10-21 00:00:00,105,105.4,15,2300,243110,2010-10-21 00:00:00,1
2010-10-25 00:00:00,2010-10-25 00:00:00,105.2,2010-10-25 00:00:00,103.1,103.2,14,4900,511670,2010-10-25 00:00:00,1
2010-10-26 00:00:00,2010-10-26 00:00:00,103.5,2010-10-26 00:00:00,102,102.5,26,14500,1488030,2010-10-26 00:00:00,1
2010-10-27 00:00:00,2010-10-27 00:00:00,102.1,2010-10-27 00:00:00,95,97.6,10,4200,419260,2010-10-27 00:00:00,1
2010-10-28 00:00:00,2010-10-28 00:00:00,101,2010-10-28 00:00:00,100,100.4,35,16200,1623250,2010-10-28 00:00:00,1
2010-10-29 00:00:00,2010-10-29 00:00:00,103.2,2010-10-29 00:00:00,100,102.2,40,67800,6922160,2010-10-29 00:00:00,1
2010-11-01 00:00:00,2010-11-01 00:00:00,103,2010-11-01 00:00:00,102.2,102.7,24,24500,2511850,2010-11-01 00:00:00,1
2010-11-08 00:00:00,2010-11-08 00:00:00,90,2010-11-08 00:00:00,49,49,19,13300,705920,2010-11-08 00:00:00,1
2010-11-09 00:00:00,2010-11-09 00:00:00,49,2010-11-09 00:00:00,48.1,48.6,31,13000,631900,2010-11-09 00:00:00,1
2010-11-10 00:00:00,2010-11-10 00:00:00,48.1,2010-11-10 00:00:00,47,47.2,15,7200,340680,2010-11-10 00:00:00,1
2010-11-11 00:00:00,2010-11-11 00:00:00,48,2010-11-11 00:00:00,46.8,48,6,6900,326600,2010-11-11 00:00:00,1
2010-11-12 00:00:00,2010-11-12 00:00:00,47.8,2010-11-12 00:00:00,47.5,47.7,6,5600,266470,2010-11-12 00:00:00,1
2010-11-15 00:00:00,2010-11-15 00:00:00,48,2010-11-15 00:00:00,47.4,47.7,13,7100,338460,2010-11-15 00:00:00,1
2010-11-16 00:00:00,2010-11-16 00:00:00,47,2010-11-16 00:00:00,45.1,45.5,21,11400,524170,2010-11-16 00:00:00,1
2010-11-18 00:00:00,2010-11-18 00:00:00,48.7,2010-11-18 00:00:00,47.4,48.5,19,20800,1004270,2010-11-18 00:00:00,1
2010-11-22 00:00:00,2010-11-22 00:00:00,48.5,2010-11-22 00:00:00,46,46.4,12,10600,493070,2010-11-22 00:00:00,1
2010-11-23 00:00:00,2010-11-23 00:00:00,47,2010-11-23 00:00:00,45.8,46.6,12,3400,157320,2010-11-23 00:00:00,1
2010-11-24 00:00:00,2010-11-24 00:00:00,46,2010-11-24 00:00:00,45.8,45.9,15,11900,545940,2010-11-24 00:00:00,1
2010-11-25 00:00:00,2010-11-25 00:00:00,45.1,2010-11-25 00:00:00,44,44.2,22,12600,557860,2010-11-25 00:00:00,1
2010-11-26 00:00:00,2010-11-26 00:00:00,44,2010-11-26 00:00:00,43,43.2,38,22000,963020,2010-11-26 00:00:00,1
2010-11-29 00:00:00,2010-11-29 00:00:00,43.2,2010-11-29 00:00:00,40,40.1,62,177800,7328160,2010-11-29 00:00:00,1
2010-11-30 00:00:00,2010-11-30 00:00:00,45.7,2010-11-30 00:00:00,42,43.9,33,16500,719620,2010-11-30 00:00:00,1
2010-12-01 00:00:00,2010-12-01 00:00:00,48.5,2010-12-01 00:00:00,44,48.1,100,160000,7660700,2010-12-01 00:00:00,1
2010-12-02 00:00:00,2010-12-02 00:00:00,49.5,2010-12-02 00:00:00,47,47.4,55,58100,2792690,2010-12-02 00:00:00,1
2010-12-03 00:00:00,2010-12-03 00:00:00,47,2010-12-03 00:00:00,44.1,44.8,65,67400,3041280,2010-12-03 00:00:00,1
2010-12-06 00:00:00,2010-12-06 00:00:00,44,2010-12-06 00:00:00,43,43.5,24,12900,559470,2010-12-06 00:00:00,1
2010-12-07 00:00:00,2010-12-07 00:00:00,45,2010-12-07 00:00:00,43,44.9,18,7700,344800,2010-12-07 00:00:00,1
2010-12-08 00:00:00,2010-12-08 00:00:00,45,2010-12-08 00:00:00,44,44.9,17,22600,1013630,2010-12-08 00:00:00,1
2010-12-09 00:00:00,2010-12-09 00:00:00,45,2010-12-09 00:00:00,44,44.5,26,13900,619700,2010-12-09 00:00:00,1
2010-12-10 00:00:00,2010-12-10 00:00:00,44,2010-12-10 00:00:00,43,43.7,17,7800,336140,2010-12-10 00:00:00,1
2010-12-13 00:00:00,2010-12-13 00:00:00,43.5,2010-12-13 00:00:00,42,43.5,20,6300,267620,2010-12-13 00:00:00,1
2010-12-14 00:00:00,2010-12-14 00:00:00,43,2010-12-14 00:00:00,41.6,42,26,60600,2570890,2010-12-14 00:00:00,1
2010-12-15 00:00:00,2010-12-15 00:00:00,43,2010-12-15 00:00:00,41.5,43,8,1500,63300,2010-12-15 00:00:00,1
2010-12-16 00:00:00,2010-12-16 00:00:00,43,2010-12-16 00:00:00,42,42.9,10,3500,147740,2010-12-16 00:00:00,1
2010-12-17 00:00:00,2010-12-17 00:00:00,44.4,2010-12-17 00:00:00,42.1,43.9,10,3800,164630,2010-12-17 00:00:00,1
2010-12-21 00:00:00,2010-12-21 00:00:00,45.4,2010-12-21 00:00:00,44,44.7,29,27000,1209210,2010-12-21 00:00:00,1
2010-12-22 00:00:00,2010-12-22 00:00:00,47.4,2010-12-22 00:00:00,44,47.3,80,135600,6249230,2010-12-22 00:00:00,1
2010-12-23 00:00:00,2010-12-23 00:00:00,48,2010-12-23 00:00:00,47,47.9,54,68800,3295660,2010-12-23 00:00:00,1
2010-12-24 00:00:00,2010-12-24 00:00:00,49,2010-12-24 00:00:00,47.9,48.2,20,15900,771710,2010-12-24 00:00:00,1
2010-12-27 00:00:00,2010-12-27 00:00:00,48.7,2010-12-27 00:00:00,46.1,48.5,21,12900,616790,2010-12-27 00:00:00,1
2010-12-28 00:00:00,2010-12-28 00:00:00,50,2010-12-28 00:00:00,48,48.2,42,24400,1193620,2010-12-28 00:00:00,1
2010-12-29 00:00:00,2010-12-29 00:00:00,48.5,2010-12-29 00:00:00,47,48,34,59300,2823540,2010-12-29 00:00:00,1
2010-12-30 00:00:00,2010-12-30 00:00:00,48.9,2010-12-30 00:00:00,46,46.5,55,94000,4377350,2010-12-30 00:00:00,1
2010-12-31 00:00:00,2010-12-31 00:00:00,49.4,2010-12-31 00:00:00,47,49.3,47,35400,1723190,2010-12-31 00:00:00,1
Company Id,:  UAL,Security,Type :  N,Sub Type,:  0000,,,,,
Short Name,:  UNION ASS,URANCE,,,,,,,,
Day,Date High,High,Date Low,Low,Closing,No. of Trades,No. of Shares,Turnover,Last Traded,Days Traded
2010-01-04 00:00:00,2010-01-04 00:00:00,97.25,2010-01-04 00:00:00,90.75,97.25,7,3500,328225,2010-01-04 00:00:00,1
2010-01-05 00:00:00,2010-01-05 00:00:00,95,2010-01-05 00:00:00,95,95,2,600,57000,2010-01-05 00:00:00,1
2010-01-06 00:00:00,2010-01-06 00:00:00,95,2010-01-06 00:00:00,95,95,4,1600,152000,2010-01-06 00:00:00,1
2010-01-08 00:00:00,2010-01-08 00:00:00,97.5,2010-01-08 00:00:00,96,97.25,8,2300,223800,2010-01-08 00:00:00,1
2010-01-11 00:00:00,2010-01-11 00:00:00,96.75,2010-01-11 00:00:00,96.75,96.75,1,300,29025,2010-01-11 00:00:00,1
2010-01-12 00:00:00,2010-01-12 00:00:00,92,2010-01-12 00:00:00,92,92,2,1000,92000,2010-01-12 00:00:00,1
2010-01-13 00:00:00,2010-01-13 00:00:00,94,2010-01-13 00:00:00,92,92.25,5,2900,267250,2010-01-13 00:00:00,1
2010-01-15 00:00:00,2010-01-15 00:00:00,95,2010-01-15 00:00:00,92.5,95,4,2000,189750,2010-01-15 00:00:00,1
2010-01-18 00:00:00,2010-01-18 00:00:00,95,2010-01-18 00:00:00,95,95,4,2200,209000,2010-01-18 00:00:00,1
2010-01-19 00:00:00,2010-01-19 00:00:00,92.5,2010-01-19 00:00:00,92.5,92.5,4,1900,175750,2010-01-19 00:00:00,1
2010-01-20 00:00:00,2010-01-20 00:00:00,95,2010-01-20 00:00:00,92.5,93.5,9,4300,400650,2010-01-20 00:00:00,1
2010-01-21 00:00:00,2010-01-21 00:00:00,93.5,2010-01-21 00:00:00,93,93,5,3900,364400,2010-01-21 00:00:00,1
2010-01-22 00:00:00,2010-01-22 00:00:00,96,2010-01-22 00:00:00,93,94.5,7,2200,207850,2010-01-22 00:00:00,1
2010-01-25 00:00:00,2010-01-25 00:00:00,94.5,2010-01-25 00:00:00,94.5,94.5,1,1400,132300,2010-01-25 00:00:00,1
2010-01-28 00:00:00,2010-01-28 00:00:00,95,2010-01-28 00:00:00,95,95,1,400,38000,2010-01-28 00:00:00,1
2010-02-01 00:00:00,2010-02-01 00:00:00,93.5,2010-02-01 00:00:00,93,93,2,2200,204650,2010-02-01 00:00:00,1
2010-02-02 00:00:00,2010-02-02 00:00:00,93.25,2010-02-02 00:00:00,93,93.25,4,1500,139750,2010-02-02 00:00:00,1
2010-02-03 00:00:00,2010-02-03 00:00:00,103,2010-02-03 00:00:00,93.25,99.75,16,6500,631450,2010-02-03 00:00:00,1
2010-02-08 00:00:00,2010-02-08 00:00:00,102.75,2010-02-08 00:00:00,96.25,100.25,13,14900,1493975,2010-02-08 00:00:00,1
2010-02-09 00:00:00,2010-02-09 00:00:00,109,2010-02-09 00:00:00,102,104.75,33,13900,1440150,2010-02-09 00:00:00,1
2010-02-10 00:00:00,2010-02-10 00:00:00,104.5,2010-02-10 00:00:00,102,102,11,8200,847175,2010-02-10 00:00:00,1
2010-02-11 00:00:00,2010-02-11 00:00:00,100.25,2010-02-11 00:00:00,100,100,6,2300,230125,2010-02-11 00:00:00,1
2010-02-12 00:00:00,2010-02-12 00:00:00,100,2010-02-12 00:00:00,99,100,4,4700,469800,2010-02-12 00:00:00,1
2010-02-15 00:00:00,2010-02-15 00:00:00,102,2010-02-15 00:00:00,100,101,4,1300,130200,2010-02-15 00:00:00,1
2010-02-16 00:00:00,2010-02-16 00:00:00,100,2010-02-16 00:00:00,100,100,5,3200,320000,2010-02-16 00:00:00,1
2010-02-17 00:00:00,2010-02-17 00:00:00,100,2010-02-17 00:00:00,100,100,1,300,30000,2010-02-17 00:00:00,1
2010-02-18 00:00:00,2010-02-18 00:00:00,102,2010-02-18 00:00:00,100,101.75,8,5200,529175,2010-02-18 00:00:00,1
2010-02-19 00:00:00,2010-02-19 00:00:00,100.25,2010-02-19 00:00:00,100.25,100.25,2,1000,100250,2010-02-19 00:00:00,1
2010-02-22 00:00:00,2010-02-22 00:00:00,104.75,2010-02-22 00:00:00,103,103,7,12300,1282825,2010-02-22 00:00:00,1
2010-02-23 00:00:00,2010-02-23 00:00:00,103,2010-02-23 00:00:00,103,103,5,1400,144200,2010-02-23 00:00:00,1
2010-02-25 00:00:00,2010-02-25 00:00:00,100,2010-02-25 00:00:00,100,100,5,3400,340000,2010-02-25 00:00:00,1
2010-02-26 00:00:00,2010-02-26 00:00:00,108.5,2010-02-26 00:00:00,108.5,108.5,1,100,10850,2010-02-26 00:00:00,1
2010-03-01 00:00:00,2010-03-01 00:00:00,110,2010-03-01 00:00:00,102.25,102.25,7,5100,558125,2010-03-01 00:00:00,1
2010-03-02 00:00:00,2010-03-02 00:00:00,102.5,2010-03-02 00:00:00,102.25,102.5,4,1400,143350,2010-03-02 00:00:00,1
2010-03-05 00:00:00,2010-03-05 00:00:00,103,2010-03-05 00:00:00,103,103,2,900,92700,2010-03-05 00:00:00,1
2010-03-09 00:00:00,2010-03-09 00:00:00,104.5,2010-03-09 00:00:00,103,103,14,4700,488250,2010-03-09 00:00:00,1
2010-03-10 00:00:00,2010-03-10 00:00:00,104,2010-03-10 00:00:00,103.5,103.75,4,1100,114150,2010-03-10 00:00:00,1
2010-03-11 00:00:00,2010-03-11 00:00:00,108,2010-03-11 00:00:00,108,108,1,200,21600,2010-03-11 00:00:00,1
2010-03-12 00:00:00,2010-03-12 00:00:00,108,2010-03-12 00:00:00,107,108,9,11400,1221200,2010-03-12 00:00:00,1
2010-03-17 00:00:00,2010-03-17 00:00:00,105,2010-03-17 00:00:00,104,104.25,2,500,52100,2010-03-17 00:00:00,1
2010-03-25 00:00:00,2010-03-25 00:00:00,103,2010-03-25 00:00:00,102.5,102.75,3,500,51400,2010-03-25 00:00:00,1
2010-03-31 00:00:00,2010-03-31 00:00:00,105,2010-03-31 00:00:00,104,104,4,800,83800,2010-03-31 00:00:00,1
2010-04-01 00:00:00,2010-04-01 00:00:00,103,2010-04-01 00:00:00,94,100,6,700,69950,2010-04-01 00:00:00,1
2010-04-06 00:00:00,2010-04-06 00:00:00,108,2010-04-06 00:00:00,103,107.75,16,12300,1317650,2010-04-06 00:00:00,1
2010-04-07 00:00:00,2010-04-07 00:00:00,108.25,2010-04-07 00:00:00,107.75,108,6,3000,324000,2010-04-07 00:00:00,1
2010-04-12 00:00:00,2010-04-12 00:00:00,111,2010-04-12 00:00:00,108.25,110.5,20,8600,944925,2010-04-12 00:00:00,1
2010-04-16 00:00:00,2010-04-16 00:00:00,111,2010-04-16 00:00:00,110,110.75,3,4000,443000,2010-04-16 00:00:00,1
2010-04-19 00:00:00,2010-04-19 00:00:00,112.75,2010-04-19 00:00:00,110.75,111.75,10,6300,704200,2010-04-19 00:00:00,1
2010-04-20 00:00:00,2010-04-20 00:00:00,110.75,2010-04-20 00:00:00,110.75,110.75,10,10100,1118575,2010-04-20 00:00:00,1
2010-04-21 00:00:00,2010-04-21 00:00:00,110.75,2010-04-21 00:00:00,110.75,110.75,11,3700,409775,2010-04-21 00:00:00,1
2010-04-26 00:00:00,2010-04-26 00:00:00,111,2010-04-26 00:00:00,110.75,110.75,3,500,55450,2010-04-26 00:00:00,1
2010-04-29 00:00:00,2010-04-29 00:00:00,117,2010-04-29 00:00:00,117,117,7,3200,374400,2010-04-29 00:00:00,1
2010-05-03 00:00:00,2010-05-03 00:00:00,117,2010-05-03 00:00:00,116.75,117,10,5100,596575,2010-05-03 00:00:00,1
2010-05-07 00:00:00,2010-05-07 00:00:00,110,2010-05-07 00:00:00,110,110,1,100,11000,2010-05-07 00:00:00,1
2010-05-10 00:00:00,2010-05-10 00:00:00,112,2010-05-10 00:00:00,112,112,15,15800,1769600,2010-05-10 00:00:00,1
2010-05-11 00:00:00,2010-05-11 00:00:00,112,2010-05-11 00:00:00,112,112,2,2900,324800,2010-05-11 00:00:00,1
2010-05-12 00:00:00,2010-05-12 00:00:00,112,2010-05-12 00:00:00,112,112,1,300,33600,2010-05-12 00:00:00,1
2010-05-13 00:00:00,2010-05-13 00:00:00,112,2010-05-13 00:00:00,112,112,1,2100,235200,2010-05-13 00:00:00,1
2010-05-17 00:00:00,2010-05-17 00:00:00,112.25,2010-05-17 00:00:00,112,112.25,2,400,44850,2010-05-17 00:00:00,1
2010-05-19 00:00:00,2010-05-19 00:00:00,112,2010-05-19 00:00:00,112,112,1,100,11200,2010-05-19 00:00:00,1
2010-05-20 00:00:00,2010-05-20 00:00:00,112,2010-05-20 00:00:00,112,112,3,700,78400,2010-05-20 00:00:00,1
2010-05-21 00:00:00,2010-05-21 00:00:00,112,2010-05-21 00:00:00,110,112,4,1700,190200,2010-05-21 00:00:00,1
2010-05-31 00:00:00,2010-05-31 00:00:00,112,2010-05-31 00:00:00,111,112,7,4000,447700,2010-05-31 00:00:00,1
2010-06-01 00:00:00,2010-06-01 00:00:00,115,2010-06-01 00:00:00,112,115,3,1000,113500,2010-06-01 00:00:00,1
2010-06-03 00:00:00,2010-06-03 00:00:00,114.75,2010-06-03 00:00:00,114.75,114.75,1,100,11475,2010-06-03 00:00:00,1
2010-06-08 00:00:00,2010-06-08 00:00:00,119.5,2010-06-08 00:00:00,114.75,115.5,8,4500,519950,2010-06-08 00:00:00,1
2010-06-09 00:00:00,2010-06-09 00:00:00,118.5,2010-06-09 00:00:00,118.5,118.5,2,500,59250,2010-06-09 00:00:00,1
2010-06-10 00:00:00,2010-06-10 00:00:00,119,2010-06-10 00:00:00,115,115.5,4,1900,225400,2010-06-10 00:00:00,1
2010-06-14 00:00:00,2010-06-14 00:00:00,119,2010-06-14 00:00:00,115.5,115.5,3,3000,346850,2010-06-14 00:00:00,1
2010-06-21 00:00:00,2010-06-21 00:00:00,118.75,2010-06-21 00:00:00,118.5,118.5,3,1900,225200,2010-06-21 00:00:00,1
2010-06-22 00:00:00,2010-06-22 00:00:00,116.25,2010-06-22 00:00:00,116.25,116.25,1,500,58125,2010-06-22 00:00:00,1
2010-06-23 00:00:00,2010-06-23 00:00:00,115.5,2010-06-23 00:00:00,115.5,115.5,1,100,11550,2010-06-23 00:00:00,1
2010-07-01 00:00:00,2010-07-01 00:00:00,100,2010-07-01 00:00:00,100,100,1,100,10000,2010-07-01 00:00:00,1
2010-07-05 00:00:00,2010-07-05 00:00:00,103,2010-07-05 00:00:00,102.75,102.75,2,1600,164550,2010-07-05 00:00:00,1
2010-07-12 00:00:00,2010-07-12 00:00:00,105.25,2010-07-12 00:00:00,103.25,104.5,6,2100,219375,2010-07-12 00:00:00,1
2010-07-13 00:00:00,2010-07-13 00:00:00,107.5,2010-07-13 00:00:00,105,107.25,2,1100,118000,2010-07-13 00:00:00,1
2010-07-14 00:00:00,2010-07-14 00:00:00,107.5,2010-07-14 00:00:00,105,106,4,1600,171000,2010-07-14 00:00:00,1
2010-07-16 00:00:00,2010-07-16 00:00:00,106,2010-07-16 00:00:00,105.5,106,3,1100,116250,2010-07-16 00:00:00,1
2010-07-19 00:00:00,2010-07-19 00:00:00,106.25,2010-07-19 00:00:00,106,106,3,1500,159050,2010-07-19 00:00:00,1
2010-07-20 00:00:00,2010-07-20 00:00:00,107,2010-07-20 00:00:00,107,107,1,500,53500,2010-07-20 00:00:00,1
2010-07-21 00:00:00,2010-07-21 00:00:00,110,2010-07-21 00:00:00,107.5,110,8,2300,251850,2010-07-21 00:00:00,1
2010-07-23 00:00:00,2010-07-23 00:00:00,110.25,2010-07-23 00:00:00,110.25,110.25,1,100,11025,2010-07-23 00:00:00,1
2010-07-26 00:00:00,2010-07-26 00:00:00,110.5,2010-07-26 00:00:00,110.25,110.25,3,1400,154375,2010-07-26 00:00:00,1
2010-07-27 00:00:00,2010-07-27 00:00:00,114,2010-07-27 00:00:00,110.25,114,4,900,100125,2010-07-27 00:00:00,1
2010-07-28 00:00:00,2010-07-28 00:00:00,140,2010-07-28 00:00:00,114,130.75,32,7400,949275,2010-07-28 00:00:00,1
2010-07-29 00:00:00,2010-07-29 00:00:00,130.5,2010-07-29 00:00:00,120,120.75,12,5200,641850,2010-07-29 00:00:00,1
2010-08-02 00:00:00,2010-08-02 00:00:00,121,2010-08-02 00:00:00,120.8,120.8,5,1900,229560,2010-08-02 00:00:00,1
2010-08-03 00:00:00,2010-08-03 00:00:00,121,2010-08-03 00:00:00,121,121,3,800,96800,2010-08-03 00:00:00,1
2010-08-04 00:00:00,2010-08-04 00:00:00,125,2010-08-04 00:00:00,120,120,3,800,97500,2010-08-04 00:00:00,1
2010-08-05 00:00:00,2010-08-05 00:00:00,121,2010-08-05 00:00:00,121,121,8,5000,605000,2010-08-05 00:00:00,1
2010-08-06 00:00:00,2010-08-06 00:00:00,119.9,2010-08-06 00:00:00,119.9,119.9,1,100,11990,2010-08-06 00:00:00,1
2010-08-09 00:00:00,2010-08-09 00:00:00,110,2010-08-09 00:00:00,108,108,5,2000,218000,2010-08-09 00:00:00,1
2010-08-16 00:00:00,2010-08-16 00:00:00,108,2010-08-16 00:00:00,108,108,2,1200,129600,2010-08-16 00:00:00,1
2010-08-17 00:00:00,2010-08-17 00:00:00,111,2010-08-17 00:00:00,110,110.6,2,1800,199000,2010-08-17 00:00:00,1
2010-08-18 00:00:00,2010-08-18 00:00:00,110.2,2010-08-18 00:00:00,110.1,110.1,3,800,88100,2010-08-18 00:00:00,1
2010-08-19 00:00:00,2010-08-19 00:00:00,120,2010-08-19 00:00:00,120,120,1,100,12000,2010-08-19 00:00:00,1
2010-08-20 00:00:00,2010-08-20 00:00:00,120,2010-08-20 00:00:00,120,120,1,1000,120000,2010-08-20 00:00:00,1
2010-08-23 00:00:00,2010-08-23 00:00:00,120,2010-08-23 00:00:00,120,120,1,100,12000,2010-08-23 00:00:00,1
2010-08-25 00:00:00,2010-08-25 00:00:00,121,2010-08-25 00:00:00,120,120.2,4,2100,252350,2010-08-25 00:00:00,1
2010-08-26 00:00:00,2010-08-26 00:00:00,125,2010-08-26 00:00:00,120,121.5,4,3500,425250,2010-08-26 00:00:00,1
2010-08-27 00:00:00,2010-08-27 00:00:00,120,2010-08-27 00:00:00,120,120,1,100,12000,2010-08-27 00:00:00,1
2010-08-30 00:00:00,2010-08-30 00:00:00,120,2010-08-30 00:00:00,120,120,3,2700,324000,2010-08-30 00:00:00,1
2010-09-02 00:00:00,2010-09-02 00:00:00,132,2010-09-02 00:00:00,130,131.6,4,1000,131600,2010-09-02 00:00:00,1
2010-09-03 00:00:00,2010-09-03 00:00:00,131.6,2010-09-03 00:00:00,131.6,131.6,5,1000,131600,2010-09-03 00:00:00,1
2010-09-07 00:00:00,2010-09-07 00:00:00,132,2010-09-07 00:00:00,132,132,1,100,13200,2010-09-07 00:00:00,1
2010-09-08 00:00:00,2010-09-08 00:00:00,131.6,2010-09-08 00:00:00,131.6,131.6,1,100,13160,2010-09-08 00:00:00,1
2010-09-09 00:00:00,2010-09-09 00:00:00,131,2010-09-09 00:00:00,131,131,1,100,13100,2010-09-09 00:00:00,1
2010-09-13 00:00:00,2010-09-13 00:00:00,131,2010-09-13 00:00:00,127,127,6,3800,492640,2010-09-13 00:00:00,1
2010-09-16 00:00:00,2010-09-16 00:00:00,129.9,2010-09-16 00:00:00,129,129.2,5,1000,129170,2010-09-16 00:00:00,1
2010-09-17 00:00:00,2010-09-17 00:00:00,133,2010-09-17 00:00:00,133,133,2,1000,133000,2010-09-17 00:00:00,1
2010-09-20 00:00:00,2010-09-20 00:00:00,130,2010-09-20 00:00:00,130,130,2,500,65000,2010-09-20 00:00:00,1
2010-09-21 00:00:00,2010-09-21 00:00:00,195,2010-09-21 00:00:00,125,181.6,43,28200,4592180,2010-09-21 00:00:00,1
2010-09-23 00:00:00,2010-09-23 00:00:00,198,2010-09-23 00:00:00,180,190,16,6600,1240690,2010-09-23 00:00:00,1
2010-09-24 00:00:00,2010-09-24 00:00:00,194.9,2010-09-24 00:00:00,131,194.9,2,200,32590,2010-09-24 00:00:00,1
2010-09-27 00:00:00,2010-09-27 00:00:00,191.9,2010-09-27 00:00:00,160.1,163.6,6,2200,383890,2010-09-27 00:00:00,1
2010-09-28 00:00:00,2010-09-28 00:00:00,175,2010-09-28 00:00:00,160,160,11,3700,602750,2010-09-28 00:00:00,1
2010-10-01 00:00:00,2010-10-01 00:00:00,165,2010-10-01 00:00:00,160,165,3,1800,292000,2010-10-01 00:00:00,1
2010-10-04 00:00:00,2010-10-04 00:00:00,164.9,2010-10-04 00:00:00,156,164.5,6,1700,276700,2010-10-04 00:00:00,1
2010-10-05 00:00:00,2010-10-05 00:00:00,164,2010-10-05 00:00:00,164,164,1,100,16400,2010-10-05 00:00:00,1
2010-10-07 00:00:00,2010-10-07 00:00:00,164,2010-10-07 00:00:00,159,159.8,4,500,80300,2010-10-07 00:00:00,1
2010-10-12 00:00:00,2010-10-12 00:00:00,135,2010-10-12 00:00:00,134,134.5,2,400,53800,2010-10-12 00:00:00,1
2010-10-13 00:00:00,2010-10-13 00:00:00,130.1,2010-10-13 00:00:00,125,127.1,5,4800,610200,2010-10-13 00:00:00,1
2010-10-14 00:00:00,2010-10-14 00:00:00,140,2010-10-14 00:00:00,130,133,9,4900,651520,2010-10-14 00:00:00,1
2010-10-18 00:00:00,2010-10-18 00:00:00,130,2010-10-18 00:00:00,130,130,2,1000,130000,2010-10-18 00:00:00,1
2010-10-19 00:00:00,2010-10-19 00:00:00,135,2010-10-19 00:00:00,130,130,3,2000,265500,2010-10-19 00:00:00,1
2010-10-21 00:00:00,2010-10-21 00:00:00,130.5,2010-10-21 00:00:00,130,130.1,4,1500,195110,2010-10-21 00:00:00,1
2010-10-25 00:00:00,2010-10-25 00:00:00,127,2010-10-25 00:00:00,126,126.1,6,800,100900,2010-10-25 00:00:00,1
2010-10-26 00:00:00,2010-10-26 00:00:00,122.2,2010-10-26 00:00:00,122.1,122.2,2,200,24430,2010-10-26 00:00:00,1
2010-10-28 00:00:00,2010-10-28 00:00:00,126,2010-10-28 00:00:00,122,123.3,17,4800,591870,2010-10-28 00:00:00,1
2010-10-29 00:00:00,2010-10-29 00:00:00,122.5,2010-10-29 00:00:00,122.5,122.5,3,400,49000,2010-10-29 00:00:00,1
2010-11-01 00:00:00,2010-11-01 00:00:00,126,2010-11-01 00:00:00,122.5,126,3,1200,147350,2010-11-01 00:00:00,1
2010-11-02 00:00:00,2010-11-02 00:00:00,140,2010-11-02 00:00:00,127,138.9,15,3400,465390,2010-11-02 00:00:00,1
2010-11-03 00:00:00,2010-11-03 00:00:00,140,2010-11-03 00:00:00,139.8,139.8,5,1800,251720,2010-11-03 00:00:00,1
2010-11-04 00:00:00,2010-11-04 00:00:00,133,2010-11-04 00:00:00,130,133,3,600,78300,2010-11-04 00:00:00,1
2010-11-08 00:00:00,2010-11-08 00:00:00,133,2010-11-08 00:00:00,133,133,3,1100,146300,2010-11-08 00:00:00,1
2010-11-10 00:00:00,2010-11-10 00:00:00,128,2010-11-10 00:00:00,128,128,1,300,38400,2010-11-10 00:00:00,1
2010-11-11 00:00:00,2010-11-11 00:00:00,125,2010-11-11 00:00:00,125,125,1,100,12500,2010-11-11 00:00:00,1
2010-11-18 00:00:00,2010-11-18 00:00:00,125,2010-11-18 00:00:00,125,125,1,900,112500,2010-11-18 00:00:00,1
2010-11-22 00:00:00,2010-11-22 00:00:00,125,2010-11-22 00:00:00,125,125,2,900,112500,2010-11-22 00:00:00,1
2010-12-01 00:00:00,2010-12-01 00:00:00,125,2010-12-01 00:00:00,125,125,1,800,100000,2010-12-01 00:00:00,1
2010-12-02 00:00:00,2010-12-02 00:00:00,137.9,2010-12-02 00:00:00,137.9,137.9,2,200,27580,2010-12-02 00:00:00,1
2010-12-03 00:00:00,2010-12-03 00:00:00,130,2010-12-03 00:00:00,120,122,4,1600,196000,2010-12-03 00:00:00,1
2010-12-06 00:00:00,2010-12-06 00:00:00,125,2010-12-06 00:00:00,120,124.9,13,2700,331780,2010-12-06 00:00:00,1
2010-12-08 00:00:00,2010-12-08 00:00:00,125,2010-12-08 00:00:00,125,125,1,100,12500,2010-12-08 00:00:00,1
2010-12-15 00:00:00,2010-12-15 00:00:00,118.2,2010-12-15 00:00:00,118.2,118.2,1,100,11820,2010-12-15 00:00:00,1
2010-12-16 00:00:00,2010-12-16 00:00:00,120,2010-12-16 00:00:00,120,120,1,100,12000,2010-12-16 00:00:00,1
2010-12-17 00:00:00,2010-12-17 00:00:00,116.2,2010-12-17 00:00:00,116,116.2,2,5000,580800,2010-12-17 00:00:00,1
2010-12-21 00:00:00,2010-12-21 00:00:00,120,2010-12-21 00:00:00,120,120,6,800,96000,2010-12-21 00:00:00,1
2010-12-22 00:00:00,2010-12-22 00:00:00,128,2010-12-22 00:00:00,127.9,128,3,300,38390,2010-12-22 00:00:00,1
2010-12-23 00:00:00,2010-12-23 00:00:00,128,2010-12-23 00:00:00,128,128,2,200,25600,2010-12-23 00:00:00,1
2010-12-24 00:00:00,2010-12-24 00:00:00,115.1,2010-12-24 00:00:00,115.1,115.1,1,100,11510,2010-12-24 00:00:00,1
2010-12-27 00:00:00,2010-12-27 00:00:00,130,2010-12-27 00:00:00,120,129.7,8,5200,674500,2010-12-27 00:00:00,1
2010-12-28 00:00:00,2010-12-28 00:00:00,130,2010-12-28 00:00:00,130,130,1,100,13000,2010-12-28 00:00:00,1
2010-12-31 00:00:00,2010-12-31 00:00:00,133,2010-12-31 00:00:00,121,122.1,2,1100,134300,2010-12-31 00:00:00,1
Company Id,:  UCAR,Security,Type :  N,Sub Type,:  0000,,,,,
Short Name,:  UNION CHE,MICALS,,,,,,,,
Day,Date High,High,Date Low,Low,Closing,No. of Trades,No. of Shares,Turnover,Last Traded,Days Traded
2010-01-04 00:00:00,2010-01-04 00:00:00,155.75,2010-01-04 00:00:00,155.75,155.75,2,200,31150,2010-01-04 00:00:00,1
2010-01-08 00:00:00,2010-01-08 00:00:00,177.75,2010-01-08 00:00:00,160,163,4,600,97800,2010-01-08 00:00:00,1
2010-01-11 00:00:00,2010-01-11 00:00:00,160,2010-01-11 00:00:00,160,160,1,100,16000,2010-01-11 00:00:00,1
2010-01-20 00:00:00,2010-01-20 00:00:00,165,2010-01-20 00:00:00,165,165,1,100,16500,2010-01-20 00:00:00,1
2010-01-21 00:00:00,2010-01-21 00:00:00,164,2010-01-21 00:00:00,164,164,1,100,16400,2010-01-21 00:00:00,1
2010-02-03 00:00:00,2010-02-03 00:00:00,170,2010-02-03 00:00:00,170,170,1,200,34000,2010-02-03 00:00:00,1
2010-02-08 00:00:00,2010-02-08 00:00:00,172,2010-02-08 00:00:00,172,172,1,200,34400,2010-02-08 00:00:00,1
2010-02-11 00:00:00,2010-02-11 00:00:00,178,2010-02-11 00:00:00,178,178,1,100,17800,2010-02-11 00:00:00,1
2010-02-17 00:00:00,2010-02-17 00:00:00,189,2010-02-17 00:00:00,189,189,1,100,18900,2010-02-17 00:00:00,1
2010-02-18 00:00:00,2010-02-18 00:00:00,199.75,2010-02-18 00:00:00,199.75,199.75,1,100,19975,2010-02-18 00:00:00,1
2010-02-24 00:00:00,2010-02-24 00:00:00,209.75,2010-02-24 00:00:00,205,207.5,2,200,41475,2010-02-24 00:00:00,1
2010-02-25 00:00:00,2010-02-25 00:00:00,250,2010-02-25 00:00:00,225,250,5,500,121500,2010-02-25 00:00:00,1
2010-03-01 00:00:00,2010-03-01 00:00:00,265,2010-03-01 00:00:00,259,261.25,3,300,78400,2010-03-01 00:00:00,1
2010-03-02 00:00:00,2010-03-02 00:00:00,261.25,2010-03-02 00:00:00,260,260,4,400,104250,2010-03-02 00:00:00,1
2010-03-03 00:00:00,2010-03-03 00:00:00,256,2010-03-03 00:00:00,256,256,2,200,51200,2010-03-03 00:00:00,1
2010-03-04 00:00:00,2010-03-04 00:00:00,263,2010-03-04 00:00:00,256,263,4,800,209100,2010-03-04 00:00:00,1
2010-03-08 00:00:00,2010-03-08 00:00:00,261,2010-03-08 00:00:00,255,256.75,4,500,128800,2010-03-08 00:00:00,1
2010-03-09 00:00:00,2010-03-09 00:00:00,240,2010-03-09 00:00:00,230.25,240,4,400,93150,2010-03-09 00:00:00,1
2010-03-12 00:00:00,2010-03-12 00:00:00,240,2010-03-12 00:00:00,240,240,1,200,48000,2010-03-12 00:00:00,1
2010-03-15 00:00:00,2010-03-15 00:00:00,241,2010-03-15 00:00:00,240,240.25,2,600,144100,2010-03-15 00:00:00,1
2010-03-17 00:00:00,2010-03-17 00:00:00,240,2010-03-17 00:00:00,240,240,2,200,48000,2010-03-17 00:00:00,1
2010-03-18 00:00:00,2010-03-18 00:00:00,240,2010-03-18 00:00:00,240,240,1,100,24000,2010-03-18 00:00:00,1
2010-03-22 00:00:00,2010-03-22 00:00:00,240,2010-03-22 00:00:00,240,240,1,500,120000,2010-03-22 00:00:00,1
2010-03-31 00:00:00,2010-03-31 00:00:00,240,2010-03-31 00:00:00,240,240,1,500,120000,2010-03-31 00:00:00,1
2010-04-01 00:00:00,2010-04-01 00:00:00,240,2010-04-01 00:00:00,240,240,1,100,24000,2010-04-01 00:00:00,1
2010-04-06 00:00:00,2010-04-06 00:00:00,240,2010-04-06 00:00:00,240,240,2,600,144000,2010-04-06 00:00:00,1
2010-04-08 00:00:00,2010-04-08 00:00:00,266,2010-04-08 00:00:00,266,266,1,100,26600,2010-04-08 00:00:00,1
2010-04-12 00:00:00,2010-04-12 00:00:00,266,2010-04-12 00:00:00,266,266,3,700,186200,2010-04-12 00:00:00,1
2010-04-19 00:00:00,2010-04-19 00:00:00,267,2010-04-19 00:00:00,267,267,1,100,26700,2010-04-19 00:00:00,1
2010-04-20 00:00:00,2010-04-20 00:00:00,270,2010-04-20 00:00:00,266,266,6,2000,532725,2010-04-20 00:00:00,1
2010-04-21 00:00:00,2010-04-21 00:00:00,260,2010-04-21 00:00:00,260,260,1,100,26000,2010-04-21 00:00:00,1
2010-04-26 00:00:00,2010-04-26 00:00:00,260,2010-04-26 00:00:00,260,260,1,500,130000,2010-04-26 00:00:00,1
2010-05-03 00:00:00,2010-05-03 00:00:00,260,2010-05-03 00:00:00,260,260,2,400,104000,2010-05-03 00:00:00,1
2010-05-07 00:00:00,2010-05-07 00:00:00,247,2010-05-07 00:00:00,247,247,1,100,24700,2010-05-07 00:00:00,1
2010-05-10 00:00:00,2010-05-10 00:00:00,248.25,2010-05-10 00:00:00,248,248,4,500,124025,2010-05-10 00:00:00,1
2010-05-12 00:00:00,2010-05-12 00:00:00,262,2010-05-12 00:00:00,262,262,2,600,157200,2010-05-12 00:00:00,1
2010-05-13 00:00:00,2010-05-13 00:00:00,260,2010-05-13 00:00:00,255,260,3,700,179500,2010-05-13 00:00:00,1
2010-05-20 00:00:00,2010-05-20 00:00:00,256,2010-05-20 00:00:00,255,255.25,2,500,127600,2010-05-20 00:00:00,1
2010-05-21 00:00:00,2010-05-21 00:00:00,259,2010-05-21 00:00:00,259,259,1,100,25900,2010-05-21 00:00:00,1
2010-06-11 00:00:00,2010-06-11 00:00:00,250,2010-06-11 00:00:00,250,250,1,100,25000,2010-06-11 00:00:00,1
2010-06-16 00:00:00,2010-06-16 00:00:00,250,2010-06-16 00:00:00,250,250,1,200,50000,2010-06-16 00:00:00,1
2010-06-17 00:00:00,2010-06-17 00:00:00,250,2010-06-17 00:00:00,250,250,2,400,100000,2010-06-17 00:00:00,1
2010-06-21 00:00:00,2010-06-21 00:00:00,250,2010-06-21 00:00:00,250,250,3,400,100000,2010-06-21 00:00:00,1
2010-06-28 00:00:00,2010-06-28 00:00:00,250,2010-06-28 00:00:00,250,250,1,400,100000,2010-06-28 00:00:00,1
2010-07-01 00:00:00,2010-07-01 00:00:00,250.25,2010-07-01 00:00:00,250,250,3,400,100025,2010-07-01 00:00:00,1
2010-07-05 00:00:00,2010-07-05 00:00:00,250.25,2010-07-05 00:00:00,250,250,3,300,75025,2010-07-05 00:00:00,1
2010-07-07 00:00:00,2010-07-07 00:00:00,250,2010-07-07 00:00:00,250,250,1,100,25000,2010-07-07 00:00:00,1
2010-07-08 00:00:00,2010-07-08 00:00:00,250,2010-07-08 00:00:00,250,250,1,100,25000,2010-07-08 00:00:00,1
2010-07-12 00:00:00,2010-07-12 00:00:00,251,2010-07-12 00:00:00,250,250.75,2,300,75200,2010-07-12 00:00:00,1
2010-07-19 00:00:00,2010-07-19 00:00:00,250.75,2010-07-19 00:00:00,250.75,250.75,1,300,75225,2010-07-19 00:00:00,1
2010-07-20 00:00:00,2010-07-20 00:00:00,251,2010-07-20 00:00:00,251,251,1,100,25100,2010-07-20 00:00:00,1
2010-07-23 00:00:00,2010-07-23 00:00:00,251,2010-07-23 00:00:00,251,251,1,100,25100,2010-07-23 00:00:00,1
2010-07-26 00:00:00,2010-07-26 00:00:00,251,2010-07-26 00:00:00,251,251,1,300,75300,2010-07-26 00:00:00,1
2010-07-27 00:00:00,2010-07-27 00:00:00,251,2010-07-27 00:00:00,251,251,1,100,25100,2010-07-27 00:00:00,1
2010-07-30 00:00:00,2010-07-30 00:00:00,300,2010-07-30 00:00:00,275,287.5,3,300,87500,2010-07-30 00:00:00,1
2010-08-06 00:00:00,2010-08-06 00:00:00,300,2010-08-06 00:00:00,300,300,1,100,30000,2010-08-06 00:00:00,1
2010-08-09 00:00:00,2010-08-09 00:00:00,290,2010-08-09 00:00:00,270,276.3,5,500,137600,2010-08-09 00:00:00,1
2010-08-30 00:00:00,2010-08-30 00:00:00,286,2010-08-30 00:00:00,285.9,286,3,500,142990,2010-08-30 00:00:00,1
2010-08-31 00:00:00,2010-08-31 00:00:00,286,2010-08-31 00:00:00,260,273,2,200,54600,2010-08-31 00:00:00,1
2010-09-01 00:00:00,2010-09-01 00:00:00,275,2010-09-01 00:00:00,273,274.3,3,300,82300,2010-09-01 00:00:00,1
2010-09-02 00:00:00,2010-09-02 00:00:00,294,2010-09-02 00:00:00,294,294,1,100,29400,2010-09-02 00:00:00,1
2010-09-06 00:00:00,2010-09-06 00:00:00,293.9,2010-09-06 00:00:00,293.9,293.9,1,100,29390,2010-09-06 00:00:00,1
2010-09-16 00:00:00,2010-09-16 00:00:00,275,2010-09-16 00:00:00,264.6,269.8,2,200,53960,2010-09-16 00:00:00,1
2010-09-17 00:00:00,2010-09-17 00:00:00,295.7,2010-09-17 00:00:00,270,294.6,6,1500,439030,2010-09-17 00:00:00,1
2010-09-20 00:00:00,2010-09-20 00:00:00,295,2010-09-20 00:00:00,294.6,294.9,2,300,88460,2010-09-20 00:00:00,1
2010-09-21 00:00:00,2010-09-21 00:00:00,389.9,2010-09-21 00:00:00,310,353.1,4,600,211870,2010-09-21 00:00:00,1
2010-09-23 00:00:00,2010-09-23 00:00:00,300,2010-09-23 00:00:00,276,291.5,3,300,85900,2010-09-23 00:00:00,1
2010-09-24 00:00:00,2010-09-24 00:00:00,264,2010-09-24 00:00:00,264,264,1,100,26400,2010-09-24 00:00:00,1
2010-09-27 00:00:00,2010-09-27 00:00:00,264,2010-09-27 00:00:00,264,264,1,300,79200,2010-09-27 00:00:00,1
2010-09-28 00:00:00,2010-09-28 00:00:00,276,2010-09-28 00:00:00,276,276,1,100,27600,2010-09-28 00:00:00,1
2010-09-30 00:00:00,2010-09-30 00:00:00,360,2010-09-30 00:00:00,360,360,1,100,36000,2010-09-30 00:00:00,1
2010-10-01 00:00:00,2010-10-01 00:00:00,302.5,2010-10-01 00:00:00,302.5,302.5,1,100,30250,2010-10-01 00:00:00,1
2010-10-04 00:00:00,2010-10-04 00:00:00,400,2010-10-04 00:00:00,305,306.5,3,400,131650,2010-10-04 00:00:00,1
2010-10-06 00:00:00,2010-10-06 00:00:00,300,2010-10-06 00:00:00,281.5,298.3,4,1100,328150,2010-10-06 00:00:00,1
2010-10-13 00:00:00,2010-10-13 00:00:00,305,2010-10-13 00:00:00,274,296.5,4,1000,301200,2010-10-13 00:00:00,1
2010-10-14 00:00:00,2010-10-14 00:00:00,274,2010-10-14 00:00:00,274,274,2,300,82200,2010-10-14 00:00:00,1
2010-10-18 00:00:00,2010-10-18 00:00:00,290,2010-10-18 00:00:00,280,283.3,2,300,85000,2010-10-18 00:00:00,1
2010-10-26 00:00:00,2010-10-26 00:00:00,283.3,2010-10-26 00:00:00,283.3,283.3,1,200,56660,2010-10-26 00:00:00,1
2010-11-01 00:00:00,2010-11-01 00:00:00,283.3,2010-11-01 00:00:00,283.3,283.3,1,200,56660,2010-11-01 00:00:00,1
2010-11-08 00:00:00,2010-11-08 00:00:00,283.3,2010-11-08 00:00:00,283.3,283.3,1,200,56660,2010-11-08 00:00:00,1
2010-11-15 00:00:00,2010-11-15 00:00:00,284,2010-11-15 00:00:00,283.3,283.7,2,200,56730,2010-11-15 00:00:00,1
2010-11-22 00:00:00,2010-11-22 00:00:00,284.2,2010-11-22 00:00:00,284.2,284.2,1,200,56840,2010-11-22 00:00:00,1
2010-11-29 00:00:00,2010-11-29 00:00:00,284.3,2010-11-29 00:00:00,283.5,283.7,6,1100,312170,2010-11-29 00:00:00,1
2010-12-02 00:00:00,2010-12-02 00:00:00,284,2010-12-02 00:00:00,284,284,2,200,56800,2010-12-02 00:00:00,1
2010-12-15 00:00:00,2010-12-15 00:00:00,300,2010-12-15 00:00:00,300,300,1,300,90000,2010-12-15 00:00:00,1
2010-12-21 00:00:00,2010-12-21 00:00:00,300.1,2010-12-21 00:00:00,300,300,2,400,120020,2010-12-21 00:00:00,1
2010-12-27 00:00:00,2010-12-27 00:00:00,300,2010-12-27 00:00:00,300,300,1,200,60000,2010-12-27 00:00:00,1
2010-12-29 00:00:00,2010-12-29 00:00:00,291.1,2010-12-29 00:00:00,291.1,291.1,1,100,29110,2010-12-29 00:00:00,1
Company Id,:  UDPL,Security,Type :  N,Sub Type,:  0000,,,,,
Short Name,:  UDAPUSSELLAWA,,,,,,,,,
Day,Date High,High,Date Low,Low,Closing,No. of Trades,No. of Shares,Turnover,Last Traded,Days Traded
2010-01-04 00:00:00,2010-01-04 00:00:00,31.5,2010-01-04 00:00:00,31.5,31.5,1,200,6300,2010-01-04 00:00:00,1
2010-01-07 00:00:00,2010-01-07 00:00:00,30,2010-01-07 00:00:00,30,30,2,300,9000,2010-01-07 00:00:00,1
2010-01-08 00:00:00,2010-01-08 00:00:00,33.5,2010-01-08 00:00:00,32,32.75,40,16100,525350,2010-01-08 00:00:00,1
2010-01-11 00:00:00,2010-01-11 00:00:00,34,2010-01-11 00:00:00,33.25,33.75,11,4600,154750,2010-01-11 00:00:00,1
2010-01-13 00:00:00,2010-01-13 00:00:00,33,2010-01-13 00:00:00,31.5,32.25,8,8100,260750,2010-01-13 00:00:00,1
2010-01-15 00:00:00,2010-01-15 00:00:00,30,2010-01-15 00:00:00,30,30,1,100,3000,2010-01-15 00:00:00,1
2010-01-18 00:00:00,2010-01-18 00:00:00,31,2010-01-18 00:00:00,30.25,31,4,7000,212500,2010-01-18 00:00:00,1
2010-01-19 00:00:00,2010-01-19 00:00:00,31.5,2010-01-19 00:00:00,30.5,30.5,10,8800,268800,2010-01-19 00:00:00,1
2010-01-20 00:00:00,2010-01-20 00:00:00,31,2010-01-20 00:00:00,30,30.25,4,3100,94050,2010-01-20 00:00:00,1
2010-01-21 00:00:00,2010-01-21 00:00:00,31,2010-01-21 00:00:00,28.75,30.25,4,400,12075,2010-01-21 00:00:00,1
2010-01-22 00:00:00,2010-01-22 00:00:00,31,2010-01-22 00:00:00,31,31,1,500,15500,2010-01-22 00:00:00,1
2010-01-25 00:00:00,2010-01-25 00:00:00,30,2010-01-25 00:00:00,29,29.25,9,2200,65300,2010-01-25 00:00:00,1
2010-01-26 00:00:00,2010-01-26 00:00:00,31,2010-01-26 00:00:00,31,31,1,500,15500,2010-01-26 00:00:00,1
2010-01-28 00:00:00,2010-01-28 00:00:00,33,2010-01-28 00:00:00,30,31.75,21,26900,836125,2010-01-28 00:00:00,1
2010-02-01 00:00:00,2010-02-01 00:00:00,37,2010-02-01 00:00:00,33,35.25,83,77300,2683000,2010-02-01 00:00:00,1
2010-02-02 00:00:00,2010-02-02 00:00:00,38.25,2010-02-02 00:00:00,34,35,25,13100,479000,2010-02-02 00:00:00,1
2010-02-03 00:00:00,2010-02-03 00:00:00,35,2010-02-03 00:00:00,32,32.5,17,12300,413900,2010-02-03 00:00:00,1
2010-02-05 00:00:00,2010-02-05 00:00:00,33.5,2010-02-05 00:00:00,32.5,32.75,10,2700,88700,2010-02-05 00:00:00,1
2010-02-08 00:00:00,2010-02-08 00:00:00,35,2010-02-08 00:00:00,33,33,2,500,17300,2010-02-08 00:00:00,1
2010-02-09 00:00:00,2010-02-09 00:00:00,35.75,2010-02-09 00:00:00,32,33.5,5,1500,50150,2010-02-09 00:00:00,1
2010-02-10 00:00:00,2010-02-10 00:00:00,33.25,2010-02-10 00:00:00,32,33.25,2,200,6525,2010-02-10 00:00:00,1
2010-02-11 00:00:00,2010-02-11 00:00:00,32.75,2010-02-11 00:00:00,32.75,32.75,1,1000,32750,2010-02-11 00:00:00,1
2010-02-12 00:00:00,2010-02-12 00:00:00,34.25,2010-02-12 00:00:00,33.25,33.75,5,1300,43500,2010-02-12 00:00:00,1
2010-02-15 00:00:00,2010-02-15 00:00:00,33.5,2010-02-15 00:00:00,33.5,33.5,1,100,3350,2010-02-15 00:00:00,1
2010-02-16 00:00:00,2010-02-16 00:00:00,32.5,2010-02-16 00:00:00,32.5,32.5,1,100,3250,2010-02-16 00:00:00,1
2010-02-17 00:00:00,2010-02-17 00:00:00,31,2010-02-17 00:00:00,30,30.5,2,200,6100,2010-02-17 00:00:00,1
2010-02-19 00:00:00,2010-02-19 00:00:00,34.25,2010-02-19 00:00:00,30,30.5,18,9400,294175,2010-02-19 00:00:00,1
2010-02-22 00:00:00,2010-02-22 00:00:00,34,2010-02-22 00:00:00,32,32,2,1200,38800,2010-02-22 00:00:00,1
2010-02-23 00:00:00,2010-02-23 00:00:00,32.25,2010-02-23 00:00:00,32.25,32.25,2,200,6450,2010-02-23 00:00:00,1
2010-02-24 00:00:00,2010-02-24 00:00:00,32.5,2010-02-24 00:00:00,32.25,32.5,2,200,6475,2010-02-24 00:00:00,1
2010-02-25 00:00:00,2010-02-25 00:00:00,33,2010-02-25 00:00:00,33,33,1,100,3300,2010-02-25 00:00:00,1
2010-03-02 00:00:00,2010-03-02 00:00:00,32.25,2010-03-02 00:00:00,31,31.5,3,300,9475,2010-03-02 00:00:00,1
2010-03-03 00:00:00,2010-03-03 00:00:00,31,2010-03-03 00:00:00,31,31,3,4200,130200,2010-03-03 00:00:00,1
2010-03-04 00:00:00,2010-03-04 00:00:00,31,2010-03-04 00:00:00,31,31,1,100,3100,2010-03-04 00:00:00,1
2010-03-05 00:00:00,2010-03-05 00:00:00,31.25,2010-03-05 00:00:00,31.25,31.25,1,1000,31250,2010-03-05 00:00:00,1
2010-03-08 00:00:00,2010-03-08 00:00:00,34.5,2010-03-08 00:00:00,31.25,31.25,4,5200,178125,2010-03-08 00:00:00,1
2010-03-09 00:00:00,2010-03-09 00:00:00,31.5,2010-03-09 00:00:00,31.5,31.5,1,100,3150,2010-03-09 00:00:00,1
2010-03-10 00:00:00,2010-03-10 00:00:00,32,2010-03-10 00:00:00,31.5,32,2,200,6350,2010-03-10 00:00:00,1
2010-03-12 00:00:00,2010-03-12 00:00:00,34.5,2010-03-12 00:00:00,32,32.25,4,2600,83700,2010-03-12 00:00:00,1
2010-03-18 00:00:00,2010-03-18 00:00:00,32.25,2010-03-18 00:00:00,30.25,31.25,5,2300,72225,2010-03-18 00:00:00,1
2010-03-19 00:00:00,2010-03-19 00:00:00,30.75,2010-03-19 00:00:00,30.5,30.75,3,300,9200,2010-03-19 00:00:00,1
2010-03-22 00:00:00,2010-03-22 00:00:00,34,2010-03-22 00:00:00,33.25,33.75,2,200,6725,2010-03-22 00:00:00,1
2010-03-23 00:00:00,2010-03-23 00:00:00,32,2010-03-23 00:00:00,32,32,3,600,19200,2010-03-23 00:00:00,1
2010-03-30 00:00:00,2010-03-30 00:00:00,30,2010-03-30 00:00:00,26,28.75,9,4000,114900,2010-03-30 00:00:00,1
2010-04-01 00:00:00,2010-04-01 00:00:00,31.5,2010-04-01 00:00:00,29.5,31.25,8,3400,103750,2010-04-01 00:00:00,1
2010-04-05 00:00:00,2010-04-05 00:00:00,33,2010-04-05 00:00:00,32.5,32.75,6,1800,58700,2010-04-05 00:00:00,1
2010-04-06 00:00:00,2010-04-06 00:00:00,33,2010-04-06 00:00:00,32.5,33,3,300,9850,2010-04-06 00:00:00,1
2010-04-07 00:00:00,2010-04-07 00:00:00,33.5,2010-04-07 00:00:00,32.5,32.5,5,700,23125,2010-04-07 00:00:00,1
2010-04-08 00:00:00,2010-04-08 00:00:00,32.25,2010-04-08 00:00:00,32,32,9,7200,230425,2010-04-08 00:00:00,1
2010-04-12 00:00:00,2010-04-12 00:00:00,32,2010-04-12 00:00:00,31.25,31.5,6,1100,34825,2010-04-12 00:00:00,1
2010-04-15 00:00:00,2010-04-15 00:00:00,33.5,2010-04-15 00:00:00,31.5,32.5,2,200,6500,2010-04-15 00:00:00,1
2010-04-20 00:00:00,2010-04-20 00:00:00,34.25,2010-04-20 00:00:00,33,33.25,26,17400,580200,2010-04-20 00:00:00,1
2010-04-21 00:00:00,2010-04-21 00:00:00,36.5,2010-04-21 00:00:00,34,35.5,74,42200,1488575,2010-04-21 00:00:00,1
2010-04-22 00:00:00,2010-04-22 00:00:00,36.25,2010-04-22 00:00:00,35,35.5,16,2900,104250,2010-04-22 00:00:00,1
2010-04-23 00:00:00,2010-04-23 00:00:00,35,2010-04-23 00:00:00,35,35,1,100,3500,2010-04-23 00:00:00,1
2010-04-26 00:00:00,2010-04-26 00:00:00,35,2010-04-26 00:00:00,34,34.25,9,2200,75500,2010-04-26 00:00:00,1
2010-04-27 00:00:00,2010-04-27 00:00:00,36,2010-04-27 00:00:00,34.25,35,44,12600,441200,2010-04-27 00:00:00,1
2010-04-29 00:00:00,2010-04-29 00:00:00,35.5,2010-04-29 00:00:00,34.25,34.25,4,1100,37800,2010-04-29 00:00:00,1
2010-05-03 00:00:00,2010-05-03 00:00:00,36.5,2010-05-03 00:00:00,33.25,33.25,5,2600,87200,2010-05-03 00:00:00,1
2010-05-04 00:00:00,2010-05-04 00:00:00,34.25,2010-05-04 00:00:00,33.25,33.25,2,1100,36675,2010-05-04 00:00:00,1
2010-05-10 00:00:00,2010-05-10 00:00:00,33.5,2010-05-10 00:00:00,33.5,33.5,1,200,6700,2010-05-10 00:00:00,1
2010-05-12 00:00:00,2010-05-12 00:00:00,34.25,2010-05-12 00:00:00,33.5,34.25,6,600,20475,2010-05-12 00:00:00,1
2010-05-13 00:00:00,2010-05-13 00:00:00,34.25,2010-05-13 00:00:00,34.25,34.25,1,100,3425,2010-05-13 00:00:00,1
2010-05-14 00:00:00,2010-05-14 00:00:00,36,2010-05-14 00:00:00,33.5,33.5,8,7300,247275,2010-05-14 00:00:00,1
2010-05-17 00:00:00,2010-05-17 00:00:00,36,2010-05-17 00:00:00,34.25,35,14,4700,165200,2010-05-17 00:00:00,1
2010-05-18 00:00:00,2010-05-18 00:00:00,35,2010-05-18 00:00:00,34.5,34.5,5,3400,117375,2010-05-18 00:00:00,1
2010-05-19 00:00:00,2010-05-19 00:00:00,35,2010-05-19 00:00:00,34.5,34.5,8,7900,272750,2010-05-19 00:00:00,1
2010-05-21 00:00:00,2010-05-21 00:00:00,34.5,2010-05-21 00:00:00,34,34.25,4,2400,82350,2010-05-21 00:00:00,1
2010-05-24 00:00:00,2010-05-24 00:00:00,34,2010-05-24 00:00:00,33.5,33.75,5,8100,273850,2010-05-24 00:00:00,1
2010-05-25 00:00:00,2010-05-25 00:00:00,35,2010-05-25 00:00:00,33,33,8,1100,37025,2010-05-25 00:00:00,1
2010-05-31 00:00:00,2010-05-31 00:00:00,35,2010-05-31 00:00:00,35,35,1,300,10500,2010-05-31 00:00:00,1
2010-06-01 00:00:00,2010-06-01 00:00:00,33.25,2010-06-01 00:00:00,33.25,33.25,1,1000,33250,2010-06-01 00:00:00,1
2010-06-02 00:00:00,2010-06-02 00:00:00,33,2010-06-02 00:00:00,32,32.25,4,4400,140925,2010-06-02 00:00:00,1
2010-06-04 00:00:00,2010-06-04 00:00:00,32.25,2010-06-04 00:00:00,32,32,2,1700,54500,2010-06-04 00:00:00,1
2010-06-07 00:00:00,2010-06-07 00:00:00,33,2010-06-07 00:00:00,32,33,3,400,13000,2010-06-07 00:00:00,1
2010-06-08 00:00:00,2010-06-08 00:00:00,34,2010-06-08 00:00:00,33,33.5,5,1200,40650,2010-06-08 00:00:00,1
2010-06-09 00:00:00,2010-06-09 00:00:00,33,2010-06-09 00:00:00,33,33,1,100,3300,2010-06-09 00:00:00,1
2010-06-10 00:00:00,2010-06-10 00:00:00,34,2010-06-10 00:00:00,33,34,4,1600,54300,2010-06-10 00:00:00,1
2010-06-11 00:00:00,2010-06-11 00:00:00,33.25,2010-06-11 00:00:00,33.25,33.25,1,500,16625,2010-06-11 00:00:00,1
2010-06-14 00:00:00,2010-06-14 00:00:00,34,2010-06-14 00:00:00,34,34,1,200,6800,2010-06-14 00:00:00,1
2010-06-15 00:00:00,2010-06-15 00:00:00,33.25,2010-06-15 00:00:00,33,33.25,8,4900,162900,2010-06-15 00:00:00,1
2010-06-16 00:00:00,2010-06-16 00:00:00,35,2010-06-16 00:00:00,34,34.75,22,4500,155725,2010-06-16 00:00:00,1
2010-06-17 00:00:00,2010-06-17 00:00:00,35.5,2010-06-17 00:00:00,35.5,35.5,1,100,3550,2010-06-17 00:00:00,1
2010-06-21 00:00:00,2010-06-21 00:00:00,35,2010-06-21 00:00:00,34,34.5,11,6400,223250,2010-06-21 00:00:00,1
2010-06-22 00:00:00,2010-06-22 00:00:00,36,2010-06-22 00:00:00,34,34.25,9,2700,93875,2010-06-22 00:00:00,1
2010-06-23 00:00:00,2010-06-23 00:00:00,35,2010-06-23 00:00:00,35,35,2,1000,35000,2010-06-23 00:00:00,1
2010-06-24 00:00:00,2010-06-24 00:00:00,35,2010-06-24 00:00:00,34,34,3,1000,34500,2010-06-24 00:00:00,1
2010-06-28 00:00:00,2010-06-28 00:00:00,34,2010-06-28 00:00:00,33,34,2,200,6700,2010-06-28 00:00:00,1
2010-06-29 00:00:00,2010-06-29 00:00:00,36,2010-06-29 00:00:00,36,36,1,100,3600,2010-06-29 00:00:00,1
2010-06-30 00:00:00,2010-06-30 00:00:00,38.75,2010-06-30 00:00:00,34,38,51,27000,988900,2010-06-30 00:00:00,1
2010-07-01 00:00:00,2010-07-01 00:00:00,38.25,2010-07-01 00:00:00,36,38,27,20000,745775,2010-07-01 00:00:00,1
2010-07-02 00:00:00,2010-07-02 00:00:00,39,2010-07-02 00:00:00,37,37.25,25,12700,479425,2010-07-02 00:00:00,1
2010-07-05 00:00:00,2010-07-05 00:00:00,40,2010-07-05 00:00:00,37,39.5,28,21700,863775,2010-07-05 00:00:00,1
2010-07-06 00:00:00,2010-07-06 00:00:00,40,2010-07-06 00:00:00,37.75,39.25,28,16800,646350,2010-07-06 00:00:00,1
2010-07-07 00:00:00,2010-07-07 00:00:00,37,2010-07-07 00:00:00,37,37,3,3500,129500,2010-07-07 00:00:00,1
2010-07-08 00:00:00,2010-07-08 00:00:00,37,2010-07-08 00:00:00,37,37,1,1000,37000,2010-07-08 00:00:00,1
2010-07-09 00:00:00,2010-07-09 00:00:00,37.5,2010-07-09 00:00:00,37.5,37.5,1,100,3750,2010-07-09 00:00:00,1
2010-07-12 00:00:00,2010-07-12 00:00:00,37,2010-07-12 00:00:00,37,37,4,800,29600,2010-07-12 00:00:00,1
2010-07-13 00:00:00,2010-07-13 00:00:00,36.5,2010-07-13 00:00:00,36,36.5,5,900,32675,2010-07-13 00:00:00,1
2010-07-14 00:00:00,2010-07-14 00:00:00,39,2010-07-14 00:00:00,36,36,7,5600,207075,2010-07-14 00:00:00,1
2010-07-15 00:00:00,2010-07-15 00:00:00,36,2010-07-15 00:00:00,36,36,2,200,7200,2010-07-15 00:00:00,1
2010-07-16 00:00:00,2010-07-16 00:00:00,35.5,2010-07-16 00:00:00,35.5,35.5,4,4800,170400,2010-07-16 00:00:00,1
2010-07-19 00:00:00,2010-07-19 00:00:00,36,2010-07-19 00:00:00,36,36,2,500,18000,2010-07-19 00:00:00,1
2010-07-20 00:00:00,2010-07-20 00:00:00,36,2010-07-20 00:00:00,35,35.75,2,300,10700,2010-07-20 00:00:00,1
2010-07-21 00:00:00,2010-07-21 00:00:00,35.5,2010-07-21 00:00:00,35,35.25,13,8200,288450,2010-07-21 00:00:00,1
2010-07-22 00:00:00,2010-07-22 00:00:00,37,2010-07-22 00:00:00,35,35.5,7,5800,206100,2010-07-22 00:00:00,1
2010-07-23 00:00:00,2010-07-23 00:00:00,36,2010-07-23 00:00:00,36,36,1,100,3600,2010-07-23 00:00:00,1
2010-07-26 00:00:00,2010-07-26 00:00:00,39,2010-07-26 00:00:00,37.75,38,14,5400,207875,2010-07-26 00:00:00,1
2010-07-27 00:00:00,2010-07-27 00:00:00,44,2010-07-27 00:00:00,39,41.75,87,71000,2969400,2010-07-27 00:00:00,1
2010-07-28 00:00:00,2010-07-28 00:00:00,46.75,2010-07-28 00:00:00,42,45.25,77,47600,2143750,2010-07-28 00:00:00,1
2010-07-29 00:00:00,2010-07-29 00:00:00,45,2010-07-29 00:00:00,43,43,8,5900,260500,2010-07-29 00:00:00,1
2010-07-30 00:00:00,2010-07-30 00:00:00,43.25,2010-07-30 00:00:00,42,42,2,3100,130325,2010-07-30 00:00:00,1
2010-08-02 00:00:00,2010-08-02 00:00:00,44,2010-08-02 00:00:00,42,43.2,13,8000,345380,2010-08-02 00:00:00,1
2010-08-03 00:00:00,2010-08-03 00:00:00,50,2010-08-03 00:00:00,42,46,25,22900,1014200,2010-08-03 00:00:00,1
2010-08-04 00:00:00,2010-08-04 00:00:00,52,2010-08-04 00:00:00,50.9,51.6,22,6200,320560,2010-08-04 00:00:00,1
2010-08-05 00:00:00,2010-08-05 00:00:00,50.9,2010-08-05 00:00:00,50.9,50.9,1,100,5090,2010-08-05 00:00:00,1
2010-08-06 00:00:00,2010-08-06 00:00:00,55,2010-08-06 00:00:00,50,53.1,35,11000,581250,2010-08-06 00:00:00,1
2010-08-09 00:00:00,2010-08-09 00:00:00,54.9,2010-08-09 00:00:00,47.8,47.8,5,1000,52800,2010-08-09 00:00:00,1
2010-08-10 00:00:00,2010-08-10 00:00:00,52.5,2010-08-10 00:00:00,45,52.4,17,8400,419590,2010-08-10 00:00:00,1
2010-08-11 00:00:00,2010-08-11 00:00:00,55.9,2010-08-11 00:00:00,52.5,52.5,7,1800,94840,2010-08-11 00:00:00,1
2010-08-12 00:00:00,2010-08-12 00:00:00,52.5,2010-08-12 00:00:00,52.5,52.5,1,100,5250,2010-08-12 00:00:00,1
2010-08-13 00:00:00,2010-08-13 00:00:00,55,2010-08-13 00:00:00,50,53,18,5100,277740,2010-08-13 00:00:00,1
2010-08-16 00:00:00,2010-08-16 00:00:00,58,2010-08-16 00:00:00,55,55,7,1100,61330,2010-08-16 00:00:00,1
2010-08-17 00:00:00,2010-08-17 00:00:00,52,2010-08-17 00:00:00,49.5,50,14,7200,358970,2010-08-17 00:00:00,1
2010-08-18 00:00:00,2010-08-18 00:00:00,49.9,2010-08-18 00:00:00,48,49.4,11,4700,227370,2010-08-18 00:00:00,1
2010-08-19 00:00:00,2010-08-19 00:00:00,53,2010-08-19 00:00:00,52,52.7,2,700,36900,2010-08-19 00:00:00,1
2010-08-20 00:00:00,2010-08-20 00:00:00,52.5,2010-08-20 00:00:00,49.1,49.1,3,600,31160,2010-08-20 00:00:00,1
2010-08-23 00:00:00,2010-08-23 00:00:00,53,2010-08-23 00:00:00,53,53,2,500,26500,2010-08-23 00:00:00,1
2010-08-25 00:00:00,2010-08-25 00:00:00,58.3,2010-08-25 00:00:00,48.1,57.4,20,7600,428610,2010-08-25 00:00:00,1
2010-08-26 00:00:00,2010-08-26 00:00:00,60,2010-08-26 00:00:00,60,60,3,2000,120000,2010-08-26 00:00:00,1
2010-08-27 00:00:00,2010-08-27 00:00:00,55,2010-08-27 00:00:00,55,55,1,300,16500,2010-08-27 00:00:00,1
2010-08-30 00:00:00,2010-08-30 00:00:00,55,2010-08-30 00:00:00,50.1,51.7,17,24200,1250630,2010-08-30 00:00:00,1
2010-08-31 00:00:00,2010-08-31 00:00:00,53.5,2010-08-31 00:00:00,53,53.4,4,1100,58770,2010-08-31 00:00:00,1
2010-09-01 00:00:00,2010-09-01 00:00:00,49.5,2010-09-01 00:00:00,49,49.2,8,4900,241170,2010-09-01 00:00:00,1
2010-09-02 00:00:00,2010-09-02 00:00:00,52.5,2010-09-02 00:00:00,45,51.6,25,25500,1282080,2010-09-02 00:00:00,1
2010-09-03 00:00:00,2010-09-03 00:00:00,55,2010-09-03 00:00:00,48,51.2,11,12200,653880,2010-09-03 00:00:00,1
2010-09-06 00:00:00,2010-09-06 00:00:00,55.5,2010-09-06 00:00:00,53,53.2,7,1100,60520,2010-09-06 00:00:00,1
2010-09-07 00:00:00,2010-09-07 00:00:00,58.1,2010-09-07 00:00:00,53.2,55.4,5,2900,160730,2010-09-07 00:00:00,1
2010-09-08 00:00:00,2010-09-08 00:00:00,59.8,2010-09-08 00:00:00,54,59.3,27,10700,622300,2010-09-08 00:00:00,1
2010-09-09 00:00:00,2010-09-09 00:00:00,60,2010-09-09 00:00:00,55,57,8,5000,296960,2010-09-09 00:00:00,1
2010-09-13 00:00:00,2010-09-13 00:00:00,62.5,2010-09-13 00:00:00,57,62,11,3800,220750,2010-09-13 00:00:00,1
2010-09-14 00:00:00,2010-09-14 00:00:00,63,2010-09-14 00:00:00,57.9,58.2,16,8000,481670,2010-09-14 00:00:00,1
2010-09-20 00:00:00,2010-09-20 00:00:00,54.1,2010-09-20 00:00:00,54.1,54.1,2,700,37870,2010-09-20 00:00:00,1
2010-09-21 00:00:00,2010-09-21 00:00:00,60,2010-09-21 00:00:00,57,57,5,2900,165880,2010-09-21 00:00:00,1
2010-09-23 00:00:00,2010-09-23 00:00:00,58,2010-09-23 00:00:00,55.5,57,25,21100,1192910,2010-09-23 00:00:00,1
2010-09-24 00:00:00,2010-09-24 00:00:00,55.1,2010-09-24 00:00:00,54,54.8,7,2400,131820,2010-09-24 00:00:00,1
2010-09-28 00:00:00,2010-09-28 00:00:00,53.9,2010-09-28 00:00:00,46,48.2,32,24300,1165870,2010-09-28 00:00:00,1
2010-09-29 00:00:00,2010-09-29 00:00:00,52,2010-09-29 00:00:00,48.6,51.8,8,3900,201910,2010-09-29 00:00:00,1
2010-09-30 00:00:00,2010-09-30 00:00:00,53,2010-09-30 00:00:00,51.8,52,11,8100,421370,2010-09-30 00:00:00,1
2010-10-01 00:00:00,2010-10-01 00:00:00,52.7,2010-10-01 00:00:00,52.7,52.7,1,1000,52700,2010-10-01 00:00:00,1
2010-10-04 00:00:00,2010-10-04 00:00:00,52.5,2010-10-04 00:00:00,50,50,9,9800,493550,2010-10-04 00:00:00,1
2010-10-05 00:00:00,2010-10-05 00:00:00,48.6,2010-10-05 00:00:00,48.6,48.6,1,1000,48600,2010-10-05 00:00:00,1
2010-10-06 00:00:00,2010-10-06 00:00:00,49,2010-10-06 00:00:00,47,47,8,7300,352160,2010-10-06 00:00:00,1
2010-10-07 00:00:00,2010-10-07 00:00:00,48,2010-10-07 00:00:00,46,46.1,9,8700,411510,2010-10-07 00:00:00,1
2010-10-08 00:00:00,2010-10-08 00:00:00,46,2010-10-08 00:00:00,46,46,1,2300,105800,2010-10-08 00:00:00,1
2010-10-11 00:00:00,2010-10-11 00:00:00,46.1,2010-10-11 00:00:00,46.1,46.1,4,2100,96810,2010-10-11 00:00:00,1
2010-10-12 00:00:00,2010-10-12 00:00:00,46,2010-10-12 00:00:00,46,46,1,100,4600,2010-10-12 00:00:00,1
2010-10-13 00:00:00,2010-10-13 00:00:00,45.2,2010-10-13 00:00:00,42,44,11,9300,409400,2010-10-13 00:00:00,1
2010-10-14 00:00:00,2010-10-14 00:00:00,43.8,2010-10-14 00:00:00,40,40.6,7,700,28400,2010-10-14 00:00:00,1
2010-10-15 00:00:00,2010-10-15 00:00:00,40.6,2010-10-15 00:00:00,39.5,39.9,9,4000,160070,2010-10-15 00:00:00,1
2010-10-18 00:00:00,2010-10-18 00:00:00,46.9,2010-10-18 00:00:00,41.5,46.6,5,600,27310,2010-10-18 00:00:00,1
2010-10-20 00:00:00,2010-10-20 00:00:00,47,2010-10-20 00:00:00,45,46.8,8,2400,110100,2010-10-20 00:00:00,1
2010-10-21 00:00:00,2010-10-21 00:00:00,47.5,2010-10-21 00:00:00,44.6,44.6,2,200,9210,2010-10-21 00:00:00,1
2010-10-25 00:00:00,2010-10-25 00:00:00,47.5,2010-10-25 00:00:00,45.5,45.9,6,2200,102550,2010-10-25 00:00:00,1
2010-10-29 00:00:00,2010-10-29 00:00:00,48,2010-10-29 00:00:00,44.7,44.7,2,200,9270,2010-10-29 00:00:00,1
2010-11-01 00:00:00,2010-11-01 00:00:00,44.1,2010-11-01 00:00:00,44.1,44.1,1,100,4410,2010-11-01 00:00:00,1
2010-11-02 00:00:00,2010-11-02 00:00:00,51,2010-11-02 00:00:00,48,50,13,4300,216100,2010-11-02 00:00:00,1
2010-11-04 00:00:00,2010-11-04 00:00:00,46.1,2010-11-04 00:00:00,44.5,44.6,2,2000,89160,2010-11-04 00:00:00,1
2010-11-09 00:00:00,2010-11-09 00:00:00,45,2010-11-09 00:00:00,45,45,2,200,9000,2010-11-09 00:00:00,1
2010-11-12 00:00:00,2010-11-12 00:00:00,45,2010-11-12 00:00:00,45,45,2,200,9000,2010-11-12 00:00:00,1
2010-11-22 00:00:00,2010-11-22 00:00:00,45,2010-11-22 00:00:00,45,45,2,800,36000,2010-11-22 00:00:00,1
2010-11-23 00:00:00,2010-11-23 00:00:00,45,2010-11-23 00:00:00,41.1,41.3,6,1900,78580,2010-11-23 00:00:00,1
2010-11-24 00:00:00,2010-11-24 00:00:00,41.2,2010-11-24 00:00:00,41.1,41.2,2,200,8230,2010-11-24 00:00:00,1
2010-11-25 00:00:00,2010-11-25 00:00:00,41.1,2010-11-25 00:00:00,41.1,41.1,1,100,4110,2010-11-25 00:00:00,1
2010-11-29 00:00:00,2010-11-29 00:00:00,41.2,2010-11-29 00:00:00,41.2,41.2,1,500,20600,2010-11-29 00:00:00,1
2010-11-30 00:00:00,2010-11-30 00:00:00,43.6,2010-11-30 00:00:00,43.5,43.6,2,200,8710,2010-11-30 00:00:00,1
2010-12-01 00:00:00,2010-12-01 00:00:00,47.8,2010-12-01 00:00:00,46,47.4,7,2900,136090,2010-12-01 00:00:00,1
2010-12-06 00:00:00,2010-12-06 00:00:00,42.5,2010-12-06 00:00:00,42.5,42.5,1,100,4250,2010-12-06 00:00:00,1
2010-12-09 00:00:00,2010-12-09 00:00:00,43,2010-12-09 00:00:00,43,43,2,300,12900,2010-12-09 00:00:00,1
2010-12-10 00:00:00,2010-12-10 00:00:00,40.6,2010-12-10 00:00:00,40.6,40.6,1,100,4060,2010-12-10 00:00:00,1
2010-12-13 00:00:00,2010-12-13 00:00:00,46,2010-12-13 00:00:00,40,42.7,34,25000,1015340,2010-12-13 00:00:00,1
2010-12-14 00:00:00,2010-12-14 00:00:00,44,2010-12-14 00:00:00,40.2,41.9,3,400,16630,2010-12-14 00:00:00,1
2010-12-15 00:00:00,2010-12-15 00:00:00,43.5,2010-12-15 00:00:00,43.5,43.5,3,600,26100,2010-12-15 00:00:00,1
2010-12-16 00:00:00,2010-12-16 00:00:00,43.3,2010-12-16 00:00:00,43.1,43.3,5,1000,43280,2010-12-16 00:00:00,1
2010-12-17 00:00:00,2010-12-17 00:00:00,40.2,2010-12-17 00:00:00,40.2,40.2,1,100,4020,2010-12-17 00:00:00,1
2010-12-21 00:00:00,2010-12-21 00:00:00,40.1,2010-12-21 00:00:00,40.1,40.1,1,100,4010,2010-12-21 00:00:00,1
2010-12-22 00:00:00,2010-12-22 00:00:00,43,2010-12-22 00:00:00,43,43,1,100,4300,2010-12-22 00:00:00,1
2010-12-23 00:00:00,2010-12-23 00:00:00,43.4,2010-12-23 00:00:00,41.3,41.3,4,1300,56200,2010-12-23 00:00:00,1
2010-12-24 00:00:00,2010-12-24 00:00:00,44,2010-12-24 00:00:00,41.4,43,6,7900,335680,2010-12-24 00:00:00,1
2010-12-27 00:00:00,2010-12-27 00:00:00,47.5,2010-12-27 00:00:00,42,45,34,12100,549010,2010-12-27 00:00:00,1
2010-12-29 00:00:00,2010-12-29 00:00:00,46.9,2010-12-29 00:00:00,42.8,46.7,18,13300,617560,2010-12-29 00:00:00,1
2010-12-30 00:00:00,2010-12-30 00:00:00,46,2010-12-30 00:00:00,45,45.3,4,1600,72400,2010-12-30 00:00:00,1
2010-12-31 00:00:00,2010-12-31 00:00:00,47,2010-12-31 00:00:00,46.7,47,9,5300,248970,2010-12-31 00:00:00,1
Company Id,:  UML,Security,Type :  N,Sub Type,:  0000,,,,,
Short Name,:  UNITED MOTORS,,,,,,,,,
Day,Date High,High,Date Low,Low,Closing,No. of Trades,No. of Shares,Turnover,Last Traded,Days Traded
2010-01-04 00:00:00,2010-01-04 00:00:00,71.5,2010-01-04 00:00:00,65,68.5,107,114700,7875375,2010-01-04 00:00:00,1
2010-01-05 00:00:00,2010-01-05 00:00:00,69.75,2010-01-05 00:00:00,66.5,66.5,21,17000,1143225,2010-01-05 00:00:00,1
2010-01-06 00:00:00,2010-01-06 00:00:00,66.25,2010-01-06 00:00:00,66,66,3,700,46225,2010-01-06 00:00:00,1
2010-01-07 00:00:00,2010-01-07 00:00:00,65.5,2010-01-07 00:00:00,65.5,65.5,17,17200,1126600,2010-01-07 00:00:00,1
2010-01-08 00:00:00,2010-01-08 00:00:00,65.75,2010-01-08 00:00:00,65.25,65.25,7,3200,209075,2010-01-08 00:00:00,1
2010-01-11 00:00:00,2010-01-11 00:00:00,69.5,2010-01-11 00:00:00,66,68,33,13900,941525,2010-01-11 00:00:00,1
2010-01-12 00:00:00,2010-01-12 00:00:00,68,2010-01-12 00:00:00,68,68,8,5300,360400,2010-01-12 00:00:00,1
2010-01-13 00:00:00,2010-01-13 00:00:00,67,2010-01-13 00:00:00,67,67,5,5500,368500,2010-01-13 00:00:00,1
2010-01-15 00:00:00,2010-01-15 00:00:00,68.75,2010-01-15 00:00:00,67,68.75,13,6000,408300,2010-01-15 00:00:00,1
2010-01-18 00:00:00,2010-01-18 00:00:00,68,2010-01-18 00:00:00,64,65.75,23,10100,673525,2010-01-18 00:00:00,1
2010-01-19 00:00:00,2010-01-19 00:00:00,68,2010-01-19 00:00:00,67.5,67.5,5,5400,366650,2010-01-19 00:00:00,1
2010-01-20 00:00:00,2010-01-20 00:00:00,67.5,2010-01-20 00:00:00,67.5,67.5,2,200,13500,2010-01-20 00:00:00,1
2010-01-21 00:00:00,2010-01-21 00:00:00,65.5,2010-01-21 00:00:00,64,65,9,2600,168950,2010-01-21 00:00:00,1
2010-01-22 00:00:00,2010-01-22 00:00:00,65,2010-01-22 00:00:00,64,64.25,2,500,32100,2010-01-22 00:00:00,1
2010-01-25 00:00:00,2010-01-25 00:00:00,67.25,2010-01-25 00:00:00,65,66.75,8,1900,124325,2010-01-25 00:00:00,1
2010-01-26 00:00:00,2010-01-26 00:00:00,67.5,2010-01-26 00:00:00,64.5,66.5,4,500,33300,2010-01-26 00:00:00,1
2010-01-28 00:00:00,2010-01-28 00:00:00,66.5,2010-01-28 00:00:00,64.25,66.25,14,18900,1243200,2010-01-28 00:00:00,1
2010-02-01 00:00:00,2010-02-01 00:00:00,66.5,2010-02-01 00:00:00,66,66,10,12800,847425,2010-02-01 00:00:00,1
2010-02-02 00:00:00,2010-02-02 00:00:00,83,2010-02-02 00:00:00,68,76.75,203,145000,10754550,2010-02-02 00:00:00,1
2010-02-03 00:00:00,2010-02-03 00:00:00,87.75,2010-02-03 00:00:00,80,80.25,129,126400,10473225,2010-02-03 00:00:00,1
2010-02-05 00:00:00,2010-02-05 00:00:00,82,2010-02-05 00:00:00,76,77,15,7600,599625,2010-02-05 00:00:00,1
2010-02-08 00:00:00,2010-02-08 00:00:00,80,2010-02-08 00:00:00,74,79,23,14600,1147350,2010-02-08 00:00:00,1
2010-02-09 00:00:00,2010-02-09 00:00:00,79,2010-02-09 00:00:00,75,76.25,21,9800,747325,2010-02-09 00:00:00,1
2010-02-10 00:00:00,2010-02-10 00:00:00,79.5,2010-02-10 00:00:00,76,79,4,800,62300,2010-02-10 00:00:00,1
2010-02-11 00:00:00,2010-02-11 00:00:00,75,2010-02-11 00:00:00,73.25,73.25,9,3800,279925,2010-02-11 00:00:00,1
2010-02-12 00:00:00,2010-02-12 00:00:00,73.25,2010-02-12 00:00:00,72,73.25,18,8500,619925,2010-02-12 00:00:00,1
2010-02-15 00:00:00,2010-02-15 00:00:00,74,2010-02-15 00:00:00,73,74,6,3400,251000,2010-02-15 00:00:00,1
2010-02-16 00:00:00,2010-02-16 00:00:00,73.25,2010-02-16 00:00:00,73,73.25,2,400,29225,2010-02-16 00:00:00,1
2010-02-17 00:00:00,2010-02-17 00:00:00,76,2010-02-17 00:00:00,72.75,76,11,8700,652525,2010-02-17 00:00:00,1
2010-02-18 00:00:00,2010-02-18 00:00:00,75.25,2010-02-18 00:00:00,74,75.25,7,6400,480225,2010-02-18 00:00:00,1
2010-02-19 00:00:00,2010-02-19 00:00:00,77.5,2010-02-19 00:00:00,75,75.75,5,1600,121275,2010-02-19 00:00:00,1
2010-02-22 00:00:00,2010-02-22 00:00:00,75.25,2010-02-22 00:00:00,75,75,4,3400,255075,2010-02-22 00:00:00,1
2010-02-23 00:00:00,2010-02-23 00:00:00,84,2010-02-23 00:00:00,77,81.25,68,98900,7907775,2010-02-23 00:00:00,1
2010-02-24 00:00:00,2010-02-24 00:00:00,82.5,2010-02-24 00:00:00,79.5,79.5,10,3600,293700,2010-02-24 00:00:00,1
2010-02-25 00:00:00,2010-02-25 00:00:00,88,2010-02-25 00:00:00,81,83.25,76,37500,3182675,2010-02-25 00:00:00,1
2010-02-26 00:00:00,2010-02-26 00:00:00,87,2010-02-26 00:00:00,85,85.5,25,14600,1252000,2010-02-26 00:00:00,1
2010-03-01 00:00:00,2010-03-01 00:00:00,92,2010-03-01 00:00:00,87,91,104,163700,14396925,2010-03-01 00:00:00,1
2010-03-02 00:00:00,2010-03-02 00:00:00,89,2010-03-02 00:00:00,87,88.75,12,23400,2060575,2010-03-02 00:00:00,1
2010-03-03 00:00:00,2010-03-03 00:00:00,85.5,2010-03-03 00:00:00,85.5,85.5,10,3000,256500,2010-03-03 00:00:00,1
2010-03-04 00:00:00,2010-03-04 00:00:00,89,2010-03-04 00:00:00,85,87.25,8,1800,153725,2010-03-04 00:00:00,1
2010-03-05 00:00:00,2010-03-05 00:00:00,87,2010-03-05 00:00:00,87,87,3,300,26100,2010-03-05 00:00:00,1
2010-03-08 00:00:00,2010-03-08 00:00:00,93,2010-03-08 00:00:00,86.75,91.5,61,52400,4747950,2010-03-08 00:00:00,1
2010-03-09 00:00:00,2010-03-09 00:00:00,92,2010-03-09 00:00:00,89.25,89.25,19,7900,710750,2010-03-09 00:00:00,1
2010-03-10 00:00:00,2010-03-10 00:00:00,85,2010-03-10 00:00:00,85,85,1,100,8500,2010-03-10 00:00:00,1
2010-03-12 00:00:00,2010-03-12 00:00:00,85.5,2010-03-12 00:00:00,85,85.25,4,500,42600,2010-03-12 00:00:00,1
2010-03-15 00:00:00,2010-03-15 00:00:00,89,2010-03-15 00:00:00,85,89,5,2000,173675,2010-03-15 00:00:00,1
2010-03-16 00:00:00,2010-03-16 00:00:00,87,2010-03-16 00:00:00,87,87,2,200,17400,2010-03-16 00:00:00,1
2010-03-17 00:00:00,2010-03-17 00:00:00,87,2010-03-17 00:00:00,87,87,5,4200,365400,2010-03-17 00:00:00,1
2010-03-18 00:00:00,2010-03-18 00:00:00,87,2010-03-18 00:00:00,87,87,1,2000,174000,2010-03-18 00:00:00,1
2010-03-19 00:00:00,2010-03-19 00:00:00,87,2010-03-19 00:00:00,87,87,3,2500,217500,2010-03-19 00:00:00,1
2010-03-22 00:00:00,2010-03-22 00:00:00,94,2010-03-22 00:00:00,86.75,93.5,56,54500,5011850,2010-03-22 00:00:00,1
2010-03-23 00:00:00,2010-03-23 00:00:00,91,2010-03-23 00:00:00,90,91,3,1700,153100,2010-03-23 00:00:00,1
2010-03-24 00:00:00,2010-03-24 00:00:00,90.75,2010-03-24 00:00:00,88,88,5,1600,142300,2010-03-24 00:00:00,1
2010-03-25 00:00:00,2010-03-25 00:00:00,88,2010-03-25 00:00:00,88,88,3,2700,237600,2010-03-25 00:00:00,1
2010-03-26 00:00:00,2010-03-26 00:00:00,93,2010-03-26 00:00:00,91,92.25,19,18800,1720875,2010-03-26 00:00:00,1
2010-03-30 00:00:00,2010-03-30 00:00:00,93,2010-03-30 00:00:00,90,90.25,5,1900,172900,2010-03-30 00:00:00,1
2010-03-31 00:00:00,2010-03-31 00:00:00,90,2010-03-31 00:00:00,88.25,90,6,4500,403375,2010-03-31 00:00:00,1
2010-04-05 00:00:00,2010-04-05 00:00:00,91.5,2010-04-05 00:00:00,90,90,3,600,54150,2010-04-05 00:00:00,1
2010-04-06 00:00:00,2010-04-06 00:00:00,95,2010-04-06 00:00:00,90,95,43,77300,7223075,2010-04-06 00:00:00,1
2010-04-07 00:00:00,2010-04-07 00:00:00,93,2010-04-07 00:00:00,93,93,2,1100,102300,2010-04-07 00:00:00,1
2010-04-08 00:00:00,2010-04-08 00:00:00,95,2010-04-08 00:00:00,94.75,95,4,4600,436875,2010-04-08 00:00:00,1
2010-04-12 00:00:00,2010-04-12 00:00:00,95,2010-04-12 00:00:00,95,95,3,300,28500,2010-04-12 00:00:00,1
2010-04-15 00:00:00,2010-04-15 00:00:00,94,2010-04-15 00:00:00,93.25,94,5,1000,93625,2010-04-15 00:00:00,1
2010-04-16 00:00:00,2010-04-16 00:00:00,93,2010-04-16 00:00:00,93,93,3,1300,120900,2010-04-16 00:00:00,1
2010-04-19 00:00:00,2010-04-19 00:00:00,94,2010-04-19 00:00:00,93,93.75,8,3400,319200,2010-04-19 00:00:00,1
2010-04-21 00:00:00,2010-04-21 00:00:00,93,2010-04-21 00:00:00,93,93,1,300,27900,2010-04-21 00:00:00,1
2010-04-23 00:00:00,2010-04-23 00:00:00,90,2010-04-23 00:00:00,90,90,6,1800,162000,2010-04-23 00:00:00,1
2010-04-26 00:00:00,2010-04-26 00:00:00,90,2010-04-26 00:00:00,90,90,6,1400,126000,2010-04-26 00:00:00,1
2010-04-29 00:00:00,2010-04-29 00:00:00,88,2010-04-29 00:00:00,88,88,2,400,35200,2010-04-29 00:00:00,1
2010-05-03 00:00:00,2010-05-03 00:00:00,89,2010-05-03 00:00:00,85,88.5,6,4800,420575,2010-05-03 00:00:00,1
2010-05-04 00:00:00,2010-05-04 00:00:00,95,2010-05-04 00:00:00,90,93.75,14,22800,2124800,2010-05-04 00:00:00,1
2010-05-06 00:00:00,2010-05-06 00:00:00,90,2010-05-06 00:00:00,90,90,1,200,18000,2010-05-06 00:00:00,1
2010-05-07 00:00:00,2010-05-07 00:00:00,90,2010-05-07 00:00:00,90,90,4,5700,513000,2010-05-07 00:00:00,1
2010-05-10 00:00:00,2010-05-10 00:00:00,96,2010-05-10 00:00:00,93.5,95.25,18,17700,1684450,2010-05-10 00:00:00,1
2010-05-11 00:00:00,2010-05-11 00:00:00,95,2010-05-11 00:00:00,95,95,15,19000,1805000,2010-05-11 00:00:00,1
2010-05-12 00:00:00,2010-05-12 00:00:00,103,2010-05-12 00:00:00,97,103,66,56400,5683300,2010-05-12 00:00:00,1
2010-05-13 00:00:00,2010-05-13 00:00:00,103.5,2010-05-13 00:00:00,103.5,103.5,1,5000,517500,2010-05-13 00:00:00,1
2010-05-14 00:00:00,2010-05-14 00:00:00,100.25,2010-05-14 00:00:00,100,100,8,3900,390050,2010-05-14 00:00:00,1
2010-05-17 00:00:00,2010-05-17 00:00:00,100.5,2010-05-17 00:00:00,100,100.5,2,2000,200050,2010-05-17 00:00:00,1
2010-05-18 00:00:00,2010-05-18 00:00:00,100.5,2010-05-18 00:00:00,100,100,3,10500,1054950,2010-05-18 00:00:00,1
2010-05-19 00:00:00,2010-05-19 00:00:00,102.25,2010-05-19 00:00:00,100,100,7,2100,211475,2010-05-19 00:00:00,1
2010-05-20 00:00:00,2010-05-20 00:00:00,102,2010-05-20 00:00:00,100,101.75,7,2600,264500,2010-05-20 00:00:00,1
2010-05-24 00:00:00,2010-05-24 00:00:00,110,2010-05-24 00:00:00,105,110,28,32300,3521000,2010-05-24 00:00:00,1
2010-05-25 00:00:00,2010-05-25 00:00:00,110.5,2010-05-25 00:00:00,107,107,5,1600,174700,2010-05-25 00:00:00,1
2010-05-26 00:00:00,2010-05-26 00:00:00,107,2010-05-26 00:00:00,106,107,4,400,42500,2010-05-26 00:00:00,1
2010-05-31 00:00:00,2010-05-31 00:00:00,106,2010-05-31 00:00:00,105,105.5,5,2600,274700,2010-05-31 00:00:00,1
2010-06-01 00:00:00,2010-06-01 00:00:00,140,2010-06-01 00:00:00,107,135.75,269,306000,39411300,2010-06-01 00:00:00,1
2010-06-02 00:00:00,2010-06-02 00:00:00,154,2010-06-02 00:00:00,139,143.75,256,170900,24815050,2010-06-02 00:00:00,1
2010-06-03 00:00:00,2010-06-03 00:00:00,145,2010-06-03 00:00:00,135,135,39,17300,2354925,2010-06-03 00:00:00,1
2010-06-04 00:00:00,2010-06-04 00:00:00,134,2010-06-04 00:00:00,131,132.25,19,3400,448075,2010-06-04 00:00:00,1
2010-06-07 00:00:00,2010-06-07 00:00:00,131,2010-06-07 00:00:00,131,131,2,800,104800,2010-06-07 00:00:00,1
2010-06-08 00:00:00,2010-06-08 00:00:00,132,2010-06-08 00:00:00,131,132,12,2100,276600,2010-06-08 00:00:00,1
2010-06-09 00:00:00,2010-06-09 00:00:00,133.75,2010-06-09 00:00:00,132,133.5,6,1300,173350,2010-06-09 00:00:00,1
2010-06-10 00:00:00,2010-06-10 00:00:00,134.5,2010-06-10 00:00:00,130,131.25,7,2800,367075,2010-06-10 00:00:00,1
2010-06-11 00:00:00,2010-06-11 00:00:00,130,2010-06-11 00:00:00,127.5,128.25,20,259800,33772800,2010-06-11 00:00:00,1
2010-06-14 00:00:00,2010-06-14 00:00:00,125,2010-06-14 00:00:00,125,125,2,1000,125000,2010-06-14 00:00:00,1
2010-06-15 00:00:00,2010-06-15 00:00:00,125,2010-06-15 00:00:00,122,124.25,9,2500,307550,2010-06-15 00:00:00,1
2010-06-16 00:00:00,2010-06-16 00:00:00,129,2010-06-16 00:00:00,128.5,129,3,400,51550,2010-06-16 00:00:00,1
2010-06-17 00:00:00,2010-06-17 00:00:00,133,2010-06-17 00:00:00,123.75,131.75,13,6400,833675,2010-06-17 00:00:00,1
2010-06-21 00:00:00,2010-06-21 00:00:00,133,2010-06-21 00:00:00,131,133,13,18000,2388800,2010-06-21 00:00:00,1
2010-06-22 00:00:00,2010-06-22 00:00:00,130,2010-06-22 00:00:00,130,130,3,600,78000,2010-06-22 00:00:00,1
2010-06-23 00:00:00,2010-06-23 00:00:00,128.75,2010-06-23 00:00:00,125,125,6,3500,443000,2010-06-23 00:00:00,1
2010-06-24 00:00:00,2010-06-24 00:00:00,126.5,2010-06-24 00:00:00,126.25,126.5,6,600,75800,2010-06-24 00:00:00,1
2010-06-28 00:00:00,2010-06-28 00:00:00,125.5,2010-06-28 00:00:00,125,125,7,1800,225125,2010-06-28 00:00:00,1
2010-06-29 00:00:00,2010-06-29 00:00:00,125,2010-06-29 00:00:00,122.5,125,10,25800,3212075,2010-06-29 00:00:00,1
2010-06-30 00:00:00,2010-06-30 00:00:00,126,2010-06-30 00:00:00,125,125,5,5400,675150,2010-06-30 00:00:00,1
2010-07-01 00:00:00,2010-07-01 00:00:00,122.25,2010-07-01 00:00:00,120,121,9,1500,181450,2010-07-01 00:00:00,1
2010-07-02 00:00:00,2010-07-02 00:00:00,128.5,2010-07-02 00:00:00,128,128.5,2,1100,140850,2010-07-02 00:00:00,1
2010-07-05 00:00:00,2010-07-05 00:00:00,130,2010-07-05 00:00:00,128,128,3,2800,358600,2010-07-05 00:00:00,1
2010-07-06 00:00:00,2010-07-06 00:00:00,132,2010-07-06 00:00:00,128,129.5,23,41900,5427000,2010-07-06 00:00:00,1
2010-07-07 00:00:00,2010-07-07 00:00:00,130,2010-07-07 00:00:00,126,126.75,4,2400,311000,2010-07-07 00:00:00,1
2010-07-08 00:00:00,2010-07-08 00:00:00,126.5,2010-07-08 00:00:00,126.5,126.5,1,200,25300,2010-07-08 00:00:00,1
2010-07-09 00:00:00,2010-07-09 00:00:00,128,2010-07-09 00:00:00,126.5,128,3,1200,153450,2010-07-09 00:00:00,1
2010-07-12 00:00:00,2010-07-12 00:00:00,128,2010-07-12 00:00:00,125,125,3,300,38100,2010-07-12 00:00:00,1
2010-07-14 00:00:00,2010-07-14 00:00:00,120.75,2010-07-14 00:00:00,120,120.25,4,1100,132250,2010-07-14 00:00:00,1
2010-07-15 00:00:00,2010-07-15 00:00:00,131,2010-07-15 00:00:00,127,129,7,3100,398800,2010-07-15 00:00:00,1
2010-07-16 00:00:00,2010-07-16 00:00:00,130,2010-07-16 00:00:00,129,130,5,2300,296800,2010-07-16 00:00:00,1
2010-07-19 00:00:00,2010-07-19 00:00:00,130,2010-07-19 00:00:00,129,129,7,1600,206875,2010-07-19 00:00:00,1
2010-07-20 00:00:00,2010-07-20 00:00:00,131,2010-07-20 00:00:00,125.25,130,25,10800,1398300,2010-07-20 00:00:00,1
2010-07-21 00:00:00,2010-07-21 00:00:00,130,2010-07-21 00:00:00,130,130,7,2600,338000,2010-07-21 00:00:00,1
2010-07-23 00:00:00,2010-07-23 00:00:00,131,2010-07-23 00:00:00,127.25,127.25,7,1500,192100,2010-07-23 00:00:00,1
2010-07-26 00:00:00,2010-07-26 00:00:00,130,2010-07-26 00:00:00,130,130,10,3700,481000,2010-07-26 00:00:00,1
2010-07-27 00:00:00,2010-07-27 00:00:00,141,2010-07-27 00:00:00,132.75,139,86,122500,17016900,2010-07-27 00:00:00,1
2010-07-28 00:00:00,2010-07-28 00:00:00,139,2010-07-28 00:00:00,137,138.25,57,49400,6808100,2010-07-28 00:00:00,1
2010-07-29 00:00:00,2010-07-29 00:00:00,149,2010-07-29 00:00:00,142,147.25,57,47800,7029050,2010-07-29 00:00:00,1
2010-07-30 00:00:00,2010-07-30 00:00:00,147.75,2010-07-30 00:00:00,145,145.25,13,5500,798400,2010-07-30 00:00:00,1
2010-08-02 00:00:00,2010-08-02 00:00:00,145,2010-08-02 00:00:00,144,145,13,7500,1086800,2010-08-02 00:00:00,1
2010-08-03 00:00:00,2010-08-03 00:00:00,145.5,2010-08-03 00:00:00,145,145,16,20100,2915700,2010-08-03 00:00:00,1
2010-08-04 00:00:00,2010-08-04 00:00:00,145,2010-08-04 00:00:00,143,144.8,19,11900,1719400,2010-08-04 00:00:00,1
2010-08-05 00:00:00,2010-08-05 00:00:00,138,2010-08-05 00:00:00,135.1,138,3,1100,150510,2010-08-05 00:00:00,1
2010-08-06 00:00:00,2010-08-06 00:00:00,140.1,2010-08-06 00:00:00,140.1,140.1,3,300,42030,2010-08-06 00:00:00,1
2010-08-09 00:00:00,2010-08-09 00:00:00,140,2010-08-09 00:00:00,135,135.5,9,2200,304200,2010-08-09 00:00:00,1
2010-08-10 00:00:00,2010-08-10 00:00:00,149,2010-08-10 00:00:00,130.1,140,30,7900,1078390,2010-08-10 00:00:00,1
2010-08-11 00:00:00,2010-08-11 00:00:00,152.2,2010-08-11 00:00:00,140.9,146.7,77,45900,6797800,2010-08-11 00:00:00,1
2010-08-12 00:00:00,2010-08-12 00:00:00,150,2010-08-12 00:00:00,146.6,149.6,9,1100,164600,2010-08-12 00:00:00,1
2010-08-13 00:00:00,2010-08-13 00:00:00,152.4,2010-08-13 00:00:00,145,150.2,99,98600,14781050,2010-08-13 00:00:00,1
2010-08-16 00:00:00,2010-08-16 00:00:00,153.5,2010-08-16 00:00:00,150,151,12,10300,1550200,2010-08-16 00:00:00,1
2010-08-17 00:00:00,2010-08-17 00:00:00,155,2010-08-17 00:00:00,153,153,15,3100,474900,2010-08-17 00:00:00,1
2010-08-18 00:00:00,2010-08-18 00:00:00,168.3,2010-08-18 00:00:00,151,167.7,45,38300,6300960,2010-08-18 00:00:00,1
2010-08-19 00:00:00,2010-08-19 00:00:00,184,2010-08-19 00:00:00,170,182.1,62,25000,4496990,2010-08-19 00:00:00,1
2010-08-20 00:00:00,2010-08-20 00:00:00,200.3,2010-08-20 00:00:00,182.4,185.1,47,21900,4150520,2010-08-20 00:00:00,1
2010-08-23 00:00:00,2010-08-23 00:00:00,192,2010-08-23 00:00:00,190,190,18,5700,1088400,2010-08-23 00:00:00,1
2010-08-25 00:00:00,2010-08-25 00:00:00,200,2010-08-25 00:00:00,184,194.5,17,6200,1191710,2010-08-25 00:00:00,1
2010-08-26 00:00:00,2010-08-26 00:00:00,200,2010-08-26 00:00:00,194,196.1,34,1730200,345972430,2010-08-26 00:00:00,1
2010-08-27 00:00:00,2010-08-27 00:00:00,215.7,2010-08-27 00:00:00,200,215.7,70,32900,6965640,2010-08-27 00:00:00,1
2010-08-30 00:00:00,2010-08-30 00:00:00,237.2,2010-08-30 00:00:00,225,237.2,69,33900,7986260,2010-08-30 00:00:00,1
2010-08-31 00:00:00,2010-08-31 00:00:00,260.9,2010-08-31 00:00:00,250,260.7,108,48100,12498160,2010-08-31 00:00:00,1
2010-09-01 00:00:00,2010-09-01 00:00:00,275,2010-09-01 00:00:00,242,263.3,96,36200,9639880,2010-09-01 00:00:00,1
2010-09-02 00:00:00,2010-09-02 00:00:00,265,2010-09-02 00:00:00,241,257.2,26,13800,3540770,2010-09-02 00:00:00,1
2010-09-03 00:00:00,2010-09-03 00:00:00,256,2010-09-03 00:00:00,240,246.9,28,7900,1945280,2010-09-03 00:00:00,1
2010-09-06 00:00:00,2010-09-06 00:00:00,250,2010-09-06 00:00:00,234.9,236.9,28,15100,3679140,2010-09-06 00:00:00,1
2010-09-07 00:00:00,2010-09-07 00:00:00,239.9,2010-09-07 00:00:00,230,237.1,20,9300,2171500,2010-09-07 00:00:00,1
2010-09-08 00:00:00,2010-09-08 00:00:00,240,2010-09-08 00:00:00,238,239.8,3,1400,335800,2010-09-08 00:00:00,1
2010-09-09 00:00:00,2010-09-09 00:00:00,239.9,2010-09-09 00:00:00,222.5,239.9,13,2600,601220,2010-09-09 00:00:00,1
2010-09-13 00:00:00,2010-09-13 00:00:00,240,2010-09-13 00:00:00,221.5,233.3,14,3700,839210,2010-09-13 00:00:00,1
2010-09-14 00:00:00,2010-09-14 00:00:00,231,2010-09-14 00:00:00,229,229.9,14,13200,3036400,2010-09-14 00:00:00,1
2010-09-15 00:00:00,2010-09-15 00:00:00,225,2010-09-15 00:00:00,220,220.6,11,2400,529000,2010-09-15 00:00:00,1
2010-09-16 00:00:00,2010-09-16 00:00:00,242.6,2010-09-16 00:00:00,215.1,242.5,75,99500,23602910,2010-09-16 00:00:00,1
2010-09-17 00:00:00,2010-09-17 00:00:00,266.7,2010-09-17 00:00:00,252,260,72,62200,16273630,2010-09-17 00:00:00,1
2010-09-20 00:00:00,2010-09-20 00:00:00,270,2010-09-20 00:00:00,185,236.2,20,9200,2338100,2010-09-20 00:00:00,1
2010-09-21 00:00:00,2010-09-21 00:00:00,247,2010-09-21 00:00:00,237,244,14,3400,821800,2010-09-21 00:00:00,1
2010-09-23 00:00:00,2010-09-23 00:00:00,244,2010-09-23 00:00:00,238,240.3,11,5500,1329600,2010-09-23 00:00:00,1
2010-09-24 00:00:00,2010-09-24 00:00:00,240,2010-09-24 00:00:00,235,235,6,6800,1599740,2010-09-24 00:00:00,1
2010-09-27 00:00:00,2010-09-27 00:00:00,235,2010-09-27 00:00:00,235,235,1,500,117500,2010-09-27 00:00:00,1
2010-09-28 00:00:00,2010-09-28 00:00:00,230,2010-09-28 00:00:00,227,227,4,4900,1126700,2010-09-28 00:00:00,1
2010-09-29 00:00:00,2010-09-29 00:00:00,236,2010-09-29 00:00:00,227,232.4,18,6800,1580400,2010-09-29 00:00:00,1
2010-09-30 00:00:00,2010-09-30 00:00:00,238,2010-09-30 00:00:00,230,232.2,17,21600,5013290,2010-09-30 00:00:00,1
2010-10-01 00:00:00,2010-10-01 00:00:00,240,2010-10-01 00:00:00,232,238.5,23,13300,3152260,2010-10-01 00:00:00,1
2010-10-04 00:00:00,2010-10-04 00:00:00,245,2010-10-04 00:00:00,236,237.1,20,10000,2404410,2010-10-04 00:00:00,1
2010-10-05 00:00:00,2010-10-05 00:00:00,240,2010-10-05 00:00:00,232.2,234.3,12,7300,1731370,2010-10-05 00:00:00,1
2010-10-06 00:00:00,2010-10-06 00:00:00,232.2,2010-10-06 00:00:00,200,216.1,22,10300,2307360,2010-10-06 00:00:00,1
2010-10-07 00:00:00,2010-10-07 00:00:00,219,2010-10-07 00:00:00,214,217,15,9300,2010170,2010-10-07 00:00:00,1
2010-10-08 00:00:00,2010-10-08 00:00:00,247,2010-10-08 00:00:00,217,238.6,24,8800,2073300,2010-10-08 00:00:00,1
2010-10-11 00:00:00,2010-10-11 00:00:00,251,2010-10-11 00:00:00,241,242.1,39,10900,2703390,2010-10-11 00:00:00,1
2010-10-12 00:00:00,2010-10-12 00:00:00,240,2010-10-12 00:00:00,207,218.2,18,7300,1596130,2010-10-12 00:00:00,1
2010-10-13 00:00:00,2010-10-13 00:00:00,227,2010-10-13 00:00:00,203,220.7,25,16000,3435100,2010-10-13 00:00:00,1
2010-10-14 00:00:00,2010-10-14 00:00:00,255,2010-10-14 00:00:00,240,246.5,95,26900,6689030,2010-10-14 00:00:00,1
2010-10-15 00:00:00,2010-10-15 00:00:00,241,2010-10-15 00:00:00,239.9,240,9,8300,1992080,2010-10-15 00:00:00,1
2010-10-18 00:00:00,2010-10-18 00:00:00,250,2010-10-18 00:00:00,240,240.5,8,1600,394000,2010-10-18 00:00:00,1
2010-10-19 00:00:00,2010-10-19 00:00:00,247.5,2010-10-19 00:00:00,240,245.5,9,3000,732870,2010-10-19 00:00:00,1
2010-10-20 00:00:00,2010-10-20 00:00:00,246,2010-10-20 00:00:00,236,238,4,2200,538600,2010-10-20 00:00:00,1
2010-10-21 00:00:00,2010-10-21 00:00:00,243.5,2010-10-21 00:00:00,238,239.9,5,900,215900,2010-10-21 00:00:00,1
2010-10-25 00:00:00,2010-10-25 00:00:00,240.9,2010-10-25 00:00:00,237,238.8,8,4200,1007600,2010-10-25 00:00:00,1
2010-10-26 00:00:00,2010-10-26 00:00:00,255,2010-10-26 00:00:00,231,249.8,58,21200,5203310,2010-10-26 00:00:00,1
2010-10-28 00:00:00,2010-10-28 00:00:00,249,2010-10-28 00:00:00,249,249,2,200,49800,2010-10-28 00:00:00,1
2010-10-29 00:00:00,2010-10-29 00:00:00,245,2010-10-29 00:00:00,235,237.1,23,12600,3004170,2010-10-29 00:00:00,1
2010-11-01 00:00:00,2010-11-01 00:00:00,240,2010-11-01 00:00:00,238,238.7,11,3300,789300,2010-11-01 00:00:00,1
2010-11-02 00:00:00,2010-11-02 00:00:00,234.9,2010-11-02 00:00:00,234.9,234.9,1,100,23490,2010-11-02 00:00:00,1
2010-11-03 00:00:00,2010-11-03 00:00:00,235,2010-11-03 00:00:00,234,234,3,3300,775400,2010-11-03 00:00:00,1
2010-11-04 00:00:00,2010-11-04 00:00:00,234,2010-11-04 00:00:00,226,226.1,7,2000,454940,2010-11-04 00:00:00,1
2010-11-08 00:00:00,2010-11-08 00:00:00,230,2010-11-08 00:00:00,230,230,4,1000,230000,2010-11-08 00:00:00,1
2010-11-09 00:00:00,2010-11-09 00:00:00,225,2010-11-09 00:00:00,225,225,1,200,45000,2010-11-09 00:00:00,1
2010-11-10 00:00:00,2010-11-10 00:00:00,222,2010-11-10 00:00:00,210,221.5,24,11100,2436500,2010-11-10 00:00:00,1
2010-11-11 00:00:00,2010-11-11 00:00:00,225,2010-11-11 00:00:00,224,225,4,1200,268900,2010-11-11 00:00:00,1
2010-11-12 00:00:00,2010-11-12 00:00:00,230,2010-11-12 00:00:00,228,228.1,8,2700,618000,2010-11-12 00:00:00,1
2010-11-16 00:00:00,2010-11-16 00:00:00,222,2010-11-16 00:00:00,219,219.2,16,8200,1808400,2010-11-16 00:00:00,1
2010-11-18 00:00:00,2010-11-18 00:00:00,222,2010-11-18 00:00:00,222,222,7,1600,355200,2010-11-18 00:00:00,1
2010-11-22 00:00:00,2010-11-22 00:00:00,225,2010-11-22 00:00:00,218,218,7,1200,263600,2010-11-22 00:00:00,1
2010-11-23 00:00:00,2010-11-23 00:00:00,220.5,2010-11-23 00:00:00,215,215,5,500,108550,2010-11-23 00:00:00,1
2010-11-24 00:00:00,2010-11-24 00:00:00,221,2010-11-24 00:00:00,210,218.4,7,1400,304080,2010-11-24 00:00:00,1
2010-11-25 00:00:00,2010-11-25 00:00:00,210,2010-11-25 00:00:00,210,210,1,300,63000,2010-11-25 00:00:00,1
2010-11-26 00:00:00,2010-11-26 00:00:00,202.2,2010-11-26 00:00:00,200,201.5,13,7100,1428350,2010-11-26 00:00:00,1
2010-11-29 00:00:00,2010-11-29 00:00:00,201,2010-11-29 00:00:00,195.1,195.3,10,3300,655930,2010-11-29 00:00:00,1
2010-11-30 00:00:00,2010-11-30 00:00:00,224.9,2010-11-30 00:00:00,209.9,214.4,12,5300,1140280,2010-11-30 00:00:00,1
2010-12-06 00:00:00,2010-12-06 00:00:00,119.9,2010-12-06 00:00:00,99,99.5,19,7000,722590,2010-12-06 00:00:00,1
2010-12-07 00:00:00,2010-12-07 00:00:00,100,2010-12-07 00:00:00,99.1,100,5,3900,389550,2010-12-07 00:00:00,1
2010-12-08 00:00:00,2010-12-08 00:00:00,99.2,2010-12-08 00:00:00,99,99,7,1000,99090,2010-12-08 00:00:00,1
2010-12-09 00:00:00,2010-12-09 00:00:00,112,2010-12-09 00:00:00,100,100,10,3000,309530,2010-12-09 00:00:00,1
2010-12-10 00:00:00,2010-12-10 00:00:00,109.9,2010-12-10 00:00:00,100,107.1,48,26300,2741420,2010-12-10 00:00:00,1
2010-12-13 00:00:00,2010-12-13 00:00:00,105,2010-12-13 00:00:00,105,105,1,100,10500,2010-12-13 00:00:00,1
2010-12-14 00:00:00,2010-12-14 00:00:00,106,2010-12-14 00:00:00,102,102,3,1000,105600,2010-12-14 00:00:00,1
2010-12-15 00:00:00,2010-12-15 00:00:00,109.2,2010-12-15 00:00:00,105,105.7,100,30200,3230060,2010-12-15 00:00:00,1
2010-12-16 00:00:00,2010-12-16 00:00:00,105,2010-12-16 00:00:00,102,104.1,10,4100,426110,2010-12-16 00:00:00,1
2010-12-17 00:00:00,2010-12-17 00:00:00,102.3,2010-12-17 00:00:00,102.1,102.3,6,2400,245240,2010-12-17 00:00:00,1
2010-12-21 00:00:00,2010-12-21 00:00:00,106,2010-12-21 00:00:00,103,105,11,3600,376900,2010-12-21 00:00:00,1
2010-12-22 00:00:00,2010-12-22 00:00:00,106.4,2010-12-22 00:00:00,105,106,18,7000,742140,2010-12-22 00:00:00,1
2010-12-23 00:00:00,2010-12-23 00:00:00,106,2010-12-23 00:00:00,104.5,104.7,10,5700,601250,2010-12-23 00:00:00,1
2010-12-24 00:00:00,2010-12-24 00:00:00,106,2010-12-24 00:00:00,106,106,6,3600,381600,2010-12-24 00:00:00,1
2010-12-27 00:00:00,2010-12-27 00:00:00,112,2010-12-27 00:00:00,105.9,107.3,51,86400,9264170,2010-12-27 00:00:00,1
2010-12-28 00:00:00,2010-12-28 00:00:00,113,2010-12-28 00:00:00,110,112.7,20,5300,592760,2010-12-28 00:00:00,1
2010-12-29 00:00:00,2010-12-29 00:00:00,119,2010-12-29 00:00:00,112,117.1,78,37000,4323390,2010-12-29 00:00:00,1
2010-12-30 00:00:00,2010-12-30 00:00:00,117,2010-12-30 00:00:00,110.3,116.2,58,33100,3798250,2010-12-30 00:00:00,1
2010-12-31 00:00:00,2010-12-31 00:00:00,117,2010-12-31 00:00:00,115.1,115.7,21,10000,1153420,2010-12-31 00:00:00,1
Company Id,:  VFIN,Security,Type :  N,Sub Type,:  0000,,,,,
Short Name,:  VALLIBEL FINANCE,,,,,,,,,
Day,Date High,High,Date Low,Low,Closing,No. of Trades,No. of Shares,Turnover,Last Traded,Days Traded
2010-05-04 00:00:00,2010-05-04 00:00:00,34.25,2010-05-04 00:00:00,29.5,30.25,3680,4306500,135469750,2010-05-04 00:00:00,1
2010-05-05 00:00:00,2010-05-05 00:00:00,31,2010-05-05 00:00:00,28.5,29,378,352400,10499450,2010-05-05 00:00:00,1
2010-05-06 00:00:00,2010-05-06 00:00:00,29.25,2010-05-06 00:00:00,28.5,29,174,112700,3248525,2010-05-06 00:00:00,1
2010-05-07 00:00:00,2010-05-07 00:00:00,29.75,2010-05-07 00:00:00,28.5,29.25,141,125000,3631950,2010-05-07 00:00:00,1
2010-05-10 00:00:00,2010-05-10 00:00:00,29.25,2010-05-10 00:00:00,28.5,28.75,85,47300,1352800,2010-05-10 00:00:00,1
2010-05-11 00:00:00,2010-05-11 00:00:00,29.5,2010-05-11 00:00:00,28.5,29,185,109700,3187775,2010-05-11 00:00:00,1
2010-05-12 00:00:00,2010-05-12 00:00:00,29.25,2010-05-12 00:00:00,28.5,28.75,86,55900,1607500,2010-05-12 00:00:00,1
2010-05-13 00:00:00,2010-05-13 00:00:00,30.75,2010-05-13 00:00:00,29,29.5,268,221200,6663725,2010-05-13 00:00:00,1
2010-05-14 00:00:00,2010-05-14 00:00:00,29.5,2010-05-14 00:00:00,28.75,29.5,40,26200,766350,2010-05-14 00:00:00,1
2010-05-17 00:00:00,2010-05-17 00:00:00,29.5,2010-05-17 00:00:00,28.75,29,28,13800,402275,2010-05-17 00:00:00,1
2010-05-18 00:00:00,2010-05-18 00:00:00,29.25,2010-05-18 00:00:00,28,28.25,47,26000,735575,2010-05-18 00:00:00,1
2010-05-19 00:00:00,2010-05-19 00:00:00,29.5,2010-05-19 00:00:00,28.25,29,45,33200,965650,2010-05-19 00:00:00,1
2010-05-20 00:00:00,2010-05-20 00:00:00,28.25,2010-05-20 00:00:00,28,28.25,20,7800,220325,2010-05-20 00:00:00,1
2010-05-21 00:00:00,2010-05-21 00:00:00,28.5,2010-05-21 00:00:00,27.5,28,48,93000,2611775,2010-05-21 00:00:00,1
2010-05-24 00:00:00,2010-05-24 00:00:00,28,2010-05-24 00:00:00,27.5,27.5,20,15500,427150,2010-05-24 00:00:00,1
2010-05-25 00:00:00,2010-05-25 00:00:00,30,2010-05-25 00:00:00,28,28,67,58700,1709050,2010-05-25 00:00:00,1
2010-05-26 00:00:00,2010-05-26 00:00:00,28.5,2010-05-26 00:00:00,28,28,29,17900,503025,2010-05-26 00:00:00,1
2010-05-31 00:00:00,2010-05-31 00:00:00,28,2010-05-31 00:00:00,27.75,27.75,17,9800,273100,2010-05-31 00:00:00,1
2010-06-01 00:00:00,2010-06-01 00:00:00,29,2010-06-01 00:00:00,28,29,34,13000,365500,2010-06-01 00:00:00,1
2010-06-02 00:00:00,2010-06-02 00:00:00,30.25,2010-06-02 00:00:00,28.5,30,188,118500,3531375,2010-06-02 00:00:00,1
2010-06-03 00:00:00,2010-06-03 00:00:00,30.25,2010-06-03 00:00:00,29.5,29.5,84,84900,2541675,2010-06-03 00:00:00,1
2010-06-04 00:00:00,2010-06-04 00:00:00,31.5,2010-06-04 00:00:00,29.25,30.75,371,582000,18041200,2010-06-04 00:00:00,1
2010-06-07 00:00:00,2010-06-07 00:00:00,34.75,2010-06-07 00:00:00,31,33.75,858,1275500,42227900,2010-06-07 00:00:00,1
2010-06-08 00:00:00,2010-06-08 00:00:00,36,2010-06-08 00:00:00,32.5,33,510,811300,28190000,2010-06-08 00:00:00,1
2010-06-09 00:00:00,2010-06-09 00:00:00,34,2010-06-09 00:00:00,32.5,33.5,133,157800,5236125,2010-06-09 00:00:00,1
2010-06-10 00:00:00,2010-06-10 00:00:00,34,2010-06-10 00:00:00,33,33.25,28,478300,15797150,2010-06-10 00:00:00,1
2010-06-11 00:00:00,2010-06-11 00:00:00,33.5,2010-06-11 00:00:00,33,33.25,48,62100,2066825,2010-06-11 00:00:00,1
2010-06-14 00:00:00,2010-06-14 00:00:00,34.5,2010-06-14 00:00:00,33.5,34,107,116400,3956000,2010-06-14 00:00:00,1
2010-06-15 00:00:00,2010-06-15 00:00:00,34,2010-06-15 00:00:00,33,33.5,72,129200,4336400,2010-06-15 00:00:00,1
2010-06-16 00:00:00,2010-06-16 00:00:00,34.5,2010-06-16 00:00:00,33.5,34.25,124,147600,5019600,2010-06-16 00:00:00,1
2010-06-17 00:00:00,2010-06-17 00:00:00,37.25,2010-06-17 00:00:00,34.5,36,475,791600,28672250,2010-06-17 00:00:00,1
2010-06-21 00:00:00,2010-06-21 00:00:00,42,2010-06-21 00:00:00,36,41,858,1157200,46033975,2010-06-21 00:00:00,1
2010-06-22 00:00:00,2010-06-22 00:00:00,43.25,2010-06-22 00:00:00,39.5,40,324,400500,16494675,2010-06-22 00:00:00,1
2010-06-23 00:00:00,2010-06-23 00:00:00,42.75,2010-06-23 00:00:00,39.5,40,166,225000,9156425,2010-06-23 00:00:00,1
2010-06-24 00:00:00,2010-06-24 00:00:00,42.25,2010-06-24 00:00:00,37.75,41.5,265,251200,10273150,2010-06-24 00:00:00,1
2010-06-28 00:00:00,2010-06-28 00:00:00,42.25,2010-06-28 00:00:00,39.5,40,104,117100,4770400,2010-06-28 00:00:00,1
2010-06-29 00:00:00,2010-06-29 00:00:00,41,2010-06-29 00:00:00,39.5,40.5,89,95200,3826425,2010-06-29 00:00:00,1
2010-06-30 00:00:00,2010-06-30 00:00:00,40.5,2010-06-30 00:00:00,38.25,39.25,90,133000,5287125,2010-06-30 00:00:00,1
2010-07-01 00:00:00,2010-07-01 00:00:00,39,2010-07-01 00:00:00,38.75,39,27,22300,866075,2010-07-01 00:00:00,1
2010-07-02 00:00:00,2010-07-02 00:00:00,39,2010-07-02 00:00:00,37,38.75,41,42600,1645175,2010-07-02 00:00:00,1
2010-07-05 00:00:00,2010-07-05 00:00:00,38.25,2010-07-05 00:00:00,37.25,37.75,28,20200,764825,2010-07-05 00:00:00,1
2010-07-06 00:00:00,2010-07-06 00:00:00,38.75,2010-07-06 00:00:00,37.75,38.25,51,50100,1911750,2010-07-06 00:00:00,1
2010-07-07 00:00:00,2010-07-07 00:00:00,38,2010-07-07 00:00:00,35,35.75,105,118400,4241350,2010-07-07 00:00:00,1
2010-07-08 00:00:00,2010-07-08 00:00:00,38.25,2010-07-08 00:00:00,35.25,37.5,80,76900,2837150,2010-07-08 00:00:00,1
2010-07-09 00:00:00,2010-07-09 00:00:00,37.5,2010-07-09 00:00:00,36.5,37,29,42300,1567775,2010-07-09 00:00:00,1
2010-07-12 00:00:00,2010-07-12 00:00:00,38,2010-07-12 00:00:00,37,37.5,42,31700,1178150,2010-07-12 00:00:00,1
2010-07-13 00:00:00,2010-07-13 00:00:00,42,2010-07-13 00:00:00,37.75,41,397,468000,19126825,2010-07-13 00:00:00,1
2010-07-14 00:00:00,2010-07-14 00:00:00,42.5,2010-07-14 00:00:00,40,41,194,208000,8731100,2010-07-14 00:00:00,1
2010-07-15 00:00:00,2010-07-15 00:00:00,42.75,2010-07-15 00:00:00,40,40.25,62,61800,2582400,2010-07-15 00:00:00,1
2010-07-16 00:00:00,2010-07-16 00:00:00,40.75,2010-07-16 00:00:00,39,39.5,48,44500,1778525,2010-07-16 00:00:00,1
2010-07-19 00:00:00,2010-07-19 00:00:00,42,2010-07-19 00:00:00,39.5,40,23,14100,563575,2010-07-19 00:00:00,1
2010-07-20 00:00:00,2010-07-20 00:00:00,40,2010-07-20 00:00:00,39.25,39.75,39,39500,1565775,2010-07-20 00:00:00,1
2010-07-21 00:00:00,2010-07-21 00:00:00,42.25,2010-07-21 00:00:00,38.75,40.5,66,154800,6243675,2010-07-21 00:00:00,1
2010-07-22 00:00:00,2010-07-22 00:00:00,42.5,2010-07-22 00:00:00,40,40.25,59,55500,2289100,2010-07-22 00:00:00,1
2010-07-23 00:00:00,2010-07-23 00:00:00,40.5,2010-07-23 00:00:00,39.75,40,35,26400,1056875,2010-07-23 00:00:00,1
2010-07-26 00:00:00,2010-07-26 00:00:00,40.5,2010-07-26 00:00:00,40,40.25,25,40500,1622525,2010-07-26 00:00:00,1
2010-07-27 00:00:00,2010-07-27 00:00:00,41.75,2010-07-27 00:00:00,40.5,41.5,72,114200,4687650,2010-07-27 00:00:00,1
2010-07-28 00:00:00,2010-07-28 00:00:00,42.5,2010-07-28 00:00:00,40.75,41,108,176000,7308100,2010-07-28 00:00:00,1
2010-07-29 00:00:00,2010-07-29 00:00:00,41,2010-07-29 00:00:00,40,40.5,37,27400,1110725,2010-07-29 00:00:00,1
2010-07-30 00:00:00,2010-07-30 00:00:00,41,2010-07-30 00:00:00,40,40.25,41,32300,1303125,2010-07-30 00:00:00,1
2010-08-02 00:00:00,2010-08-02 00:00:00,40,2010-08-02 00:00:00,39,39.2,42,74800,2931410,2010-08-02 00:00:00,1
2010-08-03 00:00:00,2010-08-03 00:00:00,43.9,2010-08-03 00:00:00,40,43.2,227,479100,20110340,2010-08-03 00:00:00,1
2010-08-04 00:00:00,2010-08-04 00:00:00,53.9,2010-08-04 00:00:00,43.5,52.5,1031,1801400,91201200,2010-08-04 00:00:00,1
2010-08-05 00:00:00,2010-08-05 00:00:00,55,2010-08-05 00:00:00,47.3,49.8,244,388700,19223180,2010-08-05 00:00:00,1
2010-08-06 00:00:00,2010-08-06 00:00:00,50,2010-08-06 00:00:00,44.9,46.3,104,138800,6443430,2010-08-06 00:00:00,1
2010-08-09 00:00:00,2010-08-09 00:00:00,46.3,2010-08-09 00:00:00,41.7,42.8,109,118200,5041270,2010-08-09 00:00:00,1
2010-08-10 00:00:00,2010-08-10 00:00:00,47,2010-08-10 00:00:00,39,47,82,92800,4051060,2010-08-10 00:00:00,1
2010-08-11 00:00:00,2010-08-11 00:00:00,51.7,2010-08-11 00:00:00,48.1,48.4,219,308500,15536430,2010-08-11 00:00:00,1
2010-08-12 00:00:00,2010-08-12 00:00:00,48.7,2010-08-12 00:00:00,46.2,48.3,43,49100,2370440,2010-08-12 00:00:00,1
2010-08-13 00:00:00,2010-08-13 00:00:00,49,2010-08-13 00:00:00,47,48.9,33,24900,1182820,2010-08-13 00:00:00,1
2010-08-16 00:00:00,2010-08-16 00:00:00,49.3,2010-08-16 00:00:00,47.7,47.8,58,74400,3589970,2010-08-16 00:00:00,1
2010-08-17 00:00:00,2010-08-17 00:00:00,49.9,2010-08-17 00:00:00,45.5,49.8,58,123100,5975540,2010-08-17 00:00:00,1
2010-08-18 00:00:00,2010-08-18 00:00:00,51,2010-08-18 00:00:00,47.1,48.7,92,155500,7519480,2010-08-18 00:00:00,1
2010-08-19 00:00:00,2010-08-19 00:00:00,50,2010-08-19 00:00:00,47.5,48.5,33,104800,5078330,2010-08-19 00:00:00,1
2010-08-20 00:00:00,2010-08-20 00:00:00,49.1,2010-08-20 00:00:00,47.7,48.2,41,34600,1669440,2010-08-20 00:00:00,1
2010-08-23 00:00:00,2010-08-23 00:00:00,49,2010-08-23 00:00:00,47,47.2,57,153800,7313670,2010-08-23 00:00:00,1
2010-08-25 00:00:00,2010-08-25 00:00:00,50,2010-08-25 00:00:00,47.5,47.7,19,14400,690830,2010-08-25 00:00:00,1
2010-08-26 00:00:00,2010-08-26 00:00:00,50,2010-08-26 00:00:00,45,48.5,40,28500,1394940,2010-08-26 00:00:00,1
2010-08-27 00:00:00,2010-08-27 00:00:00,48.5,2010-08-27 00:00:00,47.1,47.6,21,8500,407440,2010-08-27 00:00:00,1
2010-08-30 00:00:00,2010-08-30 00:00:00,52.3,2010-08-30 00:00:00,47,52.3,300,470600,24281590,2010-08-30 00:00:00,1
2010-08-31 00:00:00,2010-08-31 00:00:00,57.2,2010-08-31 00:00:00,52.6,56.3,657,1157000,64446780,2010-08-31 00:00:00,1
2010-09-01 00:00:00,2010-09-01 00:00:00,61.9,2010-09-01 00:00:00,56.5,60.7,632,1303400,77364970,2010-09-01 00:00:00,1
2010-09-02 00:00:00,2010-09-02 00:00:00,65,2010-09-02 00:00:00,58.2,60.1,774,1106000,68421030,2010-09-02 00:00:00,1
2010-09-03 00:00:00,2010-09-03 00:00:00,61,2010-09-03 00:00:00,57,58.3,218,238000,13895310,2010-09-03 00:00:00,1
2010-09-06 00:00:00,2010-09-06 00:00:00,59,2010-09-06 00:00:00,55.7,57.4,83,133500,7655420,2010-09-06 00:00:00,1
2010-09-07 00:00:00,2010-09-07 00:00:00,60,2010-09-07 00:00:00,57,58.1,148,204600,11972950,2010-09-07 00:00:00,1
2010-09-08 00:00:00,2010-09-08 00:00:00,61.9,2010-09-08 00:00:00,59.5,59.9,169,267500,16113930,2010-09-08 00:00:00,1
2010-09-09 00:00:00,2010-09-09 00:00:00,61,2010-09-09 00:00:00,57.5,59,82,78200,4617810,2010-09-09 00:00:00,1
2010-09-13 00:00:00,2010-09-13 00:00:00,62.2,2010-09-13 00:00:00,57,59.9,200,258700,15638290,2010-09-13 00:00:00,1
2010-09-14 00:00:00,2010-09-14 00:00:00,65.8,2010-09-14 00:00:00,60.1,64.4,566,815000,52618040,2010-09-14 00:00:00,1
2010-09-15 00:00:00,2010-09-15 00:00:00,70.8,2010-09-15 00:00:00,64.5,70.7,618,918200,63833930,2010-09-15 00:00:00,1
2010-09-16 00:00:00,2010-09-16 00:00:00,77.7,2010-09-16 00:00:00,75,77.7,239,336800,26068400,2010-09-16 00:00:00,1
2010-09-17 00:00:00,2010-09-17 00:00:00,85.4,2010-09-17 00:00:00,84,85.4,137,164200,13996510,2010-09-17 00:00:00,1
2010-09-20 00:00:00,2010-09-20 00:00:00,106,2010-09-20 00:00:00,80,99,1263,1199900,111986980,2010-09-20 00:00:00,1
2010-09-21 00:00:00,2010-09-21 00:00:00,129.9,2010-09-21 00:00:00,108,124.4,1670,1685600,203907670,2010-09-21 00:00:00,1
2010-09-23 00:00:00,2010-09-23 00:00:00,114,2010-09-23 00:00:00,112,112,154,146000,16353700,2010-09-23 00:00:00,1
2010-09-24 00:00:00,2010-09-24 00:00:00,100.8,2010-09-24 00:00:00,100.8,100.8,6,3700,372960,2010-09-24 00:00:00,1
2010-09-27 00:00:00,2010-09-27 00:00:00,105,2010-09-27 00:00:00,90.8,90.8,323,281300,25787330,2010-09-27 00:00:00,1
2010-09-28 00:00:00,2010-09-28 00:00:00,88.5,2010-09-28 00:00:00,81.8,81.8,115,181200,14838310,2010-09-28 00:00:00,1
2010-09-29 00:00:00,2010-09-29 00:00:00,89.9,2010-09-29 00:00:00,75,89.9,118,87500,7622150,2010-09-29 00:00:00,1
2010-09-30 00:00:00,2010-09-30 00:00:00,98.8,2010-09-30 00:00:00,86.1,88.6,96,61600,5568380,2010-09-30 00:00:00,1
2010-10-01 00:00:00,2010-10-01 00:00:00,86,2010-10-01 00:00:00,80,80.8,111,68100,5600200,2010-10-01 00:00:00,1
2010-10-04 00:00:00,2010-10-04 00:00:00,81.1,2010-10-04 00:00:00,75,77,54,36600,2831410,2010-10-04 00:00:00,1
2010-10-05 00:00:00,2010-10-05 00:00:00,80,2010-10-05 00:00:00,75,79.2,44,28400,2187970,2010-10-05 00:00:00,1
2010-10-06 00:00:00,2010-10-06 00:00:00,86.9,2010-10-06 00:00:00,80,81.9,112,72100,6021760,2010-10-06 00:00:00,1
2010-10-07 00:00:00,2010-10-07 00:00:00,85,2010-10-07 00:00:00,79,80,52,30900,2517840,2010-10-07 00:00:00,1
2010-10-08 00:00:00,2010-10-08 00:00:00,88,2010-10-08 00:00:00,79,87.2,65,69200,5862820,2010-10-08 00:00:00,1
2010-10-11 00:00:00,2010-10-11 00:00:00,95.9,2010-10-11 00:00:00,94.5,95.9,115,82400,7876100,2010-10-11 00:00:00,1
2010-10-12 00:00:00,2010-10-12 00:00:00,104,2010-10-12 00:00:00,89,90.2,216,129400,12392020,2010-10-12 00:00:00,1
2010-10-13 00:00:00,2010-10-13 00:00:00,99.2,2010-10-13 00:00:00,82,95.3,173,138400,12600310,2010-10-13 00:00:00,1
2010-10-14 00:00:00,2010-10-14 00:00:00,115,2010-10-14 00:00:00,92,94.9,356,236000,23306360,2010-10-14 00:00:00,1
2010-10-15 00:00:00,2010-10-15 00:00:00,96,2010-10-15 00:00:00,91.1,93.7,75,47600,4432320,2010-10-15 00:00:00,1
2010-10-18 00:00:00,2010-10-18 00:00:00,94,2010-10-18 00:00:00,90,90,75,37200,3359240,2010-10-18 00:00:00,1
2010-10-19 00:00:00,2010-10-19 00:00:00,92,2010-10-19 00:00:00,88,91,91,46600,4206680,2010-10-19 00:00:00,1
2010-10-20 00:00:00,2010-10-20 00:00:00,93.1,2010-10-20 00:00:00,88,88.8,62,46100,4125820,2010-10-20 00:00:00,1
2010-10-21 00:00:00,2010-10-21 00:00:00,90.5,2010-10-21 00:00:00,86,88,74,37700,3329320,2010-10-21 00:00:00,1
2010-10-25 00:00:00,2010-10-25 00:00:00,86.3,2010-10-25 00:00:00,83,85,20,8500,723850,2010-10-25 00:00:00,1
2010-10-26 00:00:00,2010-10-26 00:00:00,83,2010-10-26 00:00:00,78,79.8,41,21800,1752770,2010-10-26 00:00:00,1
2010-10-27 00:00:00,2010-10-27 00:00:00,82,2010-10-27 00:00:00,76,80,115,113400,9012330,2010-10-27 00:00:00,1
2010-10-28 00:00:00,2010-10-28 00:00:00,81.7,2010-10-28 00:00:00,76.6,77.3,43,31000,2455250,2010-10-28 00:00:00,1
2010-10-29 00:00:00,2010-10-29 00:00:00,80,2010-10-29 00:00:00,76,78.8,55,20100,1578000,2010-10-29 00:00:00,1
2010-11-01 00:00:00,2010-11-01 00:00:00,81.5,2010-11-01 00:00:00,75,76.2,56,44200,3478190,2010-11-01 00:00:00,1
2010-11-02 00:00:00,2010-11-02 00:00:00,78.5,2010-11-02 00:00:00,76,77.1,45,27500,2112380,2010-11-02 00:00:00,1
2010-11-03 00:00:00,2010-11-03 00:00:00,80,2010-11-03 00:00:00,76.1,76.4,57,29800,2316940,2010-11-03 00:00:00,1
2010-11-04 00:00:00,2010-11-04 00:00:00,78,2010-11-04 00:00:00,75.5,76.7,41,17300,1325890,2010-11-04 00:00:00,1
2010-11-08 00:00:00,2010-11-08 00:00:00,79.5,2010-11-08 00:00:00,75,75.5,33,19500,1512480,2010-11-08 00:00:00,1
2010-11-09 00:00:00,2010-11-09 00:00:00,75,2010-11-09 00:00:00,72.5,73.2,41,16000,1180100,2010-11-09 00:00:00,1
2010-11-10 00:00:00,2010-11-10 00:00:00,74,2010-11-10 00:00:00,71.6,72,18,5500,400610,2010-11-10 00:00:00,1
2010-11-11 00:00:00,2010-11-11 00:00:00,76,2010-11-11 00:00:00,74.9,75,19,10600,796990,2010-11-11 00:00:00,1
2010-11-12 00:00:00,2010-11-12 00:00:00,77.5,2010-11-12 00:00:00,75.5,76.1,46,34300,2626990,2010-11-12 00:00:00,1
2010-11-15 00:00:00,2010-11-15 00:00:00,76,2010-11-15 00:00:00,73,73.1,23,9100,679210,2010-11-15 00:00:00,1
2010-11-16 00:00:00,2010-11-16 00:00:00,73,2010-11-16 00:00:00,66.5,70.4,68,32800,2286240,2010-11-16 00:00:00,1
2010-11-18 00:00:00,2010-11-18 00:00:00,74,2010-11-18 00:00:00,70,73,38,13500,982040,2010-11-18 00:00:00,1
2010-11-22 00:00:00,2010-11-22 00:00:00,74,2010-11-22 00:00:00,70,72.7,26,9400,673650,2010-11-22 00:00:00,1
2010-11-23 00:00:00,2010-11-23 00:00:00,73,2010-11-23 00:00:00,67.5,69.3,32,24500,1673930,2010-11-23 00:00:00,1
2010-11-24 00:00:00,2010-11-24 00:00:00,69,2010-11-24 00:00:00,68.2,68.6,24,13700,941720,2010-11-24 00:00:00,1
2010-11-25 00:00:00,2010-11-25 00:00:00,67.5,2010-11-25 00:00:00,65,65.9,35,57400,3782360,2010-11-25 00:00:00,1
2010-11-26 00:00:00,2010-11-26 00:00:00,67,2010-11-26 00:00:00,63.4,63.8,47,29900,1915200,2010-11-26 00:00:00,1
2010-11-29 00:00:00,2010-11-29 00:00:00,65.4,2010-11-29 00:00:00,62.5,62.5,27,10800,690190,2010-11-29 00:00:00,1
2010-11-30 00:00:00,2010-11-30 00:00:00,81,2010-11-30 00:00:00,65,78.4,259,215300,16035600,2010-11-30 00:00:00,1
2010-12-01 00:00:00,2010-12-01 00:00:00,91,2010-12-01 00:00:00,80,87.6,383,286600,24668160,2010-12-01 00:00:00,1
2010-12-02 00:00:00,2010-12-02 00:00:00,89.9,2010-12-02 00:00:00,81.3,84.3,141,81700,6891030,2010-12-02 00:00:00,1
2010-12-03 00:00:00,2010-12-03 00:00:00,83.9,2010-12-03 00:00:00,80,81.7,51,19500,1597190,2010-12-03 00:00:00,1
2010-12-06 00:00:00,2010-12-06 00:00:00,80,2010-12-06 00:00:00,77,77.9,52,24200,1904750,2010-12-06 00:00:00,1
2010-12-07 00:00:00,2010-12-07 00:00:00,80,2010-12-07 00:00:00,77.2,77.4,22,13400,1051300,2010-12-07 00:00:00,1
2010-12-08 00:00:00,2010-12-08 00:00:00,77.2,2010-12-08 00:00:00,73,74.1,66,26100,1932940,2010-12-08 00:00:00,1
2010-12-09 00:00:00,2010-12-09 00:00:00,78.5,2010-12-09 00:00:00,73.5,76.4,106,81700,6250380,2010-12-09 00:00:00,1
2010-12-10 00:00:00,2010-12-10 00:00:00,84,2010-12-10 00:00:00,77,78.1,396,329300,26579760,2010-12-10 00:00:00,1
2010-12-13 00:00:00,2010-12-13 00:00:00,79.8,2010-12-13 00:00:00,77.9,78.1,44,13600,1065430,2010-12-13 00:00:00,1
2010-12-14 00:00:00,2010-12-14 00:00:00,77.9,2010-12-14 00:00:00,76,76.2,35,13200,1013490,2010-12-14 00:00:00,1
2010-12-15 00:00:00,2010-12-15 00:00:00,76.5,2010-12-15 00:00:00,75.2,75.8,15,6800,515840,2010-12-15 00:00:00,1
2010-12-16 00:00:00,2010-12-16 00:00:00,76.5,2010-12-16 00:00:00,74,74.9,41,19600,1473700,2010-12-16 00:00:00,1
2010-12-17 00:00:00,2010-12-17 00:00:00,75,2010-12-17 00:00:00,73.5,74,23,17200,1277110,2010-12-17 00:00:00,1
2010-12-21 00:00:00,2010-12-21 00:00:00,76,2010-12-21 00:00:00,73.6,74.4,41,28100,2089340,2010-12-21 00:00:00,1
2010-12-22 00:00:00,2010-12-22 00:00:00,78.9,2010-12-22 00:00:00,76,77.2,57,31800,2461560,2010-12-22 00:00:00,1
2010-12-23 00:00:00,2010-12-23 00:00:00,83.9,2010-12-23 00:00:00,78,81.4,278,246900,20195570,2010-12-23 00:00:00,1
2010-12-24 00:00:00,2010-12-24 00:00:00,83,2010-12-24 00:00:00,79.1,80,25,19700,1580900,2010-12-24 00:00:00,1
2010-12-27 00:00:00,2010-12-27 00:00:00,83.5,2010-12-27 00:00:00,79,82.1,48,45500,3744500,2010-12-27 00:00:00,1
2010-12-28 00:00:00,2010-12-28 00:00:00,88,2010-12-28 00:00:00,80.1,81.3,39,12700,1034550,2010-12-28 00:00:00,1
2010-12-29 00:00:00,2010-12-29 00:00:00,82,2010-12-29 00:00:00,81.1,81.6,32,21700,1767550,2010-12-29 00:00:00,1
2010-12-30 00:00:00,2010-12-30 00:00:00,82,2010-12-30 00:00:00,78.1,79.4,91,58900,4700980,2010-12-30 00:00:00,1
2010-12-31 00:00:00,2010-12-31 00:00:00,83.9,2010-12-31 00:00:00,78.5,83.1,116,112200,9233970,2010-12-31 00:00:00,1
Company Id,:  VLL,Security,Type :  N,Sub Type,:  0000,,,,,
Short Name,:  VIDULLANKA,,,,,,,,,
Day,Date High,High,Date Low,Low,Closing,No. of Trades,No. of Shares,Turnover,Last Traded,Days Traded
2010-01-06 00:00:00,2010-01-06 00:00:00,38,2010-01-06 00:00:00,34.5,36.25,21,22500,818025,2010-01-06 00:00:00,1
2010-01-13 00:00:00,2010-01-13 00:00:00,34.5,2010-01-13 00:00:00,34.5,34.5,1,100,3450,2010-01-13 00:00:00,1
2010-01-15 00:00:00,2010-01-15 00:00:00,35,2010-01-15 00:00:00,32,34.5,5,2100,70000,2010-01-15 00:00:00,1
2010-01-18 00:00:00,2010-01-18 00:00:00,35,2010-01-18 00:00:00,35,35,1,100,3500,2010-01-18 00:00:00,1
2010-01-20 00:00:00,2010-01-20 00:00:00,35,2010-01-20 00:00:00,35,35,1,100,3500,2010-01-20 00:00:00,1
2010-01-22 00:00:00,2010-01-22 00:00:00,34.75,2010-01-22 00:00:00,34.75,34.75,3,2600,90350,2010-01-22 00:00:00,1
2010-01-26 00:00:00,2010-01-26 00:00:00,35,2010-01-26 00:00:00,34.5,34.75,8,71800,2489175,2010-01-26 00:00:00,1
2010-01-28 00:00:00,2010-01-28 00:00:00,35,2010-01-28 00:00:00,34.75,34.75,5,2400,83875,2010-01-28 00:00:00,1
2010-02-01 00:00:00,2010-02-01 00:00:00,34,2010-02-01 00:00:00,32.75,33,8,4100,138700,2010-02-01 00:00:00,1
2010-02-02 00:00:00,2010-02-02 00:00:00,33.25,2010-02-02 00:00:00,33,33.25,3,1000,33125,2010-02-02 00:00:00,1
2010-02-03 00:00:00,2010-02-03 00:00:00,34,2010-02-03 00:00:00,31.5,32.25,22,11200,370050,2010-02-03 00:00:00,1
2010-02-05 00:00:00,2010-02-05 00:00:00,34,2010-02-05 00:00:00,32.25,32.25,4,2500,82375,2010-02-05 00:00:00,1
2010-02-08 00:00:00,2010-02-08 00:00:00,34,2010-02-08 00:00:00,32,33,13,47700,1559225,2010-02-08 00:00:00,1
2010-02-09 00:00:00,2010-02-09 00:00:00,34.5,2010-02-09 00:00:00,33,34,5,1600,53700,2010-02-09 00:00:00,1
2010-02-11 00:00:00,2010-02-11 00:00:00,31.5,2010-02-11 00:00:00,31.5,31.5,1,300,9450,2010-02-11 00:00:00,1
2010-02-16 00:00:00,2010-02-16 00:00:00,34.5,2010-02-16 00:00:00,34,34,6,2500,85250,2010-02-16 00:00:00,1
2010-02-17 00:00:00,2010-02-17 00:00:00,34,2010-02-17 00:00:00,34,34,2,1100,37400,2010-02-17 00:00:00,1
2010-02-18 00:00:00,2010-02-18 00:00:00,33.75,2010-02-18 00:00:00,33.5,33.5,2,400,13450,2010-02-18 00:00:00,1
2010-02-22 00:00:00,2010-02-22 00:00:00,33.5,2010-02-22 00:00:00,33,33,3,600,19850,2010-02-22 00:00:00,1
2010-02-24 00:00:00,2010-02-24 00:00:00,33.5,2010-02-24 00:00:00,33.5,33.5,3,4000,134000,2010-02-24 00:00:00,1
2010-02-25 00:00:00,2010-02-25 00:00:00,33.5,2010-02-25 00:00:00,33.5,33.5,11,50000,1675000,2010-02-25 00:00:00,1
2010-03-01 00:00:00,2010-03-01 00:00:00,34.75,2010-03-01 00:00:00,34.75,34.75,1,300,10425,2010-03-01 00:00:00,1
2010-03-02 00:00:00,2010-03-02 00:00:00,35,2010-03-02 00:00:00,33.5,33.5,3,5100,171000,2010-03-02 00:00:00,1
2010-03-03 00:00:00,2010-03-03 00:00:00,32.5,2010-03-03 00:00:00,32.5,32.5,1,500,16250,2010-03-03 00:00:00,1
2010-03-04 00:00:00,2010-03-04 00:00:00,34,2010-03-04 00:00:00,33.5,34,7,31000,1053900,2010-03-04 00:00:00,1
2010-03-05 00:00:00,2010-03-05 00:00:00,34.5,2010-03-05 00:00:00,34,34.5,5,16400,564750,2010-03-05 00:00:00,1
2010-03-15 00:00:00,2010-03-15 00:00:00,33.5,2010-03-15 00:00:00,33.5,33.5,1,100,3350,2010-03-15 00:00:00,1
2010-03-18 00:00:00,2010-03-18 00:00:00,34,2010-03-18 00:00:00,33.5,33.75,3,4000,135000,2010-03-18 00:00:00,1
2010-03-19 00:00:00,2010-03-19 00:00:00,33.75,2010-03-19 00:00:00,33.75,33.75,1,100,3375,2010-03-19 00:00:00,1
2010-03-22 00:00:00,2010-03-22 00:00:00,33.75,2010-03-22 00:00:00,33.75,33.75,1,200,6750,2010-03-22 00:00:00,1
2010-03-23 00:00:00,2010-03-23 00:00:00,34,2010-03-23 00:00:00,33.5,34,9,62400,2121100,2010-03-23 00:00:00,1
2010-03-24 00:00:00,2010-03-24 00:00:00,33,2010-03-24 00:00:00,33,33,1,500,16500,2010-03-24 00:00:00,1
2010-03-25 00:00:00,2010-03-25 00:00:00,34,2010-03-25 00:00:00,34,34,7,5500,187000,2010-03-25 00:00:00,1
2010-03-30 00:00:00,2010-03-30 00:00:00,33,2010-03-30 00:00:00,33,33,1,100,3300,2010-03-30 00:00:00,1
2010-03-31 00:00:00,2010-03-31 00:00:00,33.5,2010-03-31 00:00:00,33,33.5,2,6500,217000,2010-03-31 00:00:00,1
2010-04-01 00:00:00,2010-04-01 00:00:00,33.75,2010-04-01 00:00:00,33.5,33.75,15,81600,2749000,2010-04-01 00:00:00,1
2010-04-05 00:00:00,2010-04-05 00:00:00,34,2010-04-05 00:00:00,33.75,34,8,4000,135750,2010-04-05 00:00:00,1
2010-04-06 00:00:00,2010-04-06 00:00:00,34,2010-04-06 00:00:00,33.5,34,2,1100,37350,2010-04-06 00:00:00,1
2010-04-12 00:00:00,2010-04-12 00:00:00,34,2010-04-12 00:00:00,34,34,3,1600,54400,2010-04-12 00:00:00,1
2010-04-16 00:00:00,2010-04-16 00:00:00,34,2010-04-16 00:00:00,34,34,3,700,23800,2010-04-16 00:00:00,1
2010-04-20 00:00:00,2010-04-20 00:00:00,34.5,2010-04-20 00:00:00,34.5,34.5,2,1500,51750,2010-04-20 00:00:00,1
2010-04-21 00:00:00,2010-04-21 00:00:00,34,2010-04-21 00:00:00,34,34,1,200,6800,2010-04-21 00:00:00,1
2010-04-22 00:00:00,2010-04-22 00:00:00,34.5,2010-04-22 00:00:00,34,34.5,2,10400,358600,2010-04-22 00:00:00,1
2010-04-23 00:00:00,2010-04-23 00:00:00,35,2010-04-23 00:00:00,35,35,4,1700,59500,2010-04-23 00:00:00,1
2010-04-26 00:00:00,2010-04-26 00:00:00,34.5,2010-04-26 00:00:00,34.5,34.5,1,7100,244950,2010-04-26 00:00:00,1
2010-04-29 00:00:00,2010-04-29 00:00:00,34,2010-04-29 00:00:00,34,34,2,1500,51000,2010-04-29 00:00:00,1
2010-05-04 00:00:00,2010-05-04 00:00:00,34,2010-05-04 00:00:00,33.25,34,7,5800,196600,2010-05-04 00:00:00,1
2010-05-05 00:00:00,2010-05-05 00:00:00,33,2010-05-05 00:00:00,33,33,3,5000,165000,2010-05-05 00:00:00,1
2010-05-07 00:00:00,2010-05-07 00:00:00,33.75,2010-05-07 00:00:00,33.75,33.75,1,500,16875,2010-05-07 00:00:00,1
2010-05-11 00:00:00,2010-05-11 00:00:00,34,2010-05-11 00:00:00,33.75,34,4,10500,356950,2010-05-11 00:00:00,1
2010-05-12 00:00:00,2010-05-12 00:00:00,34,2010-05-12 00:00:00,34,34,1,10000,340000,2010-05-12 00:00:00,1
2010-05-13 00:00:00,2010-05-13 00:00:00,38,2010-05-13 00:00:00,34.5,35.5,99,65400,2339825,2010-05-13 00:00:00,1
2010-05-14 00:00:00,2010-05-14 00:00:00,35,2010-05-14 00:00:00,35,35,1,1000,35000,2010-05-14 00:00:00,1
2010-05-18 00:00:00,2010-05-18 00:00:00,35,2010-05-18 00:00:00,35,35,5,100700,3524500,2010-05-18 00:00:00,1
2010-05-19 00:00:00,2010-05-19 00:00:00,35,2010-05-19 00:00:00,35,35,3,11000,385000,2010-05-19 00:00:00,1
2010-05-20 00:00:00,2010-05-20 00:00:00,35,2010-05-20 00:00:00,33.5,35,8,54000,1877750,2010-05-20 00:00:00,1
2010-05-21 00:00:00,2010-05-21 00:00:00,35,2010-05-21 00:00:00,33,35,8,12100,421500,2010-05-21 00:00:00,1
2010-05-24 00:00:00,2010-05-24 00:00:00,33.5,2010-05-24 00:00:00,33.5,33.5,1,100,3350,2010-05-24 00:00:00,1
2010-05-25 00:00:00,2010-05-25 00:00:00,35.5,2010-05-25 00:00:00,35.5,35.5,2,1000,35500,2010-05-25 00:00:00,1
2010-05-26 00:00:00,2010-05-26 00:00:00,33.5,2010-05-26 00:00:00,33.5,33.5,1,1000,33500,2010-05-26 00:00:00,1
2010-05-31 00:00:00,2010-05-31 00:00:00,34,2010-05-31 00:00:00,33.5,33.5,6,3600,120975,2010-05-31 00:00:00,1
2010-06-02 00:00:00,2010-06-02 00:00:00,33.5,2010-06-02 00:00:00,33.5,33.5,1,10000,335000,2010-06-02 00:00:00,1
2010-06-03 00:00:00,2010-06-03 00:00:00,34,2010-06-03 00:00:00,33.75,34,2,5500,186875,2010-06-03 00:00:00,1
2010-06-04 00:00:00,2010-06-04 00:00:00,34.5,2010-06-04 00:00:00,34.25,34.5,5,3500,120575,2010-06-04 00:00:00,1
2010-06-07 00:00:00,2010-06-07 00:00:00,35,2010-06-07 00:00:00,34.5,34.75,4,2800,96775,2010-06-07 00:00:00,1
2010-06-08 00:00:00,2010-06-08 00:00:00,36,2010-06-08 00:00:00,35.5,35.5,4,5400,191750,2010-06-08 00:00:00,1
2010-06-09 00:00:00,2010-06-09 00:00:00,36.5,2010-06-09 00:00:00,35.5,36.5,2,1000,36400,2010-06-09 00:00:00,1
2010-06-10 00:00:00,2010-06-10 00:00:00,36,2010-06-10 00:00:00,36,36,1,500,18000,2010-06-10 00:00:00,1
2010-06-11 00:00:00,2010-06-11 00:00:00,58,2010-06-11 00:00:00,40,45.5,651,689100,32402250,2010-06-11 00:00:00,1
2010-06-14 00:00:00,2010-06-14 00:00:00,48,2010-06-14 00:00:00,45.75,46,158,135100,6293225,2010-06-14 00:00:00,1
2010-06-15 00:00:00,2010-06-15 00:00:00,47,2010-06-15 00:00:00,44.75,45.5,63,52700,2423550,2010-06-15 00:00:00,1
2010-06-16 00:00:00,2010-06-16 00:00:00,45.75,2010-06-16 00:00:00,43.25,44.25,45,22300,984800,2010-06-16 00:00:00,1
2010-06-17 00:00:00,2010-06-17 00:00:00,44,2010-06-17 00:00:00,42,43.25,57,27800,1185775,2010-06-17 00:00:00,1
2010-06-21 00:00:00,2010-06-21 00:00:00,45.5,2010-06-21 00:00:00,43.5,44,35,23600,1061700,2010-06-21 00:00:00,1
2010-06-22 00:00:00,2010-06-22 00:00:00,45.5,2010-06-22 00:00:00,44,44.5,27,25700,1156775,2010-06-22 00:00:00,1
2010-06-23 00:00:00,2010-06-23 00:00:00,45,2010-06-23 00:00:00,44,44,13,17900,790725,2010-06-23 00:00:00,1
2010-06-24 00:00:00,2010-06-24 00:00:00,46,2010-06-24 00:00:00,44,45.5,39,11700,528700,2010-06-24 00:00:00,1
2010-06-28 00:00:00,2010-06-28 00:00:00,47,2010-06-28 00:00:00,44.25,44.25,20,12700,576700,2010-06-28 00:00:00,1
2010-06-29 00:00:00,2010-06-29 00:00:00,45,2010-06-29 00:00:00,44.5,44.75,9,2100,94075,2010-06-29 00:00:00,1
2010-06-30 00:00:00,2010-06-30 00:00:00,45,2010-06-30 00:00:00,44.25,44.25,11,3500,155800,2010-06-30 00:00:00,1
2010-07-01 00:00:00,2010-07-01 00:00:00,46,2010-07-01 00:00:00,45,45.25,12,9100,414900,2010-07-01 00:00:00,1
2010-07-02 00:00:00,2010-07-02 00:00:00,46,2010-07-02 00:00:00,44.25,45,30,18800,847150,2010-07-02 00:00:00,1
2010-07-05 00:00:00,2010-07-05 00:00:00,50,2010-07-05 00:00:00,44.5,47,120,1350600,59589675,2010-07-05 00:00:00,1
2010-07-06 00:00:00,2010-07-06 00:00:00,57,2010-07-06 00:00:00,49,55,300,432600,22836800,2010-07-06 00:00:00,1
2010-07-07 00:00:00,2010-07-07 00:00:00,56,2010-07-07 00:00:00,53,53.75,74,112200,6021800,2010-07-07 00:00:00,1
2010-07-08 00:00:00,2010-07-08 00:00:00,57.5,2010-07-08 00:00:00,53.5,56.25,119,578000,31770450,2010-07-08 00:00:00,1
2010-07-09 00:00:00,2010-07-09 00:00:00,57,2010-07-09 00:00:00,54.5,55.75,13,7200,406850,2010-07-09 00:00:00,1
2010-07-12 00:00:00,2010-07-12 00:00:00,55,2010-07-12 00:00:00,54,54.25,30,34900,1890175,2010-07-12 00:00:00,1
2010-07-13 00:00:00,2010-07-13 00:00:00,56.25,2010-07-13 00:00:00,54,55,25,9100,503150,2010-07-13 00:00:00,1
2010-07-14 00:00:00,2010-07-14 00:00:00,55.75,2010-07-14 00:00:00,55,55.5,19,8300,458025,2010-07-14 00:00:00,1
2010-07-15 00:00:00,2010-07-15 00:00:00,56.5,2010-07-15 00:00:00,54.5,56,41,134700,7534025,2010-07-15 00:00:00,1
2010-07-16 00:00:00,2010-07-16 00:00:00,56.25,2010-07-16 00:00:00,56,56.25,23,11100,622500,2010-07-16 00:00:00,1
2010-07-19 00:00:00,2010-07-19 00:00:00,56.5,2010-07-19 00:00:00,55,56.25,54,24400,1368600,2010-07-19 00:00:00,1
2010-07-20 00:00:00,2010-07-20 00:00:00,57,2010-07-20 00:00:00,55.5,56.5,58,39300,2223050,2010-07-20 00:00:00,1
2010-07-21 00:00:00,2010-07-21 00:00:00,59,2010-07-21 00:00:00,56.75,57.5,71,60100,3484450,2010-07-21 00:00:00,1
2010-07-27 00:00:00,2010-07-27 00:00:00,7.25,2010-07-27 00:00:00,5.75,6.25,623,4746800,30324025,2010-07-27 00:00:00,1
2010-07-28 00:00:00,2010-07-28 00:00:00,6.5,2010-07-28 00:00:00,6,6.25,113,716600,4522925,2010-07-28 00:00:00,1
2010-07-29 00:00:00,2010-07-29 00:00:00,6.5,2010-07-29 00:00:00,6,6.25,57,294400,1849600,2010-07-29 00:00:00,1
2010-07-30 00:00:00,2010-07-30 00:00:00,6.25,2010-07-30 00:00:00,6,6,70,332400,2031825,2010-07-30 00:00:00,1
2010-08-02 00:00:00,2010-08-02 00:00:00,6.3,2010-08-02 00:00:00,6.1,6.2,42,167500,1040440,2010-08-02 00:00:00,1
2010-08-03 00:00:00,2010-08-03 00:00:00,6.3,2010-08-03 00:00:00,6.1,6.2,67,498600,3100980,2010-08-03 00:00:00,1
2010-08-04 00:00:00,2010-08-04 00:00:00,6.4,2010-08-04 00:00:00,6.2,6.3,62,518500,3266130,2010-08-04 00:00:00,1
2010-08-05 00:00:00,2010-08-05 00:00:00,6.5,2010-08-05 00:00:00,5.8,6.3,77,230900,1404890,2010-08-05 00:00:00,1
2010-08-06 00:00:00,2010-08-06 00:00:00,6.1,2010-08-06 00:00:00,5.9,5.9,83,3373300,19909800,2010-08-06 00:00:00,1
2010-08-09 00:00:00,2010-08-09 00:00:00,6,2010-08-09 00:00:00,5.5,5.5,87,275900,1544140,2010-08-09 00:00:00,1
2010-08-10 00:00:00,2010-08-10 00:00:00,6,2010-08-10 00:00:00,5,6,81,238500,1394480,2010-08-10 00:00:00,1
2010-08-11 00:00:00,2010-08-11 00:00:00,6.2,2010-08-11 00:00:00,5.9,6,53,164000,990900,2010-08-11 00:00:00,1
2010-08-12 00:00:00,2010-08-12 00:00:00,6.1,2010-08-12 00:00:00,5.8,6,25,48600,288530,2010-08-12 00:00:00,1
2010-08-13 00:00:00,2010-08-13 00:00:00,6.1,2010-08-13 00:00:00,6,6,23,91500,549320,2010-08-13 00:00:00,1
2010-08-16 00:00:00,2010-08-16 00:00:00,6.1,2010-08-16 00:00:00,6,6,34,88100,532770,2010-08-16 00:00:00,1
2010-08-17 00:00:00,2010-08-17 00:00:00,6,2010-08-17 00:00:00,6,6,15,204200,1225200,2010-08-17 00:00:00,1
2010-08-18 00:00:00,2010-08-18 00:00:00,6.1,2010-08-18 00:00:00,5.9,6,32,187300,1111900,2010-08-18 00:00:00,1
2010-08-19 00:00:00,2010-08-19 00:00:00,6.1,2010-08-19 00:00:00,5.9,6.1,21,51900,312690,2010-08-19 00:00:00,1
2010-08-20 00:00:00,2010-08-20 00:00:00,6.2,2010-08-20 00:00:00,6,6,33,79900,485400,2010-08-20 00:00:00,1
2010-08-23 00:00:00,2010-08-23 00:00:00,6.1,2010-08-23 00:00:00,6,6,32,350600,2106040,2010-08-23 00:00:00,1
2010-08-25 00:00:00,2010-08-25 00:00:00,6.2,2010-08-25 00:00:00,6,6.1,35,108100,658520,2010-08-25 00:00:00,1
2010-08-26 00:00:00,2010-08-26 00:00:00,6.2,2010-08-26 00:00:00,6,6.1,49,557300,3401710,2010-08-26 00:00:00,1
2010-08-27 00:00:00,2010-08-27 00:00:00,6.3,2010-08-27 00:00:00,6.1,6.2,59,303400,1879810,2010-08-27 00:00:00,1
2010-08-30 00:00:00,2010-08-30 00:00:00,6.3,2010-08-30 00:00:00,6.1,6.2,28,181800,1117720,2010-08-30 00:00:00,1
2010-08-31 00:00:00,2010-08-31 00:00:00,6.3,2010-08-31 00:00:00,6.1,6.1,17,35200,216220,2010-08-31 00:00:00,1
2010-09-01 00:00:00,2010-09-01 00:00:00,6.3,2010-09-01 00:00:00,6.1,6.3,23,44100,272820,2010-09-01 00:00:00,1
2010-09-02 00:00:00,2010-09-02 00:00:00,6.3,2010-09-02 00:00:00,6.1,6.3,42,102100,640540,2010-09-02 00:00:00,1
2010-09-03 00:00:00,2010-09-03 00:00:00,6.5,2010-09-03 00:00:00,6.2,6.3,75,265400,1681010,2010-09-03 00:00:00,1
2010-09-06 00:00:00,2010-09-06 00:00:00,6.4,2010-09-06 00:00:00,6.3,6.3,29,52300,329660,2010-09-06 00:00:00,1
2010-09-07 00:00:00,2010-09-07 00:00:00,6.9,2010-09-07 00:00:00,6.4,6.9,146,511600,3436970,2010-09-07 00:00:00,1
2010-09-08 00:00:00,2010-09-08 00:00:00,7.5,2010-09-08 00:00:00,7.5,7.5,67,374500,2808750,2010-09-08 00:00:00,1
2010-09-09 00:00:00,2010-09-09 00:00:00,8.2,2010-09-09 00:00:00,7.9,8,853,3257200,26528370,2010-09-09 00:00:00,1
2010-09-13 00:00:00,2010-09-13 00:00:00,8,2010-09-13 00:00:00,7.2,7.3,261,660400,4977440,2010-09-13 00:00:00,1
2010-09-14 00:00:00,2010-09-14 00:00:00,7.6,2010-09-14 00:00:00,7.3,7.3,86,196100,1450630,2010-09-14 00:00:00,1
2010-09-15 00:00:00,2010-09-15 00:00:00,7.6,2010-09-15 00:00:00,7.3,7.4,46,72900,542000,2010-09-15 00:00:00,1
2010-09-16 00:00:00,2010-09-16 00:00:00,7.5,2010-09-16 00:00:00,7.1,7.2,85,295300,2159690,2010-09-16 00:00:00,1
2010-09-17 00:00:00,2010-09-17 00:00:00,7.5,2010-09-17 00:00:00,7.2,7.3,74,196200,1429680,2010-09-17 00:00:00,1
2010-09-20 00:00:00,2010-09-20 00:00:00,7.5,2010-09-20 00:00:00,7.3,7.5,59,197300,1465060,2010-09-20 00:00:00,1
2010-09-21 00:00:00,2010-09-21 00:00:00,7.5,2010-09-21 00:00:00,7.2,7.2,64,160700,1173480,2010-09-21 00:00:00,1
2010-09-23 00:00:00,2010-09-23 00:00:00,7.9,2010-09-23 00:00:00,7.2,7.6,179,861100,6528730,2010-09-23 00:00:00,1
2010-09-24 00:00:00,2010-09-24 00:00:00,8.5,2010-09-24 00:00:00,7.7,8,385,1727200,13949730,2010-09-24 00:00:00,1
2010-09-27 00:00:00,2010-09-27 00:00:00,8.4,2010-09-27 00:00:00,7.8,8,112,517900,4165300,2010-09-27 00:00:00,1
2010-09-28 00:00:00,2010-09-28 00:00:00,8.2,2010-09-28 00:00:00,7.8,8.1,98,411100,3304430,2010-09-28 00:00:00,1
2010-09-29 00:00:00,2010-09-29 00:00:00,9,2010-09-29 00:00:00,8,8.6,341,1719400,14517960,2010-09-29 00:00:00,1
2010-09-30 00:00:00,2010-09-30 00:00:00,8.8,2010-09-30 00:00:00,8.4,8.7,218,953400,8235450,2010-09-30 00:00:00,1
2010-10-01 00:00:00,2010-10-01 00:00:00,9,2010-10-01 00:00:00,8.5,8.6,106,369600,3212520,2010-10-01 00:00:00,1
2010-10-04 00:00:00,2010-10-04 00:00:00,8.9,2010-10-04 00:00:00,8.4,8.5,157,433700,3807900,2010-10-04 00:00:00,1
2010-10-05 00:00:00,2010-10-05 00:00:00,8.5,2010-10-05 00:00:00,8.2,8.5,75,160300,1352230,2010-10-05 00:00:00,1
2010-10-06 00:00:00,2010-10-06 00:00:00,8.4,2010-10-06 00:00:00,8,8.1,76,1176200,9515940,2010-10-06 00:00:00,1
2010-10-07 00:00:00,2010-10-07 00:00:00,8,2010-10-07 00:00:00,7.8,8,52,122400,966600,2010-10-07 00:00:00,1
2010-10-08 00:00:00,2010-10-08 00:00:00,8.3,2010-10-08 00:00:00,7.8,8.1,46,200700,1613220,2010-10-08 00:00:00,1
2010-10-11 00:00:00,2010-10-11 00:00:00,8.3,2010-10-11 00:00:00,8,8,28,41100,333850,2010-10-11 00:00:00,1
2010-10-12 00:00:00,2010-10-12 00:00:00,8.2,2010-10-12 00:00:00,7,7.2,61,107000,791750,2010-10-12 00:00:00,1
2010-10-13 00:00:00,2010-10-13 00:00:00,7.8,2010-10-13 00:00:00,7,7.5,49,155100,1148410,2010-10-13 00:00:00,1
2010-10-14 00:00:00,2010-10-14 00:00:00,7.9,2010-10-14 00:00:00,7.4,7.5,55,208400,1574050,2010-10-14 00:00:00,1
2010-10-15 00:00:00,2010-10-15 00:00:00,7.7,2010-10-15 00:00:00,7.5,7.6,29,79500,599310,2010-10-15 00:00:00,1
2010-10-18 00:00:00,2010-10-18 00:00:00,7.7,2010-10-18 00:00:00,7.5,7.6,14,60500,464620,2010-10-18 00:00:00,1
2010-10-19 00:00:00,2010-10-19 00:00:00,7.7,2010-10-19 00:00:00,7.5,7.7,38,172100,1315390,2010-10-19 00:00:00,1
2010-10-20 00:00:00,2010-10-20 00:00:00,7.8,2010-10-20 00:00:00,7.6,7.7,25,11300,87050,2010-10-20 00:00:00,1
2010-10-21 00:00:00,2010-10-21 00:00:00,7.8,2010-10-21 00:00:00,7.6,7.7,30,42800,330060,2010-10-21 00:00:00,1
2010-10-25 00:00:00,2010-10-25 00:00:00,7.8,2010-10-25 00:00:00,7.6,7.8,24,130500,1003350,2010-10-25 00:00:00,1
2010-10-26 00:00:00,2010-10-26 00:00:00,7.8,2010-10-26 00:00:00,7.4,7.5,55,192100,1443660,2010-10-26 00:00:00,1
2010-10-27 00:00:00,2010-10-27 00:00:00,7.7,2010-10-27 00:00:00,7.5,7.6,16,70400,534120,2010-10-27 00:00:00,1
2010-10-28 00:00:00,2010-10-28 00:00:00,7.8,2010-10-28 00:00:00,7.5,7.7,49,600300,4519720,2010-10-28 00:00:00,1
2010-10-29 00:00:00,2010-10-29 00:00:00,7.2,2010-10-29 00:00:00,6.7,7.1,93,363600,2546580,2010-10-29 00:00:00,1
2010-11-01 00:00:00,2010-11-01 00:00:00,7.2,2010-11-01 00:00:00,6.8,7,7,2900,20210,2010-11-01 00:00:00,1
2010-11-02 00:00:00,2010-11-02 00:00:00,7.3,2010-11-02 00:00:00,7,7.2,11,3800,27010,2010-11-02 00:00:00,1
2010-11-03 00:00:00,2010-11-03 00:00:00,7.2,2010-11-03 00:00:00,7,7.2,13,20200,145400,2010-11-03 00:00:00,1
2010-11-04 00:00:00,2010-11-04 00:00:00,7.3,2010-11-04 00:00:00,7.3,7.3,19,51500,375950,2010-11-04 00:00:00,1
2010-11-08 00:00:00,2010-11-08 00:00:00,7.2,2010-11-08 00:00:00,7,7,60,70400,493970,2010-11-08 00:00:00,1
2010-11-09 00:00:00,2010-11-09 00:00:00,7,2010-11-09 00:00:00,6.5,6.5,56,1565100,10225720,2010-11-09 00:00:00,1
2010-11-10 00:00:00,2010-11-10 00:00:00,6.9,2010-11-10 00:00:00,6.5,6.6,32,39100,259420,2010-11-10 00:00:00,1
2010-11-11 00:00:00,2010-11-11 00:00:00,6.8,2010-11-11 00:00:00,6.5,6.7,22,22300,146460,2010-11-11 00:00:00,1
2010-11-12 00:00:00,2010-11-12 00:00:00,6.9,2010-11-12 00:00:00,6.6,6.7,19,27500,185830,2010-11-12 00:00:00,1
2010-11-15 00:00:00,2010-11-15 00:00:00,6.6,2010-11-15 00:00:00,6.2,6.3,39,95300,605190,2010-11-15 00:00:00,1
2010-11-16 00:00:00,2010-11-16 00:00:00,6.2,2010-11-16 00:00:00,6,6.1,38,153700,939160,2010-11-16 00:00:00,1
2010-11-18 00:00:00,2010-11-18 00:00:00,6.3,2010-11-18 00:00:00,6,6,68,1250100,7516410,2010-11-18 00:00:00,1
2010-11-22 00:00:00,2010-11-22 00:00:00,6.3,2010-11-22 00:00:00,6.1,6.1,34,41900,257770,2010-11-22 00:00:00,1
2010-11-23 00:00:00,2010-11-23 00:00:00,6.2,2010-11-23 00:00:00,6.1,6.1,6,6200,37860,2010-11-23 00:00:00,1
2010-11-24 00:00:00,2010-11-24 00:00:00,6.1,2010-11-24 00:00:00,6,6,23,46400,278500,2010-11-24 00:00:00,1
2010-11-25 00:00:00,2010-11-25 00:00:00,6,2010-11-25 00:00:00,5.8,6,19,55900,329700,2010-11-25 00:00:00,1
2010-11-26 00:00:00,2010-11-26 00:00:00,6.3,2010-11-26 00:00:00,5.9,6,28,46100,283310,2010-11-26 00:00:00,1
2010-11-29 00:00:00,2010-11-29 00:00:00,6,2010-11-29 00:00:00,5.8,5.9,10,65900,388800,2010-11-29 00:00:00,1
2010-11-30 00:00:00,2010-11-30 00:00:00,6.5,2010-11-30 00:00:00,6,6.3,32,101800,642060,2010-11-30 00:00:00,1
2010-12-01 00:00:00,2010-12-01 00:00:00,6.5,2010-12-01 00:00:00,6.3,6.3,45,300800,1902910,2010-12-01 00:00:00,1
2010-12-02 00:00:00,2010-12-02 00:00:00,6.6,2010-12-02 00:00:00,6.3,6.6,31,96800,626920,2010-12-02 00:00:00,1
2010-12-03 00:00:00,2010-12-03 00:00:00,6.4,2010-12-03 00:00:00,6.3,6.3,13,11900,75280,2010-12-03 00:00:00,1
2010-12-06 00:00:00,2010-12-06 00:00:00,6.4,2010-12-06 00:00:00,6.3,6.4,9,89000,566590,2010-12-06 00:00:00,1
2010-12-07 00:00:00,2010-12-07 00:00:00,6.3,2010-12-07 00:00:00,6,6.2,11,29300,178470,2010-12-07 00:00:00,1
2010-12-08 00:00:00,2010-12-08 00:00:00,6.3,2010-12-08 00:00:00,6,6.1,15,15000,91080,2010-12-08 00:00:00,1
2010-12-09 00:00:00,2010-12-09 00:00:00,6.1,2010-12-09 00:00:00,5.9,6,32,80700,484270,2010-12-09 00:00:00,1
2010-12-10 00:00:00,2010-12-10 00:00:00,6.3,2010-12-10 00:00:00,6.1,6.2,18,46200,282470,2010-12-10 00:00:00,1
2010-12-13 00:00:00,2010-12-13 00:00:00,7,2010-12-13 00:00:00,6,6.4,285,475300,3193340,2010-12-13 00:00:00,1
2010-12-14 00:00:00,2010-12-14 00:00:00,6.4,2010-12-14 00:00:00,6.1,6.2,50,86800,537010,2010-12-14 00:00:00,1
2010-12-15 00:00:00,2010-12-15 00:00:00,6.5,2010-12-15 00:00:00,6.2,6.2,48,178100,1115130,2010-12-15 00:00:00,1
2010-12-16 00:00:00,2010-12-16 00:00:00,6.3,2010-12-16 00:00:00,6.1,6.2,40,541500,3344080,2010-12-16 00:00:00,1
2010-12-17 00:00:00,2010-12-17 00:00:00,6.4,2010-12-17 00:00:00,6.1,6.1,40,262600,1604270,2010-12-17 00:00:00,1
2010-12-21 00:00:00,2010-12-21 00:00:00,6.3,2010-12-21 00:00:00,6.1,6.2,24,26300,162900,2010-12-21 00:00:00,1
2010-12-22 00:00:00,2010-12-22 00:00:00,6.3,2010-12-22 00:00:00,6.1,6.2,28,41400,257890,2010-12-22 00:00:00,1
2010-12-23 00:00:00,2010-12-23 00:00:00,6.3,2010-12-23 00:00:00,6.2,6.3,22,18900,118550,2010-12-23 00:00:00,1
2010-12-24 00:00:00,2010-12-24 00:00:00,6.4,2010-12-24 00:00:00,6.4,6.4,7,11100,71040,2010-12-24 00:00:00,1
2010-12-27 00:00:00,2010-12-27 00:00:00,6.5,2010-12-27 00:00:00,6.4,6.4,26,31900,204960,2010-12-27 00:00:00,1
2010-12-28 00:00:00,2010-12-28 00:00:00,6.5,2010-12-28 00:00:00,6.2,6.3,27,91600,577770,2010-12-28 00:00:00,1
2010-12-29 00:00:00,2010-12-29 00:00:00,6.3,2010-12-29 00:00:00,6.3,6.3,10,4600,28980,2010-12-29 00:00:00,1
2010-12-30 00:00:00,2010-12-30 00:00:00,6.3,2010-12-30 00:00:00,6.1,6.2,64,309200,1916140,2010-12-30 00:00:00,1
2010-12-31 00:00:00,2010-12-31 00:00:00,6.3,2010-12-31 00:00:00,6.1,6.2,35,42500,262680,2010-12-31 00:00:00,1
Company Id,:  VLL,Security,Type :  R,Sub Type,:  0000,,,,,
Short Name,:  VIDULLANKA,,,,,,,,,
Day,Date High,High,Date Low,Low,Closing,No. of Trades,No. of Shares,Turnover,Last Traded,Days Traded
2010-11-12 00:00:00,2010-11-12 00:00:00,2,2010-11-12 00:00:00,1.5,1.5,8,2857700,4299300,2010-11-12 00:00:00,1
2010-11-15 00:00:00,2010-11-15 00:00:00,2,2010-11-15 00:00:00,2,2,1,200,400,2010-11-15 00:00:00,1
2010-11-16 00:00:00,2010-11-16 00:00:00,2,2010-11-16 00:00:00,2,2,18,351000,702000,2010-11-16 00:00:00,1
2010-11-18 00:00:00,2010-11-18 00:00:00,1.8,2010-11-18 00:00:00,1.8,1.8,7,1103000,1985400,2010-11-18 00:00:00,1
2010-11-22 00:00:00,2010-11-22 00:00:00,2.1,2010-11-22 00:00:00,1.8,1.9,73,3610500,6751350,2010-11-22 00:00:00,1
Company Id,:  VPEL,Security,Type :  N,Sub Type,:  0000,,,,,
Short Name,:  VALLIBEL,,,,,,,,,
Day,Date High,High,Date Low,Low,Closing,No. of Trades,No. of Shares,Turnover,Last Traded,Days Traded
2010-01-04 00:00:00,2010-01-04 00:00:00,5.25,2010-01-04 00:00:00,5,5.25,28,155300,806375,2010-01-04 00:00:00,1
2010-01-05 00:00:00,2010-01-05 00:00:00,5.25,2010-01-05 00:00:00,5,5.25,34,78600,410950,2010-01-05 00:00:00,1
2010-01-06 00:00:00,2010-01-06 00:00:00,5.25,2010-01-06 00:00:00,5,5,9,38100,191525,2010-01-06 00:00:00,1
2010-01-07 00:00:00,2010-01-07 00:00:00,5.25,2010-01-07 00:00:00,5,5.25,140,2139500,11229625,2010-01-07 00:00:00,1
2010-01-08 00:00:00,2010-01-08 00:00:00,5.5,2010-01-08 00:00:00,5.25,5.25,31,254600,1346125,2010-01-08 00:00:00,1
2010-01-11 00:00:00,2010-01-11 00:00:00,5.5,2010-01-11 00:00:00,5.25,5.5,33,127300,674375,2010-01-11 00:00:00,1
2010-01-12 00:00:00,2010-01-12 00:00:00,5.25,2010-01-12 00:00:00,5.25,5.25,16,73700,386925,2010-01-12 00:00:00,1
2010-01-13 00:00:00,2010-01-13 00:00:00,5.25,2010-01-13 00:00:00,5.25,5.25,48,224400,1178100,2010-01-13 00:00:00,1
2010-01-15 00:00:00,2010-01-15 00:00:00,5.25,2010-01-15 00:00:00,5,5,28,92400,478875,2010-01-15 00:00:00,1
2010-01-18 00:00:00,2010-01-18 00:00:00,5.25,2010-01-18 00:00:00,5,5,33,160000,817175,2010-01-18 00:00:00,1
2010-01-19 00:00:00,2010-01-19 00:00:00,5.25,2010-01-19 00:00:00,5,5,10,59200,297025,2010-01-19 00:00:00,1
2010-01-20 00:00:00,2010-01-20 00:00:00,5.25,2010-01-20 00:00:00,5,5.25,25,121200,635050,2010-01-20 00:00:00,1
2010-01-21 00:00:00,2010-01-21 00:00:00,5.25,2010-01-21 00:00:00,5,5,14,41800,216000,2010-01-21 00:00:00,1
2010-01-22 00:00:00,2010-01-22 00:00:00,5.25,2010-01-22 00:00:00,5,5,14,205200,1028750,2010-01-22 00:00:00,1
2010-01-25 00:00:00,2010-01-25 00:00:00,5.25,2010-01-25 00:00:00,5,5.25,18,87000,456000,2010-01-25 00:00:00,1
2010-01-26 00:00:00,2010-01-26 00:00:00,5.25,2010-01-26 00:00:00,5,5.25,15,92400,484950,2010-01-26 00:00:00,1
2010-01-28 00:00:00,2010-01-28 00:00:00,5.5,2010-01-28 00:00:00,5,5.25,42,223000,1170125,2010-01-28 00:00:00,1
2010-02-01 00:00:00,2010-02-01 00:00:00,5.5,2010-02-01 00:00:00,5,5.25,82,542000,2842950,2010-02-01 00:00:00,1
2010-02-02 00:00:00,2010-02-02 00:00:00,5.25,2010-02-02 00:00:00,5,5.25,37,175900,923225,2010-02-02 00:00:00,1
2010-02-03 00:00:00,2010-02-03 00:00:00,5.25,2010-02-03 00:00:00,5,5.25,15,179900,944200,2010-02-03 00:00:00,1
2010-02-05 00:00:00,2010-02-05 00:00:00,5.25,2010-02-05 00:00:00,5,5,23,242400,1269000,2010-02-05 00:00:00,1
2010-02-08 00:00:00,2010-02-08 00:00:00,5.25,2010-02-08 00:00:00,5,5.25,24,120500,631875,2010-02-08 00:00:00,1
2010-02-09 00:00:00,2010-02-09 00:00:00,5.25,2010-02-09 00:00:00,5,5.25,11,107500,548000,2010-02-09 00:00:00,1
2010-02-10 00:00:00,2010-02-10 00:00:00,5.25,2010-02-10 00:00:00,5,5,73,1336400,6683150,2010-02-10 00:00:00,1
2010-02-11 00:00:00,2010-02-11 00:00:00,5.25,2010-02-11 00:00:00,5,5.25,22,264600,1356875,2010-02-11 00:00:00,1
2010-02-12 00:00:00,2010-02-12 00:00:00,5.25,2010-02-12 00:00:00,5,5.25,36,26400,135750,2010-02-12 00:00:00,1
2010-02-15 00:00:00,2010-02-15 00:00:00,5,2010-02-15 00:00:00,5,5,7,25600,128000,2010-02-15 00:00:00,1
2010-02-16 00:00:00,2010-02-16 00:00:00,5,2010-02-16 00:00:00,5,5,7,39500,197500,2010-02-16 00:00:00,1
2010-02-17 00:00:00,2010-02-17 00:00:00,5.25,2010-02-17 00:00:00,5,5.25,17,122200,637750,2010-02-17 00:00:00,1
2010-02-18 00:00:00,2010-02-18 00:00:00,5.25,2010-02-18 00:00:00,5,5,24,36000,187500,2010-02-18 00:00:00,1
2010-02-19 00:00:00,2010-02-19 00:00:00,5.25,2010-02-19 00:00:00,5,5,30,109600,574100,2010-02-19 00:00:00,1
2010-02-22 00:00:00,2010-02-22 00:00:00,5.25,2010-02-22 00:00:00,5,5,9,8600,43750,2010-02-22 00:00:00,1
2010-02-23 00:00:00,2010-02-23 00:00:00,5.25,2010-02-23 00:00:00,5.25,5.25,54,298400,1566600,2010-02-23 00:00:00,1
2010-02-24 00:00:00,2010-02-24 00:00:00,5.25,2010-02-24 00:00:00,5.25,5.25,34,114800,602700,2010-02-24 00:00:00,1
2010-02-25 00:00:00,2010-02-25 00:00:00,5.25,2010-02-25 00:00:00,5.25,5.25,18,120000,630000,2010-02-25 00:00:00,1
2010-02-26 00:00:00,2010-02-26 00:00:00,5.25,2010-02-26 00:00:00,5.25,5.25,16,14400,75600,2010-02-26 00:00:00,1
2010-03-01 00:00:00,2010-03-01 00:00:00,5.25,2010-03-01 00:00:00,5,5.25,27,45200,236550,2010-03-01 00:00:00,1
2010-03-02 00:00:00,2010-03-02 00:00:00,5.25,2010-03-02 00:00:00,5.25,5.25,8,14000,73500,2010-03-02 00:00:00,1
2010-03-03 00:00:00,2010-03-03 00:00:00,5.25,2010-03-03 00:00:00,5.25,5.25,24,41600,218400,2010-03-03 00:00:00,1
2010-03-04 00:00:00,2010-03-04 00:00:00,5.25,2010-03-04 00:00:00,5,5.25,25,74100,388275,2010-03-04 00:00:00,1
2010-03-05 00:00:00,2010-03-05 00:00:00,5.5,2010-03-05 00:00:00,5.25,5.25,15,41300,217450,2010-03-05 00:00:00,1
2010-03-08 00:00:00,2010-03-08 00:00:00,5.25,2010-03-08 00:00:00,5.25,5.25,16,31400,164850,2010-03-08 00:00:00,1
2010-03-09 00:00:00,2010-03-09 00:00:00,5.25,2010-03-09 00:00:00,5,5,47,516500,2591350,2010-03-09 00:00:00,1
2010-03-10 00:00:00,2010-03-10 00:00:00,5.25,2010-03-10 00:00:00,5,5,17,101800,532700,2010-03-10 00:00:00,1
2010-03-11 00:00:00,2010-03-11 00:00:00,5.25,2010-03-11 00:00:00,5,5.25,19,86100,446200,2010-03-11 00:00:00,1
2010-03-12 00:00:00,2010-03-12 00:00:00,5.25,2010-03-12 00:00:00,5,5.25,4,11200,58550,2010-03-12 00:00:00,1
2010-03-15 00:00:00,2010-03-15 00:00:00,5.25,2010-03-15 00:00:00,5,5.25,16,81300,414075,2010-03-15 00:00:00,1
2010-03-16 00:00:00,2010-03-16 00:00:00,5.5,2010-03-16 00:00:00,5.25,5.5,49,268300,1412925,2010-03-16 00:00:00,1
2010-03-17 00:00:00,2010-03-17 00:00:00,5.5,2010-03-17 00:00:00,5.25,5.25,13,34800,186775,2010-03-17 00:00:00,1
2010-03-18 00:00:00,2010-03-18 00:00:00,5.25,2010-03-18 00:00:00,5,5.25,30,80400,421075,2010-03-18 00:00:00,1
2010-03-19 00:00:00,2010-03-19 00:00:00,5.25,2010-03-19 00:00:00,5.25,5.25,9,16400,86100,2010-03-19 00:00:00,1
2010-03-22 00:00:00,2010-03-22 00:00:00,5.25,2010-03-22 00:00:00,5.25,5.25,15,74100,389025,2010-03-22 00:00:00,1
2010-03-23 00:00:00,2010-03-23 00:00:00,5.25,2010-03-23 00:00:00,5.25,5.25,7,2800,14700,2010-03-23 00:00:00,1
2010-03-24 00:00:00,2010-03-24 00:00:00,5.25,2010-03-24 00:00:00,5,5.25,24,75500,396350,2010-03-24 00:00:00,1
2010-03-25 00:00:00,2010-03-25 00:00:00,5.25,2010-03-25 00:00:00,5,5,11,15100,78400,2010-03-25 00:00:00,1
2010-03-26 00:00:00,2010-03-26 00:00:00,5.75,2010-03-26 00:00:00,5.25,5.5,123,1536900,8456050,2010-03-26 00:00:00,1
2010-03-30 00:00:00,2010-03-30 00:00:00,5.75,2010-03-30 00:00:00,5.25,5.5,35,140600,742250,2010-03-30 00:00:00,1
2010-03-31 00:00:00,2010-03-31 00:00:00,5.5,2010-03-31 00:00:00,5.25,5.25,22,41000,215275,2010-03-31 00:00:00,1
2010-04-01 00:00:00,2010-04-01 00:00:00,5.25,2010-04-01 00:00:00,5.25,5.25,9,4400,23100,2010-04-01 00:00:00,1
2010-04-05 00:00:00,2010-04-05 00:00:00,5.5,2010-04-05 00:00:00,5.25,5.5,13,46500,254600,2010-04-05 00:00:00,1
2010-04-06 00:00:00,2010-04-06 00:00:00,5.5,2010-04-06 00:00:00,5.25,5.5,53,449400,2470450,2010-04-06 00:00:00,1
2010-04-07 00:00:00,2010-04-07 00:00:00,5.5,2010-04-07 00:00:00,5.25,5.25,8,17900,97350,2010-04-07 00:00:00,1
2010-04-08 00:00:00,2010-04-08 00:00:00,5.75,2010-04-08 00:00:00,5.25,5.5,66,760100,4177675,2010-04-08 00:00:00,1
2010-04-12 00:00:00,2010-04-12 00:00:00,6,2010-04-12 00:00:00,5.75,5.75,147,803200,4786625,2010-04-12 00:00:00,1
2010-04-15 00:00:00,2010-04-15 00:00:00,6,2010-04-15 00:00:00,5.75,5.75,25,181400,1043100,2010-04-15 00:00:00,1
2010-04-16 00:00:00,2010-04-16 00:00:00,6,2010-04-16 00:00:00,5.75,5.75,11,153000,880300,2010-04-16 00:00:00,1
2010-04-19 00:00:00,2010-04-19 00:00:00,5.75,2010-04-19 00:00:00,5.75,5.75,35,85900,493925,2010-04-19 00:00:00,1
2010-04-20 00:00:00,2010-04-20 00:00:00,6,2010-04-20 00:00:00,5.5,5.75,54,362200,2081525,2010-04-20 00:00:00,1
2010-04-21 00:00:00,2010-04-21 00:00:00,5.75,2010-04-21 00:00:00,5.75,5.75,11,73800,424350,2010-04-21 00:00:00,1
2010-04-22 00:00:00,2010-04-22 00:00:00,5.75,2010-04-22 00:00:00,5.5,5.5,18,60000,330625,2010-04-22 00:00:00,1
2010-04-23 00:00:00,2010-04-23 00:00:00,5.75,2010-04-23 00:00:00,5.5,5.5,17,48100,271575,2010-04-23 00:00:00,1
2010-04-26 00:00:00,2010-04-26 00:00:00,6,2010-04-26 00:00:00,5.75,5.75,39,316000,1820750,2010-04-26 00:00:00,1
2010-04-27 00:00:00,2010-04-27 00:00:00,5.75,2010-04-27 00:00:00,5.75,5.75,10,76400,439300,2010-04-27 00:00:00,1
2010-04-29 00:00:00,2010-04-29 00:00:00,5.75,2010-04-29 00:00:00,5.75,5.75,30,174100,1001075,2010-04-29 00:00:00,1
2010-04-30 00:00:00,2010-04-30 00:00:00,6,2010-04-30 00:00:00,5.75,6,16,39700,230350,2010-04-30 00:00:00,1
2010-05-03 00:00:00,2010-05-03 00:00:00,6.5,2010-05-03 00:00:00,5.75,6.25,154,1441000,8790575,2010-05-03 00:00:00,1
2010-05-04 00:00:00,2010-05-04 00:00:00,7,2010-05-04 00:00:00,6,6.25,246,1872600,12307175,2010-05-04 00:00:00,1
2010-05-05 00:00:00,2010-05-05 00:00:00,6.5,2010-05-05 00:00:00,6,6,50,325000,1969025,2010-05-05 00:00:00,1
2010-05-06 00:00:00,2010-05-06 00:00:00,6.5,2010-05-06 00:00:00,6.25,6.25,63,227100,1428750,2010-05-06 00:00:00,1
2010-05-07 00:00:00,2010-05-07 00:00:00,6.75,2010-05-07 00:00:00,6,6.5,118,893700,5795275,2010-05-07 00:00:00,1
2010-05-10 00:00:00,2010-05-10 00:00:00,6.5,2010-05-10 00:00:00,6,6.25,29,76400,476625,2010-05-10 00:00:00,1
2010-05-11 00:00:00,2010-05-11 00:00:00,6.25,2010-05-11 00:00:00,6,6,14,71100,427325,2010-05-11 00:00:00,1
2010-05-12 00:00:00,2010-05-12 00:00:00,7,2010-05-12 00:00:00,6.25,6.5,149,3512600,22896650,2010-05-12 00:00:00,1
2010-05-13 00:00:00,2010-05-13 00:00:00,6.75,2010-05-13 00:00:00,6.25,6.5,47,205000,1334550,2010-05-13 00:00:00,1
2010-05-14 00:00:00,2010-05-14 00:00:00,6.75,2010-05-14 00:00:00,6.5,6.5,22,271300,1764075,2010-05-14 00:00:00,1
2010-05-17 00:00:00,2010-05-17 00:00:00,6.75,2010-05-17 00:00:00,6.5,6.5,34,123300,802900,2010-05-17 00:00:00,1
2010-05-18 00:00:00,2010-05-18 00:00:00,6.75,2010-05-18 00:00:00,6.5,6.5,28,198200,1297775,2010-05-18 00:00:00,1
2010-05-19 00:00:00,2010-05-19 00:00:00,6.5,2010-05-19 00:00:00,6.25,6.5,12,94700,612550,2010-05-19 00:00:00,1
2010-05-20 00:00:00,2010-05-20 00:00:00,6.5,2010-05-20 00:00:00,6.25,6.25,62,573600,3588625,2010-05-20 00:00:00,1
2010-05-21 00:00:00,2010-05-21 00:00:00,6.25,2010-05-21 00:00:00,6.25,6.25,29,138000,862500,2010-05-21 00:00:00,1
2010-05-24 00:00:00,2010-05-24 00:00:00,6,2010-05-24 00:00:00,6,6,3,16000,96000,2010-05-24 00:00:00,1
2010-05-25 00:00:00,2010-05-25 00:00:00,6,2010-05-25 00:00:00,6,6,11,14800,88800,2010-05-25 00:00:00,1
2010-05-26 00:00:00,2010-05-26 00:00:00,6.5,2010-05-26 00:00:00,6,6.25,24,121500,758725,2010-05-26 00:00:00,1
2010-05-31 00:00:00,2010-05-31 00:00:00,6.5,2010-05-31 00:00:00,6,6.25,34,140600,877350,2010-05-31 00:00:00,1
2010-06-01 00:00:00,2010-06-01 00:00:00,6.25,2010-06-01 00:00:00,6,6.25,7,12600,78625,2010-06-01 00:00:00,1
2010-06-02 00:00:00,2010-06-02 00:00:00,6.75,2010-06-02 00:00:00,6,6.25,25,258000,1612725,2010-06-02 00:00:00,1
2010-06-03 00:00:00,2010-06-03 00:00:00,6.5,2010-06-03 00:00:00,6.25,6.25,19,146500,922125,2010-06-03 00:00:00,1
2010-06-04 00:00:00,2010-06-04 00:00:00,6.75,2010-06-04 00:00:00,6.25,6.75,70,861000,5601125,2010-06-04 00:00:00,1
2010-06-07 00:00:00,2010-06-07 00:00:00,7,2010-06-07 00:00:00,6.5,6.5,51,509900,3400025,2010-06-07 00:00:00,1
2010-06-08 00:00:00,2010-06-08 00:00:00,6.75,2010-06-08 00:00:00,6.5,6.75,42,240700,1624475,2010-06-08 00:00:00,1
2010-06-09 00:00:00,2010-06-09 00:00:00,6.75,2010-06-09 00:00:00,6.5,6.5,11,601800,3919400,2010-06-09 00:00:00,1
2010-06-10 00:00:00,2010-06-10 00:00:00,6.75,2010-06-10 00:00:00,6.5,6.5,8,44400,294225,2010-06-10 00:00:00,1
2010-06-11 00:00:00,2010-06-11 00:00:00,7,2010-06-11 00:00:00,6.5,6.75,48,694200,4685025,2010-06-11 00:00:00,1
2010-06-14 00:00:00,2010-06-14 00:00:00,6.75,2010-06-14 00:00:00,6.5,6.5,18,100100,671175,2010-06-14 00:00:00,1
2010-06-15 00:00:00,2010-06-15 00:00:00,6.5,2010-06-15 00:00:00,6.5,6.5,42,958200,6228300,2010-06-15 00:00:00,1
2010-06-16 00:00:00,2010-06-16 00:00:00,6.5,2010-06-16 00:00:00,6.5,6.5,13,184100,1196650,2010-06-16 00:00:00,1
2010-06-17 00:00:00,2010-06-17 00:00:00,7,2010-06-17 00:00:00,6.5,6.75,69,573100,3867275,2010-06-17 00:00:00,1
2010-06-21 00:00:00,2010-06-21 00:00:00,7.25,2010-06-21 00:00:00,6.75,7,148,2032200,14218125,2010-06-21 00:00:00,1
2010-06-22 00:00:00,2010-06-22 00:00:00,7.5,2010-06-22 00:00:00,7,7.25,184,1743100,12810900,2010-06-22 00:00:00,1
2010-06-23 00:00:00,2010-06-23 00:00:00,7.25,2010-06-23 00:00:00,7,7,67,437900,3087800,2010-06-23 00:00:00,1
2010-06-24 00:00:00,2010-06-24 00:00:00,7.25,2010-06-24 00:00:00,7,7,38,95700,670400,2010-06-24 00:00:00,1
2010-06-28 00:00:00,2010-06-28 00:00:00,7,2010-06-28 00:00:00,6.75,7,8,10900,76000,2010-06-28 00:00:00,1
2010-06-29 00:00:00,2010-06-29 00:00:00,7.5,2010-06-29 00:00:00,7,7.5,81,334700,2463075,2010-06-29 00:00:00,1
2010-06-30 00:00:00,2010-06-30 00:00:00,7.5,2010-06-30 00:00:00,7.25,7.25,42,193400,1429475,2010-06-30 00:00:00,1
2010-07-01 00:00:00,2010-07-01 00:00:00,7.25,2010-07-01 00:00:00,7,7,40,143600,1023600,2010-07-01 00:00:00,1
2010-07-02 00:00:00,2010-07-02 00:00:00,8.25,2010-07-02 00:00:00,7,7.5,155,1306200,10188275,2010-07-02 00:00:00,1
2010-07-05 00:00:00,2010-07-05 00:00:00,7.5,2010-07-05 00:00:00,7.25,7.5,24,269000,2015675,2010-07-05 00:00:00,1
2010-07-06 00:00:00,2010-07-06 00:00:00,8,2010-07-06 00:00:00,7.5,7.75,59,190900,1471550,2010-07-06 00:00:00,1
2010-07-07 00:00:00,2010-07-07 00:00:00,7.75,2010-07-07 00:00:00,7.25,7.5,31,200800,1504475,2010-07-07 00:00:00,1
2010-07-08 00:00:00,2010-07-08 00:00:00,7.75,2010-07-08 00:00:00,7.25,7.5,31,230700,1730125,2010-07-08 00:00:00,1
2010-07-09 00:00:00,2010-07-09 00:00:00,7.75,2010-07-09 00:00:00,7.5,7.5,27,224500,1684500,2010-07-09 00:00:00,1
2010-07-12 00:00:00,2010-07-12 00:00:00,8,2010-07-12 00:00:00,7.5,7.75,66,248400,1913850,2010-07-12 00:00:00,1
2010-07-13 00:00:00,2010-07-13 00:00:00,8.5,2010-07-13 00:00:00,7.75,8,168,759600,6159850,2010-07-13 00:00:00,1
2010-07-14 00:00:00,2010-07-14 00:00:00,8.5,2010-07-14 00:00:00,8,8,64,295100,2377525,2010-07-14 00:00:00,1
2010-07-15 00:00:00,2010-07-15 00:00:00,8.25,2010-07-15 00:00:00,8,8,31,120600,973150,2010-07-15 00:00:00,1
2010-07-16 00:00:00,2010-07-16 00:00:00,8,2010-07-16 00:00:00,7.75,8,32,110700,884700,2010-07-16 00:00:00,1
2010-07-19 00:00:00,2010-07-19 00:00:00,8,2010-07-19 00:00:00,7.75,8,41,173300,1385300,2010-07-19 00:00:00,1
2010-07-20 00:00:00,2010-07-20 00:00:00,8,2010-07-20 00:00:00,7.75,7.75,26,61300,489650,2010-07-20 00:00:00,1
2010-07-21 00:00:00,2010-07-21 00:00:00,8,2010-07-21 00:00:00,7.75,8,24,78100,621900,2010-07-21 00:00:00,1
2010-07-22 00:00:00,2010-07-22 00:00:00,8,2010-07-22 00:00:00,7.75,7.75,4,900,7125,2010-07-22 00:00:00,1
2010-07-23 00:00:00,2010-07-23 00:00:00,8,2010-07-23 00:00:00,7.75,7.75,16,20200,158925,2010-07-23 00:00:00,1
2010-07-26 00:00:00,2010-07-26 00:00:00,8,2010-07-26 00:00:00,7.5,7.75,31,156300,1210300,2010-07-26 00:00:00,1
2010-07-27 00:00:00,2010-07-27 00:00:00,8,2010-07-27 00:00:00,7.75,7.75,78,557900,4416600,2010-07-27 00:00:00,1
2010-07-28 00:00:00,2010-07-28 00:00:00,8.5,2010-07-28 00:00:00,7.75,8,44,158300,1270125,2010-07-28 00:00:00,1
2010-07-29 00:00:00,2010-07-29 00:00:00,8,2010-07-29 00:00:00,7.75,7.75,15,45100,355750,2010-07-29 00:00:00,1
2010-07-30 00:00:00,2010-07-30 00:00:00,8,2010-07-30 00:00:00,7.5,7.75,23,145800,1123200,2010-07-30 00:00:00,1
2010-08-02 00:00:00,2010-08-02 00:00:00,8,2010-08-02 00:00:00,7.5,7.6,22,54500,421610,2010-08-02 00:00:00,1
2010-08-03 00:00:00,2010-08-03 00:00:00,7.8,2010-08-03 00:00:00,7.5,7.6,15,49400,374740,2010-08-03 00:00:00,1
2010-08-04 00:00:00,2010-08-04 00:00:00,8,2010-08-04 00:00:00,7.5,7.6,11,102300,784390,2010-08-04 00:00:00,1
2010-08-05 00:00:00,2010-08-05 00:00:00,7.7,2010-08-05 00:00:00,7.2,7.7,30,187800,1410090,2010-08-05 00:00:00,1
2010-08-06 00:00:00,2010-08-06 00:00:00,7.7,2010-08-06 00:00:00,7.3,7.5,49,221200,1647280,2010-08-06 00:00:00,1
2010-08-09 00:00:00,2010-08-09 00:00:00,7.5,2010-08-09 00:00:00,6.8,6.9,91,479300,3350750,2010-08-09 00:00:00,1
2010-08-10 00:00:00,2010-08-10 00:00:00,7.5,2010-08-10 00:00:00,6.3,7.4,57,243800,1719170,2010-08-10 00:00:00,1
2010-08-11 00:00:00,2010-08-11 00:00:00,7.9,2010-08-11 00:00:00,7.5,7.5,39,158300,1204240,2010-08-11 00:00:00,1
2010-08-12 00:00:00,2010-08-12 00:00:00,7.5,2010-08-12 00:00:00,7.3,7.5,14,37900,283810,2010-08-12 00:00:00,1
2010-08-13 00:00:00,2010-08-13 00:00:00,7.9,2010-08-13 00:00:00,7.4,7.4,14,44900,332900,2010-08-13 00:00:00,1
2010-08-16 00:00:00,2010-08-16 00:00:00,7.7,2010-08-16 00:00:00,7.5,7.5,17,31000,232730,2010-08-16 00:00:00,1
2010-08-17 00:00:00,2010-08-17 00:00:00,7.5,2010-08-17 00:00:00,7.3,7.4,24,81900,599860,2010-08-17 00:00:00,1
2010-08-18 00:00:00,2010-08-18 00:00:00,7.6,2010-08-18 00:00:00,7.5,7.6,37,605000,4544190,2010-08-18 00:00:00,1
2010-08-19 00:00:00,2010-08-19 00:00:00,7.9,2010-08-19 00:00:00,7.5,7.6,20,51000,388990,2010-08-19 00:00:00,1
2010-08-20 00:00:00,2010-08-20 00:00:00,7.8,2010-08-20 00:00:00,7.5,7.5,17,39600,299570,2010-08-20 00:00:00,1
2010-08-23 00:00:00,2010-08-23 00:00:00,7.8,2010-08-23 00:00:00,7.5,7.5,24,165700,1248110,2010-08-23 00:00:00,1
2010-08-25 00:00:00,2010-08-25 00:00:00,7.7,2010-08-25 00:00:00,7.5,7.5,32,115500,867690,2010-08-25 00:00:00,1
2010-08-26 00:00:00,2010-08-26 00:00:00,7.6,2010-08-26 00:00:00,7.4,7.5,20,3014400,22604620,2010-08-26 00:00:00,1
2010-08-27 00:00:00,2010-08-27 00:00:00,7.8,2010-08-27 00:00:00,7.6,7.6,31,50400,384930,2010-08-27 00:00:00,1
2010-08-30 00:00:00,2010-08-30 00:00:00,7.6,2010-08-30 00:00:00,7.5,7.6,21,201400,1520800,2010-08-30 00:00:00,1
2010-08-31 00:00:00,2010-08-31 00:00:00,7.5,2010-08-31 00:00:00,7.4,7.5,13,71400,535000,2010-08-31 00:00:00,1
2010-09-01 00:00:00,2010-09-01 00:00:00,8.2,2010-09-01 00:00:00,7.5,8.2,210,1489200,12071350,2010-09-01 00:00:00,1
2010-09-02 00:00:00,2010-09-02 00:00:00,8.3,2010-09-02 00:00:00,7.8,7.9,146,812900,6542550,2010-09-02 00:00:00,1
2010-09-03 00:00:00,2010-09-03 00:00:00,8.1,2010-09-03 00:00:00,7.9,8,155,711400,5700840,2010-09-03 00:00:00,1
2010-09-06 00:00:00,2010-09-06 00:00:00,8.2,2010-09-06 00:00:00,7.9,8,47,221800,1774990,2010-09-06 00:00:00,1
2010-09-07 00:00:00,2010-09-07 00:00:00,8,2010-09-07 00:00:00,7.7,7.9,61,203300,1607620,2010-09-07 00:00:00,1
2010-09-08 00:00:00,2010-09-08 00:00:00,8,2010-09-08 00:00:00,7.8,7.9,66,345900,2749720,2010-09-08 00:00:00,1
2010-09-09 00:00:00,2010-09-09 00:00:00,8.2,2010-09-09 00:00:00,8,8,95,781200,6260560,2010-09-09 00:00:00,1
2010-09-13 00:00:00,2010-09-13 00:00:00,8.2,2010-09-13 00:00:00,8,8.1,89,313600,2546730,2010-09-13 00:00:00,1
2010-09-14 00:00:00,2010-09-14 00:00:00,8.2,2010-09-14 00:00:00,7.9,8,38,200400,1602800,2010-09-14 00:00:00,1
2010-09-15 00:00:00,2010-09-15 00:00:00,8.2,2010-09-15 00:00:00,7.8,8.1,100,199500,1603060,2010-09-15 00:00:00,1
2010-09-16 00:00:00,2010-09-16 00:00:00,8.3,2010-09-16 00:00:00,8,8.2,69,308600,2522190,2010-09-16 00:00:00,1
2010-09-17 00:00:00,2010-09-17 00:00:00,8.7,2010-09-17 00:00:00,8.4,8.6,184,751100,6446140,2010-09-17 00:00:00,1
2010-09-20 00:00:00,2010-09-20 00:00:00,9,2010-09-20 00:00:00,8.1,8.7,89,493300,4236690,2010-09-20 00:00:00,1
2010-09-21 00:00:00,2010-09-21 00:00:00,9,2010-09-21 00:00:00,8.8,8.9,180,718100,6419830,2010-09-21 00:00:00,1
2010-09-23 00:00:00,2010-09-23 00:00:00,11,2010-09-23 00:00:00,8,8.2,668,49748800,407203930,2010-09-23 00:00:00,1
2010-09-24 00:00:00,2010-09-24 00:00:00,12.8,2010-09-24 00:00:00,11,11.7,1475,10026400,119159770,2010-09-24 00:00:00,1
2010-09-27 00:00:00,2010-09-27 00:00:00,12.9,2010-09-27 00:00:00,11.8,12,605,3785200,46609570,2010-09-27 00:00:00,1
2010-09-28 00:00:00,2010-09-28 00:00:00,12.4,2010-09-28 00:00:00,11.8,12.2,314,3719000,44851190,2010-09-28 00:00:00,1
2010-09-29 00:00:00,2010-09-29 00:00:00,14.3,2010-09-29 00:00:00,12.2,14,1069,5621700,74506160,2010-09-29 00:00:00,1
2010-09-30 00:00:00,2010-09-30 00:00:00,14.5,2010-09-30 00:00:00,13,13.2,612,2291000,31487210,2010-09-30 00:00:00,1
2010-10-01 00:00:00,2010-10-01 00:00:00,13.7,2010-10-01 00:00:00,12.9,13.1,238,871100,11641190,2010-10-01 00:00:00,1
2010-10-04 00:00:00,2010-10-04 00:00:00,13,2010-10-04 00:00:00,12.1,12.5,207,540100,6790040,2010-10-04 00:00:00,1
2010-10-05 00:00:00,2010-10-05 00:00:00,12.5,2010-10-05 00:00:00,11.9,12,317,1534800,18494990,2010-10-05 00:00:00,1
2010-10-06 00:00:00,2010-10-06 00:00:00,12.5,2010-10-06 00:00:00,11.9,12,146,1997000,24038970,2010-10-06 00:00:00,1
2010-10-07 00:00:00,2010-10-07 00:00:00,12.1,2010-10-07 00:00:00,11,11.6,151,448100,5245840,2010-10-07 00:00:00,1
2010-10-08 00:00:00,2010-10-08 00:00:00,12.4,2010-10-08 00:00:00,11.3,12,213,1185000,14256950,2010-10-08 00:00:00,1
2010-10-11 00:00:00,2010-10-11 00:00:00,12.6,2010-10-11 00:00:00,11.8,11.9,143,607200,7371370,2010-10-11 00:00:00,1
2010-10-12 00:00:00,2010-10-12 00:00:00,11.9,2010-10-12 00:00:00,11,11,161,674900,7684630,2010-10-12 00:00:00,1
2010-10-13 00:00:00,2010-10-13 00:00:00,11.5,2010-10-13 00:00:00,10,11,186,642000,7023860,2010-10-13 00:00:00,1
2010-10-14 00:00:00,2010-10-14 00:00:00,11.3,2010-10-14 00:00:00,10.7,10.8,65,224600,2474800,2010-10-14 00:00:00,1
2010-10-15 00:00:00,2010-10-15 00:00:00,11.4,2010-10-15 00:00:00,10.9,11.2,136,960800,10662030,2010-10-15 00:00:00,1
2010-10-18 00:00:00,2010-10-18 00:00:00,11.2,2010-10-18 00:00:00,10.8,10.9,38,209300,2264040,2010-10-18 00:00:00,1
2010-10-19 00:00:00,2010-10-19 00:00:00,11,2010-10-19 00:00:00,9.9,10,609,10841500,108632030,2010-10-19 00:00:00,1
2010-10-20 00:00:00,2010-10-20 00:00:00,10.3,2010-10-20 00:00:00,10,10,111,4443300,44478980,2010-10-20 00:00:00,1
2010-10-21 00:00:00,2010-10-21 00:00:00,10.3,2010-10-21 00:00:00,10,10.2,172,14576100,145859350,2010-10-21 00:00:00,1
2010-10-25 00:00:00,2010-10-25 00:00:00,10.3,2010-10-25 00:00:00,10,10,96,951700,9541330,2010-10-25 00:00:00,1
2010-10-26 00:00:00,2010-10-26 00:00:00,10.2,2010-10-26 00:00:00,9.8,9.9,65,337700,3348810,2010-10-26 00:00:00,1
2010-10-27 00:00:00,2010-10-27 00:00:00,10,2010-10-27 00:00:00,9.8,9.8,69,221600,2177820,2010-10-27 00:00:00,1
2010-10-28 00:00:00,2010-10-28 00:00:00,10,2010-10-28 00:00:00,9.8,9.9,35,212000,2096490,2010-10-28 00:00:00,1
2010-10-29 00:00:00,2010-10-29 00:00:00,10,2010-10-29 00:00:00,9.8,10,60,170700,1689880,2010-10-29 00:00:00,1
2010-11-01 00:00:00,2010-11-01 00:00:00,10,2010-11-01 00:00:00,9.7,9.8,66,296400,2918440,2010-11-01 00:00:00,1
2010-11-02 00:00:00,2010-11-02 00:00:00,10,2010-11-02 00:00:00,9.8,9.8,30,53300,524360,2010-11-02 00:00:00,1
2010-11-03 00:00:00,2010-11-03 00:00:00,10.1,2010-11-03 00:00:00,9.8,10,58,706000,7049870,2010-11-03 00:00:00,1
2010-11-04 00:00:00,2010-11-04 00:00:00,10.2,2010-11-04 00:00:00,9.9,9.9,35,375300,3747870,2010-11-04 00:00:00,1
2010-11-08 00:00:00,2010-11-08 00:00:00,10,2010-11-08 00:00:00,9.8,9.9,23,93200,922850,2010-11-08 00:00:00,1
2010-11-09 00:00:00,2010-11-09 00:00:00,9.9,2010-11-09 00:00:00,9.7,9.9,46,168700,1646490,2010-11-09 00:00:00,1
2010-11-10 00:00:00,2010-11-10 00:00:00,9.8,2010-11-10 00:00:00,9.4,9.4,43,58400,555470,2010-11-10 00:00:00,1
2010-11-11 00:00:00,2010-11-11 00:00:00,9.8,2010-11-11 00:00:00,9.4,9.5,11,15600,148130,2010-11-11 00:00:00,1
2010-11-12 00:00:00,2010-11-12 00:00:00,9.9,2010-11-12 00:00:00,9.5,9.6,48,110100,1058500,2010-11-12 00:00:00,1
2010-11-15 00:00:00,2010-11-15 00:00:00,9.8,2010-11-15 00:00:00,9.5,9.6,38,112000,1076140,2010-11-15 00:00:00,1
2010-11-16 00:00:00,2010-11-16 00:00:00,9.5,2010-11-16 00:00:00,9.5,9.5,48,181900,1728050,2010-11-16 00:00:00,1
2010-11-18 00:00:00,2010-11-18 00:00:00,9.7,2010-11-18 00:00:00,9.5,9.5,48,365100,3483290,2010-11-18 00:00:00,1
2010-11-22 00:00:00,2010-11-22 00:00:00,9.6,2010-11-22 00:00:00,9.5,9.5,34,224700,2134750,2010-11-22 00:00:00,1
2010-11-23 00:00:00,2010-11-23 00:00:00,9.5,2010-11-23 00:00:00,9.3,9.3,48,163100,1531290,2010-11-23 00:00:00,1
2010-11-24 00:00:00,2010-11-24 00:00:00,9.8,2010-11-24 00:00:00,9.4,9.6,69,273800,2650380,2010-11-24 00:00:00,1
2010-11-25 00:00:00,2010-11-25 00:00:00,10,2010-11-25 00:00:00,9.4,9.5,52,441200,4266420,2010-11-25 00:00:00,1
2010-11-26 00:00:00,2010-11-26 00:00:00,9.5,2010-11-26 00:00:00,9.4,9.4,24,120800,1137350,2010-11-26 00:00:00,1
2010-11-29 00:00:00,2010-11-29 00:00:00,9.5,2010-11-29 00:00:00,9.3,9.3,29,127000,1187300,2010-11-29 00:00:00,1
2010-11-30 00:00:00,2010-11-30 00:00:00,9.7,2010-11-30 00:00:00,9.5,9.5,48,239200,2293550,2010-11-30 00:00:00,1
2010-12-01 00:00:00,2010-12-01 00:00:00,9.7,2010-12-01 00:00:00,8.7,9.5,78,526300,4942230,2010-12-01 00:00:00,1
2010-12-02 00:00:00,2010-12-02 00:00:00,9.8,2010-12-02 00:00:00,9.4,9.4,49,160600,1539430,2010-12-02 00:00:00,1
2010-12-03 00:00:00,2010-12-03 00:00:00,9.5,2010-12-03 00:00:00,9.2,9.4,49,196100,1842660,2010-12-03 00:00:00,1
2010-12-06 00:00:00,2010-12-06 00:00:00,9.4,2010-12-06 00:00:00,9.2,9.3,33,148300,1385050,2010-12-06 00:00:00,1
2010-12-07 00:00:00,2010-12-07 00:00:00,9.4,2010-12-07 00:00:00,9.2,9.2,29,135400,1248870,2010-12-07 00:00:00,1
2010-12-08 00:00:00,2010-12-08 00:00:00,9.3,2010-12-08 00:00:00,8.9,9,73,520100,4710740,2010-12-08 00:00:00,1
2010-12-09 00:00:00,2010-12-09 00:00:00,9.2,2010-12-09 00:00:00,9,9,21,93400,844670,2010-12-09 00:00:00,1
2010-12-10 00:00:00,2010-12-10 00:00:00,9.1,2010-12-10 00:00:00,9,9,29,92000,828900,2010-12-10 00:00:00,1
2010-12-13 00:00:00,2010-12-13 00:00:00,9.2,2010-12-13 00:00:00,9,9.1,18,61000,554920,2010-12-13 00:00:00,1
2010-12-14 00:00:00,2010-12-14 00:00:00,9.2,2010-12-14 00:00:00,9,9,16,16100,145140,2010-12-14 00:00:00,1
2010-12-15 00:00:00,2010-12-15 00:00:00,9.1,2010-12-15 00:00:00,9,9,22,38900,350660,2010-12-15 00:00:00,1
2010-12-16 00:00:00,2010-12-16 00:00:00,9.2,2010-12-16 00:00:00,8.9,9,25,78900,712470,2010-12-16 00:00:00,1
2010-12-17 00:00:00,2010-12-17 00:00:00,9,2010-12-17 00:00:00,9,9,3,15000,135000,2010-12-17 00:00:00,1
2010-12-21 00:00:00,2010-12-21 00:00:00,8.9,2010-12-21 00:00:00,8.7,8.8,36,65900,583160,2010-12-21 00:00:00,1
2010-12-22 00:00:00,2010-12-22 00:00:00,9.3,2010-12-22 00:00:00,8.9,9.1,84,274700,2494810,2010-12-22 00:00:00,1
2010-12-23 00:00:00,2010-12-23 00:00:00,9.2,2010-12-23 00:00:00,9,9.1,38,107200,974810,2010-12-23 00:00:00,1
2010-12-24 00:00:00,2010-12-24 00:00:00,9.1,2010-12-24 00:00:00,8.8,9,25,55400,494900,2010-12-24 00:00:00,1
2010-12-27 00:00:00,2010-12-27 00:00:00,9.1,2010-12-27 00:00:00,8.9,9,20,49500,445220,2010-12-27 00:00:00,1
2010-12-28 00:00:00,2010-12-28 00:00:00,9.2,2010-12-28 00:00:00,9,9,23,41400,375830,2010-12-28 00:00:00,1
2010-12-29 00:00:00,2010-12-29 00:00:00,9.1,2010-12-29 00:00:00,8.9,8.9,28,89900,811700,2010-12-29 00:00:00,1
2010-12-30 00:00:00,2010-12-30 00:00:00,8.9,2010-12-30 00:00:00,8.8,8.9,46,159700,1416990,2010-12-30 00:00:00,1
2010-12-31 00:00:00,2010-12-31 00:00:00,9,2010-12-31 00:00:00,8.8,9,15,23600,208870,2010-12-31 00:00:00,1
Company Id,:  WAPO,Security,Type :  N,Sub Type,:  0000,,,,,
Short Name,:  GUARDIAN CAPITAL,,,,,,,,,
Day,Date High,High,Date Low,Low,Closing,No. of Trades,No. of Shares,Turnover,Last Traded,Days Traded
2010-01-04 00:00:00,2010-01-04 00:00:00,800,2010-01-04 00:00:00,800,800,1,100,80000,2010-01-04 00:00:00,1
2010-01-05 00:00:00,2010-01-05 00:00:00,800,2010-01-05 00:00:00,800,800,4,400,320000,2010-01-05 00:00:00,1
2010-01-06 00:00:00,2010-01-06 00:00:00,900,2010-01-06 00:00:00,900,900,1,700,630000,2010-01-06 00:00:00,1
2010-02-02 00:00:00,2010-02-02 00:00:00,900,2010-02-02 00:00:00,900,900,1,300,270000,2010-02-02 00:00:00,1
2010-02-05 00:00:00,2010-02-05 00:00:00,900,2010-02-05 00:00:00,900,900,1,100,90000,2010-02-05 00:00:00,1
2010-02-08 00:00:00,2010-02-08 00:00:00,1050,2010-02-08 00:00:00,1050,1050,1,100,105000,2010-02-08 00:00:00,1
2010-02-12 00:00:00,2010-02-12 00:00:00,900,2010-02-12 00:00:00,900,900,1,100,90000,2010-02-12 00:00:00,1
2010-02-23 00:00:00,2010-02-23 00:00:00,1000,2010-02-23 00:00:00,1000,1000,1,100,100000,2010-02-23 00:00:00,1
2010-05-11 00:00:00,2010-05-11 00:00:00,1500,2010-05-11 00:00:00,1500,1500,1,100,150000,2010-05-11 00:00:00,1
2010-05-12 00:00:00,2010-05-12 00:00:00,1900,2010-05-12 00:00:00,1500,1550,6,600,1027500,2010-05-12 00:00:00,1
2010-05-19 00:00:00,2010-05-19 00:00:00,1560,2010-05-19 00:00:00,1500,1530,2,200,306000,2010-05-19 00:00:00,1
2010-05-20 00:00:00,2010-05-20 00:00:00,1400,2010-05-20 00:00:00,1400,1400,1,100,140000,2010-05-20 00:00:00,1
2010-05-24 00:00:00,2010-05-24 00:00:00,1420,2010-05-24 00:00:00,1420,1420,1,100,142000,2010-05-24 00:00:00,1
2010-05-25 00:00:00,2010-05-25 00:00:00,1351,2010-05-25 00:00:00,1350,1350.5,3,300,405125,2010-05-25 00:00:00,1
2010-05-26 00:00:00,2010-05-26 00:00:00,1300,2010-05-26 00:00:00,1300,1300,1,200,260000,2010-05-26 00:00:00,1
2010-06-01 00:00:00,2010-06-01 00:00:00,1300,2010-06-01 00:00:00,1300,1300,2,200,260000,2010-06-01 00:00:00,1
2010-06-02 00:00:00,2010-06-02 00:00:00,1210,2010-06-02 00:00:00,1200,1200,3,500,601000,2010-06-02 00:00:00,1
2010-06-03 00:00:00,2010-06-03 00:00:00,1105,2010-06-03 00:00:00,1000,1011,9,1300,1351200,2010-06-03 00:00:00,1
2010-06-10 00:00:00,2010-06-10 00:00:00,1000,2010-06-10 00:00:00,1000,1000,1,100,100000,2010-06-10 00:00:00,1
2010-06-28 00:00:00,2010-06-28 00:00:00,800,2010-06-28 00:00:00,800,800,6,600,480000,2010-06-28 00:00:00,1
2010-06-29 00:00:00,2010-06-29 00:00:00,800,2010-06-29 00:00:00,800,800,1,100,80000,2010-06-29 00:00:00,1
2010-07-01 00:00:00,2010-07-01 00:00:00,900,2010-07-01 00:00:00,900,900,1,200,180000,2010-07-01 00:00:00,1
2010-07-06 00:00:00,2010-07-06 00:00:00,800,2010-07-06 00:00:00,800,800,4,400,320000,2010-07-06 00:00:00,1
2010-07-26 00:00:00,2010-07-26 00:00:00,1000,2010-07-26 00:00:00,1000,1000,2,200,200000,2010-07-26 00:00:00,1
2010-07-30 00:00:00,2010-07-30 00:00:00,1199,2010-07-30 00:00:00,1050,1199,2,200,224900,2010-07-30 00:00:00,1
2010-08-13 00:00:00,2010-08-13 00:00:00,1316,2010-08-13 00:00:00,1316,1316,1,100,131600,2010-08-13 00:00:00,1
2010-08-16 00:00:00,2010-08-16 00:00:00,1300,2010-08-16 00:00:00,1250,1250,2,200,255000,2010-08-16 00:00:00,1
2010-08-17 00:00:00,2010-08-17 00:00:00,1375,2010-08-17 00:00:00,1370,1375,7,700,962000,2010-08-17 00:00:00,1
2010-08-19 00:00:00,2010-08-19 00:00:00,1511.3,2010-08-19 00:00:00,1355,1407,3,400,573230,2010-08-19 00:00:00,1
2010-08-20 00:00:00,2010-08-20 00:00:00,1500,2010-08-20 00:00:00,1500,1500,1,100,150000,2010-08-20 00:00:00,1
2010-08-23 00:00:00,2010-08-23 00:00:00,1640,2010-08-23 00:00:00,1600,1626.7,4,400,648000,2010-08-23 00:00:00,1
2010-08-26 00:00:00,2010-08-26 00:00:00,1650,2010-08-26 00:00:00,1650,1650,1,100,165000,2010-08-26 00:00:00,1
2010-09-20 00:00:00,2010-09-20 00:00:00,1400,2010-09-20 00:00:00,1000,1000,4,400,470000,2010-09-20 00:00:00,1
2010-09-21 00:00:00,2010-09-21 00:00:00,1000,2010-09-21 00:00:00,1000,1000,2,200,200000,2010-09-21 00:00:00,1
2010-09-29 00:00:00,2010-09-29 00:00:00,1000,2010-09-29 00:00:00,1000,1000,1,200,200000,2010-09-29 00:00:00,1
2010-09-30 00:00:00,2010-09-30 00:00:00,1000,2010-09-30 00:00:00,1000,1000,1,100,100000,2010-09-30 00:00:00,1
2010-11-11 00:00:00,2010-11-11 00:00:00,800,2010-11-11 00:00:00,800,800,1,100,80000,2010-11-11 00:00:00,1
2010-11-15 00:00:00,2010-11-15 00:00:00,800,2010-11-15 00:00:00,800,800,1,100,80000,2010-11-15 00:00:00,1
2010-12-09 00:00:00,2010-12-09 00:00:00,900,2010-12-09 00:00:00,900,900,1,200,180000,2010-12-09 00:00:00,1
Company Id,:  WATA,Security,Type :  N,Sub Type,:  0000,,,,,
Short Name,:  WATAWALA,,,,,,,,,
Day,Date High,High,Date Low,Low,Closing,No. of Trades,No. of Shares,Turnover,Last Traded,Days Traded
2010-01-04 00:00:00,2010-01-04 00:00:00,89.75,2010-01-04 00:00:00,85,89.75,2,600,51475,2010-01-04 00:00:00,1
2010-01-05 00:00:00,2010-01-05 00:00:00,91.5,2010-01-05 00:00:00,91.5,91.5,1,100,9150,2010-01-05 00:00:00,1
2010-01-06 00:00:00,2010-01-06 00:00:00,90.5,2010-01-06 00:00:00,85,87.5,7,4700,410575,2010-01-06 00:00:00,1
2010-01-07 00:00:00,2010-01-07 00:00:00,87.5,2010-01-07 00:00:00,87.5,87.5,5,5000,437500,2010-01-07 00:00:00,1
2010-01-08 00:00:00,2010-01-08 00:00:00,90.5,2010-01-08 00:00:00,85,90,8,4500,401500,2010-01-08 00:00:00,1
2010-01-11 00:00:00,2010-01-11 00:00:00,95,2010-01-11 00:00:00,93,93.75,4,400,37400,2010-01-11 00:00:00,1
2010-01-13 00:00:00,2010-01-13 00:00:00,99.75,2010-01-13 00:00:00,92,94.75,14,1600,151325,2010-01-13 00:00:00,1
2010-01-15 00:00:00,2010-01-15 00:00:00,97.5,2010-01-15 00:00:00,89,95.5,10,1900,179700,2010-01-15 00:00:00,1
2010-01-18 00:00:00,2010-01-18 00:00:00,99.5,2010-01-18 00:00:00,97,98.75,8,2300,225550,2010-01-18 00:00:00,1
2010-01-19 00:00:00,2010-01-19 00:00:00,104,2010-01-19 00:00:00,98,104,13,3400,344800,2010-01-19 00:00:00,1
2010-01-20 00:00:00,2010-01-20 00:00:00,109,2010-01-20 00:00:00,104,107.75,16,3000,319375,2010-01-20 00:00:00,1
2010-01-21 00:00:00,2010-01-21 00:00:00,109,2010-01-21 00:00:00,99.75,108.5,5,700,74775,2010-01-21 00:00:00,1
2010-01-22 00:00:00,2010-01-22 00:00:00,110,2010-01-22 00:00:00,108,110,16,3400,372525,2010-01-22 00:00:00,1
2010-01-25 00:00:00,2010-01-25 00:00:00,115,2010-01-25 00:00:00,113,113,5,1400,158600,2010-01-25 00:00:00,1
2010-01-26 00:00:00,2010-01-26 00:00:00,115,2010-01-26 00:00:00,115,115,1,1000,115000,2010-01-26 00:00:00,1
2010-01-28 00:00:00,2010-01-28 00:00:00,120,2010-01-28 00:00:00,115,119,6,2000,234900,2010-01-28 00:00:00,1
2010-02-01 00:00:00,2010-02-01 00:00:00,130,2010-02-01 00:00:00,125,130,8,1400,180500,2010-02-01 00:00:00,1
2010-02-02 00:00:00,2010-02-02 00:00:00,145.5,2010-02-02 00:00:00,135,138.25,18,5500,788550,2010-02-02 00:00:00,1
2010-02-03 00:00:00,2010-02-03 00:00:00,146,2010-02-03 00:00:00,145,145.5,22,6500,944900,2010-02-03 00:00:00,1
2010-02-05 00:00:00,2010-02-05 00:00:00,150,2010-02-05 00:00:00,145.5,148.5,7,1200,178225,2010-02-05 00:00:00,1
2010-02-08 00:00:00,2010-02-08 00:00:00,160,2010-02-08 00:00:00,150,160,17,4700,721350,2010-02-08 00:00:00,1
2010-02-09 00:00:00,2010-02-09 00:00:00,168,2010-02-09 00:00:00,160,168,4,2400,385600,2010-02-09 00:00:00,1
2010-02-10 00:00:00,2010-02-10 00:00:00,165,2010-02-10 00:00:00,150,160.75,4,700,112500,2010-02-10 00:00:00,1
2010-02-11 00:00:00,2010-02-11 00:00:00,165,2010-02-11 00:00:00,150.25,159.75,9,4200,669850,2010-02-11 00:00:00,1
2010-02-12 00:00:00,2010-02-12 00:00:00,166,2010-02-12 00:00:00,150,166,3,300,47600,2010-02-12 00:00:00,1
2010-02-15 00:00:00,2010-02-15 00:00:00,170,2010-02-15 00:00:00,165,167,6,1300,217100,2010-02-15 00:00:00,1
2010-02-16 00:00:00,2010-02-16 00:00:00,170,2010-02-16 00:00:00,169,169.75,3,600,101800,2010-02-16 00:00:00,1
2010-02-17 00:00:00,2010-02-17 00:00:00,180,2010-02-17 00:00:00,170,172.25,26,5600,967050,2010-02-17 00:00:00,1
2010-02-18 00:00:00,2010-02-18 00:00:00,182,2010-02-18 00:00:00,175,182,5,1100,197100,2010-02-18 00:00:00,1
2010-02-19 00:00:00,2010-02-19 00:00:00,190,2010-02-19 00:00:00,180,186.25,26,9400,1749150,2010-02-19 00:00:00,1
2010-02-22 00:00:00,2010-02-22 00:00:00,192,2010-02-22 00:00:00,185,185,8,1400,266100,2010-02-22 00:00:00,1
2010-02-24 00:00:00,2010-02-24 00:00:00,189,2010-02-24 00:00:00,180,183,4,2600,472800,2010-02-24 00:00:00,1
2010-02-25 00:00:00,2010-02-25 00:00:00,190,2010-02-25 00:00:00,189.75,190,3,300,56975,2010-02-25 00:00:00,1
2010-03-01 00:00:00,2010-03-01 00:00:00,190,2010-03-01 00:00:00,172,188,7,1400,259675,2010-03-01 00:00:00,1
2010-03-03 00:00:00,2010-03-03 00:00:00,187,2010-03-03 00:00:00,175,184.75,3,2700,498700,2010-03-03 00:00:00,1
2010-03-04 00:00:00,2010-03-04 00:00:00,184,2010-03-04 00:00:00,160.25,183.25,5,600,107775,2010-03-04 00:00:00,1
2010-03-05 00:00:00,2010-03-05 00:00:00,183.25,2010-03-05 00:00:00,162.75,182,9,2400,431975,2010-03-05 00:00:00,1
2010-03-08 00:00:00,2010-03-08 00:00:00,182,2010-03-08 00:00:00,170,174,10,3000,522150,2010-03-08 00:00:00,1
2010-03-10 00:00:00,2010-03-10 00:00:00,175,2010-03-10 00:00:00,175,175,2,400,70000,2010-03-10 00:00:00,1
2010-03-11 00:00:00,2010-03-11 00:00:00,180,2010-03-11 00:00:00,175,177,7,800,141500,2010-03-11 00:00:00,1
2010-03-12 00:00:00,2010-03-12 00:00:00,179.75,2010-03-12 00:00:00,175,179.75,3,500,88450,2010-03-12 00:00:00,1
2010-03-15 00:00:00,2010-03-15 00:00:00,175,2010-03-15 00:00:00,175,175,2,200,35000,2010-03-15 00:00:00,1
2010-03-16 00:00:00,2010-03-16 00:00:00,175,2010-03-16 00:00:00,170,175,3,400,68500,2010-03-16 00:00:00,1
2010-03-19 00:00:00,2010-03-19 00:00:00,175,2010-03-19 00:00:00,162,175,23,9700,1649825,2010-03-19 00:00:00,1
2010-03-30 00:00:00,2010-03-30 00:00:00,175,2010-03-30 00:00:00,172,174.5,9,1300,226475,2010-03-30 00:00:00,1
2010-03-31 00:00:00,2010-03-31 00:00:00,176,2010-03-31 00:00:00,176,176,2,300,52800,2010-03-31 00:00:00,1
2010-04-01 00:00:00,2010-04-01 00:00:00,176,2010-04-01 00:00:00,163.25,169.75,13,1500,252075,2010-04-01 00:00:00,1
2010-04-05 00:00:00,2010-04-05 00:00:00,174,2010-04-05 00:00:00,174,174,3,300,52200,2010-04-05 00:00:00,1
2010-04-06 00:00:00,2010-04-06 00:00:00,179,2010-04-06 00:00:00,179,179,2,200,35800,2010-04-06 00:00:00,1
2010-04-07 00:00:00,2010-04-07 00:00:00,175,2010-04-07 00:00:00,175,175,1,200,35000,2010-04-07 00:00:00,1
2010-04-12 00:00:00,2010-04-12 00:00:00,178.75,2010-04-12 00:00:00,165.5,175.25,6,1200,205675,2010-04-12 00:00:00,1
2010-04-15 00:00:00,2010-04-15 00:00:00,178,2010-04-15 00:00:00,178,178,1,100,17800,2010-04-15 00:00:00,1
2010-04-16 00:00:00,2010-04-16 00:00:00,190,2010-04-16 00:00:00,178,190,5,900,163800,2010-04-16 00:00:00,1
2010-04-20 00:00:00,2010-04-20 00:00:00,193,2010-04-20 00:00:00,190,191.5,8,800,153100,2010-04-20 00:00:00,1
2010-04-21 00:00:00,2010-04-21 00:00:00,197,2010-04-21 00:00:00,190,197,30,12900,2506675,2010-04-21 00:00:00,1
2010-04-22 00:00:00,2010-04-22 00:00:00,200,2010-04-22 00:00:00,195,198,22,8100,1598575,2010-04-22 00:00:00,1
2010-04-23 00:00:00,2010-04-23 00:00:00,200,2010-04-23 00:00:00,198,200,5,1200,239550,2010-04-23 00:00:00,1
2010-04-27 00:00:00,2010-04-27 00:00:00,196,2010-04-27 00:00:00,180,194.5,5,1300,252975,2010-04-27 00:00:00,1
2010-04-29 00:00:00,2010-04-29 00:00:00,198,2010-04-29 00:00:00,196,196.75,4,600,118025,2010-04-29 00:00:00,1
2010-04-30 00:00:00,2010-04-30 00:00:00,205,2010-04-30 00:00:00,199,204,21,6700,1344250,2010-04-30 00:00:00,1
2010-05-03 00:00:00,2010-05-03 00:00:00,210,2010-05-03 00:00:00,205,208.75,189,227300,47506925,2010-05-03 00:00:00,1
2010-05-04 00:00:00,2010-05-04 00:00:00,210,2010-05-04 00:00:00,205,209.75,17,7100,1463575,2010-05-04 00:00:00,1
2010-05-05 00:00:00,2010-05-05 00:00:00,210,2010-05-05 00:00:00,207.5,209,11,6700,1401200,2010-05-05 00:00:00,1
2010-05-06 00:00:00,2010-05-06 00:00:00,218,2010-05-06 00:00:00,209,215,18,9000,1931625,2010-05-06 00:00:00,1
2010-05-07 00:00:00,2010-05-07 00:00:00,225,2010-05-07 00:00:00,212,223,24,10200,2212850,2010-05-07 00:00:00,1
2010-05-10 00:00:00,2010-05-10 00:00:00,250,2010-05-10 00:00:00,225,234,24,6400,1482900,2010-05-10 00:00:00,1
2010-05-11 00:00:00,2010-05-11 00:00:00,234,2010-05-11 00:00:00,230,230,8,2700,628200,2010-05-11 00:00:00,1
2010-05-12 00:00:00,2010-05-12 00:00:00,230,2010-05-12 00:00:00,225,226.75,2,300,68000,2010-05-12 00:00:00,1
2010-05-13 00:00:00,2010-05-13 00:00:00,231.5,2010-05-13 00:00:00,226.5,227.5,29,14100,3217225,2010-05-13 00:00:00,1
2010-05-14 00:00:00,2010-05-14 00:00:00,228.5,2010-05-14 00:00:00,225,228.5,3,1400,315900,2010-05-14 00:00:00,1
2010-05-17 00:00:00,2010-05-17 00:00:00,229,2010-05-17 00:00:00,225,228.5,11,7300,1666500,2010-05-17 00:00:00,1
2010-05-19 00:00:00,2010-05-19 00:00:00,230,2010-05-19 00:00:00,227.25,228.75,4,500,114425,2010-05-19 00:00:00,1
2010-05-20 00:00:00,2010-05-20 00:00:00,227,2010-05-20 00:00:00,226.5,226.75,3,5000,1133750,2010-05-20 00:00:00,1
2010-05-24 00:00:00,2010-05-24 00:00:00,224.75,2010-05-24 00:00:00,224.75,224.75,2,200,44950,2010-05-24 00:00:00,1
2010-05-26 00:00:00,2010-05-26 00:00:00,220,2010-05-26 00:00:00,207,213.5,3,400,85400,2010-05-26 00:00:00,1
2010-05-31 00:00:00,2010-05-31 00:00:00,213,2010-05-31 00:00:00,207,210.5,3,500,105275,2010-05-31 00:00:00,1
2010-06-01 00:00:00,2010-06-01 00:00:00,215,2010-06-01 00:00:00,215,215,1,100,21500,2010-06-01 00:00:00,1
2010-06-02 00:00:00,2010-06-02 00:00:00,209.75,2010-06-02 00:00:00,205,205.5,3,800,164475,2010-06-02 00:00:00,1
2010-06-03 00:00:00,2010-06-03 00:00:00,208,2010-06-03 00:00:00,205,206.25,3,800,164900,2010-06-03 00:00:00,1
2010-06-04 00:00:00,2010-06-04 00:00:00,204,2010-06-04 00:00:00,202,203,3,300,61000,2010-06-04 00:00:00,1
2010-06-07 00:00:00,2010-06-07 00:00:00,206,2010-06-07 00:00:00,200,202,17,4100,825800,2010-06-07 00:00:00,1
2010-06-08 00:00:00,2010-06-08 00:00:00,205,2010-06-08 00:00:00,200,202.5,4,1000,202500,2010-06-08 00:00:00,1
2010-06-09 00:00:00,2010-06-09 00:00:00,200,2010-06-09 00:00:00,200,200,9,2700,540000,2010-06-09 00:00:00,1
2010-06-14 00:00:00,2010-06-14 00:00:00,205,2010-06-14 00:00:00,183.75,203.75,15,6300,1269100,2010-06-14 00:00:00,1
2010-06-15 00:00:00,2010-06-15 00:00:00,203,2010-06-15 00:00:00,203,203,1,200,40600,2010-06-15 00:00:00,1
2010-06-16 00:00:00,2010-06-16 00:00:00,210,2010-06-16 00:00:00,195,205.75,15,5900,1211025,2010-06-16 00:00:00,1
2010-06-17 00:00:00,2010-06-17 00:00:00,210,2010-06-17 00:00:00,200,200,39,310600,62148375,2010-06-17 00:00:00,1
2010-06-21 00:00:00,2010-06-21 00:00:00,210,2010-06-21 00:00:00,202,209.75,3,1300,271100,2010-06-21 00:00:00,1
2010-06-22 00:00:00,2010-06-22 00:00:00,215,2010-06-22 00:00:00,213,214.75,4,1200,257800,2010-06-22 00:00:00,1
2010-06-24 00:00:00,2010-06-24 00:00:00,219,2010-06-24 00:00:00,202,215.25,13,53100,10741675,2010-06-24 00:00:00,1
2010-06-28 00:00:00,2010-06-28 00:00:00,218,2010-06-28 00:00:00,218,218,2,700,152600,2010-06-28 00:00:00,1
2010-06-29 00:00:00,2010-06-29 00:00:00,218,2010-06-29 00:00:00,209,214.75,10,2900,615900,2010-06-29 00:00:00,1
2010-06-30 00:00:00,2010-06-30 00:00:00,225,2010-06-30 00:00:00,215,220.25,11,4300,944900,2010-06-30 00:00:00,1
2010-07-01 00:00:00,2010-07-01 00:00:00,230,2010-07-01 00:00:00,215,228,14,2300,519200,2010-07-01 00:00:00,1
2010-07-02 00:00:00,2010-07-02 00:00:00,235,2010-07-02 00:00:00,222,228,8,3400,782700,2010-07-02 00:00:00,1
2010-07-05 00:00:00,2010-07-05 00:00:00,235,2010-07-05 00:00:00,229,231.5,15,8100,1875350,2010-07-05 00:00:00,1
2010-07-06 00:00:00,2010-07-06 00:00:00,237,2010-07-06 00:00:00,229,232,9,5800,1344700,2010-07-06 00:00:00,1
2010-07-07 00:00:00,2010-07-07 00:00:00,224,2010-07-07 00:00:00,224,224,1,100,22400,2010-07-07 00:00:00,1
2010-07-08 00:00:00,2010-07-08 00:00:00,235,2010-07-08 00:00:00,225,229.25,12,2000,458400,2010-07-08 00:00:00,1
2010-07-09 00:00:00,2010-07-09 00:00:00,235,2010-07-09 00:00:00,200,205,7,700,154950,2010-07-09 00:00:00,1
2010-07-13 00:00:00,2010-07-13 00:00:00,206,2010-07-13 00:00:00,205.25,205.75,2,200,41125,2010-07-13 00:00:00,1
2010-07-15 00:00:00,2010-07-15 00:00:00,220,2010-07-15 00:00:00,219,219.75,2,300,65900,2010-07-15 00:00:00,1
2010-07-19 00:00:00,2010-07-19 00:00:00,230,2010-07-19 00:00:00,210,221.5,9,900,198500,2010-07-19 00:00:00,1
2010-07-20 00:00:00,2010-07-20 00:00:00,230,2010-07-20 00:00:00,205,225,2,500,112500,2010-07-20 00:00:00,1
2010-07-21 00:00:00,2010-07-21 00:00:00,230,2010-07-21 00:00:00,230,230,3,800,184000,2010-07-21 00:00:00,1
2010-07-22 00:00:00,2010-07-22 00:00:00,235,2010-07-22 00:00:00,210.25,231,16,7300,1681200,2010-07-22 00:00:00,1
2010-07-23 00:00:00,2010-07-23 00:00:00,234,2010-07-23 00:00:00,220,233,6,1200,276275,2010-07-23 00:00:00,1
2010-07-26 00:00:00,2010-07-26 00:00:00,233,2010-07-26 00:00:00,215.25,232,6,700,159075,2010-07-26 00:00:00,1
2010-07-27 00:00:00,2010-07-27 00:00:00,232,2010-07-27 00:00:00,216.25,232,8,1600,369400,2010-07-27 00:00:00,1
2010-07-28 00:00:00,2010-07-28 00:00:00,235,2010-07-28 00:00:00,229,233,15,9900,2291850,2010-07-28 00:00:00,1
2010-07-29 00:00:00,2010-07-29 00:00:00,235,2010-07-29 00:00:00,225.5,225.5,12,2900,667575,2010-07-29 00:00:00,1
2010-07-30 00:00:00,2010-07-30 00:00:00,230,2010-07-30 00:00:00,230,230,1,1000,230000,2010-07-30 00:00:00,1
2010-08-02 00:00:00,2010-08-02 00:00:00,229.9,2010-08-02 00:00:00,220.5,228,4,800,181100,2010-08-02 00:00:00,1
2010-08-05 00:00:00,2010-08-05 00:00:00,230,2010-08-05 00:00:00,220,227.3,13,4700,1066490,2010-08-05 00:00:00,1
2010-08-06 00:00:00,2010-08-06 00:00:00,235,2010-08-06 00:00:00,218,234.8,28,12300,2861400,2010-08-06 00:00:00,1
2010-08-10 00:00:00,2010-08-10 00:00:00,245,2010-08-10 00:00:00,212,243.3,33,14800,3444390,2010-08-10 00:00:00,1
2010-08-11 00:00:00,2010-08-11 00:00:00,240,2010-08-11 00:00:00,226.5,236.4,23,5200,1234740,2010-08-11 00:00:00,1
2010-08-12 00:00:00,2010-08-12 00:00:00,230.2,2010-08-12 00:00:00,227.1,230,7,800,183740,2010-08-12 00:00:00,1
2010-08-13 00:00:00,2010-08-13 00:00:00,228.3,2010-08-13 00:00:00,215.1,224,8,800,177080,2010-08-13 00:00:00,1
2010-08-16 00:00:00,2010-08-16 00:00:00,245,2010-08-16 00:00:00,221.1,230.4,9,1200,276520,2010-08-16 00:00:00,1
2010-08-17 00:00:00,2010-08-17 00:00:00,253.4,2010-08-17 00:00:00,244.9,253.4,34,9300,2346870,2010-08-17 00:00:00,1
2010-08-18 00:00:00,2010-08-18 00:00:00,278.7,2010-08-18 00:00:00,278.7,278.7,203,110300,30740610,2010-08-18 00:00:00,1
2010-08-19 00:00:00,2010-08-19 00:00:00,306.5,2010-08-19 00:00:00,288.2,306.5,251,230700,69929850,2010-08-19 00:00:00,1
2010-08-20 00:00:00,2010-08-20 00:00:00,330,2010-08-20 00:00:00,305,310.1,152,54000,16938020,2010-08-20 00:00:00,1
2010-08-23 00:00:00,2010-08-23 00:00:00,318,2010-08-23 00:00:00,300,313.2,35,12800,3990850,2010-08-23 00:00:00,1
2010-08-25 00:00:00,2010-08-25 00:00:00,310,2010-08-25 00:00:00,300,308.2,27,7200,2218020,2010-08-25 00:00:00,1
2010-08-26 00:00:00,2010-08-26 00:00:00,309,2010-08-26 00:00:00,300,302,29,6600,1995310,2010-08-26 00:00:00,1
2010-08-27 00:00:00,2010-08-27 00:00:00,309,2010-08-27 00:00:00,302,304.2,47,10700,3262050,2010-08-27 00:00:00,1
2010-08-30 00:00:00,2010-08-30 00:00:00,302.9,2010-08-30 00:00:00,300,300,13,3800,1140290,2010-08-30 00:00:00,1
2010-08-31 00:00:00,2010-08-31 00:00:00,301.9,2010-08-31 00:00:00,281.5,300,19,5300,1578310,2010-08-31 00:00:00,1
2010-09-01 00:00:00,2010-09-01 00:00:00,305,2010-09-01 00:00:00,294,301.4,28,7600,2286190,2010-09-01 00:00:00,1
2010-09-02 00:00:00,2010-09-02 00:00:00,305,2010-09-02 00:00:00,300,302.3,19,4900,1485060,2010-09-02 00:00:00,1
2010-09-03 00:00:00,2010-09-03 00:00:00,310,2010-09-03 00:00:00,300,302,51,45100,13683240,2010-09-03 00:00:00,1
2010-09-06 00:00:00,2010-09-06 00:00:00,310,2010-09-06 00:00:00,300,310,9,1300,398290,2010-09-06 00:00:00,1
2010-09-07 00:00:00,2010-09-07 00:00:00,310,2010-09-07 00:00:00,301.1,309.1,25,13300,4112510,2010-09-07 00:00:00,1
2010-09-08 00:00:00,2010-09-08 00:00:00,318,2010-09-08 00:00:00,305.1,313.2,57,19300,6034030,2010-09-08 00:00:00,1
2010-09-09 00:00:00,2010-09-09 00:00:00,318,2010-09-09 00:00:00,305,306,46,11700,3625660,2010-09-09 00:00:00,1
2010-09-13 00:00:00,2010-09-13 00:00:00,310,2010-09-13 00:00:00,306.5,306.8,17,2400,738810,2010-09-13 00:00:00,1
2010-09-14 00:00:00,2010-09-14 00:00:00,306.5,2010-09-14 00:00:00,300,301,32,6300,1895790,2010-09-14 00:00:00,1
2010-09-15 00:00:00,2010-09-15 00:00:00,307.9,2010-09-15 00:00:00,301,307.5,20,5400,1640810,2010-09-15 00:00:00,1
2010-09-16 00:00:00,2010-09-16 00:00:00,312,2010-09-16 00:00:00,300,305,28,18300,5644930,2010-09-16 00:00:00,1
2010-09-17 00:00:00,2010-09-17 00:00:00,320,2010-09-17 00:00:00,310,317.2,77,20200,6360630,2010-09-17 00:00:00,1
2010-09-20 00:00:00,2010-09-20 00:00:00,322,2010-09-20 00:00:00,301,318.9,73,14400,4570360,2010-09-20 00:00:00,1
2010-09-27 00:00:00,2010-09-27 00:00:00,34,2010-09-27 00:00:00,30.1,33.1,315,410700,13533410,2010-09-27 00:00:00,1
2010-09-28 00:00:00,2010-09-28 00:00:00,41,2010-09-28 00:00:00,33.7,37.7,1177,1676200,63764780,2010-09-28 00:00:00,1
2010-09-29 00:00:00,2010-09-29 00:00:00,39.9,2010-09-29 00:00:00,37,38,488,555400,21593160,2010-09-29 00:00:00,1
2010-09-30 00:00:00,2010-09-30 00:00:00,38.8,2010-09-30 00:00:00,36,37.3,163,156900,5916430,2010-09-30 00:00:00,1
2010-10-01 00:00:00,2010-10-01 00:00:00,38.5,2010-10-01 00:00:00,35.7,36.1,220,191000,7017400,2010-10-01 00:00:00,1
2010-10-04 00:00:00,2010-10-04 00:00:00,38,2010-10-04 00:00:00,34.5,35.4,166,131400,4747590,2010-10-04 00:00:00,1
2010-10-05 00:00:00,2010-10-05 00:00:00,35.5,2010-10-05 00:00:00,34.7,35,109,89200,3132290,2010-10-05 00:00:00,1
2010-10-06 00:00:00,2010-10-06 00:00:00,36,2010-10-06 00:00:00,34,35,116,120300,4204520,2010-10-06 00:00:00,1
2010-10-07 00:00:00,2010-10-07 00:00:00,35.5,2010-10-07 00:00:00,33,33.2,183,144500,4876970,2010-10-07 00:00:00,1
2010-10-08 00:00:00,2010-10-08 00:00:00,35.1,2010-10-08 00:00:00,31.6,32.8,220,366800,12252560,2010-10-08 00:00:00,1
2010-10-11 00:00:00,2010-10-11 00:00:00,35.5,2010-10-11 00:00:00,33.6,33.8,101,73000,2530480,2010-10-11 00:00:00,1
2010-10-12 00:00:00,2010-10-12 00:00:00,33.8,2010-10-12 00:00:00,31.5,32.1,144,154900,4995750,2010-10-12 00:00:00,1
2010-10-13 00:00:00,2010-10-13 00:00:00,34.5,2010-10-13 00:00:00,29.5,32.5,188,315600,10062060,2010-10-13 00:00:00,1
2010-10-14 00:00:00,2010-10-14 00:00:00,34,2010-10-14 00:00:00,28.6,29.3,621,1590000,47602320,2010-10-14 00:00:00,1
2010-10-15 00:00:00,2010-10-15 00:00:00,30.4,2010-10-15 00:00:00,29.5,30,271,501500,15006700,2010-10-15 00:00:00,1
2010-10-18 00:00:00,2010-10-18 00:00:00,31,2010-10-18 00:00:00,28,28.8,159,207500,6047650,2010-10-18 00:00:00,1
2010-10-19 00:00:00,2010-10-19 00:00:00,30,2010-10-19 00:00:00,29,29.1,85,134900,3939590,2010-10-19 00:00:00,1
2010-10-20 00:00:00,2010-10-20 00:00:00,30.5,2010-10-20 00:00:00,29.1,29.6,58,42300,1256870,2010-10-20 00:00:00,1
2010-10-21 00:00:00,2010-10-21 00:00:00,30.2,2010-10-21 00:00:00,29.3,29.7,49,31900,946680,2010-10-21 00:00:00,1
2010-10-25 00:00:00,2010-10-25 00:00:00,30,2010-10-25 00:00:00,28.8,28.9,62,62100,1804530,2010-10-25 00:00:00,1
2010-10-26 00:00:00,2010-10-26 00:00:00,29,2010-10-26 00:00:00,28,28,50,44800,1263600,2010-10-26 00:00:00,1
2010-10-27 00:00:00,2010-10-27 00:00:00,28.4,2010-10-27 00:00:00,27.7,27.9,56,49500,1385580,2010-10-27 00:00:00,1
2010-10-28 00:00:00,2010-10-28 00:00:00,28.5,2010-10-28 00:00:00,27.6,28,22,9000,250630,2010-10-28 00:00:00,1
2010-10-29 00:00:00,2010-10-29 00:00:00,29.2,2010-10-29 00:00:00,28,29,43,54300,1573610,2010-10-29 00:00:00,1
2010-11-01 00:00:00,2010-11-01 00:00:00,29,2010-11-01 00:00:00,28.5,28.9,28,26800,773540,2010-11-01 00:00:00,1
2010-11-02 00:00:00,2010-11-02 00:00:00,29.1,2010-11-02 00:00:00,27.9,28.1,98,79700,2250390,2010-11-02 00:00:00,1
2010-11-03 00:00:00,2010-11-03 00:00:00,28.9,2010-11-03 00:00:00,27.8,28.1,65,63200,1773770,2010-11-03 00:00:00,1
2010-11-04 00:00:00,2010-11-04 00:00:00,28.5,2010-11-04 00:00:00,27.8,28.1,85,107600,3020970,2010-11-04 00:00:00,1
2010-11-08 00:00:00,2010-11-08 00:00:00,28.8,2010-11-08 00:00:00,28.1,28.1,58,91100,2574450,2010-11-08 00:00:00,1
2010-11-09 00:00:00,2010-11-09 00:00:00,28.2,2010-11-09 00:00:00,27.9,28,56,51500,1444420,2010-11-09 00:00:00,1
2010-11-10 00:00:00,2010-11-10 00:00:00,28.2,2010-11-10 00:00:00,27.6,27.8,52,32700,909870,2010-11-10 00:00:00,1
2010-11-11 00:00:00,2010-11-11 00:00:00,27.9,2010-11-11 00:00:00,27.6,27.7,12,9000,249380,2010-11-11 00:00:00,1
2010-11-12 00:00:00,2010-11-12 00:00:00,28,2010-11-12 00:00:00,27.7,28,29,13300,371500,2010-11-12 00:00:00,1
2010-11-15 00:00:00,2010-11-15 00:00:00,27.9,2010-11-15 00:00:00,27.3,27.4,54,19500,537120,2010-11-15 00:00:00,1
2010-11-16 00:00:00,2010-11-16 00:00:00,27.5,2010-11-16 00:00:00,26.2,26.8,70,27900,745100,2010-11-16 00:00:00,1
2010-11-18 00:00:00,2010-11-18 00:00:00,27.6,2010-11-18 00:00:00,26.5,27.3,45,24100,660170,2010-11-18 00:00:00,1
2010-11-22 00:00:00,2010-11-22 00:00:00,27.9,2010-11-22 00:00:00,27,27.1,51,27400,752060,2010-11-22 00:00:00,1
2010-11-23 00:00:00,2010-11-23 00:00:00,27,2010-11-23 00:00:00,26.1,26.2,23,17800,474320,2010-11-23 00:00:00,1
2010-11-24 00:00:00,2010-11-24 00:00:00,27.1,2010-11-24 00:00:00,26.2,26.9,18,15100,402380,2010-11-24 00:00:00,1
2010-11-25 00:00:00,2010-11-25 00:00:00,26.8,2010-11-25 00:00:00,26.1,26.5,34,30200,798180,2010-11-25 00:00:00,1
2010-11-26 00:00:00,2010-11-26 00:00:00,26.5,2010-11-26 00:00:00,26,26.1,25,7600,198870,2010-11-26 00:00:00,1
2010-11-29 00:00:00,2010-11-29 00:00:00,26.4,2010-11-29 00:00:00,25,25.1,55,65300,1671160,2010-11-29 00:00:00,1
2010-11-30 00:00:00,2010-11-30 00:00:00,28.4,2010-11-30 00:00:00,26,27.1,101,153300,4171480,2010-11-30 00:00:00,1
2010-12-01 00:00:00,2010-12-01 00:00:00,27.5,2010-12-01 00:00:00,27,27.1,88,96900,2639920,2010-12-01 00:00:00,1
2010-12-02 00:00:00,2010-12-02 00:00:00,27.9,2010-12-02 00:00:00,26.5,27,56,129200,3508920,2010-12-02 00:00:00,1
2010-12-03 00:00:00,2010-12-03 00:00:00,26.7,2010-12-03 00:00:00,26.1,26.4,29,27700,735750,2010-12-03 00:00:00,1
2010-12-06 00:00:00,2010-12-06 00:00:00,26.6,2010-12-06 00:00:00,26,26.4,29,32600,852300,2010-12-06 00:00:00,1
2010-12-07 00:00:00,2010-12-07 00:00:00,26,2010-12-07 00:00:00,25.7,25.9,14,14500,375820,2010-12-07 00:00:00,1
2010-12-08 00:00:00,2010-12-08 00:00:00,26,2010-12-08 00:00:00,25.9,25.9,9,4300,111410,2010-12-08 00:00:00,1
2010-12-09 00:00:00,2010-12-09 00:00:00,26,2010-12-09 00:00:00,25.7,26,25,23300,604660,2010-12-09 00:00:00,1
2010-12-10 00:00:00,2010-12-10 00:00:00,26,2010-12-10 00:00:00,25.8,25.9,17,9300,240880,2010-12-10 00:00:00,1
2010-12-13 00:00:00,2010-12-13 00:00:00,26,2010-12-13 00:00:00,25,25.1,38,26000,660310,2010-12-13 00:00:00,1
2010-12-14 00:00:00,2010-12-14 00:00:00,26.3,2010-12-14 00:00:00,25,25.2,45,44800,1131140,2010-12-14 00:00:00,1
2010-12-15 00:00:00,2010-12-15 00:00:00,25.1,2010-12-15 00:00:00,24.9,25,25,75500,1887150,2010-12-15 00:00:00,1
2010-12-16 00:00:00,2010-12-16 00:00:00,25.5,2010-12-16 00:00:00,25,25.1,36,16700,418640,2010-12-16 00:00:00,1
2010-12-17 00:00:00,2010-12-17 00:00:00,25.5,2010-12-17 00:00:00,24.8,25,39,46700,1163120,2010-12-17 00:00:00,1
2010-12-21 00:00:00,2010-12-21 00:00:00,25.3,2010-12-21 00:00:00,24.8,25,13,7600,189390,2010-12-21 00:00:00,1
2010-12-22 00:00:00,2010-12-22 00:00:00,25.3,2010-12-22 00:00:00,24.7,25,86,77600,1932560,2010-12-22 00:00:00,1
2010-12-23 00:00:00,2010-12-23 00:00:00,26,2010-12-23 00:00:00,25,25.9,41,33800,865130,2010-12-23 00:00:00,1
2010-12-24 00:00:00,2010-12-24 00:00:00,27.9,2010-12-24 00:00:00,25.5,27.1,159,137000,3699650,2010-12-24 00:00:00,1
2010-12-27 00:00:00,2010-12-27 00:00:00,29.5,2010-12-27 00:00:00,27.9,28.1,260,295900,8412360,2010-12-27 00:00:00,1
2010-12-28 00:00:00,2010-12-28 00:00:00,28.5,2010-12-28 00:00:00,27.9,27.9,62,35500,1001120,2010-12-28 00:00:00,1
2010-12-29 00:00:00,2010-12-29 00:00:00,28.9,2010-12-29 00:00:00,27,28.5,152,118500,3351700,2010-12-29 00:00:00,1
2010-12-30 00:00:00,2010-12-30 00:00:00,28.4,2010-12-30 00:00:00,26.2,28,108,100000,2770750,2010-12-30 00:00:00,1
2010-12-31 00:00:00,2010-12-31 00:00:00,28.1,2010-12-31 00:00:00,27.8,27.9,49,71800,2005540,2010-12-31 00:00:00,1
Company Id,:  YORK,Security,Type :  N,Sub Type,:  0000,,,,,
Short Name,:  YORK ARCADE,,,,,,,,,
Day,Date High,High,Date Low,Low,Closing,No. of Trades,No. of Shares,Turnover,Last Traded,Days Traded
2010-01-04 00:00:00,2010-01-04 00:00:00,12.25,2010-01-04 00:00:00,12.25,12.25,1,100,1225,2010-01-04 00:00:00,1
2010-01-05 00:00:00,2010-01-05 00:00:00,12.25,2010-01-05 00:00:00,12,12,3,1600,19475,2010-01-05 00:00:00,1
2010-01-06 00:00:00,2010-01-06 00:00:00,13.25,2010-01-06 00:00:00,12,12.75,131,163300,2077700,2010-01-06 00:00:00,1
2010-01-07 00:00:00,2010-01-07 00:00:00,13,2010-01-07 00:00:00,12,12.75,20,14100,177575,2010-01-07 00:00:00,1
2010-01-08 00:00:00,2010-01-08 00:00:00,13.25,2010-01-08 00:00:00,12.5,13,49,30200,391250,2010-01-08 00:00:00,1
2010-01-11 00:00:00,2010-01-11 00:00:00,14,2010-01-11 00:00:00,13.25,13.5,171,341100,4701100,2010-01-11 00:00:00,1
2010-01-12 00:00:00,2010-01-12 00:00:00,14,2010-01-12 00:00:00,13,13,13,5100,69625,2010-01-12 00:00:00,1
2010-01-13 00:00:00,2010-01-13 00:00:00,13.5,2010-01-13 00:00:00,12.5,12.75,19,25400,333950,2010-01-13 00:00:00,1
2010-01-15 00:00:00,2010-01-15 00:00:00,12.5,2010-01-15 00:00:00,12,12.25,42,61400,751800,2010-01-15 00:00:00,1
2010-01-18 00:00:00,2010-01-18 00:00:00,12,2010-01-18 00:00:00,12,12,4,4000,48000,2010-01-18 00:00:00,1
2010-01-19 00:00:00,2010-01-19 00:00:00,12,2010-01-19 00:00:00,11.75,12,8,42500,508150,2010-01-19 00:00:00,1
2010-01-20 00:00:00,2010-01-20 00:00:00,12.5,2010-01-20 00:00:00,12,12.25,7,14500,176625,2010-01-20 00:00:00,1
2010-01-21 00:00:00,2010-01-21 00:00:00,12.75,2010-01-21 00:00:00,12.5,12.5,12,17600,220425,2010-01-21 00:00:00,1
2010-01-22 00:00:00,2010-01-22 00:00:00,12.5,2010-01-22 00:00:00,12,12.25,14,27100,333950,2010-01-22 00:00:00,1
2010-01-25 00:00:00,2010-01-25 00:00:00,12.75,2010-01-25 00:00:00,12.75,12.75,7,21400,272850,2010-01-25 00:00:00,1
2010-01-28 00:00:00,2010-01-28 00:00:00,12.75,2010-01-28 00:00:00,11.75,12.5,11,19800,246550,2010-01-28 00:00:00,1
2010-02-01 00:00:00,2010-02-01 00:00:00,13,2010-02-01 00:00:00,12.5,12.5,10,14200,183600,2010-02-01 00:00:00,1
2010-02-02 00:00:00,2010-02-02 00:00:00,13.25,2010-02-02 00:00:00,12.5,13,19,8500,109875,2010-02-02 00:00:00,1
2010-02-03 00:00:00,2010-02-03 00:00:00,13,2010-02-03 00:00:00,12.75,12.75,3,1700,21800,2010-02-03 00:00:00,1
2010-02-05 00:00:00,2010-02-05 00:00:00,14.25,2010-02-05 00:00:00,13,14,210,454600,6292175,2010-02-05 00:00:00,1
2010-02-08 00:00:00,2010-02-08 00:00:00,14.75,2010-02-08 00:00:00,13,14.5,69,130100,1858150,2010-02-08 00:00:00,1
2010-02-09 00:00:00,2010-02-09 00:00:00,14.25,2010-02-09 00:00:00,13.5,13.75,27,41400,572925,2010-02-09 00:00:00,1
2010-02-10 00:00:00,2010-02-10 00:00:00,13.25,2010-02-10 00:00:00,13.25,13.25,5,4400,58300,2010-02-10 00:00:00,1
2010-02-11 00:00:00,2010-02-11 00:00:00,13.75,2010-02-11 00:00:00,13,13,7,7000,91650,2010-02-11 00:00:00,1
2010-02-12 00:00:00,2010-02-12 00:00:00,14,2010-02-12 00:00:00,13,13,18,24300,318225,2010-02-12 00:00:00,1
2010-02-15 00:00:00,2010-02-15 00:00:00,14,2010-02-15 00:00:00,13.25,13.5,29,22200,299675,2010-02-15 00:00:00,1
2010-02-16 00:00:00,2010-02-16 00:00:00,14.75,2010-02-16 00:00:00,13.25,13.5,114,231100,3304350,2010-02-16 00:00:00,1
2010-02-17 00:00:00,2010-02-17 00:00:00,14,2010-02-17 00:00:00,13.5,13.5,9,11800,159700,2010-02-17 00:00:00,1
2010-02-18 00:00:00,2010-02-18 00:00:00,15.75,2010-02-18 00:00:00,13.75,14.75,356,952100,14299200,2010-02-18 00:00:00,1
2010-02-19 00:00:00,2010-02-19 00:00:00,16.25,2010-02-19 00:00:00,14.75,15,145,417500,6556075,2010-02-19 00:00:00,1
2010-02-22 00:00:00,2010-02-22 00:00:00,15,2010-02-22 00:00:00,14,14,34,40500,573700,2010-02-22 00:00:00,1
2010-02-23 00:00:00,2010-02-23 00:00:00,14.5,2010-02-23 00:00:00,14,14,17,34200,479775,2010-02-23 00:00:00,1
2010-02-24 00:00:00,2010-02-24 00:00:00,14,2010-02-24 00:00:00,13.75,13.75,18,19800,275225,2010-02-24 00:00:00,1
2010-02-25 00:00:00,2010-02-25 00:00:00,13.75,2010-02-25 00:00:00,13.5,13.75,4,5600,75625,2010-02-25 00:00:00,1
2010-02-26 00:00:00,2010-02-26 00:00:00,14.5,2010-02-26 00:00:00,13.5,14,2,200,2800,2010-02-26 00:00:00,1
2010-03-01 00:00:00,2010-03-01 00:00:00,14.25,2010-03-01 00:00:00,13.5,13.75,15,24200,331600,2010-03-01 00:00:00,1
2010-03-02 00:00:00,2010-03-02 00:00:00,13.75,2010-03-02 00:00:00,13,13.5,39,50400,660300,2010-03-02 00:00:00,1
2010-03-03 00:00:00,2010-03-03 00:00:00,13.5,2010-03-03 00:00:00,13,13.5,7,9700,128875,2010-03-03 00:00:00,1
2010-03-04 00:00:00,2010-03-04 00:00:00,13.5,2010-03-04 00:00:00,13,13.25,4,8100,106625,2010-03-04 00:00:00,1
2010-03-05 00:00:00,2010-03-05 00:00:00,13.25,2010-03-05 00:00:00,13,13,7,8400,110050,2010-03-05 00:00:00,1
2010-03-08 00:00:00,2010-03-08 00:00:00,14,2010-03-08 00:00:00,13,13.25,11,8500,112700,2010-03-08 00:00:00,1
2010-03-09 00:00:00,2010-03-09 00:00:00,13.25,2010-03-09 00:00:00,13,13,5,4000,52250,2010-03-09 00:00:00,1
2010-03-10 00:00:00,2010-03-10 00:00:00,13.5,2010-03-10 00:00:00,13.25,13.25,13,21600,290125,2010-03-10 00:00:00,1
2010-03-11 00:00:00,2010-03-11 00:00:00,14,2010-03-11 00:00:00,13.25,13.25,28,36200,487375,2010-03-11 00:00:00,1
2010-03-12 00:00:00,2010-03-12 00:00:00,14.25,2010-03-12 00:00:00,13.25,13.5,135,273400,3807275,2010-03-12 00:00:00,1
2010-03-15 00:00:00,2010-03-15 00:00:00,13.75,2010-03-15 00:00:00,13.25,13.25,18,28700,383450,2010-03-15 00:00:00,1
2010-03-16 00:00:00,2010-03-16 00:00:00,13.75,2010-03-16 00:00:00,13.25,13.25,7,12100,162075,2010-03-16 00:00:00,1
2010-03-17 00:00:00,2010-03-17 00:00:00,13.5,2010-03-17 00:00:00,13,13,16,15400,200900,2010-03-17 00:00:00,1
2010-03-18 00:00:00,2010-03-18 00:00:00,13,2010-03-18 00:00:00,13,13,3,2700,35100,2010-03-18 00:00:00,1
2010-03-19 00:00:00,2010-03-19 00:00:00,13.5,2010-03-19 00:00:00,13,13,13,17100,224850,2010-03-19 00:00:00,1
2010-03-22 00:00:00,2010-03-22 00:00:00,13,2010-03-22 00:00:00,12.5,13,19,56700,712875,2010-03-22 00:00:00,1
2010-03-23 00:00:00,2010-03-23 00:00:00,13,2010-03-23 00:00:00,12.5,12.5,18,24600,309400,2010-03-23 00:00:00,1
2010-03-24 00:00:00,2010-03-24 00:00:00,12.5,2010-03-24 00:00:00,12.5,12.5,8,6700,83750,2010-03-24 00:00:00,1
2010-03-25 00:00:00,2010-03-25 00:00:00,12.75,2010-03-25 00:00:00,12.5,12.5,20,19700,248725,2010-03-25 00:00:00,1
2010-03-26 00:00:00,2010-03-26 00:00:00,12.75,2010-03-26 00:00:00,12.5,12.75,10,5100,64650,2010-03-26 00:00:00,1
2010-03-30 00:00:00,2010-03-30 00:00:00,12.75,2010-03-30 00:00:00,12,12.25,33,127300,1552800,2010-03-30 00:00:00,1
2010-03-31 00:00:00,2010-03-31 00:00:00,12.25,2010-03-31 00:00:00,12.25,12.25,4,8000,98000,2010-03-31 00:00:00,1
2010-04-01 00:00:00,2010-04-01 00:00:00,12.75,2010-04-01 00:00:00,12.75,12.75,1,100,1275,2010-04-01 00:00:00,1
2010-04-05 00:00:00,2010-04-05 00:00:00,13.25,2010-04-05 00:00:00,12.75,13,4,2000,26325,2010-04-05 00:00:00,1
2010-04-06 00:00:00,2010-04-06 00:00:00,13.5,2010-04-06 00:00:00,12.5,13.5,48,59400,784100,2010-04-06 00:00:00,1
2010-04-07 00:00:00,2010-04-07 00:00:00,13.25,2010-04-07 00:00:00,13.25,13.25,1,900,11925,2010-04-07 00:00:00,1
2010-04-08 00:00:00,2010-04-08 00:00:00,13.25,2010-04-08 00:00:00,13,13,12,15000,197500,2010-04-08 00:00:00,1
2010-04-12 00:00:00,2010-04-12 00:00:00,13.5,2010-04-12 00:00:00,12.75,13.25,22,48500,634250,2010-04-12 00:00:00,1
2010-04-15 00:00:00,2010-04-15 00:00:00,14.25,2010-04-15 00:00:00,13.25,14,107,195100,2726325,2010-04-15 00:00:00,1
2010-04-16 00:00:00,2010-04-16 00:00:00,14,2010-04-16 00:00:00,13.75,13.75,18,23000,316875,2010-04-16 00:00:00,1
2010-04-19 00:00:00,2010-04-19 00:00:00,13.5,2010-04-19 00:00:00,13.25,13.5,17,22800,303850,2010-04-19 00:00:00,1
2010-04-20 00:00:00,2010-04-20 00:00:00,13.75,2010-04-20 00:00:00,13.25,13.5,6,16700,229125,2010-04-20 00:00:00,1
2010-04-21 00:00:00,2010-04-21 00:00:00,14,2010-04-21 00:00:00,13.25,13.5,19,25000,337175,2010-04-21 00:00:00,1
2010-04-22 00:00:00,2010-04-22 00:00:00,13.5,2010-04-22 00:00:00,13.25,13.5,10,33600,450350,2010-04-22 00:00:00,1
2010-04-23 00:00:00,2010-04-23 00:00:00,13.75,2010-04-23 00:00:00,13.5,13.5,3,7400,100125,2010-04-23 00:00:00,1
2010-04-27 00:00:00,2010-04-27 00:00:00,14.5,2010-04-27 00:00:00,13.25,14,116,225200,3209725,2010-04-27 00:00:00,1
2010-04-29 00:00:00,2010-04-29 00:00:00,14,2010-04-29 00:00:00,13.75,13.75,5,5000,69250,2010-04-29 00:00:00,1
2010-04-30 00:00:00,2010-04-30 00:00:00,14.25,2010-04-30 00:00:00,14,14,26,24000,339075,2010-04-30 00:00:00,1
2010-05-03 00:00:00,2010-05-03 00:00:00,14,2010-05-03 00:00:00,14,14,8,17300,242200,2010-05-03 00:00:00,1
2010-05-04 00:00:00,2010-05-04 00:00:00,14,2010-05-04 00:00:00,13.75,13.75,15,20200,280025,2010-05-04 00:00:00,1
2010-05-05 00:00:00,2010-05-05 00:00:00,13.75,2010-05-05 00:00:00,13.5,13.5,19,29900,406500,2010-05-05 00:00:00,1
2010-05-06 00:00:00,2010-05-06 00:00:00,13.5,2010-05-06 00:00:00,13.25,13.25,3,4000,53025,2010-05-06 00:00:00,1
2010-05-07 00:00:00,2010-05-07 00:00:00,14,2010-05-07 00:00:00,13.5,14,12,10500,146700,2010-05-07 00:00:00,1
2010-05-10 00:00:00,2010-05-10 00:00:00,14,2010-05-10 00:00:00,14,14,4,5500,77000,2010-05-10 00:00:00,1
2010-05-11 00:00:00,2010-05-11 00:00:00,14.5,2010-05-11 00:00:00,13.5,13.5,33,52200,717300,2010-05-11 00:00:00,1
2010-05-12 00:00:00,2010-05-12 00:00:00,14,2010-05-12 00:00:00,13.5,13.5,14,22000,297050,2010-05-12 00:00:00,1
2010-05-13 00:00:00,2010-05-13 00:00:00,14,2010-05-13 00:00:00,13.75,14,10,16200,225375,2010-05-13 00:00:00,1
2010-05-14 00:00:00,2010-05-14 00:00:00,14,2010-05-14 00:00:00,13.25,13.5,19,24600,331100,2010-05-14 00:00:00,1
2010-05-17 00:00:00,2010-05-17 00:00:00,13.5,2010-05-17 00:00:00,13.25,13.25,4,6400,86050,2010-05-17 00:00:00,1
2010-05-18 00:00:00,2010-05-18 00:00:00,13.5,2010-05-18 00:00:00,13.5,13.5,2,1000,13500,2010-05-18 00:00:00,1
2010-05-19 00:00:00,2010-05-19 00:00:00,13.5,2010-05-19 00:00:00,13.5,13.5,3,5000,67500,2010-05-19 00:00:00,1
2010-05-20 00:00:00,2010-05-20 00:00:00,13.5,2010-05-20 00:00:00,13.25,13.25,11,12700,168925,2010-05-20 00:00:00,1
2010-05-21 00:00:00,2010-05-21 00:00:00,13.5,2010-05-21 00:00:00,13.25,13.25,6,9600,128350,2010-05-21 00:00:00,1
2010-05-24 00:00:00,2010-05-24 00:00:00,14.75,2010-05-24 00:00:00,14,14.5,244,1119500,15840500,2010-05-24 00:00:00,1
2010-05-25 00:00:00,2010-05-25 00:00:00,14.75,2010-05-25 00:00:00,14.5,14.5,34,74500,1080275,2010-05-25 00:00:00,1
2010-05-26 00:00:00,2010-05-26 00:00:00,14.75,2010-05-26 00:00:00,14.25,14.75,57,81500,1194875,2010-05-26 00:00:00,1
2010-05-31 00:00:00,2010-05-31 00:00:00,15.5,2010-05-31 00:00:00,14.75,15.25,109,207800,3171150,2010-05-31 00:00:00,1
2010-06-01 00:00:00,2010-06-01 00:00:00,16.5,2010-06-01 00:00:00,15.25,16,170,242700,3859600,2010-06-01 00:00:00,1
2010-06-02 00:00:00,2010-06-02 00:00:00,16.25,2010-06-02 00:00:00,15.5,15.5,54,100100,1601800,2010-06-02 00:00:00,1
2010-06-03 00:00:00,2010-06-03 00:00:00,15.75,2010-06-03 00:00:00,15.5,15.5,14,33100,517700,2010-06-03 00:00:00,1
2010-06-04 00:00:00,2010-06-04 00:00:00,15.75,2010-06-04 00:00:00,15,15.75,18,40600,635400,2010-06-04 00:00:00,1
2010-06-07 00:00:00,2010-06-07 00:00:00,16.75,2010-06-07 00:00:00,15.5,16.5,120,249000,4081975,2010-06-07 00:00:00,1
2010-06-08 00:00:00,2010-06-08 00:00:00,17,2010-06-08 00:00:00,16,16.5,75,130700,2155650,2010-06-08 00:00:00,1
2010-06-09 00:00:00,2010-06-09 00:00:00,18.25,2010-06-09 00:00:00,16.75,17.25,295,731600,12922775,2010-06-09 00:00:00,1
2010-06-10 00:00:00,2010-06-10 00:00:00,18.75,2010-06-10 00:00:00,17.5,18.25,474,1548400,28016075,2010-06-10 00:00:00,1
2010-06-11 00:00:00,2010-06-11 00:00:00,18.75,2010-06-11 00:00:00,17.75,18.25,101,255200,4662925,2010-06-11 00:00:00,1
2010-06-14 00:00:00,2010-06-14 00:00:00,18.75,2010-06-14 00:00:00,18,18.25,75,153900,2857925,2010-06-14 00:00:00,1
2010-06-15 00:00:00,2010-06-15 00:00:00,28,2010-06-15 00:00:00,18.5,23.25,1081,2592700,57250425,2010-06-15 00:00:00,1
2010-06-16 00:00:00,2010-06-16 00:00:00,25.5,2010-06-16 00:00:00,21.75,22.25,263,596800,14353925,2010-06-16 00:00:00,1
2010-06-17 00:00:00,2010-06-17 00:00:00,23.75,2010-06-17 00:00:00,21.5,22.75,118,156600,3589275,2010-06-17 00:00:00,1
2010-06-21 00:00:00,2010-06-21 00:00:00,23.75,2010-06-21 00:00:00,22,22.5,87,228700,5251575,2010-06-21 00:00:00,1
2010-06-22 00:00:00,2010-06-22 00:00:00,24,2010-06-22 00:00:00,22,22,49,162100,3664250,2010-06-22 00:00:00,1
2010-06-23 00:00:00,2010-06-23 00:00:00,23,2010-06-23 00:00:00,20.75,21,49,82500,1756975,2010-06-23 00:00:00,1
2010-06-24 00:00:00,2010-06-24 00:00:00,21.25,2010-06-24 00:00:00,20.75,21,24,22800,479300,2010-06-24 00:00:00,1
2010-06-28 00:00:00,2010-06-28 00:00:00,21.75,2010-06-28 00:00:00,20.75,21.25,39,71100,1506375,2010-06-28 00:00:00,1
2010-06-29 00:00:00,2010-06-29 00:00:00,26,2010-06-29 00:00:00,21.75,24.5,393,1042500,25336250,2010-06-29 00:00:00,1
2010-06-30 00:00:00,2010-06-30 00:00:00,25.25,2010-06-30 00:00:00,22.75,23,125,349000,8357975,2010-06-30 00:00:00,1
2010-07-01 00:00:00,2010-07-01 00:00:00,24.75,2010-07-01 00:00:00,23,23.25,46,50500,1185375,2010-07-01 00:00:00,1
2010-07-02 00:00:00,2010-07-02 00:00:00,23,2010-07-02 00:00:00,22.25,23,25,51500,1168775,2010-07-02 00:00:00,1
2010-07-05 00:00:00,2010-07-05 00:00:00,24,2010-07-05 00:00:00,22.25,22.25,15,7700,177800,2010-07-05 00:00:00,1
2010-07-06 00:00:00,2010-07-06 00:00:00,23,2010-07-06 00:00:00,21,22.5,99,224000,4915975,2010-07-06 00:00:00,1
2010-07-07 00:00:00,2010-07-07 00:00:00,23.75,2010-07-07 00:00:00,21,22,121,291500,6334950,2010-07-07 00:00:00,1
2010-07-08 00:00:00,2010-07-08 00:00:00,22.5,2010-07-08 00:00:00,21.75,22.25,44,100700,2247550,2010-07-08 00:00:00,1
2010-07-09 00:00:00,2010-07-09 00:00:00,22.5,2010-07-09 00:00:00,21.5,22,12,14900,328250,2010-07-09 00:00:00,1
2010-07-12 00:00:00,2010-07-12 00:00:00,21.75,2010-07-12 00:00:00,21,21.25,11,26700,566975,2010-07-12 00:00:00,1
2010-07-13 00:00:00,2010-07-13 00:00:00,23.25,2010-07-13 00:00:00,20.5,22.75,136,423100,9498825,2010-07-13 00:00:00,1
2010-07-14 00:00:00,2010-07-14 00:00:00,23,2010-07-14 00:00:00,22,22.25,23,56100,1244625,2010-07-14 00:00:00,1
2010-07-15 00:00:00,2010-07-15 00:00:00,22.75,2010-07-15 00:00:00,22,22,27,44300,990975,2010-07-15 00:00:00,1
2010-07-16 00:00:00,2010-07-16 00:00:00,22.75,2010-07-16 00:00:00,22,22,21,46800,1042725,2010-07-16 00:00:00,1
2010-07-19 00:00:00,2010-07-19 00:00:00,23,2010-07-19 00:00:00,21.5,22.75,64,189100,4283025,2010-07-19 00:00:00,1
2010-07-20 00:00:00,2010-07-20 00:00:00,25.75,2010-07-20 00:00:00,23,24.25,341,868400,21399700,2010-07-20 00:00:00,1
2010-07-21 00:00:00,2010-07-21 00:00:00,24.5,2010-07-21 00:00:00,23.5,24,47,132900,3179625,2010-07-21 00:00:00,1
2010-07-22 00:00:00,2010-07-22 00:00:00,24,2010-07-22 00:00:00,23.25,23.5,17,24100,568625,2010-07-22 00:00:00,1
2010-07-23 00:00:00,2010-07-23 00:00:00,24,2010-07-23 00:00:00,23,23.25,57,134000,3172125,2010-07-23 00:00:00,1
2010-07-26 00:00:00,2010-07-26 00:00:00,24,2010-07-26 00:00:00,23.25,23.5,20,25700,606750,2010-07-26 00:00:00,1
2010-07-27 00:00:00,2010-07-27 00:00:00,24.25,2010-07-27 00:00:00,23.5,24,59,97900,2343350,2010-07-27 00:00:00,1
2010-07-28 00:00:00,2010-07-28 00:00:00,24,2010-07-28 00:00:00,23.75,23.75,14,9000,215050,2010-07-28 00:00:00,1
2010-07-29 00:00:00,2010-07-29 00:00:00,23.75,2010-07-29 00:00:00,23,23,14,60200,1393225,2010-07-29 00:00:00,1
2010-07-30 00:00:00,2010-07-30 00:00:00,23.5,2010-07-30 00:00:00,23,23,26,41500,964050,2010-07-30 00:00:00,1
2010-08-02 00:00:00,2010-08-02 00:00:00,24.4,2010-08-02 00:00:00,22.5,23.7,30,61300,1423870,2010-08-02 00:00:00,1
2010-08-03 00:00:00,2010-08-03 00:00:00,23.5,2010-08-03 00:00:00,22.5,22.8,25,71100,1606140,2010-08-03 00:00:00,1
2010-08-04 00:00:00,2010-08-04 00:00:00,24,2010-08-04 00:00:00,22.6,24,20,57400,1359980,2010-08-04 00:00:00,1
2010-08-05 00:00:00,2010-08-05 00:00:00,25.3,2010-08-05 00:00:00,21.7,22.8,21,35000,764900,2010-08-05 00:00:00,1
2010-08-06 00:00:00,2010-08-06 00:00:00,23,2010-08-06 00:00:00,22.5,22.6,20,56900,1285760,2010-08-06 00:00:00,1
2010-08-09 00:00:00,2010-08-09 00:00:00,21,2010-08-09 00:00:00,20.4,20.5,22,22900,469510,2010-08-09 00:00:00,1
2010-08-10 00:00:00,2010-08-10 00:00:00,22.5,2010-08-10 00:00:00,21.3,22.5,37,113300,2527330,2010-08-10 00:00:00,1
2010-08-11 00:00:00,2010-08-11 00:00:00,23.4,2010-08-11 00:00:00,21.6,22.1,24,41900,946890,2010-08-11 00:00:00,1
2010-08-12 00:00:00,2010-08-12 00:00:00,22.9,2010-08-12 00:00:00,21.5,22.9,27,29400,666750,2010-08-12 00:00:00,1
2010-08-13 00:00:00,2010-08-13 00:00:00,22.8,2010-08-13 00:00:00,22,22.3,16,9000,198800,2010-08-13 00:00:00,1
2010-08-16 00:00:00,2010-08-16 00:00:00,23,2010-08-16 00:00:00,22.2,22.2,4,8900,199760,2010-08-16 00:00:00,1
2010-08-17 00:00:00,2010-08-17 00:00:00,24,2010-08-17 00:00:00,22,22,14,22000,507260,2010-08-17 00:00:00,1
2010-08-18 00:00:00,2010-08-18 00:00:00,23,2010-08-18 00:00:00,21.9,22.5,24,29600,657050,2010-08-18 00:00:00,1
2010-08-19 00:00:00,2010-08-19 00:00:00,23.2,2010-08-19 00:00:00,22,22.2,49,87700,1986990,2010-08-19 00:00:00,1
2010-08-20 00:00:00,2010-08-20 00:00:00,23,2010-08-20 00:00:00,22,22.8,21,26700,604790,2010-08-20 00:00:00,1
2010-08-23 00:00:00,2010-08-23 00:00:00,24.6,2010-08-23 00:00:00,23,24.2,106,239700,5690180,2010-08-23 00:00:00,1
2010-08-25 00:00:00,2010-08-25 00:00:00,26.6,2010-08-25 00:00:00,24.5,25.5,279,617300,15956010,2010-08-25 00:00:00,1
2010-08-26 00:00:00,2010-08-26 00:00:00,25.5,2010-08-26 00:00:00,23.7,25.4,62,109700,2741600,2010-08-26 00:00:00,1
2010-08-27 00:00:00,2010-08-27 00:00:00,25.4,2010-08-27 00:00:00,24.5,25,25,36900,916830,2010-08-27 00:00:00,1
2010-08-30 00:00:00,2010-08-30 00:00:00,25.5,2010-08-30 00:00:00,24.5,25.1,37,56200,1406520,2010-08-30 00:00:00,1
2010-08-31 00:00:00,2010-08-31 00:00:00,25.1,2010-08-31 00:00:00,24.1,25,15,20000,499140,2010-08-31 00:00:00,1
2010-09-01 00:00:00,2010-09-01 00:00:00,27.2,2010-09-01 00:00:00,24.1,26.3,200,580200,15154400,2010-09-01 00:00:00,1
2010-09-02 00:00:00,2010-09-02 00:00:00,26,2010-09-02 00:00:00,25.4,25.8,62,80100,2066280,2010-09-02 00:00:00,1
2010-09-03 00:00:00,2010-09-03 00:00:00,27,2010-09-03 00:00:00,25.6,25.7,58,137200,3612270,2010-09-03 00:00:00,1
2010-09-06 00:00:00,2010-09-06 00:00:00,26,2010-09-06 00:00:00,25,25.1,83,244500,6185410,2010-09-06 00:00:00,1
2010-09-07 00:00:00,2010-09-07 00:00:00,25.5,2010-09-07 00:00:00,24,25,46,179100,4479870,2010-09-07 00:00:00,1
2010-09-08 00:00:00,2010-09-08 00:00:00,26.2,2010-09-08 00:00:00,25,25.8,122,325400,8273920,2010-09-08 00:00:00,1
2010-09-09 00:00:00,2010-09-09 00:00:00,26.8,2010-09-09 00:00:00,26,26.1,157,357300,9360750,2010-09-09 00:00:00,1
2010-09-13 00:00:00,2010-09-13 00:00:00,27,2010-09-13 00:00:00,25.6,25.6,47,89300,2336220,2010-09-13 00:00:00,1
2010-09-14 00:00:00,2010-09-14 00:00:00,26,2010-09-14 00:00:00,25,25.2,25,24000,605890,2010-09-14 00:00:00,1
2010-09-15 00:00:00,2010-09-15 00:00:00,26,2010-09-15 00:00:00,25,25.3,37,94200,2386020,2010-09-15 00:00:00,1
2010-09-16 00:00:00,2010-09-16 00:00:00,26,2010-09-16 00:00:00,25,25,29,74900,1919430,2010-09-16 00:00:00,1
2010-09-17 00:00:00,2010-09-17 00:00:00,27.2,2010-09-17 00:00:00,25.9,26.6,189,507900,13484650,2010-09-17 00:00:00,1
2010-09-20 00:00:00,2010-09-20 00:00:00,30.1,2010-09-20 00:00:00,26,29.1,565,1863100,53522400,2010-09-20 00:00:00,1
2010-09-21 00:00:00,2010-09-21 00:00:00,30.2,2010-09-21 00:00:00,28.2,29.3,171,371500,10885470,2010-09-21 00:00:00,1
2010-09-23 00:00:00,2010-09-23 00:00:00,30,2010-09-23 00:00:00,27.6,28.1,56,162100,4757890,2010-09-23 00:00:00,1
2010-09-24 00:00:00,2010-09-24 00:00:00,29,2010-09-24 00:00:00,27,28.8,64,129300,3683030,2010-09-24 00:00:00,1
2010-09-27 00:00:00,2010-09-27 00:00:00,28.8,2010-09-27 00:00:00,27.2,28,41,86900,2457780,2010-09-27 00:00:00,1
2010-09-28 00:00:00,2010-09-28 00:00:00,29.9,2010-09-28 00:00:00,28,29.6,181,441100,12960880,2010-09-28 00:00:00,1
2010-09-29 00:00:00,2010-09-29 00:00:00,33.6,2010-09-29 00:00:00,29,31.9,441,1118500,35282490,2010-09-29 00:00:00,1
2010-09-30 00:00:00,2010-09-30 00:00:00,34,2010-09-30 00:00:00,30,31.8,171,273700,8783240,2010-09-30 00:00:00,1
2010-10-01 00:00:00,2010-10-01 00:00:00,32,2010-10-01 00:00:00,29.5,30.1,61,101500,3100360,2010-10-01 00:00:00,1
2010-10-04 00:00:00,2010-10-04 00:00:00,33,2010-10-04 00:00:00,29.6,30.3,51,72200,2261300,2010-10-04 00:00:00,1
2010-10-05 00:00:00,2010-10-05 00:00:00,30,2010-10-05 00:00:00,29,29.5,28,21800,638460,2010-10-05 00:00:00,1
2010-10-06 00:00:00,2010-10-06 00:00:00,30,2010-10-06 00:00:00,28.4,28.5,27,30500,887250,2010-10-06 00:00:00,1
2010-10-07 00:00:00,2010-10-07 00:00:00,29.4,2010-10-07 00:00:00,27.6,28.3,26,30600,877620,2010-10-07 00:00:00,1
2010-10-08 00:00:00,2010-10-08 00:00:00,29.5,2010-10-08 00:00:00,26.1,29.1,32,57700,1654450,2010-10-08 00:00:00,1
2010-10-11 00:00:00,2010-10-11 00:00:00,28.5,2010-10-11 00:00:00,27,27.7,11,5400,151100,2010-10-11 00:00:00,1
2010-10-12 00:00:00,2010-10-12 00:00:00,27.7,2010-10-12 00:00:00,26.5,26.5,23,44400,1193220,2010-10-12 00:00:00,1
2010-10-13 00:00:00,2010-10-13 00:00:00,26.8,2010-10-13 00:00:00,24,26.2,43,43000,1106640,2010-10-13 00:00:00,1
2010-10-14 00:00:00,2010-10-14 00:00:00,26.5,2010-10-14 00:00:00,25,25.5,12,10600,270160,2010-10-14 00:00:00,1
2010-10-15 00:00:00,2010-10-15 00:00:00,27,2010-10-15 00:00:00,24.5,25.8,18,16500,413590,2010-10-15 00:00:00,1
2010-10-18 00:00:00,2010-10-18 00:00:00,27,2010-10-18 00:00:00,26,27,4,2500,66500,2010-10-18 00:00:00,1
2010-10-19 00:00:00,2010-10-19 00:00:00,27,2010-10-19 00:00:00,25.5,26.3,9,7900,206800,2010-10-19 00:00:00,1
2010-10-20 00:00:00,2010-10-20 00:00:00,26.9,2010-10-20 00:00:00,26,26.8,19,22900,614530,2010-10-20 00:00:00,1
2010-10-21 00:00:00,2010-10-21 00:00:00,28.5,2010-10-21 00:00:00,27,27.2,24,44600,1231730,2010-10-21 00:00:00,1
2010-10-25 00:00:00,2010-10-25 00:00:00,27,2010-10-25 00:00:00,25.5,25.7,11,32500,834700,2010-10-25 00:00:00,1
2010-10-26 00:00:00,2010-10-26 00:00:00,26.5,2010-10-26 00:00:00,25,25.5,16,27800,707660,2010-10-26 00:00:00,1
2010-10-27 00:00:00,2010-10-27 00:00:00,26,2010-10-27 00:00:00,24.2,25.4,17,27600,689610,2010-10-27 00:00:00,1
2010-10-28 00:00:00,2010-10-28 00:00:00,25.9,2010-10-28 00:00:00,24.1,24.7,16,19000,489400,2010-10-28 00:00:00,1
2010-10-29 00:00:00,2010-10-29 00:00:00,26.5,2010-10-29 00:00:00,25,25.8,34,64200,1644750,2010-10-29 00:00:00,1
2010-11-01 00:00:00,2010-11-01 00:00:00,25,2010-11-01 00:00:00,25,25,7,5500,137500,2010-11-01 00:00:00,1
2010-11-02 00:00:00,2010-11-02 00:00:00,27,2010-11-02 00:00:00,25,25.1,11,10200,255710,2010-11-02 00:00:00,1
2010-11-03 00:00:00,2010-11-03 00:00:00,26,2010-11-03 00:00:00,25,25.2,11,13300,335500,2010-11-03 00:00:00,1
2010-11-04 00:00:00,2010-11-04 00:00:00,25.6,2010-11-04 00:00:00,24.8,25.1,24,23000,573970,2010-11-04 00:00:00,1
2010-11-08 00:00:00,2010-11-08 00:00:00,25.9,2010-11-08 00:00:00,25,25.6,2,800,20450,2010-11-08 00:00:00,1
2010-11-09 00:00:00,2010-11-09 00:00:00,24.6,2010-11-09 00:00:00,24,24.4,21,42400,1026240,2010-11-09 00:00:00,1
2010-11-10 00:00:00,2010-11-10 00:00:00,24,2010-11-10 00:00:00,24,24,9,2800,67200,2010-11-10 00:00:00,1
2010-11-11 00:00:00,2010-11-11 00:00:00,25.9,2010-11-11 00:00:00,24,24.8,12,5700,140330,2010-11-11 00:00:00,1
2010-11-12 00:00:00,2010-11-12 00:00:00,25.9,2010-11-12 00:00:00,24,24,21,10600,255590,2010-11-12 00:00:00,1
2010-11-15 00:00:00,2010-11-15 00:00:00,24,2010-11-15 00:00:00,23.9,23.9,3,2800,66940,2010-11-15 00:00:00,1
2010-11-16 00:00:00,2010-11-16 00:00:00,24,2010-11-16 00:00:00,23.9,24,5,7200,172790,2010-11-16 00:00:00,1
2010-11-18 00:00:00,2010-11-18 00:00:00,25.9,2010-11-18 00:00:00,24,24,6,7000,175260,2010-11-18 00:00:00,1
2010-11-22 00:00:00,2010-11-22 00:00:00,25.6,2010-11-22 00:00:00,25.4,25.4,3,900,22970,2010-11-22 00:00:00,1
2010-11-23 00:00:00,2010-11-23 00:00:00,24.9,2010-11-23 00:00:00,23.5,23.5,6,10300,242460,2010-11-23 00:00:00,1
2010-11-24 00:00:00,2010-11-24 00:00:00,23.5,2010-11-24 00:00:00,23,23.3,4,5500,128100,2010-11-24 00:00:00,1
2010-11-26 00:00:00,2010-11-26 00:00:00,23.5,2010-11-26 00:00:00,23.5,23.5,1,100,2350,2010-11-26 00:00:00,1
2010-11-29 00:00:00,2010-11-29 00:00:00,22.6,2010-11-29 00:00:00,22.3,22.5,13,5700,128180,2010-11-29 00:00:00,1
2010-11-30 00:00:00,2010-11-30 00:00:00,27.3,2010-11-30 00:00:00,24.1,26,47,52500,1318270,2010-11-30 00:00:00,1
2010-12-01 00:00:00,2010-12-01 00:00:00,27.2,2010-12-01 00:00:00,26.5,26.6,47,42800,1149420,2010-12-01 00:00:00,1
2010-12-02 00:00:00,2010-12-02 00:00:00,26,2010-12-02 00:00:00,25,25.2,23,25900,660840,2010-12-02 00:00:00,1
2010-12-03 00:00:00,2010-12-03 00:00:00,25.5,2010-12-03 00:00:00,25,25.4,7,17100,434320,2010-12-03 00:00:00,1
2010-12-06 00:00:00,2010-12-06 00:00:00,24.5,2010-12-06 00:00:00,24,24.1,17,20000,483740,2010-12-06 00:00:00,1
2010-12-07 00:00:00,2010-12-07 00:00:00,26.5,2010-12-07 00:00:00,24,24.1,31,17300,431670,2010-12-07 00:00:00,1
2010-12-09 00:00:00,2010-12-09 00:00:00,25.8,2010-12-09 00:00:00,25.4,25.7,4,4000,102640,2010-12-09 00:00:00,1
2010-12-10 00:00:00,2010-12-10 00:00:00,24.1,2010-12-10 00:00:00,24.1,24.1,1,100,2410,2010-12-10 00:00:00,1
2010-12-13 00:00:00,2010-12-13 00:00:00,25.9,2010-12-13 00:00:00,25.9,25.9,3,700,18130,2010-12-13 00:00:00,1
2010-12-14 00:00:00,2010-12-14 00:00:00,23.7,2010-12-14 00:00:00,23.6,23.6,2,1400,33090,2010-12-14 00:00:00,1
2010-12-15 00:00:00,2010-12-15 00:00:00,25,2010-12-15 00:00:00,24,24.1,2,900,21700,2010-12-15 00:00:00,1
2010-12-16 00:00:00,2010-12-16 00:00:00,24.9,2010-12-16 00:00:00,24.1,24.1,3,1100,27290,2010-12-16 00:00:00,1
2010-12-17 00:00:00,2010-12-17 00:00:00,24.1,2010-12-17 00:00:00,22.7,22.9,6,20000,458630,2010-12-17 00:00:00,1
2010-12-21 00:00:00,2010-12-21 00:00:00,24.8,2010-12-21 00:00:00,23,24.8,4,800,18610,2010-12-21 00:00:00,1
2010-12-22 00:00:00,2010-12-22 00:00:00,26,2010-12-22 00:00:00,24.9,25.5,24,23000,580870,2010-12-22 00:00:00,1
2010-12-23 00:00:00,2010-12-23 00:00:00,26.2,2010-12-23 00:00:00,25.5,26.1,12,11300,293480,2010-12-23 00:00:00,1
2010-12-27 00:00:00,2010-12-27 00:00:00,26.3,2010-12-27 00:00:00,25.9,26,6,16000,415900,2010-12-27 00:00:00,1
2010-12-28 00:00:00,2010-12-28 00:00:00,26.3,2010-12-28 00:00:00,25,25,5,5900,148570,2010-12-28 00:00:00,1
2010-12-29 00:00:00,2010-12-29 00:00:00,25,2010-12-29 00:00:00,24.5,24.6,6,4800,117900,2010-12-29 00:00:00,1
2010-12-30 00:00:00,2010-12-30 00:00:00,24.8,2010-12-30 00:00:00,23,24.4,40,51200,1231540,2010-12-30 00:00:00,1
2010-12-31 00:00:00,2010-12-31 00:00:00,24.8,2010-12-31 00:00:00,24,24.1,8,17100,412490,2010-12-31 00:00:00,1
_x000c_,,,,,,,,,,
